2017.03.10 04:00:00.358,1.0595,1.05955,1.35,6.56
2017.03.10 04:00:04.367,1.0595,1.05952,1.30,1.00
2017.03.10 04:00:04.570,1.05949,1.05954,2.25,1.87
2017.03.10 04:00:05.079,1.05949,1.05954,3.22,1.87
2017.03.10 04:00:06.170,1.05949,1.05952,2.47,1.00
2017.03.10 04:00:06.677,1.05949,1.05952,1.00,1.00
2017.03.10 04:00:07.226,1.05948,1.05953,5.62,7.87
2017.03.10 04:00:07.742,1.05948,1.05952,5.25,1.00
2017.03.10 04:00:08.261,1.05948,1.05952,4.12,1.00
2017.03.10 04:00:27.438,1.05948,1.05951,2.10,1.00
2017.03.10 04:00:27.591,1.05945,1.05951,5.25,3.37
2017.03.10 04:00:27.642,1.05945,1.05948,4.50,1.50
2017.03.10 04:00:27.794,1.05943,1.05947,4.12,1.50
2017.03.10 04:00:28.351,1.05942,1.05946,2.25,1.00
2017.03.10 04:00:28.933,1.05942,1.05946,2.36,1.50
2017.03.10 04:00:30.142,1.05942,1.05946,1.50,1.50
2017.03.10 04:00:31.463,1.05942,1.05945,1.50,1.00
2017.03.10 04:00:32.010,1.05942,1.05946,1.99,1.00
2017.03.10 04:00:32.737,1.05942,1.05947,1.49,6.00
2017.03.10 04:00:33.886,1.05942,1.05945,1.99,1.00
2017.03.10 04:00:33.988,1.05941,1.05945,2.85,1.00
2017.03.10 04:00:34.673,1.0594,1.05944,7.42,1.00
2017.03.10 04:00:34.724,1.0594,1.05942,3.86,1.00
2017.03.10 04:00:34.826,1.05939,1.05942,1.00,3.37
2017.03.10 04:00:34.928,1.05937,1.05941,1.50,1.37
2017.03.10 04:00:35.435,1.05936,1.05941,1.87,2.25
2017.03.10 04:00:46.390,1.05936,1.05941,1.12,4.12
2017.03.10 04:00:48.533,1.05936,1.0594,1.12,1.37
2017.03.10 04:00:49.149,1.05935,1.0594,7.78,1.87
2017.03.10 04:00:53.223,1.05935,1.0594,5.44,1.87
2017.03.10 04:00:53.757,1.05936,1.05941,3.37,3.19
2017.03.10 04:00:59.656,1.05937,1.05941,1.00,3.19
2017.03.10 04:01:18.882,1.05936,1.05941,6.00,2.81
2017.03.10 04:01:21.409,1.05936,1.05939,1.87,1.00
2017.03.10 04:01:21.865,1.05938,1.0594,1.00,1.12
2017.03.10 04:01:21.916,1.05935,1.05939,4.50,1.00
2017.03.10 04:01:22.157,1.05936,1.05941,1.00,3.56
2017.03.10 04:01:22.714,1.05937,1.05941,1.00,3.56
2017.03.10 04:01:23.584,1.05936,1.0594,1.00,2.25
2017.03.10 04:01:24.090,1.05936,1.05941,1.00,6.19
2017.03.10 04:01:24.618,1.05937,1.05941,1.50,2.44
2017.03.10 04:01:24.771,1.05935,1.05941,4.87,6.56
2017.03.10 04:01:25.024,1.05937,1.05941,1.00,3.19
2017.03.10 04:01:28.378,1.05936,1.0594,3.75,1.00
2017.03.10 04:01:31.959,1.05936,1.05941,9.37,1.31
2017.03.10 04:01:32.289,1.05938,1.05942,1.50,1.12
2017.03.10 04:01:35.457,1.05937,1.05942,1.87,1.12
2017.03.10 04:01:36.948,1.05936,1.05941,6.00,2.25
2017.03.10 04:01:37.356,1.05936,1.05939,1.00,1.00
2017.03.10 04:01:38.168,1.05935,1.05939,3.00,1.00
2017.03.10 04:01:39.216,1.05936,1.0594,1.00,1.00
2017.03.10 04:01:39.741,1.05937,1.0594,1.00,1.00
2017.03.10 04:01:40.942,1.05938,1.05941,1.00,1.12
2017.03.10 04:01:41.196,1.05939,1.05943,1.00,2.62
2017.03.10 04:01:43.180,1.05938,1.05943,7.12,1.87
2017.03.10 04:01:45.623,1.05939,1.05943,1.00,1.87
2017.03.10 04:01:46.178,1.05938,1.05943,7.12,1.87
2017.03.10 04:01:46.422,1.05938,1.05941,1.00,1.87
2017.03.10 04:01:46.677,1.05936,1.05941,5.62,2.62
2017.03.10 04:02:02.780,1.05937,1.05941,1.00,2.62
2017.03.10 04:02:02.984,1.05939,1.05943,1.12,5.62
2017.03.10 04:02:03.085,1.0594,1.05944,1.37,1.87
2017.03.10 04:02:03.588,1.0594,1.05945,2.44,1.69
2017.03.10 04:02:04.143,1.0594,1.05945,2.44,1.25
2017.03.10 04:02:04.650,1.0594,1.05944,2.44,1.00
2017.03.10 04:02:05.154,1.0594,1.05946,3.19,5.06
2017.03.10 04:02:12.052,1.05941,1.05945,3.75,1.62
2017.03.10 04:02:12.103,1.05943,1.05945,1.00,1.00
2017.03.10 04:02:12.205,1.05942,1.05947,2.44,1.50
2017.03.10 04:02:15.925,1.05942,1.05946,2.81,1.00
2017.03.10 04:02:17.833,1.05941,1.05947,7.69,1.00
2017.03.10 04:02:19.122,1.05941,1.05948,5.81,5.44
2017.03.10 04:02:20.329,1.05941,1.05947,7.31,1.00
2017.03.10 04:02:21.594,1.05941,1.05945,4.69,1.50
2017.03.10 04:02:21.899,1.05939,1.05942,1.00,2.62
2017.03.10 04:02:22.417,1.05938,1.05943,1.87,3.94
2017.03.10 04:02:30.411,1.05938,1.05941,1.00,1.00
2017.03.10 04:02:30.767,1.05936,1.0594,2.25,1.00
2017.03.10 04:02:35.856,1.05936,1.05941,4.12,2.62
2017.03.10 04:02:37.878,1.05937,1.05941,1.00,1.12
2017.03.10 04:02:39.211,1.05936,1.05941,2.62,1.12
2017.03.10 04:02:47.157,1.05939,1.05941,1.00,1.00
2017.03.10 04:02:47.410,1.0594,1.05944,1.00,1.50
2017.03.10 04:02:47.917,1.05939,1.05944,3.00,1.12
2017.03.10 04:02:48.336,1.05939,1.05941,1.12,3.00
2017.03.10 04:02:48.510,1.05937,1.05941,1.00,4.12
2017.03.10 04:02:49.186,1.05936,1.0594,2.25,1.00
2017.03.10 04:02:49.769,1.05936,1.05939,1.50,1.00
2017.03.10 04:02:50.318,1.05935,1.0594,1.69,2.25
2017.03.10 04:02:54.419,1.05935,1.05939,1.50,1.50
2017.03.10 04:03:08.832,1.05934,1.05939,3.00,2.25
2017.03.10 04:03:09.338,1.05933,1.05939,4.50,2.62
2017.03.10 04:03:13.281,1.05935,1.05939,1.87,3.00
2017.03.10 04:03:14.479,1.05936,1.05939,1.37,1.00
2017.03.10 04:03:15.074,1.05936,1.0594,2.25,1.12
2017.03.10 04:03:21.586,1.05935,1.0594,3.75,1.00
2017.03.10 04:03:27.645,1.05936,1.0594,1.00,2.44
2017.03.10 04:03:32.439,1.05935,1.05939,4.12,1.00
2017.03.10 04:03:33.798,1.05935,1.05938,1.00,1.50
2017.03.10 04:03:34.318,1.05934,1.05938,1.50,4.12
2017.03.10 04:03:34.842,1.05934,1.05937,1.00,1.00
2017.03.10 04:03:37.027,1.05934,1.05938,1.50,3.37
2017.03.10 04:03:38.870,1.05933,1.05938,3.75,1.00
2017.03.10 04:03:41.952,1.05934,1.05938,1.50,1.50
2017.03.10 04:03:47.550,1.05933,1.05938,3.37,1.50
2017.03.10 04:03:48.564,1.05934,1.05938,1.00,1.00
2017.03.10 04:04:00.064,1.05933,1.05938,3.37,4.87
2017.03.10 04:04:03.287,1.05935,1.05939,1.50,5.62
2017.03.10 04:04:03.811,1.05937,1.0594,3.00,1.25
2017.03.10 04:04:18.797,1.05938,1.0594,1.00,1.25
2017.03.10 04:04:19.353,1.05938,1.05942,1.87,2.62
2017.03.10 04:04:25.127,1.05937,1.05942,4.31,2.62
2017.03.10 04:04:31.202,1.05937,1.05942,4.31,1.50
2017.03.10 04:04:32.907,1.05937,1.05942,6.19,1.87
2017.03.10 04:04:33.477,1.05937,1.05942,4.69,1.50
2017.03.10 04:04:35.330,1.05937,1.05941,1.12,5.62
2017.03.10 04:04:35.863,1.05936,1.05941,2.25,3.75
2017.03.10 04:04:37.489,1.05937,1.05941,1.12,2.62
2017.03.10 04:04:47.781,1.05937,1.05942,1.50,1.12
2017.03.10 04:04:50.732,1.05937,1.0594,1.00,1.00
2017.03.10 04:04:52.693,1.05936,1.05941,2.44,1.00
2017.03.10 04:04:53.766,1.05936,1.05942,1.69,7.35
2017.03.10 04:04:54.094,1.05936,1.0594,1.69,1.00
2017.03.10 04:04:54.751,1.05936,1.05941,4.50,1.00
2017.03.10 04:04:55.257,1.05937,1.05942,1.87,1.25
2017.03.10 04:04:55.885,1.05938,1.05943,1.12,9.00
2017.03.10 04:04:56.430,1.05937,1.05942,1.00,1.87
2017.03.10 04:05:01.474,1.05937,1.05941,1.00,1.00
2017.03.10 04:05:02.982,1.05937,1.05941,1.50,1.50
2017.03.10 04:05:03.493,1.05938,1.05943,1.00,5.25
2017.03.10 04:05:07.363,1.05939,1.05943,1.50,3.75
2017.03.10 04:05:07.668,1.0594,1.05945,3.00,1.00
2017.03.10 04:05:08.407,1.05941,1.05945,1.87,1.00
2017.03.10 04:05:08.958,1.05941,1.05946,1.87,3.56
2017.03.10 04:05:13.335,1.0594,1.05945,3.00,1.50
2017.03.10 04:05:22.430,1.05941,1.05943,1.00,2.25
2017.03.10 04:05:22.583,1.05938,1.05943,1.87,3.00
2017.03.10 04:05:32.835,1.05937,1.05942,1.37,1.50
2017.03.10 04:05:36.290,1.05936,1.05941,4.69,1.00
2017.03.10 04:05:37.840,1.05936,1.05942,4.69,1.00
2017.03.10 04:05:39.927,1.05936,1.05943,3.94,8.62
2017.03.10 04:05:40.394,1.05936,1.05941,3.19,1.00
2017.03.10 04:05:41.847,1.05936,1.05943,3.19,10.12
2017.03.10 04:05:43.179,1.05936,1.05943,6.94,6.00
2017.03.10 04:05:43.687,1.05937,1.05943,3.56,4.87
2017.03.10 04:05:48.070,1.05936,1.05942,4.12,2.62
2017.03.10 04:06:06.991,1.05937,1.05941,1.12,1.00
2017.03.10 04:06:11.101,1.05937,1.05942,2.25,2.62
2017.03.10 04:06:11.648,1.05937,1.05941,2.25,1.00
2017.03.10 04:06:12.299,1.05937,1.05943,3.00,6.75
2017.03.10 04:06:12.999,1.05937,1.05941,2.44,1.00
2017.03.10 04:06:24.514,1.05937,1.05942,2.44,1.87
2017.03.10 04:06:24.717,1.05937,1.0594,1.00,1.00
2017.03.10 04:06:25.227,1.05937,1.05939,1.12,1.00
2017.03.10 04:06:26.789,1.05936,1.05938,1.87,1.00
2017.03.10 04:06:27.195,1.05936,1.0594,2.25,3.75
2017.03.10 04:06:27.770,1.05936,1.05939,1.87,1.00
2017.03.10 04:06:28.290,1.05935,1.05938,1.00,1.00
2017.03.10 04:06:28.873,1.05934,1.05938,2.44,2.25
2017.03.10 04:06:29.380,1.05933,1.05937,3.56,1.50
2017.03.10 04:06:30.064,1.05933,1.05937,2.62,1.00
2017.03.10 04:06:30.115,1.05933,1.05935,1.00,1.00
2017.03.10 04:06:30.318,1.05931,1.05934,3.00,1.00
2017.03.10 04:06:32.908,1.05931,1.05935,1.87,2.25
2017.03.10 04:06:34.256,1.05931,1.05934,1.87,1.00
2017.03.10 04:06:37.194,1.05931,1.05935,1.87,3.75
2017.03.10 04:06:37.757,1.05931,1.05934,2.25,2.25
2017.03.10 04:06:38.063,1.05932,1.05936,1.12,1.69
2017.03.10 04:06:38.928,1.05931,1.05935,6.37,1.00
2017.03.10 04:06:39.030,1.05931,1.05934,3.37,1.00
2017.03.10 04:06:49.015,1.05932,1.05934,1.00,1.00
2017.03.10 04:06:49.066,1.05932,1.05936,1.00,2.44
2017.03.10 04:06:52.731,1.05932,1.05935,1.00,1.00
2017.03.10 04:06:55.610,1.05932,1.05936,1.00,3.94
2017.03.10 04:06:59.457,1.05932,1.05935,1.12,1.00
2017.03.10 04:07:00.328,1.05932,1.05936,1.12,2.44
2017.03.10 04:07:11.489,1.05932,1.05935,1.12,1.00
2017.03.10 04:07:13.173,1.05932,1.05936,1.12,3.00
2017.03.10 04:07:15.155,1.05932,1.05935,1.12,1.00
2017.03.10 04:07:18.018,1.05932,1.05936,1.12,1.50
2017.03.10 04:08:41.664,1.05931,1.05936,3.75,1.25
2017.03.10 04:08:46.497,1.05933,1.05937,1.37,1.00
2017.03.10 04:08:47.003,1.05934,1.05938,1.87,2.25
2017.03.10 04:08:47.616,1.05934,1.05939,2.62,2.25
2017.03.10 04:08:53.621,1.05935,1.05939,1.00,2.25
2017.03.10 04:08:53.828,1.05936,1.05941,1.00,2.25
2017.03.10 04:08:57.313,1.05938,1.05941,1.35,2.25
2017.03.10 04:08:57.567,1.0594,1.05945,3.41,3.37
2017.03.10 04:08:58.106,1.05941,1.05945,1.12,2.25
2017.03.10 04:09:01.939,1.05942,1.05946,1.37,1.00
2017.03.10 04:09:02.718,1.05942,1.05947,1.37,4.87
2017.03.10 04:09:03.698,1.05942,1.05946,1.37,1.50
2017.03.10 04:09:04.258,1.05942,1.05947,1.37,4.87
2017.03.10 04:09:05.916,1.05942,1.05946,1.37,1.00
2017.03.10 04:09:17.246,1.05942,1.05947,1.37,4.12
2017.03.10 04:09:18.212,1.05942,1.05945,1.37,1.00
2017.03.10 04:09:18.762,1.05942,1.05946,1.37,1.00
2017.03.10 04:09:22.044,1.05942,1.05946,1.00,1.61
2017.03.10 04:09:22.602,1.05942,1.05946,1.37,1.61
2017.03.10 04:09:23.109,1.05942,1.05946,1.00,2.36
2017.03.10 04:09:24.024,1.05942,1.05945,1.12,1.00
2017.03.10 04:09:24.402,1.05937,1.05941,1.00,1.87
2017.03.10 04:09:24.707,1.05935,1.05939,5.29,1.00
2017.03.10 04:09:25.243,1.05935,1.0594,3.00,1.87
2017.03.10 04:09:25.547,1.05937,1.0594,1.00,1.00
2017.03.10 04:09:26.085,1.05937,1.05941,1.37,1.25
2017.03.10 04:09:26.742,1.05937,1.05942,1.37,4.50
2017.03.10 04:09:32.118,1.05937,1.05942,2.62,2.81
2017.03.10 04:09:32.624,1.05937,1.05941,1.12,4.50
2017.03.10 04:09:33.168,1.05937,1.0594,1.12,1.00
2017.03.10 04:09:35.516,1.05937,1.05941,1.12,2.44
2017.03.10 04:09:40.009,1.05937,1.05942,1.00,3.00
2017.03.10 04:10:00.588,1.05937,1.05941,1.87,1.00
2017.03.10 04:10:09.839,1.05937,1.05942,1.12,2.25
2017.03.10 04:10:12.926,1.05937,1.05941,1.12,1.00
2017.03.10 04:10:18.753,1.05937,1.05942,1.12,3.00
2017.03.10 04:10:20.807,1.05937,1.05941,1.12,1.50
2017.03.10 04:10:21.515,1.05938,1.05941,1.12,1.00
2017.03.10 04:10:26.671,1.05938,1.05942,1.87,2.62
2017.03.10 04:10:27.697,1.05938,1.05941,1.87,1.00
2017.03.10 04:10:29.285,1.05938,1.05942,1.87,1.87
2017.03.10 04:10:30.629,1.05938,1.05941,1.87,1.00
2017.03.10 04:10:31.958,1.05938,1.05942,1.12,1.87
2017.03.10 04:10:44.055,1.0594,1.05943,1.50,3.00
2017.03.10 04:10:44.157,1.05939,1.05944,9.37,1.00
2017.03.10 04:10:44.309,1.05941,1.05946,5.25,5.62
2017.03.10 04:10:44.870,1.05942,1.05946,2.25,1.00
2017.03.10 04:10:45.400,1.05942,1.05946,2.25,1.00
2017.03.10 04:10:47.078,1.05942,1.05947,2.25,4.50
2017.03.10 04:10:47.598,1.05942,1.05946,2.25,1.50
2017.03.10 04:10:48.144,1.05942,1.05946,1.50,2.25
2017.03.10 04:10:54.040,1.05942,1.05947,3.37,2.25
2017.03.10 04:11:04.869,1.05943,1.05947,1.00,2.25
2017.03.10 04:11:21.447,1.05943,1.05946,1.00,1.50
2017.03.10 04:11:25.005,1.05943,1.05947,1.00,1.87
2017.03.10 04:11:40.370,1.05944,1.05947,1.00,1.12
2017.03.10 04:11:40.878,1.05944,1.05948,1.12,2.25
2017.03.10 04:11:41.168,1.05947,1.05948,1.00,1.00
2017.03.10 04:11:41.421,1.05945,1.05949,3.04,1.50
2017.03.10 04:11:42.006,1.05946,1.05949,1.12,1.50
2017.03.10 04:11:42.528,1.05945,1.0595,1.69,2.06
2017.03.10 04:11:43.048,1.05945,1.0595,2.29,3.37
2017.03.10 04:11:43.980,1.05946,1.05949,1.12,1.00
2017.03.10 04:11:44.502,1.05945,1.0595,1.87,7.12
2017.03.10 04:11:49.434,1.05945,1.05949,1.87,1.50
2017.03.10 04:11:50.963,1.05945,1.0595,1.87,4.12
2017.03.10 04:12:16.101,1.05945,1.0595,1.87,1.87
2017.03.10 04:12:16.608,1.05947,1.05951,1.12,4.12
2017.03.10 04:12:17.559,1.05948,1.05951,1.00,1.50
2017.03.10 04:12:27.647,1.05947,1.05951,1.50,1.50
2017.03.10 04:12:28.205,1.05948,1.05951,1.00,1.50
2017.03.10 04:12:33.650,1.05946,1.05948,1.31,1.50
2017.03.10 04:12:33.803,1.05946,1.0595,1.12,3.75
2017.03.10 04:12:33.956,1.05948,1.05951,1.00,1.37
2017.03.10 04:12:34.007,1.05948,1.05952,1.87,1.50
2017.03.10 04:12:46.505,1.05948,1.05952,1.50,2.62
2017.03.10 04:12:47.028,1.05948,1.05952,1.12,2.62
2017.03.10 04:12:47.861,1.05948,1.05951,1.12,1.00
2017.03.10 04:12:53.498,1.05946,1.05951,5.44,1.00
2017.03.10 04:12:54.078,1.05946,1.05951,4.31,1.87
2017.03.10 04:12:54.378,1.05948,1.05952,1.00,3.75
2017.03.10 04:13:00.836,1.05947,1.05951,2.62,1.00
2017.03.10 04:13:06.028,1.05947,1.05951,2.62,1.50
2017.03.10 04:13:07.873,1.05947,1.05952,1.87,3.75
2017.03.10 04:13:08.432,1.05947,1.05951,2.62,1.00
2017.03.10 04:13:09.032,1.05947,1.05952,3.37,1.50
2017.03.10 04:13:11.096,1.05947,1.05952,1.87,5.25
2017.03.10 04:13:24.318,1.05946,1.05948,1.31,3.00
2017.03.10 04:13:24.521,1.05946,1.0595,1.25,6.37
2017.03.10 04:13:25.696,1.05947,1.0595,1.00,1.12
2017.03.10 04:13:26.254,1.05946,1.0595,2.06,1.00
2017.03.10 04:13:27.705,1.05945,1.05948,1.31,1.00
2017.03.10 04:13:27.756,1.05944,1.05948,1.87,5.25
2017.03.10 04:13:28.306,1.05944,1.05949,3.37,1.12
2017.03.10 04:13:28.956,1.05944,1.05949,3.75,1.12
2017.03.10 04:13:29.007,1.05945,1.0595,1.87,1.87
2017.03.10 04:13:29.210,1.05946,1.05951,1.62,5.62
2017.03.10 04:13:29.711,1.05946,1.0595,1.62,1.00
2017.03.10 04:13:30.253,1.05946,1.05951,1.62,6.75
2017.03.10 04:13:59.004,1.05946,1.05951,3.94,1.50
2017.03.10 04:13:59.054,1.05946,1.05951,4.31,1.50
2017.03.10 04:14:03.185,1.05948,1.05952,1.12,5.25
2017.03.10 04:14:07.054,1.05948,1.05951,1.12,2.25
2017.03.10 04:14:08.864,1.05948,1.05952,1.12,3.75
2017.03.10 04:14:18.968,1.05947,1.05951,3.00,1.00
2017.03.10 04:14:19.534,1.05947,1.0595,3.00,1.00
2017.03.10 04:14:21.388,1.05947,1.05951,2.25,2.25
2017.03.10 04:14:22.559,1.05947,1.0595,3.00,1.00
2017.03.10 04:14:22.653,1.05947,1.05952,3.00,4.12
2017.03.10 04:14:34.277,1.05947,1.05951,3.75,1.50
2017.03.10 04:14:35.217,1.05947,1.05951,3.37,2.25
2017.03.10 04:14:35.794,1.05947,1.05952,3.37,1.50
2017.03.10 04:14:37.528,1.05947,1.05951,2.62,1.00
2017.03.10 04:14:43.925,1.05947,1.05952,3.37,1.50
2017.03.10 04:14:47.907,1.05947,1.05951,3.37,2.25
2017.03.10 04:14:50.418,1.05947,1.05952,3.37,1.00
2017.03.10 04:14:51.465,1.05947,1.05953,2.62,6.75
2017.03.10 04:14:52.777,1.05947,1.05952,2.62,1.00
2017.03.10 04:14:55.673,1.05947,1.05951,2.62,1.00
2017.03.10 04:14:58.550,1.05947,1.05952,2.62,1.50
2017.03.10 04:15:02.598,1.05947,1.05951,2.62,1.50
2017.03.10 04:15:03.902,1.05947,1.05952,2.25,4.12
2017.03.10 04:15:09.862,1.05947,1.05951,1.00,1.00
2017.03.10 04:15:12.128,1.05946,1.05948,3.75,1.50
2017.03.10 04:15:12.282,1.05945,1.05948,2.62,3.75
2017.03.10 04:15:12.807,1.05943,1.05948,4.12,2.25
2017.03.10 04:16:07.648,1.05943,1.05947,2.62,1.00
2017.03.10 04:16:08.170,1.05943,1.05948,4.12,2.25
2017.03.10 04:16:09.645,1.05945,1.05948,3.00,1.00
2017.03.10 04:16:09.833,1.05948,1.0595,1.12,1.00
2017.03.10 04:16:10.087,1.05946,1.05952,7.69,2.62
2017.03.10 04:16:24.793,1.05947,1.05953,3.37,9.00
2017.03.10 04:16:28.175,1.05947,1.05953,3.37,9.75
2017.03.10 04:16:28.716,1.05947,1.05953,2.62,10.57
2017.03.10 04:16:34.791,1.05947,1.05952,1.87,1.00
2017.03.10 04:16:37.052,1.05947,1.05953,1.37,12.37
2017.03.10 04:16:37.595,1.05947,1.05952,1.87,1.50
2017.03.10 04:16:40.211,1.05947,1.05951,1.87,1.50
2017.03.10 04:16:40.262,1.05947,1.05953,2.62,12.37
2017.03.10 04:16:47.382,1.05949,1.05953,4.87,2.14
2017.03.10 04:16:48.091,1.05948,1.05953,3.19,1.00
2017.03.10 04:16:48.640,1.05949,1.05953,1.12,5.25
2017.03.10 04:16:49.145,1.05949,1.05952,1.12,1.00
2017.03.10 04:16:49.658,1.05949,1.05951,1.12,1.00
2017.03.10 04:16:50.412,1.05949,1.05952,1.12,5.25
2017.03.10 04:16:51.419,1.05949,1.05951,1.12,1.00
2017.03.10 04:16:52.976,1.05947,1.05951,1.12,1.00
2017.03.10 04:16:53.655,1.05946,1.0595,3.19,3.75
2017.03.10 04:16:58.782,1.05945,1.0595,3.00,2.62
2017.03.10 04:17:02.932,1.05945,1.05948,1.00,2.25
2017.03.10 04:17:03.223,1.05945,1.0595,1.37,3.75
2017.03.10 04:17:03.527,1.05944,1.0595,6.75,4.50
2017.03.10 04:17:04.065,1.05944,1.05949,4.12,1.00
2017.03.10 04:17:05.241,1.05945,1.0595,1.87,3.00
2017.03.10 04:17:05.791,1.05946,1.0595,1.37,1.50
2017.03.10 04:17:06.323,1.05946,1.05949,1.12,1.00
2017.03.10 04:17:06.901,1.05945,1.0595,1.37,3.00
2017.03.10 04:17:08.447,1.05944,1.05949,7.87,1.50
2017.03.10 04:17:08.548,1.05946,1.0595,1.37,1.00
2017.03.10 04:17:09.054,1.05946,1.0595,1.12,1.50
2017.03.10 04:17:14.554,1.05947,1.0595,1.87,1.50
2017.03.10 04:17:14.656,1.05948,1.05952,2.25,4.87
2017.03.10 04:17:15.164,1.05949,1.05953,1.87,2.62
2017.03.10 04:17:16.146,1.05949,1.05952,1.00,1.00
2017.03.10 04:17:16.680,1.05949,1.05953,1.87,4.12
2017.03.10 04:17:45.015,1.05951,1.05953,3.94,1.12
2017.03.10 04:17:45.117,1.05951,1.05955,1.69,1.12
2017.03.10 04:17:45.407,1.05951,1.05953,1.87,1.00
2017.03.10 04:17:45.458,1.05951,1.05955,4.12,4.12
2017.03.10 04:17:45.964,1.05951,1.05953,1.00,1.50
2017.03.10 04:17:46.470,1.05951,1.05955,1.00,6.75
2017.03.10 04:17:47.078,1.0595,1.05954,1.25,1.00
2017.03.10 04:17:47.590,1.05951,1.05954,1.00,1.00
2017.03.10 04:17:48.099,1.0595,1.05955,2.44,4.50
2017.03.10 04:17:48.624,1.05951,1.05954,1.00,1.00
2017.03.10 04:17:49.369,1.05951,1.05955,1.00,2.62
2017.03.10 04:17:51.608,1.05951,1.05954,1.00,1.00
2017.03.10 04:17:52.589,1.05951,1.05955,1.87,2.62
2017.03.10 04:17:53.119,1.05951,1.05954,1.87,1.00
2017.03.10 04:17:54.198,1.05951,1.05955,1.87,2.62
2017.03.10 04:17:56.893,1.05951,1.05954,1.87,1.50
2017.03.10 04:17:57.674,1.05952,1.05954,1.00,1.00
2017.03.10 04:17:57.829,1.05951,1.05956,1.87,4.12
2017.03.10 04:18:00.671,1.05951,1.05953,2.62,1.00
2017.03.10 04:18:00.774,1.05949,1.05953,1.87,3.75
2017.03.10 04:18:01.281,1.05951,1.05953,1.00,1.00
2017.03.10 04:18:01.383,1.05949,1.05953,3.75,1.00
2017.03.10 04:18:01.890,1.0595,1.05953,1.12,1.00
2017.03.10 04:18:02.395,1.0595,1.05954,1.12,1.50
2017.03.10 04:18:02.906,1.05949,1.05954,3.75,1.87
2017.03.10 04:18:03.414,1.0595,1.05954,1.00,1.12
2017.03.10 04:18:03.922,1.0595,1.05955,1.00,5.25
2017.03.10 04:18:04.977,1.0595,1.05954,1.00,1.00
2017.03.10 04:18:06.544,1.0595,1.05955,1.00,5.62
2017.03.10 04:18:07.129,1.0595,1.05954,1.12,1.00
2017.03.10 04:18:07.741,1.0595,1.05955,1.12,6.00
2017.03.10 04:18:08.272,1.05949,1.05954,2.62,3.75
2017.03.10 04:18:08.779,1.05949,1.05954,1.50,1.87
2017.03.10 04:18:16.634,1.05949,1.05954,4.50,1.87
2017.03.10 04:18:17.140,1.05949,1.05954,9.00,1.50
2017.03.10 04:18:18.891,1.05951,1.05955,1.00,3.19
2017.03.10 04:18:19.633,1.05951,1.05954,1.00,1.00
2017.03.10 04:18:20.173,1.05951,1.05955,1.50,1.25
2017.03.10 04:18:20.715,1.05951,1.05956,1.12,4.50
2017.03.10 04:18:21.192,1.05952,1.05956,1.37,1.12
2017.03.10 04:18:21.497,1.05958,1.05961,1.00,2.10
2017.03.10 04:18:22.003,1.05957,1.05961,1.87,2.10
2017.03.10 04:18:27.220,1.05958,1.05961,1.00,2.85
2017.03.10 04:18:27.778,1.05957,1.05961,3.00,1.35
2017.03.10 04:18:29.354,1.05958,1.05961,1.00,1.35
2017.03.10 04:18:29.874,1.05957,1.05961,3.75,1.35
2017.03.10 04:18:48.443,1.05958,1.05961,1.00,2.10
2017.03.10 04:18:48.970,1.05957,1.05961,4.50,1.35
2017.03.10 04:19:03.356,1.05957,1.05961,3.00,1.61
2017.03.10 04:19:04.893,1.05958,1.05963,1.87,1.60
2017.03.10 04:19:26.210,1.05958,1.05963,2.81,3.64
2017.03.10 04:19:26.363,1.05961,1.05963,1.50,2.14
2017.03.10 04:19:26.515,1.05963,1.05966,1.12,1.00
2017.03.10 04:19:27.023,1.05963,1.05967,1.12,1.12
2017.03.10 04:19:54.142,1.05963,1.05966,1.00,1.00
2017.03.10 04:19:54.654,1.05963,1.05967,1.00,3.75
2017.03.10 04:19:55.208,1.05963,1.05966,1.00,1.00
2017.03.10 04:19:55.731,1.05962,1.05967,4.31,3.75
2017.03.10 04:19:57.872,1.05963,1.05967,1.00,4.12
2017.03.10 04:19:58.537,1.05962,1.05964,1.87,1.00
2017.03.10 04:19:58.689,1.05961,1.05963,1.50,1.50
2017.03.10 04:19:59.105,1.05961,1.05965,1.12,1.12
2017.03.10 04:19:59.611,1.05961,1.05965,2.62,1.00
2017.03.10 04:20:00.117,1.05963,1.05966,1.00,1.50
2017.03.10 04:20:00.320,1.05961,1.05966,3.94,4.12
2017.03.10 04:20:01.366,1.05962,1.05966,1.12,9.37
2017.03.10 04:20:01.882,1.05962,1.05965,1.12,1.50
2017.03.10 04:20:02.099,1.05964,1.05966,1.37,1.12
2017.03.10 04:20:02.150,1.05965,1.05968,1.87,1.00
2017.03.10 04:20:02.456,1.05965,1.05971,8.06,5.25
2017.03.10 04:20:02.609,1.05966,1.05971,4.12,1.50
2017.03.10 04:20:03.158,1.05966,1.05971,3.37,1.50
2017.03.10 04:20:03.992,1.05966,1.05971,2.62,2.25
2017.03.10 04:20:13.241,1.05967,1.05969,2.06,1.50
2017.03.10 04:20:13.762,1.05966,1.05969,1.50,1.50
2017.03.10 04:20:15.790,1.05966,1.05968,3.00,1.50
2017.03.10 04:20:16.065,1.05963,1.05966,4.69,1.87
2017.03.10 04:20:16.369,1.05964,1.05968,6.00,1.87
2017.03.10 04:20:17.705,1.05965,1.05968,1.00,1.00
2017.03.10 04:20:18.145,1.05963,1.05966,1.87,1.00
2017.03.10 04:20:18.660,1.05963,1.05964,1.00,1.50
2017.03.10 04:20:22.038,1.05962,1.05965,3.37,1.12
2017.03.10 04:20:23.780,1.05965,1.05966,1.50,1.12
2017.03.10 04:20:23.882,1.05965,1.05968,3.37,3.00
2017.03.10 04:20:24.390,1.05966,1.05968,1.00,1.50
2017.03.10 04:20:24.908,1.05965,1.05968,4.12,1.50
2017.03.10 04:20:26.244,1.05966,1.05969,1.00,1.87
2017.03.10 04:20:32.740,1.05967,1.05969,1.00,1.00
2017.03.10 04:20:33.254,1.05967,1.0597,3.75,1.87
2017.03.10 04:20:46.135,1.05968,1.0597,1.00,1.87
2017.03.10 04:20:47.600,1.05967,1.0597,3.75,1.00
2017.03.10 04:21:02.269,1.05967,1.05971,8.47,1.87
2017.03.10 04:21:02.320,1.0597,1.05971,1.00,1.00
2017.03.10 04:21:02.472,1.05972,1.05974,1.12,1.50
2017.03.10 04:21:02.981,1.05973,1.05975,1.50,1.00
2017.03.10 04:21:17.507,1.05975,1.05977,1.87,3.75
2017.03.10 04:21:17.712,1.05976,1.05979,1.50,3.00
2017.03.10 04:21:18.886,1.05976,1.05978,1.87,1.50
2017.03.10 04:21:19.274,1.05974,1.05976,2.25,1.50
2017.03.10 04:21:19.478,1.05972,1.05976,9.19,3.00
2017.03.10 04:21:19.986,1.05974,1.05975,1.50,1.50
2017.03.10 04:21:20.889,1.05973,1.05976,6.37,1.87
2017.03.10 04:21:21.092,1.05975,1.05978,1.00,1.87
2017.03.10 04:21:21.522,1.05977,1.05978,1.00,1.00
2017.03.10 04:21:21.835,1.05977,1.0598,1.12,2.25
2017.03.10 04:21:22.367,1.05976,1.05979,1.00,1.00
2017.03.10 04:21:26.350,1.05976,1.05978,1.00,1.00
2017.03.10 04:21:26.752,1.05974,1.05978,6.19,4.12
2017.03.10 04:21:27.521,1.05975,1.05978,1.00,4.12
2017.03.10 04:21:31.704,1.05974,1.05978,5.44,4.12
2017.03.10 04:21:32.211,1.05974,1.05976,1.50,1.50
2017.03.10 04:21:32.465,1.05972,1.05975,2.25,1.87
2017.03.10 04:21:32.987,1.05972,1.05974,1.50,1.12
2017.03.10 04:21:49.048,1.05972,1.05975,1.50,3.00
2017.03.10 04:21:54.002,1.05972,1.05974,1.12,1.12
2017.03.10 04:21:54.307,1.0597,1.05973,4.69,3.00
2017.03.10 04:21:54.408,1.05972,1.05973,1.00,1.00
2017.03.10 04:21:54.814,1.05971,1.05975,1.00,3.00
2017.03.10 04:21:55.352,1.05971,1.05974,1.00,1.12
2017.03.10 04:21:58.661,1.05971,1.05975,1.00,4.12
2017.03.10 04:21:59.203,1.05972,1.05974,1.00,1.12
2017.03.10 04:21:59.730,1.05971,1.05974,1.50,1.12
2017.03.10 04:22:00.278,1.05972,1.05974,1.00,1.12
2017.03.10 04:22:00.330,1.0597,1.05973,3.56,1.00
2017.03.10 04:22:00.532,1.05968,1.0597,3.56,1.00
2017.03.10 04:22:01.217,1.05968,1.05969,1.00,1.00
2017.03.10 04:22:02.904,1.05967,1.05969,1.87,1.00
2017.03.10 04:22:03.451,1.05967,1.05968,1.50,1.00
2017.03.10 04:22:04.384,1.05968,1.0597,1.00,2.62
2017.03.10 04:22:04.638,1.05967,1.0597,1.87,1.87
2017.03.10 04:22:04.689,1.05969,1.0597,1.00,1.50
2017.03.10 04:22:04.739,1.05967,1.0597,1.12,1.00
2017.03.10 04:22:05.258,1.05968,1.0597,1.00,1.00
2017.03.10 04:22:08.432,1.05967,1.05969,1.87,1.87
2017.03.10 04:22:10.580,1.05968,1.05969,1.00,1.00
2017.03.10 04:22:10.935,1.05966,1.05969,6.75,1.50
2017.03.10 04:22:11.293,1.05968,1.05969,1.50,1.00
2017.03.10 04:22:19.200,1.05967,1.05969,1.50,1.87
2017.03.10 04:22:22.368,1.05968,1.05969,1.00,1.00
2017.03.10 04:22:22.419,1.05966,1.05969,1.87,1.00
2017.03.10 04:22:22.470,1.05968,1.05969,1.00,1.87
2017.03.10 04:22:23.062,1.05967,1.05969,1.00,1.87
2017.03.10 04:22:23.938,1.05968,1.05969,1.00,1.87
2017.03.10 04:22:26.701,1.05966,1.05968,2.62,1.00
2017.03.10 04:22:26.854,1.05965,1.05966,1.00,1.12
2017.03.10 04:22:29.001,1.05964,1.05966,2.25,1.12
2017.03.10 04:22:32.634,1.05964,1.05965,1.00,1.50
2017.03.10 04:22:33.323,1.05963,1.05965,2.62,1.50
2017.03.10 04:22:34.868,1.05964,1.05965,1.00,1.50
2017.03.10 04:22:38.122,1.05963,1.05965,1.87,1.00
2017.03.10 04:22:38.427,1.05969,1.0597,1.00,2.25
2017.03.10 04:22:38.528,1.05969,1.05971,1.50,1.87
2017.03.10 04:22:39.080,1.05969,1.0597,1.00,1.00
2017.03.10 04:22:39.232,1.05967,1.0597,3.19,1.00
2017.03.10 04:22:51.658,1.05967,1.05971,2.44,2.17
2017.03.10 04:22:57.166,1.05967,1.0597,2.44,1.00
2017.03.10 04:22:57.673,1.05968,1.05971,1.50,1.87
2017.03.10 04:22:59.207,1.05968,1.05971,1.00,2.62
2017.03.10 04:23:06.925,1.05968,1.05972,1.50,1.05
2017.03.10 04:23:07.431,1.05969,1.05973,1.00,2.25
2017.03.10 04:23:09.683,1.05969,1.05972,1.00,1.37
2017.03.10 04:23:21.844,1.05968,1.05972,1.87,2.62
2017.03.10 04:23:28.140,1.05968,1.05972,1.87,1.87
2017.03.10 04:23:29.218,1.05968,1.05971,1.50,1.00
2017.03.10 04:23:30.164,1.05969,1.05971,1.00,2.62
2017.03.10 04:23:30.694,1.05969,1.05972,1.00,1.12
2017.03.10 04:23:32.300,1.0597,1.05973,1.12,2.55
2017.03.10 04:23:32.553,1.05972,1.05974,1.00,1.12
2017.03.10 04:23:33.047,1.0597,1.05974,2.85,1.00
2017.03.10 04:23:33.561,1.05972,1.05974,1.00,1.87
2017.03.10 04:23:38.119,1.05973,1.05975,1.00,1.50
2017.03.10 04:23:38.220,1.05973,1.05977,1.00,4.50
2017.03.10 04:23:54.123,1.05976,1.05978,1.00,5.55
2017.03.10 04:23:54.276,1.05977,1.05979,1.00,1.12
2017.03.10 04:23:54.327,1.05974,1.05978,7.12,1.00
2017.03.10 04:23:54.680,1.05974,1.05976,1.00,1.12
2017.03.10 04:23:55.187,1.05975,1.05978,1.00,3.00
2017.03.10 04:24:03.011,1.05974,1.05977,1.00,1.87
2017.03.10 04:24:03.561,1.05973,1.05977,1.00,2.62
2017.03.10 04:24:16.241,1.05972,1.05976,3.00,1.12
2017.03.10 04:24:16.747,1.05972,1.05975,1.87,1.87
2017.03.10 04:24:30.849,1.05973,1.05975,1.00,1.87
2017.03.10 04:24:33.066,1.05972,1.05975,1.87,1.87
2017.03.10 04:24:33.371,1.0597,1.05973,1.50,2.62
2017.03.10 04:24:35.609,1.05973,1.05974,1.00,2.17
2017.03.10 04:24:36.116,1.05973,1.05976,1.50,1.37
2017.03.10 04:24:46.076,1.05971,1.05973,4.12,1.50
2017.03.10 04:24:46.228,1.05969,1.05973,1.87,1.37
2017.03.10 04:24:47.140,1.05968,1.05972,1.50,1.00
2017.03.10 04:24:47.692,1.05969,1.05973,1.00,1.87
2017.03.10 04:24:57.121,1.05968,1.05972,1.00,1.87
2017.03.10 04:24:57.637,1.05969,1.05972,1.00,1.87
2017.03.10 04:24:58.667,1.05968,1.05972,1.00,1.12
2017.03.10 04:25:02.456,1.05967,1.0597,1.87,1.00
2017.03.10 04:25:04.544,1.05967,1.05971,1.50,1.87
2017.03.10 04:25:05.058,1.05968,1.05972,1.00,3.19
2017.03.10 04:25:08.108,1.05967,1.05972,2.25,2.44
2017.03.10 04:25:08.656,1.05968,1.05972,1.00,2.44
2017.03.10 04:25:34.571,1.05968,1.05972,1.00,3.19
2017.03.10 04:25:35.647,1.05969,1.05972,1.00,3.19
2017.03.10 04:25:37.153,1.05968,1.05971,1.50,1.12
2017.03.10 04:25:37.845,1.05968,1.05972,1.00,2.44
2017.03.10 04:25:55.875,1.05969,1.05972,1.00,2.55
2017.03.10 04:25:56.411,1.05968,1.05972,1.00,2.25
2017.03.10 04:26:07.183,1.05968,1.05973,1.00,3.49
2017.03.10 04:26:09.013,1.05968,1.05972,1.00,1.00
2017.03.10 04:26:09.317,1.05965,1.05968,1.00,1.50
2017.03.10 04:26:09.824,1.05964,1.05968,2.25,3.00
2017.03.10 04:26:10.129,1.05967,1.0597,1.00,3.67
2017.03.10 04:26:10.383,1.05968,1.05971,1.50,1.12
2017.03.10 04:26:10.907,1.05969,1.05971,1.00,1.12
2017.03.10 04:26:13.793,1.05968,1.05971,1.50,1.12
2017.03.10 04:26:14.300,1.05967,1.05971,2.25,1.87
2017.03.10 04:26:14.807,1.05968,1.05971,1.00,3.37
2017.03.10 04:26:15.310,1.05969,1.05971,1.00,1.12
2017.03.10 04:26:15.837,1.05968,1.05971,1.00,1.12
2017.03.10 04:26:16.380,1.05969,1.05971,1.00,1.00
2017.03.10 04:26:17.615,1.05968,1.05971,1.00,1.00
2017.03.10 04:26:18.163,1.05967,1.05971,1.50,1.00
2017.03.10 04:26:18.569,1.05967,1.05969,1.50,1.00
2017.03.10 04:26:18.721,1.05965,1.05969,3.75,3.00
2017.03.10 04:26:19.228,1.05964,1.05968,3.37,1.50
2017.03.10 04:26:53.813,1.05966,1.05968,1.00,2.25
2017.03.10 04:27:30.882,1.05966,1.05969,1.00,2.62
2017.03.10 04:27:31.186,1.05969,1.0597,1.35,1.00
2017.03.10 04:27:31.288,1.05969,1.05972,1.00,2.46
2017.03.10 04:27:32.163,1.05969,1.05972,1.00,1.90
2017.03.10 04:27:32.669,1.05968,1.05972,2.10,2.39
2017.03.10 04:27:33.579,1.05969,1.05972,1.00,1.15
2017.03.10 04:27:33.784,1.05973,1.05975,1.00,3.37
2017.03.10 04:27:34.321,1.05973,1.05976,1.00,4.99
2017.03.10 04:27:37.676,1.05973,1.05976,1.00,2.74
2017.03.10 04:27:38.183,1.05972,1.05976,1.50,2.81
2017.03.10 04:27:38.588,1.05971,1.05974,1.50,1.12
2017.03.10 04:27:38.943,1.05969,1.05974,1.50,3.37
2017.03.10 04:27:39.467,1.0597,1.05974,1.00,3.30
2017.03.10 04:27:43.240,1.0597,1.05974,1.00,3.00
2017.03.10 04:27:43.747,1.0597,1.05974,1.50,2.25
2017.03.10 04:27:44.252,1.0597,1.05974,1.50,2.25
2017.03.10 04:27:44.858,1.0597,1.05974,1.50,2.25
2017.03.10 04:27:45.396,1.0597,1.05974,1.00,3.00
2017.03.10 04:27:46.614,1.05969,1.05973,1.00,1.87
2017.03.10 04:27:47.137,1.05969,1.05974,3.00,2.62
2017.03.10 04:27:49.349,1.05969,1.05972,1.50,1.00
2017.03.10 04:27:49.956,1.05968,1.05971,1.87,1.12
2017.03.10 04:27:50.471,1.05969,1.05973,1.50,1.37
2017.03.10 04:27:54.752,1.05969,1.05973,1.50,1.12
2017.03.10 04:27:55.376,1.05969,1.05973,1.50,1.87
2017.03.10 04:27:55.478,1.05969,1.05974,2.62,5.25
2017.03.10 04:27:55.530,1.05971,1.05974,1.50,2.25
2017.03.10 04:27:55.632,1.05971,1.05975,1.00,3.00
2017.03.10 04:27:56.779,1.0597,1.05974,3.37,1.50
2017.03.10 04:27:57.322,1.05971,1.05975,1.00,2.25
2017.03.10 04:27:57.879,1.05972,1.05975,1.00,1.87
2017.03.10 04:27:58.387,1.05972,1.05975,1.00,2.25
2017.03.10 04:28:03.868,1.0597,1.05975,3.75,1.50
2017.03.10 04:28:03.970,1.05972,1.05975,1.00,1.50
2017.03.10 04:28:04.487,1.05971,1.05975,1.00,2.25
2017.03.10 04:28:04.842,1.05972,1.05977,2.62,2.55
2017.03.10 04:28:05.516,1.05973,1.05977,1.00,1.50
2017.03.10 04:28:06.770,1.05974,1.05977,1.00,1.00
2017.03.10 04:28:07.277,1.05973,1.05976,1.00,1.12
2017.03.10 04:28:09.905,1.05972,1.05975,2.62,1.12
2017.03.10 04:28:10.213,1.05974,1.05976,1.00,1.12
2017.03.10 04:28:10.719,1.05973,1.05977,1.00,3.75
2017.03.10 04:28:17.859,1.05972,1.05976,1.50,1.12
2017.03.10 04:28:19.962,1.05973,1.05976,1.00,1.42
2017.03.10 04:28:21.068,1.05972,1.05976,1.50,1.87
2017.03.10 04:28:21.574,1.05972,1.05976,1.50,1.87
2017.03.10 04:28:23.820,1.05973,1.05978,3.00,3.37
2017.03.10 04:28:27.537,1.05974,1.05977,1.00,1.87
2017.03.10 04:28:28.043,1.05973,1.05976,2.25,1.12
2017.03.10 04:28:28.551,1.05973,1.05977,2.25,1.87
2017.03.10 04:28:29.058,1.05973,1.05977,1.50,3.37
2017.03.10 04:28:29.575,1.05973,1.05976,1.00,1.37
2017.03.10 04:28:30.411,1.05972,1.05976,1.50,1.37
2017.03.10 04:28:31.976,1.05971,1.05975,1.69,1.31
2017.03.10 04:28:32.521,1.05972,1.05976,1.00,5.92
2017.03.10 04:28:39.387,1.05971,1.05975,1.69,2.55
2017.03.10 04:28:39.894,1.05972,1.05975,1.00,2.25
2017.03.10 04:28:40.047,1.05974,1.05976,1.00,2.55
2017.03.10 04:28:40.352,1.05975,1.05977,1.00,1.12
2017.03.10 04:28:40.858,1.05974,1.05977,1.00,1.87
2017.03.10 04:28:41.411,1.05973,1.05975,1.00,1.00
2017.03.10 04:28:41.970,1.05972,1.05975,1.87,1.12
2017.03.10 04:28:51.487,1.05972,1.05974,1.00,1.00
2017.03.10 04:28:51.994,1.05971,1.05975,1.50,1.12
2017.03.10 04:28:52.045,1.05973,1.05976,1.00,5.81
2017.03.10 04:28:52.553,1.05972,1.05976,1.00,3.67
2017.03.10 04:28:54.787,1.05973,1.05976,1.00,3.67
2017.03.10 04:28:59.949,1.05972,1.05976,1.50,1.12
2017.03.10 04:29:00.486,1.05972,1.05976,1.50,1.37
2017.03.10 04:29:01.882,1.05972,1.05974,1.50,1.12
2017.03.10 04:29:02.819,1.05971,1.05974,1.00,1.50
2017.03.10 04:29:05.117,1.05972,1.05974,1.00,1.12
2017.03.10 04:29:05.681,1.05971,1.05974,1.50,1.12
2017.03.10 04:29:07.811,1.05972,1.05974,1.00,1.12
2017.03.10 04:29:08.825,1.05973,1.05975,1.50,1.12
2017.03.10 04:29:09.393,1.05974,1.05976,1.00,1.87
2017.03.10 04:29:15.158,1.05973,1.05976,1.00,3.00
2017.03.10 04:29:15.557,1.05971,1.05976,8.62,3.00
2017.03.10 04:29:16.307,1.05972,1.05976,1.50,3.00
2017.03.10 04:29:17.805,1.05971,1.05976,6.37,3.00
2017.03.10 04:29:18.508,1.05972,1.05976,1.00,3.00
2017.03.10 04:29:30.997,1.05971,1.05976,6.60,2.25
2017.03.10 04:29:31.631,1.05972,1.05976,1.00,2.25
2017.03.10 04:29:33.845,1.05971,1.05976,5.47,2.25
2017.03.10 04:29:35.269,1.05972,1.05976,1.00,2.25
2017.03.10 04:29:35.909,1.05971,1.05976,5.25,2.25
2017.03.10 04:29:36.533,1.05972,1.05976,1.50,2.25
2017.03.10 04:29:38.684,1.05971,1.05976,6.75,2.25
2017.03.10 04:29:39.505,1.05972,1.05976,1.00,1.12
2017.03.10 04:29:40.998,1.05971,1.05976,7.72,1.12
2017.03.10 04:29:41.516,1.05972,1.05976,1.00,1.12
2017.03.10 04:29:42.101,1.05971,1.05976,8.47,1.12
2017.03.10 04:29:49.230,1.05972,1.05976,1.00,1.00
2017.03.10 04:29:49.830,1.05971,1.05976,8.85,1.00
2017.03.10 04:29:50.334,1.05972,1.05976,2.25,1.00
2017.03.10 04:29:56.980,1.05971,1.05976,8.10,1.00
2017.03.10 04:30:04.230,1.05972,1.05977,3.37,4.50
2017.03.10 04:30:06.468,1.05972,1.05976,1.00,1.12
2017.03.10 04:30:10.456,1.05971,1.05976,8.85,1.12
2017.03.10 04:30:19.880,1.05972,1.05977,1.00,3.37
2017.03.10 04:30:20.489,1.05973,1.05978,1.50,1.87
2017.03.10 04:30:21.032,1.05974,1.05978,1.00,1.87
2017.03.10 04:30:21.559,1.05969,1.05972,7.31,1.00
2017.03.10 04:30:21.915,1.05967,1.05971,4.35,1.37
2017.03.10 04:30:22.775,1.05967,1.05971,1.50,1.87
2017.03.10 04:30:23.417,1.05967,1.0597,1.00,1.87
2017.03.10 04:30:23.918,1.05967,1.05971,1.00,2.62
2017.03.10 04:30:25.082,1.05967,1.0597,1.00,1.00
2017.03.10 04:30:29.029,1.05966,1.0597,1.72,1.00
2017.03.10 04:30:29.594,1.05967,1.0597,1.00,1.00
2017.03.10 04:30:30.100,1.05967,1.05971,1.50,1.12
2017.03.10 04:30:31.845,1.05966,1.05971,4.72,1.00
2017.03.10 04:30:33.394,1.05968,1.05971,1.00,1.00
2017.03.10 04:30:33.647,1.05965,1.05969,4.87,2.81
2017.03.10 04:30:33.847,1.05967,1.05971,1.00,1.87
2017.03.10 04:30:34.353,1.05966,1.05971,1.00,3.37
2017.03.10 04:30:35.061,1.05966,1.05971,1.50,3.37
2017.03.10 04:30:36.633,1.05968,1.05971,1.00,1.87
2017.03.10 04:30:36.734,1.05966,1.05971,2.25,1.87
2017.03.10 04:30:40.185,1.05966,1.05971,3.75,1.37
2017.03.10 04:30:41.381,1.05967,1.05971,1.00,1.37
2017.03.10 04:30:46.500,1.05966,1.05971,1.50,2.62
2017.03.10 04:30:47.024,1.05967,1.05971,1.50,1.87
2017.03.10 04:30:59.188,1.05966,1.05969,1.37,2.25
2017.03.10 04:30:59.240,1.05965,1.05969,4.50,4.87
2017.03.10 04:30:59.342,1.05967,1.05969,1.00,5.44
2017.03.10 04:30:59.495,1.05964,1.05969,1.87,3.94
2017.03.10 04:31:01.128,1.05966,1.05969,1.00,1.31
2017.03.10 04:31:01.280,1.05966,1.05971,3.37,4.50
2017.03.10 04:31:01.635,1.05966,1.05969,1.50,1.87
2017.03.10 04:31:02.148,1.05965,1.05969,1.00,3.37
2017.03.10 04:31:04.607,1.05965,1.05968,1.50,1.00
2017.03.10 04:31:07.429,1.05964,1.05968,4.50,1.50
2017.03.10 04:31:08.181,1.05965,1.05969,1.00,4.87
2017.03.10 04:31:10.667,1.05964,1.05969,3.37,3.75
2017.03.10 04:31:11.202,1.05965,1.05969,1.00,4.87
2017.03.10 04:31:13.717,1.05964,1.05969,2.62,6.37
2017.03.10 04:31:14.227,1.05965,1.05969,1.00,7.87
2017.03.10 04:31:17.629,1.05965,1.05968,1.00,2.51
2017.03.10 04:31:18.137,1.05965,1.05969,1.50,10.12
2017.03.10 04:31:18.470,1.05965,1.05967,1.50,1.00
2017.03.10 04:31:18.978,1.05964,1.05967,1.12,1.39
2017.03.10 04:31:24.084,1.05963,1.05966,1.87,1.00
2017.03.10 04:31:24.604,1.05963,1.05966,1.37,1.37
2017.03.10 04:31:24.757,1.05961,1.05965,1.37,1.12
2017.03.10 04:31:24.860,1.0596,1.05963,3.37,1.00
2017.03.10 04:31:28.322,1.05959,1.05962,1.87,1.12
2017.03.10 04:31:28.834,1.05959,1.05962,1.12,1.12
2017.03.10 04:31:44.701,1.05957,1.05961,4.50,1.12
2017.03.10 04:31:44.752,1.05957,1.05961,2.25,3.00
2017.03.10 04:31:59.185,1.05957,1.0596,1.50,1.00
2017.03.10 04:32:02.676,1.05956,1.0596,6.00,1.00
2017.03.10 04:32:05.410,1.05957,1.0596,1.00,1.00
2017.03.10 04:32:05.963,1.05956,1.05961,2.62,5.25
2017.03.10 04:32:18.557,1.05956,1.05959,2.62,1.00
2017.03.10 04:32:19.106,1.05956,1.0596,2.62,2.62
2017.03.10 04:32:23.910,1.05957,1.0596,1.50,1.12
2017.03.10 04:32:24.432,1.05956,1.0596,1.12,1.00
2017.03.10 04:32:43.688,1.05956,1.05961,5.25,3.00
2017.03.10 04:32:46.741,1.05957,1.05961,1.50,1.12
2017.03.10 04:32:47.351,1.05956,1.05961,5.25,1.12
2017.03.10 04:32:59.386,1.05957,1.05961,1.00,1.12
2017.03.10 04:33:00.900,1.05956,1.05962,6.37,7.69
2017.03.10 04:33:01.412,1.05956,1.05961,5.47,1.00
2017.03.10 04:33:06.569,1.05956,1.05962,6.22,3.94
2017.03.10 04:33:11.412,1.05957,1.05962,2.62,2.81
2017.03.10 04:33:13.764,1.05957,1.05962,1.87,1.31
2017.03.10 04:33:18.761,1.05957,1.05962,4.12,1.25
2017.03.10 04:33:26.606,1.05957,1.05962,5.25,2.06
2017.03.10 04:33:29.484,1.05957,1.05961,3.37,1.00
2017.03.10 04:33:29.636,1.05956,1.05958,2.62,1.00
2017.03.10 04:33:29.788,1.05954,1.05959,3.37,5.44
2017.03.10 04:33:29.839,1.05956,1.05959,1.00,2.25
2017.03.10 04:33:30.113,1.05959,1.05963,3.75,1.87
2017.03.10 04:33:30.622,1.05959,1.05964,1.50,3.37
2017.03.10 04:33:31.163,1.05958,1.05963,1.12,1.87
2017.03.10 04:33:31.688,1.05958,1.05963,2.47,1.87
2017.03.10 04:33:32.223,1.05958,1.05962,1.12,1.12
2017.03.10 04:33:33.452,1.05957,1.05962,5.06,1.37
2017.03.10 04:33:33.991,1.05957,1.05961,1.00,2.62
2017.03.10 04:33:40.566,1.05958,1.05961,1.50,1.12
2017.03.10 04:33:40.667,1.05959,1.05963,2.62,1.00
2017.03.10 04:33:41.187,1.05957,1.05962,4.50,1.12
2017.03.10 04:33:43.052,1.05957,1.05962,4.12,1.87
2017.03.10 04:33:46.600,1.05957,1.05961,1.12,1.00
2017.03.10 04:33:47.822,1.05957,1.05962,1.50,3.75
2017.03.10 04:33:50.007,1.05957,1.05962,1.87,4.69
2017.03.10 04:33:54.662,1.05957,1.0596,1.87,1.00
2017.03.10 04:33:55.169,1.05956,1.0596,2.25,1.87
2017.03.10 04:33:56.016,1.05958,1.05961,1.00,2.25
2017.03.10 04:33:56.168,1.05959,1.05963,3.75,3.37
2017.03.10 04:33:58.448,1.05959,1.05964,3.75,3.00
2017.03.10 04:33:58.499,1.05961,1.05964,1.00,1.12
2017.03.10 04:33:58.601,1.05962,1.05966,1.87,2.44
2017.03.10 04:34:12.832,1.05963,1.05967,1.87,1.87
2017.03.10 04:34:13.360,1.05963,1.05966,1.00,1.00
2017.03.10 04:34:14.863,1.05961,1.05966,8.66,1.00
2017.03.10 04:34:39.508,1.05961,1.05967,7.69,3.37
2017.03.10 04:34:46.694,1.05961,1.05967,5.25,3.37
2017.03.10 04:34:59.674,1.05962,1.05964,2.10,1.50
2017.03.10 04:34:59.928,1.05961,1.05965,2.25,1.50
2017.03.10 04:35:00.081,1.0596,1.05963,3.00,1.00
2017.03.10 04:35:00.132,1.0596,1.05964,1.50,2.62
2017.03.10 04:35:00.487,1.05958,1.05962,3.60,1.12
2017.03.10 04:35:00.792,1.05961,1.05966,2.47,2.62
2017.03.10 04:35:04.817,1.0596,1.05965,6.60,1.00
2017.03.10 04:35:06.850,1.0596,1.05964,1.37,1.00
2017.03.10 04:35:06.952,1.05959,1.05963,1.00,1.12
2017.03.10 04:35:10.844,1.05959,1.05964,1.00,3.75
2017.03.10 04:35:11.348,1.05958,1.05963,2.10,1.00
2017.03.10 04:35:11.866,1.05958,1.05963,1.12,1.37
2017.03.10 04:35:14.840,1.05957,1.05961,3.75,1.50
2017.03.10 04:35:15.045,1.05955,1.0596,5.85,3.37
2017.03.10 04:35:15.198,1.05956,1.05961,4.35,1.87
2017.03.10 04:35:17.913,1.05957,1.05962,1.00,2.62
2017.03.10 04:35:38.172,1.05957,1.05961,1.50,1.00
2017.03.10 04:35:38.886,1.05957,1.05962,1.50,4.31
2017.03.10 04:35:59.872,1.05957,1.05961,1.50,1.87
2017.03.10 04:36:00.416,1.05957,1.05961,1.00,1.87
2017.03.10 04:36:05.764,1.05958,1.05962,1.50,1.37
2017.03.10 04:36:06.274,1.05957,1.05962,1.00,1.37
2017.03.10 04:36:27.403,1.05958,1.05961,1.00,1.31
2017.03.10 04:36:51.459,1.05956,1.0596,3.37,1.37
2017.03.10 04:36:51.611,1.05955,1.05959,2.25,1.12
2017.03.10 04:36:52.122,1.05956,1.05959,1.00,1.12
2017.03.10 04:36:52.671,1.05955,1.05959,1.50,1.12
2017.03.10 04:36:53.178,1.05956,1.05959,1.00,1.12
2017.03.10 04:36:53.790,1.05955,1.05959,1.00,4.12
2017.03.10 04:36:54.375,1.05955,1.05958,1.00,1.50
2017.03.10 04:36:55.095,1.05954,1.05959,1.12,8.25
2017.03.10 04:36:58.444,1.05954,1.05958,1.87,1.00
2017.03.10 04:37:01.699,1.05953,1.05957,3.37,1.12
2017.03.10 04:37:02.829,1.05953,1.05956,1.87,1.00
2017.03.10 04:37:03.354,1.05953,1.05957,1.87,2.25
2017.03.10 04:37:03.863,1.05952,1.05956,1.12,4.12
2017.03.10 04:37:04.369,1.05951,1.05956,3.00,4.87
2017.03.10 04:37:04.920,1.05951,1.05956,3.37,1.87
2017.03.10 04:37:35.655,1.0595,1.05953,2.62,1.00
2017.03.10 04:37:36.161,1.05949,1.05953,1.00,1.00
2017.03.10 04:37:36.763,1.05948,1.05953,2.62,2.62
2017.03.10 04:37:37.283,1.05948,1.05953,2.25,1.37
2017.03.10 04:37:39.522,1.05947,1.05952,2.62,3.00
2017.03.10 04:37:40.024,1.05947,1.05951,1.00,1.87
2017.03.10 04:37:40.988,1.05946,1.05951,4.50,1.87
2017.03.10 04:37:43.669,1.05947,1.05951,1.00,1.87
2017.03.10 04:37:44.203,1.05946,1.05951,3.75,1.87
2017.03.10 04:37:44.778,1.05947,1.05951,1.00,1.87
2017.03.10 04:37:46.566,1.05946,1.05951,3.75,1.87
2017.03.10 04:37:47.178,1.05947,1.05951,1.00,1.87
2017.03.10 04:37:49.558,1.05946,1.05951,4.12,1.87
2017.03.10 04:37:50.091,1.05947,1.05951,1.00,1.87
2017.03.10 04:37:50.769,1.05946,1.05951,4.12,1.87
2017.03.10 04:37:53.447,1.05947,1.05951,1.00,1.87
2017.03.10 04:37:56.182,1.05946,1.05951,3.00,3.37
2017.03.10 04:38:00.897,1.05947,1.05951,1.00,1.87
2017.03.10 04:38:11.543,1.05948,1.05952,1.00,3.37
2017.03.10 04:38:12.086,1.05947,1.05952,1.50,1.87
2017.03.10 04:38:16.666,1.05946,1.0595,1.50,2.25
2017.03.10 04:38:16.819,1.05946,1.05951,2.25,1.12
2017.03.10 04:38:29.728,1.05946,1.05951,5.25,4.50
2017.03.10 04:38:30.725,1.05946,1.05951,1.12,3.37
2017.03.10 04:38:32.068,1.05947,1.05951,1.87,4.50
2017.03.10 04:38:33.182,1.05946,1.05951,4.50,3.00
2017.03.10 04:38:36.871,1.05947,1.05951,1.12,3.00
2017.03.10 04:38:44.961,1.05946,1.05951,1.87,3.00
2017.03.10 04:38:46.878,1.05947,1.05951,1.00,4.87
2017.03.10 04:38:48.036,1.05946,1.05951,1.50,6.75
2017.03.10 04:38:49.823,1.05946,1.05951,5.25,3.00
2017.03.10 04:39:02.479,1.05946,1.0595,4.12,1.37
2017.03.10 04:39:02.990,1.05946,1.0595,1.12,1.12
2017.03.10 04:39:03.538,1.05947,1.0595,1.50,1.37
2017.03.10 04:39:03.690,1.05947,1.05951,1.50,1.00
2017.03.10 04:39:06.381,1.05947,1.05952,1.87,3.56
2017.03.10 04:39:06.963,1.05947,1.05951,2.25,1.25
2017.03.10 04:39:09.448,1.05948,1.05951,1.00,2.62
2017.03.10 04:39:10.060,1.05947,1.05951,3.00,2.62
2017.03.10 04:39:11.755,1.05948,1.05952,1.00,1.62
2017.03.10 04:39:12.291,1.05947,1.05952,2.25,1.62
2017.03.10 04:39:23.673,1.05948,1.05951,1.00,1.87
2017.03.10 04:39:24.213,1.05947,1.05951,1.87,1.87
2017.03.10 04:39:24.461,1.05946,1.0595,5.25,1.37
2017.03.10 04:39:24.562,1.05946,1.05951,5.25,1.87
2017.03.10 04:39:25.103,1.05947,1.05951,1.50,1.37
2017.03.10 04:39:27.103,1.05947,1.05952,1.87,4.12
2017.03.10 04:39:27.606,1.05947,1.05952,3.37,3.37
2017.03.10 04:39:30.888,1.05948,1.05952,1.00,3.37
2017.03.10 04:39:31.040,1.0595,1.05953,2.62,2.25
2017.03.10 04:39:31.605,1.0595,1.05954,3.37,1.12
2017.03.10 04:39:32.773,1.0595,1.05954,1.50,2.25
2017.03.10 04:39:34.103,1.05949,1.05953,3.37,3.75
2017.03.10 04:39:34.639,1.05948,1.05952,1.50,1.00
2017.03.10 04:39:36.105,1.05947,1.05952,5.25,1.87
2017.03.10 04:39:36.924,1.05947,1.05951,2.25,1.50
2017.03.10 04:39:42.311,1.05946,1.0595,1.12,1.50
2017.03.10 04:39:42.936,1.05945,1.05949,3.37,1.00
2017.03.10 04:39:48.678,1.05945,1.0595,3.37,3.00
2017.03.10 04:39:49.039,1.05947,1.0595,1.00,1.50
2017.03.10 04:39:49.582,1.05946,1.0595,1.50,1.37
2017.03.10 04:39:52.341,1.05947,1.0595,1.00,3.75
2017.03.10 04:39:53.078,1.05946,1.0595,1.00,1.87
2017.03.10 04:40:00.459,1.05946,1.05949,1.00,1.12
2017.03.10 04:40:01.622,1.05946,1.0595,2.25,3.19
2017.03.10 04:40:01.947,1.05947,1.05948,1.00,1.00
2017.03.10 04:40:04.055,1.05947,1.0595,1.00,3.19
2017.03.10 04:40:06.487,1.05947,1.0595,1.00,2.44
2017.03.10 04:40:07.027,1.05946,1.0595,1.87,2.44
2017.03.10 04:40:09.337,1.05946,1.0595,1.12,2.81
2017.03.10 04:40:11.075,1.05946,1.0595,1.12,2.81
2017.03.10 04:40:12.306,1.05946,1.0595,4.50,1.31
2017.03.10 04:40:12.409,1.05947,1.05952,4.87,1.87
2017.03.10 04:40:12.460,1.0595,1.05952,1.12,1.50
2017.03.10 04:40:12.563,1.05951,1.05954,1.00,1.87
2017.03.10 04:40:12.971,1.05949,1.05955,1.87,9.97
2017.03.10 04:40:16.815,1.05947,1.05952,4.12,1.37
2017.03.10 04:40:16.917,1.05947,1.05952,1.50,3.37
2017.03.10 04:40:17.070,1.05946,1.05952,2.62,3.37
2017.03.10 04:40:19.835,1.05945,1.0595,4.50,2.81
2017.03.10 04:40:20.341,1.05945,1.0595,4.50,2.81
2017.03.10 04:40:24.321,1.05945,1.05949,1.00,4.12
2017.03.10 04:40:25.636,1.05946,1.05949,2.62,5.81
2017.03.10 04:40:32.323,1.05945,1.05949,1.87,2.25
2017.03.10 04:40:32.830,1.05944,1.05948,3.75,1.00
2017.03.10 04:40:33.381,1.05944,1.05949,3.75,1.50
2017.03.10 04:40:34.193,1.05944,1.05948,3.00,1.50
2017.03.10 04:40:35.503,1.05945,1.05949,2.25,3.75
2017.03.10 04:40:36.010,1.05945,1.05949,1.00,1.87
2017.03.10 04:40:36.528,1.05944,1.05949,3.00,1.50
2017.03.10 04:40:41.219,1.05944,1.05948,4.50,1.00
2017.03.10 04:40:41.777,1.05944,1.05949,4.50,1.12
2017.03.10 04:40:42.679,1.05946,1.0595,1.00,3.19
2017.03.10 04:40:43.186,1.05947,1.0595,1.00,1.25
2017.03.10 04:40:44.137,1.05946,1.0595,4.50,1.25
2017.03.10 04:40:44.672,1.05947,1.0595,1.00,2.06
2017.03.10 04:40:45.232,1.05946,1.0595,1.12,1.69
2017.03.10 04:40:45.805,1.05947,1.0595,1.00,2.44
2017.03.10 04:40:49.460,1.05946,1.0595,3.00,2.44
2017.03.10 04:40:52.381,1.05946,1.0595,1.00,3.56
2017.03.10 04:40:52.893,1.05944,1.05949,6.37,1.12
2017.03.10 04:41:00.088,1.05944,1.05948,1.50,1.12
2017.03.10 04:41:00.401,1.05944,1.05946,1.00,1.00
2017.03.10 04:41:00.908,1.05943,1.05947,2.62,1.25
2017.03.10 04:41:04.497,1.05943,1.05947,2.25,2.06
2017.03.10 04:41:22.494,1.05942,1.05946,3.37,1.12
2017.03.10 04:41:23.017,1.05943,1.05947,1.00,3.00
2017.03.10 04:41:23.988,1.05942,1.05947,4.12,4.12
2017.03.10 04:41:24.452,1.05942,1.05945,2.62,1.37
2017.03.10 04:41:24.945,1.05942,1.05946,1.50,1.50
2017.03.10 04:41:28.164,1.05942,1.05946,1.87,1.50
2017.03.10 04:41:28.890,1.05943,1.05946,1.00,1.50
2017.03.10 04:41:29.505,1.05942,1.05946,1.87,1.50
2017.03.10 04:41:30.219,1.05942,1.05946,1.12,3.25
2017.03.10 04:41:32.631,1.05941,1.05945,1.00,2.25
2017.03.10 04:41:33.160,1.0594,1.05945,6.37,2.25
2017.03.10 04:41:35.596,1.05941,1.05945,1.00,2.25
2017.03.10 04:41:36.585,1.0594,1.05945,5.62,2.25
2017.03.10 04:41:37.118,1.05941,1.05945,1.00,2.25
2017.03.10 04:41:41.027,1.0594,1.05945,5.62,1.50
2017.03.10 04:41:41.738,1.05941,1.05945,1.00,1.50
2017.03.10 04:41:52.130,1.05941,1.05945,5.62,1.00
2017.03.10 04:41:52.333,1.05942,1.05947,2.25,1.69
2017.03.10 04:41:55.481,1.05942,1.05947,3.37,2.81
2017.03.10 04:42:01.902,1.05942,1.05947,2.25,1.87
2017.03.10 04:42:05.593,1.05942,1.05946,1.37,2.25
2017.03.10 04:42:07.414,1.05942,1.05945,1.12,1.12
2017.03.10 04:42:08.055,1.05942,1.05945,1.12,1.50
2017.03.10 04:42:10.907,1.05941,1.05947,6.37,3.75
2017.03.10 04:42:17.716,1.05944,1.05947,3.00,1.75
2017.03.10 04:42:17.942,1.05945,1.05951,6.37,9.56
2017.03.10 04:42:17.993,1.05946,1.05951,1.87,4.69
2017.03.10 04:42:18.504,1.05947,1.05952,1.00,8.81
2017.03.10 04:42:20.606,1.05946,1.0595,2.62,1.37
2017.03.10 04:42:21.622,1.05945,1.05949,1.87,1.12
2017.03.10 04:42:27.950,1.05945,1.0595,7.87,1.87
2017.03.10 04:42:28.456,1.05945,1.0595,4.12,1.87
2017.03.10 04:42:35.867,1.05945,1.0595,6.37,1.87
2017.03.10 04:42:37.141,1.05945,1.0595,5.25,1.87
2017.03.10 04:42:39.420,1.05946,1.0595,1.12,1.87
2017.03.10 04:42:39.957,1.05948,1.05951,1.00,1.31
2017.03.10 04:42:41.771,1.05947,1.05952,3.75,4.31
2017.03.10 04:42:42.735,1.05948,1.05952,1.00,4.31
2017.03.10 04:42:45.810,1.05948,1.05952,1.87,3.19
2017.03.10 04:42:46.113,1.05947,1.0595,1.37,1.00
2017.03.10 04:42:46.631,1.05947,1.0595,1.12,1.37
2017.03.10 04:42:46.733,1.05947,1.05951,1.12,1.00
2017.03.10 04:42:51.179,1.05946,1.0595,3.75,1.00
2017.03.10 04:42:52.525,1.05947,1.0595,1.12,1.37
2017.03.10 04:42:52.728,1.05947,1.05952,1.37,5.06
2017.03.10 04:42:53.539,1.05948,1.05952,1.12,3.56
2017.03.10 04:42:57.894,1.05947,1.05952,1.87,3.94
2017.03.10 04:42:58.400,1.05946,1.0595,3.00,1.12
2017.03.10 04:42:58.927,1.05946,1.0595,3.75,1.37
2017.03.10 04:42:58.978,1.05946,1.0595,3.37,1.37
2017.03.10 04:43:06.740,1.05947,1.0595,1.00,1.37
2017.03.10 04:43:07.249,1.05946,1.0595,1.87,1.37
2017.03.10 04:43:15.058,1.05946,1.0595,1.87,1.12
2017.03.10 04:43:17.905,1.05946,1.05949,1.12,1.00
2017.03.10 04:43:18.435,1.05945,1.05949,1.87,1.87
2017.03.10 04:43:33.297,1.05947,1.0595,1.00,2.06
2017.03.10 04:43:33.803,1.05946,1.0595,1.12,1.87
2017.03.10 04:43:34.322,1.05947,1.0595,1.00,1.12
2017.03.10 04:43:34.858,1.05947,1.05951,1.00,2.62
2017.03.10 04:43:36.750,1.05947,1.0595,1.00,1.37
2017.03.10 04:43:36.851,1.05946,1.05951,3.00,1.00
2017.03.10 04:43:40.360,1.05946,1.0595,1.87,1.12
2017.03.10 04:43:40.889,1.05946,1.0595,1.87,1.37
2017.03.10 04:43:44.533,1.05946,1.0595,1.87,1.12
2017.03.10 04:43:44.989,1.05949,1.05953,1.50,6.94
2017.03.10 04:43:45.040,1.05949,1.05953,1.00,3.19
2017.03.10 04:43:45.571,1.05949,1.05953,3.97,2.25
2017.03.10 04:43:45.622,1.05949,1.05954,10.72,1.50
2017.03.10 04:44:00.694,1.05949,1.05953,1.87,1.00
2017.03.10 04:44:01.260,1.05949,1.05953,1.50,1.50
2017.03.10 04:44:01.782,1.05948,1.05952,1.00,1.00
2017.03.10 04:44:03.449,1.05948,1.05953,6.00,1.50
2017.03.10 04:44:03.960,1.05949,1.05954,2.25,1.12
2017.03.10 04:44:05.740,1.0595,1.05955,1.12,1.87
2017.03.10 04:44:06.279,1.05951,1.05955,1.50,1.37
2017.03.10 04:44:06.831,1.05951,1.05955,1.00,1.12
2017.03.10 04:44:07.618,1.0595,1.05955,3.97,1.12
2017.03.10 04:44:10.887,1.05951,1.05955,1.00,1.12
2017.03.10 04:44:11.589,1.05951,1.05955,1.00,1.37
2017.03.10 04:44:18.244,1.0595,1.05955,3.37,5.62
2017.03.10 04:44:18.750,1.05951,1.05955,1.00,1.50
2017.03.10 04:44:19.298,1.0595,1.05956,1.00,8.44
2017.03.10 04:44:20.260,1.05951,1.05956,1.00,7.69
2017.03.10 04:44:22.234,1.0595,1.05956,1.00,9.56
2017.03.10 04:44:22.871,1.05951,1.05956,1.00,9.56
2017.03.10 04:44:24.634,1.0595,1.05955,1.00,2.25
2017.03.10 04:44:25.158,1.05951,1.05955,1.00,2.25
2017.03.10 04:44:28.206,1.0595,1.05955,1.50,1.69
2017.03.10 04:44:28.818,1.05951,1.05955,1.00,1.69
2017.03.10 04:44:32.748,1.0595,1.05955,1.00,4.69
2017.03.10 04:44:35.858,1.05949,1.05955,3.75,7.76
2017.03.10 04:44:41.522,1.05951,1.05955,1.00,6.82
2017.03.10 04:44:43.000,1.0595,1.05955,1.00,1.50
2017.03.10 04:44:43.546,1.05951,1.05955,1.00,1.47
2017.03.10 04:44:51.145,1.05949,1.05954,5.25,1.87
2017.03.10 04:44:58.138,1.0595,1.05955,1.00,6.37
2017.03.10 04:45:00.771,1.05949,1.05953,4.50,1.87
2017.03.10 04:45:01.024,1.0595,1.05955,1.50,4.57
2017.03.10 04:45:01.533,1.05951,1.05955,1.00,2.81
2017.03.10 04:45:02.040,1.0595,1.05955,3.00,1.31
2017.03.10 04:45:06.026,1.05949,1.05954,5.25,1.12
2017.03.10 04:45:06.797,1.0595,1.05955,1.50,4.31
2017.03.10 04:45:07.327,1.05951,1.05955,1.00,1.37
2017.03.10 04:45:11.064,1.0595,1.05955,3.97,1.37
2017.03.10 04:45:12.232,1.05949,1.05955,10.50,3.94
2017.03.10 04:45:15.591,1.05949,1.05954,5.25,1.87
2017.03.10 04:45:16.102,1.05949,1.05954,6.75,1.00
2017.03.10 04:45:17.391,1.0595,1.05954,2.62,1.87
2017.03.10 04:45:21.965,1.05951,1.05955,1.00,2.25
2017.03.10 04:45:29.195,1.05951,1.05955,1.00,1.12
2017.03.10 04:45:34.324,1.05951,1.05954,1.00,1.00
2017.03.10 04:45:34.828,1.0595,1.05954,1.00,1.87
2017.03.10 04:45:39.801,1.05949,1.05953,3.75,1.12
2017.03.10 04:45:40.336,1.05951,1.05954,1.00,2.06
2017.03.10 04:45:40.452,1.05951,1.05955,1.00,2.25
2017.03.10 04:45:54.713,1.05951,1.05955,1.50,1.37
2017.03.10 04:45:57.237,1.05951,1.05955,1.37,1.20
2017.03.10 04:45:57.750,1.05951,1.05955,1.00,1.12
2017.03.10 04:46:12.252,1.05951,1.05955,1.87,1.37
2017.03.10 04:46:12.353,1.05952,1.05956,1.00,2.62
2017.03.10 04:46:12.860,1.05953,1.05957,1.00,1.00
2017.03.10 04:46:21.402,1.05952,1.05956,1.50,1.00
2017.03.10 04:46:26.498,1.05952,1.05956,1.12,1.37
2017.03.10 04:46:27.905,1.05952,1.05958,3.00,4.72
2017.03.10 04:46:28.415,1.05953,1.05957,1.00,1.15
2017.03.10 04:46:31.682,1.05954,1.05957,1.00,1.15
2017.03.10 04:46:32.197,1.05954,1.05958,1.00,2.74
2017.03.10 04:46:40.728,1.05952,1.05956,1.50,1.12
2017.03.10 04:46:45.919,1.05952,1.05957,1.87,1.50
2017.03.10 04:46:48.229,1.05952,1.05957,2.25,3.00
2017.03.10 04:46:54.113,1.05953,1.05957,1.69,1.00
2017.03.10 04:46:54.689,1.05953,1.05958,6.19,1.12
2017.03.10 04:46:55.766,1.05954,1.05958,1.00,2.62
2017.03.10 04:47:03.296,1.05953,1.05958,4.31,1.12
2017.03.10 04:47:14.335,1.05954,1.05959,2.25,2.25
2017.03.10 04:47:29.470,1.05953,1.05959,5.81,2.21
2017.03.10 04:47:30.605,1.05954,1.05959,1.50,5.21
2017.03.10 04:47:36.620,1.05954,1.05959,1.50,3.71
2017.03.10 04:47:36.722,1.05954,1.0596,11.06,4.12
2017.03.10 04:47:37.027,1.05958,1.05963,1.12,7.12
2017.03.10 04:47:40.154,1.05957,1.05962,1.87,1.99
2017.03.10 04:47:40.660,1.05957,1.05962,1.12,2.62
2017.03.10 04:47:41.170,1.05958,1.05962,1.00,1.87
2017.03.10 04:47:41.778,1.05957,1.05962,3.00,1.12
2017.03.10 04:47:43.478,1.05957,1.05961,1.00,1.00
2017.03.10 04:47:47.706,1.05957,1.05961,1.00,10.76
2017.03.10 04:47:47.757,1.05955,1.05961,4.54,12.60
2017.03.10 04:47:52.579,1.05955,1.0596,5.29,6.82
2017.03.10 04:47:52.828,1.05955,1.05958,1.62,1.00
2017.03.10 04:47:53.334,1.05955,1.05959,1.62,1.00
2017.03.10 04:47:55.059,1.05955,1.0596,2.81,5.85
2017.03.10 04:47:55.564,1.05957,1.05961,2.62,1.15
2017.03.10 04:47:56.830,1.05956,1.05959,1.87,1.00
2017.03.10 04:47:57.337,1.05955,1.0596,2.44,5.96
2017.03.10 04:48:04.306,1.05955,1.05959,1.87,1.00
2017.03.10 04:48:04.826,1.05954,1.05959,2.81,1.42
2017.03.10 04:48:06.061,1.05955,1.05959,1.12,1.42
2017.03.10 04:48:06.827,1.05954,1.05959,2.44,2.92
2017.03.10 04:48:07.131,1.05953,1.05957,1.31,1.50
2017.03.10 04:48:07.637,1.05952,1.05956,2.44,1.15
2017.03.10 04:48:17.908,1.05952,1.05958,3.19,9.37
2017.03.10 04:48:18.419,1.05952,1.05958,5.44,5.36
2017.03.10 04:48:19.460,1.05952,1.05957,4.69,1.00
2017.03.10 04:48:26.463,1.05953,1.05958,2.81,2.74
2017.03.10 04:48:26.972,1.05954,1.05958,1.12,3.49
2017.03.10 04:48:32.717,1.05954,1.05957,1.12,1.00
2017.03.10 04:48:35.262,1.05953,1.05958,1.62,4.61
2017.03.10 04:48:45.733,1.05953,1.05957,1.62,1.00
2017.03.10 04:48:46.251,1.05953,1.05958,1.62,5.36
2017.03.10 04:48:49.737,1.05953,1.05957,1.69,1.00
2017.03.10 04:48:50.267,1.05953,1.05958,1.69,3.37
2017.03.10 04:48:50.772,1.05953,1.05958,1.69,3.49
2017.03.10 04:48:51.703,1.05953,1.05958,1.69,2.62
2017.03.10 04:48:54.524,1.05953,1.05958,2.44,2.36
2017.03.10 04:48:55.058,1.05953,1.05958,1.69,3.49
2017.03.10 04:48:55.564,1.05953,1.05958,2.06,1.12
2017.03.10 04:48:56.087,1.05953,1.05958,1.31,3.86
2017.03.10 04:48:56.621,1.05953,1.05958,1.25,2.62
2017.03.10 04:48:57.353,1.05952,1.05957,3.56,1.12
2017.03.10 04:48:57.859,1.05952,1.05957,3.19,1.52
2017.03.10 04:48:59.388,1.05952,1.05957,4.31,1.24
2017.03.10 04:49:05.449,1.05952,1.05956,4.31,1.00
2017.03.10 04:49:08.398,1.05952,1.05955,1.12,3.00
2017.03.10 04:49:08.550,1.0595,1.05954,2.25,1.00
2017.03.10 04:49:09.098,1.05949,1.05954,1.50,3.75
2017.03.10 04:49:11.127,1.05948,1.0595,5.25,3.15
2017.03.10 04:49:11.476,1.05949,1.05952,1.00,1.50
2017.03.10 04:49:11.982,1.05949,1.05954,1.00,3.86
2017.03.10 04:49:12.539,1.05949,1.05954,1.12,4.61
2017.03.10 04:49:13.095,1.05949,1.05954,1.00,3.86
2017.03.10 04:49:13.718,1.05949,1.05954,1.12,4.61
2017.03.10 04:49:15.226,1.0595,1.05954,1.00,1.50
2017.03.10 04:49:15.732,1.05949,1.05953,1.50,1.12
2017.03.10 04:49:16.668,1.05948,1.05954,5.44,4.61
2017.03.10 04:49:17.392,1.05949,1.05954,1.50,4.61
2017.03.10 04:49:18.723,1.05948,1.05954,5.44,4.61
2017.03.10 04:49:19.252,1.05949,1.05954,3.37,2.25
2017.03.10 04:49:19.608,1.05948,1.05952,1.31,1.00
2017.03.10 04:49:20.117,1.05949,1.05953,2.62,1.00
2017.03.10 04:49:20.637,1.05949,1.05954,1.12,7.61
2017.03.10 04:49:23.428,1.05949,1.05953,1.12,1.12
2017.03.10 04:49:24.988,1.05948,1.05952,1.12,2.25
2017.03.10 04:49:25.494,1.05947,1.0595,1.37,1.50
2017.03.10 04:49:25.596,1.05946,1.0595,1.50,1.00
2017.03.10 04:49:26.113,1.05947,1.05952,2.62,3.94
2017.03.10 04:49:28.104,1.05947,1.05951,1.00,3.94
2017.03.10 04:49:29.265,1.05946,1.0595,2.25,2.25
2017.03.10 04:49:29.821,1.05947,1.05949,1.00,1.00
2017.03.10 04:49:29.974,1.05947,1.05951,3.00,1.50
2017.03.10 04:49:30.518,1.05947,1.05953,4.12,2.44
2017.03.10 04:49:39.810,1.05947,1.05953,6.37,3.94
2017.03.10 04:49:47.127,1.05947,1.05952,4.87,1.12
2017.03.10 04:49:47.381,1.05947,1.0595,1.00,1.00
2017.03.10 04:49:48.192,1.05947,1.05949,1.00,1.00
2017.03.10 04:49:48.395,1.05947,1.05951,1.50,2.62
2017.03.10 04:49:49.178,1.05949,1.05951,1.00,1.80
2017.03.10 04:49:49.481,1.05947,1.05951,1.12,3.00
2017.03.10 04:49:50.017,1.05947,1.0595,1.00,1.00
2017.03.10 04:49:50.578,1.05946,1.05949,3.56,1.00
2017.03.10 04:49:51.216,1.05947,1.05949,1.00,1.00
2017.03.10 04:49:51.766,1.05946,1.05949,2.06,1.00
2017.03.10 04:49:52.319,1.05947,1.0595,1.00,1.50
2017.03.10 04:49:53.230,1.05948,1.05952,1.00,3.75
2017.03.10 04:49:53.738,1.05949,1.05952,1.00,2.25
2017.03.10 04:49:55.790,1.05948,1.05951,1.87,1.87
2017.03.10 04:49:55.943,1.05948,1.05949,1.00,1.00
2017.03.10 04:49:56.147,1.05947,1.05951,1.50,1.87
2017.03.10 04:49:56.603,1.05946,1.05951,6.04,2.62
2017.03.10 04:49:57.490,1.05946,1.05951,3.94,2.62
2017.03.10 04:49:58.012,1.05946,1.05951,8.06,1.87
2017.03.10 04:49:58.531,1.05946,1.05951,5.81,3.75
2017.03.10 04:50:00.549,1.05948,1.0595,1.00,1.12
2017.03.10 04:50:00.752,1.05948,1.05952,2.62,1.12
2017.03.10 04:50:03.470,1.05948,1.05951,1.00,1.87
2017.03.10 04:50:03.993,1.05946,1.05951,6.56,2.62
2017.03.10 04:50:05.797,1.05947,1.05951,1.50,1.87
2017.03.10 04:50:06.312,1.05946,1.05951,2.81,3.00
2017.03.10 04:50:10.340,1.05947,1.05951,1.00,1.50
2017.03.10 04:50:10.878,1.05946,1.05951,4.69,1.50
2017.03.10 04:50:11.384,1.05947,1.05951,1.00,4.50
2017.03.10 04:50:11.887,1.05947,1.05952,6.60,1.87
2017.03.10 04:50:12.397,1.05948,1.05952,1.00,1.87
2017.03.10 04:50:12.911,1.05947,1.05953,5.85,1.47
2017.03.10 04:50:13.587,1.05948,1.05952,1.00,1.87
2017.03.10 04:50:14.117,1.05947,1.05951,1.87,1.50
2017.03.10 04:50:15.083,1.05947,1.05952,1.87,1.12
2017.03.10 04:50:18.103,1.05947,1.05951,1.00,1.12
2017.03.10 04:50:21.149,1.05946,1.0595,1.69,3.75
2017.03.10 04:50:21.352,1.05946,1.05951,2.06,3.75
2017.03.10 04:50:24.218,1.05947,1.05952,1.00,3.00
2017.03.10 04:50:27.409,1.05947,1.05952,1.50,3.00
2017.03.10 04:50:27.932,1.05946,1.05951,4.87,1.87
2017.03.10 04:50:28.817,1.05946,1.05952,2.25,7.50
2017.03.10 04:50:29.323,1.05946,1.0595,2.25,1.00
2017.03.10 04:50:29.832,1.05946,1.05951,2.25,1.00
2017.03.10 04:50:30.310,1.05946,1.05949,1.12,1.12
2017.03.10 04:50:30.412,1.05944,1.05949,11.44,1.50
2017.03.10 04:50:33.441,1.05945,1.05949,1.00,2.25
2017.03.10 04:50:35.915,1.05945,1.0595,4.50,4.12
2017.03.10 04:50:38.164,1.05945,1.05949,3.75,1.00
2017.03.10 04:50:38.670,1.05944,1.05949,4.12,1.00
2017.03.10 04:50:39.464,1.05944,1.0595,3.75,5.25
2017.03.10 04:50:39.618,1.05944,1.05948,1.00,1.37
2017.03.10 04:50:40.073,1.05942,1.05947,4.87,2.62
2017.03.10 04:50:42.408,1.05942,1.05946,1.87,1.50
2017.03.10 04:50:43.360,1.05942,1.05947,2.62,4.39
2017.03.10 04:50:44.302,1.05942,1.05946,2.62,2.25
2017.03.10 04:50:44.707,1.05939,1.05944,5.62,1.00
2017.03.10 04:50:44.859,1.05939,1.05943,2.62,1.87
2017.03.10 04:50:45.062,1.05937,1.05942,3.37,3.00
2017.03.10 04:50:45.375,1.05936,1.05939,1.12,3.00
2017.03.10 04:50:45.679,1.05934,1.05938,1.12,1.37
2017.03.10 04:50:46.185,1.05934,1.05938,1.12,2.25
2017.03.10 04:50:46.691,1.05934,1.05939,2.25,1.12
2017.03.10 04:50:46.992,1.05936,1.05939,1.50,1.12
2017.03.10 04:50:47.094,1.05936,1.05941,1.50,1.87
2017.03.10 04:50:48.198,1.05936,1.0594,1.12,1.12
2017.03.10 04:50:48.300,1.05934,1.05939,3.00,1.87
2017.03.10 04:50:48.528,1.05933,1.05939,3.56,4.12
2017.03.10 04:50:48.629,1.05933,1.05939,3.56,4.87
2017.03.10 04:50:48.781,1.05933,1.05939,4.31,4.12
2017.03.10 04:50:49.350,1.05933,1.05939,2.81,4.87
2017.03.10 04:50:50.016,1.05933,1.05937,2.06,1.00
2017.03.10 04:50:55.025,1.05933,1.05937,1.31,1.00
2017.03.10 04:50:58.717,1.05932,1.05936,3.00,1.00
2017.03.10 04:51:00.729,1.05931,1.05937,10.87,3.00
2017.03.10 04:51:05.551,1.05934,1.05937,1.00,1.12
2017.03.10 04:51:05.855,1.05936,1.05939,1.87,3.00
2017.03.10 04:51:06.159,1.0594,1.05942,1.50,1.00
2017.03.10 04:51:06.261,1.0594,1.05944,4.50,1.50
2017.03.10 04:51:06.514,1.05941,1.05946,2.25,2.25
2017.03.10 04:51:07.168,1.05942,1.05945,1.00,1.12
2017.03.10 04:51:07.879,1.05942,1.05946,1.12,1.12
2017.03.10 04:51:09.110,1.05942,1.05945,1.12,1.12
2017.03.10 04:51:09.313,1.0594,1.05944,3.75,1.00
2017.03.10 04:51:09.465,1.05938,1.05943,4.12,1.87
2017.03.10 04:51:09.972,1.05937,1.05941,3.37,1.12
2017.03.10 04:51:10.896,1.05938,1.05943,4.50,3.75
2017.03.10 04:51:11.048,1.05938,1.05944,4.12,2.81
2017.03.10 04:51:11.592,1.0594,1.05945,2.62,4.50
2017.03.10 04:51:14.153,1.05939,1.05945,9.19,3.00
2017.03.10 04:51:16.041,1.05942,1.05945,1.00,3.00
2017.03.10 04:51:16.244,1.05943,1.05948,1.00,1.12
2017.03.10 04:51:16.759,1.05944,1.05949,1.12,1.31
2017.03.10 04:51:17.489,1.05944,1.05948,1.00,1.87
2017.03.10 04:51:18.017,1.05944,1.05949,1.31,3.37
2017.03.10 04:51:19.483,1.05944,1.0595,3.71,7.20
2017.03.10 04:51:20.401,1.05944,1.05949,2.81,3.00
2017.03.10 04:51:26.036,1.05944,1.05948,2.51,1.00
2017.03.10 04:51:26.294,1.05943,1.05947,1.50,1.87
2017.03.10 04:51:26.868,1.05941,1.05946,4.76,1.12
2017.03.10 04:51:29.352,1.05942,1.05947,1.12,1.50
2017.03.10 04:51:29.877,1.05942,1.05947,3.82,1.12
2017.03.10 04:51:30.393,1.05942,1.05947,3.82,1.12
2017.03.10 04:51:30.916,1.05941,1.05946,6.56,1.12
2017.03.10 04:51:32.042,1.05942,1.05947,3.82,1.87
2017.03.10 04:51:32.786,1.05942,1.05947,4.57,1.12
2017.03.10 04:51:33.298,1.05942,1.05946,2.25,1.50
2017.03.10 04:51:36.222,1.05942,1.05947,4.57,3.37
2017.03.10 04:51:36.729,1.05943,1.05948,3.75,2.62
2017.03.10 04:51:37.280,1.05943,1.05948,3.82,2.62
2017.03.10 04:51:38.016,1.05943,1.05948,4.50,3.37
2017.03.10 04:51:38.523,1.05943,1.05948,2.32,3.37
2017.03.10 04:51:39.890,1.05943,1.05948,3.07,4.37
2017.03.10 04:51:40.093,1.05944,1.05949,2.32,5.44
2017.03.10 04:51:40.262,1.05946,1.05949,1.00,2.25
2017.03.10 04:51:40.314,1.05946,1.05951,1.87,2.62
2017.03.10 04:51:40.366,1.05945,1.05951,9.75,3.37
2017.03.10 04:51:40.467,1.05947,1.05951,1.00,2.25
2017.03.10 04:51:40.974,1.05946,1.05951,1.00,4.50
2017.03.10 04:51:41.481,1.05945,1.0595,1.50,3.37
2017.03.10 04:51:41.987,1.05945,1.0595,1.00,1.00
2017.03.10 04:51:42.584,1.05945,1.0595,2.25,1.37
2017.03.10 04:51:42.887,1.05948,1.05951,1.12,1.87
2017.03.10 04:51:43.419,1.05947,1.05951,1.50,1.12
2017.03.10 04:51:43.925,1.05947,1.05951,1.00,2.25
2017.03.10 04:51:44.813,1.05947,1.05951,1.50,3.00
2017.03.10 04:51:45.824,1.05947,1.05951,1.57,1.50
2017.03.10 04:51:46.796,1.05947,1.05951,1.10,1.12
2017.03.10 04:51:47.333,1.05948,1.05952,1.00,1.37
2017.03.10 04:51:47.839,1.05948,1.05953,1.95,5.25
2017.03.10 04:51:49.112,1.05948,1.05953,5.25,3.37
2017.03.10 04:51:49.619,1.05949,1.05953,1.50,2.62
2017.03.10 04:51:51.889,1.0595,1.05953,1.00,1.87
2017.03.10 04:51:52.042,1.05951,1.05955,1.87,1.50
2017.03.10 04:51:52.570,1.05951,1.05956,3.00,2.06
2017.03.10 04:51:54.863,1.05952,1.05957,2.25,1.87
2017.03.10 04:51:55.057,1.05954,1.05958,1.00,1.00
2017.03.10 04:51:55.516,1.05952,1.05957,6.00,1.12
2017.03.10 04:51:56.258,1.05952,1.05956,3.75,1.12
2017.03.10 04:51:56.924,1.05951,1.05956,3.75,1.50
2017.03.10 04:51:57.590,1.05952,1.05956,1.00,1.50
2017.03.10 04:51:58.146,1.05952,1.05956,2.62,1.12
2017.03.10 04:52:02.316,1.05952,1.05956,1.10,1.12
2017.03.10 04:52:02.819,1.05953,1.05957,1.00,1.00
2017.03.10 04:52:03.651,1.05953,1.05958,1.00,1.69
2017.03.10 04:52:04.349,1.05953,1.05958,1.00,2.81
2017.03.10 04:52:05.387,1.05953,1.05958,2.25,2.81
2017.03.10 04:52:05.938,1.05953,1.05958,2.25,2.81
2017.03.10 04:52:13.682,1.05953,1.05956,1.00,1.00
2017.03.10 04:52:13.735,1.05951,1.05955,2.62,2.32
2017.03.10 04:52:13.989,1.05952,1.05956,3.37,1.12
2017.03.10 04:52:14.495,1.05952,1.05957,1.50,1.12
2017.03.10 04:52:21.006,1.05953,1.05958,1.00,3.94
2017.03.10 04:52:21.840,1.05954,1.05959,1.00,5.06
2017.03.10 04:52:23.051,1.05953,1.05959,3.75,5.81
2017.03.10 04:52:24.742,1.05955,1.05958,1.87,1.31
2017.03.10 04:52:25.097,1.05953,1.05958,6.37,2.62
2017.03.10 04:52:25.603,1.05954,1.05958,2.25,1.12
2017.03.10 04:52:26.192,1.05953,1.05958,7.12,2.62
2017.03.10 04:52:31.019,1.05953,1.05958,9.00,1.87
2017.03.10 04:52:33.001,1.05953,1.05958,4.87,2.62
2017.03.10 04:52:34.725,1.05953,1.05957,4.12,1.00
2017.03.10 04:52:35.248,1.05952,1.05957,9.37,1.37
2017.03.10 04:52:35.779,1.05953,1.05957,1.00,1.37
2017.03.10 04:52:36.887,1.05953,1.05957,1.00,1.50
2017.03.10 04:52:38.529,1.05954,1.05957,1.00,1.87
2017.03.10 04:52:42.913,1.05953,1.05957,4.72,1.87
2017.03.10 04:52:50.938,1.05953,1.05957,5.85,2.62
2017.03.10 04:52:51.940,1.05953,1.05957,5.85,2.62
2017.03.10 04:52:54.669,1.05953,1.05958,8.85,2.44
2017.03.10 04:52:55.950,1.05954,1.05958,1.12,1.31
2017.03.10 04:52:59.978,1.05953,1.05959,5.47,6.19
2017.03.10 04:53:00.529,1.05953,1.05957,4.72,1.00
2017.03.10 04:53:01.059,1.05954,1.05957,1.12,1.31
2017.03.10 04:53:03.021,1.05954,1.05958,9.60,1.12
2017.03.10 04:53:03.123,1.05956,1.05959,2.25,1.12
2017.03.10 04:53:03.275,1.05957,1.05961,1.50,1.25
2017.03.10 04:53:03.785,1.05958,1.05962,1.00,2.06
2017.03.10 04:53:04.118,1.05957,1.0596,1.00,1.37
2017.03.10 04:53:07.210,1.05955,1.0596,9.97,2.62
2017.03.10 04:53:07.716,1.05954,1.05959,4.50,2.06
2017.03.10 04:53:14.839,1.05955,1.05959,3.37,2.44
2017.03.10 04:53:15.347,1.05955,1.05959,1.00,1.31
2017.03.10 04:53:15.903,1.05954,1.05959,7.35,1.31
2017.03.10 04:53:16.829,1.05955,1.05959,1.12,1.31
2017.03.10 04:53:17.726,1.05955,1.05958,1.87,1.12
2017.03.10 04:53:18.312,1.05955,1.05958,1.00,1.37
2017.03.10 04:53:19.568,1.05954,1.05958,1.50,1.37
2017.03.10 04:53:21.607,1.05953,1.05958,8.85,2.62
2017.03.10 04:53:23.923,1.05953,1.05958,6.22,2.62
2017.03.10 04:53:24.425,1.05954,1.05958,1.00,1.87
2017.03.10 04:53:24.959,1.05953,1.05958,5.10,2.62
2017.03.10 04:53:35.857,1.05953,1.05958,4.50,2.62
2017.03.10 04:53:41.881,1.05953,1.05958,2.85,1.50
2017.03.10 04:53:42.923,1.05952,1.05957,6.60,1.50
2017.03.10 04:53:46.189,1.05953,1.05957,1.00,1.12
2017.03.10 04:53:46.882,1.05952,1.05956,9.97,1.00
2017.03.10 04:53:47.507,1.05952,1.05956,9.97,1.00
2017.03.10 04:53:48.166,1.05952,1.05956,9.97,1.50
2017.03.10 04:53:48.681,1.05952,1.05957,9.97,1.87
2017.03.10 04:53:48.784,1.05952,1.05956,1.87,3.00
2017.03.10 04:53:49.039,1.05948,1.05954,11.47,2.62
2017.03.10 04:53:49.244,1.05947,1.05952,1.50,1.87
2017.03.10 04:53:49.396,1.05946,1.05951,2.47,1.87
2017.03.10 04:53:49.903,1.05947,1.05951,1.12,1.00
2017.03.10 04:53:51.882,1.05947,1.05952,2.25,3.75
2017.03.10 04:53:57.438,1.05948,1.05953,1.87,3.56
2017.03.10 04:53:57.540,1.05948,1.05953,2.25,2.81
2017.03.10 04:53:58.054,1.05947,1.05953,6.00,3.19
2017.03.10 04:54:01.939,1.05947,1.05953,4.50,3.94
2017.03.10 04:54:08.775,1.05948,1.05953,3.00,4.50
2017.03.10 04:54:09.327,1.05949,1.05953,1.50,1.00
2017.03.10 04:54:11.160,1.05948,1.05953,4.50,1.69
2017.03.10 04:54:13.697,1.05949,1.05953,1.50,3.56
2017.03.10 04:54:14.892,1.05949,1.05953,1.00,2.06
2017.03.10 04:54:15.425,1.05948,1.05953,2.62,2.06
2017.03.10 04:54:17.425,1.05947,1.05953,7.12,5.81
2017.03.10 04:54:17.960,1.05948,1.05953,1.00,2.81
2017.03.10 04:54:21.051,1.05947,1.05953,6.75,2.81
2017.03.10 04:54:22.236,1.05946,1.05952,7.72,1.50
2017.03.10 04:54:22.439,1.05947,1.0595,1.00,1.69
2017.03.10 04:54:22.540,1.05945,1.05949,3.00,1.00
2017.03.10 04:54:22.794,1.05943,1.05948,2.62,2.25
2017.03.10 04:54:23.299,1.05942,1.05948,9.60,3.94
2017.03.10 04:54:23.873,1.05943,1.05948,1.00,3.94
2017.03.10 04:54:26.094,1.05942,1.05948,8.85,4.69
2017.03.10 04:54:31.167,1.05943,1.05948,1.00,3.94
2017.03.10 04:54:32.019,1.05943,1.05948,1.00,3.19
2017.03.10 04:54:32.327,1.05941,1.05946,3.97,1.87
2017.03.10 04:54:33.529,1.05941,1.05947,2.85,3.94
2017.03.10 04:54:34.056,1.05942,1.05946,1.87,1.12
2017.03.10 04:54:35.422,1.05942,1.05947,3.37,1.12
2017.03.10 04:54:39.265,1.05943,1.05947,1.00,1.87
2017.03.10 04:54:51.588,1.05944,1.05948,1.50,2.81
2017.03.10 04:54:52.095,1.05944,1.05948,1.50,5.06
2017.03.10 04:54:52.627,1.05943,1.05948,2.62,5.44
2017.03.10 04:54:56.904,1.05942,1.05946,2.62,1.87
2017.03.10 04:54:57.410,1.05942,1.05947,3.00,1.00
2017.03.10 04:54:57.916,1.05941,1.05946,2.25,1.87
2017.03.10 04:54:58.583,1.05942,1.05947,1.00,3.37
2017.03.10 04:54:59.136,1.05941,1.05947,5.62,3.00
2017.03.10 04:55:01.969,1.05942,1.05947,2.62,3.75
2017.03.10 04:55:02.476,1.05943,1.05947,1.00,2.25
2017.03.10 04:55:02.934,1.05945,1.05947,1.87,1.50
2017.03.10 04:55:03.126,1.05949,1.05952,1.00,1.87
2017.03.10 04:55:03.228,1.05952,1.05953,1.72,2.25
2017.03.10 04:55:03.279,1.05952,1.05955,1.72,3.00
2017.03.10 04:55:03.432,1.05954,1.05957,1.50,2.44
2017.03.10 04:55:03.584,1.05954,1.05957,1.50,1.12
2017.03.10 04:55:04.096,1.05953,1.05958,1.50,1.87
2017.03.10 04:55:04.637,1.05953,1.05956,1.50,1.12
2017.03.10 04:55:05.292,1.05952,1.05957,2.62,1.37
2017.03.10 04:55:07.302,1.05953,1.05957,1.00,1.87
2017.03.10 04:55:08.875,1.05953,1.05957,1.00,1.12
2017.03.10 04:55:11.188,1.05955,1.05958,1.35,5.81
2017.03.10 04:55:11.492,1.05957,1.05959,4.72,4.12
2017.03.10 04:55:11.594,1.05961,1.05962,1.00,14.63
2017.03.10 04:55:11.645,1.05964,1.05966,1.37,19.12
2017.03.10 04:55:11.787,1.05964,1.05965,1.00,1.87
2017.03.10 04:55:11.838,1.05963,1.05965,3.00,1.00
2017.03.10 04:55:12.094,1.05963,1.05967,1.50,1.50
2017.03.10 04:55:15.354,1.05965,1.05967,1.87,1.00
2017.03.10 04:55:15.614,1.05967,1.05971,3.00,2.06
2017.03.10 04:55:16.130,1.05967,1.05971,1.12,1.69
2017.03.10 04:55:17.426,1.05967,1.05971,6.37,1.00
2017.03.10 04:55:17.605,1.05969,1.05973,1.12,2.25
2017.03.10 04:55:18.119,1.05969,1.05973,2.62,1.87
2017.03.10 04:55:18.674,1.05968,1.05973,4.01,1.87
2017.03.10 04:55:20.047,1.05968,1.05973,4.39,1.12
2017.03.10 04:55:20.250,1.05968,1.05973,5.89,1.87
2017.03.10 04:55:20.402,1.05968,1.05973,5.51,1.12
2017.03.10 04:55:20.656,1.0597,1.05973,1.00,1.87
2017.03.10 04:55:20.809,1.05971,1.05975,1.50,3.37
2017.03.10 04:55:20.961,1.05971,1.05975,1.37,1.00
2017.03.10 04:55:21.643,1.05971,1.05977,2.62,2.62
2017.03.10 04:55:22.516,1.05971,1.05976,1.37,1.12
2017.03.10 04:55:23.908,1.05971,1.05975,1.00,8.81
2017.03.10 04:55:24.420,1.05972,1.05975,1.00,1.87
2017.03.10 04:55:24.978,1.05971,1.05974,1.12,1.00
2017.03.10 04:55:25.490,1.0597,1.05973,1.37,1.00
2017.03.10 04:55:25.993,1.0597,1.05974,1.12,2.25
2017.03.10 04:55:26.461,1.05972,1.05975,1.00,2.44
2017.03.10 04:55:26.968,1.05971,1.05975,1.12,3.94
2017.03.10 04:55:27.120,1.05968,1.05973,1.76,1.00
2017.03.10 04:55:27.273,1.05969,1.05973,1.37,1.50
2017.03.10 04:55:27.526,1.0597,1.05975,2.62,3.94
2017.03.10 04:55:29.720,1.05971,1.05976,1.00,5.81
2017.03.10 04:55:31.850,1.0597,1.05976,2.62,5.81
2017.03.10 04:55:35.174,1.05971,1.05976,1.00,5.06
2017.03.10 04:55:37.496,1.0597,1.05974,3.00,1.87
2017.03.10 04:55:37.749,1.05969,1.05972,1.00,1.00
2017.03.10 04:55:39.850,1.05968,1.05972,1.01,1.12
2017.03.10 04:55:40.367,1.05967,1.05973,1.50,3.00
2017.03.10 04:55:40.885,1.05967,1.05972,1.50,1.00
2017.03.10 04:55:41.451,1.05967,1.05973,1.50,3.00
2017.03.10 04:55:41.788,1.05967,1.05971,1.00,1.37
2017.03.10 04:55:42.133,1.0596,1.05965,3.37,4.50
2017.03.10 04:55:42.235,1.05959,1.05963,1.87,1.87
2017.03.10 04:55:42.439,1.05956,1.05961,1.12,3.19
2017.03.10 04:55:46.264,1.05955,1.05961,3.37,1.12
2017.03.10 04:55:52.828,1.05956,1.05961,2.62,2.06
2017.03.10 04:55:53.373,1.05956,1.05961,2.62,2.06
2017.03.10 04:55:53.900,1.05956,1.0596,1.87,1.12
2017.03.10 04:55:58.928,1.05955,1.0596,3.75,1.69
2017.03.10 04:55:59.031,1.05955,1.05956,1.00,1.00
2017.03.10 04:55:59.082,1.05951,1.05956,7.50,1.50
2017.03.10 04:55:59.590,1.05951,1.05955,3.37,1.00
2017.03.10 04:56:15.046,1.05957,1.05958,1.00,4.24
2017.03.10 04:56:15.233,1.05957,1.05959,1.87,3.49
2017.03.10 04:56:15.284,1.05956,1.05959,1.00,1.12
2017.03.10 04:56:15.335,1.05956,1.05957,1.00,1.00
2017.03.10 04:56:15.386,1.05953,1.05956,4.12,1.00
2017.03.10 04:56:15.488,1.05952,1.05956,2.25,1.50
2017.03.10 04:56:16.002,1.05951,1.05956,3.75,3.00
2017.03.10 04:56:16.508,1.05951,1.05955,1.12,1.00
2017.03.10 04:56:19.961,1.05952,1.05955,1.00,1.00
2017.03.10 04:56:20.466,1.05951,1.05955,1.12,1.00
2017.03.10 04:56:21.113,1.05952,1.05955,1.00,1.00
2017.03.10 04:56:21.620,1.05951,1.05955,2.62,1.00
2017.03.10 04:56:24.251,1.05952,1.05955,1.00,1.12
2017.03.10 04:56:24.972,1.05951,1.05955,3.37,1.12
2017.03.10 04:56:25.023,1.05953,1.05955,1.00,1.12
2017.03.10 04:56:25.125,1.05951,1.05955,2.62,1.12
2017.03.10 04:56:29.265,1.0595,1.05955,2.25,1.50
2017.03.10 04:56:29.317,1.05952,1.05955,1.00,3.19
2017.03.10 04:56:29.368,1.0595,1.05955,6.00,4.69
2017.03.10 04:56:29.521,1.05951,1.05955,4.50,3.56
2017.03.10 04:56:30.063,1.05952,1.05955,1.00,1.31
2017.03.10 04:56:30.569,1.05951,1.05955,1.87,1.31
2017.03.10 04:56:32.388,1.05952,1.05955,1.00,1.31
2017.03.10 04:56:32.899,1.05951,1.05955,2.62,1.31
2017.03.10 04:56:33.449,1.05952,1.05955,1.00,1.31
2017.03.10 04:56:33.959,1.05951,1.05955,2.62,1.31
2017.03.10 04:56:36.540,1.05952,1.05955,1.00,8.81
2017.03.10 04:56:36.844,1.05947,1.05951,2.62,1.00
2017.03.10 04:56:46.233,1.05946,1.0595,2.62,3.56
2017.03.10 04:56:46.739,1.05945,1.0595,5.25,1.69
2017.03.10 04:56:47.269,1.05946,1.0595,1.00,1.25
2017.03.10 04:56:49.002,1.05947,1.0595,1.00,1.69
2017.03.10 04:56:52.370,1.05946,1.0595,3.37,1.69
2017.03.10 04:56:56.991,1.05946,1.05951,4.12,2.25
2017.03.10 04:56:57.511,1.05947,1.05951,1.00,2.25
2017.03.10 04:57:00.355,1.05946,1.05951,3.75,3.00
2017.03.10 04:57:01.044,1.05947,1.05951,1.00,2.25
2017.03.10 04:57:02.022,1.05946,1.05951,3.75,2.25
2017.03.10 04:57:03.150,1.05947,1.05951,1.00,2.25
2017.03.10 04:57:04.168,1.05946,1.05951,1.87,3.75
2017.03.10 04:57:07.900,1.05947,1.05951,1.00,2.25
2017.03.10 04:57:10.169,1.05946,1.05951,2.62,3.00
2017.03.10 04:57:10.947,1.05947,1.05951,1.00,1.50
2017.03.10 04:57:16.933,1.05946,1.05951,2.62,3.00
2017.03.10 04:57:18.826,1.05947,1.05951,1.00,2.25
2017.03.10 04:57:20.463,1.05946,1.05951,4.12,1.50
2017.03.10 04:57:23.104,1.05947,1.05951,1.50,1.50
2017.03.10 04:57:27.404,1.05946,1.05951,1.87,2.25
2017.03.10 04:57:30.167,1.05947,1.05951,1.50,1.50
2017.03.10 04:57:30.466,1.05946,1.05949,1.00,1.12
2017.03.10 04:57:30.671,1.05946,1.05951,1.87,3.97
2017.03.10 04:57:31.194,1.05946,1.0595,1.50,1.24
2017.03.10 04:57:43.718,1.05947,1.05951,1.00,5.85
2017.03.10 04:57:44.238,1.05946,1.05951,3.75,5.85
2017.03.10 04:57:45.006,1.05946,1.05951,1.87,4.35
2017.03.10 04:57:45.738,1.05946,1.05951,2.62,3.00
2017.03.10 04:57:46.532,1.05947,1.05951,1.00,2.36
2017.03.10 04:57:47.171,1.05947,1.05951,1.00,3.11
2017.03.10 04:57:47.703,1.05945,1.05951,8.62,3.11
2017.03.10 04:57:48.209,1.05945,1.05949,1.00,1.00
2017.03.10 04:57:49.123,1.05946,1.05949,1.00,1.15
2017.03.10 04:57:51.805,1.05945,1.05949,1.00,1.15
2017.03.10 04:57:52.534,1.05945,1.05949,1.00,3.86
2017.03.10 04:57:56.411,1.05944,1.05949,1.87,3.11
2017.03.10 04:58:02.928,1.05946,1.05949,1.00,1.52
2017.03.10 04:58:03.232,1.05947,1.05951,1.87,3.19
2017.03.10 04:58:09.082,1.05947,1.05951,1.87,1.37
2017.03.10 04:58:09.767,1.05947,1.05951,2.62,1.00
2017.03.10 04:58:14.593,1.05947,1.05952,3.37,1.15
2017.03.10 04:58:15.216,1.05947,1.05951,1.37,2.25
2017.03.10 04:58:16.129,1.05947,1.05952,1.87,2.62
2017.03.10 04:58:16.697,1.05947,1.05952,1.87,2.74
2017.03.10 04:58:25.441,1.05947,1.05952,2.62,4.99
2017.03.10 04:58:27.468,1.05948,1.05952,1.87,1.12
2017.03.10 04:58:28.442,1.05947,1.05952,4.50,3.62
2017.03.10 04:58:28.947,1.05947,1.05952,1.87,3.11
2017.03.10 04:58:29.454,1.05947,1.05952,1.87,1.50
2017.03.10 04:58:30.007,1.05946,1.05951,2.62,1.50
2017.03.10 04:58:30.521,1.05948,1.05952,1.12,2.25
2017.03.10 04:58:31.028,1.05946,1.05951,1.37,3.37
2017.03.10 04:58:31.534,1.05946,1.05951,1.37,3.75
2017.03.10 04:58:32.161,1.05947,1.05951,1.87,1.61
2017.03.10 04:58:34.129,1.05946,1.05951,3.75,1.87
2017.03.10 04:58:37.731,1.05946,1.05951,1.87,3.49
2017.03.10 04:58:38.361,1.05945,1.0595,5.81,1.99
2017.03.10 04:58:40.348,1.05947,1.0595,1.50,2.74
2017.03.10 04:58:40.653,1.05945,1.05948,1.87,1.00
2017.03.10 04:58:40.756,1.05943,1.05948,3.37,4.50
2017.03.10 04:58:40.962,1.05945,1.05947,1.87,1.00
2017.03.10 04:58:41.114,1.05945,1.05949,1.87,3.37
2017.03.10 04:58:41.621,1.05944,1.05948,3.37,1.12
2017.03.10 04:58:42.184,1.05944,1.05948,1.00,6.37
2017.03.10 04:58:42.792,1.05945,1.05947,1.00,1.00
2017.03.10 04:58:42.893,1.05943,1.05947,1.87,1.00
2017.03.10 04:58:43.399,1.05942,1.05947,2.62,2.62
2017.03.10 04:58:43.906,1.05943,1.05947,1.12,2.62
2017.03.10 04:58:45.008,1.05943,1.05947,1.37,1.50
2017.03.10 04:58:46.627,1.05945,1.05948,3.00,1.95
2017.03.10 04:58:46.779,1.05946,1.05949,1.87,2.25
2017.03.10 04:58:47.235,1.05947,1.05952,1.37,4.39
2017.03.10 04:58:47.742,1.05947,1.05951,2.62,1.87
2017.03.10 04:58:53.058,1.05948,1.05951,1.00,1.20
2017.03.10 04:58:54.637,1.05947,1.05951,2.62,1.12
2017.03.10 04:58:54.941,1.05951,1.05955,1.37,1.50
2017.03.10 04:58:56.990,1.05953,1.05957,1.37,2.62
2017.03.10 04:58:57.041,1.05953,1.05957,1.12,1.12
2017.03.10 04:58:57.143,1.05956,1.05958,1.00,7.12
2017.03.10 04:58:57.397,1.05959,1.05962,1.50,3.00
2017.03.10 04:58:57.779,1.05957,1.05962,2.62,1.12
2017.03.10 04:58:58.338,1.05957,1.05962,1.00,2.25
2017.03.10 04:58:58.960,1.05956,1.05961,1.31,1.00
2017.03.10 04:58:59.734,1.05956,1.05962,2.06,1.50
2017.03.10 04:59:00.088,1.05958,1.05962,1.00,1.50
2017.03.10 04:59:00.140,1.05956,1.05962,2.81,1.12
2017.03.10 04:59:00.620,1.05958,1.05961,1.00,7.12
2017.03.10 04:59:00.713,1.05955,1.0596,3.00,1.12
2017.03.10 04:59:01.263,1.05955,1.05959,2.62,2.25
2017.03.10 04:59:01.769,1.05955,1.0596,1.87,1.87
2017.03.10 04:59:02.125,1.05958,1.0596,1.00,2.62
2017.03.10 04:59:02.228,1.05959,1.05962,3.00,2.25
2017.03.10 04:59:02.734,1.05957,1.0596,2.62,1.12
2017.03.10 04:59:02.836,1.05955,1.05959,1.07,6.75
2017.03.10 04:59:02.887,1.05954,1.05958,2.25,1.69
2017.03.10 04:59:03.026,1.05957,1.05958,1.50,1.25
2017.03.10 04:59:03.128,1.05957,1.05961,2.25,1.25
2017.03.10 04:59:04.078,1.05957,1.05961,2.62,1.69
2017.03.10 04:59:05.257,1.05961,1.05964,1.00,7.69
2017.03.10 04:59:05.309,1.05961,1.05964,1.00,5.81
2017.03.10 04:59:05.565,1.05958,1.05963,1.87,2.25
2017.03.10 04:59:05.821,1.05957,1.05961,1.12,1.12
2017.03.10 04:59:06.331,1.05957,1.05962,1.00,3.75
2017.03.10 04:59:06.832,1.05957,1.05961,1.00,1.00
2017.03.10 04:59:10.198,1.05957,1.05962,1.00,2.62
2017.03.10 04:59:12.392,1.05956,1.05962,1.87,2.62
2017.03.10 04:59:13.663,1.05957,1.05962,1.00,3.75
2017.03.10 04:59:15.358,1.05955,1.05961,8.89,1.00
2017.03.10 04:59:16.311,1.05959,1.05962,1.00,1.50
2017.03.10 04:59:16.584,1.0596,1.05964,2.62,1.00
2017.03.10 04:59:17.091,1.0596,1.05965,1.50,2.62
2017.03.10 04:59:17.344,1.05959,1.05963,1.87,1.00
2017.03.10 04:59:17.446,1.05958,1.05963,5.25,1.87
2017.03.10 04:59:17.903,1.05959,1.05963,1.87,2.44
2017.03.10 04:59:18.414,1.05959,1.05964,6.45,2.44
2017.03.10 04:59:23.214,1.0596,1.05965,4.95,1.87
2017.03.10 04:59:23.765,1.05961,1.05966,1.37,4.31
2017.03.10 04:59:24.541,1.0596,1.05966,2.62,4.19
2017.03.10 04:59:24.794,1.0596,1.05966,4.50,3.56
2017.03.10 04:59:26.308,1.0596,1.05966,2.70,6.19
2017.03.10 04:59:27.021,1.0596,1.05965,5.62,3.00
2017.03.10 04:59:27.548,1.05961,1.05965,1.87,2.25
2017.03.10 04:59:37.330,1.05961,1.05965,2.25,2.25
2017.03.10 04:59:38.339,1.0596,1.05965,3.75,3.00
2017.03.10 04:59:38.868,1.05961,1.05965,1.00,1.50
2017.03.10 04:59:40.514,1.0596,1.05963,2.70,1.50
2017.03.10 04:59:41.040,1.05959,1.05964,3.45,1.69
2017.03.10 04:59:42.611,1.05959,1.05963,2.70,1.00
2017.03.10 04:59:43.112,1.05959,1.05964,3.45,1.69
2017.03.10 04:59:43.619,1.05961,1.05965,1.00,2.25
2017.03.10 04:59:44.122,1.05962,1.05965,1.87,1.12
2017.03.10 04:59:44.771,1.05961,1.05965,1.87,1.12
2017.03.10 04:59:47.934,1.05962,1.05966,1.50,1.87
2017.03.10 04:59:48.451,1.05963,1.05966,1.00,1.00
2017.03.10 04:59:49.027,1.05962,1.05966,5.62,1.00
2017.03.10 04:59:49.477,1.05964,1.05966,1.50,1.00
2017.03.10 04:59:49.679,1.05968,1.05973,3.75,5.44
2017.03.10 04:59:50.211,1.05968,1.05972,1.12,1.12
2017.03.10 04:59:50.752,1.05967,1.05973,5.25,3.19
2017.03.10 04:59:51.268,1.05967,1.05972,5.25,1.12
2017.03.10 04:59:52.762,1.05967,1.05972,2.62,5.25
2017.03.10 04:59:53.269,1.05968,1.05972,1.00,3.00
2017.03.10 04:59:54.373,1.05967,1.05972,2.62,3.75
2017.03.10 04:59:54.424,1.05969,1.05972,1.00,4.50
2017.03.10 04:59:54.931,1.05968,1.05972,1.00,1.12
2017.03.10 04:59:55.286,1.05967,1.0597,1.37,1.00
2017.03.10 04:59:55.438,1.05967,1.05972,1.00,3.75
2017.03.10 04:59:55.939,1.05968,1.05972,1.00,1.50
2017.03.10 04:59:56.444,1.05967,1.05972,4.87,1.50
2017.03.10 04:59:57.039,1.05968,1.05972,1.00,1.50
2017.03.10 04:59:58.144,1.05967,1.05972,6.00,1.50
