2012.12.12 17:00:00.720,1.30371,1.30376,1.50,2.48
2012.12.12 17:00:02.180,1.30369,1.30375,2.85,1.50
2012.12.12 17:00:02.910,1.30369,1.30374,1.35,1.73
2012.12.12 17:00:03.450,1.30369,1.30375,2.10,2.25
2012.12.12 17:00:03.890,1.30369,1.30375,1.20,3.23
2012.12.12 17:00:04.271,1.30369,1.30375,2.10,3.23
2012.12.12 17:00:05.569,1.3037,1.30375,1.65,3.00
2012.12.12 17:00:06.514,1.30371,1.30375,1.50,2.25
2012.12.12 17:00:07.760,1.3037,1.30375,1.65,3.98
2012.12.12 17:00:08.180,1.3037,1.30375,1.65,3.00
2012.12.12 17:00:09.171,1.3037,1.30375,2.40,1.50
2012.12.12 17:00:09.611,1.30372,1.30377,4.20,2.48
2012.12.12 17:00:09.850,1.30372,1.30379,3.60,3.60
2012.12.12 17:00:10.392,1.30374,1.3038,2.10,1.73
2012.12.12 17:00:10.694,1.30375,1.3038,1.65,1.73
2012.12.12 17:00:11.601,1.30375,1.3038,1.65,1.73
2012.12.12 17:00:12.351,1.30373,1.3038,3.23,2.33
2012.12.12 17:00:12.942,1.30373,1.30379,3.00,1.73
2012.12.12 17:00:13.385,1.30375,1.3038,2.40,1.73
2012.12.12 17:00:13.731,1.30375,1.3038,2.40,1.73
2012.12.12 17:00:14.130,1.30375,1.3038,2.40,1.73
2012.12.12 17:00:14.780,1.30375,1.3038,2.40,2.48
2012.12.12 17:00:14.961,1.30375,1.3038,2.25,3.08
2012.12.12 17:00:18.401,1.30374,1.30379,2.85,1.50
2012.12.12 17:00:20.170,1.30375,1.3038,1.65,3.23
2012.12.12 17:00:20.290,1.30376,1.3038,1.13,1.73
2012.12.12 17:00:20.829,1.30377,1.30381,1.13,1.50
2012.12.12 17:00:21.371,1.30377,1.30381,1.13,1.50
2012.12.12 17:00:22.492,1.30375,1.30381,3.38,2.25
2012.12.12 17:00:23.103,1.30375,1.3038,3.15,1.50
2012.12.12 17:00:25.600,1.30376,1.30381,1.50,2.48
2012.12.12 17:00:26.132,1.30376,1.30381,1.50,3.23
2012.12.12 17:00:28.161,1.30375,1.3038,2.25,3.75
2012.12.12 17:00:28.640,1.30375,1.3038,2.25,3.98
2012.12.12 17:00:28.762,1.30375,1.3038,2.25,3.23
2012.12.12 17:00:29.296,1.30375,1.3038,2.40,1.73
2012.12.12 17:00:29.801,1.30375,1.3038,2.78,1.73
2012.12.12 17:00:30.161,1.30375,1.30379,1.28,2.48
2012.12.12 17:00:30.701,1.30374,1.3038,1.88,1.50
2012.12.12 17:00:31.260,1.30375,1.30381,1.65,4.73
2012.12.12 17:00:31.800,1.30376,1.30381,1.50,3.98
2012.12.12 17:00:32.241,1.30376,1.30381,1.88,2.25
2012.12.12 17:00:32.795,1.30377,1.30382,1.13,1.50
2012.12.12 17:00:33.221,1.30379,1.30384,1.35,2.25
2012.12.12 17:00:33.853,1.30379,1.30383,1.95,1.50
2012.12.12 17:00:35.671,1.30379,1.30383,1.20,1.50
2012.12.12 17:00:40.160,1.30377,1.30382,1.13,1.73
2012.12.12 17:00:40.602,1.30374,1.3038,2.40,3.83
2012.12.12 17:00:47.742,1.30373,1.30377,1.50,4.20
2012.12.12 17:00:48.040,1.30372,1.30377,1.50,2.10
2012.12.12 17:00:48.101,1.30372,1.30376,1.50,1.50
2012.12.12 17:00:49.280,1.30373,1.30378,2.40,1.65
2012.12.12 17:00:49.831,1.30373,1.30378,1.65,1.88
2012.12.12 17:00:50.380,1.30373,1.30377,1.65,1.73
2012.12.12 17:00:50.441,1.30372,1.30377,2.63,1.73
2012.12.12 17:00:53.100,1.30373,1.3038,2.25,3.98
2012.12.12 17:00:55.378,1.30374,1.3038,1.50,3.23
2012.12.12 17:00:55.680,1.30375,1.30381,1.65,2.48
2012.12.12 17:00:56.251,1.30375,1.30381,3.00,3.23
2012.12.12 17:00:56.774,1.30374,1.3038,1.50,3.08
2012.12.12 17:01:01.119,1.30375,1.30381,1.65,1.73
2012.12.12 17:01:01.181,1.30375,1.30381,1.65,1.73
2012.12.12 17:01:01.744,1.30376,1.30381,1.50,1.73
2012.12.12 17:01:03.180,1.30376,1.30381,1.50,2.48
2012.12.12 17:01:14.300,1.30375,1.30382,2.40,2.63
2012.12.12 17:01:14.840,1.30376,1.30381,1.50,1.73
2012.12.12 17:01:19.431,1.30377,1.30382,2.63,2.85
2012.12.12 17:01:19.611,1.30377,1.30382,1.88,2.85
2012.12.12 17:01:21.173,1.30378,1.30382,1.13,2.25
2012.12.12 17:01:21.481,1.3038,1.30384,1.13,2.25
2012.12.12 17:01:23.160,1.30378,1.30384,3.60,3.00
2012.12.12 17:01:32.031,1.3038,1.30384,1.13,2.25
2012.12.12 17:01:32.571,1.30379,1.30384,1.88,2.25
2012.12.12 17:01:33.321,1.30379,1.30384,1.13,3.00
2012.12.12 17:01:35.641,1.30378,1.30383,1.13,2.40
2012.12.12 17:01:35.940,1.30377,1.30381,1.13,1.50
2012.12.12 17:01:50.390,1.30377,1.30381,1.13,1.50
2012.12.12 17:01:50.811,1.30376,1.30381,2.10,1.50
2012.12.12 17:01:51.341,1.30376,1.3038,1.88,2.48
2012.12.12 17:01:52.162,1.30376,1.3038,1.88,2.48
2012.12.12 17:01:56.170,1.30376,1.3038,1.88,2.48
2012.12.12 17:01:56.801,1.30376,1.3038,1.88,2.48
2012.12.12 17:01:57.361,1.30376,1.3038,1.88,2.48
2012.12.12 17:01:58.790,1.30376,1.3038,1.88,2.48
2012.12.12 17:01:59.340,1.30376,1.30379,1.13,1.50
2012.12.12 17:02:06.932,1.30377,1.30382,1.88,1.50
2012.12.12 17:02:07.470,1.30377,1.30381,1.13,1.73
2012.12.12 17:02:07.830,1.30377,1.30381,1.13,2.25
2012.12.12 17:02:16.169,1.30377,1.3038,1.13,1.50
2012.12.12 17:02:16.971,1.30375,1.3038,1.13,1.73
2012.12.12 17:02:24.802,1.30376,1.30382,1.13,3.00
2012.12.12 17:02:24.921,1.30376,1.3038,1.73,1.73
2012.12.12 17:02:28.271,1.30377,1.3038,1.13,2.48
2012.12.12 17:02:28.811,1.30376,1.3038,1.50,1.73
2012.12.12 17:02:28.931,1.30373,1.30378,1.73,4.50
2012.12.12 17:02:29.232,1.30373,1.30378,1.88,3.90
2012.12.12 17:02:29.293,1.30373,1.30378,1.88,3.00
2012.12.12 17:02:29.831,1.30374,1.30378,1.13,1.73
2012.12.12 17:02:30.921,1.30375,1.30378,1.13,1.73
2012.12.12 17:02:32.352,1.30373,1.30377,1.13,1.50
2012.12.12 17:02:32.686,1.30372,1.30377,1.88,2.48
2012.12.12 17:02:34.591,1.30372,1.30377,1.88,2.48
2012.12.12 17:02:35.241,1.30373,1.30376,1.13,1.50
2012.12.12 17:02:35.796,1.30373,1.30377,1.13,2.25
2012.12.12 17:02:36.341,1.30372,1.30375,1.13,2.48
2012.12.12 17:02:37.492,1.30371,1.30375,1.13,2.48
2012.12.12 17:02:50.466,1.30368,1.30375,2.10,2.48
2012.12.12 17:02:51.125,1.30371,1.30375,1.13,2.48
2012.12.12 17:02:57.581,1.30372,1.30375,1.13,1.73
2012.12.12 17:02:57.643,1.30372,1.30377,1.88,3.00
2012.12.12 17:02:57.951,1.30372,1.30376,1.13,1.73
2012.12.12 17:02:58.497,1.30372,1.30376,1.13,1.50
2012.12.12 17:02:59.041,1.30372,1.30376,1.13,2.48
2012.12.12 17:03:12.681,1.30371,1.30377,1.13,1.50
2012.12.12 17:03:13.221,1.3037,1.30375,1.50,2.48
2012.12.12 17:03:14.200,1.30371,1.30377,1.13,1.50
2012.12.12 17:03:14.621,1.30375,1.30379,2.10,1.88
2012.12.12 17:03:14.682,1.30375,1.3038,1.73,2.63
2012.12.12 17:03:14.742,1.30376,1.3038,1.35,2.63
2012.12.12 17:03:14.862,1.30375,1.30379,1.50,1.50
2012.12.12 17:03:14.981,1.30374,1.30379,1.13,2.48
2012.12.12 17:03:15.462,1.30372,1.30377,1.50,1.73
2012.12.12 17:03:15.944,1.30372,1.30377,1.88,1.73
2012.12.12 17:03:16.612,1.30371,1.30378,1.88,2.25
2012.12.12 17:03:17.098,1.30375,1.30379,1.13,3.00
2012.12.12 17:03:17.512,1.30376,1.30379,1.13,2.25
2012.12.12 17:03:27.721,1.30376,1.3038,1.13,2.25
2012.12.12 17:03:27.841,1.30377,1.30382,1.13,2.25
2012.12.12 17:03:28.571,1.30376,1.30382,2.48,3.23
2012.12.12 17:03:36.810,1.30378,1.30383,1.50,1.73
2012.12.12 17:03:36.997,1.30378,1.30383,2.48,1.50
2012.12.12 17:03:37.241,1.30378,1.30383,2.85,1.50
2012.12.12 17:03:40.190,1.30379,1.30384,1.13,1.50
2012.12.12 17:03:42.650,1.30379,1.30384,1.13,1.50
2012.12.12 17:03:45.651,1.30378,1.30384,2.63,2.63
2012.12.12 17:03:45.770,1.30378,1.30384,2.63,3.23
2012.12.12 17:03:54.910,1.30377,1.30383,2.25,6.23
2012.12.12 17:03:54.973,1.30377,1.30381,2.63,1.50
2012.12.12 17:03:55.041,1.30375,1.3038,2.63,1.50
2012.12.12 17:03:55.221,1.30372,1.30378,2.63,6.23
2012.12.12 17:03:55.732,1.30371,1.30375,13.88,3.23
2012.12.12 17:03:58.901,1.30369,1.30374,2.63,1.50
2012.12.12 17:03:58.961,1.3037,1.30374,1.13,1.50
2012.12.12 17:03:59.281,1.30367,1.30373,1.50,1.73
2012.12.12 17:03:59.811,1.30368,1.30373,1.13,2.48
2012.12.12 17:03:59.990,1.30367,1.30373,3.00,1.73
2012.12.12 17:04:00.051,1.30367,1.30373,2.25,1.73
2012.12.12 17:04:00.410,1.30369,1.30375,1.73,2.48
2012.12.12 17:04:00.851,1.30368,1.30374,3.60,1.50
2012.12.12 17:04:01.041,1.30368,1.30373,1.50,2.48
2012.12.12 17:04:01.581,1.30368,1.30372,1.13,1.50
2012.12.12 17:04:02.094,1.30368,1.30372,1.13,1.50
2012.12.12 17:04:02.841,1.30369,1.30373,1.88,1.73
2012.12.12 17:04:05.701,1.30368,1.30373,2.63,3.23
2012.12.12 17:04:06.207,1.30367,1.30371,1.13,1.73
2012.12.12 17:04:09.423,1.30368,1.30371,2.40,1.50
2012.12.12 17:04:09.782,1.30369,1.30374,1.73,3.00
2012.12.12 17:04:11.522,1.30369,1.30374,1.73,3.00
2012.12.12 17:04:12.040,1.30369,1.30374,1.73,3.00
2012.12.12 17:04:12.661,1.30369,1.30374,1.73,3.00
2012.12.12 17:04:13.221,1.30369,1.30373,1.35,1.50
2012.12.12 17:04:13.760,1.30367,1.30372,1.13,2.48
2012.12.12 17:04:17.003,1.30368,1.30372,1.13,2.48
2012.12.12 17:04:18.173,1.30367,1.30372,1.13,3.23
2012.12.12 17:04:18.710,1.30367,1.30371,1.13,2.25
2012.12.12 17:04:19.260,1.30366,1.30371,1.88,3.23
2012.12.12 17:04:19.821,1.30365,1.3037,1.65,1.73
2012.12.12 17:04:20.120,1.30366,1.30373,1.13,1.50
2012.12.12 17:04:20.481,1.30366,1.30373,2.10,2.25
2012.12.12 17:04:35.090,1.30368,1.30373,2.25,2.48
2012.12.12 17:04:36.171,1.30368,1.30373,2.25,2.48
2012.12.12 17:04:36.891,1.30368,1.30373,2.25,2.48
2012.12.12 17:04:37.750,1.30368,1.30373,2.25,2.48
2012.12.12 17:04:44.540,1.30369,1.30373,1.13,1.73
2012.12.12 17:04:44.661,1.30369,1.30374,2.10,1.50
2012.12.12 17:04:45.304,1.30369,1.30375,2.85,3.23
2012.12.12 17:04:48.190,1.3037,1.30375,1.65,3.23
2012.12.12 17:04:54.232,1.3037,1.30375,1.65,3.23
2012.12.12 17:04:58.341,1.3037,1.30374,1.13,1.50
2012.12.12 17:04:58.402,1.30368,1.30371,1.73,1.50
2012.12.12 17:04:58.641,1.30366,1.30371,2.25,3.23
2012.12.12 17:05:00.091,1.30366,1.30371,2.25,3.23
2012.12.12 17:05:00.611,1.30366,1.30371,1.50,3.23
2012.12.12 17:05:02.683,1.30368,1.30373,1.50,6.23
2012.12.12 17:05:02.863,1.3037,1.30373,1.13,2.25
2012.12.12 17:05:03.103,1.30371,1.30375,1.65,1.73
2012.12.12 17:05:03.401,1.30372,1.30377,3.00,1.50
2012.12.12 17:05:03.761,1.30369,1.30374,3.98,2.63
2012.12.12 17:05:03.941,1.3037,1.30375,1.88,3.23
2012.12.12 17:05:04.971,1.3037,1.30375,1.88,6.23
2012.12.12 17:05:05.091,1.3037,1.30375,1.13,2.48
2012.12.12 17:05:05.600,1.3037,1.30375,1.13,3.00
2012.12.12 17:05:05.840,1.30369,1.30374,1.50,4.50
2012.12.12 17:05:06.142,1.30366,1.30371,2.48,2.25
2012.12.12 17:05:06.680,1.30366,1.30371,2.25,2.48
2012.12.12 17:05:08.110,1.30367,1.30371,2.25,1.50
2012.12.12 17:05:09.363,1.30367,1.30371,2.25,2.48
2012.12.12 17:05:10.422,1.30364,1.30371,3.60,3.23
2012.12.12 17:05:10.960,1.30366,1.30371,1.50,3.00
2012.12.12 17:05:12.547,1.30366,1.30371,2.25,3.23
2012.12.12 17:05:13.214,1.30366,1.30371,2.25,3.00
2012.12.12 17:05:15.031,1.30366,1.30371,2.25,3.23
2012.12.12 17:05:19.020,1.30368,1.30373,1.50,4.88
2012.12.12 17:05:19.951,1.30366,1.30371,3.00,1.73
2012.12.12 17:05:20.130,1.30368,1.30371,1.50,1.50
2012.12.12 17:05:20.661,1.30368,1.30373,1.50,4.88
2012.12.12 17:05:25.140,1.30368,1.30371,1.50,2.48
2012.12.12 17:05:25.342,1.30368,1.30373,1.50,4.88
2012.12.12 17:05:25.710,1.30366,1.30371,1.50,1.73
2012.12.12 17:05:28.344,1.30368,1.30371,1.50,1.50
2012.12.12 17:05:32.734,1.30365,1.30371,1.50,4.73
2012.12.12 17:05:33.291,1.30365,1.30369,1.50,1.50
2012.12.12 17:05:35.321,1.30365,1.30372,1.65,2.40
2012.12.12 17:05:38.861,1.30366,1.3037,1.50,2.48
2012.12.12 17:05:39.042,1.30364,1.30371,1.50,2.25
2012.12.12 17:05:39.784,1.30359,1.30371,2.25,1.50
2012.12.12 17:05:40.225,1.30366,1.30373,1.50,4.58
2012.12.12 17:05:43.705,1.30363,1.30369,2.25,2.48
2012.12.12 17:05:50.751,1.30365,1.3037,1.65,2.25
2012.12.12 17:05:51.351,1.30365,1.30374,3.15,4.73
2012.12.12 17:05:52.440,1.30365,1.30371,3.15,1.73
2012.12.12 17:05:54.770,1.30365,1.30371,3.15,1.73
2012.12.12 17:05:55.921,1.30365,1.30371,3.15,2.48
2012.12.12 17:05:56.828,1.30367,1.30371,1.50,1.73
2012.12.12 17:05:57.011,1.30367,1.30372,2.48,1.73
2012.12.12 17:05:57.801,1.30369,1.30374,1.95,2.25
2012.12.12 17:05:58.340,1.30369,1.30374,2.70,1.50
2012.12.12 17:05:59.953,1.30369,1.30374,1.73,1.50
2012.12.12 17:06:00.500,1.30369,1.30374,1.95,1.50
2012.12.12 17:06:01.031,1.30369,1.30374,1.95,1.50
2012.12.12 17:06:05.294,1.30368,1.30373,2.40,4.13
2012.12.12 17:06:05.606,1.30368,1.30373,2.48,1.50
2012.12.12 17:06:05.732,1.30369,1.30373,1.20,2.25
2012.12.12 17:06:06.951,1.30369,1.30374,1.50,1.50
2012.12.12 17:06:07.551,1.30367,1.30374,1.50,1.50
2012.12.12 17:06:07.610,1.30369,1.30374,1.95,1.50
2012.12.12 17:06:08.425,1.30369,1.30375,1.95,4.73
2012.12.12 17:06:15.292,1.30368,1.30374,2.48,1.73
2012.12.12 17:06:15.531,1.30366,1.30373,2.25,1.50
2012.12.12 17:06:15.710,1.30369,1.30374,1.73,1.50
2012.12.12 17:06:16.232,1.30369,1.30375,1.95,3.98
2012.12.12 17:06:16.886,1.3037,1.30375,1.20,3.75
2012.12.12 17:06:18.383,1.30369,1.30374,1.95,1.50
2012.12.12 17:06:19.508,1.30369,1.30374,1.20,1.50
2012.12.12 17:06:20.130,1.30369,1.30374,2.70,1.50
2012.12.12 17:06:20.191,1.30369,1.30374,1.50,1.50
2012.12.12 17:06:20.694,1.30369,1.30374,1.73,1.50
2012.12.12 17:06:21.212,1.30369,1.30374,1.95,1.50
2012.12.12 17:06:26.781,1.30369,1.30375,1.95,4.73
2012.12.12 17:06:27.141,1.30368,1.30373,1.88,1.65
2012.12.12 17:06:27.648,1.30367,1.30374,2.25,1.50
2012.12.12 17:06:27.771,1.30369,1.30374,1.20,1.50
2012.12.12 17:06:27.971,1.30369,1.30374,1.20,1.50
2012.12.12 17:06:35.811,1.30369,1.30374,2.48,2.25
2012.12.12 17:06:35.981,1.30369,1.30374,1.73,2.25
2012.12.12 17:06:36.493,1.30369,1.30374,1.73,1.50
2012.12.12 17:06:36.551,1.30369,1.30374,1.73,1.50
2012.12.12 17:06:39.541,1.30372,1.30376,1.50,1.50
2012.12.12 17:06:39.723,1.30374,1.30378,2.25,3.60
2012.12.12 17:06:39.968,1.30374,1.3038,2.48,1.73
2012.12.12 17:06:40.092,1.30375,1.3038,1.50,2.10
2012.12.12 17:06:40.270,1.30375,1.3038,1.50,2.10
2012.12.12 17:06:41.571,1.30375,1.3038,1.50,2.10
2012.12.12 17:06:45.134,1.30375,1.3038,2.25,1.35
2012.12.12 17:06:45.811,1.30375,1.3038,1.50,1.35
2012.12.12 17:06:46.292,1.30376,1.30381,1.13,1.50
2012.12.12 17:06:46.411,1.30376,1.30381,1.35,1.50
2012.12.12 17:06:46.471,1.30375,1.30381,2.63,3.00
2012.12.12 17:06:47.131,1.30375,1.3038,2.25,1.73
2012.12.12 17:06:47.252,1.30375,1.3038,1.50,1.73
2012.12.12 17:06:47.792,1.30375,1.3038,1.50,1.73
2012.12.12 17:06:48.147,1.30372,1.30377,1.13,1.73
2012.12.12 17:06:48.692,1.30372,1.30376,1.13,1.50
2012.12.12 17:06:49.270,1.30372,1.30376,1.13,1.50
2012.12.12 17:06:50.286,1.30371,1.30376,3.30,1.50
2012.12.12 17:06:51.591,1.30372,1.30376,1.13,3.00
2012.12.12 17:06:51.850,1.30371,1.30376,3.30,3.00
2012.12.12 17:06:53.181,1.30372,1.30376,1.13,1.50
2012.12.12 17:06:54.260,1.30372,1.30377,2.63,2.48
2012.12.12 17:06:54.754,1.30374,1.30378,3.00,2.40
2012.12.12 17:06:55.071,1.30377,1.30383,5.55,1.50
2012.12.12 17:06:55.191,1.30379,1.30386,2.70,2.85
2012.12.12 17:06:55.251,1.30379,1.30385,2.70,1.73
2012.12.12 17:06:55.791,1.3038,1.30385,2.25,1.73
2012.12.12 17:06:56.231,1.3038,1.30385,1.50,2.48
2012.12.12 17:06:56.730,1.3038,1.30385,2.25,1.73
2012.12.12 17:06:57.151,1.3038,1.30385,1.50,2.48
2012.12.12 17:06:57.651,1.3038,1.30385,2.25,1.73
2012.12.12 17:06:57.870,1.3038,1.30385,1.50,2.48
2012.12.12 17:06:58.882,1.3038,1.30385,1.50,2.48
2012.12.12 17:06:59.444,1.30379,1.30385,2.70,3.23
2012.12.12 17:07:00.033,1.30379,1.30384,2.70,1.50
2012.12.12 17:07:00.901,1.30379,1.30385,3.45,1.73
2012.12.12 17:07:01.231,1.30379,1.30385,2.70,2.48
2012.12.12 17:07:01.910,1.30379,1.30385,3.45,1.73
2012.12.12 17:07:02.672,1.30379,1.30385,2.70,2.48
2012.12.12 17:07:03.002,1.30379,1.30385,3.45,1.73
2012.12.12 17:07:03.341,1.30379,1.30385,2.70,2.48
2012.12.12 17:07:03.991,1.30379,1.30385,3.45,1.73
2012.12.12 17:07:04.230,1.30379,1.30385,2.70,2.48
2012.12.12 17:07:05.220,1.30379,1.30385,3.45,1.73
2012.12.12 17:07:05.340,1.30379,1.30385,2.70,2.48
2012.12.12 17:07:05.400,1.30379,1.30385,3.45,1.73
2012.12.12 17:07:05.703,1.30379,1.30383,1.95,1.50
2012.12.12 17:07:06.291,1.30379,1.30385,2.70,3.23
2012.12.12 17:07:06.890,1.3038,1.30385,1.50,2.48
2012.12.12 17:07:07.402,1.30379,1.30385,2.70,3.23
2012.12.12 17:07:07.462,1.3038,1.30385,1.50,2.48
2012.12.12 17:07:07.940,1.30379,1.30385,1.95,2.48
2012.12.12 17:07:08.181,1.30379,1.30384,1.95,1.50
2012.12.12 17:07:08.502,1.30379,1.30385,2.70,2.48
2012.12.12 17:07:08.740,1.30379,1.30385,1.95,3.23
2012.12.12 17:07:12.161,1.30379,1.30385,2.85,2.48
2012.12.12 17:07:13.010,1.30379,1.30385,4.35,1.73
2012.12.12 17:07:13.251,1.30379,1.30385,3.60,2.48
2012.12.12 17:07:15.361,1.30379,1.30385,4.35,1.73
2012.12.12 17:07:15.910,1.30379,1.30385,4.35,1.73
2012.12.12 17:07:19.202,1.30379,1.30385,3.60,2.48
2012.12.12 17:07:21.191,1.30379,1.30385,3.60,1.73
2012.12.12 17:07:25.891,1.30379,1.30385,3.60,1.73
2012.12.12 17:07:26.185,1.30379,1.30385,2.85,2.48
2012.12.12 17:07:26.430,1.30379,1.30385,3.60,1.73
2012.12.12 17:07:26.702,1.30379,1.30385,2.85,2.48
2012.12.12 17:07:28.694,1.30379,1.30386,2.85,2.85
2012.12.12 17:07:29.124,1.30379,1.30385,2.10,1.73
2012.12.12 17:07:30.132,1.30379,1.30386,2.85,2.85
2012.12.12 17:07:30.370,1.30379,1.30385,2.10,1.73
2012.12.12 17:07:30.491,1.30382,1.30386,1.50,2.10
2012.12.12 17:07:30.672,1.30379,1.30385,2.10,1.73
2012.12.12 17:07:31.803,1.30379,1.30385,2.10,1.73
2012.12.12 17:07:32.112,1.30381,1.30386,1.65,2.85
2012.12.12 17:07:32.652,1.30379,1.30385,2.10,1.73
2012.12.12 17:07:36.770,1.30381,1.30386,1.65,2.85
2012.12.12 17:07:37.271,1.30379,1.30385,2.10,1.73
2012.12.12 17:07:37.875,1.30379,1.30385,2.10,1.73
2012.12.12 17:07:40.132,1.30381,1.30386,1.65,2.85
2012.12.12 17:07:40.251,1.30379,1.30385,2.10,1.73
2012.12.12 17:07:40.801,1.30379,1.30385,2.10,2.48
2012.12.12 17:07:43.312,1.3038,1.30385,1.65,1.73
2012.12.12 17:07:43.672,1.30379,1.30385,2.10,1.73
2012.12.12 17:07:44.180,1.30379,1.30386,2.85,2.85
2012.12.12 17:07:44.660,1.30379,1.30385,2.10,1.73
2012.12.12 17:07:47.036,1.30379,1.30385,2.10,1.73
2012.12.12 17:07:47.545,1.30379,1.30386,2.63,2.48
2012.12.12 17:07:48.401,1.30379,1.30385,1.88,1.73
2012.12.12 17:07:48.683,1.30379,1.30386,2.63,3.23
2012.12.12 17:07:51.792,1.30379,1.30386,2.63,1.50
2012.12.12 17:07:52.120,1.30379,1.30387,3.38,3.38
2012.12.12 17:07:52.364,1.30379,1.30386,2.63,1.50
2012.12.12 17:07:52.531,1.30379,1.30387,3.38,3.38
2012.12.12 17:07:52.932,1.30379,1.30386,2.63,1.50
2012.12.12 17:07:53.682,1.30378,1.30383,1.13,1.73
2012.12.12 17:07:53.981,1.30377,1.30383,4.13,3.38
2012.12.12 17:07:54.101,1.30377,1.30383,3.38,3.38
2012.12.12 17:07:54.641,1.30377,1.30383,3.38,3.38
2012.12.12 17:07:56.322,1.30377,1.30382,2.63,1.73
2012.12.12 17:07:58.213,1.30377,1.30382,1.73,2.48
2012.12.12 17:07:58.452,1.30376,1.30381,2.63,2.63
2012.12.12 17:07:58.513,1.30376,1.30381,2.63,2.63
2012.12.12 17:07:58.572,1.30376,1.30381,2.40,2.85
2012.12.12 17:07:58.632,1.30376,1.30381,1.65,2.85
2012.12.12 17:07:58.932,1.30376,1.30381,1.05,2.10
2012.12.12 17:08:00.341,1.30375,1.30381,1.65,2.10
2012.12.12 17:08:00.401,1.30375,1.30381,1.65,2.10
2012.12.12 17:08:01.834,1.30376,1.30381,2.40,2.85
2012.12.12 17:08:02.021,1.30376,1.30381,3.98,1.73
2012.12.12 17:08:02.565,1.3037,1.30376,1.88,2.25
2012.12.12 17:08:02.871,1.30371,1.30375,1.88,2.25
2012.12.12 17:08:03.062,1.30371,1.30375,1.65,1.73
2012.12.12 17:08:03.421,1.3037,1.30375,1.73,1.50
2012.12.12 17:08:03.600,1.30371,1.30376,1.35,3.00
2012.12.12 17:08:05.452,1.30372,1.30376,1.13,3.00
2012.12.12 17:08:05.991,1.30374,1.30378,1.50,1.73
2012.12.12 17:08:06.532,1.30375,1.3038,1.50,1.73
2012.12.12 17:08:06.711,1.30375,1.30381,1.50,3.98
2012.12.12 17:08:07.262,1.30376,1.30381,1.50,3.23
2012.12.12 17:08:11.730,1.30375,1.3038,1.50,1.73
2012.12.12 17:08:11.973,1.30377,1.30382,1.88,2.25
2012.12.12 17:08:12.721,1.30377,1.30382,1.13,2.25
2012.12.12 17:08:20.282,1.30376,1.30382,2.25,3.90
2012.12.12 17:08:20.822,1.30377,1.3038,1.13,1.50
2012.12.12 17:08:24.993,1.30377,1.30383,1.13,4.13
2012.12.12 17:08:41.991,1.30378,1.30383,1.13,3.00
2012.12.12 17:08:42.231,1.30379,1.30383,1.35,2.25
2012.12.12 17:08:42.891,1.3038,1.30385,1.35,2.25
2012.12.12 17:08:42.952,1.30379,1.30384,1.35,2.25
2012.12.12 17:08:43.492,1.30378,1.30383,2.25,1.73
2012.12.12 17:08:44.004,1.30378,1.30383,2.25,1.73
2012.12.12 17:08:44.561,1.30378,1.30381,1.50,1.73
2012.12.12 17:08:44.621,1.30376,1.30381,3.00,2.48
2012.12.12 17:08:45.322,1.30376,1.30381,3.00,3.23
2012.12.12 17:08:51.021,1.30376,1.3038,2.63,1.73
2012.12.12 17:08:51.201,1.30377,1.30382,2.63,1.73
2012.12.12 17:08:52.550,1.30378,1.30383,3.90,2.63
2012.12.12 17:08:52.852,1.30381,1.30385,1.35,2.25
2012.12.12 17:08:53.210,1.30381,1.30385,1.35,2.25
2012.12.12 17:08:53.872,1.30381,1.30385,1.20,2.25
2012.12.12 17:08:57.271,1.3038,1.30385,1.35,2.40
2012.12.12 17:08:57.831,1.3038,1.30385,1.13,2.63
2012.12.12 17:08:59.241,1.3038,1.30385,1.13,1.73
2012.12.12 17:08:59.661,1.30379,1.30384,2.85,1.50
2012.12.12 17:09:00.083,1.30379,1.30384,1.50,1.50
2012.12.12 17:09:00.810,1.30377,1.30383,1.88,1.13
2012.12.12 17:09:02.221,1.30378,1.30383,2.40,1.13
2012.12.12 17:09:02.281,1.30378,1.30384,2.48,3.23
2012.12.12 17:09:02.461,1.30379,1.30385,1.88,3.00
2012.12.12 17:09:02.641,1.3038,1.30385,1.88,2.25
2012.12.12 17:09:03.242,1.30382,1.30385,1.50,1.50
2012.12.12 17:09:03.423,1.30381,1.30386,2.10,2.25
2012.12.12 17:09:03.601,1.30381,1.30386,1.20,3.00
2012.12.12 17:09:07.781,1.3038,1.30384,1.73,1.50
2012.12.12 17:09:11.662,1.30379,1.30385,2.85,1.50
2012.12.12 17:09:12.021,1.30379,1.30385,1.88,1.50
2012.12.12 17:09:12.803,1.30379,1.30384,1.88,1.50
2012.12.12 17:09:15.332,1.30379,1.30383,1.13,1.50
2012.12.12 17:09:15.871,1.30379,1.30384,1.88,1.50
2012.12.12 17:09:20.311,1.30379,1.30384,1.88,1.50
2012.12.12 17:09:20.991,1.30379,1.30384,1.88,1.50
2012.12.12 17:09:22.001,1.30379,1.30385,1.88,2.25
2012.12.12 17:09:22.697,1.30379,1.30384,1.88,1.50
2012.12.12 17:09:23.272,1.30379,1.30384,1.88,1.50
2012.12.12 17:09:25.901,1.30378,1.30384,1.73,3.00
2012.12.12 17:09:26.421,1.30379,1.30384,1.88,3.00
2012.12.12 17:09:27.761,1.30379,1.30384,1.88,2.25
2012.12.12 17:09:28.151,1.30378,1.30384,1.73,2.25
2012.12.12 17:09:28.331,1.30379,1.30384,1.73,2.25
2012.12.12 17:09:29.611,1.30379,1.30384,1.88,2.25
2012.12.12 17:09:39.052,1.30377,1.30384,2.48,2.25
2012.12.12 17:09:39.351,1.30379,1.30384,1.13,2.25
2012.12.12 17:09:41.131,1.30379,1.30384,1.88,2.25
2012.12.12 17:09:45.571,1.30377,1.30383,1.88,1.13
2012.12.12 17:09:46.091,1.30377,1.30383,2.63,1.13
2012.12.12 17:09:58.032,1.30378,1.30382,1.50,1.88
2012.12.12 17:09:58.692,1.30376,1.30381,1.50,1.58
2012.12.12 17:09:59.252,1.30375,1.30382,3.15,5.48
2012.12.12 17:10:01.151,1.30375,1.30382,3.15,5.48
2012.12.12 17:10:02.279,1.30375,1.3038,2.40,1.50
2012.12.12 17:10:02.582,1.30375,1.3038,1.65,3.00
2012.12.12 17:10:03.261,1.30375,1.3038,2.40,2.25
2012.12.12 17:10:04.755,1.30376,1.30382,2.25,5.48
2012.12.12 17:10:04.822,1.30379,1.30382,1.13,1.50
2012.12.12 17:10:05.362,1.3038,1.30384,1.13,2.25
2012.12.12 17:10:05.882,1.3038,1.30384,1.88,1.50
2012.12.12 17:10:10.863,1.30379,1.30384,2.25,1.88
2012.12.12 17:10:11.233,1.30377,1.30382,3.38,1.73
2012.12.12 17:10:14.481,1.30377,1.30382,1.88,2.48
2012.12.12 17:10:15.144,1.30377,1.30382,2.63,2.48
2012.12.12 17:10:21.583,1.30377,1.30382,1.88,1.73
2012.12.12 17:10:23.741,1.30378,1.30383,1.13,2.48
2012.12.12 17:10:23.982,1.30377,1.30382,1.50,1.65
2012.12.12 17:10:24.341,1.30376,1.3038,1.50,1.73
2012.12.12 17:10:37.521,1.30376,1.30381,1.88,3.98
2012.12.12 17:10:38.141,1.30377,1.30382,1.13,2.48
2012.12.12 17:10:40.942,1.30376,1.30382,2.48,2.63
2012.12.12 17:10:41.473,1.30376,1.30381,3.00,2.48
2012.12.12 17:10:42.572,1.30376,1.3038,1.50,1.73
2012.12.12 17:10:43.901,1.30375,1.3038,1.65,2.48
2012.12.12 17:10:44.441,1.30374,1.3038,3.60,1.73
2012.12.12 17:10:46.824,1.30375,1.3038,1.65,1.73
2012.12.12 17:10:47.489,1.30374,1.30381,3.60,3.08
2012.12.12 17:10:56.084,1.30374,1.3038,2.85,1.73
2012.12.12 17:10:56.631,1.30374,1.3038,3.60,1.73
2012.12.12 17:10:58.665,1.30375,1.3038,2.40,1.73
2012.12.12 17:11:12.011,1.30375,1.3038,2.40,1.73
2012.12.12 17:11:12.643,1.30375,1.3038,2.40,2.48
2012.12.12 17:11:13.431,1.30375,1.3038,1.65,1.73
2012.12.12 17:11:14.271,1.30375,1.30381,1.65,4.58
2012.12.12 17:11:15.143,1.30375,1.3038,1.65,1.73
2012.12.12 17:11:21.602,1.30372,1.30378,2.43,3.75
2012.12.12 17:11:21.962,1.30372,1.30375,1.50,1.73
2012.12.12 17:11:22.502,1.30371,1.30375,1.13,1.73
2012.12.12 17:11:23.061,1.30369,1.30375,2.58,1.73
2012.12.12 17:11:24.891,1.3037,1.30375,2.29,1.73
2012.12.12 17:11:25.442,1.3037,1.30375,1.60,2.48
2012.12.12 17:11:25.502,1.3037,1.30375,1.56,3.23
2012.12.12 17:11:26.062,1.3037,1.30375,1.60,3.98
2012.12.12 17:11:27.851,1.30369,1.30375,1.04,4.73
2012.12.12 17:11:27.968,1.30369,1.30375,1.08,3.98
2012.12.12 17:11:28.142,1.30368,1.30375,2.48,4.73
2012.12.12 17:11:28.683,1.30369,1.30375,1.08,4.73
2012.12.12 17:11:29.885,1.30369,1.30375,1.35,4.73
2012.12.12 17:11:38.991,1.30369,1.30375,2.85,3.98
2012.12.12 17:11:39.920,1.30369,1.30375,2.10,3.98
2012.12.12 17:11:41.051,1.30369,1.30375,2.10,4.73
2012.12.12 17:11:41.581,1.30369,1.30374,2.10,1.50
2012.12.12 17:11:49.941,1.30369,1.30374,2.85,1.50
2012.12.12 17:11:50.502,1.30369,1.30374,2.85,1.50
2012.12.12 17:12:11.501,1.3037,1.30375,1.13,4.73
2012.12.12 17:12:12.112,1.30369,1.30375,2.10,3.98
2012.12.12 17:12:12.235,1.30369,1.30377,2.10,5.48
2012.12.12 17:12:12.303,1.30371,1.30376,3.00,1.50
2012.12.12 17:12:12.601,1.30373,1.30378,3.00,1.92
2012.12.12 17:12:13.442,1.30374,1.3038,2.25,3.60
2012.12.12 17:12:13.502,1.30374,1.3038,2.63,3.60
2012.12.12 17:12:14.042,1.30376,1.3038,1.50,1.50
2012.12.12 17:12:14.592,1.30376,1.30381,1.50,4.58
2012.12.12 17:12:15.031,1.30374,1.3038,2.25,5.33
2012.12.12 17:12:16.834,1.30375,1.3038,1.50,6.08
2012.12.12 17:12:17.454,1.30375,1.3038,1.50,4.35
2012.12.12 17:12:17.797,1.30378,1.30383,4.88,1.17
2012.12.12 17:12:17.923,1.30378,1.30385,4.88,5.89
2012.12.12 17:12:17.984,1.30378,1.30385,4.88,5.10
2012.12.12 17:12:18.115,1.30379,1.30385,1.88,5.70
2012.12.12 17:12:18.422,1.30384,1.3039,1.50,2.25
2012.12.12 17:12:18.482,1.30385,1.3039,1.50,2.25
2012.12.12 17:12:18.661,1.30376,1.3039,7.52,7.43
2012.12.12 17:12:18.720,1.30377,1.3039,1.05,6.45
2012.12.12 17:12:19.041,1.30383,1.30391,2.25,2.10
2012.12.12 17:12:19.353,1.30389,1.30392,1.65,1.50
2012.12.12 17:12:19.713,1.3039,1.30394,1.50,2.10
2012.12.12 17:12:20.072,1.30386,1.30392,2.25,2.25
2012.12.12 17:12:20.681,1.30384,1.30392,1.50,2.25
2012.12.12 17:12:21.082,1.30385,1.30392,1.50,6.00
2012.12.12 17:12:23.642,1.30384,1.30389,1.50,3.00
2012.12.12 17:12:24.001,1.3038,1.30385,1.50,1.13
2012.12.12 17:12:24.061,1.30381,1.30385,1.50,1.13
2012.12.12 17:12:24.602,1.30379,1.30385,3.38,2.25
2012.12.12 17:12:32.152,1.30379,1.30384,3.00,1.13
2012.12.12 17:12:32.674,1.30379,1.30384,2.25,1.35
2012.12.12 17:12:40.062,1.30379,1.30384,2.25,1.13
2012.12.12 17:12:40.602,1.30379,1.30384,2.25,1.35
2012.12.12 17:12:41.441,1.30379,1.30384,1.50,1.35
2012.12.12 17:12:46.768,1.30378,1.30383,1.65,1.13
2012.12.12 17:12:47.071,1.30378,1.30384,2.40,2.85
2012.12.12 17:12:47.611,1.30378,1.30384,2.40,2.10
2012.12.12 17:12:53.942,1.30379,1.30384,2.25,1.73
2012.12.12 17:12:54.002,1.30379,1.30384,3.60,1.50
2012.12.12 17:13:05.691,1.30379,1.30385,1.20,1.73
2012.12.12 17:13:07.595,1.30381,1.30387,1.95,3.23
2012.12.12 17:13:15.661,1.30381,1.30386,2.63,1.13
2012.12.12 17:13:19.692,1.30381,1.30386,1.73,1.65
2012.12.12 17:13:20.245,1.3038,1.30385,1.13,1.13
2012.12.12 17:13:33.042,1.30381,1.30386,2.25,2.63
2012.12.12 17:13:36.554,1.30375,1.30384,5.44,5.85
2012.12.12 17:13:36.684,1.30375,1.3038,4.13,13.67
2012.12.12 17:13:36.742,1.30367,1.30377,1.50,1.50
2012.12.12 17:13:36.862,1.30366,1.30375,2.25,3.98
2012.12.12 17:13:36.922,1.30366,1.30374,3.00,1.50
2012.12.12 17:13:37.225,1.30366,1.30374,4.73,3.75
2012.12.12 17:13:37.473,1.30369,1.30374,2.70,1.50
2012.12.12 17:13:38.312,1.30369,1.30374,7.20,1.50
2012.12.12 17:13:38.433,1.3037,1.30374,1.13,1.50
2012.12.12 17:13:38.792,1.30369,1.30374,3.38,1.50
2012.12.12 17:13:38.912,1.30369,1.30374,3.60,1.50
2012.12.12 17:13:39.612,1.30369,1.30374,2.10,1.50
2012.12.12 17:13:41.552,1.3037,1.30376,1.13,3.38
2012.12.12 17:13:41.792,1.30371,1.30376,1.65,2.63
2012.12.12 17:13:42.332,1.30371,1.30375,1.65,1.73
2012.12.12 17:13:43.202,1.30372,1.30376,1.50,1.13
2012.12.12 17:13:44.653,1.30372,1.30377,1.50,1.88
2012.12.12 17:13:44.904,1.30372,1.30378,3.75,1.35
2012.12.12 17:13:44.963,1.30372,1.30378,2.25,1.13
2012.12.12 17:13:45.023,1.30377,1.30384,1.13,2.63
2012.12.12 17:13:45.085,1.30378,1.30383,1.65,1.88
2012.12.12 17:13:45.622,1.30376,1.30382,1.73,2.85
2012.12.12 17:13:47.590,1.30377,1.30382,1.50,2.10
2012.12.12 17:13:49.143,1.30377,1.30383,2.63,3.38
2012.12.12 17:13:49.682,1.30379,1.30384,1.50,1.35
2012.12.12 17:13:53.593,1.30377,1.30384,1.88,2.48
2012.12.12 17:13:53.892,1.3038,1.30384,1.13,1.50
2012.12.12 17:13:54.252,1.3038,1.30386,1.88,1.88
2012.12.12 17:13:55.361,1.3038,1.30384,1.13,1.50
2012.12.12 17:13:55.921,1.30379,1.30384,1.50,1.88
2012.12.12 17:13:56.465,1.30379,1.30384,1.50,1.13
2012.12.12 17:13:57.001,1.30379,1.30384,1.50,1.35
2012.12.12 17:13:57.123,1.30379,1.30385,1.50,2.48
2012.12.12 17:13:57.640,1.30379,1.30384,1.50,1.35
2012.12.12 17:13:58.303,1.30379,1.30385,3.38,1.50
2012.12.12 17:13:59.611,1.30379,1.30386,3.38,3.60
2012.12.12 17:14:01.171,1.30379,1.30386,1.88,2.85
2012.12.12 17:14:01.473,1.30378,1.30384,3.38,1.88
2012.12.12 17:14:02.165,1.30378,1.30384,2.40,2.10
2012.12.12 17:14:03.012,1.30378,1.30383,2.40,1.13
2012.12.12 17:14:05.802,1.30379,1.30382,1.50,1.88
2012.12.12 17:14:05.983,1.30379,1.30384,1.50,1.13
2012.12.12 17:14:06.494,1.30379,1.30383,1.50,1.88
2012.12.12 17:14:10.512,1.30378,1.30383,2.40,1.88
2012.12.12 17:14:11.052,1.30377,1.30382,2.25,1.88
2012.12.12 17:14:16.703,1.30379,1.30383,1.50,1.13
2012.12.12 17:14:18.263,1.30377,1.30383,1.13,1.13
2012.12.12 17:14:20.274,1.30376,1.30381,1.50,1.73
2012.12.12 17:14:21.607,1.30376,1.30382,1.50,1.50
2012.12.12 17:14:22.151,1.30378,1.30384,2.25,2.25
2012.12.12 17:14:24.052,1.30379,1.30385,1.13,1.35
2012.12.12 17:14:24.630,1.30379,1.30385,1.88,1.35
2012.12.12 17:14:35.554,1.30381,1.30386,4.65,1.88
2012.12.12 17:14:35.881,1.30379,1.30386,6.23,1.88
2012.12.12 17:14:36.107,1.30381,1.30386,2.40,1.13
2012.12.12 17:14:36.655,1.30384,1.30388,1.73,1.50
2012.12.12 17:14:36.724,1.30384,1.30389,1.73,1.65
2012.12.12 17:14:36.902,1.30384,1.3039,3.98,1.35
2012.12.12 17:14:41.271,1.30385,1.3039,1.50,2.10
2012.12.12 17:14:42.269,1.30385,1.3039,1.50,3.00
2012.12.12 17:14:42.347,1.30386,1.30391,1.50,2.10
2012.12.12 17:14:43.243,1.30388,1.30392,1.50,2.85
2012.12.12 17:14:44.693,1.30386,1.30391,3.23,1.13
2012.12.12 17:14:44.931,1.30384,1.3039,2.48,2.85
2012.12.12 17:14:48.997,1.30385,1.3039,1.50,2.25
2012.12.12 17:14:53.951,1.30383,1.3039,3.00,2.85
2012.12.12 17:14:54.193,1.3038,1.30386,3.16,1.73
2012.12.12 17:14:54.312,1.3038,1.30385,1.13,1.13
2012.12.12 17:14:58.909,1.3038,1.30385,1.13,1.13
2012.12.12 17:14:59.443,1.3038,1.30385,1.88,1.13
2012.12.12 17:15:00.281,1.3038,1.30385,1.13,1.13
2012.12.12 17:15:00.809,1.3038,1.30385,1.13,1.13
2012.12.12 17:15:01.402,1.30381,1.30386,1.50,4.13
2012.12.12 17:15:01.752,1.30383,1.30386,2.25,2.25
2012.12.12 17:15:02.052,1.30385,1.30391,1.65,3.23
2012.12.12 17:15:02.593,1.30388,1.30391,1.50,2.10
2012.12.12 17:15:08.681,1.30388,1.30392,1.50,1.50
2012.12.12 17:15:09.122,1.30387,1.30391,1.50,2.10
2012.12.12 17:15:16.803,1.30388,1.30392,2.25,1.50
2012.12.12 17:15:17.045,1.30389,1.30395,1.73,2.10
2012.12.12 17:15:17.592,1.3039,1.304,1.50,2.10
2012.12.12 17:15:18.386,1.30387,1.30395,2.97,1.35
2012.12.12 17:15:18.822,1.30389,1.30396,3.23,1.35
2012.12.12 17:15:19.702,1.30389,1.30395,2.48,1.35
2012.12.12 17:15:20.183,1.3039,1.30394,1.50,1.13
2012.12.12 17:15:20.787,1.3039,1.30396,1.50,2.85
2012.12.12 17:15:20.854,1.30388,1.30394,1.88,1.13
2012.12.12 17:15:22.192,1.30388,1.30393,3.00,1.35
2012.12.12 17:15:22.734,1.30388,1.30392,1.50,2.10
2012.12.12 17:15:23.193,1.30388,1.30392,1.50,1.35
2012.12.12 17:15:23.252,1.30386,1.30392,3.23,2.10
2012.12.12 17:15:24.831,1.30388,1.30392,1.50,2.10
2012.12.12 17:15:25.373,1.30386,1.30392,3.38,2.25
2012.12.12 17:15:25.493,1.30386,1.30391,3.38,1.73
2012.12.12 17:15:25.673,1.30386,1.3039,1.50,1.13
2012.12.12 17:15:26.222,1.30387,1.3039,1.50,1.13
2012.12.12 17:15:30.194,1.30387,1.3039,1.50,1.13
2012.12.12 17:15:31.682,1.30387,1.30392,1.50,1.73
2012.12.12 17:15:32.602,1.30387,1.3039,1.50,1.13
2012.12.12 17:15:33.144,1.30387,1.3039,1.50,1.13
2012.12.12 17:15:33.782,1.30387,1.3039,1.50,1.13
2012.12.12 17:15:35.692,1.30387,1.30393,1.50,2.48
2012.12.12 17:15:40.215,1.30386,1.3039,1.50,1.35
2012.12.12 17:15:40.762,1.30384,1.30389,1.88,1.13
2012.12.12 17:15:41.302,1.30384,1.30389,2.63,1.13
2012.12.12 17:15:43.602,1.30385,1.3039,1.50,1.35
2012.12.12 17:15:53.602,1.30385,1.30391,1.50,1.73
2012.12.12 17:15:54.232,1.30384,1.30391,3.23,2.10
2012.12.12 17:15:54.353,1.30385,1.3039,1.50,1.35
2012.12.12 17:15:54.772,1.30381,1.30386,3.00,1.13
2012.12.12 17:15:54.893,1.30381,1.30384,2.25,1.13
2012.12.12 17:15:55.505,1.3038,1.30385,2.63,1.13
2012.12.12 17:15:56.042,1.3038,1.30385,1.88,1.13
2012.12.12 17:15:57.341,1.3038,1.30386,2.10,2.40
2012.12.12 17:16:02.542,1.3038,1.30386,1.88,3.15
2012.12.12 17:16:02.662,1.3038,1.30386,2.85,3.15
2012.12.12 17:16:03.372,1.30381,1.30386,1.73,3.15
2012.12.12 17:16:04.184,1.3038,1.30386,2.85,3.15
2012.12.12 17:16:04.725,1.3038,1.30386,2.10,2.40
2012.12.12 17:16:05.283,1.3038,1.30386,2.10,2.40
2012.12.12 17:16:05.792,1.3038,1.30386,2.10,2.40
2012.12.12 17:16:06.591,1.30381,1.30386,1.73,3.15
2012.12.12 17:16:11.903,1.3038,1.30385,1.88,1.13
2012.12.12 17:16:12.264,1.30379,1.30383,1.50,1.65
2012.12.12 17:16:12.802,1.30379,1.30383,1.35,2.25
2012.12.12 17:16:13.320,1.30381,1.30384,1.35,1.50
2012.12.12 17:16:13.632,1.3038,1.30385,2.40,2.25
2012.12.12 17:16:14.793,1.30379,1.30385,2.85,1.50
2012.12.12 17:16:16.552,1.30381,1.30387,1.50,6.15
2012.12.12 17:16:16.613,1.30381,1.30387,2.63,5.25
2012.12.12 17:16:16.675,1.30382,1.30387,1.13,2.25
2012.12.12 17:16:16.743,1.30385,1.30393,5.40,1.13
2012.12.12 17:16:16.870,1.30388,1.30394,1.88,3.00
2012.12.12 17:16:16.948,1.30389,1.30394,1.65,3.75
2012.12.12 17:16:17.252,1.30391,1.30397,1.73,3.23
2012.12.12 17:16:17.493,1.30389,1.30394,2.25,1.13
2012.12.12 17:16:17.673,1.30387,1.30391,2.85,1.88
2012.12.12 17:16:17.792,1.30386,1.30392,3.00,1.50
2012.12.12 17:16:17.851,1.30386,1.30394,3.00,3.00
2012.12.12 17:16:17.972,1.30384,1.30388,5.85,1.50
2012.12.12 17:16:18.272,1.30379,1.30385,3.42,1.50
2012.12.12 17:16:18.393,1.30378,1.30384,1.88,1.88
2012.12.12 17:16:18.754,1.30381,1.30385,1.13,1.35
2012.12.12 17:16:19.313,1.3038,1.30385,2.40,1.50
2012.12.12 17:16:19.872,1.30381,1.30386,1.13,3.38
2012.12.12 17:16:22.062,1.3038,1.30385,2.40,1.50
2012.12.12 17:16:22.337,1.30379,1.30382,1.73,1.65
2012.12.12 17:16:22.703,1.30379,1.30385,2.10,3.90
2012.12.12 17:16:22.762,1.30378,1.30382,1.35,1.50
2012.12.12 17:16:23.502,1.30377,1.30382,1.50,1.13
2012.12.12 17:16:23.683,1.30378,1.30383,2.63,2.33
2012.12.12 17:16:23.923,1.30378,1.30382,2.25,1.13
2012.12.12 17:16:24.533,1.30379,1.30385,1.50,3.79
2012.12.12 17:16:24.715,1.30382,1.30387,2.85,1.50
2012.12.12 17:16:24.902,1.30383,1.30389,1.73,1.88
2012.12.12 17:16:28.392,1.30381,1.30386,2.40,1.88
2012.12.12 17:16:29.014,1.30381,1.30386,3.38,1.88
2012.12.12 17:16:29.393,1.30383,1.3039,1.73,1.73
2012.12.12 17:16:29.634,1.30386,1.3039,1.50,1.13
2012.12.12 17:16:30.302,1.30386,1.3039,1.50,1.13
2012.12.12 17:16:31.232,1.30386,1.3039,1.50,1.13
2012.12.12 17:16:37.812,1.30386,1.3039,1.50,1.88
2012.12.12 17:16:40.232,1.30384,1.3039,1.73,2.85
2012.12.12 17:16:40.773,1.30382,1.30387,2.48,1.88
2012.12.12 17:16:43.063,1.30382,1.30387,1.50,1.88
2012.12.12 17:16:43.242,1.30382,1.30387,1.73,1.50
2012.12.12 17:16:43.303,1.30381,1.30387,2.25,1.50
2012.12.12 17:16:43.683,1.30381,1.30388,2.25,1.50
2012.12.12 17:16:43.766,1.30385,1.3039,1.50,2.85
2012.12.12 17:16:44.312,1.30385,1.3039,1.73,1.88
2012.12.12 17:16:50.724,1.30386,1.3039,1.73,1.13
2012.12.12 17:16:53.162,1.30386,1.3039,1.73,1.13
2012.12.12 17:16:53.482,1.30384,1.3039,2.25,1.88
2012.12.12 17:16:53.721,1.30385,1.3039,1.50,1.73
2012.12.12 17:16:54.562,1.30386,1.3039,1.13,1.73
2012.12.12 17:16:55.882,1.30386,1.30391,1.50,2.10
2012.12.12 17:16:56.184,1.30387,1.30394,5.25,2.03
2012.12.12 17:16:56.254,1.30389,1.30394,3.00,2.78
2012.12.12 17:16:56.322,1.30389,1.30395,3.75,6.91
2012.12.12 17:16:56.923,1.30394,1.304,1.73,1.50
2012.12.12 17:16:57.103,1.30397,1.30402,1.13,1.50
2012.12.12 17:16:57.283,1.30395,1.30401,1.73,2.25
2012.12.12 17:16:57.342,1.30396,1.30401,1.50,3.08
2012.12.12 17:16:57.883,1.30396,1.30401,1.50,3.08
2012.12.12 17:16:58.182,1.30396,1.304,1.50,1.73
2012.12.12 17:16:58.303,1.30395,1.30399,1.50,2.63
2012.12.12 17:16:58.370,1.30393,1.30399,2.63,4.13
2012.12.12 17:16:58.672,1.30393,1.30398,1.13,2.40
2012.12.12 17:17:00.252,1.30393,1.30398,1.13,2.40
2012.12.12 17:17:01.852,1.30394,1.30399,1.35,1.50
2012.12.12 17:17:02.033,1.30396,1.30402,4.13,3.75
2012.12.12 17:17:02.213,1.30399,1.30403,1.35,1.13
2012.12.12 17:17:02.633,1.30399,1.30405,2.10,3.00
2012.12.12 17:17:07.152,1.30399,1.30405,2.85,3.75
2012.12.12 17:17:07.274,1.30399,1.30402,1.50,1.88
2012.12.12 17:17:07.523,1.30394,1.30399,2.48,1.50
2012.12.12 17:17:07.643,1.30393,1.30398,4.13,2.25
2012.12.12 17:17:07.823,1.30393,1.30398,4.35,3.00
2012.12.12 17:17:07.884,1.30393,1.30398,3.38,4.13
2012.12.12 17:17:08.003,1.30392,1.30397,1.88,2.10
2012.12.12 17:17:08.522,1.30391,1.30396,3.60,1.50
2012.12.12 17:17:09.273,1.30394,1.304,5.85,2.85
2012.12.12 17:17:09.632,1.30399,1.30404,1.35,1.88
2012.12.12 17:17:09.752,1.30399,1.30404,2.10,2.63
2012.12.12 17:17:09.813,1.30399,1.30404,1.13,2.63
2012.12.12 17:17:10.372,1.30398,1.30404,2.40,3.38
2012.12.12 17:17:10.893,1.30398,1.30404,2.63,3.38
2012.12.12 17:17:13.405,1.30398,1.30403,2.48,1.13
2012.12.12 17:17:13.712,1.30396,1.30403,1.73,4.35
2012.12.12 17:17:15.392,1.30395,1.30402,3.38,1.13
2012.12.12 17:17:15.573,1.30395,1.30402,3.38,1.13
2012.12.12 17:17:17.302,1.30395,1.30402,2.63,2.63
2012.12.12 17:17:22.024,1.30398,1.30402,1.73,1.73
2012.12.12 17:17:22.386,1.30399,1.30405,1.20,3.00
2012.12.12 17:17:22.932,1.30399,1.30405,1.20,3.00
2012.12.12 17:17:24.144,1.30399,1.30404,1.50,1.13
2012.12.12 17:17:24.211,1.30398,1.30404,2.63,2.63
2012.12.12 17:17:24.752,1.30398,1.30404,1.88,4.88
2012.12.12 17:17:37.512,1.30398,1.30404,1.65,2.85
2012.12.12 17:17:48.632,1.30397,1.30403,2.63,1.88
2012.12.12 17:17:58.844,1.30396,1.30402,2.48,1.88
2012.12.12 17:17:58.962,1.30396,1.30402,1.50,1.88
2012.12.12 17:18:05.672,1.30396,1.30402,1.50,2.63
2012.12.12 17:18:06.902,1.30397,1.30402,1.50,1.65
2012.12.12 17:18:07.432,1.30397,1.30402,1.50,1.88
2012.12.12 17:18:07.959,1.30397,1.30402,1.50,2.63
2012.12.12 17:18:16.593,1.30397,1.30403,2.63,3.38
2012.12.12 17:18:17.072,1.30397,1.30403,2.25,3.38
2012.12.12 17:18:17.343,1.30397,1.30402,1.50,1.13
2012.12.12 17:18:18.052,1.30397,1.30402,1.50,1.88
2012.12.12 17:18:21.393,1.30397,1.30402,2.25,1.88
2012.12.12 17:18:22.178,1.304,1.30404,1.13,1.50
2012.12.12 17:18:25.402,1.304,1.30405,1.65,2.48
2012.12.12 17:18:25.583,1.30402,1.30407,2.25,3.23
2012.12.12 17:18:25.823,1.30404,1.3041,2.25,1.73
2012.12.12 17:18:26.122,1.30405,1.30412,1.65,3.38
2012.12.12 17:18:26.242,1.30405,1.30411,2.40,2.48
2012.12.12 17:18:26.911,1.30405,1.3041,2.40,1.73
2012.12.12 17:18:27.453,1.30405,1.3041,1.65,1.73
2012.12.12 17:18:28.994,1.30405,1.30411,1.65,2.48
2012.12.12 17:18:29.174,1.30402,1.30407,3.98,1.13
2012.12.12 17:18:29.243,1.30404,1.30407,2.48,1.50
2012.12.12 17:18:29.604,1.30401,1.30405,3.00,1.88
2012.12.12 17:18:30.052,1.304,1.30404,1.88,2.25
2012.12.12 17:18:30.232,1.304,1.30404,1.13,2.25
2012.12.12 17:18:41.502,1.30398,1.30406,1.73,3.83
2012.12.12 17:18:42.042,1.30399,1.30405,1.88,1.65
2012.12.12 17:18:51.611,1.30399,1.30404,1.13,3.00
2012.12.12 17:19:15.943,1.30398,1.30404,4.35,4.50
2012.12.12 17:19:22.385,1.30398,1.30404,3.38,4.88
2012.12.12 17:19:22.936,1.30398,1.30403,1.65,1.88
2012.12.12 17:20:02.844,1.30397,1.30402,1.50,1.88
2012.12.12 17:20:03.903,1.30394,1.30398,2.85,1.50
2012.12.12 17:20:04.203,1.30391,1.30397,4.73,3.98
2012.12.12 17:20:04.722,1.30391,1.30396,2.10,1.50
2012.12.12 17:20:05.143,1.30394,1.30399,1.50,1.73
2012.12.12 17:20:05.802,1.30395,1.304,1.50,6.98
2012.12.12 17:20:06.103,1.30396,1.30401,1.50,1.73
2012.12.12 17:20:06.713,1.30396,1.30401,1.50,1.73
2012.12.12 17:20:07.333,1.30397,1.30401,1.13,1.50
2012.12.12 17:20:07.512,1.30397,1.30402,1.13,1.73
2012.12.12 17:20:12.393,1.30399,1.30403,1.50,3.38
2012.12.12 17:20:13.034,1.304,1.30405,3.90,1.35
2012.12.12 17:20:13.113,1.30404,1.3041,2.25,3.38
2012.12.12 17:20:14.181,1.30403,1.30408,1.65,1.13
2012.12.12 17:20:14.319,1.30402,1.30406,1.13,2.25
2012.12.12 17:20:14.873,1.30401,1.30406,2.10,1.50
2012.12.12 17:20:15.223,1.30401,1.30406,1.95,2.25
2012.12.12 17:20:16.012,1.30399,1.30406,3.15,3.00
2012.12.12 17:20:16.752,1.30401,1.30405,1.20,1.50
2012.12.12 17:20:19.042,1.30401,1.30405,1.35,1.50
2012.12.12 17:20:20.628,1.30401,1.30407,1.73,2.48
2012.12.12 17:20:20.699,1.30405,1.30409,2.40,1.50
2012.12.12 17:20:21.122,1.30406,1.3041,1.50,1.73
2012.12.12 17:20:21.643,1.30406,1.30411,1.50,3.98
2012.12.12 17:20:22.512,1.30406,1.30411,1.50,3.98
2012.12.12 17:20:24.062,1.30405,1.3041,1.65,1.73
2012.12.12 17:20:24.606,1.30405,1.30411,1.65,3.98
2012.12.12 17:20:38.573,1.30405,1.30411,1.65,3.98
2012.12.12 17:20:39.093,1.30405,1.30411,1.65,3.98
2012.12.12 17:20:39.666,1.30405,1.30411,1.65,3.98
2012.12.12 17:20:40.223,1.30405,1.30411,2.40,3.98
2012.12.12 17:20:48.233,1.30405,1.30411,2.63,3.23
2012.12.12 17:20:48.473,1.30407,1.30412,1.13,2.48
2012.12.12 17:20:48.715,1.30408,1.30412,1.50,1.13
2012.12.12 17:20:48.976,1.30407,1.30413,1.88,2.63
2012.12.12 17:20:49.494,1.30407,1.30412,1.88,1.73
2012.12.12 17:20:50.102,1.30407,1.30412,1.13,2.48
2012.12.12 17:20:50.882,1.30407,1.30412,1.13,1.73
2012.12.12 17:20:51.433,1.30409,1.30412,1.35,1.50
2012.12.12 17:20:55.262,1.30409,1.30415,2.10,1.13
2012.12.12 17:20:55.803,1.3041,1.30415,1.13,1.13
2012.12.12 17:21:00.083,1.3041,1.30415,1.13,2.63
2012.12.12 17:21:02.152,1.3041,1.30415,1.13,2.63
2012.12.12 17:21:02.692,1.3041,1.30415,1.88,1.88
2012.12.12 17:21:03.233,1.3041,1.30415,1.88,1.88
2012.12.12 17:21:04.023,1.30411,1.30415,1.50,1.13
2012.12.12 17:21:04.572,1.3041,1.30416,2.63,3.38
2012.12.12 17:21:05.112,1.30412,1.30416,1.50,2.63
2012.12.12 17:21:05.936,1.30411,1.30416,1.50,4.13
2012.12.12 17:21:06.713,1.3041,1.30415,1.13,1.88
2012.12.12 17:21:07.073,1.3041,1.30415,1.13,1.88
2012.12.12 17:21:08.045,1.3041,1.30415,1.13,1.88
2012.12.12 17:21:16.705,1.3041,1.30415,1.88,1.88
2012.12.12 17:21:22.075,1.3041,1.30415,1.88,1.88
2012.12.12 17:21:24.486,1.3041,1.30415,1.88,2.63
2012.12.12 17:21:25.875,1.30412,1.30417,1.50,1.73
2012.12.12 17:21:26.125,1.30413,1.30418,2.48,1.50
2012.12.12 17:21:26.643,1.30413,1.30419,2.25,2.48
2012.12.12 17:21:27.143,1.30414,1.3042,2.85,2.48
2012.12.12 17:21:27.703,1.30415,1.3042,1.65,1.73
2012.12.12 17:21:28.245,1.30415,1.3042,1.50,2.48
2012.12.12 17:21:28.676,1.30415,1.3042,2.25,2.48
2012.12.12 17:21:31.585,1.30413,1.3042,4.50,2.48
2012.12.12 17:21:31.944,1.30412,1.30417,1.88,1.73
2012.12.12 17:21:32.254,1.3041,1.30417,3.60,1.73
2012.12.12 17:21:32.394,1.30412,1.30417,1.13,1.73
2012.12.12 17:21:35.753,1.30411,1.30416,1.20,1.50
2012.12.12 17:21:35.813,1.30411,1.30416,1.13,2.63
2012.12.12 17:21:38.903,1.3041,1.30416,1.65,1.88
2012.12.12 17:21:39.442,1.30412,1.30416,1.50,1.35
2012.12.12 17:21:42.023,1.30411,1.30416,2.25,1.73
2012.12.12 17:21:42.384,1.30412,1.30418,3.00,6.75
2012.12.12 17:21:42.566,1.30415,1.30418,2.40,2.48
2012.12.12 17:21:42.634,1.30415,1.3042,2.40,1.73
2012.12.12 17:21:42.812,1.30415,1.30421,2.40,4.09
2012.12.12 17:21:43.361,1.30415,1.3042,2.40,1.73
2012.12.12 17:21:43.913,1.30415,1.30421,1.65,3.98
2012.12.12 17:21:44.503,1.30415,1.30421,1.65,3.23
2012.12.12 17:21:48.629,1.30415,1.3042,1.65,1.73
2012.12.12 17:21:50.462,1.30413,1.3042,3.00,3.23
2012.12.12 17:21:50.645,1.30413,1.30418,3.00,1.73
2012.12.12 17:21:51.188,1.30413,1.30419,3.00,1.73
2012.12.12 17:21:55.912,1.30414,1.30419,2.63,1.73
2012.12.12 17:21:56.313,1.30414,1.30419,2.85,1.50
2012.12.12 17:21:58.972,1.30414,1.30419,2.48,1.50
2012.12.12 17:21:59.092,1.30414,1.30419,3.00,1.73
2012.12.12 17:21:59.813,1.30416,1.30422,1.50,1.35
2012.12.12 17:21:59.873,1.30415,1.3042,2.63,1.65
2012.12.12 17:22:00.434,1.30415,1.30421,1.88,2.40
2012.12.12 17:22:01.122,1.30415,1.30421,1.88,2.40
2012.12.12 17:22:02.816,1.30415,1.3042,1.88,4.65
2012.12.12 17:22:02.884,1.30414,1.30418,1.50,3.00
2012.12.12 17:22:03.426,1.30413,1.30417,1.50,1.73
2012.12.12 17:22:04.752,1.30413,1.30418,2.25,6.00
2012.12.12 17:22:05.432,1.30413,1.30418,2.25,6.23
2012.12.12 17:22:08.045,1.30413,1.30418,1.50,4.50
2012.12.12 17:22:08.113,1.30411,1.30416,2.25,2.48
2012.12.12 17:22:09.510,1.30411,1.30416,2.25,2.48
2012.12.12 17:22:09.581,1.3041,1.30415,1.88,2.40
2012.12.12 17:22:10.122,1.3041,1.30415,1.88,3.15
2012.12.12 17:22:14.965,1.3041,1.30415,1.13,3.15
2012.12.12 17:22:16.342,1.3041,1.30415,1.13,3.00
2012.12.12 17:22:16.583,1.3041,1.30415,2.63,1.13
2012.12.12 17:22:19.854,1.30409,1.30415,2.10,1.88
2012.12.12 17:22:21.163,1.3041,1.30415,1.13,1.88
2012.12.12 17:22:21.817,1.3041,1.30415,1.13,2.63
2012.12.12 17:22:23.902,1.3041,1.30415,1.88,1.88
2012.12.12 17:22:24.469,1.3041,1.30415,1.13,1.88
2012.12.12 17:22:26.673,1.3041,1.30415,1.13,1.88
2012.12.12 17:22:28.033,1.3041,1.30415,1.13,1.88
2012.12.12 17:22:28.803,1.30409,1.30415,2.85,2.63
2012.12.12 17:22:28.923,1.3041,1.30415,4.13,2.63
2012.12.12 17:22:29.303,1.30414,1.30418,1.13,2.25
2012.12.12 17:22:29.423,1.30414,1.3042,2.85,2.48
2012.12.12 17:22:29.938,1.30415,1.30421,1.65,3.98
2012.12.12 17:22:33.024,1.30414,1.3042,2.85,1.73
2012.12.12 17:22:33.322,1.30414,1.30419,2.25,1.73
2012.12.12 17:22:34.923,1.30414,1.3042,2.63,1.73
2012.12.12 17:22:34.982,1.30414,1.3042,2.85,1.73
2012.12.12 17:22:37.304,1.30414,1.30419,2.70,4.50
2012.12.12 17:22:37.843,1.30412,1.30417,2.25,2.48
2012.12.12 17:22:42.659,1.30412,1.30416,1.50,2.33
2012.12.12 17:22:42.962,1.3041,1.30414,1.50,3.98
2012.12.12 17:22:43.023,1.3041,1.30413,1.50,1.65
2012.12.12 17:22:43.142,1.30407,1.30413,1.88,2.63
2012.12.12 17:22:43.263,1.30408,1.30413,1.13,2.48
2012.12.12 17:22:43.802,1.30409,1.30413,1.35,1.50
2012.12.12 17:22:49.679,1.30409,1.30415,1.35,1.73
2012.12.12 17:22:50.226,1.30409,1.30415,4.35,3.00
2012.12.12 17:22:51.313,1.30409,1.30415,4.35,2.25
2012.12.12 17:22:55.385,1.30412,1.3042,2.25,1.73
2012.12.12 17:22:55.683,1.30414,1.3042,2.63,1.50
2012.12.12 17:22:55.923,1.30415,1.3042,1.65,1.50
2012.12.12 17:22:56.562,1.30415,1.3042,1.88,1.50
2012.12.12 17:22:56.982,1.30415,1.3042,1.13,3.00
2012.12.12 17:22:58.014,1.30415,1.3042,2.48,2.25
2012.12.12 17:22:58.571,1.30415,1.3042,1.88,2.25
2012.12.12 17:22:59.463,1.30416,1.3042,1.73,1.50
2012.12.12 17:22:59.643,1.30418,1.30422,2.63,1.50
2012.12.12 17:22:59.824,1.30419,1.30423,1.13,2.25
2012.12.12 17:23:00.574,1.30419,1.30424,2.63,1.50
2012.12.12 17:23:06.343,1.3042,1.30425,1.13,2.63
2012.12.12 17:23:13.013,1.3042,1.30426,1.65,3.23
2012.12.12 17:23:13.253,1.30424,1.30428,2.10,1.50
2012.12.12 17:23:13.585,1.30422,1.30428,3.90,2.48
2012.12.12 17:23:14.123,1.30421,1.30426,1.35,1.50
2012.12.12 17:23:14.805,1.3042,1.30426,4.13,3.00
2012.12.12 17:23:15.323,1.30419,1.30425,2.63,2.48
2012.12.12 17:23:15.895,1.30419,1.30425,1.88,3.23
2012.12.12 17:23:16.255,1.30422,1.30428,1.88,3.38
2012.12.12 17:23:16.792,1.30421,1.30425,1.20,1.50
2012.12.12 17:23:19.163,1.30421,1.30425,1.35,1.50
2012.12.12 17:23:20.333,1.3042,1.30425,1.50,1.50
2012.12.12 17:23:20.890,1.3042,1.30426,2.10,1.50
2012.12.12 17:23:21.433,1.30422,1.30426,1.13,1.50
2012.12.12 17:23:21.974,1.30421,1.30427,3.60,2.25
2012.12.12 17:23:28.522,1.30422,1.30427,2.85,2.25
2012.12.12 17:23:28.893,1.30424,1.30429,1.73,2.10
2012.12.12 17:23:29.012,1.30426,1.30429,1.50,1.35
2012.12.12 17:23:29.562,1.30427,1.30431,1.50,1.88
2012.12.12 17:23:30.162,1.30427,1.30432,1.50,3.60
2012.12.12 17:23:30.953,1.30429,1.30433,1.13,4.58
2012.12.12 17:23:31.014,1.30429,1.30433,1.13,2.48
2012.12.12 17:23:31.075,1.30432,1.3044,1.50,1.35
2012.12.12 17:23:31.612,1.3043,1.30435,2.10,1.65
2012.12.12 17:23:32.462,1.3043,1.30437,2.10,4.80
2012.12.12 17:23:33.022,1.30432,1.30436,1.50,1.50
2012.12.12 17:23:33.822,1.30431,1.30436,1.73,2.40
2012.12.12 17:23:34.373,1.30431,1.30436,1.73,3.15
2012.12.12 17:23:37.152,1.3043,1.30435,1.35,1.65
2012.12.12 17:23:38.763,1.3043,1.30436,1.35,1.50
2012.12.12 17:23:39.122,1.30433,1.30439,2.40,4.73
2012.12.12 17:23:39.652,1.30433,1.30439,3.23,3.75
2012.12.12 17:23:39.712,1.30433,1.3044,3.98,1.58
2012.12.12 17:23:39.893,1.30434,1.3044,4.35,1.58
2012.12.12 17:23:39.953,1.30436,1.30445,1.50,2.40
2012.12.12 17:23:44.393,1.30436,1.30441,1.73,1.50
2012.12.12 17:23:44.682,1.30436,1.30441,1.73,2.25
2012.12.12 17:23:45.113,1.30436,1.30441,1.73,1.50
2012.12.12 17:23:45.232,1.30436,1.30441,1.73,2.25
2012.12.12 17:23:46.273,1.30437,1.30442,1.88,3.98
2012.12.12 17:23:46.395,1.30438,1.30442,1.88,1.50
2012.12.12 17:23:46.456,1.30438,1.30444,1.13,2.63
2012.12.12 17:23:46.525,1.30437,1.30442,2.63,3.23
2012.12.12 17:23:46.942,1.30437,1.30442,1.88,1.50
2012.12.12 17:23:47.433,1.30437,1.30442,1.88,2.25
2012.12.12 17:23:51.492,1.30437,1.30441,1.13,1.50
2012.12.12 17:23:52.224,1.30437,1.30441,1.13,1.50
2012.12.12 17:23:55.718,1.30437,1.30442,4.13,1.50
2012.12.12 17:23:55.913,1.30442,1.30448,2.25,2.52
2012.12.12 17:23:56.216,1.30442,1.30449,1.50,3.27
2012.12.12 17:23:56.288,1.30444,1.30449,1.25,3.04
2012.12.12 17:23:56.358,1.30444,1.30449,2.75,2.29
2012.12.12 17:23:56.543,1.30445,1.30455,1.50,1.50
2012.12.12 17:23:57.166,1.30447,1.30452,1.50,4.65
2012.12.12 17:23:57.654,1.3045,1.30453,1.13,1.73
2012.12.12 17:23:58.205,1.30448,1.30454,3.38,4.13
2012.12.12 17:23:58.836,1.30447,1.30453,2.25,2.63
2012.12.12 17:24:01.076,1.30448,1.30454,2.25,2.85
2012.12.12 17:24:01.622,1.30448,1.30454,3.38,2.63
2012.12.12 17:24:02.474,1.30448,1.30454,3.38,1.13
2012.12.12 17:24:03.222,1.30448,1.30454,3.38,1.88
2012.12.12 17:24:03.623,1.30448,1.30454,4.88,1.13
2012.12.12 17:24:05.487,1.30451,1.30455,1.13,2.25
2012.12.12 17:24:05.912,1.30448,1.30454,4.13,1.13
2012.12.12 17:24:08.492,1.30448,1.30455,2.63,1.50
2012.12.12 17:24:09.643,1.30449,1.30455,1.50,1.50
2012.12.12 17:24:17.064,1.30449,1.30454,1.88,2.25
2012.12.12 17:24:17.695,1.30451,1.30455,1.13,1.50
2012.12.12 17:24:22.503,1.30451,1.30455,1.13,2.25
2012.12.12 17:24:23.052,1.30451,1.30455,1.13,1.50
2012.12.12 17:24:26.432,1.3045,1.30455,1.13,2.25
2012.12.12 17:24:26.743,1.30451,1.30455,1.13,2.25
2012.12.12 17:24:37.214,1.3045,1.30455,2.63,2.25
2012.12.12 17:24:37.393,1.30449,1.30455,2.10,2.48
2012.12.12 17:24:37.513,1.30448,1.30452,1.13,2.85
2012.12.12 17:24:37.753,1.30446,1.30451,3.60,2.85
2012.12.12 17:24:38.112,1.30438,1.30448,1.13,11.10
2012.12.12 17:24:38.233,1.30439,1.30445,1.13,2.25
2012.12.12 17:24:38.772,1.30437,1.30444,2.03,2.25
2012.12.12 17:24:39.194,1.30435,1.30443,1.88,1.50
2012.12.12 17:24:40.093,1.30435,1.30443,1.13,3.00
2012.12.12 17:24:40.213,1.30435,1.3044,1.13,4.50
2012.12.12 17:24:40.515,1.3043,1.30439,1.50,3.98
2012.12.12 17:24:40.823,1.30437,1.30441,1.73,2.48
2012.12.12 17:24:40.884,1.30437,1.30441,1.50,2.25
2012.12.12 17:24:41.443,1.30435,1.30443,1.73,3.98
2012.12.12 17:24:42.443,1.30435,1.30443,1.73,3.23
2012.12.12 17:24:48.353,1.30435,1.30443,1.88,3.23
2012.12.12 17:24:49.001,1.30436,1.30442,2.25,1.65
2012.12.12 17:24:51.780,1.30437,1.30443,1.73,1.50
2012.12.12 17:24:51.974,1.30439,1.30446,1.73,4.73
2012.12.12 17:24:52.784,1.30437,1.30445,3.23,3.75
2012.12.12 17:24:53.403,1.30439,1.30445,1.50,3.75
2012.12.12 17:24:53.733,1.30438,1.30445,1.95,2.25
2012.12.12 17:24:53.793,1.30438,1.30446,1.95,3.38
2012.12.12 17:24:53.914,1.30441,1.30448,1.73,4.88
2012.12.12 17:24:54.156,1.30443,1.30448,1.13,2.03
2012.12.12 17:24:54.704,1.30445,1.30451,1.88,1.65
2012.12.12 17:24:55.095,1.30449,1.30453,1.13,1.50
2012.12.12 17:24:55.453,1.30449,1.30455,1.88,3.23
2012.12.12 17:24:56.097,1.30446,1.30452,2.25,5.85
2012.12.12 17:24:56.408,1.30442,1.30449,1.88,3.23
2012.12.12 17:24:56.474,1.30442,1.30448,1.13,1.13
2012.12.12 17:24:56.714,1.3044,1.30448,1.20,1.88
2012.12.12 17:24:56.774,1.30439,1.30447,3.23,1.73
2012.12.12 17:24:57.523,1.30441,1.30449,1.65,3.00
2012.12.12 17:24:57.583,1.30443,1.3045,1.13,4.13
2012.12.12 17:24:57.824,1.30446,1.30452,1.65,1.73
2012.12.12 17:24:58.443,1.30446,1.30451,1.73,1.50
2012.12.12 17:24:59.254,1.30446,1.30453,1.73,3.98
2012.12.12 17:24:59.432,1.30443,1.30452,2.78,1.88
2012.12.12 17:24:59.623,1.30445,1.30451,1.73,1.50
2012.12.12 17:24:59.924,1.30446,1.30453,1.95,2.48
2012.12.12 17:25:00.345,1.30449,1.3046,1.20,5.67
2012.12.12 17:25:00.883,1.30449,1.30454,1.95,1.50
2012.12.12 17:25:01.294,1.30449,1.30453,1.13,2.25
2012.12.12 17:25:04.023,1.30446,1.30454,3.60,3.00
2012.12.12 17:25:04.563,1.30448,1.30454,1.95,1.50
2012.12.12 17:25:05.154,1.30448,1.30453,1.88,1.50
2012.12.12 17:25:05.682,1.30446,1.30451,2.85,1.50
2012.12.12 17:25:06.134,1.30448,1.30453,1.13,1.73
2012.12.12 17:25:06.254,1.30449,1.30453,1.35,1.50
2012.12.12 17:25:06.793,1.30448,1.30453,1.13,2.40
2012.12.12 17:25:07.384,1.30447,1.30453,2.63,2.63
2012.12.12 17:25:07.524,1.30447,1.30451,1.88,1.50
2012.12.12 17:25:07.893,1.30446,1.3045,2.25,1.73
2012.12.12 17:25:08.414,1.30445,1.3045,1.50,1.73
2012.12.12 17:25:09.993,1.30446,1.30452,2.25,1.50
2012.12.12 17:25:10.055,1.30448,1.30453,1.13,3.23
2012.12.12 17:25:11.163,1.30449,1.30454,2.63,1.73
2012.12.12 17:25:11.224,1.3045,1.30455,1.65,3.23
2012.12.12 17:25:11.525,1.30451,1.30456,1.65,2.85
2012.12.12 17:25:12.083,1.3045,1.30456,2.40,2.85
2012.12.12 17:25:12.573,1.30449,1.30456,1.35,2.85
2012.12.12 17:25:13.123,1.30449,1.30453,1.13,1.50
2012.12.12 17:25:13.184,1.30448,1.30453,3.60,1.50
2012.12.12 17:25:13.723,1.30445,1.30452,4.35,2.48
2012.12.12 17:25:14.904,1.30446,1.30452,2.85,1.73
2012.12.12 17:25:15.442,1.30449,1.30455,3.45,1.50
2012.12.12 17:25:15.562,1.30449,1.30456,3.60,1.35
2012.12.12 17:25:15.683,1.30449,1.30455,3.60,2.48
2012.12.12 17:25:15.743,1.30451,1.30455,1.13,1.73
2012.12.12 17:25:15.804,1.30449,1.30455,3.60,1.73
2012.12.12 17:25:16.223,1.30452,1.30456,1.13,1.73
2012.12.12 17:25:16.404,1.30452,1.30458,1.13,2.63
2012.12.12 17:25:16.913,1.30452,1.30458,1.13,1.88
2012.12.12 17:25:17.543,1.30451,1.30456,1.35,1.50
2012.12.12 17:25:18.345,1.30449,1.30455,2.85,1.73
2012.12.12 17:25:19.243,1.30449,1.30456,1.35,1.73
2012.12.12 17:25:19.303,1.30449,1.30455,1.35,1.88
2012.12.12 17:25:19.843,1.30449,1.30456,2.85,1.65
2012.12.12 17:25:20.382,1.30449,1.30455,2.85,1.13
2012.12.12 17:25:20.504,1.30448,1.30453,2.63,1.65
2012.12.12 17:25:20.863,1.30444,1.30449,2.48,1.13
2012.12.12 17:25:21.403,1.30444,1.3045,2.10,2.48
2012.12.12 17:25:21.583,1.30444,1.30448,1.73,1.65
2012.12.12 17:25:22.133,1.30443,1.30448,2.40,1.88
2012.12.12 17:25:22.603,1.30445,1.30448,1.13,1.50
2012.12.12 17:25:22.725,1.30445,1.3045,1.13,3.23
2012.12.12 17:25:23.983,1.30445,1.3045,1.50,4.35
2012.12.12 17:25:24.283,1.30442,1.30448,2.63,2.63
2012.12.12 17:25:25.504,1.30443,1.30448,1.88,1.50
2012.12.12 17:25:25.746,1.30447,1.30454,2.85,1.50
2012.12.12 17:25:26.315,1.30448,1.30454,2.85,1.50
2012.12.12 17:25:30.924,1.30447,1.30454,3.75,1.50
2012.12.12 17:25:31.283,1.30446,1.30453,4.88,2.48
2012.12.12 17:25:32.172,1.30446,1.30453,4.88,1.50
2012.12.12 17:25:32.778,1.30446,1.30453,4.13,3.75
2012.12.12 17:25:33.322,1.30446,1.30451,1.65,1.65
2012.12.12 17:25:37.713,1.30446,1.30451,1.65,2.40
2012.12.12 17:25:38.245,1.30445,1.30452,1.13,2.85
2012.12.12 17:25:38.782,1.30445,1.3045,1.88,1.50
2012.12.12 17:25:38.964,1.30445,1.3045,1.88,1.50
2012.12.12 17:25:40.223,1.30445,1.30449,1.50,1.13
2012.12.12 17:25:40.403,1.30443,1.30449,2.40,1.13
2012.12.12 17:25:40.824,1.30446,1.30451,4.65,2.25
2012.12.12 17:25:40.944,1.30449,1.30453,1.88,2.25
2012.12.12 17:25:41.124,1.3045,1.30455,1.13,2.40
2012.12.12 17:25:42.613,1.30449,1.30454,1.50,2.63
2012.12.12 17:25:42.672,1.30449,1.30454,1.50,2.63
2012.12.12 17:25:44.113,1.30449,1.30455,2.63,2.25
2012.12.12 17:25:45.984,1.30449,1.30454,1.13,1.50
2012.12.12 17:25:48.444,1.30452,1.30457,1.13,2.48
2012.12.12 17:25:48.744,1.30457,1.30462,1.88,1.50
2012.12.12 17:25:49.516,1.30457,1.30463,3.38,1.65
2012.12.12 17:25:50.035,1.30459,1.30463,1.50,1.65
2012.12.12 17:25:51.193,1.3046,1.30465,1.88,1.50
2012.12.12 17:25:51.313,1.30461,1.3047,2.25,3.23
2012.12.12 17:25:51.374,1.30464,1.30469,2.25,2.25
2012.12.12 17:25:51.614,1.30468,1.30472,1.50,1.73
2012.12.12 17:25:51.973,1.30468,1.30475,2.25,1.73
2012.12.12 17:25:52.154,1.3047,1.3048,1.50,1.73
2012.12.12 17:25:52.763,1.30471,1.3048,1.50,5.48
2012.12.12 17:25:52.846,1.30475,1.30481,1.65,3.38
2012.12.12 17:25:52.917,1.30475,1.30486,1.65,1.35
2012.12.12 17:25:53.163,1.30475,1.30482,1.65,2.10
2012.12.12 17:25:53.463,1.30476,1.30482,1.50,1.35
2012.12.12 17:25:53.824,1.30479,1.3049,3.98,2.63
2012.12.12 17:25:54.005,1.30479,1.30487,6.00,2.25
2012.12.12 17:25:54.183,1.30481,1.30488,1.50,2.40
2012.12.12 17:25:54.612,1.30483,1.3049,3.75,1.65
2012.12.12 17:25:55.153,1.30486,1.30492,1.50,3.45
2012.12.12 17:25:55.694,1.30486,1.30492,1.50,3.45
2012.12.12 17:25:56.273,1.30485,1.30492,1.13,3.23
2012.12.12 17:25:56.392,1.30483,1.3049,2.40,2.55
2012.12.12 17:25:56.933,1.30483,1.3049,2.40,2.70
2012.12.12 17:25:57.813,1.30483,1.30489,2.40,1.73
2012.12.12 17:25:57.873,1.30483,1.30488,3.00,1.50
2012.12.12 17:25:57.933,1.30483,1.30489,5.40,1.88
2012.12.12 17:25:58.053,1.30483,1.30488,3.15,1.65
2012.12.12 17:25:59.536,1.30483,1.3049,3.15,2.85
2012.12.12 17:26:00.184,1.30483,1.30489,4.65,1.88
2012.12.12 17:26:00.246,1.3048,1.30487,1.50,1.50
2012.12.12 17:26:00.373,1.30479,1.30483,4.88,6.23
2012.12.12 17:26:00.433,1.30477,1.30482,2.25,1.88
2012.12.12 17:26:00.494,1.30476,1.30482,1.88,2.63
2012.12.12 17:26:01.214,1.30477,1.30482,1.50,2.63
2012.12.12 17:26:01.754,1.30478,1.30482,1.50,1.13
2012.12.12 17:26:02.256,1.30478,1.30483,1.65,1.65
2012.12.12 17:26:02.325,1.30478,1.30483,1.88,1.50
2012.12.12 17:26:02.563,1.30478,1.30485,1.50,2.25
2012.12.12 17:26:02.983,1.30478,1.30485,2.48,1.50
2012.12.12 17:26:04.073,1.30477,1.30484,1.88,1.13
2012.12.12 17:26:04.634,1.30477,1.30484,1.13,1.88
2012.12.12 17:26:06.673,1.30479,1.30484,1.50,1.88
2012.12.12 17:26:07.033,1.3048,1.30484,1.13,2.25
2012.12.12 17:26:11.931,1.30479,1.30484,3.15,1.13
2012.12.12 17:26:13.235,1.30478,1.30483,1.50,1.50
2012.12.12 17:26:13.783,1.30477,1.30483,2.25,1.50
2012.12.12 17:26:15.613,1.30479,1.30483,1.50,1.50
2012.12.12 17:26:15.856,1.30477,1.30481,1.50,1.50
2012.12.12 17:26:15.974,1.30475,1.30481,1.50,1.73
2012.12.12 17:26:16.095,1.30475,1.30477,1.50,1.20
2012.12.12 17:26:16.214,1.30471,1.30477,6.00,2.70
2012.12.12 17:26:16.275,1.30471,1.30476,6.15,2.25
2012.12.12 17:26:16.455,1.30471,1.30477,6.90,1.50
2012.12.12 17:26:16.573,1.30471,1.30477,2.25,2.63
2012.12.12 17:26:17.134,1.30471,1.30477,2.40,1.50
2012.12.12 17:26:18.913,1.30471,1.30477,1.65,1.50
2012.12.12 17:26:19.406,1.3047,1.30477,2.25,1.35
2012.12.12 17:26:22.614,1.30471,1.30476,1.50,1.65
2012.12.12 17:26:23.222,1.30471,1.30477,1.50,3.23
2012.12.12 17:26:23.284,1.30471,1.30477,1.50,1.73
2012.12.12 17:26:23.465,1.30473,1.3048,2.63,2.03
2012.12.12 17:26:24.077,1.30473,1.30481,1.88,1.09
2012.12.12 17:26:25.303,1.30474,1.30482,2.25,2.10
2012.12.12 17:26:26.404,1.30475,1.30482,2.25,2.85
2012.12.12 17:26:26.954,1.30474,1.30481,1.50,2.40
2012.12.12 17:26:27.315,1.30473,1.3048,1.88,2.40
2012.12.12 17:26:28.784,1.30473,1.3048,1.13,2.40
2012.12.12 17:26:29.265,1.30472,1.30478,1.50,1.50
2012.12.12 17:26:29.384,1.30471,1.30478,3.00,1.50
2012.12.12 17:26:29.932,1.30471,1.30477,2.25,1.50
2012.12.12 17:26:30.113,1.3047,1.30477,3.75,1.88
2012.12.12 17:26:30.413,1.30469,1.30474,2.25,1.50
2012.12.12 17:26:31.088,1.30469,1.30475,1.50,1.65
2012.12.12 17:26:31.573,1.30469,1.30476,1.50,2.40
2012.12.12 17:26:32.683,1.30468,1.30476,5.63,1.65
2012.12.12 17:26:36.833,1.3047,1.30477,1.50,2.85
2012.12.12 17:26:37.352,1.3047,1.30476,2.25,1.65
2012.12.12 17:26:38.573,1.3047,1.30476,2.25,1.65
2012.12.12 17:26:38.934,1.30469,1.30479,4.95,3.38
2012.12.12 17:26:38.994,1.30471,1.30479,3.15,3.38
2012.12.12 17:26:44.553,1.30473,1.30479,1.50,1.88
2012.12.12 17:26:44.863,1.30472,1.30479,1.50,1.88
2012.12.12 17:26:45.424,1.30471,1.30479,2.40,1.88
2012.12.12 17:26:49.833,1.30471,1.30478,3.15,3.15
2012.12.12 17:26:50.934,1.30471,1.30477,1.65,2.25
2012.12.12 17:26:52.295,1.30471,1.30476,2.40,1.50
2012.12.12 17:26:53.013,1.30471,1.30479,3.15,4.13
2012.12.12 17:26:53.743,1.30471,1.30477,3.90,1.50
2012.12.12 17:26:53.863,1.30471,1.30476,1.65,1.50
2012.12.12 17:26:54.403,1.3047,1.30475,1.50,2.40
2012.12.12 17:26:56.137,1.30471,1.30475,1.50,1.50
2012.12.12 17:26:56.443,1.30471,1.30479,3.00,1.50
2012.12.12 17:26:56.503,1.30472,1.30478,1.50,1.50
2012.12.12 17:26:56.865,1.30473,1.3048,1.50,3.23
2012.12.12 17:26:57.043,1.30473,1.30479,1.50,1.13
2012.12.12 17:26:57.464,1.30473,1.30478,2.25,1.65
2012.12.12 17:26:58.104,1.30472,1.30478,1.50,4.13
2012.12.12 17:26:58.406,1.30468,1.30472,1.50,1.13
2012.12.12 17:26:58.476,1.30466,1.30472,1.50,2.63
2012.12.12 17:26:59.043,1.30466,1.30472,1.50,1.88
2012.12.12 17:26:59.545,1.30466,1.30472,3.15,1.50
2012.12.12 17:27:00.063,1.30466,1.30472,3.90,1.50
2012.12.12 17:27:03.323,1.30466,1.30472,3.15,1.50
2012.12.12 17:27:03.624,1.30471,1.30479,4.50,1.50
2012.12.12 17:27:05.763,1.30472,1.3048,1.50,3.23
2012.12.12 17:27:07.395,1.30472,1.3048,3.00,2.48
2012.12.12 17:27:08.643,1.30472,1.3048,1.50,2.48
2012.12.12 17:27:08.763,1.30471,1.3048,3.75,2.48
2012.12.12 17:27:09.423,1.30471,1.3048,3.00,3.98
2012.12.12 17:27:09.544,1.30471,1.30478,2.25,1.50
2012.12.12 17:27:09.733,1.30469,1.30477,2.10,3.00
2012.12.12 17:27:10.274,1.30469,1.30473,1.50,1.50
2012.12.12 17:27:10.693,1.30469,1.30473,1.50,2.25
2012.12.12 17:27:11.303,1.30469,1.30473,1.50,2.25
2012.12.12 17:27:15.034,1.30469,1.30473,1.50,1.50
2012.12.12 17:27:15.093,1.30467,1.30473,3.00,2.25
2012.12.12 17:27:15.609,1.30467,1.30473,1.50,2.25
2012.12.12 17:27:16.381,1.30467,1.30473,1.50,1.50
2012.12.12 17:27:16.644,1.3047,1.30475,3.00,1.50
2012.12.12 17:27:18.204,1.3047,1.30475,1.50,1.50
2012.12.12 17:27:18.389,1.3047,1.30473,1.50,2.25
2012.12.12 17:27:18.943,1.30469,1.30473,1.50,2.25
2012.12.12 17:27:19.484,1.30469,1.30473,1.50,2.25
2012.12.12 17:27:19.545,1.30469,1.30476,2.25,2.40
2012.12.12 17:27:19.692,1.3047,1.30476,2.63,2.25
2012.12.12 17:27:19.945,1.30469,1.30476,1.50,3.15
2012.12.12 17:27:20.123,1.30468,1.30473,3.00,1.50
2012.12.12 17:27:20.425,1.30465,1.3047,2.25,1.50
2012.12.12 17:27:21.485,1.30465,1.3047,2.25,1.50
2012.12.12 17:27:22.084,1.30465,1.3047,1.50,1.50
2012.12.12 17:27:22.215,1.30465,1.30471,1.50,5.33
2012.12.12 17:27:23.133,1.30463,1.30471,4.50,4.58
2012.12.12 17:27:24.083,1.30463,1.30471,3.00,3.08
2012.12.12 17:27:24.266,1.30463,1.30471,3.15,1.50
2012.12.12 17:27:24.573,1.30468,1.30475,1.50,1.50
2012.12.12 17:27:25.076,1.3047,1.30476,2.63,1.50
2012.12.12 17:27:26.314,1.30472,1.30478,1.50,1.65
2012.12.12 17:27:27.093,1.30472,1.30477,1.50,1.50
2012.12.12 17:27:27.422,1.30469,1.30474,1.13,1.50
2012.12.12 17:27:27.485,1.30469,1.30474,1.50,1.50
2012.12.12 17:27:28.085,1.30468,1.30473,1.50,1.50
2012.12.12 17:27:29.081,1.30467,1.30473,3.90,1.50
2012.12.12 17:27:29.629,1.30467,1.30473,2.40,1.50
2012.12.12 17:27:30.983,1.30467,1.30473,2.40,1.50
2012.12.12 17:27:32.843,1.30466,1.30473,2.06,1.50
2012.12.12 17:27:33.163,1.30468,1.30475,1.50,1.50
2012.12.12 17:27:33.344,1.30457,1.30488,19.61,1.13
2012.12.12 17:27:33.404,1.30466,1.3048,15.11,1.50
2012.12.12 17:27:33.525,1.30468,1.30479,3.75,1.50
2012.12.12 17:27:33.717,1.3047,1.30479,2.63,3.00
2012.12.12 17:27:34.025,1.30471,1.3048,1.13,1.50
2012.12.12 17:27:34.144,1.30471,1.30482,1.50,5.25
2012.12.12 17:27:34.264,1.30473,1.30483,2.25,1.65
2012.12.12 17:27:34.325,1.30474,1.30484,3.15,2.40
2012.12.12 17:27:34.574,1.30476,1.30484,1.73,3.75
2012.12.12 17:27:34.981,1.30477,1.30485,1.73,3.00
2012.12.12 17:27:35.064,1.30478,1.30485,1.73,1.50
2012.12.12 17:27:35.485,1.30478,1.30487,2.25,2.63
2012.12.12 17:27:36.374,1.3048,1.30487,1.50,1.88
2012.12.12 17:27:36.914,1.30482,1.30487,1.62,1.58
2012.12.12 17:27:37.863,1.30484,1.30487,1.50,1.43
2012.12.12 17:27:38.343,1.30476,1.30496,4.88,4.50
2012.12.12 17:27:38.584,1.30483,1.30491,2.33,1.43
2012.12.12 17:27:38.705,1.30484,1.30492,1.13,1.43
2012.12.12 17:27:39.246,1.30486,1.30492,1.50,1.43
2012.12.12 17:27:39.555,1.30487,1.30492,1.50,1.43
2012.12.12 17:27:40.473,1.30488,1.30493,1.66,2.18
2012.12.12 17:27:40.837,1.30489,1.30494,1.28,1.43
2012.12.12 17:27:41.147,1.30489,1.30496,31.03,1.58
2012.12.12 17:27:41.426,1.30473,1.30514,1.50,2.92
2012.12.12 17:27:41.974,1.30478,1.30511,3.75,1.43
2012.12.12 17:27:42.051,1.30479,1.30512,6.15,2.03
2012.12.12 17:27:42.788,1.30489,1.30503,1.50,1.83
2012.12.12 17:27:42.916,1.30491,1.30503,2.25,1.87
2012.12.12 17:27:42.986,1.30492,1.30504,1.50,2.62
2012.12.12 17:27:43.115,1.30493,1.30505,4.50,2.06
2012.12.12 17:27:43.175,1.30495,1.30506,1.50,2.06
2012.12.12 17:27:43.477,1.30495,1.30508,2.85,1.12
2012.12.12 17:27:43.806,1.30498,1.30507,1.50,1.12
2012.12.12 17:27:44.056,1.305,1.30507,3.60,1.50
2012.12.12 17:27:44.605,1.30502,1.30507,1.50,1.50
2012.12.12 17:27:44.666,1.30503,1.30507,1.50,1.50
2012.12.12 17:27:44.975,1.305,1.30512,9.60,2.25
2012.12.12 17:27:45.290,1.30505,1.30509,3.00,1.04
2012.12.12 17:27:45.417,1.30501,1.30515,1.66,1.12
2012.12.12 17:27:45.668,1.30505,1.30513,2.25,1.08
2012.12.12 17:27:45.736,1.30506,1.30514,1.66,1.12
2012.12.12 17:27:45.975,1.30507,1.30515,2.10,1.87
2012.12.12 17:27:46.397,1.30505,1.30518,2.85,1.50
2012.12.12 17:27:46.525,1.30508,1.30517,2.40,2.25
2012.12.12 17:27:47.006,1.30507,1.30519,1.50,2.25
2012.12.12 17:27:47.384,1.3051,1.30517,1.50,1.87
2012.12.12 17:27:47.457,1.3051,1.30518,1.50,1.12
2012.12.12 17:27:48.141,1.3051,1.30519,2.10,1.88
2012.12.12 17:27:48.696,1.30509,1.30521,1.50,1.50
2012.12.12 17:27:48.946,1.30513,1.30519,2.25,1.13
2012.12.12 17:27:52.943,1.30514,1.3052,2.40,2.25
2012.12.12 17:27:53.031,1.30512,1.30523,2.40,1.50
2012.12.12 17:27:53.217,1.30515,1.30521,3.15,2.44
2012.12.12 17:27:53.345,1.30516,1.30522,1.50,2.25
2012.12.12 17:27:53.816,1.30518,1.30522,1.50,2.25
2012.12.12 17:27:54.295,1.30517,1.30525,1.28,1.50
2012.12.12 17:27:54.356,1.30517,1.30527,23.22,1.50
2012.12.12 17:27:54.607,1.30518,1.30528,1.73,1.50
2012.12.12 17:27:54.738,1.30517,1.30531,8.93,1.50
2012.12.12 17:27:55.045,1.30519,1.3053,1.65,3.00
2012.12.12 17:27:55.284,1.30519,1.30531,3.54,1.50
2012.12.12 17:27:55.345,1.3052,1.30532,3.16,1.50
2012.12.12 17:27:55.465,1.30523,1.30532,1.50,3.00
2012.12.12 17:27:55.596,1.30525,1.30531,2.18,3.87
2012.12.12 17:27:55.926,1.30523,1.30535,11.40,2.63
2012.12.12 17:27:56.000,1.30525,1.30534,9.15,1.88
2012.12.12 17:27:56.306,1.30527,1.30533,1.50,3.57
2012.12.12 17:27:56.366,1.30525,1.30536,9.13,4.97
2012.12.12 17:27:56.435,1.30527,1.30537,2.10,3.34
2012.12.12 17:27:56.554,1.3053,1.30536,1.50,1.50
2012.12.12 17:27:57.271,1.30529,1.30539,6.07,11.63
2012.12.12 17:27:57.463,1.30529,1.30541,1.57,1.50
2012.12.12 17:27:57.525,1.30532,1.30539,1.65,8.93
2012.12.12 17:27:57.885,1.30529,1.30543,5.02,1.43
2012.12.12 17:27:57.954,1.30532,1.30542,2.32,2.25
2012.12.12 17:27:58.016,1.30534,1.30542,6.75,1.50
2012.12.12 17:27:58.147,1.30535,1.30543,1.50,1.50
2012.12.12 17:27:58.217,1.30534,1.30545,10.80,5.25
2012.12.12 17:27:58.525,1.30537,1.30543,4.29,2.25
2012.12.12 17:27:59.070,1.30538,1.30544,4.22,2.25
2012.12.12 17:27:59.434,1.30539,1.30544,3.04,1.43
2012.12.12 17:27:59.556,1.30539,1.30546,13.25,1.43
2012.12.12 17:27:59.696,1.3054,1.30546,4.54,1.43
2012.12.12 17:27:59.770,1.3054,1.30547,1.73,2.25
2012.12.12 17:27:59.907,1.3054,1.30548,3.19,1.50
2012.12.12 17:28:00.035,1.30541,1.30549,2.40,1.50
2012.12.12 17:28:00.096,1.30542,1.30549,1.65,1.50
2012.12.12 17:28:00.527,1.30542,1.3055,2.33,2.25
2012.12.12 17:28:00.661,1.30544,1.3055,2.96,1.50
2012.12.12 17:28:01.035,1.30545,1.30551,1.73,1.50
2012.12.12 17:28:01.573,1.30545,1.30553,2.10,1.50
2012.12.12 17:28:02.125,1.30546,1.30553,1.54,2.25
2012.12.12 17:28:02.486,1.30546,1.30555,4.61,1.50
2012.12.12 17:28:03.033,1.30549,1.30554,2.29,2.40
2012.12.12 17:28:03.527,1.3055,1.30555,2.29,2.25
2012.12.12 17:28:03.606,1.30549,1.30558,1.50,4.65
2012.12.12 17:28:03.914,1.30551,1.30557,1.50,3.00
2012.12.12 17:28:04.157,1.30551,1.30558,1.50,1.50
2012.12.12 17:28:04.225,1.30552,1.30558,2.00,1.50
2012.12.12 17:28:04.535,1.30544,1.30568,12.05,4.88
2012.12.12 17:28:04.607,1.30547,1.30566,2.93,3.45
2012.12.12 17:28:04.674,1.3054,1.30574,2.25,1.43
2012.12.12 17:28:04.736,1.30543,1.30573,8.10,1.43
2012.12.12 17:28:05.116,1.30545,1.30573,1.35,6.75
2012.12.12 17:28:05.244,1.30548,1.30571,2.25,1.50
2012.12.12 17:28:05.564,1.30553,1.30567,1.50,1.50
2012.12.12 17:28:05.757,1.30553,1.30568,4.28,0.75
2012.12.12 17:28:05.825,1.30556,1.30566,4.28,3.00
2012.12.12 17:28:06.134,1.3055,1.30573,2.96,1.50
2012.12.12 17:28:06.446,1.30557,1.30568,2.85,1.50
2012.12.12 17:28:06.526,1.30561,1.30566,1.65,1.50
2012.12.12 17:28:06.602,1.30561,1.30568,2.25,1.50
2012.12.12 17:28:06.678,1.30563,1.30567,1.50,2.25
2012.12.12 17:28:06.745,1.30562,1.30569,1.65,3.00
2012.12.12 17:28:06.805,1.30562,1.30571,1.65,1.50
2012.12.12 17:28:07.125,1.3056,1.30574,6.00,3.98
2012.12.12 17:28:07.198,1.30564,1.30571,1.50,1.50
2012.12.12 17:28:07.269,1.30565,1.30572,1.50,2.48
2012.12.12 17:28:07.396,1.30559,1.30579,7.13,1.98
2012.12.12 17:28:07.466,1.30563,1.30576,1.50,1.50
2012.12.12 17:28:07.708,1.30564,1.30576,0.75,2.25
2012.12.12 17:28:07.957,1.3056,1.30581,1.73,2.99
2012.12.12 17:28:08.088,1.30567,1.30577,1.50,2.25
2012.12.12 17:28:08.161,1.30567,1.30578,2.48,3.75
2012.12.12 17:28:08.715,1.30569,1.30578,2.25,2.85
2012.12.12 17:28:08.965,1.30571,1.30578,1.50,1.35
2012.12.12 17:28:09.266,1.30572,1.30579,2.25,1.58
2012.12.12 17:28:09.884,1.30573,1.3058,4.22,1.35
2012.12.12 17:28:10.086,1.30572,1.30582,3.75,0.60
2012.12.12 17:28:10.165,1.30575,1.30581,2.25,5.10
2012.12.12 17:28:10.238,1.30576,1.30582,1.50,1.20
2012.12.12 17:28:10.545,1.30574,1.30586,4.50,3.04
2012.12.12 17:28:10.858,1.30573,1.30589,1.56,15.93
2012.12.12 17:28:10.987,1.30578,1.30586,1.65,1.69
2012.12.12 17:28:11.054,1.30578,1.30587,4.50,1.69
2012.12.12 17:28:11.114,1.30579,1.30587,1.05,1.69
2012.12.12 17:28:11.174,1.3058,1.30587,1.13,1.13
2012.12.12 17:28:11.480,1.30583,1.30586,1.95,1.20
2012.12.12 17:28:11.546,1.30583,1.30588,2.70,1.20
2012.12.12 17:28:11.617,1.30583,1.3059,1.73,1.35
2012.12.12 17:28:11.866,1.30585,1.3059,4.58,1.20
2012.12.12 17:28:11.996,1.30586,1.30591,1.65,1.20
2012.12.12 17:28:12.308,1.30585,1.30593,1.50,1.20
2012.12.12 17:28:12.376,1.30587,1.30592,1.50,2.25
2012.12.12 17:28:12.495,1.30587,1.30593,2.37,1.28
2012.12.12 17:28:12.556,1.30588,1.30594,2.37,1.28
2012.12.12 17:28:12.745,1.30588,1.30596,3.34,1.20
2012.12.12 17:28:13.045,1.30589,1.30597,2.37,1.20
2012.12.12 17:28:13.165,1.3059,1.30598,3.34,1.20
2012.12.12 17:28:13.465,1.30591,1.30599,1.50,1.20
2012.12.12 17:28:13.826,1.30593,1.30598,1.50,1.20
2012.12.12 17:28:14.074,1.30593,1.30599,2.40,1.20
2012.12.12 17:28:14.345,1.30594,1.306,1.50,1.50
2012.12.12 17:28:14.404,1.30594,1.30601,1.50,1.50
2012.12.12 17:28:14.464,1.30594,1.30602,2.10,2.10
2012.12.12 17:28:14.647,1.30595,1.30602,1.50,1.50
2012.12.12 17:28:15.196,1.30595,1.30604,2.25,1.35
2012.12.12 17:28:15.738,1.30596,1.30605,2.25,1.88
2012.12.12 17:28:15.821,1.30599,1.30604,1.50,1.50
2012.12.12 17:28:15.888,1.30599,1.30605,1.35,1.50
2012.12.12 17:28:15.954,1.306,1.30606,3.00,1.50
2012.12.12 17:28:16.075,1.30606,1.30612,1.50,1.50
2012.12.12 17:28:16.317,1.30606,1.30614,1.88,2.25
2012.12.12 17:28:16.446,1.30606,1.30613,4.35,2.07
2012.12.12 17:28:16.627,1.30605,1.30612,2.25,1.13
2012.12.12 17:28:16.761,1.30602,1.30609,2.31,1.50
2012.12.12 17:28:17.425,1.306,1.30607,1.56,1.50
2012.12.12 17:28:17.905,1.30598,1.30605,1.65,3.00
2012.12.12 17:28:18.266,1.30597,1.30602,3.08,1.50
2012.12.12 17:28:18.456,1.30596,1.306,2.10,2.25
2012.12.12 17:28:18.527,1.30595,1.306,2.31,2.25
2012.12.12 17:28:18.597,1.30595,1.30599,2.31,1.50
2012.12.12 17:28:19.026,1.30589,1.30596,3.00,1.50
2012.12.12 17:28:19.084,1.30591,1.30598,1.56,2.25
2012.12.12 17:28:19.384,1.3059,1.30597,2.31,2.25
2012.12.12 17:28:19.504,1.3059,1.30597,1.56,2.25
2012.12.12 17:28:19.746,1.30588,1.30595,2.46,1.50
2012.12.12 17:28:19.987,1.30587,1.30594,2.91,2.25
2012.12.12 17:28:20.294,1.30585,1.30595,3.21,4.50
2012.12.12 17:28:20.655,1.30585,1.30593,1.50,2.25
2012.12.12 17:28:20.845,1.30585,1.30591,1.56,1.50
2012.12.12 17:28:21.230,1.30582,1.30592,2.16,2.63
2012.12.12 17:28:21.304,1.30579,1.30593,5.16,5.25
2012.12.12 17:28:21.439,1.30577,1.30582,2.68,2.25
2012.12.12 17:28:21.565,1.30578,1.30584,1.50,2.25
2012.12.12 17:28:21.926,1.30576,1.30583,3.06,2.25
2012.12.12 17:28:22.048,1.30576,1.30583,2.31,1.50
2012.12.12 17:28:22.687,1.30577,1.30584,3.06,1.50
2012.12.12 17:28:22.849,1.3058,1.30588,1.50,1.35
2012.12.12 17:28:23.094,1.30582,1.30588,1.50,1.50
2012.12.12 17:28:23.754,1.30585,1.30592,3.00,1.88
2012.12.12 17:28:23.934,1.30585,1.30591,1.50,1.13
2012.12.12 17:28:23.996,1.30585,1.30591,1.50,1.13
2012.12.12 17:28:24.064,1.30586,1.30592,1.50,1.13
2012.12.12 17:28:24.184,1.30584,1.30592,3.00,1.13
2012.12.12 17:28:24.948,1.30586,1.30593,3.75,3.38
2012.12.12 17:28:25.015,1.30586,1.30593,3.75,1.13
2012.12.12 17:28:25.344,1.30586,1.30592,2.25,1.65
2012.12.12 17:28:25.646,1.30584,1.30588,1.53,1.13
2012.12.12 17:28:25.894,1.30581,1.30587,1.50,2.25
2012.12.12 17:28:25.955,1.30581,1.30585,1.50,1.50
2012.12.12 17:28:26.435,1.3058,1.30588,2.28,3.00
2012.12.12 17:28:26.555,1.3058,1.30587,1.50,2.25
2012.12.12 17:28:26.915,1.30582,1.30589,1.50,4.50
2012.12.12 17:28:27.036,1.30583,1.30589,1.50,1.50
2012.12.12 17:28:27.707,1.30584,1.3059,3.03,1.50
2012.12.12 17:28:28.016,1.30584,1.3059,1.88,1.50
2012.12.12 17:28:28.076,1.30586,1.30591,1.68,2.25
2012.12.12 17:28:28.495,1.30587,1.30593,2.25,2.48
2012.12.12 17:28:28.805,1.30591,1.30596,2.28,1.13
2012.12.12 17:28:28.867,1.30591,1.30594,1.53,1.13
2012.12.12 17:28:28.934,1.30585,1.30593,1.50,3.38
2012.12.12 17:28:29.594,1.30584,1.3059,3.92,1.43
2012.12.12 17:28:29.653,1.30586,1.30591,1.80,1.43
2012.12.12 17:28:29.956,1.30584,1.30594,1.59,2.63
2012.12.12 17:28:30.204,1.30591,1.30597,1.97,2.18
2012.12.12 17:28:30.983,1.30592,1.30597,1.50,2.18
2012.12.12 17:28:31.067,1.30594,1.306,1.59,1.58
2012.12.12 17:28:31.265,1.30592,1.30599,2.25,1.13
2012.12.12 17:28:31.444,1.30592,1.30597,1.59,1.13
2012.12.12 17:28:31.960,1.30591,1.30597,2.72,1.13
2012.12.12 17:28:32.186,1.3059,1.30597,1.22,1.13
2012.12.12 17:28:32.255,1.30591,1.30599,1.22,1.43
2012.12.12 17:28:32.315,1.30589,1.30595,2.25,1.43
2012.12.12 17:28:32.865,1.30588,1.30592,1.50,1.43
2012.12.12 17:28:33.104,1.3059,1.30597,2.34,2.18
2012.12.12 17:28:33.166,1.3059,1.30599,2.34,2.18
2012.12.12 17:28:33.488,1.30589,1.30594,1.59,1.13
2012.12.12 17:28:33.794,1.30588,1.30592,3.09,1.13
2012.12.12 17:28:33.975,1.30587,1.30594,1.59,1.13
2012.12.12 17:28:34.884,1.30588,1.306,3.09,3.00
2012.12.12 17:28:35.004,1.3059,1.30599,1.97,2.25
2012.12.12 17:28:35.064,1.3059,1.30599,1.22,3.23
2012.12.12 17:28:35.371,1.30588,1.30595,1.88,1.50
2012.12.12 17:28:35.435,1.30586,1.30595,3.84,1.50
2012.12.12 17:28:35.496,1.30587,1.30595,1.50,2.25
2012.12.12 17:28:36.024,1.30587,1.30595,1.59,1.50
2012.12.12 17:28:36.324,1.30585,1.30597,1.59,2.63
2012.12.12 17:28:36.385,1.30589,1.30597,8.03,1.50
2012.12.12 17:28:36.743,1.3059,1.306,1.20,3.38
2012.12.12 17:28:36.803,1.30595,1.30604,1.74,1.13
2012.12.12 17:28:37.619,1.30595,1.30602,3.00,1.13
2012.12.12 17:28:37.685,1.30595,1.30604,2.25,3.00
2012.12.12 17:28:37.744,1.30593,1.30599,7.63,1.50
2012.12.12 17:28:37.985,1.30591,1.30599,7.37,1.50
2012.12.12 17:28:38.045,1.30594,1.306,1.50,2.40
2012.12.12 17:28:38.164,1.30593,1.306,1.13,2.40
2012.12.12 17:28:38.284,1.30593,1.306,1.14,2.40
2012.12.12 17:28:38.346,1.3059,1.306,3.02,3.00
2012.12.12 17:28:38.475,1.3059,1.30598,1.28,1.88
2012.12.12 17:28:39.074,1.3059,1.30596,1.14,1.88
2012.12.12 17:28:39.795,1.30588,1.30595,1.89,1.13
2012.12.12 17:28:39.934,1.30588,1.30594,1.05,2.25
2012.12.12 17:28:40.308,1.30589,1.30597,4.88,1.50
2012.12.12 17:28:40.374,1.30589,1.30599,4.88,2.25
2012.12.12 17:28:40.435,1.30592,1.30599,3.21,1.50
2012.12.12 17:28:40.616,1.30592,1.30598,1.74,1.13
2012.12.12 17:28:40.685,1.30592,1.30599,1.59,1.88
2012.12.12 17:28:40.747,1.30591,1.30598,1.59,1.13
2012.12.12 17:28:41.340,1.30594,1.306,1.50,1.50
2012.12.12 17:28:41.466,1.3059,1.30607,9.24,4.62
2012.12.12 17:28:41.594,1.30596,1.30603,7.06,1.50
2012.12.12 17:28:41.656,1.30594,1.30607,4.89,2.25
2012.12.12 17:28:41.785,1.30597,1.30605,3.08,3.00
2012.12.12 17:28:41.854,1.30597,1.30607,3.61,2.25
2012.12.12 17:28:41.917,1.30601,1.30605,2.34,1.50
2012.12.12 17:28:42.046,1.30601,1.30606,1.50,1.50
2012.12.12 17:28:42.239,1.30602,1.30607,2.25,1.50
2012.12.12 17:28:42.439,1.30602,1.30608,1.89,1.88
2012.12.12 17:28:42.626,1.30603,1.30609,3.02,1.50
2012.12.12 17:28:42.757,1.30603,1.30611,1.14,2.25
2012.12.12 17:28:43.074,1.30601,1.30615,1.95,5.63
2012.12.12 17:28:43.132,1.30605,1.30612,1.50,5.63
2012.12.12 17:28:43.313,1.30603,1.30616,1.50,1.50
2012.12.12 17:28:43.373,1.30606,1.30614,1.80,1.50
2012.12.12 17:28:43.676,1.30606,1.30616,2.54,3.38
2012.12.12 17:28:43.747,1.30606,1.30611,2.54,2.25
2012.12.12 17:28:43.817,1.30606,1.30611,1.71,1.50
2012.12.12 17:28:44.005,1.30606,1.30609,1.04,1.50
2012.12.12 17:28:44.245,1.30602,1.30609,1.58,1.50
2012.12.12 17:28:44.484,1.30601,1.30607,1.35,1.50
2012.12.12 17:28:44.787,1.30603,1.30608,1.80,1.50
2012.12.12 17:28:44.859,1.30603,1.30609,2.10,1.50
2012.12.12 17:28:44.927,1.30606,1.30613,1.05,1.50
2012.12.12 17:28:44.999,1.30607,1.30613,1.05,1.50
2012.12.12 17:28:45.548,1.30606,1.30616,2.48,1.65
2012.12.12 17:28:45.918,1.30602,1.30611,4.20,1.35
2012.12.12 17:28:46.056,1.30603,1.30612,1.13,2.03
2012.12.12 17:28:46.296,1.30604,1.30613,1.58,2.25
2012.12.12 17:28:46.356,1.30608,1.30618,1.13,3.38
2012.12.12 17:28:46.475,1.30608,1.30617,1.95,1.50
2012.12.12 17:28:46.595,1.30608,1.30617,1.95,1.50
2012.12.12 17:28:46.957,1.30603,1.30611,2.63,1.50
2012.12.12 17:28:47.265,1.306,1.30611,3.60,2.25
2012.12.12 17:28:48.086,1.30599,1.30608,1.13,1.50
2012.12.12 17:28:48.395,1.30598,1.30608,2.03,2.25
2012.12.12 17:28:48.579,1.30597,1.30605,1.20,1.50
2012.12.12 17:28:48.646,1.30594,1.30602,1.20,1.50
2012.12.12 17:28:48.718,1.30593,1.306,1.88,1.65
2012.12.12 17:28:49.084,1.3059,1.306,2.48,2.63
2012.12.12 17:28:49.625,1.30591,1.30595,1.13,1.35
2012.12.12 17:28:49.685,1.30589,1.30595,1.13,2.10
2012.12.12 17:28:50.115,1.3059,1.30599,1.20,1.50
2012.12.12 17:28:50.294,1.30592,1.306,1.13,5.10
2012.12.12 17:28:50.656,1.30592,1.30601,1.95,2.25
2012.12.12 17:28:50.715,1.30592,1.306,1.13,2.10
2012.12.12 17:28:51.146,1.30592,1.306,2.63,2.85
2012.12.12 17:28:51.448,1.30594,1.306,1.58,2.85
2012.12.12 17:28:51.637,1.30595,1.30602,1.20,3.00
2012.12.12 17:28:52.191,1.30595,1.30603,1.88,1.50
2012.12.12 17:28:52.735,1.30596,1.30602,1.13,2.25
2012.12.12 17:28:53.305,1.30596,1.30603,1.88,3.98
2012.12.12 17:28:53.847,1.30596,1.30603,2.63,3.98
2012.12.12 17:28:53.917,1.30596,1.30605,2.63,2.63
2012.12.12 17:28:54.226,1.30603,1.3061,1.13,3.68
2012.12.12 17:28:54.768,1.30601,1.30609,1.50,2.40
2012.12.12 17:28:55.135,1.30597,1.30604,1.13,2.25
2012.12.12 17:28:55.195,1.30596,1.30603,2.63,1.50
2012.12.12 17:28:55.644,1.30596,1.30603,2.63,1.13
2012.12.12 17:28:55.985,1.30597,1.30603,1.13,1.50
2012.12.12 17:28:56.044,1.30598,1.30604,1.28,1.35
2012.12.12 17:28:56.165,1.30599,1.30605,2.03,2.85
2012.12.12 17:28:56.287,1.30604,1.3061,1.28,1.50
2012.12.12 17:28:56.714,1.30604,1.30611,1.05,1.13
2012.12.12 17:28:57.244,1.30603,1.30611,1.05,1.28
2012.12.12 17:28:57.776,1.30603,1.30611,1.05,2.03
2012.12.12 17:28:58.015,1.30602,1.30607,1.65,1.50
2012.12.12 17:28:58.257,1.30607,1.3061,1.35,1.05
2012.12.12 17:28:58.329,1.30609,1.30616,1.28,3.00
2012.12.12 17:28:58.634,1.30605,1.30622,13.85,1.95
2012.12.12 17:28:58.764,1.3061,1.30618,1.05,1.50
2012.12.12 17:28:58.887,1.30611,1.30619,1.28,2.67
2012.12.12 17:28:58.955,1.30618,1.30625,2.25,1.50
2012.12.12 17:28:59.014,1.30619,1.30627,2.40,2.25
2012.12.12 17:28:59.136,1.30623,1.30627,1.28,1.50
2012.12.12 17:28:59.376,1.30623,1.30628,1.35,1.88
2012.12.12 17:28:59.445,1.30623,1.3063,2.33,1.50
2012.12.12 17:28:59.565,1.30623,1.30633,2.48,2.25
2012.12.12 17:29:00.115,1.30624,1.30632,1.73,1.50
2012.12.12 17:29:00.176,1.30625,1.30634,2.25,1.50
2012.12.12 17:29:00.724,1.30625,1.30633,3.45,1.50
2012.12.12 17:29:01.026,1.30625,1.30635,3.23,2.25
2012.12.12 17:29:01.337,1.30629,1.30632,1.05,2.25
2012.12.12 17:29:01.465,1.30634,1.3064,1.65,1.50
2012.12.12 17:29:01.767,1.30632,1.30641,1.20,1.50
2012.12.12 17:29:01.896,1.30633,1.30641,1.05,1.50
2012.12.12 17:29:01.968,1.30633,1.30642,1.80,1.50
2012.12.12 17:29:02.038,1.30633,1.30642,1.05,3.00
2012.12.12 17:29:02.249,1.30634,1.30642,1.05,3.57
2012.12.12 17:29:02.941,1.30633,1.30642,1.05,2.25
2012.12.12 17:29:03.017,1.3063,1.30637,1.95,1.50
2012.12.12 17:29:03.085,1.3063,1.30635,2.18,1.50
2012.12.12 17:29:03.402,1.30627,1.30637,1.50,9.38
2012.12.12 17:29:03.538,1.30628,1.30634,1.35,1.50
2012.12.12 17:29:03.785,1.30627,1.30633,1.28,1.50
2012.12.12 17:29:03.906,1.30626,1.30632,1.28,1.50
2012.12.12 17:29:04.206,1.30625,1.30631,1.50,1.50
2012.12.12 17:29:04.276,1.30624,1.30631,3.98,1.50
2012.12.12 17:29:04.585,1.30623,1.30631,2.55,1.50
2012.12.12 17:29:04.707,1.30623,1.3063,1.88,1.50
2012.12.12 17:29:04.775,1.30624,1.30628,1.88,1.50
2012.12.12 17:29:04.836,1.30622,1.30628,1.50,2.40
2012.12.12 17:29:05.076,1.30621,1.30628,1.43,1.50
2012.12.12 17:29:05.267,1.3062,1.30628,2.78,1.50
2012.12.12 17:29:05.456,1.30618,1.30629,1.65,1.13
2012.12.12 17:29:05.575,1.30617,1.30629,2.93,2.63
2012.12.12 17:29:05.818,1.30616,1.30629,1.65,1.50
2012.12.12 17:29:06.585,1.30617,1.30626,1.50,1.50
2012.12.12 17:29:07.094,1.30615,1.30625,2.33,2.25
2012.12.12 17:29:07.395,1.30614,1.30624,1.50,1.50
2012.12.12 17:29:07.457,1.30613,1.30623,3.75,1.50
2012.12.12 17:29:07.826,1.30612,1.30622,1.35,2.25
2012.12.12 17:29:08.134,1.30612,1.30619,1.35,1.50
2012.12.12 17:29:08.436,1.30612,1.30618,1.13,2.25
2012.12.12 17:29:08.555,1.30611,1.30617,1.35,1.88
2012.12.12 17:29:08.675,1.3061,1.30616,1.35,1.50
2012.12.12 17:29:08.734,1.3061,1.30615,1.54,1.50
2012.12.12 17:29:09.035,1.30607,1.30616,1.35,1.73
2012.12.12 17:29:09.096,1.30607,1.30615,1.35,3.00
2012.12.12 17:29:09.156,1.30605,1.30615,1.95,2.25
2012.12.12 17:29:09.284,1.30604,1.30614,1.35,1.50
2012.12.12 17:29:09.827,1.30604,1.30612,1.35,1.50
2012.12.12 17:29:09.976,1.30597,1.30607,1.35,1.50
2012.12.12 17:29:10.394,1.30596,1.30606,1.50,1.65
2012.12.12 17:29:10.634,1.30596,1.30604,1.35,1.50
2012.12.12 17:29:10.754,1.30594,1.30604,2.89,2.25
2012.12.12 17:29:10.821,1.30594,1.30602,1.35,2.25
2012.12.12 17:29:10.944,1.30592,1.30601,1.95,6.00
2012.12.12 17:29:11.005,1.30591,1.30599,2.10,1.50
2012.12.12 17:29:11.304,1.30587,1.30594,1.73,1.50
2012.12.12 17:29:11.424,1.30588,1.30594,1.73,2.25
2012.12.12 17:29:11.785,1.30586,1.30592,1.35,1.50
2012.12.12 17:29:11.966,1.30586,1.30594,1.50,1.65
2012.12.12 17:29:12.146,1.30586,1.30592,1.35,1.65
2012.12.12 17:29:12.449,1.30585,1.30591,2.10,1.50
2012.12.12 17:29:12.755,1.30583,1.3059,2.37,2.25
2012.12.12 17:29:12.875,1.30583,1.3059,1.62,2.25
2012.12.12 17:29:13.355,1.3058,1.30585,2.85,1.50
2012.12.12 17:29:13.474,1.3058,1.30586,2.10,1.65
2012.12.12 17:29:13.784,1.30577,1.30582,1.61,1.50
2012.12.12 17:29:14.266,1.3057,1.3058,2.10,7.50
2012.12.12 17:29:14.329,1.3057,1.30579,2.10,1.50
2012.12.12 17:29:14.634,1.3057,1.30576,1.50,2.25
2012.12.12 17:29:15.175,1.30569,1.30576,2.29,2.25
2012.12.12 17:29:15.534,1.30569,1.30578,1.69,1.50
2012.12.12 17:29:15.896,1.30572,1.30579,1.43,1.50
2012.12.12 17:29:16.227,1.30569,1.30579,2.97,2.25
2012.12.12 17:29:16.303,1.30571,1.30579,1.43,2.25
2012.12.12 17:29:16.485,1.30571,1.30579,2.18,3.00
2012.12.12 17:29:16.664,1.30571,1.30579,1.43,3.00
2012.12.12 17:29:16.812,1.30571,1.30579,2.18,3.00
2012.12.12 17:29:17.326,1.30572,1.3058,1.43,5.63
2012.12.12 17:29:17.884,1.30568,1.30578,1.43,1.50
2012.12.12 17:29:18.185,1.3057,1.30576,1.43,2.63
2012.12.12 17:29:18.246,1.30574,1.3058,1.43,1.50
2012.12.12 17:29:18.305,1.30574,1.30581,3.23,1.50
2012.12.12 17:29:18.364,1.30572,1.30584,2.93,1.50
2012.12.12 17:29:18.424,1.30577,1.30587,1.50,1.50
2012.12.12 17:29:18.486,1.30579,1.30594,1.50,2.33
2012.12.12 17:29:19.324,1.30582,1.30593,2.85,4.50
2012.12.12 17:29:19.467,1.3058,1.30587,1.43,1.50
2012.12.12 17:29:19.714,1.30578,1.30587,2.18,2.25
2012.12.12 17:29:19.775,1.30578,1.30586,2.18,1.50
2012.12.12 17:29:20.325,1.30579,1.30586,2.18,1.50
2012.12.12 17:29:20.864,1.30578,1.30587,1.35,1.50
2012.12.12 17:29:21.115,1.30578,1.30587,2.10,1.50
2012.12.12 17:29:21.174,1.30578,1.30587,1.43,3.00
2012.12.12 17:29:21.794,1.30578,1.30587,2.18,2.25
2012.12.12 17:29:22.154,1.30579,1.30587,1.50,1.50
2012.12.12 17:29:22.464,1.30574,1.30581,1.88,4.50
2012.12.12 17:29:22.535,1.3057,1.30577,2.10,1.50
2012.12.12 17:29:23.078,1.3057,1.30577,1.43,1.50
2012.12.12 17:29:23.445,1.3057,1.30578,2.18,1.50
2012.12.12 17:29:24.105,1.3057,1.30577,2.18,1.50
2012.12.12 17:29:25.384,1.3057,1.30576,1.35,1.50
2012.12.12 17:29:25.509,1.30575,1.30583,3.68,3.60
2012.12.12 17:29:25.578,1.3058,1.30583,1.50,3.60
2012.12.12 17:29:25.825,1.30583,1.3059,3.75,3.75
2012.12.12 17:29:25.947,1.30579,1.30585,1.58,1.50
2012.12.12 17:29:26.015,1.30579,1.30584,1.58,1.50
2012.12.12 17:29:26.506,1.30575,1.30585,2.33,1.50
2012.12.12 17:29:27.464,1.30575,1.30587,2.33,1.50
2012.12.12 17:29:28.074,1.30575,1.30586,1.58,1.50
2012.12.12 17:29:28.134,1.30575,1.30586,1.58,1.50
2012.12.12 17:29:28.554,1.30579,1.30587,1.50,1.50
2012.12.12 17:29:29.095,1.30579,1.30589,2.25,1.50
2012.12.12 17:29:29.961,1.3058,1.3059,1.50,1.50
2012.12.12 17:29:30.873,1.3058,1.30591,1.50,1.69
2012.12.12 17:29:31.009,1.3058,1.30593,1.50,2.25
2012.12.12 17:29:31.496,1.30583,1.30592,1.50,2.25
2012.12.12 17:29:31.868,1.3058,1.30591,1.50,1.50
2012.12.12 17:29:32.405,1.30576,1.30591,1.50,2.25
2012.12.12 17:29:32.955,1.30576,1.30589,1.50,2.25
2012.12.12 17:29:33.256,1.30576,1.30587,1.50,2.25
2012.12.12 17:29:33.389,1.30576,1.30587,1.50,1.50
2012.12.12 17:29:33.576,1.30576,1.30585,1.50,1.13
2012.12.12 17:29:33.815,1.30574,1.30584,1.65,2.25
2012.12.12 17:29:33.935,1.30573,1.30584,1.50,1.50
2012.12.12 17:29:34.475,1.30572,1.30583,1.58,1.50
2012.12.12 17:29:34.896,1.30571,1.30583,3.00,1.50
2012.12.12 17:29:35.146,1.30571,1.30581,2.25,1.50
2012.12.12 17:29:35.685,1.30568,1.30581,1.50,1.50
2012.12.12 17:29:35.746,1.30562,1.30578,1.58,2.25
2012.12.12 17:29:36.265,1.30561,1.30576,1.58,1.50
2012.12.12 17:29:36.625,1.3056,1.30576,2.33,1.88
2012.12.12 17:29:36.926,1.30563,1.30572,1.01,1.50
2012.12.12 17:29:37.567,1.30562,1.30574,2.44,1.50
2012.12.12 17:29:37.935,1.30563,1.30576,2.51,1.50
2012.12.12 17:29:38.055,1.30564,1.30575,3.19,1.50
2012.12.12 17:29:38.594,1.30564,1.30575,3.00,1.50
2012.12.12 17:29:39.146,1.30563,1.30576,1.73,2.63
2012.12.12 17:29:39.505,1.30562,1.30574,1.50,1.50
2012.12.12 17:29:39.985,1.30563,1.30573,1.50,1.50
2012.12.12 17:29:40.443,1.30562,1.30572,1.50,2.25
2012.12.12 17:29:40.766,1.30559,1.30568,1.58,1.50
2012.12.12 17:29:40.837,1.30561,1.30572,1.50,1.50
2012.12.12 17:29:40.907,1.30566,1.30577,1.50,1.50
2012.12.12 17:29:40.977,1.30568,1.30574,1.58,1.88
2012.12.12 17:29:41.048,1.30573,1.30583,1.69,1.50
2012.12.12 17:29:41.116,1.30576,1.30584,1.69,1.50
2012.12.12 17:29:41.187,1.30579,1.30587,1.69,1.50
2012.12.12 17:29:41.657,1.30571,1.30585,1.80,1.13
2012.12.12 17:29:41.725,1.30577,1.30587,1.20,1.69
2012.12.12 17:29:41.786,1.30577,1.30587,1.13,3.00
2012.12.12 17:29:41.975,1.30573,1.30585,1.13,1.50
2012.12.12 17:29:42.396,1.30572,1.30586,1.50,1.50
2012.12.12 17:29:42.474,1.30571,1.30591,2.33,1.50
2012.12.12 17:29:42.785,1.3057,1.3059,2.33,1.50
2012.12.12 17:29:43.146,1.30577,1.30585,1.50,1.50
2012.12.12 17:29:43.216,1.30577,1.30587,3.83,3.75
2012.12.12 17:29:43.647,1.30578,1.30587,1.58,1.73
2012.12.12 17:29:43.716,1.30578,1.30589,1.58,1.73
2012.12.12 17:29:43.834,1.30584,1.30594,1.58,0.75
2012.12.12 17:29:44.197,1.30583,1.30599,1.50,1.50
2012.12.12 17:29:44.976,1.30583,1.30598,1.58,1.50
2012.12.12 17:29:45.300,1.30583,1.30596,1.50,1.50
2012.12.12 17:29:45.547,1.3058,1.30597,1.58,5.63
2012.12.12 17:29:45.908,1.30575,1.30593,1.58,2.25
2012.12.12 17:29:46.036,1.30575,1.30587,1.50,1.50
2012.12.12 17:29:46.276,1.30573,1.30582,1.50,1.50
2012.12.12 17:29:46.577,1.30569,1.30576,7.50,1.50
2012.12.12 17:29:46.647,1.30569,1.30575,7.50,1.50
2012.12.12 17:29:46.717,1.30569,1.30575,7.50,1.50
2012.12.12 17:29:47.052,1.30566,1.30578,1.73,1.50
2012.12.12 17:29:47.188,1.30565,1.30581,4.69,3.00
2012.12.12 17:29:47.331,1.30565,1.30577,4.50,4.13
2012.12.12 17:29:47.878,1.3056,1.30576,1.50,4.13
2012.12.12 17:29:47.946,1.3056,1.30577,1.50,4.88
2012.12.12 17:29:48.439,1.30558,1.30578,1.50,1.13
2012.12.12 17:29:48.926,1.30558,1.30579,1.50,2.25
2012.12.12 17:29:49.048,1.30558,1.30579,1.50,2.25
2012.12.12 17:29:49.545,1.30556,1.30572,1.50,0.75
2012.12.12 17:29:50.077,1.30553,1.30574,1.50,1.50
2012.12.12 17:29:50.567,1.30553,1.30574,1.50,1.50
2012.12.12 17:29:51.127,1.30553,1.30574,1.50,1.50
2012.12.12 17:29:51.315,1.30553,1.30574,1.50,1.50
2012.12.12 17:29:51.946,1.30553,1.30574,1.50,1.50
2012.12.12 17:29:52.307,1.30558,1.30571,3.00,1.50
2012.12.12 17:29:52.439,1.30557,1.30574,4.50,1.50
2012.12.12 17:29:52.507,1.30558,1.30575,1.50,1.50
2012.12.12 17:29:52.886,1.30558,1.30577,1.50,2.25
2012.12.12 17:29:52.945,1.3056,1.30576,1.50,1.50
2012.12.12 17:29:53.126,1.3056,1.30577,1.50,1.50
2012.12.12 17:29:53.486,1.30561,1.30578,1.50,2.25
2012.12.12 17:29:53.787,1.30562,1.30576,1.50,1.50
2012.12.12 17:29:53.947,1.30558,1.30576,1.50,1.50
2012.12.12 17:29:54.256,1.30556,1.30575,2.25,1.50
2012.12.12 17:29:54.616,1.30555,1.30572,1.50,1.50
2012.12.12 17:29:54.808,1.30557,1.30572,1.50,1.50
2012.12.12 17:29:55.128,1.30555,1.30575,1.50,3.00
2012.12.12 17:29:55.439,1.30555,1.30576,1.50,2.25
2012.12.12 17:29:56.322,1.30562,1.30575,1.50,1.65
2012.12.12 17:29:56.392,1.3056,1.30575,1.50,1.69
2012.12.12 17:29:56.636,1.30556,1.30568,1.50,1.35
2012.12.12 17:29:56.709,1.30556,1.30575,1.50,6.90
2012.12.12 17:29:56.836,1.30556,1.30575,1.50,1.50
2012.12.12 17:29:56.967,1.30555,1.30575,1.50,1.50
2012.12.12 17:29:57.493,1.30556,1.30577,1.50,2.25
2012.12.12 17:29:58.146,1.30553,1.30573,1.13,1.50
2012.12.12 17:29:58.566,1.30551,1.30572,3.00,1.50
2012.12.12 17:29:59.107,1.30551,1.30573,3.00,1.50
2012.12.12 17:29:59.237,1.30556,1.3057,1.73,1.50
2012.12.12 17:29:59.365,1.30557,1.30571,4.66,1.13
2012.12.12 17:29:59.426,1.30563,1.30567,16.85,1.20
2012.12.12 17:29:59.618,1.30555,1.30577,12.00,1.35
2012.12.12 17:29:59.689,1.30565,1.30569,4.50,1.35
2012.12.12 17:29:59.757,1.3056,1.30575,2.25,1.95
2012.12.12 17:29:59.888,1.30562,1.30574,1.29,1.73
2012.12.12 17:29:59.958,1.30561,1.30576,1.96,2.48
2012.12.12 17:30:00.028,1.30562,1.30577,1.50,2.48
2012.12.12 17:30:00.395,1.30564,1.30577,1.50,1.50
2012.12.12 17:30:00.696,1.30564,1.30579,2.25,1.50
2012.12.12 17:30:00.767,1.30566,1.30578,1.50,1.50
2012.12.12 17:30:00.957,1.30562,1.30584,3.75,1.50
2012.12.12 17:30:01.026,1.30563,1.30585,1.50,1.50
2012.12.12 17:30:01.147,1.3057,1.3058,1.50,1.50
2012.12.12 17:30:01.631,1.30565,1.30588,1.50,1.50
2012.12.12 17:30:01.707,1.30566,1.30589,1.50,1.50
2012.12.12 17:30:01.837,1.30568,1.30589,1.32,1.50
2012.12.12 17:30:01.965,1.30567,1.30592,1.32,1.50
2012.12.12 17:30:02.025,1.30578,1.30594,1.69,0.75
2012.12.12 17:30:02.147,1.30575,1.30596,1.13,1.50
2012.12.12 17:30:02.275,1.3058,1.3059,0.75,1.50
2012.12.12 17:30:02.402,1.3058,1.30588,1.50,1.50
2012.12.12 17:30:03.196,1.30571,1.30588,3.75,1.50
2012.12.12 17:30:03.327,1.30577,1.30591,1.50,1.50
2012.12.12 17:30:03.397,1.30566,1.3059,1.50,1.50
2012.12.12 17:30:03.468,1.30567,1.30584,1.50,1.50
2012.12.12 17:30:03.787,1.30563,1.3058,1.50,1.50
2012.12.12 17:30:03.917,1.30554,1.30579,1.69,2.48
2012.12.12 17:30:04.345,1.30554,1.30579,2.07,2.48
2012.12.12 17:30:04.466,1.30554,1.30579,1.69,2.48
2012.12.12 17:30:04.527,1.30554,1.30579,1.69,2.48
2012.12.12 17:30:04.835,1.30554,1.30574,1.50,1.50
2012.12.12 17:30:04.956,1.30552,1.30574,1.69,1.50
2012.12.12 17:30:05.458,1.30552,1.30574,1.50,1.50
2012.12.12 17:30:05.597,1.30553,1.30575,1.69,2.25
2012.12.12 17:30:05.670,1.30553,1.30575,1.50,2.25
2012.12.12 17:30:05.738,1.30552,1.30575,1.69,2.25
2012.12.12 17:30:06.057,1.30555,1.30566,2.07,1.50
2012.12.12 17:30:06.247,1.3056,1.30573,1.50,1.50
2012.12.12 17:30:06.316,1.30563,1.30577,1.50,1.50
2012.12.12 17:30:06.437,1.30563,1.30571,1.50,3.75
2012.12.12 17:30:06.676,1.30564,1.30576,1.50,4.13
2012.12.12 17:30:07.171,1.30565,1.3058,1.50,1.50
2012.12.12 17:30:07.714,1.30568,1.30581,1.50,1.50
2012.12.12 17:30:07.897,1.30564,1.30581,1.50,2.25
2012.12.12 17:30:08.649,1.30564,1.30581,1.50,1.50
2012.12.12 17:30:09.197,1.30563,1.30581,1.50,2.25
2012.12.12 17:30:09.397,1.30563,1.30578,2.25,1.50
2012.12.12 17:30:10.008,1.30563,1.30576,2.25,1.50
2012.12.12 17:30:10.318,1.30559,1.30569,1.50,1.50
2012.12.12 17:30:10.387,1.30559,1.30569,1.50,2.25
2012.12.12 17:30:10.517,1.30553,1.30566,2.33,1.50
2012.12.12 17:30:10.970,1.30545,1.30562,4.58,2.25
2012.12.12 17:30:11.097,1.30545,1.30557,3.08,1.50
2012.12.12 17:30:11.167,1.30545,1.30557,3.00,1.50
2012.12.12 17:30:11.236,1.3054,1.30549,4.50,2.07
2012.12.12 17:30:11.545,1.30536,1.30545,1.50,1.69
2012.12.12 17:30:11.606,1.3054,1.30543,3.75,2.18
2012.12.12 17:30:11.665,1.30541,1.30543,1.50,2.18
2012.12.12 17:30:11.966,1.30532,1.30551,5.25,6.54
2012.12.12 17:30:12.279,1.3053,1.30551,3.75,6.38
2012.12.12 17:30:12.346,1.30532,1.30547,1.77,2.93
2012.12.12 17:30:12.475,1.30529,1.30548,4.58,1.50
2012.12.12 17:30:12.787,1.30535,1.30541,2.85,35.57
2012.12.12 17:30:12.989,1.30529,1.30545,1.50,8.25
2012.12.12 17:30:13.249,1.30529,1.30543,1.50,1.50
2012.12.12 17:30:13.318,1.30528,1.30542,2.25,1.50
2012.12.12 17:30:13.689,1.30527,1.30541,2.25,1.50
2012.12.12 17:30:13.760,1.30526,1.3054,1.50,1.50
2012.12.12 17:30:13.825,1.30513,1.30551,4.05,1.73
2012.12.12 17:30:13.884,1.30513,1.3055,1.80,1.73
2012.12.12 17:30:13.944,1.3052,1.30541,1.50,1.73
2012.12.12 17:30:14.304,1.30522,1.30537,0.75,1.73
2012.12.12 17:30:14.606,1.30524,1.30533,1.88,1.73
2012.12.12 17:30:14.728,1.30524,1.30532,1.05,1.50
2012.12.12 17:30:14.927,1.30524,1.3053,1.80,1.50
2012.12.12 17:30:14.999,1.3052,1.30533,1.50,1.50
2012.12.12 17:30:15.068,1.30518,1.30533,1.73,2.25
2012.12.12 17:30:15.196,1.3052,1.3053,2.03,2.25
2012.12.12 17:30:15.265,1.30506,1.30542,5.25,1.35
2012.12.12 17:30:15.323,1.30509,1.30537,6.00,2.18
2012.12.12 17:30:15.383,1.30511,1.30533,2.03,3.08
2012.12.12 17:30:15.566,1.30511,1.30532,2.25,1.50
2012.12.12 17:30:15.896,1.30515,1.30526,3.53,2.25
2012.12.12 17:30:16.025,1.30509,1.3053,1.50,1.43
2012.12.12 17:30:16.203,1.30503,1.30534,1.35,1.43
2012.12.12 17:30:16.323,1.305,1.30534,1.35,1.43
2012.12.12 17:30:16.386,1.30504,1.30525,2.10,2.25
2012.12.12 17:30:16.514,1.30508,1.30523,1.95,1.13
2012.12.12 17:30:16.573,1.30512,1.30532,5.33,1.13
2012.12.12 17:30:16.874,1.30518,1.30539,2.85,1.50
2012.12.12 17:30:16.994,1.30519,1.30536,1.95,1.50
2012.12.12 17:30:17.053,1.30517,1.30536,1.28,1.50
2012.12.12 17:30:17.236,1.30508,1.30543,1.50,1.43
2012.12.12 17:30:17.296,1.3052,1.30543,1.28,1.43
2012.12.12 17:30:17.787,1.30517,1.30547,3.95,1.50
2012.12.12 17:30:17.875,1.30526,1.3054,3.34,1.13
2012.12.12 17:30:17.949,1.3053,1.30539,1.50,1.13
2012.12.12 17:30:18.019,1.30531,1.3054,1.69,1.13
2012.12.12 17:30:18.145,1.30532,1.30541,1.50,5.48
2012.12.12 17:30:18.204,1.30533,1.30542,1.58,5.48
2012.12.12 17:30:18.324,1.30518,1.30559,17.79,1.50
2012.12.12 17:30:18.384,1.30528,1.3055,12.61,3.15
2012.12.12 17:30:18.445,1.30534,1.30545,2.63,1.50
2012.12.12 17:30:18.562,1.30534,1.30547,1.95,1.73
2012.12.12 17:30:18.622,1.30536,1.30546,5.33,2.33
2012.12.12 17:30:18.683,1.30538,1.30546,2.25,1.50
2012.12.12 17:30:19.005,1.30539,1.30547,3.00,2.25
2012.12.12 17:30:19.544,1.30541,1.30547,1.50,1.50
2012.12.12 17:30:19.843,1.30542,1.30548,3.75,2.25
2012.12.12 17:30:20.142,1.30539,1.30552,2.03,6.00
2012.12.12 17:30:20.322,1.30538,1.30555,1.50,1.50
2012.12.12 17:30:20.685,1.30545,1.30549,1.13,0.66
2012.12.12 17:30:20.996,1.30546,1.3055,2.10,1.25
2012.12.12 17:30:21.125,1.30542,1.30556,2.10,3.07
2012.12.12 17:30:21.184,1.30546,1.30554,5.25,1.20
2012.12.12 17:30:21.425,1.30545,1.30557,1.50,1.50
2012.12.12 17:30:21.543,1.30546,1.30558,1.50,1.72
2012.12.12 17:30:21.663,1.30547,1.30559,1.50,1.50
2012.12.12 17:30:22.023,1.30547,1.3056,1.95,1.72
2012.12.12 17:30:22.263,1.30545,1.30564,8.10,4.15
2012.12.12 17:30:22.571,1.30548,1.30563,2.18,3.95
2012.12.12 17:30:22.664,1.30549,1.30564,3.75,2.86
2012.12.12 17:30:22.735,1.3055,1.30565,1.50,3.80
2012.12.12 17:30:22.856,1.30554,1.30563,1.50,0.75
2012.12.12 17:30:23.046,1.30553,1.30566,2.10,0.90
2012.12.12 17:30:23.174,1.30555,1.30566,2.33,1.50
2012.12.12 17:30:23.250,1.30552,1.3057,2.10,2.50
2012.12.12 17:30:23.316,1.30547,1.30577,0.94,5.05
2012.12.12 17:30:23.504,1.30556,1.3057,1.28,2.50
2012.12.12 17:30:23.563,1.3056,1.30568,3.00,2.50
2012.12.12 17:30:23.623,1.30556,1.30574,2.48,4.55
2012.12.12 17:30:23.685,1.30553,1.30578,17.70,1.73
2012.12.12 17:30:24.026,1.30563,1.3057,3.76,2.26
2012.12.12 17:30:24.098,1.30554,1.30581,0.57,8.64
2012.12.12 17:30:24.223,1.30567,1.3057,1.50,2.25
2012.12.12 17:30:24.631,1.30562,1.30577,3.38,6.98
2012.12.12 17:30:24.972,1.30558,1.30583,9.04,3.41
2012.12.12 17:30:25.286,1.30561,1.30583,2.43,1.05
2012.12.12 17:30:25.596,1.30567,1.30578,1.50,2.31
2012.12.12 17:30:25.802,1.30569,1.30578,1.50,1.71
2012.12.12 17:30:25.868,1.3057,1.30579,1.50,0.96
2012.12.12 17:30:25.937,1.3057,1.3058,1.17,1.71
2012.12.12 17:30:26.005,1.30569,1.30583,1.73,1.27
2012.12.12 17:30:26.436,1.3057,1.30583,4.50,1.27
2012.12.12 17:30:26.518,1.3057,1.30584,3.75,2.33
2012.12.12 17:30:26.646,1.30571,1.30585,4.50,1.82
2012.12.12 17:30:26.784,1.30574,1.30584,4.50,1.50
2012.12.12 17:30:27.285,1.30574,1.30586,1.50,1.31
2012.12.12 17:30:27.767,1.30575,1.30587,2.25,2.57
2012.12.12 17:30:27.838,1.30577,1.30588,2.25,1.65
2012.12.12 17:30:28.162,1.30577,1.3059,3.94,5.10
2012.12.12 17:30:28.304,1.30577,1.30592,3.19,2.70
2012.12.12 17:30:28.726,1.3058,1.3059,1.50,1.20
2012.12.12 17:30:28.798,1.3058,1.30591,1.50,1.20
2012.12.12 17:30:28.926,1.30582,1.3059,1.50,1.28
2012.12.12 17:30:29.259,1.3058,1.30594,1.35,3.39
2012.12.12 17:30:29.526,1.30583,1.30594,1.50,1.07
2012.12.12 17:30:29.596,1.30583,1.30595,2.06,1.07
2012.12.12 17:30:29.983,1.30583,1.30596,1.88,1.50
2012.12.12 17:30:30.067,1.30584,1.30597,1.92,2.25
2012.12.12 17:30:30.195,1.30585,1.30597,1.50,2.48
2012.12.12 17:30:30.508,1.30588,1.30595,1.14,1.50
2012.12.12 17:30:30.706,1.30586,1.30599,2.70,2.33
2012.12.12 17:30:30.774,1.30587,1.306,3.45,2.33
2012.12.12 17:30:31.016,1.30588,1.30601,1.13,1.58
2012.12.12 17:30:31.406,1.3059,1.30601,1.50,15.62
2012.12.12 17:30:31.727,1.30593,1.306,1.50,6.94
2012.12.12 17:30:31.987,1.30591,1.30604,1.13,1.50
2012.12.12 17:30:32.175,1.30591,1.30607,1.50,1.13
2012.12.12 17:30:32.236,1.30592,1.30608,1.69,4.50
2012.12.12 17:30:32.307,1.30595,1.30606,3.75,1.50
2012.12.12 17:30:32.380,1.30596,1.30606,2.25,1.50
2012.12.12 17:30:32.690,1.30593,1.3061,4.58,1.73
2012.12.12 17:30:32.899,1.30595,1.3061,4.58,4.07
2012.12.12 17:30:33.028,1.30598,1.30609,1.85,1.65
2012.12.12 17:30:33.349,1.30599,1.3061,4.85,1.65
2012.12.12 17:30:33.418,1.306,1.30611,1.10,1.65
2012.12.12 17:30:33.678,1.30601,1.30611,1.69,1.82
2012.12.12 17:30:33.746,1.30602,1.30612,1.69,1.07
2012.12.12 17:30:33.815,1.30603,1.30613,1.84,1.07
2012.12.12 17:30:34.059,1.30605,1.30614,1.69,1.07
2012.12.12 17:30:34.327,1.30603,1.30617,4.65,1.55
2012.12.12 17:30:34.457,1.30602,1.3062,3.98,1.73
2012.12.12 17:30:34.526,1.30604,1.3062,1.13,1.73
2012.12.12 17:30:34.836,1.30606,1.3062,2.44,1.50
2012.12.12 17:30:34.907,1.30608,1.3062,7.88,1.50
2012.12.12 17:30:35.038,1.30609,1.30621,3.15,3.00
2012.12.12 17:30:35.134,1.3061,1.30621,1.50,6.00
2012.12.12 17:30:35.724,1.30609,1.30624,6.94,4.58
2012.12.12 17:30:36.172,1.30614,1.30621,1.50,3.98
2012.12.12 17:30:36.556,1.30615,1.30622,4.58,3.98
2012.12.12 17:30:36.647,1.30612,1.30626,3.00,1.50
2012.12.12 17:30:36.857,1.30613,1.30627,4.50,1.58
2012.12.12 17:30:37.105,1.30612,1.3063,2.10,1.58
2012.12.12 17:30:37.226,1.30616,1.30627,1.13,2.48
2012.12.12 17:30:37.372,1.30616,1.30628,2.48,1.50
2012.12.12 17:30:37.442,1.30618,1.30628,1.73,3.60
2012.12.12 17:30:37.566,1.30619,1.30628,3.75,1.50
2012.12.12 17:30:37.636,1.30618,1.30631,1.50,3.75
2012.12.12 17:30:37.709,1.30622,1.30628,1.13,1.50
2012.12.12 17:30:37.781,1.30619,1.30633,1.35,1.50
2012.12.12 17:30:38.165,1.30622,1.30632,2.48,3.00
2012.12.12 17:30:38.228,1.30622,1.30634,1.13,1.50
2012.12.12 17:30:38.296,1.30623,1.30635,1.88,1.50
2012.12.12 17:30:38.367,1.30624,1.30635,1.50,1.50
2012.12.12 17:30:38.497,1.30626,1.30635,1.65,2.25
2012.12.12 17:30:38.768,1.30628,1.30635,1.73,3.75
2012.12.12 17:30:39.140,1.30628,1.30637,1.69,3.00
2012.12.12 17:30:39.625,1.30628,1.30639,1.13,5.25
2012.12.12 17:30:39.755,1.30627,1.30642,3.61,1.50
2012.12.12 17:30:40.138,1.30628,1.30643,1.95,1.13
2012.12.12 17:30:40.446,1.30631,1.30642,7.69,1.13
2012.12.12 17:30:40.756,1.30631,1.30644,2.15,1.50
2012.12.12 17:30:40.876,1.30631,1.30646,1.92,1.73
2012.12.12 17:30:40.945,1.30632,1.30648,1.65,4.35
2012.12.12 17:30:41.008,1.30633,1.30649,1.84,2.63
2012.12.12 17:30:41.075,1.30635,1.30649,1.65,3.98
2012.12.12 17:30:41.528,1.30637,1.30649,1.65,1.73
2012.12.12 17:30:41.597,1.30637,1.30651,1.73,1.65
2012.12.12 17:30:41.786,1.30639,1.30651,1.05,1.65
2012.12.12 17:30:42.036,1.30639,1.30652,1.73,1.50
2012.12.12 17:30:42.292,1.30639,1.30653,1.17,2.19
2012.12.12 17:30:42.726,1.3064,1.30653,1.47,2.63
2012.12.12 17:30:42.967,1.30639,1.30655,1.09,2.33
2012.12.12 17:30:43.099,1.30641,1.30655,1.77,1.50
2012.12.12 17:30:43.169,1.30642,1.30656,1.77,3.62
2012.12.12 17:30:43.416,1.30642,1.30658,1.32,1.73
2012.12.12 17:30:43.716,1.30644,1.30658,1.24,2.87
2012.12.12 17:30:43.785,1.30645,1.30659,1.20,1.50
2012.12.12 17:30:43.905,1.30645,1.30661,1.32,1.13
2012.12.12 17:30:44.027,1.30645,1.30662,1.47,2.10
2012.12.12 17:30:44.099,1.30648,1.30661,1.47,5.93
2012.12.12 17:30:44.436,1.30648,1.30662,1.13,4.95
2012.12.12 17:30:44.794,1.3065,1.30662,1.13,1.37
2012.12.12 17:30:45.035,1.30649,1.30664,2.25,1.50
2012.12.12 17:30:45.214,1.30649,1.30665,2.25,4.28
2012.12.12 17:30:45.276,1.3065,1.30665,2.25,1.50
2012.12.12 17:30:45.634,1.30651,1.30666,2.33,1.73
2012.12.12 17:30:45.755,1.30654,1.30665,2.25,1.28
2012.12.12 17:30:45.816,1.30655,1.30666,1.50,1.28
2012.12.12 17:30:45.882,1.30654,1.30668,1.67,1.58
2012.12.12 17:30:45.955,1.30655,1.30668,1.60,1.58
2012.12.12 17:30:46.275,1.30656,1.30668,1.60,2.57
2012.12.12 17:30:46.457,1.30658,1.30669,3.47,1.65
2012.12.12 17:30:46.525,1.30659,1.30669,3.08,1.13
2012.12.12 17:30:46.586,1.30659,1.30671,2.05,3.75
2012.12.12 17:30:46.775,1.30661,1.3067,2.05,5.18
2012.12.12 17:30:47.107,1.30659,1.30673,2.25,1.73
2012.12.12 17:30:47.175,1.30659,1.30675,2.33,1.73
2012.12.12 17:30:47.235,1.30659,1.30676,9.45,1.50
2012.12.12 17:30:47.305,1.30661,1.30676,4.28,1.65
2012.12.12 17:30:47.615,1.30663,1.30675,2.48,3.00
2012.12.12 17:30:47.687,1.30664,1.30676,2.48,3.75
2012.12.12 17:30:47.877,1.30671,1.30681,1.88,5.25
2012.12.12 17:30:48.005,1.30668,1.3068,1.50,1.73
2012.12.12 17:30:48.409,1.30664,1.30674,1.50,4.65
2012.12.12 17:30:48.594,1.3066,1.30667,1.50,2.10
2012.12.12 17:30:48.658,1.30658,1.30665,3.38,1.50
2012.12.12 17:30:49.116,1.30659,1.3067,2.63,3.23
2012.12.12 17:30:49.187,1.3066,1.3067,2.63,3.00
2012.12.12 17:30:49.256,1.30656,1.3067,1.50,4.65
2012.12.12 17:30:49.315,1.3066,1.30671,1.50,1.50
2012.12.12 17:30:49.375,1.3066,1.30671,1.50,1.50
2012.12.12 17:30:49.437,1.3066,1.30673,1.50,1.65
2012.12.12 17:30:49.778,1.30664,1.30671,1.05,2.48
2012.12.12 17:30:49.846,1.30661,1.30676,5.25,4.20
2012.12.12 17:30:49.905,1.30664,1.30674,6.38,4.20
2012.12.12 17:30:50.265,1.30664,1.30676,6.38,3.61
2012.12.12 17:30:50.627,1.30665,1.30677,1.50,1.05
2012.12.12 17:30:51.116,1.30666,1.30677,1.65,1.13
2012.12.12 17:30:51.187,1.30667,1.30678,3.00,1.13
2012.12.12 17:30:51.736,1.30671,1.30676,1.58,1.13
2012.12.12 17:30:52.048,1.30671,1.30678,4.88,1.13
2012.12.12 17:30:52.417,1.30671,1.30679,1.13,1.13
2012.12.12 17:30:52.671,1.30669,1.30682,1.50,1.50
2012.12.12 17:30:52.738,1.30671,1.30681,2.25,1.13
2012.12.12 17:30:52.806,1.30671,1.30682,2.25,1.13
2012.12.12 17:30:53.346,1.3067,1.30684,1.50,2.03
2012.12.12 17:30:53.720,1.3067,1.30685,1.50,2.78
2012.12.12 17:30:54.145,1.30675,1.30682,1.50,1.13
2012.12.12 17:30:54.327,1.30675,1.30683,1.50,1.13
2012.12.12 17:30:54.875,1.30675,1.30684,2.25,1.13
2012.12.12 17:30:55.510,1.30676,1.30685,2.25,1.13
2012.12.12 17:30:55.739,1.30675,1.30687,3.00,1.13
2012.12.12 17:30:55.812,1.30676,1.30688,3.00,1.88
2012.12.12 17:30:55.995,1.30676,1.3069,1.80,2.59
2012.12.12 17:30:56.056,1.30678,1.30689,1.58,1.50
2012.12.12 17:30:56.125,1.30681,1.30688,1.50,1.13
2012.12.12 17:30:56.187,1.30682,1.30689,3.00,1.13
2012.12.12 17:30:56.376,1.3068,1.30692,3.00,1.13
2012.12.12 17:30:56.686,1.30681,1.30693,3.08,1.13
2012.12.12 17:30:57.237,1.30683,1.30692,3.00,1.13
2012.12.12 17:30:57.606,1.30684,1.30692,2.42,1.13
2012.12.12 17:30:58.085,1.30683,1.30695,1.58,2.78
2012.12.12 17:30:58.445,1.30685,1.30695,1.58,1.13
2012.12.12 17:30:58.986,1.30684,1.30698,3.30,2.63
2012.12.12 17:30:59.167,1.30688,1.30696,3.19,2.25
2012.12.12 17:30:59.299,1.30689,1.30696,1.77,2.40
2012.12.12 17:30:59.606,1.30688,1.30699,1.50,2.55
2012.12.12 17:30:59.916,1.30689,1.307,1.50,5.85
2012.12.12 17:31:00.114,1.30689,1.30702,2.40,1.50
2012.12.12 17:31:00.419,1.30691,1.30701,1.13,2.25
2012.12.12 17:31:00.545,1.30693,1.30701,2.55,2.25
2012.12.12 17:31:00.667,1.30693,1.30702,1.50,1.05
2012.12.12 17:31:00.797,1.30692,1.30705,6.60,1.73
2012.12.12 17:31:01.166,1.30695,1.30704,2.40,1.13
2012.12.12 17:31:01.525,1.30694,1.30707,1.88,3.23
2012.12.12 17:31:01.707,1.30698,1.30705,6.00,1.50
2012.12.12 17:31:02.136,1.30693,1.30712,6.53,2.55
2012.12.12 17:31:02.334,1.30699,1.30707,1.50,1.50
2012.12.12 17:31:02.395,1.30696,1.30713,7.80,3.45
2012.12.12 17:31:02.525,1.30699,1.30711,1.50,1.43
2012.12.12 17:31:02.590,1.30699,1.30712,1.20,2.18
2012.12.12 17:31:03.240,1.30699,1.30714,1.95,1.73
2012.12.12 17:31:03.313,1.307,1.30715,2.78,1.73
2012.12.12 17:31:03.384,1.307,1.30717,2.25,1.69
2012.12.12 17:31:03.690,1.30706,1.30712,2.03,1.50
2012.12.12 17:31:03.888,1.30703,1.30716,1.50,2.86
2012.12.12 17:31:03.958,1.30706,1.30715,1.50,1.13
2012.12.12 17:31:04.265,1.30709,1.30714,3.23,1.50
2012.12.12 17:31:04.625,1.30707,1.30718,1.43,1.95
2012.12.12 17:31:04.875,1.3071,1.30717,1.05,2.25
2012.12.12 17:31:04.935,1.30709,1.30719,3.00,1.13
2012.12.12 17:31:05.254,1.30712,1.30717,1.50,2.59
2012.12.12 17:31:05.375,1.30713,1.30717,2.48,2.59
2012.12.12 17:31:05.435,1.30713,1.30719,1.50,5.44
2012.12.12 17:31:05.795,1.30713,1.3072,3.98,3.00
2012.12.12 17:31:06.338,1.30715,1.3072,3.00,3.75
2012.12.12 17:31:06.715,1.30716,1.30721,3.90,3.00
2012.12.12 17:31:07.199,1.30714,1.30725,1.73,1.50
2012.12.12 17:31:07.924,1.30715,1.30725,2.86,1.88
2012.12.12 17:31:07.985,1.30716,1.30726,2.63,1.88
2012.12.12 17:31:08.227,1.30717,1.30727,1.39,1.50
2012.12.12 17:31:08.935,1.30716,1.30729,3.04,2.25
2012.12.12 17:31:09.417,1.3072,1.30727,1.73,1.50
2012.12.12 17:31:09.549,1.30718,1.30731,1.80,1.88
2012.12.12 17:31:10.266,1.30722,1.30729,3.75,1.65
2012.12.12 17:31:10.405,1.30719,1.30734,1.13,1.50
2012.12.12 17:31:10.528,1.30723,1.30732,1.73,3.75
2012.12.12 17:31:10.834,1.30719,1.30737,1.58,1.13
2012.12.12 17:31:10.965,1.30721,1.30736,2.48,4.13
2012.12.12 17:31:11.145,1.30723,1.30736,2.44,4.13
2012.12.12 17:31:11.206,1.30724,1.30737,2.44,1.73
2012.12.12 17:31:11.276,1.30724,1.30739,4.50,3.75
2012.12.12 17:31:11.407,1.30728,1.30736,1.69,3.75
2012.12.12 17:31:11.479,1.30727,1.30739,3.18,4.50
2012.12.12 17:31:12.385,1.30725,1.30742,3.75,1.69
2012.12.12 17:31:12.566,1.3073,1.30739,5.81,2.25
2012.12.12 17:31:12.638,1.30726,1.30744,2.67,2.25
2012.12.12 17:31:12.887,1.30729,1.30743,1.92,1.88
2012.12.12 17:31:13.438,1.30729,1.30745,3.00,3.57
2012.12.12 17:31:13.506,1.3073,1.30746,3.00,1.50
2012.12.12 17:31:13.569,1.30731,1.30747,2.85,1.50
2012.12.12 17:31:13.887,1.30732,1.30747,2.45,2.25
2012.12.12 17:31:14.388,1.30733,1.30747,1.13,2.25
2012.12.12 17:31:14.457,1.30734,1.30748,1.72,2.48
2012.12.12 17:31:15.008,1.30734,1.3075,1.20,1.65
2012.12.12 17:31:15.151,1.30739,1.30747,1.13,1.50
2012.12.12 17:31:15.466,1.30741,1.30747,1.05,1.65
2012.12.12 17:31:15.835,1.30741,1.30749,4.28,2.25
2012.12.12 17:31:15.895,1.30742,1.30749,2.25,1.88
2012.12.12 17:31:16.222,1.30744,1.30749,3.75,3.00
2012.12.12 17:31:16.289,1.30743,1.30751,1.79,1.13
2012.12.12 17:31:16.358,1.30743,1.30752,1.28,2.25
2012.12.12 17:31:16.431,1.30749,1.30754,1.11,1.50
2012.12.12 17:31:16.555,1.30745,1.30754,1.50,2.25
2012.12.12 17:31:16.972,1.30744,1.30753,1.50,1.65
2012.12.12 17:31:17.157,1.30745,1.3075,1.73,1.50
2012.12.12 17:31:17.226,1.30743,1.3075,2.61,2.25
2012.12.12 17:31:17.527,1.30743,1.30748,1.50,1.50
2012.12.12 17:31:18.076,1.30739,1.3075,6.83,1.50
2012.12.12 17:31:18.205,1.30738,1.30749,5.25,1.50
2012.12.12 17:31:18.277,1.3074,1.30746,5.25,1.13
2012.12.12 17:31:18.585,1.30738,1.30746,6.15,1.50
2012.12.12 17:31:18.887,1.3074,1.30742,1.50,1.13
2012.12.12 17:31:19.196,1.30734,1.30746,2.25,1.13
2012.12.12 17:31:19.324,1.30731,1.30747,1.50,1.50
2012.12.12 17:31:19.606,1.30732,1.30744,1.73,1.65
2012.12.12 17:31:19.749,1.30731,1.30744,1.50,1.65
2012.12.12 17:31:19.878,1.3073,1.30743,1.50,1.50
2012.12.12 17:31:19.947,1.3073,1.3074,0.75,1.50
2012.12.12 17:31:20.276,1.30729,1.3074,1.50,3.23
2012.12.12 17:31:20.407,1.30728,1.30739,1.50,3.00
2012.12.12 17:31:20.667,1.30729,1.30737,2.25,2.85
2012.12.12 17:31:20.736,1.30729,1.30734,2.25,3.19
2012.12.12 17:31:20.854,1.30729,1.30733,2.25,2.82
2012.12.12 17:31:21.124,1.30727,1.30734,3.75,3.00
2012.12.12 17:31:21.246,1.30723,1.30736,1.13,4.50
2012.12.12 17:31:21.308,1.30721,1.30736,1.50,4.50
2012.12.12 17:31:21.438,1.30722,1.30733,2.40,4.50
2012.12.12 17:31:21.565,1.30722,1.30732,1.50,4.13
2012.12.12 17:31:21.855,1.30721,1.30731,1.50,4.13
2012.12.12 17:31:21.976,1.30721,1.3073,2.33,4.13
2012.12.12 17:31:22.289,1.30716,1.30722,2.33,1.50
2012.12.12 17:31:22.732,1.30716,1.30721,2.33,1.73
2012.12.12 17:31:22.856,1.30716,1.30719,2.33,1.13
2012.12.12 17:31:22.985,1.3071,1.3072,1.73,1.88
2012.12.12 17:31:23.465,1.30707,1.30719,2.99,3.38
2012.12.12 17:31:23.704,1.30707,1.30717,8.69,1.88
2012.12.12 17:31:23.824,1.30704,1.30712,1.58,1.50
2012.12.12 17:31:23.885,1.30699,1.3071,1.50,1.13
2012.12.12 17:31:23.945,1.30704,1.3071,1.50,1.50
2012.12.12 17:31:24.067,1.30706,1.30713,1.95,3.75
2012.12.12 17:31:24.445,1.30712,1.30718,1.58,1.50
2012.12.12 17:31:24.522,1.30715,1.30727,6.45,1.73
2012.12.12 17:31:24.705,1.30713,1.30721,1.50,1.50
2012.12.12 17:31:24.766,1.30714,1.30723,1.50,1.73
2012.12.12 17:31:25.125,1.30711,1.30722,1.95,1.13
2012.12.12 17:31:25.436,1.30711,1.30717,1.20,1.32
2012.12.12 17:31:25.494,1.30701,1.30726,2.48,9.43
2012.12.12 17:31:25.554,1.30704,1.30722,1.50,1.13
2012.12.12 17:31:25.615,1.30704,1.3072,3.83,3.95
2012.12.12 17:31:25.676,1.30706,1.30716,4.88,3.45
2012.12.12 17:31:25.748,1.30706,1.30715,1.50,1.73
2012.12.12 17:31:25.996,1.30704,1.30716,1.50,1.73
2012.12.12 17:31:26.066,1.30706,1.30713,4.50,1.13
2012.12.12 17:31:26.196,1.30702,1.30716,2.48,4.13
2012.12.12 17:31:26.257,1.30702,1.30714,1.05,1.50
2012.12.12 17:31:26.327,1.30702,1.30712,1.58,1.50
2012.12.12 17:31:26.756,1.30701,1.30711,1.58,1.88
2012.12.12 17:31:26.880,1.307,1.3071,2.33,1.73
2012.12.12 17:31:27.126,1.30697,1.30711,1.58,3.23
2012.12.12 17:31:27.246,1.30699,1.30707,1.50,1.73
2012.12.12 17:31:27.739,1.30699,1.30706,3.08,1.50
2012.12.12 17:31:27.928,1.30698,1.30706,2.41,1.13
2012.12.12 17:31:27.997,1.30699,1.30704,1.59,1.43
2012.12.12 17:31:28.068,1.30696,1.30705,2.34,1.43
2012.12.12 17:31:28.198,1.30696,1.30703,1.59,1.43
2012.12.12 17:31:28.325,1.30695,1.30702,1.50,1.43
2012.12.12 17:31:28.505,1.30694,1.30702,1.66,1.58
2012.12.12 17:31:28.687,1.30694,1.307,1.64,1.58
2012.12.12 17:31:28.997,1.30693,1.30699,2.16,1.50
2012.12.12 17:31:29.501,1.30691,1.307,1.56,2.25
2012.12.12 17:31:29.744,1.30684,1.30705,1.56,13.14
2012.12.12 17:31:30.044,1.30689,1.30699,1.56,8.03
2012.12.12 17:31:30.286,1.30689,1.30698,1.50,2.48
2012.12.12 17:31:30.596,1.30687,1.30699,3.83,2.48
2012.12.12 17:31:31.207,1.30688,1.30696,3.08,1.65
2012.12.12 17:31:31.648,1.30686,1.30696,2.78,1.50
2012.12.12 17:31:32.147,1.30684,1.30696,7.79,1.65
2012.12.12 17:31:32.219,1.30686,1.30693,4.88,1.70
2012.12.12 17:31:32.466,1.30684,1.30693,1.69,1.50
2012.12.12 17:31:32.586,1.30685,1.3069,4.56,1.13
2012.12.12 17:31:32.917,1.30681,1.30692,2.31,1.50
2012.12.12 17:31:33.227,1.30683,1.30689,1.56,3.89
2012.12.12 17:31:33.355,1.30681,1.30689,1.56,1.50
2012.12.12 17:31:33.657,1.30676,1.30685,2.10,8.63
2012.12.12 17:31:33.785,1.30675,1.30682,1.13,8.61
2012.12.12 17:31:33.908,1.30676,1.3068,1.13,4.50
2012.12.12 17:31:34.035,1.30671,1.30686,5.99,2.10
2012.12.12 17:31:34.156,1.30677,1.30681,1.50,1.50
2012.12.12 17:31:34.215,1.30676,1.30684,2.25,1.65
2012.12.12 17:31:34.455,1.30676,1.30685,1.50,1.50
2012.12.12 17:31:34.756,1.30677,1.30686,1.65,1.65
2012.12.12 17:31:34.825,1.30677,1.30688,1.71,1.88
2012.12.12 17:31:35.005,1.30679,1.30688,1.65,1.65
2012.12.12 17:31:35.545,1.30679,1.30689,3.44,1.88
2012.12.12 17:31:36.086,1.3068,1.3069,1.71,1.65
2012.12.12 17:31:36.207,1.3068,1.30691,1.71,1.65
2012.12.12 17:31:36.456,1.30686,1.30695,4.19,1.73
2012.12.12 17:31:36.766,1.30687,1.30695,2.69,1.50
2012.12.12 17:31:36.957,1.30687,1.30696,2.69,1.50
2012.12.12 17:31:37.087,1.30687,1.30696,3.44,3.00
2012.12.12 17:31:37.636,1.30686,1.30697,1.73,1.65
2012.12.12 17:31:38.005,1.3068,1.30701,5.31,10.80
2012.12.12 17:31:38.186,1.30684,1.30696,1.64,2.48
2012.12.12 17:31:38.424,1.30683,1.30696,1.56,2.10
2012.12.12 17:31:38.889,1.30683,1.30693,1.56,1.35
2012.12.12 17:31:38.956,1.30682,1.30692,3.29,3.90
2012.12.12 17:31:39.025,1.30681,1.30692,2.20,2.63
2012.12.12 17:31:39.493,1.3068,1.30691,1.13,1.65
2012.12.12 17:31:39.575,1.30679,1.30691,1.35,2.40
2012.12.12 17:31:39.705,1.30678,1.3069,1.13,2.40
2012.12.12 17:31:40.065,1.30678,1.30688,2.25,2.25
2012.12.12 17:31:40.579,1.30677,1.30687,1.35,2.25
2012.12.12 17:31:40.884,1.30676,1.30686,2.54,2.25
2012.12.12 17:31:41.717,1.30674,1.30686,3.00,1.50
2012.12.12 17:31:42.265,1.30674,1.30685,4.13,1.50
2012.12.12 17:31:42.507,1.30675,1.30682,1.50,2.25
2012.12.12 17:31:42.568,1.30674,1.30681,3.00,1.50
2012.12.12 17:31:42.815,1.30673,1.30681,1.50,1.50
2012.12.12 17:31:42.875,1.30673,1.3068,1.04,3.19
2012.12.12 17:31:43.056,1.30671,1.3068,1.04,1.13
2012.12.12 17:31:43.294,1.30668,1.3068,1.04,1.69
2012.12.12 17:31:43.355,1.30667,1.3068,1.04,2.25
2012.12.12 17:31:43.475,1.30666,1.30679,1.04,1.50
2012.12.12 17:31:43.896,1.30668,1.30675,1.50,1.50
2012.12.12 17:31:44.616,1.30663,1.30672,2.16,2.48
2012.12.12 17:31:44.685,1.30663,1.30672,1.41,1.50
2012.12.12 17:31:44.747,1.30665,1.30672,1.35,1.50
2012.12.12 17:31:44.816,1.30665,1.30677,2.16,1.65
2012.12.12 17:31:45.308,1.30666,1.30677,1.04,1.50
2012.12.12 17:31:45.434,1.30665,1.30677,2.39,3.00
2012.12.12 17:31:45.554,1.30665,1.30675,1.56,4.73
2012.12.12 17:31:45.617,1.30665,1.30675,1.56,4.88
2012.12.12 17:31:45.687,1.30665,1.30674,1.56,1.65
2012.12.12 17:31:45.827,1.30662,1.30675,6.10,5.25
2012.12.12 17:31:45.896,1.30663,1.30672,1.13,1.50
2012.12.12 17:31:46.256,1.30663,1.30671,1.80,1.50
2012.12.12 17:31:46.324,1.30656,1.30666,1.50,1.73
2012.12.12 17:31:46.506,1.30652,1.30661,1.65,5.48
2012.12.12 17:31:47.155,1.30654,1.30663,1.73,1.50
2012.12.12 17:31:47.474,1.30656,1.30667,1.50,1.73
2012.12.12 17:31:47.534,1.30656,1.30664,1.50,1.43
2012.12.12 17:31:47.715,1.30661,1.30668,1.50,1.58
2012.12.12 17:31:47.835,1.30656,1.30664,4.80,1.43
2012.12.12 17:31:48.017,1.30656,1.30665,4.50,1.43
2012.12.12 17:31:48.085,1.30656,1.30667,4.05,1.43
2012.12.12 17:31:48.145,1.30661,1.30666,1.58,1.43
2012.12.12 17:31:48.387,1.30663,1.30671,9.38,1.43
2012.12.12 17:31:48.576,1.30664,1.30672,1.58,1.43
2012.12.12 17:31:48.888,1.30667,1.30671,1.50,1.43
2012.12.12 17:31:49.376,1.30668,1.30675,3.45,1.43
2012.12.12 17:31:49.695,1.3067,1.30677,5.55,2.40
2012.12.12 17:31:49.756,1.30672,1.30677,2.85,1.65
2012.12.12 17:31:50.056,1.30677,1.30683,9.90,2.03
2012.12.12 17:31:50.176,1.30681,1.30686,7.35,4.28
2012.12.12 17:31:50.245,1.30681,1.3069,9.23,8.41
2012.12.12 17:31:50.376,1.30685,1.30692,1.95,1.43
2012.12.12 17:31:50.435,1.30685,1.30693,2.18,1.43
2012.12.12 17:31:50.494,1.3069,1.30697,1.80,1.65
2012.12.12 17:31:50.977,1.30691,1.30698,1.05,1.65
2012.12.12 17:31:51.047,1.30689,1.30698,1.20,1.80
2012.12.12 17:31:51.236,1.30689,1.30696,1.20,2.18
2012.12.12 17:31:51.296,1.30686,1.30694,1.84,2.70
2012.12.12 17:31:51.625,1.30684,1.3069,1.05,1.13
2012.12.12 17:31:52.166,1.30683,1.30691,1.80,1.50
2012.12.12 17:31:52.235,1.30684,1.30691,1.73,1.50
2012.12.12 17:31:52.295,1.30684,1.30691,1.80,1.50
2012.12.12 17:31:52.419,1.30684,1.30695,1.20,5.33
2012.12.12 17:31:52.807,1.30686,1.30693,1.58,1.88
2012.12.12 17:31:52.997,1.30688,1.30695,1.80,2.25
2012.12.12 17:31:53.066,1.30688,1.30695,1.95,2.25
2012.12.12 17:31:53.197,1.30689,1.30696,1.88,1.50
2012.12.12 17:31:53.755,1.30686,1.30694,1.05,5.33
2012.12.12 17:31:53.935,1.30683,1.30695,1.05,3.23
2012.12.12 17:31:54.055,1.30681,1.30695,2.63,10.62
2012.12.12 17:31:54.116,1.30682,1.30693,1.73,1.50
2012.12.12 17:31:54.175,1.30681,1.30693,1.73,2.25
2012.12.12 17:31:54.295,1.30679,1.30693,1.73,1.58
2012.12.12 17:31:54.699,1.3068,1.30691,1.58,1.73
2012.12.12 17:31:54.764,1.30679,1.30691,1.50,3.23
2012.12.12 17:31:55.319,1.3068,1.30689,1.50,1.50
2012.12.12 17:31:55.867,1.3068,1.30687,1.50,1.73
2012.12.12 17:31:56.417,1.30679,1.30686,1.88,1.73
2012.12.12 17:31:56.732,1.30677,1.30686,1.80,7.73
2012.12.12 17:31:57.055,1.30678,1.30683,1.32,1.50
2012.12.12 17:31:57.176,1.30678,1.30681,1.32,2.85
2012.12.12 17:31:57.303,1.30676,1.30682,4.02,1.50
2012.12.12 17:31:57.429,1.30676,1.3068,1.62,1.50
2012.12.12 17:31:57.496,1.30671,1.30682,1.62,1.50
2012.12.12 17:31:57.919,1.30668,1.30683,7.43,1.43
2012.12.12 17:31:57.999,1.3067,1.3068,8.86,12.90
2012.12.12 17:31:58.065,1.30671,1.30677,1.58,15.15
2012.12.12 17:31:58.124,1.3067,1.30676,2.33,1.73
2012.12.12 17:31:58.424,1.30672,1.30678,1.50,1.73
2012.12.12 17:31:58.725,1.30678,1.30686,1.65,1.34
2012.12.12 17:31:59.106,1.30678,1.30685,1.05,1.73
2012.12.12 17:31:59.164,1.30678,1.30684,2.55,1.73
2012.12.12 17:31:59.647,1.30674,1.30681,2.85,3.23
2012.12.12 17:32:00.197,1.30671,1.30678,1.73,3.00
2012.12.12 17:32:00.803,1.30672,1.30679,7.52,1.50
2012.12.12 17:32:00.864,1.30678,1.30684,7.07,1.73
2012.12.12 17:32:00.923,1.30679,1.30687,7.30,1.73
2012.12.12 17:32:00.983,1.30681,1.30686,7.70,1.73
2012.12.12 17:32:01.104,1.30684,1.30691,6.86,3.00
2012.12.12 17:32:01.295,1.30688,1.30693,7.08,3.00
2012.12.12 17:32:01.595,1.30689,1.30695,2.25,2.25
2012.12.12 17:32:02.030,1.30688,1.30694,1.98,1.50
2012.12.12 17:32:02.462,1.30679,1.30695,1.60,4.08
2012.12.12 17:32:02.523,1.30679,1.30692,1.60,3.00
2012.12.12 17:32:02.824,1.30672,1.30692,2.25,4.50
2012.12.12 17:32:02.884,1.30679,1.30683,1.50,3.68
2012.12.12 17:32:03.493,1.30672,1.30677,1.50,2.93
2012.12.12 17:32:03.553,1.30672,1.30676,1.50,2.18
2012.12.12 17:32:03.672,1.30673,1.30683,1.60,3.68
2012.12.12 17:32:04.184,1.30672,1.30678,2.25,1.50
2012.12.12 17:32:04.545,1.30671,1.3068,1.60,1.35
2012.12.12 17:32:04.664,1.30671,1.30679,1.60,7.35
2012.12.12 17:32:04.725,1.30671,1.3068,1.60,2.33
2012.12.12 17:32:05.096,1.3067,1.30675,2.25,2.48
2012.12.12 17:32:05.214,1.3067,1.30677,1.60,2.63
2012.12.12 17:32:05.275,1.30669,1.30678,1.83,4.13
2012.12.12 17:32:05.934,1.30669,1.30676,2.58,1.50
2012.12.12 17:32:06.115,1.30669,1.30675,1.83,6.90
2012.12.12 17:32:06.475,1.30663,1.30668,1.35,11.48
2012.12.12 17:32:06.654,1.30659,1.30666,1.08,4.73
2012.12.12 17:32:06.715,1.30658,1.30666,1.60,4.73
2012.12.12 17:32:07.075,1.30656,1.30662,2.63,1.73
2012.12.12 17:32:07.385,1.30659,1.30664,1.80,1.50
2012.12.12 17:32:07.503,1.30659,1.30677,6.48,2.48
2012.12.12 17:32:07.747,1.30662,1.30676,4.23,2.25
2012.12.12 17:32:07.993,1.30666,1.30673,2.50,1.73
2012.12.12 17:32:08.356,1.30668,1.30673,1.08,1.50
2012.12.12 17:32:08.486,1.30668,1.30674,1.60,1.65
2012.12.12 17:32:08.785,1.30669,1.30675,1.08,2.40
2012.12.12 17:32:09.336,1.3067,1.30676,1.83,1.65
2012.12.12 17:32:09.875,1.30671,1.30676,1.08,1.50
2012.12.12 17:32:10.056,1.30677,1.30682,1.60,1.50
2012.12.12 17:32:10.429,1.30676,1.30686,2.35,11.71
2012.12.12 17:32:10.743,1.30671,1.30689,2.39,25.44
2012.12.12 17:32:10.807,1.30673,1.30686,4.64,18.99
2012.12.12 17:32:11.354,1.30676,1.30682,1.50,1.50
2012.12.12 17:32:11.775,1.30673,1.30683,1.83,2.48
2012.12.12 17:32:12.255,1.30675,1.30679,1.50,1.69
2012.12.12 17:32:12.314,1.30673,1.30679,1.83,1.50
2012.12.12 17:32:12.621,1.30666,1.30673,5.35,5.48
2012.12.12 17:32:12.746,1.30668,1.30674,3.10,1.50
2012.12.12 17:32:12.805,1.30668,1.30674,2.35,2.25
2012.12.12 17:32:12.864,1.30671,1.30683,3.10,2.49
2012.12.12 17:32:13.164,1.30674,1.30681,2.35,1.73
2012.12.12 17:32:13.285,1.30674,1.30682,1.60,2.48
2012.12.12 17:32:13.344,1.30674,1.30682,1.73,2.25
2012.12.12 17:32:13.883,1.30674,1.30682,1.50,1.50
2012.12.12 17:32:14.428,1.30672,1.30679,1.60,2.25
2012.12.12 17:32:14.501,1.30671,1.30677,1.83,2.48
2012.12.12 17:32:14.884,1.3067,1.30677,2.35,3.23
2012.12.12 17:32:14.944,1.3067,1.30675,2.35,1.73
2012.12.12 17:32:15.315,1.30665,1.30673,1.60,1.73
2012.12.12 17:32:15.494,1.30662,1.30672,1.60,1.50
2012.12.12 17:32:15.795,1.30662,1.30669,1.45,2.25
2012.12.12 17:32:15.915,1.30663,1.3067,2.58,3.00
2012.12.12 17:32:16.158,1.30666,1.30672,1.73,1.88
2012.12.12 17:32:16.464,1.30668,1.30675,1.60,7.65
2012.12.12 17:32:16.587,1.30668,1.30677,2.35,1.95
2012.12.12 17:32:17.075,1.30668,1.30675,2.35,1.65
2012.12.12 17:32:17.135,1.30668,1.30675,2.35,2.40
2012.12.12 17:32:17.374,1.30669,1.30677,1.50,2.70
2012.12.12 17:32:17.926,1.30668,1.30676,1.50,3.00
2012.12.12 17:32:18.045,1.30666,1.30675,1.60,1.50
2012.12.12 17:32:18.345,1.30665,1.30672,1.83,2.63
2012.12.12 17:32:18.406,1.30665,1.30672,1.50,1.73
2012.12.12 17:32:18.465,1.30665,1.30671,1.50,1.35
2012.12.12 17:32:18.966,1.30662,1.30668,1.13,1.35
2012.12.12 17:32:19.395,1.30658,1.30665,2.01,1.73
2012.12.12 17:32:19.935,1.30658,1.30664,1.83,1.50
2012.12.12 17:32:20.604,1.30657,1.30663,1.08,1.50
2012.12.12 17:32:20.844,1.30656,1.30661,1.50,1.50
2012.12.12 17:32:21.386,1.30654,1.3066,2.35,1.73
2012.12.12 17:32:21.689,1.30652,1.30664,1.60,4.73
2012.12.12 17:32:22.236,1.30656,1.30664,1.08,1.50
2012.12.12 17:32:22.537,1.30656,1.30666,1.98,4.88
2012.12.12 17:32:22.664,1.30659,1.30666,1.83,2.85
2012.12.12 17:32:23.025,1.30659,1.30666,2.35,1.50
2012.12.12 17:32:23.083,1.30658,1.30666,1.60,2.25
2012.12.12 17:32:23.564,1.30656,1.30664,2.35,1.50
2012.12.12 17:32:24.105,1.30656,1.30665,2.58,3.00
2012.12.12 17:32:25.044,1.30658,1.30664,2.40,1.73
2012.12.12 17:32:25.165,1.30659,1.30664,1.13,1.50
2012.12.12 17:32:25.289,1.30658,1.30664,1.50,3.00
2012.12.12 17:32:25.834,1.30657,1.30663,3.00,2.63
2012.12.12 17:32:26.136,1.30656,1.3066,1.50,1.50
2012.12.12 17:32:26.706,1.30655,1.3066,1.50,1.50
2012.12.12 17:32:27.124,1.30654,1.3066,1.83,1.73
2012.12.12 17:32:27.425,1.30652,1.30659,2.35,2.25
2012.12.12 17:32:27.545,1.30655,1.30662,1.50,3.00
2012.12.12 17:32:27.605,1.30655,1.30664,1.60,5.48
2012.12.12 17:32:27.785,1.30655,1.30662,1.60,3.60
2012.12.12 17:32:28.446,1.30654,1.30662,2.58,3.00
2012.12.12 17:32:29.315,1.30656,1.30665,2.50,3.15
2012.12.12 17:32:29.435,1.30657,1.30663,1.08,2.25
2012.12.12 17:32:29.494,1.30657,1.30665,1.08,3.15
2012.12.12 17:32:30.034,1.30658,1.30664,1.60,1.50
2012.12.12 17:32:30.574,1.30656,1.30663,1.83,1.65
2012.12.12 17:32:30.815,1.30655,1.30664,2.48,2.40
2012.12.12 17:32:31.356,1.30655,1.30662,2.48,1.73
2012.12.12 17:32:31.894,1.30655,1.30662,2.48,2.25
2012.12.12 17:32:32.016,1.30655,1.3066,2.25,1.13
2012.12.12 17:32:32.197,1.30656,1.30664,1.13,1.73
2012.12.12 17:32:32.328,1.30659,1.30668,1.73,1.35
2012.12.12 17:32:32.396,1.30664,1.30671,3.00,6.45
2012.12.12 17:32:32.586,1.30667,1.30676,1.88,2.07
2012.12.12 17:32:32.896,1.30655,1.30686,3.68,15.71
2012.12.12 17:32:32.966,1.30663,1.30676,1.58,10.88
2012.12.12 17:32:33.037,1.30665,1.30672,1.50,1.50
2012.12.12 17:32:33.105,1.30664,1.30671,1.50,1.50
2012.12.12 17:32:33.165,1.30661,1.30673,1.50,4.65
2012.12.12 17:32:33.297,1.30662,1.30671,2.25,1.50
2012.12.12 17:32:33.364,1.30663,1.30668,1.50,1.50
2012.12.12 17:32:33.607,1.30661,1.30668,1.88,1.32
2012.12.12 17:32:33.796,1.30658,1.3067,2.40,3.45
2012.12.12 17:32:33.976,1.30658,1.30668,1.50,2.78
2012.12.12 17:32:34.215,1.30656,1.30668,1.50,5.07
2012.12.12 17:32:34.275,1.30656,1.30666,2.25,2.18
2012.12.12 17:32:34.815,1.30655,1.30665,3.00,4.54
2012.12.12 17:32:35.116,1.30654,1.30664,1.50,7.84
2012.12.12 17:32:35.307,1.30656,1.30661,1.50,1.13
2012.12.12 17:32:35.376,1.30655,1.3066,1.05,1.50
2012.12.12 17:32:35.447,1.30653,1.3066,2.33,1.20
2012.12.12 17:32:35.577,1.30651,1.3066,2.33,4.20
2012.12.12 17:32:35.886,1.30651,1.30658,1.50,3.75
2012.12.12 17:32:36.438,1.30651,1.30657,1.73,1.50
2012.12.12 17:32:37.023,1.3065,1.30657,2.48,1.83
2012.12.12 17:32:37.547,1.30649,1.30657,1.65,2.44
2012.12.12 17:32:37.874,1.30648,1.30657,3.38,4.58
2012.12.12 17:32:38.296,1.30649,1.30655,1.13,2.48
2012.12.12 17:32:38.367,1.30646,1.30655,2.26,9.45
2012.12.12 17:32:38.437,1.30647,1.30653,1.13,2.25
2012.12.12 17:32:38.507,1.30646,1.30652,1.13,2.25
2012.12.12 17:32:38.580,1.30645,1.30652,1.13,4.50
2012.12.12 17:32:38.827,1.30644,1.30651,1.51,2.33
2012.12.12 17:32:39.075,1.30643,1.3065,1.51,1.65
2012.12.12 17:32:39.494,1.3064,1.30651,1.73,2.48
2012.12.12 17:32:39.615,1.3064,1.30649,1.73,1.50
2012.12.12 17:32:39.735,1.30639,1.30648,1.73,2.48
2012.12.12 17:32:39.795,1.30638,1.30647,2.48,1.73
2012.12.12 17:32:40.155,1.30638,1.30646,2.48,1.73
2012.12.12 17:32:40.695,1.30632,1.30638,1.50,1.13
2012.12.12 17:32:41.226,1.30632,1.30639,2.25,3.23
2012.12.12 17:32:41.618,1.30634,1.30641,1.73,2.48
2012.12.12 17:32:42.210,1.30634,1.30641,1.73,2.48
2012.12.12 17:32:43.169,1.30633,1.3064,1.73,1.73
2012.12.12 17:32:43.629,1.30634,1.3064,2.25,1.73
2012.12.12 17:32:43.856,1.30636,1.3064,1.73,1.50
2012.12.12 17:32:43.937,1.30636,1.30642,1.50,1.73
2012.12.12 17:32:44.080,1.30636,1.30643,3.00,2.48
2012.12.12 17:32:44.504,1.30636,1.30644,1.50,3.83
2012.12.12 17:32:44.808,1.30638,1.30644,2.25,1.35
2012.12.12 17:32:44.876,1.30639,1.30645,1.50,2.25
2012.12.12 17:32:45.065,1.30639,1.30646,1.88,1.50
2012.12.12 17:32:45.124,1.3064,1.30647,1.50,1.50
2012.12.12 17:32:45.186,1.30641,1.30647,1.50,2.40
2012.12.12 17:32:45.404,1.30642,1.30648,1.88,2.25
2012.12.12 17:32:45.726,1.30643,1.30648,1.13,1.50
2012.12.12 17:32:45.796,1.30644,1.30648,1.65,1.10
2012.12.12 17:32:45.916,1.30645,1.30649,1.50,1.50
2012.12.12 17:32:45.986,1.30645,1.30651,1.50,1.50
2012.12.12 17:32:46.225,1.30645,1.30652,1.13,2.25
2012.12.12 17:32:47.097,1.30647,1.30652,3.75,1.65
2012.12.12 17:32:47.168,1.30647,1.30654,7.88,1.88
2012.12.12 17:32:47.355,1.30649,1.30654,1.50,2.48
2012.12.12 17:32:47.832,1.30648,1.30657,3.00,1.88
2012.12.12 17:32:47.911,1.30656,1.30663,2.25,1.13
2012.12.12 17:32:48.244,1.30657,1.30664,1.50,1.50
2012.12.12 17:32:48.835,1.30658,1.30664,1.50,1.50
2012.12.12 17:32:50.246,1.30657,1.30661,1.50,1.50
2012.12.12 17:32:50.435,1.30657,1.30663,1.50,1.73
2012.12.12 17:32:50.794,1.30657,1.30664,3.00,2.25
2012.12.12 17:32:50.914,1.30661,1.30667,1.50,2.25
2012.12.12 17:32:51.335,1.30658,1.30665,1.73,1.65
2012.12.12 17:32:51.935,1.30657,1.30665,2.48,2.63
2012.12.12 17:32:51.994,1.30657,1.30663,1.73,1.13
2012.12.12 17:32:52.547,1.30658,1.30663,1.50,1.13
2012.12.12 17:32:53.071,1.30657,1.30663,1.73,1.13
2012.12.12 17:32:56.375,1.30657,1.30662,1.50,1.13
2012.12.12 17:32:56.693,1.30653,1.3066,3.23,2.25
2012.12.12 17:32:57.008,1.30649,1.30659,1.75,5.03
2012.12.12 17:32:57.076,1.30648,1.30664,1.75,4.47
2012.12.12 17:32:57.133,1.30648,1.30661,1.75,10.13
2012.12.12 17:32:57.493,1.3065,1.30658,9.60,2.48
2012.12.12 17:32:57.616,1.30645,1.30651,9.00,1.50
2012.12.12 17:32:57.746,1.30641,1.3065,1.73,2.48
2012.12.12 17:32:58.286,1.3064,1.3065,1.73,1.73
2012.12.12 17:32:58.826,1.30639,1.30649,2.63,3.15
2012.12.12 17:32:59.185,1.30636,1.30645,3.00,3.23
2012.12.12 17:32:59.666,1.30634,1.3064,1.73,1.50
2012.12.12 17:32:59.785,1.30633,1.3064,1.73,1.50
2012.12.12 17:32:59.845,1.30633,1.3064,1.50,3.00
2012.12.12 17:33:00.097,1.30633,1.3064,1.73,3.23
2012.12.12 17:33:00.345,1.30634,1.3064,1.73,1.73
2012.12.12 17:33:00.706,1.30631,1.30637,1.73,1.65
2012.12.12 17:33:00.839,1.3063,1.30633,1.50,1.13
2012.12.12 17:33:01.389,1.3063,1.30634,2.48,1.62
2012.12.12 17:33:01.696,1.3063,1.3064,2.25,1.35
2012.12.12 17:33:01.764,1.30632,1.30641,1.73,1.35
2012.12.12 17:33:01.825,1.30637,1.30643,1.50,1.62
2012.12.12 17:33:02.067,1.30637,1.30641,1.50,2.25
2012.12.12 17:33:02.135,1.30634,1.30641,3.60,2.25
2012.12.12 17:33:02.202,1.30636,1.30645,1.65,1.47
2012.12.12 17:33:02.386,1.30636,1.30645,3.00,1.35
2012.12.12 17:33:02.745,1.30642,1.3065,1.73,1.05
2012.12.12 17:33:02.869,1.30643,1.30651,1.73,1.73
2012.12.12 17:33:03.294,1.30643,1.30653,1.73,2.48
2012.12.12 17:33:03.425,1.30643,1.30651,1.50,1.73
2012.12.12 17:33:03.939,1.30641,1.30651,3.83,1.73
2012.12.12 17:33:04.254,1.30641,1.3065,3.98,2.63
2012.12.12 17:33:05.117,1.3064,1.30647,1.50,1.50
2012.12.12 17:33:05.427,1.30637,1.30643,1.13,1.50
2012.12.12 17:33:05.555,1.30636,1.30645,3.38,1.50
2012.12.12 17:33:05.616,1.30634,1.30645,1.13,1.10
2012.12.12 17:33:05.674,1.30631,1.3064,2.03,6.01
2012.12.12 17:33:05.796,1.3063,1.30637,1.73,1.50
2012.12.12 17:33:06.034,1.30629,1.30637,2.63,2.25
2012.12.12 17:33:06.276,1.30629,1.30635,2.25,1.50
2012.12.12 17:33:06.816,1.30629,1.30635,2.25,1.73
2012.12.12 17:33:07.126,1.30629,1.30635,3.38,1.50
2012.12.12 17:33:07.686,1.30629,1.30635,1.73,1.84
2012.12.12 17:33:07.745,1.30629,1.30635,1.50,1.65
2012.12.12 17:33:07.925,1.30628,1.30633,1.50,1.13
2012.12.12 17:33:08.167,1.30626,1.30633,2.48,1.88
2012.12.12 17:33:08.236,1.30627,1.30633,1.88,1.73
2012.12.12 17:33:08.594,1.30631,1.30636,1.50,2.63
2012.12.12 17:33:09.085,1.30629,1.30634,1.73,1.50
2012.12.12 17:33:09.504,1.3063,1.30637,1.73,1.50
2012.12.12 17:33:09.685,1.30629,1.30636,1.73,1.50
2012.12.12 17:33:10.046,1.30628,1.30636,2.25,1.73
2012.12.12 17:33:10.300,1.30627,1.30634,1.50,1.20
2012.12.12 17:33:10.604,1.30626,1.30632,1.50,1.20
2012.12.12 17:33:10.847,1.30623,1.30629,1.50,2.85
2012.12.12 17:33:11.036,1.30621,1.30626,2.85,1.73
2012.12.12 17:33:11.344,1.30627,1.30633,1.50,1.88
2012.12.12 17:33:12.039,1.30625,1.30631,1.73,1.65
2012.12.12 17:33:12.130,1.30621,1.30629,1.50,1.50
2012.12.12 17:33:12.196,1.30616,1.30629,1.50,1.50
2012.12.12 17:33:12.314,1.30616,1.30626,1.50,1.50
2012.12.12 17:33:12.615,1.30613,1.30626,3.98,3.34
2012.12.12 17:33:12.916,1.30615,1.30626,4.88,2.18
2012.12.12 17:33:12.985,1.30615,1.30629,4.88,5.18
2012.12.12 17:33:13.115,1.30615,1.30622,5.63,1.88
2012.12.12 17:33:13.654,1.30615,1.3062,4.88,1.73
2012.12.12 17:33:14.015,1.30611,1.30616,1.50,1.65
2012.12.12 17:33:14.075,1.30609,1.30614,1.50,1.65
2012.12.12 17:33:14.135,1.30612,1.30617,2.25,1.05
2012.12.12 17:33:14.254,1.30611,1.30614,1.50,1.65
2012.12.12 17:33:14.554,1.30604,1.30614,2.48,1.50
2012.12.12 17:33:14.675,1.306,1.3061,1.50,1.50
2012.12.12 17:33:14.736,1.30602,1.30608,1.50,1.65
2012.12.12 17:33:15.076,1.30598,1.30603,1.50,1.13
2012.12.12 17:33:15.146,1.30597,1.30601,3.75,2.25
2012.12.12 17:33:15.205,1.30595,1.306,2.63,1.50
2012.12.12 17:33:15.267,1.30593,1.30599,1.95,1.50
2012.12.12 17:33:15.397,1.3059,1.30596,1.73,1.65
2012.12.12 17:33:15.706,1.30592,1.30601,2.63,1.65
2012.12.12 17:33:15.893,1.30578,1.30616,20.93,1.50
2012.12.12 17:33:15.954,1.30588,1.30607,8.10,1.58
2012.12.12 17:33:16.193,1.30596,1.306,1.50,1.58
2012.12.12 17:33:16.377,1.30597,1.30601,1.50,1.88
2012.12.12 17:33:16.436,1.30596,1.30603,2.25,3.53
2012.12.12 17:33:16.975,1.30598,1.30603,2.48,1.65
2012.12.12 17:33:17.706,1.30598,1.30605,1.73,3.42
2012.12.12 17:33:18.073,1.30599,1.30606,1.50,2.48
2012.12.12 17:33:18.159,1.30601,1.30605,1.50,1.73
2012.12.12 17:33:18.366,1.30601,1.30606,1.50,2.07
2012.12.12 17:33:18.494,1.30601,1.30608,1.65,2.07
2012.12.12 17:33:18.674,1.30601,1.30609,1.80,1.50
2012.12.12 17:33:18.794,1.30602,1.30609,2.40,1.13
2012.12.12 17:33:19.035,1.30604,1.30609,2.25,1.13
2012.12.12 17:33:19.276,1.30605,1.3061,1.50,1.73
2012.12.12 17:33:20.441,1.30605,1.30612,2.25,1.13
2012.12.12 17:33:20.806,1.30605,1.30613,1.50,1.13
2012.12.12 17:33:20.937,1.30606,1.30614,2.25,1.13
2012.12.12 17:33:21.066,1.30608,1.30614,1.65,1.73
2012.12.12 17:33:21.255,1.30608,1.30615,3.75,1.13
2012.12.12 17:33:21.374,1.30615,1.30622,3.75,1.50
2012.12.12 17:33:21.435,1.30607,1.30616,1.50,3.94
2012.12.12 17:33:21.685,1.30612,1.30623,3.00,2.02
2012.12.12 17:33:21.805,1.3061,1.30618,6.15,1.50
2012.12.12 17:33:21.987,1.30611,1.30623,1.95,1.65
2012.12.12 17:33:22.056,1.30615,1.30624,1.50,1.65
2012.12.12 17:33:22.726,1.30616,1.30625,3.75,2.82
2012.12.12 17:33:23.035,1.30608,1.30619,3.38,1.13
2012.12.12 17:33:23.095,1.30611,1.30616,1.95,2.48
2012.12.12 17:33:23.616,1.3061,1.30614,2.25,1.84
2012.12.12 17:33:23.884,1.30609,1.30612,1.13,1.65
2012.12.12 17:33:24.246,1.30607,1.30613,2.25,1.50
2012.12.12 17:33:24.545,1.30607,1.30612,1.50,1.50
2012.12.12 17:33:24.846,1.30606,1.30611,1.50,1.50
2012.12.12 17:33:25.035,1.30605,1.30611,1.50,1.13
2012.12.12 17:33:25.156,1.30605,1.30609,1.50,1.35
2012.12.12 17:33:25.514,1.30602,1.3061,1.88,2.25
2012.12.12 17:33:25.696,1.30602,1.30609,1.88,1.50
2012.12.12 17:33:25.945,1.30602,1.30608,1.65,1.73
2012.12.12 17:33:26.505,1.30601,1.30607,3.00,2.33
2012.12.12 17:33:26.625,1.306,1.30606,3.00,3.08
2012.12.12 17:33:26.865,1.30599,1.30605,2.25,4.35
2012.12.12 17:33:26.924,1.30598,1.30604,2.25,3.15
2012.12.12 17:33:27.599,1.30597,1.30604,2.48,1.50
2012.12.12 17:33:27.849,1.30597,1.30603,3.23,1.50
2012.12.12 17:33:27.918,1.30597,1.30602,3.23,1.50
2012.12.12 17:33:28.108,1.30595,1.30602,5.48,1.73
2012.12.12 17:33:28.236,1.30594,1.30601,1.50,1.95
2012.12.12 17:33:28.425,1.30593,1.306,1.50,1.65
2012.12.12 17:33:28.485,1.30593,1.30599,1.50,1.13
2012.12.12 17:33:28.545,1.30593,1.30598,1.73,1.50
2012.12.12 17:33:29.027,1.30591,1.30598,1.73,3.23
2012.12.12 17:33:29.096,1.30591,1.30597,2.48,1.50
2012.12.12 17:33:29.156,1.3059,1.30596,2.25,2.25
2012.12.12 17:33:29.694,1.3059,1.30594,1.50,1.73
2012.12.12 17:33:29.935,1.30589,1.30594,1.88,1.50
2012.12.12 17:33:30.176,1.30587,1.30595,2.48,2.25
2012.12.12 17:33:30.416,1.30587,1.30593,1.50,2.48
2012.12.12 17:33:30.485,1.30586,1.30592,2.48,2.48
2012.12.12 17:33:30.805,1.30586,1.30591,1.50,1.73
2012.12.12 17:33:31.105,1.30584,1.30591,1.50,2.48
2012.12.12 17:33:31.407,1.30583,1.3059,2.48,1.73
2012.12.12 17:33:31.955,1.30582,1.30589,1.50,1.73
2012.12.12 17:33:32.194,1.30581,1.30589,2.40,2.48
2012.12.12 17:33:32.375,1.30576,1.30581,1.13,1.50
2012.12.12 17:33:32.436,1.30576,1.30582,1.88,1.73
2012.12.12 17:33:32.795,1.30578,1.30586,2.25,3.15
2012.12.12 17:33:33.554,1.30578,1.30587,2.70,2.40
2012.12.12 17:33:33.734,1.30578,1.30587,1.73,3.00
2012.12.12 17:33:34.550,1.30578,1.30585,1.50,1.50
2012.12.12 17:33:34.877,1.30582,1.30591,4.35,1.05
2012.12.12 17:33:35.186,1.30587,1.30597,2.40,1.50
2012.12.12 17:33:35.500,1.30591,1.30603,1.73,1.80
2012.12.12 17:33:35.745,1.30592,1.30601,2.10,2.25
2012.12.12 17:33:35.867,1.30595,1.30603,1.65,2.25
2012.12.12 17:33:36.115,1.30596,1.30603,2.48,1.50
2012.12.12 17:33:36.177,1.30599,1.30605,1.35,2.48
2012.12.12 17:33:36.486,1.30602,1.30609,1.13,2.25
2012.12.12 17:33:36.665,1.306,1.30606,1.50,7.13
2012.12.12 17:33:36.844,1.30603,1.30608,1.35,2.25
2012.12.12 17:33:37.146,1.30605,1.30611,1.50,1.73
2012.12.12 17:33:37.208,1.30605,1.30612,1.50,3.87
2012.12.12 17:33:37.514,1.30604,1.3061,1.87,1.50
2012.12.12 17:33:37.815,1.30608,1.30615,1.65,1.73
2012.12.12 17:33:37.995,1.30609,1.30617,2.55,3.98
2012.12.12 17:33:38.236,1.30609,1.30615,1.05,3.23
2012.12.12 17:33:38.354,1.30606,1.30614,1.69,1.73
2012.12.12 17:33:38.413,1.30606,1.30614,2.44,1.50
2012.12.12 17:33:38.476,1.30606,1.30613,2.44,1.73
2012.12.12 17:33:38.658,1.30609,1.30614,1.12,1.50
2012.12.12 17:33:38.729,1.30609,1.30615,1.35,1.80
2012.12.12 17:33:38.917,1.30607,1.30612,1.50,1.50
2012.12.12 17:33:39.045,1.30608,1.30615,1.72,2.25
2012.12.12 17:33:39.166,1.30611,1.30616,1.20,2.25
2012.12.12 17:33:39.287,1.30609,1.30615,1.13,1.50
2012.12.12 17:33:39.657,1.30609,1.30616,1.50,2.25
2012.12.12 17:33:39.786,1.3061,1.30616,1.65,1.50
2012.12.12 17:33:39.907,1.3061,1.30616,3.15,1.50
2012.12.12 17:33:40.096,1.3061,1.30615,1.65,2.48
2012.12.12 17:33:40.276,1.30609,1.30615,1.88,2.48
2012.12.12 17:33:40.394,1.30606,1.30615,2.25,3.98
2012.12.12 17:33:40.455,1.30606,1.30615,2.63,3.98
2012.12.12 17:33:40.515,1.30606,1.30615,1.88,3.98
2012.12.12 17:33:40.876,1.30606,1.30612,2.40,1.50
2012.12.12 17:33:41.593,1.30608,1.30614,2.85,1.50
2012.12.12 17:33:41.915,1.30604,1.30609,2.40,1.50
2012.12.12 17:33:41.975,1.30603,1.30607,3.15,1.50
2012.12.12 17:33:42.544,1.30604,1.30615,2.48,1.50
2012.12.12 17:33:42.904,1.30606,1.30614,1.50,1.50
2012.12.12 17:33:43.024,1.30609,1.30614,1.88,1.50
2012.12.12 17:33:43.328,1.30609,1.30615,1.73,1.73
2012.12.12 17:33:43.455,1.30614,1.30617,1.73,1.50
2012.12.12 17:33:43.695,1.30614,1.30622,2.25,2.25
2012.12.12 17:33:44.016,1.30616,1.30622,1.50,2.48
2012.12.12 17:33:44.255,1.30613,1.3062,1.13,1.50
2012.12.12 17:33:44.374,1.30614,1.30622,1.88,3.23
2012.12.12 17:33:44.794,1.30614,1.30621,1.88,1.50
2012.12.12 17:33:44.974,1.30614,1.30622,1.13,2.25
2012.12.12 17:33:45.276,1.30619,1.30627,3.63,2.48
2012.12.12 17:33:45.405,1.30618,1.3063,2.25,1.73
2012.12.12 17:33:45.464,1.30625,1.30637,3.00,1.73
2012.12.12 17:33:45.524,1.30623,1.30637,2.25,1.73
2012.12.12 17:33:45.704,1.30623,1.30637,2.40,1.50
2012.12.12 17:33:45.824,1.30628,1.30637,1.35,2.25
2012.12.12 17:33:46.126,1.30631,1.3064,1.43,3.98
2012.12.12 17:33:46.630,1.30633,1.30641,1.50,5.55
2012.12.12 17:33:46.815,1.30634,1.30641,1.50,3.98
2012.12.12 17:33:47.298,1.30635,1.30643,1.50,1.05
2012.12.12 17:33:47.368,1.30637,1.30644,1.50,1.73
2012.12.12 17:33:47.675,1.30633,1.3064,2.25,2.48
2012.12.12 17:33:47.917,1.30631,1.30638,4.28,1.73
2012.12.12 17:33:48.225,1.30628,1.30633,1.50,1.35
2012.12.12 17:33:48.345,1.30629,1.30635,1.50,1.20
2012.12.12 17:33:48.464,1.30622,1.30631,1.50,9.07
2012.12.12 17:33:49.028,1.30615,1.30637,19.35,21.47
2012.12.12 17:33:49.093,1.30618,1.30633,1.88,3.08
2012.12.12 17:33:49.153,1.30621,1.30628,1.13,1.73
2012.12.12 17:33:49.214,1.3062,1.30628,1.50,1.73
2012.12.12 17:33:49.395,1.30619,1.30627,1.50,1.13
2012.12.12 17:33:49.455,1.30619,1.30626,2.82,1.35
2012.12.12 17:33:49.516,1.30618,1.30626,1.50,1.35
2012.12.12 17:33:49.833,1.30613,1.30621,6.15,3.08
2012.12.12 17:33:50.325,1.30617,1.30625,1.50,1.60
2012.12.12 17:33:51.106,1.30616,1.30626,1.88,1.50
2012.12.12 17:33:51.465,1.30621,1.3063,3.00,1.35
2012.12.12 17:33:51.774,1.30621,1.30627,1.73,1.35
2012.12.12 17:33:52.136,1.30616,1.30623,2.25,3.60
2012.12.12 17:33:52.521,1.30616,1.30621,1.50,1.88
2012.12.12 17:33:52.588,1.30613,1.30619,3.98,1.13
2012.12.12 17:33:52.961,1.30607,1.30616,6.00,2.25
2012.12.12 17:33:53.085,1.30607,1.30614,3.38,1.50
2012.12.12 17:33:53.204,1.30606,1.30614,1.50,1.50
2012.12.12 17:33:53.263,1.30602,1.30614,1.50,1.58
2012.12.12 17:33:53.324,1.306,1.30609,1.73,1.50
2012.12.12 17:33:53.684,1.30597,1.30602,1.50,1.20
2012.12.12 17:33:53.745,1.30596,1.30602,2.48,1.95
2012.12.12 17:33:53.805,1.30596,1.306,1.50,1.65
2012.12.12 17:33:54.104,1.30594,1.30601,1.73,1.73
2012.12.12 17:33:54.224,1.30595,1.30601,1.73,1.50
2012.12.12 17:33:54.526,1.30595,1.30601,2.29,2.25
2012.12.12 17:33:54.775,1.30597,1.30604,2.25,2.48
2012.12.12 17:33:55.076,1.306,1.30609,2.25,2.63
2012.12.12 17:33:55.382,1.30603,1.30608,1.50,1.13
2012.12.12 17:33:55.455,1.30605,1.30607,1.50,1.13
2012.12.12 17:33:55.576,1.30604,1.3061,1.50,1.73
2012.12.12 17:33:55.821,1.30602,1.30614,3.75,1.23
2012.12.12 17:33:56.017,1.30605,1.30612,3.75,1.57
2012.12.12 17:33:56.327,1.30607,1.30612,1.50,2.10
2012.12.12 17:33:56.456,1.30606,1.30615,1.73,2.18
2012.12.12 17:33:56.997,1.30595,1.30626,2.48,12.89
2012.12.12 17:33:57.086,1.30603,1.30616,2.48,7.33
2012.12.12 17:33:57.275,1.30602,1.30616,1.13,6.65
2012.12.12 17:33:57.634,1.30605,1.30611,1.50,1.65
2012.12.12 17:33:57.814,1.30603,1.30611,1.50,2.33
2012.12.12 17:33:57.876,1.30602,1.3061,1.50,2.25
2012.12.12 17:33:58.055,1.30601,1.30609,1.50,1.50
2012.12.12 17:33:58.307,1.30601,1.30607,1.73,1.85
2012.12.12 17:33:58.375,1.30599,1.30607,1.73,2.40
2012.12.12 17:33:58.914,1.30599,1.30606,1.73,2.63
2012.12.12 17:33:59.325,1.30598,1.30605,1.92,3.53
2012.12.12 17:33:59.397,1.30597,1.30604,1.92,2.63
2012.12.12 17:33:59.980,1.30593,1.30596,1.50,1.88
2012.12.12 17:34:00.062,1.30597,1.30603,1.50,1.13
2012.12.12 17:34:00.497,1.30597,1.30603,1.73,1.65
2012.12.12 17:34:00.568,1.30596,1.306,1.50,1.23
2012.12.12 17:34:00.874,1.30586,1.30608,1.43,31.14
2012.12.12 17:34:01.115,1.30589,1.30603,2.55,8.14
2012.12.12 17:34:01.657,1.30593,1.30598,1.73,1.50
2012.12.12 17:34:01.966,1.30591,1.30598,2.25,1.50
2012.12.12 17:34:02.024,1.30589,1.30599,1.73,1.50
2012.12.12 17:34:02.085,1.30587,1.30599,2.48,3.08
2012.12.12 17:34:02.506,1.30589,1.30595,2.25,1.50
2012.12.12 17:34:02.575,1.30588,1.30594,1.50,1.73
2012.12.12 17:34:02.929,1.30587,1.30594,1.73,2.72
2012.12.12 17:34:03.085,1.30587,1.30593,1.73,1.50
2012.12.12 17:34:03.145,1.30579,1.30589,1.73,1.50
2012.12.12 17:34:03.207,1.30582,1.3059,1.50,1.50
2012.12.12 17:34:03.334,1.30586,1.30594,1.73,1.50
2012.12.12 17:34:03.456,1.30586,1.30594,1.73,1.50
2012.12.12 17:34:03.704,1.3059,1.30596,1.73,2.25
2012.12.12 17:34:04.005,1.30592,1.30599,1.50,1.88
2012.12.12 17:34:04.308,1.30591,1.30597,2.48,1.73
2012.12.12 17:34:05.181,1.3059,1.30598,1.73,1.95
2012.12.12 17:34:05.258,1.30587,1.30595,1.73,1.35
2012.12.12 17:34:05.568,1.30587,1.30594,1.73,1.50
2012.12.12 17:34:05.639,1.30591,1.30598,1.73,1.73
2012.12.12 17:34:06.197,1.30593,1.30601,2.48,1.79
2012.12.12 17:34:06.266,1.30593,1.30601,2.48,1.35
2012.12.12 17:34:06.445,1.30593,1.30599,1.73,1.65
2012.12.12 17:34:06.984,1.30593,1.30601,2.48,1.73
2012.12.12 17:34:07.224,1.30596,1.30602,1.50,1.50
2012.12.12 17:34:07.525,1.30593,1.30601,2.48,1.35
2012.12.12 17:34:07.824,1.30593,1.30601,2.48,1.35
2012.12.12 17:34:07.884,1.30593,1.30602,1.73,2.48
2012.12.12 17:34:08.004,1.30593,1.30602,1.73,2.48
2012.12.12 17:34:09.364,1.30599,1.30605,1.50,1.73
2012.12.12 17:34:09.746,1.306,1.30606,1.13,4.13
2012.12.12 17:34:10.131,1.30604,1.3061,1.73,2.70
2012.12.12 17:34:10.494,1.30603,1.30611,1.50,1.05
2012.12.12 17:34:11.034,1.30603,1.30613,1.50,1.80
2012.12.12 17:34:11.574,1.30604,1.30612,2.48,1.73
2012.12.12 17:34:12.117,1.30606,1.30612,1.73,1.73
2012.12.12 17:34:12.187,1.30607,1.30613,1.50,1.73
2012.12.12 17:34:12.769,1.30609,1.30613,1.50,1.13
2012.12.12 17:34:13.244,1.30605,1.30613,1.73,1.13
2012.12.12 17:34:13.913,1.306,1.30606,1.73,1.13
2012.12.12 17:34:13.996,1.30598,1.30603,2.25,1.13
2012.12.12 17:34:14.070,1.30597,1.30601,1.50,1.50
2012.12.12 17:34:14.379,1.30593,1.306,2.25,1.73
2012.12.12 17:34:14.449,1.30594,1.306,1.50,2.48
2012.12.12 17:34:14.522,1.30594,1.30601,1.50,1.73
2012.12.12 17:34:14.825,1.3059,1.30598,2.48,1.88
2012.12.12 17:34:14.885,1.30591,1.30598,1.50,2.10
2012.12.12 17:34:15.004,1.3059,1.30596,1.73,1.88
2012.12.12 17:34:15.065,1.30589,1.30596,1.50,1.95
2012.12.12 17:34:15.304,1.30589,1.30596,1.50,2.70
2012.12.12 17:34:15.665,1.30586,1.30591,1.50,1.05
2012.12.12 17:34:16.025,1.30583,1.30589,1.50,1.50
2012.12.12 17:34:16.144,1.30583,1.30589,1.50,1.50
2012.12.12 17:34:16.684,1.30584,1.3059,1.50,3.00
2012.12.12 17:34:16.984,1.30584,1.30591,3.00,1.50
2012.12.12 17:34:17.167,1.30584,1.30593,2.63,3.15
2012.12.12 17:34:17.354,1.30589,1.30601,12.38,1.73
2012.12.12 17:34:17.415,1.30595,1.30603,2.25,2.63
2012.12.12 17:34:17.966,1.30596,1.30602,3.00,1.73
2012.12.12 17:34:18.783,1.30596,1.30602,1.50,1.73
2012.12.12 17:34:19.504,1.30594,1.306,1.50,1.50
2012.12.12 17:34:19.624,1.30594,1.306,2.25,1.28
2012.12.12 17:34:19.745,1.3059,1.30601,2.01,6.98
2012.12.12 17:34:19.925,1.30588,1.30593,1.50,2.33
2012.12.12 17:34:21.134,1.30587,1.30596,1.50,2.85
2012.12.12 17:34:21.196,1.30593,1.30597,1.73,1.28
2012.12.12 17:34:21.265,1.30592,1.30599,1.95,1.65
2012.12.12 17:34:21.324,1.30592,1.30601,1.20,2.18
2012.12.12 17:34:21.384,1.30597,1.30603,1.50,1.28
2012.12.12 17:34:22.007,1.30601,1.30607,1.50,1.73
2012.12.12 17:34:22.675,1.30602,1.30606,2.25,1.50
2012.12.12 17:34:22.797,1.30602,1.3061,1.73,2.93
2012.12.12 17:34:22.925,1.30604,1.3061,3.23,2.03
2012.12.12 17:34:23.416,1.30605,1.30613,5.20,3.00
2012.12.12 17:34:23.536,1.306,1.30619,8.93,2.11
2012.12.12 17:34:23.845,1.30605,1.30616,6.00,2.10
2012.12.12 17:34:23.965,1.30609,1.30614,1.73,1.13
2012.12.12 17:34:24.025,1.30612,1.30614,1.73,1.28
2012.12.12 17:34:24.085,1.30611,1.30616,2.48,1.13
2012.12.12 17:34:24.385,1.30612,1.30617,1.50,1.73
2012.12.12 17:34:24.505,1.30612,1.30618,1.50,1.50
2012.12.12 17:34:24.626,1.30611,1.30621,1.50,4.88
2012.12.12 17:34:24.985,1.30614,1.30621,1.50,5.25
2012.12.12 17:34:25.226,1.30614,1.30622,1.73,2.48
2012.12.12 17:34:25.405,1.30614,1.30623,1.73,1.50
2012.12.12 17:34:25.465,1.30615,1.30624,1.73,2.48
2012.12.12 17:34:25.645,1.30616,1.30624,1.73,1.73
2012.12.12 17:34:26.206,1.30617,1.30624,2.85,3.75
2012.12.12 17:34:26.446,1.30619,1.30624,1.13,2.40
2012.12.12 17:34:26.727,1.30621,1.30624,1.13,2.40
2012.12.12 17:34:26.796,1.30621,1.30626,1.13,1.13
2012.12.12 17:34:26.916,1.30623,1.30626,1.13,1.88
2012.12.12 17:34:27.575,1.30627,1.30634,2.85,1.13
2012.12.12 17:34:27.755,1.30625,1.30633,3.08,1.13
2012.12.12 17:34:27.937,1.30625,1.3063,3.30,1.13
2012.12.12 17:34:28.195,1.30624,1.3063,2.48,1.13
2012.12.12 17:34:28.440,1.30624,1.3063,1.73,1.35
2012.12.12 17:34:28.720,1.30624,1.30629,2.48,1.13
2012.12.12 17:34:29.817,1.30624,1.30629,1.50,2.10
2012.12.12 17:34:30.112,1.30624,1.3063,1.50,5.10
2012.12.12 17:34:31.226,1.30625,1.3063,1.50,1.13
2012.12.12 17:34:31.405,1.30625,1.3063,1.73,1.13
2012.12.12 17:34:31.588,1.30624,1.30629,2.25,1.13
2012.12.12 17:34:32.075,1.30624,1.30629,2.25,1.13
2012.12.12 17:34:32.494,1.30623,1.30628,1.73,1.13
2012.12.12 17:34:32.676,1.30624,1.30631,2.48,1.13
2012.12.12 17:34:33.214,1.30626,1.30632,1.50,1.13
2012.12.12 17:34:33.754,1.30627,1.30632,1.50,1.13
2012.12.12 17:34:34.058,1.30631,1.30636,6.00,1.50
2012.12.12 17:34:34.126,1.30632,1.30637,4.20,2.03
2012.12.12 17:34:34.436,1.30629,1.30642,26.74,1.50
2012.12.12 17:34:34.510,1.30633,1.30639,1.50,9.00
2012.12.12 17:34:34.635,1.30633,1.3064,1.50,9.00
2012.12.12 17:34:35.185,1.30634,1.30641,2.25,2.63
2012.12.12 17:34:35.949,1.30635,1.30642,1.50,3.23
2012.12.12 17:34:36.015,1.30637,1.30642,1.73,3.60
2012.12.12 17:34:36.076,1.30643,1.30647,2.48,1.35
2012.12.12 17:34:36.195,1.3064,1.30645,1.50,3.00
2012.12.12 17:34:36.704,1.30633,1.30642,2.18,6.18
2012.12.12 17:34:37.709,1.30627,1.30635,1.50,5.64
2012.12.12 17:34:38.061,1.30628,1.30633,10.60,1.88
2012.12.12 17:34:38.255,1.30627,1.30632,1.50,2.63
2012.12.12 17:34:38.603,1.30627,1.30632,1.50,2.40
2012.12.12 17:34:38.783,1.30627,1.30632,1.50,2.40
2012.12.12 17:34:38.927,1.30622,1.30629,1.50,4.73
2012.12.12 17:34:39.779,1.30618,1.30625,1.50,1.73
2012.12.12 17:34:39.848,1.30622,1.30626,1.13,3.38
2012.12.12 17:34:40.175,1.30625,1.30632,3.76,3.75
2012.12.12 17:34:40.766,1.30626,1.3063,2.78,1.73
2012.12.12 17:34:40.944,1.30626,1.30631,2.78,1.73
2012.12.12 17:34:42.218,1.30628,1.30634,1.50,2.25
2012.12.12 17:34:42.585,1.30626,1.30635,1.65,2.63
2012.12.12 17:34:43.145,1.30628,1.30634,1.50,1.73
2012.12.12 17:34:43.685,1.30628,1.30635,1.50,1.65
2012.12.12 17:34:44.825,1.30626,1.30633,2.40,1.13
2012.12.12 17:34:45.005,1.30627,1.30634,1.12,1.13
2012.12.12 17:34:45.365,1.30629,1.30637,1.50,1.13
2012.12.12 17:34:45.904,1.30628,1.30635,1.65,3.00
2012.12.12 17:34:46.457,1.30628,1.30635,2.25,1.88
2012.12.12 17:34:46.995,1.30628,1.30634,1.50,1.73
2012.12.12 17:34:48.045,1.30627,1.30632,1.13,1.73
2012.12.12 17:34:48.944,1.30627,1.30634,1.88,2.48
2012.12.12 17:34:49.272,1.30628,1.30634,1.65,1.73
2012.12.12 17:34:49.334,1.30628,1.30634,1.65,1.73
2012.12.12 17:34:49.454,1.30628,1.30634,1.88,1.50
2012.12.12 17:34:50.975,1.30627,1.30634,1.88,2.48
2012.12.12 17:34:51.686,1.30626,1.30632,1.73,1.73
2012.12.12 17:34:53.022,1.30625,1.30632,3.90,1.73
2012.12.12 17:34:53.090,1.30625,1.30632,3.90,1.73
2012.12.12 17:34:53.275,1.30625,1.30632,3.15,1.73
2012.12.12 17:34:53.635,1.30625,1.3063,1.50,2.25
2012.12.12 17:34:53.695,1.30625,1.30632,2.25,1.88
2012.12.12 17:34:53.814,1.30625,1.3063,1.50,1.50
2012.12.12 17:34:54.295,1.30623,1.30631,1.50,2.48
2012.12.12 17:34:55.194,1.30622,1.3063,2.48,1.50
2012.12.12 17:34:55.255,1.30622,1.30628,1.73,1.50
2012.12.12 17:34:55.554,1.3062,1.30625,3.00,1.73
2012.12.12 17:34:55.736,1.3062,1.30624,2.25,2.25
2012.12.12 17:34:56.275,1.30618,1.30624,1.13,2.25
2012.12.12 17:34:56.605,1.30618,1.30624,1.88,1.50
2012.12.12 17:34:56.904,1.30624,1.30629,1.50,2.48
2012.12.12 17:34:56.965,1.30626,1.30633,3.00,1.50
2012.12.12 17:34:57.024,1.30626,1.30635,3.75,12.47
2012.12.12 17:34:57.327,1.30629,1.30633,2.59,1.50
2012.12.12 17:34:57.397,1.30629,1.30642,8.59,2.40
2012.12.12 17:34:57.945,1.30636,1.30642,1.50,1.50
2012.12.12 17:34:58.199,1.30637,1.30645,1.50,1.50
2012.12.12 17:34:58.570,1.30637,1.30643,1.50,1.65
2012.12.12 17:34:58.885,1.30635,1.30642,1.50,1.73
2012.12.12 17:34:59.097,1.30635,1.30642,2.48,1.73
2012.12.12 17:34:59.216,1.30637,1.30642,2.48,1.50
2012.12.12 17:34:59.700,1.30633,1.30643,3.00,1.50
2012.12.12 17:34:59.772,1.30631,1.30643,8.40,2.48
2012.12.12 17:34:59.844,1.30624,1.30649,1.50,9.98
2012.12.12 17:35:00.263,1.30629,1.30642,1.32,4.88
2012.12.12 17:35:00.754,1.30631,1.30638,1.13,1.50
2012.12.12 17:35:01.205,1.30631,1.30636,1.50,1.73
2012.12.12 17:35:01.388,1.30629,1.30636,1.65,1.73
2012.12.12 17:35:01.575,1.30627,1.30636,1.13,3.38
2012.12.12 17:35:01.936,1.30626,1.30635,4.92,1.73
2012.12.12 17:35:01.995,1.30627,1.30632,4.92,1.50
2012.12.12 17:35:02.055,1.30625,1.30632,1.73,1.50
2012.12.12 17:35:02.594,1.30626,1.3063,1.50,1.50
2012.12.12 17:35:03.028,1.30625,1.3063,1.13,2.25
2012.12.12 17:35:03.294,1.30624,1.30629,1.13,2.25
2012.12.12 17:35:03.836,1.30623,1.30629,2.25,1.73
2012.12.12 17:35:04.375,1.30622,1.30629,4.13,1.50
2012.12.12 17:35:04.929,1.30622,1.30628,1.50,1.73
2012.12.12 17:35:05.477,1.30621,1.30628,1.88,1.50
2012.12.12 17:35:05.546,1.30622,1.30626,1.73,1.50
2012.12.12 17:35:05.616,1.3062,1.30626,2.48,1.50
2012.12.12 17:35:05.858,1.30619,1.30625,1.50,2.25
2012.12.12 17:35:05.927,1.30618,1.30624,1.50,3.00
2012.12.12 17:35:06.056,1.30617,1.30623,2.48,1.50
2012.12.12 17:35:06.356,1.30616,1.30622,3.75,1.50
2012.12.12 17:35:06.606,1.30615,1.30621,3.00,2.63
2012.12.12 17:35:06.925,1.30614,1.3062,2.25,1.88
2012.12.12 17:35:07.110,1.30612,1.3062,2.25,1.88
2012.12.12 17:35:07.177,1.30613,1.30618,1.50,1.50
2012.12.12 17:35:07.366,1.30611,1.30618,1.50,5.40
2012.12.12 17:35:07.425,1.3061,1.30617,1.50,3.90
2012.12.12 17:35:07.745,1.30609,1.30617,2.25,1.65
2012.12.12 17:35:08.354,1.30608,1.30617,1.50,2.40
2012.12.12 17:35:08.895,1.30608,1.30616,2.25,1.13
2012.12.12 17:35:09.020,1.30607,1.30615,3.00,1.88
2012.12.12 17:35:09.146,1.30608,1.30613,3.19,1.73
2012.12.12 17:35:09.504,1.30607,1.30612,1.50,1.88
2012.12.12 17:35:09.626,1.30607,1.30611,3.00,2.10
2012.12.12 17:35:09.746,1.30605,1.30612,3.98,1.65
2012.12.12 17:35:10.296,1.30604,1.30611,3.00,1.50
2012.12.12 17:35:11.276,1.30603,1.3061,1.88,1.50
2012.12.12 17:35:11.815,1.30602,1.30609,1.88,1.50
2012.12.12 17:35:12.057,1.30602,1.30607,1.13,1.50
2012.12.12 17:35:12.186,1.306,1.30607,1.13,1.50
2012.12.12 17:35:12.365,1.306,1.30606,1.73,1.50
2012.12.12 17:35:12.606,1.30598,1.30606,3.98,1.73
2012.12.12 17:35:13.847,1.30599,1.30604,1.73,1.50
2012.12.12 17:35:13.918,1.30597,1.30604,2.48,1.50
2012.12.12 17:35:13.986,1.30597,1.30603,2.63,1.50
2012.12.12 17:35:14.595,1.30597,1.30601,1.13,1.50
2012.12.12 17:35:14.897,1.30595,1.30601,1.13,1.88
2012.12.12 17:35:15.029,1.30593,1.30602,2.63,2.33
2012.12.12 17:35:15.334,1.30592,1.30601,1.50,1.73
2012.12.12 17:35:15.922,1.30592,1.306,2.25,1.73
2012.12.12 17:35:16.845,1.30592,1.30599,2.25,1.13
2012.12.12 17:35:17.357,1.30591,1.30598,2.25,2.48
2012.12.12 17:35:17.728,1.3059,1.30598,2.25,2.25
2012.12.12 17:35:17.797,1.30592,1.30595,1.13,1.50
2012.12.12 17:35:18.296,1.30589,1.30596,1.50,1.50
2012.12.12 17:35:18.354,1.30587,1.30596,1.88,1.73
2012.12.12 17:35:18.418,1.30587,1.30594,2.25,1.73
2012.12.12 17:35:18.847,1.30586,1.30594,2.25,2.48
2012.12.12 17:35:18.975,1.30585,1.30593,2.44,2.48
2012.12.12 17:35:19.034,1.30584,1.30592,3.19,1.73
2012.12.12 17:35:19.585,1.30583,1.30591,3.94,3.98
2012.12.12 17:35:19.765,1.30582,1.30591,3.94,3.75
2012.12.12 17:35:20.187,1.30581,1.3059,3.60,2.48
2012.12.12 17:35:20.376,1.30574,1.30583,1.69,4.73
2012.12.12 17:35:20.437,1.30574,1.30578,1.50,1.50
2012.12.12 17:35:20.744,1.30574,1.3058,2.25,2.25
2012.12.12 17:35:21.174,1.30574,1.3058,2.25,1.73
2012.12.12 17:35:23.420,1.30573,1.30581,3.00,2.25
2012.12.12 17:35:24.175,1.30571,1.30577,1.73,1.73
2012.12.12 17:35:24.235,1.30572,1.30577,1.50,1.73
2012.12.12 17:35:24.785,1.3057,1.30578,2.25,3.23
2012.12.12 17:35:25.328,1.30569,1.30576,3.75,2.63
2012.12.12 17:35:25.455,1.30566,1.30574,4.88,1.73
2012.12.12 17:35:25.516,1.30566,1.30572,2.25,1.50
2012.12.12 17:35:25.998,1.30563,1.30571,2.25,2.48
2012.12.12 17:35:26.306,1.30563,1.3057,2.25,1.73
2012.12.12 17:35:27.778,1.30564,1.3057,1.50,1.73
2012.12.12 17:35:27.849,1.30567,1.30573,1.50,1.50
2012.12.12 17:35:28.155,1.30567,1.30574,1.50,2.63
2012.12.12 17:35:28.674,1.30568,1.30574,1.50,1.80
2012.12.12 17:35:29.916,1.30569,1.30575,1.65,2.25
2012.12.12 17:35:30.037,1.30571,1.30576,1.50,1.73
2012.12.12 17:35:30.226,1.30576,1.30581,3.00,3.23
2012.12.12 17:35:30.344,1.30577,1.30581,1.50,2.25
2012.12.12 17:35:30.885,1.30577,1.30581,1.50,1.50
2012.12.12 17:35:31.435,1.30579,1.30585,1.50,3.98
2012.12.12 17:35:31.946,1.30577,1.30583,2.26,1.65
2012.12.12 17:35:32.305,1.30577,1.30582,1.50,2.40
2012.12.12 17:35:32.425,1.30577,1.30584,2.26,3.15
2012.12.12 17:35:33.335,1.30578,1.30584,1.51,1.65
2012.12.12 17:35:35.567,1.30578,1.30585,1.88,1.43
2012.12.12 17:35:35.875,1.30581,1.30586,3.00,1.50
2012.12.12 17:35:36.177,1.30583,1.30591,1.51,1.50
2012.12.12 17:35:36.485,1.30588,1.30593,1.50,1.50
2012.12.12 17:35:36.726,1.30589,1.30595,1.73,1.65
2012.12.12 17:35:37.121,1.30589,1.30596,1.73,2.48
2012.12.12 17:35:37.202,1.30593,1.30598,1.50,2.48
2012.12.12 17:35:37.269,1.30593,1.30598,1.51,1.73
2012.12.12 17:35:38.014,1.30593,1.30601,2.26,2.40
2012.12.12 17:35:38.134,1.30594,1.306,1.51,1.73
2012.12.12 17:35:38.314,1.30594,1.30601,1.51,1.50
2012.12.12 17:35:39.874,1.30594,1.30601,1.51,3.23
2012.12.12 17:35:40.865,1.30591,1.30598,2.41,2.48
2012.12.12 17:35:40.986,1.30591,1.30598,2.26,2.63
2012.12.12 17:35:41.046,1.30591,1.30597,1.51,1.88
2012.12.12 17:35:42.775,1.30591,1.30598,1.13,3.23
2012.12.12 17:35:43.314,1.30593,1.30599,1.51,2.48
2012.12.12 17:35:43.835,1.30594,1.306,1.51,2.48
2012.12.12 17:35:44.774,1.30592,1.30597,1.50,1.13
2012.12.12 17:35:44.895,1.3059,1.30596,1.73,1.50
2012.12.12 17:35:45.434,1.3059,1.30596,1.51,2.48
2012.12.12 17:35:45.737,1.30591,1.30597,2.48,1.73
2012.12.12 17:35:45.795,1.30594,1.30599,1.50,1.73
2012.12.12 17:35:46.345,1.30591,1.30598,1.88,2.48
2012.12.12 17:35:46.864,1.30594,1.306,1.51,1.50
2012.12.12 17:35:47.613,1.30594,1.306,1.51,1.73
2012.12.12 17:35:48.144,1.30594,1.30601,2.26,1.73
2012.12.12 17:35:48.696,1.30594,1.30602,2.48,2.48
2012.12.12 17:35:49.221,1.30594,1.306,2.48,1.73
2012.12.12 17:35:50.576,1.30594,1.306,2.48,1.73
2012.12.12 17:35:50.875,1.30597,1.30604,4.58,1.50
2012.12.12 17:35:50.997,1.30599,1.30605,3.38,1.50
2012.12.12 17:35:51.065,1.30605,1.3061,2.26,1.50
2012.12.12 17:35:51.305,1.30603,1.3061,2.26,2.48
2012.12.12 17:35:51.725,1.30601,1.3061,1.73,1.65
2012.12.12 17:35:51.847,1.30599,1.30604,1.73,2.25
2012.12.12 17:35:52.144,1.30599,1.30603,1.50,1.50
2012.12.12 17:35:52.445,1.30596,1.30602,2.63,1.50
2012.12.12 17:35:54.245,1.30595,1.30602,1.73,2.48
2012.12.12 17:35:54.366,1.30594,1.30599,1.51,1.73
2012.12.12 17:35:54.495,1.3059,1.30596,2.48,2.25
2012.12.12 17:35:54.615,1.3059,1.30594,1.73,1.50
2012.12.12 17:35:54.855,1.30588,1.30593,3.08,1.50
2012.12.12 17:35:54.916,1.30586,1.30592,2.25,1.73
2012.12.12 17:35:55.276,1.30583,1.30588,1.73,3.38
2012.12.12 17:35:55.346,1.30579,1.30586,1.38,3.00
2012.12.12 17:35:55.466,1.30578,1.30584,1.50,3.75
2012.12.12 17:35:55.945,1.30577,1.30583,2.25,2.25
2012.12.12 17:35:56.504,1.30576,1.30583,1.51,1.50
2012.12.12 17:35:57.314,1.30578,1.30583,1.13,1.73
2012.12.12 17:35:59.659,1.30578,1.30583,1.13,1.73
2012.12.12 17:36:00.493,1.30577,1.30583,1.13,1.73
2012.12.12 17:36:01.034,1.30576,1.30583,1.51,2.48
2012.12.12 17:36:02.834,1.30576,1.30582,1.13,2.48
2012.12.12 17:36:03.651,1.30576,1.30581,1.13,1.73
2012.12.12 17:36:03.955,1.30574,1.30582,1.13,2.48
2012.12.12 17:36:04.075,1.30574,1.30582,2.67,2.25
2012.12.12 17:36:04.195,1.30578,1.30585,1.13,3.00
2012.12.12 17:36:04.434,1.30577,1.30584,1.36,2.25
2012.12.12 17:36:04.974,1.30578,1.30584,1.36,2.25
2012.12.12 17:36:05.534,1.30578,1.30584,3.83,1.50
2012.12.12 17:36:05.834,1.30582,1.30586,1.13,2.48
2012.12.12 17:36:06.375,1.30583,1.30588,1.50,2.48
2012.12.12 17:36:06.556,1.30583,1.30591,1.58,2.48
2012.12.12 17:36:06.675,1.30584,1.3059,1.35,1.50
2012.12.12 17:36:07.097,1.30582,1.3059,3.91,1.73
2012.12.12 17:36:07.165,1.30584,1.30589,1.20,3.23
2012.12.12 17:36:07.224,1.30582,1.30586,1.95,1.50
2012.12.12 17:36:07.285,1.30582,1.30586,1.95,2.25
2012.12.12 17:36:07.825,1.3058,1.30586,2.71,2.48
2012.12.12 17:36:08.066,1.30578,1.30583,2.63,1.50
2012.12.12 17:36:08.126,1.30578,1.30583,1.88,1.50
2012.12.12 17:36:08.664,1.30579,1.30585,1.21,1.88
2012.12.12 17:36:09.795,1.30579,1.30586,1.21,3.98
2012.12.12 17:36:09.975,1.30583,1.30588,1.20,2.48
2012.12.12 17:36:10.095,1.30583,1.30588,1.21,1.73
2012.12.12 17:36:10.277,1.30583,1.3059,1.21,1.50
2012.12.12 17:36:10.347,1.30583,1.3059,1.21,1.73
2012.12.12 17:36:10.865,1.30586,1.30594,2.03,1.50
2012.12.12 17:36:10.938,1.3059,1.30595,1.21,2.25
2012.12.12 17:36:11.825,1.30588,1.30594,1.20,1.50
2012.12.12 17:36:12.304,1.30584,1.30592,3.46,2.48
2012.12.12 17:36:12.606,1.30584,1.30588,2.70,1.73
2012.12.12 17:36:12.726,1.30584,1.3059,2.71,1.50
2012.12.12 17:36:13.265,1.30585,1.3059,1.51,1.50
2012.12.12 17:36:13.684,1.30584,1.3059,1.96,3.23
2012.12.12 17:36:13.744,1.30584,1.30589,1.20,1.13
2012.12.12 17:36:13.925,1.3058,1.30587,1.73,3.15
2012.12.12 17:36:14.044,1.30579,1.30586,1.20,3.38
2012.12.12 17:36:14.526,1.30577,1.30582,2.26,1.73
2012.12.12 17:36:15.066,1.30578,1.30585,1.21,2.40
2012.12.12 17:36:17.086,1.30577,1.30584,2.26,3.98
2012.12.12 17:36:17.145,1.30574,1.30582,2.26,2.48
2012.12.12 17:36:17.564,1.30577,1.30582,2.25,3.23
2012.12.12 17:36:18.105,1.30576,1.30582,1.50,3.23
2012.12.12 17:36:18.655,1.30574,1.30581,3.76,1.50
2012.12.12 17:36:19.435,1.30576,1.30582,1.51,2.48
2012.12.12 17:36:22.195,1.30576,1.30581,1.51,1.50
2012.12.12 17:36:22.735,1.30575,1.30581,2.26,1.50
2012.12.12 17:36:24.006,1.30574,1.30581,4.28,1.73
2012.12.12 17:36:24.194,1.30569,1.30576,3.61,2.25
2012.12.12 17:36:24.437,1.30571,1.30576,2.63,1.50
2012.12.12 17:36:24.495,1.30572,1.30578,1.28,2.48
2012.12.12 17:36:24.616,1.30571,1.30576,2.86,3.75
2012.12.12 17:36:24.745,1.30568,1.30574,1.28,5.25
2012.12.12 17:36:24.926,1.30568,1.30574,1.51,4.65
2012.12.12 17:36:25.346,1.30567,1.30574,1.51,2.40
2012.12.12 17:36:25.884,1.30568,1.30575,2.25,1.88
2012.12.12 17:36:26.306,1.30568,1.30577,2.25,2.48
2012.12.12 17:36:26.367,1.30569,1.30578,2.18,3.98
2012.12.12 17:36:26.557,1.30572,1.3058,1.50,1.73
2012.12.12 17:36:27.106,1.30571,1.3058,5.93,1.50
2012.12.12 17:36:27.667,1.30572,1.30581,1.65,1.50
2012.12.12 17:36:27.788,1.30575,1.30584,1.73,3.00
2012.12.12 17:36:27.857,1.30576,1.30584,1.73,3.00
2012.12.12 17:36:28.226,1.30574,1.30581,2.33,1.88
2012.12.12 17:36:28.546,1.3057,1.30576,2.33,1.50
2012.12.12 17:36:29.088,1.30568,1.30575,2.18,1.65
2012.12.12 17:36:29.776,1.30567,1.30575,3.83,1.88
2012.12.12 17:36:29.834,1.30569,1.30575,1.58,1.13
2012.12.12 17:36:30.265,1.30567,1.30574,1.58,1.65
2012.12.12 17:36:30.386,1.30566,1.30574,1.36,1.50
2012.12.12 17:36:30.457,1.30566,1.30573,1.36,3.23
2012.12.12 17:36:30.515,1.30565,1.3057,1.36,2.48
2012.12.12 17:36:31.054,1.30566,1.30573,2.10,1.13
2012.12.12 17:36:31.356,1.30564,1.30569,1.51,4.28
2012.12.12 17:36:31.714,1.30562,1.3057,2.26,1.84
2012.12.12 17:36:31.837,1.30558,1.30573,3.08,11.22
2012.12.12 17:36:31.906,1.30561,1.30569,1.13,3.60
2012.12.12 17:36:31.966,1.30562,1.30567,1.13,3.60
2012.12.12 17:36:32.091,1.30554,1.30561,4.73,2.52
2012.12.12 17:36:32.516,1.30553,1.30558,1.14,1.43
2012.12.12 17:36:32.576,1.30553,1.3056,1.74,1.80
2012.12.12 17:36:32.926,1.30553,1.3056,3.09,1.80
2012.12.12 17:36:33.233,1.30553,1.30561,2.49,1.50
2012.12.12 17:36:33.595,1.30553,1.30559,1.73,1.05
2012.12.12 17:36:33.719,1.30552,1.30558,1.51,3.15
2012.12.12 17:36:33.786,1.3055,1.30555,2.10,1.05
2012.12.12 17:36:34.227,1.3055,1.30555,1.89,1.43
2012.12.12 17:36:34.290,1.3055,1.30557,1.89,2.25
2012.12.12 17:36:34.835,1.30552,1.30557,1.50,1.50
2012.12.12 17:36:35.375,1.3055,1.30555,1.88,3.00
2012.12.12 17:36:35.556,1.3055,1.30557,2.10,1.43
2012.12.12 17:36:35.687,1.30552,1.30557,1.14,1.50
2012.12.12 17:36:36.188,1.30553,1.30558,1.36,1.50
2012.12.12 17:36:36.316,1.30552,1.30556,2.93,1.43
2012.12.12 17:36:36.388,1.3055,1.30555,3.16,2.18
2012.12.12 17:36:36.456,1.30548,1.30553,1.50,2.25
2012.12.12 17:36:36.577,1.30547,1.30552,2.11,1.50
2012.12.12 17:36:37.124,1.30547,1.30552,1.13,1.43
2012.12.12 17:36:37.665,1.30547,1.30551,1.13,1.50
2012.12.12 17:36:38.146,1.30543,1.30549,1.06,1.50
2012.12.12 17:36:38.206,1.30542,1.30546,1.13,1.50
2012.12.12 17:36:38.775,1.30541,1.30547,1.65,1.50
2012.12.12 17:36:38.854,1.30543,1.30547,9.24,1.50
2012.12.12 17:36:39.595,1.30542,1.30547,1.36,1.50
2012.12.12 17:36:39.896,1.30544,1.30548,1.89,2.25
2012.12.12 17:36:39.955,1.30544,1.3055,2.70,2.25
2012.12.12 17:36:40.266,1.30544,1.30547,1.65,2.25
2012.12.12 17:36:40.766,1.30543,1.30546,2.04,1.50
2012.12.12 17:36:41.304,1.30543,1.30548,1.36,3.00
2012.12.12 17:36:41.845,1.30541,1.30546,2.25,2.25
2012.12.12 17:36:42.326,1.30541,1.30549,2.64,2.25
2012.12.12 17:36:42.575,1.30543,1.30549,3.31,2.25
2012.12.12 17:36:42.995,1.30544,1.30548,1.51,1.50
2012.12.12 17:36:43.055,1.30544,1.30549,1.74,2.25
2012.12.12 17:36:43.556,1.30544,1.30549,1.74,1.50
2012.12.12 17:36:43.795,1.30544,1.30549,1.74,2.25
2012.12.12 17:36:44.585,1.30543,1.30549,1.74,1.50
2012.12.12 17:36:45.779,1.30544,1.30549,1.74,1.50
2012.12.12 17:36:46.085,1.30545,1.30551,2.49,3.00
2012.12.12 17:36:46.276,1.30545,1.30551,2.49,3.00
2012.12.12 17:36:46.698,1.30545,1.3055,2.25,2.48
2012.12.12 17:36:46.765,1.30545,1.3055,1.50,1.73
2012.12.12 17:36:48.675,1.30545,1.30551,1.51,2.25
2012.12.12 17:36:49.706,1.30543,1.3055,2.26,1.50
2012.12.12 17:36:50.499,1.30545,1.30551,2.25,1.73
2012.12.12 17:36:51.030,1.30545,1.30551,2.48,1.50
2012.12.12 17:36:51.357,1.30545,1.30552,2.49,1.73
2012.12.12 17:36:51.796,1.30548,1.30554,1.13,3.00
2012.12.12 17:36:52.034,1.30551,1.30558,2.64,1.50
2012.12.12 17:36:52.394,1.30554,1.3056,1.74,1.13
2012.12.12 17:36:53.142,1.30556,1.30563,2.25,1.50
2012.12.12 17:36:53.210,1.30558,1.30563,2.49,1.50
2012.12.12 17:36:53.278,1.30558,1.30566,2.48,2.48
2012.12.12 17:36:53.725,1.30561,1.30571,3.75,3.23
2012.12.12 17:36:54.043,1.30563,1.30573,2.40,2.93
2012.12.12 17:36:54.345,1.30564,1.30575,3.23,5.55
2012.12.12 17:36:54.910,1.30566,1.30575,1.35,4.50
2012.12.12 17:36:54.979,1.30566,1.30573,1.59,2.25
2012.12.12 17:36:55.283,1.30555,1.3057,1.27,7.81
2012.12.12 17:36:55.403,1.30554,1.30566,2.78,6.72
2012.12.12 17:36:55.464,1.3055,1.30559,1.50,5.78
2012.12.12 17:36:55.703,1.30551,1.3056,2.86,1.13
2012.12.12 17:36:56.186,1.30551,1.30562,7.02,1.97
2012.12.12 17:36:56.247,1.30551,1.30561,7.02,3.23
2012.12.12 17:36:57.054,1.30553,1.3056,3.24,1.50
2012.12.12 17:36:57.736,1.30553,1.3056,2.49,2.48
2012.12.12 17:36:58.585,1.30554,1.30559,1.74,2.25
2012.12.12 17:36:58.646,1.30553,1.30558,1.73,1.88
2012.12.12 17:36:58.956,1.30547,1.30555,1.51,8.14
2012.12.12 17:36:59.255,1.30543,1.30553,2.49,2.85
2012.12.12 17:36:59.317,1.30543,1.3055,2.49,3.23
2012.12.12 17:36:59.856,1.30544,1.30549,1.74,1.50
2012.12.12 17:37:00.415,1.30542,1.3055,2.49,3.98
2012.12.12 17:37:00.776,1.30542,1.30548,1.74,2.48
2012.12.12 17:37:00.956,1.30541,1.30546,3.01,5.48
2012.12.12 17:37:01.086,1.30533,1.30544,5.04,5.33
2012.12.12 17:37:01.145,1.30533,1.30542,5.26,3.23
2012.12.12 17:37:01.704,1.30533,1.3054,2.26,1.73
2012.12.12 17:37:02.245,1.30533,1.30539,3.24,1.50
2012.12.12 17:37:02.746,1.30531,1.30536,1.51,1.50
2012.12.12 17:37:03.048,1.30529,1.30533,1.65,4.50
2012.12.12 17:37:03.116,1.30524,1.30531,1.51,1.50
2012.12.12 17:37:03.237,1.30524,1.30531,1.51,1.50
2012.12.12 17:37:03.553,1.30523,1.30529,2.48,1.50
2012.12.12 17:37:03.875,1.30521,1.30528,2.25,1.13
2012.12.12 17:37:04.116,1.30519,1.30525,1.50,2.44
2012.12.12 17:37:04.189,1.30516,1.30524,9.85,1.35
2012.12.12 17:37:04.257,1.30516,1.30524,2.63,2.10
2012.12.12 17:37:04.386,1.30509,1.30518,1.50,1.50
2012.12.12 17:37:04.517,1.3051,1.30519,3.00,1.50
2012.12.12 17:37:04.646,1.30509,1.30519,1.73,2.25
2012.12.12 17:37:04.826,1.30508,1.30518,2.48,1.69
2012.12.12 17:37:04.946,1.30508,1.30516,3.75,1.65
2012.12.12 17:37:05.397,1.30503,1.30514,2.48,2.25
2012.12.12 17:37:05.465,1.30503,1.30514,2.48,4.69
2012.12.12 17:37:05.525,1.30503,1.30513,1.73,1.50
2012.12.12 17:37:05.714,1.30501,1.30509,1.50,1.50
2012.12.12 17:37:05.847,1.30499,1.30509,2.25,2.44
2012.12.12 17:37:06.097,1.30496,1.30506,1.80,2.03
2012.12.12 17:37:06.404,1.30494,1.30504,1.88,4.73
2012.12.12 17:37:06.705,1.30488,1.30509,2.25,15.46
2012.12.12 17:37:06.825,1.30488,1.30508,1.50,13.58
2012.12.12 17:37:07.137,1.30491,1.30503,1.50,3.19
2012.12.12 17:37:07.207,1.3049,1.30502,3.05,1.50
2012.12.12 17:37:07.277,1.30491,1.30499,2.38,1.13
2012.12.12 17:37:07.395,1.30489,1.30499,2.38,1.13
2012.12.12 17:37:08.131,1.30492,1.30495,1.50,1.22
2012.12.12 17:37:08.195,1.3049,1.30495,1.50,3.75
2012.12.12 17:37:08.258,1.30487,1.30496,1.62,1.73
2012.12.12 17:37:08.327,1.30485,1.30495,1.62,2.48
2012.12.12 17:37:08.403,1.30485,1.30493,1.10,2.25
2012.12.12 17:37:08.778,1.30485,1.30492,1.50,1.65
2012.12.12 17:37:08.848,1.30484,1.30492,2.10,2.10
2012.12.12 17:37:08.918,1.30484,1.30491,1.20,1.50
2012.12.12 17:37:09.046,1.30482,1.30491,1.73,2.55
2012.12.12 17:37:09.176,1.30482,1.3049,2.48,1.50
2012.12.12 17:37:09.475,1.30476,1.30485,2.25,6.23
2012.12.12 17:37:09.535,1.30476,1.30484,2.48,1.50
2012.12.12 17:37:09.776,1.30476,1.30485,2.10,3.15
2012.12.12 17:37:09.836,1.3048,1.30485,1.13,1.65
2012.12.12 17:37:10.197,1.30485,1.30489,1.73,3.19
2012.12.12 17:37:10.376,1.30485,1.30492,1.73,1.88
2012.12.12 17:37:10.915,1.30485,1.30493,2.40,3.23
2012.12.12 17:37:11.426,1.30485,1.30493,3.15,2.63
2012.12.12 17:37:11.665,1.30485,1.30493,3.15,4.58
2012.12.12 17:37:12.145,1.30485,1.30494,3.75,1.65
2012.12.12 17:37:12.326,1.30485,1.30493,2.25,1.73
2012.12.12 17:37:12.745,1.30486,1.30493,2.48,1.73
2012.12.12 17:37:13.105,1.30487,1.30494,1.50,2.10
2012.12.12 17:37:13.286,1.3049,1.30495,1.50,1.65
2012.12.12 17:37:13.346,1.30486,1.30493,2.48,1.50
2012.12.12 17:37:13.414,1.30484,1.30489,1.50,1.73
2012.12.12 17:37:13.477,1.30484,1.30489,5.25,1.73
2012.12.12 17:37:13.604,1.30485,1.3049,1.50,2.29
2012.12.12 17:37:13.788,1.30483,1.30488,1.73,1.50
2012.12.12 17:37:14.035,1.30482,1.3049,1.73,2.48
2012.12.12 17:37:14.337,1.30484,1.3049,1.73,1.73
2012.12.12 17:37:14.645,1.30489,1.30494,1.50,1.65
2012.12.12 17:37:14.946,1.3049,1.30502,4.92,3.15
2012.12.12 17:37:15.009,1.30493,1.30501,3.00,2.55
2012.12.12 17:37:15.467,1.30498,1.30508,12.53,2.63
2012.12.12 17:37:15.547,1.30502,1.30505,2.43,2.63
2012.12.12 17:37:15.618,1.30503,1.30508,4.41,2.63
2012.12.12 17:37:15.749,1.30503,1.30509,3.38,7.28
2012.12.12 17:37:15.816,1.30505,1.30517,2.23,8.03
2012.12.12 17:37:15.934,1.30502,1.30514,1.80,6.90
2012.12.12 17:37:16.063,1.30507,1.30511,3.00,3.00
2012.12.12 17:37:16.133,1.3051,1.30516,1.65,7.67
2012.12.12 17:37:16.439,1.30515,1.30521,1.50,1.35
2012.12.12 17:37:16.746,1.30514,1.30522,1.50,2.48
2012.12.12 17:37:16.808,1.30518,1.30523,1.73,1.50
2012.12.12 17:37:16.880,1.30518,1.30524,1.73,1.73
2012.12.12 17:37:17.127,1.30518,1.30524,2.48,1.58
2012.12.12 17:37:17.198,1.30518,1.30524,2.48,1.58
2012.12.12 17:37:17.385,1.30519,1.30527,1.50,1.50
2012.12.12 17:37:17.696,1.30518,1.30525,3.23,1.13
2012.12.12 17:37:17.768,1.30518,1.30523,3.75,1.88
2012.12.12 17:37:17.956,1.30517,1.30524,3.00,1.50
2012.12.12 17:37:18.015,1.30517,1.30524,3.00,2.48
2012.12.12 17:37:18.135,1.30508,1.30521,2.25,1.73
2012.12.12 17:37:18.436,1.30507,1.30514,1.50,2.25
2012.12.12 17:37:18.497,1.30506,1.30513,2.55,2.25
2012.12.12 17:37:18.686,1.30505,1.30513,1.73,2.40
2012.12.12 17:37:18.875,1.30504,1.30513,1.73,2.55
2012.12.12 17:37:18.995,1.30504,1.30513,2.25,2.55
2012.12.12 17:37:20.045,1.30503,1.30513,1.73,1.88
2012.12.12 17:37:20.167,1.30506,1.30513,2.25,1.73
2012.12.12 17:37:20.296,1.30505,1.30514,1.65,1.50
2012.12.12 17:37:20.355,1.30508,1.30516,1.73,1.13
2012.12.12 17:37:20.535,1.3051,1.30516,1.50,1.88
2012.12.12 17:37:20.896,1.30515,1.30525,5.38,6.53
2012.12.12 17:37:21.195,1.30519,1.30526,1.20,1.50
2012.12.12 17:37:21.255,1.30518,1.30526,2.48,1.88
2012.12.12 17:37:21.615,1.30517,1.30522,1.50,1.13
2012.12.12 17:37:22.070,1.30523,1.3053,3.75,1.50
2012.12.12 17:37:22.153,1.30525,1.30533,1.35,1.50
2012.12.12 17:37:22.289,1.30525,1.30533,1.58,1.50
2012.12.12 17:37:22.415,1.30524,1.3053,3.75,1.13
2012.12.12 17:37:22.858,1.30517,1.30527,1.73,1.98
2012.12.12 17:37:22.985,1.30515,1.30522,1.88,1.73
2012.12.12 17:37:23.046,1.30516,1.30521,2.48,1.13
2012.12.12 17:37:23.405,1.30516,1.30523,2.33,1.35
2012.12.12 17:37:23.465,1.30516,1.30524,3.08,2.48
2012.12.12 17:37:23.588,1.30521,1.30526,1.50,1.38
2012.12.12 17:37:24.135,1.30521,1.30526,1.50,1.13
2012.12.12 17:37:24.195,1.30521,1.30526,1.50,1.13
2012.12.12 17:37:24.380,1.30522,1.30528,1.50,1.20
2012.12.12 17:37:24.687,1.30526,1.30535,3.53,2.25
2012.12.12 17:37:25.235,1.30526,1.30533,1.50,1.73
2012.12.12 17:37:25.658,1.30526,1.30534,2.25,1.88
2012.12.12 17:37:26.025,1.30526,1.30535,4.50,1.88
2012.12.12 17:37:26.327,1.30526,1.30532,3.23,1.35
2012.12.12 17:37:26.396,1.30526,1.30532,1.73,1.73
2012.12.12 17:37:27.514,1.30526,1.30532,1.73,2.10
2012.12.12 17:37:27.884,1.30526,1.30531,1.73,1.13
2012.12.12 17:37:27.944,1.30526,1.30531,1.73,1.13
2012.12.12 17:37:30.015,1.30525,1.30531,2.48,1.13
2012.12.12 17:37:30.676,1.30529,1.30534,1.50,1.28
2012.12.12 17:37:30.796,1.30529,1.30534,3.23,1.50
2012.12.12 17:37:31.035,1.30531,1.30537,2.48,1.35
2012.12.12 17:37:31.154,1.30531,1.30536,2.48,1.13
2012.12.12 17:37:31.396,1.30528,1.30535,3.19,1.88
2012.12.12 17:37:31.815,1.30532,1.30537,1.43,1.13
2012.12.12 17:37:31.877,1.30532,1.30538,1.43,1.35
2012.12.12 17:37:31.945,1.30533,1.30538,1.43,1.35
2012.12.12 17:37:32.007,1.30534,1.30539,1.50,1.73
2012.12.12 17:37:32.308,1.30531,1.30537,2.18,1.88
2012.12.12 17:37:32.378,1.30531,1.30537,2.40,1.88
2012.12.12 17:37:32.745,1.30529,1.30534,1.50,1.13
2012.12.12 17:37:32.806,1.30527,1.30532,2.48,1.13
2012.12.12 17:37:32.987,1.30525,1.30531,1.88,1.13
2012.12.12 17:37:33.119,1.30525,1.30531,1.88,1.88
2012.12.12 17:37:33.185,1.30523,1.30529,1.88,1.13
2012.12.12 17:37:33.248,1.30523,1.30527,1.13,1.13
2012.12.12 17:37:33.445,1.3052,1.30526,2.25,2.63
2012.12.12 17:37:33.522,1.30518,1.30524,2.48,1.50
2012.12.12 17:37:33.706,1.30516,1.30522,2.25,1.50
2012.12.12 17:37:34.185,1.30519,1.30525,1.50,2.63
2012.12.12 17:37:34.487,1.3052,1.30525,1.50,1.88
2012.12.12 17:37:36.037,1.30518,1.30525,2.25,1.13
2012.12.12 17:37:36.597,1.30519,1.30528,2.10,2.03
2012.12.12 17:37:36.728,1.30523,1.30528,1.50,1.13
2012.12.12 17:37:36.796,1.30525,1.30531,1.13,2.63
2012.12.12 17:37:37.346,1.30525,1.30531,1.73,2.63
2012.12.12 17:37:37.775,1.30527,1.30531,1.13,1.50
2012.12.12 17:37:38.317,1.30526,1.30531,2.10,1.13
2012.12.12 17:37:40.275,1.30528,1.30534,1.50,1.73
2012.12.12 17:37:40.457,1.30532,1.30537,1.50,2.25
2012.12.12 17:37:40.527,1.30532,1.30539,1.50,1.35
2012.12.12 17:37:40.776,1.30533,1.30539,2.48,1.13
2012.12.12 17:37:41.330,1.30533,1.30541,3.23,2.10
2012.12.12 17:37:41.457,1.30533,1.30539,3.23,1.13
2012.12.12 17:37:42.007,1.30534,1.3054,1.73,2.48
2012.12.12 17:37:42.681,1.30533,1.3054,1.73,2.48
2012.12.12 17:37:43.253,1.3053,1.30537,1.73,1.65
2012.12.12 17:37:43.324,1.30528,1.30534,2.63,1.13
2012.12.12 17:37:43.707,1.30528,1.30537,3.27,1.50
2012.12.12 17:37:43.776,1.30532,1.30538,1.50,2.48
2012.12.12 17:37:44.324,1.3053,1.30535,1.51,2.03
2012.12.12 17:37:44.508,1.30528,1.30535,1.74,3.53
2012.12.12 17:37:45.147,1.30527,1.30533,2.49,1.43
2012.12.12 17:37:45.677,1.30527,1.30532,1.74,1.50
2012.12.12 17:37:46.240,1.30527,1.30533,2.26,2.55
2012.12.12 17:37:47.280,1.30527,1.30533,1.51,1.80
2012.12.12 17:37:47.765,1.30527,1.30532,1.51,2.18
2012.12.12 17:37:48.195,1.30522,1.30531,1.13,1.43
2012.12.12 17:37:49.876,1.30523,1.3053,2.10,1.50
2012.12.12 17:37:50.731,1.30525,1.30531,3.23,3.00
2012.12.12 17:37:50.804,1.30527,1.30531,1.50,1.50
2012.12.12 17:37:51.636,1.30527,1.30533,1.89,3.23
2012.12.12 17:37:52.175,1.30527,1.30533,1.89,2.48
2012.12.12 17:37:53.016,1.30526,1.30533,2.49,1.73
2012.12.12 17:37:54.256,1.30526,1.30533,2.49,1.73
2012.12.12 17:37:54.775,1.30525,1.30533,1.88,1.73
2012.12.12 17:37:54.907,1.30525,1.30534,2.67,1.73
2012.12.12 17:37:55.215,1.30528,1.30536,1.51,1.65
2012.12.12 17:37:55.585,1.3053,1.30537,4.50,1.50
2012.12.12 17:37:55.646,1.3053,1.30537,3.54,1.50
2012.12.12 17:37:55.705,1.30533,1.30548,3.12,22.30
2012.12.12 17:37:55.828,1.30539,1.30545,1.09,1.50
2012.12.12 17:37:56.015,1.30539,1.30546,1.09,18.70
2012.12.12 17:37:56.454,1.30541,1.30548,1.36,1.88
2012.12.12 17:37:56.635,1.30543,1.30548,3.61,15.40
2012.12.12 17:37:56.696,1.30544,1.3055,5.40,3.00
2012.12.12 17:37:56.815,1.30546,1.30555,4.74,7.13
2012.12.12 17:37:56.877,1.30549,1.30555,1.51,7.13
2012.12.12 17:37:57.365,1.3055,1.30556,3.23,1.50
2012.12.12 17:37:57.726,1.30554,1.30559,1.50,1.73
2012.12.12 17:37:57.786,1.30556,1.30559,1.50,1.13
2012.12.12 17:37:58.326,1.30554,1.30561,1.35,1.50
2012.12.12 17:37:58.458,1.30553,1.30561,3.23,1.50
2012.12.12 17:37:58.525,1.30556,1.30563,2.49,1.88
2012.12.12 17:37:58.827,1.3056,1.3057,1.74,3.75
2012.12.12 17:37:59.622,1.30563,1.30569,2.85,1.50
2012.12.12 17:38:00.686,1.30564,1.30572,1.74,1.50
2012.12.12 17:38:01.397,1.30566,1.30573,1.74,1.13
2012.12.12 17:38:03.902,1.30569,1.30575,2.25,2.55
2012.12.12 17:38:04.098,1.30574,1.30579,1.73,2.25
2012.12.12 17:38:04.168,1.30575,1.3058,1.74,3.23
2012.12.12 17:38:04.235,1.30576,1.3058,1.50,2.48
2012.12.12 17:38:04.539,1.30578,1.30582,1.65,3.00
2012.12.12 17:38:05.094,1.30578,1.30582,1.50,1.50
2012.12.12 17:38:06.075,1.30579,1.30582,1.50,1.50
2012.12.12 17:38:06.390,1.30579,1.30582,1.50,1.50
2012.12.12 17:38:07.056,1.3058,1.30584,1.50,1.73
2012.12.12 17:38:08.076,1.30575,1.30582,2.49,1.50
2012.12.12 17:38:08.336,1.30573,1.3058,1.74,2.40
2012.12.12 17:38:08.456,1.30573,1.30579,1.74,1.65
2012.12.12 17:38:08.981,1.30572,1.30579,1.51,4.05
2012.12.12 17:38:09.584,1.30571,1.30578,2.86,1.13
2012.12.12 17:38:10.224,1.30572,1.30578,1.51,1.13
2012.12.12 17:38:10.439,1.30574,1.30581,1.51,3.15
2012.12.12 17:38:10.625,1.30574,1.30581,1.74,1.50
2012.12.12 17:38:12.036,1.30575,1.30582,1.74,5.48
2012.12.12 17:38:12.395,1.30577,1.30584,1.51,1.50
2012.12.12 17:38:12.635,1.30577,1.30585,1.74,3.00
2012.12.12 17:38:13.175,1.30579,1.30585,1.51,1.50
2012.12.12 17:38:14.195,1.3058,1.30586,2.25,2.48
2012.12.12 17:38:14.502,1.30581,1.30586,1.51,1.50
2012.12.12 17:38:15.045,1.30581,1.30587,2.26,2.25
2012.12.12 17:38:15.346,1.30583,1.3059,1.51,2.25
2012.12.12 17:38:15.405,1.30585,1.30591,1.50,6.23
2012.12.12 17:38:15.466,1.30587,1.30591,2.25,5.25
2012.12.12 17:38:15.825,1.30587,1.30593,1.51,4.22
2012.12.12 17:38:15.886,1.30586,1.30591,1.50,1.50
2012.12.12 17:38:16.186,1.30587,1.30594,1.51,4.13
2012.12.12 17:38:17.519,1.30587,1.30592,1.50,1.50
2012.12.12 17:38:17.645,1.30585,1.30591,1.50,3.38
2012.12.12 17:38:17.948,1.30582,1.3059,2.49,2.48
2012.12.12 17:38:18.716,1.30584,1.30589,1.73,2.25
2012.12.12 17:38:19.058,1.30582,1.30587,1.73,1.73
2012.12.12 17:38:19.367,1.3058,1.30588,1.88,1.73
2012.12.12 17:38:19.436,1.30582,1.30588,1.73,1.73
2012.12.12 17:38:19.717,1.30587,1.30595,3.23,1.35
2012.12.12 17:38:19.776,1.3059,1.30596,1.50,2.25
2012.12.12 17:38:20.016,1.30588,1.30597,2.10,1.73
2012.12.12 17:38:20.074,1.30588,1.30597,1.51,2.10
2012.12.12 17:38:20.317,1.30588,1.30595,3.09,1.50
2012.12.12 17:38:20.926,1.30588,1.30596,1.65,1.73
2012.12.12 17:38:21.347,1.30588,1.30595,1.66,1.50
2012.12.12 17:38:21.594,1.30588,1.30595,1.65,1.50
2012.12.12 17:38:21.656,1.30588,1.30595,1.74,3.15
2012.12.12 17:38:21.775,1.30588,1.30592,1.50,1.73
2012.12.12 17:38:22.154,1.30588,1.30592,1.50,2.48
2012.12.12 17:38:22.696,1.30586,1.30591,1.51,1.73
2012.12.12 17:38:23.375,1.30584,1.3059,1.74,3.08
2012.12.12 17:38:23.435,1.30583,1.3059,1.74,3.08
2012.12.12 17:38:23.977,1.30585,1.3059,1.73,1.50
2012.12.12 17:38:24.786,1.30586,1.30591,1.73,2.25
2012.12.12 17:38:24.845,1.30586,1.30591,1.74,1.50
2012.12.12 17:38:24.967,1.30586,1.30591,2.86,1.50
2012.12.12 17:38:25.146,1.30589,1.30595,1.89,1.50
2012.12.12 17:38:25.386,1.3059,1.30596,1.89,1.50
2012.12.12 17:38:25.925,1.3059,1.30596,1.14,2.25
2012.12.12 17:38:26.227,1.30592,1.30597,1.50,2.40
2012.12.12 17:38:26.415,1.30593,1.30599,1.51,1.73
2012.12.12 17:38:26.595,1.30592,1.30599,3.99,1.50
2012.12.12 17:38:27.107,1.30592,1.30598,1.51,3.00
2012.12.12 17:38:28.016,1.30592,1.30598,1.74,1.50
2012.12.12 17:38:28.317,1.30595,1.306,4.04,1.73
2012.12.12 17:38:28.378,1.30595,1.30602,12.67,1.50
2012.12.12 17:38:28.448,1.30601,1.30606,1.35,1.50
2012.12.12 17:38:28.523,1.30605,1.30615,1.17,1.50
2012.12.12 17:38:29.066,1.30609,1.30614,1.35,2.25
2012.12.12 17:38:29.186,1.3061,1.30616,1.73,1.50
2012.12.12 17:38:29.747,1.30612,1.30616,1.73,1.50
2012.12.12 17:38:29.935,1.30612,1.30617,1.73,1.88
2012.12.12 17:38:30.715,1.30611,1.30617,2.48,1.88
2012.12.12 17:38:31.376,1.30611,1.30617,2.48,1.88
2012.12.12 17:38:31.696,1.30614,1.30624,2.10,2.25
2012.12.12 17:38:31.765,1.30614,1.30619,1.66,1.50
2012.12.12 17:38:31.825,1.30616,1.30621,2.10,1.50
2012.12.12 17:38:31.885,1.30616,1.30625,2.85,1.73
2012.12.12 17:38:33.607,1.30617,1.30624,3.75,1.50
2012.12.12 17:38:33.856,1.3062,1.3063,1.73,1.65
2012.12.12 17:38:34.398,1.30621,1.30626,1.73,2.25
2012.12.12 17:38:35.026,1.30619,1.30626,1.50,1.65
2012.12.12 17:38:35.763,1.30621,1.30627,2.42,2.03
2012.12.12 17:38:35.884,1.30621,1.30626,1.50,1.65
2012.12.12 17:38:36.364,1.30622,1.30627,2.42,1.05
2012.12.12 17:38:36.545,1.3062,1.30626,1.67,1.05
2012.12.12 17:38:36.786,1.30619,1.30625,2.25,2.70
2012.12.12 17:38:36.905,1.30617,1.30623,2.25,1.05
2012.12.12 17:38:37.449,1.30618,1.30622,1.50,1.20
2012.12.12 17:38:37.754,1.30618,1.30624,2.42,1.50
2012.12.12 17:38:38.272,1.30618,1.30624,3.17,2.10
2012.12.12 17:38:38.805,1.30619,1.30624,1.67,1.35
2012.12.12 17:38:39.375,1.30619,1.30624,1.67,2.25
2012.12.12 17:38:39.678,1.30619,1.30625,1.67,2.25
2012.12.12 17:38:39.805,1.30619,1.30625,1.67,3.00
2012.12.12 17:38:40.834,1.30618,1.30624,2.48,3.38
2012.12.12 17:38:41.624,1.30618,1.30623,2.48,1.50
2012.12.12 17:38:41.804,1.30618,1.30622,2.48,3.00
2012.12.12 17:38:41.865,1.30615,1.3062,1.50,2.25
2012.12.12 17:38:42.226,1.30612,1.30617,1.45,1.73
2012.12.12 17:38:42.287,1.30611,1.30615,1.73,1.50
2012.12.12 17:38:42.815,1.3061,1.30614,1.73,1.50
2012.12.12 17:38:42.935,1.30609,1.30614,3.70,1.65
2012.12.12 17:38:43.175,1.30609,1.30614,3.17,1.65
2012.12.12 17:38:43.356,1.30608,1.30612,1.50,1.65
2012.12.12 17:38:43.476,1.30608,1.30613,1.73,1.65
2012.12.12 17:38:43.715,1.30607,1.30613,2.25,2.25
2012.12.12 17:38:44.274,1.30607,1.30611,2.25,1.50
2012.12.12 17:38:44.775,1.30607,1.30611,1.50,1.50
2012.12.12 17:38:45.076,1.30604,1.3061,2.25,1.13
2012.12.12 17:38:45.809,1.30604,1.30609,2.25,1.73
2012.12.12 17:38:46.117,1.30602,1.30607,2.20,1.35
2012.12.12 17:38:46.186,1.30601,1.30606,2.42,2.40
2012.12.12 17:38:46.309,1.30599,1.30604,1.67,1.65
2012.12.12 17:38:47.049,1.30596,1.30601,2.20,1.50
2012.12.12 17:38:47.142,1.30592,1.30599,2.25,1.35
2012.12.12 17:38:47.685,1.30591,1.30598,2.48,2.10
2012.12.12 17:38:48.045,1.30589,1.30595,1.73,1.65
2012.12.12 17:38:48.585,1.30589,1.30594,1.50,1.65
2012.12.12 17:38:49.476,1.30587,1.30593,2.48,1.65
2012.12.12 17:38:50.374,1.30587,1.30594,1.67,2.40
2012.12.12 17:38:51.845,1.30588,1.30594,1.73,1.50
2012.12.12 17:38:52.355,1.3059,1.30594,1.50,1.65
2012.12.12 17:38:53.417,1.30589,1.30594,1.50,1.65
2012.12.12 17:38:53.728,1.30584,1.30591,3.60,4.13
2012.12.12 17:38:53.795,1.30584,1.30591,1.50,4.88
2012.12.12 17:38:53.916,1.30583,1.30588,3.55,1.20
2012.12.12 17:38:54.097,1.3058,1.30585,1.50,1.65
2012.12.12 17:38:54.646,1.3058,1.30583,2.25,1.65
2012.12.12 17:38:55.155,1.3058,1.30584,3.00,1.50
2012.12.12 17:38:55.515,1.3058,1.30584,1.50,2.40
2012.12.12 17:38:55.826,1.30578,1.30583,1.50,1.65
2012.12.12 17:38:56.708,1.30576,1.30581,3.17,2.25
2012.12.12 17:38:56.790,1.30574,1.30579,1.50,1.65
2012.12.12 17:38:56.986,1.30573,1.30578,3.17,2.25
2012.12.12 17:38:57.416,1.30573,1.3058,2.80,4.50
2012.12.12 17:38:57.988,1.30574,1.3058,1.73,3.00
2012.12.12 17:38:58.456,1.30577,1.30581,1.82,1.73
2012.12.12 17:38:58.582,1.30578,1.30585,1.60,1.50
2012.12.12 17:38:58.825,1.30578,1.30585,1.60,6.98
2012.12.12 17:38:58.946,1.30578,1.30584,2.57,1.50
2012.12.12 17:38:59.305,1.30582,1.30591,5.20,1.25
2012.12.12 17:38:59.665,1.3059,1.30596,1.45,1.73
2012.12.12 17:38:59.967,1.30593,1.30597,1.52,1.50
2012.12.12 17:39:00.279,1.30595,1.30602,5.65,4.97
2012.12.12 17:39:00.406,1.30598,1.30602,3.30,1.50
2012.12.12 17:39:00.466,1.30598,1.30602,3.08,2.25
2012.12.12 17:39:00.586,1.30601,1.30606,1.60,2.48
2012.12.12 17:39:00.705,1.30605,1.30609,1.45,1.50
2012.12.12 17:39:01.259,1.30604,1.30609,1.13,2.25
2012.12.12 17:39:01.507,1.30606,1.30611,1.82,2.25
2012.12.12 17:39:01.578,1.30606,1.30613,3.92,3.23
2012.12.12 17:39:01.825,1.30609,1.30614,1.13,1.50
2012.12.12 17:39:02.006,1.30613,1.30618,4.30,4.13
2012.12.12 17:39:02.307,1.30614,1.30618,3.17,2.25
2012.12.12 17:39:02.435,1.30612,1.30617,1.45,2.48
2012.12.12 17:39:02.496,1.30613,1.30618,1.65,1.73
2012.12.12 17:39:02.625,1.30614,1.30621,1.60,6.23
2012.12.12 17:39:02.805,1.30616,1.30621,13.75,1.50
2012.12.12 17:39:02.864,1.30619,1.30628,13.00,2.25
2012.12.12 17:39:03.168,1.30625,1.3063,2.10,2.48
2012.12.12 17:39:03.477,1.30626,1.30632,1.65,1.73
2012.12.12 17:39:03.786,1.3063,1.30638,1.50,6.08
2012.12.12 17:39:04.090,1.30632,1.30638,3.00,3.75
2012.12.12 17:39:04.719,1.30629,1.30651,12.21,1.50
2012.12.12 17:39:05.067,1.30628,1.30654,6.45,3.00
2012.12.12 17:39:05.258,1.30637,1.30646,3.00,1.50
2012.12.12 17:39:05.388,1.30638,1.30646,1.50,3.00
2012.12.12 17:39:05.518,1.30639,1.30646,1.13,2.25
2012.12.12 17:39:06.065,1.30639,1.30647,2.10,1.73
2012.12.12 17:39:06.247,1.3064,1.30647,1.73,1.13
2012.12.12 17:39:06.487,1.30641,1.30648,1.13,2.48
2012.12.12 17:39:06.846,1.30642,1.30648,1.13,2.48
2012.12.12 17:39:06.965,1.30642,1.30649,1.65,2.48
2012.12.12 17:39:07.325,1.30644,1.30649,1.50,1.13
2012.12.12 17:39:07.627,1.30643,1.30652,2.20,1.13
2012.12.12 17:39:07.875,1.30645,1.30651,1.50,2.40
2012.12.12 17:39:07.935,1.3065,1.30658,2.70,1.88
2012.12.12 17:39:08.235,1.30652,1.3066,1.50,4.10
2012.12.12 17:39:08.535,1.30653,1.3066,2.25,3.35
2012.12.12 17:39:08.965,1.30655,1.30662,1.50,3.23
2012.12.12 17:39:09.145,1.30656,1.30662,1.50,1.62
2012.12.12 17:39:09.546,1.30655,1.30661,2.25,1.62
2012.12.12 17:39:09.666,1.30654,1.30661,2.25,3.12
2012.12.12 17:39:09.725,1.30653,1.30659,1.50,1.62
2012.12.12 17:39:10.026,1.30651,1.30657,3.75,1.65
2012.12.12 17:39:10.565,1.30651,1.30658,3.00,1.70
2012.12.12 17:39:10.752,1.30654,1.30659,1.50,1.62
2012.12.12 17:39:11.466,1.30654,1.3066,2.25,1.10
2012.12.12 17:39:11.706,1.30655,1.3066,1.50,1.10
2012.12.12 17:39:12.244,1.30655,1.30661,1.50,3.00
2012.12.12 17:39:12.795,1.30654,1.3066,2.95,1.10
2012.12.12 17:39:13.095,1.30652,1.30657,2.25,2.25
2012.12.12 17:39:14.774,1.3065,1.30655,2.20,1.13
2012.12.12 17:39:14.835,1.3065,1.30656,3.18,1.65
2012.12.12 17:39:15.076,1.3065,1.30655,1.68,1.88
2012.12.12 17:39:15.257,1.3065,1.30655,2.20,1.50
2012.12.12 17:39:15.377,1.30649,1.30654,2.25,1.50
2012.12.12 17:39:15.745,1.30649,1.30654,2.20,1.65
2012.12.12 17:39:16.414,1.30649,1.30654,2.20,1.65
2012.12.12 17:39:17.017,1.30649,1.30654,2.20,1.50
2012.12.12 17:39:17.135,1.30649,1.30654,1.68,2.25
2012.12.12 17:39:17.574,1.3065,1.30655,1.73,2.40
2012.12.12 17:39:17.755,1.30648,1.30653,1.50,1.50
2012.12.12 17:39:18.795,1.30646,1.30652,4.08,1.50
2012.12.12 17:39:19.895,1.30646,1.30653,2.35,2.25
2012.12.12 17:39:20.134,1.30646,1.30653,3.93,1.50
2012.12.12 17:39:20.435,1.30646,1.30653,3.33,1.50
2012.12.12 17:39:21.836,1.30646,1.30653,1.13,1.50
2012.12.12 17:39:23.705,1.30649,1.30656,1.50,1.88
2012.12.12 17:39:24.007,1.30652,1.30658,1.50,1.50
2012.12.12 17:39:24.196,1.30657,1.30664,2.20,3.23
2012.12.12 17:39:24.256,1.30659,1.30664,2.10,1.73
2012.12.12 17:39:24.616,1.30664,1.30673,2.20,2.25
2012.12.12 17:39:25.135,1.30667,1.30673,2.20,3.00
2012.12.12 17:39:25.394,1.30666,1.30675,1.45,3.75
2012.12.12 17:39:25.516,1.30667,1.30675,1.45,1.65
2012.12.12 17:39:25.646,1.30668,1.30676,1.45,15.45
2012.12.12 17:39:25.898,1.30668,1.30677,1.45,1.50
2012.12.12 17:39:26.445,1.30669,1.30678,1.45,1.50
2012.12.12 17:39:26.685,1.30669,1.30679,3.70,1.50
2012.12.12 17:39:27.046,1.30672,1.30678,1.45,1.50
2012.12.12 17:39:27.105,1.30673,1.30679,2.35,6.00
2012.12.12 17:39:27.287,1.30674,1.30679,2.95,3.75
2012.12.12 17:39:27.599,1.30674,1.3068,1.50,3.23
2012.12.12 17:39:27.915,1.30676,1.3068,2.48,1.50
2012.12.12 17:39:27.986,1.30676,1.30682,2.85,3.00
2012.12.12 17:39:28.165,1.30674,1.30686,12.68,2.25
2012.12.12 17:39:28.826,1.30677,1.30684,12.89,5.25
2012.12.12 17:39:28.945,1.30678,1.30685,11.39,4.50
2012.12.12 17:39:29.396,1.30681,1.30683,3.90,1.50
2012.12.12 17:39:29.457,1.3068,1.30686,1.80,1.58
2012.12.12 17:39:29.515,1.30681,1.30687,1.80,1.65
2012.12.12 17:39:29.815,1.30681,1.30689,3.90,1.73
2012.12.12 17:39:30.237,1.30682,1.30689,1.67,1.80
2012.12.12 17:39:30.845,1.30683,1.30689,1.50,2.55
2012.12.12 17:39:31.585,1.30684,1.3069,2.18,1.35
2012.12.12 17:39:31.835,1.30684,1.30692,1.65,3.08
2012.12.12 17:39:32.077,1.30686,1.30692,1.56,2.25
2012.12.12 17:39:32.138,1.30687,1.30693,2.10,2.25
2012.12.12 17:39:32.615,1.30687,1.30695,2.10,3.45
2012.12.12 17:39:32.696,1.30688,1.30695,1.88,1.20
2012.12.12 17:39:32.769,1.30689,1.30696,1.58,1.88
2012.12.12 17:39:32.895,1.3069,1.30697,2.25,2.55
2012.12.12 17:39:33.196,1.30691,1.30697,1.05,1.58
2012.12.12 17:39:33.676,1.30691,1.30698,1.13,2.48
2012.12.12 17:39:33.856,1.30691,1.307,1.88,3.38
2012.12.12 17:39:34.037,1.30693,1.30699,1.50,1.65
2012.12.12 17:39:34.216,1.30693,1.307,1.45,2.55
2012.12.12 17:39:34.277,1.30694,1.307,1.45,1.58
2012.12.12 17:39:34.588,1.30694,1.30702,1.50,1.05
2012.12.12 17:39:34.775,1.30695,1.30703,1.50,3.38
2012.12.12 17:39:35.257,1.30697,1.30702,1.11,1.58
2012.12.12 17:39:35.318,1.30698,1.30703,1.11,1.58
2012.12.12 17:39:36.175,1.30698,1.30705,4.00,2.25
2012.12.12 17:39:36.237,1.30699,1.30705,2.39,1.50
2012.12.12 17:39:36.665,1.307,1.30706,1.43,1.88
2012.12.12 17:39:36.725,1.30702,1.30706,2.48,1.13
2012.12.12 17:39:36.845,1.30702,1.30709,1.43,1.88
2012.12.12 17:39:37.278,1.30703,1.30709,1.43,2.48
2012.12.12 17:39:37.358,1.30704,1.3071,3.00,1.50
2012.12.12 17:39:37.427,1.30706,1.3071,2.18,2.40
2012.12.12 17:39:37.675,1.30706,1.30712,1.65,1.50
2012.12.12 17:39:37.994,1.30712,1.30717,1.73,1.50
2012.12.12 17:39:38.534,1.30711,1.30715,2.20,2.48
2012.12.12 17:39:38.660,1.30708,1.30715,3.31,3.23
2012.12.12 17:39:39.109,1.30705,1.30711,1.43,2.48
2012.12.12 17:39:39.176,1.30705,1.30708,1.43,1.50
2012.12.12 17:39:39.475,1.30702,1.30708,2.12,1.88
2012.12.12 17:39:39.595,1.307,1.30705,3.40,1.50
2012.12.12 17:39:40.115,1.307,1.30705,1.58,1.50
2012.12.12 17:39:40.197,1.30704,1.30712,1.50,1.73
2012.12.12 17:39:40.268,1.30704,1.30713,1.58,2.63
2012.12.12 17:39:40.575,1.30703,1.3071,5.40,1.50
2012.12.12 17:39:41.057,1.307,1.30708,2.40,2.63
2012.12.12 17:39:41.128,1.30693,1.30705,1.50,3.75
2012.12.12 17:39:41.915,1.30693,1.30701,1.73,1.50
2012.12.12 17:39:42.215,1.30694,1.30703,1.35,1.88
2012.12.12 17:39:42.576,1.30696,1.30703,1.35,1.65
2012.12.12 17:39:43.117,1.30697,1.30704,1.43,2.40
2012.12.12 17:39:43.535,1.30697,1.30704,1.50,1.73
2012.12.12 17:39:43.786,1.30697,1.30704,2.40,1.50
2012.12.12 17:39:43.906,1.30697,1.30703,1.38,1.50
2012.12.12 17:39:43.968,1.30697,1.30704,2.40,2.25
2012.12.12 17:39:44.566,1.30699,1.30705,3.63,1.50
2012.12.12 17:39:44.630,1.30699,1.30706,6.03,1.50
2012.12.12 17:39:44.697,1.30701,1.30709,1.50,2.40
2012.12.12 17:39:44.818,1.30702,1.3071,2.25,2.10
2012.12.12 17:39:45.068,1.30703,1.3071,3.48,1.50
2012.12.12 17:39:45.375,1.30703,1.30709,2.48,2.25
2012.12.12 17:39:45.914,1.30703,1.3071,3.10,1.88
2012.12.12 17:39:46.216,1.30704,1.30711,1.50,1.50
2012.12.12 17:39:46.275,1.30704,1.30712,2.25,1.50
2012.12.12 17:39:46.336,1.30705,1.30713,4.23,1.65
2012.12.12 17:39:46.457,1.30706,1.30714,3.98,1.73
2012.12.12 17:39:46.775,1.30703,1.30708,1.73,1.88
2012.12.12 17:39:47.015,1.30702,1.30708,1.50,1.88
2012.12.12 17:39:47.135,1.30699,1.30705,3.38,1.50
2012.12.12 17:39:47.685,1.307,1.30705,1.38,1.50
2012.12.12 17:39:47.833,1.307,1.30705,1.38,1.50
2012.12.12 17:39:48.522,1.30705,1.30709,3.25,1.20
2012.12.12 17:39:48.586,1.30706,1.30712,4.61,1.50
2012.12.12 17:39:48.705,1.3071,1.30717,5.88,1.73
2012.12.12 17:39:49.006,1.30706,1.30723,22.34,7.92
2012.12.12 17:39:49.137,1.30713,1.30717,1.50,4.28
2012.12.12 17:39:49.505,1.30713,1.30719,2.10,1.13
2012.12.12 17:39:49.625,1.30714,1.3072,3.75,2.25
2012.12.12 17:39:49.806,1.30713,1.30722,13.11,1.13
2012.12.12 17:39:49.925,1.30716,1.30721,7.40,1.88
2012.12.12 17:39:50.044,1.30716,1.30723,1.60,1.50
2012.12.12 17:39:50.166,1.30716,1.30726,1.60,1.13
2012.12.12 17:39:50.295,1.30716,1.30727,2.13,5.48
2012.12.12 17:39:50.415,1.30718,1.30727,2.13,6.38
2012.12.12 17:39:50.475,1.30719,1.30728,2.13,6.38
2012.12.12 17:39:51.016,1.30721,1.30727,3.03,1.50
2012.12.12 17:39:51.375,1.30721,1.30728,1.38,3.38
2012.12.12 17:39:52.216,1.30722,1.30728,1.38,1.65
2012.12.12 17:39:52.739,1.30722,1.3073,3.85,1.88
2012.12.12 17:39:53.295,1.30723,1.3073,3.10,1.50
2012.12.12 17:39:53.354,1.30724,1.30731,2.35,1.50
2012.12.12 17:39:53.475,1.30725,1.30732,1.50,1.88
2012.12.12 17:39:53.596,1.30726,1.30732,2.25,2.03
2012.12.12 17:39:54.034,1.30727,1.30733,1.60,1.13
2012.12.12 17:39:54.215,1.30729,1.30734,3.10,1.13
2012.12.12 17:39:54.516,1.30729,1.30736,2.25,1.50
2012.12.12 17:39:54.874,1.3073,1.30737,2.88,1.13
2012.12.12 17:39:55.424,1.30731,1.30737,2.35,1.13
2012.12.12 17:39:55.786,1.30731,1.30738,1.50,1.28
2012.12.12 17:39:55.846,1.30733,1.30738,2.88,1.13
2012.12.12 17:39:55.908,1.30733,1.30739,2.88,1.28
2012.12.12 17:39:56.547,1.3074,1.30746,3.10,1.13
2012.12.12 17:39:56.867,1.30738,1.30744,1.13,2.25
2012.12.12 17:39:57.224,1.30737,1.30742,1.13,1.13
2012.12.12 17:39:57.774,1.30736,1.30743,3.63,1.50
2012.12.12 17:39:58.077,1.30734,1.3074,1.50,2.48
2012.12.12 17:39:58.316,1.30734,1.30741,1.38,3.98
2012.12.12 17:39:58.375,1.30733,1.3074,1.50,1.65
2012.12.12 17:39:58.555,1.30729,1.30735,13.69,2.85
2012.12.12 17:39:58.675,1.30727,1.30733,2.63,1.65
2012.12.12 17:39:59.105,1.30723,1.30729,1.50,1.50
2012.12.12 17:39:59.228,1.3072,1.30727,2.25,1.50
2012.12.12 17:39:59.775,1.3072,1.30726,2.25,1.50
2012.12.12 17:39:59.836,1.30721,1.30727,1.37,1.50
2012.12.12 17:40:00.016,1.3072,1.30725,1.50,1.50
2012.12.12 17:40:00.080,1.30717,1.30723,3.62,1.50
2012.12.12 17:40:00.595,1.30717,1.30725,2.12,2.25
2012.12.12 17:40:01.325,1.30717,1.30724,3.62,1.50
2012.12.12 17:40:01.386,1.30718,1.30725,2.25,1.50
2012.12.12 17:40:01.506,1.30718,1.30724,1.50,1.50
2012.12.12 17:40:02.358,1.30717,1.30724,1.37,2.25
2012.12.12 17:40:02.837,1.30718,1.30731,1.35,1.88
2012.12.12 17:40:03.204,1.30716,1.3073,3.10,3.23
2012.12.12 17:40:03.755,1.30716,1.30727,2.63,12.75
2012.12.12 17:40:04.414,1.30717,1.30727,1.50,3.75
2012.12.12 17:40:04.913,1.30717,1.30724,1.17,1.50
2012.12.12 17:40:05.214,1.30719,1.30726,3.80,1.50
2012.12.12 17:40:05.395,1.30719,1.30724,3.80,1.50
2012.12.12 17:40:05.456,1.30718,1.30724,1.73,1.50
2012.12.12 17:40:05.755,1.30724,1.30731,1.50,3.23
2012.12.12 17:40:06.206,1.30725,1.30732,1.50,1.50
2012.12.12 17:40:06.687,1.30724,1.30734,1.50,1.80
2012.12.12 17:40:06.866,1.30731,1.30734,2.25,1.20
2012.12.12 17:40:07.113,1.30731,1.30739,2.90,2.85
2012.12.12 17:40:07.665,1.30732,1.30739,2.68,1.95
2012.12.12 17:40:08.025,1.30734,1.30741,1.18,1.95
2012.12.12 17:40:08.084,1.30735,1.30743,1.93,1.73
2012.12.12 17:40:08.265,1.30738,1.30744,1.50,2.70
2012.12.12 17:40:08.325,1.30738,1.30744,1.93,2.40
2012.12.12 17:40:08.386,1.30735,1.30744,1.50,3.75
2012.12.12 17:40:08.926,1.30734,1.30742,1.93,2.40
2012.12.12 17:40:09.407,1.30737,1.30744,1.18,1.50
2012.12.12 17:40:09.776,1.30739,1.30746,1.18,2.03
2012.12.12 17:40:10.135,1.30737,1.30744,2.25,1.50
2012.12.12 17:40:10.625,1.30739,1.30746,1.93,2.10
2012.12.12 17:40:10.925,1.30737,1.30742,1.18,2.10
2012.12.12 17:40:11.955,1.30737,1.30742,1.18,2.03
2012.12.12 17:40:12.075,1.3074,1.30745,1.93,2.78
2012.12.12 17:40:12.627,1.30741,1.30745,1.18,1.20
2012.12.12 17:40:12.745,1.30743,1.30747,1.50,1.43
2012.12.12 17:40:13.106,1.3074,1.30747,2.30,2.93
2012.12.12 17:40:13.904,1.30741,1.30746,2.48,2.18
2012.12.12 17:40:14.412,1.30742,1.30746,1.50,1.43
2012.12.12 17:40:14.896,1.3074,1.30745,3.38,1.43
2012.12.12 17:40:15.378,1.30739,1.30745,1.13,1.43
2012.12.12 17:40:15.935,1.30738,1.30745,1.40,2.18
2012.12.12 17:40:16.237,1.30736,1.30744,2.25,1.50
2012.12.12 17:40:16.367,1.30736,1.30741,1.18,1.50
2012.12.12 17:40:16.605,1.30736,1.30743,1.93,3.23
2012.12.12 17:40:17.145,1.30736,1.30741,1.93,2.10
2012.12.12 17:40:17.505,1.30733,1.30738,1.93,2.10
2012.12.12 17:40:17.865,1.30733,1.30738,2.68,2.63
2012.12.12 17:40:17.924,1.30733,1.30738,1.18,3.23
2012.12.12 17:40:18.104,1.3073,1.30735,1.50,1.35
2012.12.12 17:40:18.226,1.30732,1.30736,1.18,1.20
2012.12.12 17:40:18.287,1.30732,1.30736,1.18,1.20
2012.12.12 17:40:18.525,1.30734,1.3074,1.50,1.73
2012.12.12 17:40:18.766,1.30736,1.30742,1.50,2.48
2012.12.12 17:40:18.826,1.30737,1.30743,1.18,3.23
2012.12.12 17:40:18.885,1.30738,1.30744,1.50,1.50
2012.12.12 17:40:19.186,1.30741,1.30744,1.88,3.38
2012.12.12 17:40:19.725,1.3074,1.30745,1.73,1.50
2012.12.12 17:40:20.085,1.30739,1.30749,1.33,2.25
2012.12.12 17:40:20.264,1.30738,1.30748,2.68,1.50
2012.12.12 17:40:20.446,1.30739,1.30746,3.58,1.50
2012.12.12 17:40:21.015,1.30739,1.30746,1.40,1.50
2012.12.12 17:40:21.379,1.30742,1.3075,1.50,1.73
2012.12.12 17:40:21.687,1.30742,1.30748,4.55,1.50
2012.12.12 17:40:22.236,1.30742,1.30748,2.30,1.50
2012.12.12 17:40:22.594,1.30739,1.30746,1.65,1.50
2012.12.12 17:40:23.248,1.30737,1.30743,4.18,1.50
2012.12.12 17:40:23.876,1.30735,1.30743,1.13,3.38
2012.12.12 17:40:23.935,1.30737,1.30743,1.14,4.13
2012.12.12 17:40:23.996,1.30737,1.30743,1.14,7.88
2012.12.12 17:40:24.177,1.30739,1.30743,1.50,1.50
2012.12.12 17:40:24.485,1.30741,1.30746,1.14,1.73
2012.12.12 17:40:24.733,1.30738,1.30745,1.14,3.75
2012.12.12 17:40:25.276,1.3074,1.30745,1.14,2.25
2012.12.12 17:40:25.965,1.30738,1.30743,1.89,1.50
2012.12.12 17:40:26.265,1.30735,1.30742,3.39,2.25
2012.12.12 17:40:26.577,1.30735,1.30741,2.64,2.25
2012.12.12 17:40:26.698,1.30734,1.3074,1.89,1.50
2012.12.12 17:40:27.006,1.30732,1.30737,1.50,1.50
2012.12.12 17:40:27.065,1.3073,1.30735,1.50,1.50
2012.12.12 17:40:27.186,1.30727,1.30735,1.88,3.00
2012.12.12 17:40:27.573,1.30726,1.30731,3.98,1.50
2012.12.12 17:40:27.815,1.30724,1.3073,2.64,3.23
2012.12.12 17:40:28.055,1.30722,1.30728,1.14,3.00
2012.12.12 17:40:28.115,1.30722,1.30728,1.89,2.25
2012.12.12 17:40:28.416,1.3072,1.30725,3.39,1.50
2012.12.12 17:40:28.777,1.3072,1.30727,1.89,1.65
2012.12.12 17:40:28.837,1.30718,1.30725,2.63,1.50
2012.12.12 17:40:28.905,1.30713,1.30723,4.50,3.00
2012.12.12 17:40:29.460,1.3071,1.30719,2.85,1.50
2012.12.12 17:40:29.765,1.30707,1.30715,2.40,1.50
2012.12.12 17:40:30.306,1.30707,1.30716,3.15,3.75
2012.12.12 17:40:30.668,1.30705,1.30711,1.50,1.65
2012.12.12 17:40:30.856,1.30705,1.30711,2.10,1.65
2012.12.12 17:40:31.394,1.30707,1.30716,2.11,2.25
2012.12.12 17:40:31.455,1.30707,1.30716,2.11,2.25
2012.12.12 17:40:31.514,1.3071,1.30717,2.11,1.13
2012.12.12 17:40:31.972,1.30711,1.30718,1.50,2.25
2012.12.12 17:40:32.285,1.30715,1.30721,4.19,5.54
2012.12.12 17:40:32.345,1.30715,1.30721,4.19,6.29
2012.12.12 17:40:32.595,1.30717,1.30725,1.73,1.35
2012.12.12 17:40:32.775,1.30716,1.30726,3.50,1.50
2012.12.12 17:40:33.079,1.30724,1.30731,5.09,1.13
2012.12.12 17:40:33.564,1.30722,1.30735,2.10,2.48
2012.12.12 17:40:33.746,1.30725,1.30734,3.59,2.25
2012.12.12 17:40:34.004,1.30727,1.30734,1.20,2.69
2012.12.12 17:40:34.245,1.30728,1.30735,1.13,2.69
2012.12.12 17:40:34.785,1.30728,1.30737,3.15,3.38
2012.12.12 17:40:34.966,1.30729,1.30737,1.65,2.48
2012.12.12 17:40:35.327,1.3073,1.30737,2.25,3.75
2012.12.12 17:40:35.507,1.30731,1.30737,3.75,1.50
2012.12.12 17:40:35.695,1.30732,1.30738,2.85,1.50
2012.12.12 17:40:35.816,1.30732,1.30739,1.35,3.75
2012.12.12 17:40:35.939,1.30734,1.30739,2.63,2.25
2012.12.12 17:40:36.066,1.30734,1.30741,2.63,5.40
2012.12.12 17:40:36.247,1.30736,1.3074,1.50,2.25
2012.12.12 17:40:36.435,1.30735,1.30743,3.38,3.75
2012.12.12 17:40:36.614,1.30736,1.30743,4.13,1.50
2012.12.12 17:40:36.916,1.30738,1.30742,1.50,4.65
2012.12.12 17:40:37.037,1.30737,1.30744,2.25,3.00
2012.12.12 17:40:37.107,1.30739,1.30744,1.13,2.25
2012.12.12 17:40:37.478,1.3074,1.30744,1.73,1.50
2012.12.12 17:40:37.605,1.30735,1.3075,8.40,5.25
2012.12.12 17:40:37.667,1.3074,1.30746,6.54,1.50
2012.12.12 17:40:38.038,1.3074,1.30748,1.50,1.28
2012.12.12 17:40:38.167,1.30741,1.30748,4.29,3.23
2012.12.12 17:40:38.237,1.30742,1.30749,2.04,1.50
2012.12.12 17:40:38.305,1.30743,1.30749,3.00,1.50
2012.12.12 17:40:38.486,1.30741,1.30753,3.98,1.69
2012.12.12 17:40:38.609,1.30744,1.30751,3.98,2.63
2012.12.12 17:40:38.918,1.30743,1.30754,1.89,1.50
2012.12.12 17:40:39.046,1.30744,1.30755,3.00,1.73
2012.12.12 17:40:39.236,1.30746,1.30754,1.33,2.98
2012.12.12 17:40:39.796,1.30747,1.30755,1.86,1.50
2012.12.12 17:40:39.917,1.30748,1.30756,1.63,2.25
2012.12.12 17:40:40.106,1.30748,1.30757,4.48,2.25
2012.12.12 17:40:40.465,1.30747,1.3076,1.09,3.75
2012.12.12 17:40:40.585,1.30751,1.30758,1.73,1.50
2012.12.12 17:40:40.836,1.30752,1.30759,1.73,1.50
2012.12.12 17:40:41.145,1.30752,1.3076,1.73,1.44
2012.12.12 17:40:41.389,1.30753,1.30761,1.65,2.19
2012.12.12 17:40:41.517,1.30755,1.30761,2.38,1.50
2012.12.12 17:40:41.578,1.30756,1.30762,2.25,1.50
2012.12.12 17:40:41.826,1.30756,1.30763,5.31,1.64
2012.12.12 17:40:42.367,1.30757,1.30763,1.50,1.50
2012.12.12 17:40:42.426,1.30756,1.30765,3.00,2.39
2012.12.12 17:40:42.545,1.30758,1.30765,1.50,2.40
2012.12.12 17:40:42.605,1.3076,1.30765,1.09,1.50
2012.12.12 17:40:43.085,1.30761,1.30765,1.50,1.50
2012.12.12 17:40:43.205,1.30761,1.30767,1.73,1.50
2012.12.12 17:40:43.344,1.30763,1.30767,2.25,1.50
2012.12.12 17:40:43.767,1.30764,1.30768,2.97,4.65
2012.12.12 17:40:44.198,1.3077,1.30776,1.47,4.73
2012.12.12 17:40:44.326,1.30766,1.30774,2.85,3.98
2012.12.12 17:40:44.384,1.30766,1.30773,2.85,3.23
2012.12.12 17:40:44.505,1.30766,1.30776,3.75,3.23
2012.12.12 17:40:44.565,1.30766,1.30776,3.75,3.00
2012.12.12 17:40:44.625,1.30767,1.30773,1.50,1.50
2012.12.12 17:40:44.927,1.30766,1.30771,2.97,1.73
2012.12.12 17:40:44.986,1.30766,1.3077,1.47,1.73
2012.12.12 17:40:45.225,1.30764,1.30767,1.50,2.63
2012.12.12 17:40:45.285,1.30759,1.30767,1.23,4.88
2012.12.12 17:40:45.644,1.30754,1.3076,1.73,1.50
2012.12.12 17:40:45.825,1.30753,1.30758,1.31,3.00
2012.12.12 17:40:45.885,1.30751,1.30755,1.35,1.50
2012.12.12 17:40:46.185,1.30748,1.30753,1.08,2.25
2012.12.12 17:40:46.371,1.30748,1.30755,2.06,2.25
2012.12.12 17:40:46.443,1.30748,1.30754,2.06,1.50
2012.12.12 17:40:46.578,1.30747,1.30751,1.50,1.50
2012.12.12 17:40:47.083,1.30747,1.30751,1.50,1.50
2012.12.12 17:40:47.145,1.30745,1.30749,1.50,1.50
2012.12.12 17:40:47.445,1.30743,1.30749,2.21,1.50
2012.12.12 17:40:48.258,1.30744,1.30749,1.08,1.50
2012.12.12 17:40:49.045,1.30743,1.30748,1.15,1.50
2012.12.12 17:40:49.346,1.3074,1.30747,2.35,2.25
2012.12.12 17:40:49.655,1.3074,1.30746,1.15,2.25
2012.12.12 17:40:49.715,1.30738,1.30744,2.13,1.50
2012.12.12 17:40:50.256,1.30736,1.3074,1.50,1.50
2012.12.12 17:40:50.615,1.30733,1.30738,1.50,1.50
2012.12.12 17:40:50.797,1.30732,1.30737,3.25,2.25
2012.12.12 17:40:50.878,1.30731,1.30736,4.90,1.50
2012.12.12 17:40:51.021,1.30727,1.30736,1.15,1.88
2012.12.12 17:40:51.089,1.30726,1.3073,1.65,2.25
2012.12.12 17:40:51.406,1.30724,1.30731,1.20,1.50
2012.12.12 17:40:51.826,1.30724,1.3073,2.70,1.50
2012.12.12 17:40:52.125,1.30724,1.30732,2.70,1.50
2012.12.12 17:40:52.366,1.30725,1.30732,1.98,2.25
2012.12.12 17:40:52.904,1.30725,1.30734,2.48,3.75
2012.12.12 17:40:53.446,1.30728,1.30734,1.65,3.00
2012.12.12 17:40:53.748,1.30731,1.30739,3.00,1.50
2012.12.12 17:40:53.936,1.30732,1.3074,1.50,3.23
2012.12.12 17:40:53.998,1.30732,1.3074,1.58,1.73
2012.12.12 17:40:54.066,1.30733,1.30741,3.00,3.04
2012.12.12 17:40:54.188,1.30737,1.30744,1.50,2.25
2012.12.12 17:40:54.316,1.30738,1.30747,1.50,2.25
2012.12.12 17:40:54.615,1.3074,1.30748,1.73,3.75
2012.12.12 17:40:55.315,1.30742,1.30748,1.90,3.00
2012.12.12 17:40:55.882,1.30742,1.30746,1.65,1.50
2012.12.12 17:40:56.848,1.3074,1.30746,2.50,2.40
2012.12.12 17:40:56.977,1.30739,1.30743,1.98,1.50
2012.12.12 17:40:58.586,1.30737,1.30744,1.09,1.50
2012.12.12 17:40:58.828,1.30735,1.30744,3.19,4.73
2012.12.12 17:40:59.196,1.30735,1.30743,2.44,2.48
2012.12.12 17:40:59.498,1.30733,1.3074,2.44,2.63
2012.12.12 17:40:59.925,1.30729,1.30737,2.67,5.29
2012.12.12 17:40:59.986,1.30727,1.30736,2.67,2.25
2012.12.12 17:41:00.165,1.30726,1.30733,1.50,1.65
2012.12.12 17:41:00.286,1.30725,1.30731,2.78,1.50
2012.12.12 17:41:00.349,1.30723,1.3073,2.25,1.50
2012.12.12 17:41:00.905,1.30724,1.30732,1.88,1.50
2012.12.12 17:41:01.086,1.30724,1.30733,5.25,1.50
2012.12.12 17:41:01.444,1.30729,1.30734,3.91,1.73
2012.12.12 17:41:01.745,1.3073,1.30735,1.66,1.50
2012.12.12 17:41:02.047,1.30729,1.30738,1.66,6.60
2012.12.12 17:41:02.405,1.30726,1.30735,3.15,2.78
2012.12.12 17:41:02.525,1.30726,1.30734,4.06,2.48
2012.12.12 17:41:03.065,1.30726,1.30734,1.81,2.48
2012.12.12 17:41:03.605,1.30724,1.30732,1.88,1.50
2012.12.12 17:41:03.967,1.30723,1.30733,1.66,4.88
2012.12.12 17:41:04.095,1.30721,1.30729,2.02,3.98
2012.12.12 17:41:04.334,1.30719,1.30727,3.37,1.28
2012.12.12 17:41:04.395,1.30719,1.30726,3.90,1.50
2012.12.12 17:41:04.935,1.30719,1.30725,2.40,1.50
2012.12.12 17:41:05.315,1.30719,1.30725,3.90,1.50
2012.12.12 17:41:05.676,1.30718,1.30726,3.90,3.75
2012.12.12 17:41:05.795,1.30718,1.30725,1.65,9.62
2012.12.12 17:41:06.374,1.30718,1.30723,1.80,1.50
2012.12.12 17:41:06.457,1.30718,1.30724,1.05,2.25
2012.12.12 17:41:06.776,1.30717,1.30724,5.61,1.50
2012.12.12 17:41:06.957,1.30721,1.30728,1.79,2.10
2012.12.12 17:41:07.146,1.30723,1.30729,1.04,1.88
2012.12.12 17:41:08.355,1.30722,1.30728,1.50,1.13
2012.12.12 17:41:08.476,1.30719,1.30726,2.39,1.65
2012.12.12 17:41:08.655,1.30719,1.30727,1.79,2.48
2012.12.12 17:41:08.716,1.30719,1.30726,1.79,1.73
2012.12.12 17:41:09.144,1.30718,1.30728,3.06,2.40
2012.12.12 17:41:09.597,1.30719,1.30728,2.40,1.65
2012.12.12 17:41:10.356,1.30721,1.30728,4.94,2.25
2012.12.12 17:41:10.535,1.30724,1.3073,1.71,3.10
2012.12.12 17:41:10.596,1.30724,1.3073,1.71,3.10
2012.12.12 17:41:11.136,1.30725,1.30731,1.50,1.50
2012.12.12 17:41:11.676,1.30724,1.30733,2.46,3.75
2012.12.12 17:41:11.798,1.30725,1.30733,1.56,3.00
2012.12.12 17:41:12.224,1.30726,1.30733,2.31,2.25
2012.12.12 17:41:12.646,1.30726,1.3073,1.50,1.50
2012.12.12 17:41:12.705,1.30724,1.3073,1.56,2.40
2012.12.12 17:41:13.006,1.30724,1.30729,1.56,1.50
2012.12.12 17:41:13.545,1.30723,1.30727,1.56,1.50
2012.12.12 17:41:13.675,1.30726,1.30729,1.65,1.50
2012.12.12 17:41:14.036,1.30726,1.30732,2.46,2.25
2012.12.12 17:41:14.574,1.30726,1.30732,3.21,1.50
2012.12.12 17:41:15.095,1.30726,1.30733,3.96,2.63
2012.12.12 17:41:15.277,1.30727,1.30733,1.56,1.88
2012.12.12 17:41:16.562,1.30727,1.30732,1.56,1.50
2012.12.12 17:41:17.478,1.30728,1.30734,1.50,1.13
2012.12.12 17:41:17.795,1.30727,1.30732,2.25,1.50
2012.12.12 17:41:18.095,1.30727,1.3073,1.50,1.13
2012.12.12 17:41:18.156,1.30724,1.30729,1.73,1.13
2012.12.12 17:41:18.338,1.30722,1.30727,3.23,1.50
2012.12.12 17:41:18.407,1.30722,1.30728,3.23,3.15
2012.12.12 17:41:18.469,1.30722,1.30727,1.73,2.25
2012.12.12 17:41:19.076,1.30721,1.30725,1.71,1.50
2012.12.12 17:41:19.796,1.30722,1.30727,1.56,1.50
2012.12.12 17:41:20.159,1.30719,1.30727,1.65,2.85
2012.12.12 17:41:20.226,1.30719,1.30725,1.71,2.25
2012.12.12 17:41:20.777,1.30717,1.30723,1.71,1.50
2012.12.12 17:41:21.625,1.30717,1.30723,1.65,2.25
2012.12.12 17:41:21.806,1.30716,1.30722,2.69,2.25
2012.12.12 17:41:22.225,1.30717,1.30722,1.65,2.25
2012.12.12 17:41:22.407,1.30715,1.30721,2.46,1.50
2012.12.12 17:41:22.530,1.30715,1.30721,1.56,1.50
2012.12.12 17:41:22.715,1.30714,1.30719,2.25,1.50
2012.12.12 17:41:22.909,1.30712,1.30718,3.90,1.50
2012.12.12 17:41:23.397,1.30712,1.30718,1.94,2.25
2012.12.12 17:41:23.950,1.30712,1.30719,2.29,2.25
2012.12.12 17:41:24.496,1.30714,1.30719,1.11,1.50
2012.12.12 17:41:24.616,1.30713,1.3072,2.48,2.25
2012.12.12 17:41:24.736,1.30711,1.30719,1.73,3.00
2012.12.12 17:41:24.916,1.30711,1.30717,1.50,1.50
2012.12.12 17:41:25.216,1.30709,1.30717,2.46,1.50
2012.12.12 17:41:25.515,1.30707,1.30716,4.11,2.25
2012.12.12 17:41:26.086,1.30707,1.30716,3.36,2.25
2012.12.12 17:41:26.596,1.30706,1.30714,1.50,1.50
2012.12.12 17:41:26.670,1.30705,1.30713,2.25,1.50
2012.12.12 17:41:26.975,1.307,1.3071,3.00,2.63
2012.12.12 17:41:27.438,1.30693,1.30703,3.15,3.00
2012.12.12 17:41:27.518,1.30693,1.307,1.65,1.50
2012.12.12 17:41:27.647,1.30692,1.307,2.61,2.25
2012.12.12 17:41:27.781,1.30691,1.307,2.91,2.25
2012.12.12 17:41:28.273,1.3069,1.30696,3.07,1.50
2012.12.12 17:41:28.815,1.3069,1.30696,2.25,1.50
2012.12.12 17:41:29.065,1.30689,1.30696,2.25,1.50
2012.12.12 17:41:29.604,1.30689,1.30697,2.85,1.50
2012.12.12 17:41:29.726,1.30691,1.30698,1.50,3.75
2012.12.12 17:41:29.846,1.30693,1.30702,1.73,1.58
2012.12.12 17:41:29.965,1.30694,1.30702,2.25,1.73
2012.12.12 17:41:30.025,1.30694,1.30703,1.50,1.73
2012.12.12 17:41:30.526,1.30694,1.30704,1.95,3.00
2012.12.12 17:41:31.085,1.30695,1.30704,1.65,3.00
2012.12.12 17:41:31.445,1.30696,1.30704,3.12,3.00
2012.12.12 17:41:31.984,1.30697,1.30702,1.50,1.50
2012.12.12 17:41:32.354,1.30698,1.30704,1.50,2.25
2012.12.12 17:41:32.735,1.30697,1.30702,1.50,1.50
2012.12.12 17:41:33.275,1.30696,1.30702,1.50,3.23
2012.12.12 17:41:33.760,1.30697,1.30703,1.65,1.50
2012.12.12 17:41:33.888,1.30699,1.30705,1.65,5.10
2012.12.12 17:41:34.136,1.30699,1.30705,1.65,3.00
2012.12.12 17:41:34.375,1.30699,1.30705,1.50,3.90
2012.12.12 17:41:34.915,1.30699,1.30705,1.50,3.00
2012.12.12 17:41:35.275,1.30697,1.30705,4.50,1.88
2012.12.12 17:41:35.334,1.30697,1.30702,3.75,1.50
2012.12.12 17:41:35.755,1.30697,1.30702,2.25,1.50
2012.12.12 17:41:35.876,1.30697,1.30705,3.75,2.63
2012.12.12 17:41:35.945,1.30697,1.30705,3.75,2.63
2012.12.12 17:41:36.489,1.30698,1.30705,2.25,2.40
2012.12.12 17:41:37.046,1.30698,1.30704,2.25,1.50
2012.12.12 17:41:37.405,1.30695,1.30702,3.15,1.50
2012.12.12 17:41:37.998,1.30694,1.30701,1.50,1.50
2012.12.12 17:41:39.534,1.30693,1.30701,1.50,1.50
2012.12.12 17:41:40.106,1.30694,1.30701,1.50,1.50
2012.12.12 17:41:41.195,1.30694,1.307,1.50,1.50
2012.12.12 17:41:41.566,1.30692,1.30697,2.25,1.50
2012.12.12 17:41:41.867,1.30691,1.30695,1.50,1.50
2012.12.12 17:41:42.048,1.30689,1.30695,1.50,1.50
2012.12.12 17:41:42.177,1.30689,1.30695,1.50,2.25
2012.12.12 17:41:42.825,1.30689,1.30697,1.50,1.73
2012.12.12 17:41:43.605,1.30689,1.30696,1.88,1.50
2012.12.12 17:41:44.246,1.3069,1.30696,1.50,1.50
2012.12.12 17:41:44.605,1.30688,1.30695,1.88,1.50
2012.12.12 17:41:44.966,1.30687,1.30693,2.25,1.50
2012.12.12 17:41:45.610,1.30687,1.30693,1.50,1.50
2012.12.12 17:41:46.170,1.30686,1.30692,2.25,1.50
2012.12.12 17:41:46.656,1.30687,1.30694,1.50,3.00
2012.12.12 17:41:46.957,1.30687,1.30694,1.50,1.50
2012.12.12 17:41:47.447,1.30685,1.30695,3.08,5.20
2012.12.12 17:41:47.909,1.3068,1.30688,1.35,1.50
2012.12.12 17:41:48.096,1.30677,1.30685,3.00,2.25
2012.12.12 17:41:48.645,1.30677,1.30683,2.25,1.50
2012.12.12 17:41:48.766,1.30677,1.30683,2.25,1.50
2012.12.12 17:41:49.309,1.30674,1.30679,3.23,1.13
2012.12.12 17:41:49.378,1.30675,1.30679,1.50,1.13
2012.12.12 17:41:50.316,1.30673,1.30678,2.25,1.13
2012.12.12 17:41:50.375,1.30673,1.30677,1.50,1.88
2012.12.12 17:41:50.436,1.3067,1.30676,3.00,1.13
2012.12.12 17:41:50.617,1.3067,1.30675,2.25,1.13
2012.12.12 17:41:50.746,1.3067,1.30675,1.50,1.65
2012.12.12 17:41:51.116,1.30667,1.30672,2.25,1.65
2012.12.12 17:41:51.357,1.30669,1.30675,1.50,1.13
2012.12.12 17:41:51.537,1.3067,1.30677,1.50,2.40
2012.12.12 17:41:51.845,1.30674,1.30679,2.25,2.10
2012.12.12 17:41:51.905,1.30674,1.30679,2.25,1.50
2012.12.12 17:41:52.086,1.30675,1.3068,1.50,2.63
2012.12.12 17:41:52.445,1.30679,1.30684,1.50,3.38
2012.12.12 17:41:52.625,1.30679,1.30684,1.50,1.88
2012.12.12 17:41:53.044,1.30678,1.30684,1.50,1.13
2012.12.12 17:41:53.555,1.30677,1.30684,3.75,1.13
2012.12.12 17:41:53.675,1.30677,1.30682,2.25,1.13
2012.12.12 17:41:54.176,1.30676,1.30682,1.50,1.65
2012.12.12 17:41:54.236,1.30675,1.30682,1.50,1.65
2012.12.12 17:41:54.774,1.30675,1.3068,1.50,1.65
2012.12.12 17:41:55.336,1.30675,1.30681,2.25,1.88
2012.12.12 17:41:55.887,1.30676,1.30681,1.50,1.13
2012.12.12 17:41:57.658,1.30674,1.30679,2.25,1.13
2012.12.12 17:41:58.092,1.30673,1.30678,1.50,1.88
2012.12.12 17:41:58.158,1.30671,1.30677,1.50,1.13
2012.12.12 17:41:58.285,1.30669,1.30675,2.48,1.88
2012.12.12 17:41:58.406,1.30668,1.30675,2.25,1.88
2012.12.12 17:41:58.952,1.30669,1.30676,1.50,1.13
2012.12.12 17:42:00.337,1.30668,1.30677,2.40,3.38
2012.12.12 17:42:00.517,1.30675,1.3068,1.50,3.98
2012.12.12 17:42:00.816,1.30677,1.30682,1.50,1.13
2012.12.12 17:42:00.995,1.30678,1.30683,1.50,1.13
2012.12.12 17:42:01.784,1.30678,1.30684,2.25,1.13
2012.12.12 17:42:01.906,1.30681,1.30685,1.50,2.25
2012.12.12 17:42:01.967,1.30681,1.30685,2.25,1.50
2012.12.12 17:42:02.096,1.30683,1.30687,2.25,1.50
2012.12.12 17:42:02.216,1.30683,1.3069,2.25,1.73
2012.12.12 17:42:02.634,1.30685,1.30691,1.73,2.63
2012.12.12 17:42:03.116,1.30685,1.3069,2.48,1.13
2012.12.12 17:42:03.175,1.30685,1.30691,2.48,1.13
2012.12.12 17:42:03.474,1.30686,1.30692,1.50,1.65
2012.12.12 17:42:03.655,1.30688,1.30693,1.50,1.13
2012.12.12 17:42:04.265,1.30684,1.30691,3.38,1.13
2012.12.12 17:42:04.326,1.30684,1.30688,3.38,1.13
2012.12.12 17:42:04.565,1.3068,1.30687,2.48,1.13
2012.12.12 17:42:04.685,1.30681,1.30689,1.73,1.50
2012.12.12 17:42:04.806,1.3068,1.30684,1.95,1.13
2012.12.12 17:42:05.265,1.3068,1.30687,1.95,2.40
2012.12.12 17:42:05.326,1.30682,1.30688,1.73,3.38
2012.12.12 17:42:05.684,1.30683,1.30689,1.50,1.88
2012.12.12 17:42:05.925,1.30683,1.30689,1.50,1.50
2012.12.12 17:42:06.046,1.30687,1.30692,1.50,5.35
2012.12.12 17:42:06.166,1.30688,1.30691,1.50,3.00
2012.12.12 17:42:06.286,1.30689,1.30698,1.50,5.72
2012.12.12 17:42:06.404,1.30692,1.30701,2.48,1.50
2012.12.12 17:42:06.645,1.30696,1.30699,1.50,3.90
2012.12.12 17:42:06.766,1.30696,1.307,1.50,10.88
2012.12.12 17:42:06.825,1.30696,1.30702,1.50,1.35
2012.12.12 17:42:07.349,1.30694,1.307,2.85,1.88
2012.12.12 17:42:07.835,1.30696,1.30702,2.40,1.73
2012.12.12 17:42:07.894,1.30696,1.30704,2.40,3.98
2012.12.12 17:42:08.435,1.30696,1.30704,3.00,4.73
2012.12.12 17:42:08.555,1.30697,1.30704,1.50,3.23
2012.12.12 17:42:09.155,1.30698,1.30709,1.50,1.13
2012.12.12 17:42:09.695,1.30699,1.30709,2.25,1.13
2012.12.12 17:42:09.995,1.30699,1.30709,2.25,2.63
2012.12.12 17:42:10.534,1.30699,1.30709,2.25,2.63
2012.12.12 17:42:11.134,1.307,1.30709,1.73,1.50
2012.12.12 17:42:13.216,1.30699,1.30709,2.48,1.50
2012.12.12 17:42:13.525,1.30698,1.30703,2.25,2.25
2012.12.12 17:42:13.765,1.30698,1.30703,1.65,1.50
2012.12.12 17:42:13.826,1.30698,1.30709,3.15,1.50
2012.12.12 17:42:14.005,1.307,1.30709,1.65,1.73
2012.12.12 17:42:14.365,1.30705,1.3071,1.50,3.90
2012.12.12 17:42:14.727,1.30703,1.3071,2.25,1.65
2012.12.12 17:42:14.915,1.30704,1.3071,1.50,1.65
2012.12.12 17:42:15.458,1.30704,1.3071,1.50,1.65
2012.12.12 17:42:16.005,1.30703,1.30709,1.50,2.25
2012.12.12 17:42:16.486,1.30703,1.3071,2.25,1.65
2012.12.12 17:42:17.025,1.30704,1.30711,2.25,1.73
2012.12.12 17:42:17.217,1.30706,1.30712,1.50,2.48
2012.12.12 17:42:17.286,1.30708,1.30714,1.50,2.48
2012.12.12 17:42:17.704,1.30707,1.30714,3.00,2.10
2012.12.12 17:42:18.328,1.30708,1.30714,1.50,2.10
2012.12.12 17:42:18.654,1.30707,1.30711,1.50,1.50
2012.12.12 17:42:19.195,1.30706,1.30711,1.50,1.73
2012.12.12 17:42:20.764,1.30706,1.30711,2.25,1.73
2012.12.12 17:42:21.313,1.30706,1.30711,1.50,1.73
2012.12.12 17:42:21.864,1.30707,1.30712,1.50,2.48
2012.12.12 17:42:23.405,1.30707,1.30712,1.13,1.73
2012.12.12 17:42:23.585,1.30708,1.30715,1.50,3.90
2012.12.12 17:42:23.705,1.30706,1.30712,3.23,1.50
2012.12.12 17:42:24.252,1.30707,1.30714,1.73,1.50
2012.12.12 17:42:24.795,1.30707,1.30714,3.23,1.50
2012.12.12 17:42:25.194,1.30707,1.30714,3.23,1.50
2012.12.12 17:42:25.375,1.30707,1.30712,2.44,1.50
2012.12.12 17:42:25.845,1.30707,1.30714,3.19,1.50
2012.12.12 17:42:26.625,1.30707,1.30714,3.23,1.50
2012.12.12 17:42:26.936,1.30707,1.30713,2.48,1.50
2012.12.12 17:42:27.255,1.30707,1.30713,3.23,1.50
2012.12.12 17:42:27.565,1.30707,1.30714,3.23,1.50
2012.12.12 17:42:30.365,1.30708,1.30713,1.50,1.50
2012.12.12 17:42:30.671,1.30705,1.3071,1.50,2.48
2012.12.12 17:42:30.796,1.30701,1.30709,6.00,1.50
2012.12.12 17:42:31.276,1.30694,1.30702,1.50,6.60
2012.12.12 17:42:31.398,1.30694,1.307,1.50,6.23
2012.12.12 17:42:31.885,1.30691,1.30697,6.15,2.33
2012.12.12 17:42:31.946,1.30691,1.30696,5.40,1.50
2012.12.12 17:42:32.125,1.30688,1.30694,2.63,2.25
2012.12.12 17:42:32.552,1.30684,1.3069,1.13,1.50
2012.12.12 17:42:32.745,1.30685,1.3069,1.13,1.50
2012.12.12 17:42:32.866,1.30687,1.30691,1.50,1.73
2012.12.12 17:42:32.987,1.30687,1.30693,2.48,2.25
2012.12.12 17:42:33.165,1.30687,1.30694,2.48,1.50
2012.12.12 17:42:33.225,1.30689,1.30694,1.65,1.50
2012.12.12 17:42:33.466,1.3069,1.30696,1.73,1.50
2012.12.12 17:42:33.708,1.30692,1.30697,3.75,1.50
2012.12.12 17:42:33.957,1.30693,1.307,2.63,4.05
2012.12.12 17:42:34.255,1.30693,1.30701,2.63,1.50
2012.12.12 17:42:34.768,1.30696,1.30702,2.40,1.50
2012.12.12 17:42:35.325,1.30699,1.30705,2.48,1.73
2012.12.12 17:42:35.566,1.30698,1.30704,1.50,1.50
2012.12.12 17:42:35.625,1.30698,1.30704,1.50,1.50
2012.12.12 17:42:35.745,1.30699,1.30705,1.50,2.40
2012.12.12 17:42:36.345,1.30699,1.30704,1.50,1.50
2012.12.12 17:42:36.765,1.30695,1.30702,1.50,4.36
2012.12.12 17:42:37.067,1.30699,1.30709,10.73,3.04
2012.12.12 17:42:37.135,1.30704,1.3071,2.25,1.35
2012.12.12 17:42:37.195,1.30703,1.3071,2.10,1.65
2012.12.12 17:42:37.255,1.30702,1.30711,1.58,1.88
2012.12.12 17:42:37.314,1.30705,1.30717,3.75,1.73
2012.12.12 17:42:37.498,1.30711,1.30717,1.50,2.25
2012.12.12 17:42:37.685,1.30712,1.30718,1.73,3.75
2012.12.12 17:42:38.044,1.30717,1.30721,1.73,2.25
2012.12.12 17:42:38.405,1.30719,1.30726,1.50,5.18
2012.12.12 17:42:38.645,1.30724,1.30731,3.00,3.98
2012.12.12 17:42:38.704,1.30724,1.30731,3.00,3.00
2012.12.12 17:42:38.885,1.30728,1.30733,1.65,1.50
2012.12.12 17:42:39.065,1.30729,1.30734,1.65,1.50
2012.12.12 17:42:39.366,1.3073,1.30739,2.44,1.65
2012.12.12 17:42:39.845,1.30728,1.30736,3.45,12.23
2012.12.12 17:42:40.085,1.3073,1.3074,1.50,8.93
2012.12.12 17:42:40.265,1.3073,1.30741,2.63,1.88
2012.12.12 17:42:41.078,1.30729,1.30734,1.50,1.20
2012.12.12 17:42:41.405,1.30728,1.30733,1.13,1.50
2012.12.12 17:42:41.707,1.30726,1.30734,1.50,2.40
2012.12.12 17:42:42.042,1.30725,1.30734,2.25,1.50
2012.12.12 17:42:42.585,1.30724,1.30733,1.73,1.50
2012.12.12 17:42:43.136,1.30725,1.30731,3.38,1.50
2012.12.12 17:42:43.315,1.30724,1.30731,1.65,1.50
2012.12.12 17:42:43.436,1.30723,1.3073,1.50,1.50
2012.12.12 17:42:43.556,1.30722,1.30729,1.73,1.50
2012.12.12 17:42:44.225,1.30716,1.30723,3.38,1.50
2012.12.12 17:42:44.514,1.30716,1.30722,2.63,1.50
2012.12.12 17:42:44.574,1.30716,1.30722,3.38,1.50
2012.12.12 17:42:45.554,1.30716,1.30723,2.40,1.50
2012.12.12 17:42:45.797,1.30718,1.30724,3.00,1.73
2012.12.12 17:42:46.098,1.30724,1.30727,3.15,1.43
2012.12.12 17:42:46.286,1.30726,1.30731,1.50,2.93
2012.12.12 17:42:46.347,1.30726,1.30731,2.25,2.25
2012.12.12 17:42:46.706,1.30724,1.30729,2.25,1.65
2012.12.12 17:42:46.766,1.30723,1.30728,1.50,1.43
2012.12.12 17:42:46.886,1.30722,1.30728,1.50,3.68
2012.12.12 17:42:47.250,1.30721,1.30726,1.51,1.43
2012.12.12 17:42:47.436,1.30719,1.30724,1.73,1.43
2012.12.12 17:42:47.555,1.30719,1.30725,3.00,1.50
2012.12.12 17:42:47.855,1.30717,1.30722,2.40,1.43
2012.12.12 17:42:48.494,1.30717,1.30722,1.65,1.43
2012.12.12 17:42:49.306,1.30717,1.30722,3.15,1.43
2012.12.12 17:42:49.606,1.30717,1.30722,1.50,1.43
2012.12.12 17:42:50.028,1.30714,1.3072,1.51,1.73
2012.12.12 17:42:50.337,1.30713,1.30719,1.50,1.65
2012.12.12 17:42:50.455,1.30712,1.30716,1.50,1.43
2012.12.12 17:42:50.576,1.3071,1.30715,1.73,1.43
2012.12.12 17:42:50.756,1.30709,1.30713,2.40,1.50
2012.12.12 17:42:51.298,1.30707,1.30711,1.12,1.50
2012.12.12 17:42:51.449,1.30707,1.30712,1.50,2.48
2012.12.12 17:42:52.256,1.30706,1.30711,2.26,1.50
2012.12.12 17:42:52.376,1.30706,1.3071,1.50,1.50
2012.12.12 17:42:52.555,1.30702,1.30707,3.75,1.50
2012.12.12 17:42:52.618,1.30702,1.30707,3.00,2.48
2012.12.12 17:42:52.808,1.30699,1.30705,7.51,2.48
2012.12.12 17:42:52.876,1.30699,1.30704,9.01,2.48
2012.12.12 17:42:53.236,1.30698,1.30703,1.50,2.25
2012.12.12 17:42:53.299,1.30698,1.30704,2.26,2.10
2012.12.12 17:42:53.366,1.30698,1.30705,1.50,4.20
2012.12.12 17:42:53.607,1.30703,1.30708,1.50,1.50
2012.12.12 17:42:53.666,1.30701,1.30707,1.50,1.50
2012.12.12 17:42:53.785,1.30705,1.3071,1.51,3.23
2012.12.12 17:42:53.906,1.30703,1.3071,1.51,3.98
2012.12.12 17:42:53.965,1.30703,1.3071,1.51,2.48
2012.12.12 17:42:55.097,1.30701,1.30708,3.16,1.50
2012.12.12 17:42:55.347,1.30701,1.30705,1.50,1.73
2012.12.12 17:42:55.406,1.30696,1.30703,2.40,1.73
2012.12.12 17:42:55.524,1.30698,1.30704,1.50,2.25
2012.12.12 17:42:55.827,1.30698,1.30704,1.50,2.48
2012.12.12 17:42:56.066,1.30698,1.30704,2.25,2.48
2012.12.12 17:42:56.366,1.30698,1.30703,1.50,1.13
2012.12.12 17:42:56.675,1.30697,1.30703,1.50,2.63
2012.12.12 17:42:57.316,1.30695,1.30701,2.26,1.73
2012.12.12 17:42:57.985,1.30695,1.307,1.51,1.73
2012.12.12 17:42:58.349,1.30695,1.30701,2.26,1.58
2012.12.12 17:42:58.895,1.30695,1.30702,1.51,4.58
2012.12.12 17:42:59.155,1.30695,1.30702,1.51,4.58
2012.12.12 17:43:00.005,1.30696,1.30702,1.51,2.33
2012.12.12 17:43:00.365,1.30697,1.30702,2.63,1.50
2012.12.12 17:43:00.726,1.30699,1.30704,1.51,2.25
2012.12.12 17:43:01.473,1.30698,1.30704,1.51,1.50
2012.12.12 17:43:02.005,1.30697,1.30704,2.63,1.50
2012.12.12 17:43:02.679,1.30697,1.30702,1.88,1.50
2012.12.12 17:43:02.746,1.30695,1.30701,3.23,2.25
2012.12.12 17:43:03.263,1.30696,1.30701,2.26,1.73
2012.12.12 17:43:03.766,1.30697,1.30701,1.50,1.73
2012.12.12 17:43:03.886,1.30701,1.30706,1.50,2.85
2012.12.12 17:43:03.946,1.30701,1.30706,1.50,2.48
2012.12.12 17:43:04.076,1.30701,1.30707,2.26,1.73
2012.12.12 17:43:04.149,1.30701,1.30707,2.26,1.73
2012.12.12 17:43:04.695,1.307,1.30706,1.51,1.73
2012.12.12 17:43:04.816,1.30699,1.30704,2.26,2.25
2012.12.12 17:43:05.175,1.30698,1.30702,1.50,1.50
2012.12.12 17:43:05.236,1.30697,1.30702,1.51,2.25
2012.12.12 17:43:05.788,1.30697,1.30701,1.13,1.73
2012.12.12 17:43:05.858,1.30697,1.30703,2.11,1.50
2012.12.12 17:43:07.675,1.30697,1.30704,1.07,1.50
2012.12.12 17:43:08.256,1.30696,1.30704,1.07,1.50
2012.12.12 17:43:08.677,1.30695,1.30704,4.50,1.73
2012.12.12 17:43:08.795,1.30695,1.30704,3.75,2.48
2012.12.12 17:43:10.526,1.30694,1.307,3.00,1.50
2012.12.12 17:43:10.886,1.30691,1.30698,3.00,2.48
2012.12.12 17:43:10.946,1.30688,1.30695,1.22,1.50
2012.12.12 17:43:11.632,1.30688,1.30695,1.13,1.50
2012.12.12 17:43:11.949,1.30687,1.30694,4.95,1.50
2012.12.12 17:43:12.466,1.30686,1.30692,2.25,1.88
2012.12.12 17:43:12.706,1.30684,1.30689,3.75,1.50
2012.12.12 17:43:13.355,1.30685,1.3069,2.25,1.50
2012.12.12 17:43:13.905,1.30685,1.30692,3.00,1.88
2012.12.12 17:43:14.466,1.30686,1.30692,1.50,1.88
2012.12.12 17:43:15.006,1.30687,1.30693,1.13,2.25
2012.12.12 17:43:15.555,1.30688,1.30694,1.65,2.25
2012.12.12 17:43:19.515,1.30688,1.30694,1.50,4.50
2012.12.12 17:43:19.876,1.30681,1.3069,3.00,11.22
2012.12.12 17:43:19.937,1.30678,1.30684,2.25,2.85
2012.12.12 17:43:19.997,1.30676,1.30682,2.25,1.35
2012.12.12 17:43:20.295,1.30674,1.3068,1.35,2.25
2012.12.12 17:43:20.416,1.30672,1.30677,1.73,1.50
2012.12.12 17:43:20.776,1.30671,1.30676,1.50,1.50
2012.12.12 17:43:21.019,1.30672,1.30677,1.50,1.50
2012.12.12 17:43:21.086,1.30672,1.30677,1.50,1.50
2012.12.12 17:43:21.205,1.30672,1.30677,1.50,1.50
2012.12.12 17:43:21.744,1.30671,1.30677,1.50,1.50
2012.12.12 17:43:22.045,1.3067,1.30676,1.12,1.50
2012.12.12 17:43:22.347,1.30669,1.30674,2.40,1.50
2012.12.12 17:43:22.596,1.30667,1.30674,2.10,1.50
2012.12.12 17:43:23.406,1.30667,1.30674,2.10,1.50
2012.12.12 17:43:23.955,1.30667,1.30674,2.48,1.50
2012.12.12 17:43:24.075,1.30666,1.3067,2.48,1.50
2012.12.12 17:43:24.196,1.30665,1.30671,3.23,1.50
2012.12.12 17:43:24.745,1.30666,1.30672,1.50,5.33
2012.12.12 17:43:25.285,1.30666,1.30672,1.50,1.50
2012.12.12 17:43:25.825,1.30668,1.30673,1.50,1.50
2012.12.12 17:43:26.665,1.30668,1.30673,1.50,1.50
2012.12.12 17:43:27.215,1.30668,1.30675,1.65,3.75
2012.12.12 17:43:27.658,1.30669,1.30675,1.50,1.50
2012.12.12 17:43:27.965,1.30674,1.3068,1.50,1.13
2012.12.12 17:43:28.205,1.30675,1.30681,1.73,2.85
2012.12.12 17:43:28.957,1.30675,1.30681,1.50,2.48
2012.12.12 17:43:30.055,1.30675,1.30681,2.25,1.73
2012.12.12 17:43:30.606,1.30675,1.30682,2.63,3.00
2012.12.12 17:43:31.161,1.30676,1.30681,1.50,1.73
2012.12.12 17:43:31.706,1.30675,1.30681,1.50,1.73
2012.12.12 17:43:31.825,1.30675,1.30681,1.50,1.73
2012.12.12 17:43:32.439,1.30672,1.30678,2.25,1.50
2012.12.12 17:43:32.565,1.30672,1.30675,1.50,1.50
2012.12.12 17:43:32.745,1.30671,1.30675,1.65,1.50
2012.12.12 17:43:33.277,1.30669,1.30675,2.18,2.25
2012.12.12 17:43:34.171,1.30669,1.30674,1.20,1.50
2012.12.12 17:43:34.765,1.30669,1.30675,1.35,1.50
2012.12.12 17:43:35.126,1.30675,1.3068,2.48,2.25
2012.12.12 17:43:35.245,1.30675,1.30683,2.63,1.50
2012.12.12 17:43:35.786,1.30676,1.30683,2.40,1.50
2012.12.12 17:43:37.607,1.30679,1.30687,3.38,4.50
2012.12.12 17:43:37.666,1.30682,1.30687,1.65,2.25
2012.12.12 17:43:37.727,1.30685,1.30689,1.50,1.73
2012.12.12 17:43:37.786,1.30685,1.30689,1.65,1.73
2012.12.12 17:43:38.026,1.30686,1.30691,2.40,1.50
2012.12.12 17:43:38.207,1.30688,1.30693,2.25,3.00
2012.12.12 17:43:38.745,1.30687,1.30692,1.50,1.50
2012.12.12 17:43:40.614,1.30686,1.30693,3.00,2.25
2012.12.12 17:43:41.154,1.30686,1.30692,1.95,3.23
2012.12.12 17:43:41.695,1.30686,1.30692,1.95,3.23
2012.12.12 17:43:42.235,1.30686,1.30692,1.95,3.23
2012.12.12 17:43:42.476,1.30686,1.30692,1.95,1.73
2012.12.12 17:43:43.017,1.30686,1.30692,1.20,3.23
2012.12.12 17:43:44.259,1.30685,1.30692,1.28,3.23
2012.12.12 17:43:44.856,1.30684,1.3069,1.50,1.88
2012.12.12 17:43:45.035,1.3068,1.30686,1.73,1.50
2012.12.12 17:43:45.156,1.30679,1.30685,1.28,1.50
2012.12.12 17:43:45.577,1.3068,1.30687,2.03,2.48
2012.12.12 17:43:45.636,1.3068,1.30687,2.03,2.48
2012.12.12 17:43:45.696,1.3068,1.30686,3.00,1.50
2012.12.12 17:43:46.056,1.3068,1.30685,1.50,1.50
2012.12.12 17:43:46.615,1.30679,1.30685,1.28,1.50
2012.12.12 17:43:46.917,1.30676,1.30681,1.73,1.50
2012.12.12 17:43:47.425,1.30677,1.30684,1.28,2.48
2012.12.12 17:43:48.396,1.30677,1.30684,1.28,2.48
2012.12.12 17:43:48.575,1.30679,1.30686,2.03,3.00
2012.12.12 17:43:48.635,1.30681,1.30687,1.28,2.48
2012.12.12 17:43:48.936,1.30684,1.30689,2.03,1.50
2012.12.12 17:43:49.520,1.30685,1.3069,1.28,1.73
2012.12.12 17:43:50.036,1.30686,1.30691,1.28,1.88
2012.12.12 17:43:50.217,1.30686,1.30692,1.28,3.23
2012.12.12 17:43:50.917,1.30687,1.30692,1.88,1.73
2012.12.12 17:43:51.228,1.30688,1.30694,3.90,1.50
2012.12.12 17:43:51.356,1.30688,1.30694,3.38,2.48
2012.12.12 17:43:51.477,1.30688,1.30693,1.50,2.25
2012.12.12 17:43:52.086,1.30687,1.30693,2.03,1.50
2012.12.12 17:43:52.685,1.30686,1.30692,2.91,1.50
2012.12.12 17:43:53.225,1.30687,1.30692,1.50,1.50
2012.12.12 17:43:53.900,1.30687,1.30692,1.50,1.73
2012.12.12 17:43:54.685,1.30687,1.30692,2.25,1.50
2012.12.12 17:43:55.470,1.30686,1.30692,2.78,2.48
2012.12.12 17:43:56.014,1.30685,1.30691,2.03,1.73
2012.12.12 17:43:58.838,1.30686,1.30693,2.25,2.48
2012.12.12 17:43:58.908,1.30687,1.30693,2.59,2.25
2012.12.12 17:43:59.096,1.30689,1.30694,2.93,1.50
2012.12.12 17:43:59.638,1.30689,1.30695,2.70,1.50
2012.12.12 17:43:59.706,1.30689,1.30695,1.20,2.25
2012.12.12 17:43:59.825,1.30687,1.30692,1.73,1.50
2012.12.12 17:44:00.685,1.30687,1.30693,1.50,1.50
2012.12.12 17:44:02.705,1.30686,1.30693,1.50,1.50
2012.12.12 17:44:03.006,1.30689,1.30695,1.28,1.88
2012.12.12 17:44:03.125,1.30689,1.30695,2.10,1.13
2012.12.12 17:44:03.546,1.30688,1.30694,2.10,1.73
2012.12.12 17:44:04.271,1.30688,1.30695,1.50,3.98
2012.12.12 17:44:04.336,1.30689,1.30695,1.50,1.50
2012.12.12 17:44:04.395,1.30691,1.30697,2.10,2.48
2012.12.12 17:44:04.576,1.30691,1.30697,2.25,1.50
2012.12.12 17:44:04.816,1.30695,1.307,1.50,5.63
2012.12.12 17:44:05.304,1.30695,1.307,1.88,1.73
2012.12.12 17:44:05.439,1.30696,1.30703,4.05,1.50
2012.12.12 17:44:05.567,1.30696,1.30701,1.58,1.50
2012.12.12 17:44:06.347,1.30696,1.30703,1.65,2.48
2012.12.12 17:44:06.903,1.30696,1.30703,2.48,2.25
2012.12.12 17:44:07.235,1.30699,1.30705,1.50,1.65
2012.12.12 17:44:07.296,1.30698,1.30705,1.50,3.15
2012.12.12 17:44:07.354,1.30698,1.30705,1.77,2.40
2012.12.12 17:44:07.894,1.30698,1.30705,1.50,2.63
2012.12.12 17:44:08.715,1.30698,1.30705,1.58,1.88
2012.12.12 17:44:08.836,1.30701,1.30706,1.50,3.23
2012.12.12 17:44:08.896,1.30702,1.30707,1.58,2.48
2012.12.12 17:44:09.255,1.30706,1.30712,1.50,2.48
2012.12.12 17:44:09.436,1.30707,1.30713,1.50,1.73
2012.12.12 17:44:09.736,1.30708,1.30714,1.50,1.50
2012.12.12 17:44:10.125,1.30708,1.30715,1.50,3.38
2012.12.12 17:44:10.665,1.30707,1.30716,2.55,1.88
2012.12.12 17:44:10.845,1.30707,1.30714,3.08,2.63
2012.12.12 17:44:10.966,1.30707,1.30713,2.25,1.65
2012.12.12 17:44:11.267,1.30707,1.30714,2.25,1.50
2012.12.12 17:44:11.746,1.3071,1.30716,1.50,1.73
2012.12.12 17:44:11.808,1.3071,1.30716,1.73,2.25
2012.12.12 17:44:11.876,1.30712,1.3072,1.73,4.50
2012.12.12 17:44:11.938,1.30713,1.30719,1.13,1.50
2012.12.12 17:44:12.066,1.30717,1.30722,1.50,4.50
2012.12.12 17:44:12.127,1.3072,1.30725,2.25,12.55
2012.12.12 17:44:12.197,1.30723,1.30728,1.50,2.40
2012.12.12 17:44:12.745,1.3072,1.30726,1.05,2.40
2012.12.12 17:44:12.875,1.30719,1.30726,1.80,2.40
2012.12.12 17:44:13.415,1.30719,1.30726,2.48,1.65
2012.12.12 17:44:14.016,1.30718,1.30723,1.95,1.50
2012.12.12 17:44:14.137,1.30718,1.30723,1.50,3.00
2012.12.12 17:44:14.495,1.30718,1.30723,1.50,2.25
2012.12.12 17:44:14.896,1.30716,1.30723,1.73,3.00
2012.12.12 17:44:15.436,1.30716,1.30723,1.73,3.75
2012.12.12 17:44:16.715,1.30719,1.30722,1.50,1.50
2012.12.12 17:44:17.026,1.30719,1.30725,1.50,3.90
2012.12.12 17:44:17.405,1.3072,1.30725,1.50,1.65
2012.12.12 17:44:17.776,1.30722,1.30728,2.25,4.65
2012.12.12 17:44:18.816,1.30722,1.30727,1.50,1.50
2012.12.12 17:44:19.565,1.30721,1.30727,2.25,2.40
2012.12.12 17:44:20.066,1.30721,1.30727,2.25,1.65
2012.12.12 17:44:20.367,1.30725,1.30732,2.25,2.25
2012.12.12 17:44:20.666,1.30726,1.30731,1.50,2.48
2012.12.12 17:44:21.085,1.30726,1.30732,2.25,2.48
2012.12.12 17:44:21.266,1.30729,1.30733,1.13,1.50
2012.12.12 17:44:21.387,1.30728,1.30735,1.66,3.00
2012.12.12 17:44:21.985,1.30729,1.30736,1.88,2.25
2012.12.12 17:44:22.526,1.3073,1.30735,2.63,1.43
2012.12.12 17:44:23.545,1.30729,1.30735,1.73,1.43
2012.12.12 17:44:23.867,1.30731,1.30738,1.88,1.43
2012.12.12 17:44:23.937,1.30731,1.30739,1.13,2.18
2012.12.12 17:44:24.175,1.3073,1.30739,2.48,2.18
2012.12.12 17:44:24.367,1.30733,1.30739,2.26,1.65
2012.12.12 17:44:24.727,1.30737,1.30742,1.13,2.35
2012.12.12 17:44:24.787,1.30739,1.30751,1.13,2.78
2012.12.12 17:44:25.145,1.30741,1.30751,2.26,2.93
2012.12.12 17:44:25.325,1.30742,1.30751,1.36,1.43
2012.12.12 17:44:25.566,1.30744,1.30751,1.50,2.18
2012.12.12 17:44:25.625,1.30747,1.30751,1.50,1.65
2012.12.12 17:44:26.166,1.30748,1.30753,1.51,4.58
2012.12.12 17:44:26.599,1.30747,1.30753,1.13,4.65
2012.12.12 17:44:27.511,1.30747,1.30754,1.88,2.48
2012.12.12 17:44:27.995,1.30746,1.30755,1.88,2.48
2012.12.12 17:44:28.415,1.30746,1.30755,2.93,1.50
2012.12.12 17:44:29.334,1.30747,1.30755,1.35,3.90
2012.12.12 17:44:29.646,1.30747,1.30753,1.50,1.50
2012.12.12 17:44:30.248,1.30746,1.30754,2.03,1.73
2012.12.12 17:44:30.750,1.30745,1.30753,2.25,2.48
2012.12.12 17:44:31.297,1.30746,1.30753,1.13,1.50
2012.12.12 17:44:31.536,1.30747,1.30753,2.25,1.50
2012.12.12 17:44:32.076,1.30747,1.30755,2.48,1.50
2012.12.12 17:44:32.387,1.30746,1.30752,1.50,1.50
2012.12.12 17:44:32.875,1.30745,1.30751,1.88,1.73
2012.12.12 17:44:33.175,1.30742,1.30751,2.03,3.00
2012.12.12 17:44:33.296,1.30742,1.30751,1.28,2.25
2012.12.12 17:44:33.355,1.30739,1.30746,3.00,1.50
2012.12.12 17:44:33.715,1.30738,1.30751,1.65,1.88
2012.12.12 17:44:34.016,1.30736,1.30742,1.92,1.73
2012.12.12 17:44:34.076,1.30736,1.30742,1.17,2.48
2012.12.12 17:44:34.196,1.30736,1.30741,1.92,1.73
2012.12.12 17:44:34.695,1.30736,1.30742,1.65,1.13
2012.12.12 17:44:35.366,1.30735,1.30742,1.50,1.88
2012.12.12 17:44:35.620,1.3073,1.30737,1.13,1.20
2012.12.12 17:44:35.745,1.30729,1.30735,1.65,1.73
2012.12.12 17:44:35.925,1.30728,1.30735,2.03,2.25
2012.12.12 17:44:36.285,1.30731,1.30737,1.65,2.48
2012.12.12 17:44:36.347,1.30732,1.30739,2.63,1.50
2012.12.12 17:44:36.897,1.30735,1.30742,1.28,3.23
2012.12.12 17:44:37.155,1.30735,1.30742,1.50,2.48
2012.12.12 17:44:38.096,1.30734,1.30742,1.50,2.48
2012.12.12 17:44:39.245,1.30733,1.30739,1.50,1.50
2012.12.12 17:44:39.547,1.30733,1.30741,1.50,2.48
2012.12.12 17:44:39.605,1.30734,1.30741,2.03,2.48
2012.12.12 17:44:39.845,1.30735,1.30741,1.28,2.48
2012.12.12 17:44:40.146,1.30738,1.30751,3.38,2.25
2012.12.12 17:44:40.657,1.30738,1.30751,2.63,2.25
2012.12.12 17:44:40.775,1.30739,1.30751,1.65,1.50
2012.12.12 17:44:41.196,1.3074,1.30751,1.28,2.25
2012.12.12 17:44:41.375,1.30743,1.30751,1.05,3.00
2012.12.12 17:44:41.736,1.30747,1.30752,1.65,1.50
2012.12.12 17:44:41.917,1.30748,1.30753,2.18,1.50
2012.12.12 17:44:42.276,1.30751,1.30755,1.28,2.40
2012.12.12 17:44:42.515,1.30751,1.30755,1.50,2.25
2012.12.12 17:44:42.755,1.30749,1.30758,1.43,2.40
2012.12.12 17:44:42.876,1.30749,1.3076,1.95,7.22
2012.12.12 17:44:43.116,1.30749,1.30758,4.73,1.50
2012.12.12 17:44:43.415,1.30752,1.30759,1.50,1.88
2012.12.12 17:44:43.725,1.30753,1.30761,1.65,4.50
2012.12.12 17:44:43.905,1.30752,1.3076,3.00,1.79
2012.12.12 17:44:44.025,1.30752,1.30765,4.95,3.53
2012.12.12 17:44:44.446,1.30755,1.30764,1.35,2.25
2012.12.12 17:44:44.566,1.30757,1.30763,1.73,1.50
2012.12.12 17:44:44.868,1.30758,1.30768,4.73,1.50
2012.12.12 17:44:45.056,1.30762,1.30768,2.85,1.50
2012.12.12 17:44:45.117,1.30763,1.30771,2.10,1.50
2012.12.12 17:44:45.236,1.30765,1.30772,3.60,3.47
2012.12.12 17:44:45.535,1.30766,1.30779,2.10,3.75
2012.12.12 17:44:45.715,1.30768,1.30775,5.18,2.25
2012.12.12 17:44:46.076,1.30771,1.30777,2.25,1.50
2012.12.12 17:44:46.329,1.30771,1.30779,3.83,1.50
2012.12.12 17:44:46.789,1.3077,1.30778,2.63,1.50
2012.12.12 17:44:47.155,1.3077,1.30785,4.88,1.50
2012.12.12 17:44:47.276,1.30773,1.30782,1.80,4.09
2012.12.12 17:44:47.339,1.30773,1.30782,2.40,3.34
2012.12.12 17:44:47.647,1.30776,1.30785,4.50,4.50
2012.12.12 17:44:47.841,1.30779,1.3079,3.23,1.50
2012.12.12 17:44:48.217,1.30778,1.30786,1.13,1.50
2012.12.12 17:44:48.576,1.30779,1.30785,4.50,1.50
2012.12.12 17:44:48.697,1.30783,1.30787,3.00,1.88
2012.12.12 17:44:49.236,1.30782,1.30788,1.35,1.13
2012.12.12 17:44:49.301,1.30781,1.30789,3.94,1.13
2012.12.12 17:44:49.368,1.30781,1.30791,7.17,1.13
2012.12.12 17:44:49.426,1.30782,1.30791,5.07,1.13
2012.12.12 17:44:49.787,1.30786,1.30795,2.25,1.13
2012.12.12 17:44:49.915,1.30791,1.308,1.50,1.50
2012.12.12 17:44:50.220,1.30793,1.30803,4.65,1.13
2012.12.12 17:44:50.767,1.30794,1.30801,2.25,1.13
2012.12.12 17:44:50.953,1.30794,1.30802,2.40,1.50
2012.12.12 17:44:51.586,1.30794,1.30803,2.48,1.50
2012.12.12 17:44:52.006,1.30793,1.30802,2.25,2.48
2012.12.12 17:44:52.367,1.3079,1.30797,1.50,2.28
2012.12.12 17:44:52.608,1.30786,1.30795,1.65,6.08
2012.12.12 17:44:52.677,1.30785,1.30792,2.44,2.25
2012.12.12 17:44:52.796,1.30781,1.30789,3.00,2.10
2012.12.12 17:44:52.858,1.30778,1.30791,4.09,4.73
2012.12.12 17:44:53.165,1.3078,1.30787,1.05,2.25
2012.12.12 17:44:53.466,1.3078,1.30786,1.95,2.25
2012.12.12 17:44:53.828,1.3078,1.30785,1.13,1.73
2012.12.12 17:44:54.279,1.30778,1.30785,8.25,6.23
2012.12.12 17:44:54.825,1.30778,1.30783,4.50,3.83
2012.12.12 17:44:54.945,1.30777,1.30783,1.54,4.35
2012.12.12 17:44:55.007,1.30776,1.30782,1.50,1.50
2012.12.12 17:44:55.368,1.30777,1.3078,1.50,3.83
2012.12.12 17:44:55.615,1.30775,1.3078,1.50,1.50
2012.12.12 17:44:56.155,1.30773,1.3078,1.50,4.73
2012.12.12 17:44:56.715,1.30773,1.30778,1.50,1.73
2012.12.12 17:44:56.775,1.30772,1.30778,1.50,3.23
2012.12.12 17:44:57.316,1.30771,1.30778,1.58,2.25
2012.12.12 17:44:57.375,1.30771,1.30777,1.58,1.50
2012.12.12 17:44:57.698,1.3077,1.30777,2.48,1.50
2012.12.12 17:44:57.766,1.30764,1.3077,1.50,2.48
2012.12.12 17:44:58.005,1.30766,1.30773,2.25,1.88
2012.12.12 17:44:58.306,1.30768,1.30774,1.50,4.88
2012.12.12 17:44:58.736,1.30769,1.30775,1.50,2.25
2012.12.12 17:44:59.275,1.30769,1.30776,1.50,4.50
2012.12.12 17:44:59.815,1.30767,1.30775,1.65,3.00
2012.12.12 17:45:00.356,1.30766,1.30774,2.25,3.75
2012.12.12 17:45:00.895,1.30766,1.30774,2.40,2.25
2012.12.12 17:45:01.196,1.30768,1.30774,1.50,2.25
2012.12.12 17:45:01.725,1.30768,1.30774,1.50,3.00
2012.12.12 17:45:02.209,1.30768,1.30773,3.75,2.10
2012.12.12 17:45:02.276,1.30768,1.30773,3.90,2.10
2012.12.12 17:45:02.346,1.30771,1.30778,3.00,1.20
2012.12.12 17:45:02.646,1.30774,1.3078,1.50,2.40
2012.12.12 17:45:02.825,1.30774,1.3078,1.50,3.90
2012.12.12 17:45:03.185,1.30768,1.30774,2.25,3.75
2012.12.12 17:45:03.364,1.30765,1.30773,1.50,3.75
2012.12.12 17:45:03.425,1.30765,1.30773,1.50,6.49
2012.12.12 17:45:04.033,1.30767,1.30772,1.20,2.25
2012.12.12 17:45:04.115,1.3077,1.30775,1.67,1.65
2012.12.12 17:45:04.607,1.30769,1.30775,1.52,1.50
2012.12.12 17:45:05.086,1.30764,1.30772,1.13,1.50
2012.12.12 17:45:05.776,1.30763,1.3077,2.64,1.50
2012.12.12 17:45:05.965,1.30763,1.3077,1.52,2.40
2012.12.12 17:45:06.506,1.3076,1.3077,4.27,3.08
2012.12.12 17:45:06.625,1.30761,1.30768,1.65,3.15
2012.12.12 17:45:06.805,1.30761,1.30767,1.65,1.58
2012.12.12 17:45:06.987,1.30761,1.30766,1.50,2.33
2012.12.12 17:45:07.106,1.3076,1.30765,1.65,1.50
2012.12.12 17:45:07.624,1.30759,1.30765,1.51,1.88
2012.12.12 17:45:07.865,1.30759,1.30765,2.40,2.48
2012.12.12 17:45:08.107,1.30761,1.30768,1.50,3.00
2012.12.12 17:45:08.465,1.30765,1.30773,2.86,1.50
2012.12.12 17:45:08.955,1.30769,1.30777,1.13,1.58
2012.12.12 17:45:09.199,1.30771,1.30778,1.51,2.33
2012.12.12 17:45:09.636,1.3077,1.30777,1.88,3.15
2012.12.12 17:45:09.700,1.3077,1.30777,1.88,6.15
2012.12.12 17:45:09.770,1.30771,1.30777,1.88,5.40
2012.12.12 17:45:09.836,1.30771,1.30777,2.71,5.33
2012.12.12 17:45:10.378,1.30772,1.30781,3.23,2.48
2012.12.12 17:45:10.685,1.30771,1.30777,1.50,1.50
2012.12.12 17:45:10.986,1.3077,1.30777,1.73,1.50
2012.12.12 17:45:11.106,1.30772,1.30779,3.01,1.73
2012.12.12 17:45:11.526,1.3077,1.30779,3.38,2.63
2012.12.12 17:45:11.585,1.3077,1.30777,1.13,1.50
2012.12.12 17:45:11.645,1.30769,1.30775,1.88,1.50
2012.12.12 17:45:12.006,1.3077,1.30776,1.88,1.65
2012.12.12 17:45:12.665,1.3077,1.30776,1.13,1.65
2012.12.12 17:45:13.445,1.3077,1.30778,1.66,1.80
2012.12.12 17:45:15.245,1.3077,1.30777,1.13,1.65
2012.12.12 17:45:16.516,1.30769,1.30777,2.40,1.88
2012.12.12 17:45:16.636,1.30769,1.30776,2.40,1.13
2012.12.12 17:45:16.937,1.30762,1.30769,1.73,4.05
2012.12.12 17:45:17.419,1.30757,1.30765,1.73,6.62
2012.12.12 17:45:17.547,1.30755,1.30762,1.50,2.48
2012.12.12 17:45:17.606,1.30751,1.30758,4.65,3.90
2012.12.12 17:45:17.911,1.30749,1.30756,1.50,2.25
2012.12.12 17:45:18.455,1.30747,1.30755,2.48,1.50
2012.12.12 17:45:18.814,1.30747,1.30756,1.73,2.10
2012.12.12 17:45:19.371,1.30747,1.30756,3.36,2.10
2012.12.12 17:45:19.915,1.30748,1.30755,1.63,1.50
2012.12.12 17:45:20.456,1.30747,1.30755,1.86,1.50
2012.12.12 17:45:21.116,1.30746,1.30753,1.65,1.50
2012.12.12 17:45:21.416,1.30745,1.30751,1.86,1.05
2012.12.12 17:45:21.597,1.30744,1.30749,2.48,1.50
2012.12.12 17:45:21.836,1.30745,1.30751,1.73,1.50
2012.12.12 17:45:21.895,1.30744,1.30749,2.48,1.50
2012.12.12 17:45:22.196,1.30746,1.30752,1.50,2.25
2012.12.12 17:45:22.258,1.30749,1.30753,1.50,7.20
2012.12.12 17:45:22.805,1.30747,1.30753,1.63,1.50
2012.12.12 17:45:22.865,1.30749,1.30755,1.50,3.30
2012.12.12 17:45:23.168,1.3075,1.30755,2.25,2.25
2012.12.12 17:45:23.296,1.30751,1.30757,1.50,2.25
2012.12.12 17:45:23.657,1.30753,1.30759,1.50,3.45
2012.12.12 17:45:24.099,1.30752,1.30758,1.50,1.50
2012.12.12 17:45:24.568,1.30752,1.30758,1.13,1.50
2012.12.12 17:45:24.877,1.30756,1.3076,2.63,1.05
2012.12.12 17:45:25.008,1.30758,1.30764,1.65,1.05
2012.12.12 17:45:25.077,1.30758,1.30765,2.40,5.55
2012.12.12 17:45:25.556,1.30758,1.30763,1.50,1.80
2012.12.12 17:45:25.615,1.30756,1.30763,2.25,1.80
2012.12.12 17:45:25.675,1.30756,1.30762,1.50,1.05
2012.12.12 17:45:26.635,1.30756,1.30762,1.50,1.05
2012.12.12 17:45:27.146,1.30755,1.30762,1.13,1.05
2012.12.12 17:45:27.265,1.30752,1.30757,1.50,2.55
2012.12.12 17:45:27.385,1.3075,1.30757,1.13,2.55
2012.12.12 17:45:27.935,1.3075,1.30757,1.13,2.55
2012.12.12 17:45:28.487,1.30749,1.30757,1.73,3.45
2012.12.12 17:45:29.045,1.3075,1.30757,1.13,3.30
2012.12.12 17:45:30.335,1.30749,1.30756,2.55,1.50
2012.12.12 17:45:30.894,1.3075,1.30756,1.05,1.50
2012.12.12 17:45:31.415,1.3075,1.30756,1.13,1.50
2012.12.12 17:45:31.958,1.30749,1.30755,1.73,1.20
2012.12.12 17:45:32.135,1.30749,1.30755,2.25,1.20
2012.12.12 17:45:32.676,1.30749,1.30755,1.50,1.20
2012.12.12 17:45:33.206,1.30749,1.30755,2.25,1.20
2012.12.12 17:45:33.757,1.30749,1.30755,1.50,1.95
2012.12.12 17:45:34.248,1.30746,1.30752,3.38,1.50
2012.12.12 17:45:34.796,1.30746,1.30753,2.48,2.25
2012.12.12 17:45:35.166,1.30747,1.30753,1.50,1.50
2012.12.12 17:45:35.228,1.30747,1.30755,1.50,1.43
2012.12.12 17:45:35.296,1.30748,1.30755,1.88,1.20
2012.12.12 17:45:35.355,1.3075,1.30756,1.73,1.50
2012.12.12 17:45:35.656,1.30749,1.30754,1.50,1.20
2012.12.12 17:45:36.108,1.3075,1.30754,1.73,1.20
2012.12.12 17:45:36.598,1.30752,1.30757,2.63,2.44
2012.12.12 17:45:36.965,1.30752,1.30759,3.38,1.95
2012.12.12 17:45:37.206,1.30754,1.30762,1.13,3.15
2012.12.12 17:45:37.387,1.30757,1.30762,1.50,3.45
2012.12.12 17:45:38.045,1.30757,1.30762,1.50,3.00
2012.12.12 17:45:38.585,1.30756,1.30761,3.00,1.13
2012.12.12 17:45:38.645,1.30756,1.30761,2.25,1.58
2012.12.12 17:45:40.475,1.30755,1.30761,2.25,1.58
2012.12.12 17:45:41.015,1.30757,1.30762,1.50,3.08
2012.12.12 17:45:41.315,1.30755,1.3076,1.50,2.33
2012.12.12 17:45:41.857,1.30755,1.3076,1.50,2.33
2012.12.12 17:45:42.395,1.30755,1.30761,2.25,1.58
2012.12.12 17:45:42.961,1.30755,1.30761,2.25,1.58
2012.12.12 17:45:43.572,1.30755,1.30761,2.25,1.58
2012.12.12 17:45:44.075,1.30755,1.30761,2.25,1.58
2012.12.12 17:45:44.795,1.30756,1.30762,1.50,3.08
2012.12.12 17:45:45.346,1.30756,1.30762,1.50,2.33
2012.12.12 17:45:45.948,1.30755,1.30761,2.25,2.33
2012.12.12 17:45:46.255,1.30756,1.30762,1.50,3.08
2012.12.12 17:45:46.794,1.30756,1.30762,1.50,3.08
2012.12.12 17:45:47.558,1.30754,1.30762,1.50,3.68
2012.12.12 17:45:48.200,1.30755,1.30762,1.50,3.08
2012.12.12 17:45:49.807,1.30756,1.30762,3.00,1.73
2012.12.12 17:45:49.988,1.30758,1.30762,3.00,1.50
2012.12.12 17:45:50.357,1.30758,1.30766,1.50,1.17
2012.12.12 17:45:50.476,1.30762,1.30766,1.50,1.17
2012.12.12 17:45:50.535,1.30762,1.3077,1.73,1.88
2012.12.12 17:45:50.595,1.30768,1.30772,1.50,1.35
2012.12.12 17:45:50.777,1.30768,1.30775,3.00,2.25
2012.12.12 17:45:50.895,1.30768,1.30776,1.50,1.58
2012.12.12 17:45:51.016,1.30769,1.30776,1.50,1.35
2012.12.12 17:45:51.137,1.30768,1.30778,1.50,2.33
2012.12.12 17:45:51.375,1.30769,1.30779,4.43,2.10
2012.12.12 17:45:51.618,1.3077,1.3078,2.25,3.60
2012.12.12 17:45:51.746,1.30772,1.3078,1.50,1.50
2012.12.12 17:45:51.866,1.30775,1.30779,1.13,1.50
2012.12.12 17:45:52.226,1.30776,1.3078,2.48,2.25
2012.12.12 17:45:52.407,1.30777,1.30781,1.50,1.50
2012.12.12 17:45:52.469,1.30777,1.30782,1.65,1.50
2012.12.12 17:45:52.658,1.30777,1.30784,1.73,9.56
2012.12.12 17:45:52.728,1.30778,1.30785,2.48,1.50
2012.12.12 17:45:52.798,1.3078,1.30785,1.73,1.50
2012.12.12 17:45:53.346,1.30781,1.30786,2.48,1.50
2012.12.12 17:45:53.467,1.30776,1.30793,10.92,2.78
2012.12.12 17:45:53.537,1.30779,1.30791,1.92,1.65
2012.12.12 17:45:53.717,1.30781,1.30791,3.83,1.88
2012.12.12 17:45:53.778,1.30784,1.3079,2.48,1.88
2012.12.12 17:45:54.101,1.30785,1.30791,4.32,2.25
2012.12.12 17:45:54.168,1.30786,1.30792,4.32,2.25
2012.12.12 17:45:54.297,1.30787,1.30793,2.82,1.50
2012.12.12 17:45:54.355,1.30784,1.30797,2.25,2.25
2012.12.12 17:45:54.478,1.30786,1.30797,3.00,2.85
2012.12.12 17:45:54.609,1.30788,1.30797,1.50,3.83
2012.12.12 17:45:54.916,1.3079,1.30797,1.50,3.60
2012.12.12 17:45:54.976,1.30791,1.30797,1.50,1.65
2012.12.12 17:45:55.036,1.30791,1.30798,2.40,3.00
2012.12.12 17:45:55.575,1.30791,1.308,6.10,1.65
2012.12.12 17:45:55.755,1.30792,1.308,2.85,1.50
2012.12.12 17:45:56.306,1.30793,1.30801,2.25,1.65
2012.12.12 17:45:56.427,1.30794,1.30801,2.25,1.50
2012.12.12 17:45:56.607,1.30795,1.30801,1.50,1.50
2012.12.12 17:45:56.789,1.30794,1.30803,5.48,3.15
2012.12.12 17:45:56.977,1.308,1.30807,1.50,1.65
2012.12.12 17:45:57.160,1.30796,1.30803,1.50,1.50
2012.12.12 17:45:57.525,1.30795,1.30802,2.25,2.25
2012.12.12 17:45:57.887,1.30795,1.30803,2.25,1.50
2012.12.12 17:45:58.070,1.30795,1.30801,2.25,1.50
2012.12.12 17:45:58.200,1.30795,1.30803,2.25,2.25
2012.12.12 17:45:58.747,1.30796,1.30802,3.75,3.23
2012.12.12 17:45:59.056,1.30793,1.308,3.00,1.13
2012.12.12 17:45:59.120,1.30793,1.308,3.00,1.13
2012.12.12 17:45:59.549,1.30793,1.30798,1.50,2.48
2012.12.12 17:45:59.676,1.3079,1.30798,5.25,4.73
2012.12.12 17:45:59.740,1.30791,1.30798,3.00,3.75
2012.12.12 17:45:59.878,1.30791,1.30798,1.13,1.73
2012.12.12 17:46:00.409,1.30788,1.30798,1.50,3.45
2012.12.12 17:46:00.538,1.30786,1.30796,3.19,1.35
2012.12.12 17:46:00.726,1.3079,1.30797,2.25,1.50
2012.12.12 17:46:00.848,1.3079,1.30798,2.25,1.88
2012.12.12 17:46:01.157,1.30786,1.30794,9.55,7.50
2012.12.12 17:46:01.226,1.30786,1.30792,8.72,1.58
2012.12.12 17:46:01.287,1.30784,1.30792,2.25,4.58
2012.12.12 17:46:02.182,1.30784,1.30789,3.00,2.85
2012.12.12 17:46:02.329,1.30781,1.3079,2.48,1.58
2012.12.12 17:46:02.398,1.30781,1.30791,5.40,3.08
2012.12.12 17:46:02.455,1.30779,1.3079,1.88,7.50
2012.12.12 17:46:02.516,1.30779,1.30788,1.13,2.40
2012.12.12 17:46:02.876,1.30778,1.30787,1.73,2.25
2012.12.12 17:46:03.125,1.30777,1.30784,1.50,1.50
2012.12.12 17:46:03.246,1.30777,1.30785,1.50,1.50
2012.12.12 17:46:03.369,1.3078,1.30787,2.25,1.50
2012.12.12 17:46:03.510,1.30781,1.30788,2.25,1.50
2012.12.12 17:46:03.576,1.30782,1.3079,3.15,1.50
2012.12.12 17:46:04.068,1.30783,1.30792,1.65,3.83
2012.12.12 17:46:04.198,1.30783,1.30791,1.73,2.25
2012.12.12 17:46:04.717,1.30782,1.30788,2.25,1.50
2012.12.12 17:46:05.137,1.30784,1.30789,2.25,1.50
2012.12.12 17:46:05.656,1.30783,1.30789,3.00,2.25
2012.12.12 17:46:06.198,1.30784,1.3079,1.50,2.25
2012.12.12 17:46:06.556,1.30783,1.30788,2.25,2.25
2012.12.12 17:46:06.736,1.30783,1.30788,2.25,2.25
2012.12.12 17:46:07.218,1.30785,1.30791,1.50,2.25
2012.12.12 17:46:07.777,1.30785,1.30791,1.50,2.25
2012.12.12 17:46:08.005,1.30785,1.30791,2.25,1.50
2012.12.12 17:46:08.516,1.30787,1.30793,1.50,2.25
2012.12.12 17:46:09.035,1.30786,1.30793,1.50,2.25
2012.12.12 17:46:10.193,1.30791,1.30796,1.50,1.57
2012.12.12 17:46:10.256,1.30791,1.30796,2.25,2.32
2012.12.12 17:46:10.437,1.30794,1.30798,1.50,2.63
2012.12.12 17:46:10.566,1.30794,1.30801,1.50,3.00
2012.12.12 17:46:10.749,1.30795,1.30801,1.50,3.15
2012.12.12 17:46:10.820,1.30795,1.30798,1.50,1.50
2012.12.12 17:46:11.007,1.30791,1.30797,2.25,1.50
2012.12.12 17:46:11.626,1.30791,1.30796,1.50,1.50
2012.12.12 17:46:11.807,1.30789,1.30793,1.73,3.00
2012.12.12 17:46:11.867,1.30789,1.30796,1.73,2.48
2012.12.12 17:46:12.057,1.30791,1.30797,2.10,1.50
2012.12.12 17:46:12.119,1.30792,1.30798,1.50,2.25
2012.12.12 17:46:12.437,1.30795,1.30801,4.35,3.00
2012.12.12 17:46:13.036,1.30795,1.30802,1.50,1.65
2012.12.12 17:46:13.456,1.30797,1.30804,1.88,2.25
2012.12.12 17:46:13.575,1.30797,1.30805,1.13,1.73
2012.12.12 17:46:14.056,1.30797,1.30804,1.13,3.00
2012.12.12 17:46:14.627,1.30797,1.30803,1.73,1.50
2012.12.12 17:46:15.147,1.30797,1.30803,2.25,3.00
2012.12.12 17:46:15.215,1.30797,1.30803,2.25,3.75
2012.12.12 17:46:15.516,1.30796,1.30802,1.50,1.50
2012.12.12 17:46:16.416,1.30796,1.30803,2.40,3.00
2012.12.12 17:46:16.537,1.30798,1.30803,1.50,1.50
2012.12.12 17:46:16.596,1.30795,1.30802,2.25,1.50
2012.12.12 17:46:16.815,1.30796,1.30802,1.50,1.50
2012.12.12 17:46:16.997,1.30796,1.30801,1.50,1.50
2012.12.12 17:46:17.297,1.30797,1.30802,1.50,1.50
2012.12.12 17:46:17.657,1.30794,1.30801,1.73,3.00
2012.12.12 17:46:18.657,1.30794,1.30798,1.50,1.50
2012.12.12 17:46:18.726,1.30793,1.30798,1.50,2.25
2012.12.12 17:46:18.910,1.30791,1.30796,1.65,1.50
2012.12.12 17:46:19.455,1.3079,1.30796,2.40,1.50
2012.12.12 17:46:20.005,1.3079,1.30796,2.40,1.50
2012.12.12 17:46:20.866,1.30791,1.30797,1.13,1.50
2012.12.12 17:46:21.110,1.30794,1.308,1.50,2.25
2012.12.12 17:46:21.476,1.30794,1.308,2.25,1.50
2012.12.12 17:46:21.536,1.30794,1.308,2.25,1.50
2012.12.12 17:46:21.775,1.30794,1.308,2.25,1.50
2012.12.12 17:46:22.136,1.30792,1.30796,1.50,1.50
2012.12.12 17:46:22.675,1.30791,1.30798,1.88,2.25
2012.12.12 17:46:23.044,1.30791,1.30798,1.88,1.50
2012.12.12 17:46:23.366,1.30791,1.30799,1.88,2.25
2012.12.12 17:46:23.667,1.30792,1.308,1.50,1.50
2012.12.12 17:46:24.156,1.30792,1.308,3.38,1.50
2012.12.12 17:46:24.697,1.30792,1.30799,3.53,1.50
2012.12.12 17:46:24.758,1.30792,1.30799,3.38,3.75
2012.12.12 17:46:25.116,1.30791,1.30795,6.00,1.50
2012.12.12 17:46:25.176,1.30791,1.30795,4.35,2.25
2012.12.12 17:46:25.418,1.3079,1.30793,4.50,1.50
2012.12.12 17:46:25.661,1.30791,1.30798,4.35,1.50
2012.12.12 17:46:26.090,1.3079,1.30798,1.05,2.25
2012.12.12 17:46:26.216,1.30789,1.30798,1.50,3.00
2012.12.12 17:46:26.336,1.30789,1.30797,1.73,1.50
2012.12.12 17:46:26.635,1.3079,1.30796,1.50,1.50
2012.12.12 17:46:27.780,1.30788,1.30795,2.48,2.25
2012.12.12 17:46:28.265,1.30787,1.30794,1.50,1.50
2012.12.12 17:46:28.816,1.30788,1.30795,2.25,3.00
2012.12.12 17:46:29.368,1.30788,1.30795,2.25,3.00
2012.12.12 17:46:29.491,1.30787,1.30792,1.50,1.50
2012.12.12 17:46:30.065,1.30786,1.30792,1.50,3.00
2012.12.12 17:46:30.496,1.30784,1.30791,2.63,1.50
2012.12.12 17:46:31.407,1.30787,1.30793,1.50,1.65
2012.12.12 17:46:31.527,1.30785,1.30793,2.25,1.65
2012.12.12 17:46:31.646,1.30786,1.30792,1.50,3.75
2012.12.12 17:46:32.188,1.30789,1.30796,2.48,3.15
2012.12.12 17:46:32.309,1.30789,1.30794,2.25,2.25
2012.12.12 17:46:32.796,1.30788,1.30793,1.50,1.50
2012.12.12 17:46:33.298,1.30786,1.30791,1.65,1.50
2012.12.12 17:46:33.608,1.30786,1.30789,1.50,1.50
2012.12.12 17:46:33.916,1.30786,1.30792,1.50,1.50
2012.12.12 17:46:34.036,1.30788,1.30794,1.50,4.65
2012.12.12 17:46:34.576,1.30789,1.30794,1.73,2.25
2012.12.12 17:46:34.637,1.3079,1.30798,2.25,2.48
2012.12.12 17:46:34.697,1.3079,1.30798,3.00,1.50
2012.12.12 17:46:35.056,1.30797,1.30803,1.50,1.73
2012.12.12 17:46:35.117,1.30798,1.30804,3.00,1.73
2012.12.12 17:46:35.176,1.30798,1.30805,2.25,5.63
2012.12.12 17:46:35.237,1.30798,1.30804,1.73,1.50
2012.12.12 17:46:35.776,1.30798,1.30805,2.25,5.25
2012.12.12 17:46:36.086,1.30798,1.30805,2.63,5.25
2012.12.12 17:46:36.405,1.30799,1.30806,1.50,1.50
2012.12.12 17:46:36.586,1.30799,1.30808,1.88,1.73
2012.12.12 17:46:36.998,1.308,1.30808,2.40,2.95
2012.12.12 17:46:37.305,1.30799,1.3081,1.22,1.50
2012.12.12 17:46:37.365,1.30801,1.3081,1.50,1.05
2012.12.12 17:46:37.726,1.30801,1.30811,1.73,2.25
2012.12.12 17:46:38.148,1.30802,1.30811,5.10,4.50
2012.12.12 17:46:38.275,1.30803,1.30811,3.00,2.25
2012.12.12 17:46:38.335,1.30804,1.30812,3.00,2.25
2012.12.12 17:46:38.766,1.30805,1.30813,3.00,1.60
2012.12.12 17:46:39.329,1.30807,1.30813,1.50,1.50
2012.12.12 17:46:39.462,1.30806,1.30816,3.00,1.50
2012.12.12 17:46:39.715,1.30805,1.30819,2.65,3.90
2012.12.12 17:46:39.836,1.30807,1.30819,1.73,1.50
2012.12.12 17:46:40.016,1.30808,1.3082,2.25,2.33
2012.12.12 17:46:40.257,1.30811,1.30819,3.75,1.50
2012.12.12 17:46:40.507,1.3081,1.30821,1.73,2.37
2012.12.12 17:46:40.626,1.30813,1.30821,2.25,1.50
2012.12.12 17:46:40.686,1.30813,1.30823,5.20,1.50
2012.12.12 17:46:40.929,1.30814,1.30825,1.88,1.50
2012.12.12 17:46:41.297,1.30815,1.30825,1.50,1.50
2012.12.12 17:46:41.836,1.30816,1.30825,1.50,3.98
2012.12.12 17:46:42.317,1.30816,1.30827,1.73,4.58
2012.12.12 17:46:42.557,1.30805,1.3084,0.75,1.73
2012.12.12 17:46:42.675,1.30821,1.30826,5.78,1.25
2012.12.12 17:46:42.797,1.30804,1.30845,3.75,1.13
2012.12.12 17:46:42.976,1.3081,1.30841,1.50,4.20
2012.12.12 17:46:43.300,1.3082,1.30833,3.00,2.24
2012.12.12 17:46:43.810,1.30823,1.30832,1.50,2.25
2012.12.12 17:46:44.341,1.30824,1.30833,1.50,2.25
2012.12.12 17:46:44.660,1.30825,1.30834,4.20,1.50
2012.12.12 17:46:44.731,1.30827,1.30834,4.43,1.13
2012.12.12 17:46:44.798,1.30828,1.30835,4.88,1.13
2012.12.12 17:46:45.290,1.30829,1.30836,4.95,1.13
2012.12.12 17:46:45.487,1.3083,1.30837,1.50,1.13
2012.12.12 17:46:45.549,1.3083,1.30838,1.73,1.73
2012.12.12 17:46:46.037,1.30833,1.30837,1.69,1.13
2012.12.12 17:46:46.396,1.30831,1.3084,2.25,5.33
2012.12.12 17:46:46.456,1.30832,1.30842,6.00,5.63
2012.12.12 17:46:46.528,1.30836,1.3084,1.50,3.00
2012.12.12 17:46:46.658,1.30836,1.30842,3.98,3.00
2012.12.12 17:46:46.786,1.30838,1.30842,1.50,3.00
2012.12.12 17:46:46.906,1.30836,1.30846,3.94,3.60
2012.12.12 17:46:47.557,1.30839,1.30845,1.50,1.50
2012.12.12 17:46:47.738,1.30837,1.30849,1.73,6.60
2012.12.12 17:46:47.797,1.3084,1.30848,2.48,1.50
2012.12.12 17:46:47.979,1.3084,1.3085,3.00,5.25
2012.12.12 17:46:48.047,1.30842,1.30849,3.00,2.25
2012.12.12 17:46:48.286,1.30843,1.3085,1.50,1.35
2012.12.12 17:46:48.725,1.30843,1.30852,1.58,2.25
2012.12.12 17:46:49.201,1.30845,1.30851,2.25,1.50
2012.12.12 17:46:49.327,1.30847,1.30851,1.50,4.50
2012.12.12 17:46:49.867,1.30846,1.30853,1.02,1.73
2012.12.12 17:46:49.925,1.30846,1.30854,8.33,1.73
2012.12.12 17:46:50.181,1.30849,1.30853,4.88,1.58
2012.12.12 17:46:50.486,1.3084,1.30863,2.33,37.76
2012.12.12 17:46:50.798,1.30844,1.30861,3.78,10.29
2012.12.12 17:46:50.868,1.30849,1.30858,5.28,2.70
2012.12.12 17:46:51.057,1.30858,1.30862,1.50,1.50
2012.12.12 17:46:51.117,1.30858,1.30865,2.28,1.73
2012.12.12 17:46:51.297,1.30861,1.30868,6.10,1.50
2012.12.12 17:46:51.656,1.30862,1.30869,1.53,1.50
2012.12.12 17:46:51.779,1.30859,1.30871,6.18,1.50
2012.12.12 17:46:51.910,1.30859,1.30868,3.83,1.73
2012.12.12 17:46:52.218,1.30857,1.30868,1.73,1.10
2012.12.12 17:46:52.602,1.30857,1.30862,1.50,1.10
2012.12.12 17:46:53.361,1.30857,1.30863,1.65,2.25
2012.12.12 17:46:53.886,1.30854,1.30862,1.52,5.10
2012.12.12 17:46:53.954,1.30851,1.30858,1.50,1.10
2012.12.12 17:46:54.748,1.30851,1.30859,1.50,1.70
2012.12.12 17:46:55.055,1.30851,1.3086,1.50,1.50
2012.12.12 17:46:55.117,1.30854,1.30861,3.00,2.25
2012.12.12 17:46:55.853,1.30854,1.30861,2.48,1.50
2012.12.12 17:46:55.999,1.30858,1.30867,1.50,3.23
2012.12.12 17:46:56.256,1.30861,1.30869,1.50,4.13
2012.12.12 17:46:56.617,1.30859,1.30865,1.50,1.50
2012.12.12 17:46:56.800,1.30859,1.30865,1.50,3.00
2012.12.12 17:46:57.106,1.30855,1.30865,1.50,4.13
2012.12.12 17:46:57.586,1.30859,1.30867,1.50,9.53
2012.12.12 17:46:58.375,1.30857,1.30865,1.50,1.35
2012.12.12 17:46:58.615,1.30858,1.30865,1.50,1.13
2012.12.12 17:46:59.050,1.30859,1.30865,3.00,1.13
2012.12.12 17:46:59.357,1.30862,1.30868,1.50,2.48
2012.12.12 17:46:59.426,1.30862,1.30868,1.50,1.65
2012.12.12 17:46:59.606,1.30859,1.30867,1.65,3.23
2012.12.12 17:47:00.168,1.30859,1.30865,1.65,2.25
2012.12.12 17:47:00.345,1.30857,1.30862,3.00,1.50
2012.12.12 17:47:00.648,1.30857,1.30862,1.50,3.23
2012.12.12 17:47:00.710,1.30852,1.30859,3.00,1.50
2012.12.12 17:47:01.076,1.30851,1.30859,1.88,3.98
2012.12.12 17:47:01.196,1.30851,1.30857,1.13,1.73
2012.12.12 17:47:01.925,1.30851,1.30858,1.50,1.50
2012.12.12 17:47:02.045,1.30849,1.30858,3.38,2.25
2012.12.12 17:47:02.106,1.30849,1.30859,3.38,3.75
2012.12.12 17:47:02.225,1.30851,1.3086,1.50,2.70
2012.12.12 17:47:02.299,1.30851,1.30859,1.50,3.00
2012.12.12 17:47:02.787,1.30851,1.30859,1.50,3.75
2012.12.12 17:47:03.326,1.30851,1.3086,1.50,1.73
2012.12.12 17:47:03.629,1.30849,1.30859,4.13,1.50
2012.12.12 17:47:04.056,1.30849,1.30858,4.13,1.50
2012.12.12 17:47:04.376,1.30849,1.30858,4.13,1.50
2012.12.12 17:47:04.958,1.30849,1.30855,1.50,3.23
2012.12.12 17:47:05.087,1.30846,1.30855,2.25,3.00
2012.12.12 17:47:05.207,1.30841,1.30853,8.33,1.50
2012.12.12 17:47:05.515,1.30841,1.30849,6.83,1.50
2012.12.12 17:47:05.815,1.30841,1.30849,6.83,1.50
2012.12.12 17:47:05.996,1.30839,1.30851,1.50,4.80
2012.12.12 17:47:06.356,1.30839,1.30847,2.25,2.48
2012.12.12 17:47:06.416,1.30839,1.30844,2.25,2.25
2012.12.12 17:47:06.658,1.30836,1.30842,1.50,2.25
2012.12.12 17:47:06.776,1.30839,1.30843,1.50,1.13
2012.12.12 17:47:06.956,1.30841,1.30848,6.00,1.50
2012.12.12 17:47:07.016,1.30843,1.3085,2.25,1.13
2012.12.12 17:47:07.137,1.30844,1.30851,1.50,3.98
2012.12.12 17:47:07.257,1.30844,1.3085,1.50,1.50
2012.12.12 17:47:07.775,1.30844,1.3085,1.50,1.50
2012.12.12 17:47:07.835,1.30843,1.3085,1.50,3.23
2012.12.12 17:47:08.375,1.30843,1.30849,1.50,2.25
2012.12.12 17:47:08.676,1.30844,1.30849,1.50,1.65
2012.12.12 17:47:08.931,1.30842,1.30848,2.25,1.65
2012.12.12 17:47:09.116,1.30842,1.30847,1.50,1.50
2012.12.12 17:47:09.441,1.30845,1.30852,4.88,1.50
2012.12.12 17:47:09.626,1.30848,1.30852,3.23,1.50
2012.12.12 17:47:09.758,1.30848,1.30854,2.48,3.25
2012.12.12 17:47:10.008,1.30848,1.30856,3.23,1.65
2012.12.12 17:47:10.546,1.30849,1.30858,1.13,1.65
2012.12.12 17:47:10.725,1.30852,1.30859,1.50,1.50
2012.12.12 17:47:10.938,1.30854,1.3086,1.50,1.35
2012.12.12 17:47:11.236,1.30855,1.3086,2.25,1.88
2012.12.12 17:47:11.541,1.30859,1.30865,1.50,1.50
2012.12.12 17:47:11.847,1.30862,1.3087,4.92,10.28
2012.12.12 17:47:12.087,1.30865,1.30868,1.88,3.00
2012.12.12 17:47:12.288,1.30865,1.30868,1.13,7.28
2012.12.12 17:47:12.356,1.30865,1.3087,1.13,9.83
2012.12.12 17:47:12.886,1.30865,1.30871,1.88,1.13
2012.12.12 17:47:13.275,1.30865,1.30872,1.88,1.50
2012.12.12 17:47:13.402,1.30864,1.3087,1.13,1.14
2012.12.12 17:47:13.585,1.30856,1.30868,7.50,1.90
2012.12.12 17:47:13.704,1.30853,1.30869,4.50,2.33
2012.12.12 17:47:14.016,1.30856,1.30865,2.48,2.63
2012.12.12 17:47:14.319,1.30857,1.30863,1.73,1.65
2012.12.12 17:47:14.386,1.30856,1.30862,1.05,1.65
2012.12.12 17:47:14.505,1.30854,1.30863,1.13,3.38
2012.12.12 17:47:14.687,1.30856,1.3086,1.50,1.88
2012.12.12 17:47:15.048,1.30847,1.30858,3.23,1.50
2012.12.12 17:47:15.176,1.30851,1.30859,3.23,2.70
2012.12.12 17:47:15.297,1.3085,1.30855,1.50,1.88
2012.12.12 17:47:15.656,1.30848,1.30853,2.48,1.73
2012.12.12 17:47:15.775,1.30847,1.30853,2.25,1.88
2012.12.12 17:47:16.307,1.30847,1.30855,2.40,1.50
2012.12.12 17:47:16.425,1.30847,1.30857,2.40,1.73
2012.12.12 17:47:16.725,1.30846,1.30856,2.03,2.25
2012.12.12 17:47:16.906,1.30846,1.30854,1.88,1.50
2012.12.12 17:47:17.265,1.30844,1.30854,1.88,2.48
2012.12.12 17:47:17.825,1.30845,1.30854,1.50,2.48
2012.12.12 17:47:18.348,1.30845,1.30854,2.25,2.48
2012.12.12 17:47:18.656,1.30847,1.30854,1.50,1.50
2012.12.12 17:47:18.966,1.30848,1.30854,1.50,1.65
2012.12.12 17:47:19.486,1.30848,1.30856,2.48,1.80
2012.12.12 17:47:20.049,1.30848,1.30856,1.35,1.65
2012.12.12 17:47:20.931,1.30849,1.30857,2.57,1.73
2012.12.12 17:47:21.418,1.30848,1.30856,3.23,2.40
2012.12.12 17:47:22.156,1.30847,1.30852,2.48,1.50
2012.12.12 17:47:22.396,1.30847,1.30852,1.50,1.65
2012.12.12 17:47:22.576,1.30847,1.30851,1.50,1.50
2012.12.12 17:47:23.079,1.30845,1.30851,1.73,1.50
2012.12.12 17:47:23.635,1.30844,1.30849,2.25,1.50
2012.12.12 17:47:23.998,1.30844,1.30848,1.50,1.65
2012.12.12 17:47:24.126,1.30841,1.30846,1.50,1.65
2012.12.12 17:47:24.669,1.30838,1.30844,1.73,5.40
2012.12.12 17:47:24.977,1.30834,1.30842,1.50,11.31
2012.12.12 17:47:25.047,1.30836,1.30844,1.73,3.75
2012.12.12 17:47:25.167,1.30833,1.30842,1.50,3.60
2012.12.12 17:47:25.227,1.30832,1.30841,1.73,7.50
2012.12.12 17:47:25.407,1.3083,1.30838,2.25,1.50
2012.12.12 17:47:25.708,1.30831,1.30838,1.50,1.65
2012.12.12 17:47:26.180,1.30829,1.30835,2.72,2.25
2012.12.12 17:47:26.489,1.30829,1.30837,2.72,2.48
2012.12.12 17:47:26.557,1.30831,1.3084,1.50,1.71
2012.12.12 17:47:26.675,1.30828,1.30835,1.73,2.25
2012.12.12 17:47:26.977,1.30826,1.30831,2.72,1.50
2012.12.12 17:47:27.357,1.30823,1.30831,2.40,1.50
2012.12.12 17:47:27.454,1.30824,1.30833,1.88,1.73
2012.12.12 17:47:27.995,1.30827,1.30835,1.50,1.50
2012.12.12 17:47:28.117,1.30828,1.30835,3.00,2.25
2012.12.12 17:47:28.424,1.30828,1.30835,2.25,1.50
2012.12.12 17:47:28.957,1.30828,1.30834,1.50,1.65
2012.12.12 17:47:29.377,1.30829,1.30834,1.50,1.65
2012.12.12 17:47:29.886,1.30829,1.30834,2.25,1.50
2012.12.12 17:47:30.606,1.30828,1.30834,1.50,3.00
2012.12.12 17:47:30.907,1.30826,1.30831,2.25,1.50
2012.12.12 17:47:31.265,1.30822,1.30832,2.25,1.13
2012.12.12 17:47:32.105,1.30822,1.3083,1.50,2.25
2012.12.12 17:47:32.165,1.30822,1.3083,2.25,1.50
2012.12.12 17:47:34.015,1.30823,1.3083,1.50,2.63
2012.12.12 17:47:34.557,1.30825,1.3083,1.50,1.13
2012.12.12 17:47:34.617,1.30826,1.30831,3.47,1.50
2012.12.12 17:47:34.856,1.30826,1.30832,3.00,1.88
2012.12.12 17:47:35.097,1.30826,1.30832,1.50,2.63
2012.12.12 17:47:35.166,1.30825,1.30831,1.65,1.50
2012.12.12 17:47:35.286,1.30826,1.30833,1.73,2.25
2012.12.12 17:47:35.467,1.30826,1.30833,2.25,2.40
2012.12.12 17:47:36.001,1.30826,1.30833,2.25,2.40
2012.12.12 17:47:36.198,1.30825,1.30831,2.25,2.25
2012.12.12 17:47:37.717,1.30825,1.3083,1.50,2.25
2012.12.12 17:47:38.018,1.3082,1.30825,3.00,1.50
2012.12.12 17:47:38.576,1.30818,1.30826,1.50,3.75
2012.12.12 17:47:38.756,1.30818,1.30825,1.50,1.65
2012.12.12 17:47:39.060,1.30814,1.3082,2.25,1.50
2012.12.12 17:47:39.136,1.30814,1.3082,1.50,2.25
2012.12.12 17:47:39.198,1.30814,1.30821,1.50,2.33
2012.12.12 17:47:39.576,1.30812,1.3082,1.50,6.38
2012.12.12 17:47:39.937,1.30807,1.30817,1.50,1.20
2012.12.12 17:47:40.008,1.30807,1.30817,1.50,1.20
2012.12.12 17:47:40.126,1.30804,1.30816,2.55,2.78
2012.12.12 17:47:40.187,1.30804,1.30811,1.50,3.00
2012.12.12 17:47:40.248,1.30801,1.30807,4.50,1.20
2012.12.12 17:47:40.436,1.308,1.30805,1.13,2.25
2012.12.12 17:47:41.046,1.30797,1.30803,2.25,1.50
2012.12.12 17:47:41.288,1.30798,1.30805,1.73,1.50
2012.12.12 17:47:41.477,1.30804,1.30809,2.25,2.25
2012.12.12 17:47:41.717,1.30804,1.30811,2.48,1.50
2012.12.12 17:47:42.075,1.30807,1.30811,1.50,1.50
2012.12.12 17:47:42.316,1.30806,1.30811,1.50,2.25
2012.12.12 17:47:42.555,1.30802,1.30809,2.25,4.50
2012.12.12 17:47:42.915,1.308,1.30805,1.50,1.50
2012.12.12 17:47:43.036,1.30801,1.30803,3.00,1.50
2012.12.12 17:47:43.643,1.30799,1.30807,1.50,1.65
2012.12.12 17:47:43.712,1.30802,1.30808,1.50,3.23
2012.12.12 17:47:43.836,1.30802,1.30811,1.50,2.25
2012.12.12 17:47:43.957,1.30802,1.30811,1.50,1.50
2012.12.12 17:47:44.197,1.30801,1.30811,1.50,1.50
2012.12.12 17:47:45.064,1.30802,1.30811,1.50,1.73
2012.12.12 17:47:45.137,1.30805,1.30812,1.50,1.73
2012.12.12 17:47:45.706,1.30805,1.30812,1.50,1.73
2012.12.12 17:47:46.257,1.30806,1.30812,1.50,3.98
2012.12.12 17:47:46.496,1.30806,1.30812,1.50,3.23
2012.12.12 17:47:46.915,1.30806,1.30811,1.50,1.50
2012.12.12 17:47:47.158,1.30806,1.30811,2.25,1.50
2012.12.12 17:47:47.466,1.30808,1.30813,1.50,1.50
2012.12.12 17:47:47.986,1.30808,1.30814,1.50,2.40
2012.12.12 17:47:49.047,1.3081,1.30815,1.50,1.65
2012.12.12 17:47:49.106,1.3081,1.30817,2.25,2.85
2012.12.12 17:47:49.228,1.30811,1.30817,1.50,2.48
2012.12.12 17:47:49.419,1.3081,1.30817,1.50,2.25
2012.12.12 17:47:49.728,1.30802,1.30812,1.50,5.85
2012.12.12 17:47:49.857,1.30801,1.30804,1.50,1.65
2012.12.12 17:47:50.046,1.30788,1.30804,3.90,2.78
2012.12.12 17:47:50.106,1.30791,1.30799,4.88,1.88
2012.12.12 17:47:50.227,1.30791,1.30799,3.90,1.20
2012.12.12 17:47:50.355,1.30787,1.30796,1.50,3.15
2012.12.12 17:47:50.476,1.30787,1.30795,1.50,1.65
2012.12.12 17:47:51.095,1.30787,1.30794,1.50,1.50
2012.12.12 17:47:51.422,1.30784,1.30789,2.93,1.50
2012.12.12 17:47:51.705,1.30781,1.30789,3.75,1.65
2012.12.12 17:47:51.787,1.3078,1.30785,2.48,1.13
2012.12.12 17:47:52.356,1.30776,1.30782,2.25,1.50
2012.12.12 17:47:52.420,1.30776,1.30781,1.80,1.50
2012.12.12 17:47:52.757,1.30778,1.30781,1.80,1.50
2012.12.12 17:47:53.066,1.30781,1.30789,2.10,1.50
2012.12.12 17:47:53.489,1.30784,1.30791,1.05,1.50
2012.12.12 17:47:53.737,1.30787,1.30792,1.50,1.50
2012.12.12 17:47:53.856,1.30787,1.30793,2.55,1.50
2012.12.12 17:47:54.167,1.30793,1.30801,1.05,8.63
2012.12.12 17:47:54.227,1.30795,1.30801,1.80,7.88
2012.12.12 17:47:54.412,1.3079,1.30801,1.13,7.95
2012.12.12 17:47:54.478,1.30797,1.30805,2.03,2.25
2012.12.12 17:47:54.797,1.30802,1.30807,1.80,7.13
2012.12.12 17:47:54.916,1.30805,1.30809,1.80,1.50
2012.12.12 17:47:54.976,1.30806,1.30811,1.05,1.58
2012.12.12 17:47:55.097,1.30805,1.3081,1.50,1.50
2012.12.12 17:47:55.158,1.30802,1.30808,2.55,1.50
2012.12.12 17:47:55.465,1.30803,1.30809,1.05,1.50
2012.12.12 17:47:55.587,1.30805,1.30811,1.50,1.65
2012.12.12 17:47:56.428,1.30802,1.30809,3.00,2.25
2012.12.12 17:47:56.496,1.30803,1.30807,1.13,1.50
2012.12.12 17:47:56.618,1.30801,1.30805,1.13,1.50
2012.12.12 17:47:56.978,1.30798,1.30804,2.40,1.50
2012.12.12 17:47:57.166,1.30798,1.30802,1.43,1.50
2012.12.12 17:47:57.678,1.30799,1.30804,1.13,1.50
2012.12.12 17:47:57.806,1.30799,1.30805,3.68,2.25
2012.12.12 17:47:58.609,1.308,1.30805,1.13,1.50
2012.12.12 17:47:59.576,1.308,1.30805,1.43,1.50
2012.12.12 17:48:00.135,1.30799,1.30803,2.03,1.50
2012.12.12 17:48:00.675,1.30797,1.30803,2.48,1.50
2012.12.12 17:48:00.796,1.30797,1.30803,1.50,3.00
2012.12.12 17:48:01.456,1.30797,1.30802,1.73,1.50
2012.12.12 17:48:02.006,1.30797,1.30803,1.50,1.50
2012.12.12 17:48:02.687,1.308,1.30805,1.50,1.50
2012.12.12 17:48:02.747,1.30801,1.30807,1.88,1.50
2012.12.12 17:48:02.808,1.30801,1.30807,1.50,1.50
2012.12.12 17:48:02.877,1.30801,1.30806,1.50,1.50
2012.12.12 17:48:03.176,1.30799,1.30805,2.10,2.25
2012.12.12 17:48:03.716,1.30798,1.30805,2.10,1.65
2012.12.12 17:48:04.016,1.30803,1.30808,1.13,1.50
2012.12.12 17:48:04.076,1.30803,1.30808,1.13,1.50
2012.12.12 17:48:04.135,1.30803,1.3081,1.13,6.00
2012.12.12 17:48:05.116,1.30803,1.30811,2.63,2.25
2012.12.12 17:48:05.477,1.30803,1.30811,2.63,2.25
2012.12.12 17:48:05.657,1.30803,1.3081,1.50,3.23
2012.12.12 17:48:05.717,1.30803,1.3081,1.88,2.48
2012.12.12 17:48:05.837,1.30804,1.30811,1.13,3.23
2012.12.12 17:48:06.196,1.308,1.3081,1.50,1.50
2012.12.12 17:48:06.516,1.30802,1.3081,2.63,1.50
2012.12.12 17:48:06.576,1.30802,1.30811,2.63,2.25
2012.12.12 17:48:06.755,1.30803,1.30811,1.13,3.75
2012.12.12 17:48:07.056,1.30807,1.30815,1.28,8.25
2012.12.12 17:48:07.177,1.30809,1.30817,1.50,1.50
2012.12.12 17:48:07.296,1.30809,1.30817,1.50,1.50
2012.12.12 17:48:08.470,1.30809,1.30818,1.28,4.13
2012.12.12 17:48:09.052,1.30809,1.30818,1.28,4.88
2012.12.12 17:48:10.355,1.30808,1.30817,2.10,1.50
2012.12.12 17:48:10.716,1.30808,1.30815,1.65,3.00
2012.12.12 17:48:10.776,1.30806,1.30815,1.69,6.23
2012.12.12 17:48:11.136,1.30805,1.30812,1.95,1.50
2012.12.12 17:48:11.546,1.30806,1.30812,1.50,1.50
2012.12.12 17:48:12.006,1.30804,1.30812,1.50,3.75
2012.12.12 17:48:12.366,1.30801,1.3081,2.40,3.30
2012.12.12 17:48:12.605,1.30803,1.30811,1.20,2.85
2012.12.12 17:48:12.786,1.30804,1.30811,1.20,2.10
2012.12.12 17:48:14.327,1.30804,1.30812,3.45,3.00
2012.12.12 17:48:14.690,1.30807,1.30814,1.50,1.50
2012.12.12 17:48:14.876,1.30809,1.30815,2.67,3.75
2012.12.12 17:48:15.356,1.30811,1.30821,2.63,3.60
2012.12.12 17:48:15.535,1.30811,1.30822,4.50,3.00
2012.12.12 17:48:16.076,1.30815,1.30821,1.50,3.83
2012.12.12 17:48:17.463,1.30816,1.30823,3.45,1.88
2012.12.12 17:48:18.267,1.30819,1.30826,1.65,3.45
2012.12.12 17:48:18.399,1.30822,1.30827,1.88,3.00
2012.12.12 17:48:18.808,1.30822,1.3083,3.38,6.90
2012.12.12 17:48:18.877,1.30826,1.30833,1.50,1.13
2012.12.12 17:48:18.938,1.30829,1.30833,1.50,1.13
2012.12.12 17:48:19.129,1.30831,1.30839,3.00,2.63
2012.12.12 17:48:19.616,1.30834,1.30843,2.25,2.48
2012.12.12 17:48:19.676,1.30835,1.30843,1.50,1.50
2012.12.12 17:48:19.797,1.30837,1.30843,1.50,2.25
2012.12.12 17:48:19.977,1.30839,1.30843,1.13,1.50
2012.12.12 17:48:20.276,1.30839,1.3085,1.50,1.65
2012.12.12 17:48:20.336,1.30838,1.30846,2.70,1.65
2012.12.12 17:48:20.875,1.30837,1.30843,1.28,1.73
2012.12.12 17:48:21.176,1.30833,1.30841,2.55,1.50
2012.12.12 17:48:21.477,1.30832,1.30836,1.28,1.50
2012.12.12 17:48:22.067,1.30831,1.30836,1.43,1.50
2012.12.12 17:48:22.126,1.30832,1.30837,1.05,1.50
2012.12.12 17:48:22.428,1.30834,1.3084,1.50,1.50
2012.12.12 17:48:22.557,1.30835,1.30841,1.50,2.25
2012.12.12 17:48:23.036,1.30836,1.30841,1.28,1.50
2012.12.12 17:48:24.096,1.30837,1.30843,1.50,1.50
2012.12.12 17:48:24.396,1.30837,1.30844,1.50,1.50
2012.12.12 17:48:24.937,1.30838,1.30843,1.28,1.50
2012.12.12 17:48:25.957,1.30838,1.30842,1.99,1.50
2012.12.12 17:48:26.318,1.30843,1.30849,1.28,1.50
2012.12.12 17:48:26.388,1.30844,1.3085,1.28,5.48
2012.12.12 17:48:26.891,1.30845,1.30851,1.28,4.50
2012.12.12 17:48:27.196,1.30842,1.30846,1.28,1.50
2012.12.12 17:48:27.560,1.30845,1.30853,8.04,1.50
2012.12.12 17:48:27.629,1.30849,1.30858,1.28,3.03
2012.12.12 17:48:27.816,1.30848,1.30853,2.03,1.50
2012.12.12 17:48:27.876,1.3085,1.30854,1.28,1.50
2012.12.12 17:48:28.435,1.30847,1.30851,1.50,1.50
2012.12.12 17:48:28.738,1.30849,1.30854,2.25,3.75
2012.12.12 17:48:28.858,1.30853,1.30859,1.43,1.50
2012.12.12 17:48:28.927,1.30855,1.3086,1.50,3.15
2012.12.12 17:48:29.357,1.30854,1.30864,1.88,2.40
2012.12.12 17:48:29.598,1.30854,1.30862,1.50,3.15
2012.12.12 17:48:29.788,1.30853,1.30862,1.50,7.05
2012.12.12 17:48:29.856,1.30852,1.30861,1.50,1.20
2012.12.12 17:48:30.157,1.30851,1.30858,1.13,1.05
2012.12.12 17:48:30.517,1.30847,1.30855,1.50,1.50
2012.12.12 17:48:31.117,1.30846,1.30854,1.50,2.25
2012.12.12 17:48:32.157,1.30846,1.30854,1.50,1.73
2012.12.12 17:48:32.335,1.30844,1.30852,1.43,2.40
2012.12.12 17:48:32.576,1.30842,1.3085,2.63,2.25
2012.12.12 17:48:32.757,1.30842,1.30849,1.88,1.50
2012.12.12 17:48:33.056,1.30839,1.30849,2.20,1.65
2012.12.12 17:48:33.116,1.30837,1.30847,1.65,1.50
2012.12.12 17:48:33.655,1.30838,1.30845,1.05,2.48
2012.12.12 17:48:34.530,1.30836,1.30846,1.80,1.50
2012.12.12 17:48:34.668,1.30838,1.30847,1.05,3.98
2012.12.12 17:48:35.206,1.30836,1.30844,1.58,3.00
2012.12.12 17:48:35.750,1.30836,1.30844,1.05,3.00
2012.12.12 17:48:35.877,1.30835,1.30844,2.48,3.00
2012.12.12 17:48:35.938,1.30836,1.30844,2.55,3.00
2012.12.12 17:48:36.057,1.30836,1.30844,2.33,1.50
2012.12.12 17:48:36.117,1.30837,1.30846,2.18,1.20
2012.12.12 17:48:36.476,1.3084,1.3085,1.43,4.58
2012.12.12 17:48:36.537,1.3084,1.30849,1.43,1.20
2012.12.12 17:48:36.716,1.30838,1.30848,1.05,1.50
2012.12.12 17:48:36.837,1.3084,1.3085,2.63,2.63
2012.12.12 17:48:36.897,1.30841,1.3085,1.35,1.35
2012.12.12 17:48:37.255,1.30838,1.30847,1.80,1.65
2012.12.12 17:48:37.776,1.30837,1.30847,2.55,1.88
2012.12.12 17:48:38.265,1.30835,1.30845,2.63,1.50
2012.12.12 17:48:39.501,1.30835,1.30845,1.65,2.48
2012.12.12 17:48:39.806,1.30835,1.30844,1.50,1.50
2012.12.12 17:48:40.320,1.30835,1.30841,1.50,2.25
2012.12.12 17:48:41.246,1.30835,1.3084,1.50,1.50
2012.12.12 17:48:41.838,1.30834,1.3084,2.25,1.50
2012.12.12 17:48:42.093,1.30829,1.30835,2.48,1.50
2012.12.12 17:48:42.517,1.30828,1.30833,1.65,1.50
2012.12.12 17:48:43.026,1.30828,1.30833,1.65,1.50
2012.12.12 17:48:44.033,1.30829,1.30837,3.98,1.73
2012.12.12 17:48:44.117,1.30835,1.3084,1.50,2.25
2012.12.12 17:48:44.191,1.30835,1.30841,1.50,3.75
2012.12.12 17:48:45.084,1.30835,1.30844,2.25,1.88
2012.12.12 17:48:45.155,1.3084,1.30844,2.48,1.88
2012.12.12 17:48:45.233,1.30842,1.30846,1.50,3.00
2012.12.12 17:48:45.417,1.30843,1.30849,1.65,1.50
2012.12.12 17:48:45.837,1.30842,1.30848,3.00,2.25
2012.12.12 17:48:46.567,1.3084,1.30846,3.90,1.50
2012.12.12 17:48:47.116,1.3084,1.30845,3.15,1.50
2012.12.12 17:48:47.626,1.3084,1.30845,1.65,1.50
2012.12.12 17:48:47.868,1.3084,1.30846,2.25,2.25
2012.12.12 17:48:48.050,1.30845,1.3085,1.50,2.25
2012.12.12 17:48:48.118,1.30845,1.3085,2.25,1.50
2012.12.12 17:48:48.486,1.30846,1.30851,1.50,1.50
2012.12.12 17:48:48.666,1.30847,1.30853,1.50,2.25
2012.12.12 17:48:49.208,1.30846,1.30853,1.50,2.25
2012.12.12 17:48:49.723,1.30848,1.30853,1.65,1.50
2012.12.12 17:48:50.037,1.3085,1.30854,1.50,1.50
2012.12.12 17:48:50.156,1.30851,1.30858,2.25,3.98
2012.12.12 17:48:50.277,1.30852,1.30858,1.50,3.23
2012.12.12 17:48:50.579,1.30854,1.3086,1.50,2.25
2012.12.12 17:48:50.650,1.30854,1.3086,1.50,1.50
2012.12.12 17:48:50.917,1.30854,1.30862,1.65,3.00
2012.12.12 17:48:51.276,1.30855,1.30862,2.25,1.50
2012.12.12 17:48:51.827,1.30859,1.30864,1.88,1.50
2012.12.12 17:48:51.981,1.30861,1.30866,1.65,1.50
2012.12.12 17:48:52.526,1.3086,1.30866,1.88,1.50
2012.12.12 17:48:53.307,1.30863,1.30868,1.50,1.50
2012.12.12 17:48:53.551,1.30866,1.30871,1.13,1.50
2012.12.12 17:48:53.623,1.30866,1.30872,2.10,1.50
2012.12.12 17:48:53.931,1.30866,1.30874,2.85,1.50
2012.12.12 17:48:54.117,1.30866,1.30872,2.63,1.50
2012.12.12 17:48:54.637,1.30866,1.30872,1.88,2.25
2012.12.12 17:48:54.756,1.30868,1.30874,1.50,1.50
2012.12.12 17:48:55.286,1.30866,1.30872,2.63,1.50
2012.12.12 17:48:55.907,1.30868,1.30876,1.65,3.00
2012.12.12 17:48:56.266,1.30869,1.30875,1.88,1.50
2012.12.12 17:48:56.626,1.30872,1.30879,3.75,2.25
2012.12.12 17:48:56.687,1.3087,1.30876,2.10,1.50
2012.12.12 17:48:56.807,1.30869,1.30874,1.65,2.25
2012.12.12 17:48:56.986,1.30866,1.30872,3.23,1.73
2012.12.12 17:48:57.226,1.30866,1.30873,3.98,2.40
2012.12.12 17:48:57.536,1.30866,1.30872,3.23,1.50
2012.12.12 17:48:58.377,1.30865,1.30871,1.50,2.25
2012.12.12 17:48:58.436,1.30866,1.30871,2.25,1.50
2012.12.12 17:48:58.858,1.30865,1.3087,1.50,1.50
2012.12.12 17:48:59.994,1.30865,1.3087,1.50,1.50
2012.12.12 17:49:00.765,1.30868,1.30874,1.65,2.25
2012.12.12 17:49:01.196,1.30869,1.30875,1.88,2.25
2012.12.12 17:49:01.872,1.30871,1.30878,1.65,1.73
2012.12.12 17:49:01.941,1.30871,1.30878,1.13,1.50
2012.12.12 17:49:02.487,1.30873,1.3088,1.50,3.15
2012.12.12 17:49:02.965,1.30871,1.30876,1.13,1.50
2012.12.12 17:49:03.505,1.30872,1.30878,1.50,2.25
2012.12.12 17:49:03.895,1.30874,1.3088,1.13,2.25
2012.12.12 17:49:04.197,1.3088,1.30888,1.65,3.23
2012.12.12 17:49:04.317,1.3088,1.30885,1.58,1.50
2012.12.12 17:49:04.617,1.30882,1.30887,2.48,2.25
2012.12.12 17:49:04.677,1.30882,1.30887,3.23,1.50
2012.12.12 17:49:05.262,1.30882,1.30887,1.73,1.50
2012.12.12 17:49:06.161,1.30884,1.30889,1.50,2.25
2012.12.12 17:49:06.899,1.30879,1.30884,2.25,1.50
2012.12.12 17:49:07.216,1.30878,1.30886,1.65,1.50
2012.12.12 17:49:07.577,1.30884,1.3089,5.48,3.75
2012.12.12 17:49:07.899,1.30887,1.30892,3.75,3.90
2012.12.12 17:49:07.967,1.30887,1.30893,3.75,9.62
2012.12.12 17:49:08.206,1.30888,1.30894,1.58,2.25
2012.12.12 17:49:08.923,1.30885,1.3089,1.50,3.00
2012.12.12 17:49:09.009,1.30882,1.30889,1.73,1.50
2012.12.12 17:49:09.089,1.30881,1.30889,3.42,1.50
2012.12.12 17:49:09.159,1.30881,1.30887,2.82,1.50
2012.12.12 17:49:10.014,1.30879,1.30886,1.13,2.25
2012.12.12 17:49:10.568,1.30879,1.30885,1.13,2.25
2012.12.12 17:49:11.123,1.30879,1.30885,1.65,2.25
2012.12.12 17:49:11.677,1.30879,1.30885,2.40,1.50
2012.12.12 17:49:13.778,1.30878,1.30885,1.65,2.25
2012.12.12 17:49:14.307,1.30878,1.30885,1.65,1.50
2012.12.12 17:49:14.627,1.30877,1.30884,1.88,1.50
2012.12.12 17:49:14.756,1.30876,1.30883,1.13,1.50
2012.12.12 17:49:15.058,1.30876,1.30882,1.50,1.50
2012.12.12 17:49:15.126,1.30876,1.3088,2.25,1.50
2012.12.12 17:49:15.487,1.30875,1.30879,1.13,2.25
2012.12.12 17:49:15.847,1.30873,1.30879,1.50,1.50
2012.12.12 17:49:16.026,1.30873,1.30877,3.75,1.50
2012.12.12 17:49:16.221,1.30872,1.30876,3.62,2.25
2012.12.12 17:49:16.431,1.3087,1.30876,1.50,2.25
2012.12.12 17:49:17.306,1.30869,1.30876,1.50,1.50
2012.12.12 17:49:17.871,1.30868,1.30875,1.50,2.25
2012.12.12 17:49:18.358,1.30868,1.30873,1.50,2.63
2012.12.12 17:49:18.597,1.30866,1.30874,3.60,2.25
2012.12.12 17:49:18.719,1.30865,1.30873,2.48,1.88
2012.12.12 17:49:18.789,1.30865,1.30872,1.41,2.63
2012.12.12 17:49:18.988,1.30864,1.30871,1.19,3.00
2012.12.12 17:49:19.285,1.30863,1.30871,1.65,1.50
2012.12.12 17:49:19.707,1.30862,1.3087,3.15,1.73
2012.12.12 17:49:19.767,1.30862,1.30868,4.65,1.50
2012.12.12 17:49:20.309,1.30859,1.30869,1.50,4.13
2012.12.12 17:49:20.377,1.30857,1.30862,1.50,4.13
2012.12.12 17:49:20.498,1.30859,1.30873,10.71,1.13
2012.12.12 17:49:20.570,1.30865,1.30873,10.19,1.13
2012.12.12 17:49:21.142,1.30871,1.3088,1.35,1.88
2012.12.12 17:49:21.237,1.30873,1.30882,2.25,3.60
2012.12.12 17:49:21.307,1.30868,1.30885,2.25,7.45
2012.12.12 17:49:21.378,1.30874,1.30878,1.73,2.25
2012.12.12 17:49:21.506,1.30872,1.30879,1.65,1.50
2012.12.12 17:49:21.807,1.30871,1.30879,10.95,3.60
2012.12.12 17:49:22.047,1.30872,1.30875,1.50,2.25
2012.12.12 17:49:22.588,1.3087,1.30876,2.25,1.50
2012.12.12 17:49:22.648,1.30868,1.30876,2.10,1.50
2012.12.12 17:49:22.718,1.3087,1.30873,2.85,3.53
2012.12.12 17:49:22.778,1.30865,1.30876,3.90,5.03
2012.12.12 17:49:23.026,1.30867,1.30872,1.13,6.00
2012.12.12 17:49:23.089,1.30863,1.30874,1.50,2.63
2012.12.12 17:49:23.218,1.30862,1.30873,9.39,1.58
2012.12.12 17:49:23.525,1.30857,1.30876,8.78,1.32
2012.12.12 17:49:23.587,1.30866,1.30881,8.05,4.13
2012.12.12 17:49:24.136,1.30876,1.30881,3.37,1.50
2012.12.12 17:49:24.435,1.30878,1.30885,1.65,1.05
2012.12.12 17:49:24.625,1.30878,1.30883,2.40,1.05
2012.12.12 17:49:24.988,1.30879,1.30884,1.65,1.50
2012.12.12 17:49:26.217,1.30879,1.30884,1.50,1.50
2012.12.12 17:49:26.667,1.30878,1.30886,1.13,1.50
2012.12.12 17:49:26.849,1.30881,1.30887,2.47,2.25
2012.12.12 17:49:27.397,1.30881,1.30887,5.32,2.25
2012.12.12 17:49:27.517,1.30884,1.30891,3.38,1.50
2012.12.12 17:49:27.576,1.30887,1.30892,2.25,1.50
2012.12.12 17:49:27.757,1.30888,1.30894,1.50,1.13
2012.12.12 17:49:28.296,1.30888,1.30894,1.50,1.13
2012.12.12 17:49:29.009,1.30888,1.30895,3.00,2.63
2012.12.12 17:49:29.090,1.30889,1.30896,2.10,1.65
2012.12.12 17:49:29.397,1.30892,1.30897,1.50,2.25
2012.12.12 17:49:29.706,1.30894,1.30898,1.50,1.13
2012.12.12 17:49:29.767,1.30893,1.30898,1.50,1.88
2012.12.12 17:49:30.247,1.30898,1.30904,3.23,2.25
2012.12.12 17:49:30.319,1.309,1.30905,4.50,1.50
2012.12.12 17:49:30.628,1.30899,1.30905,5.33,1.50
2012.12.12 17:49:30.818,1.30899,1.30908,6.68,1.50
2012.12.12 17:49:31.188,1.30899,1.30906,5.48,1.50
2012.12.12 17:49:31.558,1.30899,1.30909,1.95,1.50
2012.12.12 17:49:31.915,1.30899,1.30907,3.38,1.50
2012.12.12 17:49:32.217,1.30898,1.30905,1.35,1.88
2012.12.12 17:49:32.517,1.30896,1.30902,2.25,1.50
2012.12.12 17:49:32.637,1.30895,1.30904,1.13,1.65
2012.12.12 17:49:32.817,1.30894,1.309,1.50,1.13
2012.12.12 17:49:33.177,1.3089,1.30897,8.31,1.65
2012.12.12 17:49:33.537,1.30886,1.30892,2.25,1.50
2012.12.12 17:49:33.717,1.30888,1.30895,1.50,2.48
2012.12.12 17:49:34.077,1.30894,1.309,3.00,3.75
2012.12.12 17:49:34.268,1.30896,1.30904,2.11,7.05
2012.12.12 17:49:34.580,1.30893,1.30898,2.26,2.18
2012.12.12 17:49:34.947,1.30892,1.30898,1.51,1.43
2012.12.12 17:49:35.136,1.3089,1.30895,2.41,1.50
2012.12.12 17:49:35.437,1.30889,1.30894,1.22,2.48
2012.12.12 17:49:35.806,1.30886,1.30893,1.09,1.73
2012.12.12 17:49:36.046,1.30885,1.30892,1.51,2.40
2012.12.12 17:49:36.486,1.30884,1.30889,3.61,1.43
2012.12.12 17:49:37.058,1.30885,1.30889,1.65,1.43
2012.12.12 17:49:37.361,1.30883,1.30889,2.86,1.43
2012.12.12 17:49:37.560,1.30874,1.30888,1.73,15.05
2012.12.12 17:49:37.986,1.30872,1.3088,1.51,8.00
2012.12.12 17:49:38.048,1.30867,1.30875,1.50,4.80
2012.12.12 17:49:38.502,1.30866,1.3087,1.66,2.25
2012.12.12 17:49:38.811,1.30866,1.30872,2.41,1.43
2012.12.12 17:49:39.416,1.30867,1.30872,1.50,1.50
2012.12.12 17:49:39.478,1.30868,1.30873,8.50,1.50
2012.12.12 17:49:39.613,1.30869,1.30875,3.38,1.50
2012.12.12 17:49:39.855,1.30875,1.30881,2.86,1.50
2012.12.12 17:49:41.545,1.30875,1.3088,2.11,1.50
2012.12.12 17:49:41.847,1.30874,1.30878,1.50,1.50
2012.12.12 17:49:42.028,1.30871,1.30876,1.51,5.63
2012.12.12 17:49:42.097,1.30867,1.30874,1.13,1.50
2012.12.12 17:49:42.217,1.30866,1.30874,4.58,1.50
2012.12.12 17:49:42.518,1.30872,1.30877,2.41,1.73
2012.12.12 17:49:42.995,1.30871,1.30877,2.33,1.50
2012.12.12 17:49:43.055,1.30873,1.30879,2.40,3.00
2012.12.12 17:49:43.596,1.30875,1.3088,2.26,1.50
2012.12.12 17:49:44.019,1.30877,1.30881,1.13,1.50
2012.12.12 17:49:44.206,1.30877,1.30884,1.51,2.25
2012.12.12 17:49:44.326,1.30876,1.30881,1.51,1.50
2012.12.12 17:49:44.812,1.30875,1.30881,1.51,2.25
2012.12.12 17:49:45.355,1.30874,1.30881,2.63,2.25
2012.12.12 17:49:45.957,1.30873,1.3088,1.51,1.65
2012.12.12 17:49:46.258,1.30876,1.30881,1.88,2.25
2012.12.12 17:49:46.318,1.30876,1.30881,1.66,2.25
2012.12.12 17:49:46.497,1.30876,1.30885,1.66,1.13
2012.12.12 17:49:47.012,1.30876,1.30885,1.66,1.13
2012.12.12 17:49:47.155,1.30874,1.30882,3.01,4.17
2012.12.12 17:49:47.395,1.30876,1.3088,1.50,3.42
2012.12.12 17:49:47.935,1.30875,1.3088,2.41,1.73
2012.12.12 17:49:48.115,1.30878,1.30884,1.50,3.00
2012.12.12 17:49:48.906,1.30875,1.30884,2.26,3.75
2012.12.12 17:49:49.086,1.30875,1.3088,1.51,1.50
2012.12.12 17:49:49.205,1.30875,1.3088,1.51,2.40
2012.12.12 17:49:49.566,1.30874,1.3088,3.98,2.25
2012.12.12 17:49:49.687,1.30878,1.30883,1.66,1.13
2012.12.12 17:49:50.247,1.30878,1.30883,1.50,2.25
2012.12.12 17:49:51.936,1.30877,1.30882,1.88,2.48
2012.12.12 17:49:52.116,1.30876,1.30881,1.73,1.50
2012.12.12 17:49:52.187,1.30875,1.30879,2.26,2.25
2012.12.12 17:49:52.915,1.3087,1.30876,1.66,1.50
2012.12.12 17:49:53.466,1.3087,1.30876,1.66,3.00
2012.12.12 17:49:53.526,1.30869,1.30874,1.13,1.50
2012.12.12 17:49:53.647,1.30866,1.30873,4.73,2.25
2012.12.12 17:49:53.766,1.30866,1.30873,3.98,3.00
2012.12.12 17:49:54.306,1.30866,1.30873,3.75,1.50
2012.12.12 17:49:55.187,1.30866,1.30873,2.25,3.00
2012.12.12 17:49:55.694,1.30866,1.30873,1.50,3.00
2012.12.12 17:49:56.716,1.30866,1.30872,1.50,1.50
2012.12.12 17:49:57.257,1.30866,1.30871,2.25,1.50
2012.12.12 17:49:57.567,1.30863,1.30869,2.25,1.50
2012.12.12 17:49:57.876,1.30858,1.30864,2.61,1.50
2012.12.12 17:49:58.408,1.30859,1.30864,1.50,1.50
2012.12.12 17:49:58.586,1.30858,1.30864,1.50,2.25
2012.12.12 17:49:58.886,1.30855,1.30861,6.00,1.50
2012.12.12 17:49:59.006,1.30855,1.30862,6.00,1.50
2012.12.12 17:49:59.307,1.30858,1.30864,1.65,3.00
2012.12.12 17:49:59.725,1.30856,1.30862,3.75,1.50
2012.12.12 17:50:00.276,1.30856,1.30863,3.00,1.50
2012.12.12 17:50:00.817,1.30856,1.30863,3.00,1.50
2012.12.12 17:50:01.535,1.30856,1.30863,1.50,1.50
2012.12.12 17:50:02.046,1.30856,1.30863,2.25,1.20
2012.12.12 17:50:02.348,1.30861,1.3087,5.25,3.30
2012.12.12 17:50:02.707,1.30864,1.30872,1.73,1.20
2012.12.12 17:50:03.270,1.30865,1.30872,1.73,1.95
2012.12.12 17:50:03.826,1.30865,1.30872,1.73,1.95
2012.12.12 17:50:04.130,1.30869,1.30872,2.10,1.95
2012.12.12 17:50:04.437,1.30869,1.30878,4.73,10.73
2012.12.12 17:50:04.556,1.30874,1.30878,1.50,1.13
2012.12.12 17:50:04.916,1.30875,1.30881,1.73,1.43
2012.12.12 17:50:05.447,1.30876,1.30881,2.25,1.43
2012.12.12 17:50:05.508,1.30877,1.30881,1.65,1.43
2012.12.12 17:50:05.628,1.30878,1.30884,1.88,1.43
2012.12.12 17:50:05.987,1.30876,1.30883,2.25,1.65
2012.12.12 17:50:06.406,1.30876,1.30883,3.01,2.33
2012.12.12 17:50:06.466,1.30876,1.30883,3.01,1.65
2012.12.12 17:50:07.706,1.30876,1.30882,1.50,1.50
2012.12.12 17:50:08.267,1.30871,1.30882,3.98,4.35
2012.12.12 17:50:09.556,1.30871,1.30877,2.48,1.50
2012.12.12 17:50:10.157,1.3087,1.30877,1.65,1.50
2012.12.12 17:50:10.276,1.30869,1.30877,6.30,1.50
2012.12.12 17:50:10.336,1.30869,1.30877,5.55,1.50
2012.12.12 17:50:10.816,1.30869,1.30878,3.15,2.25
2012.12.12 17:50:11.117,1.30872,1.30879,3.98,1.50
2012.12.12 17:50:11.496,1.30872,1.30881,6.98,1.95
2012.12.12 17:50:11.679,1.30875,1.30881,1.65,1.20
2012.12.12 17:50:11.807,1.30879,1.30884,1.50,2.85
2012.12.12 17:50:11.929,1.30879,1.30886,1.50,1.50
2012.12.12 17:50:12.486,1.30878,1.30886,1.65,1.50
2012.12.12 17:50:12.993,1.3088,1.30885,1.13,1.50
2012.12.12 17:50:13.535,1.3088,1.30884,1.13,1.50
2012.12.12 17:50:13.836,1.3088,1.30886,1.13,2.25
2012.12.12 17:50:14.595,1.30881,1.30887,1.73,1.50
2012.12.12 17:50:15.156,1.3088,1.30885,1.88,1.50
2012.12.12 17:50:15.296,1.3088,1.30885,1.13,1.50
2012.12.12 17:50:17.236,1.30878,1.30885,2.63,1.50
2012.12.12 17:50:17.787,1.3088,1.30887,1.13,2.25
2012.12.12 17:50:20.042,1.30878,1.30885,2.63,1.50
2012.12.12 17:50:20.587,1.3088,1.30885,1.13,1.50
2012.12.12 17:50:21.056,1.30878,1.30885,1.73,2.25
2012.12.12 17:50:21.117,1.30878,1.30885,1.73,2.25
2012.12.12 17:50:21.476,1.30879,1.30885,1.73,2.25
2012.12.12 17:50:21.997,1.30878,1.30885,2.48,3.00
2012.12.12 17:50:22.536,1.30878,1.30885,3.23,3.00
2012.12.12 17:50:23.045,1.30877,1.30885,4.88,3.08
2012.12.12 17:50:23.585,1.30877,1.30885,5.63,3.08
2012.12.12 17:50:23.945,1.30877,1.30885,3.90,3.08
2012.12.12 17:50:24.495,1.30877,1.30885,5.63,3.08
2012.12.12 17:50:25.068,1.30878,1.30885,1.73,3.08
2012.12.12 17:50:25.426,1.30877,1.30882,3.00,1.65
2012.12.12 17:50:25.547,1.30877,1.30885,3.98,4.43
2012.12.12 17:50:25.726,1.30877,1.30885,2.40,3.08
2012.12.12 17:50:25.906,1.30878,1.30885,1.88,2.33
2012.12.12 17:50:26.148,1.30879,1.30885,1.73,2.33
2012.12.12 17:50:26.338,1.30881,1.30886,1.50,3.08
2012.12.12 17:50:26.465,1.30879,1.30886,2.40,3.83
2012.12.12 17:50:26.765,1.30879,1.30886,1.65,3.83
2012.12.12 17:50:27.251,1.30877,1.30882,1.50,2.33
2012.12.12 17:50:27.379,1.30874,1.3088,1.73,2.25
2012.12.12 17:50:27.507,1.30874,1.30881,2.10,1.50
2012.12.12 17:50:27.626,1.30877,1.30882,2.63,1.58
2012.12.12 17:50:28.166,1.30878,1.30882,1.12,1.50
2012.12.12 17:50:28.956,1.30878,1.30885,1.12,1.58
2012.12.12 17:50:30.006,1.30878,1.30885,2.62,1.50
2012.12.12 17:50:30.318,1.30878,1.30883,1.65,1.50
2012.12.12 17:50:30.386,1.30878,1.30884,2.40,1.50
2012.12.12 17:50:31.166,1.30878,1.30884,3.37,1.50
2012.12.12 17:50:31.346,1.30881,1.30886,1.65,1.58
2012.12.12 17:50:31.526,1.30884,1.3089,1.73,1.65
2012.12.12 17:50:31.585,1.30884,1.30892,2.48,1.05
2012.12.12 17:50:32.301,1.30885,1.30894,1.13,1.80
2012.12.12 17:50:32.616,1.30883,1.30889,1.50,1.35
2012.12.12 17:50:33.117,1.30882,1.3089,2.25,1.95
2012.12.12 17:50:33.666,1.30879,1.30889,2.63,2.55
2012.12.12 17:50:34.026,1.30879,1.30888,3.38,1.50
2012.12.12 17:50:35.286,1.30879,1.30888,3.38,1.50
2012.12.12 17:50:35.825,1.30879,1.30884,1.88,1.50
2012.12.12 17:50:36.366,1.30879,1.30885,1.88,1.50
2012.12.12 17:50:36.906,1.30879,1.30887,2.63,2.25
2012.12.12 17:50:37.086,1.30882,1.30887,1.50,2.25
2012.12.12 17:50:37.266,1.30882,1.3089,2.25,1.80
2012.12.12 17:50:37.747,1.30884,1.30891,1.73,1.50
2012.12.12 17:50:37.927,1.30884,1.30892,2.48,1.05
2012.12.12 17:50:38.485,1.30884,1.30892,3.98,1.05
2012.12.12 17:50:38.616,1.30884,1.30893,3.23,2.55
2012.12.12 17:50:38.796,1.30884,1.30891,3.23,3.15
2012.12.12 17:50:39.159,1.30884,1.30891,3.30,2.10
2012.12.12 17:50:39.226,1.30889,1.30893,1.73,1.80
2012.12.12 17:50:39.286,1.30889,1.30893,1.73,1.80
2012.12.12 17:50:39.347,1.30889,1.30895,1.73,1.95
2012.12.12 17:50:39.707,1.3089,1.30897,1.80,1.13
2012.12.12 17:50:40.137,1.3089,1.30894,1.05,1.65
2012.12.12 17:50:40.558,1.30892,1.30898,1.50,1.50
2012.12.12 17:50:40.916,1.30892,1.309,1.73,1.50
2012.12.12 17:50:41.038,1.30894,1.30901,1.73,2.40
2012.12.12 17:50:41.597,1.30894,1.30901,1.80,1.65
2012.12.12 17:50:42.020,1.30895,1.30901,1.50,1.43
2012.12.12 17:50:42.091,1.30895,1.30901,1.50,1.43
2012.12.12 17:50:42.231,1.30893,1.30901,1.80,1.43
2012.12.12 17:50:42.555,1.30894,1.30903,3.30,1.65
2012.12.12 17:50:42.616,1.30896,1.30902,1.05,1.65
2012.12.12 17:50:43.136,1.30896,1.30902,1.13,1.50
2012.12.12 17:50:43.196,1.30896,1.30904,1.13,2.03
2012.12.12 17:50:43.616,1.30897,1.30903,1.58,1.50
2012.12.12 17:50:44.157,1.30897,1.30902,1.50,1.50
2012.12.12 17:50:44.456,1.30895,1.30902,3.08,1.65
2012.12.12 17:50:44.637,1.30895,1.30902,1.50,1.65
2012.12.12 17:50:45.495,1.30895,1.30902,1.73,1.65
2012.12.12 17:50:45.855,1.30896,1.30904,1.73,1.28
2012.12.12 17:50:46.055,1.30896,1.30904,1.73,1.28
2012.12.12 17:50:46.476,1.30896,1.30904,1.58,1.28
2012.12.12 17:50:46.617,1.30896,1.30904,1.58,2.03
2012.12.12 17:50:47.090,1.30896,1.30904,1.65,1.28
2012.12.12 17:50:47.337,1.30896,1.30904,1.58,1.65
2012.12.12 17:50:47.697,1.30894,1.30903,3.30,3.53
2012.12.12 17:50:47.998,1.30897,1.30904,1.50,1.28
2012.12.12 17:50:48.249,1.309,1.30908,1.65,2.25
2012.12.12 17:50:48.498,1.309,1.30908,1.50,3.53
2012.12.12 17:50:48.627,1.309,1.30908,1.73,2.03
2012.12.12 17:50:49.357,1.30899,1.30904,2.40,1.50
2012.12.12 17:50:49.716,1.30895,1.309,1.50,3.68
2012.12.12 17:50:49.836,1.30893,1.30899,1.73,3.15
2012.12.12 17:50:50.137,1.30895,1.30904,1.73,3.53
2012.12.12 17:50:50.556,1.30894,1.30903,2.33,1.50
2012.12.12 17:50:51.098,1.30898,1.30907,2.10,1.50
2012.12.12 17:50:51.168,1.30899,1.30907,5.95,1.50
2012.12.12 17:50:51.227,1.30899,1.3091,6.70,2.25
2012.12.12 17:50:51.887,1.30898,1.30904,4.80,1.50
2012.12.12 17:50:52.006,1.30896,1.30902,4.13,1.73
2012.12.12 17:50:52.805,1.30896,1.30902,2.25,1.50
2012.12.12 17:50:52.889,1.30895,1.30902,1.50,1.50
2012.12.12 17:50:53.446,1.30895,1.30902,1.50,1.50
2012.12.12 17:50:53.996,1.30895,1.30901,1.73,1.88
2012.12.12 17:50:54.118,1.30892,1.30898,3.98,2.25
2012.12.12 17:50:54.306,1.30895,1.30901,1.50,2.63
2012.12.12 17:50:54.487,1.30898,1.30904,1.35,1.73
2012.12.12 17:50:55.026,1.30897,1.30902,2.63,2.25
2012.12.12 17:50:55.208,1.30895,1.30901,3.45,1.50
2012.12.12 17:50:55.396,1.30895,1.30901,1.73,1.50
2012.12.12 17:50:55.946,1.30895,1.309,1.73,1.50
2012.12.12 17:50:56.006,1.30893,1.30901,1.73,1.65
2012.12.12 17:50:56.066,1.30894,1.30901,1.20,1.65
2012.12.12 17:50:56.126,1.30894,1.30901,1.20,2.40
2012.12.12 17:50:56.546,1.30892,1.309,3.00,2.40
2012.12.12 17:50:57.085,1.30891,1.30897,3.23,1.50
2012.12.12 17:50:57.625,1.3089,1.30897,2.25,1.50
2012.12.12 17:50:57.926,1.3089,1.30897,1.50,1.50
2012.12.12 17:50:58.466,1.30889,1.30897,1.65,2.40
2012.12.12 17:50:58.776,1.30886,1.30892,2.10,1.50
2012.12.12 17:50:58.837,1.30886,1.30892,2.10,2.48
2012.12.12 17:50:59.031,1.30886,1.30893,3.75,2.25
2012.12.12 17:50:59.335,1.30891,1.30896,1.88,1.50
2012.12.12 17:50:59.696,1.30889,1.30897,3.10,1.13
2012.12.12 17:51:00.246,1.30887,1.30897,2.78,1.13
2012.12.12 17:51:00.545,1.30887,1.30897,2.00,1.88
2012.12.12 17:51:00.848,1.30889,1.309,1.50,6.45
2012.12.12 17:51:01.035,1.30891,1.309,1.13,3.98
2012.12.12 17:51:01.216,1.30891,1.309,1.13,2.48
2012.12.12 17:51:01.576,1.30887,1.30893,1.73,1.50
2012.12.12 17:51:02.118,1.30891,1.30897,1.13,1.88
2012.12.12 17:51:02.665,1.3089,1.30896,1.13,2.25
2012.12.12 17:51:02.966,1.30889,1.30896,1.50,3.15
2012.12.12 17:51:03.086,1.30888,1.30894,1.50,1.50
2012.12.12 17:51:03.326,1.30886,1.30893,1.13,1.50
2012.12.12 17:51:04.230,1.30886,1.30893,1.50,1.50
2012.12.12 17:51:04.776,1.30885,1.30892,1.50,1.50
2012.12.12 17:51:05.095,1.30886,1.30892,1.13,1.50
2012.12.12 17:51:05.336,1.30886,1.30891,1.13,2.25
2012.12.12 17:51:05.515,1.30886,1.30893,1.13,3.23
2012.12.12 17:51:06.237,1.30885,1.30892,2.78,3.00
2012.12.12 17:51:06.416,1.30885,1.30889,1.50,1.50
2012.12.12 17:51:06.717,1.3088,1.30887,1.13,1.50
2012.12.12 17:51:07.016,1.30881,1.30887,1.13,1.73
2012.12.12 17:51:07.567,1.30881,1.30887,1.08,1.50
2012.12.12 17:51:07.687,1.30883,1.30888,1.08,1.50
2012.12.12 17:51:08.205,1.30881,1.30888,1.28,1.50
2012.12.12 17:51:08.987,1.30882,1.30888,1.60,1.50
2012.12.12 17:51:09.048,1.30885,1.30889,1.28,1.50
2012.12.12 17:51:09.236,1.30886,1.3089,1.08,2.25
2012.12.12 17:51:09.777,1.30885,1.30891,1.28,1.50
2012.12.12 17:51:09.977,1.30886,1.30891,1.08,1.50
2012.12.12 17:51:10.755,1.30885,1.30891,1.59,1.50
2012.12.12 17:51:11.626,1.30886,1.30891,1.81,1.50
2012.12.12 17:51:14.106,1.30887,1.30892,1.64,1.50
2012.12.12 17:51:15.168,1.30888,1.30895,1.64,1.73
2012.12.12 17:51:15.306,1.30888,1.30894,1.60,1.50
2012.12.12 17:51:15.370,1.30888,1.30896,2.35,4.50
2012.12.12 17:51:15.555,1.30893,1.30896,1.50,1.50
2012.12.12 17:51:15.798,1.30894,1.30899,2.03,1.50
2012.12.12 17:51:16.175,1.30894,1.309,2.03,1.73
2012.12.12 17:51:16.956,1.30894,1.30899,1.50,1.73
2012.12.12 17:51:17.399,1.30894,1.30901,1.28,1.73
2012.12.12 17:51:17.767,1.30894,1.309,1.28,1.73
2012.12.12 17:51:18.295,1.30894,1.309,1.28,2.48
2012.12.12 17:51:20.070,1.30894,1.30899,1.50,1.73
2012.12.12 17:51:20.376,1.30894,1.30899,1.50,1.73
2012.12.12 17:51:21.698,1.30891,1.30896,1.50,1.50
2012.12.12 17:51:21.818,1.30889,1.30895,2.20,2.25
2012.12.12 17:51:22.056,1.30889,1.30894,1.97,2.48
2012.12.12 17:51:22.116,1.30889,1.30893,1.97,1.73
2012.12.12 17:51:22.657,1.30888,1.30893,1.50,1.73
2012.12.12 17:51:23.238,1.30887,1.30893,2.40,1.73
2012.12.12 17:51:23.871,1.30886,1.30892,1.50,2.25
2012.12.12 17:51:23.949,1.30887,1.30892,1.50,1.50
2012.12.12 17:51:24.138,1.30888,1.30894,2.25,2.48
2012.12.12 17:51:24.995,1.30888,1.30894,2.25,2.48
2012.12.12 17:51:25.877,1.30888,1.30894,2.25,2.48
2012.12.12 17:51:26.596,1.30888,1.30894,1.50,2.48
2012.12.12 17:51:26.716,1.30885,1.30893,1.24,2.48
2012.12.12 17:51:26.897,1.30882,1.30889,3.00,4.13
2012.12.12 17:51:27.078,1.30882,1.30886,1.50,1.73
2012.12.12 17:51:27.436,1.30881,1.30886,3.75,1.73
2012.12.12 17:51:27.796,1.30879,1.30886,2.25,1.73
2012.12.12 17:51:27.856,1.30879,1.30885,2.25,1.50
2012.12.12 17:51:28.396,1.30875,1.30882,1.50,2.25
2012.12.12 17:51:28.577,1.30876,1.30882,1.50,2.48
2012.12.12 17:51:29.116,1.30874,1.3088,1.50,1.50
2012.12.12 17:51:29.237,1.30871,1.30877,3.00,2.63
2012.12.12 17:51:29.657,1.30869,1.30875,4.65,1.50
2012.12.12 17:51:29.716,1.30869,1.30877,2.25,3.00
2012.12.12 17:51:29.956,1.3087,1.30877,1.73,2.25
2012.12.12 17:51:30.258,1.30869,1.30874,5.25,2.85
2012.12.12 17:51:30.329,1.30869,1.30874,4.50,3.60
2012.12.12 17:51:30.397,1.30869,1.30874,4.50,4.35
2012.12.12 17:51:30.579,1.30869,1.30874,2.25,1.50
2012.12.12 17:51:30.815,1.30866,1.30871,1.50,1.73
2012.12.12 17:51:31.355,1.30864,1.30872,3.00,1.73
2012.12.12 17:51:31.877,1.30863,1.30872,3.98,1.73
2012.12.12 17:51:32.116,1.30863,1.30873,3.23,3.23
2012.12.12 17:51:32.176,1.30863,1.30873,3.23,3.23
2012.12.12 17:51:34.384,1.30863,1.30873,3.68,1.50
2012.12.12 17:51:35.105,1.30864,1.30875,2.25,6.00
2012.12.12 17:51:35.348,1.30864,1.30874,3.00,2.25
2012.12.12 17:51:35.476,1.30864,1.30874,3.00,2.25
2012.12.12 17:51:35.786,1.30867,1.30875,1.50,3.00
2012.12.12 17:51:35.906,1.30867,1.30874,2.25,1.50
2012.12.12 17:51:36.447,1.30866,1.3087,1.50,3.75
2012.12.12 17:51:36.519,1.30864,1.3087,1.50,4.73
2012.12.12 17:51:37.076,1.30864,1.3087,1.50,3.23
2012.12.12 17:51:37.616,1.30865,1.3087,1.50,1.73
2012.12.12 17:51:37.797,1.30864,1.30869,1.50,2.48
2012.12.12 17:51:37.920,1.30861,1.30867,1.50,2.48
2012.12.12 17:51:38.106,1.30859,1.30865,3.00,1.50
2012.12.12 17:51:38.287,1.30858,1.30865,1.88,1.50
2012.12.12 17:51:38.826,1.30857,1.30864,1.50,1.73
2012.12.12 17:51:39.126,1.30855,1.30863,4.50,1.50
2012.12.12 17:51:39.666,1.30855,1.30862,3.00,2.33
2012.12.12 17:51:39.749,1.30855,1.30862,3.00,3.08
2012.12.12 17:51:39.818,1.30854,1.30862,1.50,3.08
2012.12.12 17:51:40.007,1.30854,1.30862,1.50,3.08
2012.12.12 17:51:41.186,1.30855,1.30861,2.25,1.73
2012.12.12 17:51:41.366,1.30855,1.30862,2.25,3.23
2012.12.12 17:51:41.906,1.30855,1.30862,2.25,3.23
2012.12.12 17:51:42.448,1.30856,1.30863,1.65,1.73
2012.12.12 17:51:43.056,1.30859,1.30864,1.50,2.10
2012.12.12 17:51:43.369,1.30862,1.30869,1.73,3.75
2012.12.12 17:51:43.917,1.30861,1.30867,1.73,1.50
2012.12.12 17:51:44.426,1.30863,1.30868,1.73,1.50
2012.12.12 17:51:45.346,1.3086,1.30868,1.80,2.48
2012.12.12 17:51:45.466,1.30858,1.30865,3.00,2.63
2012.12.12 17:51:45.526,1.30858,1.30864,2.25,3.23
2012.12.12 17:51:46.227,1.30858,1.30861,1.50,2.48
2012.12.12 17:51:46.796,1.30856,1.30861,1.50,3.23
2012.12.12 17:51:47.347,1.30857,1.30863,1.73,1.50
2012.12.12 17:51:47.648,1.30862,1.30868,2.25,1.73
2012.12.12 17:51:47.709,1.30862,1.30868,2.25,1.73
2012.12.12 17:51:47.836,1.30864,1.30869,1.50,1.73
2012.12.12 17:51:48.386,1.30863,1.3087,1.50,3.08
2012.12.12 17:51:48.626,1.30862,1.30868,2.25,1.73
2012.12.12 17:51:49.166,1.30862,1.30868,2.25,1.73
2012.12.12 17:51:49.345,1.30863,1.3087,2.25,4.58
2012.12.12 17:51:49.526,1.30862,1.3087,1.50,4.58
2012.12.12 17:51:49.585,1.30861,1.30868,2.25,1.73
2012.12.12 17:51:49.647,1.30861,1.30868,1.50,1.73
2012.12.12 17:51:50.065,1.3086,1.30866,2.63,1.50
2012.12.12 17:51:51.686,1.30856,1.30865,6.23,2.10
2012.12.12 17:51:51.987,1.30854,1.30866,5.40,13.36
2012.12.12 17:51:52.327,1.30856,1.30863,2.55,1.88
2012.12.12 17:51:52.568,1.30856,1.30862,1.80,1.50
2012.12.12 17:51:53.089,1.30855,1.30862,1.05,2.63
2012.12.12 17:51:53.247,1.30848,1.30855,1.05,3.38
2012.12.12 17:51:53.607,1.30851,1.30856,1.50,1.28
2012.12.12 17:51:53.729,1.30853,1.30858,1.13,1.50
2012.12.12 17:51:53.917,1.30854,1.3086,1.73,3.53
2012.12.12 17:51:54.557,1.30854,1.30861,1.50,3.00
2012.12.12 17:51:55.928,1.30855,1.30862,1.73,3.75
2012.12.12 17:51:56.556,1.30855,1.30862,2.48,3.00
2012.12.12 17:51:56.976,1.30857,1.30862,1.88,1.50
2012.12.12 17:51:57.517,1.30857,1.30864,3.23,3.15
2012.12.12 17:51:57.877,1.30857,1.30863,2.25,1.88
2012.12.12 17:51:58.297,1.30854,1.30861,2.25,2.48
2012.12.12 17:51:58.477,1.30855,1.30862,3.00,2.48
2012.12.12 17:51:58.898,1.30855,1.30861,1.73,2.25
2012.12.12 17:51:59.265,1.30856,1.30862,1.50,2.25
2012.12.12 17:52:00.585,1.30857,1.30863,1.50,2.33
2012.12.12 17:52:01.476,1.30857,1.30862,1.50,1.50
2012.12.12 17:52:02.718,1.30857,1.30862,2.25,1.50
2012.12.12 17:52:03.076,1.30859,1.30865,1.88,1.50
2012.12.12 17:52:03.196,1.30859,1.30866,2.48,2.25
2012.12.12 17:52:03.256,1.30859,1.30864,2.48,1.35
2012.12.12 17:52:03.317,1.30859,1.30864,2.25,3.98
2012.12.12 17:52:03.846,1.30858,1.30863,1.50,1.73
2012.12.12 17:52:04.086,1.30856,1.30863,1.50,1.73
2012.12.12 17:52:04.800,1.30857,1.30863,1.50,1.73
2012.12.12 17:52:04.927,1.30858,1.30864,2.25,2.48
2012.12.12 17:52:05.485,1.30859,1.30865,1.13,2.25
2012.12.12 17:52:06.267,1.30859,1.30864,1.05,1.50
2012.12.12 17:52:06.447,1.30859,1.30864,1.05,1.50
2012.12.12 17:52:06.807,1.30859,1.30866,3.15,1.50
2012.12.12 17:52:07.105,1.30863,1.30871,3.75,6.00
2012.12.12 17:52:07.286,1.30864,1.30871,1.50,7.50
2012.12.12 17:52:08.798,1.30865,1.30872,2.48,1.73
2012.12.12 17:52:09.096,1.30869,1.30875,1.88,2.40
2012.12.12 17:52:09.579,1.30869,1.3088,2.25,2.25
2012.12.12 17:52:09.649,1.30869,1.30879,3.00,2.25
2012.12.12 17:52:09.723,1.30869,1.30879,2.25,1.65
2012.12.12 17:52:09.846,1.30869,1.30879,1.50,2.40
2012.12.12 17:52:10.391,1.3087,1.30879,1.73,2.63
2012.12.12 17:52:11.396,1.3087,1.30881,2.48,3.87
2012.12.12 17:52:11.637,1.30875,1.30883,1.50,1.50
2012.12.12 17:52:11.816,1.30876,1.30885,1.50,3.60
2012.12.12 17:52:12.361,1.30877,1.30884,1.50,1.13
2012.12.12 17:52:12.906,1.30877,1.30885,2.09,3.00
2012.12.12 17:52:12.966,1.30879,1.30885,1.13,2.25
2012.12.12 17:52:13.206,1.30879,1.30887,1.13,3.00
2012.12.12 17:52:13.266,1.30879,1.30887,1.13,2.25
2012.12.12 17:52:13.516,1.3088,1.30888,1.73,4.13
2012.12.12 17:52:14.015,1.30883,1.3089,1.50,3.75
2012.12.12 17:52:14.269,1.30887,1.30895,2.48,4.13
2012.12.12 17:52:14.456,1.30887,1.30895,1.73,3.00
2012.12.12 17:52:15.056,1.30887,1.30894,2.48,1.50
2012.12.12 17:52:15.597,1.30892,1.30895,1.50,1.50
2012.12.12 17:52:15.906,1.30892,1.30897,2.48,1.50
2012.12.12 17:52:16.389,1.30892,1.30898,1.73,1.50
2012.12.12 17:52:16.518,1.3089,1.30895,1.50,1.50
2012.12.12 17:52:16.707,1.30889,1.30894,1.73,1.50
2012.12.12 17:52:17.249,1.30887,1.30893,1.73,1.50
2012.12.12 17:52:17.316,1.30891,1.30896,6.00,1.73
2012.12.12 17:52:17.616,1.30893,1.309,2.48,1.88
2012.12.12 17:52:17.857,1.30894,1.309,2.63,1.88
2012.12.12 17:52:18.038,1.30896,1.30902,1.73,3.00
2012.12.12 17:52:18.157,1.30893,1.309,1.73,4.13
2012.12.12 17:52:18.336,1.30893,1.30898,1.73,1.65
2012.12.12 17:52:18.398,1.30893,1.30898,2.48,1.50
2012.12.12 17:52:18.757,1.30894,1.309,1.50,3.15
2012.12.12 17:52:19.120,1.30894,1.309,3.75,1.50
2012.12.12 17:52:19.485,1.30895,1.30901,1.65,1.80
2012.12.12 17:52:20.026,1.30894,1.30901,1.73,2.25
2012.12.12 17:52:20.327,1.30897,1.30902,2.25,1.88
2012.12.12 17:52:20.747,1.30895,1.30902,3.23,1.50
2012.12.12 17:52:20.807,1.30895,1.30902,3.98,1.50
2012.12.12 17:52:21.165,1.30895,1.30902,2.48,1.50
2012.12.12 17:52:21.765,1.30895,1.30902,2.48,1.50
2012.12.12 17:52:22.418,1.30895,1.30902,3.23,1.50
2012.12.12 17:52:22.487,1.30898,1.30903,1.65,1.73
2012.12.12 17:52:22.609,1.30896,1.30902,1.50,1.50
2012.12.12 17:52:23.146,1.30897,1.30902,2.25,1.13
2012.12.12 17:52:23.696,1.30896,1.30902,2.25,1.13
2012.12.12 17:52:24.122,1.30895,1.30902,2.25,1.13
2012.12.12 17:52:24.426,1.30894,1.30901,2.25,1.73
2012.12.12 17:52:26.098,1.30894,1.309,1.50,1.13
2012.12.12 17:52:26.217,1.30892,1.30898,3.00,1.50
2012.12.12 17:52:26.757,1.30892,1.30898,2.25,2.25
2012.12.12 17:52:27.297,1.30889,1.30898,3.00,2.48
2012.12.12 17:52:27.836,1.30889,1.30898,3.00,3.23
2012.12.12 17:52:29.306,1.30888,1.30896,2.48,1.73
2012.12.12 17:52:29.365,1.30888,1.30896,2.48,1.73
2012.12.12 17:52:29.606,1.30888,1.30896,1.73,1.73
2012.12.12 17:52:30.206,1.30888,1.30896,1.73,1.73
2012.12.12 17:52:30.716,1.30887,1.30895,4.13,1.50
2012.12.12 17:52:31.266,1.30889,1.30895,1.50,1.50
2012.12.12 17:52:31.832,1.30889,1.30895,4.88,1.50
2012.12.12 17:52:32.267,1.3089,1.30896,3.90,1.50
2012.12.12 17:52:32.679,1.3089,1.30896,1.50,1.50
2012.12.12 17:52:32.806,1.3089,1.30896,2.25,1.50
2012.12.12 17:52:33.347,1.30888,1.30895,1.65,1.50
2012.12.12 17:52:33.886,1.30887,1.30895,5.85,1.50
2012.12.12 17:52:34.436,1.30889,1.30895,1.50,1.50
2012.12.12 17:52:34.737,1.30889,1.30895,1.50,1.50
2012.12.12 17:52:35.366,1.30888,1.30894,1.65,1.50
2012.12.12 17:52:35.867,1.30888,1.30894,3.15,1.50
2012.12.12 17:52:36.287,1.30887,1.30893,1.73,1.50
2012.12.12 17:52:36.408,1.30886,1.30891,1.50,1.50
2012.12.12 17:52:36.467,1.30885,1.3089,1.50,1.13
2012.12.12 17:52:36.528,1.30883,1.30888,1.50,1.50
2012.12.12 17:52:36.586,1.30881,1.30886,6.15,1.50
2012.12.12 17:52:36.886,1.30881,1.30886,4.65,1.50
2012.12.12 17:52:37.187,1.30879,1.30883,3.92,1.50
2012.12.12 17:52:37.488,1.3088,1.30883,1.65,1.50
2012.12.12 17:52:37.789,1.30879,1.30883,1.13,1.50
2012.12.12 17:52:38.096,1.30878,1.30882,1.88,1.50
2012.12.12 17:52:38.528,1.30877,1.30882,1.73,1.50
2012.12.12 17:52:39.349,1.30876,1.30881,1.50,2.48
2012.12.12 17:52:39.537,1.30874,1.3088,2.25,1.73
2012.12.12 17:52:39.717,1.30874,1.3088,2.25,1.73
2012.12.12 17:52:41.168,1.30874,1.3088,3.00,1.73
2012.12.12 17:52:41.478,1.30873,1.30876,1.73,1.50
2012.12.12 17:52:41.989,1.3087,1.30875,2.63,1.50
2012.12.12 17:52:42.417,1.30872,1.30877,1.50,1.73
2012.12.12 17:52:42.476,1.30872,1.30879,4.88,1.73
2012.12.12 17:52:43.017,1.30873,1.30881,2.55,1.73
2012.12.12 17:52:43.256,1.30874,1.30881,1.08,1.73
2012.12.12 17:52:43.439,1.30874,1.30881,3.33,1.73
2012.12.12 17:52:43.628,1.30875,1.30882,1.13,1.50
2012.12.12 17:52:43.866,1.30876,1.30882,1.65,1.50
2012.12.12 17:52:44.406,1.30876,1.30882,1.50,1.73
2012.12.12 17:52:44.946,1.30876,1.30883,2.25,2.63
2012.12.12 17:52:45.616,1.30875,1.30881,1.50,1.73
2012.12.12 17:52:45.938,1.30875,1.30881,1.50,1.73
2012.12.12 17:52:46.669,1.30874,1.30881,2.25,2.48
2012.12.12 17:52:46.916,1.30876,1.30881,1.50,1.73
2012.12.12 17:52:47.469,1.30877,1.30884,1.88,2.25
2012.12.12 17:52:47.807,1.30875,1.30879,2.25,1.88
2012.12.12 17:52:48.167,1.30878,1.30882,2.40,2.25
2012.12.12 17:52:48.469,1.3088,1.30884,4.13,2.25
2012.12.12 17:52:48.778,1.30879,1.30884,2.25,1.50
2012.12.12 17:52:48.958,1.3088,1.30887,2.25,1.65
2012.12.12 17:52:49.018,1.30883,1.30888,1.50,1.50
2012.12.12 17:52:49.317,1.30883,1.30891,1.73,1.50
2012.12.12 17:52:49.678,1.30885,1.30892,1.50,1.13
2012.12.12 17:52:50.359,1.30887,1.30892,2.25,1.13
2012.12.12 17:52:50.668,1.30891,1.30897,4.50,2.40
2012.12.12 17:52:50.728,1.30892,1.30897,2.25,2.40
2012.12.12 17:52:51.414,1.30888,1.30895,4.73,2.48
2012.12.12 17:52:51.488,1.30889,1.30895,1.50,3.98
2012.12.12 17:52:51.666,1.30889,1.30895,1.50,2.25
2012.12.12 17:52:51.726,1.30889,1.30897,1.50,1.13
2012.12.12 17:52:52.156,1.30889,1.30895,2.25,2.25
2012.12.12 17:52:52.238,1.30894,1.30899,1.50,1.73
2012.12.12 17:52:52.947,1.30894,1.30899,1.50,1.13
2012.12.12 17:52:53.067,1.30882,1.30898,1.73,9.61
2012.12.12 17:52:53.204,1.30879,1.30891,1.73,12.08
2012.12.12 17:52:53.339,1.30879,1.30886,2.48,1.50
2012.12.12 17:52:53.467,1.30879,1.30887,1.50,2.48
2012.12.12 17:52:53.648,1.30881,1.30887,1.50,2.25
2012.12.12 17:52:53.957,1.30883,1.30888,1.73,1.50
2012.12.12 17:52:54.256,1.30887,1.3089,1.50,3.75
2012.12.12 17:52:54.496,1.30887,1.30893,1.50,2.48
2012.12.12 17:52:54.557,1.30887,1.30893,1.50,1.50
2012.12.12 17:52:54.677,1.30888,1.30894,1.73,1.50
2012.12.12 17:52:55.220,1.30888,1.30894,2.63,1.50
2012.12.12 17:52:55.558,1.30892,1.30897,1.73,3.00
2012.12.12 17:52:55.869,1.30895,1.30901,1.88,3.08
2012.12.12 17:52:56.062,1.30895,1.30899,3.38,1.50
2012.12.12 17:52:56.428,1.30894,1.30901,2.40,1.73
2012.12.12 17:52:56.666,1.30896,1.30901,2.25,1.95
2012.12.12 17:52:56.729,1.30898,1.30903,1.50,1.73
2012.12.12 17:52:57.052,1.30897,1.30904,3.00,1.73
2012.12.12 17:52:57.179,1.30897,1.30905,3.00,2.03
2012.12.12 17:52:57.356,1.30897,1.30905,2.25,3.00
2012.12.12 17:52:58.058,1.30899,1.30904,1.50,1.73
2012.12.12 17:52:58.190,1.30899,1.30904,2.25,1.50
2012.12.12 17:52:59.152,1.30903,1.30909,3.15,2.25
2012.12.12 17:52:59.232,1.30901,1.30913,2.48,14.63
2012.12.12 17:52:59.298,1.30904,1.30911,2.48,1.50
2012.12.12 17:52:59.718,1.30911,1.30916,7.43,1.50
2012.12.12 17:53:00.266,1.30911,1.3092,5.10,2.25
2012.12.12 17:53:00.387,1.30913,1.3092,3.90,2.40
2012.12.12 17:53:00.748,1.30914,1.30923,1.73,1.73
2012.12.12 17:53:00.877,1.30915,1.30928,1.73,1.13
2012.12.12 17:53:01.237,1.30921,1.30929,1.50,1.88
2012.12.12 17:53:01.419,1.30922,1.3093,1.50,3.38
2012.12.12 17:53:01.740,1.30925,1.30931,1.65,1.65
2012.12.12 17:53:02.064,1.30923,1.30933,7.50,1.73
2012.12.12 17:53:02.199,1.3093,1.3094,7.92,12.89
2012.12.12 17:53:02.271,1.30933,1.30941,3.00,5.25
2012.12.12 17:53:02.342,1.30935,1.30941,1.50,5.25
2012.12.12 17:53:02.416,1.30937,1.30947,6.00,1.50
2012.12.12 17:53:02.494,1.30936,1.30949,4.50,1.34
2012.12.12 17:53:02.572,1.30943,1.30952,3.00,1.58
2012.12.12 17:53:02.898,1.30934,1.30963,6.81,2.25
2012.12.12 17:53:03.303,1.3094,1.30959,4.46,1.35
2012.12.12 17:53:03.388,1.30941,1.3096,14.60,1.50
2012.12.12 17:53:03.699,1.30946,1.30956,1.92,1.88
2012.12.12 17:53:04.217,1.30948,1.30956,1.50,2.62
2012.12.12 17:53:04.873,1.30949,1.30957,1.50,1.50
2012.12.12 17:53:05.317,1.3095,1.30958,2.25,2.40
2012.12.12 17:53:05.384,1.30951,1.30959,1.50,3.38
2012.12.12 17:53:05.570,1.30951,1.3096,2.44,1.65
2012.12.12 17:53:05.700,1.30952,1.30961,4.69,1.88
2012.12.12 17:53:06.357,1.30953,1.30961,1.50,1.13
2012.12.12 17:53:06.642,1.30954,1.30963,1.50,5.40
2012.12.12 17:53:06.831,1.30951,1.30961,1.47,1.65
2012.12.12 17:53:07.040,1.30951,1.3096,1.54,1.65
2012.12.12 17:53:07.108,1.3095,1.3096,4.65,1.65
2012.12.12 17:53:07.648,1.3095,1.30962,2.97,4.13
2012.12.12 17:53:07.948,1.3095,1.3096,1.50,1.88
2012.12.12 17:53:08.258,1.30944,1.30954,1.50,2.35
2012.12.12 17:53:08.377,1.30942,1.30952,1.62,2.25
2012.12.12 17:53:08.737,1.30941,1.30949,1.50,1.50
2012.12.12 17:53:09.110,1.30938,1.30948,6.08,1.50
2012.12.12 17:53:09.677,1.30938,1.30948,2.25,2.25
2012.12.12 17:53:10.215,1.30939,1.30948,2.48,2.25
2012.12.12 17:53:10.517,1.30939,1.30948,2.82,2.25
2012.12.12 17:53:11.059,1.30939,1.30944,1.50,2.25
2012.12.12 17:53:11.775,1.30935,1.30942,1.62,1.50
2012.12.12 17:53:11.860,1.30935,1.30941,1.50,2.25
2012.12.12 17:53:12.737,1.30933,1.3094,2.25,1.50
2012.12.12 17:53:13.228,1.30933,1.30939,1.50,1.50
2012.12.12 17:53:13.467,1.30935,1.30939,1.50,1.50
2012.12.12 17:53:14.006,1.30935,1.30941,1.50,2.25
2012.12.12 17:53:14.607,1.30933,1.30943,2.25,1.50
2012.12.12 17:53:14.909,1.30931,1.30938,1.50,1.73
2012.12.12 17:53:15.216,1.30926,1.30938,3.75,1.13
2012.12.12 17:53:15.276,1.30923,1.3093,1.73,1.50
2012.12.12 17:53:15.706,1.30923,1.30928,1.50,1.50
2012.12.12 17:53:16.287,1.30924,1.3093,1.13,1.50
2012.12.12 17:53:16.827,1.30924,1.3093,1.88,1.50
2012.12.12 17:53:16.948,1.30924,1.3093,1.88,1.50
2012.12.12 17:53:17.376,1.30925,1.30931,1.50,2.25
2012.12.12 17:53:17.858,1.30926,1.30932,1.50,3.00
2012.12.12 17:53:17.928,1.30928,1.30932,1.50,2.25
2012.12.12 17:53:18.288,1.30931,1.30937,1.73,1.50
2012.12.12 17:53:18.466,1.30931,1.3094,2.48,1.50
2012.12.12 17:53:18.586,1.30934,1.30941,1.50,2.25
2012.12.12 17:53:18.946,1.30931,1.30936,1.13,1.50
2012.12.12 17:53:19.126,1.30929,1.30936,3.23,2.25
2012.12.12 17:53:19.307,1.30932,1.30938,1.50,2.25
2012.12.12 17:53:19.366,1.30934,1.30938,1.50,1.50
2012.12.12 17:53:19.787,1.30934,1.30941,1.50,1.50
2012.12.12 17:53:19.847,1.30934,1.30942,2.25,2.48
2012.12.12 17:53:20.423,1.30933,1.30938,1.50,1.50
2012.12.12 17:53:20.967,1.30934,1.30942,2.25,1.73
2012.12.12 17:53:21.507,1.30935,1.30943,1.50,5.48
2012.12.12 17:53:21.807,1.30934,1.30941,1.50,1.65
2012.12.12 17:53:21.927,1.30931,1.3094,1.88,1.65
2012.12.12 17:53:21.988,1.30932,1.3094,1.50,1.65
2012.12.12 17:53:22.233,1.30931,1.30938,1.73,1.65
2012.12.12 17:53:22.536,1.30931,1.30938,2.40,1.50
2012.12.12 17:53:23.016,1.30932,1.30941,1.50,1.50
2012.12.12 17:53:23.317,1.30931,1.3094,1.13,2.97
2012.12.12 17:53:23.438,1.3093,1.30936,1.50,2.25
2012.12.12 17:53:23.509,1.30929,1.30936,1.73,2.25
2012.12.12 17:53:23.638,1.30926,1.30935,3.23,3.23
2012.12.12 17:53:24.148,1.30928,1.30933,1.50,2.25
2012.12.12 17:53:24.666,1.30927,1.30933,1.50,2.25
2012.12.12 17:53:25.149,1.30928,1.30933,3.83,2.25
2012.12.12 17:53:25.698,1.30927,1.30933,2.25,2.25
2012.12.12 17:53:25.817,1.30927,1.30933,1.50,2.25
2012.12.12 17:53:25.936,1.30927,1.30933,1.50,2.25
2012.12.12 17:53:26.578,1.30926,1.30933,2.25,3.00
2012.12.12 17:53:26.639,1.30924,1.30931,4.73,1.50
2012.12.12 17:53:26.768,1.30925,1.30931,2.25,2.25
2012.12.12 17:53:27.067,1.30925,1.30931,1.50,1.50
2012.12.12 17:53:27.367,1.30925,1.30933,2.25,2.40
2012.12.12 17:53:27.927,1.30925,1.30932,1.50,1.22
2012.12.12 17:53:27.987,1.30924,1.30929,1.50,2.25
2012.12.12 17:53:28.048,1.30923,1.30929,1.50,2.25
2012.12.12 17:53:28.466,1.30922,1.30928,1.50,1.50
2012.12.12 17:53:29.002,1.3092,1.30926,3.38,1.50
2012.12.12 17:53:29.075,1.30919,1.30926,1.73,1.50
2012.12.12 17:53:29.506,1.30919,1.30926,1.73,1.50
2012.12.12 17:53:30.139,1.30918,1.30924,3.23,1.50
2012.12.12 17:53:30.405,1.30918,1.30925,3.75,1.50
2012.12.12 17:53:30.587,1.30918,1.30925,3.75,1.50
2012.12.12 17:53:32.686,1.30917,1.30924,3.60,1.50
2012.12.12 17:53:32.867,1.30917,1.30924,2.25,1.50
2012.12.12 17:53:33.047,1.30918,1.30924,1.50,1.50
2012.12.12 17:53:33.427,1.30917,1.30924,2.25,1.50
2012.12.12 17:53:33.967,1.30916,1.30921,1.50,1.50
2012.12.12 17:53:34.028,1.30915,1.30921,2.10,3.00
2012.12.12 17:53:34.407,1.30914,1.30919,1.50,1.50
2012.12.12 17:53:34.709,1.30908,1.30919,1.73,1.50
2012.12.12 17:53:35.017,1.30908,1.30917,1.50,3.19
2012.12.12 17:53:35.078,1.30909,1.30917,2.48,2.44
2012.12.12 17:53:35.149,1.30908,1.30918,3.23,3.00
2012.12.12 17:53:35.458,1.30908,1.30915,1.50,1.50
2012.12.12 17:53:35.790,1.30908,1.30915,1.88,1.50
2012.12.12 17:53:36.097,1.30911,1.30919,2.25,3.75
2012.12.12 17:53:36.399,1.30914,1.30922,1.50,3.75
2012.12.12 17:53:36.647,1.30912,1.3092,1.50,1.65
2012.12.12 17:53:37.008,1.30911,1.30917,1.50,3.15
2012.12.12 17:53:37.546,1.30909,1.30914,1.73,2.25
2012.12.12 17:53:38.977,1.30908,1.30914,1.88,1.50
2012.12.12 17:53:39.037,1.30908,1.30913,1.13,2.25
2012.12.12 17:53:39.576,1.30907,1.30913,2.25,2.25
2012.12.12 17:53:39.878,1.30906,1.30911,2.25,1.50
2012.12.12 17:53:40.068,1.30901,1.30907,7.88,3.00
2012.12.12 17:53:40.450,1.30901,1.30905,4.50,1.13
2012.12.12 17:53:40.878,1.30898,1.30904,1.88,2.25
2012.12.12 17:53:40.939,1.309,1.30904,1.65,1.50
2012.12.12 17:53:41.190,1.30901,1.30909,1.65,2.25
2012.12.12 17:53:41.260,1.30903,1.30909,1.50,1.50
2012.12.12 17:53:41.687,1.30905,1.30911,2.25,1.35
2012.12.12 17:53:41.927,1.30906,1.30912,1.65,1.50
2012.12.12 17:53:42.468,1.30906,1.30912,1.50,2.48
2012.12.12 17:53:43.007,1.30908,1.30915,1.50,1.88
2012.12.12 17:53:43.129,1.30908,1.30915,1.50,1.65
2012.12.12 17:53:43.310,1.30911,1.30917,2.85,2.25
2012.12.12 17:53:43.437,1.30911,1.30917,2.85,2.25
2012.12.12 17:53:43.497,1.30911,1.30917,2.85,2.48
2012.12.12 17:53:43.856,1.30913,1.30918,1.50,1.50
2012.12.12 17:53:43.916,1.30913,1.3092,1.50,4.50
2012.12.12 17:53:44.456,1.30913,1.30921,1.50,1.50
2012.12.12 17:53:44.957,1.30912,1.30921,3.00,2.40
2012.12.12 17:53:45.078,1.3091,1.3092,4.47,2.40
2012.12.12 17:53:45.258,1.30908,1.30917,1.54,1.50
2012.12.12 17:53:45.508,1.30908,1.30915,1.50,1.50
2012.12.12 17:53:46.227,1.30906,1.30913,3.30,1.50
2012.12.12 17:53:46.657,1.30906,1.30913,4.05,2.25
2012.12.12 17:53:46.988,1.30912,1.30915,4.50,1.50
2012.12.12 17:53:47.526,1.30913,1.30919,1.65,1.50
2012.12.12 17:53:47.587,1.30913,1.3092,1.65,1.50
2012.12.12 17:53:48.128,1.30913,1.30921,1.65,2.25
2012.12.12 17:53:48.310,1.30911,1.3092,1.50,1.73
2012.12.12 17:53:48.377,1.30911,1.3092,2.10,1.73
2012.12.12 17:53:48.496,1.30912,1.30921,1.50,3.23
2012.12.12 17:53:49.348,1.30911,1.30918,3.00,1.50
2012.12.12 17:53:49.408,1.30911,1.30917,1.35,1.65
2012.12.12 17:53:49.526,1.30909,1.30917,3.10,2.63
2012.12.12 17:53:49.586,1.30908,1.30917,2.40,2.63
2012.12.12 17:53:50.428,1.30908,1.30914,2.40,1.50
2012.12.12 17:53:50.786,1.3091,1.30926,31.60,1.50
2012.12.12 17:53:50.847,1.3092,1.30926,1.50,2.25
2012.12.12 17:53:51.088,1.3092,1.30925,1.50,1.50
2012.12.12 17:53:51.266,1.30917,1.30925,4.50,1.88
2012.12.12 17:53:51.567,1.30917,1.30922,3.00,1.50
2012.12.12 17:53:52.078,1.30917,1.30922,3.38,1.50
2012.12.12 17:53:52.617,1.30918,1.30924,2.40,1.50
2012.12.12 17:53:52.748,1.3092,1.30925,1.50,1.50
2012.12.12 17:53:53.989,1.30919,1.30925,1.65,2.25
2012.12.12 17:53:54.687,1.30918,1.30924,1.65,1.73
2012.12.12 17:53:54.806,1.30918,1.30924,1.13,1.73
2012.12.12 17:53:55.418,1.3092,1.30924,2.40,1.50
2012.12.12 17:53:55.493,1.30923,1.3093,1.50,3.23
2012.12.12 17:53:55.799,1.30924,1.3093,1.50,1.73
2012.12.12 17:53:56.108,1.30928,1.30934,1.13,3.00
2012.12.12 17:53:56.232,1.30931,1.30937,6.75,4.28
2012.12.12 17:53:56.300,1.30935,1.3094,3.15,9.38
2012.12.12 17:53:56.369,1.30937,1.3094,1.50,9.38
2012.12.12 17:53:56.547,1.30938,1.30943,1.50,1.73
2012.12.12 17:53:56.788,1.30942,1.30948,1.50,1.50
2012.12.12 17:53:56.966,1.30942,1.30947,4.50,1.13
2012.12.12 17:53:57.507,1.30939,1.30945,1.50,1.50
2012.12.12 17:53:57.925,1.30938,1.30944,1.50,1.50
2012.12.12 17:53:58.467,1.30938,1.30944,2.25,1.50
2012.12.12 17:53:59.777,1.30938,1.30944,1.50,1.50
2012.12.12 17:54:00.346,1.30938,1.30944,1.50,1.50
2012.12.12 17:54:00.656,1.30938,1.30944,2.25,1.50
2012.12.12 17:54:02.176,1.30938,1.30944,2.25,1.50
2012.12.12 17:54:02.236,1.30938,1.30944,2.25,2.25
2012.12.12 17:54:02.477,1.30938,1.30944,1.50,3.00
2012.12.12 17:54:02.599,1.30938,1.30944,1.50,2.25
2012.12.12 17:54:02.668,1.30937,1.30944,2.25,2.25
2012.12.12 17:54:03.207,1.30937,1.30944,3.00,1.50
2012.12.12 17:54:04.518,1.3094,1.30946,1.50,4.73
2012.12.12 17:54:04.819,1.30939,1.30948,3.00,1.73
2012.12.12 17:54:05.007,1.30946,1.3095,1.50,2.48
2012.12.12 17:54:05.192,1.30943,1.30949,1.50,1.50
2012.12.12 17:54:05.330,1.3094,1.30948,4.65,2.25
2012.12.12 17:54:05.597,1.3094,1.30948,3.08,3.15
2012.12.12 17:54:05.655,1.3094,1.30946,3.83,1.50
2012.12.12 17:54:06.200,1.30935,1.30942,1.50,1.50
2012.12.12 17:54:06.288,1.30935,1.30942,1.73,2.48
2012.12.12 17:54:06.527,1.30933,1.3094,2.25,1.50
2012.12.12 17:54:06.920,1.3093,1.3094,1.58,1.50
2012.12.12 17:54:07.344,1.30929,1.30935,1.65,1.50
2012.12.12 17:54:07.900,1.30928,1.30935,3.15,1.50
2012.12.12 17:54:08.406,1.30928,1.30935,1.65,1.50
2012.12.12 17:54:09.187,1.30927,1.30934,3.15,1.50
2012.12.12 17:54:09.465,1.30927,1.30935,1.50,2.25
2012.12.12 17:54:09.706,1.30928,1.30935,1.65,1.50
2012.12.12 17:54:10.407,1.30929,1.30936,1.65,1.50
2012.12.12 17:54:11.376,1.30928,1.30934,2.40,2.25
2012.12.12 17:54:11.797,1.30927,1.30933,1.50,2.25
2012.12.12 17:54:12.396,1.30927,1.30933,1.50,2.25
2012.12.12 17:54:12.936,1.30928,1.30933,1.50,1.50
2012.12.12 17:54:13.356,1.30926,1.30932,1.65,1.50
2012.12.12 17:54:13.896,1.30924,1.3093,4.50,1.50
2012.12.12 17:54:14.456,1.30925,1.30931,1.50,3.23
2012.12.12 17:54:14.886,1.30923,1.3093,1.50,1.13
2012.12.12 17:54:15.792,1.3092,1.30927,1.50,1.50
2012.12.12 17:54:15.916,1.30918,1.30923,2.48,1.50
2012.12.12 17:54:16.456,1.30916,1.30923,3.60,1.50
2012.12.12 17:54:17.127,1.30916,1.30922,2.48,1.50
2012.12.12 17:54:17.686,1.30916,1.30922,1.50,3.23
2012.12.12 17:54:18.547,1.30919,1.30922,1.13,1.73
2012.12.12 17:54:18.906,1.30918,1.30924,2.25,2.03
2012.12.12 17:54:18.967,1.30918,1.30926,2.25,1.50
2012.12.12 17:54:19.341,1.30926,1.30931,1.50,1.50
2012.12.12 17:54:19.649,1.30918,1.30925,4.50,1.50
2012.12.12 17:54:19.957,1.30915,1.30922,5.72,1.50
2012.12.12 17:54:22.448,1.30916,1.30921,1.50,1.50
2012.12.12 17:54:23.847,1.30916,1.30922,2.25,2.48
2012.12.12 17:54:24.087,1.30918,1.30923,1.50,1.50
2012.12.12 17:54:24.148,1.30917,1.30922,1.50,1.50
2012.12.12 17:54:24.446,1.30916,1.30921,1.50,1.50
2012.12.12 17:54:26.476,1.30915,1.30922,1.50,1.50
2012.12.12 17:54:29.228,1.30915,1.30921,1.50,4.50
2012.12.12 17:54:29.525,1.30908,1.30917,1.50,1.73
2012.12.12 17:54:29.707,1.30907,1.30917,3.90,1.73
2012.12.12 17:54:30.066,1.30916,1.30922,1.50,1.73
2012.12.12 17:54:30.186,1.30913,1.30923,2.25,2.48
2012.12.12 17:54:30.406,1.30914,1.30923,1.13,2.48
2012.12.12 17:54:30.472,1.30914,1.30921,1.13,1.50
2012.12.12 17:54:30.540,1.30912,1.30918,2.48,3.23
2012.12.12 17:54:30.665,1.30912,1.30918,2.25,1.73
2012.12.12 17:54:31.206,1.30911,1.30917,5.63,1.73
2012.12.12 17:54:31.837,1.3091,1.30917,10.13,1.73
2012.12.12 17:54:32.259,1.3091,1.30913,2.63,1.50
2012.12.12 17:54:32.327,1.30906,1.30913,1.50,1.50
2012.12.12 17:54:32.565,1.30906,1.30915,1.50,1.50
2012.12.12 17:54:32.626,1.30906,1.30915,1.50,1.50
2012.12.12 17:54:33.185,1.30905,1.30914,1.50,1.50
2012.12.12 17:54:33.456,1.30905,1.30913,1.50,1.50
2012.12.12 17:54:33.695,1.30904,1.30911,2.25,3.23
2012.12.12 17:54:34.806,1.30904,1.3091,1.50,1.13
2012.12.12 17:54:35.106,1.30905,1.30911,1.50,4.73
2012.12.12 17:54:36.236,1.30905,1.30912,2.25,1.73
2012.12.12 17:54:38.874,1.30903,1.30911,4.50,1.73
2012.12.12 17:54:39.406,1.30903,1.30911,1.50,2.48
2012.12.12 17:54:39.480,1.30902,1.30909,4.50,1.50
2012.12.12 17:54:39.786,1.30897,1.30903,1.50,1.50
2012.12.12 17:54:39.845,1.30896,1.30901,6.98,1.50
2012.12.12 17:54:40.386,1.30896,1.30901,2.25,1.50
2012.12.12 17:54:40.926,1.30894,1.30902,4.65,2.48
2012.12.12 17:54:41.476,1.30895,1.30903,1.50,3.38
2012.12.12 17:54:41.778,1.30892,1.30898,2.25,1.50
2012.12.12 17:54:41.897,1.30892,1.30895,1.50,1.50
2012.12.12 17:54:42.077,1.30889,1.30895,1.65,2.25
2012.12.12 17:54:42.258,1.30888,1.30894,1.65,1.50
2012.12.12 17:54:42.498,1.30892,1.30896,1.50,1.50
2012.12.12 17:54:42.796,1.30893,1.309,3.00,3.75
2012.12.12 17:54:42.916,1.30895,1.309,1.50,2.25
2012.12.12 17:54:43.427,1.30895,1.309,1.65,2.25
2012.12.12 17:54:43.790,1.30897,1.30903,1.88,3.00
2012.12.12 17:54:44.247,1.30897,1.30904,2.63,1.50
2012.12.12 17:54:44.797,1.30898,1.30905,1.28,1.50
2012.12.12 17:54:45.098,1.30896,1.30901,2.25,3.00
2012.12.12 17:54:45.817,1.30894,1.309,2.25,5.25
2012.12.12 17:54:45.937,1.30894,1.309,2.25,1.50
2012.12.12 17:54:46.120,1.30894,1.30901,3.00,2.25
2012.12.12 17:54:46.427,1.30893,1.30898,1.50,1.50
2012.12.12 17:54:46.607,1.3089,1.30898,2.63,4.13
2012.12.12 17:54:47.147,1.30892,1.30898,1.50,2.25
2012.12.12 17:54:47.206,1.30892,1.30898,2.25,1.50
2012.12.12 17:54:47.567,1.30895,1.309,1.50,3.75
2012.12.12 17:54:48.107,1.30895,1.30901,1.50,3.00
2012.12.12 17:54:49.452,1.30893,1.30898,1.50,1.50
2012.12.12 17:54:49.816,1.30892,1.309,1.50,3.15
2012.12.12 17:54:50.115,1.30892,1.309,1.50,3.15
2012.12.12 17:54:50.626,1.30891,1.30898,2.63,1.50
2012.12.12 17:54:50.985,1.30891,1.30898,1.88,1.50
2012.12.12 17:54:51.525,1.30891,1.30899,2.63,2.25
2012.12.12 17:54:52.469,1.30891,1.30899,2.63,2.25
2012.12.12 17:54:53.026,1.30891,1.30898,2.48,1.50
2012.12.12 17:54:53.328,1.30894,1.309,2.25,1.50
2012.12.12 17:54:53.457,1.30896,1.30901,3.47,1.50
2012.12.12 17:54:53.577,1.309,1.30905,2.25,2.48
2012.12.12 17:54:53.817,1.30902,1.30908,2.25,4.50
2012.12.12 17:54:54.356,1.30902,1.30908,2.25,1.50
2012.12.12 17:54:55.017,1.30902,1.30908,1.50,1.50
2012.12.12 17:54:55.577,1.309,1.30906,3.23,1.65
2012.12.12 17:54:55.937,1.30897,1.30904,2.25,3.00
2012.12.12 17:54:56.118,1.30897,1.30905,1.50,3.00
2012.12.12 17:54:56.656,1.30898,1.30906,3.15,1.50
2012.12.12 17:54:57.626,1.30899,1.30905,2.63,1.50
2012.12.12 17:54:58.226,1.30899,1.30905,1.88,2.25
2012.12.12 17:54:58.759,1.30899,1.30904,1.88,1.50
2012.12.12 17:54:59.706,1.30899,1.30904,1.73,2.25
2012.12.12 17:54:59.827,1.30896,1.30903,2.40,2.25
2012.12.12 17:55:00.008,1.30896,1.30903,2.40,1.50
2012.12.12 17:55:00.556,1.30896,1.30903,1.65,1.50
2012.12.12 17:55:00.916,1.30894,1.309,3.98,1.50
2012.12.12 17:55:01.246,1.30894,1.309,3.23,1.50
2012.12.12 17:55:01.786,1.30894,1.309,2.48,2.25
2012.12.12 17:55:01.867,1.30894,1.30901,3.23,1.50
2012.12.12 17:55:01.987,1.30894,1.30901,3.98,1.50
2012.12.12 17:55:02.346,1.30894,1.30901,3.98,1.50
2012.12.12 17:55:02.887,1.30894,1.30902,2.48,1.50
2012.12.12 17:55:03.977,1.30894,1.30902,2.48,1.50
2012.12.12 17:55:04.516,1.30894,1.30902,1.73,1.95
2012.12.12 17:55:04.875,1.30896,1.30902,1.50,1.95
2012.12.12 17:55:05.176,1.30898,1.30904,3.38,3.75
2012.12.12 17:55:05.738,1.30899,1.30905,1.73,3.00
2012.12.12 17:55:06.181,1.30897,1.30902,2.25,1.50
2012.12.12 17:55:06.306,1.30896,1.30901,2.48,1.50
2012.12.12 17:55:06.488,1.30896,1.30901,1.73,1.50
2012.12.12 17:55:06.787,1.30894,1.30901,3.23,1.50
2012.12.12 17:55:07.327,1.30894,1.30902,3.23,1.95
2012.12.12 17:55:07.866,1.30895,1.30902,1.50,1.50
2012.12.12 17:55:08.406,1.30894,1.309,2.48,1.50
2012.12.12 17:55:09.089,1.30895,1.30902,1.50,1.50
2012.12.12 17:55:09.647,1.30896,1.30902,1.50,1.50
2012.12.12 17:55:09.707,1.30897,1.30904,4.88,3.00
2012.12.12 17:55:09.767,1.309,1.30905,2.25,3.00
2012.12.12 17:55:09.887,1.30903,1.30909,2.40,2.25
2012.12.12 17:55:10.189,1.30907,1.30911,1.73,1.50
2012.12.12 17:55:10.309,1.30909,1.30912,1.50,1.50
2012.12.12 17:55:10.846,1.30906,1.30914,4.13,2.25
2012.12.12 17:55:11.388,1.30907,1.30913,1.50,1.50
2012.12.12 17:55:11.926,1.30906,1.30913,4.13,1.50
2012.12.12 17:55:13.541,1.30906,1.30913,2.63,1.50
2012.12.12 17:55:14.537,1.30906,1.30913,2.63,1.50
2012.12.12 17:55:15.179,1.30908,1.30913,1.50,1.50
2012.12.12 17:55:17.467,1.30908,1.30913,2.25,1.50
2012.12.12 17:55:18.007,1.30908,1.30913,1.73,1.50
2012.12.12 17:55:18.327,1.30908,1.30918,4.45,3.00
2012.12.12 17:55:18.447,1.30914,1.3092,4.73,5.67
2012.12.12 17:55:18.510,1.30917,1.30923,6.38,1.54
2012.12.12 17:55:18.768,1.3092,1.30925,2.48,1.88
2012.12.12 17:55:18.979,1.30922,1.30927,1.50,1.73
2012.12.12 17:55:19.536,1.30922,1.30929,2.48,3.00
2012.12.12 17:55:19.658,1.30922,1.30929,2.48,3.00
2012.12.12 17:55:19.779,1.30922,1.30929,3.23,2.48
2012.12.12 17:55:20.087,1.30922,1.30928,1.73,1.50
2012.12.12 17:55:20.327,1.30923,1.30928,1.73,1.50
2012.12.12 17:55:20.878,1.30925,1.30931,1.73,1.50
2012.12.12 17:55:21.237,1.30921,1.30927,3.23,1.50
2012.12.12 17:55:21.787,1.30922,1.30929,1.73,2.33
2012.12.12 17:55:21.967,1.30923,1.30929,2.48,1.50
2012.12.12 17:55:22.386,1.30927,1.30933,1.65,1.05
2012.12.12 17:55:22.690,1.3093,1.30935,1.50,3.98
2012.12.12 17:55:22.996,1.30929,1.30934,2.48,1.50
2012.12.12 17:55:23.117,1.30928,1.30932,1.73,1.50
2012.12.12 17:55:23.668,1.30926,1.30932,2.25,1.58
2012.12.12 17:55:23.726,1.30926,1.30932,1.50,1.58
2012.12.12 17:55:24.587,1.30925,1.30932,3.98,1.58
2012.12.12 17:55:24.662,1.30926,1.30933,1.50,2.55
2012.12.12 17:55:25.206,1.30925,1.30932,2.48,1.58
2012.12.12 17:55:25.916,1.30925,1.30932,1.73,1.58
2012.12.12 17:55:26.217,1.30922,1.30927,1.50,1.50
2012.12.12 17:55:26.396,1.30921,1.30925,1.17,1.50
2012.12.12 17:55:26.876,1.30918,1.30923,3.60,4.50
2012.12.12 17:55:27.177,1.30916,1.30921,2.25,2.55
2012.12.12 17:55:27.236,1.30916,1.30921,2.25,2.55
2012.12.12 17:55:27.718,1.30916,1.30923,2.25,4.73
2012.12.12 17:55:27.788,1.30916,1.30923,3.15,3.98
2012.12.12 17:55:28.147,1.30918,1.30925,2.48,1.88
2012.12.12 17:55:28.506,1.30919,1.30926,1.73,1.95
2012.12.12 17:55:29.197,1.30919,1.30925,1.73,1.13
2012.12.12 17:55:29.705,1.30919,1.30924,1.73,1.50
2012.12.12 17:55:30.006,1.30917,1.30924,3.98,1.58
2012.12.12 17:55:30.546,1.30915,1.30921,3.98,1.58
2012.12.12 17:55:30.729,1.30916,1.30922,1.50,1.50
2012.12.12 17:55:30.797,1.30916,1.30922,1.50,1.50
2012.12.12 17:55:30.858,1.30919,1.30922,1.50,1.50
2012.12.12 17:55:31.219,1.30921,1.3093,4.50,1.95
2012.12.12 17:55:31.289,1.30924,1.3093,4.38,1.13
2012.12.12 17:55:31.597,1.30921,1.30931,1.80,16.37
2012.12.12 17:55:31.957,1.3092,1.30931,3.00,22.92
2012.12.12 17:55:32.198,1.30915,1.30929,4.50,6.32
2012.12.12 17:55:32.328,1.30916,1.3093,1.88,5.46
2012.12.12 17:55:32.456,1.30916,1.30928,1.73,1.05
2012.12.12 17:55:32.757,1.30913,1.30921,1.50,1.80
2012.12.12 17:55:32.938,1.30918,1.30922,1.50,1.50
2012.12.12 17:55:33.056,1.30918,1.30922,1.50,1.80
2012.12.12 17:55:34.806,1.3092,1.30924,1.50,1.50
2012.12.12 17:55:34.867,1.3092,1.30926,2.40,3.30
2012.12.12 17:55:34.927,1.30921,1.30926,1.65,1.80
2012.12.12 17:55:35.292,1.3092,1.30925,2.48,1.50
2012.12.12 17:55:35.839,1.30918,1.30923,1.73,1.20
2012.12.12 17:55:35.969,1.30918,1.30923,1.50,1.73
2012.12.12 17:55:36.506,1.30917,1.30923,2.48,1.50
2012.12.12 17:55:36.686,1.30915,1.30923,2.48,1.73
2012.12.12 17:55:36.936,1.30916,1.30922,2.48,1.28
2012.12.12 17:55:37.475,1.30916,1.30922,2.48,1.28
2012.12.12 17:55:37.716,1.30916,1.30923,3.38,1.73
2012.12.12 17:55:38.217,1.30917,1.30923,1.73,1.50
2012.12.12 17:55:38.727,1.30917,1.30924,3.23,1.50
2012.12.12 17:55:39.270,1.30918,1.30923,1.73,1.50
2012.12.12 17:55:39.817,1.30918,1.30923,2.48,1.50
2012.12.12 17:55:41.000,1.30921,1.30926,3.60,1.28
2012.12.12 17:55:41.307,1.30926,1.30932,1.50,2.40
2012.12.12 17:55:41.846,1.30927,1.30933,1.73,1.50
2012.12.12 17:55:42.448,1.30925,1.30933,3.90,1.73
2012.12.12 17:55:43.696,1.30925,1.30933,1.73,3.00
2012.12.12 17:55:44.057,1.30925,1.30931,1.73,3.00
2012.12.12 17:55:44.117,1.30922,1.30928,3.38,4.28
2012.12.12 17:55:44.180,1.30922,1.30928,3.38,3.53
2012.12.12 17:55:44.789,1.30921,1.30925,1.50,1.50
2012.12.12 17:55:44.870,1.30917,1.30924,2.48,2.03
2012.12.12 17:55:45.686,1.30918,1.30925,3.23,1.73
2012.12.12 17:55:46.890,1.30918,1.30925,3.23,2.25
2012.12.12 17:55:47.396,1.30918,1.30924,1.73,1.50
2012.12.12 17:55:47.517,1.30917,1.30922,1.50,1.28
2012.12.12 17:55:47.877,1.30916,1.30922,1.65,1.50
2012.12.12 17:55:48.389,1.30916,1.30922,2.40,1.50
2012.12.12 17:55:48.906,1.30916,1.30922,1.73,1.50
2012.12.12 17:55:49.467,1.30916,1.30922,2.33,1.50
2012.12.12 17:55:49.587,1.30918,1.30926,1.58,4.65
2012.12.12 17:55:49.706,1.30918,1.30924,1.58,1.50
2012.12.12 17:55:50.267,1.30921,1.30926,1.13,1.50
2012.12.12 17:55:50.327,1.3092,1.30927,3.15,1.50
2012.12.12 17:55:50.387,1.30922,1.30927,1.73,1.50
2012.12.12 17:55:52.887,1.30924,1.30929,1.73,1.50
2012.12.12 17:55:53.007,1.30925,1.30931,1.50,2.48
2012.12.12 17:55:53.546,1.30925,1.30932,2.48,3.98
2012.12.12 17:55:54.099,1.30926,1.30932,2.48,1.73
2012.12.12 17:55:54.622,1.30928,1.30933,1.50,1.73
2012.12.12 17:55:54.926,1.30932,1.30938,2.48,1.50
2012.12.12 17:55:56.621,1.30932,1.30939,1.50,1.50
2012.12.12 17:55:57.173,1.30931,1.30938,1.88,2.25
2012.12.12 17:55:57.298,1.30931,1.30936,1.73,1.50
2012.12.12 17:55:58.036,1.3093,1.30936,2.48,1.50
2012.12.12 17:55:58.397,1.30928,1.30934,1.73,1.50
2012.12.12 17:55:58.578,1.30926,1.30932,6.00,1.73
2012.12.12 17:55:58.638,1.30926,1.30931,4.50,1.73
2012.12.12 17:55:58.997,1.30924,1.30929,2.48,2.25
2012.12.12 17:55:59.057,1.30926,1.3093,3.75,2.48
2012.12.12 17:55:59.586,1.30925,1.3093,1.50,1.73
2012.12.12 17:56:00.507,1.30925,1.3093,1.50,1.73
2012.12.12 17:56:01.048,1.30925,1.3093,1.50,1.73
2012.12.12 17:56:01.586,1.30925,1.3093,1.50,1.73
2012.12.12 17:56:02.207,1.30925,1.30931,1.50,4.73
2012.12.12 17:56:02.746,1.30925,1.30931,1.50,4.73
2012.12.12 17:56:03.265,1.30924,1.3093,1.73,1.73
2012.12.12 17:56:03.827,1.30922,1.30927,1.50,1.13
2012.12.12 17:56:03.949,1.3092,1.30925,2.25,2.25
2012.12.12 17:56:04.076,1.30918,1.30923,5.10,2.25
2012.12.12 17:56:04.142,1.30919,1.30923,5.72,1.50
2012.12.12 17:56:04.457,1.30917,1.30923,1.80,1.50
2012.12.12 17:56:04.577,1.30917,1.30923,1.65,2.25
2012.12.12 17:56:04.758,1.30915,1.30921,3.15,1.50
2012.12.12 17:56:04.877,1.30915,1.3092,1.50,1.73
2012.12.12 17:56:05.239,1.30908,1.30915,3.15,1.50
2012.12.12 17:56:05.417,1.30909,1.30913,1.05,1.50
2012.12.12 17:56:05.597,1.30906,1.30913,2.40,1.50
2012.12.12 17:56:05.658,1.30907,1.30913,1.65,1.73
2012.12.12 17:56:05.836,1.30906,1.30913,1.73,3.23
2012.12.12 17:56:07.656,1.30904,1.30913,2.48,3.23
2012.12.12 17:56:07.977,1.30904,1.30909,1.50,1.50
2012.12.12 17:56:08.345,1.30901,1.30907,1.73,2.48
2012.12.12 17:56:08.537,1.309,1.30907,7.47,1.73
2012.12.12 17:56:09.076,1.309,1.30906,3.45,1.50
2012.12.12 17:56:09.261,1.30899,1.30904,1.50,1.50
2012.12.12 17:56:09.327,1.30896,1.30903,3.00,1.50
2012.12.12 17:56:09.688,1.30895,1.30903,1.73,2.48
2012.12.12 17:56:10.917,1.30897,1.30904,2.48,1.50
2012.12.12 17:56:10.979,1.30897,1.30904,1.73,3.00
2012.12.12 17:56:11.047,1.30896,1.30902,2.25,1.50
2012.12.12 17:56:11.166,1.30898,1.30904,2.63,1.73
2012.12.12 17:56:11.586,1.309,1.30906,1.13,2.25
2012.12.12 17:56:13.177,1.30899,1.30904,1.13,1.50
2012.12.12 17:56:13.363,1.30896,1.30901,2.48,1.50
2012.12.12 17:56:13.487,1.30896,1.30901,1.73,1.50
2012.12.12 17:56:13.847,1.30895,1.30903,2.48,2.48
2012.12.12 17:56:13.966,1.30895,1.30901,2.48,2.25
2012.12.12 17:56:14.280,1.30893,1.30901,3.23,3.23
2012.12.12 17:56:14.880,1.30893,1.30901,2.48,3.23
2012.12.12 17:56:15.425,1.30894,1.30899,1.50,2.25
2012.12.12 17:56:18.946,1.30891,1.30896,1.73,1.50
2012.12.12 17:56:19.007,1.30894,1.30899,1.73,2.25
2012.12.12 17:56:19.187,1.30894,1.309,2.48,3.23
2012.12.12 17:56:19.726,1.30894,1.30903,1.50,1.73
2012.12.12 17:56:19.846,1.30894,1.30902,2.25,1.73
2012.12.12 17:56:20.416,1.30894,1.30903,2.25,3.23
2012.12.12 17:56:20.598,1.30895,1.30903,1.73,1.73
2012.12.12 17:56:21.026,1.30901,1.30909,2.25,3.00
2012.12.12 17:56:21.567,1.30903,1.30911,2.25,3.23
2012.12.12 17:56:21.746,1.30904,1.30911,1.50,1.73
2012.12.12 17:56:21.936,1.30904,1.30911,1.50,1.73
2012.12.12 17:56:22.495,1.30904,1.30911,1.50,2.48
2012.12.12 17:56:24.308,1.30909,1.30913,1.50,3.00
2012.12.12 17:56:24.627,1.30912,1.30919,2.25,1.73
2012.12.12 17:56:24.927,1.30913,1.30919,2.48,2.25
2012.12.12 17:56:25.467,1.30913,1.30919,2.48,1.50
2012.12.12 17:56:25.647,1.30915,1.3092,3.75,3.23
2012.12.12 17:56:26.007,1.3092,1.30925,3.23,3.75
2012.12.12 17:56:26.306,1.30921,1.30925,1.73,5.25
2012.12.12 17:56:26.479,1.30921,1.30926,1.73,1.50
2012.12.12 17:56:26.777,1.30918,1.30925,2.48,1.88
2012.12.12 17:56:26.836,1.30918,1.30925,2.48,1.88
2012.12.12 17:56:27.377,1.30918,1.30924,1.73,1.50
2012.12.12 17:56:27.736,1.30917,1.30923,1.50,1.73
2012.12.12 17:56:28.280,1.30915,1.30923,3.75,2.48
2012.12.12 17:56:29.207,1.30915,1.30921,1.50,2.48
2012.12.12 17:56:29.567,1.30914,1.30919,1.73,1.50
2012.12.12 17:56:30.876,1.30913,1.30921,3.15,2.48
2012.12.12 17:56:31.417,1.30912,1.30919,2.48,1.50
2012.12.12 17:56:32.217,1.30911,1.30919,2.40,3.00
2012.12.12 17:56:33.157,1.30911,1.30919,3.15,3.00
2012.12.12 17:56:33.716,1.30914,1.30919,1.50,1.50
2012.12.12 17:56:34.340,1.30913,1.30919,1.73,1.73
2012.12.12 17:56:34.412,1.30911,1.30918,2.25,1.73
2012.12.12 17:56:34.597,1.30907,1.30912,2.33,1.73
2012.12.12 17:56:34.838,1.30907,1.30912,2.33,2.48
2012.12.12 17:56:35.767,1.30906,1.30911,2.48,1.50
2012.12.12 17:56:36.268,1.30906,1.30911,2.48,1.50
2012.12.12 17:56:37.467,1.30904,1.3091,2.48,1.50
2012.12.12 17:56:37.707,1.30902,1.30908,2.48,1.50
2012.12.12 17:56:37.888,1.30903,1.30909,1.73,1.50
2012.12.12 17:56:38.246,1.30902,1.30908,1.73,2.25
2012.12.12 17:56:38.846,1.30903,1.30909,2.48,1.50
2012.12.12 17:56:39.277,1.30905,1.3091,1.50,1.73
2012.12.12 17:56:39.397,1.30905,1.30911,2.25,2.48
2012.12.12 17:56:41.106,1.30906,1.30912,2.25,1.73
2012.12.12 17:56:41.550,1.30908,1.30914,1.73,2.25
2012.12.12 17:56:42.096,1.30909,1.30914,2.25,1.73
2012.12.12 17:56:42.619,1.30912,1.30915,1.50,2.25
2012.12.12 17:56:42.690,1.30914,1.3092,1.50,3.00
2012.12.12 17:56:43.236,1.30913,1.3092,2.25,2.48
2012.12.12 17:56:43.606,1.30913,1.3092,1.50,1.73
2012.12.12 17:56:43.907,1.3091,1.30916,1.88,2.25
2012.12.12 17:56:44.445,1.3091,1.30915,1.50,1.13
2012.12.12 17:56:44.987,1.30908,1.30912,1.50,1.73
2012.12.12 17:56:45.047,1.30907,1.30911,3.00,1.50
2012.12.12 17:56:45.587,1.30907,1.30911,1.50,1.50
2012.12.12 17:56:45.918,1.30905,1.30911,2.25,1.73
2012.12.12 17:56:46.458,1.30903,1.30913,2.48,1.73
2012.12.12 17:56:46.909,1.30902,1.30913,2.25,3.98
2012.12.12 17:56:47.587,1.30902,1.30913,1.50,3.98
2012.12.12 17:56:48.119,1.30902,1.30913,1.50,4.73
2012.12.12 17:56:48.249,1.30902,1.30914,2.67,3.23
2012.12.12 17:56:48.307,1.30903,1.30914,1.73,2.48
2012.12.12 17:56:48.847,1.30905,1.30914,1.50,3.98
2012.12.12 17:56:49.178,1.30907,1.30912,1.50,1.73
2012.12.12 17:56:49.597,1.30912,1.30918,2.25,2.48
2012.12.12 17:56:49.837,1.30913,1.30918,2.25,1.73
2012.12.12 17:56:50.317,1.30912,1.30918,3.00,1.73
2012.12.12 17:56:51.049,1.30912,1.30918,1.50,2.48
2012.12.12 17:56:51.586,1.3091,1.30915,1.50,1.50
2012.12.12 17:56:52.106,1.30909,1.30915,1.65,2.25
2012.12.12 17:56:52.627,1.30909,1.30914,1.50,1.50
2012.12.12 17:56:52.987,1.30908,1.30914,1.13,1.50
2012.12.12 17:56:54.047,1.30912,1.30918,1.50,2.48
2012.12.12 17:56:54.110,1.30914,1.30918,1.50,2.48
2012.12.12 17:56:54.716,1.30914,1.30919,1.50,1.73
2012.12.12 17:56:54.839,1.3091,1.30917,1.65,2.48
2012.12.12 17:56:55.206,1.30907,1.30912,1.73,1.73
2012.12.12 17:56:55.446,1.30904,1.3091,1.50,1.50
2012.12.12 17:56:55.506,1.30904,1.3091,1.50,1.50
2012.12.12 17:56:56.062,1.30904,1.3091,1.50,2.48
2012.12.12 17:56:56.499,1.30904,1.3091,1.50,1.73
2012.12.12 17:56:56.617,1.30903,1.30912,1.13,1.88
2012.12.12 17:56:57.176,1.30903,1.30912,1.88,1.13
2012.12.12 17:56:57.477,1.30905,1.30912,1.50,1.13
2012.12.12 17:56:57.778,1.30908,1.30917,1.05,2.63
2012.12.12 17:56:57.841,1.30908,1.30916,1.05,1.73
2012.12.12 17:56:58.669,1.30908,1.30917,1.13,1.88
2012.12.12 17:56:58.976,1.30908,1.30915,1.13,1.50
2012.12.12 17:56:59.536,1.30907,1.30914,2.70,1.50
2012.12.12 17:57:00.277,1.30908,1.30914,1.13,1.50
2012.12.12 17:57:05.449,1.30908,1.30915,3.38,1.50
2012.12.12 17:57:05.977,1.3091,1.30915,1.65,1.50
2012.12.12 17:57:06.396,1.30909,1.30914,1.73,1.50
2012.12.12 17:57:07.207,1.30909,1.30914,1.73,1.50
2012.12.12 17:57:07.787,1.30909,1.30913,1.73,1.50
2012.12.12 17:57:09.229,1.30909,1.30912,1.73,1.50
2012.12.12 17:57:09.297,1.30905,1.30912,1.50,3.23
2012.12.12 17:57:09.836,1.30904,1.30911,3.75,1.50
2012.12.12 17:57:10.786,1.30905,1.30912,1.50,2.25
2012.12.12 17:57:12.747,1.30905,1.30912,1.50,2.25
2012.12.12 17:57:13.609,1.30905,1.30912,1.50,3.23
2012.12.12 17:57:13.786,1.30905,1.30912,1.50,2.25
2012.12.12 17:57:14.101,1.30909,1.30915,1.65,1.73
2012.12.12 17:57:14.170,1.30911,1.30917,1.50,7.73
2012.12.12 17:57:14.359,1.30911,1.30916,1.50,1.50
2012.12.12 17:57:14.488,1.30911,1.30916,1.50,1.88
2012.12.12 17:57:15.029,1.3091,1.30917,1.50,1.73
2012.12.12 17:57:15.157,1.3091,1.30918,1.50,2.63
2012.12.12 17:57:15.518,1.30913,1.30919,2.25,1.73
2012.12.12 17:57:15.588,1.30917,1.30922,3.00,6.66
2012.12.12 17:57:15.660,1.30918,1.30921,2.25,1.88
2012.12.12 17:57:16.050,1.3092,1.30923,3.75,4.50
2012.12.12 17:57:16.557,1.30923,1.30927,2.48,5.44
2012.12.12 17:57:16.678,1.30923,1.30931,2.48,4.80
2012.12.12 17:57:16.746,1.30923,1.3093,3.98,4.05
2012.12.12 17:57:16.928,1.30923,1.30931,3.23,2.48
2012.12.12 17:57:17.167,1.30925,1.30933,1.50,4.73
2012.12.12 17:57:17.287,1.30923,1.30928,2.25,1.95
2012.12.12 17:57:17.408,1.3092,1.30925,1.73,1.50
2012.12.12 17:57:17.766,1.30917,1.30926,3.00,1.73
2012.12.12 17:57:17.890,1.30919,1.30923,1.50,2.25
2012.12.12 17:57:18.018,1.30917,1.30923,3.00,1.73
2012.12.12 17:57:18.077,1.30917,1.30922,1.50,2.25
2012.12.12 17:57:18.617,1.30911,1.30917,1.50,1.73
2012.12.12 17:57:19.178,1.30914,1.30919,1.50,1.73
2012.12.12 17:57:19.509,1.30914,1.30919,1.50,2.48
2012.12.12 17:57:20.017,1.30914,1.3092,2.25,1.73
2012.12.12 17:57:20.197,1.30914,1.30921,2.48,2.48
2012.12.12 17:57:21.657,1.30916,1.30923,1.73,5.48
2012.12.12 17:57:21.858,1.30916,1.30923,1.73,5.48
2012.12.12 17:57:22.336,1.30915,1.30922,2.40,1.73
2012.12.12 17:57:22.877,1.30915,1.30921,2.25,2.48
2012.12.12 17:57:24.487,1.30915,1.30921,2.25,2.48
2012.12.12 17:57:25.536,1.30915,1.30921,1.50,1.73
2012.12.12 17:57:26.133,1.30914,1.30921,1.50,1.73
2012.12.12 17:57:29.177,1.30916,1.30922,1.50,3.00
2012.12.12 17:57:29.719,1.30914,1.30922,1.50,3.23
2012.12.12 17:57:31.837,1.30916,1.30922,1.50,3.00
2012.12.12 17:57:32.357,1.30913,1.30922,2.25,3.23
2012.12.12 17:57:33.187,1.30914,1.30919,1.50,1.73
2012.12.12 17:57:33.648,1.3091,1.30915,1.73,1.50
2012.12.12 17:57:34.197,1.3091,1.30915,1.50,1.50
2012.12.12 17:57:34.318,1.30911,1.30917,1.50,2.48
2012.12.12 17:57:34.856,1.30912,1.30917,1.50,1.73
2012.12.12 17:57:35.397,1.30911,1.30919,2.25,3.23
2012.12.12 17:57:36.157,1.30911,1.30919,2.25,3.23
2012.12.12 17:57:36.458,1.30914,1.3092,1.50,2.33
2012.12.12 17:57:37.618,1.30914,1.3092,2.25,1.73
2012.12.12 17:57:38.339,1.30914,1.30922,1.50,1.73
2012.12.12 17:57:38.459,1.30916,1.30922,1.50,1.73
2012.12.12 17:57:38.998,1.30914,1.30922,2.48,1.73
2012.12.12 17:57:39.536,1.30914,1.30921,1.73,1.73
2012.12.12 17:57:39.837,1.30915,1.30922,1.50,1.73
2012.12.12 17:57:40.016,1.30915,1.30921,1.50,1.73
2012.12.12 17:57:40.536,1.30914,1.3092,1.73,1.73
2012.12.12 17:57:41.465,1.30915,1.30921,1.13,1.73
2012.12.12 17:57:41.707,1.30919,1.30923,1.50,1.50
2012.12.12 17:57:42.266,1.3092,1.30924,3.08,2.25
2012.12.12 17:57:42.417,1.30922,1.30929,3.75,2.48
2012.12.12 17:57:42.937,1.30922,1.30929,4.50,1.73
2012.12.12 17:57:43.240,1.30921,1.30927,3.75,1.50
2012.12.12 17:57:43.486,1.30921,1.30927,2.25,1.73
2012.12.12 17:57:44.172,1.30921,1.30927,1.50,1.73
2012.12.12 17:57:44.717,1.30921,1.30927,1.50,2.48
2012.12.12 17:57:45.267,1.30919,1.30926,3.23,1.73
2012.12.12 17:57:45.687,1.3092,1.30925,1.50,1.73
2012.12.12 17:57:46.227,1.30919,1.30927,5.48,1.73
2012.12.12 17:57:46.346,1.30919,1.30927,2.48,1.73
2012.12.12 17:57:46.898,1.30917,1.30927,6.90,1.73
2012.12.12 17:57:47.077,1.30917,1.30926,4.50,4.35
2012.12.12 17:57:47.395,1.30916,1.30923,2.63,1.73
2012.12.12 17:57:47.457,1.30915,1.30923,1.88,1.73
2012.12.12 17:57:47.996,1.30914,1.30923,1.73,1.73
2012.12.12 17:57:49.513,1.30914,1.30923,3.23,2.48
2012.12.12 17:57:50.057,1.30919,1.30923,2.10,2.25
2012.12.12 17:57:50.302,1.30921,1.30926,1.50,2.48
2012.12.12 17:57:50.549,1.30923,1.30929,1.50,3.23
2012.12.12 17:57:50.622,1.3092,1.30928,2.48,1.73
2012.12.12 17:57:50.928,1.3092,1.30927,2.25,1.73
2012.12.12 17:57:51.288,1.3092,1.30928,3.00,1.73
2012.12.12 17:57:51.853,1.30924,1.30929,1.50,1.50
2012.12.12 17:57:52.167,1.3092,1.30926,1.50,1.73
2012.12.12 17:57:52.349,1.3092,1.30926,1.50,1.50
2012.12.12 17:57:52.467,1.3092,1.30926,1.50,3.23
2012.12.12 17:57:52.828,1.30919,1.30925,2.25,1.73
2012.12.12 17:57:53.067,1.30916,1.30924,3.75,1.13
2012.12.12 17:57:54.477,1.30915,1.30924,2.63,1.88
2012.12.12 17:57:54.537,1.30915,1.30924,2.25,1.73
2012.12.12 17:57:56.207,1.30914,1.30924,2.48,2.48
2012.12.12 17:57:56.758,1.30914,1.30924,2.48,2.48
2012.12.12 17:57:57.396,1.30916,1.30923,1.50,1.73
2012.12.12 17:58:00.206,1.30915,1.30924,1.50,4.73
2012.12.12 17:58:00.386,1.30915,1.30924,1.50,4.73
2012.12.12 17:58:02.208,1.30915,1.30918,1.50,1.50
2012.12.12 17:58:02.450,1.30909,1.30915,1.88,2.25
2012.12.12 17:58:02.838,1.30909,1.30914,1.65,1.50
2012.12.12 17:58:04.306,1.30909,1.30914,1.65,2.25
2012.12.12 17:58:06.317,1.30908,1.30913,2.63,1.50
2012.12.12 17:58:06.497,1.30911,1.30916,1.50,1.73
2012.12.12 17:58:07.008,1.30911,1.30916,1.65,1.50
2012.12.12 17:58:07.518,1.30911,1.30916,1.65,1.50
2012.12.12 17:58:08.016,1.30911,1.30916,1.05,1.50
2012.12.12 17:58:08.136,1.30908,1.30913,3.30,1.50
2012.12.12 17:58:08.687,1.30908,1.30913,1.86,1.50
2012.12.12 17:58:09.217,1.30906,1.30912,1.50,1.73
2012.12.12 17:58:09.522,1.30903,1.3091,3.23,1.88
2012.12.12 17:58:09.594,1.30901,1.30906,7.86,1.50
2012.12.12 17:58:09.661,1.30901,1.30905,2.48,1.50
2012.12.12 17:58:10.207,1.30898,1.30903,1.50,1.73
2012.12.12 17:58:10.736,1.30899,1.30905,3.36,1.73
2012.12.12 17:58:11.040,1.309,1.30905,1.50,1.73
2012.12.12 17:58:11.113,1.309,1.30905,2.25,1.73
2012.12.12 17:58:11.180,1.30901,1.30907,1.50,1.50
2012.12.12 17:58:11.248,1.30901,1.30908,3.00,1.50
2012.12.12 17:58:11.786,1.30905,1.30911,1.50,3.98
2012.12.12 17:58:12.318,1.30905,1.30911,1.50,3.75
2012.12.12 17:58:12.926,1.30904,1.3091,2.25,1.73
2012.12.12 17:58:13.532,1.309,1.30907,3.23,2.25
2012.12.12 17:58:13.602,1.30897,1.30905,3.83,3.98
2012.12.12 17:58:13.848,1.30896,1.30902,4.62,1.73
2012.12.12 17:58:14.387,1.30897,1.30902,1.50,1.73
2012.12.12 17:58:15.066,1.30897,1.30902,1.50,1.73
2012.12.12 17:58:15.247,1.30896,1.30901,2.25,1.50
2012.12.12 17:58:15.606,1.30895,1.309,2.14,1.50
2012.12.12 17:58:16.156,1.30893,1.30898,4.73,1.50
2012.12.12 17:58:16.517,1.30891,1.30896,3.00,1.50
2012.12.12 17:58:16.577,1.30891,1.30895,2.63,1.50
2012.12.12 17:58:17.058,1.30889,1.30897,2.25,1.73
2012.12.12 17:58:17.559,1.30893,1.309,2.25,1.73
2012.12.12 17:58:18.077,1.30891,1.30896,2.25,1.73
2012.12.12 17:58:18.136,1.30891,1.30896,1.50,1.73
2012.12.12 17:58:18.678,1.30891,1.30896,3.00,1.73
2012.12.12 17:58:19.039,1.30892,1.30897,2.25,1.13
2012.12.12 17:58:19.167,1.30892,1.30897,2.25,1.13
2012.12.12 17:58:19.468,1.30891,1.309,1.13,1.88
2012.12.12 17:58:20.507,1.30891,1.30898,1.50,1.88
2012.12.12 17:58:20.628,1.30888,1.30896,1.65,1.73
2012.12.12 17:58:21.477,1.30888,1.30897,2.48,1.73
2012.12.12 17:58:21.837,1.30892,1.30898,2.25,2.25
2012.12.12 17:58:22.377,1.3089,1.30898,3.75,1.13
2012.12.12 17:58:23.004,1.3089,1.30898,1.50,1.13
2012.12.12 17:58:23.068,1.3089,1.30898,3.00,1.13
2012.12.12 17:58:23.427,1.30892,1.30899,3.00,1.73
2012.12.12 17:58:24.407,1.30892,1.309,3.00,1.50
2012.12.12 17:58:24.920,1.30893,1.309,1.50,3.23
2012.12.12 17:58:26.047,1.3089,1.30897,1.73,1.13
2012.12.12 17:58:26.121,1.30891,1.30897,1.65,1.50
2012.12.12 17:58:26.677,1.30891,1.30896,2.40,1.35
2012.12.12 17:58:26.797,1.30889,1.30894,1.50,2.25
2012.12.12 17:58:26.920,1.30888,1.30893,2.25,3.00
2012.12.12 17:58:27.046,1.30889,1.30895,1.50,2.40
2012.12.12 17:58:27.586,1.30888,1.30893,1.50,1.73
2012.12.12 17:58:29.076,1.30888,1.30894,1.50,2.10
2012.12.12 17:58:29.316,1.30888,1.30894,2.25,1.73
2012.12.12 17:58:29.438,1.30888,1.30895,3.23,2.48
2012.12.12 17:58:29.507,1.30891,1.30897,1.50,3.23
2012.12.12 17:58:29.808,1.30895,1.309,1.50,3.23
2012.12.12 17:58:30.650,1.30895,1.30899,1.50,1.35
2012.12.12 17:58:30.965,1.30892,1.30897,1.50,2.48
2012.12.12 17:58:31.468,1.3089,1.30897,1.59,2.48
2012.12.12 17:58:31.827,1.30893,1.30898,1.50,3.00
2012.12.12 17:58:31.947,1.30895,1.309,1.50,3.98
2012.12.12 17:58:32.486,1.30895,1.309,1.50,2.48
2012.12.12 17:58:33.013,1.30895,1.309,1.50,3.23
2012.12.12 17:58:34.547,1.30892,1.30899,2.25,2.48
2012.12.12 17:58:35.107,1.30891,1.30899,1.50,2.48
2012.12.12 17:58:35.467,1.3089,1.30894,1.50,1.73
2012.12.12 17:58:36.139,1.30889,1.30894,1.50,1.73
2012.12.12 17:58:36.209,1.30889,1.30894,2.95,1.50
2012.12.12 17:58:36.717,1.3089,1.30894,1.50,1.50
2012.12.12 17:58:37.238,1.30889,1.30898,1.73,2.48
2012.12.12 17:58:38.136,1.30889,1.30895,1.73,1.73
2012.12.12 17:58:38.447,1.30887,1.30893,1.50,2.48
2012.12.12 17:58:39.431,1.30888,1.30894,2.25,1.73
2012.12.12 17:58:39.503,1.30888,1.30895,3.00,1.88
2012.12.12 17:58:40.286,1.30889,1.30894,1.50,1.73
2012.12.12 17:58:40.826,1.30888,1.30894,2.25,1.73
2012.12.12 17:58:41.489,1.30885,1.30892,2.25,4.58
2012.12.12 17:58:41.557,1.30884,1.30888,2.63,1.73
2012.12.12 17:58:41.617,1.30882,1.30888,3.04,1.73
2012.12.12 17:58:41.676,1.30876,1.30884,2.25,1.50
2012.12.12 17:58:41.977,1.30876,1.30882,3.60,1.73
2012.12.12 17:58:42.517,1.30876,1.30882,1.73,1.73
2012.12.12 17:58:44.206,1.30876,1.30881,1.73,1.50
2012.12.12 17:58:44.757,1.30875,1.3088,1.73,1.50
2012.12.12 17:58:44.893,1.30873,1.30878,2.48,1.65
2012.12.12 17:58:45.197,1.3087,1.30877,1.50,1.65
2012.12.12 17:58:45.627,1.3087,1.30876,1.13,1.50
2012.12.12 17:58:45.709,1.30868,1.30877,2.63,2.63
2012.12.12 17:58:46.258,1.30869,1.30877,1.73,3.38
2012.12.12 17:58:46.496,1.30868,1.30876,2.40,1.50
2012.12.12 17:58:46.860,1.30867,1.30873,1.73,1.65
2012.12.12 17:58:46.989,1.30865,1.30871,3.75,1.50
2012.12.12 17:58:47.109,1.30865,1.3087,5.48,1.50
2012.12.12 17:58:47.646,1.30865,1.30871,4.50,3.23
2012.12.12 17:58:47.706,1.30865,1.30871,4.50,2.48
2012.12.12 17:58:48.249,1.30867,1.30872,1.50,1.73
2012.12.12 17:58:48.797,1.30868,1.30873,1.50,1.73
2012.12.12 17:58:49.338,1.30867,1.30876,2.25,3.15
2012.12.12 17:58:49.860,1.30866,1.30877,1.73,4.84
2012.12.12 17:58:50.477,1.30865,1.30874,2.48,3.00
2012.12.12 17:58:50.599,1.30863,1.30873,3.23,1.95
2012.12.12 17:58:50.847,1.3086,1.30869,1.50,1.50
2012.12.12 17:58:51.338,1.30861,1.30872,1.73,1.50
2012.12.12 17:58:51.817,1.30866,1.30873,1.50,2.25
2012.12.12 17:58:52.176,1.30867,1.30873,1.50,1.50
2012.12.12 17:58:52.717,1.30865,1.30872,1.50,1.50
2012.12.12 17:58:52.836,1.30864,1.30872,2.48,1.50
2012.12.12 17:58:53.377,1.30865,1.3087,1.50,1.13
2012.12.12 17:58:53.497,1.30864,1.3087,1.50,1.13
2012.12.12 17:58:53.617,1.30864,1.30871,2.48,3.23
2012.12.12 17:58:53.678,1.30864,1.3087,2.48,1.73
2012.12.12 17:58:54.216,1.30865,1.30871,1.50,3.98
2012.12.12 17:58:55.586,1.30865,1.30871,1.50,2.48
2012.12.12 17:58:56.096,1.30865,1.30871,2.25,2.48
2012.12.12 17:58:56.727,1.30865,1.30871,1.50,1.73
2012.12.12 17:58:57.238,1.30863,1.3087,1.50,1.73
2012.12.12 17:58:57.477,1.30862,1.3087,4.50,1.73
2012.12.12 17:58:57.597,1.30862,1.30871,3.75,2.48
2012.12.12 17:59:00.047,1.30862,1.30871,4.50,3.23
2012.12.12 17:59:00.588,1.30864,1.30871,1.50,1.50
2012.12.12 17:59:00.768,1.30864,1.30869,1.50,1.73
2012.12.12 17:59:01.198,1.30864,1.3087,1.50,1.50
2012.12.12 17:59:02.119,1.30866,1.30871,1.50,1.73
2012.12.12 17:59:02.897,1.30864,1.30871,1.50,3.23
2012.12.12 17:59:03.427,1.30865,1.30871,1.50,3.98
2012.12.12 17:59:04.076,1.30863,1.30873,2.48,6.00
2012.12.12 17:59:04.617,1.30865,1.30871,1.50,2.25
2012.12.12 17:59:04.677,1.30865,1.30871,1.50,2.25
2012.12.12 17:59:05.108,1.30862,1.30871,2.25,2.25
2012.12.12 17:59:06.206,1.30863,1.3087,1.73,1.13
2012.12.12 17:59:06.526,1.30861,1.30869,1.13,1.50
2012.12.12 17:59:07.096,1.30861,1.30869,1.13,1.50
2012.12.12 17:59:07.607,1.30862,1.3087,1.50,1.65
2012.12.12 17:59:08.277,1.30863,1.30869,1.50,1.73
2012.12.12 17:59:09.517,1.30863,1.3087,1.65,2.48
2012.12.12 17:59:10.057,1.30863,1.30871,1.73,2.25
2012.12.12 17:59:10.416,1.30864,1.30871,2.48,1.50
2012.12.12 17:59:11.091,1.30865,1.30871,1.73,1.50
2012.12.12 17:59:11.476,1.30867,1.30874,2.25,3.75
2012.12.12 17:59:11.915,1.30871,1.30877,2.55,2.63
2012.12.12 17:59:11.997,1.30875,1.30881,1.65,1.50
2012.12.12 17:59:12.516,1.30876,1.3088,2.48,1.50
2012.12.12 17:59:13.326,1.30876,1.30882,2.48,3.23
2012.12.12 17:59:13.451,1.30878,1.30882,1.50,1.73
2012.12.12 17:59:13.818,1.30875,1.3088,1.73,1.50
2012.12.12 17:59:13.880,1.30876,1.3088,1.50,1.50
2012.12.12 17:59:14.407,1.30876,1.30881,1.50,1.73
2012.12.12 17:59:15.068,1.30878,1.30883,1.73,1.50
2012.12.12 17:59:15.429,1.30878,1.30885,2.48,1.88
2012.12.12 17:59:15.877,1.30876,1.30884,2.78,6.00
2012.12.12 17:59:16.177,1.30876,1.30881,1.88,2.25
2012.12.12 17:59:16.747,1.30875,1.30881,1.50,1.50
2012.12.12 17:59:19.116,1.30875,1.30881,2.25,1.50
2012.12.12 17:59:19.537,1.30876,1.30883,1.50,2.25
2012.12.12 17:59:19.657,1.30876,1.30883,1.50,2.25
2012.12.12 17:59:20.506,1.30875,1.3088,1.50,1.73
2012.12.12 17:59:20.626,1.30874,1.3088,1.73,1.73
2012.12.12 17:59:21.167,1.30875,1.3088,1.50,1.73
2012.12.12 17:59:21.428,1.30875,1.30881,1.73,3.00
2012.12.12 17:59:21.958,1.30876,1.30882,1.73,1.73
2012.12.12 17:59:22.988,1.30879,1.30883,1.50,2.48
2012.12.12 17:59:23.226,1.30883,1.30888,1.50,3.23
2012.12.12 17:59:23.409,1.3088,1.30886,1.50,3.38
2012.12.12 17:59:23.468,1.30879,1.30885,2.48,1.88
2012.12.12 17:59:23.587,1.30879,1.30883,1.73,1.50
2012.12.12 17:59:23.889,1.30877,1.30883,1.50,3.23
2012.12.12 17:59:24.547,1.30877,1.30883,1.50,3.23
2012.12.12 17:59:24.847,1.30879,1.30884,1.88,2.25
2012.12.12 17:59:25.404,1.30879,1.30884,1.13,2.25
2012.12.12 17:59:26.387,1.30879,1.30884,2.63,1.50
2012.12.12 17:59:27.769,1.3088,1.30886,2.48,3.00
2012.12.12 17:59:28.089,1.30881,1.30889,1.13,2.48
2012.12.12 17:59:28.388,1.30882,1.30887,1.73,1.50
2012.12.12 17:59:29.423,1.30883,1.30889,1.73,1.50
2012.12.12 17:59:29.926,1.30883,1.3089,2.48,3.38
2012.12.12 17:59:30.577,1.30883,1.30889,2.48,1.50
2012.12.12 17:59:31.136,1.30883,1.30889,1.73,1.50
2012.12.12 17:59:31.698,1.30883,1.30889,1.73,1.50
2012.12.12 17:59:31.997,1.30881,1.30886,2.48,1.50
2012.12.12 17:59:32.119,1.3088,1.30886,1.73,1.50
2012.12.12 17:59:32.626,1.3088,1.30885,2.48,1.50
2012.12.12 17:59:33.307,1.30881,1.3089,1.50,2.25
2012.12.12 17:59:34.180,1.30879,1.30883,1.73,1.50
2012.12.12 17:59:34.488,1.30874,1.3088,1.50,1.73
2012.12.12 17:59:34.686,1.30874,1.30881,1.73,7.58
2012.12.12 17:59:34.818,1.30874,1.3088,1.73,1.73
2012.12.12 17:59:36.818,1.30873,1.3088,1.73,3.23
2012.12.12 17:59:36.938,1.3087,1.30877,2.40,1.50
2012.12.12 17:59:37.476,1.30874,1.3088,1.73,4.35
2012.12.12 17:59:37.537,1.30874,1.30881,1.50,10.43
2012.12.12 17:59:37.657,1.30874,1.30881,2.48,8.25
2012.12.12 17:59:42.318,1.30876,1.30882,1.50,3.23
2012.12.12 17:59:42.438,1.30877,1.30883,2.48,3.00
2012.12.12 17:59:42.920,1.30876,1.30881,1.50,2.25
2012.12.12 17:59:42.989,1.30874,1.3088,1.50,2.25
2012.12.12 17:59:43.287,1.30874,1.3088,2.25,3.00
2012.12.12 17:59:43.467,1.30874,1.3088,2.25,2.25
2012.12.12 17:59:43.648,1.30874,1.3088,2.25,2.25
2012.12.12 17:59:43.708,1.30874,1.30879,1.50,1.50
2012.12.12 17:59:44.066,1.30869,1.30877,4.45,1.73
2012.12.12 17:59:44.186,1.3087,1.30877,1.73,1.73
2012.12.12 17:59:44.429,1.30871,1.30878,1.13,5.33
2012.12.12 17:59:44.797,1.30874,1.30879,2.25,2.40
2012.12.12 17:59:44.917,1.30874,1.30881,2.25,3.60
2012.12.12 17:59:45.457,1.30875,1.30881,1.50,3.23
2012.12.12 17:59:45.997,1.30873,1.30879,1.50,2.48
2012.12.12 17:59:46.057,1.30871,1.30878,2.48,3.15
2012.12.12 17:59:46.177,1.30871,1.30878,2.48,3.15
2012.12.12 17:59:46.681,1.30873,1.30879,1.50,2.25
2012.12.12 17:59:47.946,1.30871,1.30877,1.73,3.23
2012.12.12 17:59:48.486,1.30871,1.30877,2.48,2.48
2012.12.12 17:59:49.396,1.30871,1.30877,2.63,1.50
2012.12.12 17:59:49.761,1.30873,1.3088,2.48,2.48
2012.12.12 17:59:50.297,1.30875,1.3088,1.50,1.73
2012.12.12 17:59:50.807,1.30875,1.30881,1.50,2.10
2012.12.12 17:59:55.556,1.30875,1.30882,1.50,2.25
2012.12.12 17:59:58.167,1.30875,1.3088,1.50,2.48
2012.12.12 17:59:59.408,1.30876,1.30881,1.50,2.25
2012.12.12 17:59:59.662,1.30877,1.30882,2.25,1.50
