2008.06.17 19:00:00.858,1.55125,1.55145,5.40,7.20
2008.06.17 19:00:01.027,1.5512,1.5514,11.20,7.20
2008.06.17 19:00:01.199,1.55114,1.55134,1.00,13.80
2008.06.17 19:00:01.369,1.55111,1.55131,14.40,1.80
2008.06.17 19:00:01.537,1.55107,1.55132,15.00,7.20
2008.06.17 19:00:01.696,1.55107,1.55132,2.40,4.80
2008.06.17 19:00:06.010,1.55117,1.55122,9.60,4.80
2008.06.17 19:00:06.223,1.55111,1.55131,36.00,3.00
2008.06.17 19:00:07.970,1.55111,1.55131,2.40,4.80
2008.06.17 19:00:08.013,1.55114,1.55124,11.40,2.40
2008.06.17 19:00:08.269,1.55113,1.55123,6.60,3.70
2008.06.17 19:00:11.135,1.551,1.55126,4.80,10.20
2008.06.17 19:00:11.956,1.55096,1.55122,3.00,3.00
2008.06.17 19:00:16.160,1.551,1.5511,17.10,7.60
2008.06.17 19:00:16.392,1.55093,1.55103,7.20,6.60
2008.06.17 19:00:16.696,1.55089,1.55103,8.40,9.10
2008.06.17 19:00:22.090,1.55089,1.55109,7.20,6.60
2008.06.17 19:00:22.275,1.55097,1.55117,2.40,11.50
2008.06.17 19:00:22.970,1.55102,1.55128,2.40,4.50
2008.06.17 19:00:45.323,1.55116,1.55126,1.00,6.60
2008.06.17 19:00:45.640,1.55117,1.55127,1.20,11.50
2008.06.17 19:00:45.828,1.55115,1.5513,3.00,6.00
2008.06.17 19:00:46.018,1.55114,1.55129,1.70,1.20
2008.06.17 19:00:49.154,1.55111,1.55131,19.80,4.80
2008.06.17 19:00:49.562,1.55109,1.55129,15.00,1.80
2008.06.17 19:00:49.716,1.55108,1.55128,9.20,2.40
2008.06.17 19:00:49.855,1.55105,1.5513,2.70,3.00
2008.06.17 19:00:50.047,1.55109,1.55129,12.00,4.80
2008.06.17 19:00:50.201,1.55111,1.55131,2.40,20.30
2008.06.17 19:00:50.322,1.55112,1.55132,22.80,2.40
2008.06.17 19:00:50.565,1.55116,1.55132,6.00,6.00
2008.06.17 19:00:51.489,1.55116,1.55136,1.00,8.50
2008.06.17 19:00:51.989,1.55121,1.55141,14.40,1.00
2008.06.17 19:00:52.074,1.55131,1.55141,2.40,12.00
2008.06.17 19:00:52.208,1.55131,1.55151,10.20,6.00
2008.06.17 19:00:52.810,1.55138,1.55148,10.80,9.40
2008.06.17 19:00:54.410,1.5513,1.55145,4.20,3.60
2008.06.17 19:00:54.876,1.55126,1.55136,18.30,9.10
2008.06.17 19:00:55.033,1.55122,1.55132,2.40,7.80
2008.06.17 19:00:55.190,1.55115,1.5513,1.00,4.80
2008.06.17 19:00:55.845,1.55111,1.55126,5.40,11.40
2008.06.17 19:00:56.193,1.55113,1.55123,10.20,8.70
2008.06.17 19:00:57.255,1.55116,1.55121,1.80,4.80
2008.06.17 19:00:57.526,1.55114,1.55129,3.60,2.40
2008.06.17 19:00:57.750,1.55122,1.55127,3.00,7.20
2008.06.17 19:00:57.857,1.5512,1.55135,4.80,10.20
2008.06.17 19:00:58.278,1.55127,1.55131,6.00,12.90
2008.06.17 19:01:01.652,1.55127,1.55131,2.40,3.00
2008.06.17 19:01:01.836,1.55122,1.55132,10.20,2.40
2008.06.17 19:01:02.814,1.55114,1.55134,7.20,1.00
2008.06.17 19:01:03.028,1.5511,1.5513,2.40,3.00
2008.06.17 19:01:03.241,1.55113,1.55118,2.40,13.80
2008.06.17 19:01:03.348,1.55107,1.55112,7.90,10.20
2008.06.17 19:01:03.456,1.55103,1.55108,5.70,5.20
2008.06.17 19:01:05.118,1.55102,1.55107,2.40,1.80
2008.06.17 19:01:06.637,1.55103,1.55108,14.00,2.40
2008.06.17 19:01:06.812,1.55105,1.5511,34.60,2.40
2008.06.17 19:01:06.989,1.55106,1.55111,2.40,1.20
2008.06.17 19:01:07.128,1.55103,1.55118,8.20,10.80
2008.06.17 19:01:09.168,1.55102,1.55122,12.10,4.20
2008.06.17 19:01:09.396,1.551,1.55125,4.80,20.40
2008.06.17 19:01:09.626,1.5511,1.55115,9.00,4.80
2008.06.17 19:01:10.019,1.55106,1.55116,4.80,4.80
2008.06.17 19:01:15.459,1.55108,1.55113,2.40,3.30
2008.06.17 19:01:16.397,1.55101,1.55121,2.40,2.40
2008.06.17 19:01:16.642,1.55105,1.5511,4.80,4.00
2008.06.17 19:01:17.132,1.551,1.55104,3.60,6.00
2008.06.17 19:01:17.256,1.55091,1.55096,4.80,4.20
2008.06.17 19:01:17.498,1.55088,1.55094,22.90,10.20
2008.06.17 19:01:17.650,1.55096,1.551,11.40,1.00
2008.06.17 19:01:17.762,1.55103,1.55109,14.40,7.20
2008.06.17 19:01:18.029,1.55107,1.55112,5.40,12.00
2008.06.17 19:01:18.218,1.55109,1.55114,2.40,6.00
2008.06.17 19:01:21.233,1.5511,1.55115,6.60,10.20
2008.06.17 19:01:29.283,1.55111,1.55116,10.00,6.00
2008.06.17 19:01:29.740,1.55111,1.55116,18.60,10.20
2008.06.17 19:01:33.501,1.55107,1.55121,1.00,12.40
2008.06.17 19:01:39.336,1.55108,1.55118,10.00,6.60
2008.06.17 19:01:39.614,1.55106,1.55116,21.00,7.20
2008.06.17 19:01:41.358,1.55102,1.55117,3.00,2.40
2008.06.17 19:01:44.003,1.55098,1.55123,15.60,2.40
2008.06.17 19:01:44.257,1.55098,1.55123,7.80,9.60
2008.06.17 19:01:44.383,1.551,1.55125,2.40,3.70
2008.06.17 19:01:44.519,1.55101,1.55126,10.20,11.50
2008.06.17 19:01:44.657,1.55103,1.55123,15.00,7.80
2008.06.17 19:01:44.793,1.551,1.55125,13.80,4.80
2008.06.17 19:01:46.426,1.55101,1.55126,5.40,18.60
2008.06.17 19:01:46.650,1.55105,1.55125,14.10,5.40
2008.06.17 19:01:46.873,1.55104,1.55124,5.60,9.00
2008.06.17 19:01:48.043,1.551,1.55125,17.40,4.80
2008.06.17 19:01:48.230,1.55098,1.55123,10.20,1.20
2008.06.17 19:01:48.327,1.55104,1.55114,7.20,2.66
2008.06.17 19:01:48.385,1.55096,1.55121,11.40,2.40
2008.06.17 19:01:48.643,1.55098,1.55118,24.00,23.20
2008.06.17 19:01:50.346,1.551,1.5512,7.20,1.20
2008.06.17 19:01:50.532,1.55098,1.55118,8.70,3.60
2008.06.17 19:01:50.710,1.55098,1.55118,3.60,2.40
2008.06.17 19:01:51.513,1.55101,1.55121,3.00,3.00
2008.06.17 19:01:51.653,1.55105,1.55125,2.40,4.20
2008.06.17 19:01:51.792,1.55112,1.55132,4.80,10.80
2008.06.17 19:01:51.932,1.55122,1.55137,1.80,22.00
2008.06.17 19:01:52.954,1.5512,1.5514,4.80,5.60
2008.06.17 19:01:53.298,1.55118,1.55133,3.00,16.00
2008.06.17 19:01:53.386,1.55111,1.55125,1.20,11.50
2008.06.17 19:01:53.474,1.55106,1.55122,21.60,5.80
2008.06.17 19:01:53.734,1.55101,1.55121,3.00,8.40
2008.06.17 19:01:53.822,1.55099,1.55119,10.80,8.40
2008.06.17 19:01:53.910,1.55096,1.55121,3.00,3.00
2008.06.17 19:01:53.996,1.55094,1.5512,8.40,3.30
2008.06.17 19:01:54.653,1.55097,1.55117,8.40,10.20
2008.06.17 19:01:54.914,1.55101,1.55116,3.00,10.20
2008.06.17 19:01:55.174,1.55097,1.55117,1.80,26.20
2008.06.17 19:01:55.404,1.55098,1.55113,12.60,10.20
2008.06.17 19:01:55.546,1.55097,1.55112,6.60,3.00
2008.06.17 19:01:55.660,1.55096,1.55111,12.60,15.70
2008.06.17 19:01:56.303,1.55094,1.55109,23.40,7.20
2008.06.17 19:01:56.539,1.55093,1.55108,7.20,7.20
2008.06.17 19:01:56.910,1.55093,1.55108,9.60,10.80
2008.06.17 19:01:57.224,1.55098,1.55108,10.00,2.40
2008.06.17 19:01:57.370,1.55099,1.55109,11.40,2.40
2008.06.17 19:01:57.514,1.551,1.55115,21.00,2.20
2008.06.17 19:01:57.800,1.55106,1.55116,4.80,11.40
2008.06.17 19:01:58.142,1.55105,1.55125,3.60,1.00
2008.06.17 19:01:59.098,1.55108,1.55128,9.00,7.20
2008.06.17 19:02:02.049,1.55108,1.55128,5.40,9.60
2008.06.17 19:02:02.497,1.55109,1.55124,1.80,3.00
2008.06.17 19:02:03.052,1.55108,1.55118,8.40,3.00
2008.06.17 19:02:03.135,1.55107,1.55112,11.40,4.80
2008.06.17 19:02:03.217,1.55103,1.55113,32.40,4.80
2008.06.17 19:02:03.283,1.55101,1.55111,9.60,2.80
2008.06.17 19:02:03.538,1.55101,1.55111,3.60,2.40
2008.06.17 19:02:03.702,1.55103,1.55108,2.40,1.20
2008.06.17 19:02:05.655,1.55093,1.55113,5.40,2.40
2008.06.17 19:02:06.509,1.55095,1.5511,12.60,6.00
2008.06.17 19:02:08.817,1.55089,1.55114,12.00,2.40
2008.06.17 19:02:09.136,1.55088,1.55113,10.60,7.80
2008.06.17 19:02:09.217,1.55088,1.55113,6.00,2.40
2008.06.17 19:02:09.849,1.55092,1.55112,4.80,13.50
2008.06.17 19:02:09.990,1.55092,1.55117,5.40,6.00
2008.06.17 19:02:10.159,1.55096,1.55121,11.40,2.40
2008.06.17 19:02:10.575,1.55099,1.55124,3.60,9.00
2008.06.17 19:02:10.716,1.55101,1.55126,5.40,10.20
2008.06.17 19:02:10.787,1.55104,1.55124,9.00,20.50
2008.06.17 19:02:13.012,1.551,1.55125,10.20,5.40
2008.06.17 19:02:13.255,1.55098,1.55123,2.40,3.30
2008.06.17 19:02:13.499,1.55098,1.55118,1.00,3.60
2008.06.17 19:02:17.108,1.55093,1.55118,7.90,7.80
2008.06.17 19:02:17.396,1.55092,1.55117,13.80,4.80
2008.06.17 19:02:17.532,1.5509,1.55115,13.20,8.40
2008.06.17 19:02:18.127,1.55089,1.55109,8.40,1.80
2008.06.17 19:02:18.307,1.5509,1.55105,6.00,30.00
2008.06.17 19:02:18.474,1.55089,1.55105,9.60,11.40
2008.06.17 19:02:19.269,1.55087,1.55107,7.50,12.40
2008.06.17 19:02:26.229,1.55088,1.55108,7.20,1.20
2008.06.17 19:02:26.457,1.55088,1.55108,15.00,1.00
2008.06.17 19:02:26.685,1.55082,1.55107,14.40,3.00
2008.06.17 19:02:26.913,1.55076,1.55101,6.00,1.00
2008.06.17 19:02:29.827,1.55071,1.55091,1.80,6.40
2008.06.17 19:02:30.087,1.55068,1.55088,7.80,8.40
2008.06.17 19:02:30.422,1.55074,1.55089,6.00,2.40
2008.06.17 19:02:32.276,1.55077,1.55097,7.20,4.90
2008.06.17 19:02:32.717,1.55083,1.55103,10.00,3.60
2008.06.17 19:02:32.829,1.55092,1.55102,5.40,11.80
2008.06.17 19:02:32.937,1.55095,1.55105,2.40,6.40
2008.06.17 19:02:33.044,1.55097,1.55107,7.80,4.90
2008.06.17 19:02:34.089,1.55093,1.55113,1.00,4.80
2008.06.17 19:02:34.284,1.55091,1.55111,17.40,1.00
2008.06.17 19:02:34.603,1.55094,1.55109,22.90,2.40
2008.06.17 19:02:34.915,1.55092,1.55112,5.40,2.40
2008.06.17 19:02:35.020,1.5509,1.5511,7.80,11.40
2008.06.17 19:02:35.124,1.55086,1.55111,8.40,2.40
2008.06.17 19:02:35.227,1.55083,1.55108,2.40,1.80
2008.06.17 19:02:35.331,1.55082,1.55107,3.60,14.60
2008.06.17 19:02:35.461,1.55084,1.55109,47.10,2.40
2008.06.17 19:02:40.068,1.55092,1.55112,14.40,1.00
2008.06.17 19:02:40.223,1.55101,1.55121,12.60,2.40
2008.06.17 19:02:40.379,1.55113,1.55133,4.80,9.40
2008.06.17 19:02:40.535,1.55118,1.55133,7.80,2.40
2008.06.17 19:02:40.845,1.55108,1.55128,5.40,1.80
2008.06.17 19:02:41.001,1.55099,1.55119,1.20,9.10
2008.06.17 19:02:41.283,1.55091,1.55111,8.40,17.20
2008.06.17 19:02:41.569,1.55084,1.55108,1.00,13.60
2008.06.17 19:02:42.912,1.55075,1.5511,5.40,4.80
2008.06.17 19:02:43.049,1.55087,1.55097,1.20,2.70
2008.06.17 19:02:43.184,1.55087,1.55097,8.40,2.40
2008.06.17 19:02:43.436,1.55088,1.55098,2.40,8.50
2008.06.17 19:02:43.675,1.55087,1.55097,4.20,2.40
2008.06.17 19:02:46.046,1.55081,1.55101,10.20,9.10
2008.06.17 19:02:46.309,1.55081,1.55101,6.00,1.80
2008.06.17 19:02:46.569,1.55082,1.55102,8.40,1.00
2008.06.17 19:02:46.699,1.55082,1.55102,14.40,6.00
2008.06.17 19:02:46.861,1.55083,1.55098,2.40,4.80
2008.06.17 19:02:47.541,1.55083,1.55103,3.00,9.60
2008.06.17 19:02:47.961,1.55085,1.55105,12.00,2.40
2008.06.17 19:02:48.275,1.55088,1.55108,12.00,9.30
2008.06.17 19:02:48.379,1.55094,1.55109,2.40,6.90
2008.06.17 19:02:48.785,1.55097,1.55107,2.40,1.80
2008.06.17 19:02:50.842,1.55092,1.55112,8.40,8.40
2008.06.17 19:02:51.150,1.55093,1.55108,21.60,7.20
2008.06.17 19:02:51.972,1.55091,1.55107,7.20,2.40
2008.06.17 19:02:52.808,1.5509,1.55105,2.40,2.40
2008.06.17 19:02:53.280,1.5509,1.55105,10.00,4.80
2008.06.17 19:02:53.515,1.55089,1.55109,2.40,20.40
2008.06.17 19:02:53.983,1.5509,1.5511,4.80,4.80
2008.06.17 19:02:54.245,1.55089,1.55109,6.00,2.40
2008.06.17 19:02:54.373,1.55088,1.55108,19.80,9.70
2008.06.17 19:02:55.633,1.55084,1.55109,1.20,3.00
2008.06.17 19:02:55.739,1.55084,1.55109,15.60,3.00
2008.06.17 19:02:56.067,1.55088,1.55112,10.20,4.80
2008.06.17 19:02:56.455,1.55102,1.55106,15.00,9.00
2008.06.17 19:02:58.087,1.55098,1.55114,2.40,9.10
2008.06.17 19:03:01.061,1.55105,1.55125,2.40,7.80
2008.06.17 19:03:01.532,1.55104,1.55114,4.80,11.40
2008.06.17 19:03:02.003,1.55101,1.55111,7.80,4.90
2008.06.17 19:03:02.241,1.55093,1.55118,7.80,4.90
2008.06.17 19:03:02.538,1.55099,1.55119,2.20,2.40
2008.06.17 19:03:02.833,1.55107,1.55127,3.00,2.40
2008.06.17 19:03:02.982,1.55116,1.55136,2.40,9.00
2008.06.17 19:03:03.130,1.55119,1.55139,2.40,4.80
2008.06.17 19:03:26.737,1.55112,1.55136,4.80,9.00
2008.06.17 19:03:26.941,1.55109,1.55129,6.00,3.40
2008.06.17 19:03:27.144,1.55107,1.55123,7.80,2.40
2008.06.17 19:03:27.422,1.55101,1.55121,13.20,3.00
2008.06.17 19:03:31.345,1.55099,1.55119,2.40,1.80
2008.06.17 19:03:36.500,1.55095,1.5512,5.40,11.10
2008.06.17 19:03:37.701,1.55096,1.55121,6.60,12.00
2008.06.17 19:03:37.862,1.55094,1.55119,7.20,1.00
2008.06.17 19:03:38.582,1.55098,1.55108,8.70,3.60
2008.06.17 19:03:38.764,1.55083,1.55103,5.40,7.80
2008.06.17 19:03:38.946,1.55075,1.55095,1.00,8.40
2008.06.17 19:03:46.439,1.5507,1.5509,4.80,9.60
2008.06.17 19:03:46.763,1.55074,1.55094,3.00,2.40
2008.06.17 19:03:47.168,1.55079,1.55099,10.20,5.10
2008.06.17 19:03:53.382,1.55079,1.55105,89.40,3.00
2008.06.17 19:03:53.541,1.55083,1.55109,6.00,6.00
2008.06.17 19:03:53.702,1.55086,1.55111,21.00,4.80
2008.06.17 19:03:53.861,1.5509,1.55115,6.00,2.40
2008.06.17 19:03:54.194,1.55091,1.55116,3.60,4.80
2008.06.17 19:03:57.857,1.55092,1.55117,6.00,5.20
2008.06.17 19:03:58.237,1.55094,1.55119,35.40,7.20
2008.06.17 19:03:58.513,1.55098,1.55118,6.00,5.40
2008.06.17 19:03:58.788,1.55101,1.55115,2.40,14.50
2008.06.17 19:04:02.311,1.55133,1.55153,6.00,21.00
2008.06.17 19:04:02.390,1.55128,1.55143,6.00,3.00
2008.06.17 19:04:02.551,1.5512,1.55135,5.40,6.00
2008.06.17 19:04:03.046,1.55111,1.55136,6.60,2.40
2008.06.17 19:04:03.125,1.55108,1.55133,4.80,7.20
2008.06.17 19:04:03.348,1.55109,1.55129,18.60,1.20
2008.06.17 19:04:04.078,1.55105,1.5513,7.80,5.40
2008.06.17 19:04:04.317,1.55104,1.55129,12.00,6.00
2008.06.17 19:04:05.315,1.55104,1.55129,6.60,6.60
2008.06.17 19:04:05.469,1.55106,1.55126,4.80,8.40
2008.06.17 19:04:05.625,1.55105,1.55129,6.00,4.90
2008.06.17 19:04:05.782,1.55102,1.55127,6.10,3.90
2008.06.17 19:04:05.937,1.55099,1.55124,26.50,8.40
2008.06.17 19:04:06.094,1.55096,1.55116,6.00,7.00
2008.06.17 19:04:10.605,1.55087,1.55112,8.40,1.00
2008.06.17 19:04:10.933,1.55085,1.55105,6.00,1.00
2008.06.17 19:04:10.986,1.55087,1.55101,3.00,4.20
2008.06.17 19:04:14.691,1.55084,1.5511,9.00,4.90
2008.06.17 19:04:14.991,1.55091,1.55115,4.80,12.70
2008.06.17 19:04:15.090,1.55098,1.55123,7.20,14.20
2008.06.17 19:04:15.193,1.55104,1.55124,1.20,1.00
2008.06.17 19:04:17.178,1.55101,1.55126,6.00,11.70
2008.06.17 19:04:17.342,1.55097,1.55117,10.80,8.40
2008.06.17 19:04:17.504,1.55084,1.55104,6.00,7.90
2008.06.17 19:04:17.669,1.55071,1.55091,2.40,4.20
2008.06.17 19:04:22.314,1.55064,1.55088,14.40,2.40
2008.06.17 19:04:22.508,1.55072,1.55097,7.20,6.00
2008.06.17 19:04:22.714,1.55082,1.55107,10.80,9.60
2008.06.17 19:04:23.669,1.55089,1.55113,7.80,6.60
2008.06.17 19:04:23.872,1.55093,1.55118,2.40,4.50
2008.06.17 19:04:24.078,1.551,1.5512,4.80,10.80
2008.06.17 19:04:24.400,1.55101,1.55121,6.00,3.00
2008.06.17 19:04:29.831,1.55099,1.55125,9.00,4.80
2008.06.17 19:04:30.482,1.55101,1.55126,10.20,4.80
2008.06.17 19:04:30.817,1.55108,1.55118,1.00,1.00
2008.06.17 19:04:31.153,1.55105,1.55119,1.00,6.00
2008.06.17 19:04:32.022,1.55104,1.55114,7.80,3.60
2008.06.17 19:04:32.200,1.55101,1.55111,2.40,2.50
2008.06.17 19:04:32.378,1.55097,1.55107,3.00,7.20
2008.06.17 19:04:32.466,1.55096,1.55106,7.20,1.00
2008.06.17 19:04:47.243,1.55088,1.55113,4.80,9.60
2008.06.17 19:04:47.486,1.55094,1.55109,10.20,2.40
2008.06.17 19:04:47.566,1.55098,1.55113,3.00,3.00
2008.06.17 19:04:51.589,1.55098,1.55118,2.40,1.80
2008.06.17 19:04:52.118,1.55099,1.55119,6.00,6.00
2008.06.17 19:04:52.198,1.55094,1.55119,4.80,1.20
2008.06.17 19:04:52.278,1.55086,1.55111,6.60,13.00
2008.06.17 19:04:52.360,1.55078,1.55103,12.00,7.20
2008.06.17 19:04:52.484,1.55073,1.55099,2.40,10.20
2008.06.17 19:05:46.914,1.55076,1.551,15.00,3.00
2008.06.17 19:05:47.030,1.55087,1.55112,6.60,11.50
2008.06.17 19:05:47.265,1.55099,1.55124,1.00,3.00
2008.06.17 19:05:47.382,1.55106,1.5513,7.20,8.80
2008.06.17 19:05:47.498,1.551,1.55124,2.40,2.40
2008.06.17 19:05:47.612,1.55092,1.55116,9.60,3.00
2008.06.17 19:05:47.727,1.55082,1.55107,4.20,6.00
2008.06.17 19:05:47.844,1.55073,1.55097,14.40,3.00
2008.06.17 19:05:47.960,1.5507,1.5509,7.20,6.60
2008.06.17 19:05:48.077,1.55073,1.55093,4.80,6.10
2008.06.17 19:05:55.757,1.55072,1.55097,9.00,12.90
2008.06.17 19:05:55.895,1.55076,1.55091,16.20,4.80
2008.06.17 19:05:56.031,1.55071,1.55095,2.40,7.20
2008.06.17 19:06:05.684,1.55095,1.55105,4.80,1.80
2008.06.17 19:06:06.009,1.55088,1.55113,3.00,2.40
2008.06.17 19:06:17.713,1.55089,1.55109,24.00,23.20
2008.06.17 19:06:17.935,1.55086,1.55111,5.40,10.90
2008.06.17 19:06:24.413,1.55085,1.5511,16.20,11.20
2008.06.17 19:06:24.736,1.55091,1.55106,1.00,6.00
2008.06.17 19:06:24.905,1.55092,1.55112,3.00,1.00
2008.06.17 19:06:25.064,1.55096,1.55111,26.50,4.80
2008.06.17 19:06:25.221,1.551,1.5511,4.20,1.80
2008.06.17 19:06:25.956,1.55097,1.55107,1.00,7.20
2008.06.17 19:06:26.150,1.55094,1.55104,1.20,13.20
2008.06.17 19:06:31.830,1.55095,1.551,22.20,4.80
2008.06.17 19:06:32.061,1.55087,1.55107,6.00,8.80
2008.06.17 19:06:32.329,1.55086,1.55106,1.00,4.80
2008.06.17 19:06:32.914,1.55089,1.55099,4.80,2.40
2008.06.17 19:06:33.029,1.55084,1.55094,1.00,12.00
2008.06.17 19:06:34.613,1.55078,1.55083,11.40,3.00
2008.06.17 19:06:35.060,1.55067,1.55077,2.10,14.80
2008.06.17 19:06:35.204,1.5506,1.55076,3.60,4.80
2008.06.17 19:06:35.344,1.55064,1.55084,7.20,4.70
2008.06.17 19:06:36.048,1.5507,1.5509,7.20,7.80
2008.06.17 19:06:36.192,1.55076,1.55096,8.40,2.50
2008.06.17 19:06:36.327,1.55083,1.55098,2.40,3.60
2008.06.17 19:06:38.489,1.55084,1.55104,17.40,8.40
2008.06.17 19:06:39.144,1.55088,1.55108,8.40,3.30
2008.06.17 19:06:39.301,1.55094,1.55109,2.40,11.50
2008.06.17 19:06:39.353,1.55094,1.55109,3.00,9.60
2008.06.17 19:06:39.520,1.55096,1.55111,6.60,5.30
2008.06.17 19:06:39.578,1.55093,1.55113,3.00,2.40
2008.06.17 19:06:42.868,1.55094,1.55114,4.20,8.40
2008.06.17 19:06:43.051,1.55097,1.55111,15.60,10.80
2008.06.17 19:06:44.487,1.55092,1.55112,6.00,1.80
2008.06.17 19:06:44.953,1.55088,1.55113,2.40,5.70
2008.06.17 19:06:45.179,1.55086,1.55106,4.80,6.00
2008.06.17 19:06:45.292,1.55084,1.55104,21.00,3.30
2008.06.17 19:06:45.402,1.55084,1.55104,9.00,1.00
2008.06.17 19:06:45.518,1.55085,1.55105,3.00,9.20
2008.06.17 19:06:45.611,1.55087,1.55107,10.20,4.80
2008.06.17 19:06:45.668,1.55088,1.55113,11.40,4.80
2008.06.17 19:06:45.891,1.55095,1.55115,2.40,8.40
2008.06.17 19:06:46.115,1.55097,1.55117,3.00,12.00
2008.06.17 19:06:46.339,1.55102,1.55122,8.40,4.20
2008.06.17 19:06:47.904,1.55108,1.55128,9.60,9.10
2008.06.17 19:06:48.181,1.55117,1.55137,5.40,9.00
2008.06.17 19:06:48.230,1.5512,1.5514,1.20,2.40
2008.06.17 19:06:48.570,1.55113,1.55133,7.20,6.78
2008.06.17 19:06:50.630,1.55114,1.55119,10.80,1.00
2008.06.17 19:06:51.527,1.55099,1.55119,19.50,7.90
2008.06.17 19:06:51.660,1.55098,1.55113,22.80,15.40
2008.06.17 19:06:51.805,1.55091,1.55111,12.60,1.00
2008.06.17 19:06:53.543,1.55088,1.55108,8.40,7.20
2008.06.17 19:06:53.646,1.55093,1.55103,1.80,3.60
2008.06.17 19:06:53.829,1.55091,1.55101,26.80,2.40
2008.06.17 19:06:54.642,1.55088,1.55098,14.40,10.20
2008.06.17 19:06:54.825,1.55082,1.55102,1.00,15.10
2008.06.17 19:06:55.123,1.5508,1.551,7.80,6.40
2008.06.17 19:06:55.425,1.55081,1.55101,8.40,2.40
2008.06.17 19:06:55.736,1.55085,1.551,11.40,3.00
2008.06.17 19:06:55.956,1.55088,1.55103,5.40,4.80
2008.06.17 19:06:56.173,1.55086,1.55111,2.40,2.40
2008.06.17 19:06:56.392,1.55091,1.55106,2.40,14.40
2008.06.17 19:06:56.598,1.5509,1.55105,2.40,8.40
2008.06.17 19:06:57.987,1.55088,1.55098,16.80,7.20
2008.06.17 19:06:59.431,1.55083,1.55098,16.20,2.40
2008.06.17 19:06:59.657,1.55085,1.55095,2.40,3.00
2008.06.17 19:06:59.881,1.55082,1.55097,8.40,2.40
2008.06.17 19:07:01.089,1.55092,1.55102,2.40,8.50
2008.06.17 19:07:01.898,1.55087,1.55097,1.80,1.00
2008.06.17 19:07:02.098,1.55077,1.55101,1.20,2.40
2008.06.17 19:07:09.131,1.55083,1.55093,1.00,6.00
2008.06.17 19:07:10.754,1.55079,1.55103,31.00,6.00
2008.06.17 19:07:10.850,1.55085,1.5511,9.00,2.40
2008.06.17 19:07:15.804,1.55094,1.55118,6.00,2.40
2008.06.17 19:07:18.774,1.55105,1.55125,8.40,17.30
2008.06.17 19:07:18.977,1.55114,1.55124,10.20,4.80
2008.06.17 19:07:22.730,1.55109,1.55119,3.00,4.80
2008.06.17 19:07:25.594,1.55096,1.55121,8.40,2.40
2008.06.17 19:07:35.655,1.55095,1.55115,7.20,3.00
2008.06.17 19:07:36.029,1.55092,1.55112,12.60,9.00
2008.06.17 19:07:36.148,1.55087,1.55107,6.60,4.20
2008.06.17 19:07:36.269,1.55079,1.55099,3.00,2.70
2008.06.17 19:07:36.393,1.55072,1.55088,22.20,7.20
2008.06.17 19:07:47.681,1.55062,1.55082,2.40,6.60
2008.06.17 19:07:47.772,1.55059,1.55079,1.20,8.20
2008.06.17 19:07:48.062,1.55061,1.55087,12.70,4.80
2008.06.17 19:07:48.151,1.55065,1.5509,4.80,3.00
2008.06.17 19:07:48.213,1.55072,1.55092,4.80,4.00
2008.06.17 19:07:48.275,1.55075,1.55095,3.60,2.40
2008.06.17 19:07:54.127,1.55083,1.55093,6.60,6.00
2008.06.17 19:07:56.089,1.55081,1.55101,5.40,1.00
2008.06.17 19:07:56.342,1.55085,1.551,2.40,7.20
2008.06.17 19:07:56.590,1.5509,1.551,14.20,14.40
2008.06.17 19:07:56.770,1.55088,1.55108,11.00,4.80
2008.06.17 19:08:01.907,1.55098,1.55118,1.00,7.20
2008.06.17 19:08:02.276,1.55096,1.55116,6.00,9.40
2008.06.17 19:08:02.575,1.55092,1.55117,2.40,19.00
2008.06.17 19:08:06.179,1.55093,1.55113,1.80,2.40
2008.06.17 19:08:13.749,1.55095,1.5511,3.60,11.10
2008.06.17 19:08:25.323,1.55092,1.55112,7.80,8.80
2008.06.17 19:08:25.588,1.55094,1.55114,16.50,8.40
2008.06.17 19:08:25.721,1.55095,1.55115,4.60,2.70
2008.06.17 19:08:26.250,1.55096,1.55116,21.60,3.60
2008.06.17 19:08:26.455,1.55095,1.55115,2.40,8.50
2008.06.17 19:08:26.660,1.55095,1.5511,2.40,21.40
2008.06.17 19:08:26.862,1.5509,1.5511,5.40,3.60
2008.06.17 19:08:27.066,1.55087,1.55107,2.40,13.00
2008.06.17 19:08:27.405,1.55085,1.55109,8.40,47.80
2008.06.17 19:08:27.757,1.55087,1.55112,12.60,2.40
2008.06.17 19:08:28.098,1.55094,1.55114,9.60,1.00
2008.06.17 19:08:28.449,1.55098,1.55123,14.60,5.40
2008.06.17 19:08:28.668,1.55099,1.55123,1.80,11.10
2008.06.17 19:08:28.890,1.55093,1.55118,3.00,11.70
2008.06.17 19:08:29.116,1.55091,1.55107,10.20,1.20
2008.06.17 19:08:29.339,1.55085,1.55105,8.40,1.80
2008.06.17 19:08:29.562,1.55085,1.55105,6.60,4.80
2008.06.17 19:08:29.902,1.55087,1.55102,9.60,1.00
2008.06.17 19:08:30.240,1.55091,1.55101,3.70,3.00
2008.06.17 19:08:30.584,1.55093,1.55103,9.60,5.40
2008.06.17 19:08:30.676,1.5509,1.55105,9.60,7.80
2008.06.17 19:08:30.860,1.55088,1.55108,7.80,7.20
2008.06.17 19:08:30.954,1.55089,1.55109,7.80,1.20
2008.06.17 19:08:31.787,1.5509,1.5511,7.20,12.60
2008.06.17 19:08:32.172,1.5509,1.5511,4.80,7.80
2008.06.17 19:08:32.384,1.55089,1.55109,1.20,2.40
2008.06.17 19:08:32.579,1.55091,1.55111,8.40,2.40
2008.06.17 19:08:32.872,1.55088,1.55108,6.00,4.80
2008.06.17 19:08:33.168,1.55084,1.55104,10.20,6.00
2008.06.17 19:08:33.476,1.55083,1.55093,4.80,12.60
2008.06.17 19:08:33.772,1.55074,1.55089,4.80,12.10
2008.06.17 19:08:33.832,1.55069,1.55085,20.50,9.00
2008.06.17 19:08:33.892,1.55072,1.55086,4.80,9.00
2008.06.17 19:08:34.012,1.55079,1.55089,2.40,6.00
2008.06.17 19:08:34.075,1.55081,1.55091,1.80,12.50
2008.06.17 19:08:34.138,1.55082,1.55092,20.40,2.40
2008.06.17 19:08:35.176,1.55084,1.55094,2.40,1.00
2008.06.17 19:08:35.515,1.55088,1.55093,3.00,1.80
2008.06.17 19:08:36.049,1.55088,1.55098,38.70,2.40
2008.06.17 19:08:36.109,1.55089,1.55099,10.00,1.00
2008.06.17 19:08:36.168,1.55092,1.55102,4.80,4.00
2008.06.17 19:08:36.232,1.55095,1.55105,1.00,4.80
2008.06.17 19:08:36.295,1.55098,1.55108,3.60,4.20
2008.06.17 19:08:36.360,1.551,1.5511,2.40,6.60
2008.06.17 19:08:43.146,1.55099,1.55109,18.40,7.60
2008.06.17 19:08:43.208,1.55098,1.55108,4.80,4.80
2008.06.17 19:08:43.268,1.55094,1.55109,8.40,3.40
2008.06.17 19:08:43.325,1.55095,1.55105,8.40,2.40
2008.06.17 19:08:51.310,1.55096,1.55101,13.80,3.00
2008.06.17 19:08:51.332,1.55092,1.55108,25.20,6.00
2008.06.17 19:09:07.241,1.55085,1.55095,5.40,18.30
2008.06.17 19:09:07.466,1.55072,1.55087,3.00,2.40
2008.06.17 19:09:13.053,1.55077,1.55087,7.20,3.60
2008.06.17 19:09:13.120,1.55094,1.55109,2.40,6.00
2008.06.17 19:09:41.632,1.55106,1.55126,5.40,10.20
2008.06.17 19:09:41.695,1.55113,1.55123,1.00,8.80
2008.06.17 19:09:43.730,1.55111,1.55121,7.30,4.80
2008.06.17 19:09:52.198,1.55106,1.55116,16.80,3.00
2008.06.17 19:09:52.320,1.55101,1.55111,4.80,10.20
2008.06.17 19:09:52.371,1.55095,1.5511,12.60,5.40
2008.06.17 19:09:57.334,1.55092,1.55112,11.00,1.00
2008.06.17 19:10:04.838,1.55126,1.55146,19.20,4.80
2008.06.17 19:10:33.161,1.55125,1.55135,21.00,9.00
2008.06.17 19:10:33.269,1.55117,1.55127,13.80,4.80
2008.06.17 19:10:33.605,1.55111,1.55121,6.60,4.80
2008.06.17 19:10:36.504,1.55105,1.55115,2.40,39.80
2008.06.17 19:10:38.511,1.551,1.5511,6.00,5.40
2008.06.17 19:10:43.403,1.55096,1.55106,1.00,16.80
2008.06.17 19:10:43.806,1.55088,1.55098,7.20,7.80
2008.06.17 19:10:44.005,1.55077,1.55092,9.00,1.20
2008.06.17 19:10:44.240,1.55074,1.55084,8.40,4.20
2008.06.17 19:10:49.344,1.55067,1.55087,1.00,8.40
2008.06.17 19:10:49.533,1.55075,1.55085,22.80,1.90
2008.06.17 19:10:51.675,1.55082,1.55092,1.20,2.40
2008.06.17 19:10:51.836,1.55086,1.55101,21.60,4.80
2008.06.17 19:10:57.464,1.55089,1.55109,3.60,2.40
2008.06.17 19:10:57.619,1.55096,1.55111,7.20,4.80
2008.06.17 19:10:57.777,1.55101,1.55111,17.40,4.80
2008.06.17 19:11:13.470,1.55101,1.55111,1.20,11.70
2008.06.17 19:11:20.212,1.55095,1.55105,22.80,3.60
2008.06.17 19:11:20.705,1.55088,1.55098,3.60,2.40
2008.06.17 19:11:20.954,1.55082,1.55097,1.00,1.80
2008.06.17 19:11:21.034,1.55079,1.55094,6.60,8.90
2008.06.17 19:11:22.991,1.5508,1.5509,5.40,1.00
2008.06.17 19:11:32.146,1.55077,1.55097,3.00,6.50
2008.06.17 19:11:32.266,1.55078,1.55098,4.80,1.30
2008.06.17 19:11:32.390,1.55086,1.55101,3.60,1.00
2008.06.17 19:11:32.633,1.55091,1.55105,6.60,4.80
2008.06.17 19:11:32.714,1.55099,1.55114,7.80,6.10
2008.06.17 19:11:34.893,1.55106,1.55126,16.20,5.60
2008.06.17 19:11:34.961,1.55111,1.55131,6.00,4.20
2008.06.17 19:11:35.299,1.55105,1.55125,17.40,1.00
2008.06.17 19:11:35.524,1.55106,1.55111,1.00,2.70
2008.06.17 19:11:35.642,1.55096,1.55111,3.60,3.00
2008.06.17 19:11:37.266,1.55094,1.55104,4.80,4.20
2008.06.17 19:11:37.851,1.5509,1.55105,6.60,2.40
2008.06.17 19:11:38.149,1.55089,1.55104,10.00,6.60
2008.06.17 19:11:38.433,1.55085,1.551,4.80,4.80
2008.06.17 19:11:38.474,1.55075,1.55099,9.00,11.70
2008.06.17 19:11:38.513,1.55071,1.55091,6.60,4.80
2008.06.17 19:11:38.590,1.55065,1.55085,18.60,4.20
2008.06.17 19:11:38.666,1.55072,1.55082,6.60,1.00
2008.06.17 19:11:38.768,1.55076,1.55086,11.40,9.00
2008.06.17 19:11:38.840,1.55081,1.55091,2.40,4.20
2008.06.17 19:11:38.920,1.55085,1.55101,2.40,6.60
2008.06.17 19:11:51.404,1.55088,1.55104,2.40,2.40
2008.06.17 19:11:56.346,1.55095,1.55105,7.20,4.80
2008.06.17 19:11:56.777,1.5509,1.5511,1.00,4.80
2008.06.17 19:11:56.854,1.55088,1.55108,10.20,4.80
2008.06.17 19:11:58.857,1.55088,1.55108,3.00,9.00
2008.06.17 19:11:59.266,1.55095,1.55105,9.00,26.40
2008.06.17 19:11:59.374,1.55097,1.55112,2.40,14.80
2008.06.17 19:11:59.586,1.55105,1.5512,1.00,4.20
2008.06.17 19:11:59.691,1.55113,1.55117,2.40,9.30
2008.06.17 19:12:04.322,1.55104,1.5512,31.20,5.40
2008.06.17 19:12:09.529,1.55106,1.55121,10.80,11.40
2008.06.17 19:12:09.783,1.55107,1.55122,32.40,4.80
2008.06.17 19:12:10.044,1.55105,1.55125,10.20,4.80
2008.06.17 19:12:10.302,1.55108,1.55123,3.60,4.80
2008.06.17 19:12:10.563,1.55106,1.55121,3.00,5.40
2008.06.17 19:12:10.822,1.55103,1.55118,4.80,3.00
2008.06.17 19:12:11.128,1.55096,1.55116,3.00,22.90
2008.06.17 19:12:11.175,1.55089,1.55109,8.40,3.00
2008.06.17 19:12:11.383,1.55088,1.55104,21.00,2.40
2008.06.17 19:12:32.104,1.55094,1.55108,15.60,2.40
2008.06.17 19:12:32.209,1.55099,1.55113,9.00,4.80
2008.06.17 19:12:32.312,1.55102,1.55117,6.00,2.40
2008.06.17 19:12:32.416,1.55104,1.55124,8.40,5.80
2008.06.17 19:12:32.520,1.5511,1.55125,2.40,1.80
2008.06.17 19:12:52.875,1.5511,1.5513,11.60,2.40
2008.06.17 19:12:53.099,1.55115,1.55135,2.40,1.00
2008.06.17 19:12:53.296,1.55114,1.55134,4.80,5.40
2008.06.17 19:12:53.489,1.5511,1.5513,2.40,7.20
2008.06.17 19:12:53.852,1.55106,1.55131,2.40,6.00
2008.06.17 19:12:53.933,1.55107,1.55131,7.80,13.40
2008.06.17 19:12:54.089,1.5511,1.5513,10.60,4.80
2008.06.17 19:12:54.169,1.55108,1.55128,6.60,7.20
2008.06.17 19:12:55.343,1.55107,1.55127,4.80,2.40
2008.06.17 19:12:55.627,1.55105,1.55125,20.20,1.00
2008.06.17 19:12:55.912,1.55106,1.55121,3.60,4.80
2008.06.17 19:12:55.952,1.55105,1.5512,4.80,2.40
2008.06.17 19:12:58.966,1.55103,1.55123,10.80,10.30
2008.06.17 19:12:59.076,1.55104,1.55119,19.80,5.40
2008.06.17 19:12:59.409,1.55102,1.55118,7.20,23.20
2008.06.17 19:13:12.953,1.55106,1.55126,12.00,51.40
2008.06.17 19:13:13.198,1.55106,1.55116,2.40,4.80
2008.06.17 19:13:13.321,1.55103,1.55113,4.20,2.40
2008.06.17 19:13:13.446,1.55104,1.55109,10.80,7.80
2008.06.17 19:13:13.570,1.55104,1.55114,3.60,3.00
2008.06.17 19:13:13.691,1.55108,1.55113,8.40,1.80
2008.06.17 19:13:13.816,1.55107,1.55117,4.80,7.20
2008.06.17 19:13:13.984,1.55106,1.55122,3.00,4.30
2008.06.17 19:13:14.971,1.5511,1.55126,8.40,5.40
2008.06.17 19:13:19.626,1.55115,1.55129,7.20,3.60
2008.06.17 19:13:19.794,1.55117,1.55127,6.60,9.10
2008.06.17 19:13:19.918,1.5511,1.55125,13.20,4.80
2008.06.17 19:13:20.059,1.55102,1.55117,10.00,5.40
2008.06.17 19:13:26.004,1.55092,1.55112,15.00,3.00
2008.06.17 19:13:26.204,1.55093,1.55103,4.80,3.30
2008.06.17 19:13:26.600,1.55087,1.55102,25.20,2.40
2008.06.17 19:13:29.639,1.55088,1.55102,2.40,11.80
2008.06.17 19:13:29.718,1.55093,1.55109,2.40,5.40
2008.06.17 19:13:29.797,1.551,1.55115,9.00,14.50
2008.06.17 19:13:30.320,1.55104,1.55119,26.70,1.20
2008.06.17 19:13:30.607,1.55108,1.55118,1.00,5.60
2008.06.17 19:13:30.747,1.55104,1.55124,3.60,2.40
2008.06.17 19:13:35.546,1.55103,1.55128,9.60,4.80
2008.06.17 19:13:35.654,1.55104,1.55124,2.40,11.40
2008.06.17 19:13:35.858,1.55105,1.5512,3.00,2.80
2008.06.17 19:13:36.934,1.5511,1.5512,9.60,6.00
2008.06.17 19:13:38.713,1.55109,1.55124,4.80,4.80
2008.06.17 19:13:39.051,1.55111,1.55125,20.40,15.60
2008.06.17 19:14:05.108,1.5509,1.55104,9.60,7.20
2008.06.17 19:14:06.798,1.55084,1.55099,2.40,4.80
2008.06.17 19:14:06.972,1.55082,1.55092,5.40,7.20
2008.06.17 19:14:07.032,1.55077,1.55092,18.60,4.80
2008.06.17 19:14:07.172,1.55076,1.55091,4.80,6.60
2008.06.17 19:14:15.303,1.55076,1.55096,7.20,4.80
2008.06.17 19:14:15.535,1.5508,1.551,2.40,1.20
2008.06.17 19:14:15.764,1.55082,1.55102,13.40,4.80
2008.06.17 19:14:15.904,1.55084,1.55104,6.00,75.20
2008.06.17 19:14:17.798,1.55085,1.5511,2.40,6.60
2008.06.17 19:14:18.561,1.55092,1.55112,1.80,11.40
2008.06.17 19:14:18.609,1.55097,1.55117,10.20,5.40
2008.06.17 19:14:18.759,1.55105,1.55125,8.40,6.00
2008.06.17 19:14:18.852,1.55112,1.55132,9.60,3.00
2008.06.17 19:14:18.900,1.55107,1.55131,24.00,14.80
2008.06.17 19:14:30.765,1.55097,1.55123,24.00,2.40
2008.06.17 19:14:33.936,1.55092,1.55112,4.20,17.20
2008.06.17 19:14:34.124,1.55086,1.55111,7.20,4.80
2008.06.17 19:14:34.310,1.55085,1.5511,14.40,5.70
2008.06.17 19:14:34.511,1.55089,1.55113,7.20,2.40
2008.06.17 19:14:34.698,1.55095,1.55115,8.70,27.00
2008.06.17 19:14:35.314,1.55097,1.55122,1.20,34.80
2008.06.17 19:14:35.583,1.55102,1.55122,4.80,6.90
2008.06.17 19:14:35.852,1.55106,1.55121,10.20,4.80
2008.06.17 19:14:36.224,1.55105,1.5512,2.40,2.40
2008.06.17 19:14:36.411,1.551,1.5512,6.60,7.20
2008.06.17 19:14:36.598,1.55095,1.55115,2.40,1.00
2008.06.17 19:14:36.786,1.5509,1.5511,10.20,4.80
2008.06.17 19:14:36.980,1.55088,1.55108,10.20,4.80
2008.06.17 19:14:37.101,1.55084,1.55109,1.80,6.10
2008.06.17 19:14:37.220,1.55083,1.55108,8.40,7.80
2008.06.17 19:14:37.340,1.55078,1.55103,6.00,8.40
2008.06.17 19:14:37.460,1.55071,1.55097,5.40,4.80
2008.06.17 19:14:37.579,1.55072,1.55092,10.00,10.80
2008.06.17 19:14:37.698,1.5508,1.551,7.80,1.00
2008.06.17 19:14:38.356,1.5509,1.5511,1.20,7.20
2008.06.17 19:14:38.491,1.55097,1.55117,13.20,6.00
2008.06.17 19:14:38.628,1.55099,1.55124,4.80,6.90
2008.06.17 19:14:38.896,1.551,1.55125,4.80,11.80
2008.06.17 19:14:39.032,1.55098,1.55124,10.80,9.00
2008.06.17 19:14:39.193,1.55098,1.55122,9.00,2.40
2008.06.17 19:14:52.092,1.55097,1.55121,2.40,16.90
2008.06.17 19:14:52.431,1.55097,1.55117,2.50,1.80
2008.06.17 19:14:52.772,1.55096,1.55116,7.80,4.80
2008.06.17 19:14:53.111,1.55098,1.55113,4.80,9.60
2008.06.17 19:14:53.227,1.55094,1.55114,7.20,4.80
2008.06.17 19:14:53.691,1.55099,1.55109,3.00,8.60
2008.06.17 19:14:55.949,1.55099,1.55114,6.00,8.20
2008.06.17 19:14:56.724,1.55101,1.55116,24.30,2.40
2008.06.17 19:14:56.785,1.55101,1.55116,19.20,2.40
2008.06.17 19:14:57.782,1.551,1.55115,10.80,2.50
2008.06.17 19:14:58.327,1.551,1.55105,2.40,9.10
2008.06.17 19:14:58.596,1.55095,1.551,3.00,1.90
2008.06.17 19:14:58.644,1.55084,1.55104,15.00,4.80
2008.06.17 19:15:01.994,1.5508,1.551,2.40,4.00
2008.06.17 19:15:02.191,1.55079,1.55099,23.20,2.40
2008.06.17 19:15:02.387,1.55083,1.55098,10.50,2.40
2008.06.17 19:15:02.715,1.55084,1.55099,3.00,3.00
2008.06.17 19:15:03.043,1.55088,1.55098,7.20,4.80
2008.06.17 19:15:03.539,1.55087,1.55102,5.40,8.40
2008.06.17 19:15:03.627,1.55086,1.55102,3.00,11.60
2008.06.17 19:15:03.799,1.55088,1.55102,2.40,4.80
2008.06.17 19:15:03.888,1.55088,1.55103,10.80,10.80
2008.06.17 19:15:04.001,1.55089,1.55104,4.80,17.50
2008.06.17 19:15:05.130,1.55088,1.55103,17.40,3.30
2008.06.17 19:15:05.322,1.55086,1.55102,10.20,10.20
2008.06.17 19:15:05.522,1.55084,1.551,26.80,2.40
2008.06.17 19:15:06.323,1.55079,1.55099,6.00,4.90
2008.06.17 19:15:06.539,1.55075,1.55095,6.00,1.80
2008.06.17 19:15:06.755,1.5507,1.5509,3.00,1.90
2008.06.17 19:15:07.079,1.55067,1.55082,2.40,2.40
2008.06.17 19:15:07.403,1.55059,1.55079,4.80,1.80
2008.06.17 19:15:07.725,1.55058,1.55078,1.00,11.40
2008.06.17 19:15:07.789,1.55066,1.55086,1.00,11.70
2008.06.17 19:15:10.025,1.55071,1.55096,2.40,17.40
2008.06.17 19:15:10.631,1.55083,1.55098,8.40,6.00
2008.06.17 19:15:10.647,1.55087,1.55102,13.80,10.80
2008.06.17 19:15:10.788,1.55091,1.55106,8.40,1.00
2008.06.17 19:15:10.866,1.55094,1.55104,4.60,6.00
2008.06.17 19:15:10.950,1.55095,1.55105,3.00,8.80
2008.06.17 19:15:11.274,1.55095,1.55105,4.80,7.80
2008.06.17 19:15:11.365,1.55093,1.55103,3.00,6.00
2008.06.17 19:15:11.380,1.55089,1.55104,6.00,12.80
2008.06.17 19:15:11.421,1.5509,1.551,21.60,5.80
2008.06.17 19:15:11.491,1.55088,1.55098,15.60,9.60
2008.06.17 19:15:11.517,1.55086,1.55096,3.60,7.80
2008.06.17 19:15:18.341,1.5508,1.551,2.40,2.40
2008.06.17 19:15:21.019,1.55086,1.55092,5.40,7.20
2008.06.17 19:15:21.544,1.55086,1.55091,2.40,12.60
2008.06.17 19:15:21.629,1.55086,1.55096,20.80,2.40
2008.06.17 19:15:21.827,1.55094,1.55099,1.00,7.90
2008.06.17 19:15:21.855,1.55102,1.55107,2.40,1.20
2008.06.17 19:15:21.922,1.55109,1.55119,2.40,4.20
2008.06.17 19:15:21.973,1.55113,1.55118,3.00,8.40
2008.06.17 19:15:22.012,1.55103,1.55113,12.40,4.80
2008.06.17 19:15:22.075,1.55094,1.55104,4.80,4.80
2008.06.17 19:15:22.102,1.55088,1.55098,14.00,6.00
2008.06.17 19:15:25.732,1.55079,1.55099,4.40,3.60
2008.06.17 19:15:26.325,1.55083,1.55093,12.00,1.00
2008.06.17 19:15:26.551,1.55077,1.55097,28.20,3.60
2008.06.17 19:15:29.800,1.55083,1.55093,12.00,6.10
2008.06.17 19:15:30.879,1.55081,1.55096,3.00,22.80
2008.06.17 19:15:44.382,1.55085,1.55095,3.60,2.40
2008.06.17 19:15:55.735,1.55086,1.55101,3.60,2.40
2008.06.17 19:15:56.181,1.55095,1.55105,9.60,6.60
2008.06.17 19:15:56.382,1.551,1.55116,46.80,4.80
2008.06.17 19:15:57.604,1.55106,1.55121,7.20,4.80
2008.06.17 19:16:10.125,1.55084,1.55104,7.20,4.80
2008.06.17 19:16:10.661,1.55086,1.55111,7.80,35.20
2008.06.17 19:16:10.851,1.55093,1.55113,7.80,2.40
2008.06.17 19:16:16.575,1.55095,1.5512,7.80,7.20
2008.06.17 19:16:17.421,1.55099,1.55124,1.20,2.40
2008.06.17 19:16:17.610,1.55107,1.55122,6.40,6.60
2008.06.17 19:16:17.793,1.55111,1.55121,10.20,6.00
2008.06.17 19:16:17.841,1.55112,1.55122,13.60,8.70
2008.06.17 19:16:17.932,1.55108,1.55124,2.40,1.00
2008.06.17 19:16:17.980,1.5511,1.5512,6.00,9.90
2008.06.17 19:16:18.174,1.55111,1.55121,1.80,2.40
2008.06.17 19:16:19.719,1.55113,1.55123,10.20,1.00
2008.06.17 19:16:19.887,1.55117,1.55131,10.80,4.80
2008.06.17 19:16:20.057,1.55122,1.55138,1.00,5.50
2008.06.17 19:16:23.172,1.55122,1.55137,7.20,2.40
2008.06.17 19:16:23.300,1.55113,1.55128,29.40,4.80
2008.06.17 19:16:23.341,1.55108,1.55118,2.40,26.40
2008.06.17 19:16:23.382,1.551,1.55115,1.00,2.40
2008.06.17 19:16:23.525,1.55099,1.55114,10.00,4.80
2008.06.17 19:16:23.617,1.55097,1.55112,5.40,7.20
2008.06.17 19:16:23.692,1.55096,1.55111,2.40,7.80
2008.06.17 19:16:23.733,1.55095,1.5511,4.80,7.20
2008.06.17 19:16:25.137,1.55086,1.55111,4.80,7.20
2008.06.17 19:16:25.253,1.55082,1.55106,6.60,7.20
2008.06.17 19:16:25.369,1.55079,1.55099,15.60,2.40
2008.06.17 19:16:25.597,1.55076,1.55096,1.00,16.40
2008.06.17 19:16:25.810,1.55077,1.55097,2.40,9.00
2008.06.17 19:16:25.938,1.55087,1.55103,16.20,11.40
2008.06.17 19:16:26.055,1.55095,1.5511,24.00,9.00
2008.06.17 19:16:28.124,1.55096,1.5512,3.00,9.30
2008.06.17 19:16:28.527,1.55102,1.55122,3.00,18.00
2008.06.17 19:16:28.666,1.55103,1.55123,9.00,4.80
2008.06.17 19:16:28.803,1.55102,1.55122,6.60,17.50
2008.06.17 19:16:31.656,1.55103,1.55118,2.40,16.00
2008.06.17 19:16:33.249,1.551,1.5512,13.80,2.40
2008.06.17 19:16:33.580,1.55096,1.55121,7.80,1.00
2008.06.17 19:16:33.975,1.55101,1.55116,7.80,7.20
2008.06.17 19:16:34.290,1.55097,1.55123,3.00,7.80
2008.06.17 19:17:07.425,1.55095,1.55115,3.00,4.80
2008.06.17 19:17:08.525,1.5509,1.5511,1.00,3.60
2008.06.17 19:17:08.617,1.55088,1.55103,4.80,6.00
2008.06.17 19:17:08.745,1.55085,1.551,4.80,7.20
2008.06.17 19:17:08.837,1.55084,1.55099,10.20,1.80
2008.06.17 19:17:10.256,1.55087,1.55102,22.80,1.90
2008.06.17 19:17:10.434,1.55088,1.55108,1.00,3.60
2008.06.17 19:17:10.617,1.55092,1.55112,3.00,9.30
2008.06.17 19:17:10.677,1.55094,1.55114,4.80,7.80
2008.06.17 19:17:11.577,1.55094,1.55114,7.20,8.80
2008.06.17 19:17:11.725,1.55093,1.55113,7.20,9.40
2008.06.17 19:17:12.009,1.5509,1.5511,4.80,5.40
2008.06.17 19:17:12.075,1.55087,1.55107,5.40,8.20
2008.06.17 19:17:12.136,1.55086,1.55106,10.20,6.60
2008.06.17 19:17:12.194,1.55085,1.55105,3.00,1.90
2008.06.17 19:17:14.152,1.55084,1.55109,8.40,3.30
2008.06.17 19:17:14.201,1.55087,1.55111,4.80,9.00
2008.06.17 19:17:14.441,1.55092,1.55112,15.00,11.80
2008.06.17 19:17:14.576,1.55095,1.55115,7.80,2.40
2008.06.17 19:17:14.612,1.55103,1.55118,27.60,2.40
2008.06.17 19:17:14.669,1.5511,1.55125,9.00,2.70
2008.06.17 19:17:14.761,1.55116,1.55136,1.20,7.20
2008.06.17 19:17:14.856,1.55118,1.55133,2.40,10.20
2008.06.17 19:17:14.901,1.55109,1.55124,6.00,12.00
2008.06.17 19:17:14.997,1.55099,1.55114,2.40,6.00
2008.06.17 19:17:15.951,1.55091,1.55107,22.90,10.20
2008.06.17 19:17:16.736,1.55089,1.55099,4.80,4.20
2008.06.17 19:17:17.031,1.55087,1.55093,2.10,13.30
2008.06.17 19:17:17.170,1.55079,1.55094,5.40,3.60
2008.06.17 19:17:17.971,1.55078,1.55092,8.40,3.60
2008.06.17 19:17:18.972,1.55078,1.55092,15.60,2.40
2008.06.17 19:17:19.217,1.5508,1.55095,7.80,4.80
2008.06.17 19:17:19.460,1.55085,1.55095,6.00,6.00
2008.06.17 19:17:19.696,1.55086,1.55101,1.00,6.00
2008.06.17 19:17:19.932,1.55085,1.55105,10.80,5.40
2008.06.17 19:17:20.169,1.55089,1.55104,8.40,6.00
2008.06.17 19:17:20.404,1.5509,1.55105,6.00,1.00
2008.06.17 19:17:20.599,1.55091,1.55106,1.00,2.40
2008.06.17 19:17:20.796,1.55093,1.55108,3.00,16.60
2008.06.17 19:17:20.993,1.55092,1.55112,2.40,8.50
2008.06.17 19:17:24.802,1.55094,1.55114,9.00,4.80
2008.06.17 19:17:25.143,1.55094,1.55114,2.40,13.40
2008.06.17 19:17:25.820,1.55098,1.55113,8.40,6.00
2008.06.17 19:17:26.161,1.55094,1.55114,27.60,1.00
2008.06.17 19:17:26.268,1.55092,1.55112,3.00,7.20
2008.06.17 19:17:29.461,1.55093,1.55113,6.60,2.40
2008.06.17 19:17:29.706,1.55095,1.55115,13.80,7.20
2008.06.17 19:17:29.957,1.551,1.55115,10.80,4.20
2008.06.17 19:17:30.118,1.55101,1.55116,5.40,6.10
2008.06.17 19:17:30.200,1.55102,1.55117,5.40,11.20
2008.06.17 19:17:30.388,1.551,1.55116,7.80,4.80
2008.06.17 19:17:36.896,1.55098,1.55113,4.80,10.60
2008.06.17 19:17:37.040,1.55094,1.55114,3.60,6.00
2008.06.17 19:17:37.182,1.55091,1.55111,10.00,6.00
2008.06.17 19:17:37.327,1.55086,1.55106,2.50,13.30
2008.06.17 19:17:38.492,1.55078,1.55098,19.20,8.40
2008.06.17 19:17:41.248,1.55067,1.55087,2.40,25.60
2008.06.17 19:17:41.425,1.55063,1.55083,4.80,14.40
2008.06.17 19:17:41.886,1.55068,1.55088,4.80,15.00
2008.06.17 19:17:42.004,1.55075,1.55095,21.90,14.80
2008.06.17 19:17:42.119,1.55077,1.55102,9.00,4.80
2008.06.17 19:17:42.235,1.5508,1.55105,5.40,8.70
2008.06.17 19:17:42.352,1.55084,1.55104,1.00,12.00
2008.06.17 19:17:42.987,1.55085,1.55105,2.40,17.20
2008.06.17 19:17:43.175,1.55087,1.55107,14.40,1.00
2008.06.17 19:17:43.364,1.55087,1.55107,14.10,5.40
2008.06.17 19:17:43.552,1.55087,1.55107,4.50,3.00
2008.06.17 19:17:43.741,1.55085,1.55105,16.20,2.40
2008.06.17 19:17:44.084,1.55085,1.55105,7.80,9.60
2008.06.17 19:17:44.245,1.55083,1.55108,7.80,6.00
2008.06.17 19:17:45.275,1.55084,1.55104,10.00,10.80
2008.06.17 19:17:45.536,1.55082,1.55102,2.40,24.70
2008.06.17 19:17:45.796,1.55084,1.55104,9.00,4.80
2008.06.17 19:17:46.054,1.55086,1.55101,2.40,4.20
2008.06.17 19:17:46.171,1.55085,1.551,10.20,1.00
2008.06.17 19:17:46.288,1.55081,1.55101,1.00,11.40
2008.06.17 19:17:46.404,1.55082,1.55097,1.00,16.70
2008.06.17 19:17:46.465,1.55081,1.55096,12.00,8.40
2008.06.17 19:17:54.509,1.55083,1.55098,16.80,2.40
2008.06.17 19:17:54.702,1.5509,1.551,7.80,4.20
2008.06.17 19:17:55.526,1.55092,1.55102,6.00,2.40
2008.06.17 19:18:03.872,1.55104,1.55118,3.00,4.20
2008.06.17 19:18:24.945,1.55105,1.5512,13.80,19.30
2008.06.17 19:18:28.620,1.55107,1.55122,16.20,3.60
2008.06.17 19:18:28.935,1.55111,1.55126,18.00,1.20
2008.06.17 19:18:28.969,1.55118,1.55128,19.80,5.80
2008.06.17 19:18:29.174,1.55118,1.55133,7.80,8.40
2008.06.17 19:18:34.158,1.55122,1.55137,1.00,7.50
2008.06.17 19:18:34.210,1.55123,1.55143,9.00,6.60
2008.06.17 19:18:38.257,1.55122,1.55142,6.40,8.40
2008.06.17 19:18:38.507,1.55119,1.55129,4.80,4.80
2008.06.17 19:18:48.352,1.55107,1.55121,5.40,6.10
2008.06.17 19:18:48.772,1.55095,1.5511,10.80,4.80
2008.06.17 19:18:49.002,1.55084,1.55104,2.40,15.60
2008.06.17 19:18:49.123,1.55085,1.55101,16.20,2.40
2008.06.17 19:18:49.148,1.55093,1.55109,3.00,7.20
2008.06.17 19:18:49.354,1.55107,1.55117,6.00,4.80
2008.06.17 19:18:49.491,1.55111,1.55126,4.80,3.00
2008.06.17 19:18:52.531,1.55116,1.55131,9.00,8.10
2008.06.17 19:18:52.767,1.55119,1.55129,3.00,8.50
2008.06.17 19:18:52.785,1.55118,1.55128,31.20,5.40
2008.06.17 19:18:53.133,1.55116,1.55126,3.60,15.90
2008.06.17 19:18:53.206,1.55118,1.55128,8.40,6.00
2008.06.17 19:18:53.251,1.55118,1.55133,6.00,10.20
2008.06.17 19:18:53.731,1.55119,1.55135,7.80,1.00
2008.06.17 19:19:06.073,1.55108,1.55128,9.00,7.80
2008.06.17 19:19:06.430,1.55107,1.55127,3.60,13.80
2008.06.17 19:19:06.502,1.55105,1.55125,16.80,2.40
2008.06.17 19:19:06.573,1.55097,1.55122,12.60,8.40
2008.06.17 19:19:06.609,1.55089,1.55115,2.40,1.00
2008.06.17 19:19:08.012,1.55081,1.55107,13.80,7.20
2008.06.17 19:19:08.404,1.55076,1.55102,12.30,2.40
2008.06.17 19:19:08.578,1.55079,1.55104,8.40,1.00
2008.06.17 19:19:08.666,1.55084,1.5511,2.40,3.70
2008.06.17 19:19:08.754,1.5509,1.55114,5.40,11.20
2008.06.17 19:19:08.845,1.55097,1.55122,4.80,5.40
2008.06.17 19:19:09.189,1.5511,1.5513,7.20,6.60
2008.06.17 19:19:09.653,1.55123,1.55143,5.40,10.20
2008.06.17 19:19:09.760,1.55128,1.55148,3.00,6.00
2008.06.17 19:19:09.868,1.55124,1.55144,2.40,9.60
2008.06.17 19:19:10.174,1.55121,1.55137,27.60,2.40
2008.06.17 19:19:23.988,1.55118,1.55134,4.20,8.40
2008.06.17 19:19:24.166,1.55116,1.55131,6.00,2.40
2008.06.17 19:19:24.401,1.55115,1.5513,8.40,2.70
2008.06.17 19:19:38.875,1.55113,1.55127,7.80,4.90
2008.06.17 19:19:41.598,1.55105,1.55125,5.20,2.40
2008.06.17 19:19:41.679,1.55105,1.5512,4.80,11.20
2008.06.17 19:19:46.994,1.55105,1.55119,10.20,6.00
2008.06.17 19:20:05.371,1.55103,1.55117,24.60,4.80
2008.06.17 19:20:05.599,1.55109,1.55114,1.00,27.10
2008.06.17 19:20:05.751,1.55111,1.55116,5.40,5.40
2008.06.17 19:20:05.828,1.55107,1.55122,4.90,7.20
2008.06.17 19:20:11.941,1.55109,1.55124,18.00,6.00
2008.06.17 19:20:12.112,1.55113,1.55123,23.40,13.80
2008.06.17 19:20:15.747,1.55112,1.55127,3.00,1.80
2008.06.17 19:20:15.846,1.55113,1.55128,7.20,4.80
2008.06.17 19:20:15.919,1.55108,1.55128,6.00,9.40
2008.06.17 19:20:15.955,1.55104,1.55129,6.60,5.40
2008.06.17 19:20:16.027,1.551,1.55125,17.40,5.20
2008.06.17 19:20:16.063,1.55091,1.55116,15.90,1.00
2008.06.17 19:20:19.566,1.55081,1.55106,5.40,3.00
2008.06.17 19:20:20.047,1.55079,1.55099,8.40,10.20
2008.06.17 19:20:20.422,1.55081,1.55101,12.60,2.40
2008.06.17 19:20:20.610,1.55086,1.55106,9.00,1.80
2008.06.17 19:20:21.175,1.55093,1.55108,8.40,2.40
2008.06.17 19:20:21.431,1.55096,1.55112,18.30,15.60
2008.06.17 19:20:21.557,1.55098,1.55118,6.60,4.80
2008.06.17 19:20:21.814,1.55102,1.55122,4.80,1.00
2008.06.17 19:20:23.018,1.55104,1.55128,21.00,4.20
2008.06.17 19:20:23.358,1.55108,1.55128,17.40,7.80
2008.06.17 19:20:23.711,1.55107,1.55132,2.40,5.80
2008.06.17 19:20:24.050,1.55109,1.55129,7.20,8.80
2008.06.17 19:20:24.391,1.55108,1.55128,18.60,4.80
2008.06.17 19:20:24.507,1.55106,1.55126,4.80,3.00
2008.06.17 19:20:24.622,1.55106,1.55126,6.60,4.80
2008.06.17 19:20:24.853,1.55108,1.55128,2.40,16.30
2008.06.17 19:20:24.971,1.5511,1.5513,1.20,10.80
2008.06.17 19:20:25.086,1.55114,1.55134,2.40,1.80
2008.06.17 19:20:25.203,1.55115,1.55135,4.80,3.90
2008.06.17 19:20:25.319,1.55115,1.55135,6.00,2.40
2008.06.17 19:20:25.657,1.55114,1.55134,9.00,1.20
2008.06.17 19:20:25.998,1.55112,1.55132,25.80,2.40
2008.06.17 19:20:26.339,1.55111,1.55131,8.50,9.60
2008.06.17 19:20:26.495,1.5511,1.5513,4.80,4.00
2008.06.17 19:20:26.651,1.55108,1.55128,16.20,4.20
2008.06.17 19:20:26.807,1.55108,1.55128,1.20,15.60
2008.06.17 19:20:26.963,1.5511,1.5513,4.80,4.80
2008.06.17 19:20:27.119,1.55117,1.55132,8.40,1.80
2008.06.17 19:20:27.275,1.55125,1.55135,2.40,3.70
2008.06.17 19:20:27.430,1.55128,1.55142,14.40,9.60
2008.06.17 19:20:27.647,1.55137,1.55147,10.00,6.00
2008.06.17 19:20:27.862,1.55134,1.55149,3.60,4.20
2008.06.17 19:20:28.078,1.55123,1.55143,2.40,7.80
2008.06.17 19:20:28.293,1.55114,1.55139,5.70,6.00
2008.06.17 19:20:29.081,1.5511,1.55135,5.20,12.60
2008.06.17 19:20:29.267,1.55111,1.55131,4.80,2.40
2008.06.17 19:20:29.584,1.55111,1.55131,1.20,3.00
2008.06.17 19:20:29.774,1.55115,1.5513,2.40,1.80
2008.06.17 19:20:29.818,1.55112,1.55132,3.00,16.00
2008.06.17 19:20:29.949,1.55113,1.55128,14.40,4.80
2008.06.17 19:20:31.011,1.55112,1.55127,7.80,8.80
2008.06.17 19:20:31.187,1.55108,1.55128,9.00,4.20
2008.06.17 19:20:31.291,1.55107,1.55127,2.40,2.40
2008.06.17 19:20:34.489,1.55109,1.55129,2.40,4.80
2008.06.17 19:20:36.026,1.55111,1.55131,3.00,7.90
2008.06.17 19:20:36.261,1.55115,1.55135,22.20,2.80
2008.06.17 19:20:41.741,1.55118,1.55138,1.20,1.00
2008.06.17 19:21:02.507,1.5511,1.5513,4.80,7.20
2008.06.17 19:21:04.143,1.55109,1.55129,11.40,1.00
2008.06.17 19:21:04.484,1.55108,1.55128,8.40,12.00
2008.06.17 19:21:04.724,1.55104,1.55129,4.20,8.10
2008.06.17 19:21:04.784,1.55103,1.55128,8.40,7.90
2008.06.17 19:21:04.904,1.55108,1.55123,12.60,2.40
2008.06.17 19:21:04.964,1.55107,1.55127,5.40,7.00
2008.06.17 19:21:05.024,1.55117,1.55127,3.60,4.30
2008.06.17 19:21:05.084,1.55125,1.55135,1.20,7.20
2008.06.17 19:21:05.129,1.55121,1.55141,4.80,4.80
2008.06.17 19:21:05.385,1.55115,1.55135,4.80,9.40
2008.06.17 19:21:05.554,1.5511,1.55126,12.00,2.40
2008.06.17 19:21:11.992,1.55102,1.55118,7.20,4.80
2008.06.17 19:21:13.112,1.55098,1.55113,9.60,3.00
2008.06.17 19:21:13.138,1.55094,1.55114,4.80,5.60
2008.06.17 19:21:13.399,1.55095,1.5511,5.40,6.60
2008.06.17 19:21:13.423,1.55098,1.55108,4.80,4.80
2008.06.17 19:21:13.446,1.551,1.5511,20.40,9.40
2008.06.17 19:21:13.470,1.551,1.55105,2.40,2.40
2008.06.17 19:21:13.529,1.55092,1.55102,6.00,2.90
2008.06.17 19:21:13.565,1.55084,1.55098,4.80,5.50
2008.06.17 19:21:13.590,1.55076,1.55096,1.00,8.40
2008.06.17 19:21:28.896,1.55077,1.55097,5.40,4.80
2008.06.17 19:21:29.247,1.55082,1.55097,17.40,4.80
2008.06.17 19:21:30.278,1.55083,1.55099,2.40,4.80
2008.06.17 19:21:30.369,1.55086,1.55101,19.20,14.50
2008.06.17 19:21:30.468,1.5509,1.55105,9.60,13.20
2008.06.17 19:21:30.549,1.55094,1.55109,6.60,17.40
2008.06.17 19:21:30.759,1.55093,1.55113,3.00,3.70
2008.06.17 19:21:38.759,1.55094,1.55114,4.80,19.00
2008.06.17 19:21:39.420,1.55092,1.55112,10.20,4.80
2008.06.17 19:21:39.676,1.55091,1.55111,4.80,11.00
2008.06.17 19:22:03.041,1.5512,1.5514,6.00,9.90
2008.06.17 19:22:05.253,1.55117,1.55137,3.60,4.80
2008.06.17 19:22:32.881,1.55115,1.55135,4.80,28.00
2008.06.17 19:22:32.904,1.55111,1.55131,8.40,1.00
2008.06.17 19:22:32.979,1.55107,1.55127,19.80,7.80
2008.06.17 19:22:32.997,1.55104,1.55124,11.40,7.20
2008.06.17 19:22:35.088,1.55097,1.55122,7.20,9.00
2008.06.17 19:22:35.422,1.55096,1.55121,3.00,11.30
2008.06.17 19:22:35.760,1.55095,1.5512,6.00,4.20
2008.06.17 19:22:35.849,1.55094,1.55124,1.00,4.20
2008.06.17 19:22:36.368,1.55104,1.55128,1.20,1.80
2008.06.17 19:22:36.682,1.55111,1.5514,4.80,9.00
2008.06.17 19:22:36.815,1.55115,1.55145,12.60,4.80
2008.06.17 19:22:37.011,1.55117,1.55137,4.80,8.70
2008.06.17 19:22:40.872,1.55113,1.55133,4.80,10.80
2008.06.17 19:22:41.113,1.55108,1.55128,4.80,12.30
2008.06.17 19:22:41.177,1.55107,1.55127,8.40,7.20
2008.06.17 19:22:41.296,1.55106,1.55126,2.40,3.70
2008.06.17 19:22:41.356,1.55105,1.55125,6.00,13.90
2008.06.17 19:22:41.516,1.55102,1.55122,7.20,1.20
2008.06.17 19:22:41.587,1.55096,1.55116,4.80,7.80
2008.06.17 19:22:42.835,1.55087,1.55111,9.00,4.80
2008.06.17 19:22:42.895,1.55079,1.55103,2.40,7.20
2008.06.17 19:22:42.955,1.55078,1.55104,6.00,2.40
2008.06.17 19:22:43.017,1.55084,1.55108,6.60,1.20
2008.06.17 19:22:43.105,1.55091,1.55111,4.80,1.00
2008.06.17 19:22:48.085,1.5509,1.55115,12.00,5.40
2008.06.17 19:22:48.332,1.5509,1.55115,10.60,5.40
2008.06.17 19:22:48.456,1.5509,1.55115,8.40,5.70
2008.06.17 19:22:48.580,1.55094,1.55114,3.60,13.30
2008.06.17 19:22:48.704,1.55103,1.55118,19.80,4.80
2008.06.17 19:22:49.023,1.55108,1.55128,1.00,19.80
2008.06.17 19:22:49.344,1.5512,1.55126,6.60,2.40
2008.06.17 19:23:05.788,1.55118,1.55138,9.00,4.80
2008.06.17 19:23:06.063,1.55117,1.55137,2.40,2.40
2008.06.17 19:23:06.326,1.55119,1.55139,11.40,7.80
2008.06.17 19:23:06.506,1.55123,1.55143,5.40,3.30
2008.06.17 19:23:06.689,1.55124,1.55144,4.80,1.00
2008.06.17 19:23:15.698,1.55117,1.55141,1.00,2.40
2008.06.17 19:23:16.035,1.5511,1.55134,2.40,3.60
2008.06.17 19:23:16.257,1.55102,1.55127,11.40,4.80
2008.06.17 19:23:16.401,1.55093,1.55118,7.20,4.80
2008.06.17 19:23:16.547,1.55085,1.5511,17.40,1.00
2008.06.17 19:23:29.450,1.5508,1.55104,1.00,2.40
2008.06.17 19:23:29.610,1.55079,1.55105,7.20,1.80
2008.06.17 19:23:31.154,1.55088,1.55112,2.40,22.30
2008.06.17 19:23:35.070,1.55101,1.55121,2.40,6.20
2008.06.17 19:23:35.289,1.5511,1.55125,11.20,2.40
2008.06.17 19:23:38.623,1.55114,1.55134,5.40,7.20
2008.06.17 19:23:51.642,1.55117,1.55137,3.60,2.40
2008.06.17 19:24:07.542,1.55121,1.55141,28.00,6.00
2008.06.17 19:24:07.849,1.55121,1.55141,7.20,4.80
2008.06.17 19:24:20.142,1.5512,1.55145,7.20,2.40
2008.06.17 19:24:20.455,1.55117,1.55142,7.20,3.00
2008.06.17 19:24:20.492,1.55114,1.55139,23.50,7.80
2008.06.17 19:24:20.652,1.55111,1.55131,13.20,6.00
2008.06.17 19:24:20.737,1.55103,1.55123,8.40,1.00
2008.06.17 19:24:22.465,1.55091,1.55117,2.40,1.00
2008.06.17 19:24:22.585,1.5509,1.55114,21.60,4.80
2008.06.17 19:24:22.825,1.55101,1.55121,10.80,10.20
2008.06.17 19:24:22.948,1.55111,1.55131,10.80,2.40
2008.06.17 19:24:23.133,1.5512,1.5514,4.80,8.90
2008.06.17 19:24:23.685,1.55126,1.55151,5.40,6.60
2008.06.17 19:24:24.061,1.55139,1.55159,2.40,4.80
2008.06.17 19:24:24.325,1.55149,1.55165,6.00,2.40
2008.06.17 19:24:24.587,1.55149,1.55165,7.20,1.80
2008.06.17 19:24:24.852,1.55139,1.55155,2.40,18.60
2008.06.17 19:24:25.117,1.55128,1.55144,4.80,10.80
2008.06.17 19:24:25.180,1.5512,1.55136,3.00,4.80
2008.06.17 19:24:25.517,1.55116,1.55132,8.40,6.60
2008.06.17 19:24:25.737,1.55115,1.5513,4.80,2.40
2008.06.17 19:24:25.874,1.55115,1.55135,6.00,4.20
2008.06.17 19:24:29.341,1.55116,1.55136,12.00,8.20
2008.06.17 19:24:36.607,1.55118,1.55138,4.80,5.00
2008.06.17 19:24:37.864,1.55119,1.55139,1.00,4.80
2008.06.17 19:25:04.805,1.55114,1.55134,17.40,17.80
2008.06.17 19:25:05.315,1.55117,1.55142,3.00,11.80
2008.06.17 19:25:05.440,1.5512,1.55145,0.25,16.60
2008.06.17 19:25:05.696,1.55127,1.55147,15.00,13.00
2008.06.17 19:25:05.820,1.55133,1.55153,7.20,4.80
2008.06.17 19:25:07.475,1.55143,1.55163,8.40,3.00
2008.06.17 19:25:12.881,1.55151,1.55177,3.60,4.80
2008.06.17 19:25:13.223,1.55158,1.55178,18.30,2.40
2008.06.17 19:25:13.565,1.55154,1.55174,6.00,1.00
2008.06.17 19:25:14.084,1.55147,1.55167,4.80,3.70
2008.06.17 19:25:16.801,1.5514,1.55165,7.20,9.10
2008.06.17 19:25:16.960,1.55138,1.55158,8.40,4.60
2008.06.17 19:25:22.701,1.5513,1.55155,3.00,4.30
2008.06.17 19:25:31.056,1.55122,1.55147,25.80,1.00
2008.06.17 19:25:43.865,1.55113,1.55137,2.40,4.80
2008.06.17 19:25:44.157,1.55112,1.55136,6.00,1.80
2008.06.17 19:25:44.257,1.55125,1.55145,9.60,8.80
2008.06.17 19:25:44.359,1.55133,1.55153,2.40,6.40
2008.06.17 19:25:44.461,1.5514,1.55155,3.60,2.40
2008.06.17 19:25:44.561,1.55141,1.55156,4.80,11.20
2008.06.17 19:25:49.844,1.55136,1.55156,2.40,11.80
2008.06.17 19:25:50.042,1.55134,1.55154,9.60,4.80
2008.06.17 19:25:50.385,1.55132,1.55152,6.60,4.80
2008.06.17 19:26:16.953,1.55132,1.55158,3.00,7.80
2008.06.17 19:26:17.503,1.55136,1.55161,4.80,7.20
2008.06.17 19:26:17.660,1.55141,1.55166,1.20,5.50
2008.06.17 19:26:17.822,1.55144,1.55169,4.80,9.00
2008.06.17 19:26:17.982,1.55148,1.55168,11.40,8.40
2008.06.17 19:26:23.211,1.55144,1.55169,9.60,14.50
2008.06.17 19:26:23.434,1.55141,1.55166,1.80,2.40
2008.06.17 19:26:23.657,1.55138,1.55158,2.40,4.80
2008.06.17 19:26:23.882,1.55127,1.55153,2.40,1.00
2008.06.17 19:26:24.106,1.55119,1.55143,2.40,6.00
2008.06.17 19:26:24.442,1.55115,1.55141,1.80,4.80
2008.06.17 19:26:24.778,1.55122,1.55142,6.60,2.40
2008.06.17 19:26:25.114,1.55126,1.55146,21.00,3.00
2008.06.17 19:26:25.269,1.55132,1.55152,24.00,4.80
2008.06.17 19:26:25.434,1.55139,1.55159,14.40,9.40
2008.06.17 19:26:25.590,1.55142,1.55167,19.80,4.80
2008.06.17 19:26:25.746,1.55147,1.55172,2.40,11.50
2008.06.17 19:26:25.899,1.55151,1.55177,4.80,4.20
2008.06.17 19:26:26.206,1.55159,1.55183,7.20,9.00
2008.06.17 19:26:26.546,1.55168,1.55188,6.00,1.00
2008.06.17 19:26:26.886,1.55167,1.55191,1.00,2.40
2008.06.17 19:26:27.224,1.55159,1.55183,6.00,4.20
2008.06.17 19:26:28.107,1.5515,1.55175,3.00,2.40
2008.06.17 19:26:28.507,1.55143,1.55168,2.40,5.40
2008.06.17 19:26:28.747,1.55141,1.55166,16.00,13.80
2008.06.17 19:26:28.869,1.55142,1.55167,18.00,4.80
2008.06.17 19:26:28.990,1.55143,1.55168,4.80,4.80
2008.06.17 19:26:29.109,1.55148,1.55168,1.00,4.80
2008.06.17 19:27:15.549,1.55155,1.55175,3.00,8.40
2008.06.17 19:27:15.917,1.55155,1.55165,1.00,4.40
2008.06.17 19:27:16.313,1.55149,1.55164,7.20,5.40
2008.06.17 19:27:16.428,1.55148,1.55163,2.40,6.00
2008.06.17 19:27:16.545,1.55146,1.55161,4.80,23.50
2008.06.17 19:27:16.656,1.55142,1.55162,14.40,4.80
2008.06.17 19:27:16.771,1.55141,1.55161,3.00,8.40
2008.06.17 19:27:17.971,1.5514,1.5516,7.20,5.40
2008.06.17 19:27:18.045,1.5514,1.5516,2.40,15.10
2008.06.17 19:27:18.222,1.55137,1.55162,6.00,7.20
2008.06.17 19:27:19.233,1.55134,1.55158,6.00,4.80
2008.06.17 19:27:19.454,1.55128,1.55153,3.60,10.80
2008.06.17 19:27:19.894,1.5512,1.55145,10.20,2.80
2008.06.17 19:27:20.706,1.5512,1.5514,2.40,5.70
2008.06.17 19:27:20.850,1.55131,1.55141,6.60,5.40
2008.06.17 19:27:20.926,1.55134,1.55149,7.80,6.00
2008.06.17 19:27:21.695,1.55138,1.55153,2.40,12.70
2008.06.17 19:27:21.847,1.55133,1.55159,2.40,2.90
2008.06.17 19:27:22.008,1.55135,1.55155,2.40,13.00
2008.06.17 19:27:24.220,1.55131,1.55151,3.60,2.40
2008.06.17 19:27:24.424,1.55133,1.55149,21.60,15.60
2008.06.17 19:27:24.600,1.55139,1.55149,3.00,12.00
2008.06.17 19:27:27.533,1.55139,1.55154,3.00,3.60
2008.06.17 19:27:27.661,1.55135,1.5516,2.40,1.00
2008.06.17 19:27:27.720,1.55137,1.55162,6.00,4.80
2008.06.17 19:27:27.778,1.55138,1.55163,1.00,11.50
2008.06.17 19:27:30.013,1.55143,1.55163,4.80,2.40
2008.06.17 19:27:30.889,1.55145,1.55165,2.40,1.00
2008.06.17 19:27:31.209,1.55148,1.55168,7.60,6.00
2008.06.17 19:27:31.590,1.55152,1.55167,10.20,7.70
2008.06.17 19:27:31.695,1.55156,1.55171,2.40,7.80
2008.06.17 19:27:42.944,1.5516,1.55175,2.40,1.00
2008.06.17 19:27:43.256,1.55165,1.55179,6.00,7.20
2008.06.17 19:27:43.369,1.55165,1.55179,5.40,2.40
2008.06.17 19:27:43.466,1.55159,1.55174,2.40,1.20
2008.06.17 19:27:43.659,1.55151,1.55167,1.80,14.00
2008.06.17 19:27:45.937,1.55142,1.55162,14.40,4.20
2008.06.17 19:27:46.180,1.55137,1.55157,19.00,4.80
2008.06.17 19:27:46.401,1.55134,1.55154,1.00,18.20
2008.06.17 19:27:46.628,1.55136,1.55156,2.40,2.40
2008.06.17 19:27:46.853,1.55143,1.55158,4.20,2.40
2008.06.17 19:27:47.097,1.55148,1.55163,4.80,2.40
2008.06.17 19:27:49.449,1.55153,1.55168,2.40,4.30
2008.06.17 19:27:54.817,1.55156,1.55171,1.20,6.00
2008.06.17 19:27:55.000,1.55157,1.55172,2.40,4.80
2008.06.17 19:27:55.185,1.55155,1.5517,6.00,7.80
2008.06.17 19:27:55.489,1.55151,1.55166,1.00,11.50
2008.06.17 19:27:56.049,1.55144,1.55164,4.80,7.20
2008.06.17 19:27:58.442,1.55142,1.55162,13.80,6.60
2008.06.17 19:28:01.921,1.5519,1.552,7.40,4.80
2008.06.17 19:28:02.275,1.55185,1.55195,2.40,2.40
2008.06.17 19:28:02.615,1.55173,1.55193,3.00,12.10
2008.06.17 19:28:02.699,1.5517,1.55185,6.00,4.80
2008.06.17 19:28:02.863,1.55165,1.5518,3.00,4.80
2008.06.17 19:28:03.478,1.55162,1.55177,12.60,5.40
2008.06.17 19:28:03.658,1.55159,1.55174,14.40,3.00
2008.06.17 19:28:05.615,1.5516,1.5517,2.40,9.40
2008.06.17 19:28:07.062,1.55156,1.55171,3.00,10.20
2008.06.17 19:28:07.341,1.55162,1.55166,3.60,2.40
2008.06.17 19:28:07.621,1.55164,1.55169,6.00,3.00
2008.06.17 19:28:08.410,1.55168,1.55178,8.40,9.60
2008.06.17 19:28:08.635,1.55178,1.55188,6.00,7.80
2008.06.17 19:28:09.410,1.55186,1.55202,4.80,2.40
2008.06.17 19:28:09.749,1.55192,1.55202,5.40,5.40
2008.06.17 19:28:09.835,1.55184,1.55199,1.00,2.40
2008.06.17 19:28:11.252,1.55177,1.55191,3.00,4.80
2008.06.17 19:28:21.415,1.55167,1.55187,6.00,3.10
2008.06.17 19:28:21.683,1.55165,1.5518,6.00,4.20
2008.06.17 19:28:22.055,1.55165,1.5517,6.00,2.70
2008.06.17 19:28:22.333,1.55163,1.55168,2.40,7.90
2008.06.17 19:28:22.522,1.55156,1.55166,6.00,13.40
2008.06.17 19:28:22.619,1.55148,1.55163,16.20,10.20
2008.06.17 19:28:22.715,1.5514,1.55155,16.20,2.40
2008.06.17 19:28:22.817,1.55129,1.55144,3.00,2.40
2008.06.17 19:28:25.071,1.55118,1.55132,1.00,23.40
2008.06.17 19:28:25.331,1.55115,1.55125,3.60,3.00
2008.06.17 19:28:25.459,1.55116,1.55131,2.40,1.00
2008.06.17 19:28:25.587,1.55122,1.55136,6.60,11.70
2008.06.17 19:28:25.715,1.55129,1.55139,3.00,1.20
2008.06.17 19:28:25.842,1.55134,1.55144,9.00,6.00
2008.06.17 19:28:25.971,1.55139,1.55149,8.40,8.40
2008.06.17 19:28:27.477,1.5514,1.55155,8.40,1.00
2008.06.17 19:28:30.814,1.55142,1.55158,4.80,4.00
2008.06.17 19:28:34.474,1.55144,1.55159,7.20,4.80
2008.06.17 19:28:37.699,1.55143,1.55163,4.20,8.40
2008.06.17 19:28:37.967,1.55148,1.55163,7.30,1.00
2008.06.17 19:28:44.435,1.55149,1.55165,1.00,4.80
2008.06.17 19:28:49.260,1.55151,1.55166,7.80,7.80
2008.06.17 19:28:59.953,1.55152,1.55166,2.40,3.60
2008.06.17 19:29:00.707,1.55138,1.55158,2.40,5.40
2008.06.17 19:29:00.807,1.55139,1.55154,7.20,4.80
2008.06.17 19:29:05.080,1.55138,1.55153,20.40,1.00
2008.06.17 19:29:05.544,1.55137,1.55152,3.60,3.20
2008.06.17 19:29:05.692,1.55135,1.5515,14.40,2.40
2008.06.17 19:29:06.129,1.55136,1.55146,5.40,3.00
2008.06.17 19:29:15.645,1.55138,1.55148,3.00,12.10
2008.06.17 19:29:15.828,1.55138,1.55148,6.70,1.20
2008.06.17 19:29:19.859,1.55134,1.55154,5.40,8.70
2008.06.17 19:29:23.664,1.55132,1.55152,3.00,8.40
2008.06.17 19:29:23.952,1.55132,1.55152,4.80,1.00
2008.06.17 19:29:24.241,1.55136,1.55146,20.50,9.00
2008.06.17 19:29:24.676,1.55134,1.5515,10.20,8.60
2008.06.17 19:29:25.825,1.55133,1.55148,6.00,1.20
2008.06.17 19:29:35.872,1.55132,1.55142,23.70,4.80
2008.06.17 19:29:36.343,1.55123,1.55137,10.80,2.40
2008.06.17 19:29:36.662,1.55114,1.55129,2.40,4.80
2008.06.17 19:29:41.699,1.55111,1.55126,8.40,6.00
2008.06.17 19:29:43.894,1.5511,1.55134,5.40,10.80
2008.06.17 19:29:44.120,1.5512,1.55135,9.00,3.00
2008.06.17 19:29:44.267,1.55128,1.55143,1.00,26.90
2008.06.17 19:29:44.595,1.55132,1.55147,3.00,2.50
2008.06.17 19:29:44.682,1.55134,1.55149,13.20,4.80
2008.06.17 19:29:44.699,1.55132,1.55147,6.00,2.40
2008.06.17 19:29:46.891,1.55131,1.55146,6.60,9.90
2008.06.17 19:29:47.383,1.55132,1.55142,2.40,4.80
2008.06.17 19:29:47.778,1.5513,1.55145,4.80,7.20
2008.06.17 19:29:47.975,1.55133,1.55153,1.00,7.20
2008.06.17 19:29:48.374,1.55144,1.55159,18.60,9.00
2008.06.17 19:29:48.715,1.55157,1.55171,4.20,2.40
2008.06.17 19:29:49.567,1.55159,1.55179,5.40,5.40
2008.06.17 19:29:49.683,1.55157,1.55177,35.60,6.00
2008.06.17 19:29:50.021,1.5515,1.5517,13.80,4.20
2008.06.17 19:29:50.139,1.55142,1.55162,5.70,6.00
2008.06.17 19:29:50.687,1.55137,1.55157,4.80,4.80
2008.06.17 19:29:53.475,1.5513,1.5515,4.80,7.20
2008.06.17 19:29:54.131,1.55123,1.55148,28.20,1.80
2008.06.17 19:29:54.307,1.5512,1.55145,2.40,9.90
2008.06.17 19:29:54.483,1.55118,1.55143,10.80,3.00
2008.06.17 19:29:54.658,1.55124,1.55139,9.60,4.80
2008.06.17 19:29:54.994,1.55126,1.55141,4.80,7.20
2008.06.17 19:29:55.775,1.55128,1.55148,20.40,2.40
2008.06.17 19:29:56.076,1.55135,1.5515,4.80,5.40
2008.06.17 19:29:56.180,1.55134,1.55154,1.00,4.20
2008.06.17 19:29:56.284,1.55137,1.55152,7.20,10.30
2008.06.17 19:29:56.391,1.55136,1.55151,8.40,8.40
2008.06.17 19:29:56.689,1.55135,1.55149,9.00,1.00
2008.06.17 19:30:00.817,1.55136,1.55152,6.60,3.00
2008.06.17 19:30:00.912,1.55147,1.55153,2.40,6.70
2008.06.17 19:30:01.193,1.5515,1.5516,2.40,4.80
2008.06.17 19:30:01.289,1.55154,1.55169,14.40,4.80
2008.06.17 19:30:04.219,1.55157,1.55172,4.80,1.20
2008.06.17 19:30:04.399,1.55155,1.55165,1.20,3.00
2008.06.17 19:30:04.457,1.55148,1.55162,13.20,6.60
2008.06.17 19:30:04.748,1.55139,1.55154,1.20,5.50
2008.06.17 19:30:14.510,1.55133,1.55138,3.60,8.40
2008.06.17 19:30:17.704,1.55118,1.55132,11.40,2.40
2008.06.17 19:30:46.745,1.55115,1.55129,7.20,14.20
2008.06.17 19:30:47.193,1.55123,1.55133,7.80,2.10
2008.06.17 19:30:47.289,1.55128,1.55143,3.60,2.70
2008.06.17 19:30:47.393,1.55133,1.55153,2.40,2.70
2008.06.17 19:30:50.801,1.55145,1.55155,6.60,7.20
2008.06.17 19:30:54.382,1.55151,1.55156,6.00,2.40
2008.06.17 19:30:57.109,1.55152,1.55162,2.40,6.00
2008.06.17 19:31:07.569,1.55137,1.55157,1.80,12.00
2008.06.17 19:31:08.111,1.55133,1.55153,3.00,5.30
2008.06.17 19:31:08.354,1.55132,1.55147,5.40,2.70
2008.06.17 19:31:08.468,1.55133,1.55143,46.80,4.80
2008.06.17 19:31:08.596,1.55132,1.55142,12.00,7.80
2008.06.17 19:31:08.715,1.55132,1.55142,4.80,2.40
2008.06.17 19:31:08.721,1.55132,1.55142,4.20,4.90
2008.06.17 19:31:08.762,1.55131,1.55141,13.60,2.40
2008.06.17 19:31:08.810,1.55131,1.55141,14.40,4.80
2008.06.17 19:31:08.924,1.55127,1.55147,2.40,4.20
2008.06.17 19:31:08.935,1.55129,1.55149,3.00,1.00
2008.06.17 19:31:08.948,1.55134,1.55149,2.40,1.00
2008.06.17 19:31:09.055,1.55134,1.55149,4.80,2.40
2008.06.17 19:31:12.869,1.55135,1.5515,9.00,3.00
2008.06.17 19:31:13.134,1.55133,1.55148,7.80,8.40
2008.06.17 19:31:13.210,1.55128,1.55148,2.40,1.00
2008.06.17 19:31:13.374,1.55123,1.55149,1.00,12.70
2008.06.17 19:31:13.956,1.55125,1.55145,6.00,30.00
2008.06.17 19:31:14.032,1.55124,1.55144,11.40,2.40
2008.06.17 19:31:14.397,1.55126,1.55141,10.00,2.40
2008.06.17 19:31:15.122,1.55125,1.5514,6.00,5.40
2008.06.17 19:31:15.446,1.55123,1.55138,13.80,7.20
2008.06.17 19:31:15.529,1.55122,1.55137,3.60,5.70
2008.06.17 19:31:15.613,1.55114,1.55134,13.80,6.40
2008.06.17 19:31:15.698,1.55111,1.55126,1.00,2.40
2008.06.17 19:31:15.782,1.55109,1.55124,30.40,17.80
2008.06.17 19:31:15.863,1.55115,1.55129,16.40,2.40
2008.06.17 19:31:18.814,1.55118,1.55138,15.00,1.20
2008.06.17 19:31:18.933,1.55123,1.55143,3.60,4.20
2008.06.17 19:31:19.054,1.55129,1.55144,7.20,1.00
2008.06.17 19:31:19.173,1.55133,1.55148,13.80,4.80
2008.06.17 19:31:19.524,1.55132,1.55152,14.40,2.40
2008.06.17 19:31:19.758,1.55132,1.55152,6.60,27.10
2008.06.17 19:31:19.885,1.55132,1.55152,9.60,6.60
2008.06.17 19:31:20.033,1.55128,1.55153,3.00,12.40
2008.06.17 19:31:23.941,1.55129,1.55149,7.20,7.20
2008.06.17 19:31:24.060,1.5513,1.5515,7.80,1.00
2008.06.17 19:31:24.181,1.55133,1.55148,3.00,16.90
2008.06.17 19:31:24.300,1.55135,1.55145,3.60,2.40
2008.06.17 19:31:24.449,1.55133,1.55148,2.40,9.00
2008.06.17 19:31:24.738,1.55131,1.55151,8.40,2.40
2008.06.17 19:31:26.352,1.55132,1.55152,4.80,3.00
2008.06.17 19:31:27.449,1.55133,1.55148,6.00,11.50
2008.06.17 19:31:27.623,1.55133,1.55148,6.60,3.30
2008.06.17 19:31:27.799,1.55134,1.55149,2.40,11.60
2008.06.17 19:31:28.695,1.55134,1.55154,17.00,1.00
2008.06.17 19:31:28.941,1.55145,1.55155,24.00,2.40
2008.06.17 19:31:36.348,1.55151,1.55166,21.00,2.40
2008.06.17 19:31:46.448,1.55151,1.55171,30.00,2.40
2008.06.17 19:31:46.536,1.55148,1.55163,6.00,3.00
2008.06.17 19:31:46.625,1.5514,1.5516,9.00,4.80
2008.06.17 19:31:46.712,1.55137,1.55157,4.80,7.20
2008.06.17 19:31:46.982,1.55137,1.55153,4.80,3.60
2008.06.17 19:31:47.308,1.5514,1.55155,4.20,5.70
2008.06.17 19:31:47.395,1.55141,1.55156,2.40,10.90
2008.06.17 19:31:47.565,1.5514,1.5516,1.80,8.40
2008.06.17 19:31:51.769,1.55143,1.55158,7.80,2.40
2008.06.17 19:31:52.076,1.55139,1.55159,9.00,5.40
2008.06.17 19:31:52.233,1.55139,1.55154,11.40,8.50
2008.06.17 19:31:52.313,1.55137,1.55152,21.00,4.20
2008.06.17 19:31:52.469,1.55136,1.55151,5.40,10.90
2008.06.17 19:31:54.984,1.55132,1.55152,3.00,31.80
2008.06.17 19:31:55.306,1.5513,1.5515,8.40,10.80
2008.06.17 19:31:55.452,1.55131,1.55146,12.00,1.00
2008.06.17 19:31:55.745,1.55126,1.55141,1.20,2.40
2008.06.17 19:31:55.901,1.5512,1.5514,4.20,2.80
2008.06.17 19:31:56.044,1.55118,1.55138,3.60,6.60
2008.06.17 19:31:56.189,1.55117,1.55137,3.60,2.40
2008.06.17 19:31:56.430,1.55118,1.55138,4.80,11.40
2008.06.17 19:31:56.572,1.5512,1.5514,7.20,1.00
2008.06.17 19:31:56.609,1.55121,1.55141,11.40,11.60
2008.06.17 19:31:58.417,1.5512,1.55145,13.20,4.80
2008.06.17 19:31:58.540,1.55119,1.55144,7.20,9.60
2008.06.17 19:31:58.663,1.55117,1.55143,28.20,8.40
2008.06.17 19:32:42.725,1.55126,1.5515,28.20,11.10
2008.06.17 19:32:46.248,1.55119,1.55149,7.80,14.50
2008.06.17 19:32:46.740,1.55114,1.55149,4.20,6.70
2008.06.17 19:32:46.976,1.55113,1.55148,4.30,9.60
2008.06.17 19:32:47.095,1.55113,1.55148,5.40,5.10
2008.06.17 19:32:47.215,1.55125,1.5513,14.80,11.40
2008.06.17 19:32:47.408,1.55117,1.55132,7.80,8.40
2008.06.17 19:32:47.598,1.55101,1.55137,4.80,2.40
2008.06.17 19:32:47.970,1.55101,1.55121,6.00,2.40
2008.06.17 19:32:48.157,1.55107,1.55113,3.00,12.60
2008.06.17 19:32:48.350,1.55106,1.55122,10.80,4.80
2008.06.17 19:32:48.560,1.55111,1.55131,6.00,6.00
2008.06.17 19:32:48.972,1.55116,1.5514,10.20,4.80
2008.06.17 19:32:49.192,1.55122,1.55142,1.00,3.00
2008.06.17 19:32:52.546,1.55124,1.55149,4.80,12.60
2008.06.17 19:32:52.781,1.55136,1.55151,15.00,3.00
2008.06.17 19:32:53.020,1.55143,1.55157,4.20,7.80
2008.06.17 19:32:53.258,1.55148,1.55152,7.80,1.00
2008.06.17 19:32:53.536,1.55139,1.55149,4.80,5.20
2008.06.17 19:32:53.812,1.55131,1.55146,3.00,4.20
2008.06.17 19:32:54.088,1.5513,1.5514,12.60,5.80
2008.06.17 19:32:54.364,1.55126,1.55141,1.00,3.60
2008.06.17 19:32:54.638,1.55125,1.55141,12.60,4.80
2008.06.17 19:32:54.828,1.55132,1.55137,8.40,11.50
2008.06.17 19:32:56.348,1.55128,1.55138,15.00,4.80
2008.06.17 19:32:57.083,1.55128,1.55138,3.00,9.00
2008.06.17 19:32:57.162,1.55132,1.55137,7.20,6.00
2008.06.17 19:32:57.495,1.55133,1.55138,4.80,4.40
2008.06.17 19:32:57.662,1.55136,1.5514,7.20,8.80
2008.06.17 19:33:02.911,1.55139,1.55149,1.00,2.40
2008.06.17 19:33:03.589,1.55133,1.55139,1.20,3.00
2008.06.17 19:33:06.184,1.55122,1.55137,12.00,7.80
2008.06.17 19:33:06.523,1.55122,1.55126,2.40,3.00
2008.06.17 19:33:06.997,1.55111,1.55131,10.20,4.80
2008.06.17 19:33:07.193,1.55116,1.55126,16.60,4.80
2008.06.17 19:33:07.580,1.5512,1.55125,4.80,18.10
2008.06.17 19:33:07.797,1.55118,1.55128,14.40,1.00
2008.06.17 19:33:08.013,1.55117,1.55132,1.00,6.60
2008.06.17 19:33:08.441,1.55118,1.55133,2.40,10.90
2008.06.17 19:33:09.065,1.55117,1.55132,3.00,6.40
2008.06.17 19:33:09.202,1.55122,1.55127,10.20,1.80
2008.06.17 19:33:09.343,1.55121,1.55126,6.60,2.70
2008.06.17 19:33:13.140,1.55112,1.55132,4.80,5.80
2008.06.17 19:33:13.361,1.55114,1.55134,2.40,16.20
2008.06.17 19:33:13.581,1.55115,1.55135,7.30,1.00
2008.06.17 19:33:13.805,1.55116,1.55136,17.40,1.00
2008.06.17 19:33:14.033,1.55111,1.55136,4.80,4.20
2008.06.17 19:33:14.253,1.5511,1.5513,10.20,6.00
2008.06.17 19:33:14.353,1.55103,1.55123,5.40,13.30
2008.06.17 19:33:14.453,1.55094,1.55114,4.80,7.80
2008.06.17 19:33:14.551,1.55096,1.55106,9.00,6.00
2008.06.17 19:33:17.557,1.55098,1.55118,9.00,7.80
2008.06.17 19:33:19.353,1.55104,1.55129,21.00,1.00
2008.06.17 19:33:20.097,1.55112,1.55137,1.00,7.20
2008.06.17 19:33:20.192,1.55118,1.55138,3.00,3.10
2008.06.17 19:33:20.287,1.55122,1.55142,1.80,8.70
2008.06.17 19:33:20.387,1.55122,1.55142,6.60,9.00
2008.06.17 19:33:22.695,1.55127,1.55137,5.40,24.00
2008.06.17 19:33:22.788,1.55127,1.55132,4.80,7.20
2008.06.17 19:33:24.210,1.5512,1.55134,3.60,11.80
2008.06.17 19:33:29.207,1.55112,1.55138,10.20,8.80
2008.06.17 19:33:29.269,1.55112,1.55137,12.00,2.40
2008.06.17 19:33:29.329,1.55118,1.55132,11.40,9.00
2008.06.17 19:33:29.555,1.55119,1.55134,3.00,8.50
2008.06.17 19:33:29.615,1.55121,1.55135,4.20,1.00
2008.06.17 19:33:30.739,1.5512,1.5514,3.00,4.60
2008.06.17 19:33:30.937,1.55121,1.55136,3.60,5.40
2008.06.17 19:33:31.142,1.5512,1.55135,2.40,17.70
2008.06.17 19:33:31.449,1.55117,1.55137,6.00,3.00
2008.06.17 19:33:31.945,1.55119,1.55134,1.80,6.40
2008.06.17 19:33:32.112,1.55118,1.55133,12.60,4.80
2008.06.17 19:33:32.280,1.55114,1.55134,9.20,4.80
2008.06.17 19:33:32.368,1.55114,1.55134,6.60,4.20
2008.06.17 19:33:36.869,1.55115,1.55135,10.80,2.40
2008.06.17 19:33:36.993,1.55119,1.55134,11.40,8.40
2008.06.17 19:33:37.117,1.55119,1.55134,2.40,1.30
2008.06.17 19:33:37.216,1.55116,1.55136,6.00,27.70
2008.06.17 19:33:41.457,1.55115,1.5514,4.80,2.40
2008.06.17 19:33:41.653,1.55119,1.55139,6.60,10.80
2008.06.17 19:33:41.837,1.55123,1.55138,7.20,4.80
2008.06.17 19:33:42.020,1.55122,1.55137,9.60,1.00
2008.06.17 19:33:42.202,1.55122,1.55137,1.00,2.40
2008.06.17 19:33:42.388,1.55121,1.55136,4.80,12.60
2008.06.17 19:33:44.775,1.55117,1.55137,13.20,15.60
2008.06.17 19:33:44.912,1.55123,1.55133,13.20,4.80
2008.06.17 19:33:45.047,1.55125,1.55135,3.00,7.00
2008.06.17 19:33:48.326,1.55124,1.5514,12.00,1.20
2008.06.17 19:33:48.633,1.55123,1.55143,12.00,3.00
2008.06.17 19:33:48.739,1.55126,1.55146,7.80,7.20
2008.06.17 19:33:48.812,1.55129,1.55149,8.40,10.90
2008.06.17 19:33:52.312,1.55135,1.55155,7.20,10.20
2008.06.17 19:33:52.653,1.55144,1.55159,4.00,4.80
2008.06.17 19:33:53.117,1.55144,1.55159,3.00,6.00
2008.06.17 19:33:53.245,1.55133,1.55158,19.20,15.40
2008.06.17 19:33:53.373,1.55128,1.55152,2.40,6.00
2008.06.17 19:33:53.502,1.55123,1.55148,15.30,2.40
2008.06.17 19:33:55.381,1.55133,1.55138,2.40,4.80
2008.06.17 19:33:55.701,1.55126,1.5515,7.30,4.80
2008.06.17 19:33:56.757,1.55123,1.55158,14.40,1.20
2008.06.17 19:33:57.009,1.55123,1.55158,5.40,6.10
2008.06.17 19:33:57.260,1.55127,1.55157,4.80,11.40
2008.06.17 19:33:57.467,1.55137,1.55147,7.20,5.40
2008.06.17 19:33:57.677,1.55137,1.55142,1.00,12.40
2008.06.17 19:33:57.885,1.55134,1.55139,7.80,13.60
2008.06.17 19:33:58.093,1.55131,1.55136,4.80,13.60
2008.06.17 19:33:58.301,1.55125,1.5514,21.80,4.80
2008.06.17 19:33:58.639,1.55125,1.55135,2.40,4.50
2008.06.17 19:33:59.001,1.55113,1.55143,8.40,4.80
2008.06.17 19:33:59.345,1.55115,1.55135,6.60,2.40
2008.06.17 19:33:59.469,1.55114,1.55134,2.40,5.70
2008.06.17 19:33:59.529,1.55113,1.55133,1.80,9.60
2008.06.17 19:33:59.645,1.55116,1.55131,6.00,1.00
2008.06.17 19:33:59.761,1.55115,1.5514,9.00,8.10
2008.06.17 19:33:59.889,1.5512,1.55145,4.20,2.40
2008.06.17 19:33:59.948,1.55116,1.55156,4.80,2.40
2008.06.17 19:34:02.392,1.5513,1.55156,10.80,4.80
2008.06.17 19:34:02.557,1.55123,1.55148,4.80,2.40
2008.06.17 19:34:02.874,1.55123,1.55133,6.00,8.50
2008.06.17 19:34:03.033,1.55116,1.55126,7.20,4.80
2008.06.17 19:34:03.195,1.55112,1.55122,16.20,3.60
2008.06.17 19:34:10.566,1.55106,1.55126,4.20,2.80
2008.06.17 19:34:10.706,1.5511,1.55125,19.90,12.50
2008.06.17 19:34:10.846,1.55111,1.55126,10.60,4.80
2008.06.17 19:34:10.984,1.55114,1.55129,2.40,3.00
2008.06.17 19:34:11.869,1.55113,1.55138,17.40,6.60
2008.06.17 19:34:12.077,1.55117,1.55137,3.00,9.60
2008.06.17 19:34:12.285,1.5512,1.55135,14.20,7.90
2008.06.17 19:34:12.494,1.55124,1.55134,4.80,9.60
2008.06.17 19:34:12.674,1.55123,1.55138,4.20,11.10
2008.06.17 19:34:14.408,1.55123,1.55138,1.00,8.40
2008.06.17 19:34:14.710,1.55123,1.55138,2.40,24.60
2008.06.17 19:34:14.766,1.5512,1.55135,2.40,12.00
2008.06.17 19:34:14.874,1.55115,1.55129,4.80,1.00
2008.06.17 19:34:14.930,1.55103,1.55123,4.80,7.20
2008.06.17 19:34:15.294,1.55095,1.55115,1.20,4.80
2008.06.17 19:34:15.350,1.55094,1.55109,8.40,2.40
2008.06.17 19:34:15.456,1.55101,1.55121,2.40,1.80
2008.06.17 19:34:15.620,1.5511,1.5513,7.80,7.90
2008.06.17 19:34:15.680,1.55117,1.55137,11.40,4.80
2008.06.17 19:34:16.572,1.55119,1.55145,18.00,2.40
2008.06.17 19:34:16.690,1.55127,1.55143,4.80,10.20
2008.06.17 19:34:16.804,1.55129,1.55143,1.20,2.40
2008.06.17 19:34:18.918,1.55124,1.55144,2.40,2.40
2008.06.17 19:34:19.514,1.55125,1.5514,1.80,4.80
2008.06.17 19:34:19.813,1.55126,1.55131,1.20,3.00
2008.06.17 19:34:20.174,1.55116,1.55131,6.00,1.80
2008.06.17 19:34:20.237,1.55115,1.5513,7.80,14.70
2008.06.17 19:34:20.421,1.5511,1.5513,1.00,8.40
2008.06.17 19:34:20.603,1.55111,1.55126,2.40,6.40
2008.06.17 19:34:20.669,1.55112,1.55122,2.40,4.80
2008.06.17 19:34:20.731,1.55109,1.55129,2.40,9.60
2008.06.17 19:34:20.856,1.55113,1.55133,3.60,2.40
2008.06.17 19:34:20.920,1.55117,1.55137,6.00,1.00
2008.06.17 19:34:20.985,1.55123,1.55143,7.20,14.50
2008.06.17 19:34:21.130,1.55132,1.55142,8.40,2.40
2008.06.17 19:34:23.734,1.55134,1.55149,3.00,13.00
2008.06.17 19:34:23.914,1.55136,1.55156,7.80,3.00
2008.06.17 19:34:24.093,1.55144,1.55164,4.80,7.80
2008.06.17 19:34:27.778,1.55152,1.55167,4.20,5.70
2008.06.17 19:34:28.058,1.55155,1.55165,5.40,6.00
2008.06.17 19:34:28.338,1.55141,1.55161,1.80,2.10
2008.06.17 19:34:28.434,1.55131,1.55151,4.80,6.00
2008.06.17 19:34:28.622,1.55126,1.55142,22.90,3.90
2008.06.17 19:34:28.810,1.55122,1.55137,6.60,8.50
2008.06.17 19:34:28.906,1.55115,1.55135,11.60,4.80
2008.06.17 19:34:29.017,1.55112,1.55137,4.80,7.20
2008.06.17 19:34:52.594,1.55114,1.55134,11.40,7.80
2008.06.17 19:34:55.060,1.55108,1.55143,2.40,6.00
2008.06.17 19:34:55.249,1.55116,1.55136,8.40,2.40
2008.06.17 19:34:55.437,1.5511,1.55145,10.60,4.80
2008.06.17 19:34:55.630,1.55114,1.55144,2.40,2.20
2008.06.17 19:34:55.818,1.55112,1.55146,8.40,1.00
2008.06.17 19:34:56.006,1.55125,1.5513,6.00,4.80
2008.06.17 19:34:56.240,1.55122,1.55127,10.20,1.00
2008.06.17 19:34:56.361,1.55112,1.55132,2.40,6.00
2008.06.17 19:35:01.194,1.55115,1.55131,3.60,2.40
2008.06.17 19:35:01.349,1.5511,1.5512,7.80,1.20
2008.06.17 19:35:01.430,1.55098,1.55108,13.50,2.40
2008.06.17 19:35:36.727,1.55087,1.55103,18.70,2.40
2008.06.17 19:35:36.846,1.5509,1.55096,1.20,2.40
2008.06.17 19:35:37.031,1.55096,1.55111,10.20,15.70
2008.06.17 19:35:37.226,1.55115,1.5512,3.60,13.60
2008.06.17 19:35:39.627,1.55126,1.55136,22.80,1.00
2008.06.17 19:35:39.765,1.55132,1.55142,8.40,5.40
2008.06.17 19:35:40.033,1.55125,1.55135,2.40,7.00
2008.06.17 19:35:40.169,1.55112,1.55132,1.00,5.20
2008.06.17 19:35:40.306,1.55106,1.55126,6.60,7.20
2008.06.17 19:36:07.283,1.55118,1.55134,21.60,8.40
2008.06.17 19:36:07.367,1.55118,1.55123,2.40,15.10
2008.06.17 19:36:07.447,1.55107,1.55122,6.60,6.00
2008.06.17 19:36:07.535,1.5511,1.55115,4.80,6.60
2008.06.17 19:36:10.482,1.55108,1.55118,10.20,15.00
2008.06.17 19:36:10.644,1.55111,1.55127,6.00,4.80
2008.06.17 19:36:10.805,1.55119,1.55134,4.80,6.00
2008.06.17 19:36:15.904,1.55123,1.55138,1.80,8.40
2008.06.17 19:36:24.054,1.55116,1.55136,3.00,2.80
2008.06.17 19:36:25.913,1.55111,1.55125,6.00,16.90
2008.06.17 19:36:31.655,1.551,1.5512,5.70,6.00
2008.06.17 19:36:31.800,1.55088,1.55108,7.80,6.30
2008.06.17 19:36:32.100,1.55077,1.55097,5.40,10.80
2008.06.17 19:36:32.387,1.55075,1.55085,4.80,7.80
2008.06.17 19:36:32.737,1.55074,1.55089,2.40,10.20
2008.06.17 19:36:33.091,1.55073,1.55099,16.80,17.80
2008.06.17 19:36:33.431,1.55084,1.55094,13.60,2.40
2008.06.17 19:36:37.147,1.55082,1.55102,2.40,6.00
2008.06.17 19:36:40.790,1.55084,1.55104,1.00,8.20
2008.06.17 19:36:44.514,1.55088,1.55108,11.40,2.50
2008.06.17 19:36:52.594,1.55093,1.55113,6.00,19.40
2008.06.17 19:36:52.949,1.55096,1.55116,10.20,4.80
2008.06.17 19:36:53.126,1.55098,1.55123,4.80,21.00
2008.06.17 19:36:53.302,1.5511,1.5512,3.00,12.30
2008.06.17 19:36:53.480,1.55113,1.55123,5.40,6.60
2008.06.17 19:37:06.665,1.55106,1.55126,1.00,2.40
2008.06.17 19:37:06.891,1.551,1.5512,5.40,3.00
2008.06.17 19:37:08.955,1.55102,1.55126,15.10,4.80
2008.06.17 19:37:09.123,1.55119,1.55139,1.20,7.60
2008.06.17 19:37:09.290,1.55132,1.55146,3.60,17.40
2008.06.17 19:37:10.563,1.5513,1.5515,8.40,5.50
2008.06.17 19:37:24.491,1.55127,1.55147,12.00,2.40
2008.06.17 19:37:36.473,1.55125,1.5514,8.40,4.80
2008.06.17 19:37:37.216,1.55117,1.55133,3.60,1.00
2008.06.17 19:37:58.671,1.5511,1.55125,12.60,4.80
2008.06.17 19:37:59.017,1.55106,1.55122,4.80,7.20
2008.06.17 19:38:00.957,1.55082,1.55102,6.00,7.20
2008.06.17 19:38:01.291,1.55088,1.55103,22.20,3.00
2008.06.17 19:38:01.609,1.55092,1.55107,24.60,2.40
2008.06.17 19:38:01.930,1.55099,1.55109,13.20,3.00
2008.06.17 19:38:02.643,1.55101,1.55116,1.20,4.20
2008.06.17 19:38:02.795,1.55105,1.5512,19.00,4.80
2008.06.17 19:38:02.870,1.55109,1.55124,28.20,6.60
2008.06.17 19:38:02.966,1.55114,1.5512,4.80,7.80
2008.06.17 19:38:04.993,1.55116,1.5512,4.80,1.20
2008.06.17 19:38:07.775,1.55109,1.55124,1.00,6.00
2008.06.17 19:38:08.325,1.55108,1.55122,7.20,6.00
2008.06.17 19:38:11.385,1.55104,1.55124,2.40,18.90
2008.06.17 19:38:11.491,1.55102,1.55122,8.40,2.40
2008.06.17 19:38:11.805,1.55101,1.55121,3.00,1.90
2008.06.17 19:38:11.911,1.551,1.55115,24.90,8.40
2008.06.17 19:38:12.029,1.55098,1.55113,6.60,18.40
2008.06.17 19:38:12.149,1.55093,1.55109,4.80,12.00
2008.06.17 19:38:12.390,1.55084,1.55109,6.60,3.60
2008.06.17 19:38:12.510,1.55084,1.55099,13.80,4.80
2008.06.17 19:38:12.868,1.55086,1.5509,3.00,7.80
2008.06.17 19:38:14.081,1.5508,1.55096,6.60,4.80
2008.06.17 19:38:14.308,1.55089,1.55103,6.00,2.40
2008.06.17 19:38:14.439,1.55097,1.55112,8.40,2.40
2008.06.17 19:38:14.599,1.55103,1.55119,9.60,9.00
2008.06.17 19:38:14.639,1.55104,1.55124,7.80,4.80
2008.06.17 19:38:16.789,1.55105,1.55125,9.00,1.80
2008.06.17 19:38:16.998,1.55104,1.55124,13.20,2.40
2008.06.17 19:38:17.193,1.55104,1.55119,1.00,6.00
2008.06.17 19:38:17.228,1.55101,1.55116,10.80,5.40
2008.06.17 19:38:18.458,1.551,1.55115,3.60,4.80
2008.06.17 19:38:19.543,1.55094,1.55114,1.00,14.70
2008.06.17 19:38:19.811,1.55094,1.55114,1.20,5.80
2008.06.17 19:38:20.079,1.55095,1.5511,1.80,9.00
2008.06.17 19:38:20.347,1.55094,1.55109,19.60,2.40
2008.06.17 19:38:20.615,1.55097,1.55112,2.40,4.50
2008.06.17 19:38:21.077,1.55098,1.55113,6.60,3.60
2008.06.17 19:38:21.119,1.551,1.55116,4.80,1.20
2008.06.17 19:38:21.134,1.55101,1.55121,6.60,14.40
2008.06.17 19:38:24.356,1.55103,1.55123,11.40,1.80
2008.06.17 19:38:24.559,1.55102,1.55128,23.60,4.80
2008.06.17 19:38:24.659,1.55112,1.55128,1.20,4.90
2008.06.17 19:38:24.859,1.55117,1.55133,2.40,4.20
2008.06.17 19:38:32.604,1.55122,1.55142,4.80,11.40
2008.06.17 19:38:32.938,1.55127,1.55152,13.80,27.60
2008.06.17 19:38:34.129,1.55132,1.55152,3.60,4.80
2008.06.17 19:38:35.252,1.55135,1.5514,13.20,4.20
2008.06.17 19:38:37.154,1.55123,1.55143,14.40,4.50
2008.06.17 19:38:37.362,1.55121,1.55136,16.20,1.20
2008.06.17 19:38:37.450,1.55118,1.55133,20.40,7.80
2008.06.17 19:38:37.569,1.55117,1.55132,9.00,4.80
2008.06.17 19:38:37.673,1.55113,1.55133,7.80,8.40
2008.06.17 19:38:37.931,1.55115,1.5513,5.40,1.67
2008.06.17 19:38:39.250,1.55121,1.55125,16.00,2.40
2008.06.17 19:38:41.952,1.55122,1.55126,9.60,1.80
2008.06.17 19:38:44.819,1.55115,1.55135,8.40,11.20
2008.06.17 19:38:50.294,1.55117,1.55137,1.20,12.60
2008.06.17 19:38:50.579,1.55118,1.55133,9.60,6.00
2008.06.17 19:38:50.871,1.55117,1.55132,3.00,6.10
2008.06.17 19:38:50.931,1.55113,1.55133,22.80,7.80
2008.06.17 19:38:56.754,1.55119,1.55123,10.20,6.60
2008.06.17 19:39:05.456,1.55108,1.55128,2.40,2.40
2008.06.17 19:39:05.528,1.55107,1.55127,1.20,14.40
2008.06.17 19:39:05.595,1.55105,1.55125,4.80,2.40
2008.06.17 19:39:10.390,1.55104,1.55124,18.60,4.80
2008.06.17 19:39:10.730,1.55108,1.55118,2.40,2.40
2008.06.17 19:39:11.856,1.55103,1.55123,26.40,21.00
2008.06.17 19:39:11.940,1.55105,1.5512,2.40,16.00
2008.06.17 19:39:12.192,1.55104,1.55119,14.70,1.90
2008.06.17 19:39:12.292,1.55104,1.55119,11.40,2.40
2008.06.17 19:39:12.378,1.55108,1.55118,2.40,4.80
2008.06.17 19:39:14.958,1.55104,1.55124,6.00,3.20
2008.06.17 19:39:15.341,1.55106,1.55126,3.00,6.00
2008.06.17 19:39:15.472,1.55112,1.55122,11.60,4.80
2008.06.17 19:39:15.603,1.5511,1.55125,15.90,5.80
2008.06.17 19:39:17.090,1.55106,1.55132,6.00,4.80
2008.06.17 19:39:17.313,1.55114,1.55128,2.40,6.40
2008.06.17 19:39:17.535,1.55113,1.55129,5.40,7.20
2008.06.17 19:39:17.756,1.5511,1.5513,4.80,11.40
2008.06.17 19:39:17.978,1.55111,1.55121,6.00,5.40
2008.06.17 19:39:18.204,1.55102,1.55118,4.80,6.10
2008.06.17 19:39:18.300,1.55096,1.5511,5.40,4.80
2008.06.17 19:39:18.396,1.55083,1.55103,1.80,7.80
2008.06.17 19:39:19.051,1.55081,1.55101,2.40,9.00
2008.06.17 19:39:19.273,1.55085,1.55105,14.40,12.00
2008.06.17 19:39:19.336,1.55093,1.55108,2.40,7.20
2008.06.17 19:39:19.545,1.55093,1.55118,1.80,7.20
2008.06.17 19:39:20.300,1.55095,1.5512,19.20,13.80
2008.06.17 19:39:23.967,1.55091,1.55126,9.60,3.00
2008.06.17 19:39:24.632,1.55091,1.55126,9.60,1.00
2008.06.17 19:39:24.816,1.55108,1.55113,7.80,4.80
2008.06.17 19:39:24.997,1.55109,1.55114,10.50,1.20
2008.06.17 19:39:25.551,1.55105,1.5512,5.40,2.70
2008.06.17 19:39:26.224,1.55109,1.55119,7.80,15.50
2008.06.17 19:39:34.299,1.55106,1.55121,8.40,6.00
2008.06.17 19:39:34.362,1.55106,1.55121,21.60,6.00
2008.06.17 19:39:35.827,1.5511,1.5512,2.40,4.80
2008.06.17 19:39:44.025,1.55113,1.55123,25.80,8.40
2008.06.17 19:39:45.994,1.55116,1.55132,5.40,7.80
2008.06.17 19:39:48.944,1.55125,1.55139,3.00,3.00
2008.06.17 19:39:49.170,1.55131,1.55147,7.20,25.20
2008.06.17 19:39:49.396,1.55134,1.55149,3.00,1.00
2008.06.17 19:39:49.508,1.5513,1.55145,9.60,6.00
2008.06.17 19:39:49.955,1.55122,1.55137,20.70,3.60
2008.06.17 19:39:50.066,1.55114,1.55134,7.30,2.40
2008.06.17 19:39:50.177,1.55112,1.55127,2.40,13.00
2008.06.17 19:39:50.291,1.55107,1.55122,1.20,2.40
2008.06.17 19:39:50.600,1.551,1.5512,2.40,1.20
2008.06.17 19:39:54.188,1.55098,1.55118,2.40,2.70
2008.06.17 19:39:54.383,1.55098,1.55118,7.80,4.80
2008.06.17 19:39:54.588,1.551,1.55115,6.00,19.80
2008.06.17 19:39:54.969,1.55099,1.55119,10.80,9.00
2008.06.17 19:39:55.067,1.55097,1.55122,2.40,3.00
2008.06.17 19:39:55.295,1.55103,1.55118,4.80,15.10
2008.06.17 19:39:56.493,1.55102,1.55122,11.40,7.80
2008.06.17 19:39:56.638,1.55104,1.55124,9.00,1.00
2008.06.17 19:39:56.864,1.55105,1.55125,6.60,3.00
2008.06.17 19:39:57.004,1.55106,1.55126,18.10,2.40
2008.06.17 19:39:57.144,1.55103,1.55128,11.40,3.00
2008.06.17 19:39:57.424,1.55106,1.55121,1.00,2.80
2008.06.17 19:39:57.563,1.55104,1.55119,6.00,3.40
2008.06.17 19:39:57.703,1.55103,1.55108,4.80,14.40
2008.06.17 19:39:57.842,1.55096,1.55101,13.20,3.00
2008.06.17 19:39:58.608,1.55085,1.55105,2.40,3.30
2008.06.17 19:40:11.682,1.55112,1.55132,1.20,8.40
2008.06.17 19:40:11.893,1.55118,1.55133,2.40,6.90
2008.06.17 19:40:12.160,1.55121,1.55141,12.00,4.20
2008.06.17 19:40:13.255,1.55127,1.55147,2.40,1.20
2008.06.17 19:40:13.398,1.55126,1.55146,26.80,2.40
2008.06.17 19:40:13.538,1.55113,1.55128,4.80,16.30
2008.06.17 19:40:13.679,1.55096,1.55111,7.80,9.00
2008.06.17 19:40:14.893,1.55086,1.55102,37.20,13.60
2008.06.17 19:40:20.822,1.55089,1.55105,2.40,4.80
2008.06.17 19:40:43.251,1.55096,1.55111,6.00,2.40
2008.06.17 19:40:53.423,1.55104,1.55119,2.10,13.30
2008.06.17 19:40:53.770,1.5511,1.55126,11.60,1.00
2008.06.17 19:40:53.945,1.55117,1.55132,7.20,4.80
2008.06.17 19:40:54.289,1.5513,1.55135,7.20,4.80
2008.06.17 19:40:54.404,1.55127,1.55143,2.40,2.40
2008.06.17 19:41:25.711,1.55108,1.55124,6.00,21.00
2008.06.17 19:41:25.832,1.55103,1.55118,6.60,5.60
2008.06.17 19:41:25.950,1.55094,1.55109,9.00,14.50
2008.06.17 19:41:26.132,1.55081,1.55105,1.80,1.00
2008.06.17 19:41:43.052,1.55085,1.55105,3.00,7.30
2008.06.17 19:41:43.208,1.55106,1.55116,10.40,2.40
2008.06.17 19:41:44.613,1.55121,1.55136,1.00,13.80
2008.06.17 19:41:44.917,1.55129,1.55145,1.00,3.00
2008.06.17 19:41:45.269,1.5513,1.55146,2.40,19.90
2008.06.17 19:41:45.668,1.55123,1.55143,10.80,9.70
2008.06.17 19:41:45.871,1.55122,1.55137,3.00,6.00
2008.06.17 19:41:55.832,1.55118,1.55133,4.80,10.30
2008.06.17 19:41:55.934,1.55117,1.55131,6.00,4.50
2008.06.17 19:41:56.125,1.55115,1.5513,15.00,4.20
2008.06.17 19:41:56.198,1.55112,1.55132,10.20,6.00
2008.06.17 19:41:56.326,1.55108,1.55134,5.40,16.80
2008.06.17 19:42:10.790,1.55111,1.55131,11.40,3.00
2008.06.17 19:42:10.866,1.55111,1.55131,11.40,7.20
2008.06.17 19:42:11.168,1.55115,1.5513,10.20,5.40
2008.06.17 19:42:11.247,1.55119,1.55129,7.20,3.00
2008.06.17 19:42:11.611,1.55119,1.55124,7.20,4.30
2008.06.17 19:42:16.084,1.5511,1.5513,2.40,6.60
2008.06.17 19:42:16.272,1.55107,1.55127,2.40,2.40
2008.06.17 19:42:16.459,1.551,1.5512,2.40,3.00
2008.06.17 19:42:16.754,1.55096,1.5511,4.80,9.00
2008.06.17 19:42:18.641,1.55086,1.55101,7.30,4.20
2008.06.17 19:42:19.010,1.55081,1.55097,4.80,10.60
2008.06.17 19:42:19.148,1.55085,1.551,6.60,7.30
2008.06.17 19:42:19.291,1.55087,1.55111,17.00,4.80
2008.06.17 19:42:19.713,1.5509,1.55115,30.00,24.60
2008.06.17 19:42:19.839,1.55095,1.55119,1.20,5.40
2008.06.17 19:42:19.997,1.55101,1.55117,9.60,1.20
2008.06.17 19:42:34.204,1.55095,1.55125,8.40,1.20
2008.06.17 19:42:34.649,1.55095,1.55125,8.40,6.00
2008.06.17 19:42:34.873,1.55102,1.55117,2.40,2.70
2008.06.17 19:42:34.958,1.55106,1.55116,4.80,1.00
2008.06.17 19:42:35.129,1.55106,1.55121,13.20,3.00
2008.06.17 19:42:35.230,1.55117,1.55121,4.90,22.90
2008.06.17 19:42:35.398,1.55125,1.5513,7.20,1.20
2008.06.17 19:42:35.484,1.55135,1.55139,18.60,4.80
2008.06.17 19:42:35.742,1.55137,1.55143,2.40,11.40
2008.06.17 19:42:35.823,1.55132,1.55138,9.00,7.80
2008.06.17 19:42:41.542,1.55122,1.55132,5.40,9.90
2008.06.17 19:42:41.783,1.55114,1.55124,3.00,13.30
2008.06.17 19:42:42.130,1.55103,1.55123,2.40,6.40
2008.06.17 19:42:42.382,1.55102,1.55117,2.40,11.40
2008.06.17 19:42:42.501,1.55102,1.55112,2.40,2.40
2008.06.17 19:42:42.622,1.55101,1.55111,2.40,2.70
2008.06.17 19:42:42.746,1.55101,1.55111,6.00,3.10
2008.06.17 19:42:42.866,1.55105,1.5511,6.60,8.40
2008.06.17 19:42:42.990,1.55106,1.55111,10.20,12.00
2008.06.17 19:42:43.110,1.55105,1.55115,6.00,6.00
2008.06.17 19:42:48.025,1.55107,1.55117,3.24,5.50
2008.06.17 19:42:50.726,1.55104,1.55119,1.00,7.90
2008.06.17 19:42:50.895,1.55102,1.55118,2.40,1.60
2008.06.17 19:43:04.046,1.55112,1.55132,3.00,2.40
2008.06.17 19:43:06.647,1.55116,1.55136,3.00,2.40
2008.06.17 19:43:21.319,1.55123,1.55148,10.50,1.00
2008.06.17 19:43:21.542,1.55132,1.55157,16.20,2.40
2008.06.17 19:43:22.277,1.55138,1.55158,2.40,4.50
2008.06.17 19:43:22.790,1.55131,1.55151,4.80,7.20
2008.06.17 19:43:23.082,1.55124,1.55138,5.40,11.70
2008.06.17 19:43:23.374,1.55113,1.55129,2.40,2.40
2008.06.17 19:43:23.588,1.55107,1.55113,3.60,13.30
2008.06.17 19:43:29.314,1.55091,1.55106,8.40,3.30
2008.06.17 19:43:29.458,1.55083,1.55093,4.80,11.20
2008.06.17 19:43:29.889,1.55077,1.55093,2.40,2.40
2008.06.17 19:43:30.036,1.55087,1.55103,4.80,9.00
2008.06.17 19:43:37.311,1.55095,1.55115,23.40,13.80
2008.06.17 19:43:41.246,1.55102,1.55122,16.80,4.80
2008.06.17 19:43:43.245,1.55106,1.55126,5.40,6.60
2008.06.17 19:43:43.570,1.5511,1.5513,8.40,3.00
2008.06.17 19:43:43.666,1.55113,1.55128,9.00,4.80
2008.06.17 19:43:44.272,1.55111,1.55131,22.20,2.40
2008.06.17 19:43:52.670,1.55113,1.55127,2.40,4.80
2008.06.17 19:44:02.497,1.55121,1.55131,9.00,1.20
2008.06.17 19:44:02.880,1.55114,1.55129,1.00,12.40
2008.06.17 19:44:04.242,1.5511,1.5512,2.40,1.80
2008.06.17 19:44:05.454,1.55104,1.55114,8.40,6.00
2008.06.17 19:44:19.612,1.55103,1.55118,8.40,4.80
2008.06.17 19:44:19.953,1.55113,1.55127,8.40,6.00
2008.06.17 19:44:20.074,1.55122,1.55142,10.20,4.80
2008.06.17 19:44:20.194,1.55127,1.55147,7.20,4.80
2008.06.17 19:44:25.493,1.55129,1.55139,7.20,3.00
2008.06.17 19:44:29.270,1.55121,1.55141,7.80,9.00
2008.06.17 19:44:36.515,1.55116,1.55136,18.60,1.90
2008.06.17 19:44:38.117,1.55114,1.55134,1.80,4.80
2008.06.17 19:44:40.877,1.55113,1.55133,4.80,7.20
2008.06.17 19:44:45.891,1.55114,1.55124,6.00,8.20
2008.06.17 19:44:46.136,1.55109,1.55119,4.80,1.00
2008.06.17 19:44:48.111,1.55102,1.55122,4.80,8.10
2008.06.17 19:45:10.164,1.55101,1.55121,2.40,3.90
2008.06.17 19:45:10.874,1.55102,1.55122,3.00,11.40
2008.06.17 19:45:11.054,1.55104,1.55124,10.20,9.60
2008.06.17 19:45:11.805,1.55104,1.55124,9.00,3.60
2008.06.17 19:45:11.949,1.55105,1.5512,3.00,4.80
2008.06.17 19:45:12.093,1.55112,1.55117,13.80,5.40
2008.06.17 19:45:12.234,1.55108,1.55123,6.00,7.20
2008.06.17 19:45:12.378,1.55114,1.55119,2.40,2.40
2008.06.17 19:45:12.533,1.55116,1.55121,5.70,2.40
2008.06.17 19:45:12.614,1.55117,1.55122,7.80,4.80
2008.06.17 19:45:12.849,1.55123,1.55128,7.20,7.80
2008.06.17 19:45:15.254,1.55127,1.55137,4.80,10.30
2008.06.17 19:45:15.381,1.55134,1.55144,2.40,1.00
2008.06.17 19:45:15.505,1.55132,1.55147,6.00,8.40
2008.06.17 19:45:15.990,1.55124,1.55139,25.40,0.50
2008.06.17 19:45:16.364,1.55114,1.55134,17.20,8.80
2008.06.17 19:45:19.525,1.55108,1.55128,5.40,12.30
2008.06.17 19:45:19.725,1.55104,1.55124,3.00,3.00
2008.06.17 19:45:19.912,1.55105,1.55125,2.40,3.00
2008.06.17 19:45:20.100,1.55111,1.55121,10.80,32.10
2008.06.17 19:45:20.985,1.55114,1.55124,12.60,4.80
2008.06.17 19:45:21.220,1.55115,1.5513,7.20,1.00
2008.06.17 19:45:21.258,1.55114,1.55134,2.40,12.70
2008.06.17 19:45:21.337,1.55115,1.55135,7.20,15.70
2008.06.17 19:45:21.412,1.55115,1.55135,2.40,2.40
2008.06.17 19:45:21.453,1.55117,1.55137,5.40,6.00
2008.06.17 19:45:21.756,1.55115,1.55135,7.80,10.90
2008.06.17 19:45:21.953,1.55115,1.55135,6.00,9.40
2008.06.17 19:45:24.345,1.55115,1.55135,3.60,3.00
2008.06.17 19:45:24.490,1.55116,1.55136,14.20,14.40
2008.06.17 19:45:24.773,1.55118,1.55138,7.80,4.80
2008.06.17 19:45:24.917,1.55119,1.55139,10.20,10.00
2008.06.17 19:45:25.103,1.55122,1.55136,6.60,2.40
2008.06.17 19:45:25.246,1.55119,1.55134,3.00,11.80
2008.06.17 19:45:49.565,1.5511,1.55135,8.40,1.00
2008.06.17 19:45:53.569,1.55106,1.55126,7.20,2.40
2008.06.17 19:45:54.085,1.55101,1.55117,7.20,2.40
2008.06.17 19:45:54.629,1.55096,1.55106,2.40,2.40
2008.06.17 19:45:54.916,1.55094,1.55108,9.00,5.40
2008.06.17 19:45:55.204,1.55099,1.55119,9.20,4.80
2008.06.17 19:45:55.508,1.55103,1.55128,1.00,8.40
2008.06.17 19:45:55.600,1.55107,1.55137,4.80,1.00
2008.06.17 19:45:55.649,1.55114,1.55134,2.40,33.00
2008.06.17 19:45:55.785,1.55112,1.55137,7.20,4.80
2008.06.17 19:45:55.833,1.55109,1.55134,4.80,4.00
2008.06.17 19:45:55.881,1.5511,1.55125,2.40,5.20
2008.06.17 19:45:55.929,1.55104,1.55124,1.20,10.20
2008.06.17 19:45:55.977,1.55104,1.55124,17.10,1.90
2008.06.17 19:45:56.069,1.55104,1.55124,12.60,7.20
2008.06.17 19:45:56.248,1.55107,1.55122,3.00,13.30
2008.06.17 19:45:56.341,1.55108,1.55118,1.00,24.00
2008.06.17 19:45:56.431,1.55103,1.55113,10.20,4.80
2008.06.17 19:45:56.568,1.551,1.5511,22.80,3.60
2008.06.17 19:46:04.161,1.5509,1.5511,1.80,2.40
2008.06.17 19:46:04.498,1.55094,1.55104,4.80,6.00
2008.06.17 19:46:06.145,1.55089,1.55104,6.00,2.50
2008.06.17 19:46:08.719,1.55089,1.55099,4.80,8.10
2008.06.17 19:46:09.783,1.55088,1.55098,15.00,4.80
2008.06.17 19:46:10.090,1.55082,1.55102,2.40,1.00
2008.06.17 19:46:10.167,1.55082,1.55102,20.50,9.00
2008.06.17 19:46:10.515,1.55084,1.55104,3.00,6.00
2008.06.17 19:46:10.747,1.55088,1.55103,6.00,7.80
2008.06.17 19:46:10.903,1.5509,1.55105,9.60,1.00
2008.06.17 19:46:13.896,1.55091,1.55106,1.20,10.20
2008.06.17 19:46:14.563,1.55096,1.55111,7.20,3.00
2008.06.17 19:46:14.787,1.55104,1.5512,4.80,16.80
2008.06.17 19:46:21.022,1.55113,1.55133,17.40,2.40
2008.06.17 19:46:21.163,1.55117,1.55137,3.00,31.20
2008.06.17 19:46:21.303,1.55114,1.55129,13.80,2.40
2008.06.17 19:46:21.443,1.55112,1.55116,7.20,4.80
2008.06.17 19:46:21.583,1.551,1.55115,15.60,7.80
2008.06.17 19:46:21.707,1.55099,1.55109,12.60,4.80
2008.06.17 19:46:21.831,1.55097,1.55101,10.20,3.00
2008.06.17 19:46:25.347,1.55088,1.55103,1.80,2.40
2008.06.17 19:46:25.583,1.55087,1.55102,17.40,3.60
2008.06.17 19:46:25.701,1.55088,1.55103,2.40,11.70
2008.06.17 19:46:26.170,1.55093,1.55108,1.20,2.70
2008.06.17 19:46:28.506,1.55095,1.55115,21.60,15.60
2008.06.17 19:46:30.327,1.55098,1.55118,7.80,6.40
2008.06.17 19:46:30.561,1.55101,1.55121,6.60,3.00
2008.06.17 19:46:30.799,1.55102,1.55122,6.00,8.40
2008.06.17 19:46:30.995,1.55101,1.55121,6.00,4.20
2008.06.17 19:46:31.178,1.55096,1.55121,6.00,1.80
2008.06.17 19:46:31.361,1.55095,1.55115,10.20,4.80
2008.06.17 19:46:31.547,1.55095,1.5511,5.40,6.60
2008.06.17 19:46:31.731,1.55094,1.55109,7.80,9.00
2008.06.17 19:46:31.914,1.5509,1.55115,10.20,1.80
2008.06.17 19:46:32.254,1.55096,1.55112,1.00,4.80
2008.06.17 19:46:32.594,1.55093,1.55113,7.20,2.40
2008.06.17 19:46:32.987,1.55089,1.55114,9.00,8.50
2008.06.17 19:46:33.199,1.55088,1.55103,10.20,13.80
2008.06.17 19:46:33.255,1.55078,1.55098,7.20,4.80
2008.06.17 19:46:33.363,1.55071,1.55091,2.40,1.00
2008.06.17 19:46:33.417,1.55068,1.55088,4.80,13.30
2008.06.17 19:46:33.475,1.55074,1.55094,4.80,11.70
2008.06.17 19:46:33.531,1.5508,1.551,7.20,4.80
2008.06.17 19:46:33.639,1.55085,1.55105,4.80,1.00
2008.06.17 19:46:33.692,1.5509,1.5511,14.40,13.80
2008.06.17 19:46:34.606,1.55092,1.55117,26.80,10.00
2008.06.17 19:46:34.722,1.55097,1.55122,5.40,10.60
2008.06.17 19:46:34.838,1.551,1.55125,2.40,3.30
2008.06.17 19:46:34.951,1.55101,1.55126,4.80,3.00
2008.06.17 19:46:35.036,1.55103,1.55128,23.40,4.20
2008.06.17 19:46:35.832,1.55102,1.55127,7.80,4.80
2008.06.17 19:46:48.896,1.55106,1.55126,10.80,1.00
2008.06.17 19:46:56.739,1.55108,1.55128,9.00,1.00
2008.06.17 19:46:57.007,1.5511,1.5513,3.00,2.40
2008.06.17 19:47:02.358,1.55089,1.55115,7.20,22.00
2008.06.17 19:47:11.166,1.55091,1.55115,2.50,2.40
2008.06.17 19:47:11.617,1.55095,1.5512,7.80,1.50
2008.06.17 19:47:11.698,1.551,1.55125,2.40,9.30
2008.06.17 19:47:11.776,1.55105,1.5513,12.00,9.30
2008.06.17 19:47:11.868,1.55113,1.55133,6.60,2.40
2008.06.17 19:47:11.887,1.55117,1.55137,2.40,9.00
2008.06.17 19:47:13.437,1.55123,1.55143,1.00,8.40
2008.06.17 19:47:13.625,1.55128,1.55148,1.20,7.20
2008.06.17 19:47:22.685,1.55134,1.55154,32.40,4.80
2008.06.17 19:47:22.806,1.55143,1.55158,4.80,9.60
2008.06.17 19:47:23.862,1.55141,1.55161,6.00,1.00
2008.06.17 19:47:24.106,1.55138,1.55154,3.00,3.30
2008.06.17 19:47:24.347,1.55131,1.55147,5.40,1.00
2008.06.17 19:47:24.592,1.55129,1.55139,8.40,2.40
2008.06.17 19:47:24.838,1.55125,1.55135,4.80,9.00
2008.06.17 19:47:25.114,1.55123,1.55133,4.80,6.70
2008.06.17 19:47:25.254,1.5512,1.55135,1.00,10.00
2008.06.17 19:47:25.394,1.55118,1.55134,9.00,8.40
2008.06.17 19:47:25.533,1.5512,1.55135,6.00,8.40
2008.06.17 19:47:25.809,1.55118,1.55138,1.00,7.90
2008.06.17 19:47:25.945,1.5512,1.55135,3.60,3.30
2008.06.17 19:47:28.682,1.55122,1.55132,5.40,4.80
2008.06.17 19:47:28.926,1.55121,1.55131,7.20,4.80
2008.06.17 19:47:29.141,1.5512,1.5513,3.00,3.00
2008.06.17 19:47:29.356,1.55115,1.5513,19.20,4.80
2008.06.17 19:47:29.574,1.55112,1.55122,9.00,6.00
2008.06.17 19:47:29.790,1.55102,1.55112,20.10,2.40
2008.06.17 19:47:30.006,1.55088,1.55103,2.40,5.00
2008.06.17 19:47:30.154,1.55081,1.55101,1.20,9.40
2008.06.17 19:47:30.302,1.55087,1.55101,6.40,6.60
2008.06.17 19:47:30.448,1.55096,1.55106,1.00,8.40
2008.06.17 19:47:30.596,1.55103,1.55113,10.20,10.80
2008.06.17 19:47:30.744,1.55107,1.55117,6.00,2.40
2008.06.17 19:47:43.080,1.55108,1.55118,2.40,6.60
2008.06.17 19:47:46.270,1.55107,1.55122,2.40,2.20
2008.06.17 19:47:46.368,1.55107,1.55122,7.20,4.80
2008.06.17 19:47:51.430,1.55106,1.55121,13.80,4.80
2008.06.17 19:47:51.794,1.55107,1.55122,2.40,9.00
2008.06.17 19:47:51.977,1.55108,1.55123,2.10,10.20
2008.06.17 19:47:52.106,1.5511,1.55125,2.40,4.60
2008.06.17 19:47:56.606,1.55109,1.55129,3.00,7.20
2008.06.17 19:47:56.913,1.55105,1.55135,1.20,7.20
2008.06.17 19:47:57.430,1.5511,1.5513,4.80,16.20
2008.06.17 19:48:01.914,1.55105,1.55131,7.20,4.80
2008.06.17 19:48:02.336,1.55106,1.55126,7.20,5.40
2008.06.17 19:48:02.724,1.55104,1.55124,2.40,5.40
2008.06.17 19:48:02.919,1.55103,1.55123,10.20,8.80
2008.06.17 19:48:03.116,1.55104,1.55119,13.80,3.00
2008.06.17 19:48:03.543,1.55104,1.55119,12.00,3.00
2008.06.17 19:48:03.760,1.55105,1.55115,2.40,6.00
2008.06.17 19:48:03.976,1.55105,1.55115,4.80,11.20
2008.06.17 19:48:04.432,1.55101,1.55116,4.80,6.10
2008.06.17 19:48:04.540,1.55102,1.55112,4.80,11.20
2008.06.17 19:48:04.648,1.55096,1.55116,4.80,1.00
2008.06.17 19:48:04.756,1.55095,1.55115,11.60,2.40
2008.06.17 19:48:05.643,1.55089,1.55119,4.80,5.40
2008.06.17 19:48:05.983,1.551,1.55105,2.40,6.00
2008.06.17 19:48:06.321,1.551,1.5511,3.00,4.80
2008.06.17 19:48:06.403,1.55102,1.55112,4.80,9.30
2008.06.17 19:48:06.484,1.55105,1.55115,1.00,14.50
2008.06.17 19:48:06.564,1.55109,1.55119,1.80,2.40
2008.06.17 19:48:06.720,1.55115,1.55125,4.80,7.20
2008.06.17 19:48:09.075,1.55117,1.55132,6.00,7.20
2008.06.17 19:48:24.954,1.55126,1.55136,2.40,8.40
2008.06.17 19:48:25.128,1.55124,1.55134,3.60,7.90
2008.06.17 19:48:26.790,1.55114,1.55128,3.60,15.10
2008.06.17 19:48:27.211,1.55104,1.55124,6.00,3.00
2008.06.17 19:48:27.479,1.55102,1.55116,10.80,8.40
2008.06.17 19:48:29.731,1.55103,1.55113,8.40,1.90
2008.06.17 19:48:29.895,1.55105,1.55115,6.60,2.40
2008.06.17 19:48:30.056,1.55106,1.55116,4.80,16.30
2008.06.17 19:48:31.588,1.55108,1.55118,16.20,2.60
2008.06.17 19:48:31.915,1.5511,1.5512,2.40,9.00
2008.06.17 19:48:32.120,1.55109,1.55119,2.40,4.80
2008.06.17 19:48:34.171,1.55107,1.55117,7.80,6.30
2008.06.17 19:48:34.436,1.55105,1.55115,10.60,4.80
2008.06.17 19:48:34.467,1.55104,1.55114,2.40,4.80
2008.06.17 19:48:42.179,1.55103,1.55113,3.00,11.10
2008.06.17 19:48:42.497,1.55102,1.55112,10.80,4.80
2008.06.17 19:48:42.818,1.55101,1.55111,2.40,20.50
2008.06.17 19:48:42.927,1.55095,1.55115,2.40,6.00
2008.06.17 19:48:43.137,1.55096,1.55111,4.80,13.70
2008.06.17 19:48:43.403,1.55096,1.55101,13.80,3.00
2008.06.17 19:48:45.857,1.55083,1.55097,6.00,2.40
2008.06.17 19:48:46.040,1.55074,1.55089,16.80,9.00
2008.06.17 19:48:46.205,1.55072,1.55088,4.80,7.80
2008.06.17 19:48:46.454,1.55076,1.55096,4.80,15.30
2008.06.17 19:48:46.572,1.55084,1.55104,6.60,4.80
2008.06.17 19:48:47.378,1.55091,1.55111,2.40,30.00
2008.06.17 19:48:48.579,1.55095,1.55115,15.00,3.00
2008.06.17 19:48:48.736,1.55095,1.55115,4.20,6.00
2008.06.17 19:48:50.599,1.55093,1.55118,12.00,3.00
2008.06.17 19:48:50.878,1.55092,1.55117,10.20,2.80
2008.06.17 19:48:51.066,1.55091,1.55116,7.80,6.00
2008.06.17 19:48:51.767,1.55092,1.55112,3.60,2.40
2008.06.17 19:48:52.034,1.55092,1.55112,4.80,5.60
2008.06.17 19:48:52.291,1.5509,1.55116,2.40,16.80
2008.06.17 19:48:52.544,1.55092,1.55117,7.80,7.20
2008.06.17 19:48:52.814,1.55093,1.55113,12.60,1.20
2008.06.17 19:48:53.650,1.55093,1.55113,6.00,6.00
2008.06.17 19:48:53.747,1.55094,1.55114,6.60,4.80
2008.06.17 19:48:54.032,1.55094,1.55114,14.60,2.40
2008.06.17 19:48:55.483,1.55094,1.55108,8.40,4.80
2008.06.17 19:48:55.632,1.55088,1.55113,9.00,11.10
2008.06.17 19:48:55.847,1.55087,1.55112,13.20,4.80
2008.06.17 19:48:56.599,1.55088,1.55108,9.00,7.20
2008.06.17 19:48:56.827,1.55091,1.55111,14.40,4.80
2008.06.17 19:48:57.055,1.55102,1.55107,2.40,4.80
2008.06.17 19:48:57.223,1.55103,1.55118,1.80,1.00
2008.06.17 19:48:57.391,1.55104,1.55124,17.20,7.20
2008.06.17 19:48:57.719,1.55107,1.55127,7.80,9.00
2008.06.17 19:49:01.179,1.55117,1.55137,4.20,14.40
2008.06.17 19:49:01.308,1.55113,1.55133,6.00,6.80
2008.06.17 19:49:02.376,1.55107,1.55132,2.40,9.30
2008.06.17 19:49:03.296,1.55108,1.55128,5.40,1.00
2008.06.17 19:49:03.763,1.55108,1.55128,2.40,4.20
2008.06.17 19:49:03.942,1.5511,1.5513,3.60,2.40
2008.06.17 19:49:04.122,1.55112,1.55127,12.60,2.40
2008.06.17 19:49:04.754,1.55111,1.55126,2.40,7.80
2008.06.17 19:49:04.891,1.5511,1.55125,3.00,8.80
2008.06.17 19:49:05.027,1.55106,1.55131,8.40,10.80
2008.06.17 19:49:05.426,1.55114,1.55128,5.50,2.40
2008.06.17 19:49:06.091,1.55113,1.55137,6.00,7.20
2008.06.17 19:49:06.415,1.55115,1.55141,3.00,6.00
2008.06.17 19:49:06.578,1.55123,1.55143,7.80,4.80
2008.06.17 19:49:06.855,1.55128,1.55148,8.40,8.40
2008.06.17 19:49:07.131,1.55134,1.55149,2.40,1.00
2008.06.17 19:49:07.407,1.55132,1.55152,15.60,6.00
2008.06.17 19:49:07.954,1.55126,1.55142,14.70,2.40
2008.06.17 19:49:08.223,1.5512,1.55136,8.40,8.40
2008.06.17 19:49:08.491,1.55113,1.55133,3.00,8.40
2008.06.17 19:49:08.760,1.5511,1.5513,1.20,9.60
2008.06.17 19:49:09.399,1.55105,1.5513,5.40,11.40
2008.06.17 19:49:09.496,1.55103,1.55128,3.00,2.40
2008.06.17 19:49:10.142,1.55104,1.55124,1.00,18.70
2008.06.17 19:49:11.435,1.55105,1.5512,2.40,8.40
2008.06.17 19:49:11.619,1.55104,1.55119,1.20,7.20
2008.06.17 19:49:11.987,1.55104,1.55114,4.80,8.10
2008.06.17 19:49:12.155,1.55105,1.5511,15.60,2.40
2008.06.17 19:49:12.323,1.55104,1.55109,6.00,11.40
2008.06.17 19:49:12.655,1.55102,1.55107,4.80,2.40
2008.06.17 19:49:12.821,1.55096,1.55101,2.40,2.50
2008.06.17 19:49:14.422,1.55084,1.55099,2.40,2.40
2008.06.17 19:49:14.571,1.55086,1.551,4.80,4.20
2008.06.17 19:49:14.875,1.55098,1.55108,6.00,4.80
2008.06.17 19:49:14.951,1.55107,1.55117,3.60,1.90
2008.06.17 19:49:15.170,1.55108,1.55128,3.00,3.00
2008.06.17 19:49:15.354,1.55112,1.55128,4.20,6.00
2008.06.17 19:49:15.524,1.55114,1.55129,57.40,1.80
2008.06.17 19:49:17.001,1.55114,1.55129,2.40,9.40
2008.06.17 19:49:19.571,1.55112,1.55132,2.40,1.80
2008.06.17 19:49:19.948,1.5511,1.5513,2.40,7.80
2008.06.17 19:49:21.447,1.55106,1.55126,4.80,3.60
2008.06.17 19:49:21.875,1.55101,1.55121,4.80,16.80
2008.06.17 19:49:22.435,1.55103,1.55118,8.40,9.00
2008.06.17 19:49:22.569,1.55105,1.5512,2.40,30.00
2008.06.17 19:49:22.705,1.55106,1.55126,4.80,1.80
2008.06.17 19:49:22.843,1.55114,1.55124,6.00,3.60
2008.06.17 19:49:22.979,1.55108,1.55133,8.40,1.00
2008.06.17 19:49:33.234,1.55112,1.55127,6.60,4.80
2008.06.17 19:49:35.270,1.55102,1.55132,9.60,11.70
2008.06.17 19:49:36.522,1.551,1.55125,6.00,6.00
2008.06.17 19:49:36.610,1.55099,1.55124,12.60,4.20
2008.06.17 19:49:36.782,1.551,1.5512,22.80,1.20
2008.06.17 19:49:50.779,1.55097,1.55123,2.40,4.80
2008.06.17 19:50:12.550,1.551,1.5512,9.00,2.40
2008.06.17 19:50:12.774,1.5511,1.5513,2.40,11.40
2008.06.17 19:50:12.810,1.5511,1.5513,14.40,1.00
2008.06.17 19:50:12.896,1.55092,1.55118,47.10,2.40
2008.06.17 19:50:12.919,1.55088,1.55108,16.60,4.80
2008.06.17 19:50:16.294,1.5509,1.5512,6.00,5.40
2008.06.17 19:50:34.348,1.55103,1.55128,2.40,2.40
2008.06.17 19:50:34.453,1.55111,1.55135,21.40,4.80
2008.06.17 19:51:08.515,1.55114,1.5514,6.00,8.10
2008.06.17 19:51:19.807,1.55114,1.55134,2.40,4.80
2008.06.17 19:51:20.028,1.55112,1.55132,7.20,4.80
2008.06.17 19:51:29.967,1.55112,1.55132,4.80,5.40
2008.06.17 19:51:30.395,1.55114,1.55134,11.40,7.20
2008.06.17 19:51:30.563,1.5512,1.55135,2.40,13.60
2008.06.17 19:51:30.757,1.55127,1.55137,13.50,4.80
2008.06.17 19:51:39.686,1.55131,1.55146,2.40,4.50
2008.06.17 19:51:39.891,1.5513,1.55144,7.80,6.30
2008.06.17 19:51:39.915,1.55114,1.55138,7.20,1.00
2008.06.17 19:51:39.997,1.55103,1.55128,7.80,13.40
2008.06.17 19:51:40.049,1.55099,1.55119,19.80,6.10
2008.06.17 19:51:41.973,1.55095,1.55115,6.60,1.90
2008.06.17 19:51:42.162,1.55091,1.55111,6.00,6.00
2008.06.17 19:51:42.328,1.55088,1.55108,2.40,2.40
2008.06.17 19:51:44.275,1.55084,1.55109,2.40,8.80
2008.06.17 19:51:44.683,1.55082,1.55107,1.00,2.40
2008.06.17 19:51:44.747,1.55077,1.55102,2.40,12.00
2008.06.17 19:51:44.781,1.55077,1.55097,9.60,10.80
2008.06.17 19:51:45.221,1.55077,1.55097,6.00,4.80
2008.06.17 19:51:45.336,1.55086,1.551,10.80,6.60
2008.06.17 19:51:45.442,1.55092,1.55108,7.20,2.70
2008.06.17 19:51:45.529,1.55097,1.55113,14.00,2.40
2008.06.17 19:51:47.719,1.55102,1.55117,3.00,4.20
2008.06.17 19:51:48.894,1.55105,1.5512,4.80,3.60
2008.06.17 19:51:49.229,1.55112,1.55122,5.40,9.60
2008.06.17 19:51:49.485,1.55113,1.55123,15.00,2.40
2008.06.17 19:51:49.742,1.55108,1.55128,1.80,2.40
2008.06.17 19:51:50.035,1.55104,1.55129,7.80,6.00
2008.06.17 19:51:50.073,1.55102,1.55122,16.20,1.00
2008.06.17 19:51:53.390,1.55096,1.55116,15.00,7.20
2008.06.17 19:51:53.535,1.55089,1.55109,5.40,14.40
2008.06.17 19:51:54.735,1.55085,1.55105,10.00,1.00
2008.06.17 19:52:16.294,1.55113,1.55137,9.60,1.80
2008.06.17 19:52:18.929,1.55108,1.55128,1.20,12.60
2008.06.17 19:52:19.050,1.55101,1.55126,10.80,6.60
2008.06.17 19:52:20.313,1.55099,1.55124,4.80,8.10
2008.06.17 19:52:20.471,1.55101,1.55121,15.60,3.00
2008.06.17 19:52:20.787,1.55103,1.55123,3.00,6.00
2008.06.17 19:52:20.950,1.55105,1.55125,16.20,9.00
2008.06.17 19:52:21.112,1.55111,1.55131,2.40,2.40
2008.06.17 19:52:30.520,1.55119,1.55139,4.80,2.40
2008.06.17 19:52:35.520,1.55125,1.55151,14.40,24.60
2008.06.17 19:52:35.821,1.55128,1.55152,7.20,4.80
2008.06.17 19:52:35.844,1.55123,1.55147,3.00,8.40
2008.06.17 19:52:35.980,1.55123,1.55133,11.40,8.40
2008.06.17 19:52:36.371,1.5511,1.55135,6.60,4.20
2008.06.17 19:52:39.641,1.55104,1.55134,12.00,4.80
2008.06.17 19:52:42.823,1.55115,1.55121,9.60,6.00
2008.06.17 19:52:43.500,1.55112,1.55122,1.20,2.40
2008.06.17 19:52:43.944,1.55111,1.55121,7.20,4.80
2008.06.17 19:52:44.396,1.55108,1.55118,4.20,11.40
2008.06.17 19:52:44.700,1.55099,1.55124,3.00,11.40
2008.06.17 19:52:47.483,1.55093,1.55118,2.40,1.00
2008.06.17 19:52:48.160,1.55089,1.55109,46.00,2.40
2008.06.17 19:52:48.796,1.5508,1.55104,6.60,17.50
2008.06.17 19:52:49.408,1.55077,1.55101,5.40,7.20
2008.06.17 19:52:50.396,1.55082,1.55107,25.20,4.80
2008.06.17 19:52:54.521,1.55093,1.55109,2.40,2.40
2008.06.17 19:52:54.729,1.55095,1.55115,2.40,3.00
2008.06.17 19:52:55.140,1.55099,1.55119,22.90,2.40
2008.06.17 19:52:55.360,1.55101,1.55125,6.00,1.00
2008.06.17 19:52:55.580,1.55102,1.55127,7.80,3.00
2008.06.17 19:52:55.800,1.55109,1.55124,2.40,12.70
2008.06.17 19:52:56.020,1.55111,1.55126,2.40,6.60
2008.06.17 19:52:56.240,1.55113,1.55128,19.20,4.80
2008.06.17 19:52:56.349,1.55115,1.55135,3.00,6.00
2008.06.17 19:52:56.456,1.5512,1.55135,1.00,4.80
2008.06.17 19:52:57.873,1.55121,1.55136,21.00,1.80
2008.06.17 19:52:58.187,1.55125,1.55135,2.40,1.00
2008.06.17 19:52:58.399,1.55126,1.55136,6.00,4.20
2008.06.17 19:52:58.605,1.55125,1.55135,23.40,8.40
2008.06.17 19:53:04.128,1.55104,1.55118,6.00,2.40
2008.06.17 19:53:06.971,1.55102,1.55122,4.80,10.30
2008.06.17 19:53:07.768,1.55108,1.55118,6.00,2.40
2008.06.17 19:53:10.521,1.55108,1.55118,18.60,6.60
2008.06.17 19:53:10.832,1.55106,1.55116,2.40,6.40
2008.06.17 19:53:10.937,1.55102,1.55117,21.00,14.40
2008.06.17 19:53:11.240,1.551,1.5512,5.40,7.20
2008.06.17 19:53:11.418,1.55104,1.55119,1.20,8.40
2008.06.17 19:53:16.669,1.55102,1.55122,7.80,3.00
2008.06.17 19:53:17.315,1.55104,1.55124,9.00,5.40
2008.06.17 19:53:17.532,1.55102,1.55122,6.00,8.80
2008.06.17 19:53:17.700,1.55101,1.55121,4.80,6.60
2008.06.17 19:53:18.137,1.55096,1.55121,11.40,2.40
2008.06.17 19:53:18.469,1.55095,1.5512,18.00,6.00
2008.06.17 19:53:18.785,1.55096,1.55121,7.20,9.00
2008.06.17 19:53:18.945,1.55101,1.55121,2.40,10.80
2008.06.17 19:53:19.105,1.55104,1.55129,1.00,2.40
2008.06.17 19:53:19.263,1.55118,1.55133,17.40,4.80
2008.06.17 19:53:19.412,1.5512,1.55135,3.60,7.90
2008.06.17 19:53:24.121,1.55111,1.55126,8.40,2.40
2008.06.17 19:53:24.940,1.55107,1.55117,7.20,5.40
2008.06.17 19:53:28.673,1.55097,1.55122,3.00,12.40
2008.06.17 19:53:29.249,1.55099,1.55119,2.40,9.90
2008.06.17 19:53:29.347,1.55101,1.55121,9.00,3.00
2008.06.17 19:53:29.448,1.5511,1.5512,3.00,8.40
2008.06.17 19:53:29.628,1.55112,1.55128,7.80,20.20
2008.06.17 19:53:29.808,1.55108,1.55133,10.80,30.10
2008.06.17 19:53:30.167,1.55108,1.55133,7.80,11.70
2008.06.17 19:53:30.349,1.55112,1.55126,6.00,4.90
2008.06.17 19:53:30.541,1.55106,1.55121,6.90,2.40
2008.06.17 19:53:31.880,1.55101,1.55116,1.80,6.40
2008.06.17 19:53:32.221,1.55102,1.55106,6.00,9.90
2008.06.17 19:53:32.677,1.55098,1.55108,6.00,2.40
2008.06.17 19:53:32.829,1.55097,1.55107,1.00,4.80
2008.06.17 19:53:32.966,1.55091,1.55111,2.40,5.40
2008.06.17 19:53:33.016,1.55089,1.55109,10.20,7.20
2008.06.17 19:53:33.038,1.55089,1.55109,21.00,4.20
2008.06.17 19:53:33.118,1.55091,1.55111,3.60,3.00
2008.06.17 19:53:33.182,1.55093,1.55113,2.40,4.80
2008.06.17 19:53:37.408,1.55095,1.5512,13.90,1.80
2008.06.17 19:53:37.719,1.55097,1.55122,4.80,7.80
2008.06.17 19:53:38.793,1.551,1.5512,13.20,4.80
2008.06.17 19:53:39.057,1.55098,1.55118,2.40,12.00
2008.06.17 19:53:39.225,1.55102,1.55112,9.00,10.20
2008.06.17 19:53:40.079,1.55095,1.5512,3.00,4.80
2008.06.17 19:53:40.438,1.55099,1.55124,7.80,13.20
2008.06.17 19:53:41.497,1.55107,1.55122,15.00,5.40
2008.06.17 19:53:41.597,1.55112,1.55127,17.40,13.20
2008.06.17 19:53:43.313,1.55107,1.55132,24.00,4.80
2008.06.17 19:53:43.461,1.55108,1.55133,9.00,1.00
2008.06.17 19:53:43.608,1.55111,1.55126,2.40,2.40
2008.06.17 19:53:43.757,1.5511,1.55125,4.80,9.60
2008.06.17 19:53:44.069,1.55102,1.55126,13.80,4.80
2008.06.17 19:53:44.179,1.55099,1.55125,4.80,4.80
2008.06.17 19:53:45.069,1.55105,1.5512,2.40,6.00
2008.06.17 19:53:47.320,1.55103,1.55128,14.75,7.20
2008.06.17 19:53:47.511,1.55109,1.55129,4.80,4.80
2008.06.17 19:53:47.607,1.55111,1.55131,10.20,2.40
2008.06.17 19:53:49.463,1.5511,1.55124,89.40,3.00
2008.06.17 19:53:50.361,1.55095,1.55121,12.60,5.40
2008.06.17 19:53:50.683,1.55085,1.55109,2.40,4.80
2008.06.17 19:53:50.981,1.55083,1.55099,19.80,2.40
2008.06.17 19:53:51.129,1.55084,1.55104,7.80,14.40
2008.06.17 19:53:51.277,1.55088,1.55108,18.20,1.00
2008.06.17 19:53:51.427,1.55091,1.55111,6.00,4.50
2008.06.17 19:53:52.727,1.55089,1.55115,4.20,2.40
2008.06.17 19:53:52.892,1.55091,1.55116,13.20,7.20
2008.06.17 19:53:53.188,1.55095,1.55115,3.30,10.20
2008.06.17 19:53:53.967,1.55094,1.55119,6.60,9.10
2008.06.17 19:53:54.276,1.55096,1.55116,5.40,1.20
2008.06.17 19:53:54.433,1.55099,1.55114,4.80,1.20
2008.06.17 19:53:54.747,1.55104,1.55114,7.80,9.00
2008.06.17 19:53:54.991,1.55106,1.55116,21.00,1.80
2008.06.17 19:53:55.061,1.55109,1.55114,6.60,2.40
2008.06.17 19:53:55.381,1.55107,1.55117,5.40,2.80
2008.06.17 19:53:55.701,1.55105,1.5512,7.20,9.10
2008.06.17 19:53:56.021,1.55109,1.55119,1.00,3.00
2008.06.17 19:53:56.227,1.55111,1.55121,16.80,2.40
2008.06.17 19:53:56.285,1.55113,1.55118,7.20,10.20
2008.06.17 19:53:56.431,1.55108,1.55123,11.40,4.20
2008.06.17 19:53:56.552,1.55113,1.55118,2.40,1.00
2008.06.17 19:53:56.817,1.55113,1.55118,10.80,7.20
2008.06.17 19:53:57.264,1.55107,1.55122,2.40,3.00
2008.06.17 19:53:57.461,1.55105,1.5512,1.00,2.40
2008.06.17 19:53:57.645,1.55104,1.5512,1.00,1.80
2008.06.17 19:54:16.909,1.55107,1.55123,3.00,2.40
2008.06.17 19:54:17.311,1.55117,1.55127,4.80,4.80
2008.06.17 19:54:17.397,1.55125,1.5513,15.60,1.60
2008.06.17 19:54:17.567,1.55126,1.5513,7.80,7.78
2008.06.17 19:54:17.652,1.55113,1.55123,10.20,13.20
2008.06.17 19:54:17.736,1.55104,1.55108,4.80,5.00
2008.06.17 19:54:17.818,1.5509,1.55096,7.80,3.00
2008.06.17 19:54:17.904,1.55079,1.55085,6.00,11.50
2008.06.17 19:54:17.991,1.55073,1.55083,6.00,7.80
2008.06.17 19:54:18.160,1.55074,1.55084,1.20,7.80
2008.06.17 19:54:34.677,1.55073,1.55089,7.20,12.00
2008.06.17 19:54:34.831,1.55074,1.55089,12.60,7.80
2008.06.17 19:54:39.798,1.55074,1.55089,26.40,13.50
2008.06.17 19:54:39.885,1.55073,1.55087,11.40,1.20
2008.06.17 19:55:00.612,1.55074,1.55094,1.20,2.40
2008.06.17 19:55:01.004,1.5508,1.551,11.40,5.40
2008.06.17 19:55:01.198,1.55088,1.55108,21.00,1.00
2008.06.17 19:55:01.395,1.55097,1.55112,3.00,4.80
2008.06.17 19:55:01.527,1.551,1.55115,11.40,4.00
2008.06.17 19:55:05.498,1.55104,1.55119,6.60,14.40
2008.06.17 19:55:05.719,1.55105,1.5512,7.20,3.00
2008.06.17 19:55:05.935,1.55106,1.55121,16.50,5.20
2008.06.17 19:55:06.206,1.55111,1.55127,9.00,5.40
2008.06.17 19:55:14.039,1.55114,1.55134,20.00,1.00
2008.06.17 19:55:14.281,1.55126,1.55136,4.80,4.80
2008.06.17 19:55:14.509,1.55124,1.55134,11.40,2.40
2008.06.17 19:55:14.930,1.55111,1.55131,38.40,13.20
2008.06.17 19:55:15.172,1.55106,1.55122,6.00,5.50
2008.06.17 19:55:15.232,1.55099,1.55119,7.20,7.40
2008.06.17 19:55:15.291,1.551,1.55114,7.20,3.00
2008.06.17 19:55:19.149,1.55098,1.55113,1.20,7.20
2008.06.17 19:55:19.460,1.55096,1.55111,2.40,16.90
2008.06.17 19:55:19.659,1.55091,1.55111,3.00,7.20
2008.06.17 19:55:21.507,1.55085,1.55105,21.00,2.40
2008.06.17 19:55:21.757,1.5508,1.55095,6.00,1.20
2008.06.17 19:55:21.897,1.55076,1.55086,7.80,8.40
2008.06.17 19:55:22.036,1.55073,1.55087,4.80,4.80
2008.06.17 19:55:22.316,1.55077,1.55093,7.20,5.40
2008.06.17 19:55:22.456,1.55085,1.55101,16.00,1.00
2008.06.17 19:55:22.596,1.5509,1.55106,10.80,8.40
2008.06.17 19:55:22.741,1.55097,1.55107,4.20,2.80
2008.06.17 19:55:22.769,1.55098,1.55108,13.20,6.00
2008.06.17 19:55:28.377,1.55096,1.55111,6.60,9.60
2008.06.17 19:55:28.526,1.55094,1.55109,2.40,10.80
2008.06.17 19:55:28.532,1.55093,1.55103,9.00,16.80
2008.06.17 19:55:28.568,1.55084,1.55104,1.80,3.00
2008.06.17 19:55:53.409,1.5508,1.551,2.40,2.90
2008.06.17 19:55:53.533,1.55076,1.55096,14.40,12.00
2008.06.17 19:55:53.561,1.55073,1.55093,6.00,4.80
2008.06.17 19:56:04.315,1.55106,1.55126,10.80,4.80
2008.06.17 19:56:04.624,1.55108,1.55113,6.00,3.90
2008.06.17 19:56:05.118,1.55102,1.55107,14.40,12.00
2008.06.17 19:56:05.278,1.55098,1.55103,6.00,2.40
2008.06.17 19:56:05.441,1.55092,1.55102,1.20,7.20
2008.06.17 19:56:05.602,1.55084,1.55104,4.80,1.00
2008.06.17 19:56:08.685,1.55084,1.55104,29.40,6.00
2008.06.17 19:56:09.020,1.55082,1.55102,4.80,4.80
2008.06.17 19:56:09.057,1.55085,1.55095,4.80,10.80
2008.06.17 19:56:09.172,1.55081,1.55096,6.60,3.90
2008.06.17 19:56:09.209,1.5508,1.55095,1.00,9.30
2008.06.17 19:56:14.657,1.55073,1.55099,6.60,3.00
2008.06.17 19:56:15.035,1.55075,1.55089,1.20,12.00
2008.06.17 19:56:23.484,1.55066,1.55091,7.20,4.20
2008.06.17 19:56:23.756,1.55063,1.55087,2.40,4.80
2008.06.17 19:56:25.268,1.55058,1.55083,7.20,2.40
2008.06.17 19:56:26.094,1.55054,1.55078,7.20,2.40
2008.06.17 19:56:26.229,1.55048,1.55068,6.60,15.60
2008.06.17 19:56:26.368,1.55042,1.55062,10.80,14.20
2008.06.17 19:56:26.505,1.55045,1.55061,10.80,3.00
2008.06.17 19:56:26.640,1.55054,1.55074,3.00,8.40
2008.06.17 19:56:26.846,1.55065,1.55085,5.40,7.80
2008.06.17 19:56:30.384,1.55071,1.55096,5.40,4.80
2008.06.17 19:56:30.921,1.55077,1.55102,7.80,4.90
2008.06.17 19:56:31.189,1.5508,1.55105,6.00,2.40
2008.06.17 19:56:31.458,1.5508,1.55105,6.60,2.40
2008.06.17 19:56:31.527,1.55082,1.55102,1.20,7.20
2008.06.17 19:56:31.667,1.55081,1.55101,4.80,12.00
2008.06.17 19:56:31.737,1.5508,1.55105,12.00,4.80
2008.06.17 19:56:33.706,1.55082,1.55107,7.50,7.80
2008.06.17 19:56:33.858,1.55084,1.55109,6.00,2.70
2008.06.17 19:56:34.085,1.55088,1.55113,9.00,4.80
2008.06.17 19:56:34.236,1.55095,1.55115,10.00,1.00
2008.06.17 19:56:34.534,1.55093,1.55119,12.60,7.20
2008.06.17 19:56:36.134,1.55095,1.5512,9.00,5.10
2008.06.17 19:56:36.377,1.55099,1.55124,3.60,5.40
2008.06.17 19:56:36.929,1.55105,1.5513,14.40,1.00
2008.06.17 19:56:37.208,1.55122,1.55138,6.00,2.40
2008.06.17 19:56:37.488,1.55131,1.55151,7.80,9.00
2008.06.17 19:56:37.638,1.55138,1.55154,2.40,1.00
2008.06.17 19:56:37.786,1.55128,1.55148,4.80,2.40
2008.06.17 19:56:37.931,1.55121,1.55136,4.80,4.80
2008.06.17 19:56:38.083,1.55112,1.55127,7.20,9.00
2008.06.17 19:56:38.625,1.55102,1.55122,2.40,11.40
2008.06.17 19:56:38.954,1.55099,1.55109,4.80,6.00
2008.06.17 19:56:39.277,1.55093,1.55103,10.80,2.40
2008.06.17 19:56:39.496,1.55084,1.55099,7.90,4.80
2008.06.17 19:56:39.709,1.5508,1.55095,7.80,8.70
2008.06.17 19:56:39.764,1.55076,1.55091,1.00,4.80
2008.06.17 19:56:40.325,1.5507,1.55095,6.00,6.00
2008.06.17 19:56:40.633,1.55072,1.55097,7.20,4.80
2008.06.17 19:56:40.942,1.55079,1.55099,2.40,13.20
2008.06.17 19:56:41.558,1.55082,1.55107,8.40,4.20
2008.06.17 19:56:41.829,1.5509,1.5511,2.40,12.00
2008.06.17 19:56:41.965,1.55103,1.55113,6.00,11.70
2008.06.17 19:56:42.102,1.55108,1.55124,1.00,12.70
2008.06.17 19:56:42.246,1.55116,1.55131,7.20,4.80
2008.06.17 19:56:58.490,1.55119,1.55133,6.00,8.40
2008.06.17 19:57:01.710,1.55122,1.55142,7.80,6.00
2008.06.17 19:57:02.546,1.55125,1.55145,6.00,19.80
2008.06.17 19:57:02.667,1.55129,1.55149,6.00,12.00
2008.06.17 19:57:02.726,1.55132,1.55152,2.40,1.20
2008.06.17 19:57:03.355,1.55132,1.55157,7.20,2.40
2008.06.17 19:57:03.590,1.55139,1.55159,4.80,3.60
2008.06.17 19:57:03.825,1.55139,1.55159,1.80,22.90
2008.06.17 19:57:04.287,1.55138,1.55163,7.20,2.40
2008.06.17 19:57:04.511,1.55139,1.55159,17.40,2.40
2008.06.17 19:57:04.735,1.55139,1.55159,14.40,17.60
2008.06.17 19:57:04.959,1.5514,1.55155,7.80,4.80
2008.06.17 19:57:05.151,1.5514,1.55155,1.00,6.10
2008.06.17 19:57:05.343,1.55142,1.55152,7.80,1.20
2008.06.17 19:57:09.005,1.55137,1.55157,5.40,7.20
2008.06.17 19:57:09.185,1.55135,1.55155,2.40,12.60
2008.06.17 19:57:09.363,1.55134,1.55154,8.40,17.50
2008.06.17 19:57:12.775,1.55132,1.55152,10.80,1.00
2008.06.17 19:57:13.349,1.55133,1.55153,1.20,6.70
2008.06.17 19:57:13.629,1.55135,1.55155,20.40,2.40
2008.06.17 19:57:13.910,1.55137,1.55152,9.60,4.80
2008.06.17 19:57:14.191,1.55136,1.5515,2.40,15.00
2008.06.17 19:57:14.471,1.55136,1.55156,4.80,9.20
2008.06.17 19:57:14.839,1.55136,1.55162,9.00,4.80
2008.06.17 19:57:15.023,1.55148,1.55168,7.80,7.80
2008.06.17 19:57:15.210,1.5516,1.55175,15.90,13.90
2008.06.17 19:57:15.692,1.55158,1.55178,18.30,2.40
2008.06.17 19:57:15.748,1.55153,1.55173,7.20,13.20
2008.06.17 19:57:15.804,1.55145,1.55165,9.60,1.80
2008.06.17 19:57:15.915,1.55142,1.55162,10.80,2.40
2008.06.17 19:57:19.384,1.55138,1.55163,6.00,7.20
2008.06.17 19:57:20.905,1.55139,1.55159,6.00,3.00
2008.06.17 19:57:21.268,1.55138,1.55158,2.40,4.60
2008.06.17 19:57:21.483,1.55133,1.55158,1.20,11.70
2008.06.17 19:57:21.697,1.55134,1.55154,2.40,2.50
2008.06.17 19:57:22.200,1.55131,1.55156,4.80,1.80
2008.06.17 19:57:22.276,1.55131,1.55156,4.80,5.60
2008.06.17 19:57:22.428,1.55135,1.55155,12.00,2.40
2008.06.17 19:57:22.721,1.55134,1.55154,12.00,2.40
2008.06.17 19:57:22.798,1.5513,1.5515,6.00,6.00
2008.06.17 19:57:22.875,1.55124,1.55139,24.00,9.00
2008.06.17 19:57:23.211,1.55116,1.55131,1.00,3.60
2008.06.17 19:57:24.580,1.55112,1.55126,7.20,10.20
2008.06.17 19:57:25.640,1.55117,1.55132,1.80,2.40
2008.06.17 19:57:25.795,1.55123,1.55138,22.90,16.20
2008.06.17 19:57:25.883,1.55125,1.55145,10.60,4.80
2008.06.17 19:57:25.927,1.55126,1.55146,6.90,3.00
2008.06.17 19:57:25.972,1.55128,1.55148,2.40,11.10
2008.06.17 19:57:42.199,1.55128,1.55148,7.80,2.40
2008.06.17 19:57:50.243,1.5513,1.5515,2.40,8.10
2008.06.17 19:57:50.483,1.55133,1.55153,2.40,1.80
2008.06.17 19:57:50.695,1.55142,1.55152,2.40,9.00
2008.06.17 19:57:52.765,1.55143,1.55158,7.20,4.80
2008.06.17 19:57:53.203,1.55147,1.55157,12.00,2.40
2008.06.17 19:57:53.687,1.55137,1.55162,14.40,9.70
2008.06.17 19:57:53.811,1.55136,1.55161,15.90,1.00
2008.06.17 19:57:54.086,1.55136,1.55151,3.60,7.50
2008.06.17 19:57:54.359,1.55136,1.55146,2.40,18.50
2008.06.17 19:57:54.632,1.55137,1.55142,4.20,2.80
2008.06.17 19:57:55.869,1.55126,1.55151,8.40,8.50
2008.06.17 19:57:56.258,1.55134,1.55144,3.60,3.00
2008.06.17 19:57:57.275,1.5513,1.55145,7.20,6.00
2008.06.17 19:57:57.407,1.5513,1.55145,4.80,12.60
2008.06.17 19:57:57.539,1.55136,1.55141,4.80,3.60
2008.06.17 19:57:57.671,1.55135,1.55145,4.80,11.10
2008.06.17 19:57:57.966,1.55135,1.5515,9.60,8.50
2008.06.17 19:57:58.131,1.55139,1.55154,2.40,14.10
2008.06.17 19:57:58.293,1.55147,1.55157,1.20,4.80
2008.06.17 19:57:58.458,1.55151,1.55161,4.80,8.40
2008.06.17 19:58:00.090,1.55144,1.55159,8.40,17.80
2008.06.17 19:58:00.127,1.55144,1.55159,19.30,7.20
2008.06.17 19:58:00.162,1.55145,1.5516,14.40,1.00
2008.06.17 19:58:00.200,1.55149,1.55159,6.30,1.80
2008.06.17 19:58:00.310,1.55145,1.55165,36.00,13.80
2008.06.17 19:58:00.416,1.55146,1.55166,8.40,1.20
2008.06.17 19:58:03.257,1.55146,1.55166,17.60,1.90
2008.06.17 19:58:03.593,1.55149,1.55159,4.80,12.00
2008.06.17 19:58:05.189,1.55145,1.5516,7.20,10.80
2008.06.17 19:58:05.437,1.55147,1.55153,7.20,4.80
2008.06.17 19:58:05.561,1.55146,1.55151,16.20,2.40
2008.06.17 19:58:07.109,1.55138,1.55153,3.00,4.60
2008.06.17 19:58:07.341,1.55137,1.55151,9.60,8.80
2008.06.17 19:58:07.458,1.55134,1.55149,7.50,15.90
2008.06.17 19:58:07.576,1.55129,1.55144,13.80,4.20
2008.06.17 19:58:07.913,1.55116,1.55141,3.60,8.40
2008.06.17 19:58:08.252,1.55111,1.55131,11.40,4.80
2008.06.17 19:58:08.589,1.55111,1.55126,2.40,18.30
2008.06.17 19:58:08.821,1.55114,1.55134,6.00,2.40
2008.06.17 19:58:09.053,1.55125,1.55135,3.00,6.00
2008.06.17 19:58:09.285,1.55132,1.55142,5.40,10.50
2008.06.17 19:58:09.520,1.55136,1.55146,2.40,3.60
2008.06.17 19:58:09.756,1.55135,1.5515,2.40,9.00
2008.06.17 19:58:10.045,1.55135,1.5515,4.80,2.40
2008.06.17 19:58:10.331,1.55132,1.55152,2.40,1.00
2008.06.17 19:58:10.629,1.5513,1.5515,7.80,10.20
2008.06.17 19:58:10.830,1.55127,1.55147,2.40,2.40
2008.06.17 19:58:11.039,1.55126,1.55146,6.00,1.00
2008.06.17 19:58:11.441,1.55123,1.55147,26.10,1.80
2008.06.17 19:58:11.640,1.55126,1.55146,2.40,12.60
2008.06.17 19:58:11.833,1.55129,1.55149,3.60,10.50
2008.06.17 19:58:12.025,1.55129,1.55154,3.00,3.28
2008.06.17 19:58:12.217,1.55135,1.55155,2.40,7.50
2008.06.17 19:58:12.409,1.55137,1.55157,5.40,6.00
2008.06.17 19:58:12.805,1.55131,1.55166,3.60,18.30
2008.06.17 19:58:13.037,1.55137,1.55157,3.00,2.40
2008.06.17 19:58:13.271,1.55131,1.55161,3.00,11.40
2008.06.17 19:58:13.504,1.55127,1.55157,2.40,2.40
2008.06.17 19:58:13.760,1.55125,1.5515,3.00,2.50
2008.06.17 19:58:14.098,1.55132,1.55138,2.40,12.10
2008.06.17 19:58:14.437,1.55126,1.55141,4.80,1.90
2008.06.17 19:58:14.777,1.55123,1.55143,7.80,8.40
2008.06.17 19:58:14.957,1.55117,1.55152,4.80,2.40
2008.06.17 19:58:15.140,1.55122,1.55152,6.60,5.40
2008.06.17 19:58:15.321,1.55121,1.55156,21.90,14.80
2008.06.17 19:58:15.501,1.55133,1.55148,6.00,7.80
2008.06.17 19:58:15.682,1.5514,1.5515,2.40,3.60
2008.06.17 19:58:15.868,1.55147,1.55157,2.40,3.60
2008.06.17 19:58:16.252,1.55153,1.55167,2.40,6.60
2008.06.17 19:58:16.377,1.55161,1.55176,5.40,2.40
2008.06.17 19:58:16.501,1.55165,1.5518,25.60,6.00
2008.06.17 19:58:16.626,1.55159,1.55179,4.80,4.80
2008.06.17 19:58:16.753,1.55158,1.55173,7.80,9.70
2008.06.17 19:58:16.880,1.55153,1.55168,2.40,3.00
2008.06.17 19:58:16.941,1.55148,1.55163,1.20,1.80
2008.06.17 19:58:17.747,1.55144,1.5516,5.40,11.40
2008.06.17 19:58:19.532,1.55143,1.55158,1.60,9.00
2008.06.17 19:58:25.790,1.55143,1.55158,16.80,3.00
2008.06.17 19:58:27.117,1.55143,1.55158,11.40,1.80
2008.06.17 19:58:27.181,1.55148,1.55158,10.20,13.80
2008.06.17 19:58:27.245,1.55149,1.55159,7.20,4.80
2008.06.17 19:58:27.397,1.55152,1.55162,4.20,2.80
2008.06.17 19:58:29.148,1.55151,1.55166,9.00,4.90
2008.06.17 19:58:29.853,1.55149,1.55165,3.00,8.40
2008.06.17 19:58:29.955,1.55146,1.55166,14.40,2.40
2008.06.17 19:58:41.835,1.55148,1.55158,7.20,7.20
2008.06.17 19:58:42.172,1.55144,1.55154,2.40,2.40
2008.06.17 19:58:42.258,1.55139,1.55149,8.40,2.40
2008.06.17 19:58:44.162,1.55135,1.5515,1.20,5.40
2008.06.17 19:58:45.227,1.55131,1.55151,13.80,27.60
2008.06.17 19:58:45.717,1.55133,1.55153,3.00,5.50
2008.06.17 19:58:45.789,1.55135,1.55155,3.00,10.20
2008.06.17 19:58:45.897,1.55138,1.55158,3.00,11.50
2008.06.17 19:58:45.933,1.55139,1.55159,13.80,3.00
2008.06.17 19:58:45.969,1.5514,1.5516,3.00,6.60
2008.06.17 19:58:46.109,1.5514,1.5516,6.60,2.40
2008.06.17 19:58:46.561,1.55144,1.55154,8.40,3.30
2008.06.17 19:58:47.059,1.55141,1.55156,2.40,18.40
2008.06.17 19:58:48.361,1.5514,1.55155,11.40,1.00
2008.06.17 19:58:50.152,1.55139,1.55155,3.60,2.40
2008.06.17 19:58:50.397,1.55143,1.55153,22.20,4.80
2008.06.17 19:58:54.314,1.55142,1.55158,6.00,2.40
2008.06.17 19:59:07.936,1.55142,1.55158,4.80,1.80
2008.06.17 19:59:08.680,1.55136,1.55162,1.00,7.80
2008.06.17 19:59:09.752,1.55141,1.55156,2.40,10.20
2008.06.17 19:59:09.999,1.55137,1.55157,10.20,4.80
2008.06.17 19:59:14.870,1.55141,1.55151,6.60,2.40
2008.06.17 19:59:15.047,1.55139,1.55149,6.90,7.20
2008.06.17 19:59:15.229,1.55137,1.55147,9.00,1.80
2008.06.17 19:59:15.284,1.55131,1.55141,6.00,10.80
2008.06.17 19:59:15.541,1.55123,1.55138,20.00,2.40
2008.06.17 19:59:20.150,1.55113,1.55133,25.00,5.40
2008.06.17 19:59:20.581,1.55105,1.5512,6.00,1.00
2008.06.17 19:59:20.701,1.55106,1.55111,7.80,9.00
2008.06.17 19:59:21.025,1.55109,1.55114,2.40,2.40
2008.06.17 19:59:21.227,1.55108,1.55123,4.80,7.20
2008.06.17 19:59:21.432,1.55112,1.55127,2.40,12.60
2008.06.17 19:59:21.842,1.55115,1.5513,6.00,3.70
2008.06.17 19:59:23.439,1.55115,1.5513,1.00,1.00
2008.06.17 19:59:32.587,1.55116,1.55132,6.00,8.40
2008.06.17 19:59:35.261,1.55122,1.55132,1.00,2.40
2008.06.17 19:59:36.055,1.55123,1.55133,1.80,7.20
2008.06.17 19:59:37.455,1.55117,1.55142,5.40,8.40
2008.06.17 19:59:38.037,1.55124,1.55144,7.20,2.50
2008.06.17 19:59:40.242,1.55127,1.55151,4.80,9.30
2008.06.17 19:59:41.021,1.5514,1.55155,4.80,2.40
2008.06.17 19:59:41.083,1.55153,1.55158,6.60,2.40
2008.06.17 19:59:41.270,1.55157,1.55163,2.40,4.80
2008.06.17 19:59:41.416,1.55147,1.55161,11.40,9.00
2008.06.17 19:59:46.311,1.55136,1.5516,2.40,10.80
2008.06.17 19:59:47.865,1.55138,1.55148,10.80,8.40
2008.06.17 19:59:48.204,1.55136,1.55146,9.20,2.40
2008.06.17 19:59:48.541,1.55133,1.55148,4.80,1.20
2008.06.17 19:59:48.661,1.55132,1.55147,2.40,4.80
2008.06.17 19:59:49.789,1.55133,1.55148,10.80,3.00
2008.06.17 19:59:51.337,1.55126,1.55152,6.00,1.00
2008.06.17 19:59:51.612,1.55125,1.5515,3.60,2.40
2008.06.17 19:59:51.703,1.55124,1.55149,4.80,13.20
2008.06.17 19:59:54.677,1.55123,1.55147,3.00,1.00
2008.06.17 19:59:55.063,1.55124,1.55144,8.40,1.80
2008.06.17 19:59:55.257,1.55122,1.55142,8.40,1.00
2008.06.17 19:59:55.452,1.55123,1.55138,10.20,4.80
2008.06.17 19:59:55.506,1.5512,1.5514,10.80,12.60
2008.06.17 19:59:57.545,1.55122,1.55142,6.00,3.60
2008.06.17 19:59:58.124,1.55121,1.55145,1.00,8.80
2008.06.17 19:59:58.368,1.55126,1.55146,32.40,3.00
2008.06.17 19:59:58.612,1.55133,1.55143,3.00,7.20
