2011.08.10 07:00:00.096,1.43508,1.43517,3.75,4.13
2011.08.10 07:00:00.323,1.43509,1.43519,4.35,1.50
2011.08.10 07:00:00.888,1.43508,1.43516,4.13,1.50
2011.08.10 07:00:01.247,1.43498,1.43507,5.03,1.50
2011.08.10 07:00:01.857,1.43503,1.43507,3.38,4.50
2011.08.10 07:00:02.077,1.43495,1.43505,4.13,1.73
2011.08.10 07:00:02.643,1.43495,1.43505,3.98,1.73
2011.08.10 07:00:03.205,1.435,1.43509,3.68,5.50
2011.08.10 07:00:03.554,1.43502,1.43509,3.68,4.50
2011.08.10 07:00:04.137,1.435,1.43509,7.35,4.50
2011.08.10 07:00:04.376,1.43498,1.43506,3.68,2.88
2011.08.10 07:00:04.496,1.43494,1.43502,4.88,1.35
2011.08.10 07:00:04.729,1.43504,1.4351,1.35,4.15
2011.08.10 07:00:04.968,1.43509,1.43518,3.60,3.75
2011.08.10 07:00:05.087,1.43514,1.4352,2.10,1.05
2011.08.10 07:00:05.313,1.43513,1.43521,2.10,1.43
2011.08.10 07:00:05.434,1.43514,1.43522,3.68,4.50
2011.08.10 07:00:05.894,1.4351,1.4352,1.95,4.50
2011.08.10 07:00:06.012,1.43509,1.4352,6.37,4.50
2011.08.10 07:00:06.816,1.43508,1.43518,5.40,1.13
2011.08.10 07:00:06.941,1.43508,1.43517,1.73,4.50
2011.08.10 07:00:07.176,1.43508,1.43517,2.03,1.13
2011.08.10 07:00:07.294,1.43507,1.43517,3.68,1.13
2011.08.10 07:00:07.525,1.43504,1.43514,6.90,1.13
2011.08.10 07:00:08.086,1.43503,1.43513,3.83,1.13
2011.08.10 07:00:08.656,1.43506,1.43516,3.68,2.04
2011.08.10 07:00:09.569,1.43508,1.43518,3.98,1.13
2011.08.10 07:00:09.916,1.43506,1.43517,6.98,1.13
2011.08.10 07:00:11.354,1.43508,1.43518,3.98,1.13
2011.08.10 07:00:12.126,1.43513,1.4352,1.50,1.13
2011.08.10 07:00:12.690,1.43512,1.4352,3.98,1.50
2011.08.10 07:00:13.037,1.43515,1.43522,4.05,3.75
2011.08.10 07:00:13.156,1.43516,1.43524,1.80,6.00
2011.08.10 07:00:13.504,1.43519,1.43526,4.73,1.50
2011.08.10 07:00:13.734,1.43521,1.4353,1.05,2.18
2011.08.10 07:00:13.853,1.43523,1.4353,4.43,1.05
2011.08.10 07:00:14.194,1.43524,1.43531,1.35,1.50
2011.08.10 07:00:14.316,1.43525,1.43532,1.05,2.25
2011.08.10 07:00:14.857,1.43526,1.43534,5.55,1.21
2011.08.10 07:00:15.117,1.43528,1.43535,4.13,1.43
2011.08.10 07:00:15.455,1.43528,1.43538,4.73,3.00
2011.08.10 07:00:16.033,1.4353,1.43539,4.13,1.50
2011.08.10 07:00:16.372,1.43531,1.43541,3.38,1.88
2011.08.10 07:00:17.023,1.43533,1.43543,4.13,1.50
2011.08.10 07:00:17.152,1.43533,1.43546,2.55,1.50
2011.08.10 07:00:17.384,1.43535,1.43546,2.55,2.85
2011.08.10 07:00:17.504,1.43537,1.43547,1.50,1.50
2011.08.10 07:00:17.625,1.43538,1.43548,2.25,3.00
2011.08.10 07:00:17.745,1.43541,1.43548,2.25,4.05
2011.08.10 07:00:17.864,1.43543,1.43549,1.50,1.05
2011.08.10 07:00:18.105,1.43542,1.43553,5.18,1.05
2011.08.10 07:00:18.226,1.43545,1.43552,7.43,1.05
2011.08.10 07:00:18.349,1.43545,1.43555,2.10,1.50
2011.08.10 07:00:19.374,1.43549,1.43554,3.68,2.10
2011.08.10 07:00:19.502,1.43548,1.43558,2.10,1.66
2011.08.10 07:00:19.627,1.4355,1.43559,1.50,1.13
2011.08.10 07:00:19.744,1.43554,1.43558,1.05,3.75
2011.08.10 07:00:20.083,1.43552,1.43562,1.05,5.13
2011.08.10 07:00:20.541,1.43554,1.43562,4.35,1.35
2011.08.10 07:00:21.696,1.43557,1.43561,3.75,1.53
2011.08.10 07:00:21.822,1.43556,1.43565,2.63,2.40
2011.08.10 07:00:21.941,1.43557,1.43566,1.88,2.13
2011.08.10 07:00:22.064,1.43557,1.43568,1.50,2.58
2011.08.10 07:00:22.621,1.43557,1.43571,1.88,1.23
2011.08.10 07:00:23.318,1.4356,1.43571,6.00,1.13
2011.08.10 07:00:23.674,1.43561,1.43573,4.35,2.78
2011.08.10 07:00:24.133,1.43563,1.43574,1.50,2.70
2011.08.10 07:00:24.365,1.43565,1.43575,4.50,4.95
2011.08.10 07:00:24.484,1.43566,1.43577,1.35,6.93
2011.08.10 07:00:24.607,1.43568,1.43577,1.35,1.35
2011.08.10 07:00:24.728,1.43569,1.43579,1.20,4.50
2011.08.10 07:00:24.842,1.4357,1.43581,1.95,3.78
2011.08.10 07:00:25.075,1.43572,1.43582,2.40,4.53
2011.08.10 07:00:25.416,1.43576,1.4358,1.35,3.38
2011.08.10 07:00:25.532,1.43575,1.43584,1.35,7.98
2011.08.10 07:00:26.312,1.43575,1.43586,7.05,1.38
2011.08.10 07:00:26.668,1.43578,1.43586,1.05,1.35
2011.08.10 07:00:26.786,1.4358,1.43587,1.28,1.95
2011.08.10 07:00:27.121,1.4358,1.43589,1.35,1.35
2011.08.10 07:00:27.241,1.43581,1.4359,2.10,1.35
2011.08.10 07:00:27.597,1.43584,1.4359,3.75,1.20
2011.08.10 07:00:27.934,1.43584,1.43593,4.43,1.73
2011.08.10 07:00:28.052,1.43594,1.43603,8.25,1.73
2011.08.10 07:00:28.172,1.43596,1.43602,3.75,1.35
2011.08.10 07:00:28.294,1.43592,1.43601,1.58,1.05
2011.08.10 07:00:29.147,1.43589,1.43596,1.35,3.98
2011.08.10 07:00:29.265,1.4359,1.43598,1.50,5.33
2011.08.10 07:00:29.497,1.43588,1.43598,2.85,5.03
2011.08.10 07:00:30.051,1.43588,1.43598,4.73,1.68
2011.08.10 07:00:30.282,1.43586,1.43595,4.73,2.13
2011.08.10 07:00:30.405,1.43586,1.43594,4.13,1.98
2011.08.10 07:00:30.855,1.43587,1.43593,4.95,3.68
2011.08.10 07:00:30.975,1.43588,1.43596,2.48,1.05
2011.08.10 07:00:31.647,1.43591,1.436,1.50,2.63
2011.08.10 07:00:31.878,1.43591,1.43598,1.35,2.73
2011.08.10 07:00:32.226,1.43586,1.43596,5.48,1.06
2011.08.10 07:00:32.706,1.43587,1.43595,4.13,2.13
2011.08.10 07:00:33.045,1.43585,1.43592,3.75,1.23
2011.08.10 07:00:33.164,1.43581,1.43591,1.20,1.53
2011.08.10 07:00:33.862,1.43578,1.43587,2.40,3.10
2011.08.10 07:00:33.992,1.43576,1.43586,5.48,1.60
2011.08.10 07:00:34.111,1.43576,1.43585,5.48,2.88
2011.08.10 07:00:34.454,1.43578,1.43585,3.75,3.63
2011.08.10 07:00:34.808,1.43577,1.43583,1.05,1.35
2011.08.10 07:00:35.164,1.43574,1.43584,1.73,3.33
2011.08.10 07:00:35.502,1.43573,1.43583,1.88,1.83
2011.08.10 07:00:36.312,1.43572,1.43581,1.13,5.20
2011.08.10 07:00:36.441,1.4357,1.4358,1.35,3.25
2011.08.10 07:00:37.005,1.4356,1.43569,1.13,1.23
2011.08.10 07:00:37.676,1.4356,1.4357,4.92,4.05
2011.08.10 07:00:38.029,1.43558,1.43566,4.14,1.95
2011.08.10 07:00:38.254,1.43556,1.43565,6.23,2.50
2011.08.10 07:00:38.773,1.43556,1.43566,7.73,5.33
2011.08.10 07:00:38.912,1.4356,1.43569,1.13,1.60
2011.08.10 07:00:39.367,1.4356,1.4357,4.88,5.70
2011.08.10 07:00:39.701,1.43561,1.43569,3.75,1.23
2011.08.10 07:00:39.934,1.43561,1.43569,4.13,1.95
2011.08.10 07:00:40.056,1.43559,1.43568,4.35,4.60
2011.08.10 07:00:40.176,1.43558,1.43568,1.73,4.98
2011.08.10 07:00:41.207,1.43563,1.43568,2.10,4.35
2011.08.10 07:00:41.329,1.43563,1.43571,4.13,1.35
2011.08.10 07:00:41.445,1.4356,1.43564,4.13,2.70
2011.08.10 07:00:41.795,1.43554,1.4356,10.88,1.50
2011.08.10 07:00:42.025,1.43554,1.43563,4.88,1.20
2011.08.10 07:00:42.145,1.43554,1.43564,5.49,2.33
2011.08.10 07:00:42.263,1.43556,1.43564,1.14,2.10
2011.08.10 07:00:42.382,1.43556,1.43564,1.13,2.10
2011.08.10 07:00:42.612,1.43555,1.43564,1.35,5.48
2011.08.10 07:00:43.172,1.43556,1.43564,1.13,1.73
2011.08.10 07:00:43.993,1.43555,1.43565,5.48,3.25
2011.08.10 07:00:44.121,1.43557,1.43566,1.13,1.98
2011.08.10 07:00:44.578,1.43564,1.4357,1.50,1.35
2011.08.10 07:00:44.702,1.4357,1.43575,2.10,4.73
2011.08.10 07:00:44.825,1.43574,1.43579,1.50,1.88
2011.08.10 07:00:44.947,1.4358,1.43587,1.13,2.88
2011.08.10 07:00:45.064,1.43582,1.43586,1.13,3.75
2011.08.10 07:00:45.185,1.43582,1.4359,1.88,1.13
2011.08.10 07:00:45.527,1.43582,1.4359,4.50,5.33
2011.08.10 07:00:46.232,1.43581,1.43585,1.13,1.50
2011.08.10 07:00:46.362,1.43579,1.43588,5.63,1.83
2011.08.10 07:00:46.702,1.43579,1.43588,5.63,1.23
2011.08.10 07:00:46.932,1.43579,1.43585,1.13,2.13
2011.08.10 07:00:47.164,1.43577,1.43585,1.80,2.48
2011.08.10 07:00:47.723,1.43575,1.4358,1.50,1.50
2011.08.10 07:00:47.955,1.43573,1.4358,1.80,2.25
2011.08.10 07:00:48.182,1.43571,1.43575,7.13,1.50
2011.08.10 07:00:48.306,1.43569,1.43575,4.88,1.53
2011.08.10 07:00:48.424,1.43569,1.43575,1.50,2.65
2011.08.10 07:00:49.041,1.43568,1.43578,1.13,1.75
2011.08.10 07:00:49.600,1.43568,1.43575,1.13,1.50
2011.08.10 07:00:49.943,1.43569,1.43578,1.13,1.75
2011.08.10 07:00:50.290,1.43568,1.43577,1.50,4.13
2011.08.10 07:00:50.742,1.43568,1.43578,5.63,1.13
2011.08.10 07:00:51.880,1.43568,1.43576,1.35,4.13
2011.08.10 07:00:52.225,1.43566,1.43573,1.50,1.13
2011.08.10 07:00:52.344,1.43563,1.43572,2.78,1.15
2011.08.10 07:00:53.452,1.43563,1.43572,1.73,1.13
2011.08.10 07:00:54.342,1.43563,1.43571,1.50,4.13
2011.08.10 07:00:55.130,1.43558,1.43566,4.65,1.13
2011.08.10 07:00:55.705,1.43558,1.43565,2.85,1.88
2011.08.10 07:00:55.932,1.43559,1.43568,1.73,3.03
2011.08.10 07:00:56.161,1.43559,1.43565,2.48,1.50
2011.08.10 07:00:56.727,1.43557,1.43565,4.88,2.25
2011.08.10 07:00:56.843,1.43557,1.43565,1.13,2.65
2011.08.10 07:00:57.621,1.43554,1.43563,2.78,1.13
2011.08.10 07:00:58.208,1.43554,1.43563,2.48,1.15
2011.08.10 07:00:58.557,1.43553,1.43561,5.18,1.50
2011.08.10 07:00:58.675,1.43553,1.4356,1.05,1.13
2011.08.10 07:00:59.230,1.43551,1.4356,1.13,1.88
2011.08.10 07:01:00.121,1.43551,1.43558,2.10,1.13
2011.08.10 07:01:00.242,1.43549,1.43557,2.85,1.13
2011.08.10 07:01:00.362,1.43549,1.43555,2.85,1.13
2011.08.10 07:01:00.596,1.43546,1.43554,2.18,1.15
2011.08.10 07:01:00.714,1.43543,1.43551,2.25,1.13
2011.08.10 07:01:01.295,1.43543,1.43552,1.73,1.88
2011.08.10 07:01:01.864,1.43543,1.43551,1.88,1.88
2011.08.10 07:01:02.422,1.43542,1.43549,1.73,1.50
2011.08.10 07:01:02.872,1.43541,1.43548,2.48,1.53
2011.08.10 07:01:03.102,1.43539,1.43547,3.98,1.13
2011.08.10 07:01:03.879,1.4354,1.43547,2.85,1.13
2011.08.10 07:01:04.582,1.4354,1.43549,3.23,1.13
2011.08.10 07:01:05.144,1.43543,1.43548,2.10,1.13
2011.08.10 07:01:05.271,1.43541,1.4355,3.98,3.40
2011.08.10 07:01:05.611,1.43541,1.43548,2.10,1.13
2011.08.10 07:01:05.958,1.43539,1.43547,3.23,1.50
2011.08.10 07:01:06.514,1.43542,1.43548,4.13,1.88
2011.08.10 07:01:06.637,1.43545,1.4355,2.63,4.50
2011.08.10 07:01:06.757,1.43543,1.4355,2.10,1.80
2011.08.10 07:01:06.982,1.43542,1.43549,1.35,1.05
2011.08.10 07:01:07.595,1.43542,1.4355,2.48,1.88
2011.08.10 07:01:07.711,1.4354,1.43549,3.23,1.13
2011.08.10 07:01:08.601,1.43541,1.4355,3.23,2.25
2011.08.10 07:01:08.723,1.43542,1.4355,4.13,1.50
2011.08.10 07:01:08.844,1.43541,1.43548,2.10,1.13
2011.08.10 07:01:09.674,1.43542,1.4355,4.13,1.80
2011.08.10 07:01:10.039,1.43545,1.43549,2.10,3.75
2011.08.10 07:01:10.373,1.43544,1.43552,2.25,1.13
2011.08.10 07:01:10.493,1.43546,1.43552,1.35,1.13
2011.08.10 07:01:10.614,1.43548,1.43552,1.50,1.13
2011.08.10 07:01:11.183,1.43549,1.43554,1.50,1.88
2011.08.10 07:01:11.657,1.43549,1.43557,3.23,1.15
2011.08.10 07:01:12.005,1.43551,1.43558,2.10,1.13
2011.08.10 07:01:12.236,1.43553,1.43559,2.85,1.13
2011.08.10 07:01:12.683,1.43554,1.43561,2.10,1.13
2011.08.10 07:01:12.802,1.43555,1.43563,4.35,4.13
2011.08.10 07:01:13.043,1.43556,1.43565,2.85,4.88
2011.08.10 07:01:13.164,1.43567,1.43574,2.10,1.13
2011.08.10 07:01:13.601,1.43564,1.43573,6.23,2.28
2011.08.10 07:01:14.324,1.43563,1.43568,2.85,3.75
2011.08.10 07:01:14.455,1.43559,1.43566,1.50,1.13
2011.08.10 07:01:14.796,1.43556,1.43562,4.05,1.50
2011.08.10 07:01:15.132,1.43552,1.4356,3.38,1.50
2011.08.10 07:01:15.363,1.43549,1.43557,9.23,1.13
2011.08.10 07:01:15.591,1.43556,1.43561,1.50,4.50
2011.08.10 07:01:15.714,1.43552,1.43559,2.10,1.13
2011.08.10 07:01:16.711,1.43551,1.4356,2.85,1.50
2011.08.10 07:01:17.590,1.43552,1.4356,2.10,1.50
2011.08.10 07:01:18.152,1.43551,1.43558,2.10,1.50
2011.08.10 07:01:18.711,1.43551,1.43556,1.35,1.13
2011.08.10 07:01:19.823,1.4355,1.43557,1.35,1.50
2011.08.10 07:01:20.163,1.4355,1.43556,2.10,1.50
2011.08.10 07:01:20.701,1.4355,1.43556,1.35,1.88
2011.08.10 07:01:20.837,1.43546,1.43553,1.13,1.53
2011.08.10 07:01:21.293,1.43546,1.43552,3.75,2.25
2011.08.10 07:01:21.635,1.43539,1.43545,7.88,1.50
2011.08.10 07:01:21.875,1.43536,1.43544,1.13,1.13
2011.08.10 07:01:22.001,1.43534,1.43543,6.00,1.50
2011.08.10 07:01:22.579,1.43532,1.43542,2.10,1.50
2011.08.10 07:01:22.816,1.43529,1.43534,1.88,1.13
2011.08.10 07:01:23.055,1.43517,1.43528,1.50,1.13
2011.08.10 07:01:23.178,1.43518,1.43527,1.50,1.88
2011.08.10 07:01:23.418,1.43516,1.43524,6.30,1.50
2011.08.10 07:01:23.541,1.43518,1.43525,1.50,1.13
2011.08.10 07:01:24.310,1.43526,1.43533,3.75,1.50
2011.08.10 07:01:24.664,1.4352,1.43528,1.88,1.15
2011.08.10 07:01:24.784,1.4352,1.43529,1.88,1.13
2011.08.10 07:01:24.905,1.43519,1.43528,2.10,1.13
2011.08.10 07:01:25.027,1.43519,1.43528,1.73,1.13
2011.08.10 07:01:25.142,1.43519,1.43528,2.10,1.88
2011.08.10 07:01:25.745,1.43518,1.43527,1.50,1.88
2011.08.10 07:01:26.395,1.4351,1.4352,1.13,2.10
2011.08.10 07:01:26.880,1.43513,1.4352,1.50,4.50
2011.08.10 07:01:27.239,1.43515,1.4352,1.35,1.13
2011.08.10 07:01:27.355,1.43515,1.43523,1.88,1.15
2011.08.10 07:01:27.482,1.43517,1.43524,4.50,1.50
2011.08.10 07:01:27.609,1.43517,1.43527,7.50,4.65
2011.08.10 07:01:28.273,1.43519,1.43528,1.13,1.43
2011.08.10 07:01:28.637,1.43521,1.43529,1.50,7.35
2011.08.10 07:01:29.107,1.43523,1.4353,3.68,3.68
2011.08.10 07:01:29.889,1.43531,1.43537,4.13,1.35
2011.08.10 07:01:30.029,1.43523,1.43532,4.13,1.53
2011.08.10 07:01:30.588,1.43525,1.43535,4.88,2.20
2011.08.10 07:01:31.161,1.43526,1.43536,1.88,4.05
2011.08.10 07:01:31.782,1.43528,1.43538,3.00,1.80
2011.08.10 07:01:32.039,1.43519,1.4355,7.35,5.64
2011.08.10 07:01:32.161,1.43522,1.4355,4.50,2.64
2011.08.10 07:01:32.401,1.43522,1.43553,1.50,1.38
2011.08.10 07:01:32.524,1.43524,1.43554,2.85,1.88
2011.08.10 07:01:32.646,1.43526,1.43555,1.35,1.13
2011.08.10 07:01:32.770,1.43527,1.43557,1.13,1.50
2011.08.10 07:01:32.896,1.43528,1.43559,1.50,1.35
2011.08.10 07:01:33.017,1.4353,1.4356,2.85,1.05
2011.08.10 07:01:33.700,1.43544,1.43549,1.13,3.75
2011.08.10 07:01:33.961,1.43542,1.43554,3.22,1.35
2011.08.10 07:01:34.093,1.43546,1.43553,4.13,2.63
2011.08.10 07:01:34.218,1.43545,1.43556,1.13,1.50
2011.08.10 07:01:34.339,1.43548,1.43555,4.50,3.75
2011.08.10 07:01:34.468,1.43549,1.43557,2.25,4.50
2011.08.10 07:01:34.589,1.4355,1.43559,2.25,1.38
2011.08.10 07:01:34.836,1.4355,1.43562,1.88,1.35
2011.08.10 07:01:35.554,1.43551,1.43564,1.50,1.35
2011.08.10 07:01:35.920,1.43554,1.43563,4.13,1.35
2011.08.10 07:01:36.383,1.43556,1.43563,4.13,3.00
2011.08.10 07:01:36.511,1.43557,1.43565,11.85,1.13
2011.08.10 07:01:36.637,1.43558,1.43567,4.50,1.35
2011.08.10 07:01:36.867,1.43557,1.43571,4.73,4.50
2011.08.10 07:01:36.984,1.43559,1.43572,1.73,2.85
2011.08.10 07:01:37.595,1.43561,1.43571,1.50,1.35
2011.08.10 07:01:37.947,1.43557,1.4357,1.35,6.75
2011.08.10 07:01:38.067,1.43556,1.43568,2.10,1.50
2011.08.10 07:01:38.427,1.43558,1.43563,3.75,2.88
2011.08.10 07:01:38.669,1.43552,1.43567,2.10,1.38
2011.08.10 07:01:38.791,1.43551,1.43566,2.85,1.13
2011.08.10 07:01:39.404,1.4355,1.43565,4.95,1.13
2011.08.10 07:01:39.535,1.43552,1.4356,4.50,1.53
2011.08.10 07:01:40.119,1.43547,1.43562,10.13,2.13
2011.08.10 07:01:40.469,1.43546,1.4356,1.73,1.50
2011.08.10 07:01:40.594,1.43549,1.43554,2.25,1.50
2011.08.10 07:01:40.722,1.43546,1.43554,3.00,2.25
2011.08.10 07:01:40.845,1.43541,1.43556,3.60,2.28
2011.08.10 07:01:41.390,1.4354,1.43554,3.82,1.65
2011.08.10 07:01:41.638,1.43539,1.43552,2.10,1.15
2011.08.10 07:01:41.756,1.43541,1.43547,2.47,1.88
2011.08.10 07:01:41.877,1.4354,1.43546,4.20,1.88
2011.08.10 07:01:41.999,1.43535,1.43548,5.25,0.75
2011.08.10 07:01:42.115,1.43533,1.43546,1.35,1.59
2011.08.10 07:01:42.235,1.43532,1.43544,1.35,1.31
2011.08.10 07:01:42.466,1.43532,1.43541,2.10,3.75
2011.08.10 07:01:42.816,1.43532,1.43539,2.10,3.75
2011.08.10 07:01:43.380,1.43531,1.43537,2.10,3.75
2011.08.10 07:01:43.758,1.43528,1.43538,2.48,2.90
2011.08.10 07:01:43.997,1.43529,1.43535,2.10,2.25
2011.08.10 07:01:44.339,1.43522,1.43527,2.10,2.13
2011.08.10 07:01:45.284,1.43523,1.43528,3.98,2.13
2011.08.10 07:01:45.413,1.43523,1.43535,2.85,6.03
2011.08.10 07:01:45.538,1.43523,1.43534,2.85,4.53
2011.08.10 07:01:45.895,1.43518,1.4353,2.63,2.85
2011.08.10 07:01:46.015,1.43516,1.43529,2.63,1.35
2011.08.10 07:01:46.243,1.43517,1.43529,1.13,1.35
2011.08.10 07:01:46.476,1.43523,1.43532,1.73,1.50
2011.08.10 07:01:46.598,1.43525,1.43532,2.63,1.50
2011.08.10 07:01:47.148,1.43529,1.43534,1.35,2.13
2011.08.10 07:01:47.320,1.43527,1.43539,3.00,3.70
2011.08.10 07:01:47.444,1.4353,1.43539,1.35,1.13
2011.08.10 07:01:47.674,1.4353,1.43541,1.13,1.13
2011.08.10 07:01:47.796,1.43533,1.4354,2.85,1.29
2011.08.10 07:01:48.135,1.43531,1.43544,1.13,1.88
2011.08.10 07:01:48.258,1.43536,1.43542,2.10,1.50
2011.08.10 07:01:48.380,1.43535,1.43546,1.50,1.50
2011.08.10 07:01:48.510,1.43537,1.43546,2.85,1.50
2011.08.10 07:01:49.271,1.43536,1.43549,1.50,1.05
2011.08.10 07:01:49.629,1.43542,1.43546,1.50,0.75
2011.08.10 07:01:49.858,1.43543,1.43547,4.50,0.75
2011.08.10 07:01:50.087,1.43541,1.43552,2.63,4.50
2011.08.10 07:01:50.655,1.43542,1.43554,1.13,5.70
2011.08.10 07:01:51.426,1.43543,1.43556,1.28,1.08
2011.08.10 07:01:51.560,1.43546,1.43556,2.25,4.50
2011.08.10 07:01:51.687,1.43544,1.43561,3.00,4.72
2011.08.10 07:01:52.039,1.43552,1.43556,1.86,0.75
2011.08.10 07:01:52.156,1.43547,1.43564,1.13,3.95
2011.08.10 07:01:52.502,1.43552,1.43562,2.10,2.85
2011.08.10 07:01:52.627,1.43553,1.43563,2.10,4.18
2011.08.10 07:01:52.752,1.43556,1.43562,1.50,2.85
2011.08.10 07:01:52.875,1.43554,1.43567,2.85,1.51
2011.08.10 07:01:53.596,1.43559,1.43565,2.25,2.10
2011.08.10 07:01:53.959,1.43558,1.43569,1.22,1.13
2011.08.10 07:01:54.185,1.43559,1.43571,3.60,1.26
2011.08.10 07:01:54.418,1.43559,1.43573,3.60,1.08
2011.08.10 07:01:54.538,1.4357,1.43578,2.10,2.85
2011.08.10 07:01:54.886,1.4357,1.43584,2.33,2.41
2011.08.10 07:01:55.003,1.43566,1.43579,1.95,1.35
2011.08.10 07:01:55.130,1.43568,1.4358,1.88,1.35
2011.08.10 07:01:55.719,1.43569,1.43584,3.77,5.65
2011.08.10 07:01:55.850,1.43579,1.43585,2.79,1.50
2011.08.10 07:01:56.192,1.43579,1.43588,3.54,1.50
2011.08.10 07:01:56.311,1.43579,1.43594,3.54,3.58
2011.08.10 07:01:56.436,1.43581,1.43594,1.45,3.58
2011.08.10 07:01:56.662,1.43584,1.43594,1.50,3.58
2011.08.10 07:01:57.114,1.43585,1.43594,1.45,3.58
2011.08.10 07:01:57.456,1.43577,1.43582,4.65,2.13
2011.08.10 07:01:58.037,1.43576,1.43586,1.30,1.50
2011.08.10 07:01:58.164,1.43576,1.43589,2.47,1.53
2011.08.10 07:01:58.289,1.43579,1.43588,3.97,1.13
2011.08.10 07:01:58.407,1.43576,1.43593,1.88,1.29
2011.08.10 07:01:58.856,1.43587,1.43592,1.13,0.75
2011.08.10 07:01:58.980,1.43589,1.43602,2.10,4.50
2011.08.10 07:01:59.105,1.43589,1.43593,3.75,0.75
2011.08.10 07:01:59.554,1.43585,1.43597,1.50,2.10
2011.08.10 07:02:00.404,1.43581,1.4359,1.50,1.35
2011.08.10 07:02:00.538,1.43569,1.43585,1.13,15.78
2011.08.10 07:02:00.661,1.4357,1.43582,3.75,2.25
2011.08.10 07:02:01.031,1.43569,1.4358,1.50,2.10
2011.08.10 07:02:01.388,1.43565,1.43581,1.88,3.70
2011.08.10 07:02:01.724,1.43565,1.43579,1.50,1.50
2011.08.10 07:02:02.450,1.43562,1.43578,1.50,1.15
2011.08.10 07:02:02.573,1.43562,1.43575,3.75,1.29
2011.08.10 07:02:03.248,1.4356,1.43574,1.50,1.68
2011.08.10 07:02:03.367,1.43563,1.43568,4.50,0.75
2011.08.10 07:02:04.074,1.43561,1.43568,1.50,1.50
2011.08.10 07:02:04.696,1.43558,1.43568,4.82,0.75
2011.08.10 07:02:05.281,1.43557,1.43566,1.50,4.50
2011.08.10 07:02:05.854,1.43554,1.43566,1.50,1.13
2011.08.10 07:02:06.199,1.43552,1.43565,17.23,0.75
2011.08.10 07:02:06.323,1.4355,1.43565,1.88,1.29
2011.08.10 07:02:07.000,1.43549,1.43563,1.88,2.36
2011.08.10 07:02:07.128,1.43548,1.43562,3.23,3.60
2011.08.10 07:02:07.484,1.43546,1.43561,4.50,1.50
2011.08.10 07:02:07.838,1.43547,1.43558,4.50,1.50
2011.08.10 07:02:08.507,1.43547,1.43556,2.23,0.75
2011.08.10 07:02:09.054,1.43545,1.43556,1.50,1.51
2011.08.10 07:02:09.183,1.43546,1.43552,4.50,4.50
2011.08.10 07:02:09.785,1.43542,1.43553,3.75,4.35
2011.08.10 07:02:10.029,1.43544,1.43548,4.50,1.51
2011.08.10 07:02:10.626,1.43541,1.43548,3.75,1.13
2011.08.10 07:02:11.920,1.4354,1.43546,4.50,1.13
2011.08.10 07:02:12.076,1.43536,1.43547,1.58,1.53
2011.08.10 07:02:12.205,1.43534,1.43546,2.03,1.35
2011.08.10 07:02:12.334,1.43532,1.43545,1.28,1.35
2011.08.10 07:02:12.572,1.4353,1.43545,1.28,1.38
2011.08.10 07:02:13.027,1.43528,1.43544,2.85,1.91
2011.08.10 07:02:13.147,1.43527,1.43542,1.73,1.89
2011.08.10 07:02:13.269,1.43526,1.4354,1.13,1.29
2011.08.10 07:02:13.913,1.43526,1.43538,3.38,1.13
2011.08.10 07:02:14.164,1.4352,1.4353,1.50,1.13
2011.08.10 07:02:14.289,1.43523,1.43531,2.85,1.88
2011.08.10 07:02:14.407,1.43524,1.43533,2.10,2.63
2011.08.10 07:02:14.527,1.43523,1.43533,2.85,2.79
2011.08.10 07:02:14.886,1.43528,1.43536,1.13,1.88
2011.08.10 07:02:15.127,1.43531,1.4354,2.10,1.88
2011.08.10 07:02:15.369,1.43527,1.43542,6.00,1.29
2011.08.10 07:02:16.035,1.43528,1.43542,1.50,1.13
2011.08.10 07:02:16.385,1.43533,1.43544,2.25,1.13
2011.08.10 07:02:16.833,1.43535,1.43545,1.50,2.63
2011.08.10 07:02:17.069,1.43538,1.43548,1.13,1.05
2011.08.10 07:02:17.529,1.43537,1.43545,3.75,2.10
2011.08.10 07:02:18.307,1.43533,1.43545,1.43,4.53
2011.08.10 07:02:18.677,1.43527,1.43534,2.10,4.80
2011.08.10 07:02:19.235,1.43536,1.43545,3.00,2.13
2011.08.10 07:02:19.363,1.43535,1.43543,1.50,1.35
2011.08.10 07:02:19.729,1.43534,1.43542,1.28,1.53
2011.08.10 07:02:19.843,1.43534,1.43545,1.43,2.10
2011.08.10 07:02:20.075,1.43535,1.43547,3.75,2.10
2011.08.10 07:02:20.769,1.43535,1.4355,2.10,1.88
2011.08.10 07:02:21.114,1.43537,1.43551,5.25,4.90
2011.08.10 07:02:21.583,1.43543,1.43548,2.10,1.13
2011.08.10 07:02:22.157,1.43539,1.43554,1.50,1.90
2011.08.10 07:02:22.277,1.43541,1.43555,1.50,1.13
2011.08.10 07:02:22.867,1.43542,1.43556,1.50,1.13
2011.08.10 07:02:23.009,1.43545,1.43556,5.93,1.50
2011.08.10 07:02:23.473,1.43546,1.43558,1.13,1.50
2011.08.10 07:02:23.596,1.4355,1.43557,1.35,5.65
2011.08.10 07:02:23.945,1.4355,1.43559,1.13,1.35
2011.08.10 07:02:24.285,1.4355,1.43561,1.20,1.35
2011.08.10 07:02:24.405,1.43551,1.43563,2.93,1.35
2011.08.10 07:02:24.524,1.43552,1.43565,1.13,1.35
2011.08.10 07:02:24.643,1.43555,1.43565,2.10,1.35
2011.08.10 07:02:24.763,1.43556,1.43566,2.10,1.35
2011.08.10 07:02:25.315,1.43558,1.43566,2.48,1.50
2011.08.10 07:02:25.446,1.43559,1.43568,1.50,1.50
2011.08.10 07:02:25.564,1.43558,1.43572,1.50,1.15
2011.08.10 07:02:25.684,1.43558,1.43575,4.50,3.00
2011.08.10 07:02:25.803,1.4356,1.43576,2.63,2.28
2011.08.10 07:02:26.378,1.43563,1.43575,2.25,1.13
2011.08.10 07:02:26.606,1.43564,1.43577,3.75,1.50
2011.08.10 07:02:26.729,1.43565,1.43579,1.13,2.74
2011.08.10 07:02:26.854,1.43566,1.43581,2.63,2.10
2011.08.10 07:02:27.725,1.43568,1.43582,1.50,3.63
2011.08.10 07:02:28.294,1.43571,1.43582,1.13,1.50
2011.08.10 07:02:28.965,1.43572,1.43584,1.13,7.38
2011.08.10 07:02:29.521,1.43573,1.43585,1.88,2.88
2011.08.10 07:02:30.084,1.43575,1.43586,4.95,5.90
2011.08.10 07:02:30.623,1.43577,1.43586,1.13,1.21
2011.08.10 07:02:30.754,1.43576,1.43589,1.35,1.05
2011.08.10 07:02:31.097,1.43579,1.43589,1.50,1.05
2011.08.10 07:02:31.432,1.43579,1.43592,1.50,3.03
2011.08.10 07:02:31.557,1.43584,1.4359,1.43,1.38
2011.08.10 07:02:31.677,1.43592,1.43602,1.50,1.35
2011.08.10 07:02:31.914,1.43592,1.43599,1.48,1.35
2011.08.10 07:02:32.036,1.43591,1.43597,3.75,1.50
2011.08.10 07:02:32.157,1.43587,1.43598,5.62,1.53
2011.08.10 07:02:32.275,1.43587,1.43595,3.75,1.50
2011.08.10 07:02:32.830,1.43584,1.43596,2.10,3.03
2011.08.10 07:02:32.968,1.43582,1.43596,1.51,7.50
2011.08.10 07:02:33.424,1.43583,1.43593,1.88,1.88
2011.08.10 07:02:33.775,1.43581,1.43592,1.50,1.88
2011.08.10 07:02:33.900,1.4358,1.4359,10.33,0.75
2011.08.10 07:02:34.027,1.43577,1.4359,1.50,1.13
2011.08.10 07:02:34.254,1.43574,1.4359,2.03,1.13
2011.08.10 07:02:34.373,1.43574,1.43588,1.88,1.13
2011.08.10 07:02:35.155,1.43565,1.43576,1.50,5.04
2011.08.10 07:02:35.715,1.43563,1.43576,1.50,5.64
2011.08.10 07:02:36.274,1.43563,1.43576,2.10,1.73
2011.08.10 07:02:36.502,1.43562,1.43577,1.50,3.03
2011.08.10 07:02:37.502,1.43563,1.43575,1.35,1.13
2011.08.10 07:02:38.085,1.43563,1.43576,2.85,4.88
2011.08.10 07:02:38.661,1.43564,1.43576,4.95,1.13
2011.08.10 07:02:39.229,1.43561,1.43573,1.50,1.50
2011.08.10 07:02:40.517,1.43555,1.43567,1.50,2.85
2011.08.10 07:02:40.636,1.43554,1.43567,2.85,2.85
2011.08.10 07:02:40.985,1.43554,1.43567,3.00,3.23
2011.08.10 07:02:41.544,1.43555,1.43567,2.10,1.13
2011.08.10 07:02:41.776,1.43561,1.43568,2.85,1.13
2011.08.10 07:02:42.014,1.43562,1.43573,1.50,3.18
2011.08.10 07:02:42.137,1.43557,1.4357,2.40,1.35
2011.08.10 07:02:42.254,1.4356,1.43572,2.10,1.53
2011.08.10 07:02:43.775,1.43562,1.43574,1.50,1.13
2011.08.10 07:02:44.117,1.43562,1.43574,3.00,1.13
2011.08.10 07:02:44.232,1.43564,1.43574,3.00,1.13
2011.08.10 07:02:44.586,1.43566,1.4357,2.25,1.13
2011.08.10 07:02:44.816,1.4356,1.43568,3.60,1.35
2011.08.10 07:02:45.410,1.43558,1.43569,2.10,1.80
2011.08.10 07:02:45.542,1.43556,1.4357,1.35,1.35
2011.08.10 07:02:45.901,1.43559,1.4357,1.35,1.13
2011.08.10 07:02:46.243,1.43562,1.43573,1.50,1.73
2011.08.10 07:02:46.477,1.43565,1.43576,5.03,4.50
2011.08.10 07:02:46.926,1.43569,1.43576,3.60,3.75
2011.08.10 07:02:47.607,1.43568,1.43575,1.50,1.05
2011.08.10 07:02:47.743,1.43565,1.43576,3.23,1.05
2011.08.10 07:02:47.868,1.43563,1.43576,3.23,1.50
2011.08.10 07:02:48.095,1.43553,1.43565,1.13,3.23
2011.08.10 07:02:48.216,1.43557,1.43566,2.10,4.50
2011.08.10 07:02:48.334,1.43558,1.43566,1.35,3.75
2011.08.10 07:02:48.456,1.43561,1.43565,2.10,3.75
2011.08.10 07:02:48.580,1.43561,1.43573,2.10,1.13
2011.08.10 07:02:48.705,1.43565,1.43573,1.50,1.13
2011.08.10 07:02:49.166,1.43566,1.43576,2.10,1.13
2011.08.10 07:02:49.285,1.43564,1.43576,5.32,1.13
2011.08.10 07:02:49.401,1.43566,1.43576,2.85,1.13
2011.08.10 07:02:50.043,1.43566,1.43581,3.60,1.73
2011.08.10 07:02:50.391,1.43569,1.43579,2.10,1.35
2011.08.10 07:02:50.623,1.43569,1.43579,2.10,1.35
2011.08.10 07:02:50.854,1.43569,1.43581,7.35,1.13
2011.08.10 07:02:51.197,1.43571,1.43576,1.88,1.50
2011.08.10 07:02:51.425,1.43565,1.43577,1.20,1.15
2011.08.10 07:02:52.094,1.43566,1.43578,3.75,1.13
2011.08.10 07:02:53.175,1.43563,1.43577,5.10,5.50
2011.08.10 07:02:53.735,1.43563,1.43576,5.10,1.53
2011.08.10 07:02:53.966,1.43564,1.43575,4.35,2.10
2011.08.10 07:02:54.084,1.4357,1.43577,2.10,4.53
2011.08.10 07:02:54.203,1.4357,1.43578,2.10,4.05
2011.08.10 07:02:54.555,1.43565,1.43578,3.23,1.66
2011.08.10 07:02:55.121,1.43569,1.4358,2.85,3.00
2011.08.10 07:02:55.255,1.43567,1.43581,7.35,1.73
2011.08.10 07:02:55.485,1.43567,1.43581,10.35,1.73
2011.08.10 07:02:55.608,1.43572,1.43582,1.35,2.63
2011.08.10 07:02:55.728,1.43572,1.43585,5.85,1.80
2011.08.10 07:02:56.077,1.43582,1.43592,1.35,1.08
2011.08.10 07:02:56.307,1.43581,1.43592,2.85,1.05
2011.08.10 07:02:56.422,1.43581,1.43592,6.60,1.05
2011.08.10 07:02:57.095,1.43578,1.43589,1.43,1.35
2011.08.10 07:02:57.707,1.43577,1.43587,9.75,1.35
2011.08.10 07:02:58.042,1.43575,1.43586,1.50,1.13
2011.08.10 07:02:58.166,1.43574,1.43584,3.75,5.63
2011.08.10 07:02:58.723,1.43571,1.43583,3.00,1.13
2011.08.10 07:02:58.841,1.43562,1.43574,3.60,1.13
2011.08.10 07:02:59.625,1.43563,1.43574,3.75,1.13
2011.08.10 07:03:00.424,1.4357,1.4358,3.75,1.88
2011.08.10 07:03:00.553,1.43569,1.4358,4.88,1.53
2011.08.10 07:03:00.673,1.43569,1.4358,4.13,1.15
2011.08.10 07:03:01.231,1.43567,1.43581,5.55,4.88
2011.08.10 07:03:01.905,1.43567,1.4358,6.15,1.35
2011.08.10 07:03:02.242,1.43567,1.43573,5.40,1.13
2011.08.10 07:03:02.584,1.43557,1.43568,6.88,4.50
2011.08.10 07:03:03.297,1.43555,1.43567,1.50,1.13
2011.08.10 07:03:03.754,1.43555,1.43566,2.25,1.35
2011.08.10 07:03:03.875,1.43555,1.43564,2.25,3.60
2011.08.10 07:03:04.552,1.43555,1.43568,4.35,1.88
2011.08.10 07:03:05.112,1.43555,1.43567,1.35,1.13
2011.08.10 07:03:06.050,1.43554,1.43567,3.45,1.73
2011.08.10 07:03:06.188,1.43562,1.43572,1.35,1.13
2011.08.10 07:03:06.311,1.43565,1.43573,1.35,1.80
2011.08.10 07:03:06.439,1.43567,1.43576,4.35,1.05
2011.08.10 07:03:06.552,1.43569,1.43581,2.25,1.35
2011.08.10 07:03:06.787,1.43568,1.43581,6.23,1.51
2011.08.10 07:03:07.128,1.43567,1.43581,4.13,1.66
2011.08.10 07:03:07.465,1.43571,1.4358,3.75,1.50
2011.08.10 07:03:07.585,1.43571,1.43583,3.75,1.53
2011.08.10 07:03:07.815,1.43573,1.43585,1.35,2.65
2011.08.10 07:03:08.381,1.43575,1.43585,1.50,1.90
2011.08.10 07:03:08.517,1.43567,1.43582,5.25,1.88
2011.08.10 07:03:08.746,1.43569,1.43584,1.50,1.88
2011.08.10 07:03:09.094,1.43569,1.43583,3.00,1.50
2011.08.10 07:03:09.214,1.43568,1.43578,5.63,2.85
2011.08.10 07:03:09.334,1.43567,1.43578,1.88,2.85
2011.08.10 07:03:09.459,1.43567,1.43576,1.88,1.35
2011.08.10 07:03:09.575,1.43565,1.43574,1.88,1.50
2011.08.10 07:03:09.806,1.43559,1.4357,2.85,2.10
2011.08.10 07:03:10.040,1.43556,1.43566,1.13,1.50
2011.08.10 07:03:10.155,1.43556,1.43566,1.13,2.25
2011.08.10 07:03:10.861,1.43559,1.43564,2.10,1.53
2011.08.10 07:03:10.990,1.43567,1.43576,4.35,1.50
2011.08.10 07:03:11.113,1.43566,1.43576,3.75,2.85
2011.08.10 07:03:11.347,1.43564,1.43576,2.10,2.85
2011.08.10 07:03:11.684,1.43564,1.43577,3.45,1.35
2011.08.10 07:03:11.919,1.43568,1.43578,2.63,1.13
2011.08.10 07:03:12.034,1.43575,1.43583,3.75,1.88
2011.08.10 07:03:12.157,1.43579,1.43588,2.85,1.05
2011.08.10 07:03:12.274,1.43574,1.43586,2.10,1.05
2011.08.10 07:03:12.943,1.43571,1.43585,1.88,2.28
2011.08.10 07:03:13.062,1.43574,1.43585,2.10,2.28
2011.08.10 07:03:13.605,1.43569,1.43579,1.50,1.05
2011.08.10 07:03:13.745,1.43566,1.43574,3.60,1.05
2011.08.10 07:03:13.976,1.43567,1.4358,4.50,2.13
2011.08.10 07:03:14.097,1.4357,1.43582,1.50,4.28
2011.08.10 07:03:14.214,1.43573,1.43582,1.35,1.05
2011.08.10 07:03:14.456,1.43574,1.43587,1.35,2.63
2011.08.10 07:03:14.576,1.43575,1.43587,2.48,2.63
2011.08.10 07:03:14.915,1.43575,1.43587,6.60,1.50
2011.08.10 07:03:15.254,1.43578,1.43588,1.13,1.50
2011.08.10 07:03:15.949,1.43575,1.43587,5.25,2.10
2011.08.10 07:03:16.064,1.43571,1.43577,1.13,1.35
2011.08.10 07:03:16.188,1.43567,1.43578,6.90,1.50
2011.08.10 07:03:16.306,1.43567,1.4358,3.15,5.10
2011.08.10 07:03:16.536,1.43567,1.43579,1.50,1.35
2011.08.10 07:03:17.095,1.43566,1.43579,3.75,1.35
2011.08.10 07:03:17.558,1.43564,1.43577,1.13,1.35
2011.08.10 07:03:18.270,1.43564,1.43577,2.10,1.13
2011.08.10 07:03:18.626,1.43564,1.43577,1.35,1.13
2011.08.10 07:03:18.855,1.43563,1.43575,4.50,1.35
2011.08.10 07:03:19.198,1.43561,1.43573,2.25,1.35
2011.08.10 07:03:19.321,1.43565,1.43577,1.50,2.50
2011.08.10 07:03:19.443,1.43565,1.43577,2.10,1.90
2011.08.10 07:03:19.563,1.43565,1.43577,3.60,1.13
2011.08.10 07:03:19.793,1.43564,1.43576,2.10,1.50
2011.08.10 07:03:20.560,1.43564,1.43575,6.60,1.50
2011.08.10 07:03:20.809,1.43566,1.43577,2.85,1.13
2011.08.10 07:03:21.365,1.43568,1.4358,2.25,1.88
2011.08.10 07:03:21.707,1.4357,1.4358,1.50,1.13
2011.08.10 07:03:21.940,1.43573,1.43582,2.25,1.13
2011.08.10 07:03:22.184,1.43577,1.43588,5.63,1.43
2011.08.10 07:03:22.305,1.43578,1.43588,1.13,1.05
2011.08.10 07:03:22.983,1.43583,1.43593,5.25,1.13
2011.08.10 07:03:23.114,1.43586,1.436,1.05,1.53
2011.08.10 07:03:23.238,1.43586,1.43599,1.80,1.35
2011.08.10 07:03:23.695,1.43588,1.43599,1.13,1.35
2011.08.10 07:03:23.926,1.43588,1.43601,1.88,1.35
2011.08.10 07:03:24.277,1.43588,1.436,3.38,1.35
2011.08.10 07:03:24.399,1.43585,1.43596,7.13,2.85
2011.08.10 07:03:24.638,1.43582,1.43593,3.75,1.50
2011.08.10 07:03:25.214,1.4358,1.43586,1.13,2.10
2011.08.10 07:03:25.572,1.43574,1.43582,1.50,2.85
2011.08.10 07:03:25.815,1.43569,1.43577,2.10,1.35
2011.08.10 07:03:26.048,1.43565,1.43579,2.48,2.13
2011.08.10 07:03:26.274,1.43563,1.43577,6.60,1.38
2011.08.10 07:03:26.830,1.43563,1.43577,6.60,1.38
2011.08.10 07:03:28.176,1.4357,1.43578,3.75,2.10
2011.08.10 07:03:28.530,1.4357,1.43578,7.50,2.10
2011.08.10 07:03:28.653,1.43573,1.43583,1.50,1.35
2011.08.10 07:03:29.212,1.43576,1.43588,4.50,1.58
2011.08.10 07:03:29.446,1.43576,1.43588,1.35,2.33
2011.08.10 07:03:29.689,1.43574,1.43583,1.13,1.50
2011.08.10 07:03:30.398,1.4357,1.4358,1.20,2.85
2011.08.10 07:03:30.522,1.43574,1.43583,1.50,1.50
2011.08.10 07:03:30.987,1.43573,1.43586,2.63,1.53
2011.08.10 07:03:31.325,1.43573,1.43588,1.50,1.15
2011.08.10 07:03:31.903,1.43573,1.43586,2.18,1.66
2011.08.10 07:03:32.242,1.43574,1.43585,3.52,3.03
2011.08.10 07:03:32.368,1.43574,1.43584,2.77,1.38
2011.08.10 07:03:32.948,1.43577,1.43585,3.75,2.28
2011.08.10 07:03:33.067,1.43572,1.43586,3.98,1.35
2011.08.10 07:03:33.406,1.43575,1.43588,1.88,1.35
2011.08.10 07:03:33.525,1.43575,1.43587,3.00,1.35
2011.08.10 07:03:33.863,1.43573,1.43585,1.13,1.50
2011.08.10 07:03:34.314,1.4357,1.43585,6.38,1.53
2011.08.10 07:03:34.656,1.4357,1.43582,6.38,1.53
2011.08.10 07:03:35.335,1.43567,1.43583,5.93,1.66
2011.08.10 07:03:35.922,1.43567,1.43579,1.88,1.53
2011.08.10 07:03:36.284,1.43567,1.43575,1.50,1.53
2011.08.10 07:03:36.410,1.43563,1.43575,3.75,1.50
2011.08.10 07:03:36.525,1.4356,1.43575,5.25,3.00
2011.08.10 07:03:36.975,1.4356,1.43575,5.25,1.50
2011.08.10 07:03:37.570,1.43564,1.43575,1.13,3.03
2011.08.10 07:03:37.700,1.43569,1.43581,2.10,1.80
2011.08.10 07:03:37.937,1.43567,1.43581,1.50,1.80
2011.08.10 07:03:38.053,1.43567,1.43581,6.00,1.50
2011.08.10 07:03:38.177,1.43568,1.43582,3.00,1.50
2011.08.10 07:03:38.729,1.4357,1.43582,4.50,1.50
2011.08.10 07:03:39.992,1.4357,1.43582,1.50,1.50
2011.08.10 07:03:40.664,1.4357,1.4358,1.50,1.35
2011.08.10 07:03:41.019,1.43569,1.43579,2.10,1.35
2011.08.10 07:03:41.583,1.43568,1.43582,1.50,2.25
2011.08.10 07:03:41.702,1.43567,1.43582,1.50,2.25
2011.08.10 07:03:42.153,1.43569,1.43582,3.60,2.10
2011.08.10 07:03:42.274,1.43574,1.43582,4.35,1.35
2011.08.10 07:03:42.397,1.43574,1.43582,2.85,1.35
2011.08.10 07:03:42.515,1.43569,1.43582,1.50,1.35
2011.08.10 07:03:43.506,1.43566,1.43571,3.75,1.35
2011.08.10 07:03:43.629,1.43564,1.43571,1.88,1.35
2011.08.10 07:03:43.752,1.43566,1.43577,1.05,2.85
2011.08.10 07:03:43.874,1.43567,1.4358,1.05,3.63
2011.08.10 07:03:44.105,1.43574,1.43582,1.13,1.50
2011.08.10 07:03:44.229,1.43576,1.43588,1.50,4.06
2011.08.10 07:03:44.672,1.43576,1.43588,3.00,2.85
2011.08.10 07:03:45.125,1.43573,1.43577,3.73,0.75
2011.08.10 07:03:45.247,1.43573,1.43585,2.63,1.50
2011.08.10 07:03:46.006,1.43566,1.43577,1.88,2.85
2011.08.10 07:03:46.235,1.43566,1.4358,3.38,2.85
2011.08.10 07:03:46.797,1.43569,1.4358,2.47,1.53
2011.08.10 07:03:47.025,1.43566,1.4358,1.88,1.50
2011.08.10 07:03:47.143,1.43568,1.43582,4.13,2.51
2011.08.10 07:03:47.702,1.43566,1.43582,1.88,2.51
2011.08.10 07:03:48.374,1.43569,1.4358,1.13,1.53
2011.08.10 07:03:48.989,1.43566,1.43574,1.50,1.35
2011.08.10 07:03:49.108,1.43562,1.43573,4.73,1.35
2011.08.10 07:03:49.464,1.4356,1.43574,4.73,1.53
2011.08.10 07:03:49.802,1.43561,1.43574,6.15,1.50
2011.08.10 07:03:50.154,1.4357,1.43577,5.85,1.05
2011.08.10 07:03:50.604,1.43571,1.43583,3.75,2.10
2011.08.10 07:03:50.726,1.43572,1.43583,2.40,1.50
2011.08.10 07:03:50.845,1.43572,1.43583,2.10,1.50
2011.08.10 07:03:51.629,1.43574,1.43585,2.25,1.50
2011.08.10 07:03:51.756,1.4357,1.4358,2.10,1.50
2011.08.10 07:03:52.095,1.4357,1.43579,2.10,1.50
2011.08.10 07:03:52.326,1.43566,1.43579,1.88,2.63
2011.08.10 07:03:52.447,1.43565,1.43576,1.80,1.53
2011.08.10 07:03:52.795,1.43563,1.43575,2.47,1.50
2011.08.10 07:03:52.917,1.43562,1.43574,1.43,1.50
2011.08.10 07:03:53.042,1.43559,1.43574,4.88,1.08
2011.08.10 07:03:53.162,1.43558,1.43572,3.75,1.08
2011.08.10 07:03:53.816,1.43557,1.4357,3.00,1.08
2011.08.10 07:03:53.942,1.43555,1.43569,4.80,1.15
2011.08.10 07:03:54.172,1.43546,1.43559,1.05,1.15
2011.08.10 07:03:54.513,1.43546,1.43558,1.05,1.50
2011.08.10 07:03:54.856,1.43543,1.43553,3.75,1.50
2011.08.10 07:03:55.316,1.43545,1.43553,2.85,1.05
2011.08.10 07:03:55.671,1.43547,1.43553,1.88,1.05
2011.08.10 07:03:55.917,1.43553,1.43558,1.50,4.38
2011.08.10 07:03:56.458,1.43543,1.43558,1.50,7.54
2011.08.10 07:03:56.595,1.4354,1.43555,3.75,1.53
2011.08.10 07:03:56.715,1.4354,1.43555,3.75,2.28
2011.08.10 07:03:57.273,1.4354,1.43555,3.75,1.50
2011.08.10 07:03:58.493,1.43535,1.43539,13.35,0.75
2011.08.10 07:03:58.734,1.43532,1.43548,2.85,2.13
2011.08.10 07:03:59.317,1.43531,1.43544,1.88,1.50
2011.08.10 07:03:59.447,1.43536,1.43553,2.63,1.53
2011.08.10 07:03:59.566,1.43537,1.43555,4.50,2.20
2011.08.10 07:03:59.805,1.43534,1.43538,2.47,0.75
2011.08.10 07:04:00.376,1.4353,1.43534,7.13,0.75
2011.08.10 07:04:01.922,1.43528,1.43534,3.45,0.75
2011.08.10 07:04:02.375,1.43519,1.43526,12.95,0.75
2011.08.10 07:04:02.498,1.43522,1.43526,2.25,0.75
2011.08.10 07:04:02.836,1.43526,1.4354,1.13,4.13
2011.08.10 07:04:03.174,1.43529,1.43543,3.75,4.80
2011.08.10 07:04:03.738,1.43531,1.43543,3.75,1.05
2011.08.10 07:04:04.378,1.4353,1.43543,3.73,1.05
2011.08.10 07:04:04.960,1.43531,1.43546,6.38,1.53
2011.08.10 07:04:05.085,1.43529,1.43546,7.65,3.03
2011.08.10 07:04:05.422,1.43525,1.43534,2.10,0.75
2011.08.10 07:04:07.390,1.43525,1.4354,1.88,2.28
2011.08.10 07:04:07.519,1.43525,1.43538,1.88,1.50
2011.08.10 07:04:07.640,1.43526,1.43539,1.13,1.68
2011.08.10 07:04:07.996,1.4352,1.43535,4.88,3.26
2011.08.10 07:04:08.442,1.43519,1.43529,3.22,1.08
2011.08.10 07:04:08.783,1.43517,1.43531,2.18,2.43
2011.08.10 07:04:09.013,1.43515,1.4353,1.88,1.53
2011.08.10 07:04:10.342,1.4351,1.43516,3.83,0.75
2011.08.10 07:04:10.463,1.43511,1.43524,1.35,1.53
2011.08.10 07:04:10.587,1.4351,1.43514,5.25,0.75
2011.08.10 07:04:11.036,1.43511,1.43524,1.50,3.78
2011.08.10 07:04:11.384,1.4351,1.43524,4.50,4.53
2011.08.10 07:04:11.503,1.43516,1.43525,3.75,3.48
2011.08.10 07:04:11.624,1.43509,1.43523,8.47,4.50
2011.08.10 07:04:12.304,1.4351,1.43525,4.13,6.10
2011.08.10 07:04:12.435,1.43505,1.43532,3.60,1.29
2011.08.10 07:04:12.795,1.43505,1.43535,4.13,4.66
2011.08.10 07:04:12.913,1.43507,1.43536,1.13,3.75
2011.08.10 07:04:13.039,1.43509,1.43537,2.25,3.75
2011.08.10 07:04:13.154,1.43511,1.43537,2.85,4.50
2011.08.10 07:04:13.279,1.43508,1.43542,1.35,2.26
2011.08.10 07:04:13.395,1.4351,1.43542,1.35,1.50
2011.08.10 07:04:13.624,1.43521,1.43534,2.25,5.85
2011.08.10 07:04:13.966,1.43522,1.43536,2.25,1.08
2011.08.10 07:04:14.540,1.43523,1.43538,5.85,1.35
2011.08.10 07:04:14.783,1.43524,1.43539,8.10,1.35
2011.08.10 07:04:15.016,1.43525,1.43541,5.47,1.58
2011.08.10 07:04:15.134,1.43527,1.43542,5.47,1.35
2011.08.10 07:04:15.253,1.43529,1.43543,3.60,1.20
2011.08.10 07:04:15.704,1.43531,1.43544,1.88,1.35
2011.08.10 07:04:16.064,1.4353,1.43548,3.38,3.23
2011.08.10 07:04:16.408,1.43537,1.43543,1.73,0.75
2011.08.10 07:04:16.960,1.43536,1.43547,5.85,1.50
2011.08.10 07:04:17.098,1.43537,1.43549,1.28,1.50
2011.08.10 07:04:17.215,1.43539,1.4355,4.88,1.35
2011.08.10 07:04:17.337,1.43541,1.43552,5.55,1.50
2011.08.10 07:04:17.461,1.43543,1.43552,4.05,2.10
2011.08.10 07:04:17.803,1.43543,1.43555,1.43,2.85
2011.08.10 07:04:18.142,1.43545,1.43557,1.13,2.85
2011.08.10 07:04:18.376,1.43546,1.43559,1.88,2.85
2011.08.10 07:04:18.494,1.43547,1.43561,6.38,2.85
2011.08.10 07:04:18.612,1.43548,1.43562,6.75,2.85
2011.08.10 07:04:18.951,1.43549,1.43563,6.75,2.88
2011.08.10 07:04:19.725,1.43551,1.43564,4.88,1.15
2011.08.10 07:04:20.282,1.43552,1.43565,3.75,1.15
2011.08.10 07:04:20.846,1.43556,1.43563,1.50,1.35
2011.08.10 07:04:20.971,1.43557,1.43564,1.05,2.10
2011.08.10 07:04:21.218,1.43558,1.43565,1.13,2.85
2011.08.10 07:04:21.559,1.43559,1.43566,2.63,1.50
2011.08.10 07:04:21.678,1.43557,1.43571,1.50,3.75
2011.08.10 07:04:21.796,1.43557,1.43573,1.88,2.88
2011.08.10 07:04:22.375,1.43559,1.43574,2.63,1.15
2011.08.10 07:04:22.825,1.43568,1.43573,5.07,2.10
2011.08.10 07:04:22.950,1.43565,1.43573,9.00,2.85
2011.08.10 07:04:23.076,1.43564,1.43576,2.10,1.53
2011.08.10 07:04:23.197,1.43562,1.43576,1.88,2.28
2011.08.10 07:04:23.428,1.43559,1.43568,3.15,2.85
2011.08.10 07:04:23.546,1.43559,1.43568,2.85,2.85
2011.08.10 07:04:23.889,1.43555,1.43563,2.18,2.85
2011.08.10 07:04:24.007,1.43549,1.43563,5.32,2.85
2011.08.10 07:04:24.613,1.43549,1.43559,2.85,5.25
2011.08.10 07:04:25.197,1.43549,1.43559,2.85,1.20
2011.08.10 07:04:25.426,1.43551,1.43562,1.50,1.13
2011.08.10 07:04:25.668,1.43558,1.43564,1.50,1.35
2011.08.10 07:04:25.785,1.43555,1.43566,3.00,4.50
2011.08.10 07:04:26.123,1.43553,1.43569,1.88,1.35
2011.08.10 07:04:26.803,1.43553,1.43569,3.75,1.35
2011.08.10 07:04:27.386,1.43554,1.43565,2.47,1.50
2011.08.10 07:04:27.616,1.43554,1.43568,3.22,1.38
2011.08.10 07:04:27.737,1.43554,1.4357,2.47,4.88
2011.08.10 07:04:28.099,1.43564,1.43578,2.10,1.45
2011.08.10 07:04:28.217,1.43569,1.43578,1.13,1.45
2011.08.10 07:04:28.336,1.43569,1.43579,1.13,1.05
2011.08.10 07:04:28.463,1.43574,1.43583,2.10,1.50
2011.08.10 07:04:29.040,1.43575,1.43588,2.25,1.58
2011.08.10 07:04:29.162,1.43574,1.43588,5.10,1.13
2011.08.10 07:04:29.722,1.43574,1.43588,2.10,1.15
2011.08.10 07:04:30.067,1.43574,1.43587,2.85,2.25
2011.08.10 07:04:30.407,1.43571,1.43583,3.75,1.75
2011.08.10 07:04:30.766,1.43566,1.43576,1.28,1.15
2011.08.10 07:04:31.668,1.43566,1.43576,4.13,1.15
2011.08.10 07:04:31.907,1.43556,1.43567,1.88,3.00
2011.08.10 07:04:32.134,1.4355,1.43564,2.25,1.12
2011.08.10 07:04:32.254,1.43549,1.43557,3.97,1.12
2011.08.10 07:04:32.594,1.43549,1.43555,1.13,1.06
2011.08.10 07:04:32.721,1.43544,1.43555,2.10,1.06
2011.08.10 07:04:32.845,1.43541,1.43553,1.13,1.06
2011.08.10 07:04:33.073,1.43541,1.43553,1.50,1.06
2011.08.10 07:04:33.317,1.4354,1.43557,5.25,1.75
2011.08.10 07:04:33.942,1.4354,1.43553,6.23,1.58
2011.08.10 07:04:35.056,1.4354,1.4355,6.98,4.50
2011.08.10 07:04:35.174,1.4354,1.4355,4.35,4.50
2011.08.10 07:04:35.406,1.43538,1.43547,4.05,1.50
2011.08.10 07:04:35.649,1.43534,1.43542,2.10,2.25
2011.08.10 07:04:35.770,1.43528,1.43537,5.25,1.50
2011.08.10 07:04:36.013,1.43522,1.43537,4.05,5.25
2011.08.10 07:04:36.648,1.43532,1.43539,2.10,2.18
2011.08.10 07:04:36.879,1.43533,1.43542,1.50,1.50
2011.08.10 07:04:36.995,1.43532,1.43545,1.50,3.38
2011.08.10 07:04:37.115,1.43535,1.43544,3.00,1.13
2011.08.10 07:04:37.462,1.43542,1.4355,1.50,4.13
2011.08.10 07:04:37.814,1.43532,1.43543,2.25,1.50
2011.08.10 07:04:38.278,1.43536,1.43548,1.35,1.15
2011.08.10 07:04:39.061,1.4354,1.43554,5.10,2.28
2011.08.10 07:04:39.412,1.4354,1.43554,5.85,6.23
2011.08.10 07:04:39.974,1.4354,1.43554,8.10,5.48
2011.08.10 07:04:40.327,1.43532,1.43543,2.63,2.85
2011.08.10 07:04:40.447,1.43529,1.43536,1.73,1.05
2011.08.10 07:04:40.786,1.43524,1.43535,5.47,2.85
2011.08.10 07:04:41.708,1.43535,1.43543,2.10,4.80
2011.08.10 07:04:41.831,1.43539,1.43546,4.35,1.29
2011.08.10 07:04:42.065,1.43539,1.4355,4.35,1.50
2011.08.10 07:04:42.292,1.43541,1.43551,1.50,3.75
2011.08.10 07:04:42.646,1.4355,1.4356,2.10,4.05
2011.08.10 07:04:42.997,1.43547,1.43559,1.13,2.11
2011.08.10 07:04:43.346,1.43543,1.43551,3.75,1.50
2011.08.10 07:04:44.019,1.43534,1.43545,2.85,1.58
2011.08.10 07:04:44.139,1.43536,1.4355,1.50,1.13
2011.08.10 07:04:44.258,1.43536,1.4355,4.50,1.13
2011.08.10 07:04:44.380,1.43541,1.43546,1.13,3.75
2011.08.10 07:04:44.736,1.43544,1.4355,2.85,3.75
2011.08.10 07:04:44.854,1.43546,1.43557,2.10,1.88
2011.08.10 07:04:45.202,1.43545,1.43557,2.10,1.13
2011.08.10 07:04:45.325,1.43541,1.43557,1.88,1.13
2011.08.10 07:04:45.882,1.43546,1.43557,1.35,1.13
2011.08.10 07:04:46.639,1.43548,1.43562,3.75,2.28
2011.08.10 07:04:46.998,1.43539,1.4355,2.10,1.53
2011.08.10 07:04:47.445,1.43534,1.43551,1.88,1.68
2011.08.10 07:04:47.562,1.43534,1.43551,2.63,2.06
2011.08.10 07:04:47.904,1.43531,1.43546,5.63,1.50
2011.08.10 07:04:48.146,1.43531,1.43544,4.88,1.50
2011.08.10 07:04:48.262,1.43531,1.43545,5.63,5.25
2011.08.10 07:04:48.381,1.43531,1.43545,5.63,5.25
2011.08.10 07:04:48.977,1.43531,1.43545,4.13,6.00
2011.08.10 07:04:49.203,1.4353,1.43541,2.63,1.50
2011.08.10 07:04:49.553,1.43523,1.4354,2.93,2.28
2011.08.10 07:04:50.455,1.43525,1.43537,1.50,1.50
2011.08.10 07:04:51.016,1.43529,1.43543,2.10,1.13
2011.08.10 07:04:51.709,1.43534,1.43543,2.10,1.13
2011.08.10 07:04:52.385,1.43528,1.43543,4.50,1.13
2011.08.10 07:04:52.614,1.43534,1.43544,2.10,1.90
2011.08.10 07:04:52.975,1.43529,1.43543,4.50,1.13
2011.08.10 07:04:53.204,1.43526,1.43539,2.63,1.50
2011.08.10 07:04:53.448,1.43524,1.43539,2.48,1.53
2011.08.10 07:04:54.385,1.43531,1.43541,4.50,2.65
2011.08.10 07:04:54.726,1.43536,1.43547,3.75,1.08
2011.08.10 07:04:55.061,1.43535,1.43547,1.80,1.50
2011.08.10 07:04:55.186,1.43535,1.43547,2.55,1.50
2011.08.10 07:04:55.412,1.43534,1.43547,1.50,1.50
2011.08.10 07:04:56.788,1.43535,1.43548,4.73,1.13
2011.08.10 07:04:56.911,1.43537,1.4355,1.35,1.50
2011.08.10 07:04:57.473,1.43538,1.43551,4.50,3.38
2011.08.10 07:04:57.827,1.43547,1.43556,3.75,1.43
2011.08.10 07:04:57.946,1.4355,1.43562,6.75,1.35
2011.08.10 07:04:59.051,1.43551,1.43564,1.50,1.50
2011.08.10 07:04:59.284,1.4355,1.43564,5.25,1.50
2011.08.10 07:04:59.404,1.43549,1.43565,3.00,4.13
2011.08.10 07:04:59.987,1.43545,1.43558,1.13,2.25
2011.08.10 07:05:00.443,1.43544,1.43558,1.88,1.53
2011.08.10 07:05:00.686,1.4354,1.43551,3.75,1.50
2011.08.10 07:05:01.028,1.43536,1.43548,1.73,1.50
2011.08.10 07:05:01.369,1.43533,1.43548,5.63,5.65
2011.08.10 07:05:02.268,1.43533,1.43547,6.23,1.35
2011.08.10 07:05:02.721,1.43535,1.43547,1.50,1.35
2011.08.10 07:05:03.073,1.43535,1.43548,5.10,1.13
2011.08.10 07:05:03.414,1.43539,1.43548,2.25,1.13
2011.08.10 07:05:03.974,1.43538,1.43551,5.93,1.13
2011.08.10 07:05:04.317,1.43538,1.43549,1.58,1.35
2011.08.10 07:05:04.656,1.43535,1.43547,1.05,1.66
2011.08.10 07:05:05.488,1.43537,1.43548,2.85,1.88
2011.08.10 07:05:05.619,1.43542,1.43556,2.48,2.85
2011.08.10 07:05:05.967,1.43537,1.43548,1.50,1.50
2011.08.10 07:05:06.317,1.43531,1.43545,4.73,5.28
2011.08.10 07:05:06.543,1.43531,1.43545,6.23,4.88
2011.08.10 07:05:06.991,1.43531,1.43544,5.33,1.35
2011.08.10 07:05:07.114,1.43532,1.43545,1.50,1.88
2011.08.10 07:05:07.234,1.43535,1.43548,3.83,3.23
2011.08.10 07:05:07.353,1.43536,1.43548,2.33,2.63
2011.08.10 07:05:08.031,1.43541,1.4355,3.75,1.13
2011.08.10 07:05:08.171,1.43543,1.43555,2.10,2.63
2011.08.10 07:05:08.404,1.43545,1.43556,1.50,1.13
2011.08.10 07:05:08.759,1.4355,1.43562,7.50,1.13
2011.08.10 07:05:08.986,1.43552,1.43562,2.33,1.13
2011.08.10 07:05:09.323,1.43555,1.43565,2.48,1.13
2011.08.10 07:05:09.552,1.43555,1.43568,2.33,2.63
2011.08.10 07:05:10.111,1.43554,1.43567,1.35,1.13
2011.08.10 07:05:10.791,1.43554,1.43567,7.35,1.13
2011.08.10 07:05:11.243,1.43552,1.43567,3.00,1.13
2011.08.10 07:05:11.803,1.43552,1.43566,1.13,3.03
2011.08.10 07:05:12.166,1.43548,1.43558,3.75,2.28
2011.08.10 07:05:12.406,1.43541,1.43557,5.70,2.48
2011.08.10 07:05:12.855,1.43541,1.43557,7.20,2.50
2011.08.10 07:05:13.205,1.43536,1.4355,2.93,3.78
2011.08.10 07:05:13.324,1.43535,1.4355,2.18,3.78
2011.08.10 07:05:14.132,1.43537,1.43552,2.63,1.29
2011.08.10 07:05:14.692,1.43537,1.43552,2.63,1.29
2011.08.10 07:05:15.044,1.43538,1.43552,5.25,1.13
2011.08.10 07:05:15.829,1.43538,1.43546,3.75,1.50
2011.08.10 07:05:16.669,1.43528,1.43539,1.88,1.50
2011.08.10 07:05:16.804,1.43524,1.43539,1.13,1.13
2011.08.10 07:05:17.366,1.43522,1.43538,1.88,1.53
2011.08.10 07:05:17.703,1.43522,1.43538,1.50,1.50
2011.08.10 07:05:18.151,1.43523,1.43537,1.13,1.13
2011.08.10 07:05:18.820,1.43524,1.43537,1.13,1.13
2011.08.10 07:05:18.946,1.43526,1.43537,2.25,1.13
2011.08.10 07:05:19.064,1.43526,1.43537,6.23,1.13
2011.08.10 07:05:19.659,1.43528,1.43542,6.75,1.13
2011.08.10 07:05:20.010,1.43527,1.4354,1.13,1.50
2011.08.10 07:05:20.573,1.43524,1.4354,3.75,1.50
2011.08.10 07:05:21.144,1.43525,1.43541,1.88,1.66
2011.08.10 07:05:21.704,1.43525,1.43542,6.00,1.66
2011.08.10 07:05:23.640,1.43534,1.43548,4.20,2.70
2011.08.10 07:05:23.764,1.43533,1.43548,1.50,3.45
2011.08.10 07:05:23.883,1.43536,1.43548,1.50,3.45
2011.08.10 07:05:24.112,1.43538,1.4355,5.85,2.25
2011.08.10 07:05:24.231,1.4354,1.4355,3.75,1.50
2011.08.10 07:05:24.583,1.43547,1.43553,6.60,1.13
2011.08.10 07:05:24.704,1.43547,1.43557,4.35,1.13
2011.08.10 07:05:24.823,1.43543,1.43556,1.35,1.35
2011.08.10 07:05:24.943,1.43542,1.43555,2.85,1.60
2011.08.10 07:05:25.285,1.43542,1.43554,2.85,3.10
2011.08.10 07:05:25.979,1.43538,1.43552,1.65,2.25
2011.08.10 07:05:26.110,1.43537,1.43551,6.00,1.73
2011.08.10 07:05:27.002,1.43537,1.4355,3.75,2.25
2011.08.10 07:05:27.342,1.43537,1.43549,3.75,2.18
2011.08.10 07:05:27.681,1.43537,1.43549,4.50,2.18
2011.08.10 07:05:28.241,1.43536,1.43548,6.60,1.50
2011.08.10 07:05:28.361,1.43536,1.43548,5.10,1.50
2011.08.10 07:05:28.486,1.43535,1.43544,2.18,1.50
2011.08.10 07:05:28.610,1.43527,1.43537,1.50,1.35
2011.08.10 07:05:28.738,1.43525,1.43533,3.75,1.35
2011.08.10 07:05:28.853,1.4352,1.43533,3.98,1.35
2011.08.10 07:05:28.975,1.4352,1.43533,2.48,1.35
2011.08.10 07:05:29.816,1.43522,1.43535,4.50,4.08
2011.08.10 07:05:30.376,1.43521,1.43535,4.35,3.25
2011.08.10 07:05:30.933,1.4352,1.43535,7.73,4.75
2011.08.10 07:05:31.493,1.43521,1.43533,3.75,1.35
2011.08.10 07:05:32.058,1.43517,1.43523,1.50,3.60
2011.08.10 07:05:32.396,1.43518,1.43523,4.05,1.50
2011.08.10 07:05:32.515,1.43518,1.43528,4.43,2.13
2011.08.10 07:05:33.115,1.4352,1.43529,3.75,1.20
2011.08.10 07:05:33.243,1.43519,1.43531,2.10,4.73
2011.08.10 07:05:33.364,1.43517,1.43531,1.35,6.23
2011.08.10 07:05:33.485,1.43515,1.43526,3.00,1.35
2011.08.10 07:05:33.712,1.43514,1.43526,3.22,1.35
2011.08.10 07:05:34.053,1.43517,1.43529,2.25,1.35
2011.08.10 07:05:34.392,1.43518,1.4353,2.25,2.48
2011.08.10 07:05:34.950,1.43516,1.43529,2.85,1.35
2011.08.10 07:05:35.404,1.43519,1.43528,2.10,1.50
2011.08.10 07:05:35.525,1.43517,1.4353,2.10,1.88
2011.08.10 07:05:36.197,1.43522,1.4353,2.10,1.15
2011.08.10 07:05:36.444,1.43526,1.43538,3.15,2.03
2011.08.10 07:05:37.006,1.4353,1.4354,1.50,1.88
2011.08.10 07:05:37.237,1.43535,1.43542,1.35,1.05
2011.08.10 07:05:37.578,1.43536,1.43548,5.03,2.04
2011.08.10 07:05:37.697,1.43538,1.43548,3.75,1.50
2011.08.10 07:05:37.819,1.43538,1.43548,3.75,1.50
2011.08.10 07:05:38.568,1.43538,1.43548,4.50,1.50
2011.08.10 07:05:38.811,1.43537,1.43549,4.50,1.35
2011.08.10 07:05:40.255,1.43537,1.43549,5.25,1.35
2011.08.10 07:05:40.701,1.43539,1.43551,1.50,1.35
2011.08.10 07:05:41.265,1.43543,1.43551,1.50,1.35
2011.08.10 07:05:41.620,1.43548,1.43559,1.35,1.88
2011.08.10 07:05:42.287,1.43548,1.4356,4.50,2.10
2011.08.10 07:05:42.412,1.43552,1.4356,2.25,2.10
2011.08.10 07:05:42.975,1.43553,1.43562,2.25,1.50
2011.08.10 07:05:43.318,1.43553,1.43563,5.10,1.05
2011.08.10 07:05:43.440,1.43557,1.43567,2.25,1.35
2011.08.10 07:05:43.994,1.43555,1.43566,3.00,2.10
2011.08.10 07:05:44.985,1.4356,1.4357,2.25,2.48
2011.08.10 07:05:45.117,1.43565,1.43578,1.13,2.25
2011.08.10 07:05:45.233,1.43565,1.43578,2.63,2.25
2011.08.10 07:05:45.811,1.43562,1.43575,6.38,2.10
2011.08.10 07:05:46.375,1.43562,1.43575,5.25,2.10
2011.08.10 07:05:46.933,1.43562,1.43575,5.63,2.10
2011.08.10 07:05:47.744,1.43567,1.43575,2.25,2.10
2011.08.10 07:05:47.876,1.43572,1.43583,1.88,1.80
2011.08.10 07:05:47.994,1.43572,1.43581,1.05,2.10
2011.08.10 07:05:48.331,1.43568,1.4358,2.25,2.10
2011.08.10 07:05:48.784,1.43569,1.43583,3.60,1.50
2011.08.10 07:05:48.904,1.43571,1.43585,1.50,2.63
2011.08.10 07:05:49.243,1.43578,1.43591,1.13,1.88
2011.08.10 07:05:49.805,1.43579,1.43592,3.22,1.13
2011.08.10 07:05:50.360,1.4358,1.43593,1.13,3.23
2011.08.10 07:05:51.231,1.43581,1.43592,4.50,1.13
2011.08.10 07:05:52.237,1.4358,1.43591,5.25,2.88
2011.08.10 07:05:52.576,1.43579,1.43588,1.28,1.53
2011.08.10 07:05:52.926,1.43572,1.43584,5.33,1.53
2011.08.10 07:05:53.045,1.43571,1.43584,1.20,1.53
2011.08.10 07:05:54.048,1.43571,1.43584,2.33,1.50
2011.08.10 07:05:54.178,1.43569,1.43584,2.25,2.43
2011.08.10 07:05:54.731,1.4357,1.43584,1.50,2.43
2011.08.10 07:05:55.184,1.43568,1.43582,3.00,2.25
2011.08.10 07:05:55.741,1.43568,1.4358,2.25,1.50
2011.08.10 07:05:56.631,1.43568,1.4358,2.25,1.50
2011.08.10 07:05:57.192,1.4357,1.4358,2.25,2.85
2011.08.10 07:05:57.784,1.43572,1.43583,2.25,2.40
2011.08.10 07:05:58.140,1.4357,1.43581,5.25,1.35
2011.08.10 07:05:58.703,1.4357,1.43581,4.50,1.35
2011.08.10 07:05:58.931,1.4357,1.43581,3.75,1.58
2011.08.10 07:06:02.415,1.43567,1.4358,7.28,3.23
2011.08.10 07:06:02.644,1.43569,1.43582,2.85,3.10
2011.08.10 07:06:02.982,1.43569,1.43581,2.85,1.58
2011.08.10 07:06:04.070,1.43567,1.4358,6.98,3.25
2011.08.10 07:06:04.632,1.43567,1.43579,3.75,3.08
2011.08.10 07:06:04.752,1.43569,1.43579,2.10,3.08
2011.08.10 07:06:04.873,1.43566,1.43579,5.63,3.08
2011.08.10 07:06:05.105,1.43563,1.43569,1.50,1.50
2011.08.10 07:06:05.460,1.43561,1.43568,1.50,2.10
2011.08.10 07:06:05.574,1.43557,1.43569,1.05,2.13
2011.08.10 07:06:05.698,1.43548,1.43559,2.85,1.53
2011.08.10 07:06:06.695,1.43549,1.43564,9.82,3.60
2011.08.10 07:06:07.046,1.43551,1.43564,5.25,3.60
2011.08.10 07:06:07.605,1.43552,1.43564,4.65,2.85
2011.08.10 07:06:07.948,1.43556,1.43566,4.13,1.50
2011.08.10 07:06:09.541,1.43564,1.43572,2.25,2.10
2011.08.10 07:06:09.672,1.43567,1.43578,4.50,3.85
2011.08.10 07:06:10.784,1.43567,1.43578,4.80,3.08
2011.08.10 07:06:11.341,1.43567,1.43578,4.80,3.08
2011.08.10 07:06:11.684,1.43567,1.43582,6.15,3.10
2011.08.10 07:06:12.538,1.4357,1.43582,3.75,3.08
2011.08.10 07:06:15.313,1.43571,1.4358,3.75,1.75
2011.08.10 07:06:15.762,1.43572,1.43585,3.23,5.13
2011.08.10 07:06:15.993,1.43571,1.43584,6.75,1.38
2011.08.10 07:06:16.115,1.43571,1.43584,3.75,1.38
2011.08.10 07:06:16.561,1.4357,1.43584,5.10,2.13
2011.08.10 07:06:16.904,1.43572,1.4358,2.10,3.03
2011.08.10 07:06:17.446,1.4357,1.4358,3.75,3.03
2011.08.10 07:06:17.684,1.43571,1.43581,1.13,1.53
2011.08.10 07:06:17.921,1.43576,1.43585,3.75,2.25
2011.08.10 07:06:18.044,1.43572,1.43586,6.00,1.50
2011.08.10 07:06:18.386,1.43577,1.43584,3.75,1.50
2011.08.10 07:06:18.504,1.43576,1.43587,3.75,1.50
2011.08.10 07:06:19.068,1.43574,1.43587,3.15,3.60
2011.08.10 07:06:19.516,1.43574,1.43587,4.35,3.60
2011.08.10 07:06:20.518,1.43574,1.43587,5.25,2.85
2011.08.10 07:06:21.071,1.43574,1.43587,3.75,2.85
2011.08.10 07:06:21.302,1.43572,1.43586,4.73,1.29
2011.08.10 07:06:21.426,1.4357,1.43581,6.90,1.50
2011.08.10 07:06:21.660,1.43568,1.43581,2.40,2.85
2011.08.10 07:06:21.997,1.43565,1.43578,3.00,1.35
2011.08.10 07:06:22.224,1.43566,1.43578,2.25,1.35
2011.08.10 07:06:22.565,1.43577,1.43585,1.35,7.08
2011.08.10 07:06:22.906,1.43584,1.4359,2.10,1.05
2011.08.10 07:06:23.025,1.43584,1.43593,2.10,1.05
2011.08.10 07:06:23.682,1.43584,1.43593,2.85,1.50
2011.08.10 07:06:24.049,1.43575,1.43585,2.40,1.13
2011.08.10 07:06:24.284,1.43577,1.43585,1.05,1.13
2011.08.10 07:06:24.514,1.43574,1.43587,2.10,1.35
2011.08.10 07:06:25.193,1.43574,1.43587,5.85,1.35
2011.08.10 07:06:25.876,1.43574,1.43587,4.35,1.35
2011.08.10 07:06:26.695,1.43566,1.43576,1.50,1.35
2011.08.10 07:06:26.939,1.4356,1.4357,1.05,1.35
2011.08.10 07:06:27.179,1.43556,1.4356,3.75,2.12
2011.08.10 07:06:27.297,1.43547,1.43557,1.28,1.50
2011.08.10 07:06:27.412,1.43543,1.43556,1.50,1.50
2011.08.10 07:06:28.192,1.43541,1.43555,5.25,2.28
2011.08.10 07:06:28.558,1.43544,1.43556,2.85,1.88
2011.08.10 07:06:28.896,1.43544,1.43556,2.10,1.13
2011.08.10 07:06:29.126,1.43542,1.43557,5.63,3.56
2011.08.10 07:06:29.247,1.43542,1.43556,6.38,1.13
2011.08.10 07:06:29.589,1.4354,1.4355,3.38,1.50
2011.08.10 07:06:29.832,1.43538,1.43544,1.05,1.50
2011.08.10 07:06:30.449,1.4353,1.43543,1.88,1.50
2011.08.10 07:06:30.587,1.43531,1.43539,1.88,2.85
2011.08.10 07:06:30.708,1.43527,1.4354,3.90,2.88
2011.08.10 07:06:30.835,1.43527,1.43538,4.50,1.35
2011.08.10 07:06:31.295,1.43518,1.43529,1.50,1.13
2011.08.10 07:06:31.537,1.43519,1.43531,1.35,1.13
2011.08.10 07:06:31.983,1.4352,1.43532,2.25,1.05
2011.08.10 07:06:32.839,1.43525,1.43538,2.10,3.55
2011.08.10 07:06:32.970,1.43523,1.43538,5.25,2.65
2011.08.10 07:06:33.214,1.43524,1.43538,2.85,1.15
2011.08.10 07:06:33.567,1.43526,1.43539,3.00,1.88
2011.08.10 07:06:33.685,1.43527,1.43541,4.50,1.13
2011.08.10 07:06:33.804,1.43531,1.43542,1.50,3.60
2011.08.10 07:06:34.152,1.43532,1.43545,1.50,1.88
2011.08.10 07:06:34.382,1.43532,1.43547,1.50,1.90
2011.08.10 07:06:35.087,1.43532,1.43547,1.50,1.90
2011.08.10 07:06:35.325,1.43532,1.43547,1.50,2.65
2011.08.10 07:06:35.667,1.4354,1.43548,2.85,1.88
2011.08.10 07:06:35.788,1.43542,1.4355,1.50,3.75
2011.08.10 07:06:36.013,1.43543,1.43557,1.50,1.13
2011.08.10 07:06:36.135,1.43541,1.43555,1.50,1.66
2011.08.10 07:06:36.485,1.43533,1.43549,6.38,1.53
2011.08.10 07:06:36.828,1.4353,1.43536,1.65,1.50
2011.08.10 07:06:36.946,1.43526,1.43538,1.73,1.50
2011.08.10 07:06:37.073,1.43527,1.43534,1.73,1.88
2011.08.10 07:06:37.574,1.43523,1.43536,5.33,1.88
2011.08.10 07:06:37.707,1.43525,1.43532,1.50,1.13
2011.08.10 07:06:37.942,1.43514,1.43526,1.50,2.79
2011.08.10 07:06:38.395,1.43516,1.43526,1.50,1.88
2011.08.10 07:06:38.624,1.43518,1.43529,1.50,2.65
2011.08.10 07:06:39.185,1.43519,1.43529,1.73,1.88
2011.08.10 07:06:39.305,1.43519,1.43529,1.58,1.88
2011.08.10 07:06:39.423,1.43519,1.43529,1.73,1.88
2011.08.10 07:06:39.544,1.43519,1.43528,1.73,1.50
2011.08.10 07:06:40.293,1.43521,1.43529,1.50,3.30
2011.08.10 07:06:40.416,1.43522,1.43531,2.25,2.40
2011.08.10 07:06:40.539,1.43522,1.43534,2.25,1.38
2011.08.10 07:06:41.094,1.43524,1.43535,1.50,2.25
2011.08.10 07:06:41.445,1.43526,1.43535,1.50,1.08
2011.08.10 07:06:41.783,1.43527,1.43537,3.00,2.40
2011.08.10 07:06:42.499,1.43531,1.43535,2.10,1.50
2011.08.10 07:06:42.624,1.43531,1.43537,3.38,1.35
2011.08.10 07:06:43.186,1.43532,1.43538,1.13,1.35
2011.08.10 07:06:43.413,1.43532,1.4354,5.25,1.35
2011.08.10 07:06:43.973,1.43533,1.43541,6.38,1.35
2011.08.10 07:06:44.644,1.43532,1.43545,5.48,1.38
2011.08.10 07:06:45.921,1.43533,1.43546,5.85,1.38
2011.08.10 07:06:46.480,1.43534,1.43547,5.85,1.38
2011.08.10 07:06:46.835,1.43536,1.43548,4.80,1.35
2011.08.10 07:06:47.195,1.43536,1.43546,2.18,1.35
2011.08.10 07:06:48.223,1.43544,1.43552,4.50,1.13
2011.08.10 07:06:48.355,1.43544,1.43555,5.25,1.90
2011.08.10 07:06:49.253,1.43544,1.43555,5.25,1.50
2011.08.10 07:06:49.703,1.43545,1.43558,4.35,2.88
2011.08.10 07:06:50.262,1.43544,1.43556,5.55,1.53
2011.08.10 07:06:51.197,1.43544,1.43555,5.55,3.03
2011.08.10 07:06:51.333,1.43545,1.43555,3.75,1.50
2011.08.10 07:06:51.456,1.4354,1.43551,3.60,1.53
2011.08.10 07:06:51.808,1.4353,1.43541,3.00,2.10
2011.08.10 07:06:52.036,1.4353,1.43538,1.50,1.35
2011.08.10 07:06:54.464,1.43527,1.43538,3.90,1.13
2011.08.10 07:06:55.023,1.43526,1.43538,5.85,1.13
2011.08.10 07:06:56.466,1.43528,1.43539,1.50,3.38
2011.08.10 07:06:56.704,1.43529,1.43541,6.97,1.05
2011.08.10 07:06:56.823,1.43531,1.43541,1.50,1.05
2011.08.10 07:06:56.945,1.43534,1.43543,1.50,1.13
2011.08.10 07:06:57.529,1.43535,1.43547,2.03,2.63
2011.08.10 07:06:57.670,1.43535,1.43549,5.25,2.04
2011.08.10 07:06:57.802,1.43538,1.43549,1.88,1.13
2011.08.10 07:06:58.147,1.43538,1.43551,4.20,1.13
2011.08.10 07:06:58.487,1.43541,1.43551,2.85,1.35
2011.08.10 07:06:58.606,1.4355,1.43559,2.25,1.13
2011.08.10 07:06:58.838,1.43546,1.43558,1.05,2.10
2011.08.10 07:06:59.065,1.43546,1.43557,3.23,1.53
2011.08.10 07:06:59.677,1.43547,1.43555,4.13,2.85
2011.08.10 07:06:59.808,1.4354,1.43551,1.50,1.50
2011.08.10 07:06:59.921,1.43537,1.4355,2.25,2.25
2011.08.10 07:07:00.260,1.43537,1.4355,1.50,1.53
2011.08.10 07:07:00.382,1.43536,1.43551,1.13,1.53
2011.08.10 07:07:00.724,1.43535,1.43549,1.88,1.50
2011.08.10 07:07:01.065,1.43534,1.43547,2.85,1.50
2011.08.10 07:07:01.186,1.43534,1.43547,2.10,1.50
2011.08.10 07:07:01.416,1.43531,1.43548,1.88,1.15
2011.08.10 07:07:01.536,1.43534,1.43546,2.10,1.13
2011.08.10 07:07:01.764,1.43535,1.43546,2.25,1.13
2011.08.10 07:07:03.128,1.43544,1.43554,2.10,1.73
2011.08.10 07:07:03.252,1.4354,1.43554,2.10,3.23
2011.08.10 07:07:03.365,1.43539,1.43552,2.63,1.35
2011.08.10 07:07:03.594,1.43539,1.43546,1.50,1.13
2011.08.10 07:07:03.956,1.43533,1.43541,3.75,1.38
2011.08.10 07:07:04.183,1.43528,1.4354,4.35,2.25
2011.08.10 07:07:04.743,1.43528,1.43541,4.43,1.35
2011.08.10 07:07:05.880,1.43528,1.43538,3.83,3.60
2011.08.10 07:07:06.238,1.43524,1.43537,1.66,1.35
2011.08.10 07:07:06.798,1.43525,1.43538,2.10,1.13
2011.08.10 07:07:06.915,1.43527,1.43538,2.85,1.13
2011.08.10 07:07:07.704,1.43523,1.43538,6.01,1.98
2011.08.10 07:07:08.947,1.43522,1.43535,5.11,3.10
2011.08.10 07:07:09.071,1.43523,1.43535,1.36,1.60
2011.08.10 07:07:09.745,1.43526,1.43537,1.35,2.73
2011.08.10 07:07:10.084,1.43529,1.43538,2.10,1.13
2011.08.10 07:07:10.316,1.43526,1.43538,1.50,1.13
2011.08.10 07:07:10.871,1.43525,1.4354,2.63,1.13
2011.08.10 07:07:11.541,1.43529,1.4354,2.85,1.13
2011.08.10 07:07:12.101,1.43529,1.43541,1.50,2.63
2011.08.10 07:07:13.065,1.43529,1.4354,3.60,1.13
2011.08.10 07:07:13.528,1.43529,1.4354,2.10,3.10
2011.08.10 07:07:13.878,1.43523,1.43539,1.06,5.58
2011.08.10 07:07:14.433,1.43522,1.43537,1.88,2.63
2011.08.10 07:07:14.886,1.43529,1.43537,2.10,2.63
2011.08.10 07:07:15.443,1.43524,1.43537,2.10,2.63
2011.08.10 07:07:15.569,1.43522,1.43537,1.88,2.63
2011.08.10 07:07:16.124,1.43523,1.43536,1.51,2.25
2011.08.10 07:07:16.476,1.43516,1.43526,1.51,1.80
2011.08.10 07:07:16.709,1.4351,1.43523,1.05,1.45
2011.08.10 07:07:16.825,1.4351,1.43521,4.80,1.35
2011.08.10 07:07:16.947,1.4351,1.4352,3.75,1.35
2011.08.10 07:07:17.066,1.4351,1.4352,3.75,2.20
2011.08.10 07:07:17.188,1.43505,1.43518,2.78,1.45
2011.08.10 07:07:18.009,1.43501,1.43517,1.13,2.73
2011.08.10 07:07:18.561,1.43502,1.43517,1.13,1.88
2011.08.10 07:07:19.120,1.43502,1.43517,1.13,1.88
2011.08.10 07:07:19.355,1.43505,1.43517,1.50,1.88
2011.08.10 07:07:19.473,1.43505,1.43519,2.25,3.38
2011.08.10 07:07:19.593,1.43506,1.43519,1.50,3.38
2011.08.10 07:07:20.371,1.43506,1.43519,1.50,1.88
2011.08.10 07:07:21.150,1.43507,1.43519,1.50,3.23
2011.08.10 07:07:21.760,1.43505,1.43517,2.25,2.85
2011.08.10 07:07:21.882,1.43502,1.43512,1.13,1.66
2011.08.10 07:07:22.009,1.43502,1.43514,1.50,2.10
2011.08.10 07:07:22.345,1.43502,1.4351,1.50,2.10
2011.08.10 07:07:22.694,1.43497,1.43508,1.05,2.10
2011.08.10 07:07:22.817,1.43496,1.43508,1.05,2.20
2011.08.10 07:07:23.047,1.43494,1.43504,3.00,1.35
2011.08.10 07:07:23.393,1.43492,1.43507,4.50,2.10
2011.08.10 07:07:23.953,1.43492,1.43506,2.10,1.73
2011.08.10 07:07:25.235,1.43492,1.43507,3.00,8.48
2011.08.10 07:07:25.686,1.43495,1.43507,1.88,2.10
2011.08.10 07:07:25.806,1.43497,1.4351,1.35,1.05
2011.08.10 07:07:25.927,1.43501,1.43511,1.35,1.05
2011.08.10 07:07:26.264,1.43503,1.43515,1.35,2.18
2011.08.10 07:07:26.494,1.43501,1.43515,1.50,1.88
2011.08.10 07:07:26.616,1.4351,1.43517,1.50,1.98
2011.08.10 07:07:26.735,1.4351,1.43522,1.88,2.95
2011.08.10 07:07:26.856,1.43514,1.43522,2.85,2.85
2011.08.10 07:07:27.487,1.43515,1.43525,1.13,1.88
2011.08.10 07:07:27.626,1.4352,1.43533,2.25,6.60
2011.08.10 07:07:28.515,1.43519,1.43533,1.73,6.60
2011.08.10 07:07:28.635,1.43519,1.43532,1.73,1.50
2011.08.10 07:07:28.976,1.43518,1.4353,1.50,2.85
2011.08.10 07:07:29.094,1.43516,1.43529,1.13,1.35
2011.08.10 07:07:29.217,1.43515,1.43528,1.50,2.85
2011.08.10 07:07:29.950,1.43512,1.4352,1.88,2.20
2011.08.10 07:07:30.079,1.43509,1.43519,2.10,1.35
2011.08.10 07:07:30.523,1.43509,1.43523,2.85,1.63
2011.08.10 07:07:31.086,1.43509,1.43524,3.60,1.68
2011.08.10 07:07:31.425,1.43514,1.43527,1.50,1.78
2011.08.10 07:07:31.987,1.43516,1.43531,3.00,1.60
2011.08.10 07:07:32.704,1.43518,1.43533,1.50,2.43
2011.08.10 07:07:33.264,1.43519,1.43531,1.50,1.03
2011.08.10 07:07:33.604,1.43518,1.43529,1.50,6.28
2011.08.10 07:07:34.161,1.43517,1.43528,1.50,4.03
2011.08.10 07:07:34.721,1.43517,1.43528,1.50,4.03
2011.08.10 07:07:35.065,1.43517,1.43529,1.50,4.78
2011.08.10 07:07:35.632,1.43518,1.43529,2.10,4.78
2011.08.10 07:07:35.761,1.43519,1.43532,1.50,2.10
2011.08.10 07:07:36.324,1.4352,1.43533,1.35,1.88
2011.08.10 07:07:36.666,1.43519,1.43526,3.97,2.10
2011.08.10 07:07:37.004,1.43515,1.43524,1.95,1.05
2011.08.10 07:07:37.343,1.43512,1.43524,2.98,1.05
2011.08.10 07:07:37.792,1.43516,1.43526,2.85,1.23
2011.08.10 07:07:37.915,1.43516,1.43529,1.35,1.73
2011.08.10 07:07:38.033,1.43516,1.43529,2.10,1.45
2011.08.10 07:07:38.932,1.43514,1.43527,4.73,1.35
2011.08.10 07:07:39.284,1.43512,1.43525,1.43,3.18
2011.08.10 07:07:39.848,1.43514,1.43526,1.50,1.29
2011.08.10 07:07:40.088,1.43517,1.43529,3.00,2.79
2011.08.10 07:07:40.331,1.43521,1.43533,1.35,2.04
2011.08.10 07:07:40.456,1.43524,1.43534,2.25,2.63
2011.08.10 07:07:41.016,1.43524,1.43535,3.00,3.23
2011.08.10 07:07:41.721,1.43524,1.43536,2.10,2.04
2011.08.10 07:07:41.845,1.43522,1.43535,1.50,3.70
2011.08.10 07:07:41.962,1.4352,1.43533,1.13,1.35
2011.08.10 07:07:42.083,1.4352,1.43533,1.13,1.61
2011.08.10 07:07:42.312,1.43519,1.43534,2.18,1.60
2011.08.10 07:07:42.762,1.4352,1.43534,1.13,1.60
2011.08.10 07:07:43.652,1.43521,1.43533,2.10,1.50
2011.08.10 07:07:43.885,1.43524,1.43534,3.38,4.50
2011.08.10 07:07:44.115,1.43525,1.43537,4.35,3.75
2011.08.10 07:07:44.672,1.43526,1.43537,1.50,3.75
2011.08.10 07:07:45.267,1.43524,1.43533,1.05,2.85
2011.08.10 07:07:45.613,1.4352,1.43534,4.35,1.35
2011.08.10 07:07:45.734,1.43525,1.43535,1.50,7.73
2011.08.10 07:07:46.098,1.43533,1.43538,1.35,3.75
2011.08.10 07:07:46.445,1.43533,1.43545,1.50,4.73
2011.08.10 07:07:46.794,1.43531,1.43545,3.00,5.63
2011.08.10 07:07:47.244,1.43529,1.43542,3.60,3.75
2011.08.10 07:07:47.837,1.43529,1.43539,2.85,1.50
2011.08.10 07:07:48.733,1.43529,1.43539,2.10,1.98
2011.08.10 07:07:49.306,1.43529,1.4354,2.85,2.63
2011.08.10 07:07:49.645,1.4353,1.43542,1.50,1.88
2011.08.10 07:07:49.875,1.43531,1.43545,3.75,6.38
2011.08.10 07:07:50.104,1.43531,1.43545,1.50,5.63
2011.08.10 07:07:50.332,1.43532,1.43547,1.50,1.13
2011.08.10 07:07:50.453,1.43536,1.43547,1.50,1.13
2011.08.10 07:07:51.297,1.43538,1.43548,1.35,1.21
2011.08.10 07:07:51.632,1.43538,1.43551,1.35,1.38
2011.08.10 07:07:52.095,1.43541,1.43552,1.35,4.38
2011.08.10 07:07:52.335,1.43542,1.43554,1.35,1.50
2011.08.10 07:07:52.454,1.43551,1.43563,3.38,2.10
2011.08.10 07:07:52.573,1.4355,1.43563,1.13,2.10
2011.08.10 07:07:53.351,1.43549,1.43566,1.50,1.38
2011.08.10 07:07:54.325,1.43549,1.43564,2.25,4.23
2011.08.10 07:07:54.444,1.43549,1.43564,1.50,5.73
2011.08.10 07:07:55.001,1.43549,1.43563,1.50,1.60
2011.08.10 07:07:55.670,1.43549,1.43563,1.50,1.60
2011.08.10 07:07:56.122,1.43548,1.43564,1.50,5.88
2011.08.10 07:07:56.244,1.43548,1.43562,1.50,1.60
2011.08.10 07:07:56.368,1.43548,1.4356,1.50,3.75
2011.08.10 07:07:56.485,1.43547,1.43559,1.50,1.35
2011.08.10 07:07:57.043,1.43545,1.43559,2.48,5.10
2011.08.10 07:07:58.031,1.43541,1.43546,2.25,2.85
2011.08.10 07:07:58.164,1.43533,1.43544,1.13,2.10
2011.08.10 07:07:58.505,1.4353,1.43547,4.13,1.60
2011.08.10 07:07:59.076,1.43531,1.43545,1.88,1.50
2011.08.10 07:08:00.182,1.43531,1.43544,1.50,1.50
2011.08.10 07:08:00.309,1.43529,1.4354,2.47,1.50
2011.08.10 07:08:00.535,1.43529,1.43542,2.85,1.60
2011.08.10 07:08:01.140,1.43529,1.43543,2.85,1.88
2011.08.10 07:08:01.482,1.43529,1.43543,3.00,1.13
2011.08.10 07:08:02.043,1.43529,1.43544,3.75,1.88
2011.08.10 07:08:02.386,1.43536,1.43546,1.73,1.13
2011.08.10 07:08:02.733,1.43539,1.43552,1.50,1.05
2011.08.10 07:08:02.964,1.43539,1.43553,1.50,1.23
2011.08.10 07:08:03.412,1.43539,1.43553,1.50,1.98
2011.08.10 07:08:04.330,1.43539,1.4355,1.50,3.10
2011.08.10 07:08:04.692,1.43545,1.43553,2.25,1.43
2011.08.10 07:08:05.046,1.43548,1.43557,3.00,1.50
2011.08.10 07:08:05.165,1.43546,1.43556,1.50,4.50
2011.08.10 07:08:05.728,1.43545,1.43558,1.35,5.25
2011.08.10 07:08:06.631,1.43545,1.43558,2.10,4.50
2011.08.10 07:08:06.760,1.43545,1.43558,3.60,3.75
2011.08.10 07:08:06.883,1.43545,1.43556,2.85,1.50
2011.08.10 07:08:07.008,1.43545,1.43552,1.50,1.35
2011.08.10 07:08:07.359,1.4354,1.4355,1.05,3.85
2011.08.10 07:08:07.708,1.43533,1.43543,1.05,1.13
2011.08.10 07:08:07.823,1.43534,1.43543,1.05,1.50
2011.08.10 07:08:07.945,1.43527,1.4354,1.05,1.05
2011.08.10 07:08:08.174,1.43527,1.43539,1.05,1.73
2011.08.10 07:08:08.402,1.43524,1.43535,1.88,3.75
2011.08.10 07:08:09.026,1.43524,1.43535,3.60,3.75
2011.08.10 07:08:09.155,1.43519,1.4353,3.22,1.60
2011.08.10 07:08:09.714,1.43518,1.4353,1.50,1.60
2011.08.10 07:08:10.279,1.43523,1.43535,1.13,1.60
2011.08.10 07:08:10.399,1.43523,1.43536,1.73,1.01
2011.08.10 07:08:10.737,1.43524,1.43537,1.50,4.35
2011.08.10 07:08:10.854,1.43524,1.43537,1.50,5.10
2011.08.10 07:08:11.598,1.43519,1.43532,4.95,1.35
2011.08.10 07:08:12.702,1.43524,1.43532,3.22,1.35
2011.08.10 07:08:12.934,1.43526,1.43537,1.35,4.50
2011.08.10 07:08:13.275,1.43523,1.43536,1.50,4.35
2011.08.10 07:08:13.394,1.43524,1.43537,2.48,4.50
2011.08.10 07:08:14.115,1.43524,1.43537,1.88,4.50
2011.08.10 07:08:14.348,1.43526,1.43537,1.50,4.50
2011.08.10 07:08:14.899,1.43527,1.43539,1.05,4.88
2011.08.10 07:08:15.233,1.43524,1.43535,1.05,1.35
2011.08.10 07:08:15.462,1.43522,1.43535,2.48,5.10
2011.08.10 07:08:15.699,1.4352,1.43533,1.13,1.45
2011.08.10 07:08:16.045,1.43514,1.43525,1.05,2.35
2011.08.10 07:08:17.051,1.43512,1.43523,1.35,4.50
2011.08.10 07:08:17.627,1.43512,1.43523,2.10,3.85
2011.08.10 07:08:17.965,1.43514,1.43524,1.73,4.50
2011.08.10 07:08:18.192,1.43515,1.43525,2.10,1.50
2011.08.10 07:08:18.316,1.43515,1.43527,2.85,4.80
2011.08.10 07:08:18.437,1.43516,1.43527,1.35,3.75
2011.08.10 07:08:18.993,1.43514,1.43527,2.48,5.10
2011.08.10 07:08:19.115,1.43515,1.43526,1.35,4.50
2011.08.10 07:08:19.453,1.43515,1.43526,2.10,4.50
2011.08.10 07:08:19.793,1.43518,1.43529,1.35,4.50
2011.08.10 07:08:19.911,1.43517,1.43529,2.40,4.50
2011.08.10 07:08:20.810,1.43518,1.43529,1.35,4.50
2011.08.10 07:08:21.591,1.43518,1.43529,1.35,4.50
2011.08.10 07:08:21.933,1.43519,1.43528,1.13,3.75
2011.08.10 07:08:22.163,1.43523,1.4353,2.85,3.75
2011.08.10 07:08:22.285,1.43525,1.43536,1.35,1.13
2011.08.10 07:08:22.517,1.43525,1.43536,1.05,5.10
2011.08.10 07:08:22.747,1.43529,1.43539,2.10,1.05
2011.08.10 07:08:22.868,1.43533,1.43544,2.10,4.50
2011.08.10 07:08:22.984,1.43535,1.43544,4.35,3.75
2011.08.10 07:08:23.212,1.43534,1.43548,1.35,2.88
2011.08.10 07:08:23.331,1.43534,1.43547,1.35,1.35
2011.08.10 07:08:23.456,1.43531,1.43542,1.88,2.10
2011.08.10 07:08:23.577,1.4353,1.4354,1.43,2.10
2011.08.10 07:08:24.099,1.43525,1.43533,4.43,2.10
2011.08.10 07:08:24.233,1.43519,1.43533,1.43,2.20
2011.08.10 07:08:24.791,1.43518,1.43533,1.73,2.20
2011.08.10 07:08:25.134,1.43519,1.4353,2.10,2.10
2011.08.10 07:08:25.474,1.43514,1.43528,4.57,1.45
2011.08.10 07:08:25.703,1.43514,1.43525,2.25,2.35
2011.08.10 07:08:25.948,1.43519,1.4353,4.95,2.35
2011.08.10 07:08:26.066,1.4352,1.43534,1.35,7.83
2011.08.10 07:08:27.245,1.4352,1.43533,1.35,1.51
2011.08.10 07:08:27.591,1.43517,1.4353,1.35,2.35
2011.08.10 07:08:27.932,1.43515,1.43527,1.50,2.95
2011.08.10 07:08:28.164,1.43515,1.43527,1.35,3.75
2011.08.10 07:08:32.164,1.43514,1.43527,1.35,4.35
2011.08.10 07:08:32.722,1.43518,1.43527,1.50,3.75
2011.08.10 07:08:32.952,1.43519,1.4353,1.43,4.60
2011.08.10 07:08:33.512,1.43518,1.43529,1.50,5.10
2011.08.10 07:08:36.081,1.43516,1.43526,1.43,2.10
2011.08.10 07:08:36.423,1.43511,1.4352,1.88,1.50
2011.08.10 07:08:36.547,1.43509,1.43514,1.88,2.10
2011.08.10 07:08:36.666,1.43502,1.43513,1.05,3.60
2011.08.10 07:08:36.783,1.43501,1.43509,1.05,2.85
2011.08.10 07:08:37.028,1.43498,1.43512,3.60,2.03
2011.08.10 07:08:37.368,1.435,1.43508,1.13,3.75
2011.08.10 07:08:37.484,1.43498,1.43508,1.88,3.75
2011.08.10 07:08:38.088,1.43498,1.43508,1.50,3.75
2011.08.10 07:08:38.205,1.43498,1.43508,1.50,3.75
2011.08.10 07:08:38.984,1.43496,1.43508,1.35,4.50
2011.08.10 07:08:39.325,1.43494,1.43505,3.15,1.35
2011.08.10 07:08:39.880,1.43491,1.43505,9.23,5.10
2011.08.10 07:08:40.443,1.43491,1.43503,2.63,2.85
2011.08.10 07:08:40.564,1.4349,1.43503,1.50,3.60
2011.08.10 07:08:41.135,1.43489,1.435,1.88,4.50
2011.08.10 07:08:41.261,1.43488,1.43499,2.10,4.50
2011.08.10 07:08:41.386,1.43487,1.43498,1.80,4.50
2011.08.10 07:08:41.942,1.43488,1.43499,1.13,4.50
2011.08.10 07:08:42.506,1.43487,1.43494,1.80,2.10
2011.08.10 07:08:42.736,1.43487,1.43496,2.40,1.50
2011.08.10 07:08:42.857,1.43487,1.43494,2.40,3.75
2011.08.10 07:08:43.412,1.43485,1.43496,1.43,1.50
2011.08.10 07:08:44.320,1.43484,1.43496,2.40,4.50
2011.08.10 07:08:44.444,1.43485,1.43497,1.13,5.10
2011.08.10 07:08:44.891,1.43487,1.43497,4.50,4.50
2011.08.10 07:08:45.783,1.43487,1.43493,3.75,1.50
2011.08.10 07:08:45.902,1.43483,1.43494,1.88,1.50
2011.08.10 07:08:46.024,1.43481,1.43493,1.35,5.25
2011.08.10 07:08:46.362,1.43481,1.43491,1.58,1.50
2011.08.10 07:08:46.482,1.43481,1.43493,2.10,5.25
2011.08.10 07:08:46.605,1.43485,1.43493,1.50,4.50
2011.08.10 07:08:46.947,1.43487,1.43496,2.25,1.35
2011.08.10 07:08:47.063,1.43485,1.43496,2.63,5.10
2011.08.10 07:08:47.292,1.43484,1.43496,4.20,4.50
2011.08.10 07:08:48.203,1.43481,1.43491,1.13,4.50
2011.08.10 07:08:48.655,1.43479,1.43488,2.85,1.50
2011.08.10 07:08:49.214,1.43478,1.43488,1.28,1.50
2011.08.10 07:08:50.105,1.43478,1.43489,1.65,4.50
2011.08.10 07:08:50.444,1.43477,1.43488,3.90,4.50
2011.08.10 07:08:50.903,1.43478,1.43489,2.40,4.50
2011.08.10 07:08:51.528,1.43483,1.43489,2.10,4.50
2011.08.10 07:08:51.895,1.43488,1.43498,1.50,4.50
2011.08.10 07:08:52.015,1.43485,1.43498,3.00,5.10
2011.08.10 07:08:52.683,1.43484,1.43497,2.48,4.50
2011.08.10 07:08:53.134,1.43487,1.43497,5.48,3.75
2011.08.10 07:08:53.582,1.4349,1.43498,1.88,3.75
2011.08.10 07:08:54.032,1.43488,1.435,1.13,4.50
2011.08.10 07:08:54.153,1.43488,1.43497,1.13,4.50
2011.08.10 07:08:55.170,1.43484,1.43495,4.50,1.73
2011.08.10 07:08:55.412,1.43486,1.43497,1.13,6.23
2011.08.10 07:08:55.972,1.43486,1.43497,1.88,5.48
2011.08.10 07:08:56.311,1.43487,1.43497,1.13,4.73
2011.08.10 07:08:56.653,1.4349,1.43497,4.13,1.88
2011.08.10 07:08:56.883,1.4349,1.435,1.88,4.13
2011.08.10 07:08:57.441,1.43492,1.43501,1.50,3.75
2011.08.10 07:08:58.222,1.43492,1.43501,1.13,4.50
2011.08.10 07:08:59.561,1.43492,1.43501,1.13,3.75
2011.08.10 07:09:00.123,1.43492,1.435,1.13,4.50
2011.08.10 07:09:00.574,1.43491,1.43501,1.88,4.50
2011.08.10 07:09:01.243,1.43491,1.435,1.58,4.50
2011.08.10 07:09:01.365,1.43492,1.435,1.13,3.75
2011.08.10 07:09:01.482,1.43492,1.43502,1.13,4.88
2011.08.10 07:09:01.712,1.4349,1.43501,3.68,4.50
2011.08.10 07:09:02.271,1.4349,1.43501,1.50,4.50
2011.08.10 07:09:02.833,1.43489,1.43499,1.05,4.50
2011.08.10 07:09:02.953,1.43486,1.43497,1.05,1.35
2011.08.10 07:09:03.617,1.43484,1.43497,3.60,5.20
2011.08.10 07:09:04.060,1.43484,1.43497,6.23,5.10
2011.08.10 07:09:04.294,1.43487,1.43497,1.13,3.75
2011.08.10 07:09:04.416,1.43487,1.43497,5.63,3.75
2011.08.10 07:09:04.533,1.43489,1.43499,1.13,3.75
2011.08.10 07:09:04.871,1.43487,1.43498,1.13,4.50
2011.08.10 07:09:05.322,1.43488,1.43498,4.13,4.50
2011.08.10 07:09:05.664,1.43486,1.43498,1.50,10.73
2011.08.10 07:09:06.002,1.43485,1.43497,1.13,5.25
2011.08.10 07:09:06.120,1.43486,1.43497,4.88,4.88
2011.08.10 07:09:06.463,1.43486,1.43497,1.35,1.50
2011.08.10 07:09:06.580,1.43488,1.43498,1.13,5.63
2011.08.10 07:09:07.142,1.43487,1.43498,1.35,4.13
2011.08.10 07:09:07.948,1.43498,1.43505,3.15,3.48
2011.08.10 07:09:08.081,1.43502,1.4351,1.88,3.75
2011.08.10 07:09:08.321,1.43503,1.4351,2.10,3.75
2011.08.10 07:09:08.443,1.43505,1.43515,1.35,1.05
2011.08.10 07:09:08.674,1.43508,1.43515,1.35,1.05
2011.08.10 07:09:08.903,1.43503,1.43514,1.73,3.75
2011.08.10 07:09:09.133,1.43507,1.43519,1.73,2.20
2011.08.10 07:09:09.253,1.43509,1.43519,1.50,1.35
2011.08.10 07:09:09.373,1.43512,1.4352,1.13,1.08
2011.08.10 07:09:09.934,1.43507,1.43518,1.05,1.13
2011.08.10 07:09:10.054,1.43506,1.43518,3.60,4.50
2011.08.10 07:09:10.629,1.43507,1.43518,1.05,4.13
2011.08.10 07:09:11.184,1.4351,1.4352,3.75,1.88
2011.08.10 07:09:11.631,1.43508,1.4352,5.48,1.60
2011.08.10 07:09:12.190,1.43508,1.4352,1.73,1.50
2011.08.10 07:09:12.631,1.43509,1.4352,4.13,2.10
2011.08.10 07:09:12.971,1.43507,1.43519,4.43,4.50
2011.08.10 07:09:13.204,1.43506,1.43518,2.03,2.73
2011.08.10 07:09:13.324,1.43503,1.43516,1.80,1.73
2011.08.10 07:09:13.444,1.43503,1.43515,1.50,2.73
2011.08.10 07:09:14.063,1.43502,1.43515,4.35,3.48
2011.08.10 07:09:14.732,1.43502,1.43513,4.73,1.13
2011.08.10 07:09:14.965,1.43502,1.43512,4.13,5.85
2011.08.10 07:09:15.085,1.43499,1.43512,1.28,7.08
2011.08.10 07:09:15.422,1.43498,1.43507,1.80,3.75
2011.08.10 07:09:15.667,1.43494,1.43505,2.78,1.13
2011.08.10 07:09:15.894,1.43494,1.43505,2.78,4.88
2011.08.10 07:09:16.017,1.43494,1.43507,3.98,1.13
2011.08.10 07:09:16.893,1.43494,1.43507,5.48,1.73
2011.08.10 07:09:17.247,1.43493,1.43504,3.60,1.13
2011.08.10 07:09:17.362,1.43495,1.43504,3.75,1.13
2011.08.10 07:09:17.591,1.43497,1.43505,4.13,2.63
2011.08.10 07:09:17.821,1.43495,1.43504,4.13,1.13
2011.08.10 07:09:18.381,1.43494,1.43504,4.73,1.13
2011.08.10 07:09:18.831,1.43494,1.43503,4.13,1.35
2011.08.10 07:09:18.956,1.43492,1.43504,8.25,1.13
2011.08.10 07:09:19.181,1.43491,1.43504,4.73,1.88
2011.08.10 07:09:19.741,1.43492,1.43504,4.13,1.13
2011.08.10 07:09:20.411,1.43492,1.43504,4.13,1.13
2011.08.10 07:09:20.964,1.43505,1.43511,2.25,5.65
2011.08.10 07:09:21.090,1.43506,1.43515,1.35,3.75
2011.08.10 07:09:21.211,1.4351,1.43516,1.50,1.13
2011.08.10 07:09:21.333,1.4351,1.4352,5.63,5.63
2011.08.10 07:09:21.451,1.4351,1.4352,8.63,5.63
2011.08.10 07:09:22.012,1.43509,1.4352,4.88,6.23
2011.08.10 07:09:22.242,1.43511,1.4352,4.13,6.23
2011.08.10 07:09:22.361,1.43509,1.4352,4.88,6.23
2011.08.10 07:09:23.140,1.43509,1.4352,1.13,5.63
2011.08.10 07:09:23.700,1.43509,1.4352,4.88,5.48
2011.08.10 07:09:24.042,1.4351,1.43519,4.13,2.10
2011.08.10 07:09:24.396,1.43503,1.43515,5.55,1.35
2011.08.10 07:09:24.919,1.43504,1.43517,3.75,1.29
2011.08.10 07:09:25.703,1.43503,1.43513,4.13,1.50
2011.08.10 07:09:25.825,1.43501,1.43513,4.88,1.50
2011.08.10 07:09:25.948,1.43501,1.43512,1.13,1.23
2011.08.10 07:09:26.503,1.43499,1.43511,1.88,1.23
2011.08.10 07:09:26.733,1.43501,1.43513,1.13,5.63
2011.08.10 07:09:27.074,1.43508,1.43519,2.10,2.25
2011.08.10 07:09:27.411,1.4351,1.43521,3.75,1.88
2011.08.10 07:09:27.750,1.4351,1.43522,1.13,7.65
2011.08.10 07:09:28.442,1.43509,1.4352,1.13,1.35
2011.08.10 07:09:29.012,1.43508,1.43519,1.13,1.88
2011.08.10 07:09:29.242,1.43507,1.43519,2.10,5.63
2011.08.10 07:09:29.362,1.43509,1.4352,1.73,1.13
2011.08.10 07:09:29.704,1.43514,1.43522,1.88,1.43
2011.08.10 07:09:30.042,1.43515,1.43526,5.63,4.50
2011.08.10 07:09:30.163,1.43518,1.43526,2.10,3.75
2011.08.10 07:09:30.283,1.43516,1.43528,2.85,4.88
2011.08.10 07:09:30.403,1.43517,1.43528,2.85,1.13
2011.08.10 07:09:30.960,1.43518,1.43529,1.50,1.13
2011.08.10 07:09:32.291,1.43519,1.43529,1.35,1.13
2011.08.10 07:09:32.954,1.43519,1.43528,1.35,1.50
2011.08.10 07:09:33.306,1.43509,1.4352,1.13,1.73
2011.08.10 07:09:33.422,1.43507,1.4352,1.13,5.85
2011.08.10 07:09:33.982,1.43507,1.43518,1.13,1.35
2011.08.10 07:09:34.541,1.43506,1.43517,2.10,1.13
2011.08.10 07:09:34.881,1.43507,1.43517,2.10,1.13
2011.08.10 07:09:35.443,1.43507,1.43516,2.10,1.13
2011.08.10 07:09:35.671,1.43507,1.43519,2.48,1.98
2011.08.10 07:09:36.390,1.43506,1.43516,1.13,1.35
2011.08.10 07:09:36.525,1.43501,1.4351,1.88,1.60
2011.08.10 07:09:36.861,1.43498,1.4351,1.50,4.60
2011.08.10 07:09:37.428,1.43497,1.43509,6.75,1.45
2011.08.10 07:09:37.655,1.43495,1.43505,5.63,4.35
2011.08.10 07:09:37.776,1.43493,1.43501,4.05,2.85
2011.08.10 07:09:38.004,1.43488,1.43502,6.98,1.83
2011.08.10 07:09:38.344,1.4349,1.43501,2.85,1.23
2011.08.10 07:09:39.097,1.43491,1.43503,1.13,1.45
2011.08.10 07:09:39.663,1.43494,1.43502,3.75,2.10
2011.08.10 07:09:40.444,1.43494,1.43501,3.38,1.35
2011.08.10 07:09:40.671,1.43492,1.43501,3.75,1.35
2011.08.10 07:09:41.010,1.4349,1.43503,4.13,1.45
2011.08.10 07:09:41.571,1.4349,1.43501,4.13,1.35
2011.08.10 07:09:41.805,1.43489,1.43501,4.13,1.35
2011.08.10 07:09:42.343,1.43487,1.43497,1.13,1.73
2011.08.10 07:09:42.470,1.43485,1.43496,1.50,1.13
2011.08.10 07:09:43.022,1.43484,1.43496,1.50,1.73
2011.08.10 07:09:43.254,1.43484,1.43494,1.50,1.50
2011.08.10 07:09:43.595,1.43481,1.43491,4.13,1.50
2011.08.10 07:09:44.155,1.4348,1.43489,4.13,1.45
2011.08.10 07:09:44.713,1.43479,1.43489,4.13,1.45
2011.08.10 07:09:45.052,1.43479,1.43488,4.13,1.13
2011.08.10 07:09:46.746,1.43477,1.43486,4.13,4.50
2011.08.10 07:09:46.864,1.43478,1.43487,4.13,1.50
2011.08.10 07:09:47.205,1.43476,1.43486,3.75,1.13
2011.08.10 07:09:47.321,1.43478,1.43487,4.13,1.50
2011.08.10 07:09:49.360,1.43478,1.43488,1.13,2.73
2011.08.10 07:09:49.701,1.43474,1.43486,3.52,1.08
2011.08.10 07:09:50.531,1.43476,1.43486,3.00,1.13
2011.08.10 07:09:50.889,1.43488,1.43494,4.50,2.63
2011.08.10 07:09:51.006,1.43485,1.43495,1.50,4.50
2011.08.10 07:09:51.451,1.43485,1.43497,1.35,3.00
2011.08.10 07:09:51.573,1.43486,1.43497,4.88,3.23
2011.08.10 07:09:51.914,1.4349,1.43497,1.13,1.88
2011.08.10 07:09:52.039,1.43491,1.43501,3.23,2.18
2011.08.10 07:09:52.155,1.43494,1.43502,2.63,1.88
2011.08.10 07:09:52.493,1.43494,1.43503,1.13,1.05
2011.08.10 07:09:52.833,1.43498,1.43505,1.13,2.78
2011.08.10 07:09:52.955,1.43498,1.43508,1.13,3.75
2011.08.10 07:09:53.077,1.43499,1.4351,1.13,2.85
2011.08.10 07:09:53.709,1.43498,1.43505,1.13,3.75
2011.08.10 07:09:54.265,1.43495,1.43506,1.13,2.93
2011.08.10 07:09:54.822,1.43493,1.43505,5.63,1.13
2011.08.10 07:09:55.383,1.43494,1.43505,4.13,1.13
2011.08.10 07:09:55.616,1.43496,1.43505,4.13,1.13
2011.08.10 07:09:55.955,1.43496,1.43502,4.50,2.10
2011.08.10 07:09:56.077,1.43494,1.43502,1.83,2.85
2011.08.10 07:09:56.958,1.43491,1.43502,4.88,2.73
2011.08.10 07:09:57.193,1.43489,1.43501,4.13,1.23
2011.08.10 07:09:57.756,1.43487,1.435,4.50,1.98
2011.08.10 07:09:58.105,1.43487,1.43498,4.13,1.13
2011.08.10 07:09:58.663,1.43476,1.43488,4.88,1.13
2011.08.10 07:09:59.743,1.43478,1.43488,3.75,1.13
2011.08.10 07:09:59.868,1.43475,1.43488,4.88,1.23
2011.08.10 07:10:00.427,1.43476,1.43487,4.13,1.50
2011.08.10 07:10:00.654,1.43475,1.43487,1.13,2.25
2011.08.10 07:10:01.211,1.43475,1.43485,3.75,2.35
2011.08.10 07:10:01.883,1.43475,1.43485,4.13,3.10
2011.08.10 07:10:02.002,1.43473,1.43485,4.13,3.10
2011.08.10 07:10:02.456,1.43472,1.43485,1.13,3.10
2011.08.10 07:10:02.573,1.43475,1.43485,4.13,2.73
2011.08.10 07:10:03.266,1.43477,1.43486,1.88,1.23
2011.08.10 07:10:03.624,1.43484,1.43494,1.13,1.88
2011.08.10 07:10:03.745,1.43484,1.43498,4.13,5.71
2011.08.10 07:10:03.974,1.43484,1.43496,3.97,1.13
2011.08.10 07:10:04.092,1.43487,1.43498,3.75,1.98
2011.08.10 07:10:04.434,1.43485,1.43497,4.88,2.35
2011.08.10 07:10:04.662,1.43484,1.43496,1.13,1.76
2011.08.10 07:10:04.783,1.43483,1.43496,4.50,1.76
2011.08.10 07:10:05.121,1.43482,1.43495,1.13,4.23
2011.08.10 07:10:05.353,1.43481,1.43493,4.88,2.51
2011.08.10 07:10:06.353,1.4348,1.4349,4.13,1.50
2011.08.10 07:10:06.706,1.43479,1.4349,1.13,3.85
2011.08.10 07:10:06.822,1.43476,1.43489,1.50,1.98
2011.08.10 07:10:07.164,1.43476,1.43488,4.13,1.60
2011.08.10 07:10:07.396,1.43471,1.43485,5.25,3.48
2011.08.10 07:10:07.622,1.43473,1.43485,1.13,2.73
2011.08.10 07:10:07.964,1.43474,1.43487,1.13,8.35
2011.08.10 07:10:08.302,1.43475,1.43486,4.13,5.25
2011.08.10 07:10:09.340,1.43475,1.43485,4.13,1.35
2011.08.10 07:10:09.455,1.43475,1.43486,4.88,5.10
2011.08.10 07:10:09.688,1.43477,1.43486,3.75,3.75
2011.08.10 07:10:10.257,1.4348,1.4349,1.13,1.88
2011.08.10 07:10:10.598,1.4348,1.4349,4.13,2.63
2011.08.10 07:10:11.043,1.43478,1.4349,3.75,6.85
2011.08.10 07:10:11.601,1.43479,1.43491,1.13,1.76
2011.08.10 07:10:12.271,1.4348,1.4349,1.13,2.20
2011.08.10 07:10:12.850,1.43478,1.43485,1.13,1.35
2011.08.10 07:10:12.973,1.43475,1.43485,1.50,1.73
2011.08.10 07:10:13.094,1.43473,1.4348,1.05,3.05
2011.08.10 07:10:13.214,1.43473,1.43483,1.65,1.13
2011.08.10 07:10:13.332,1.43473,1.43485,1.05,5.48
2011.08.10 07:10:13.684,1.43467,1.43477,1.05,1.50
2011.08.10 07:10:14.034,1.4346,1.43467,4.13,2.30
2011.08.10 07:10:14.155,1.43459,1.43467,1.50,2.30
2011.08.10 07:10:14.712,1.43457,1.43467,2.70,3.05
2011.08.10 07:10:15.544,1.43451,1.43462,1.28,4.50
2011.08.10 07:10:16.432,1.43452,1.43462,3.98,4.40
2011.08.10 07:10:17.553,1.43451,1.43462,3.68,3.80
2011.08.10 07:10:17.894,1.43453,1.43462,3.98,3.05
2011.08.10 07:10:18.589,1.43453,1.43458,3.38,2.85
2011.08.10 07:10:18.715,1.4345,1.4346,1.20,1.50
2011.08.10 07:10:19.396,1.43449,1.43458,1.95,3.05
2011.08.10 07:10:20.394,1.43444,1.43451,6.22,3.05
2011.08.10 07:10:20.746,1.43439,1.43446,1.20,2.30
2011.08.10 07:10:20.866,1.4344,1.4345,1.20,2.25
2011.08.10 07:10:21.398,1.43439,1.43446,1.20,4.40
2011.08.10 07:10:21.535,1.43437,1.43443,3.15,3.05
2011.08.10 07:10:21.653,1.43437,1.43445,2.85,3.05
2011.08.10 07:10:21.884,1.4344,1.43445,4.50,2.30
2011.08.10 07:10:22.119,1.43437,1.43445,1.05,3.05
2011.08.10 07:10:22.454,1.43438,1.43445,3.98,2.30
2011.08.10 07:10:23.012,1.43437,1.43445,1.05,3.05
2011.08.10 07:10:23.138,1.43438,1.43443,3.38,1.50
2011.08.10 07:10:24.159,1.43434,1.43441,3.98,2.30
2011.08.10 07:10:24.384,1.43432,1.43441,4.35,3.05
2011.08.10 07:10:24.728,1.43434,1.43443,2.70,3.05
2011.08.10 07:10:24.849,1.43434,1.43445,4.73,6.38
2011.08.10 07:10:25.084,1.43435,1.43445,3.98,3.23
2011.08.10 07:10:25.422,1.43433,1.43444,3.98,1.60
2011.08.10 07:10:26.310,1.43432,1.43444,4.28,1.60
2011.08.10 07:10:26.446,1.43432,1.43442,1.05,6.00
2011.08.10 07:10:27.007,1.43432,1.43441,4.43,1.35
2011.08.10 07:10:27.344,1.43432,1.43443,5.78,1.05
2011.08.10 07:10:27.903,1.43434,1.43445,3.68,4.23
2011.08.10 07:10:28.353,1.43436,1.43445,3.68,5.73
2011.08.10 07:10:28.472,1.43433,1.43444,3.68,1.60
2011.08.10 07:10:29.033,1.43435,1.43445,6.53,2.63
2011.08.10 07:10:29.929,1.43435,1.43446,4.88,2.25
2011.08.10 07:10:30.481,1.43435,1.43445,4.13,1.50
2011.08.10 07:10:30.936,1.43434,1.43445,4.13,2.95
2011.08.10 07:10:31.054,1.43432,1.43445,1.13,7.08
2011.08.10 07:10:31.502,1.43432,1.43446,8.10,2.13
2011.08.10 07:10:31.734,1.43435,1.43446,7.73,1.50
2011.08.10 07:10:32.302,1.43438,1.43446,4.13,6.16
2011.08.10 07:10:32.428,1.43433,1.43445,1.13,2.63
2011.08.10 07:10:32.543,1.43432,1.43445,5.25,3.48
2011.08.10 07:10:33.333,1.43434,1.43445,4.13,5.25
2011.08.10 07:10:33.675,1.43432,1.43445,4.13,9.23
2011.08.10 07:10:34.232,1.43433,1.43443,3.75,1.50
2011.08.10 07:10:34.572,1.43431,1.43443,5.85,1.50
2011.08.10 07:10:34.807,1.43428,1.43436,3.60,1.13
2011.08.10 07:10:34.924,1.43428,1.43437,2.33,2.25
2011.08.10 07:10:35.046,1.43427,1.43436,2.10,1.13
2011.08.10 07:10:35.649,1.43428,1.43437,2.33,4.13
2011.08.10 07:10:35.783,1.43431,1.43442,1.13,9.33
2011.08.10 07:10:35.900,1.43429,1.43441,1.35,1.50
2011.08.10 07:10:36.024,1.43428,1.43441,6.45,1.50
2011.08.10 07:10:36.581,1.43429,1.43441,3.98,1.50
2011.08.10 07:10:37.254,1.43428,1.4344,5.70,3.10
2011.08.10 07:10:37.496,1.43427,1.43438,2.10,1.23
2011.08.10 07:10:37.616,1.43425,1.43435,4.13,2.25
2011.08.10 07:10:37.844,1.43424,1.43435,1.43,3.60
2011.08.10 07:10:38.696,1.43419,1.43429,5.55,1.13
2011.08.10 07:10:39.252,1.43419,1.43429,1.73,1.13
2011.08.10 07:10:39.818,1.43414,1.43423,1.50,1.35
2011.08.10 07:10:40.183,1.43413,1.43421,1.88,1.35
2011.08.10 07:10:40.312,1.4341,1.43421,2.25,2.63
2011.08.10 07:10:40.439,1.4341,1.43419,4.13,2.48
2011.08.10 07:10:41.089,1.43407,1.43419,4.57,2.63
2011.08.10 07:10:41.207,1.43406,1.43418,1.35,1.13
2011.08.10 07:10:41.328,1.43407,1.43415,1.05,1.13
2011.08.10 07:10:41.686,1.43404,1.43415,3.30,1.88
2011.08.10 07:10:41.807,1.43403,1.43413,1.65,1.13
2011.08.10 07:10:42.037,1.43397,1.43405,2.10,2.63
2011.08.10 07:10:42.155,1.43395,1.43405,2.10,3.00
2011.08.10 07:10:42.393,1.43396,1.43407,8.33,2.63
2011.08.10 07:10:43.160,1.43397,1.43409,4.58,3.38
2011.08.10 07:10:43.734,1.43398,1.4341,1.80,1.50
2011.08.10 07:10:44.190,1.434,1.43411,3.68,1.13
2011.08.10 07:10:44.641,1.43399,1.43411,1.05,2.04
2011.08.10 07:10:45.864,1.43399,1.4341,1.05,5.85
2011.08.10 07:10:46.552,1.43399,1.4341,1.05,2.10
2011.08.10 07:10:47.117,1.43399,1.4341,1.80,1.35
2011.08.10 07:10:47.342,1.43403,1.43411,1.80,1.73
2011.08.10 07:10:47.708,1.43404,1.43412,5.18,1.13
2011.08.10 07:10:47.830,1.43405,1.43414,1.05,3.53
2011.08.10 07:10:48.395,1.43407,1.43415,2.25,6.23
2011.08.10 07:10:48.511,1.43407,1.43418,1.80,6.23
2011.08.10 07:10:49.223,1.4341,1.43418,7.95,1.50
2011.08.10 07:10:49.586,1.43401,1.43409,3.75,3.05
2011.08.10 07:10:49.705,1.43396,1.43403,3.98,2.30
2011.08.10 07:10:50.262,1.43397,1.43403,3.98,2.30
2011.08.10 07:10:50.823,1.43397,1.43404,3.98,3.05
2011.08.10 07:10:51.276,1.43399,1.43406,3.68,2.10
2011.08.10 07:10:51.504,1.43401,1.43407,3.98,2.30
2011.08.10 07:10:52.406,1.43402,1.43408,2.25,3.75
2011.08.10 07:10:52.638,1.43402,1.43411,4.73,2.63
2011.08.10 07:10:52.978,1.43404,1.43411,3.98,1.13
2011.08.10 07:10:53.095,1.43405,1.43413,4.73,2.85
2011.08.10 07:10:53.542,1.43415,1.43421,3.38,2.85
2011.08.10 07:10:53.771,1.43412,1.43421,3.98,2.85
2011.08.10 07:10:54.114,1.43411,1.4342,3.98,3.00
2011.08.10 07:10:55.062,1.4341,1.43418,3.98,1.35
2011.08.10 07:10:55.429,1.43404,1.43414,3.98,1.73
2011.08.10 07:10:55.544,1.43403,1.43411,3.98,2.25
2011.08.10 07:10:55.895,1.43399,1.43405,3.38,3.75
2011.08.10 07:10:56.248,1.4339,1.43396,3.90,2.85
2011.08.10 07:10:56.696,1.43389,1.43396,3.98,2.10
2011.08.10 07:10:57.622,1.43387,1.43396,4.73,2.10
2011.08.10 07:10:57.750,1.43389,1.43396,3.98,2.85
2011.08.10 07:10:58.215,1.43389,1.43394,3.38,2.10
2011.08.10 07:10:58.553,1.43387,1.43394,3.68,2.10
2011.08.10 07:10:58.672,1.43385,1.43394,3.98,2.10
2011.08.10 07:10:59.234,1.43386,1.43394,3.98,2.10
2011.08.10 07:10:59.683,1.4338,1.43394,3.98,2.95
2011.08.10 07:11:00.670,1.43384,1.43393,1.05,2.10
2011.08.10 07:11:00.808,1.43386,1.43393,2.25,8.63
2011.08.10 07:11:00.930,1.43389,1.43393,1.50,3.38
2011.08.10 07:11:01.057,1.4339,1.43395,2.25,3.75
2011.08.10 07:11:01.175,1.43391,1.43397,5.48,2.26
2011.08.10 07:11:01.518,1.43391,1.434,3.75,2.10
2011.08.10 07:11:01.853,1.43391,1.43403,2.25,8.10
2011.08.10 07:11:02.193,1.43395,1.43401,3.98,3.98
2011.08.10 07:11:02.752,1.43395,1.43403,3.98,3.98
2011.08.10 07:11:03.583,1.43397,1.43403,3.68,1.13
2011.08.10 07:11:03.708,1.43405,1.43414,3.98,2.85
2011.08.10 07:11:04.264,1.43407,1.43414,3.98,2.10
2011.08.10 07:11:04.605,1.43409,1.43415,3.98,1.50
2011.08.10 07:11:04.955,1.43414,1.43422,4.80,1.05
2011.08.10 07:11:05.079,1.43414,1.43427,1.05,1.50
2011.08.10 07:11:05.303,1.43416,1.43425,5.25,2.10
2011.08.10 07:11:06.153,1.43421,1.43427,1.05,2.48
2011.08.10 07:11:06.735,1.43421,1.43428,1.05,2.10
2011.08.10 07:11:07.198,1.43422,1.43431,4.80,2.10
2011.08.10 07:11:07.752,1.43423,1.4343,1.13,2.10
2011.08.10 07:11:08.312,1.43421,1.4343,1.54,2.10
2011.08.10 07:11:08.873,1.4342,1.4343,5.25,2.48
2011.08.10 07:11:09.448,1.43418,1.4343,2.63,3.23
2011.08.10 07:11:09.574,1.43414,1.43421,5.18,2.85
2011.08.10 07:11:09.987,1.43412,1.43421,4.13,2.95
2011.08.10 07:11:10.113,1.43406,1.43418,5.25,2.85
2011.08.10 07:11:10.564,1.43406,1.43414,4.13,2.85
2011.08.10 07:11:11.173,1.43404,1.43414,4.13,2.85
2011.08.10 07:11:11.743,1.43406,1.43414,3.75,2.85
2011.08.10 07:11:12.303,1.43407,1.43414,3.75,2.10
2011.08.10 07:11:13.097,1.43412,1.4342,1.50,2.58
2011.08.10 07:11:13.233,1.43411,1.43423,1.88,4.35
2011.08.10 07:11:13.792,1.43412,1.43423,4.88,4.73
2011.08.10 07:11:14.355,1.43414,1.43423,1.13,3.98
2011.08.10 07:11:14.581,1.43414,1.43425,4.50,1.73
2011.08.10 07:11:14.702,1.43414,1.43425,1.50,1.73
2011.08.10 07:11:14.825,1.43416,1.43425,1.13,2.48
2011.08.10 07:11:15.386,1.43415,1.43425,3.75,3.10
2011.08.10 07:11:15.613,1.43411,1.43424,1.88,4.88
2011.08.10 07:11:15.951,1.43413,1.43425,1.13,1.13
2011.08.10 07:11:16.590,1.43413,1.43424,4.50,1.35
2011.08.10 07:11:17.151,1.43413,1.43424,1.13,1.35
2011.08.10 07:11:17.932,1.43414,1.43425,4.88,4.73
2011.08.10 07:11:18.273,1.43417,1.43429,4.50,1.45
2011.08.10 07:11:18.393,1.43419,1.4343,1.13,1.35
2011.08.10 07:11:18.632,1.43421,1.43431,3.00,2.03
2011.08.10 07:11:18.976,1.43417,1.43428,1.80,4.88
2011.08.10 07:11:19.094,1.43417,1.43424,1.80,2.10
2011.08.10 07:11:19.433,1.43412,1.43423,3.00,2.85
2011.08.10 07:11:20.079,1.43413,1.43423,4.50,2.48
2011.08.10 07:11:20.316,1.43414,1.43426,6.22,1.50
2011.08.10 07:11:20.548,1.43416,1.43427,1.88,2.48
2011.08.10 07:11:20.885,1.43417,1.43429,1.13,5.10
2011.08.10 07:11:21.004,1.4342,1.43429,1.50,3.00
2011.08.10 07:11:21.343,1.43426,1.43432,3.00,4.43
2011.08.10 07:11:21.692,1.43427,1.43437,5.63,2.10
2011.08.10 07:11:21.815,1.43427,1.43438,5.25,3.23
2011.08.10 07:11:22.261,1.43427,1.43438,1.13,3.23
2011.08.10 07:11:22.711,1.43428,1.43438,4.50,3.60
2011.08.10 07:11:23.320,1.43434,1.43441,4.50,2.25
2011.08.10 07:11:23.454,1.43438,1.43446,3.75,1.13
2011.08.10 07:11:23.575,1.43432,1.43444,2.25,3.23
2011.08.10 07:11:23.697,1.43433,1.43441,3.75,2.10
2011.08.10 07:11:24.254,1.43433,1.43441,1.88,2.10
2011.08.10 07:11:24.374,1.43433,1.43444,4.13,2.63
2011.08.10 07:11:24.615,1.43436,1.43445,2.25,3.23
2011.08.10 07:11:24.955,1.4344,1.43447,1.50,4.13
2011.08.10 07:11:25.292,1.43441,1.43449,2.25,1.35
2011.08.10 07:11:26.600,1.43446,1.43451,1.50,1.13
2011.08.10 07:11:26.957,1.43445,1.43454,1.50,2.25
2011.08.10 07:11:27.187,1.43446,1.43455,2.25,4.88
2011.08.10 07:11:27.743,1.43448,1.43456,1.50,2.10
2011.08.10 07:11:28.098,1.43447,1.43453,4.80,1.35
2011.08.10 07:11:28.217,1.43447,1.43454,1.80,1.13
2011.08.10 07:11:28.339,1.43446,1.43455,2.25,3.75
2011.08.10 07:11:28.564,1.43446,1.43457,2.93,1.50
2011.08.10 07:11:29.228,1.4345,1.43461,1.50,4.35
2011.08.10 07:11:29.348,1.43451,1.43462,1.13,1.73
2011.08.10 07:11:29.464,1.43451,1.43459,1.13,1.50
2011.08.10 07:11:29.816,1.43444,1.43448,3.68,2.10
2011.08.10 07:11:29.936,1.4344,1.43449,8.18,2.10
2011.08.10 07:11:30.053,1.43442,1.43453,1.13,1.05
2011.08.10 07:11:30.393,1.43444,1.43454,1.50,1.43
2011.08.10 07:11:30.514,1.43453,1.43459,1.50,5.35
2011.08.10 07:11:30.864,1.43454,1.43459,1.13,3.38
2011.08.10 07:11:31.744,1.43453,1.43463,1.13,1.38
2011.08.10 07:11:32.205,1.43448,1.43456,2.10,4.13
2011.08.10 07:11:32.332,1.43452,1.43459,1.73,2.35
2011.08.10 07:11:32.462,1.43454,1.43463,1.88,1.38
2011.08.10 07:11:32.586,1.43454,1.43465,2.63,5.10
2011.08.10 07:11:32.926,1.43454,1.43466,2.63,1.14
2011.08.10 07:11:33.160,1.43458,1.43467,1.50,2.25
2011.08.10 07:11:33.278,1.43465,1.4347,2.25,6.98
2011.08.10 07:11:33.507,1.43462,1.43473,2.25,6.30
2011.08.10 07:11:34.124,1.43462,1.43472,2.25,4.05
2011.08.10 07:11:34.254,1.43468,1.43476,1.13,2.48
2011.08.10 07:11:34.816,1.43468,1.43477,3.38,2.48
2011.08.10 07:11:35.153,1.4347,1.43479,1.13,2.63
2011.08.10 07:11:35.272,1.4347,1.43479,1.13,1.50
2011.08.10 07:11:35.614,1.43476,1.4348,2.85,0.10
2011.08.10 07:11:35.737,1.43475,1.4348,2.85,0.10
2011.08.10 07:11:35.858,1.43476,1.43481,3.38,1.13
2011.08.10 07:11:35.975,1.43473,1.43478,1.50,2.85
2011.08.10 07:11:36.096,1.4347,1.4348,4.35,1.35
2011.08.10 07:11:36.675,1.43474,1.4348,3.75,0.60
2011.08.10 07:11:36.799,1.43475,1.4348,1.13,0.10
2011.08.10 07:11:37.596,1.43471,1.4348,1.88,0.10
2011.08.10 07:11:38.046,1.43466,1.43476,1.50,2.85
2011.08.10 07:11:38.165,1.43465,1.43471,2.55,4.40
2011.08.10 07:11:38.284,1.43463,1.43469,1.13,2.25
2011.08.10 07:11:38.406,1.43462,1.43467,3.38,1.50
2011.08.10 07:11:38.745,1.43452,1.43456,3.38,1.50
2011.08.10 07:11:39.396,1.43452,1.43459,1.13,1.88
2011.08.10 07:11:39.521,1.43446,1.43458,1.13,3.70
2011.08.10 07:11:39.756,1.43444,1.43456,1.50,1.20
2011.08.10 07:11:40.095,1.43445,1.43457,1.13,1.80
2011.08.10 07:11:40.324,1.43445,1.43458,2.63,2.93
2011.08.10 07:11:40.447,1.4345,1.43458,2.25,2.18
2011.08.10 07:11:40.893,1.43451,1.43458,3.00,1.50
2011.08.10 07:11:41.013,1.43451,1.4346,1.50,4.50
2011.08.10 07:11:41.245,1.43453,1.43461,3.38,1.50
2011.08.10 07:11:42.040,1.43451,1.43462,1.13,4.43
2011.08.10 07:11:42.169,1.43448,1.43458,1.13,2.10
2011.08.10 07:11:42.392,1.43449,1.43459,1.50,1.50
2011.08.10 07:11:42.951,1.43449,1.43459,1.13,2.10
2011.08.10 07:11:43.512,1.43449,1.43458,1.50,2.10
2011.08.10 07:11:43.852,1.43453,1.4346,1.13,8.09
2011.08.10 07:11:44.195,1.43456,1.43469,1.50,11.86
2011.08.10 07:11:44.877,1.43463,1.4347,1.13,3.90
2011.08.10 07:11:45.782,1.4346,1.4347,5.25,1.50
2011.08.10 07:11:46.341,1.43461,1.4347,1.13,2.10
2011.08.10 07:11:46.794,1.43465,1.43471,2.25,3.75
2011.08.10 07:11:46.913,1.43467,1.43479,1.50,3.98
2011.08.10 07:11:47.577,1.43469,1.43478,1.50,3.75
2011.08.10 07:11:47.926,1.43474,1.4348,1.13,0.10
2011.08.10 07:11:48.591,1.43477,1.43482,1.13,2.10
2011.08.10 07:11:49.153,1.43475,1.43486,1.13,1.23
2011.08.10 07:11:49.712,1.43474,1.43486,4.72,1.35
2011.08.10 07:11:49.835,1.43476,1.43488,3.00,10.73
2011.08.10 07:11:50.176,1.43484,1.43491,1.50,7.50
2011.08.10 07:11:50.717,1.43488,1.43495,1.50,3.75
2011.08.10 07:11:50.844,1.43489,1.43499,3.38,1.35
2011.08.10 07:11:51.402,1.43491,1.435,2.63,1.50
2011.08.10 07:11:51.962,1.43491,1.43498,2.63,2.48
2011.08.10 07:11:52.413,1.43489,1.43499,1.50,1.13
2011.08.10 07:11:52.970,1.43489,1.43498,1.50,2.48
2011.08.10 07:11:53.425,1.4349,1.435,3.60,3.75
2011.08.10 07:11:53.545,1.43493,1.43505,1.13,2.18
2011.08.10 07:11:53.662,1.43496,1.43507,1.50,3.25
2011.08.10 07:11:54.003,1.43496,1.43507,1.88,2.10
2011.08.10 07:11:54.610,1.43496,1.43507,1.13,2.10
2011.08.10 07:11:54.732,1.43495,1.43507,1.13,3.23
2011.08.10 07:11:54.963,1.43494,1.43505,1.88,5.85
2011.08.10 07:11:55.523,1.43493,1.43504,2.63,5.48
2011.08.10 07:11:56.082,1.43493,1.43503,2.63,4.13
2011.08.10 07:11:56.642,1.43493,1.43503,1.88,1.13
2011.08.10 07:11:57.092,1.43491,1.43497,1.88,1.50
2011.08.10 07:11:57.217,1.4349,1.43497,1.50,1.13
2011.08.10 07:11:57.444,1.43488,1.43497,1.88,1.73
2011.08.10 07:11:57.673,1.43492,1.43499,1.50,4.43
2011.08.10 07:11:58.316,1.43486,1.43492,1.50,2.85
2011.08.10 07:11:58.653,1.43482,1.43487,4.13,2.10
2011.08.10 07:11:59.127,1.43477,1.43485,1.13,4.13
2011.08.10 07:11:59.243,1.43477,1.43488,1.13,4.88
2011.08.10 07:11:59.702,1.43474,1.43485,1.80,1.50
2011.08.10 07:11:59.828,1.43475,1.43485,1.50,4.88
2011.08.10 07:12:00.063,1.43475,1.43487,2.63,1.13
2011.08.10 07:12:00.293,1.43479,1.43486,2.10,1.13
2011.08.10 07:12:00.633,1.43479,1.43488,2.47,1.35
2011.08.10 07:12:01.328,1.43481,1.4349,4.13,1.50
2011.08.10 07:12:01.552,1.4348,1.4349,4.13,1.50
2011.08.10 07:12:01.672,1.43479,1.4349,3.97,1.50
2011.08.10 07:12:02.231,1.4348,1.43491,5.63,1.50
2011.08.10 07:12:02.792,1.4348,1.43489,1.88,2.10
2011.08.10 07:12:03.135,1.43472,1.43479,2.18,1.35
2011.08.10 07:12:03.376,1.43472,1.4348,2.18,1.98
2011.08.10 07:12:03.493,1.4347,1.43481,1.88,1.98
2011.08.10 07:12:04.051,1.43471,1.43482,1.13,1.88
2011.08.10 07:12:05.187,1.43474,1.43483,1.35,1.23
2011.08.10 07:12:05.540,1.43483,1.43489,1.88,4.50
2011.08.10 07:12:05.888,1.43488,1.43496,4.13,1.35
2011.08.10 07:12:06.003,1.43487,1.43496,4.88,1.35
2011.08.10 07:12:06.457,1.43486,1.43493,1.13,2.85
2011.08.10 07:12:06.685,1.43483,1.43493,1.43,2.10
2011.08.10 07:12:06.803,1.43486,1.43495,1.13,2.10
2011.08.10 07:12:07.033,1.43487,1.43497,1.50,1.35
2011.08.10 07:12:07.153,1.43488,1.43497,4.13,1.35
2011.08.10 07:12:07.712,1.43488,1.43497,1.13,1.35
2011.08.10 07:12:08.298,1.43488,1.43497,1.13,1.35
2011.08.10 07:12:08.637,1.43496,1.43505,1.13,5.63
2011.08.10 07:12:08.753,1.43497,1.43505,1.13,6.10
2011.08.10 07:12:08.985,1.43494,1.43503,2.85,1.13
2011.08.10 07:12:09.544,1.43495,1.43504,1.13,2.10
2011.08.10 07:12:09.990,1.43494,1.43504,1.50,2.10
2011.08.10 07:12:10.555,1.43494,1.43503,1.50,2.99
2011.08.10 07:12:10.898,1.43488,1.43495,2.63,2.10
2011.08.10 07:12:11.582,1.43485,1.4349,1.13,1.13
2011.08.10 07:12:11.713,1.43483,1.43489,3.00,2.10
2011.08.10 07:12:12.057,1.43482,1.43488,3.75,3.60
2011.08.10 07:12:12.403,1.4348,1.43487,4.50,2.99
2011.08.10 07:12:12.640,1.43471,1.43476,1.13,3.53
2011.08.10 07:12:13.856,1.43469,1.43479,1.13,2.99
2011.08.10 07:12:14.807,1.43474,1.43483,1.50,1.98
2011.08.10 07:12:15.043,1.43477,1.43487,1.13,3.75
2011.08.10 07:12:15.602,1.43477,1.43488,1.50,4.13
2011.08.10 07:12:15.834,1.43478,1.43491,1.13,1.88
2011.08.10 07:12:16.393,1.4348,1.43492,1.50,2.48
2011.08.10 07:12:17.225,1.4348,1.43491,1.13,1.13
2011.08.10 07:12:17.361,1.4348,1.4349,4.50,3.74
2011.08.10 07:12:17.824,1.43477,1.43488,1.50,1.88
2011.08.10 07:12:18.602,1.43479,1.43489,2.25,5.84
2011.08.10 07:12:19.057,1.43477,1.43488,3.30,4.34
2011.08.10 07:12:19.980,1.43476,1.43485,1.13,1.50
2011.08.10 07:12:20.103,1.43474,1.43485,3.00,3.60
2011.08.10 07:12:20.222,1.43474,1.43482,3.22,2.99
2011.08.10 07:12:20.565,1.43476,1.43485,1.13,5.09
2011.08.10 07:12:20.904,1.43475,1.43483,7.88,2.24
2011.08.10 07:12:21.682,1.43476,1.43483,1.13,2.24
2011.08.10 07:12:23.134,1.43475,1.43484,1.50,2.99
2011.08.10 07:12:23.367,1.43474,1.43482,1.88,2.99
2011.08.10 07:12:23.597,1.43474,1.43482,3.00,2.99
2011.08.10 07:12:24.166,1.43472,1.43482,2.72,2.62
2011.08.10 07:12:25.683,1.4347,1.43478,4.50,2.99
2011.08.10 07:12:26.051,1.43468,1.43478,1.05,1.88
2011.08.10 07:12:26.173,1.43468,1.43476,1.13,2.99
2011.08.10 07:12:26.403,1.43457,1.43468,1.73,2.18
2011.08.10 07:12:26.638,1.43461,1.43469,1.50,1.38
2011.08.10 07:12:26.867,1.43463,1.43469,1.35,1.19
2011.08.10 07:12:27.103,1.43463,1.43474,1.13,8.48
2011.08.10 07:12:27.672,1.43463,1.43472,1.13,3.48
2011.08.10 07:12:28.254,1.43459,1.4347,1.50,2.25
2011.08.10 07:12:28.485,1.43453,1.43463,1.88,4.43
2011.08.10 07:12:29.043,1.43452,1.43463,1.13,1.13
2011.08.10 07:12:29.277,1.43452,1.43463,1.13,1.29
2011.08.10 07:12:29.399,1.43452,1.43459,1.13,3.75
2011.08.10 07:12:30.350,1.43453,1.4346,1.20,2.10
2011.08.10 07:12:30.711,1.43442,1.4345,1.35,4.12
2011.08.10 07:12:30.840,1.43439,1.43445,6.98,2.10
2011.08.10 07:12:31.077,1.43436,1.43447,1.50,6.23
2011.08.10 07:12:31.196,1.4344,1.4345,4.73,1.88
2011.08.10 07:12:31.316,1.43444,1.43451,1.73,3.75
2011.08.10 07:12:31.434,1.43448,1.43458,1.50,3.38
2011.08.10 07:12:31.555,1.4345,1.43459,4.13,1.50
2011.08.10 07:12:31.795,1.43459,1.43465,1.13,1.88
2011.08.10 07:12:31.914,1.43459,1.43468,1.13,2.79
2011.08.10 07:12:32.537,1.43459,1.43468,1.13,2.04
2011.08.10 07:12:32.677,1.43461,1.43469,6.38,3.00
2011.08.10 07:12:32.913,1.43458,1.43466,3.00,1.50
2011.08.10 07:12:33.036,1.43458,1.43469,1.13,1.60
2011.08.10 07:12:33.483,1.43458,1.43468,1.13,2.73
2011.08.10 07:12:33.606,1.43457,1.43468,1.13,3.48
2011.08.10 07:12:33.837,1.43457,1.43468,1.13,1.98
2011.08.10 07:12:33.960,1.43454,1.43466,1.13,1.38
2011.08.10 07:12:34.083,1.43454,1.43463,1.13,1.50
2011.08.10 07:12:34.210,1.43451,1.43463,1.13,1.13
2011.08.10 07:12:34.797,1.43457,1.43464,1.50,1.13
2011.08.10 07:12:34.921,1.43463,1.43471,4.13,1.28
2011.08.10 07:12:35.156,1.43465,1.43472,1.13,1.13
2011.08.10 07:12:35.711,1.43464,1.43473,1.13,2.63
2011.08.10 07:12:36.164,1.43461,1.43471,4.13,2.25
2011.08.10 07:12:36.520,1.43462,1.4347,4.13,7.45
2011.08.10 07:12:36.647,1.43458,1.4347,1.13,7.08
2011.08.10 07:12:37.205,1.43458,1.43469,1.50,4.35
2011.08.10 07:12:37.828,1.43457,1.43465,1.35,1.88
2011.08.10 07:12:38.072,1.43455,1.43465,2.10,4.13
2011.08.10 07:12:38.523,1.43457,1.43465,1.73,3.38
2011.08.10 07:12:38.864,1.43457,1.43467,3.98,3.75
2011.08.10 07:12:39.095,1.43458,1.43468,1.50,1.13
2011.08.10 07:12:39.432,1.43458,1.4347,1.88,1.50
2011.08.10 07:12:39.995,1.43458,1.4347,1.13,1.13
2011.08.10 07:12:40.616,1.43457,1.4347,2.48,8.63
2011.08.10 07:12:40.964,1.43455,1.43466,5.25,1.13
2011.08.10 07:12:41.083,1.43455,1.43468,1.50,6.70
2011.08.10 07:12:41.317,1.43454,1.43466,1.13,1.98
2011.08.10 07:12:41.545,1.43453,1.43464,1.50,1.60
2011.08.10 07:12:41.668,1.43452,1.43463,3.00,1.35
2011.08.10 07:12:42.225,1.43451,1.43463,1.13,5.73
2011.08.10 07:12:42.678,1.43449,1.4346,1.13,1.50
2011.08.10 07:12:43.212,1.43448,1.4346,3.00,3.85
2011.08.10 07:12:43.349,1.43446,1.43458,5.25,1.60
2011.08.10 07:12:43.903,1.43446,1.43457,1.13,1.60
2011.08.10 07:12:44.462,1.43444,1.43454,1.13,4.13
2011.08.10 07:12:44.585,1.43444,1.43456,1.13,4.13
2011.08.10 07:12:45.143,1.43444,1.43457,3.22,5.73
2011.08.10 07:12:45.702,1.43444,1.43456,3.22,3.75
2011.08.10 07:12:45.823,1.43444,1.43457,1.50,1.23
2011.08.10 07:12:45.944,1.43444,1.43454,1.13,1.50
2011.08.10 07:12:47.287,1.43448,1.4346,1.50,1.73
2011.08.10 07:12:47.405,1.43449,1.4346,1.13,2.10
2011.08.10 07:12:47.746,1.43449,1.43462,4.20,5.85
2011.08.10 07:12:48.086,1.43457,1.43463,3.60,4.13
2011.08.10 07:12:48.206,1.43457,1.43466,5.85,4.13
2011.08.10 07:12:48.324,1.43459,1.43468,1.50,4.43
2011.08.10 07:12:49.103,1.43456,1.43465,1.50,4.13
2011.08.10 07:12:49.228,1.43455,1.43465,4.50,4.13
2011.08.10 07:12:49.978,1.43454,1.43464,2.70,5.85
2011.08.10 07:12:50.338,1.4345,1.4346,2.63,2.73
2011.08.10 07:12:50.459,1.43449,1.4346,1.50,3.63
2011.08.10 07:12:50.689,1.43448,1.4346,2.48,4.13
2011.08.10 07:12:50.809,1.4345,1.43462,1.35,7.66
2011.08.10 07:12:51.363,1.43454,1.43463,3.60,4.13
2011.08.10 07:12:51.598,1.43454,1.43465,2.40,4.50
2011.08.10 07:12:51.717,1.43456,1.43467,1.50,3.00
2011.08.10 07:12:51.839,1.43457,1.43469,1.50,3.00
2011.08.10 07:12:52.623,1.43458,1.43469,1.50,1.73
2011.08.10 07:12:52.750,1.43459,1.4347,1.13,5.85
2011.08.10 07:12:53.425,1.4346,1.4347,1.13,3.75
2011.08.10 07:12:54.201,1.43461,1.43469,1.13,2.10
2011.08.10 07:12:54.763,1.43459,1.43469,1.13,2.10
2011.08.10 07:12:55.322,1.43462,1.4347,1.13,3.75
2011.08.10 07:12:56.354,1.43464,1.43472,2.25,4.80
2011.08.10 07:12:56.697,1.43468,1.43478,3.15,4.13
2011.08.10 07:12:57.035,1.43472,1.4348,1.50,3.75
2011.08.10 07:12:57.153,1.43472,1.43484,1.88,1.83
2011.08.10 07:12:57.492,1.43472,1.43483,1.50,4.88
2011.08.10 07:12:57.612,1.43473,1.43484,1.20,2.10
2011.08.10 07:12:57.843,1.43472,1.43483,1.50,4.13
2011.08.10 07:12:58.698,1.43472,1.43483,1.50,1.13
2011.08.10 07:12:59.044,1.4347,1.43481,1.88,2.48
2011.08.10 07:12:59.602,1.4347,1.43482,1.88,1.73
2011.08.10 07:12:59.941,1.43473,1.43482,1.50,1.08
2011.08.10 07:13:00.174,1.43471,1.43482,1.50,1.83
2011.08.10 07:13:00.952,1.4347,1.43481,1.13,1.23
2011.08.10 07:13:01.072,1.4347,1.43482,1.13,1.23
2011.08.10 07:13:01.525,1.43474,1.43484,1.50,5.73
2011.08.10 07:13:02.345,1.43482,1.43489,1.50,7.90
2011.08.10 07:13:02.585,1.43484,1.43498,3.38,5.40
2011.08.10 07:13:02.708,1.43484,1.43498,1.13,5.40
2011.08.10 07:13:02.824,1.43483,1.43497,1.13,4.20
2011.08.10 07:13:03.165,1.43487,1.43496,1.50,4.29
2011.08.10 07:13:03.284,1.43488,1.43498,1.50,4.13
2011.08.10 07:13:03.405,1.43488,1.43499,1.88,3.38
2011.08.10 07:13:03.522,1.43489,1.43499,1.13,1.88
2011.08.10 07:13:03.863,1.43489,1.435,1.88,1.23
2011.08.10 07:13:04.879,1.43492,1.43502,1.13,2.04
2011.08.10 07:13:05.005,1.43491,1.43501,2.25,1.29
2011.08.10 07:13:05.129,1.43495,1.43505,1.13,1.23
2011.08.10 07:13:05.247,1.43497,1.43505,1.50,1.13
2011.08.10 07:13:05.363,1.43499,1.43507,1.50,4.53
2011.08.10 07:13:05.485,1.43499,1.43511,1.50,4.98
2011.08.10 07:13:05.725,1.43498,1.4351,1.88,1.60
2011.08.10 07:13:05.846,1.43497,1.43505,1.13,1.50
2011.08.10 07:13:05.969,1.43494,1.43504,2.63,4.13
2011.08.10 07:13:06.524,1.43494,1.43506,1.50,4.66
2011.08.10 07:13:06.751,1.43494,1.43507,1.13,1.66
2011.08.10 07:13:07.653,1.43495,1.43505,1.50,2.35
2011.08.10 07:13:07.898,1.43494,1.435,1.88,1.13
2011.08.10 07:13:08.250,1.43489,1.43496,2.47,1.60
2011.08.10 07:13:08.367,1.43484,1.43496,5.56,1.76
2011.08.10 07:13:08.716,1.43489,1.43498,2.10,1.45
2011.08.10 07:13:08.837,1.43489,1.43499,2.10,1.23
2011.08.10 07:13:09.172,1.43491,1.43504,3.75,1.50
2011.08.10 07:13:09.294,1.43493,1.43505,1.13,3.48
2011.08.10 07:13:10.158,1.43494,1.43506,1.13,2.35
2011.08.10 07:13:11.266,1.43495,1.43507,1.13,2.35
2011.08.10 07:13:11.712,1.43497,1.43508,4.88,1.23
2011.08.10 07:13:11.944,1.43496,1.43508,1.13,1.23
2011.08.10 07:13:12.943,1.43496,1.43508,1.13,2.35
2011.08.10 07:13:13.503,1.43494,1.43506,1.50,1.88
2011.08.10 07:13:13.844,1.43494,1.43505,5.25,2.35
2011.08.10 07:13:14.581,1.43494,1.43503,1.13,1.50
2011.08.10 07:13:14.939,1.43497,1.43506,1.13,1.23
2011.08.10 07:13:15.053,1.43497,1.43507,1.13,2.63
2011.08.10 07:13:15.175,1.43499,1.43507,4.13,2.63
2011.08.10 07:13:15.733,1.435,1.43507,4.13,3.38
2011.08.10 07:13:16.401,1.435,1.43507,3.75,1.50
2011.08.10 07:13:16.521,1.43498,1.43507,4.13,1.50
2011.08.10 07:13:16.973,1.43498,1.43507,4.13,2.35
2011.08.10 07:13:17.206,1.43494,1.43506,1.50,1.13
2011.08.10 07:13:18.240,1.43491,1.43502,2.25,1.50
2011.08.10 07:13:18.467,1.43492,1.43497,1.65,0.75
2011.08.10 07:13:18.586,1.43494,1.43507,2.70,2.73
2011.08.10 07:13:18.816,1.43495,1.43505,4.13,1.35
2011.08.10 07:13:18.935,1.43494,1.43505,2.25,1.35
2011.08.10 07:13:19.496,1.43494,1.43505,2.25,1.35
2011.08.10 07:13:19.943,1.43491,1.43504,2.25,1.13
2011.08.10 07:13:20.063,1.43491,1.43503,2.25,1.13
2011.08.10 07:13:20.714,1.43494,1.43506,3.22,1.50
2011.08.10 07:13:21.161,1.43494,1.43506,2.25,1.13
2011.08.10 07:13:21.618,1.43491,1.43499,3.75,1.13
2011.08.10 07:13:21.734,1.4349,1.43499,1.05,1.13
2011.08.10 07:13:21.966,1.4349,1.43499,1.05,4.50
2011.08.10 07:13:22.966,1.43487,1.43491,1.13,1.50
2011.08.10 07:13:23.665,1.4348,1.4349,1.88,1.13
2011.08.10 07:13:23.795,1.43475,1.43488,1.88,1.60
2011.08.10 07:13:23.918,1.43479,1.43487,1.13,1.66
2011.08.10 07:13:24.282,1.43479,1.43489,1.13,4.73
2011.08.10 07:13:24.515,1.4348,1.43491,1.13,1.13
2011.08.10 07:13:24.634,1.43482,1.43492,1.13,1.13
2011.08.10 07:13:24.977,1.43484,1.43494,1.13,1.50
2011.08.10 07:13:25.098,1.43484,1.43496,1.13,1.13
2011.08.10 07:13:25.872,1.43486,1.43497,1.50,1.13
2011.08.10 07:13:26.212,1.43495,1.43508,6.00,2.25
2011.08.10 07:13:26.555,1.43493,1.43504,1.88,1.13
2011.08.10 07:13:27.664,1.43493,1.43503,1.88,1.13
2011.08.10 07:13:28.116,1.43493,1.43503,1.88,1.13
2011.08.10 07:13:29.018,1.43493,1.43501,1.88,1.13
2011.08.10 07:13:29.472,1.43501,1.43506,1.88,4.21
2011.08.10 07:13:30.034,1.43496,1.43508,1.50,1.35
2011.08.10 07:13:30.155,1.43496,1.43505,3.00,1.35
2011.08.10 07:13:30.494,1.43492,1.435,4.13,3.75
2011.08.10 07:13:30.615,1.4349,1.435,6.75,4.50
2011.08.10 07:13:30.737,1.43488,1.43495,4.50,2.25
2011.08.10 07:13:30.857,1.43485,1.43492,2.25,1.35
2011.08.10 07:13:30.977,1.43481,1.43492,4.80,5.10
2011.08.10 07:13:31.794,1.43481,1.43492,4.50,4.88
2011.08.10 07:13:31.919,1.43483,1.43493,4.73,1.05
2011.08.10 07:13:32.254,1.43487,1.43497,3.38,6.70
2011.08.10 07:13:32.604,1.43484,1.43497,6.00,6.00
2011.08.10 07:13:33.161,1.43484,1.43497,2.25,6.10
2011.08.10 07:13:33.725,1.43482,1.43496,5.10,4.61
2011.08.10 07:13:34.283,1.43482,1.43494,1.50,1.83
2011.08.10 07:13:35.058,1.43485,1.43495,1.13,2.35
2011.08.10 07:13:35.610,1.43486,1.43497,1.50,1.50
2011.08.10 07:13:36.162,1.43485,1.43497,3.60,2.63
2011.08.10 07:13:36.613,1.43485,1.43497,2.63,6.48
2011.08.10 07:13:36.846,1.43482,1.43494,2.18,3.98
2011.08.10 07:13:37.078,1.43482,1.43492,1.88,3.85
2011.08.10 07:13:37.427,1.43475,1.43485,3.53,1.50
2011.08.10 07:13:37.544,1.43475,1.43483,2.25,1.50
2011.08.10 07:13:38.164,1.4347,1.43478,6.98,1.13
2011.08.10 07:13:38.289,1.43479,1.43485,2.10,4.13
2011.08.10 07:13:38.409,1.43479,1.43487,2.10,1.13
2011.08.10 07:13:39.203,1.43478,1.4349,2.10,1.13
2011.08.10 07:13:39.547,1.43479,1.43491,2.48,1.13
2011.08.10 07:13:39.664,1.43484,1.43491,1.35,1.13
2011.08.10 07:13:39.784,1.43484,1.43494,1.73,1.13
2011.08.10 07:13:39.905,1.43485,1.43496,1.35,1.13
2011.08.10 07:13:40.023,1.43485,1.43496,3.60,1.13
2011.08.10 07:13:40.836,1.43486,1.43497,1.73,1.50
2011.08.10 07:13:41.404,1.43484,1.43494,2.63,1.50
2011.08.10 07:13:41.528,1.43484,1.43491,1.13,1.50
2011.08.10 07:13:41.643,1.43483,1.43489,4.80,1.35
2011.08.10 07:13:41.983,1.43477,1.43489,1.50,6.33
2011.08.10 07:13:42.555,1.4348,1.43488,2.10,4.13
2011.08.10 07:13:42.674,1.4348,1.43489,2.10,1.13
2011.08.10 07:13:43.232,1.43479,1.43491,6.45,1.13
2011.08.10 07:13:43.793,1.43479,1.43492,5.10,1.13
2011.08.10 07:13:44.648,1.43479,1.43489,4.72,1.23
2011.08.10 07:13:45.426,1.4348,1.43489,1.50,1.13
2011.08.10 07:13:45.765,1.43481,1.43493,1.73,1.13
2011.08.10 07:13:46.104,1.43481,1.43492,1.88,5.10
2011.08.10 07:13:46.444,1.43479,1.43492,5.40,1.35
2011.08.10 07:13:46.891,1.43479,1.43489,4.72,3.75
2011.08.10 07:13:47.461,1.43479,1.43489,4.72,1.13
2011.08.10 07:13:47.916,1.4348,1.43491,1.50,1.50
2011.08.10 07:13:48.035,1.4348,1.43493,1.88,1.13
2011.08.10 07:13:48.884,1.43484,1.43498,7.88,3.00
2011.08.10 07:13:49.331,1.43486,1.43498,3.75,2.63
2011.08.10 07:13:49.454,1.43483,1.43497,7.88,1.13
2011.08.10 07:13:50.126,1.43484,1.43496,1.35,1.13
2011.08.10 07:13:50.360,1.43483,1.43493,1.88,1.35
2011.08.10 07:13:50.814,1.43482,1.43493,1.13,1.23
2011.08.10 07:13:51.050,1.43483,1.43494,1.35,1.19
2011.08.10 07:13:51.405,1.4349,1.43501,4.13,1.50
2011.08.10 07:13:52.103,1.43492,1.43502,5.25,1.13
2011.08.10 07:13:52.242,1.43494,1.43506,1.88,1.13
2011.08.10 07:13:52.364,1.43494,1.43506,1.13,1.13
2011.08.10 07:13:52.922,1.43497,1.43507,1.13,1.13
2011.08.10 07:13:53.046,1.43497,1.43507,1.13,1.13
2011.08.10 07:13:53.283,1.43498,1.43509,4.13,2.10
2011.08.10 07:13:53.733,1.43497,1.43509,3.38,6.23
2011.08.10 07:13:53.854,1.43497,1.43509,3.38,6.23
2011.08.10 07:13:54.521,1.43497,1.43509,3.00,6.23
2011.08.10 07:13:55.514,1.43496,1.43506,1.13,1.50
2011.08.10 07:13:55.865,1.43494,1.43503,1.88,1.13
2011.08.10 07:13:56.427,1.43494,1.43506,2.85,1.13
2011.08.10 07:13:56.776,1.43492,1.43505,1.73,1.13
2011.08.10 07:13:57.332,1.43491,1.43503,3.60,1.13
2011.08.10 07:13:57.566,1.43492,1.43506,4.88,3.54
2011.08.10 07:13:57.791,1.43492,1.43503,1.50,1.13
2011.08.10 07:13:59.342,1.43491,1.43503,2.85,1.13
2011.08.10 07:14:01.203,1.43492,1.43504,1.35,1.23
2011.08.10 07:14:01.543,1.43492,1.435,1.13,2.35
2011.08.10 07:14:01.997,1.43492,1.435,1.13,1.60
2011.08.10 07:14:02.339,1.43496,1.43501,1.13,3.38
2011.08.10 07:14:02.956,1.43494,1.43502,2.25,3.75
2011.08.10 07:14:03.080,1.43495,1.43503,1.73,1.13
2011.08.10 07:14:03.631,1.43495,1.43504,1.73,1.13
2011.08.10 07:14:04.865,1.43494,1.43504,2.55,1.13
2011.08.10 07:14:05.214,1.43492,1.43499,1.88,1.13
2011.08.10 07:14:05.997,1.43488,1.43499,1.88,1.73
2011.08.10 07:14:06.449,1.43486,1.43497,2.25,1.13
2011.08.10 07:14:07.022,1.43486,1.43493,1.50,1.35
2011.08.10 07:14:07.151,1.4348,1.4349,3.00,1.13
2011.08.10 07:14:07.714,1.4348,1.43492,6.00,1.13
2011.08.10 07:14:08.271,1.4348,1.4349,2.25,1.13
2011.08.10 07:14:09.164,1.43479,1.43488,1.50,1.50
2011.08.10 07:14:09.516,1.43477,1.43487,1.88,1.13
2011.08.10 07:14:09.857,1.43474,1.43485,5.55,4.35
2011.08.10 07:14:10.513,1.43472,1.43478,3.75,1.35
2011.08.10 07:14:10.647,1.43465,1.43475,1.13,2.73
2011.08.10 07:14:10.767,1.43464,1.4347,1.50,3.75
2011.08.10 07:14:11.212,1.43464,1.43472,1.88,7.60
2011.08.10 07:14:11.332,1.43464,1.43472,1.88,1.50
2011.08.10 07:14:12.443,1.43464,1.43474,1.50,1.13
2011.08.10 07:14:12.566,1.43466,1.43476,1.88,1.13
2011.08.10 07:14:12.688,1.43468,1.43478,1.35,4.13
2011.08.10 07:14:13.316,1.43469,1.43475,1.35,1.13
2011.08.10 07:14:13.873,1.43469,1.43478,1.35,1.13
2011.08.10 07:14:14.214,1.43468,1.43478,1.73,1.13
2011.08.10 07:14:14.443,1.43467,1.43477,2.10,1.13
2011.08.10 07:14:14.783,1.43476,1.43485,1.13,5.35
2011.08.10 07:14:15.124,1.43471,1.43478,1.88,1.13
2011.08.10 07:14:15.476,1.43471,1.43479,2.25,1.13
2011.08.10 07:14:16.088,1.43477,1.43482,2.10,1.13
2011.08.10 07:14:16.218,1.4348,1.43487,2.85,4.13
2011.08.10 07:14:16.339,1.43479,1.43487,2.85,4.13
2011.08.10 07:14:16.567,1.43479,1.43491,6.75,1.13
2011.08.10 07:14:16.901,1.43479,1.43489,2.25,1.13
2011.08.10 07:14:17.241,1.43479,1.43488,1.88,1.13
2011.08.10 07:14:17.805,1.43479,1.43489,2.25,1.13
2011.08.10 07:14:18.361,1.43479,1.4349,3.00,1.13
2011.08.10 07:14:18.989,1.43483,1.43494,1.13,5.63
2011.08.10 07:14:19.350,1.43485,1.43495,1.13,1.05
2011.08.10 07:14:19.691,1.43487,1.43496,5.85,4.28
2011.08.10 07:14:20.038,1.4349,1.43496,2.25,3.90
2011.08.10 07:14:20.268,1.43495,1.43503,2.25,1.73
2011.08.10 07:14:20.388,1.43492,1.435,2.93,2.48
2011.08.10 07:14:20.507,1.4349,1.43497,2.25,3.23
2011.08.10 07:14:20.625,1.43488,1.43497,1.88,1.50
2011.08.10 07:14:20.744,1.43488,1.43497,1.88,1.50
2011.08.10 07:14:21.445,1.43489,1.435,2.25,1.13
2011.08.10 07:14:21.569,1.4349,1.43499,1.50,3.75
2011.08.10 07:14:21.684,1.43491,1.43501,2.63,4.88
2011.08.10 07:14:22.243,1.43491,1.43502,4.50,1.13
2011.08.10 07:14:22.364,1.43496,1.43506,1.50,4.13
2011.08.10 07:14:22.715,1.43498,1.43506,4.88,4.13
2011.08.10 07:14:23.053,1.435,1.43506,2.48,3.75
2011.08.10 07:14:23.398,1.43506,1.43513,1.35,3.75
2011.08.10 07:14:23.998,1.43513,1.43521,1.05,6.38
2011.08.10 07:14:24.136,1.43514,1.43523,1.35,1.23
2011.08.10 07:14:24.263,1.43514,1.43527,1.35,1.98
2011.08.10 07:14:24.509,1.43525,1.43537,2.63,3.60
2011.08.10 07:14:25.068,1.43529,1.4354,2.85,1.13
2011.08.10 07:14:25.623,1.43528,1.4354,1.13,2.73
2011.08.10 07:14:26.208,1.43527,1.43538,1.13,1.88
2011.08.10 07:14:26.569,1.43527,1.43536,1.88,3.75
2011.08.10 07:14:26.688,1.43517,1.43527,2.63,4.13
2011.08.10 07:14:27.246,1.43518,1.43527,1.13,1.13
2011.08.10 07:14:27.583,1.43518,1.43526,1.13,4.13
2011.08.10 07:14:27.926,1.43514,1.43522,4.50,2.99
2011.08.10 07:14:28.263,1.43515,1.43523,1.13,1.13
2011.08.10 07:14:28.824,1.43515,1.43522,1.13,4.13
2011.08.10 07:14:29.477,1.43515,1.43524,1.35,3.37
2011.08.10 07:14:29.817,1.43509,1.43517,1.13,3.37
2011.08.10 07:14:29.933,1.43508,1.43517,2.10,3.37
2011.08.10 07:14:30.162,1.43506,1.43515,5.40,2.99
2011.08.10 07:14:30.283,1.43506,1.43513,6.15,2.99
2011.08.10 07:14:30.409,1.43506,1.43515,2.18,2.99
2011.08.10 07:14:30.972,1.43506,1.43515,2.10,3.74
2011.08.10 07:14:31.532,1.43507,1.43514,1.50,2.99
2011.08.10 07:14:31.983,1.43505,1.43514,1.13,3.97
2011.08.10 07:14:32.573,1.43504,1.43511,2.63,2.99
2011.08.10 07:14:32.717,1.43507,1.43514,1.35,1.13
2011.08.10 07:14:33.275,1.43509,1.43518,1.35,1.13
2011.08.10 07:14:33.507,1.4351,1.43519,2.10,2.99
2011.08.10 07:14:33.633,1.43514,1.4352,2.10,1.13
2011.08.10 07:14:33.759,1.4352,1.43526,1.73,4.28
2011.08.10 07:14:33.988,1.43524,1.43534,3.75,1.35
2011.08.10 07:14:34.216,1.43524,1.43529,3.38,1.35
2011.08.10 07:14:34.826,1.43518,1.43525,1.50,3.60
2011.08.10 07:14:34.958,1.43512,1.43519,4.13,1.50
2011.08.10 07:14:35.078,1.43506,1.43516,2.38,1.13
2011.08.10 07:14:35.417,1.43506,1.43518,5.75,1.13
2011.08.10 07:14:35.537,1.43509,1.43518,2.10,1.13
2011.08.10 07:14:35.656,1.4351,1.4352,1.13,1.13
2011.08.10 07:14:35.778,1.43511,1.43522,1.13,4.98
2011.08.10 07:14:36.114,1.43514,1.43526,3.75,4.88
2011.08.10 07:14:36.460,1.43517,1.43527,2.63,1.13
2011.08.10 07:14:37.067,1.43517,1.43528,1.50,9.00
2011.08.10 07:14:37.200,1.43515,1.43526,2.10,4.13
2011.08.10 07:14:37.759,1.43517,1.43529,4.13,6.60
2011.08.10 07:14:38.532,1.43517,1.4353,6.23,2.73
2011.08.10 07:14:38.876,1.43518,1.4353,4.13,1.23
2011.08.10 07:14:39.103,1.43517,1.43529,2.48,8.25
2011.08.10 07:14:39.668,1.43518,1.43527,2.48,4.13
2011.08.10 07:14:40.260,1.4352,1.43531,4.13,1.60
2011.08.10 07:14:40.373,1.43518,1.43531,4.50,2.10
2011.08.10 07:14:40.496,1.4352,1.4353,4.13,5.35
2011.08.10 07:14:40.618,1.43523,1.43533,6.98,1.05
2011.08.10 07:14:40.737,1.43528,1.43536,4.13,1.05
2011.08.10 07:14:40.964,1.43533,1.4354,2.10,3.10
2011.08.10 07:14:41.415,1.43534,1.43545,2.25,1.88
2011.08.10 07:14:41.640,1.43534,1.43545,2.85,1.88
2011.08.10 07:14:41.765,1.43536,1.43545,3.75,1.50
2011.08.10 07:14:42.606,1.43528,1.43537,1.50,2.20
2011.08.10 07:14:42.735,1.43525,1.43535,1.35,1.13
2011.08.10 07:14:42.856,1.43524,1.43532,5.32,4.13
2011.08.10 07:14:42.978,1.43524,1.43534,4.72,4.88
2011.08.10 07:14:43.095,1.43525,1.43535,1.50,1.50
2011.08.10 07:14:43.325,1.43529,1.43538,2.10,1.13
2011.08.10 07:14:43.443,1.43529,1.4354,2.47,1.50
2011.08.10 07:14:43.895,1.43529,1.43538,2.85,4.88
2011.08.10 07:14:44.235,1.43526,1.43532,6.00,2.25
2011.08.10 07:14:44.356,1.43529,1.43536,1.35,4.13
2011.08.10 07:14:44.802,1.43529,1.4354,1.35,1.13
2011.08.10 07:14:45.657,1.43528,1.4354,7.35,1.13
2011.08.10 07:14:45.779,1.43528,1.43538,2.48,1.13
2011.08.10 07:14:46.781,1.43529,1.43539,3.00,1.13
2011.08.10 07:14:47.561,1.43529,1.43539,1.50,1.13
2011.08.10 07:14:48.123,1.43529,1.43539,1.13,1.13
2011.08.10 07:14:48.473,1.43531,1.43541,2.63,1.88
2011.08.10 07:14:48.811,1.43533,1.43541,2.25,1.88
2011.08.10 07:14:49.154,1.43533,1.43544,4.13,1.35
2011.08.10 07:14:49.701,1.43536,1.43545,2.10,5.66
2011.08.10 07:14:50.064,1.43541,1.43547,1.50,1.13
2011.08.10 07:14:50.624,1.43537,1.43548,9.38,1.50
2011.08.10 07:14:51.185,1.4354,1.43552,4.88,1.50
2011.08.10 07:14:51.306,1.43541,1.43552,1.88,1.50
2011.08.10 07:14:51.426,1.43545,1.43553,3.98,1.05
2011.08.10 07:14:51.543,1.43546,1.43554,2.10,1.43
2011.08.10 07:14:51.885,1.43553,1.43561,1.13,1.80
2011.08.10 07:14:52.544,1.43554,1.43562,2.25,4.35
2011.08.10 07:14:52.686,1.4356,1.43568,1.13,4.58
2011.08.10 07:14:53.246,1.43557,1.43567,1.13,3.75
2011.08.10 07:14:53.474,1.43558,1.43568,3.75,5.10
2011.08.10 07:14:53.924,1.43558,1.43569,1.13,6.98
2011.08.10 07:14:54.157,1.43558,1.43569,4.50,4.50
2011.08.10 07:14:54.493,1.4356,1.4357,4.50,4.35
2011.08.10 07:14:55.521,1.43559,1.43567,1.13,1.50
2011.08.10 07:14:55.868,1.43551,1.43558,4.88,1.13
2011.08.10 07:14:55.987,1.43551,1.43559,4.50,2.48
2011.08.10 07:14:56.441,1.43551,1.43561,1.88,1.23
2011.08.10 07:14:56.896,1.4355,1.43561,1.05,2.73
2011.08.10 07:14:57.233,1.43548,1.43558,1.88,4.98
2011.08.10 07:14:57.794,1.43547,1.43556,4.13,1.13
2011.08.10 07:14:58.619,1.43545,1.43554,1.13,4.88
2011.08.10 07:14:58.971,1.4355,1.43557,1.05,1.50
2011.08.10 07:14:59.095,1.43549,1.43557,3.68,1.13
2011.08.10 07:14:59.213,1.43551,1.43559,1.35,1.50
2011.08.10 07:14:59.569,1.43549,1.43557,2.85,4.50
2011.08.10 07:14:59.690,1.43552,1.43562,1.80,1.43
2011.08.10 07:14:59.915,1.43552,1.43562,1.50,4.50
2011.08.10 07:15:00.035,1.43552,1.43562,1.80,1.13
2011.08.10 07:15:00.155,1.43551,1.43562,2.25,5.63
2011.08.10 07:15:00.492,1.43551,1.43559,2.25,4.13
2011.08.10 07:15:01.273,1.43555,1.43564,2.25,1.13
2011.08.10 07:15:01.616,1.43557,1.43565,2.25,1.13
2011.08.10 07:15:02.174,1.43555,1.43564,3.30,1.50
2011.08.10 07:15:02.402,1.43557,1.43566,3.00,1.13
2011.08.10 07:15:02.963,1.43556,1.43566,2.03,1.88
2011.08.10 07:15:03.197,1.43556,1.43566,2.03,1.88
2011.08.10 07:15:03.973,1.43555,1.4356,1.50,1.13
2011.08.10 07:15:04.102,1.43549,1.43559,1.50,1.13
2011.08.10 07:15:04.227,1.43544,1.43549,3.15,1.35
2011.08.10 07:15:04.348,1.43541,1.43548,4.13,1.50
2011.08.10 07:15:04.465,1.43535,1.43545,3.90,1.13
2011.08.10 07:15:05.025,1.43536,1.43546,1.05,1.88
2011.08.10 07:15:05.585,1.43537,1.43546,1.50,1.13
2011.08.10 07:15:05.707,1.43541,1.43548,1.50,1.88
2011.08.10 07:15:06.443,1.4355,1.43554,5.25,1.50
2011.08.10 07:15:06.575,1.43557,1.43566,3.30,3.00
2011.08.10 07:15:06.695,1.43559,1.43565,2.25,1.13
2011.08.10 07:15:06.822,1.43554,1.43563,3.60,1.13
2011.08.10 07:15:07.065,1.43547,1.43555,1.05,1.50
2011.08.10 07:15:07.515,1.4355,1.43557,2.10,3.75
2011.08.10 07:15:07.857,1.43549,1.43555,2.85,1.50
2011.08.10 07:15:08.634,1.4355,1.43557,3.75,4.73
2011.08.10 07:15:08.763,1.43546,1.43555,1.05,1.13
2011.08.10 07:15:08.994,1.43547,1.43556,3.98,1.50
2011.08.10 07:15:09.555,1.43546,1.43555,1.05,1.13
2011.08.10 07:15:09.678,1.43551,1.43557,1.13,9.00
2011.08.10 07:15:10.015,1.43552,1.43557,3.38,1.50
2011.08.10 07:15:10.134,1.43548,1.43557,1.05,1.88
2011.08.10 07:15:10.365,1.43546,1.43554,1.80,1.13
2011.08.10 07:15:10.711,1.43546,1.43551,1.05,2.85
2011.08.10 07:15:11.218,1.43544,1.4355,3.68,1.35
2011.08.10 07:15:11.345,1.43541,1.4355,1.05,1.13
2011.08.10 07:15:11.907,1.4354,1.43549,1.50,4.50
2011.08.10 07:15:12.024,1.43539,1.43548,1.88,1.50
2011.08.10 07:15:12.583,1.43529,1.43539,6.00,3.00
2011.08.10 07:15:12.815,1.43532,1.43541,1.88,1.29
2011.08.10 07:15:13.376,1.43533,1.43542,1.50,1.29
2011.08.10 07:15:14.001,1.43533,1.43543,4.88,2.18
2011.08.10 07:15:14.138,1.43534,1.43539,3.38,1.50
2011.08.10 07:15:14.706,1.43532,1.43538,3.75,1.50
2011.08.10 07:15:14.822,1.43522,1.43527,3.38,1.88
2011.08.10 07:15:14.944,1.43518,1.43527,1.13,1.13
2011.08.10 07:15:15.507,1.43519,1.43527,1.13,1.13
2011.08.10 07:15:16.283,1.4353,1.43536,1.13,1.05
2011.08.10 07:15:16.521,1.43529,1.43536,1.50,4.13
2011.08.10 07:15:16.756,1.4353,1.43538,1.13,4.50
2011.08.10 07:15:16.878,1.4353,1.4354,9.75,1.13
2011.08.10 07:15:17.326,1.43532,1.43542,3.38,3.00
2011.08.10 07:15:17.667,1.43534,1.43542,2.10,5.71
2011.08.10 07:15:17.786,1.4354,1.43546,1.50,3.75
2011.08.10 07:15:18.246,1.4354,1.43548,1.50,3.38
2011.08.10 07:15:18.363,1.4354,1.43551,4.88,1.50
2011.08.10 07:15:18.483,1.43541,1.43551,1.13,1.50
2011.08.10 07:15:19.070,1.43539,1.43544,1.50,3.74
2011.08.10 07:15:19.208,1.4353,1.43537,1.50,1.13
2011.08.10 07:15:19.328,1.43528,1.43537,1.43,1.88
2011.08.10 07:15:19.553,1.43527,1.43536,1.13,1.88
2011.08.10 07:15:20.115,1.43527,1.43536,1.13,1.13
2011.08.10 07:15:20.347,1.43529,1.43538,4.50,1.50
2011.08.10 07:15:20.468,1.43532,1.43541,1.13,2.04
2011.08.10 07:15:21.024,1.43533,1.43542,2.63,1.29
2011.08.10 07:15:21.699,1.43535,1.43543,2.25,3.75
2011.08.10 07:15:21.818,1.43537,1.43546,4.50,1.50
2011.08.10 07:15:22.376,1.43541,1.43547,1.50,2.04
2011.08.10 07:15:22.832,1.43537,1.43547,4.88,1.88
2011.08.10 07:15:23.070,1.43539,1.43548,4.13,2.25
2011.08.10 07:15:23.410,1.43549,1.43556,1.50,3.75
2011.08.10 07:15:24.538,1.43556,1.43562,3.75,3.38
2011.08.10 07:15:24.655,1.43556,1.43563,3.75,1.50
2011.08.10 07:15:24.772,1.43554,1.43563,4.88,1.54
2011.08.10 07:15:25.333,1.43555,1.43564,1.13,1.13
2011.08.10 07:15:25.454,1.43557,1.43564,1.13,1.13
2011.08.10 07:15:25.684,1.4356,1.43568,3.00,1.13
2011.08.10 07:15:25.802,1.43561,1.43572,3.00,1.50
2011.08.10 07:15:26.142,1.43562,1.4357,4.13,5.25
2011.08.10 07:15:27.965,1.43562,1.43569,3.75,2.10
2011.08.10 07:15:28.304,1.4356,1.43569,4.13,1.35
2011.08.10 07:15:28.862,1.43561,1.43569,4.13,2.10
2011.08.10 07:15:29.093,1.43559,1.43569,4.88,3.23
2011.08.10 07:15:29.878,1.43559,1.43567,5.63,2.04
2011.08.10 07:15:30.105,1.43559,1.43563,4.50,1.35
2011.08.10 07:15:30.903,1.4355,1.43554,3.38,1.05
2011.08.10 07:15:31.039,1.43546,1.43555,1.13,1.88
2011.08.10 07:15:31.155,1.43546,1.43553,1.13,2.95
2011.08.10 07:15:31.507,1.43536,1.43543,1.13,4.13
2011.08.10 07:15:31.953,1.43535,1.43544,4.13,1.50
2011.08.10 07:15:32.073,1.43537,1.43545,4.13,1.50
2011.08.10 07:15:32.414,1.43541,1.43548,1.13,1.13
2011.08.10 07:15:32.535,1.43541,1.43549,1.13,2.25
2011.08.10 07:15:33.419,1.43539,1.43547,1.50,1.13
2011.08.10 07:15:33.546,1.43535,1.43545,6.00,1.13
2011.08.10 07:15:34.105,1.43536,1.43546,4.13,2.79
2011.08.10 07:15:35.435,1.43537,1.43547,5.63,2.04
2011.08.10 07:15:37.238,1.43545,1.43551,1.50,1.13
2011.08.10 07:15:37.466,1.43543,1.43552,3.75,1.50
2011.08.10 07:15:37.584,1.43543,1.43552,2.25,1.13
2011.08.10 07:15:37.704,1.43546,1.43554,1.13,3.00
2011.08.10 07:15:37.824,1.43546,1.43554,1.13,2.25
2011.08.10 07:15:37.942,1.43546,1.43554,4.88,1.13
2011.08.10 07:15:38.504,1.43544,1.43554,4.88,2.25
2011.08.10 07:15:38.735,1.43544,1.43552,1.13,1.13
2011.08.10 07:15:39.199,1.43544,1.43554,4.13,3.00
2011.08.10 07:15:39.538,1.43545,1.43554,2.18,1.88
2011.08.10 07:15:39.655,1.43547,1.43556,4.43,3.00
2011.08.10 07:15:40.228,1.43546,1.43556,4.13,3.38
2011.08.10 07:15:40.785,1.43545,1.43555,5.63,1.13
2011.08.10 07:15:41.783,1.43547,1.43556,4.88,1.50
2011.08.10 07:15:42.475,1.43547,1.43555,1.13,1.88
2011.08.10 07:15:42.717,1.43547,1.43555,3.75,1.88
2011.08.10 07:15:43.057,1.43551,1.43559,4.13,1.35
2011.08.10 07:15:44.021,1.43549,1.43558,8.25,1.50
2011.08.10 07:15:44.265,1.43548,1.43556,1.13,1.13
2011.08.10 07:15:44.833,1.43547,1.43556,1.88,1.13
2011.08.10 07:15:45.397,1.43547,1.43556,1.88,1.13
2011.08.10 07:15:45.842,1.43549,1.43558,4.88,1.50
2011.08.10 07:15:46.402,1.4355,1.43558,1.13,1.88
2011.08.10 07:15:47.653,1.4355,1.43558,1.13,1.13
2011.08.10 07:15:47.996,1.43559,1.43566,2.25,1.13
2011.08.10 07:15:48.113,1.43559,1.43564,2.25,3.38
2011.08.10 07:15:48.453,1.43559,1.43566,3.00,4.50
2011.08.10 07:15:48.904,1.43561,1.43567,1.13,1.13
2011.08.10 07:15:49.353,1.43559,1.43567,1.13,1.35
2011.08.10 07:15:49.929,1.43556,1.43563,5.25,1.50
2011.08.10 07:15:50.049,1.43547,1.43556,1.88,1.13
2011.08.10 07:15:50.162,1.4355,1.43558,1.13,1.13
2011.08.10 07:15:50.833,1.43549,1.43558,1.88,1.13
2011.08.10 07:15:51.065,1.43546,1.43556,2.48,4.50
2011.08.10 07:15:51.407,1.43555,1.43563,2.10,5.25
2011.08.10 07:15:51.754,1.4356,1.43565,1.50,3.75
2011.08.10 07:15:51.876,1.4356,1.43567,5.63,1.05
2011.08.10 07:15:52.557,1.43564,1.43572,3.75,1.13
2011.08.10 07:15:53.115,1.43567,1.43574,1.50,2.78
2011.08.10 07:15:53.476,1.4357,1.4358,4.88,2.73
2011.08.10 07:15:53.704,1.43568,1.43574,3.75,1.35
2011.08.10 07:15:53.825,1.43565,1.43576,1.50,2.85
2011.08.10 07:15:53.943,1.43565,1.43576,3.00,2.85
2011.08.10 07:15:54.503,1.43566,1.43576,1.13,2.26
2011.08.10 07:15:54.952,1.43567,1.43576,4.50,1.51
2011.08.10 07:15:55.753,1.4357,1.43576,3.75,1.51
2011.08.10 07:15:55.881,1.43574,1.43581,1.13,2.99
2011.08.10 07:15:56.012,1.43576,1.43584,1.13,1.53
2011.08.10 07:15:56.358,1.43579,1.43586,2.85,3.75
2011.08.10 07:15:56.914,1.43579,1.43586,2.25,3.75
2011.08.10 07:15:57.035,1.4358,1.43586,3.75,1.13
2011.08.10 07:15:57.376,1.43577,1.43585,8.25,1.35
2011.08.10 07:15:57.934,1.43578,1.43586,3.75,1.61
2011.08.10 07:15:58.053,1.43577,1.43586,1.13,1.98
2011.08.10 07:15:58.734,1.43577,1.43586,1.88,1.13
2011.08.10 07:15:58.854,1.4358,1.43587,3.75,1.13
2011.08.10 07:15:59.195,1.43583,1.4359,4.50,1.13
2011.08.10 07:15:59.318,1.43585,1.43592,1.13,1.05
2011.08.10 07:15:59.873,1.43587,1.43594,1.13,1.13
2011.08.10 07:16:00.323,1.43589,1.43597,4.50,1.50
2011.08.10 07:16:00.886,1.4359,1.43597,4.13,1.13
2011.08.10 07:16:01.010,1.43591,1.43598,4.13,1.50
2011.08.10 07:16:02.569,1.43589,1.43595,4.50,1.50
2011.08.10 07:16:02.804,1.43587,1.43596,2.63,1.13
2011.08.10 07:16:03.366,1.43589,1.43597,1.13,1.13
2011.08.10 07:16:03.608,1.43592,1.436,1.13,1.13
2011.08.10 07:16:03.723,1.43593,1.43602,1.50,3.48
2011.08.10 07:16:04.064,1.43592,1.43599,1.13,1.50
2011.08.10 07:16:04.182,1.43593,1.43602,1.50,4.88
2011.08.10 07:16:04.853,1.43593,1.43602,1.88,1.13
2011.08.10 07:16:04.978,1.43593,1.43601,1.50,4.13
2011.08.10 07:16:05.550,1.43593,1.43602,1.13,1.13
2011.08.10 07:16:06.323,1.43592,1.43602,1.13,1.35
2011.08.10 07:16:06.665,1.43591,1.43599,4.13,3.60
2011.08.10 07:16:07.008,1.43599,1.43605,1.13,2.34
2011.08.10 07:16:07.127,1.43597,1.43605,1.50,1.53
2011.08.10 07:16:07.246,1.43595,1.43606,2.25,2.63
2011.08.10 07:16:07.366,1.43595,1.43605,1.50,4.13
2011.08.10 07:16:07.701,1.43595,1.43605,1.88,3.75
2011.08.10 07:16:08.619,1.43592,1.43602,4.50,3.33
2011.08.10 07:16:08.746,1.43584,1.43591,4.13,1.13
2011.08.10 07:16:08.882,1.43576,1.43587,1.73,4.98
2011.08.10 07:16:09.006,1.43577,1.43587,1.05,4.60
2011.08.10 07:16:09.344,1.43577,1.43587,1.50,4.13
2011.08.10 07:16:10.063,1.4358,1.43588,1.05,2.48
2011.08.10 07:16:10.508,1.43579,1.43584,1.05,1.35
2011.08.10 07:16:10.850,1.43579,1.43588,1.05,1.98
2011.08.10 07:16:11.792,1.43581,1.43589,1.05,1.13
2011.08.10 07:16:12.357,1.43581,1.43591,5.18,1.13
2011.08.10 07:16:12.585,1.43579,1.43589,1.80,4.98
2011.08.10 07:16:12.933,1.4358,1.4359,1.05,8.63
2011.08.10 07:16:13.054,1.43581,1.4359,1.05,1.50
2011.08.10 07:16:13.173,1.43582,1.4359,1.05,1.13
2011.08.10 07:16:13.405,1.43581,1.43591,1.05,4.88
2011.08.10 07:16:13.524,1.43582,1.43591,1.50,4.88
2011.08.10 07:16:13.649,1.43583,1.43593,1.05,5.93
2011.08.10 07:16:13.769,1.43584,1.43593,1.50,5.18
2011.08.10 07:16:14.103,1.43585,1.43594,1.50,4.88
2011.08.10 07:16:14.643,1.43586,1.43594,1.35,4.88
2011.08.10 07:16:14.774,1.43587,1.43595,1.95,1.13
2011.08.10 07:16:14.896,1.43588,1.43597,2.10,1.13
2011.08.10 07:16:15.016,1.4359,1.43599,3.98,3.83
2011.08.10 07:16:15.355,1.43589,1.43597,1.05,1.13
2011.08.10 07:16:15.912,1.43589,1.43598,1.05,1.35
2011.08.10 07:16:16.257,1.43592,1.43599,1.05,1.73
2011.08.10 07:16:16.603,1.43593,1.43602,1.80,1.88
2011.08.10 07:16:17.054,1.43594,1.43602,1.35,1.13
2011.08.10 07:16:17.640,1.43596,1.43603,1.05,1.05
2011.08.10 07:16:18.222,1.43595,1.43604,2.55,2.03
2011.08.10 07:16:18.674,1.43594,1.43602,1.50,3.75
2011.08.10 07:16:19.232,1.43594,1.43601,2.25,4.13
2011.08.10 07:16:20.679,1.43595,1.43601,1.50,3.75
2011.08.10 07:16:21.028,1.43596,1.43605,2.25,4.88
2011.08.10 07:16:21.585,1.43596,1.43603,1.50,1.13
2011.08.10 07:16:21.711,1.43594,1.436,1.05,1.50
2011.08.10 07:16:22.059,1.43586,1.43593,1.50,4.13
2011.08.10 07:16:22.611,1.43585,1.43593,5.85,4.13
2011.08.10 07:16:23.596,1.43587,1.43595,3.00,3.75
2011.08.10 07:16:23.946,1.43591,1.43597,1.35,4.88
2011.08.10 07:16:24.283,1.43592,1.43599,1.35,3.75
2011.08.10 07:16:24.843,1.43592,1.43599,5.10,3.75
2011.08.10 07:16:25.076,1.43591,1.436,1.50,4.13
2011.08.10 07:16:25.195,1.43591,1.43598,4.35,4.13
2011.08.10 07:16:25.315,1.43592,1.436,5.10,4.13
2011.08.10 07:16:25.436,1.43592,1.43598,3.75,4.13
2011.08.10 07:16:25.557,1.43591,1.43598,1.50,4.13
2011.08.10 07:16:25.894,1.43588,1.43596,1.05,4.13
2011.08.10 07:16:26.543,1.43586,1.43594,6.75,4.43
2011.08.10 07:16:26.658,1.43579,1.43585,1.50,1.88
2011.08.10 07:16:26.998,1.43576,1.43586,1.88,4.88
2011.08.10 07:16:27.225,1.43576,1.43583,1.50,3.75
2011.08.10 07:16:27.672,1.43577,1.43583,1.50,3.75
2011.08.10 07:16:28.233,1.43577,1.43583,1.50,3.38
2011.08.10 07:16:28.463,1.43577,1.43586,1.88,1.88
2011.08.10 07:16:28.586,1.43575,1.43585,4.88,2.48
2011.08.10 07:16:29.206,1.43574,1.43579,1.65,3.75
2011.08.10 07:16:29.328,1.43575,1.43583,2.40,4.88
2011.08.10 07:16:29.443,1.43575,1.43583,2.78,1.50
2011.08.10 07:16:29.783,1.43573,1.43582,3.75,4.13
2011.08.10 07:16:30.127,1.43573,1.4358,1.50,4.13
2011.08.10 07:16:30.464,1.43572,1.43578,1.73,4.13
2011.08.10 07:16:30.803,1.43572,1.4358,3.23,4.13
2011.08.10 07:16:31.515,1.43572,1.43578,3.98,4.13
2011.08.10 07:16:31.641,1.43573,1.43582,2.25,7.50
2011.08.10 07:16:31.763,1.43574,1.4358,1.35,3.75
2011.08.10 07:16:32.214,1.43572,1.43578,5.63,3.75
2011.08.10 07:16:32.773,1.43571,1.43577,5.85,4.13
2011.08.10 07:16:33.115,1.43572,1.43579,2.48,4.13
2011.08.10 07:16:33.672,1.43572,1.4358,3.23,4.13
2011.08.10 07:16:34.600,1.43563,1.43569,3.75,1.50
2011.08.10 07:16:35.158,1.43566,1.43571,1.50,1.13
2011.08.10 07:16:35.398,1.43574,1.43581,3.22,8.25
2011.08.10 07:16:35.521,1.43573,1.43579,2.10,4.13
2011.08.10 07:16:35.767,1.43569,1.43574,3.60,1.13
2011.08.10 07:16:35.888,1.43567,1.43571,2.10,3.38
2011.08.10 07:16:36.113,1.43567,1.43571,1.35,4.13
2011.08.10 07:16:36.921,1.43576,1.43581,2.85,1.50
2011.08.10 07:16:37.166,1.43576,1.43585,2.25,2.18
2011.08.10 07:16:37.289,1.43575,1.43582,1.13,1.13
2011.08.10 07:16:37.630,1.43566,1.43574,1.58,1.50
2011.08.10 07:16:37.744,1.43565,1.43574,6.23,1.88
2011.08.10 07:16:38.307,1.43565,1.43574,2.48,1.88
2011.08.10 07:16:38.643,1.43564,1.43572,2.10,1.13
2011.08.10 07:16:39.162,1.43564,1.4357,1.73,1.13
2011.08.10 07:16:39.735,1.43562,1.43571,2.48,1.88
2011.08.10 07:16:40.076,1.43564,1.43571,2.10,4.88
2011.08.10 07:16:40.427,1.43571,1.43577,2.48,1.50
2011.08.10 07:16:40.785,1.43567,1.43576,3.23,5.25
2011.08.10 07:16:41.015,1.43567,1.43575,1.35,1.13
2011.08.10 07:16:41.733,1.43566,1.43573,2.48,1.88
2011.08.10 07:16:41.857,1.43563,1.43572,1.13,1.13
2011.08.10 07:16:41.972,1.43563,1.43571,1.13,1.13
2011.08.10 07:16:42.533,1.43563,1.43573,4.13,7.80
2011.08.10 07:16:42.653,1.43564,1.43573,4.13,5.55
2011.08.10 07:16:42.775,1.4357,1.43575,2.10,1.88
2011.08.10 07:16:42.896,1.4357,1.43576,2.48,1.13
2011.08.10 07:16:43.128,1.43567,1.43572,3.38,1.50
2011.08.10 07:16:43.356,1.43566,1.43573,1.35,4.50
2011.08.10 07:16:43.479,1.43565,1.43574,8.10,1.50
2011.08.10 07:16:44.462,1.43565,1.43574,3.23,5.63
2011.08.10 07:16:44.917,1.43568,1.43573,1.50,3.75
2011.08.10 07:16:45.157,1.43571,1.43578,2.63,3.75
2011.08.10 07:16:45.277,1.43573,1.4358,1.50,1.13
2011.08.10 07:16:45.625,1.43576,1.43583,3.60,3.75
2011.08.10 07:16:45.975,1.43581,1.43586,2.85,3.75
2011.08.10 07:16:46.894,1.43589,1.43596,1.50,7.50
2011.08.10 07:16:47.018,1.43591,1.43597,3.38,1.13
2011.08.10 07:16:47.366,1.43587,1.43594,1.05,1.13
2011.08.10 07:16:47.487,1.43585,1.43594,3.60,1.88
2011.08.10 07:16:47.603,1.43584,1.43591,2.85,4.13
2011.08.10 07:16:48.075,1.43586,1.43594,1.13,1.50
2011.08.10 07:16:49.225,1.4359,1.43597,3.75,1.13
2011.08.10 07:16:49.577,1.43598,1.43603,1.50,4.43
2011.08.10 07:16:49.929,1.43604,1.43615,1.13,5.25
2011.08.10 07:16:50.047,1.43608,1.43615,4.88,1.60
2011.08.10 07:16:50.165,1.43606,1.43615,4.88,3.10
2011.08.10 07:16:50.723,1.43603,1.43612,1.88,2.25
2011.08.10 07:16:51.516,1.43611,1.43618,4.88,2.10
2011.08.10 07:16:51.749,1.43613,1.43619,3.38,2.18
2011.08.10 07:16:51.978,1.4361,1.43619,1.13,1.05
2011.08.10 07:16:52.314,1.43608,1.43616,1.88,1.50
2011.08.10 07:16:52.545,1.43605,1.43613,1.13,2.85
2011.08.10 07:16:52.674,1.43602,1.4361,1.13,1.88
2011.08.10 07:16:53.018,1.43604,1.43612,1.13,1.50
2011.08.10 07:16:53.137,1.43603,1.43612,1.13,1.50
2011.08.10 07:16:53.743,1.43603,1.43612,1.13,1.88
2011.08.10 07:16:53.865,1.43604,1.43613,4.13,1.50
2011.08.10 07:16:54.202,1.43606,1.43615,4.88,6.00
2011.08.10 07:16:54.324,1.43607,1.43615,1.88,4.50
2011.08.10 07:16:54.447,1.4361,1.43617,4.50,1.05
2011.08.10 07:16:54.688,1.43615,1.43623,1.88,3.15
2011.08.10 07:16:54.929,1.4362,1.4363,1.13,3.33
2011.08.10 07:16:55.268,1.43615,1.43622,3.00,1.50
2011.08.10 07:16:55.395,1.43619,1.43625,1.35,1.50
2011.08.10 07:16:56.029,1.43617,1.43624,2.25,3.75
2011.08.10 07:16:56.149,1.43619,1.43625,1.13,1.50
2011.08.10 07:16:56.496,1.43618,1.43628,1.50,1.80
2011.08.10 07:16:56.616,1.4362,1.43629,5.25,1.05
2011.08.10 07:16:56.744,1.43631,1.43637,5.25,2.85
2011.08.10 07:16:56.866,1.43627,1.43636,1.50,1.50
2011.08.10 07:16:56.986,1.43626,1.43636,1.50,1.50
2011.08.10 07:16:57.545,1.43626,1.43637,1.50,1.50
2011.08.10 07:16:58.106,1.43627,1.43639,1.50,3.23
2011.08.10 07:16:58.238,1.43634,1.43648,1.50,3.38
2011.08.10 07:16:58.357,1.43636,1.43645,4.50,1.13
2011.08.10 07:16:58.598,1.43636,1.43646,1.43,1.60
2011.08.10 07:16:58.719,1.43636,1.43643,1.13,1.35
2011.08.10 07:16:59.058,1.4363,1.43637,1.13,2.10
2011.08.10 07:16:59.285,1.4363,1.43637,1.13,2.10
2011.08.10 07:16:59.515,1.43629,1.43637,4.13,1.35
2011.08.10 07:17:00.338,1.43635,1.43641,2.10,3.75
2011.08.10 07:17:00.909,1.43633,1.43639,1.13,1.50
2011.08.10 07:17:01.028,1.4363,1.43637,3.75,1.50
2011.08.10 07:17:01.144,1.43629,1.43637,2.25,1.80
2011.08.10 07:17:01.376,1.43631,1.43638,1.13,1.50
2011.08.10 07:17:01.934,1.43631,1.43639,1.13,1.80
2011.08.10 07:17:02.903,1.43631,1.43644,1.50,1.15
2011.08.10 07:17:03.033,1.43632,1.43645,4.88,1.50
2011.08.10 07:17:03.156,1.43634,1.43645,1.88,1.73
2011.08.10 07:17:03.276,1.43636,1.43646,4.50,1.35
2011.08.10 07:17:03.836,1.43636,1.43649,3.75,5.85
2011.08.10 07:17:04.188,1.43637,1.43651,1.50,1.15
2011.08.10 07:17:04.415,1.43642,1.43649,1.13,1.05
2011.08.10 07:17:05.152,1.43643,1.4365,1.13,4.43
2011.08.10 07:17:05.278,1.43643,1.43652,3.75,1.73
2011.08.10 07:17:05.615,1.43643,1.43654,3.23,1.50
2011.08.10 07:17:05.844,1.43644,1.43655,6.60,1.50
2011.08.10 07:17:06.511,1.43646,1.43656,2.93,4.58
2011.08.10 07:17:06.962,1.43647,1.43657,1.73,4.88
2011.08.10 07:17:07.194,1.43649,1.43658,1.50,3.83
2011.08.10 07:17:07.860,1.4365,1.4366,1.13,8.25
2011.08.10 07:17:07.988,1.43651,1.43661,1.88,3.60
2011.08.10 07:17:08.327,1.43653,1.43661,1.73,6.61
2011.08.10 07:17:08.554,1.43655,1.43662,1.50,1.20
2011.08.10 07:17:08.894,1.43656,1.43663,1.50,3.70
2011.08.10 07:17:09.248,1.43656,1.43666,1.13,2.85
2011.08.10 07:17:09.365,1.43657,1.43667,1.13,3.30
2011.08.10 07:17:09.819,1.4366,1.43666,5.25,1.50
2011.08.10 07:17:10.422,1.43661,1.43668,1.13,1.50
2011.08.10 07:17:10.554,1.43661,1.43671,1.50,1.73
2011.08.10 07:17:10.677,1.43662,1.43672,1.50,1.89
2011.08.10 07:17:11.233,1.43664,1.43672,4.13,1.66
2011.08.10 07:17:11.357,1.43665,1.43674,1.13,2.04
2011.08.10 07:17:11.818,1.43666,1.43675,1.13,3.10
2011.08.10 07:17:11.936,1.43667,1.43676,1.88,1.38
2011.08.10 07:17:12.057,1.43668,1.43677,1.13,4.60
2011.08.10 07:17:13.238,1.43675,1.43682,4.05,1.45
2011.08.10 07:17:13.463,1.43673,1.4368,1.13,3.68
2011.08.10 07:17:13.691,1.43673,1.43682,1.13,7.20
2011.08.10 07:17:13.926,1.43671,1.43679,1.50,2.40
2011.08.10 07:17:14.154,1.43669,1.43679,1.05,1.15
2011.08.10 07:17:14.277,1.43669,1.43678,1.80,3.68
2011.08.10 07:17:14.508,1.43663,1.43673,2.25,5.03
2011.08.10 07:17:14.736,1.43664,1.43674,5.10,3.25
2011.08.10 07:17:14.975,1.43669,1.4368,1.50,5.61
2011.08.10 07:17:15.639,1.43669,1.4368,1.50,2.93
2011.08.10 07:17:15.788,1.43673,1.43681,1.50,1.15
2011.08.10 07:17:16.015,1.43674,1.43683,1.13,1.73
2011.08.10 07:17:16.136,1.43673,1.43683,2.25,4.73
2011.08.10 07:17:16.476,1.43679,1.43684,1.88,3.75
2011.08.10 07:17:16.711,1.43677,1.43685,2.55,1.09
2011.08.10 07:17:16.839,1.43677,1.43686,5.25,3.68
2011.08.10 07:17:16.956,1.43677,1.43683,4.50,2.85
2011.08.10 07:17:17.078,1.43675,1.4368,1.13,2.10
2011.08.10 07:17:17.197,1.43671,1.4368,4.13,3.49
2011.08.10 07:17:17.316,1.4367,1.43677,1.05,1.45
2011.08.10 07:17:17.439,1.43665,1.43674,5.25,1.60
2011.08.10 07:17:18.058,1.43663,1.43669,3.38,2.10
2011.08.10 07:17:18.316,1.43661,1.43668,3.75,3.75
2011.08.10 07:17:18.442,1.43658,1.43668,1.80,1.05
2011.08.10 07:17:19.005,1.43657,1.43667,1.13,1.73
2011.08.10 07:17:19.566,1.43656,1.43666,1.88,1.50
2011.08.10 07:17:19.685,1.43653,1.43666,2.10,1.50
2011.08.10 07:17:20.717,1.43653,1.43664,1.88,1.50
2011.08.10 07:17:21.068,1.43646,1.43655,3.23,3.10
2011.08.10 07:17:21.628,1.43645,1.43654,4.13,1.60
2011.08.10 07:17:21.857,1.43644,1.43652,1.13,1.50
2011.08.10 07:17:22.086,1.43642,1.43652,1.50,1.88
2011.08.10 07:17:22.209,1.4364,1.43647,2.25,1.13
2011.08.10 07:17:22.435,1.43636,1.43645,2.48,1.13
2011.08.10 07:17:23.464,1.43635,1.43645,1.35,2.73
2011.08.10 07:17:23.600,1.43635,1.43644,1.13,1.98
2011.08.10 07:17:24.153,1.43633,1.43644,1.50,5.73
2011.08.10 07:17:24.825,1.43634,1.43644,1.13,7.23
2011.08.10 07:17:24.947,1.4363,1.4364,5.63,2.35
2011.08.10 07:17:25.064,1.43627,1.43638,1.05,4.50
2011.08.10 07:17:25.185,1.43624,1.43637,3.30,2.25
2011.08.10 07:17:25.305,1.43622,1.43633,1.13,1.13
2011.08.10 07:17:25.536,1.43616,1.4363,2.63,2.25
2011.08.10 07:17:26.475,1.43614,1.43628,2.25,1.50
2011.08.10 07:17:26.605,1.43607,1.43619,3.60,1.88
2011.08.10 07:17:27.056,1.43609,1.43619,2.10,5.25
2011.08.10 07:17:27.284,1.43608,1.4362,1.50,3.00
2011.08.10 07:17:27.405,1.43615,1.43621,2.85,3.38
2011.08.10 07:17:27.638,1.43616,1.43623,2.85,4.13
2011.08.10 07:17:28.194,1.43616,1.43624,2.85,3.75
2011.08.10 07:17:28.880,1.43616,1.43625,3.23,2.25
2011.08.10 07:17:29.443,1.43616,1.43624,2.85,4.13
2011.08.10 07:17:29.785,1.43621,1.43626,2.10,1.50
2011.08.10 07:17:30.024,1.43616,1.43625,3.98,1.98
2011.08.10 07:17:30.584,1.43617,1.43624,2.85,4.13
2011.08.10 07:17:31.805,1.43617,1.43627,3.23,6.10
2011.08.10 07:17:33.301,1.43617,1.43625,2.85,4.13
2011.08.10 07:17:34.424,1.43618,1.43627,2.61,8.63
2011.08.10 07:17:34.982,1.4362,1.43627,2.10,3.75
2011.08.10 07:17:35.105,1.4362,1.43628,2.10,1.13
2011.08.10 07:17:35.229,1.43622,1.43629,2.10,4.88
2011.08.10 07:17:35.344,1.43622,1.43629,4.35,1.13
2011.08.10 07:17:35.466,1.43626,1.43631,3.60,3.38
2011.08.10 07:17:35.587,1.43626,1.43634,3.23,1.80
2011.08.10 07:17:35.924,1.43626,1.43636,3.98,4.88
2011.08.10 07:17:36.454,1.43628,1.43636,2.10,1.50
2011.08.10 07:17:36.808,1.43627,1.43635,3.60,4.13
2011.08.10 07:17:39.123,1.43627,1.43636,3.23,1.13
2011.08.10 07:17:40.443,1.43627,1.43634,2.48,1.50
2011.08.10 07:17:41.170,1.43621,1.43628,5.25,1.13
2011.08.10 07:17:41.529,1.43621,1.43627,2.25,4.13
2011.08.10 07:17:41.644,1.43623,1.4363,1.50,3.00
2011.08.10 07:17:41.878,1.43624,1.43633,3.00,4.50
2011.08.10 07:17:41.992,1.43625,1.43633,4.13,1.13
2011.08.10 07:17:42.337,1.43625,1.43634,7.13,1.50
2011.08.10 07:17:42.692,1.43635,1.43639,1.43,4.50
2011.08.10 07:17:42.819,1.43633,1.4364,1.35,2.48
2011.08.10 07:17:43.046,1.43636,1.43641,1.35,3.75
2011.08.10 07:17:43.166,1.43636,1.43643,1.35,6.00
2011.08.10 07:17:43.685,1.43636,1.43644,1.13,1.13
2011.08.10 07:17:43.918,1.43636,1.43644,1.35,4.13
2011.08.10 07:17:44.266,1.43643,1.43647,1.50,4.13
2011.08.10 07:17:44.833,1.43643,1.43649,1.50,2.25
2011.08.10 07:17:45.062,1.4364,1.43646,1.50,1.50
2011.08.10 07:17:45.623,1.4364,1.43646,3.00,1.88
2011.08.10 07:17:46.181,1.4364,1.43645,3.00,1.13
2011.08.10 07:17:46.637,1.43636,1.43645,7.73,1.58
2011.08.10 07:17:47.218,1.43633,1.4364,2.25,3.75
2011.08.10 07:17:47.564,1.43633,1.43639,2.25,3.38
2011.08.10 07:17:47.687,1.43633,1.43639,2.10,1.13
2011.08.10 07:17:47.806,1.43633,1.43639,1.35,1.13
2011.08.10 07:17:48.149,1.43635,1.43643,3.38,1.13
2011.08.10 07:17:48.484,1.43635,1.43643,1.13,1.13
2011.08.10 07:17:49.235,1.43632,1.4364,1.88,1.13
2011.08.10 07:17:49.365,1.43632,1.43639,1.35,1.13
2011.08.10 07:17:49.702,1.4363,1.43639,4.13,1.13
2011.08.10 07:17:49.821,1.43631,1.43639,1.13,1.13
2011.08.10 07:17:50.280,1.43627,1.43638,6.60,1.13
2011.08.10 07:17:50.620,1.43627,1.43635,1.35,1.13
2011.08.10 07:17:50.735,1.43627,1.43635,1.73,1.88
2011.08.10 07:17:51.092,1.43624,1.43632,1.50,1.13
2011.08.10 07:17:51.652,1.43624,1.43632,1.13,1.13
2011.08.10 07:17:52.244,1.43625,1.43634,1.13,2.25
2011.08.10 07:17:52.589,1.43624,1.43632,1.50,1.13
2011.08.10 07:17:52.924,1.43624,1.43634,4.88,1.88
2011.08.10 07:17:53.155,1.43624,1.43632,2.10,1.13
2011.08.10 07:17:55.032,1.43624,1.43632,1.73,1.13
2011.08.10 07:17:55.485,1.43624,1.43632,3.82,1.13
2011.08.10 07:17:55.604,1.43626,1.43632,1.35,1.13
2011.08.10 07:17:56.583,1.43626,1.43634,1.73,1.50
2011.08.10 07:17:57.268,1.43627,1.43635,1.13,1.13
2011.08.10 07:17:57.605,1.43628,1.43636,2.63,1.50
2011.08.10 07:17:58.164,1.4363,1.43636,2.25,1.88
2011.08.10 07:17:58.984,1.43627,1.43636,3.60,4.50
2011.08.10 07:17:59.212,1.43625,1.43636,2.85,4.13
2011.08.10 07:17:59.336,1.43625,1.43634,2.85,4.50
2011.08.10 07:17:59.564,1.43622,1.43634,1.13,1.13
2011.08.10 07:17:59.686,1.43621,1.43631,3.00,3.75
2011.08.10 07:18:00.422,1.43623,1.43632,1.13,1.88
2011.08.10 07:18:00.981,1.43622,1.43632,1.13,4.50
2011.08.10 07:18:01.436,1.43621,1.43631,1.88,4.50
2011.08.10 07:18:01.662,1.43619,1.43629,2.63,4.50
2011.08.10 07:18:01.894,1.4362,1.43629,1.50,4.88
2011.08.10 07:18:02.124,1.43618,1.43629,1.05,5.63
2011.08.10 07:18:02.464,1.43617,1.43625,1.43,1.88
2011.08.10 07:18:02.589,1.43612,1.43622,1.50,4.88
2011.08.10 07:18:02.924,1.43609,1.43619,1.13,3.75
2011.08.10 07:18:03.927,1.43608,1.43617,1.50,3.38
2011.08.10 07:18:04.046,1.43607,1.43617,1.13,4.50
2011.08.10 07:18:04.603,1.43608,1.43617,1.50,4.13
2011.08.10 07:18:04.831,1.43607,1.43616,1.50,1.13
2011.08.10 07:18:04.952,1.43607,1.43616,1.50,8.25
2011.08.10 07:18:05.072,1.43606,1.43616,2.10,4.13
2011.08.10 07:18:06.294,1.43607,1.43616,2.48,1.13
2011.08.10 07:18:06.524,1.43609,1.43618,2.63,2.25
2011.08.10 07:18:06.866,1.43613,1.43618,1.50,1.50
2011.08.10 07:18:07.214,1.43617,1.43625,2.25,3.75
2011.08.10 07:18:08.083,1.43619,1.43627,1.13,1.50
2011.08.10 07:18:08.314,1.43618,1.43627,1.50,5.25
2011.08.10 07:18:08.658,1.43616,1.43624,2.25,4.13
2011.08.10 07:18:08.886,1.43616,1.43625,2.63,1.13
2011.08.10 07:18:09.338,1.43617,1.43627,1.88,6.10
2011.08.10 07:18:09.786,1.43618,1.43625,1.50,4.23
2011.08.10 07:18:10.012,1.43617,1.43624,1.50,4.23
2011.08.10 07:18:10.572,1.43614,1.43621,2.10,4.13
2011.08.10 07:18:11.193,1.43618,1.43627,1.88,1.60
2011.08.10 07:18:11.314,1.43618,1.43626,1.13,1.13
2011.08.10 07:18:11.994,1.43618,1.43627,1.50,5.35
2011.08.10 07:18:12.223,1.43618,1.43627,1.50,4.50
2011.08.10 07:18:12.568,1.43621,1.43628,1.35,1.13
2011.08.10 07:18:12.683,1.43621,1.43629,1.13,1.23
2011.08.10 07:18:12.809,1.43621,1.43629,1.13,1.13
2011.08.10 07:18:13.038,1.43623,1.43631,1.88,1.13
2011.08.10 07:18:13.155,1.43623,1.43631,3.38,1.13
2011.08.10 07:18:13.790,1.43621,1.43629,3.00,1.13
2011.08.10 07:18:13.919,1.43623,1.4363,2.25,4.13
2011.08.10 07:18:14.259,1.43618,1.43626,1.50,4.13
2011.08.10 07:18:14.484,1.43618,1.43627,1.50,5.63
2011.08.10 07:18:15.043,1.43618,1.43627,1.50,5.63
2011.08.10 07:18:15.388,1.43612,1.43616,2.63,1.50
2011.08.10 07:18:15.507,1.43611,1.43616,1.05,2.25
2011.08.10 07:18:15.733,1.43615,1.43621,4.88,1.50
2011.08.10 07:18:16.648,1.43615,1.43621,1.88,2.25
2011.08.10 07:18:16.794,1.43616,1.43623,1.50,1.13
2011.08.10 07:18:17.353,1.43617,1.43626,1.88,1.88
2011.08.10 07:18:17.808,1.43618,1.43627,4.50,1.13
2011.08.10 07:18:17.926,1.4362,1.43627,1.13,1.13
2011.08.10 07:18:18.043,1.4362,1.43628,1.13,1.13
2011.08.10 07:18:18.605,1.43619,1.43628,1.50,3.38
2011.08.10 07:18:18.725,1.43618,1.43627,1.13,1.50
2011.08.10 07:18:19.355,1.43616,1.43625,1.43,3.38
2011.08.10 07:18:19.494,1.4361,1.43619,1.13,3.75
2011.08.10 07:18:19.615,1.43609,1.43616,2.10,1.13
2011.08.10 07:18:20.065,1.43609,1.43615,1.35,4.13
2011.08.10 07:18:20.405,1.43609,1.43617,1.50,4.88
2011.08.10 07:18:20.633,1.43607,1.43615,2.63,4.88
2011.08.10 07:18:20.756,1.43608,1.43615,1.13,4.88
2011.08.10 07:18:20.873,1.43605,1.43616,1.13,3.48
2011.08.10 07:18:20.995,1.43606,1.43617,1.13,3.85
2011.08.10 07:18:21.116,1.43605,1.43615,1.50,3.75
2011.08.10 07:18:21.675,1.43603,1.43614,1.13,6.75
2011.08.10 07:18:21.793,1.43602,1.43612,1.50,3.75
2011.08.10 07:18:22.365,1.43602,1.43612,2.10,3.85
2011.08.10 07:18:22.823,1.43598,1.4361,4.13,3.75
2011.08.10 07:18:23.057,1.43599,1.43606,2.10,4.35
2011.08.10 07:18:23.406,1.43596,1.43604,1.05,3.38
2011.08.10 07:18:23.523,1.43594,1.43604,2.25,3.85
2011.08.10 07:18:24.085,1.43596,1.43604,1.13,1.13
2011.08.10 07:18:24.646,1.43594,1.43603,1.13,1.13
2011.08.10 07:18:25.454,1.43587,1.43595,1.43,1.13
2011.08.10 07:18:25.574,1.43587,1.43596,1.13,1.98
2011.08.10 07:18:25.802,1.43588,1.43597,1.13,3.00
2011.08.10 07:18:26.364,1.43587,1.43596,1.13,1.50
2011.08.10 07:18:27.591,1.4359,1.43598,1.13,1.13
2011.08.10 07:18:27.935,1.43587,1.43596,1.13,1.13
2011.08.10 07:18:28.054,1.43587,1.43596,1.13,1.13
2011.08.10 07:18:28.570,1.43585,1.43596,5.63,1.13
2011.08.10 07:18:28.691,1.43585,1.43595,2.25,3.75
2011.08.10 07:18:29.026,1.43586,1.43595,1.13,1.50
2011.08.10 07:18:29.144,1.43585,1.43595,1.13,4.88
2011.08.10 07:18:29.701,1.43586,1.43595,1.13,1.13
2011.08.10 07:18:31.227,1.43589,1.43598,1.13,6.60
2011.08.10 07:18:31.453,1.43592,1.436,1.13,2.03
2011.08.10 07:18:31.575,1.4359,1.43599,4.13,1.50
2011.08.10 07:18:31.803,1.43592,1.43601,1.13,4.08
2011.08.10 07:18:32.033,1.4359,1.43598,1.13,1.50
2011.08.10 07:18:32.782,1.43593,1.43601,1.13,1.88
2011.08.10 07:18:33.135,1.43594,1.43603,3.23,2.18
2011.08.10 07:18:33.475,1.43596,1.43605,2.25,4.13
2011.08.10 07:18:33.923,1.43599,1.43607,3.75,5.63
2011.08.10 07:18:34.042,1.43599,1.43607,4.13,1.88
2011.08.10 07:18:34.822,1.43601,1.43608,4.13,2.63
2011.08.10 07:18:35.178,1.43609,1.43615,1.50,6.00
2011.08.10 07:18:35.912,1.4362,1.43625,1.50,4.13
2011.08.10 07:18:36.039,1.43625,1.4363,3.00,6.60
2011.08.10 07:18:36.373,1.43625,1.4363,3.38,6.23
2011.08.10 07:18:36.494,1.43625,1.4363,1.50,6.08
2011.08.10 07:18:36.835,1.43623,1.4363,1.88,6.60
2011.08.10 07:18:36.957,1.43624,1.4363,3.00,4.58
2011.08.10 07:18:37.306,1.43629,1.43636,1.50,4.88
2011.08.10 07:18:37.753,1.43629,1.43637,4.13,6.23
2011.08.10 07:18:38.367,1.43631,1.43637,4.13,6.23
2011.08.10 07:18:38.490,1.43626,1.43635,1.13,1.50
2011.08.10 07:18:38.609,1.43625,1.43634,1.13,2.25
2011.08.10 07:18:38.946,1.43627,1.43637,1.13,5.63
2011.08.10 07:18:39.066,1.43628,1.43636,4.13,1.13
2011.08.10 07:18:39.744,1.4363,1.43637,3.75,2.63
2011.08.10 07:18:40.305,1.43629,1.43637,4.88,2.63
2011.08.10 07:18:41.453,1.43629,1.43637,2.63,2.93
2011.08.10 07:18:41.682,1.43629,1.43637,6.38,2.63
2011.08.10 07:18:42.132,1.43629,1.43637,2.25,2.93
2011.08.10 07:18:42.698,1.43631,1.43637,4.13,2.25
2011.08.10 07:18:42.929,1.43634,1.4364,1.13,4.73
2011.08.10 07:18:43.051,1.43635,1.4364,1.35,2.18
2011.08.10 07:18:43.399,1.43642,1.43648,1.50,3.68
2011.08.10 07:18:44.068,1.43644,1.43651,4.50,1.29
2011.08.10 07:18:44.624,1.43644,1.43652,1.88,3.54
2011.08.10 07:18:44.747,1.43648,1.43654,1.50,1.05
2011.08.10 07:18:45.086,1.43652,1.43657,1.50,3.68
2011.08.10 07:18:45.643,1.43651,1.4366,1.88,1.05
2011.08.10 07:18:45.875,1.4365,1.43659,1.50,4.20
2011.08.10 07:18:46.667,1.43642,1.4365,1.50,4.20
2011.08.10 07:18:47.006,1.43643,1.43653,2.63,5.48
2011.08.10 07:18:47.126,1.43646,1.43654,1.13,1.05
2011.08.10 07:18:47.365,1.43647,1.43656,5.63,2.63
2011.08.10 07:18:47.597,1.43651,1.43658,4.13,4.43
2011.08.10 07:18:47.718,1.43657,1.43662,1.88,1.43
2011.08.10 07:18:47.836,1.43658,1.43665,4.13,2.93
2011.08.10 07:18:48.068,1.43663,1.43669,4.13,4.13
2011.08.10 07:18:48.187,1.4366,1.43666,1.50,3.38
2011.08.10 07:18:49.013,1.43665,1.43673,1.13,1.05
2011.08.10 07:18:49.793,1.43665,1.43673,1.13,1.35
2011.08.10 07:18:49.914,1.43664,1.43672,1.50,3.98
2011.08.10 07:18:50.474,1.43666,1.43676,1.88,4.80
2011.08.10 07:18:50.704,1.43668,1.43676,4.88,1.13
2011.08.10 07:18:50.826,1.4367,1.43676,3.75,1.29
2011.08.10 07:18:51.067,1.43667,1.43675,1.88,3.75
2011.08.10 07:18:51.186,1.43666,1.43675,1.13,1.13
2011.08.10 07:18:51.305,1.43665,1.43675,1.13,1.13
2011.08.10 07:18:51.928,1.43664,1.43675,2.25,4.23
2011.08.10 07:18:52.494,1.43665,1.43674,1.13,2.20
2011.08.10 07:18:52.946,1.43667,1.43676,1.13,4.88
2011.08.10 07:18:53.285,1.43669,1.43677,4.88,1.13
2011.08.10 07:18:53.638,1.43677,1.43682,1.50,1.50
2011.08.10 07:18:53.754,1.43678,1.43686,3.00,4.43
2011.08.10 07:18:53.875,1.43678,1.43686,3.00,4.43
2011.08.10 07:18:54.502,1.43679,1.43686,1.50,4.13
2011.08.10 07:18:55.187,1.43679,1.43686,3.38,4.27
2011.08.10 07:18:55.531,1.43679,1.43686,2.25,1.13
2011.08.10 07:18:55.866,1.43679,1.43689,1.13,1.98
2011.08.10 07:18:56.312,1.43678,1.43689,3.00,2.10
2011.08.10 07:18:57.204,1.43678,1.43688,1.88,5.79
2011.08.10 07:18:57.761,1.43678,1.43688,2.63,4.13
2011.08.10 07:18:58.432,1.43678,1.43685,2.25,1.13
2011.08.10 07:18:58.563,1.43678,1.43688,1.88,4.88
2011.08.10 07:18:59.349,1.43678,1.43685,1.50,4.13
2011.08.10 07:18:59.689,1.43679,1.43687,1.50,4.13
2011.08.10 07:18:59.807,1.4368,1.43689,3.75,1.50
2011.08.10 07:19:00.367,1.43684,1.43692,1.88,4.73
2011.08.10 07:19:00.488,1.43684,1.43692,3.00,4.35
2011.08.10 07:19:01.089,1.43687,1.43692,1.50,3.38
2011.08.10 07:19:01.219,1.43694,1.43702,4.13,3.86
2011.08.10 07:19:01.554,1.43693,1.43702,2.25,1.88
2011.08.10 07:19:01.788,1.43693,1.43702,1.50,6.60
2011.08.10 07:19:02.784,1.43691,1.43698,1.13,1.35
2011.08.10 07:19:03.013,1.43687,1.43697,2.63,4.88
2011.08.10 07:19:03.930,1.43688,1.43697,1.50,1.13
2011.08.10 07:19:04.063,1.43689,1.43698,1.13,1.73
2011.08.10 07:19:04.959,1.43691,1.437,1.50,3.30
2011.08.10 07:19:05.406,1.4369,1.43699,1.13,2.10
2011.08.10 07:19:05.522,1.43689,1.43699,1.13,5.48
2011.08.10 07:19:05.975,1.4369,1.43699,1.13,1.50
2011.08.10 07:19:06.093,1.43689,1.43699,1.50,4.50
2011.08.10 07:19:06.213,1.4369,1.43699,1.13,2.25
2011.08.10 07:19:06.337,1.43688,1.43697,1.13,1.13
2011.08.10 07:19:07.505,1.43684,1.43694,4.80,2.48
2011.08.10 07:19:07.843,1.43683,1.43692,1.43,4.13
2011.08.10 07:19:08.184,1.43681,1.43689,1.80,1.13
2011.08.10 07:19:08.303,1.43682,1.43689,1.35,4.88
2011.08.10 07:19:08.644,1.43683,1.4369,1.43,1.05
2011.08.10 07:19:08.874,1.43682,1.4369,1.13,1.43
2011.08.10 07:19:09.107,1.43681,1.43686,4.13,2.85
2011.08.10 07:19:09.226,1.4368,1.43686,1.13,3.60
2011.08.10 07:19:09.346,1.43675,1.43684,2.18,1.13
2011.08.10 07:19:09.975,1.43669,1.43676,2.10,4.88
2011.08.10 07:19:10.204,1.43667,1.43676,1.50,4.88
2011.08.10 07:19:10.438,1.43666,1.43674,1.13,1.73
2011.08.10 07:19:10.563,1.43663,1.43668,1.88,1.50
2011.08.10 07:19:10.687,1.43661,1.43666,3.75,1.35
2011.08.10 07:19:11.025,1.43656,1.43663,3.75,1.13
2011.08.10 07:19:11.257,1.43656,1.43664,3.75,1.13
2011.08.10 07:19:11.488,1.43656,1.43665,1.13,1.13
2011.08.10 07:19:12.514,1.43656,1.43666,6.00,1.50
2011.08.10 07:19:12.966,1.43658,1.43667,4.13,1.50
2011.08.10 07:19:13.634,1.43658,1.43664,3.75,1.13
2011.08.10 07:19:13.753,1.43655,1.43662,1.13,2.25
2011.08.10 07:19:13.986,1.43653,1.43659,3.75,1.50
2011.08.10 07:19:14.106,1.43651,1.43658,4.13,2.25
2011.08.10 07:19:14.231,1.43649,1.43657,2.25,1.13
2011.08.10 07:19:14.358,1.43649,1.43661,1.88,3.98
2011.08.10 07:19:15.064,1.43656,1.43661,1.35,3.75
2011.08.10 07:19:15.299,1.43656,1.43663,3.60,4.43
2011.08.10 07:19:15.415,1.43659,1.43664,2.85,3.75
2011.08.10 07:19:15.535,1.43659,1.43666,1.50,4.13
2011.08.10 07:19:15.657,1.4366,1.43668,1.50,3.75
2011.08.10 07:19:15.775,1.4366,1.43666,1.50,3.68
2011.08.10 07:19:15.895,1.43661,1.43668,1.50,4.50
2011.08.10 07:19:16.140,1.43661,1.43669,1.50,4.73
2011.08.10 07:19:16.256,1.43658,1.43666,1.88,1.05
2011.08.10 07:19:16.484,1.43659,1.43664,1.50,1.05
2011.08.10 07:19:16.604,1.43657,1.43664,1.50,1.05
2011.08.10 07:19:17.249,1.43656,1.43664,1.88,1.05
2011.08.10 07:19:17.488,1.43655,1.43664,2.48,1.05
2011.08.10 07:19:17.844,1.43667,1.43672,1.50,1.65
2011.08.10 07:19:17.969,1.43667,1.43674,2.25,1.05
2011.08.10 07:19:18.200,1.4367,1.43676,7.50,4.28
2011.08.10 07:19:18.535,1.43672,1.43678,1.35,1.05
2011.08.10 07:19:19.317,1.43673,1.4368,1.50,4.43
2011.08.10 07:19:20.543,1.43672,1.4368,2.10,1.05
2011.08.10 07:19:20.999,1.43671,1.43678,1.13,3.98
2011.08.10 07:19:21.122,1.43668,1.43676,1.13,1.35
2011.08.10 07:19:21.248,1.43664,1.43671,6.15,1.50
2011.08.10 07:19:21.598,1.43666,1.43674,1.13,1.35
2011.08.10 07:19:21.715,1.43666,1.43675,1.13,2.10
2011.08.10 07:19:21.833,1.43666,1.43674,2.63,4.28
2011.08.10 07:19:22.179,1.43674,1.43678,2.77,1.50
2011.08.10 07:19:22.408,1.43672,1.43679,4.05,5.18
2011.08.10 07:19:22.525,1.43671,1.43677,1.13,3.98
2011.08.10 07:19:23.052,1.43671,1.43677,1.13,3.68
2011.08.10 07:19:23.188,1.43669,1.43678,4.72,4.43
2011.08.10 07:19:23.305,1.43668,1.43674,3.38,1.50
2011.08.10 07:19:23.428,1.43665,1.43672,1.88,1.50
2011.08.10 07:19:23.545,1.43662,1.4367,1.13,1.80
2011.08.10 07:19:23.671,1.43658,1.43666,4.05,1.50
2011.08.10 07:19:23.797,1.43656,1.43666,3.38,2.95
2011.08.10 07:19:23.915,1.43654,1.43662,8.10,2.25
2011.08.10 07:19:24.035,1.43654,1.43663,4.13,1.50
2011.08.10 07:19:24.376,1.43654,1.43663,2.85,4.73
2011.08.10 07:19:24.936,1.43654,1.43663,1.50,1.05
2011.08.10 07:19:25.177,1.43653,1.43661,1.13,1.50
2011.08.10 07:19:26.005,1.4365,1.43658,1.13,3.98
2011.08.10 07:19:26.356,1.43653,1.43658,1.13,3.68
2011.08.10 07:19:26.697,1.43651,1.4366,3.00,1.05
2011.08.10 07:19:26.814,1.43654,1.4366,1.13,5.18
2011.08.10 07:19:26.935,1.43653,1.4366,1.13,1.50
2011.08.10 07:19:27.165,1.43652,1.43659,4.13,4.43
2011.08.10 07:19:27.725,1.4365,1.43657,1.50,1.05
2011.08.10 07:19:28.288,1.43644,1.4365,4.88,1.50
2011.08.10 07:19:29.053,1.43647,1.43654,1.13,1.05
2011.08.10 07:19:29.185,1.43648,1.43655,4.88,1.50
2011.08.10 07:19:29.305,1.43649,1.43656,3.75,1.60
2011.08.10 07:19:29.425,1.43649,1.43659,4.88,3.00
2011.08.10 07:19:30.426,1.43651,1.43659,3.60,1.05
2011.08.10 07:19:30.767,1.43652,1.4366,2.48,3.98
2011.08.10 07:19:30.884,1.43654,1.43661,1.13,1.13
2011.08.10 07:19:31.753,1.43655,1.43663,1.13,1.50
2011.08.10 07:19:31.884,1.43657,1.43664,1.88,1.35
2011.08.10 07:19:32.243,1.43667,1.43675,4.50,2.35
2011.08.10 07:19:32.587,1.43667,1.43672,3.38,1.13
2011.08.10 07:19:32.706,1.43663,1.43671,2.85,1.13
2011.08.10 07:19:32.825,1.43663,1.43672,2.25,1.88
2011.08.10 07:19:32.944,1.43663,1.43672,4.88,1.50
2011.08.10 07:19:33.505,1.43664,1.43673,1.13,1.88
2011.08.10 07:19:33.735,1.43661,1.4367,2.10,1.88
2011.08.10 07:19:33.856,1.43664,1.43672,1.13,1.13
2011.08.10 07:19:34.839,1.43672,1.4368,1.50,1.13
2011.08.10 07:19:35.394,1.43669,1.43679,3.00,4.13
2011.08.10 07:19:35.516,1.43671,1.4368,1.13,1.88
2011.08.10 07:19:35.633,1.43669,1.43678,2.63,1.13
2011.08.10 07:19:35.753,1.43669,1.43678,1.50,1.88
2011.08.10 07:19:36.978,1.43667,1.43674,2.63,4.13
2011.08.10 07:19:37.976,1.43667,1.43674,2.63,1.50
2011.08.10 07:19:38.328,1.43663,1.4367,1.13,1.13
2011.08.10 07:19:38.449,1.43661,1.4367,2.25,1.13
2011.08.10 07:19:38.683,1.43659,1.43669,6.75,1.88
2011.08.10 07:19:38.914,1.43658,1.43667,1.13,1.13
2011.08.10 07:19:40.025,1.43664,1.43668,1.50,4.50
2011.08.10 07:19:40.148,1.43664,1.43672,4.50,2.25
2011.08.10 07:19:41.019,1.43661,1.43669,1.88,1.13
2011.08.10 07:19:41.137,1.43661,1.43669,1.13,1.13
2011.08.10 07:19:41.473,1.43661,1.43668,1.50,1.13
2011.08.10 07:19:41.598,1.4366,1.43668,1.13,1.13
2011.08.10 07:19:42.706,1.43661,1.43669,2.25,1.13
2011.08.10 07:19:43.047,1.43665,1.43671,4.73,4.13
2011.08.10 07:19:43.823,1.43671,1.43679,1.13,1.13
2011.08.10 07:19:44.385,1.43671,1.43679,1.13,1.13
2011.08.10 07:19:44.837,1.43674,1.43679,3.60,4.50
2011.08.10 07:19:45.184,1.4368,1.43688,1.28,1.28
2011.08.10 07:19:45.416,1.43679,1.43684,3.75,1.13
2011.08.10 07:19:45.540,1.43673,1.4368,7.54,4.13
2011.08.10 07:19:45.764,1.43677,1.43685,1.13,1.13
2011.08.10 07:19:47.177,1.43676,1.43684,1.13,1.29
2011.08.10 07:19:47.310,1.43667,1.43675,1.05,1.13
2011.08.10 07:19:47.974,1.43667,1.43676,4.50,1.88
2011.08.10 07:19:48.312,1.43667,1.43675,1.13,1.13
2011.08.10 07:19:48.654,1.4367,1.43679,1.13,3.00
2011.08.10 07:19:49.103,1.43671,1.4368,1.88,4.50
2011.08.10 07:19:49.445,1.43673,1.43681,1.13,1.66
2011.08.10 07:19:50.161,1.43673,1.43682,4.50,3.00
2011.08.10 07:19:50.733,1.43674,1.43683,1.13,4.50
2011.08.10 07:19:51.291,1.43674,1.43683,1.88,1.13
2011.08.10 07:19:51.855,1.43674,1.43684,1.88,4.88
2011.08.10 07:19:52.412,1.43674,1.43683,1.88,1.13
2011.08.10 07:19:53.236,1.43673,1.43683,5.63,1.13
2011.08.10 07:19:53.906,1.43671,1.43676,3.38,1.35
2011.08.10 07:19:54.354,1.43666,1.43676,4.43,2.04
2011.08.10 07:19:54.475,1.43666,1.43676,4.88,2.04
2011.08.10 07:19:54.597,1.4367,1.43677,3.75,2.73
2011.08.10 07:19:54.712,1.43667,1.43676,4.13,1.66
2011.08.10 07:19:55.162,1.43665,1.43674,8.25,1.50
2011.08.10 07:19:55.397,1.43667,1.43674,3.75,1.50
2011.08.10 07:19:55.516,1.43665,1.43674,4.88,1.50
2011.08.10 07:19:55.856,1.43665,1.43673,1.13,1.13
2011.08.10 07:19:56.457,1.43665,1.43672,1.13,1.50
2011.08.10 07:19:56.819,1.4367,1.43676,1.50,1.13
2011.08.10 07:19:57.162,1.43674,1.4368,4.13,1.05
2011.08.10 07:19:57.409,1.43671,1.4368,1.13,1.43
2011.08.10 07:19:57.528,1.43671,1.43679,1.13,1.13
2011.08.10 07:19:57.754,1.43674,1.43682,1.50,1.13
2011.08.10 07:19:57.986,1.43677,1.43685,1.43,1.13
2011.08.10 07:19:58.218,1.43675,1.43683,1.13,1.13
2011.08.10 07:19:58.885,1.43671,1.43678,1.50,5.63
2011.08.10 07:19:59.049,1.43666,1.43675,1.13,1.13
2011.08.10 07:19:59.603,1.43665,1.43675,2.63,4.13
2011.08.10 07:19:59.835,1.43665,1.43673,1.88,1.13
2011.08.10 07:20:00.065,1.43665,1.43673,4.88,1.50
2011.08.10 07:20:00.406,1.43659,1.43664,4.50,1.50
2011.08.10 07:20:00.746,1.43656,1.4366,3.38,1.50
2011.08.10 07:20:00.866,1.43654,1.4366,3.75,3.00
2011.08.10 07:20:01.478,1.43651,1.4366,4.88,4.60
2011.08.10 07:20:01.606,1.4365,1.43657,4.13,1.50
2011.08.10 07:20:01.956,1.4365,1.43657,4.13,4.34
2011.08.10 07:20:02.076,1.43647,1.43654,4.13,1.50
2011.08.10 07:20:02.631,1.43648,1.43654,4.13,1.50
2011.08.10 07:20:03.531,1.43654,1.43659,2.10,1.50
2011.08.10 07:20:03.659,1.43655,1.43661,2.10,1.15
2011.08.10 07:20:03.780,1.43657,1.43664,1.50,4.50
2011.08.10 07:20:04.383,1.43654,1.43663,4.88,2.10
2011.08.10 07:20:04.505,1.43654,1.43662,4.13,1.66
2011.08.10 07:20:05.286,1.43652,1.43662,4.50,1.50
2011.08.10 07:20:05.517,1.43657,1.43665,1.50,5.79
2011.08.10 07:20:05.746,1.43659,1.43664,3.75,1.50
2011.08.10 07:20:05.865,1.43657,1.43664,4.13,1.50
2011.08.10 07:20:05.988,1.43654,1.43661,4.13,1.50
2011.08.10 07:20:06.763,1.43654,1.43661,2.10,1.13
2011.08.10 07:20:06.884,1.43652,1.4366,1.13,1.50
2011.08.10 07:20:07.224,1.4365,1.43656,3.38,1.50
2011.08.10 07:20:07.345,1.4365,1.43657,4.13,1.50
2011.08.10 07:20:08.895,1.43652,1.4366,1.13,2.48
2011.08.10 07:20:09.477,1.43657,1.43664,2.10,3.75
2011.08.10 07:20:09.607,1.43659,1.43666,5.25,4.13
2011.08.10 07:20:09.959,1.43657,1.43663,3.75,1.60
2011.08.10 07:20:10.077,1.43653,1.43661,3.75,1.50
2011.08.10 07:20:10.304,1.43651,1.4366,5.63,1.50
2011.08.10 07:20:10.645,1.43653,1.43659,1.13,1.50
2011.08.10 07:20:10.767,1.43653,1.43662,1.13,1.88
2011.08.10 07:20:10.992,1.43652,1.4366,4.13,1.50
2011.08.10 07:20:11.118,1.43649,1.4366,1.50,2.25
2011.08.10 07:20:11.566,1.4365,1.43661,1.50,1.13
2011.08.10 07:20:11.686,1.43652,1.43663,2.10,2.18
2011.08.10 07:20:12.396,1.43649,1.43658,2.85,3.00
2011.08.10 07:20:12.743,1.43646,1.43656,1.88,1.50
2011.08.10 07:20:13.093,1.43646,1.43656,1.13,1.50
2011.08.10 07:20:13.653,1.43645,1.43654,1.88,1.13
2011.08.10 07:20:13.887,1.43645,1.43651,1.50,3.75
2011.08.10 07:20:14.466,1.43644,1.43653,4.13,2.20
2011.08.10 07:20:14.590,1.43644,1.4365,1.35,4.13
2011.08.10 07:20:14.707,1.43646,1.43652,1.50,3.75
2011.08.10 07:20:15.355,1.43648,1.43655,1.88,1.50
2011.08.10 07:20:15.476,1.43649,1.43656,4.13,1.50
2011.08.10 07:20:15.819,1.43645,1.43653,1.73,1.13
2011.08.10 07:20:15.940,1.43646,1.43654,1.80,1.13
2011.08.10 07:20:16.401,1.43643,1.43652,3.68,1.13
2011.08.10 07:20:16.515,1.43645,1.43652,1.50,1.13
2011.08.10 07:20:16.852,1.43646,1.43655,3.98,1.88
2011.08.10 07:20:17.194,1.43645,1.43654,1.80,1.13
2011.08.10 07:20:17.422,1.43646,1.43655,3.98,1.88
2011.08.10 07:20:17.880,1.43643,1.4365,4.05,1.50
2011.08.10 07:20:18.432,1.43647,1.43652,1.35,4.50
2011.08.10 07:20:18.560,1.43649,1.43657,4.74,1.50
2011.08.10 07:20:18.788,1.43644,1.43656,6.54,5.10
2011.08.10 07:20:19.343,1.43648,1.43656,3.69,5.10
2011.08.10 07:20:19.905,1.43646,1.43656,1.05,4.35
2011.08.10 07:20:20.475,1.43643,1.43654,1.05,5.25
2011.08.10 07:20:20.816,1.43645,1.43654,1.05,2.63
2011.08.10 07:20:21.484,1.43647,1.43655,3.68,2.63
2011.08.10 07:20:21.713,1.43645,1.43655,1.35,4.88
2011.08.10 07:20:21.943,1.43644,1.43653,2.10,3.75
2011.08.10 07:20:22.503,1.43643,1.43653,6.45,1.13
2011.08.10 07:20:22.846,1.43643,1.43652,3.68,2.25
2011.08.10 07:20:22.965,1.43641,1.43651,5.85,1.88
2011.08.10 07:20:23.195,1.43642,1.43651,5.40,1.88
2011.08.10 07:20:23.432,1.43644,1.43652,1.80,1.13
2011.08.10 07:20:24.237,1.43654,1.43662,1.35,1.28
2011.08.10 07:20:24.364,1.43654,1.43663,1.65,1.13
2011.08.10 07:20:24.812,1.43654,1.43663,1.05,2.63
2011.08.10 07:20:25.045,1.43654,1.43662,1.65,3.75
2011.08.10 07:20:25.603,1.43654,1.43664,4.73,1.88
2011.08.10 07:20:26.166,1.43655,1.43663,2.55,1.88
2011.08.10 07:20:26.507,1.43655,1.43663,8.48,1.50
2011.08.10 07:20:27.198,1.43655,1.43663,2.55,1.13
2011.08.10 07:20:27.537,1.43653,1.43662,1.35,1.13
2011.08.10 07:20:27.875,1.43654,1.4366,2.10,1.88
2011.08.10 07:20:28.110,1.43654,1.43662,1.50,1.13
2011.08.10 07:20:28.556,1.43656,1.43665,3.98,1.50
2011.08.10 07:20:29.443,1.43658,1.43666,1.05,1.50
2011.08.10 07:20:29.784,1.43661,1.4367,1.05,1.88
2011.08.10 07:20:30.390,1.43655,1.43665,3.98,3.38
2011.08.10 07:20:30.732,1.43655,1.43666,4.75,2.48
2011.08.10 07:20:30.975,1.43652,1.43661,1.50,1.50
2011.08.10 07:20:31.202,1.4365,1.43658,1.13,1.50
2011.08.10 07:20:31.433,1.43651,1.4366,1.50,2.10
2011.08.10 07:20:31.554,1.4365,1.43659,1.50,4.13
2011.08.10 07:20:32.232,1.43648,1.43655,1.13,3.37
2011.08.10 07:20:33.059,1.43647,1.43654,4.58,1.50
2011.08.10 07:20:33.186,1.43646,1.43653,4.13,2.73
2011.08.10 07:20:33.413,1.43645,1.43652,4.13,1.88
2011.08.10 07:20:33.770,1.4364,1.43647,1.35,6.00
2011.08.10 07:20:34.116,1.43649,1.43657,2.25,1.88
2011.08.10 07:20:34.236,1.43648,1.43656,2.25,4.13
2011.08.10 07:20:34.802,1.43649,1.43656,1.50,4.13
2011.08.10 07:20:35.036,1.4365,1.43659,4.88,1.13
2011.08.10 07:20:35.651,1.43652,1.4366,3.38,3.00
2011.08.10 07:20:35.781,1.43653,1.43662,4.88,1.50
2011.08.10 07:20:35.899,1.43652,1.4366,1.88,1.13
2011.08.10 07:20:36.135,1.4365,1.43659,1.13,1.88
2011.08.10 07:20:36.256,1.4365,1.4366,5.25,1.50
2011.08.10 07:20:36.376,1.4365,1.43659,1.88,1.13
2011.08.10 07:20:36.825,1.43652,1.43659,2.10,1.13
2011.08.10 07:20:36.945,1.43653,1.43663,2.48,8.25
2011.08.10 07:20:37.067,1.43655,1.43664,1.88,1.13
2011.08.10 07:20:37.295,1.43654,1.43665,4.50,1.73
2011.08.10 07:20:37.542,1.43654,1.43662,5.63,1.88
2011.08.10 07:20:37.664,1.43653,1.43662,1.88,1.13
2011.08.10 07:20:38.617,1.43652,1.43661,1.88,3.23
2011.08.10 07:20:38.738,1.43651,1.43659,1.13,1.13
2011.08.10 07:20:38.856,1.43652,1.43661,2.10,5.63
2011.08.10 07:20:39.413,1.43653,1.43661,1.13,1.88
2011.08.10 07:20:39.753,1.43654,1.43663,4.88,1.50
2011.08.10 07:20:39.984,1.43655,1.43664,1.13,1.88
2011.08.10 07:20:40.108,1.43662,1.43669,4.50,4.50
2011.08.10 07:20:40.226,1.43662,1.43666,3.75,1.88
2011.08.10 07:20:40.343,1.43662,1.43666,3.75,1.13
2011.08.10 07:20:41.345,1.43666,1.43671,3.75,4.88
2011.08.10 07:20:41.684,1.43666,1.43672,3.75,4.80
2011.08.10 07:20:42.407,1.43664,1.43669,1.13,1.50
2011.08.10 07:20:42.980,1.43661,1.43669,4.88,1.88
2011.08.10 07:20:43.542,1.43661,1.43668,4.13,1.50
2011.08.10 07:20:44.119,1.43664,1.43671,3.75,1.90
2011.08.10 07:20:44.236,1.43665,1.43671,1.13,2.40
2011.08.10 07:20:45.120,1.43662,1.4367,4.13,1.50
2011.08.10 07:20:45.787,1.43667,1.43675,4.50,4.50
2011.08.10 07:20:46.014,1.43667,1.43675,1.13,1.98
2011.08.10 07:20:46.138,1.43667,1.43674,2.63,1.13
2011.08.10 07:20:46.252,1.43669,1.43674,1.13,1.50
2011.08.10 07:20:46.375,1.43668,1.43675,4.50,1.13
2011.08.10 07:20:48.317,1.43668,1.43675,1.13,1.50
2011.08.10 07:20:48.872,1.43668,1.43674,1.13,1.50
2011.08.10 07:20:49.473,1.43668,1.43675,4.50,3.75
2011.08.10 07:20:50.045,1.4367,1.43677,1.13,4.50
2011.08.10 07:20:50.166,1.43672,1.43679,4.13,1.50
2011.08.10 07:20:50.722,1.43672,1.43679,4.13,1.50
2011.08.10 07:20:50.958,1.4367,1.43677,4.13,2.85
2011.08.10 07:20:51.078,1.4367,1.43677,1.13,2.85
2011.08.10 07:20:51.197,1.43667,1.43673,4.13,1.50
2011.08.10 07:20:52.699,1.43663,1.43669,4.50,2.85
2011.08.10 07:20:52.828,1.43663,1.43667,13.05,1.35
2011.08.10 07:20:52.949,1.43662,1.43666,4.13,1.50
2011.08.10 07:20:53.623,1.4366,1.43666,4.88,3.19
2011.08.10 07:20:53.968,1.43659,1.43665,1.13,3.19
2011.08.10 07:20:54.089,1.43657,1.43664,4.13,3.19
2011.08.10 07:20:54.315,1.43656,1.43662,3.75,1.50
2011.08.10 07:20:54.434,1.43653,1.43662,1.13,1.05
2011.08.10 07:20:55.224,1.43653,1.43659,1.35,3.33
2011.08.10 07:20:55.352,1.43643,1.43648,1.35,3.38
2011.08.10 07:20:55.693,1.43645,1.43652,4.13,3.19
2011.08.10 07:20:56.037,1.43642,1.43648,3.75,1.50
2011.08.10 07:20:56.385,1.43639,1.43647,8.25,3.19
2011.08.10 07:20:56.617,1.43641,1.43647,4.13,3.19
2011.08.10 07:20:57.065,1.43644,1.4365,1.73,1.50
2011.08.10 07:20:57.192,1.43644,1.43652,2.25,1.35
2011.08.10 07:20:57.312,1.43645,1.43653,3.23,1.05
2011.08.10 07:20:58.025,1.43649,1.43655,4.13,2.44
2011.08.10 07:20:58.366,1.43647,1.43655,4.13,3.94
2011.08.10 07:20:58.815,1.43649,1.43655,4.13,3.19
2011.08.10 07:20:59.046,1.43649,1.43654,3.75,1.50
2011.08.10 07:20:59.823,1.43647,1.43655,4.88,3.19
2011.08.10 07:21:00.162,1.43649,1.43654,3.75,1.50
2011.08.10 07:21:01.549,1.43648,1.43656,1.88,1.05
2011.08.10 07:21:01.779,1.43648,1.43655,1.88,3.19
2011.08.10 07:21:02.008,1.43645,1.43653,1.50,1.50
2011.08.10 07:21:02.129,1.43645,1.43652,1.13,3.19
2011.08.10 07:21:02.242,1.43643,1.43651,4.50,2.55
2011.08.10 07:21:03.133,1.43641,1.43651,1.13,5.18
2011.08.10 07:21:03.803,1.43641,1.43651,1.73,4.43
2011.08.10 07:21:03.923,1.43644,1.43652,1.35,2.10
2011.08.10 07:21:04.482,1.43644,1.43653,1.73,2.18
2011.08.10 07:21:04.713,1.43644,1.43653,1.13,1.88
2011.08.10 07:21:05.052,1.43644,1.43652,4.13,3.94
2011.08.10 07:21:05.504,1.43638,1.4365,1.88,4.69
2011.08.10 07:21:06.105,1.43641,1.43648,1.35,2.25
2011.08.10 07:21:06.343,1.43641,1.43648,4.13,3.19
2011.08.10 07:21:06.573,1.43639,1.43647,5.10,1.50
2011.08.10 07:21:06.693,1.43641,1.43651,1.35,4.88
2011.08.10 07:21:06.815,1.43642,1.4365,1.73,1.50
2011.08.10 07:21:06.933,1.43644,1.43652,1.88,4.13
2011.08.10 07:21:07.053,1.43644,1.43654,5.63,1.13
2011.08.10 07:21:07.392,1.43647,1.43655,4.13,2.25
2011.08.10 07:21:07.842,1.43644,1.43654,5.25,1.13
2011.08.10 07:21:07.963,1.43644,1.43652,1.13,3.19
2011.08.10 07:21:08.414,1.43642,1.43651,2.25,1.88
2011.08.10 07:21:09.085,1.43641,1.4365,1.50,1.88
2011.08.10 07:21:10.039,1.43642,1.4365,4.73,1.50
2011.08.10 07:21:10.853,1.43642,1.4365,1.35,1.88
2011.08.10 07:21:10.974,1.43641,1.43649,2.10,3.19
2011.08.10 07:21:11.098,1.4364,1.43648,2.63,1.88
2011.08.10 07:21:11.217,1.43636,1.43644,2.25,2.10
2011.08.10 07:21:11.336,1.43635,1.43642,4.13,2.25
2011.08.10 07:21:11.564,1.43634,1.4364,3.75,1.50
2011.08.10 07:21:11.931,1.43632,1.4364,4.13,3.19
2011.08.10 07:21:12.357,1.4363,1.43639,3.75,1.50
2011.08.10 07:21:13.010,1.43629,1.43637,1.05,1.13
2011.08.10 07:21:13.381,1.43628,1.43634,1.41,1.50
2011.08.10 07:21:13.512,1.43627,1.43633,3.60,2.80
2011.08.10 07:21:13.865,1.43626,1.43631,3.00,2.43
2011.08.10 07:21:14.898,1.43624,1.43634,1.50,1.13
2011.08.10 07:21:15.018,1.4363,1.43635,1.50,1.50
2011.08.10 07:21:15.477,1.43631,1.43638,1.50,1.50
2011.08.10 07:21:15.815,1.43635,1.43639,1.50,1.13
2011.08.10 07:21:15.936,1.4363,1.4364,3.75,2.63
2011.08.10 07:21:16.165,1.43629,1.4364,2.48,1.50
2011.08.10 07:21:16.283,1.43632,1.4364,3.60,2.25
2011.08.10 07:21:16.967,1.43633,1.4364,1.35,1.50
2011.08.10 07:21:17.093,1.43639,1.43643,2.10,3.56
2011.08.10 07:21:17.436,1.43648,1.43655,1.13,1.05
2011.08.10 07:21:17.557,1.43656,1.43664,1.50,1.43
2011.08.10 07:21:17.677,1.43658,1.43664,2.25,1.13
2011.08.10 07:21:17.915,1.43661,1.43669,3.75,1.80
2011.08.10 07:21:18.037,1.43657,1.43668,1.88,2.20
2011.08.10 07:21:18.155,1.43655,1.43664,1.13,1.50
2011.08.10 07:21:18.495,1.43653,1.43662,2.25,2.10
2011.08.10 07:21:18.724,1.4365,1.43661,1.50,1.50
2011.08.10 07:21:19.457,1.4365,1.4366,1.50,1.60
2011.08.10 07:21:19.586,1.43644,1.43652,1.80,1.50
2011.08.10 07:21:19.937,1.43639,1.43646,1.05,1.50
2011.08.10 07:21:20.055,1.43639,1.43645,1.05,1.50
2011.08.10 07:21:20.396,1.43636,1.43644,2.25,1.50
2011.08.10 07:21:20.516,1.43636,1.43645,3.00,3.94
2011.08.10 07:21:20.635,1.43636,1.43646,3.00,1.50
2011.08.10 07:21:21.525,1.43635,1.43645,3.68,1.50
2011.08.10 07:21:22.204,1.43634,1.43639,2.85,1.50
2011.08.10 07:21:22.334,1.43625,1.43635,1.73,1.50
2011.08.10 07:21:22.461,1.43624,1.43632,2.25,1.50
2011.08.10 07:21:22.584,1.43621,1.4363,3.75,1.50
2011.08.10 07:21:22.815,1.43622,1.43631,2.85,1.50
2011.08.10 07:21:23.057,1.43628,1.43638,4.35,1.80
2011.08.10 07:21:23.180,1.43632,1.43638,2.10,1.05
2011.08.10 07:21:23.297,1.43633,1.43643,7.88,2.55
2011.08.10 07:21:23.525,1.43636,1.43643,1.50,1.13
2011.08.10 07:21:23.975,1.43637,1.43645,2.85,3.98
2011.08.10 07:21:24.207,1.43636,1.43645,1.50,4.73
2011.08.10 07:21:24.329,1.43637,1.43643,3.75,1.50
2011.08.10 07:21:25.133,1.43633,1.4364,3.00,1.35
2011.08.10 07:21:25.262,1.43628,1.43634,3.75,1.50
2011.08.10 07:21:25.829,1.43626,1.43633,3.75,1.50
2011.08.10 07:21:26.056,1.43624,1.43632,1.13,1.05
2011.08.10 07:21:26.394,1.43625,1.43634,4.50,2.18
2011.08.10 07:21:26.735,1.43627,1.43635,5.63,1.50
2011.08.10 07:21:27.294,1.43626,1.43635,4.88,1.50
2011.08.10 07:21:28.214,1.43626,1.43634,4.88,1.05
2011.08.10 07:21:28.666,1.43626,1.43632,4.13,1.60
2011.08.10 07:21:28.905,1.43622,1.4363,2.85,1.05
2011.08.10 07:21:29.366,1.43624,1.43632,3.75,2.25
2011.08.10 07:21:29.485,1.43622,1.43632,5.85,2.55
2011.08.10 07:21:29.605,1.43622,1.4363,2.10,1.05
2011.08.10 07:21:30.168,1.43622,1.4363,1.73,1.50
2011.08.10 07:21:30.286,1.43614,1.43621,5.70,1.50
2011.08.10 07:21:30.408,1.43613,1.43617,3.38,1.35
2011.08.10 07:21:30.533,1.43607,1.43613,3.38,1.50
2011.08.10 07:21:31.161,1.43605,1.4361,3.38,1.50
2011.08.10 07:21:31.299,1.43596,1.43605,1.50,1.13
2011.08.10 07:21:31.853,1.43597,1.43606,5.63,1.13
2011.08.10 07:21:32.418,1.43595,1.43601,1.50,2.10
2011.08.10 07:21:32.535,1.43594,1.43602,5.18,2.63
2011.08.10 07:21:32.659,1.43592,1.43598,1.13,1.50
2011.08.10 07:21:32.775,1.43585,1.43595,4.13,1.50
2011.08.10 07:21:33.613,1.43585,1.43593,2.63,4.13
2011.08.10 07:21:33.850,1.43586,1.43594,1.88,1.13
2011.08.10 07:21:33.967,1.43588,1.43596,2.25,2.63
2011.08.10 07:21:34.863,1.4359,1.43598,4.35,1.13
2011.08.10 07:21:35.205,1.4359,1.43599,5.25,4.50
2011.08.10 07:21:35.323,1.4359,1.43599,2.25,4.88
2011.08.10 07:21:35.885,1.43594,1.43599,1.50,4.13
2011.08.10 07:21:36.501,1.43594,1.43602,3.00,3.75
2011.08.10 07:21:36.626,1.43597,1.43606,3.75,1.13
2011.08.10 07:21:37.186,1.43599,1.43608,2.25,1.50
2011.08.10 07:21:37.528,1.436,1.4361,1.35,1.60
2011.08.10 07:21:37.869,1.43603,1.43612,1.50,3.54
2011.08.10 07:21:38.316,1.43606,1.43612,1.13,2.79
2011.08.10 07:21:39.162,1.43606,1.43615,1.50,3.09
2011.08.10 07:21:39.287,1.43608,1.43616,3.75,3.78
2011.08.10 07:21:39.515,1.4361,1.43617,4.50,1.13
2011.08.10 07:21:39.633,1.43611,1.43619,1.13,1.88
2011.08.10 07:21:39.758,1.43613,1.4362,1.50,1.13
2011.08.10 07:21:40.098,1.43613,1.43622,1.50,2.63
2011.08.10 07:21:40.218,1.43615,1.43622,1.50,1.13
2011.08.10 07:21:40.664,1.43623,1.43631,4.13,2.25
2011.08.10 07:21:41.389,1.4362,1.43627,1.88,3.75
2011.08.10 07:21:41.736,1.43628,1.43635,4.50,1.88
2011.08.10 07:21:41.857,1.43628,1.43635,4.50,1.50
2011.08.10 07:21:42.308,1.43628,1.43634,3.75,1.50
2011.08.10 07:21:42.425,1.43624,1.43634,3.22,2.48
2011.08.10 07:21:42.887,1.4362,1.4363,7.88,2.25
2011.08.10 07:21:43.227,1.4362,1.43626,3.38,1.50
2011.08.10 07:21:43.950,1.4362,1.43625,3.38,1.60
2011.08.10 07:21:44.071,1.43613,1.43623,2.48,4.88
2011.08.10 07:21:44.635,1.43614,1.43623,1.13,1.98
2011.08.10 07:21:45.311,1.43615,1.43624,3.75,2.35
2011.08.10 07:21:45.668,1.43614,1.43623,1.50,4.88
2011.08.10 07:21:46.114,1.43617,1.43625,2.85,5.63
2011.08.10 07:21:46.819,1.43622,1.43629,1.50,1.13
2011.08.10 07:21:46.950,1.43625,1.43633,3.38,2.48
2011.08.10 07:21:47.504,1.43624,1.43633,1.13,1.88
2011.08.10 07:21:48.065,1.43624,1.43633,1.13,1.88
2011.08.10 07:21:48.624,1.43625,1.43633,1.13,1.13
2011.08.10 07:21:48.963,1.43625,1.43633,1.13,1.13
2011.08.10 07:21:49.306,1.43618,1.43626,2.55,2.85
2011.08.10 07:21:49.985,1.43622,1.43626,2.25,3.38
2011.08.10 07:21:50.118,1.4362,1.43629,5.25,1.50
2011.08.10 07:21:50.343,1.43622,1.43631,1.35,1.50
2011.08.10 07:21:50.689,1.4362,1.43626,1.88,2.25
2011.08.10 07:21:50.928,1.43624,1.43632,1.88,2.35
2011.08.10 07:21:51.156,1.43624,1.43635,2.63,3.38
2011.08.10 07:21:51.275,1.43624,1.43634,1.88,1.13
2011.08.10 07:21:51.398,1.43622,1.43631,2.18,1.50
2011.08.10 07:21:52.346,1.43625,1.43634,4.88,1.88
2011.08.10 07:21:52.792,1.43624,1.43632,1.13,1.13
2011.08.10 07:21:53.352,1.43624,1.43632,1.13,1.13
2011.08.10 07:21:53.917,1.43622,1.4363,3.75,1.50
2011.08.10 07:21:54.144,1.43621,1.4363,1.13,1.88
2011.08.10 07:21:54.706,1.43621,1.43629,1.13,1.98
2011.08.10 07:21:54.826,1.43618,1.43627,1.50,1.13
2011.08.10 07:21:54.952,1.43621,1.43629,1.13,1.88
2011.08.10 07:21:55.078,1.43622,1.43631,4.50,1.13
2011.08.10 07:21:55.309,1.43624,1.43631,6.22,1.50
2011.08.10 07:21:56.715,1.43626,1.43634,4.13,1.88
2011.08.10 07:21:57.275,1.43626,1.43633,3.75,1.50
2011.08.10 07:21:57.395,1.43625,1.43633,1.13,1.50
2011.08.10 07:21:57.517,1.43624,1.43634,4.88,2.25
2011.08.10 07:21:58.512,1.43625,1.43634,4.13,1.50
2011.08.10 07:21:59.436,1.43624,1.43633,1.88,1.13
2011.08.10 07:22:00.982,1.43625,1.43635,4.13,2.63
2011.08.10 07:22:01.543,1.43626,1.43635,3.75,1.13
2011.08.10 07:22:02.103,1.43627,1.43636,2.63,1.50
2011.08.10 07:22:02.675,1.43626,1.43636,7.13,1.50
2011.08.10 07:22:03.570,1.43627,1.43636,2.63,1.50
2011.08.10 07:22:03.921,1.43626,1.43632,3.75,1.50
2011.08.10 07:22:04.044,1.43622,1.43631,1.26,1.13
2011.08.10 07:22:04.384,1.43626,1.43633,1.13,1.05
2011.08.10 07:22:04.722,1.43628,1.43634,4.13,1.13
2011.08.10 07:22:04.953,1.43626,1.43636,4.88,2.25
2011.08.10 07:22:05.842,1.43628,1.43636,4.13,1.88
2011.08.10 07:22:06.904,1.43626,1.43633,3.38,2.10
2011.08.10 07:22:07.029,1.43624,1.43632,4.18,1.50
2011.08.10 07:22:07.145,1.43623,1.43632,1.18,2.79
2011.08.10 07:22:07.595,1.43625,1.43634,4.88,1.88
2011.08.10 07:22:07.937,1.43627,1.43633,3.75,4.50
2011.08.10 07:22:08.385,1.43624,1.4363,1.18,4.50
2011.08.10 07:22:08.619,1.4362,1.43628,2.18,1.50
2011.08.10 07:22:08.738,1.43622,1.43628,1.43,1.13
2011.08.10 07:22:08.855,1.43622,1.43629,2.18,4.50
2011.08.10 07:22:09.446,1.43624,1.43634,4.88,2.25
2011.08.10 07:22:10.012,1.43624,1.43633,1.50,1.88
2011.08.10 07:22:10.133,1.43625,1.43634,4.13,1.50
2011.08.10 07:22:11.137,1.43625,1.43635,4.88,3.75
2011.08.10 07:22:11.694,1.43627,1.43635,4.13,3.38
2011.08.10 07:22:12.033,1.43629,1.43638,4.88,1.50
2011.08.10 07:22:12.376,1.43629,1.43638,1.50,1.88
2011.08.10 07:22:12.504,1.43625,1.43632,3.75,1.50
2011.08.10 07:22:13.092,1.43623,1.43633,5.33,5.55
2011.08.10 07:22:13.219,1.4362,1.43631,5.25,1.50
2011.08.10 07:22:13.557,1.4362,1.43629,2.25,2.10
2011.08.10 07:22:13.674,1.4362,1.43627,1.50,1.50
2011.08.10 07:22:14.245,1.43615,1.43623,3.75,1.50
2011.08.10 07:22:14.585,1.43614,1.43622,3.83,1.13
2011.08.10 07:22:14.815,1.43613,1.43622,1.88,1.13
2011.08.10 07:22:15.373,1.43613,1.43622,1.20,1.13
2011.08.10 07:22:16.355,1.43615,1.43623,3.75,1.50
2011.08.10 07:22:16.804,1.43613,1.43623,9.08,1.13
2011.08.10 07:22:17.257,1.43613,1.43622,4.95,1.50
2011.08.10 07:22:17.485,1.43611,1.43619,3.75,1.50
2011.08.10 07:22:17.608,1.43608,1.43619,2.18,3.23
2011.08.10 07:22:18.278,1.4361,1.43619,1.88,1.50
2011.08.10 07:22:18.397,1.43614,1.4362,1.58,1.50
2011.08.10 07:22:20.299,1.43612,1.4362,1.13,1.50
2011.08.10 07:22:20.638,1.4361,1.43617,5.63,2.25
2011.08.10 07:22:20.997,1.436,1.43608,4.88,1.50
2011.08.10 07:22:21.116,1.43598,1.43605,1.43,1.50
2011.08.10 07:22:21.459,1.43598,1.43603,1.05,1.50
2011.08.10 07:22:21.585,1.43595,1.43601,3.75,1.50
2011.08.10 07:22:21.709,1.43589,1.43597,1.88,1.35
2011.08.10 07:22:21.825,1.43588,1.43594,1.50,1.50
2011.08.10 07:22:22.358,1.43587,1.43594,1.05,1.50
2011.08.10 07:22:22.484,1.43586,1.43594,1.13,1.50
2011.08.10 07:22:24.035,1.4359,1.43597,4.50,9.60
2011.08.10 07:22:24.155,1.43596,1.43602,1.13,4.01
2011.08.10 07:22:24.276,1.4359,1.43597,1.13,1.50
2011.08.10 07:22:24.396,1.4359,1.43599,2.55,1.13
2011.08.10 07:22:24.625,1.43592,1.43601,3.98,1.98
2011.08.10 07:22:25.340,1.43594,1.43602,1.50,2.25
2011.08.10 07:22:25.796,1.43595,1.43603,4.13,1.50
2011.08.10 07:22:26.148,1.43595,1.43601,3.75,1.50
2011.08.10 07:22:26.387,1.43595,1.43601,1.13,1.50
2011.08.10 07:22:26.615,1.43596,1.43605,1.13,4.60
2011.08.10 07:22:27.400,1.43597,1.43607,4.50,2.25
2011.08.10 07:22:28.295,1.43598,1.43607,4.13,1.50
2011.08.10 07:22:28.422,1.43599,1.43608,1.88,1.13
2011.08.10 07:22:29.867,1.436,1.43608,1.13,1.88
2011.08.10 07:22:30.648,1.43597,1.43607,4.50,2.25
2011.08.10 07:22:31.094,1.43603,1.43607,4.13,1.23
2011.08.10 07:22:31.946,1.43603,1.43608,3.75,1.50
2011.08.10 07:22:32.076,1.43604,1.43611,2.63,1.50
2011.08.10 07:22:32.307,1.43603,1.43612,3.38,1.88
2011.08.10 07:22:32.863,1.43605,1.43612,4.13,1.50
2011.08.10 07:22:33.424,1.43604,1.43613,1.88,1.13
2011.08.10 07:22:33.545,1.43605,1.43614,4.13,1.50
2011.08.10 07:22:33.884,1.43605,1.43612,4.13,1.50
2011.08.10 07:22:34.226,1.43614,1.43619,5.25,3.75
2011.08.10 07:22:34.930,1.43617,1.43625,2.63,2.25
2011.08.10 07:22:35.163,1.43614,1.43623,4.88,1.50
2011.08.10 07:22:35.404,1.4361,1.43618,6.68,1.13
2011.08.10 07:22:35.968,1.43614,1.43622,1.50,9.00
2011.08.10 07:22:36.207,1.43622,1.43626,2.25,1.50
2011.08.10 07:22:36.454,1.43631,1.43636,1.50,4.80
2011.08.10 07:22:37.200,1.43628,1.43634,1.50,1.05
2011.08.10 07:22:37.332,1.43622,1.43634,9.00,2.55
2011.08.10 07:22:37.685,1.4362,1.43625,3.75,1.50
2011.08.10 07:22:37.808,1.43617,1.43625,4.13,2.25
2011.08.10 07:22:38.474,1.43619,1.43626,3.75,2.25
2011.08.10 07:22:40.793,1.4362,1.43627,1.88,1.05
2011.08.10 07:22:41.027,1.43622,1.43628,2.63,1.05
2011.08.10 07:22:41.143,1.43622,1.43631,4.73,1.05
2011.08.10 07:22:41.596,1.43624,1.43632,4.88,1.50
2011.08.10 07:22:41.932,1.43634,1.4364,3.75,1.50
2011.08.10 07:22:42.277,1.43628,1.43636,1.05,1.50
2011.08.10 07:22:42.399,1.43624,1.43633,2.85,2.25
2011.08.10 07:22:42.514,1.43621,1.43631,2.25,1.50
2011.08.10 07:22:43.133,1.4362,1.43629,4.88,2.10
2011.08.10 07:22:43.605,1.43619,1.43626,3.75,1.50
2011.08.10 07:22:43.724,1.43617,1.43626,4.80,2.25
2011.08.10 07:22:43.958,1.43619,1.43626,1.13,2.10
2011.08.10 07:22:44.300,1.43621,1.43627,1.50,2.10
2011.08.10 07:22:44.854,1.43619,1.43627,1.13,3.15
2011.08.10 07:22:44.975,1.43618,1.43627,1.88,3.15
2011.08.10 07:22:45.317,1.43618,1.43627,4.13,1.80
2011.08.10 07:22:46.613,1.43624,1.4363,2.25,1.80
2011.08.10 07:22:46.964,1.43627,1.43634,2.14,1.05
2011.08.10 07:22:47.303,1.43628,1.43637,5.63,1.13
2011.08.10 07:22:47.864,1.43626,1.43636,5.63,1.05
2011.08.10 07:22:47.988,1.43625,1.43634,1.88,1.05
2011.08.10 07:22:48.213,1.43625,1.43634,1.88,1.05
2011.08.10 07:22:48.443,1.43626,1.43635,1.50,3.98
2011.08.10 07:22:49.228,1.43626,1.43631,1.13,1.35
2011.08.10 07:22:49.790,1.43627,1.43634,1.50,4.73
2011.08.10 07:22:50.457,1.43626,1.4363,3.75,1.50
2011.08.10 07:22:50.577,1.43624,1.43628,1.50,3.75
2011.08.10 07:22:50.695,1.43624,1.43633,1.88,1.45
2011.08.10 07:22:51.711,1.43629,1.43635,3.75,3.83
2011.08.10 07:22:51.842,1.4363,1.43636,4.13,3.75
2011.08.10 07:22:51.967,1.43628,1.43637,2.63,1.13
2011.08.10 07:22:52.316,1.43631,1.43638,1.13,1.50
2011.08.10 07:22:52.874,1.43628,1.43638,1.13,5.85
2011.08.10 07:22:53.216,1.43636,1.43641,2.10,4.43
2011.08.10 07:22:53.676,1.43636,1.43643,1.35,3.38
2011.08.10 07:22:54.270,1.43638,1.43644,1.88,1.13
2011.08.10 07:22:54.393,1.43647,1.43654,2.20,4.13
2011.08.10 07:22:54.627,1.43648,1.43656,4.35,3.38
2011.08.10 07:22:54.970,1.43654,1.43658,1.50,3.75
2011.08.10 07:22:55.088,1.43658,1.43665,2.25,4.13
2011.08.10 07:22:55.543,1.43654,1.43664,1.13,1.50
2011.08.10 07:22:56.105,1.43653,1.43662,1.13,2.88
2011.08.10 07:22:56.673,1.43648,1.43662,4.13,1.23
2011.08.10 07:22:56.805,1.43645,1.43654,2.48,4.88
2011.08.10 07:22:56.923,1.43642,1.43654,1.13,6.68
2011.08.10 07:22:57.046,1.43641,1.43651,1.50,1.13
2011.08.10 07:22:57.493,1.43641,1.4365,1.50,3.00
2011.08.10 07:22:57.854,1.4365,1.43657,2.10,1.60
2011.08.10 07:22:57.975,1.4365,1.43658,1.88,1.13
2011.08.10 07:22:58.095,1.43651,1.43657,1.13,1.50
2011.08.10 07:22:58.436,1.43645,1.43654,3.00,4.88
2011.08.10 07:22:58.888,1.43648,1.43654,3.60,3.75
2011.08.10 07:22:59.514,1.43652,1.4366,1.50,1.13
2011.08.10 07:22:59.635,1.43654,1.43661,1.50,1.50
2011.08.10 07:22:59.757,1.43655,1.43663,1.13,1.13
2011.08.10 07:23:00.101,1.43652,1.43661,1.50,3.75
2011.08.10 07:23:00.438,1.43661,1.43666,3.60,4.13
2011.08.10 07:23:00.558,1.43661,1.43668,5.10,4.13
2011.08.10 07:23:00.677,1.43668,1.43672,1.35,3.75
2011.08.10 07:23:00.804,1.43669,1.43677,1.73,1.13
2011.08.10 07:23:01.035,1.43671,1.4368,1.88,2.10
2011.08.10 07:23:01.159,1.43671,1.43676,1.50,2.10
2011.08.10 07:23:01.746,1.43665,1.43675,1.80,1.83
2011.08.10 07:23:02.216,1.43665,1.43673,1.88,1.13
2011.08.10 07:23:02.335,1.43665,1.43674,5.25,1.50
2011.08.10 07:23:02.455,1.43665,1.43673,1.88,1.13
2011.08.10 07:23:03.017,1.43666,1.43674,1.50,1.73
2011.08.10 07:23:03.356,1.43663,1.43669,1.13,1.50
2011.08.10 07:23:03.704,1.4366,1.43666,3.38,3.00
2011.08.10 07:23:04.299,1.43658,1.43663,3.38,2.10
2011.08.10 07:23:04.430,1.43656,1.43663,4.13,4.45
2011.08.10 07:23:04.550,1.43652,1.43657,3.38,2.10
2011.08.10 07:23:04.789,1.43646,1.43653,4.43,1.50
2011.08.10 07:23:05.026,1.43643,1.4365,4.88,1.98
2011.08.10 07:23:05.145,1.43641,1.43646,4.50,1.35
2011.08.10 07:23:05.496,1.43635,1.43645,3.75,1.13
2011.08.10 07:23:05.613,1.43637,1.43645,1.13,1.13
2011.08.10 07:23:06.782,1.43636,1.43645,3.75,2.58
2011.08.10 07:23:06.907,1.43635,1.43643,1.50,1.60
2011.08.10 07:23:07.370,1.43637,1.43646,5.48,5.73
2011.08.10 07:23:07.490,1.43641,1.43646,1.50,3.85
2011.08.10 07:23:07.608,1.43642,1.43649,1.13,1.05
2011.08.10 07:23:07.848,1.43645,1.43653,1.35,4.13
2011.08.10 07:23:08.300,1.43648,1.43655,3.75,1.60
2011.08.10 07:23:08.525,1.43645,1.43653,1.13,2.58
2011.08.10 07:23:09.048,1.43644,1.43651,1.88,1.73
2011.08.10 07:23:09.168,1.4364,1.43647,1.13,2.10
2011.08.10 07:23:09.506,1.43637,1.43647,4.88,1.88
2011.08.10 07:23:10.063,1.43636,1.43646,4.88,1.88
2011.08.10 07:23:10.183,1.43638,1.43647,4.13,2.10
2011.08.10 07:23:10.740,1.43644,1.43651,1.35,6.03
2011.08.10 07:23:10.862,1.43648,1.43655,2.25,2.25
2011.08.10 07:23:10.987,1.43649,1.43655,3.38,2.25
2011.08.10 07:23:11.109,1.4365,1.43657,4.13,1.73
2011.08.10 07:23:11.226,1.43648,1.43657,4.88,2.48
2011.08.10 07:23:11.344,1.43646,1.43655,1.88,1.73
2011.08.10 07:23:11.467,1.43646,1.43651,1.13,2.10
2011.08.10 07:23:12.038,1.43638,1.43643,5.63,4.50
2011.08.10 07:23:12.165,1.43642,1.43646,2.10,3.75
2011.08.10 07:23:12.286,1.43645,1.43651,1.50,1.50
2011.08.10 07:23:12.525,1.43652,1.43658,2.25,1.50
2011.08.10 07:23:12.645,1.4365,1.43654,1.50,3.38
2011.08.10 07:23:12.873,1.43652,1.43659,1.13,1.50
2011.08.10 07:23:13.214,1.4365,1.43657,1.13,2.10
2011.08.10 07:23:13.338,1.43649,1.43657,1.50,2.48
2011.08.10 07:23:13.453,1.43648,1.43656,1.13,2.48
2011.08.10 07:23:14.867,1.43648,1.43656,1.13,1.13
2011.08.10 07:23:15.092,1.43648,1.43657,4.88,1.13
2011.08.10 07:23:15.652,1.43649,1.43658,6.38,5.10
2011.08.10 07:23:16.213,1.43647,1.43657,7.13,1.88
2011.08.10 07:23:16.774,1.43647,1.43656,1.13,1.73
2011.08.10 07:23:16.895,1.43646,1.43655,1.88,1.13
2011.08.10 07:23:17.349,1.43646,1.43652,1.50,1.35
2011.08.10 07:23:18.132,1.43636,1.43646,5.25,1.88
2011.08.10 07:23:18.264,1.43634,1.43643,1.13,1.13
2011.08.10 07:23:18.604,1.43636,1.43643,2.10,1.13
2011.08.10 07:23:18.944,1.43641,1.43647,3.60,4.13
2011.08.10 07:23:19.283,1.43642,1.43648,1.50,3.38
2011.08.10 07:23:19.407,1.43641,1.43649,3.60,3.75
2011.08.10 07:23:19.525,1.43643,1.43651,1.35,1.13
2011.08.10 07:23:19.649,1.43641,1.43651,6.60,1.13
2011.08.10 07:23:19.763,1.43642,1.43654,1.73,2.25
2011.08.10 07:23:19.884,1.43642,1.43653,1.88,1.50
2011.08.10 07:23:20.226,1.43639,1.4365,5.10,2.85
2011.08.10 07:23:20.346,1.4364,1.4365,1.50,1.50
2011.08.10 07:23:20.467,1.43643,1.43652,1.35,2.63
2011.08.10 07:23:21.170,1.43642,1.43653,1.13,1.35
2011.08.10 07:23:21.296,1.43642,1.43652,1.13,1.13
2011.08.10 07:23:22.518,1.43643,1.43654,1.50,2.25
2011.08.10 07:23:23.184,1.43643,1.43654,1.50,2.25
2011.08.10 07:23:24.873,1.43645,1.43654,4.88,1.88
2011.08.10 07:23:25.922,1.43637,1.43644,3.38,2.10
2011.08.10 07:23:26.270,1.43635,1.43645,4.13,3.10
2011.08.10 07:23:26.507,1.43638,1.43644,1.50,3.85
2011.08.10 07:23:26.847,1.43641,1.43649,1.13,1.88
2011.08.10 07:23:27.183,1.43641,1.43649,3.75,1.50
2011.08.10 07:23:27.900,1.43644,1.43652,1.13,4.98
2011.08.10 07:23:28.137,1.4364,1.43646,3.75,1.50
2011.08.10 07:23:28.259,1.43637,1.43645,4.43,1.60
2011.08.10 07:23:28.379,1.43635,1.43644,4.43,1.60
2011.08.10 07:23:28.936,1.43633,1.43642,1.13,1.88
2011.08.10 07:23:29.273,1.43634,1.43642,3.75,1.50
2011.08.10 07:23:29.726,1.43632,1.43638,4.13,2.85
2011.08.10 07:23:29.960,1.43628,1.43636,1.13,1.13
2011.08.10 07:23:30.298,1.43628,1.43637,1.73,1.88
2011.08.10 07:23:30.636,1.43629,1.43638,1.88,1.13
2011.08.10 07:23:30.974,1.43631,1.43639,4.88,1.13
2011.08.10 07:23:32.302,1.43633,1.43642,1.13,2.25
2011.08.10 07:23:32.871,1.43629,1.43639,3.38,1.73
2011.08.10 07:23:32.994,1.43629,1.43639,4.13,2.58
2011.08.10 07:23:33.116,1.43628,1.43637,1.50,1.88
2011.08.10 07:23:33.672,1.43626,1.43635,4.88,1.50
2011.08.10 07:23:33.905,1.43626,1.43634,1.13,1.13
2011.08.10 07:23:34.577,1.43626,1.43635,1.13,1.88
2011.08.10 07:23:35.514,1.43626,1.43635,4.88,1.50
2011.08.10 07:23:37.064,1.43626,1.43634,1.13,1.13
2011.08.10 07:23:37.186,1.43624,1.43631,4.88,1.35
2011.08.10 07:23:37.306,1.43622,1.43628,1.13,1.35
2011.08.10 07:23:37.539,1.43618,1.43627,4.88,2.35
2011.08.10 07:23:37.656,1.43617,1.43625,1.13,2.95
2011.08.10 07:23:37.774,1.43616,1.43624,4.13,1.50
2011.08.10 07:23:38.224,1.43615,1.43624,1.13,1.88
2011.08.10 07:23:38.564,1.43617,1.43624,4.13,1.50
2011.08.10 07:23:39.551,1.43615,1.43624,4.88,1.50
2011.08.10 07:23:39.995,1.4362,1.43625,3.75,1.35
2011.08.10 07:23:40.349,1.43623,1.43631,7.35,4.43
2011.08.10 07:23:40.467,1.43626,1.43634,1.13,1.13
2011.08.10 07:23:41.028,1.43626,1.43635,1.13,1.88
2011.08.10 07:23:41.587,1.43626,1.43635,2.48,1.13
2011.08.10 07:23:42.156,1.43627,1.43635,1.88,1.13
2011.08.10 07:23:42.283,1.43631,1.43639,1.50,1.13
2011.08.10 07:23:42.515,1.43631,1.4364,4.88,3.38
2011.08.10 07:23:42.634,1.43631,1.43639,1.13,1.13
2011.08.10 07:23:42.975,1.4363,1.43637,1.50,1.13
2011.08.10 07:23:43.311,1.43631,1.4364,4.88,3.38
2011.08.10 07:23:43.873,1.43631,1.4364,1.13,3.75
2011.08.10 07:23:44.325,1.43628,1.43636,4.88,1.13
2011.08.10 07:23:44.673,1.43624,1.43632,1.13,1.13
2011.08.10 07:23:45.124,1.43624,1.43632,1.73,1.50
2011.08.10 07:23:46.028,1.43624,1.43632,1.50,1.13
2011.08.10 07:23:46.491,1.43623,1.43632,3.23,1.88
2011.08.10 07:23:47.043,1.43623,1.43632,1.13,1.88
2011.08.10 07:23:47.653,1.43621,1.43629,1.88,1.13
2011.08.10 07:23:47.775,1.43621,1.43629,1.13,1.13
2011.08.10 07:23:48.005,1.43621,1.43627,1.13,2.10
2011.08.10 07:23:48.358,1.43612,1.4362,1.43,1.88
2011.08.10 07:23:48.476,1.43615,1.43622,1.73,1.23
2011.08.10 07:23:48.594,1.43615,1.43623,2.10,4.13
2011.08.10 07:23:49.327,1.43622,1.4363,1.35,4.13
2011.08.10 07:23:49.563,1.43627,1.43633,2.25,4.80
2011.08.10 07:23:49.689,1.43632,1.4364,1.88,6.38
2011.08.10 07:23:49.807,1.43635,1.4364,1.13,5.25
2011.08.10 07:23:49.929,1.43639,1.43645,1.13,4.50
2011.08.10 07:23:50.158,1.43644,1.43651,4.13,7.29
2011.08.10 07:23:50.494,1.43645,1.43654,1.13,4.13
2011.08.10 07:23:50.834,1.4365,1.43656,1.50,5.25
2011.08.10 07:23:52.004,1.43649,1.43656,2.63,1.13
2011.08.10 07:23:52.562,1.43649,1.4366,3.00,6.38
2011.08.10 07:23:53.347,1.43649,1.43656,1.88,1.13
2011.08.10 07:23:54.268,1.43647,1.43655,1.13,1.13
2011.08.10 07:23:54.933,1.43649,1.43655,2.85,1.13
2011.08.10 07:23:55.053,1.43649,1.43656,2.25,4.13
2011.08.10 07:23:59.004,1.43647,1.43656,1.05,4.50
2011.08.10 07:23:59.676,1.43648,1.43655,1.13,1.13
2011.08.10 07:24:00.012,1.4365,1.4366,1.13,6.38
2011.08.10 07:24:02.352,1.43656,1.43661,1.50,3.83
2011.08.10 07:24:02.479,1.4366,1.43664,3.75,3.75
2011.08.10 07:24:02.610,1.43665,1.43671,1.35,4.88
2011.08.10 07:24:02.729,1.43667,1.43673,5.10,3.75
2011.08.10 07:24:03.068,1.4367,1.43675,1.50,3.75
2011.08.10 07:24:03.184,1.43671,1.43677,1.50,4.13
2011.08.10 07:24:03.307,1.43671,1.4368,2.25,8.63
2011.08.10 07:24:04.416,1.43671,1.43681,2.63,4.13
2011.08.10 07:24:05.284,1.43673,1.43682,1.13,1.88
2011.08.10 07:24:05.754,1.43677,1.43682,1.35,1.50
2011.08.10 07:24:06.117,1.43678,1.43686,4.13,2.20
2011.08.10 07:24:06.236,1.43677,1.43686,1.13,1.98
2011.08.10 07:24:06.794,1.43676,1.43685,1.50,4.88
2011.08.10 07:24:07.135,1.43675,1.43683,1.50,4.88
2011.08.10 07:24:07.474,1.43672,1.43679,1.50,4.13
2011.08.10 07:24:07.817,1.43675,1.43681,1.88,3.75
2011.08.10 07:24:08.497,1.43685,1.43692,1.50,3.75
2011.08.10 07:24:08.726,1.43685,1.43694,1.50,4.13
2011.08.10 07:24:09.284,1.43685,1.43692,2.25,4.13
2011.08.10 07:24:09.520,1.43685,1.43694,7.35,4.13
2011.08.10 07:24:09.759,1.43684,1.43693,1.88,1.13
2011.08.10 07:24:09.986,1.43684,1.43692,1.88,4.13
2011.08.10 07:24:10.107,1.43684,1.43693,1.88,1.50
2011.08.10 07:24:10.223,1.43682,1.43692,2.63,4.13
2011.08.10 07:24:10.569,1.43689,1.43696,1.13,1.23
2011.08.10 07:24:11.140,1.43689,1.43699,1.88,6.75
2011.08.10 07:24:12.040,1.43695,1.43702,1.88,3.38
2011.08.10 07:24:12.378,1.43698,1.43703,2.25,1.65
2011.08.10 07:24:12.720,1.43696,1.43703,3.00,3.15
2011.08.10 07:24:12.948,1.43696,1.43705,2.25,4.35
2011.08.10 07:24:13.066,1.43698,1.43706,1.50,5.48
2011.08.10 07:24:14.338,1.43696,1.43705,1.88,1.35
2011.08.10 07:24:14.896,1.43697,1.43706,4.50,1.08
2011.08.10 07:24:16.333,1.43699,1.43707,4.13,2.25
2011.08.10 07:24:16.869,1.43697,1.43705,1.50,2.10
2011.08.10 07:24:17.103,1.43695,1.43704,1.13,1.35
2011.08.10 07:24:17.559,1.43695,1.43703,2.85,4.35
2011.08.10 07:24:17.676,1.43695,1.43705,3.23,5.10
2011.08.10 07:24:18.235,1.43697,1.43706,1.50,1.35
2011.08.10 07:24:18.795,1.43698,1.43707,4.13,2.48
2011.08.10 07:24:19.794,1.43699,1.43708,4.88,1.50
2011.08.10 07:24:20.534,1.43699,1.43708,1.13,1.13
2011.08.10 07:24:21.424,1.43699,1.43709,1.88,8.85
2011.08.10 07:24:22.645,1.43702,1.4371,1.50,1.13
2011.08.10 07:24:22.983,1.43703,1.43711,4.78,1.05
2011.08.10 07:24:23.554,1.43694,1.43699,3.60,1.73
2011.08.10 07:24:23.685,1.43692,1.43698,3.75,1.50
2011.08.10 07:24:23.812,1.43688,1.43696,1.43,1.13
2011.08.10 07:24:23.934,1.43689,1.43698,4.13,2.25
2011.08.10 07:24:24.051,1.43688,1.43696,1.13,1.13
2011.08.10 07:24:24.603,1.43689,1.43696,2.25,1.13
2011.08.10 07:24:25.563,1.43688,1.43696,1.13,1.13
2011.08.10 07:24:26.132,1.43688,1.43697,1.13,1.13
2011.08.10 07:24:26.473,1.43691,1.43697,2.10,1.13
2011.08.10 07:24:27.186,1.437,1.43709,4.13,1.23
2011.08.10 07:24:27.309,1.43702,1.4371,1.13,1.13
2011.08.10 07:24:27.540,1.43705,1.4371,1.50,1.13
2011.08.10 07:24:27.655,1.43703,1.4371,1.50,1.13
2011.08.10 07:24:28.004,1.43705,1.43711,1.50,1.13
2011.08.10 07:24:28.346,1.43705,1.43715,3.98,1.43
2011.08.10 07:24:28.903,1.43706,1.43715,1.88,1.88
2011.08.10 07:24:29.462,1.43708,1.43716,1.13,1.88
2011.08.10 07:24:30.260,1.43708,1.43716,1.13,2.48
2011.08.10 07:24:30.594,1.4371,1.43717,3.75,1.13
2011.08.10 07:24:30.712,1.43708,1.43716,1.13,1.50
2011.08.10 07:24:30.943,1.43709,1.43716,4.13,1.50
2011.08.10 07:24:31.503,1.43708,1.43716,1.13,1.88
2011.08.10 07:24:31.624,1.43708,1.43716,4.88,1.50
2011.08.10 07:24:32.187,1.43709,1.43717,4.13,1.88
2011.08.10 07:24:32.524,1.43713,1.43721,1.13,1.90
2011.08.10 07:24:33.549,1.43711,1.43719,3.75,4.13
2011.08.10 07:24:33.686,1.43721,1.4373,1.35,5.35
2011.08.10 07:24:33.805,1.43725,1.43732,1.50,4.13
2011.08.10 07:24:33.929,1.43725,1.43734,2.25,4.13
2011.08.10 07:24:34.168,1.43727,1.43736,1.50,4.88
2011.08.10 07:24:34.396,1.43727,1.43734,1.50,4.13
2011.08.10 07:24:34.756,1.43721,1.43726,1.05,1.35
2011.08.10 07:24:35.112,1.43718,1.43726,4.13,2.10
2011.08.10 07:24:35.237,1.43717,1.43725,1.13,3.23
2011.08.10 07:24:35.985,1.43715,1.43724,1.50,4.50
2011.08.10 07:24:36.438,1.43716,1.43725,1.88,1.13
2011.08.10 07:24:36.554,1.43716,1.43724,1.50,3.75
2011.08.10 07:24:37.226,1.43715,1.43725,2.48,4.88
2011.08.10 07:24:38.490,1.43708,1.43714,1.50,1.88
2011.08.10 07:24:38.606,1.43705,1.43714,1.50,1.88
2011.08.10 07:24:38.957,1.43705,1.43712,1.50,1.13
2011.08.10 07:24:39.303,1.43702,1.4371,1.13,1.88
2011.08.10 07:24:39.428,1.43704,1.43712,1.13,1.13
2011.08.10 07:24:39.771,1.43704,1.43713,3.22,1.88
2011.08.10 07:24:40.915,1.43706,1.43715,1.13,2.25
2011.08.10 07:24:41.034,1.43706,1.43715,1.13,1.88
2011.08.10 07:24:41.488,1.43705,1.43715,5.25,1.88
2011.08.10 07:24:41.722,1.43705,1.43712,3.75,1.13
2011.08.10 07:24:42.172,1.43705,1.43713,3.38,1.13
2011.08.10 07:24:42.515,1.43707,1.43716,4.88,2.10
2011.08.10 07:24:42.744,1.43705,1.43714,1.13,1.13
2011.08.10 07:24:43.479,1.43706,1.43714,1.13,1.13
2011.08.10 07:24:43.830,1.43707,1.43716,1.13,1.88
2011.08.10 07:24:43.952,1.43705,1.43713,1.88,1.13
2011.08.10 07:24:44.080,1.43705,1.43713,1.13,1.13
2011.08.10 07:24:44.417,1.43697,1.43706,2.25,2.48
2011.08.10 07:24:44.659,1.43696,1.43705,1.13,1.13
2011.08.10 07:24:45.108,1.43695,1.43701,1.13,1.13
2011.08.10 07:24:45.230,1.43695,1.437,1.13,1.13
2011.08.10 07:24:46.076,1.43693,1.437,1.35,1.13
2011.08.10 07:24:46.633,1.43694,1.43702,1.28,1.13
2011.08.10 07:24:47.415,1.43692,1.437,2.25,1.13
2011.08.10 07:24:47.646,1.43691,1.43698,1.50,1.13
2011.08.10 07:24:47.994,1.43685,1.43693,2.25,1.13
2011.08.10 07:24:48.335,1.43684,1.4369,1.35,1.13
2011.08.10 07:24:49.009,1.43682,1.4369,1.50,1.13
2011.08.10 07:24:49.346,1.43683,1.43691,1.50,1.13
2011.08.10 07:24:49.905,1.43682,1.43691,2.25,1.13
2011.08.10 07:24:50.464,1.43683,1.43691,1.50,1.13
2011.08.10 07:24:50.814,1.43679,1.43688,4.27,1.13
2011.08.10 07:24:51.375,1.4368,1.4369,1.35,6.38
2011.08.10 07:24:52.051,1.43681,1.4369,1.13,2.63
2011.08.10 07:24:52.497,1.4368,1.4369,4.35,3.23
2011.08.10 07:24:52.852,1.43673,1.43679,4.50,1.88
2011.08.10 07:24:52.976,1.43669,1.43677,3.38,2.85
2011.08.10 07:24:53.098,1.43667,1.43676,3.75,1.73
2011.08.10 07:24:53.323,1.43666,1.43677,1.13,3.70
2011.08.10 07:24:53.772,1.43666,1.43677,1.13,2.35
2011.08.10 07:24:54.002,1.43668,1.43677,3.75,2.25
2011.08.10 07:24:54.568,1.43667,1.43677,1.50,1.50
2011.08.10 07:24:56.002,1.43667,1.43676,1.50,4.88
2011.08.10 07:24:56.343,1.4367,1.43678,1.13,2.10
2011.08.10 07:24:57.353,1.43667,1.43675,4.50,3.19
2011.08.10 07:24:57.693,1.43665,1.43672,1.43,1.50
2011.08.10 07:24:58.589,1.43665,1.43673,1.88,3.56
2011.08.10 07:24:59.152,1.43664,1.43671,3.60,1.13
2011.08.10 07:24:59.278,1.43668,1.43672,1.13,2.44
2011.08.10 07:24:59.622,1.43668,1.43675,4.88,2.44
2011.08.10 07:24:59.852,1.43669,1.43676,1.13,1.50
2011.08.10 07:25:00.192,1.43669,1.43678,1.88,2.93
2011.08.10 07:25:00.431,1.43671,1.43679,1.13,1.13
2011.08.10 07:25:01.279,1.43675,1.43683,1.88,1.13
2011.08.10 07:25:01.726,1.43683,1.43688,1.35,3.75
2011.08.10 07:25:01.850,1.43684,1.4369,1.13,4.43
2011.08.10 07:25:01.972,1.43685,1.43694,1.50,4.88
2011.08.10 07:25:02.313,1.43686,1.43695,1.13,3.00
2011.08.10 07:25:02.546,1.43691,1.43697,2.10,1.50
2011.08.10 07:25:02.992,1.43691,1.437,1.13,1.50
2011.08.10 07:25:03.112,1.43691,1.43698,1.50,1.13
2011.08.10 07:25:03.923,1.43691,1.43701,2.63,4.23
2011.08.10 07:25:04.050,1.43691,1.43699,1.13,2.63
2011.08.10 07:25:04.172,1.43687,1.43696,3.00,1.13
2011.08.10 07:25:04.293,1.43688,1.43696,3.75,1.50
2011.08.10 07:25:04.851,1.43686,1.43696,5.63,1.13
2011.08.10 07:25:05.305,1.43691,1.43695,4.50,1.50
2011.08.10 07:25:05.424,1.43688,1.43695,5.10,2.25
2011.08.10 07:25:05.542,1.43684,1.43692,1.13,1.88
2011.08.10 07:25:05.663,1.43684,1.43692,4.13,1.13
2011.08.10 07:25:06.003,1.43682,1.43692,7.50,7.13
2011.08.10 07:25:06.345,1.43688,1.43695,5.10,1.05
2011.08.10 07:25:07.044,1.43691,1.43698,1.50,3.75
2011.08.10 07:25:07.174,1.43691,1.437,1.50,7.73
2011.08.10 07:25:07.512,1.43688,1.43698,4.50,1.88
2011.08.10 07:25:07.854,1.43687,1.43696,1.88,1.13
2011.08.10 07:25:07.974,1.43687,1.43695,1.88,4.13
2011.08.10 07:25:08.314,1.43693,1.43698,2.10,3.75
2011.08.10 07:25:08.436,1.43692,1.437,1.50,4.13
2011.08.10 07:25:08.553,1.4369,1.43698,1.88,1.13
2011.08.10 07:25:08.903,1.43691,1.43698,1.13,4.13
2011.08.10 07:25:09.241,1.43689,1.43696,4.35,4.13
2011.08.10 07:25:09.885,1.43688,1.43696,1.50,3.75
2011.08.10 07:25:10.224,1.43688,1.43696,2.10,4.88
2011.08.10 07:25:10.346,1.4369,1.43698,1.13,1.50
2011.08.10 07:25:10.468,1.43693,1.43701,1.88,1.13
2011.08.10 07:25:10.584,1.43694,1.43702,3.00,1.88
2011.08.10 07:25:10.923,1.43699,1.43706,1.50,1.13
2011.08.10 07:25:11.272,1.43701,1.43708,1.50,3.38
2011.08.10 07:25:11.393,1.43701,1.43708,1.50,3.75
2011.08.10 07:25:11.514,1.437,1.4371,2.25,4.50
2011.08.10 07:25:11.744,1.43701,1.43711,2.63,4.13
2011.08.10 07:25:12.586,1.43706,1.43715,1.50,1.88
2011.08.10 07:25:13.044,1.43707,1.43715,1.13,1.13
2011.08.10 07:25:13.390,1.43706,1.43719,1.13,3.38
2011.08.10 07:25:13.739,1.43714,1.43723,1.13,1.88
2011.08.10 07:25:14.291,1.43718,1.43726,1.13,2.51
2011.08.10 07:25:14.416,1.43716,1.43725,4.13,1.50
2011.08.10 07:25:14.536,1.43718,1.43726,4.88,1.29
2011.08.10 07:25:15.112,1.43722,1.43731,1.50,1.60
2011.08.10 07:25:15.463,1.43719,1.43727,1.13,1.88
2011.08.10 07:25:16.023,1.43718,1.43726,1.13,1.88
2011.08.10 07:25:16.586,1.43715,1.43726,4.35,1.50
2011.08.10 07:25:16.935,1.43717,1.43727,1.13,1.98
2011.08.10 07:25:17.297,1.43718,1.43725,1.13,2.63
2011.08.10 07:25:17.947,1.4371,1.43721,3.00,1.05
2011.08.10 07:25:18.081,1.4371,1.43718,1.50,5.04
2011.08.10 07:25:18.209,1.4371,1.43714,2.18,1.50
2011.08.10 07:25:18.330,1.43708,1.43714,3.22,1.13
2011.08.10 07:25:18.563,1.43705,1.43714,1.88,4.50
2011.08.10 07:25:18.686,1.43705,1.43711,3.75,3.75
2011.08.10 07:25:18.912,1.43704,1.4371,4.88,1.13
2011.08.10 07:25:19.035,1.43694,1.43699,1.13,1.50
2011.08.10 07:25:19.949,1.43687,1.43698,1.35,1.13
2011.08.10 07:25:20.095,1.43692,1.43698,2.10,1.23
2011.08.10 07:25:20.215,1.43697,1.43702,2.10,2.73
2011.08.10 07:25:20.333,1.43697,1.43702,2.10,1.88
2011.08.10 07:25:20.456,1.43701,1.43707,1.35,4.13
2011.08.10 07:25:20.578,1.43701,1.43706,1.50,3.38
2011.08.10 07:25:20.804,1.43698,1.43706,1.13,1.13
2011.08.10 07:25:20.931,1.43701,1.43708,1.13,4.23
2011.08.10 07:25:21.284,1.43701,1.43706,1.50,3.38
2011.08.10 07:25:21.402,1.43701,1.43707,1.50,3.38
2011.08.10 07:25:21.522,1.43701,1.43712,1.50,11.72
2011.08.10 07:25:22.226,1.43703,1.4371,1.50,4.05
2011.08.10 07:25:22.354,1.43704,1.4371,1.13,1.50
2011.08.10 07:25:22.584,1.43699,1.43708,3.00,1.05
2011.08.10 07:25:22.811,1.43699,1.43709,3.00,4.43
2011.08.10 07:25:23.269,1.437,1.43708,2.25,1.05
2011.08.10 07:25:23.496,1.43701,1.43709,2.10,9.68
2011.08.10 07:25:23.845,1.4371,1.43718,1.50,5.03
2011.08.10 07:25:23.968,1.43711,1.43719,1.13,1.80
2011.08.10 07:25:24.758,1.43716,1.43724,2.25,12.30
2011.08.10 07:25:24.892,1.4372,1.4373,1.50,8.85
2011.08.10 07:25:25.125,1.43721,1.43728,3.75,3.68
2011.08.10 07:25:25.467,1.43725,1.43729,2.10,3.68
2011.08.10 07:25:25.806,1.43729,1.43736,1.50,4.08
2011.08.10 07:25:26.035,1.43727,1.43736,1.05,4.73
2011.08.10 07:25:26.156,1.43728,1.43733,3.23,3.68
2011.08.10 07:25:26.279,1.43729,1.43735,1.50,3.68
2011.08.10 07:25:26.395,1.43728,1.43736,1.13,1.05
2011.08.10 07:25:26.513,1.43728,1.43736,1.50,4.73
2011.08.10 07:25:27.131,1.43726,1.43734,1.13,1.05
2011.08.10 07:25:27.475,1.43724,1.4373,4.50,1.60
2011.08.10 07:25:27.826,1.43719,1.43726,1.05,3.68
2011.08.10 07:25:28.164,1.43718,1.43726,1.50,3.98
2011.08.10 07:25:28.287,1.43717,1.4373,1.50,1.13
2011.08.10 07:25:28.407,1.43722,1.43729,1.35,1.50
2011.08.10 07:25:28.526,1.43722,1.43729,1.43,1.35
2011.08.10 07:25:28.646,1.43724,1.4373,1.05,4.43
2011.08.10 07:25:28.766,1.43721,1.43726,1.50,2.10
2011.08.10 07:25:28.884,1.4372,1.43726,3.75,4.45
2011.08.10 07:25:29.525,1.43718,1.43726,1.50,5.18
2011.08.10 07:25:29.759,1.43722,1.4373,2.48,3.68
2011.08.10 07:25:29.877,1.43724,1.43732,2.48,2.19
2011.08.10 07:25:29.997,1.43726,1.43733,1.13,1.05
2011.08.10 07:25:30.226,1.43725,1.43734,1.88,1.35
2011.08.10 07:25:30.346,1.43724,1.43732,2.25,1.05
2011.08.10 07:25:30.686,1.43723,1.43731,2.63,1.60
2011.08.10 07:25:30.911,1.43721,1.4373,1.13,1.21
2011.08.10 07:25:31.144,1.43719,1.43729,4.13,3.40
2011.08.10 07:25:31.712,1.4372,1.43725,3.75,3.60
2011.08.10 07:25:31.852,1.43717,1.43726,1.88,1.05
2011.08.10 07:25:32.203,1.43716,1.43725,1.88,1.05
2011.08.10 07:25:32.546,1.43715,1.43724,1.50,4.73
2011.08.10 07:25:32.884,1.43715,1.43721,1.13,1.13
2011.08.10 07:25:33.248,1.43713,1.43721,3.75,1.98
2011.08.10 07:25:33.370,1.43715,1.43721,1.13,1.66
2011.08.10 07:25:33.495,1.43711,1.43716,4.50,3.68
2011.08.10 07:25:34.071,1.43714,1.43719,1.50,3.68
2011.08.10 07:25:34.207,1.43707,1.43715,4.43,1.50
2011.08.10 07:25:34.328,1.43707,1.43715,4.43,3.75
2011.08.10 07:25:34.668,1.43702,1.4371,1.13,3.40
2011.08.10 07:25:34.785,1.43699,1.43708,1.88,1.05
2011.08.10 07:25:35.247,1.43703,1.43709,1.50,1.50
2011.08.10 07:25:35.478,1.43706,1.43716,5.63,2.18
2011.08.10 07:25:35.592,1.43708,1.43717,4.88,1.50
2011.08.10 07:25:36.291,1.43707,1.43717,1.13,5.63
2011.08.10 07:25:36.858,1.43706,1.43716,1.88,5.48
2011.08.10 07:25:37.205,1.43711,1.43718,1.50,9.00
2011.08.10 07:25:37.326,1.43716,1.43722,1.13,1.05
2011.08.10 07:25:37.663,1.43717,1.43724,4.50,4.88
2011.08.10 07:25:38.002,1.4372,1.43727,1.50,3.75
2011.08.10 07:25:38.124,1.43719,1.43728,3.38,4.13
2011.08.10 07:25:38.242,1.43719,1.43726,1.50,4.88
2011.08.10 07:25:38.474,1.43717,1.43726,1.50,4.88
2011.08.10 07:25:39.184,1.43715,1.43723,2.63,1.13
2011.08.10 07:25:39.305,1.43714,1.43722,1.88,1.50
2011.08.10 07:25:39.429,1.43712,1.43719,4.50,1.23
2011.08.10 07:25:39.795,1.43712,1.43717,3.75,1.13
2011.08.10 07:25:40.038,1.43701,1.43708,1.50,4.89
2011.08.10 07:25:40.374,1.43698,1.43704,3.75,1.13
2011.08.10 07:25:40.712,1.43695,1.43704,1.88,1.43
2011.08.10 07:25:40.942,1.43696,1.43705,1.13,1.88
2011.08.10 07:25:41.554,1.43697,1.43705,4.13,1.50
2011.08.10 07:25:41.913,1.43703,1.43712,6.38,1.05
2011.08.10 07:25:42.035,1.43705,1.43715,1.13,6.23
2011.08.10 07:25:42.152,1.43705,1.43713,1.13,1.13
2011.08.10 07:25:42.384,1.43703,1.43712,2.25,1.13
2011.08.10 07:25:42.722,1.43702,1.43711,1.50,3.75
2011.08.10 07:25:42.842,1.43703,1.43712,1.13,1.13
2011.08.10 07:25:43.071,1.43703,1.43713,4.88,1.88
2011.08.10 07:25:43.633,1.43702,1.43711,1.88,1.13
2011.08.10 07:25:43.752,1.43702,1.4371,1.13,1.13
2011.08.10 07:25:44.461,1.437,1.4371,1.88,4.88
2011.08.10 07:25:44.584,1.43701,1.4371,1.13,1.13
2011.08.10 07:25:44.813,1.43702,1.43711,4.13,1.50
2011.08.10 07:25:46.141,1.43701,1.4371,1.88,1.13
2011.08.10 07:25:46.260,1.43701,1.4371,1.50,4.50
2011.08.10 07:25:46.381,1.43702,1.4371,1.13,1.13
2011.08.10 07:25:46.720,1.43701,1.4371,1.50,4.88
2011.08.10 07:25:47.617,1.43701,1.43709,1.50,4.13
2011.08.10 07:25:47.745,1.43697,1.43705,1.43,1.98
2011.08.10 07:25:47.870,1.43694,1.437,4.50,1.13
2011.08.10 07:25:48.112,1.43691,1.43699,1.88,4.13
2011.08.10 07:25:48.670,1.43691,1.43699,1.50,4.13
2011.08.10 07:25:49.234,1.43693,1.43701,1.50,4.13
2011.08.10 07:25:49.472,1.43693,1.43701,2.25,4.13
2011.08.10 07:25:49.702,1.43695,1.43703,1.13,3.75
2011.08.10 07:25:49.824,1.437,1.43706,2.10,4.60
2011.08.10 07:25:49.947,1.43699,1.43706,2.63,5.18
2011.08.10 07:25:50.070,1.43702,1.4371,1.35,8.85
2011.08.10 07:25:50.677,1.43704,1.4371,3.60,3.75
2011.08.10 07:25:50.796,1.43703,1.43712,1.50,5.04
2011.08.10 07:25:51.245,1.43702,1.4371,1.88,4.13
2011.08.10 07:25:51.814,1.43701,1.4371,2.25,4.50
2011.08.10 07:25:51.937,1.43705,1.43712,1.50,4.88
2011.08.10 07:25:52.054,1.43705,1.43714,1.88,1.13
2011.08.10 07:25:52.395,1.43705,1.43715,1.88,4.13
2011.08.10 07:25:53.416,1.43708,1.43713,1.13,4.50
2011.08.10 07:25:53.763,1.43707,1.43716,1.50,4.88
2011.08.10 07:25:54.662,1.43707,1.43715,1.50,4.13
2011.08.10 07:25:55.007,1.43703,1.43708,4.13,1.13
2011.08.10 07:25:55.346,1.43711,1.4372,1.50,2.35
2011.08.10 07:25:55.470,1.43714,1.43722,1.50,9.71
2011.08.10 07:25:56.355,1.43714,1.43722,1.50,4.23
2011.08.10 07:25:57.353,1.43714,1.43724,1.88,4.88
2011.08.10 07:25:57.915,1.43715,1.43724,1.88,1.50
2011.08.10 07:25:58.142,1.43715,1.43725,1.88,8.95
2011.08.10 07:25:58.484,1.43717,1.43726,1.88,1.13
2011.08.10 07:25:59.041,1.43719,1.43726,2.25,4.88
2011.08.10 07:25:59.627,1.43714,1.43722,1.88,3.75
2011.08.10 07:25:59.745,1.43713,1.43722,1.50,4.88
2011.08.10 07:26:00.193,1.43717,1.43722,1.50,4.50
2011.08.10 07:26:00.436,1.43718,1.43724,1.35,4.43
2011.08.10 07:26:00.556,1.43718,1.43726,1.35,4.88
2011.08.10 07:26:00.894,1.43718,1.43726,1.13,1.13
2011.08.10 07:26:01.454,1.4372,1.43726,1.50,1.50
2011.08.10 07:26:01.807,1.43707,1.43736,3.75,1.35
2011.08.10 07:26:02.419,1.43707,1.43734,4.50,5.25
2011.08.10 07:26:02.643,1.43706,1.43732,1.35,4.43
2011.08.10 07:26:02.871,1.43715,1.4372,1.50,3.38
2011.08.10 07:26:03.102,1.43711,1.43721,2.25,2.85
2011.08.10 07:26:03.222,1.43711,1.43719,1.13,1.50
2011.08.10 07:26:03.458,1.43709,1.43718,2.25,1.50
2011.08.10 07:26:03.577,1.43709,1.43716,1.50,1.88
2011.08.10 07:26:03.695,1.43707,1.43715,2.55,4.13
2011.08.10 07:26:03.922,1.43705,1.43714,1.50,1.13
2011.08.10 07:26:04.519,1.43703,1.43714,1.88,3.60
2011.08.10 07:26:04.646,1.43705,1.4371,1.32,2.10
2011.08.10 07:26:04.982,1.43704,1.43708,1.50,1.05
2011.08.10 07:26:05.216,1.43701,1.43708,1.13,1.50
2011.08.10 07:26:05.441,1.43698,1.43707,1.50,5.78
2011.08.10 07:26:06.002,1.43698,1.43705,2.10,4.88
2011.08.10 07:26:06.125,1.43698,1.43702,1.13,2.28
2011.08.10 07:26:06.245,1.43694,1.43702,1.50,4.13
2011.08.10 07:26:06.584,1.43692,1.43702,1.50,1.73
2011.08.10 07:26:06.703,1.43694,1.43698,3.00,3.75
2011.08.10 07:26:07.304,1.43692,1.43698,1.50,3.38
2011.08.10 07:26:07.430,1.43688,1.43699,2.85,1.88
2011.08.10 07:26:07.773,1.43688,1.43697,4.88,1.50
2011.08.10 07:26:08.333,1.43686,1.43696,4.88,1.50
2011.08.10 07:26:08.893,1.43684,1.43695,6.38,1.88
2011.08.10 07:26:09.232,1.43685,1.43691,1.50,1.13
2011.08.10 07:26:09.583,1.43677,1.43686,2.25,1.13
2011.08.10 07:26:10.484,1.43679,1.43688,2.25,4.88
2011.08.10 07:26:10.823,1.43679,1.43689,1.50,1.35
2011.08.10 07:26:10.950,1.43679,1.43689,1.50,1.35
2011.08.10 07:26:11.630,1.43678,1.43687,4.13,2.85
2011.08.10 07:26:11.982,1.43681,1.4369,5.10,1.60
2011.08.10 07:26:12.325,1.43679,1.43688,1.88,5.10
2011.08.10 07:26:12.442,1.43679,1.43688,1.88,4.88
2011.08.10 07:26:12.562,1.43679,1.43689,6.00,1.13
2011.08.10 07:26:13.693,1.4368,1.43688,2.25,4.88
2011.08.10 07:26:14.030,1.43682,1.4369,4.13,1.50
2011.08.10 07:26:14.266,1.4368,1.4369,8.25,1.88
2011.08.10 07:26:15.812,1.43678,1.43688,9.00,1.88
2011.08.10 07:26:15.934,1.43681,1.4369,4.50,1.13
2011.08.10 07:26:16.490,1.43681,1.4369,1.13,1.13
2011.08.10 07:26:16.724,1.4368,1.4369,2.25,8.25
2011.08.10 07:26:17.471,1.43677,1.43685,1.88,2.25
2011.08.10 07:26:17.715,1.43676,1.43685,3.75,1.13
2011.08.10 07:26:18.180,1.43679,1.43686,1.50,4.50
2011.08.10 07:26:18.537,1.43685,1.43692,1.35,1.13
2011.08.10 07:26:18.656,1.43687,1.43695,1.50,4.43
2011.08.10 07:26:19.212,1.43687,1.43695,1.50,4.13
2011.08.10 07:26:20.127,1.43693,1.43701,1.13,5.63
2011.08.10 07:26:20.695,1.43692,1.437,2.25,1.88
2011.08.10 07:26:22.026,1.43695,1.43702,1.50,3.75
2011.08.10 07:26:22.143,1.43696,1.43703,1.13,1.80
2011.08.10 07:26:22.260,1.43694,1.43702,2.25,1.88
2011.08.10 07:26:22.385,1.43695,1.43703,1.88,1.43
2011.08.10 07:26:22.722,1.43695,1.43703,1.88,5.63
2011.08.10 07:26:22.843,1.43697,1.43705,2.25,4.13
2011.08.10 07:26:23.076,1.43699,1.43706,1.13,1.23
2011.08.10 07:26:23.192,1.43697,1.43704,4.50,1.50
2011.08.10 07:26:23.818,1.43693,1.43702,1.13,1.13
2011.08.10 07:26:24.593,1.43697,1.43705,1.50,5.18
2011.08.10 07:26:24.931,1.43701,1.4371,1.13,5.85
2011.08.10 07:26:25.052,1.43702,1.4371,1.13,1.35
2011.08.10 07:26:25.722,1.43703,1.43711,1.50,1.13
2011.08.10 07:26:25.956,1.43705,1.43713,1.13,5.55
2011.08.10 07:26:26.291,1.43703,1.43713,1.13,10.05
2011.08.10 07:26:27.401,1.43702,1.43711,2.25,4.13
2011.08.10 07:26:28.116,1.43711,1.43717,1.13,2.25
2011.08.10 07:26:28.692,1.4371,1.43719,1.13,4.13
2011.08.10 07:26:29.267,1.43709,1.43715,4.50,2.25
2011.08.10 07:26:29.387,1.43705,1.43714,1.13,1.88
2011.08.10 07:26:29.508,1.43707,1.43715,1.13,1.88
2011.08.10 07:26:29.732,1.4371,1.43719,1.13,2.10
2011.08.10 07:26:30.289,1.4371,1.43719,1.13,2.48
2011.08.10 07:26:31.081,1.43709,1.43715,1.13,1.50
2011.08.10 07:26:31.328,1.43707,1.43715,3.00,4.13
2011.08.10 07:26:31.447,1.43708,1.43715,4.88,1.35
2011.08.10 07:26:31.672,1.43708,1.43717,1.13,3.98
2011.08.10 07:26:31.904,1.43706,1.43716,1.50,7.35
2011.08.10 07:26:32.240,1.43706,1.43713,1.50,4.13
2011.08.10 07:26:32.473,1.43708,1.43717,1.88,1.13
2011.08.10 07:26:33.691,1.4371,1.43718,1.50,5.85
2011.08.10 07:26:34.046,1.43711,1.4372,1.50,6.68
2011.08.10 07:26:34.167,1.43714,1.4372,1.13,3.30
2011.08.10 07:26:34.900,1.43722,1.43731,1.88,1.13
2011.08.10 07:26:35.024,1.4372,1.43727,9.38,1.50
2011.08.10 07:26:35.373,1.43714,1.4372,4.35,3.10
2011.08.10 07:26:35.498,1.43718,1.43725,2.85,2.25
2011.08.10 07:26:35.615,1.43719,1.43726,2.25,4.90
2011.08.10 07:26:35.975,1.43719,1.43725,1.13,3.75
2011.08.10 07:26:36.205,1.43716,1.43722,1.50,1.13
2011.08.10 07:26:36.432,1.43718,1.43725,3.75,3.75
2011.08.10 07:26:36.883,1.43721,1.43729,2.25,7.73
2011.08.10 07:26:38.110,1.43719,1.43728,2.18,3.23
2011.08.10 07:26:38.892,1.43719,1.43728,4.88,1.50
2011.08.10 07:26:39.013,1.43717,1.43723,4.50,2.10
2011.08.10 07:26:39.363,1.43712,1.4372,1.05,3.33
2011.08.10 07:26:39.488,1.43712,1.43719,1.05,1.13
2011.08.10 07:26:39.606,1.4371,1.43719,1.50,4.98
2011.08.10 07:26:39.723,1.43711,1.43719,1.13,1.23
2011.08.10 07:26:40.364,1.43714,1.43722,1.50,4.13
2011.08.10 07:26:40.704,1.43716,1.43724,1.13,1.13
2011.08.10 07:26:40.939,1.43716,1.43724,1.13,2.64
2011.08.10 07:26:41.491,1.43715,1.43723,1.13,1.89
2011.08.10 07:26:41.836,1.43714,1.43727,4.50,2.73
2011.08.10 07:26:41.955,1.43718,1.43725,1.50,1.50
2011.08.10 07:26:42.076,1.43719,1.43727,1.50,5.25
2011.08.10 07:26:42.688,1.43721,1.43728,1.50,1.13
2011.08.10 07:26:43.044,1.43731,1.43739,1.50,4.50
2011.08.10 07:26:43.163,1.4373,1.43739,1.50,5.25
2011.08.10 07:26:43.281,1.43731,1.43737,1.50,3.75
2011.08.10 07:26:44.170,1.43729,1.43737,1.88,4.88
2011.08.10 07:26:44.732,1.43727,1.43734,1.50,1.88
2011.08.10 07:26:45.291,1.43727,1.43734,1.50,1.50
2011.08.10 07:26:45.634,1.43727,1.43734,1.50,3.75
2011.08.10 07:26:46.192,1.43727,1.43736,1.35,3.38
2011.08.10 07:26:46.312,1.43731,1.43739,1.50,4.13
2011.08.10 07:26:46.434,1.43731,1.43737,1.50,4.88
2011.08.10 07:26:46.992,1.43728,1.43736,2.25,4.13
2011.08.10 07:26:47.996,1.43726,1.43734,1.50,4.35
2011.08.10 07:26:48.336,1.43728,1.43736,1.88,1.98
2011.08.10 07:26:48.453,1.43728,1.43736,1.13,1.23
2011.08.10 07:26:48.794,1.43726,1.43733,1.50,3.75
2011.08.10 07:26:49.578,1.43727,1.43735,1.50,1.13
2011.08.10 07:26:49.701,1.43727,1.43736,2.25,3.75
2011.08.10 07:26:49.822,1.43728,1.43738,1.13,4.88
2011.08.10 07:26:50.380,1.43731,1.43738,1.50,3.75
2011.08.10 07:26:50.942,1.43731,1.43739,3.75,4.13
2011.08.10 07:26:51.283,1.4373,1.43737,4.50,4.13
2011.08.10 07:26:51.731,1.43732,1.43739,1.50,6.75
2011.08.10 07:26:51.851,1.43731,1.43737,2.25,3.38
2011.08.10 07:26:52.082,1.4373,1.43736,1.50,4.13
2011.08.10 07:26:52.653,1.43727,1.43735,1.50,1.13
2011.08.10 07:26:53.211,1.43726,1.43735,1.88,1.73
2011.08.10 07:26:53.717,1.43726,1.43732,1.13,3.75
2011.08.10 07:26:53.846,1.43722,1.43731,1.88,1.13
2011.08.10 07:26:53.961,1.43722,1.43729,1.50,3.75
2011.08.10 07:26:54.416,1.43721,1.43731,2.25,7.73
2011.08.10 07:26:54.645,1.4372,1.43728,1.50,4.13
2011.08.10 07:26:55.204,1.4372,1.43728,1.50,4.13
2011.08.10 07:26:55.987,1.43714,1.43723,4.80,1.13
2011.08.10 07:26:56.108,1.43709,1.4372,7.42,1.13
2011.08.10 07:26:56.740,1.43708,1.43714,2.10,1.13
2011.08.10 07:26:57.425,1.43707,1.43712,3.60,1.13
2011.08.10 07:26:58.092,1.43705,1.43713,5.25,1.13
2011.08.10 07:26:58.213,1.43705,1.43713,5.63,1.13
2011.08.10 07:26:58.554,1.43704,1.43712,6.98,1.13
2011.08.10 07:26:59.113,1.43702,1.43708,2.63,1.13
2011.08.10 07:26:59.926,1.43698,1.43707,6.30,1.60
2011.08.10 07:27:00.492,1.43697,1.43705,6.30,1.13
2011.08.10 07:27:01.057,1.43699,1.43707,3.75,1.13
2011.08.10 07:27:01.615,1.43699,1.43708,1.73,1.50
2011.08.10 07:27:02.062,1.43699,1.43707,1.50,1.13
2011.08.10 07:27:02.185,1.43698,1.43704,6.30,2.10
2011.08.10 07:27:02.726,1.43698,1.43702,4.50,1.50
2011.08.10 07:27:02.861,1.4369,1.43699,8.63,1.50
2011.08.10 07:27:03.209,1.43694,1.43699,1.50,1.50
2011.08.10 07:27:03.545,1.43694,1.43705,3.75,1.60
2011.08.10 07:27:04.215,1.43695,1.43705,3.98,1.60
2011.08.10 07:27:04.336,1.43693,1.43702,1.50,2.25
2011.08.10 07:27:05.170,1.43691,1.43699,1.13,1.50
2011.08.10 07:27:05.733,1.43691,1.43699,1.13,1.13
2011.08.10 07:27:06.184,1.43688,1.43697,1.13,1.98
2011.08.10 07:27:06.308,1.43685,1.43693,1.50,1.13
2011.08.10 07:27:06.652,1.43685,1.43691,1.13,1.13
2011.08.10 07:27:07.322,1.43683,1.43691,1.13,1.13
2011.08.10 07:27:07.663,1.43683,1.4369,1.13,4.13
2011.08.10 07:27:08.401,1.43684,1.43692,1.13,1.13
2011.08.10 07:27:08.964,1.43683,1.4369,1.13,1.13
2011.08.10 07:27:09.416,1.43682,1.4369,2.25,1.88
2011.08.10 07:27:09.751,1.43681,1.43688,1.13,1.13
2011.08.10 07:27:10.094,1.4368,1.43687,2.25,1.50
2011.08.10 07:27:10.447,1.43671,1.43676,1.13,1.50
2011.08.10 07:27:10.907,1.43667,1.43675,2.63,1.98
2011.08.10 07:27:11.518,1.43663,1.43669,1.88,4.13
2011.08.10 07:27:11.637,1.43669,1.43674,2.10,1.13
2011.08.10 07:27:11.866,1.43668,1.43677,1.88,1.13
2011.08.10 07:27:11.987,1.43668,1.43676,1.50,4.88
2011.08.10 07:27:12.215,1.43667,1.43676,3.00,4.13
2011.08.10 07:27:12.552,1.43668,1.43678,1.88,4.88
2011.08.10 07:27:13.552,1.43669,1.43678,2.63,4.88
2011.08.10 07:27:14.112,1.43669,1.43678,1.88,4.88
2011.08.10 07:27:14.723,1.43666,1.43674,1.80,1.13
2011.08.10 07:27:15.171,1.43666,1.43675,3.20,4.50
2011.08.10 07:27:15.526,1.4367,1.43675,3.00,3.38
2011.08.10 07:27:15.648,1.43671,1.4368,6.38,1.88
2011.08.10 07:27:16.423,1.43672,1.43679,2.25,4.88
2011.08.10 07:27:16.762,1.43673,1.43682,1.50,4.88
2011.08.10 07:27:16.881,1.43672,1.4368,1.13,1.13
2011.08.10 07:27:17.111,1.43669,1.43678,1.88,1.13
2011.08.10 07:27:17.642,1.43669,1.43677,1.50,3.75
2011.08.10 07:27:18.200,1.43669,1.43678,1.50,4.88
2011.08.10 07:27:18.541,1.43672,1.4368,1.35,1.13
2011.08.10 07:27:18.785,1.43675,1.43684,2.48,1.88
2011.08.10 07:27:18.908,1.43677,1.43686,2.25,4.13
2011.08.10 07:27:19.028,1.43679,1.43688,4.88,1.13
2011.08.10 07:27:19.368,1.43684,1.4369,1.75,1.13
2011.08.10 07:27:19.722,1.43691,1.43696,2.25,4.05
2011.08.10 07:27:19.963,1.4369,1.437,4.50,1.43
2011.08.10 07:27:20.506,1.4369,1.437,2.25,1.13
2011.08.10 07:27:20.629,1.43688,1.43696,4.50,1.50
2011.08.10 07:27:20.977,1.43682,1.43688,2.18,3.75
2011.08.10 07:27:21.093,1.4368,1.43688,1.50,4.13
2011.08.10 07:27:21.324,1.43679,1.43688,1.50,2.25
2011.08.10 07:27:21.443,1.43679,1.43688,1.13,5.63
2011.08.10 07:27:21.780,1.43679,1.43686,1.13,4.13
2011.08.10 07:27:22.014,1.43677,1.43686,1.13,5.04
2011.08.10 07:27:22.573,1.43677,1.43686,1.50,2.79
2011.08.10 07:27:22.692,1.43676,1.43684,2.25,1.13
2011.08.10 07:27:23.479,1.43673,1.4368,3.38,4.13
2011.08.10 07:27:23.603,1.4368,1.43688,1.88,1.90
2011.08.10 07:27:23.722,1.43681,1.43688,1.88,1.05
2011.08.10 07:27:24.061,1.43681,1.43688,2.25,1.13
2011.08.10 07:27:24.292,1.43681,1.4369,3.00,9.38
2011.08.10 07:27:24.529,1.43685,1.43692,1.50,4.13
2011.08.10 07:27:24.644,1.43685,1.43694,1.88,1.50
2011.08.10 07:27:25.202,1.43683,1.43693,5.63,1.13
2011.08.10 07:27:25.762,1.43683,1.43692,1.88,1.13
2011.08.10 07:27:26.395,1.43684,1.43692,1.37,4.13
2011.08.10 07:27:26.639,1.43694,1.43701,1.13,3.75
2011.08.10 07:27:26.865,1.43692,1.437,4.50,1.13
2011.08.10 07:27:26.985,1.43694,1.43703,1.13,1.29
2011.08.10 07:27:27.434,1.43692,1.43702,1.88,5.04
2011.08.10 07:27:27.554,1.43691,1.437,1.50,6.00
2011.08.10 07:27:27.903,1.4369,1.43696,2.10,7.13
2011.08.10 07:27:28.022,1.4369,1.437,5.85,4.13
2011.08.10 07:27:28.144,1.43692,1.437,1.13,2.85
2011.08.10 07:27:28.264,1.4369,1.437,4.88,1.73
2011.08.10 07:27:28.495,1.43693,1.437,1.50,5.10
2011.08.10 07:27:28.724,1.43692,1.43702,1.13,5.79
2011.08.10 07:27:29.654,1.43693,1.43702,1.13,2.41
2011.08.10 07:27:30.325,1.43695,1.43704,1.50,5.41
2011.08.10 07:27:30.446,1.43695,1.43704,1.13,1.50
2011.08.10 07:27:30.890,1.43695,1.43703,1.50,4.13
2011.08.10 07:27:31.670,1.43695,1.43704,1.88,1.13
2011.08.10 07:27:31.796,1.43695,1.43703,4.50,1.50
2011.08.10 07:27:31.912,1.43692,1.437,1.13,1.13
2011.08.10 07:27:32.142,1.43693,1.43702,1.88,4.88
2011.08.10 07:27:32.949,1.43692,1.437,3.00,1.13
2011.08.10 07:27:33.309,1.43696,1.43705,1.50,3.75
2011.08.10 07:27:33.646,1.43698,1.43705,3.75,3.38
2011.08.10 07:27:33.767,1.43697,1.43707,5.63,1.13
2011.08.10 07:27:34.102,1.43697,1.43706,5.63,1.88
2011.08.10 07:27:34.456,1.43691,1.437,8.25,2.10
2011.08.10 07:27:34.804,1.43688,1.43696,7.50,1.35
2011.08.10 07:27:34.922,1.43688,1.43696,7.50,2.10
2011.08.10 07:27:35.508,1.43687,1.43691,3.75,1.50
2011.08.10 07:27:35.617,1.43678,1.43686,4.13,1.50
2011.08.10 07:27:35.843,1.43681,1.43688,1.35,2.25
2011.08.10 07:27:35.965,1.43685,1.4369,1.50,1.50
2011.08.10 07:27:36.303,1.43688,1.43696,1.13,1.13
2011.08.10 07:27:36.532,1.43688,1.43696,1.50,4.13
2011.08.10 07:27:36.870,1.43691,1.437,4.13,1.88
2011.08.10 07:27:37.322,1.43687,1.43695,4.13,3.00
2011.08.10 07:27:37.883,1.43687,1.43695,4.13,1.60
2011.08.10 07:27:38.478,1.43685,1.43694,1.88,1.23
2011.08.10 07:27:39.693,1.43688,1.43696,1.13,1.50
2011.08.10 07:27:40.263,1.43689,1.437,4.13,1.50
2011.08.10 07:27:40.493,1.43689,1.437,1.13,1.13
2011.08.10 07:27:41.974,1.43689,1.437,1.13,1.23
2011.08.10 07:27:42.095,1.43691,1.437,1.13,1.97
2011.08.10 07:27:42.650,1.4369,1.437,1.50,4.97
2011.08.10 07:27:43.662,1.43689,1.437,1.88,1.13
2011.08.10 07:27:44.220,1.43689,1.437,1.88,4.97
2011.08.10 07:27:44.784,1.43687,1.43695,2.78,1.13
2011.08.10 07:27:45.232,1.43686,1.43694,1.13,1.88
2011.08.10 07:27:45.791,1.43685,1.43694,1.13,3.98
2011.08.10 07:27:48.091,1.43683,1.43693,5.25,1.13
2011.08.10 07:27:49.090,1.43683,1.43692,1.50,1.13
2011.08.10 07:27:49.433,1.43684,1.43692,1.13,1.13
2011.08.10 07:27:49.661,1.43685,1.43694,1.13,2.35
2011.08.10 07:27:50.220,1.43684,1.43694,5.63,1.13
2011.08.10 07:27:50.780,1.43684,1.43693,1.88,1.13
2011.08.10 07:27:51.785,1.43681,1.43688,1.13,1.13
2011.08.10 07:27:52.123,1.4368,1.43688,1.13,1.88
2011.08.10 07:27:52.630,1.43681,1.43688,1.13,1.13
2011.08.10 07:27:52.755,1.43681,1.4369,2.25,1.13
2011.08.10 07:27:53.755,1.43682,1.43691,4.13,3.60
2011.08.10 07:27:53.871,1.43681,1.4369,1.88,1.13
2011.08.10 07:27:54.438,1.43686,1.43692,2.10,1.97
2011.08.10 07:27:54.794,1.43695,1.43699,1.50,3.75
2011.08.10 07:27:55.159,1.437,1.43704,1.50,3.38
2011.08.10 07:27:55.650,1.43697,1.43701,1.50,3.38
2011.08.10 07:27:55.774,1.437,1.43706,4.50,4.13
2011.08.10 07:27:56.553,1.437,1.43709,7.13,1.73
2011.08.10 07:27:57.235,1.43702,1.43709,5.63,1.13
2011.08.10 07:27:57.572,1.43703,1.43711,4.13,1.50
2011.08.10 07:27:58.133,1.43702,1.43711,1.13,1.88
2011.08.10 07:27:58.693,1.43704,1.43711,1.50,1.13
2011.08.10 07:27:59.352,1.43703,1.43712,5.63,1.73
2011.08.10 07:27:59.479,1.43702,1.43711,3.38,1.88
2011.08.10 07:28:00.034,1.43704,1.43711,1.50,1.88
2011.08.10 07:28:00.374,1.43704,1.4371,1.50,2.25
2011.08.10 07:28:00.931,1.43701,1.4371,2.63,2.63
2011.08.10 07:28:01.600,1.43703,1.4371,1.50,2.63
2011.08.10 07:28:01.726,1.43706,1.4371,3.60,1.13
2011.08.10 07:28:02.074,1.43711,1.43715,1.50,3.75
2011.08.10 07:28:02.906,1.43712,1.43719,2.25,1.13
2011.08.10 07:28:03.252,1.43715,1.43721,1.13,1.13
2011.08.10 07:28:03.381,1.43725,1.43731,2.10,6.90
2011.08.10 07:28:03.510,1.43725,1.43731,2.10,3.75
2011.08.10 07:28:03.638,1.43728,1.43735,2.85,4.13
2011.08.10 07:28:03.752,1.43729,1.43737,2.85,4.88
2011.08.10 07:28:03.984,1.43732,1.43742,1.50,6.60
2011.08.10 07:28:04.543,1.4373,1.43741,2.25,2.55
2011.08.10 07:28:04.773,1.4373,1.43738,2.25,3.68
2011.08.10 07:28:05.405,1.43731,1.4374,1.13,1.35
2011.08.10 07:28:06.731,1.43731,1.4374,1.43,1.80
2011.08.10 07:28:07.291,1.4373,1.43738,5.03,1.50
2011.08.10 07:28:07.855,1.43728,1.43733,4.99,2.55
2011.08.10 07:28:07.977,1.43726,1.43731,3.75,1.21
2011.08.10 07:28:08.092,1.43726,1.43733,3.75,2.10
2011.08.10 07:28:08.323,1.43723,1.43732,1.43,4.43
2011.08.10 07:28:08.971,1.43722,1.43732,5.63,1.05
2011.08.10 07:28:09.093,1.43722,1.43731,4.88,1.50
2011.08.10 07:28:09.654,1.43722,1.43728,4.50,1.50
2011.08.10 07:28:09.777,1.43714,1.43723,13.42,1.50
2011.08.10 07:28:09.893,1.43717,1.43727,1.65,1.50
2011.08.10 07:28:10.013,1.43718,1.43726,1.50,2.64
2011.08.10 07:28:10.135,1.43714,1.43721,4.80,1.50
2011.08.10 07:28:10.473,1.43712,1.43721,8.25,1.50
2011.08.10 07:28:11.030,1.43713,1.43721,4.13,1.50
2011.08.10 07:28:11.371,1.43713,1.43721,3.75,1.50
2011.08.10 07:28:12.191,1.4371,1.43719,1.50,2.25
2011.08.10 07:28:12.316,1.43705,1.43712,4.13,1.50
2011.08.10 07:28:12.437,1.43703,1.43712,6.75,1.50
2011.08.10 07:28:12.991,1.43703,1.43712,4.50,1.50
2011.08.10 07:28:13.555,1.43703,1.43712,4.50,2.10
2011.08.10 07:28:13.785,1.43703,1.43709,1.13,2.10
2011.08.10 07:28:13.905,1.43699,1.43706,3.75,1.50
2011.08.10 07:28:14.246,1.43695,1.43703,4.50,1.35
2011.08.10 07:28:14.691,1.43694,1.43702,7.50,1.50
2011.08.10 07:28:15.265,1.43697,1.43705,4.50,1.05
2011.08.10 07:28:15.902,1.43699,1.43707,4.13,2.10
2011.08.10 07:28:16.031,1.43694,1.43702,4.13,1.50
2011.08.10 07:28:16.700,1.43694,1.43702,6.38,1.50
2011.08.10 07:28:16.934,1.43696,1.43703,5.25,1.50
2011.08.10 07:28:17.382,1.43693,1.43702,2.25,1.50
2011.08.10 07:28:17.504,1.43694,1.43701,4.50,1.50
2011.08.10 07:28:17.731,1.43692,1.43699,5.25,1.50
2011.08.10 07:28:18.291,1.43693,1.43699,3.75,1.50
2011.08.10 07:28:18.412,1.43691,1.43699,3.75,1.50
2011.08.10 07:28:18.533,1.43691,1.43698,4.50,1.35
2011.08.10 07:28:20.312,1.43691,1.43697,3.75,2.25
2011.08.10 07:28:20.435,1.43687,1.43694,1.50,1.35
2011.08.10 07:28:20.793,1.43686,1.43694,4.13,2.10
2011.08.10 07:28:20.917,1.43687,1.43696,1.13,2.63
2011.08.10 07:28:21.031,1.4369,1.43696,3.38,1.50
2011.08.10 07:28:21.373,1.43688,1.43694,1.88,1.13
2011.08.10 07:28:21.494,1.43689,1.43698,1.13,1.88
2011.08.10 07:28:21.614,1.4369,1.43694,3.75,1.50
2011.08.10 07:28:21.954,1.43685,1.43693,4.13,1.50
2011.08.10 07:28:22.400,1.43683,1.43692,1.13,1.88
2011.08.10 07:28:22.631,1.43684,1.43691,4.13,1.50
2011.08.10 07:28:23.557,1.43686,1.43695,4.13,2.25
2011.08.10 07:28:23.898,1.43683,1.43692,1.88,1.13
2011.08.10 07:28:24.451,1.43683,1.43692,1.13,1.88
2011.08.10 07:28:25.783,1.43683,1.43692,1.13,1.13
2011.08.10 07:28:26.341,1.43682,1.43691,1.88,1.13
2011.08.10 07:28:26.963,1.43684,1.43693,4.13,1.13
2011.08.10 07:28:27.086,1.43686,1.43694,1.13,1.13
2011.08.10 07:28:28.671,1.43687,1.43696,1.13,2.48
2011.08.10 07:28:29.782,1.43686,1.43694,3.38,1.13
2011.08.10 07:28:30.122,1.43685,1.43694,1.50,4.88
2011.08.10 07:28:30.681,1.43684,1.43692,1.13,1.13
2011.08.10 07:28:31.828,1.43685,1.43693,1.13,1.13
2011.08.10 07:28:32.491,1.43686,1.43694,5.25,1.13
2011.08.10 07:28:32.726,1.43686,1.43694,1.88,1.73
2011.08.10 07:28:32.954,1.43689,1.43694,1.50,1.35
2011.08.10 07:28:33.514,1.43686,1.43695,4.88,1.35
2011.08.10 07:28:33.977,1.43683,1.43691,1.13,3.60
2011.08.10 07:28:34.326,1.43678,1.43685,1.13,5.25
2011.08.10 07:28:35.212,1.43676,1.43685,4.88,1.50
2011.08.10 07:28:35.335,1.43666,1.43674,1.50,1.13
2011.08.10 07:28:35.566,1.43666,1.43675,4.13,1.50
2011.08.10 07:28:35.680,1.43665,1.43674,1.13,1.13
2011.08.10 07:28:36.241,1.43666,1.43674,4.13,2.10
2011.08.10 07:28:36.475,1.43664,1.43673,4.88,1.88
2011.08.10 07:28:37.037,1.43664,1.43673,1.88,1.13
2011.08.10 07:28:37.154,1.43665,1.43674,4.13,1.50
2011.08.10 07:28:37.943,1.43664,1.43674,7.13,2.10
2011.08.10 07:28:38.070,1.43664,1.43673,1.88,1.13
2011.08.10 07:28:38.632,1.43664,1.43673,1.88,1.88
2011.08.10 07:28:39.190,1.43664,1.43672,1.50,1.13
2011.08.10 07:28:39.863,1.43664,1.43673,5.10,4.13
2011.08.10 07:28:39.982,1.43667,1.43673,1.50,3.75
2011.08.10 07:28:40.324,1.43677,1.43683,1.50,4.88
2011.08.10 07:28:40.444,1.43679,1.43685,1.50,1.13
2011.08.10 07:28:40.781,1.43683,1.43688,3.00,3.38
2011.08.10 07:28:41.429,1.43683,1.43692,2.63,1.13
2011.08.10 07:28:41.873,1.43685,1.43692,4.13,1.50
2011.08.10 07:28:42.237,1.4369,1.43696,1.88,1.50
2011.08.10 07:28:42.356,1.43691,1.43698,4.88,1.50
2011.08.10 07:28:42.601,1.43693,1.43702,1.88,1.13
2011.08.10 07:28:43.655,1.43692,1.43702,3.38,4.13
2011.08.10 07:28:43.795,1.43691,1.437,6.00,4.88
2011.08.10 07:28:44.146,1.43687,1.43695,1.13,2.44
2011.08.10 07:28:44.492,1.43683,1.43689,3.75,2.10
2011.08.10 07:28:44.612,1.43683,1.43689,3.38,2.48
2011.08.10 07:28:44.733,1.4368,1.43689,1.88,2.85
2011.08.10 07:28:45.073,1.4368,1.43688,1.50,4.13
2011.08.10 07:28:45.303,1.4368,1.43689,1.88,1.88
2011.08.10 07:28:45.753,1.4368,1.43687,4.50,1.13
2011.08.10 07:28:45.873,1.43678,1.43687,1.43,1.13
2011.08.10 07:28:46.833,1.4368,1.43692,1.88,4.98
2011.08.10 07:28:46.960,1.43685,1.4369,2.25,4.50
2011.08.10 07:28:47.093,1.43692,1.43696,1.50,3.38
2011.08.10 07:28:47.452,1.43696,1.43701,1.50,3.98
2011.08.10 07:28:47.697,1.43697,1.43703,1.50,4.13
2011.08.10 07:28:47.817,1.437,1.43705,1.50,5.25
2011.08.10 07:28:48.044,1.43699,1.43707,2.63,1.13
2011.08.10 07:28:48.288,1.43699,1.43709,3.38,4.13
2011.08.10 07:28:49.045,1.43701,1.4371,1.88,1.88
2011.08.10 07:28:49.283,1.43698,1.43706,6.75,2.25
2011.08.10 07:28:49.637,1.43699,1.43703,1.80,1.88
2011.08.10 07:28:49.758,1.43695,1.43704,2.25,1.88
2011.08.10 07:28:50.106,1.43694,1.43702,2.63,1.50
2011.08.10 07:28:50.445,1.43693,1.43701,5.33,1.88
2011.08.10 07:28:50.564,1.43691,1.437,1.50,1.50
2011.08.10 07:28:50.689,1.43691,1.43697,3.75,3.15
2011.08.10 07:28:51.325,1.4369,1.43694,2.10,3.38
2011.08.10 07:28:51.458,1.43679,1.43686,2.85,4.13
2011.08.10 07:28:51.795,1.43681,1.4369,1.88,1.13
2011.08.10 07:28:52.353,1.43681,1.43691,1.88,5.04
2011.08.10 07:28:52.923,1.43681,1.4369,1.13,1.13
2011.08.10 07:28:53.045,1.4368,1.43689,1.50,4.13
2011.08.10 07:28:54.815,1.43682,1.4369,1.50,2.25
2011.08.10 07:28:54.937,1.43684,1.43691,1.50,4.29
2011.08.10 07:28:55.052,1.43684,1.43693,1.50,8.25
2011.08.10 07:28:55.176,1.43684,1.43691,2.25,4.13
2011.08.10 07:28:55.403,1.43685,1.43693,5.25,7.50
2011.08.10 07:28:55.966,1.43683,1.43693,2.63,4.50
2011.08.10 07:28:56.079,1.43683,1.43693,6.00,1.13
2011.08.10 07:28:56.422,1.43683,1.43692,1.13,5.63
2011.08.10 07:28:57.575,1.43683,1.43692,5.63,4.13
2011.08.10 07:28:57.703,1.43684,1.43693,1.13,3.23
2011.08.10 07:28:57.933,1.43683,1.43691,1.50,1.13
2011.08.10 07:28:58.287,1.43685,1.43692,1.88,1.80
2011.08.10 07:28:58.622,1.43687,1.43693,3.00,3.38
2011.08.10 07:28:58.744,1.43688,1.43695,2.25,4.13
2011.08.10 07:28:59.084,1.43688,1.43698,1.88,4.88
2011.08.10 07:28:59.202,1.43691,1.43698,2.25,4.13
2011.08.10 07:28:59.434,1.43692,1.437,1.50,4.13
2011.08.10 07:29:00.225,1.43693,1.43701,1.50,3.75
2011.08.10 07:29:00.353,1.43694,1.43703,2.25,4.13
2011.08.10 07:29:01.134,1.43697,1.43702,4.50,3.75
2011.08.10 07:29:01.254,1.43697,1.43704,3.75,1.13
2011.08.10 07:29:01.376,1.43697,1.43707,1.13,2.35
2011.08.10 07:29:01.965,1.43705,1.43714,3.00,3.75
2011.08.10 07:29:02.189,1.43706,1.43715,1.13,1.88
2011.08.10 07:29:03.275,1.43717,1.43722,2.25,3.75
2011.08.10 07:29:03.610,1.43717,1.43724,1.50,4.13
2011.08.10 07:29:04.063,1.43718,1.43727,2.25,4.88
2011.08.10 07:29:05.282,1.43719,1.43727,1.50,4.13
2011.08.10 07:29:05.404,1.43719,1.43729,3.38,4.13
2011.08.10 07:29:05.526,1.43719,1.43728,2.63,1.13
2011.08.10 07:29:06.945,1.43719,1.43727,1.13,2.25
2011.08.10 07:29:07.390,1.43719,1.43726,4.88,2.85
2011.08.10 07:29:07.845,1.43716,1.43725,1.88,4.50
2011.08.10 07:29:08.401,1.43714,1.43723,2.25,1.13
2011.08.10 07:29:10.724,1.43715,1.43721,1.13,2.10
2011.08.10 07:29:10.951,1.43712,1.4372,1.43,1.13
2011.08.10 07:29:11.624,1.43711,1.43718,1.05,1.13
2011.08.10 07:29:12.182,1.4371,1.43718,1.13,1.13
2011.08.10 07:29:13.074,1.43709,1.43717,5.18,2.10
2011.08.10 07:29:13.193,1.43709,1.43716,1.05,1.13
2011.08.10 07:29:14.616,1.43706,1.43715,2.93,1.13
2011.08.10 07:29:14.735,1.43708,1.43717,1.13,1.13
2011.08.10 07:29:15.291,1.43708,1.43716,1.13,1.13
2011.08.10 07:29:16.865,1.43709,1.43717,1.13,1.88
2011.08.10 07:29:17.664,1.43707,1.43717,3.75,3.98
2011.08.10 07:29:17.780,1.43706,1.43715,1.50,1.13
2011.08.10 07:29:18.455,1.43697,1.43704,1.13,1.50
2011.08.10 07:29:19.013,1.43696,1.43703,1.13,1.50
2011.08.10 07:29:21.203,1.43695,1.43703,4.50,1.50
2011.08.10 07:29:21.437,1.43694,1.43702,1.13,1.50
2011.08.10 07:29:21.775,1.43692,1.43701,1.13,2.48
2011.08.10 07:29:22.338,1.4369,1.437,4.88,2.63
2011.08.10 07:29:22.455,1.4369,1.43696,3.75,1.50
2011.08.10 07:29:22.576,1.43687,1.43694,1.50,1.50
2011.08.10 07:29:22.692,1.43687,1.43694,1.13,1.50
2011.08.10 07:29:23.034,1.43685,1.4369,1.13,1.13
2011.08.10 07:29:23.374,1.43677,1.43685,1.50,1.50
2011.08.10 07:29:23.493,1.43678,1.43685,4.50,2.10
2011.08.10 07:29:24.095,1.43679,1.43687,1.13,1.88
2011.08.10 07:29:26.191,1.43679,1.43687,1.13,1.88
2011.08.10 07:29:26.425,1.4368,1.43689,1.50,3.75
2011.08.10 07:29:26.787,1.43683,1.43689,2.10,1.13
2011.08.10 07:29:26.908,1.43684,1.43691,4.35,1.50
2011.08.10 07:29:27.460,1.43686,1.43692,1.35,1.13
2011.08.10 07:29:27.605,1.43686,1.43694,1.35,1.13
2011.08.10 07:29:28.381,1.43687,1.43695,1.50,1.13
2011.08.10 07:29:28.612,1.43688,1.43697,1.13,4.50
2011.08.10 07:29:29.172,1.4369,1.43697,1.13,4.13
2011.08.10 07:29:31.035,1.43691,1.43698,1.35,1.13
2011.08.10 07:29:31.266,1.43691,1.437,2.10,4.88
2011.08.10 07:29:31.823,1.43693,1.43701,2.85,1.13
2011.08.10 07:29:32.394,1.43693,1.43703,1.13,1.13
2011.08.10 07:29:32.732,1.43695,1.43704,4.88,1.50
2011.08.10 07:29:33.075,1.43698,1.43704,3.75,1.50
2011.08.10 07:29:33.194,1.43706,1.43714,1.13,1.50
2011.08.10 07:29:33.776,1.43706,1.43714,1.13,1.50
2011.08.10 07:29:34.238,1.43703,1.43709,1.50,1.13
2011.08.10 07:29:35.232,1.43703,1.4371,1.13,1.50
2011.08.10 07:29:36.012,1.43703,1.43711,4.88,1.50
2011.08.10 07:29:36.243,1.43705,1.43713,1.13,1.43
2011.08.10 07:29:36.365,1.43709,1.43715,2.25,1.13
2011.08.10 07:29:36.714,1.43714,1.43722,4.13,1.50
2011.08.10 07:29:37.055,1.43716,1.43724,4.13,1.50
2011.08.10 07:29:37.866,1.43717,1.43725,1.13,1.88
2011.08.10 07:29:38.422,1.43717,1.43725,1.13,1.50
2011.08.10 07:29:39.010,1.43719,1.43725,2.25,5.25
2011.08.10 07:29:39.127,1.4372,1.43726,1.35,1.96
2011.08.10 07:29:39.245,1.43721,1.43728,2.25,1.50
2011.08.10 07:29:39.473,1.43722,1.43729,1.13,1.50
2011.08.10 07:29:40.042,1.43723,1.4373,1.13,1.50
2011.08.10 07:29:41.429,1.43722,1.43734,4.88,1.50
2011.08.10 07:29:41.566,1.43725,1.43734,1.13,4.80
2011.08.10 07:29:41.681,1.43726,1.43735,4.88,0.30
2011.08.10 07:29:42.355,1.43728,1.43736,1.13,1.30
2011.08.10 07:29:42.915,1.43731,1.43735,9.53,1.50
2011.08.10 07:29:43.036,1.43731,1.43737,1.05,1.29
2011.08.10 07:29:43.155,1.43736,1.43748,1.50,1.01
2011.08.10 07:29:43.278,1.43734,1.43744,1.13,1.60
2011.08.10 07:29:43.511,1.43735,1.43742,1.50,1.66
2011.08.10 07:29:43.634,1.43734,1.43744,6.75,1.50
2011.08.10 07:29:44.188,1.43734,1.43744,4.88,1.66
2011.08.10 07:29:44.762,1.43734,1.43744,1.13,1.60
2011.08.10 07:29:44.884,1.43732,1.43742,3.00,1.29
2011.08.10 07:29:45.553,1.43732,1.43742,1.88,2.13
2011.08.10 07:29:45.893,1.43733,1.43742,1.50,1.73
2011.08.10 07:29:46.235,1.43725,1.43732,5.63,2.48
2011.08.10 07:29:46.355,1.43723,1.43729,4.05,1.35
2011.08.10 07:29:46.478,1.43716,1.43721,1.50,2.25
2011.08.10 07:29:46.593,1.43709,1.43716,7.20,1.50
2011.08.10 07:29:47.196,1.43709,1.43715,1.50,2.25
2011.08.10 07:29:47.314,1.43708,1.43713,1.88,1.50
2011.08.10 07:29:47.655,1.43705,1.43713,3.68,2.85
2011.08.10 07:29:47.990,1.43702,1.43711,1.05,2.10
2011.08.10 07:29:48.232,1.43701,1.4371,1.05,1.50
2011.08.10 07:29:48.356,1.43701,1.43711,1.80,1.88
2011.08.10 07:29:48.477,1.43701,1.4371,1.05,3.60
2011.08.10 07:29:48.596,1.43701,1.4371,1.05,2.25
2011.08.10 07:29:49.586,1.43701,1.43711,1.80,1.13
2011.08.10 07:29:49.928,1.4371,1.43718,1.50,3.91
2011.08.10 07:29:50.047,1.43711,1.4372,1.05,2.25
2011.08.10 07:29:50.388,1.43712,1.4372,1.05,1.50
2011.08.10 07:29:50.726,1.43709,1.4372,1.50,2.63
2011.08.10 07:29:51.067,1.43713,1.43721,1.50,4.29
2011.08.10 07:29:51.407,1.43712,1.43721,1.50,1.29
2011.08.10 07:29:52.174,1.43713,1.43723,1.35,2.04
2011.08.10 07:29:52.300,1.43712,1.43718,4.43,1.50
2011.08.10 07:29:52.427,1.4371,1.43716,3.68,1.50
2011.08.10 07:29:52.549,1.43707,1.43716,1.50,1.88
2011.08.10 07:29:53.906,1.43708,1.43717,1.05,1.13
2011.08.10 07:29:54.465,1.43708,1.43716,4.35,1.13
2011.08.10 07:29:54.585,1.4371,1.43717,3.68,1.50
2011.08.10 07:29:54.704,1.43707,1.43717,6.60,1.88
2011.08.10 07:29:55.532,1.4371,1.43718,1.65,4.80
2011.08.10 07:29:55.899,1.43712,1.43719,1.35,4.13
2011.08.10 07:29:56.015,1.43714,1.4372,1.05,1.13
2011.08.10 07:29:56.134,1.43714,1.43723,4.73,1.50
2011.08.10 07:29:56.362,1.43715,1.43724,1.05,1.13
2011.08.10 07:29:56.484,1.43718,1.43724,4.43,2.10
2011.08.10 07:29:56.829,1.43721,1.43729,5.03,4.35
2011.08.10 07:29:56.946,1.43721,1.43727,1.65,1.50
2011.08.10 07:29:57.282,1.43719,1.43725,3.38,1.60
2011.08.10 07:29:57.945,1.43717,1.43724,1.05,1.13
2011.08.10 07:29:58.048,1.43713,1.43717,1.35,4.50
2011.08.10 07:29:58.398,1.4372,1.43729,3.75,1.50
2011.08.10 07:29:58.630,1.43724,1.4373,1.50,3.38
2011.08.10 07:29:58.741,1.43724,1.43733,1.50,4.88
2011.08.10 07:29:58.974,1.43723,1.43731,1.50,4.13
2011.08.10 07:29:59.536,1.43724,1.43732,1.50,4.13
2011.08.10 07:30:00.718,1.43729,1.43738,1.05,1.13
2011.08.10 07:30:00.834,1.4373,1.43737,3.00,1.13
2011.08.10 07:30:01.185,1.43736,1.43741,2.25,3.75
2011.08.10 07:30:01.307,1.43735,1.43744,3.75,4.13
2011.08.10 07:30:01.537,1.43734,1.43744,2.55,4.88
2011.08.10 07:30:01.989,1.43731,1.43738,1.05,4.13
2011.08.10 07:30:02.109,1.4373,1.43736,1.50,4.88
2011.08.10 07:30:02.233,1.43727,1.43736,1.80,6.38
2011.08.10 07:30:02.476,1.43729,1.43734,5.63,1.13
2011.08.10 07:30:03.188,1.43738,1.43743,1.13,3.38
2011.08.10 07:30:03.323,1.43728,1.43735,1.05,3.75
2011.08.10 07:30:03.446,1.43725,1.43735,2.25,4.88
2011.08.10 07:30:03.782,1.43727,1.43736,1.13,1.88
2011.08.10 07:30:04.341,1.43727,1.43736,1.13,2.63
2011.08.10 07:30:04.573,1.43726,1.43732,4.13,1.50
2011.08.10 07:30:04.695,1.43724,1.43733,4.13,1.50
2011.08.10 07:30:04.817,1.43723,1.43732,1.50,1.88
2011.08.10 07:30:05.484,1.43722,1.43731,1.13,1.13
2011.08.10 07:30:06.205,1.43725,1.4373,2.10,1.05
2011.08.10 07:30:06.436,1.43727,1.43736,1.50,4.13
2011.08.10 07:30:06.667,1.4373,1.43738,3.75,4.50
2011.08.10 07:30:07.003,1.4373,1.43736,3.38,1.50
2011.08.10 07:30:07.130,1.43726,1.43735,4.88,1.50
2011.08.10 07:30:07.363,1.43726,1.43734,1.13,1.13
2011.08.10 07:30:07.927,1.43723,1.43733,9.38,1.13
2011.08.10 07:30:08.043,1.43723,1.43732,2.25,1.13
2011.08.10 07:30:08.165,1.43724,1.43733,1.13,1.13
2011.08.10 07:30:08.827,1.43723,1.43733,4.88,1.88
2011.08.10 07:30:09.284,1.43724,1.43732,4.50,1.13
2011.08.10 07:30:09.622,1.4373,1.43738,3.75,1.50
2011.08.10 07:30:10.072,1.4373,1.43738,1.13,1.88
2011.08.10 07:30:10.193,1.4373,1.43736,1.13,2.10
2011.08.10 07:30:10.533,1.43728,1.43733,3.38,1.73
2011.08.10 07:30:10.764,1.43725,1.43733,3.75,1.13
2011.08.10 07:30:10.887,1.43723,1.43733,7.50,1.13
2011.08.10 07:30:11.775,1.43724,1.43734,6.97,1.88
2011.08.10 07:30:12.759,1.43726,1.43735,3.75,1.50
2011.08.10 07:30:13.100,1.43724,1.43734,7.35,1.88
2011.08.10 07:30:14.875,1.43723,1.43732,1.50,4.88
2011.08.10 07:30:14.999,1.43723,1.43732,1.88,1.13
2011.08.10 07:30:15.118,1.43723,1.43732,1.50,5.63
2011.08.10 07:30:15.454,1.43721,1.4373,1.13,7.23
2011.08.10 07:30:16.245,1.43721,1.43729,1.13,4.13
2011.08.10 07:30:16.806,1.4372,1.43729,1.88,4.13
2011.08.10 07:30:17.803,1.43724,1.43735,1.13,2.63
2011.08.10 07:30:17.926,1.43724,1.43735,2.77,6.38
2011.08.10 07:30:18.046,1.43722,1.43731,4.50,1.13
2011.08.10 07:30:18.164,1.43723,1.43734,4.88,1.50
2011.08.10 07:30:18.286,1.43723,1.43734,1.13,4.88
2011.08.10 07:30:18.402,1.43724,1.43734,3.75,1.13
2011.08.10 07:30:18.524,1.43723,1.43734,1.13,4.88
2011.08.10 07:30:18.860,1.43724,1.43734,4.50,1.13
2011.08.10 07:30:19.092,1.43724,1.43734,1.88,4.88
2011.08.10 07:30:19.432,1.43724,1.43732,1.88,1.13
2011.08.10 07:30:20.062,1.43722,1.43731,2.25,2.25
2011.08.10 07:30:20.193,1.43721,1.43729,4.43,3.48
2011.08.10 07:30:20.532,1.43719,1.43728,1.50,1.23
2011.08.10 07:30:21.108,1.43711,1.4372,3.75,5.73
2011.08.10 07:30:21.444,1.43713,1.43721,4.50,1.23
2011.08.10 07:30:21.570,1.43717,1.43724,1.50,5.18
2011.08.10 07:30:22.285,1.43718,1.43725,1.50,5.93
2011.08.10 07:30:22.416,1.43721,1.43727,2.25,3.75
2011.08.10 07:30:22.647,1.43719,1.43725,1.13,3.38
2011.08.10 07:30:22.763,1.4372,1.4373,3.75,3.85
2011.08.10 07:30:22.882,1.43718,1.43728,1.13,4.88
2011.08.10 07:30:23.004,1.43719,1.43728,1.13,1.13
2011.08.10 07:30:23.453,1.43718,1.43727,1.13,1.29
2011.08.10 07:30:24.012,1.43716,1.43725,1.88,1.13
2011.08.10 07:30:24.462,1.43715,1.43723,5.25,4.13
2011.08.10 07:30:24.588,1.43716,1.43726,7.13,4.13
2011.08.10 07:30:25.596,1.43716,1.4372,4.50,1.50
2011.08.10 07:30:25.948,1.43712,1.43719,1.50,4.13
2011.08.10 07:30:26.724,1.43711,1.43719,1.50,4.13
2011.08.10 07:30:26.952,1.43709,1.43717,1.50,1.13
2011.08.10 07:30:27.078,1.43708,1.43716,2.63,4.13
2011.08.10 07:30:27.642,1.43706,1.43716,1.88,4.88
2011.08.10 07:30:29.011,1.437,1.43708,2.25,4.13
2011.08.10 07:30:29.246,1.43705,1.4371,1.50,4.50
2011.08.10 07:30:29.597,1.43705,1.4371,1.50,1.13
2011.08.10 07:30:29.715,1.43702,1.43709,4.35,3.90
2011.08.10 07:30:30.067,1.43703,1.43709,1.50,3.75
2011.08.10 07:30:30.188,1.43702,1.43709,1.73,4.13
2011.08.10 07:30:30.304,1.43699,1.43707,1.50,1.13
2011.08.10 07:30:30.426,1.43698,1.43705,2.25,1.13
2011.08.10 07:30:31.042,1.43695,1.437,1.13,1.13
2011.08.10 07:30:31.605,1.43692,1.437,2.48,1.88
2011.08.10 07:30:31.722,1.43691,1.437,5.25,1.33
2011.08.10 07:30:31.844,1.43692,1.43699,2.85,1.33
2011.08.10 07:30:32.296,1.43692,1.437,1.13,1.33
2011.08.10 07:30:32.852,1.43691,1.437,1.50,4.33
2011.08.10 07:30:33.606,1.43696,1.43701,3.75,4.35
2011.08.10 07:30:33.835,1.43693,1.43701,4.13,1.50
2011.08.10 07:30:33.956,1.43688,1.43697,1.50,4.13
2011.08.10 07:30:34.076,1.43689,1.43698,1.50,5.13
2011.08.10 07:30:34.415,1.43685,1.43694,1.13,1.13
2011.08.10 07:30:34.867,1.43687,1.43696,1.88,1.13
2011.08.10 07:30:35.095,1.43686,1.43695,4.13,4.00
2011.08.10 07:30:35.214,1.43684,1.43694,8.63,1.88
2011.08.10 07:30:35.760,1.43684,1.43691,6.60,3.85
2011.08.10 07:30:36.356,1.43682,1.43692,1.13,5.03
2011.08.10 07:30:36.472,1.43681,1.4369,2.10,4.13
2011.08.10 07:30:37.034,1.43681,1.4369,1.50,4.28
2011.08.10 07:30:37.275,1.43678,1.43688,1.88,5.03
2011.08.10 07:30:37.503,1.43678,1.43687,1.13,1.28
2011.08.10 07:30:37.627,1.43676,1.43686,1.13,4.53
2011.08.10 07:30:38.074,1.43675,1.43685,1.13,5.78
2011.08.10 07:30:38.703,1.43677,1.43685,2.25,4.23
2011.08.10 07:30:39.076,1.43687,1.43694,1.50,5.03
2011.08.10 07:30:39.192,1.43683,1.43688,1.13,1.15
2011.08.10 07:30:39.756,1.43678,1.43687,4.35,2.18
2011.08.10 07:30:39.873,1.4368,1.43687,3.75,2.10
2011.08.10 07:30:39.993,1.43678,1.43687,7.50,2.10
2011.08.10 07:30:40.113,1.43676,1.43686,8.63,1.43
2011.08.10 07:30:40.234,1.43681,1.43688,4.50,3.48
2011.08.10 07:30:40.907,1.43679,1.43685,4.50,1.28
2011.08.10 07:30:41.396,1.43674,1.43684,1.13,1.43
2011.08.10 07:30:41.515,1.43678,1.43685,1.35,4.73
2011.08.10 07:30:41.635,1.43676,1.43685,1.88,1.58
2011.08.10 07:30:41.752,1.43677,1.43686,4.13,2.50
2011.08.10 07:30:42.205,1.43677,1.43685,4.50,4.80
2011.08.10 07:30:42.432,1.43677,1.43685,2.25,5.18
2011.08.10 07:30:42.884,1.43675,1.43685,1.13,5.33
2011.08.10 07:30:43.807,1.43674,1.43684,1.13,6.53
2011.08.10 07:30:44.153,1.43672,1.43682,3.38,4.13
2011.08.10 07:30:44.382,1.43673,1.43682,1.50,4.43
2011.08.10 07:30:44.940,1.43672,1.43681,3.75,4.13
2011.08.10 07:30:45.173,1.43675,1.43683,1.13,4.13
2011.08.10 07:30:45.293,1.43675,1.43684,4.88,1.43
2011.08.10 07:30:45.412,1.43676,1.43684,1.50,1.13
2011.08.10 07:30:45.973,1.43677,1.43685,1.13,1.13
2011.08.10 07:30:46.551,1.43676,1.43684,1.50,4.50
2011.08.10 07:30:46.686,1.43673,1.43682,1.88,3.75
2011.08.10 07:30:47.022,1.43674,1.43684,1.88,4.80
2011.08.10 07:30:47.254,1.43675,1.43685,3.38,1.43
2011.08.10 07:30:47.376,1.43677,1.43686,2.63,1.43
2011.08.10 07:30:47.822,1.43675,1.43686,1.88,5.10
2011.08.10 07:30:48.275,1.43678,1.43687,1.13,1.05
2011.08.10 07:30:48.393,1.43679,1.43688,1.13,2.10
2011.08.10 07:30:48.513,1.4368,1.4369,4.50,1.73
2011.08.10 07:30:49.072,1.43682,1.43691,1.13,2.18
2011.08.10 07:30:49.414,1.43684,1.43692,3.75,3.75
2011.08.10 07:30:50.031,1.43688,1.43699,1.13,1.50
2011.08.10 07:30:50.266,1.43688,1.43693,2.25,1.20
2011.08.10 07:30:50.606,1.43684,1.4369,4.28,1.20
2011.08.10 07:30:50.728,1.4368,1.43686,3.75,1.50
2011.08.10 07:30:50.846,1.43676,1.43686,2.25,1.50
2011.08.10 07:30:50.964,1.43676,1.43687,2.10,1.88
2011.08.10 07:30:51.083,1.43677,1.43687,1.13,1.50
2011.08.10 07:30:51.532,1.43677,1.4369,6.75,1.58
2011.08.10 07:30:51.982,1.43677,1.43689,1.88,1.13
2011.08.10 07:30:52.908,1.43677,1.43688,1.88,2.85
2011.08.10 07:30:53.246,1.4368,1.43691,1.50,4.20
2011.08.10 07:30:53.486,1.4369,1.43699,4.50,1.50
2011.08.10 07:30:53.714,1.43689,1.43696,1.88,4.88
2011.08.10 07:30:53.942,1.43689,1.43697,1.88,1.13
2011.08.10 07:30:54.503,1.43691,1.43699,4.13,4.35
2011.08.10 07:30:55.062,1.4369,1.43698,7.50,2.10
2011.08.10 07:30:55.403,1.43694,1.43699,1.13,1.50
2011.08.10 07:30:55.526,1.43696,1.43701,1.50,3.75
2011.08.10 07:30:56.078,1.43696,1.43705,1.50,4.75
2011.08.10 07:30:56.206,1.43695,1.43704,1.13,2.95
2011.08.10 07:30:56.321,1.43696,1.43704,4.13,2.58
2011.08.10 07:30:56.662,1.43698,1.43704,3.75,1.60
2011.08.10 07:30:57.016,1.43705,1.4371,4.50,1.13
2011.08.10 07:30:57.137,1.43706,1.43715,1.88,1.13
2011.08.10 07:30:57.361,1.4371,1.43716,1.50,6.98
2011.08.10 07:30:57.485,1.43707,1.43716,3.00,6.98
2011.08.10 07:30:58.045,1.43709,1.43716,3.75,3.23
2011.08.10 07:30:58.863,1.43705,1.43712,4.13,2.10
2011.08.10 07:30:58.984,1.43704,1.43712,1.13,2.10
2011.08.10 07:30:59.110,1.437,1.43706,5.25,4.50
2011.08.10 07:30:59.228,1.43701,1.4371,1.13,1.73
2011.08.10 07:30:59.575,1.43707,1.43715,1.50,1.23
2011.08.10 07:30:59.697,1.43709,1.43715,1.88,1.45
2011.08.10 07:30:59.816,1.43709,1.43716,1.88,1.15
2011.08.10 07:30:59.936,1.43707,1.43713,4.50,1.50
2011.08.10 07:31:00.168,1.43705,1.43714,4.13,3.60
2011.08.10 07:31:00.514,1.43705,1.4371,1.13,2.10
2011.08.10 07:31:00.634,1.43707,1.43713,3.75,1.13
2011.08.10 07:31:01.224,1.43703,1.4371,1.88,2.10
2011.08.10 07:31:01.347,1.43705,1.43714,1.13,4.35
2011.08.10 07:31:01.463,1.43704,1.43714,1.13,7.35
2011.08.10 07:31:01.809,1.43708,1.43717,2.63,3.23
2011.08.10 07:31:01.928,1.43711,1.43718,2.25,2.63
2011.08.10 07:31:02.044,1.43712,1.43718,1.50,1.88
2011.08.10 07:31:02.385,1.43715,1.43723,2.63,1.05
2011.08.10 07:31:02.613,1.43717,1.43725,1.13,1.73
2011.08.10 07:31:02.844,1.43714,1.43721,4.13,1.35
2011.08.10 07:31:03.180,1.43711,1.43717,1.13,3.75
2011.08.10 07:31:03.412,1.4371,1.43719,1.88,8.25
2011.08.10 07:31:03.534,1.43711,1.43719,1.13,1.13
2011.08.10 07:31:04.111,1.4371,1.43718,1.88,4.13
2011.08.10 07:31:04.241,1.43713,1.43721,1.13,1.35
2011.08.10 07:31:04.808,1.43712,1.43721,4.88,2.10
2011.08.10 07:31:04.929,1.43712,1.4372,1.13,1.13
2011.08.10 07:31:05.704,1.4371,1.4372,2.63,4.50
2011.08.10 07:31:05.821,1.43712,1.4372,1.13,1.13
2011.08.10 07:31:06.491,1.43712,1.43721,4.88,1.35
2011.08.10 07:31:07.068,1.43713,1.43721,4.13,1.35
2011.08.10 07:31:07.521,1.43712,1.43721,1.13,2.48
2011.08.10 07:31:08.097,1.4371,1.4372,2.25,4.88
2011.08.10 07:31:08.652,1.43712,1.4372,1.13,1.13
2011.08.10 07:31:09.322,1.43712,1.43721,1.13,2.48
2011.08.10 07:31:09.884,1.43712,1.43721,1.13,2.48
2011.08.10 07:31:10.492,1.43711,1.43719,4.13,2.25
2011.08.10 07:31:10.626,1.43708,1.43717,1.13,1.88
2011.08.10 07:31:11.316,1.43707,1.43715,1.13,1.13
2011.08.10 07:31:11.439,1.43706,1.43714,1.13,1.13
2011.08.10 07:31:12.006,1.43704,1.43712,4.50,1.13
2011.08.10 07:31:12.430,1.43702,1.4371,2.25,1.13
2011.08.10 07:31:13.800,1.43704,1.43712,4.72,1.13
2011.08.10 07:31:14.141,1.43709,1.43717,4.13,3.60
2011.08.10 07:31:14.593,1.43707,1.43714,4.13,3.60
2011.08.10 07:31:14.717,1.43704,1.43712,3.60,1.13
2011.08.10 07:31:15.059,1.43705,1.43714,4.88,1.13
2011.08.10 07:31:15.405,1.43705,1.43713,1.13,1.13
2011.08.10 07:31:15.855,1.43703,1.43709,1.50,1.13
2011.08.10 07:31:16.718,1.43702,1.43707,3.38,1.50
2011.08.10 07:31:16.839,1.437,1.43707,2.25,1.50
2011.08.10 07:31:17.404,1.43698,1.43707,4.88,1.88
2011.08.10 07:31:17.747,1.43688,1.43697,1.13,1.88
2011.08.10 07:31:17.973,1.4369,1.43699,1.50,4.88
2011.08.10 07:31:18.328,1.43695,1.43703,1.13,1.13
2011.08.10 07:31:18.446,1.43693,1.43702,3.00,1.13
2011.08.10 07:31:19.039,1.43695,1.43703,1.13,1.13
2011.08.10 07:31:19.613,1.43694,1.43702,1.13,1.13
2011.08.10 07:31:20.393,1.43692,1.43701,4.88,1.50
2011.08.10 07:31:20.513,1.43691,1.437,1.13,1.88
2011.08.10 07:31:20.746,1.43694,1.43702,1.88,1.50
2011.08.10 07:31:21.086,1.437,1.43706,1.13,3.38
2011.08.10 07:31:21.204,1.437,1.4371,1.88,5.63
2011.08.10 07:31:21.324,1.43702,1.43711,1.13,1.29
2011.08.10 07:31:22.119,1.43704,1.43712,1.13,1.73
2011.08.10 07:31:22.486,1.437,1.43709,1.13,4.13
2011.08.10 07:31:22.824,1.437,1.43705,3.38,1.50
2011.08.10 07:31:22.944,1.43698,1.43704,1.13,3.75
2011.08.10 07:31:23.063,1.43695,1.43704,1.13,1.50
2011.08.10 07:31:23.294,1.43686,1.43696,1.50,1.13
2011.08.10 07:31:23.743,1.43686,1.43694,1.50,4.88
2011.08.10 07:31:23.863,1.43686,1.43695,1.13,1.13
2011.08.10 07:31:24.656,1.43684,1.43692,4.13,3.60
2011.08.10 07:31:25.007,1.43674,1.43682,6.60,1.50
2011.08.10 07:31:25.344,1.43676,1.43683,4.13,1.50
2011.08.10 07:31:25.576,1.43675,1.43684,1.13,2.63
2011.08.10 07:31:26.244,1.43675,1.43684,4.50,1.50
2011.08.10 07:31:26.583,1.43675,1.43682,4.13,1.50
2011.08.10 07:31:27.141,1.43675,1.43682,4.13,1.50
2011.08.10 07:31:27.739,1.43673,1.43682,4.13,1.50
2011.08.10 07:31:27.863,1.43672,1.43681,1.13,1.13
2011.08.10 07:31:28.208,1.4367,1.43678,4.88,1.50
2011.08.10 07:31:28.771,1.43669,1.43678,4.88,1.50
2011.08.10 07:31:31.310,1.43669,1.43678,1.13,2.48
2011.08.10 07:31:32.196,1.43667,1.43674,1.13,1.35
2011.08.10 07:31:32.557,1.43657,1.43669,6.38,1.50
2011.08.10 07:31:32.783,1.43657,1.43666,4.50,1.88
2011.08.10 07:31:32.906,1.43656,1.43664,1.50,1.13
2011.08.10 07:31:33.465,1.43656,1.43664,1.13,1.13
2011.08.10 07:31:34.133,1.43657,1.43666,1.88,5.85
2011.08.10 07:31:34.254,1.43659,1.43668,2.25,7.50
2011.08.10 07:31:34.949,1.43661,1.43669,1.13,1.13
2011.08.10 07:31:35.513,1.43656,1.43666,1.50,1.88
2011.08.10 07:31:35.754,1.43657,1.43663,1.80,1.13
2011.08.10 07:31:35.878,1.43657,1.43665,1.80,1.13
2011.08.10 07:31:36.764,1.43657,1.43666,1.13,4.35
2011.08.10 07:31:38.198,1.43662,1.43669,1.13,5.25
2011.08.10 07:31:38.323,1.43665,1.43669,1.50,3.75
2011.08.10 07:31:38.445,1.43667,1.43672,1.50,1.80
2011.08.10 07:31:38.568,1.43667,1.43673,2.25,1.88
2011.08.10 07:31:38.686,1.43667,1.43674,2.25,1.13
2011.08.10 07:31:39.252,1.43666,1.43675,1.13,1.13
2011.08.10 07:31:39.376,1.43668,1.43676,4.13,1.50
2011.08.10 07:31:39.931,1.43666,1.43676,4.88,1.88
2011.08.10 07:31:40.382,1.43665,1.43673,1.50,4.13
2011.08.10 07:31:41.037,1.43665,1.43675,1.88,4.88
2011.08.10 07:31:41.142,1.43665,1.43675,1.50,1.13
2011.08.10 07:31:41.708,1.43664,1.43673,1.50,3.85
2011.08.10 07:31:42.045,1.43661,1.43668,3.38,4.88
2011.08.10 07:31:42.166,1.43657,1.43666,1.13,3.00
2011.08.10 07:31:42.287,1.43654,1.43665,1.13,4.45
2011.08.10 07:31:42.626,1.43656,1.43666,4.50,1.29
2011.08.10 07:31:42.853,1.43654,1.43666,5.40,5.94
2011.08.10 07:31:42.980,1.43656,1.43665,1.13,1.13
2011.08.10 07:31:43.503,1.43655,1.43663,1.13,1.13
2011.08.10 07:31:43.626,1.43654,1.43661,1.50,4.13
2011.08.10 07:31:44.295,1.4365,1.43659,1.50,6.23
2011.08.10 07:31:44.415,1.4365,1.43658,1.50,4.13
2011.08.10 07:31:44.973,1.43651,1.4366,2.25,7.73
2011.08.10 07:31:45.098,1.43655,1.43662,1.50,4.50
2011.08.10 07:31:45.217,1.43658,1.43663,1.50,4.05
2011.08.10 07:31:45.334,1.43657,1.43666,1.88,1.43
2011.08.10 07:31:45.452,1.43657,1.43666,1.88,1.13
2011.08.10 07:31:45.572,1.43657,1.43665,1.50,4.13
2011.08.10 07:31:45.914,1.43659,1.43665,2.85,3.75
2011.08.10 07:31:46.142,1.43661,1.43669,2.25,4.13
2011.08.10 07:31:46.376,1.43666,1.43671,1.50,4.05
2011.08.10 07:31:47.003,1.43666,1.43674,1.50,8.25
2011.08.10 07:31:47.122,1.43669,1.43674,1.50,1.13
2011.08.10 07:31:47.683,1.43678,1.43684,1.50,1.13
2011.08.10 07:31:48.242,1.43679,1.43687,1.88,1.13
2011.08.10 07:31:48.803,1.43681,1.43687,1.50,3.75
2011.08.10 07:31:48.926,1.43683,1.43689,1.50,2.10
2011.08.10 07:31:49.541,1.43685,1.43693,2.25,3.75
2011.08.10 07:31:49.681,1.43688,1.43696,1.88,3.23
2011.08.10 07:31:50.355,1.4369,1.437,2.63,1.13
2011.08.10 07:31:50.695,1.43694,1.43703,2.25,6.53
2011.08.10 07:31:50.815,1.43694,1.43703,2.63,2.40
2011.08.10 07:31:51.701,1.43695,1.43703,1.50,2.10
2011.08.10 07:31:51.938,1.43699,1.43709,1.50,2.95
2011.08.10 07:31:55.461,1.43698,1.43708,1.88,2.10
2011.08.10 07:31:55.801,1.43695,1.43702,1.50,4.13
2011.08.10 07:31:55.925,1.43695,1.43702,1.50,4.13
2011.08.10 07:31:56.044,1.43696,1.43704,1.50,4.80
2011.08.10 07:31:56.165,1.43698,1.43708,1.13,5.18
2011.08.10 07:31:56.391,1.43698,1.43708,1.13,4.88
2011.08.10 07:31:56.512,1.43696,1.43705,1.50,4.88
2011.08.10 07:31:56.852,1.43694,1.43703,1.88,6.23
2011.08.10 07:31:57.084,1.43693,1.43701,1.13,2.48
2011.08.10 07:31:57.908,1.43688,1.43692,4.13,1.50
2011.08.10 07:31:58.036,1.43678,1.43682,1.50,1.13
2011.08.10 07:31:58.158,1.43674,1.43683,6.22,1.50
2011.08.10 07:31:58.605,1.43673,1.43681,1.50,4.13
2011.08.10 07:31:59.275,1.43673,1.43679,1.50,4.13
2011.08.10 07:32:01.283,1.43674,1.43681,1.50,4.29
2011.08.10 07:32:01.733,1.43675,1.43683,1.50,7.50
2011.08.10 07:32:01.859,1.43677,1.43685,1.50,4.88
2011.08.10 07:32:02.087,1.43679,1.43687,1.50,4.13
2011.08.10 07:32:02.430,1.43683,1.43692,1.50,6.91
2011.08.10 07:32:02.992,1.43682,1.43691,1.88,1.13
2011.08.10 07:32:04.475,1.43679,1.43688,1.50,5.63
2011.08.10 07:32:04.836,1.43676,1.43684,1.43,1.50
2011.08.10 07:32:05.177,1.43681,1.43688,2.25,7.50
2011.08.10 07:32:05.406,1.43681,1.43688,1.13,1.50
2011.08.10 07:32:05.528,1.43678,1.43686,3.75,1.88
2011.08.10 07:32:05.644,1.43676,1.43684,2.18,4.13
2011.08.10 07:32:05.984,1.43676,1.43682,1.43,4.13
2011.08.10 07:32:06.101,1.43676,1.43684,2.18,4.13
2011.08.10 07:32:07.569,1.43677,1.43686,1.50,5.63
2011.08.10 07:32:07.685,1.43677,1.43686,1.13,1.88
2011.08.10 07:32:07.924,1.43676,1.43686,1.88,4.88
2011.08.10 07:32:08.262,1.43675,1.43682,3.00,4.13
2011.08.10 07:32:08.604,1.43676,1.43684,1.50,4.13
2011.08.10 07:32:08.723,1.43674,1.43681,3.22,4.13
2011.08.10 07:32:09.721,1.43674,1.43682,3.97,3.75
2011.08.10 07:32:10.526,1.43674,1.43682,2.85,4.13
2011.08.10 07:32:11.192,1.43674,1.4368,2.10,4.13
2011.08.10 07:32:11.533,1.43677,1.43682,3.00,3.75
2011.08.10 07:32:12.091,1.43677,1.43685,1.50,7.50
2011.08.10 07:32:12.213,1.43677,1.43683,1.50,4.13
2011.08.10 07:32:12.553,1.43677,1.43685,1.50,4.13
2011.08.10 07:32:13.809,1.43675,1.43684,1.13,1.88
2011.08.10 07:32:15.021,1.43673,1.43683,2.63,4.13
2011.08.10 07:32:15.912,1.43675,1.43683,1.13,1.50
2011.08.10 07:32:16.152,1.43678,1.43686,1.13,1.13
2011.08.10 07:32:16.491,1.43678,1.43687,6.75,2.25
2011.08.10 07:32:16.832,1.43678,1.43686,1.50,1.13
2011.08.10 07:32:17.442,1.43678,1.43686,3.38,1.13
2011.08.10 07:32:18.335,1.43676,1.43686,4.88,1.88
2011.08.10 07:32:18.566,1.43675,1.43684,1.13,1.88
2011.08.10 07:32:19.123,1.43675,1.43683,1.13,1.13
2011.08.10 07:32:19.244,1.43673,1.43683,1.88,4.88
2011.08.10 07:32:19.582,1.43671,1.43679,1.35,1.13
2011.08.10 07:32:19.705,1.43671,1.4368,1.73,1.98
2011.08.10 07:32:20.056,1.43671,1.43679,1.35,4.23
2011.08.10 07:32:20.769,1.43672,1.4368,1.50,2.73
2011.08.10 07:32:21.652,1.43671,1.43679,1.35,4.13
2011.08.10 07:32:22.323,1.43672,1.4368,1.50,2.73
2011.08.10 07:32:23.103,1.43673,1.4368,1.35,1.88
2011.08.10 07:32:23.222,1.43673,1.43681,2.48,1.13
2011.08.10 07:32:24.505,1.43674,1.43682,1.13,1.13
2011.08.10 07:32:25.066,1.43674,1.43682,1.13,1.13
2011.08.10 07:32:25.625,1.43675,1.43683,1.13,1.13
2011.08.10 07:32:26.181,1.43675,1.43683,1.50,1.13
2011.08.10 07:32:26.303,1.43676,1.43685,4.50,1.50
2011.08.10 07:32:27.302,1.43676,1.43685,4.88,1.50
2011.08.10 07:32:27.942,1.43676,1.43685,4.50,1.50
2011.08.10 07:32:28.068,1.43675,1.43684,2.63,1.13
2011.08.10 07:32:28.184,1.43679,1.43686,1.13,1.50
2011.08.10 07:32:28.424,1.43684,1.43691,2.25,4.13
2011.08.10 07:32:28.544,1.43685,1.43693,4.13,4.88
2011.08.10 07:32:28.664,1.43685,1.43694,1.13,1.88
2011.08.10 07:32:28.782,1.43686,1.43695,1.13,2.25
2011.08.10 07:32:29.230,1.43685,1.43693,1.13,1.13
2011.08.10 07:32:29.351,1.43683,1.43693,1.88,4.88
2011.08.10 07:32:29.914,1.43682,1.43692,1.50,5.63
2011.08.10 07:32:30.940,1.43681,1.43689,1.88,1.13
2011.08.10 07:32:31.490,1.43681,1.4369,1.50,4.88
2011.08.10 07:32:32.274,1.43676,1.43685,1.50,1.50
2011.08.10 07:32:32.633,1.43672,1.4368,1.13,1.13
2011.08.10 07:32:33.301,1.43673,1.43681,1.13,1.13
2011.08.10 07:32:33.755,1.4367,1.43678,1.80,1.13
2011.08.10 07:32:34.674,1.4367,1.43679,1.13,1.88
2011.08.10 07:32:35.233,1.4367,1.43679,1.13,1.88
2011.08.10 07:32:38.007,1.43676,1.43682,2.10,1.05
2011.08.10 07:32:38.353,1.43676,1.43685,2.85,4.13
2011.08.10 07:32:38.473,1.43677,1.43687,4.88,1.88
2011.08.10 07:32:40.171,1.43677,1.43686,1.13,1.88
2011.08.10 07:32:40.732,1.43677,1.43686,1.13,1.13
2011.08.10 07:32:41.077,1.43676,1.43686,1.13,5.63
2011.08.10 07:32:41.632,1.43675,1.43685,2.63,4.13
2011.08.10 07:32:42.304,1.43675,1.43685,1.88,4.88
2011.08.10 07:32:42.753,1.43674,1.43682,2.25,3.75
2011.08.10 07:32:42.871,1.43675,1.43685,1.13,5.63
2011.08.10 07:32:43.410,1.43674,1.43683,2.25,4.13
2011.08.10 07:32:43.982,1.43673,1.43683,3.00,3.75
2011.08.10 07:32:44.101,1.43675,1.43684,1.13,1.88
2011.08.10 07:32:44.441,1.43673,1.43683,3.00,3.75
2011.08.10 07:32:44.785,1.43673,1.43681,2.25,3.75
2011.08.10 07:32:46.006,1.43674,1.43683,2.25,4.13
2011.08.10 07:32:46.233,1.43677,1.43685,1.13,1.13
2011.08.10 07:32:47.283,1.43675,1.43683,2.25,4.88
2011.08.10 07:32:47.843,1.43675,1.43684,2.25,4.88
2011.08.10 07:32:47.965,1.43676,1.43685,1.13,1.88
2011.08.10 07:32:48.414,1.4368,1.43687,1.35,1.13
2011.08.10 07:32:48.534,1.43681,1.43688,1.50,1.50
2011.08.10 07:32:48.764,1.43686,1.43692,3.75,4.98
2011.08.10 07:32:49.214,1.43686,1.43691,3.75,1.13
2011.08.10 07:32:49.992,1.43683,1.4369,1.50,3.75
2011.08.10 07:32:50.904,1.43688,1.43693,1.50,3.75
2011.08.10 07:32:51.163,1.43689,1.43695,1.88,1.05
2011.08.10 07:32:51.514,1.43699,1.43706,1.50,4.73
2011.08.10 07:32:51.637,1.43697,1.43704,1.13,1.13
2011.08.10 07:32:51.867,1.43695,1.43702,1.88,4.13
2011.08.10 07:32:51.983,1.43695,1.43704,1.88,9.00
2011.08.10 07:32:52.325,1.43696,1.43704,4.50,4.50
2011.08.10 07:32:53.207,1.43686,1.43694,4.88,1.88
2011.08.10 07:32:53.543,1.43686,1.43694,4.13,1.50
2011.08.10 07:32:54.116,1.43687,1.43696,2.25,1.88
2011.08.10 07:32:54.239,1.43688,1.43697,3.38,2.25
2011.08.10 07:32:54.359,1.43691,1.43702,5.85,2.18
2011.08.10 07:32:54.481,1.43693,1.43702,5.25,1.50
2011.08.10 07:32:55.048,1.43693,1.43702,3.75,4.13
2011.08.10 07:32:55.702,1.43696,1.43704,1.13,1.50
2011.08.10 07:32:55.824,1.43697,1.43707,3.75,2.63
2011.08.10 07:32:56.388,1.43695,1.43705,5.25,1.88
2011.08.10 07:32:57.492,1.43697,1.43705,1.13,1.13
2011.08.10 07:32:58.062,1.43696,1.43701,3.75,1.13
2011.08.10 07:32:58.182,1.43692,1.43701,1.13,1.13
2011.08.10 07:32:58.944,1.43694,1.43702,1.13,1.13
2011.08.10 07:32:59.067,1.43691,1.43698,1.13,1.88
2011.08.10 07:32:59.518,1.43693,1.43699,2.63,1.88
2011.08.10 07:32:59.639,1.43697,1.43704,1.88,4.43
2011.08.10 07:32:59.999,1.43696,1.43702,4.50,1.88
2011.08.10 07:33:00.116,1.43693,1.43701,1.50,1.50
2011.08.10 07:33:00.238,1.43692,1.43699,6.30,1.13
2011.08.10 07:33:00.359,1.43692,1.43698,4.43,3.38
2011.08.10 07:33:00.475,1.43689,1.43698,3.00,4.88
2011.08.10 07:33:00.703,1.43688,1.43698,2.10,1.13
2011.08.10 07:33:01.371,1.43688,1.43697,5.25,1.50
2011.08.10 07:33:01.494,1.43688,1.43697,1.13,2.10
2011.08.10 07:33:01.617,1.43685,1.43694,1.88,2.10
2011.08.10 07:33:01.964,1.43687,1.43695,2.10,1.50
2011.08.10 07:33:02.192,1.43689,1.43698,1.13,2.25
2011.08.10 07:33:02.422,1.43689,1.43697,1.13,1.50
2011.08.10 07:33:02.542,1.43688,1.43698,2.63,1.50
2011.08.10 07:33:02.664,1.43694,1.43702,4.50,7.35
2011.08.10 07:33:02.786,1.43694,1.437,1.13,1.65
2011.08.10 07:33:02.907,1.43695,1.43701,1.50,1.29
2011.08.10 07:33:03.260,1.43683,1.43693,3.75,2.20
2011.08.10 07:33:03.887,1.43682,1.43688,1.50,1.13
2011.08.10 07:33:04.017,1.43684,1.4369,3.75,1.13
2011.08.10 07:33:04.576,1.43691,1.43697,1.50,2.25
2011.08.10 07:33:04.804,1.43691,1.437,2.25,1.43
2011.08.10 07:33:05.037,1.43694,1.43701,1.50,1.13
2011.08.10 07:33:05.159,1.43693,1.437,1.50,4.13
2011.08.10 07:33:05.383,1.43692,1.43699,1.50,4.13
2011.08.10 07:33:05.506,1.43694,1.43701,2.85,8.25
2011.08.10 07:33:05.734,1.43693,1.43702,1.13,1.88
2011.08.10 07:33:06.492,1.43694,1.43701,2.10,1.88
2011.08.10 07:33:06.620,1.43692,1.437,1.13,1.13
2011.08.10 07:33:06.858,1.43691,1.43696,1.50,1.13
2011.08.10 07:33:07.414,1.43691,1.437,1.50,5.63
2011.08.10 07:33:07.863,1.43692,1.437,2.25,6.00
2011.08.10 07:33:08.204,1.43699,1.43704,3.75,1.50
2011.08.10 07:33:08.325,1.43694,1.43702,1.50,4.60
2011.08.10 07:33:08.445,1.43692,1.43699,1.43,1.13
2011.08.10 07:33:08.566,1.43692,1.43699,1.05,4.13
2011.08.10 07:33:09.195,1.43691,1.43699,1.13,1.60
2011.08.10 07:33:09.312,1.4369,1.43699,1.50,4.88
2011.08.10 07:33:09.874,1.4369,1.43699,4.50,3.75
2011.08.10 07:33:10.214,1.43695,1.43701,4.88,3.38
2011.08.10 07:33:10.332,1.43697,1.43706,5.25,1.43
2011.08.10 07:33:10.785,1.43697,1.43706,1.88,1.13
2011.08.10 07:33:11.340,1.43696,1.43705,1.13,1.13
2011.08.10 07:33:11.902,1.43695,1.43704,1.88,1.13
2011.08.10 07:33:12.136,1.43696,1.43706,5.25,1.50
2011.08.10 07:33:12.757,1.43699,1.43708,2.63,1.13
2011.08.10 07:33:13.455,1.43695,1.43701,3.75,1.88
2011.08.10 07:33:13.575,1.43691,1.43701,1.50,1.88
2011.08.10 07:33:14.022,1.43691,1.43701,1.50,1.88
2011.08.10 07:33:14.581,1.43692,1.437,1.50,1.13
2011.08.10 07:33:15.035,1.43689,1.43696,3.22,1.50
2011.08.10 07:33:15.156,1.4369,1.43696,1.50,1.13
2011.08.10 07:33:15.643,1.4369,1.43696,1.50,1.13
2011.08.10 07:33:15.769,1.43691,1.43699,1.13,1.98
2011.08.10 07:33:16.335,1.4369,1.43699,1.50,5.35
2011.08.10 07:33:16.674,1.43688,1.43697,1.88,2.41
2011.08.10 07:33:16.906,1.43689,1.43697,3.75,5.35
2011.08.10 07:33:17.131,1.43688,1.43697,1.13,1.13
2011.08.10 07:33:17.253,1.4369,1.43698,1.50,4.50
2011.08.10 07:33:17.377,1.43688,1.43697,2.25,1.13
2011.08.10 07:33:17.493,1.43689,1.43698,2.63,1.13
2011.08.10 07:33:17.615,1.43693,1.437,3.75,1.13
2011.08.10 07:33:17.853,1.43693,1.43701,3.75,2.25
2011.08.10 07:33:17.975,1.43691,1.437,1.50,1.88
2011.08.10 07:33:18.093,1.43692,1.437,4.13,1.50
2011.08.10 07:33:18.920,1.43691,1.437,1.13,1.88
2011.08.10 07:33:19.922,1.43691,1.437,1.88,1.13
2011.08.10 07:33:20.041,1.43692,1.43702,4.13,2.63
2011.08.10 07:33:20.604,1.43695,1.43702,1.88,1.50
2011.08.10 07:33:20.946,1.437,1.43708,1.13,1.88
2011.08.10 07:33:21.397,1.43699,1.43705,2.47,1.50
2011.08.10 07:33:21.958,1.43699,1.43706,2.47,1.50
2011.08.10 07:33:22.316,1.43699,1.43707,3.97,1.13
2011.08.10 07:33:22.655,1.43699,1.43704,2.10,1.13
2011.08.10 07:33:22.995,1.437,1.43709,1.13,1.23
2011.08.10 07:33:23.114,1.437,1.43708,1.50,1.13
2011.08.10 07:33:23.235,1.43698,1.43705,7.88,1.50
2011.08.10 07:33:23.471,1.43699,1.43706,6.00,1.13
2011.08.10 07:33:23.594,1.437,1.4371,1.88,4.88
2011.08.10 07:33:23.822,1.43699,1.43707,6.75,4.13
2011.08.10 07:33:23.943,1.437,1.4371,1.13,5.63
2011.08.10 07:33:24.062,1.43701,1.4371,1.13,1.88
2011.08.10 07:33:24.805,1.43703,1.43712,1.50,4.13
2011.08.10 07:33:24.935,1.43705,1.43714,1.13,1.13
2011.08.10 07:33:25.720,1.4371,1.43716,1.50,1.13
2011.08.10 07:33:26.063,1.43718,1.43725,6.75,4.13
2011.08.10 07:33:26.186,1.4372,1.43726,4.50,4.13
2011.08.10 07:33:26.307,1.43721,1.43728,4.13,1.35
2011.08.10 07:33:26.863,1.43723,1.43729,4.13,3.00
2011.08.10 07:33:27.906,1.4372,1.43727,4.13,1.50
2011.08.10 07:33:28.134,1.43722,1.43729,4.13,3.60
2011.08.10 07:33:28.692,1.43722,1.43729,4.13,3.60
2011.08.10 07:33:31.897,1.4372,1.43729,4.88,3.60
2011.08.10 07:33:32.237,1.43725,1.43732,1.13,1.13
2011.08.10 07:33:32.357,1.43725,1.43734,1.13,1.88
2011.08.10 07:33:32.693,1.43723,1.43733,1.88,4.13
2011.08.10 07:33:33.259,1.43723,1.4373,4.13,2.20
2011.08.10 07:33:33.375,1.43721,1.43729,4.88,1.35
2011.08.10 07:33:33.619,1.43719,1.43728,1.13,1.88
2011.08.10 07:33:33.845,1.43717,1.43727,3.00,4.13
2011.08.10 07:33:34.188,1.43717,1.43725,2.25,1.88
2011.08.10 07:33:34.414,1.43715,1.43722,1.13,4.23
2011.08.10 07:33:35.066,1.43716,1.43726,4.88,2.04
2011.08.10 07:33:35.295,1.43716,1.43724,7.50,1.50
2011.08.10 07:33:35.640,1.43714,1.43723,4.88,1.60
2011.08.10 07:33:35.757,1.43714,1.43722,1.13,1.23
2011.08.10 07:33:35.987,1.43712,1.4372,4.13,3.10
2011.08.10 07:33:36.106,1.4371,1.43719,4.88,1.50
2011.08.10 07:33:36.332,1.43708,1.43717,1.50,4.13
2011.08.10 07:33:36.892,1.43711,1.43716,2.25,3.75
2011.08.10 07:33:37.677,1.43712,1.4372,5.55,4.13
2011.08.10 07:33:37.806,1.43715,1.43722,3.75,2.10
2011.08.10 07:33:38.364,1.43713,1.43722,1.88,3.23
2011.08.10 07:33:38.492,1.43714,1.43722,3.60,2.48
2011.08.10 07:33:38.842,1.43717,1.43727,5.25,1.73
2011.08.10 07:33:38.962,1.43717,1.43728,6.00,3.23
2011.08.10 07:33:39.303,1.43719,1.43728,1.13,1.50
2011.08.10 07:33:39.427,1.43718,1.43726,4.13,1.66
2011.08.10 07:33:39.550,1.43718,1.43725,4.13,2.25
2011.08.10 07:33:40.108,1.43716,1.43721,3.75,2.25
2011.08.10 07:33:40.231,1.43706,1.43713,1.13,1.45
2011.08.10 07:33:40.354,1.43704,1.43712,4.05,1.50
2011.08.10 07:33:40.696,1.43698,1.43707,1.50,4.43
2011.08.10 07:33:41.152,1.43696,1.43705,1.50,3.98
2011.08.10 07:33:41.712,1.43695,1.43704,6.38,1.05
2011.08.10 07:33:42.053,1.43695,1.43703,2.25,3.98
2011.08.10 07:33:42.173,1.43695,1.43704,2.63,1.15
2011.08.10 07:33:42.514,1.43695,1.43703,2.25,3.98
2011.08.10 07:33:43.348,1.43695,1.43702,2.25,3.98
2011.08.10 07:33:44.065,1.43692,1.43697,1.43,2.10
2011.08.10 07:33:44.188,1.43691,1.43697,1.05,3.15
2011.08.10 07:33:44.305,1.43689,1.43696,4.05,3.98
2011.08.10 07:33:44.533,1.43686,1.43695,4.88,1.05
2011.08.10 07:33:44.878,1.43684,1.43689,4.05,2.10
2011.08.10 07:33:44.993,1.43682,1.43689,1.88,2.10
2011.08.10 07:33:45.552,1.4368,1.43689,5.63,3.60
2011.08.10 07:33:47.768,1.4368,1.43689,1.13,3.15
2011.08.10 07:33:48.214,1.43678,1.43688,4.80,2.40
2011.08.10 07:33:48.553,1.43674,1.43682,2.55,1.05
2011.08.10 07:33:48.784,1.43674,1.43683,1.80,3.15
2011.08.10 07:33:49.342,1.43672,1.43683,8.25,3.15
2011.08.10 07:33:49.572,1.43672,1.4368,1.50,1.05
2011.08.10 07:33:50.141,1.43673,1.43681,1.13,1.05
2011.08.10 07:33:51.133,1.43672,1.4368,1.13,1.05
2011.08.10 07:33:51.491,1.43675,1.43682,3.75,3.60
2011.08.10 07:33:51.722,1.43676,1.43685,9.38,2.25
2011.08.10 07:33:51.842,1.43678,1.43685,3.75,2.25
2011.08.10 07:33:52.404,1.4368,1.43686,3.00,3.15
2011.08.10 07:33:53.623,1.43678,1.43687,4.88,3.60
2011.08.10 07:33:54.436,1.43678,1.43685,4.13,2.85
2011.08.10 07:33:55.433,1.43678,1.43685,4.13,2.85
2011.08.10 07:33:55.886,1.43678,1.43683,3.75,2.10
2011.08.10 07:33:56.004,1.43676,1.43683,4.13,2.85
2011.08.10 07:33:56.121,1.43674,1.43683,8.25,2.85
2011.08.10 07:33:56.681,1.43674,1.43683,1.13,3.23
2011.08.10 07:33:59.161,1.43674,1.43683,1.13,4.08
2011.08.10 07:33:59.724,1.43674,1.43683,1.13,4.20
2011.08.10 07:34:00.354,1.43673,1.43681,4.50,2.10
2011.08.10 07:34:00.705,1.4367,1.43675,3.38,1.50
2011.08.10 07:34:00.824,1.43668,1.43675,4.80,2.35
2011.08.10 07:34:01.053,1.43667,1.43675,1.13,1.60
2011.08.10 07:34:01.281,1.43668,1.43677,3.75,2.95
2011.08.10 07:34:02.103,1.43661,1.43668,4.80,3.60
2011.08.10 07:34:02.333,1.43663,1.43669,4.13,1.13
2011.08.10 07:34:02.894,1.43659,1.43667,4.13,2.63
2011.08.10 07:34:03.137,1.43655,1.43664,1.88,3.00
2011.08.10 07:34:03.256,1.43655,1.43663,1.88,1.50
2011.08.10 07:34:03.374,1.43654,1.4366,3.75,3.19
2011.08.10 07:34:03.712,1.43654,1.4366,3.38,3.94
2011.08.10 07:34:04.271,1.43653,1.4366,4.13,3.94
2011.08.10 07:34:04.830,1.43653,1.4366,4.13,3.94
2011.08.10 07:34:05.983,1.4365,1.43658,7.88,3.98
2011.08.10 07:34:06.323,1.4365,1.43657,4.50,1.50
2011.08.10 07:34:06.882,1.43652,1.43657,3.75,1.50
2011.08.10 07:34:07.442,1.4365,1.43657,4.50,1.50
2011.08.10 07:34:08.551,1.43649,1.43657,1.13,1.13
2011.08.10 07:34:09.112,1.43649,1.43657,4.50,1.13
2011.08.10 07:34:09.451,1.43648,1.43657,1.88,3.60
2011.08.10 07:34:10.341,1.43649,1.43657,4.50,3.23
2011.08.10 07:34:11.238,1.43647,1.43653,4.50,2.95
2011.08.10 07:34:11.864,1.43641,1.43648,1.88,1.50
2011.08.10 07:34:12.000,1.43643,1.43652,1.73,4.08
2011.08.10 07:34:12.555,1.43642,1.43652,2.48,2.95
2011.08.10 07:34:13.110,1.43642,1.43652,5.85,4.08
2011.08.10 07:34:13.348,1.43637,1.43646,4.13,2.25
2011.08.10 07:34:13.466,1.43634,1.4364,3.75,2.39
2011.08.10 07:34:13.698,1.43629,1.43638,4.50,2.35
2011.08.10 07:34:13.815,1.43628,1.43638,1.13,2.25
2011.08.10 07:34:13.934,1.43629,1.43637,4.13,3.23
2011.08.10 07:34:14.623,1.43628,1.43636,4.50,1.88
2011.08.10 07:34:15.183,1.43631,1.43637,4.13,3.60
2011.08.10 07:34:15.302,1.43631,1.43637,4.13,2.48
2011.08.10 07:34:15.535,1.43632,1.43638,4.13,4.27
2011.08.10 07:34:16.094,1.43632,1.43637,1.13,2.48
2011.08.10 07:34:16.652,1.43632,1.43637,1.13,2.48
2011.08.10 07:34:17.420,1.43632,1.43638,3.75,1.13
2011.08.10 07:34:17.537,1.43634,1.4364,4.88,2.25
2011.08.10 07:34:17.658,1.43635,1.4364,1.13,1.50
2011.08.10 07:34:17.775,1.43636,1.43643,1.13,1.50
2011.08.10 07:34:17.892,1.43636,1.43644,1.13,6.23
2011.08.10 07:34:18.451,1.43636,1.43644,1.13,6.23
2011.08.10 07:34:18.684,1.43639,1.43646,4.13,1.60
2011.08.10 07:34:18.803,1.43637,1.43644,4.13,3.23
2011.08.10 07:34:19.362,1.43636,1.43644,4.13,2.63
2011.08.10 07:34:20.035,1.43634,1.43642,4.13,1.50
2011.08.10 07:34:20.154,1.43631,1.43637,1.13,1.13
2011.08.10 07:34:20.717,1.43636,1.43642,3.75,7.35
2011.08.10 07:34:20.842,1.43634,1.43642,8.25,4.14
2011.08.10 07:34:21.291,1.43636,1.43642,4.13,3.98
2011.08.10 07:34:21.982,1.43638,1.43644,3.75,1.13
2011.08.10 07:34:24.243,1.43638,1.43645,4.95,2.63
2011.08.10 07:34:24.363,1.43636,1.43644,2.33,1.13
2011.08.10 07:34:24.969,1.43636,1.43644,4.50,1.88
2011.08.10 07:34:26.114,1.43634,1.43643,4.50,2.48
2011.08.10 07:34:27.112,1.43634,1.43642,3.75,1.50
2011.08.10 07:34:27.233,1.43632,1.4364,7.50,1.88
2011.08.10 07:34:27.355,1.4363,1.43641,9.38,3.00
2011.08.10 07:34:27.694,1.4363,1.43639,1.13,2.85
2011.08.10 07:34:28.574,1.43627,1.43634,8.63,1.05
2011.08.10 07:34:28.719,1.43626,1.43634,1.13,1.43
2011.08.10 07:34:28.837,1.43628,1.43634,4.13,3.23
2011.08.10 07:34:29.077,1.43624,1.43633,5.25,1.50
2011.08.10 07:34:29.851,1.43627,1.43634,4.13,1.88
2011.08.10 07:34:30.414,1.43626,1.43634,4.13,1.13
2011.08.10 07:34:30.973,1.43628,1.43634,3.75,1.13
2011.08.10 07:34:31.753,1.43626,1.43634,7.50,1.13
2011.08.10 07:34:32.452,1.43626,1.43634,4.13,1.88
2011.08.10 07:34:32.574,1.43624,1.43634,8.25,2.25
2011.08.10 07:34:32.695,1.43623,1.43632,1.50,1.88
2011.08.10 07:34:32.925,1.43622,1.4363,2.25,1.13
2011.08.10 07:34:33.262,1.43625,1.43632,1.13,1.13
2011.08.10 07:34:33.821,1.43626,1.43632,1.13,1.13
2011.08.10 07:34:34.383,1.43626,1.43632,1.13,1.13
2011.08.10 07:34:36.433,1.43626,1.43632,1.13,1.13
2011.08.10 07:34:36.991,1.43626,1.43632,1.13,1.88
2011.08.10 07:34:37.663,1.43628,1.43633,1.50,1.35
2011.08.10 07:34:37.786,1.43629,1.43635,1.13,2.10
2011.08.10 07:34:37.909,1.43632,1.4364,1.50,1.50
2011.08.10 07:34:38.142,1.43636,1.43645,4.88,6.60
2011.08.10 07:34:38.596,1.43637,1.43645,7.88,2.10
2011.08.10 07:34:39.429,1.43636,1.43645,8.25,2.85
2011.08.10 07:34:39.785,1.43639,1.43645,4.13,1.73
2011.08.10 07:34:40.235,1.43636,1.43644,4.50,3.00
2011.08.10 07:34:40.353,1.43637,1.43641,3.75,1.13
2011.08.10 07:34:40.598,1.43633,1.43638,3.38,1.50
2011.08.10 07:34:40.715,1.43632,1.43637,3.38,3.60
2011.08.10 07:34:40.947,1.43631,1.43637,4.13,2.48
2011.08.10 07:34:41.504,1.43629,1.43636,7.88,1.50
2011.08.10 07:34:41.625,1.43629,1.43635,4.13,1.50
2011.08.10 07:34:42.173,1.43627,1.43634,4.13,2.25
2011.08.10 07:34:42.304,1.43631,1.43637,4.13,1.13
2011.08.10 07:34:42.783,1.43635,1.43641,2.25,1.80
2011.08.10 07:34:43.015,1.43637,1.43645,2.25,1.88
2011.08.10 07:34:43.467,1.43639,1.43647,4.50,2.48
2011.08.10 07:34:44.305,1.43627,1.43639,2.85,1.13
2011.08.10 07:34:44.434,1.43634,1.43639,3.75,1.50
2011.08.10 07:34:44.556,1.43636,1.43642,4.13,2.10
2011.08.10 07:34:46.113,1.43636,1.43642,4.13,3.23
2011.08.10 07:34:46.234,1.43634,1.43641,4.13,1.50
2011.08.10 07:34:46.572,1.43632,1.43641,4.60,2.41
2011.08.10 07:34:47.286,1.43638,1.43645,4.50,2.10
2011.08.10 07:34:47.846,1.43639,1.43645,4.88,1.35
2011.08.10 07:34:48.184,1.43639,1.43645,1.13,2.48
2011.08.10 07:34:48.745,1.4364,1.43648,1.13,2.10
2011.08.10 07:34:49.110,1.43643,1.43647,1.80,3.38
2011.08.10 07:34:49.769,1.43641,1.43651,3.30,4.35
2011.08.10 07:34:49.897,1.43644,1.43651,3.38,2.85
2011.08.10 07:34:50.453,1.43645,1.43653,3.75,1.88
2011.08.10 07:34:50.795,1.43647,1.43654,3.75,1.13
2011.08.10 07:34:51.138,1.43648,1.43655,2.25,1.73
2011.08.10 07:34:51.366,1.43649,1.43657,1.13,1.50
2011.08.10 07:34:51.916,1.4365,1.43658,1.13,1.13
2011.08.10 07:34:52.049,1.43651,1.43659,1.13,1.50
2011.08.10 07:34:52.603,1.43652,1.43661,4.88,2.48
2011.08.10 07:34:53.382,1.43654,1.43662,1.13,1.50
2011.08.10 07:34:53.724,1.43657,1.43662,4.88,2.70
2011.08.10 07:34:54.335,1.43667,1.43673,1.13,1.13
2011.08.10 07:34:54.564,1.43668,1.43676,1.13,3.98
2011.08.10 07:34:54.905,1.43669,1.43676,6.97,2.85
2011.08.10 07:34:55.245,1.43669,1.43675,3.75,1.50
2011.08.10 07:34:55.693,1.43668,1.43675,1.13,1.13
2011.08.10 07:34:56.252,1.43666,1.43675,5.25,2.25
2011.08.10 07:34:56.373,1.43666,1.43672,1.13,1.50
2011.08.10 07:34:56.716,1.43661,1.43668,1.13,1.50
2011.08.10 07:34:56.835,1.43662,1.4367,1.13,4.73
2011.08.10 07:34:57.414,1.43661,1.43671,1.50,8.10
2011.08.10 07:34:57.972,1.43661,1.4367,1.50,2.48
2011.08.10 07:34:58.535,1.4366,1.43669,1.50,3.00
2011.08.10 07:34:58.881,1.43658,1.43668,1.88,5.63
2011.08.10 07:34:59.685,1.43656,1.43661,6.00,2.10
2011.08.10 07:35:00.037,1.43654,1.4366,1.13,1.50
2011.08.10 07:35:00.388,1.43654,1.43658,3.38,1.88
2011.08.10 07:35:00.616,1.4365,1.43659,1.50,2.25
2011.08.10 07:35:01.832,1.43649,1.43658,1.50,2.63
2011.08.10 07:35:02.660,1.43648,1.43656,1.13,4.50
2011.08.10 07:35:03.001,1.43637,1.43646,1.50,1.88
2011.08.10 07:35:03.781,1.43637,1.43645,1.88,1.13
2011.08.10 07:35:03.903,1.43637,1.43645,1.50,4.88
2011.08.10 07:35:04.790,1.43636,1.43645,1.50,6.00
2011.08.10 07:35:05.121,1.43636,1.43645,1.88,2.25
2011.08.10 07:35:05.245,1.43637,1.43645,6.38,1.13
2011.08.10 07:35:05.473,1.43636,1.43645,1.88,4.35
2011.08.10 07:35:06.734,1.43637,1.43645,1.88,1.13
2011.08.10 07:35:06.852,1.43637,1.43645,1.50,4.88
2011.08.10 07:35:08.153,1.43636,1.43644,1.50,1.13
2011.08.10 07:35:08.715,1.43635,1.43643,3.38,1.13
2011.08.10 07:35:08.836,1.43634,1.43643,1.88,2.63
2011.08.10 07:35:09.282,1.43634,1.43641,1.50,4.13
2011.08.10 07:35:09.841,1.43634,1.43643,1.50,6.00
2011.08.10 07:35:09.902,1.43642,1.43646,1.50,4.13
2011.08.10 07:35:10.138,1.43648,1.43652,1.13,1.13
2011.08.10 07:35:10.258,1.43649,1.43657,3.00,4.43
2011.08.10 07:35:10.381,1.43655,1.4366,2.10,5.55
2011.08.10 07:35:10.630,1.43657,1.43662,1.13,4.13
2011.08.10 07:35:10.853,1.43656,1.43664,1.13,4.13
2011.08.10 07:35:11.093,1.43656,1.43665,1.88,1.50
2011.08.10 07:35:11.542,1.43656,1.43664,1.50,1.13
2011.08.10 07:35:11.886,1.43656,1.43663,1.50,4.13
2011.08.10 07:35:12.678,1.43653,1.43661,1.13,3.75
2011.08.10 07:35:13.569,1.43652,1.43659,1.13,4.13
2011.08.10 07:35:13.793,1.43652,1.43662,1.50,6.00
2011.08.10 07:35:14.023,1.43654,1.43662,1.13,1.50
2011.08.10 07:35:14.584,1.43652,1.43661,4.88,1.13
2011.08.10 07:35:14.702,1.43652,1.43661,1.50,1.50
2011.08.10 07:35:15.544,1.43651,1.43659,1.88,4.13
2011.08.10 07:35:15.676,1.43648,1.43657,4.13,1.13
2011.08.10 07:35:15.905,1.43648,1.43655,1.88,2.25
2011.08.10 07:35:16.132,1.43641,1.4365,1.13,1.13
2011.08.10 07:35:16.487,1.43639,1.43648,1.13,2.25
2011.08.10 07:35:16.606,1.43638,1.43646,1.50,1.50
2011.08.10 07:35:16.943,1.43635,1.43644,2.63,1.50
2011.08.10 07:35:17.832,1.43635,1.43644,1.50,1.88
2011.08.10 07:35:18.391,1.43635,1.43644,1.73,5.25
2011.08.10 07:35:19.204,1.43644,1.43651,3.60,4.60
2011.08.10 07:35:19.450,1.4365,1.43656,1.50,5.25
2011.08.10 07:35:19.566,1.43652,1.43658,1.35,4.13
2011.08.10 07:35:20.012,1.43651,1.43656,1.35,3.75
2011.08.10 07:35:20.571,1.4365,1.43656,1.88,3.38
2011.08.10 07:35:20.693,1.43651,1.43659,1.13,1.88
2011.08.10 07:35:21.033,1.43649,1.43657,4.13,1.88
2011.08.10 07:35:21.263,1.43647,1.43654,1.13,1.13
2011.08.10 07:35:22.162,1.43648,1.43656,1.13,1.13
2011.08.10 07:35:22.945,1.4365,1.43658,1.13,1.88
2011.08.10 07:35:23.063,1.4365,1.43658,1.13,1.13
2011.08.10 07:35:23.404,1.43653,1.4366,1.50,1.13
2011.08.10 07:35:23.965,1.43654,1.43661,1.13,1.13
2011.08.10 07:35:24.204,1.43656,1.43665,2.25,2.63
2011.08.10 07:35:24.322,1.43656,1.43665,5.25,3.10
2011.08.10 07:35:24.445,1.43656,1.43665,1.13,2.35
2011.08.10 07:35:25.001,1.43655,1.43665,2.25,5.25
2011.08.10 07:35:27.374,1.43654,1.43663,1.50,4.50
2011.08.10 07:35:27.715,1.43647,1.43655,1.43,1.50
2011.08.10 07:35:27.942,1.43647,1.43656,1.88,5.63
2011.08.10 07:35:29.176,1.43645,1.43651,1.88,1.50
2011.08.10 07:35:29.303,1.43643,1.43652,1.88,1.50
2011.08.10 07:35:29.534,1.43645,1.43653,1.50,3.75
2011.08.10 07:35:29.764,1.43645,1.43654,1.88,1.50
2011.08.10 07:35:29.994,1.43649,1.43654,1.13,1.13
2011.08.10 07:35:30.228,1.43647,1.43655,1.13,4.83
2011.08.10 07:35:30.345,1.43641,1.43646,4.13,1.13
2011.08.10 07:35:30.682,1.43641,1.43647,1.13,1.13
2011.08.10 07:35:30.805,1.43641,1.43648,1.88,1.13
2011.08.10 07:35:31.144,1.43646,1.43654,1.13,3.91
2011.08.10 07:35:31.375,1.43649,1.43654,3.75,1.50
2011.08.10 07:35:32.316,1.43651,1.43655,1.35,1.13
2011.08.10 07:35:32.442,1.43651,1.43657,2.25,1.13
2011.08.10 07:35:32.917,1.43651,1.4366,3.75,5.03
2011.08.10 07:35:33.036,1.43654,1.43659,3.38,3.10
2011.08.10 07:35:33.156,1.43655,1.43661,1.13,1.28
2011.08.10 07:35:33.495,1.43656,1.43662,1.13,1.38
2011.08.10 07:35:35.047,1.43659,1.43666,1.50,2.25
2011.08.10 07:35:35.412,1.43661,1.43666,1.05,4.13
2011.08.10 07:35:35.647,1.4367,1.43677,3.68,1.35
2011.08.10 07:35:35.995,1.43666,1.43673,3.68,1.50
2011.08.10 07:35:36.552,1.43665,1.43672,4.43,1.13
2011.08.10 07:35:36.672,1.43664,1.43672,1.05,1.50
2011.08.10 07:35:37.345,1.43664,1.43672,1.05,1.50
2011.08.10 07:35:37.684,1.43666,1.43673,1.05,1.13
2011.08.10 07:35:38.253,1.43667,1.43674,1.13,3.38
2011.08.10 07:35:38.375,1.43671,1.43676,1.05,1.50
2011.08.10 07:35:38.605,1.43671,1.43679,1.05,2.25
2011.08.10 07:35:39.063,1.43676,1.43684,1.05,1.50
2011.08.10 07:35:39.182,1.43677,1.43685,3.98,1.50
2011.08.10 07:35:39.526,1.43673,1.43678,3.98,1.13
2011.08.10 07:35:39.647,1.43672,1.43678,1.05,1.13
2011.08.10 07:35:39.765,1.43672,1.43679,1.05,1.50
2011.08.10 07:35:39.996,1.43682,1.43687,1.35,3.01
2011.08.10 07:35:40.117,1.43682,1.43689,4.05,2.10
2011.08.10 07:35:40.238,1.43679,1.43687,2.47,5.25
2011.08.10 07:35:41.049,1.43678,1.43687,5.48,1.88
2011.08.10 07:35:42.594,1.43678,1.43687,1.80,2.25
2011.08.10 07:35:43.374,1.43679,1.43687,4.35,1.88
2011.08.10 07:35:44.825,1.43681,1.43689,1.05,2.25
2011.08.10 07:35:44.951,1.43685,1.43693,2.93,1.88
2011.08.10 07:35:45.736,1.43687,1.43693,1.05,1.50
2011.08.10 07:35:46.402,1.43686,1.43693,1.05,1.50
2011.08.10 07:35:46.747,1.43685,1.43694,1.43,1.60
2011.08.10 07:35:46.868,1.43684,1.43693,1.80,1.50
2011.08.10 07:35:47.204,1.43685,1.43692,1.13,4.23
2011.08.10 07:35:47.434,1.43685,1.43694,1.13,6.00
2011.08.10 07:35:47.991,1.43685,1.43694,2.18,1.50
2011.08.10 07:35:48.605,1.43681,1.4369,2.55,1.50
2011.08.10 07:35:48.947,1.4368,1.43687,3.68,1.73
2011.08.10 07:35:49.068,1.43678,1.43686,8.10,1.50
2011.08.10 07:35:49.189,1.43678,1.43686,5.48,1.23
2011.08.10 07:35:49.307,1.43678,1.43685,1.05,2.25
2011.08.10 07:35:49.655,1.43672,1.4368,1.73,1.13
2011.08.10 07:35:49.772,1.43675,1.43682,1.50,1.88
2011.08.10 07:35:50.115,1.43683,1.4369,2.10,1.05
2011.08.10 07:35:50.347,1.43686,1.4369,3.23,1.43
2011.08.10 07:35:50.467,1.4369,1.43695,2.12,3.38
2011.08.10 07:35:51.077,1.43692,1.43702,3.00,5.25
2011.08.10 07:35:51.197,1.43694,1.43702,1.50,4.13
2011.08.10 07:35:51.534,1.43698,1.43704,1.13,1.13
2011.08.10 07:35:51.766,1.437,1.43709,1.13,2.25
2011.08.10 07:35:51.886,1.43703,1.43709,1.50,1.50
2011.08.10 07:35:52.333,1.43701,1.4371,1.50,1.88
2011.08.10 07:35:52.454,1.43702,1.4371,1.13,1.13
2011.08.10 07:35:52.804,1.43693,1.437,3.00,1.13
2011.08.10 07:35:53.369,1.43697,1.43705,3.75,1.13
2011.08.10 07:35:53.505,1.43699,1.43706,1.50,1.13
2011.08.10 07:35:53.854,1.437,1.43708,3.00,4.88
2011.08.10 07:35:54.418,1.437,1.43708,2.25,4.50
2011.08.10 07:35:55.082,1.43698,1.43707,4.13,1.50
2011.08.10 07:35:56.070,1.43699,1.43709,1.50,5.85
2011.08.10 07:35:56.517,1.43701,1.43707,2.63,3.75
2011.08.10 07:35:56.743,1.43701,1.43708,2.63,1.13
2011.08.10 07:35:57.307,1.43702,1.4371,2.25,4.88
2011.08.10 07:35:57.426,1.43704,1.43712,2.25,6.38
2011.08.10 07:35:57.993,1.43705,1.43714,1.50,1.95
2011.08.10 07:35:58.444,1.43705,1.43714,1.50,1.88
2011.08.10 07:35:59.348,1.43705,1.43714,1.13,5.63
2011.08.10 07:35:59.906,1.43706,1.43714,1.13,4.13
2011.08.10 07:36:00.355,1.43705,1.43712,2.25,4.13
2011.08.10 07:36:00.476,1.43705,1.43714,2.63,8.25
2011.08.10 07:36:00.922,1.43705,1.43712,2.25,4.13
2011.08.10 07:36:01.044,1.43705,1.43714,2.63,4.88
2011.08.10 07:36:01.272,1.43706,1.43714,1.13,1.13
2011.08.10 07:36:01.831,1.43705,1.43714,3.00,1.13
2011.08.10 07:36:03.311,1.43705,1.43711,1.88,4.13
2011.08.10 07:36:03.663,1.43703,1.43709,3.08,3.75
2011.08.10 07:36:03.783,1.43705,1.43711,1.50,7.50
2011.08.10 07:36:04.232,1.43703,1.43709,2.63,3.75
2011.08.10 07:36:04.463,1.43705,1.43711,1.50,4.88
2011.08.10 07:36:04.806,1.43705,1.43712,2.25,1.13
2011.08.10 07:36:05.916,1.4371,1.43717,3.75,1.98
2011.08.10 07:36:06.273,1.43715,1.4372,1.50,1.50
2011.08.10 07:36:06.633,1.43716,1.43722,2.25,8.25
2011.08.10 07:36:06.866,1.43716,1.43724,1.13,2.63
2011.08.10 07:36:07.096,1.43724,1.43734,1.13,5.48
2011.08.10 07:36:07.439,1.43718,1.43727,1.13,1.35
2011.08.10 07:36:08.021,1.43718,1.43729,1.13,5.48
2011.08.10 07:36:08.155,1.43718,1.43728,1.13,5.35
2011.08.10 07:36:08.397,1.43714,1.43723,2.33,5.51
2011.08.10 07:36:08.627,1.43711,1.4372,3.75,7.60
2011.08.10 07:36:08.745,1.43709,1.43718,1.13,1.13
2011.08.10 07:36:09.085,1.43707,1.43717,4.13,1.60
2011.08.10 07:36:09.204,1.43706,1.43715,1.13,1.13
2011.08.10 07:36:10.098,1.43706,1.43716,2.63,4.60
2011.08.10 07:36:10.671,1.43708,1.43715,1.13,1.13
2011.08.10 07:36:10.811,1.43709,1.43717,3.38,1.88
2011.08.10 07:36:11.384,1.43709,1.43715,1.88,1.13
2011.08.10 07:36:11.944,1.43709,1.43716,2.25,1.13
2011.08.10 07:36:12.503,1.43709,1.43715,1.88,1.13
2011.08.10 07:36:13.248,1.43709,1.43716,2.25,1.13
2011.08.10 07:36:16.315,1.4371,1.43717,3.75,1.13
2011.08.10 07:36:16.654,1.43718,1.43725,3.00,2.63
2011.08.10 07:36:16.777,1.43718,1.43725,5.25,1.13
2011.08.10 07:36:18.073,1.4372,1.43728,5.25,1.13
2011.08.10 07:36:20.414,1.43721,1.43727,1.13,1.50
2011.08.10 07:36:20.537,1.43722,1.4373,4.50,1.88
2011.08.10 07:36:22.356,1.43721,1.43727,2.25,1.05
2011.08.10 07:36:22.911,1.43722,1.4373,4.88,1.50
2011.08.10 07:36:23.258,1.43724,1.4373,4.13,2.25
2011.08.10 07:36:23.486,1.43718,1.43725,1.35,1.88
2011.08.10 07:36:23.603,1.4372,1.43725,1.05,1.88
2011.08.10 07:36:23.724,1.43717,1.43723,1.05,1.50
2011.08.10 07:36:23.957,1.43716,1.43723,3.75,1.50
2011.08.10 07:36:24.193,1.43716,1.43721,3.38,1.50
2011.08.10 07:36:24.316,1.43716,1.43724,4.13,2.25
2011.08.10 07:36:24.435,1.43715,1.43724,4.44,2.25
2011.08.10 07:36:25.236,1.43715,1.43723,4.44,1.50
2011.08.10 07:36:25.903,1.43715,1.43721,3.69,1.50
2011.08.10 07:36:26.134,1.43715,1.43723,4.07,1.50
2011.08.10 07:36:26.366,1.43712,1.43721,4.35,1.50
2011.08.10 07:36:26.484,1.43715,1.43723,5.19,1.50
2011.08.10 07:36:27.041,1.43714,1.43723,5.57,1.50
2011.08.10 07:36:27.385,1.43711,1.43719,2.48,3.13
2011.08.10 07:36:27.616,1.43714,1.43721,4.44,1.50
2011.08.10 07:36:27.841,1.43713,1.43721,1.07,1.88
2011.08.10 07:36:28.624,1.43713,1.43721,1.13,1.88
2011.08.10 07:36:29.842,1.43712,1.43719,1.13,2.38
2011.08.10 07:36:30.294,1.43713,1.43719,2.25,2.38
2011.08.10 07:36:30.414,1.43714,1.43719,1.73,1.50
2011.08.10 07:36:30.643,1.43716,1.43723,1.73,4.13
2011.08.10 07:36:30.985,1.4372,1.43726,2.63,1.43
2011.08.10 07:36:31.107,1.43718,1.43726,2.26,4.88
2011.08.10 07:36:31.336,1.43723,1.43728,1.50,1.13
2011.08.10 07:36:31.457,1.43725,1.4373,1.50,6.60
2011.08.10 07:36:32.260,1.43724,1.4373,4.88,1.50
2011.08.10 07:36:32.388,1.43724,1.43731,6.00,1.50
2011.08.10 07:36:33.608,1.43724,1.43731,4.13,1.50
2011.08.10 07:36:33.728,1.43723,1.4373,2.63,2.48
2011.08.10 07:36:33.955,1.4372,1.43726,4.05,3.60
2011.08.10 07:36:34.184,1.43718,1.43727,2.55,1.50
2011.08.10 07:36:34.306,1.43721,1.43727,4.13,1.13
2011.08.10 07:36:34.644,1.43721,1.43728,4.13,4.88
2011.08.10 07:36:34.871,1.43721,1.43728,4.88,1.50
2011.08.10 07:36:35.615,1.43725,1.43729,1.88,1.13
2011.08.10 07:36:35.980,1.43732,1.43737,2.78,3.75
2011.08.10 07:36:36.101,1.43737,1.43743,3.38,1.50
2011.08.10 07:36:36.345,1.43738,1.43746,5.63,1.05
2011.08.10 07:36:36.903,1.43738,1.43745,1.50,1.13
2011.08.10 07:36:37.462,1.43737,1.43745,5.25,1.13
2011.08.10 07:36:38.549,1.43738,1.43746,4.50,1.13
2011.08.10 07:36:38.774,1.43738,1.43746,1.50,1.50
2011.08.10 07:36:38.900,1.4374,1.43746,1.88,1.13
2011.08.10 07:36:39.250,1.43745,1.4375,1.50,2.85
2011.08.10 07:36:39.818,1.43741,1.43748,1.13,1.13
2011.08.10 07:36:40.159,1.43744,1.43749,1.50,1.13
2011.08.10 07:36:40.949,1.43745,1.43751,1.50,3.30
2011.08.10 07:36:41.321,1.43743,1.43756,1.50,3.53
2011.08.10 07:36:41.447,1.43746,1.43755,1.50,1.05
2011.08.10 07:36:42.006,1.43746,1.43758,2.63,1.13
2011.08.10 07:36:42.233,1.43749,1.43758,1.13,3.98
2011.08.10 07:36:42.794,1.4375,1.43759,2.25,1.88
2011.08.10 07:36:43.135,1.43751,1.4376,1.88,2.10
2011.08.10 07:36:43.679,1.43752,1.43762,2.25,1.72
2011.08.10 07:36:44.026,1.43753,1.43763,5.25,3.75
2011.08.10 07:36:44.381,1.43765,1.4377,3.75,1.87
2011.08.10 07:36:44.942,1.43764,1.43772,4.13,2.34
2011.08.10 07:36:45.398,1.43762,1.4377,1.13,1.59
2011.08.10 07:36:46.341,1.43765,1.43774,2.85,1.13
2011.08.10 07:36:46.589,1.43761,1.43769,1.05,3.03
2011.08.10 07:36:46.921,1.4376,1.43769,1.13,1.75
2011.08.10 07:36:47.267,1.43761,1.43771,2.63,1.58
2011.08.10 07:36:47.832,1.43762,1.43772,1.50,1.50
2011.08.10 07:36:48.064,1.43761,1.43767,1.88,1.88
2011.08.10 07:36:48.411,1.43755,1.43763,1.43,1.88
2011.08.10 07:36:48.990,1.43755,1.43762,4.50,1.50
2011.08.10 07:36:49.114,1.43753,1.43762,2.25,1.13
2011.08.10 07:36:49.673,1.43753,1.43762,2.63,1.13
2011.08.10 07:36:50.561,1.43753,1.4376,1.88,1.13
2011.08.10 07:36:50.794,1.43752,1.43759,1.13,1.13
2011.08.10 07:36:51.903,1.43751,1.43759,1.13,3.38
2011.08.10 07:36:52.656,1.43741,1.43748,25.03,1.35
2011.08.10 07:36:53.221,1.4374,1.43748,1.50,1.50
2011.08.10 07:36:53.782,1.4374,1.43747,1.13,1.13
2011.08.10 07:36:54.347,1.43737,1.43745,4.88,3.33
2011.08.10 07:36:54.685,1.43733,1.4374,1.13,1.60
2011.08.10 07:36:54.914,1.43734,1.4374,1.13,1.60
2011.08.10 07:36:55.491,1.43733,1.4374,1.88,2.73
2011.08.10 07:36:55.611,1.43736,1.43741,4.13,1.23
2011.08.10 07:36:56.175,1.43735,1.43741,1.13,1.13
2011.08.10 07:36:56.953,1.43733,1.43741,5.25,1.13
2011.08.10 07:36:57.184,1.43733,1.4374,1.13,1.13
2011.08.10 07:36:57.741,1.43732,1.4374,1.50,1.50
2011.08.10 07:36:58.979,1.43732,1.4374,1.50,1.50
2011.08.10 07:37:00.543,1.43732,1.4374,6.00,1.50
2011.08.10 07:37:01.211,1.43732,1.4374,6.00,1.50
2011.08.10 07:37:01.771,1.43732,1.4374,6.00,1.50
2011.08.10 07:37:02.334,1.43733,1.4374,1.16,1.13
2011.08.10 07:37:02.455,1.43733,1.4374,1.91,1.13
2011.08.10 07:37:02.579,1.43737,1.43743,1.88,1.43
2011.08.10 07:37:03.121,1.43741,1.43747,1.13,1.05
2011.08.10 07:37:03.254,1.4374,1.43748,1.50,1.35
2011.08.10 07:37:03.376,1.43743,1.4375,1.88,1.88
2011.08.10 07:37:03.717,1.43737,1.43743,5.63,1.13
2011.08.10 07:37:03.840,1.4374,1.43748,1.88,4.95
2011.08.10 07:37:04.304,1.43737,1.43745,4.80,1.35
2011.08.10 07:37:04.537,1.43737,1.43745,1.50,2.25
2011.08.10 07:37:04.873,1.43735,1.43743,1.13,4.88
2011.08.10 07:37:06.611,1.43737,1.43744,1.13,1.13
2011.08.10 07:37:07.172,1.43737,1.43745,2.25,1.13
2011.08.10 07:37:08.830,1.43738,1.43746,3.75,1.13
2011.08.10 07:37:09.385,1.43738,1.43745,1.88,2.25
2011.08.10 07:37:09.985,1.43738,1.43745,1.13,1.13
2011.08.10 07:37:10.113,1.43738,1.43746,1.50,1.50
2011.08.10 07:37:10.673,1.43738,1.43746,1.50,1.13
2011.08.10 07:37:11.123,1.43735,1.43742,4.13,1.13
2011.08.10 07:37:11.243,1.43734,1.43742,1.88,1.50
2011.08.10 07:37:11.474,1.43737,1.43744,1.35,4.50
2011.08.10 07:37:11.596,1.43739,1.43747,1.13,1.80
2011.08.10 07:37:11.822,1.43739,1.43748,4.88,1.80
2011.08.10 07:37:11.941,1.43739,1.43748,4.88,1.50
2011.08.10 07:37:12.503,1.43739,1.43749,3.38,4.50
2011.08.10 07:37:12.734,1.43743,1.4375,1.50,1.13
2011.08.10 07:37:13.290,1.43743,1.4375,4.13,1.13
2011.08.10 07:37:14.342,1.43742,1.43751,2.63,1.88
2011.08.10 07:37:14.482,1.43741,1.43751,3.75,5.63
2011.08.10 07:37:14.612,1.43739,1.43746,5.63,1.13
2011.08.10 07:37:14.976,1.4373,1.43739,5.63,5.73
2011.08.10 07:37:15.437,1.43728,1.43736,1.50,1.60
2011.08.10 07:37:15.774,1.43727,1.43736,2.25,5.25
2011.08.10 07:37:16.117,1.43726,1.4373,1.50,2.35
2011.08.10 07:37:16.752,1.43721,1.43728,1.50,1.13
2011.08.10 07:37:17.314,1.4372,1.43728,1.88,1.13
2011.08.10 07:37:17.542,1.43718,1.43727,2.93,2.03
2011.08.10 07:37:17.887,1.43712,1.4372,1.13,6.63
2011.08.10 07:37:18.006,1.43711,1.43715,1.50,1.50
2011.08.10 07:37:18.123,1.43709,1.43715,3.75,1.60
2011.08.10 07:37:19.151,1.4371,1.43716,1.50,3.75
2011.08.10 07:37:19.393,1.43707,1.43714,1.13,4.13
2011.08.10 07:37:19.951,1.43707,1.43715,1.13,4.13
2011.08.10 07:37:20.414,1.43707,1.43713,1.13,3.75
2011.08.10 07:37:20.535,1.43706,1.43715,4.88,5.18
2011.08.10 07:37:20.655,1.43706,1.43713,1.13,4.13
2011.08.10 07:37:20.885,1.43705,1.43713,2.63,4.50
2011.08.10 07:37:21.111,1.43705,1.43714,5.63,2.50
2011.08.10 07:37:21.233,1.43705,1.43713,2.25,1.23
2011.08.10 07:37:21.791,1.43705,1.43713,1.88,4.60
2011.08.10 07:37:23.081,1.43702,1.43706,4.50,2.10
2011.08.10 07:37:23.438,1.43699,1.43707,1.35,1.38
2011.08.10 07:37:23.557,1.43698,1.43705,1.05,1.60
2011.08.10 07:37:24.114,1.43687,1.43697,5.48,2.03
2011.08.10 07:37:24.234,1.4369,1.43699,1.13,2.78
2011.08.10 07:37:24.585,1.43691,1.43699,3.00,1.13
2011.08.10 07:37:24.812,1.43691,1.43699,1.13,1.50
2011.08.10 07:37:25.483,1.4369,1.43699,1.13,2.03
2011.08.10 07:37:25.835,1.4368,1.43689,1.13,2.03
2011.08.10 07:37:25.954,1.4368,1.43689,1.13,2.03
2011.08.10 07:37:26.514,1.4368,1.43689,1.50,1.50
2011.08.10 07:37:27.744,1.43685,1.43692,1.13,10.13
2011.08.10 07:37:28.100,1.43686,1.43693,3.60,2.93
2011.08.10 07:37:28.891,1.43696,1.43704,1.13,2.63
2011.08.10 07:37:29.008,1.43694,1.43702,1.88,1.50
2011.08.10 07:37:29.124,1.43692,1.43701,2.63,3.75
2011.08.10 07:37:29.243,1.43693,1.43702,1.13,1.13
2011.08.10 07:37:29.472,1.43693,1.43703,5.63,1.50
2011.08.10 07:37:30.032,1.43695,1.43704,1.13,2.25
2011.08.10 07:37:30.709,1.43697,1.43706,3.23,3.38
2011.08.10 07:37:31.063,1.437,1.43705,2.25,3.38
2011.08.10 07:37:31.766,1.43701,1.43707,1.88,1.50
2011.08.10 07:37:31.996,1.43701,1.4371,1.13,2.63
2011.08.10 07:37:32.564,1.43703,1.43711,4.13,1.13
2011.08.10 07:37:32.920,1.43711,1.43717,1.88,1.50
2011.08.10 07:37:33.038,1.43709,1.43715,1.13,1.50
2011.08.10 07:37:33.945,1.43708,1.43717,1.50,4.66
2011.08.10 07:37:34.066,1.43711,1.43719,1.13,1.13
2011.08.10 07:37:34.183,1.43711,1.43721,1.88,5.04
2011.08.10 07:37:34.529,1.43718,1.43726,2.25,2.25
2011.08.10 07:37:34.649,1.43724,1.43729,1.13,8.48
2011.08.10 07:37:34.875,1.43724,1.43734,2.25,5.63
2011.08.10 07:37:35.446,1.43723,1.43731,1.13,1.50
2011.08.10 07:37:35.786,1.43723,1.43732,2.25,1.50
2011.08.10 07:37:36.410,1.43723,1.43732,2.25,1.50
2011.08.10 07:37:36.744,1.43721,1.43725,1.13,1.13
2011.08.10 07:37:37.101,1.43719,1.43725,2.25,1.80
2011.08.10 07:37:37.229,1.43718,1.43725,1.13,1.80
2011.08.10 07:37:37.351,1.43714,1.43722,3.75,3.00
2011.08.10 07:37:37.693,1.43712,1.43719,1.13,1.13
2011.08.10 07:37:38.454,1.43712,1.43719,1.13,1.13
2011.08.10 07:37:38.586,1.43706,1.43714,1.50,1.23
2011.08.10 07:37:39.160,1.43703,1.43708,1.88,1.88
2011.08.10 07:37:39.274,1.43698,1.43707,3.38,1.50
2011.08.10 07:37:39.725,1.43697,1.43705,1.13,3.48
2011.08.10 07:37:39.963,1.43695,1.43705,1.88,5.35
2011.08.10 07:37:40.634,1.43695,1.43705,2.63,5.35
2011.08.10 07:37:41.209,1.43695,1.43703,1.50,4.13
2011.08.10 07:37:41.557,1.43694,1.437,2.25,4.13
2011.08.10 07:37:41.677,1.43692,1.437,4.13,4.13
2011.08.10 07:37:42.238,1.43691,1.43699,1.88,4.50
2011.08.10 07:37:43.234,1.43692,1.43699,1.88,4.13
2011.08.10 07:37:43.790,1.43691,1.43699,2.25,4.13
2011.08.10 07:37:44.236,1.43693,1.437,3.75,1.50
2011.08.10 07:37:44.792,1.43691,1.437,1.88,1.13
2011.08.10 07:37:44.918,1.43692,1.437,1.13,1.50
2011.08.10 07:37:45.363,1.43691,1.437,1.88,2.48
2011.08.10 07:37:45.486,1.43689,1.43698,1.13,2.93
2011.08.10 07:37:45.603,1.43689,1.43697,1.88,5.25
2011.08.10 07:37:45.841,1.43686,1.43693,1.05,3.60
2011.08.10 07:37:46.185,1.43682,1.43692,1.88,4.13
2011.08.10 07:37:46.854,1.43684,1.43693,1.13,3.60
2011.08.10 07:37:47.198,1.43684,1.43692,1.13,1.88
2011.08.10 07:37:47.883,1.43676,1.4368,1.13,2.25
2011.08.10 07:37:48.130,1.43676,1.43683,3.38,7.88
2011.08.10 07:37:48.249,1.43678,1.43686,1.50,1.05
2011.08.10 07:37:48.368,1.43678,1.43688,1.88,5.25
2011.08.10 07:37:48.484,1.4368,1.4369,1.50,5.25
2011.08.10 07:37:49.153,1.43681,1.4369,1.13,1.50
2011.08.10 07:37:49.824,1.43682,1.4369,4.13,1.13
2011.08.10 07:37:50.272,1.43681,1.4369,1.13,1.50
2011.08.10 07:37:50.394,1.43684,1.4369,3.75,1.50
2011.08.10 07:37:50.733,1.4368,1.43687,3.75,2.25
2011.08.10 07:37:50.964,1.43681,1.43687,1.13,5.25
2011.08.10 07:37:51.542,1.43679,1.43685,1.13,4.13
2011.08.10 07:37:52.116,1.4368,1.43687,1.13,8.25
2011.08.10 07:37:52.456,1.43681,1.43689,1.13,4.88
2011.08.10 07:37:52.572,1.43681,1.43689,1.13,1.50
2011.08.10 07:37:52.695,1.43682,1.43688,1.13,4.13
2011.08.10 07:37:52.922,1.43682,1.4369,1.88,4.13
2011.08.10 07:37:53.154,1.43682,1.43691,2.25,1.66
2011.08.10 07:37:53.386,1.43685,1.4369,1.50,1.13
2011.08.10 07:37:53.734,1.4369,1.43696,2.25,4.13
2011.08.10 07:37:54.297,1.43693,1.437,3.00,1.35
2011.08.10 07:37:54.419,1.43693,1.43699,3.00,4.50
2011.08.10 07:37:54.973,1.43694,1.43699,1.13,4.50
2011.08.10 07:37:55.533,1.43692,1.43698,2.63,3.75
2011.08.10 07:37:56.093,1.43691,1.43698,1.88,8.73
2011.08.10 07:37:56.874,1.43689,1.43696,1.88,4.13
2011.08.10 07:37:56.994,1.43691,1.43697,1.88,4.13
2011.08.10 07:37:58.157,1.43682,1.43686,7.88,3.75
2011.08.10 07:37:58.281,1.43681,1.43687,1.88,4.50
2011.08.10 07:37:58.623,1.43682,1.43688,2.25,4.13
2011.08.10 07:37:59.183,1.43684,1.43689,1.50,1.35
2011.08.10 07:37:59.743,1.43682,1.43688,1.13,4.50
2011.08.10 07:38:00.306,1.43681,1.43687,2.25,4.50
2011.08.10 07:38:01.094,1.43675,1.43682,2.25,1.73
2011.08.10 07:38:01.213,1.43674,1.43681,2.55,1.13
2011.08.10 07:38:01.994,1.43675,1.43681,1.13,3.75
2011.08.10 07:38:02.339,1.43679,1.43686,2.25,4.38
2011.08.10 07:38:02.566,1.43679,1.43686,2.25,4.13
2011.08.10 07:38:03.371,1.43679,1.43685,1.50,7.88
2011.08.10 07:38:03.499,1.43677,1.43683,2.25,3.75
2011.08.10 07:38:03.726,1.43677,1.43685,2.25,8.63
2011.08.10 07:38:03.956,1.43677,1.43682,1.50,1.23
2011.08.10 07:38:04.199,1.43671,1.43678,1.13,6.60
2011.08.10 07:38:04.424,1.43669,1.43675,2.63,1.13
2011.08.10 07:38:05.201,1.43668,1.43676,3.75,4.13
2011.08.10 07:38:05.324,1.43668,1.43677,4.13,4.88
2011.08.10 07:38:06.354,1.4367,1.43677,1.50,3.75
2011.08.10 07:38:06.710,1.43678,1.43684,1.88,1.50
2011.08.10 07:38:07.071,1.43678,1.43685,2.63,4.13
2011.08.10 07:38:07.197,1.43678,1.43687,4.50,1.13
2011.08.10 07:38:07.316,1.4368,1.43688,1.50,4.50
2011.08.10 07:38:07.543,1.43679,1.43686,1.50,4.13
2011.08.10 07:38:09.117,1.4368,1.43688,1.50,7.50
2011.08.10 07:38:09.468,1.43677,1.43685,1.13,4.35
2011.08.10 07:38:09.594,1.43675,1.43681,4.13,2.20
2011.08.10 07:38:09.952,1.43669,1.43675,3.75,2.35
2011.08.10 07:38:10.078,1.43667,1.43675,1.50,2.73
2011.08.10 07:38:10.195,1.43669,1.43675,1.50,1.23
2011.08.10 07:38:10.962,1.43667,1.43676,1.88,1.83
2011.08.10 07:38:11.080,1.43667,1.43674,1.50,4.13
2011.08.10 07:38:11.414,1.43666,1.43675,3.38,1.50
2011.08.10 07:38:11.976,1.43668,1.43677,1.88,4.13
2011.08.10 07:38:12.533,1.43668,1.43677,1.50,1.13
2011.08.10 07:38:12.872,1.43668,1.43676,1.13,4.13
2011.08.10 07:38:13.225,1.43671,1.43677,1.88,4.13
2011.08.10 07:38:13.347,1.43671,1.43679,2.25,4.13
2011.08.10 07:38:13.577,1.43673,1.43681,2.25,5.04
2011.08.10 07:38:14.264,1.43674,1.43683,1.88,1.29
2011.08.10 07:38:14.496,1.43675,1.43685,4.88,2.25
2011.08.10 07:38:15.052,1.43676,1.43685,3.75,1.50
2011.08.10 07:38:15.173,1.43676,1.43684,1.13,1.13
2011.08.10 07:38:15.735,1.43675,1.43684,1.13,2.79
2011.08.10 07:38:16.291,1.43673,1.43683,6.00,1.50
2011.08.10 07:38:17.574,1.43673,1.43682,2.25,1.13
2011.08.10 07:38:18.583,1.43673,1.43682,1.13,1.50
2011.08.10 07:38:18.815,1.43672,1.43681,1.13,1.13
2011.08.10 07:38:19.372,1.43671,1.4368,1.50,1.50
2011.08.10 07:38:19.827,1.4367,1.43677,4.88,1.13
2011.08.10 07:38:20.056,1.43669,1.43678,1.13,1.88
2011.08.10 07:38:20.701,1.43669,1.43679,7.35,1.50
2011.08.10 07:38:20.827,1.43673,1.43678,0.75,3.00
2011.08.10 07:38:20.947,1.43679,1.4369,2.10,3.75
2011.08.10 07:38:21.072,1.43682,1.43687,3.38,1.08
2011.08.10 07:38:21.304,1.43679,1.43688,3.97,5.25
2011.08.10 07:38:21.534,1.43681,1.43688,2.25,4.50
2011.08.10 07:38:21.874,1.43684,1.43692,1.88,1.23
2011.08.10 07:38:22.103,1.43683,1.43692,1.88,4.88
2011.08.10 07:38:22.448,1.43683,1.4369,1.88,3.75
2011.08.10 07:38:22.564,1.43686,1.43693,1.13,1.13
2011.08.10 07:38:23.472,1.43685,1.43693,1.50,7.50
2011.08.10 07:38:24.046,1.43684,1.43689,1.88,4.13
2011.08.10 07:38:24.165,1.43681,1.43689,1.88,4.50
2011.08.10 07:38:24.396,1.43681,1.43688,4.13,3.75
2011.08.10 07:38:24.757,1.43675,1.43682,4.43,1.73
2011.08.10 07:38:25.323,1.43677,1.43684,1.13,3.75
2011.08.10 07:38:25.665,1.43677,1.43688,2.48,5.73
2011.08.10 07:38:26.287,1.43683,1.43688,1.13,3.38
2011.08.10 07:38:26.416,1.43685,1.43691,3.38,1.50
2011.08.10 07:38:26.542,1.43682,1.4369,4.50,1.88
2011.08.10 07:38:26.776,1.43681,1.43689,1.13,4.50
2011.08.10 07:38:27.003,1.43681,1.43688,1.88,4.50
2011.08.10 07:38:27.453,1.43681,1.43689,3.75,4.13
2011.08.10 07:38:27.794,1.43681,1.43687,1.88,4.13
2011.08.10 07:38:28.245,1.4368,1.43688,1.88,8.95
2011.08.10 07:38:28.365,1.43684,1.43692,1.50,2.55
2011.08.10 07:38:28.488,1.4369,1.43694,1.13,7.15
2011.08.10 07:38:29.094,1.43688,1.43695,1.13,4.13
2011.08.10 07:38:29.772,1.43688,1.43697,1.50,4.13
2011.08.10 07:38:30.443,1.43689,1.43698,1.13,9.23
2011.08.10 07:38:30.785,1.43689,1.43694,1.13,1.13
2011.08.10 07:38:31.344,1.43689,1.43696,1.50,7.50
2011.08.10 07:38:31.957,1.43691,1.43697,2.25,4.13
2011.08.10 07:38:32.518,1.43691,1.43699,2.25,7.73
2011.08.10 07:38:32.852,1.43702,1.43707,1.50,1.13
2011.08.10 07:38:33.219,1.437,1.43705,4.43,6.88
2011.08.10 07:38:33.576,1.4369,1.43698,1.50,4.13
2011.08.10 07:38:33.698,1.43694,1.437,4.50,3.23
2011.08.10 07:38:33.816,1.43697,1.43701,1.50,3.91
2011.08.10 07:38:33.938,1.43695,1.437,1.88,3.38
2011.08.10 07:38:34.056,1.43697,1.43706,2.25,6.91
2011.08.10 07:38:35.234,1.43699,1.43707,1.50,4.88
2011.08.10 07:38:35.791,1.43699,1.43707,2.25,4.13
2011.08.10 07:38:36.139,1.43698,1.43703,1.50,4.50
2011.08.10 07:38:36.486,1.43693,1.43701,2.63,4.13
2011.08.10 07:38:36.822,1.43697,1.43706,2.25,9.75
2011.08.10 07:38:37.055,1.43697,1.43704,1.50,3.38
2011.08.10 07:38:37.175,1.43697,1.43705,1.50,1.13
2011.08.10 07:38:37.734,1.43698,1.43706,1.88,5.25
2011.08.10 07:38:38.338,1.43698,1.43705,1.50,1.13
2011.08.10 07:38:38.898,1.43699,1.43703,3.75,1.50
2011.08.10 07:38:39.020,1.43697,1.43706,1.50,6.38
2011.08.10 07:38:39.247,1.43695,1.43701,1.50,4.50
2011.08.10 07:38:39.366,1.43698,1.43705,1.50,3.38
2011.08.10 07:38:39.716,1.43697,1.43704,1.50,1.13
2011.08.10 07:38:40.276,1.43698,1.43702,1.50,3.75
2011.08.10 07:38:40.397,1.43699,1.43705,2.25,3.75
2011.08.10 07:38:40.516,1.43699,1.43706,1.50,8.85
2011.08.10 07:38:41.142,1.43697,1.43705,1.80,1.13
2011.08.10 07:38:41.265,1.43697,1.43703,1.50,3.75
2011.08.10 07:38:41.603,1.43694,1.437,1.88,4.13
2011.08.10 07:38:41.723,1.43693,1.43699,2.25,3.75
2011.08.10 07:38:42.282,1.43692,1.43699,1.50,4.13
2011.08.10 07:38:42.516,1.4369,1.43697,1.88,3.75
2011.08.10 07:38:42.855,1.43685,1.4369,1.13,1.13
2011.08.10 07:38:42.975,1.43684,1.4369,1.50,4.88
2011.08.10 07:38:43.095,1.43681,1.4369,3.38,4.88
2011.08.10 07:38:43.217,1.43679,1.43687,1.50,1.45
2011.08.10 07:38:43.553,1.43678,1.43686,1.73,4.13
2011.08.10 07:38:44.170,1.43674,1.43681,3.38,4.13
2011.08.10 07:38:44.723,1.43675,1.43682,1.13,4.13
2011.08.10 07:38:44.842,1.43676,1.43684,1.73,4.13
2011.08.10 07:38:45.182,1.43677,1.43686,1.73,9.00
2011.08.10 07:38:45.304,1.43678,1.43686,1.73,4.88
2011.08.10 07:38:45.533,1.43678,1.43687,2.85,1.13
2011.08.10 07:38:45.763,1.43678,1.43686,2.48,4.13
2011.08.10 07:38:46.216,1.43678,1.43687,2.10,1.13
2011.08.10 07:38:46.446,1.4368,1.43688,1.13,1.13
2011.08.10 07:38:47.224,1.43681,1.43688,2.10,1.13
2011.08.10 07:38:47.457,1.43685,1.43694,1.88,1.13
2011.08.10 07:38:48.122,1.43686,1.43694,1.88,1.13
2011.08.10 07:38:48.465,1.43687,1.43696,1.88,1.88
2011.08.10 07:38:49.021,1.43688,1.43696,1.13,1.88
2011.08.10 07:38:49.142,1.43687,1.43696,1.50,5.63
2011.08.10 07:38:49.492,1.4369,1.43699,1.88,6.83
2011.08.10 07:38:50.051,1.43689,1.43697,1.88,4.13
2011.08.10 07:38:50.706,1.43689,1.43696,1.88,4.13
2011.08.10 07:38:50.830,1.43689,1.43697,1.50,4.13
2011.08.10 07:38:51.275,1.43689,1.43697,1.88,4.88
2011.08.10 07:38:51.942,1.43689,1.43697,1.50,4.13
2011.08.10 07:38:52.172,1.4369,1.43698,1.13,5.55
2011.08.10 07:38:53.062,1.4369,1.43698,1.50,4.43
2011.08.10 07:38:54.816,1.43689,1.43696,2.85,1.13
2011.08.10 07:38:55.154,1.43689,1.43697,1.50,3.75
2011.08.10 07:38:55.382,1.4369,1.43698,1.13,1.13
2011.08.10 07:38:56.053,1.43689,1.43698,1.50,5.63
2011.08.10 07:38:56.728,1.43692,1.437,1.13,5.25
2011.08.10 07:38:56.845,1.43692,1.437,4.50,4.50
2011.08.10 07:38:57.294,1.43691,1.437,1.88,4.88
2011.08.10 07:38:57.893,1.43694,1.437,2.25,6.30
2011.08.10 07:38:58.020,1.43695,1.43701,3.30,4.50
2011.08.10 07:38:58.147,1.43697,1.43701,1.50,3.75
2011.08.10 07:38:58.383,1.43698,1.43703,1.50,2.85
2011.08.10 07:38:58.505,1.43698,1.43706,2.25,3.75
2011.08.10 07:38:58.622,1.43699,1.43707,1.13,4.88
2011.08.10 07:38:59.076,1.43701,1.43708,1.50,5.55
2011.08.10 07:38:59.197,1.43701,1.4371,2.25,5.55
2011.08.10 07:38:59.751,1.43702,1.43711,2.63,1.13
2011.08.10 07:39:00.414,1.43713,1.4372,1.13,1.13
2011.08.10 07:39:01.194,1.43715,1.43721,1.88,4.13
2011.08.10 07:39:01.751,1.43715,1.43722,2.63,4.13
2011.08.10 07:39:02.090,1.43715,1.43723,3.00,1.13
2011.08.10 07:39:02.655,1.43716,1.43725,1.50,5.73
2011.08.10 07:39:02.772,1.43717,1.43725,1.13,2.35
2011.08.10 07:39:03.003,1.43716,1.43725,1.50,5.73
2011.08.10 07:39:04.315,1.43713,1.4372,2.25,4.13
2011.08.10 07:39:04.654,1.43713,1.43722,2.25,6.60
2011.08.10 07:39:04.882,1.43713,1.4372,2.25,4.13
2011.08.10 07:39:05.224,1.43718,1.43725,1.13,1.05
2011.08.10 07:39:05.453,1.43718,1.43726,1.13,1.23
2011.08.10 07:39:05.576,1.43721,1.43728,1.50,4.98
2011.08.10 07:39:05.814,1.43721,1.4373,2.25,5.20
2011.08.10 07:39:05.933,1.43722,1.4373,1.13,1.13
2011.08.10 07:39:06.382,1.43722,1.4373,2.63,4.13
2011.08.10 07:39:06.831,1.43723,1.43732,1.50,6.00
2011.08.10 07:39:07.978,1.43722,1.43728,1.13,1.88
2011.08.10 07:39:08.334,1.43715,1.43724,4.88,2.95
2011.08.10 07:39:08.562,1.43714,1.43724,1.05,2.95
2011.08.10 07:39:09.016,1.43713,1.4372,1.88,1.13
2011.08.10 07:39:09.135,1.43711,1.4372,1.50,1.13
2011.08.10 07:39:09.691,1.43711,1.4372,4.43,1.13
2011.08.10 07:39:10.692,1.43712,1.43721,1.50,7.13
2011.08.10 07:39:11.036,1.43717,1.43723,1.50,4.05
2011.08.10 07:39:11.154,1.43719,1.43727,1.05,1.60
2011.08.10 07:39:11.664,1.4372,1.43727,3.68,1.60
2011.08.10 07:39:11.792,1.43719,1.43727,2.55,1.13
2011.08.10 07:39:12.351,1.43718,1.43727,2.25,3.75
2011.08.10 07:39:13.762,1.43717,1.43727,5.18,1.13
2011.08.10 07:39:13.996,1.43717,1.43724,1.05,1.13
2011.08.10 07:39:14.350,1.4372,1.4373,3.68,2.63
2011.08.10 07:39:14.685,1.43718,1.43727,8.10,1.50
2011.08.10 07:39:15.318,1.43718,1.43728,1.80,1.50
2011.08.10 07:39:15.439,1.43718,1.43727,5.48,1.50
2011.08.10 07:39:15.670,1.4372,1.43728,1.05,1.13
2011.08.10 07:39:15.782,1.43722,1.43729,1.05,1.13
2011.08.10 07:39:16.122,1.43722,1.4373,4.73,1.50
2011.08.10 07:39:16.244,1.43722,1.4373,1.05,1.88
2011.08.10 07:39:16.366,1.43718,1.43724,4.88,1.50
2011.08.10 07:39:16.487,1.43719,1.43724,1.05,1.13
2011.08.10 07:39:16.726,1.43712,1.4372,1.05,1.13
2011.08.10 07:39:16.953,1.43711,1.4372,1.80,1.13
2011.08.10 07:39:17.292,1.43711,1.43719,1.50,3.75
2011.08.10 07:39:17.412,1.43712,1.4372,1.05,1.88
2011.08.10 07:39:17.754,1.43712,1.4372,2.40,1.13
2011.08.10 07:39:17.875,1.43715,1.43722,1.05,1.50
2011.08.10 07:39:18.323,1.43716,1.43724,1.05,2.63
2011.08.10 07:39:18.817,1.43714,1.43723,2.18,1.73
2011.08.10 07:39:19.279,1.43707,1.43712,1.50,1.50
2011.08.10 07:39:19.629,1.43697,1.43703,1.05,3.23
2011.08.10 07:39:19.979,1.43688,1.43696,1.43,4.50
2011.08.10 07:39:20.209,1.43692,1.43697,3.38,4.13
2011.08.10 07:39:20.433,1.43687,1.43695,1.80,1.13
2011.08.10 07:39:21.193,1.43691,1.43698,4.50,4.23
2011.08.10 07:39:21.323,1.43694,1.43702,1.50,1.88
2011.08.10 07:39:21.664,1.43695,1.43702,1.65,1.50
2011.08.10 07:39:21.897,1.43697,1.43705,1.80,1.13
2011.08.10 07:39:22.896,1.43697,1.43705,1.05,1.88
2011.08.10 07:39:23.233,1.43695,1.43704,1.05,2.25
2011.08.10 07:39:23.575,1.43701,1.43705,1.50,6.75
2011.08.10 07:39:23.931,1.43705,1.43711,1.13,2.48
2011.08.10 07:39:24.055,1.43702,1.4371,4.13,1.35
2011.08.10 07:39:24.617,1.437,1.43708,4.13,1.13
2011.08.10 07:39:24.743,1.43698,1.43707,1.13,1.98
2011.08.10 07:39:25.083,1.43697,1.43707,3.38,4.08
2011.08.10 07:39:25.203,1.43698,1.43707,1.35,2.25
2011.08.10 07:39:25.325,1.43699,1.43707,1.50,2.35
2011.08.10 07:39:25.994,1.43697,1.43708,1.80,4.35
2011.08.10 07:39:26.115,1.43697,1.43705,1.43,1.50
2011.08.10 07:39:26.454,1.43696,1.43707,5.25,6.70
2011.08.10 07:39:26.572,1.43695,1.43705,1.88,1.13
2011.08.10 07:39:26.693,1.43695,1.43704,1.88,1.50
2011.08.10 07:39:26.813,1.43696,1.43705,6.60,2.63
2011.08.10 07:39:27.921,1.43696,1.43704,2.10,1.13
2011.08.10 07:39:28.850,1.43696,1.43704,6.60,1.13
2011.08.10 07:39:29.193,1.43696,1.43702,4.50,2.25
2011.08.10 07:39:29.312,1.43693,1.43701,2.25,1.13
2011.08.10 07:39:29.984,1.43696,1.43702,4.13,1.50
2011.08.10 07:39:30.105,1.43695,1.43703,1.13,2.25
2011.08.10 07:39:30.553,1.43694,1.43701,4.50,2.25
2011.08.10 07:39:31.004,1.43695,1.43702,1.73,1.13
2011.08.10 07:39:31.239,1.43695,1.437,4.50,1.88
2011.08.10 07:39:31.467,1.43692,1.43698,4.88,1.50
2011.08.10 07:39:32.328,1.43693,1.437,4.13,1.88
2011.08.10 07:39:32.446,1.43691,1.43698,1.50,2.25
2011.08.10 07:39:33.772,1.43692,1.43698,4.13,1.50
2011.08.10 07:39:34.003,1.43692,1.43698,1.13,2.25
2011.08.10 07:39:35.004,1.43692,1.437,8.10,3.10
2011.08.10 07:39:35.122,1.43695,1.43702,1.13,1.60
2011.08.10 07:39:35.859,1.43695,1.43702,3.00,1.50
2011.08.10 07:39:39.064,1.43695,1.43703,1.13,2.63
2011.08.10 07:39:39.833,1.43696,1.43703,2.10,2.63
2011.08.10 07:39:39.965,1.43697,1.43706,5.93,3.00
2011.08.10 07:39:40.304,1.43695,1.43701,4.13,2.25
2011.08.10 07:39:40.533,1.43695,1.43701,3.00,2.25
2011.08.10 07:39:41.455,1.43693,1.43699,4.50,2.25
2011.08.10 07:39:41.576,1.43692,1.43699,5.25,2.25
2011.08.10 07:39:41.695,1.4369,1.43697,1.13,2.25
2011.08.10 07:39:42.253,1.43691,1.43697,1.88,1.50
2011.08.10 07:39:42.373,1.43694,1.437,4.13,1.88
2011.08.10 07:39:42.497,1.43699,1.43705,2.85,1.13
2011.08.10 07:39:42.614,1.437,1.43706,4.35,5.18
2011.08.10 07:39:43.062,1.43701,1.43708,4.88,4.23
2011.08.10 07:39:43.401,1.43701,1.43709,1.88,3.38
2011.08.10 07:39:44.179,1.43699,1.43709,9.38,2.48
2011.08.10 07:39:44.300,1.43695,1.43704,2.10,1.13
2011.08.10 07:39:44.647,1.4369,1.43698,4.50,3.00
2011.08.10 07:39:44.985,1.43689,1.43697,3.00,3.00
2011.08.10 07:39:45.324,1.4369,1.43697,4.50,2.63
2011.08.10 07:39:46.652,1.43688,1.43696,6.30,1.60
2011.08.10 07:39:47.323,1.43688,1.43696,6.30,3.00
2011.08.10 07:39:48.764,1.43688,1.43696,3.30,3.10
2011.08.10 07:39:49.385,1.43687,1.43695,1.43,3.38
2011.08.10 07:39:49.513,1.43679,1.43687,2.85,3.00
2011.08.10 07:39:50.072,1.43678,1.43685,5.25,1.98
2011.08.10 07:39:50.961,1.4368,1.43686,4.13,1.50
2011.08.10 07:39:51.523,1.43678,1.43686,8.25,1.50
2011.08.10 07:39:51.642,1.43677,1.43686,8.40,1.98
2011.08.10 07:39:52.329,1.43678,1.43685,4.50,1.98
2011.08.10 07:39:52.663,1.43677,1.43683,2.18,1.60
2011.08.10 07:39:53.002,1.43676,1.43684,1.05,3.48
2011.08.10 07:39:53.125,1.43678,1.43684,1.73,1.23
2011.08.10 07:39:53.462,1.43679,1.43687,4.50,1.13
2011.08.10 07:39:53.803,1.43678,1.43687,6.98,1.50
2011.08.10 07:39:54.472,1.43679,1.43689,1.51,6.00
2011.08.10 07:39:54.813,1.43679,1.43687,1.13,1.88
2011.08.10 07:39:55.150,1.43679,1.43687,1.13,1.88
2011.08.10 07:39:55.371,1.43679,1.43687,1.13,1.88
2011.08.10 07:39:56.100,1.43679,1.43689,1.13,4.50
2011.08.10 07:39:56.434,1.43679,1.43688,1.13,1.50
2011.08.10 07:39:56.992,1.43679,1.43688,1.13,1.50
2011.08.10 07:39:57.224,1.43679,1.43688,5.11,1.50
2011.08.10 07:39:57.563,1.43681,1.4369,3.76,1.13
2011.08.10 07:39:57.908,1.43684,1.43691,1.13,1.88
2011.08.10 07:39:58.025,1.43687,1.43693,3.75,2.25
2011.08.10 07:39:58.253,1.43687,1.43693,4.13,1.13
2011.08.10 07:39:58.703,1.43686,1.43693,1.13,1.13
2011.08.10 07:39:58.933,1.43684,1.43692,2.11,1.13
2011.08.10 07:39:59.053,1.43684,1.43694,1.73,2.25
2011.08.10 07:39:59.877,1.43685,1.43694,4.13,2.63
2011.08.10 07:40:00.330,1.43683,1.43689,5.25,2.25
2011.08.10 07:40:00.452,1.43683,1.43688,1.73,1.50
2011.08.10 07:40:00.576,1.43684,1.43694,2.26,4.88
2011.08.10 07:40:00.698,1.43685,1.43693,1.13,2.18
2011.08.10 07:40:01.034,1.43685,1.43694,1.13,1.50
2011.08.10 07:40:01.374,1.43685,1.43692,3.75,1.13
2011.08.10 07:40:01.497,1.43684,1.43689,1.13,1.13
2011.08.10 07:40:01.723,1.43685,1.43692,1.13,1.50
2011.08.10 07:40:01.844,1.43685,1.43695,1.13,4.50
2011.08.10 07:40:02.407,1.43692,1.43698,5.10,3.75
2011.08.10 07:40:02.527,1.43698,1.43704,1.35,1.13
2011.08.10 07:40:02.643,1.43698,1.43706,2.10,4.05
2011.08.10 07:40:02.763,1.43698,1.43707,2.48,1.88
2011.08.10 07:40:03.482,1.43699,1.43707,2.10,1.50
2011.08.10 07:40:03.933,1.43699,1.43707,1.13,4.88
2011.08.10 07:40:05.483,1.43699,1.43707,3.23,1.50
2011.08.10 07:40:05.608,1.43709,1.43715,2.48,3.75
2011.08.10 07:40:05.732,1.43708,1.43712,2.25,3.75
2011.08.10 07:40:05.963,1.43707,1.43714,2.25,1.13
2011.08.10 07:40:06.196,1.43707,1.43714,3.00,4.13
2011.08.10 07:40:06.729,1.43706,1.43714,1.13,1.50
2011.08.10 07:40:06.854,1.43704,1.43713,1.73,1.13
2011.08.10 07:40:07.088,1.43703,1.43712,3.75,4.50
2011.08.10 07:40:07.437,1.43699,1.43708,2.55,1.88
2011.08.10 07:40:07.554,1.43701,1.43708,2.10,1.88
2011.08.10 07:40:07.895,1.43708,1.43716,1.73,1.88
2011.08.10 07:40:08.233,1.43707,1.43716,5.63,4.88
2011.08.10 07:40:08.355,1.43707,1.43714,4.50,1.13
2011.08.10 07:40:08.582,1.43706,1.43712,1.05,1.88
2011.08.10 07:40:09.362,1.43705,1.43712,1.45,1.50
2011.08.10 07:40:10.684,1.43711,1.43715,1.88,3.75
2011.08.10 07:40:10.802,1.43711,1.4372,3.00,1.88
2011.08.10 07:40:11.033,1.43711,1.43719,2.63,4.50
2011.08.10 07:40:11.703,1.43711,1.43719,5.63,4.13
2011.08.10 07:40:11.824,1.43714,1.43721,3.98,1.13
2011.08.10 07:40:11.946,1.43717,1.43724,2.48,4.13
2011.08.10 07:40:12.282,1.43717,1.43725,5.48,4.13
2011.08.10 07:40:12.623,1.43719,1.43728,1.13,5.63
2011.08.10 07:40:13.182,1.43719,1.43728,4.73,5.63
2011.08.10 07:40:13.743,1.43719,1.43728,2.93,5.63
2011.08.10 07:40:14.768,1.43725,1.43729,1.35,2.25
2011.08.10 07:40:15.019,1.43724,1.43728,2.10,3.75
2011.08.10 07:40:15.249,1.43729,1.43734,1.50,1.23
2011.08.10 07:40:15.366,1.43727,1.43732,1.50,1.50
2011.08.10 07:40:15.718,1.43722,1.43727,1.05,1.50
2011.08.10 07:40:15.947,1.43717,1.43728,1.13,3.38
2011.08.10 07:40:16.067,1.43716,1.43724,2.25,1.50
2011.08.10 07:40:16.621,1.43714,1.43721,8.85,3.75
2011.08.10 07:40:16.962,1.43713,1.43719,2.10,4.13
2011.08.10 07:40:17.824,1.43714,1.43721,5.47,4.13
2011.08.10 07:40:19.665,1.43714,1.43723,5.10,2.25
2011.08.10 07:40:19.786,1.43715,1.43721,1.88,3.75
2011.08.10 07:40:20.029,1.43724,1.4373,4.50,1.88
2011.08.10 07:40:20.151,1.43729,1.43735,1.88,2.10
2011.08.10 07:40:20.714,1.43729,1.43736,6.38,4.20
2011.08.10 07:40:21.472,1.43729,1.43736,8.78,4.13
2011.08.10 07:40:21.606,1.43732,1.43739,1.73,4.13
2011.08.10 07:40:23.274,1.4373,1.43739,7.05,5.63
2011.08.10 07:40:23.723,1.4373,1.43737,7.05,4.50
2011.08.10 07:40:24.751,1.43728,1.43736,7.65,1.13
2011.08.10 07:40:25.205,1.43728,1.43735,1.65,1.13
2011.08.10 07:40:25.876,1.43727,1.43735,5.93,1.13
2011.08.10 07:40:26.218,1.43725,1.43731,5.55,1.13
2011.08.10 07:40:26.445,1.43721,1.4373,2.48,4.88
2011.08.10 07:40:26.568,1.43719,1.43728,1.13,1.13
2011.08.10 07:40:26.688,1.43718,1.43725,1.13,1.50
2011.08.10 07:40:27.344,1.43718,1.43725,2.85,2.73
2011.08.10 07:40:27.471,1.43717,1.43725,1.43,1.50
2011.08.10 07:40:28.034,1.43717,1.43725,1.43,1.13
2011.08.10 07:40:28.161,1.4372,1.43726,2.25,3.85
2011.08.10 07:40:28.508,1.43719,1.43725,1.35,1.50
2011.08.10 07:40:28.625,1.4372,1.43728,1.13,1.80
2011.08.10 07:40:29.183,1.43719,1.43728,2.25,3.00
2011.08.10 07:40:29.633,1.43717,1.43726,2.10,4.88
2011.08.10 07:40:30.301,1.43716,1.43723,3.53,1.13
2011.08.10 07:40:30.434,1.43713,1.43721,1.50,1.13
2011.08.10 07:40:30.555,1.43711,1.43718,1.50,1.13
2011.08.10 07:40:30.896,1.4371,1.43717,2.25,4.50
2011.08.10 07:40:31.455,1.43708,1.43716,2.25,4.98
2011.08.10 07:40:31.797,1.43704,1.43708,1.13,2.25
2011.08.10 07:40:32.030,1.43697,1.43704,4.50,2.63
2011.08.10 07:40:32.148,1.43699,1.43706,2.10,5.25
2011.08.10 07:40:32.267,1.43696,1.43706,3.23,3.00
2011.08.10 07:40:32.927,1.43696,1.43706,3.98,1.13
2011.08.10 07:40:33.937,1.43698,1.43706,4.13,1.13
2011.08.10 07:40:34.499,1.43702,1.4371,2.48,8.73
2011.08.10 07:40:34.621,1.43704,1.4371,3.22,1.13
2011.08.10 07:40:34.738,1.43706,1.43711,1.50,1.50
2011.08.10 07:40:34.975,1.43705,1.43712,4.50,1.50
2011.08.10 07:40:36.347,1.43706,1.43714,2.10,1.50
2011.08.10 07:40:37.235,1.43705,1.43714,1.88,2.25
2011.08.10 07:40:37.575,1.43704,1.43712,1.88,5.63
2011.08.10 07:40:37.815,1.43706,1.43714,3.23,7.50
2011.08.10 07:40:38.155,1.43712,1.43717,3.75,3.00
2011.08.10 07:40:38.274,1.43707,1.43715,1.50,1.50
2011.08.10 07:40:38.612,1.43707,1.43716,5.63,1.50
2011.08.10 07:40:39.481,1.43706,1.43715,6.23,1.50
2011.08.10 07:40:39.825,1.43707,1.43714,2.85,4.13
2011.08.10 07:40:40.069,1.43708,1.43717,3.00,1.50
2011.08.10 07:40:40.188,1.43712,1.43718,1.50,4.13
2011.08.10 07:40:40.633,1.43713,1.4372,2.10,3.75
2011.08.10 07:40:40.753,1.43713,1.43721,2.10,1.13
2011.08.10 07:40:42.042,1.43713,1.43721,2.85,1.13
2011.08.10 07:40:42.604,1.43714,1.43722,1.50,1.50
2011.08.10 07:40:43.199,1.43714,1.43723,1.88,1.88
2011.08.10 07:40:43.861,1.43714,1.43723,1.88,1.13
2011.08.10 07:40:44.426,1.43713,1.43722,6.00,1.50
2011.08.10 07:40:44.652,1.43713,1.43721,1.88,3.75
2011.08.10 07:40:45.220,1.43713,1.43721,1.13,1.88
2011.08.10 07:40:45.559,1.43708,1.43715,4.88,1.13
2011.08.10 07:40:45.899,1.43704,1.4371,1.13,1.88
2011.08.10 07:40:46.017,1.43702,1.43708,1.13,1.13
2011.08.10 07:40:47.447,1.43703,1.4371,2.63,4.88
2011.08.10 07:40:47.570,1.43705,1.43711,1.88,1.13
2011.08.10 07:40:48.245,1.43704,1.43713,2.25,1.13
2011.08.10 07:40:48.472,1.43705,1.43714,4.13,1.88
2011.08.10 07:40:48.812,1.43709,1.43715,1.50,1.50
2011.08.10 07:40:49.262,1.43707,1.43715,1.13,1.88
2011.08.10 07:40:51.854,1.43708,1.43715,2.63,1.13
2011.08.10 07:40:52.302,1.4371,1.43716,2.25,1.13
2011.08.10 07:40:52.658,1.43717,1.43722,2.25,7.05
2011.08.10 07:40:52.992,1.4372,1.43725,3.00,3.75
2011.08.10 07:40:53.663,1.43724,1.43732,1.13,4.88
2011.08.10 07:40:54.380,1.43716,1.43723,4.13,2.25
2011.08.10 07:40:54.505,1.43714,1.43721,3.75,1.88
2011.08.10 07:40:54.629,1.43712,1.43717,1.05,1.13
2011.08.10 07:40:54.747,1.43709,1.43717,1.50,1.88
2011.08.10 07:40:54.974,1.43709,1.43716,3.60,1.13
2011.08.10 07:40:55.537,1.43708,1.43716,1.50,4.88
2011.08.10 07:40:56.093,1.43709,1.43716,3.22,1.13
2011.08.10 07:40:56.214,1.43709,1.43716,1.13,1.13
2011.08.10 07:40:56.820,1.43702,1.43707,1.05,1.13
2011.08.10 07:40:57.165,1.437,1.43706,1.50,4.88
2011.08.10 07:40:57.284,1.43698,1.43704,1.50,1.13
2011.08.10 07:40:57.403,1.43699,1.43706,1.13,4.13
2011.08.10 07:40:57.525,1.437,1.43706,2.25,3.75
2011.08.10 07:40:57.644,1.43701,1.43707,1.50,1.35
2011.08.10 07:40:57.767,1.43702,1.43708,2.25,4.80
2011.08.10 07:40:57.885,1.43702,1.43709,2.25,1.43
2011.08.10 07:40:58.007,1.43703,1.43712,1.50,6.23
2011.08.10 07:40:58.128,1.43704,1.43712,1.50,1.88
2011.08.10 07:40:58.683,1.43703,1.43712,5.63,1.88
2011.08.10 07:40:59.650,1.43703,1.43712,1.88,2.25
2011.08.10 07:41:01.116,1.43705,1.43712,3.00,1.88
2011.08.10 07:41:01.348,1.43706,1.43714,2.10,1.88
2011.08.10 07:41:01.792,1.43706,1.43715,1.13,4.13
2011.08.10 07:41:02.902,1.43706,1.43715,1.13,3.75
2011.08.10 07:41:03.135,1.43707,1.43715,2.25,3.75
2011.08.10 07:41:03.724,1.43707,1.43717,5.25,1.60
2011.08.10 07:41:03.845,1.43709,1.43716,1.13,3.75
2011.08.10 07:41:04.401,1.43709,1.43716,1.13,1.13
2011.08.10 07:41:05.193,1.43708,1.43716,1.13,1.88
2011.08.10 07:41:05.752,1.43706,1.43715,4.88,1.13
2011.08.10 07:41:06.707,1.43706,1.43714,3.60,4.13
2011.08.10 07:41:06.933,1.43706,1.43716,3.98,6.33
2011.08.10 07:41:07.057,1.43715,1.4372,2.10,5.10
2011.08.10 07:41:07.172,1.43714,1.43722,5.25,1.73
2011.08.10 07:41:07.854,1.43716,1.43723,2.48,1.13
2011.08.10 07:41:07.985,1.43717,1.43726,3.30,6.00
2011.08.10 07:41:08.325,1.43715,1.43722,3.23,2.25
2011.08.10 07:41:08.447,1.43713,1.4372,2.25,1.50
2011.08.10 07:41:08.902,1.43714,1.43719,3.82,3.38
2011.08.10 07:41:09.029,1.4372,1.43725,3.00,1.13
2011.08.10 07:41:09.253,1.4372,1.43726,3.38,1.50
2011.08.10 07:41:10.200,1.43717,1.43723,3.23,1.88
2011.08.10 07:41:10.316,1.43717,1.43726,2.10,1.13
2011.08.10 07:41:10.439,1.43714,1.43721,5.10,2.25
2011.08.10 07:41:10.778,1.43706,1.43713,4.88,6.10
2011.08.10 07:41:11.408,1.43703,1.43711,5.25,1.50
2011.08.10 07:41:11.553,1.43695,1.437,3.00,1.50
2011.08.10 07:41:12.005,1.43692,1.43699,1.05,4.88
2011.08.10 07:41:12.123,1.43689,1.43697,4.50,4.13
2011.08.10 07:41:12.951,1.43694,1.43702,2.85,4.88
2011.08.10 07:41:13.612,1.43694,1.437,2.10,4.13
2011.08.10 07:41:14.178,1.43693,1.43701,1.50,4.88
2011.08.10 07:41:14.637,1.43695,1.43702,1.50,1.50
2011.08.10 07:41:15.192,1.43694,1.43702,3.82,4.13
2011.08.10 07:41:15.837,1.43698,1.43704,1.35,4.88
2011.08.10 07:41:15.958,1.43698,1.43707,2.03,2.25
2011.08.10 07:41:16.843,1.43698,1.43706,2.10,4.13
2011.08.10 07:41:18.174,1.43698,1.43706,3.60,4.13
2011.08.10 07:41:18.293,1.43698,1.43707,3.90,1.13
2011.08.10 07:41:18.743,1.43703,1.43708,1.73,3.75
2011.08.10 07:41:18.866,1.43703,1.4371,1.73,4.35
2011.08.10 07:41:19.205,1.43701,1.43707,3.23,4.13
2011.08.10 07:41:19.324,1.43701,1.43709,2.10,2.25
2011.08.10 07:41:19.446,1.437,1.43706,2.25,4.13
2011.08.10 07:41:19.563,1.437,1.43708,3.00,4.88
2011.08.10 07:41:20.280,1.43701,1.43709,1.35,5.25
2011.08.10 07:41:20.398,1.43701,1.4371,3.90,1.88
2011.08.10 07:41:20.519,1.43703,1.43712,1.73,5.25
2011.08.10 07:41:21.074,1.43704,1.43712,3.37,1.50
2011.08.10 07:41:21.856,1.4371,1.43716,1.88,4.23
2011.08.10 07:41:22.099,1.43705,1.43712,7.35,1.13
2011.08.10 07:41:22.219,1.43705,1.43715,1.80,4.50
2011.08.10 07:41:22.335,1.43705,1.43712,1.05,1.88
2011.08.10 07:41:23.363,1.43704,1.43712,4.80,1.13
2011.08.10 07:41:23.488,1.43705,1.43713,3.68,1.13
2011.08.10 07:41:23.603,1.43704,1.43713,5.55,1.50
2011.08.10 07:41:24.601,1.43704,1.43713,1.65,1.50
2011.08.10 07:41:25.271,1.43704,1.43712,5.03,1.13
2011.08.10 07:41:25.395,1.43704,1.43711,4.20,4.13
2011.08.10 07:41:25.519,1.43705,1.43714,3.38,5.25
2011.08.10 07:41:25.634,1.43706,1.43714,2.85,1.50
2011.08.10 07:41:25.973,1.43706,1.43714,1.05,4.88
2011.08.10 07:41:26.781,1.43705,1.43714,9.90,1.13
2011.08.10 07:41:27.340,1.43705,1.43714,2.10,1.50
2011.08.10 07:41:27.784,1.43704,1.43713,5.10,1.13
2011.08.10 07:41:28.013,1.43704,1.43712,1.73,1.50
2011.08.10 07:41:28.573,1.43704,1.43712,1.73,1.13
2011.08.10 07:41:28.804,1.43705,1.43712,4.88,1.13
2011.08.10 07:41:29.142,1.43703,1.43712,4.50,1.88
2011.08.10 07:41:29.593,1.43703,1.43711,1.13,3.75
2011.08.10 07:41:29.711,1.43703,1.43712,1.50,1.50
2011.08.10 07:41:30.262,1.43703,1.43712,5.25,1.13
2011.08.10 07:41:31.322,1.43705,1.43712,4.13,1.13
2011.08.10 07:41:31.882,1.43703,1.43712,1.50,2.25
2011.08.10 07:41:32.442,1.43703,1.43712,5.25,1.88
2011.08.10 07:41:33.113,1.43704,1.43712,5.10,1.13
2011.08.10 07:41:33.895,1.43703,1.43712,2.85,1.50
2011.08.10 07:41:34.765,1.43716,1.4372,2.10,4.50
2011.08.10 07:41:34.884,1.43716,1.4372,2.10,4.13
2011.08.10 07:41:35.226,1.43718,1.43724,2.10,4.13
2011.08.10 07:41:35.456,1.4372,1.43725,4.13,3.75
2011.08.10 07:41:35.573,1.43721,1.43728,4.88,1.13
2011.08.10 07:41:36.136,1.43722,1.43729,1.13,1.13
2011.08.10 07:41:36.477,1.43723,1.43731,3.38,1.50
2011.08.10 07:41:36.596,1.43725,1.43731,1.13,1.13
2011.08.10 07:41:37.482,1.43725,1.43731,1.13,1.88
2011.08.10 07:41:38.363,1.43723,1.4373,3.60,1.13
2011.08.10 07:41:38.495,1.4372,1.43728,1.50,1.88
2011.08.10 07:41:39.161,1.43721,1.43728,1.73,1.13
2011.08.10 07:41:39.713,1.4372,1.43727,1.13,2.25
2011.08.10 07:41:40.385,1.4372,1.43727,1.13,2.25
2011.08.10 07:41:40.507,1.43719,1.43727,2.93,3.00
2011.08.10 07:41:40.845,1.43714,1.4372,8.02,1.13
2011.08.10 07:41:41.458,1.43713,1.4372,1.50,1.13
2011.08.10 07:41:41.584,1.43713,1.43718,1.13,3.00
2011.08.10 07:41:41.705,1.43712,1.43716,4.50,1.13
2011.08.10 07:41:41.826,1.4371,1.43715,3.38,1.88
2011.08.10 07:41:42.382,1.43708,1.43715,4.13,2.25
2011.08.10 07:41:42.613,1.43707,1.43714,2.63,1.13
2011.08.10 07:41:42.955,1.43705,1.43713,3.75,1.88
2011.08.10 07:41:43.189,1.43698,1.43704,1.13,1.53
2011.08.10 07:41:43.413,1.43698,1.43707,5.25,1.88
2011.08.10 07:41:43.533,1.43698,1.43707,1.50,2.25
2011.08.10 07:41:43.656,1.43694,1.43698,1.73,1.13
2011.08.10 07:41:44.214,1.43694,1.437,2.48,1.13
2011.08.10 07:41:44.335,1.43695,1.43703,1.35,2.35
2011.08.10 07:41:44.674,1.43696,1.43703,4.73,1.88
2011.08.10 07:41:45.011,1.43698,1.43707,6.00,1.88
2011.08.10 07:41:45.573,1.43698,1.43707,2.25,2.25
2011.08.10 07:41:45.913,1.43699,1.43707,4.35,1.88
2011.08.10 07:41:46.254,1.43703,1.43711,1.13,4.13
2011.08.10 07:41:46.598,1.437,1.43706,2.25,2.25
2011.08.10 07:41:46.824,1.43702,1.4371,1.13,1.50
2011.08.10 07:41:46.946,1.43703,1.4371,2.48,1.13
2011.08.10 07:41:47.505,1.43705,1.43712,4.13,1.13
2011.08.10 07:41:48.294,1.43709,1.43716,4.13,1.88
2011.08.10 07:41:48.536,1.43711,1.43717,1.13,1.13
2011.08.10 07:41:48.654,1.43712,1.43718,4.13,1.13
2011.08.10 07:41:48.773,1.43711,1.43717,1.13,1.13
2011.08.10 07:41:49.005,1.4371,1.43715,1.13,1.13
2011.08.10 07:41:49.565,1.43709,1.43716,2.85,4.50
2011.08.10 07:41:49.687,1.43711,1.43719,1.73,1.13
2011.08.10 07:41:50.035,1.43714,1.43722,1.13,4.88
2011.08.10 07:41:51.062,1.43712,1.4372,1.13,1.50
2011.08.10 07:41:51.628,1.43712,1.4372,1.13,3.85
2011.08.10 07:41:51.754,1.43714,1.43722,1.73,4.98
2011.08.10 07:41:52.099,1.43716,1.43722,4.13,1.23
2011.08.10 07:41:52.329,1.43713,1.4372,1.13,1.13
2011.08.10 07:41:52.451,1.43709,1.43717,2.77,3.00
2011.08.10 07:41:52.797,1.43703,1.43712,1.13,5.25
2011.08.10 07:41:53.570,1.43703,1.43712,1.50,2.73
2011.08.10 07:41:53.684,1.43703,1.4371,1.13,3.75
2011.08.10 07:41:53.925,1.43703,1.43712,1.88,6.10
2011.08.10 07:41:54.703,1.43703,1.43711,2.25,1.13
2011.08.10 07:41:54.824,1.43703,1.4371,1.88,3.75
2011.08.10 07:41:55.285,1.43703,1.43711,1.50,1.50
2011.08.10 07:41:55.953,1.43703,1.43711,1.13,4.88
2011.08.10 07:41:57.603,1.43703,1.4371,1.13,3.75
2011.08.10 07:41:57.943,1.43699,1.43708,2.85,1.88
2011.08.10 07:41:58.721,1.43699,1.43708,6.23,1.50
2011.08.10 07:41:59.280,1.437,1.43708,1.13,1.88
2011.08.10 07:42:00.394,1.43699,1.43707,1.50,1.13
2011.08.10 07:42:00.734,1.43698,1.43707,2.78,5.63
2011.08.10 07:42:01.697,1.43698,1.43706,1.65,1.13
2011.08.10 07:42:04.789,1.43698,1.43706,1.13,1.50
2011.08.10 07:42:05.130,1.43699,1.43706,4.13,1.50
2011.08.10 07:42:05.250,1.43698,1.43706,1.13,1.50
2011.08.10 07:42:05.848,1.43697,1.43706,1.80,1.13
2011.08.10 07:42:06.509,1.43698,1.43707,1.13,4.50
2011.08.10 07:42:06.731,1.43699,1.43707,4.13,3.75
2011.08.10 07:42:07.291,1.437,1.43707,4.13,2.63
2011.08.10 07:42:07.410,1.437,1.43707,4.13,1.13
2011.08.10 07:42:09.292,1.437,1.43708,4.13,3.00
2011.08.10 07:42:12.770,1.437,1.43707,3.75,3.00
2011.08.10 07:42:13.882,1.437,1.43707,4.13,2.25
2011.08.10 07:42:17.635,1.43706,1.4371,2.63,1.05
2011.08.10 07:42:17.755,1.43708,1.43715,1.35,1.98
2011.08.10 07:42:17.983,1.43707,1.43715,1.50,1.88
2011.08.10 07:42:18.545,1.43708,1.43716,4.50,2.63
2011.08.10 07:42:19.384,1.43707,1.43716,6.38,3.00
2011.08.10 07:42:19.732,1.43702,1.43708,6.75,2.25
2011.08.10 07:42:20.182,1.43699,1.43708,3.98,3.38
2011.08.10 07:42:20.746,1.43698,1.43707,3.98,3.38
2011.08.10 07:42:23.424,1.43699,1.43707,1.73,1.13
2011.08.10 07:42:23.651,1.437,1.43708,4.88,2.25
2011.08.10 07:42:24.873,1.437,1.43708,1.13,2.63
2011.08.10 07:42:25.980,1.43699,1.43707,1.73,2.63
2011.08.10 07:42:26.541,1.43699,1.43707,1.13,3.48
2011.08.10 07:42:26.663,1.43696,1.43702,1.13,2.25
2011.08.10 07:42:26.782,1.43694,1.437,1.50,1.88
2011.08.10 07:42:27.011,1.43694,1.437,1.13,1.88
2011.08.10 07:42:28.013,1.43691,1.43699,1.13,2.63
2011.08.10 07:42:28.572,1.43691,1.43699,1.13,2.25
2011.08.10 07:42:31.219,1.43692,1.43699,3.75,1.88
2011.08.10 07:42:31.780,1.43691,1.43699,1.13,2.25
2011.08.10 07:42:32.120,1.43693,1.43699,4.13,1.50
2011.08.10 07:42:32.682,1.43692,1.43699,4.13,1.88
2011.08.10 07:42:32.800,1.43691,1.43699,1.13,2.25
2011.08.10 07:42:33.686,1.43692,1.437,1.50,1.50
2011.08.10 07:42:33.805,1.43693,1.43701,1.35,1.13
2011.08.10 07:42:34.164,1.43698,1.43705,3.75,3.00
2011.08.10 07:42:34.505,1.43701,1.43706,3.75,1.50
2011.08.10 07:42:35.061,1.43698,1.43705,3.75,1.88
2011.08.10 07:42:35.179,1.43697,1.43705,1.13,2.25
2011.08.10 07:42:36.294,1.43696,1.43704,1.50,1.98
2011.08.10 07:42:36.939,1.43695,1.43704,1.73,5.35
2011.08.10 07:42:37.499,1.43696,1.43704,1.13,3.10
2011.08.10 07:42:38.135,1.43695,1.43703,1.73,1.23
2011.08.10 07:42:38.799,1.43695,1.43703,1.73,1.23
2011.08.10 07:42:40.087,1.43693,1.437,4.50,2.35
2011.08.10 07:42:40.422,1.43692,1.437,1.73,2.63
2011.08.10 07:42:41.311,1.43692,1.437,1.73,2.63
2011.08.10 07:42:42.310,1.43692,1.437,4.50,2.25
2011.08.10 07:42:43.139,1.43687,1.43693,2.25,1.13
2011.08.10 07:42:43.261,1.43686,1.43693,3.75,3.85
2011.08.10 07:42:43.823,1.43686,1.43692,3.75,2.25
2011.08.10 07:42:44.166,1.43682,1.43687,3.38,1.50
2011.08.10 07:42:44.404,1.43675,1.43683,1.13,3.00
2011.08.10 07:42:44.745,1.43674,1.43683,1.43,3.00
2011.08.10 07:42:45.892,1.43674,1.43683,1.05,2.35
2011.08.10 07:42:46.459,1.43676,1.43685,1.13,3.38
2011.08.10 07:42:46.588,1.43676,1.43685,1.13,8.73
2011.08.10 07:42:47.808,1.4368,1.43685,1.37,4.50
2011.08.10 07:42:48.044,1.43687,1.43695,1.13,9.38
2011.08.10 07:42:48.758,1.43686,1.43692,1.35,3.75
2011.08.10 07:42:48.891,1.43681,1.43688,1.05,4.13
2011.08.10 07:42:49.013,1.4368,1.43688,1.52,4.50
2011.08.10 07:42:49.353,1.43682,1.4369,1.51,1.13
2011.08.10 07:42:49.590,1.43684,1.43692,3.15,2.63
2011.08.10 07:42:49.820,1.43684,1.43691,2.85,3.75
2011.08.10 07:42:50.052,1.43684,1.43692,2.85,1.13
2011.08.10 07:42:50.611,1.43682,1.43692,1.05,6.38
2011.08.10 07:42:51.720,1.43682,1.4369,1.05,1.50
2011.08.10 07:42:52.393,1.43677,1.43682,4.54,1.50
2011.08.10 07:42:52.625,1.4368,1.43688,2.10,1.88
2011.08.10 07:42:52.744,1.43682,1.43688,2.10,1.88
2011.08.10 07:42:52.866,1.43682,1.4369,1.13,1.13
2011.08.10 07:42:52.984,1.43683,1.43692,1.13,7.23
2011.08.10 07:42:53.541,1.43685,1.43694,1.13,1.50
2011.08.10 07:42:53.880,1.43685,1.43694,1.13,5.63
2011.08.10 07:42:54.439,1.43684,1.43693,3.82,1.88
2011.08.10 07:42:55.315,1.43684,1.43692,1.28,1.50
2011.08.10 07:42:55.441,1.43684,1.43693,4.42,2.25
2011.08.10 07:42:55.782,1.43688,1.43694,1.88,3.38
2011.08.10 07:42:56.343,1.43684,1.43693,1.88,5.63
2011.08.10 07:42:56.461,1.43684,1.43693,1.88,5.63
2011.08.10 07:42:56.693,1.43682,1.43687,5.53,4.63
2011.08.10 07:42:57.036,1.4368,1.43688,3.38,2.10
2011.08.10 07:42:57.273,1.43683,1.43692,3.98,1.88
2011.08.10 07:42:57.502,1.43682,1.43688,1.13,4.13
2011.08.10 07:42:57.621,1.43682,1.43691,1.43,1.13
2011.08.10 07:42:57.850,1.43681,1.4369,1.50,5.63
2011.08.10 07:42:58.615,1.4368,1.43689,2.33,2.25
2011.08.10 07:42:58.952,1.43679,1.43688,1.73,4.88
2011.08.10 07:42:59.181,1.43679,1.43688,1.43,1.50
2011.08.10 07:42:59.520,1.43679,1.43688,1.13,4.50
2011.08.10 07:43:00.082,1.43677,1.43686,1.61,2.63
2011.08.10 07:43:00.421,1.43675,1.43684,3.71,1.13
2011.08.10 07:43:00.982,1.43676,1.43684,1.50,1.13
2011.08.10 07:43:02.353,1.43675,1.43684,5.10,1.13
2011.08.10 07:43:02.927,1.43679,1.43685,1.13,3.75
2011.08.10 07:43:03.149,1.43679,1.43686,4.88,1.13
2011.08.10 07:43:03.822,1.43679,1.43686,1.13,1.13
2011.08.10 07:43:04.380,1.43678,1.43686,1.88,5.25
2011.08.10 07:43:05.120,1.43678,1.43686,2.25,1.88
2011.08.10 07:43:05.681,1.43678,1.43686,2.03,1.13
2011.08.10 07:43:06.338,1.43682,1.43687,4.50,1.50
2011.08.10 07:43:06.563,1.43686,1.43692,1.13,1.43
2011.08.10 07:43:07.120,1.43688,1.43695,1.88,4.13
2011.08.10 07:43:07.571,1.43688,1.43697,1.88,5.63
2011.08.10 07:43:08.023,1.43688,1.43697,2.63,1.50
2011.08.10 07:43:08.471,1.43689,1.43697,4.13,4.50
2011.08.10 07:43:08.591,1.43689,1.43698,4.50,1.88
2011.08.10 07:43:09.538,1.43697,1.43704,2.25,1.13
2011.08.10 07:43:09.875,1.43698,1.43706,1.50,1.50
2011.08.10 07:43:09.991,1.43698,1.43705,1.50,3.75
2011.08.10 07:43:10.220,1.43699,1.43707,1.88,5.25
2011.08.10 07:43:10.562,1.43699,1.43708,3.38,1.50
2011.08.10 07:43:11.122,1.437,1.43707,2.63,1.13
2011.08.10 07:43:11.242,1.43703,1.43709,1.13,3.75
2011.08.10 07:43:11.474,1.43708,1.43714,1.13,1.88
2011.08.10 07:43:11.594,1.4371,1.43716,1.50,4.88
2011.08.10 07:43:11.712,1.43712,1.43716,1.50,4.50
2011.08.10 07:43:11.833,1.43712,1.43717,1.88,1.13
2011.08.10 07:43:12.503,1.43715,1.4372,1.13,1.13
2011.08.10 07:43:12.854,1.43722,1.43727,1.13,3.38
2011.08.10 07:43:13.316,1.4372,1.43725,1.13,3.38
2011.08.10 07:43:13.434,1.43721,1.4373,1.13,2.73
2011.08.10 07:43:13.552,1.43722,1.4373,4.13,2.73
2011.08.10 07:43:13.673,1.4372,1.4373,1.50,2.73
2011.08.10 07:43:14.123,1.43723,1.4373,1.13,1.13
2011.08.10 07:43:14.243,1.43723,1.43731,2.63,3.00
2011.08.10 07:43:14.364,1.43725,1.43733,3.00,1.88
2011.08.10 07:43:14.485,1.43726,1.43734,1.50,4.50
2011.08.10 07:43:15.215,1.43724,1.43734,5.10,1.88
2011.08.10 07:43:15.341,1.43727,1.43735,1.13,1.50
2011.08.10 07:43:15.902,1.43729,1.43735,1.13,1.13
2011.08.10 07:43:16.460,1.43727,1.43735,1.50,3.10
2011.08.10 07:43:17.020,1.43727,1.43735,1.13,7.23
2011.08.10 07:43:17.472,1.43727,1.43735,1.50,5.73
2011.08.10 07:43:17.715,1.4373,1.43737,1.13,1.23
2011.08.10 07:43:17.836,1.43736,1.4374,2.10,1.50
2011.08.10 07:43:17.960,1.43736,1.43745,3.60,3.48
2011.08.10 07:43:18.721,1.43738,1.43746,1.13,2.03
2011.08.10 07:43:18.852,1.43739,1.43748,1.88,2.25
2011.08.10 07:43:19.413,1.4374,1.43748,1.13,1.50
2011.08.10 07:43:19.754,1.43744,1.43751,1.73,1.13
2011.08.10 07:43:19.983,1.43746,1.43754,1.35,3.00
2011.08.10 07:43:20.107,1.43747,1.43756,1.88,1.88
2011.08.10 07:43:20.674,1.43748,1.43756,1.13,1.50
2011.08.10 07:43:21.384,1.43755,1.4376,2.85,2.63
2011.08.10 07:43:21.515,1.43759,1.43765,1.13,1.13
2011.08.10 07:43:21.633,1.43759,1.43767,1.13,3.38
2011.08.10 07:43:22.196,1.43761,1.43769,1.13,1.50
2011.08.10 07:43:22.542,1.43762,1.43766,1.13,2.85
2011.08.10 07:43:22.884,1.43758,1.43766,1.88,2.20
2011.08.10 07:43:23.115,1.43757,1.43765,1.50,3.48
2011.08.10 07:43:23.346,1.43756,1.43763,1.13,4.23
2011.08.10 07:43:23.463,1.43754,1.43763,2.63,5.73
2011.08.10 07:43:24.056,1.43754,1.43763,1.88,5.73
2011.08.10 07:43:24.182,1.43754,1.4376,1.13,1.98
2011.08.10 07:43:24.743,1.43753,1.4376,1.13,2.73
2011.08.10 07:43:25.302,1.43749,1.43755,1.13,2.25
2011.08.10 07:43:25.645,1.43744,1.43749,9.00,2.10
2011.08.10 07:43:25.983,1.43742,1.43747,3.38,1.13
2011.08.10 07:43:26.104,1.43737,1.43743,1.88,2.85
2011.08.10 07:43:26.337,1.43734,1.43742,5.18,1.13
2011.08.10 07:43:27.010,1.43731,1.43738,1.88,4.13
2011.08.10 07:43:27.252,1.43732,1.4374,1.49,1.13
2011.08.10 07:43:27.593,1.43733,1.43741,3.36,1.13
2011.08.10 07:43:27.822,1.43733,1.43743,8.61,1.50
2011.08.10 07:43:28.383,1.43734,1.43741,1.13,1.13
2011.08.10 07:43:28.727,1.43731,1.43739,1.13,1.13
2011.08.10 07:43:29.283,1.43731,1.43739,1.86,4.50
2011.08.10 07:43:30.097,1.43731,1.4374,1.49,3.10
2011.08.10 07:43:30.759,1.43731,1.43739,1.11,4.98
2011.08.10 07:43:31.101,1.43731,1.43739,1.49,1.13
2011.08.10 07:43:31.995,1.4373,1.43739,4.11,1.13
2011.08.10 07:43:32.223,1.4373,1.43737,1.88,4.88
2011.08.10 07:43:32.585,1.4373,1.43735,11.48,1.50
2011.08.10 07:43:33.287,1.43729,1.43733,3.38,2.10
2011.08.10 07:43:33.414,1.43727,1.43733,3.38,4.13
2011.08.10 07:43:33.751,1.43724,1.43733,6.00,5.63
2011.08.10 07:43:33.871,1.43723,1.43732,6.00,1.50
2011.08.10 07:43:34.323,1.43722,1.4373,3.00,1.88
2011.08.10 07:43:34.444,1.43721,1.43729,3.00,1.50
2011.08.10 07:43:35.001,1.4372,1.43728,1.88,1.50
2011.08.10 07:43:35.561,1.43719,1.43726,1.13,1.50
2011.08.10 07:43:36.502,1.43709,1.43716,1.50,1.50
2011.08.10 07:43:37.392,1.43709,1.43716,1.13,4.08
2011.08.10 07:43:37.952,1.43709,1.43716,1.13,1.88
2011.08.10 07:43:38.511,1.4371,1.43718,4.50,6.73
2011.08.10 07:43:38.633,1.43711,1.43717,1.13,1.13
2011.08.10 07:43:39.189,1.43709,1.43717,3.00,1.50
2011.08.10 07:43:39.751,1.43711,1.43717,1.88,1.13
2011.08.10 07:43:40.565,1.4371,1.43717,1.88,1.13
2011.08.10 07:43:40.685,1.43708,1.43715,4.88,1.50
2011.08.10 07:43:40.818,1.43702,1.43707,1.50,1.13
2011.08.10 07:43:41.153,1.437,1.43705,1.13,1.60
2011.08.10 07:43:41.496,1.43697,1.43703,4.13,2.85
2011.08.10 07:43:41.733,1.43697,1.43706,5.63,1.50
2011.08.10 07:43:42.623,1.43699,1.43707,4.88,3.98
2011.08.10 07:43:43.625,1.437,1.43706,4.13,1.13
2011.08.10 07:43:43.748,1.43698,1.43706,4.88,1.50
2011.08.10 07:43:44.303,1.43698,1.43706,4.13,3.00
2011.08.10 07:43:44.862,1.43698,1.43706,1.13,3.00
2011.08.10 07:43:45.315,1.43695,1.43701,4.13,1.50
2011.08.10 07:43:45.437,1.43696,1.43701,1.50,1.50
2011.08.10 07:43:45.552,1.43696,1.43703,1.50,3.75
2011.08.10 07:43:46.110,1.43696,1.43705,5.25,1.50
2011.08.10 07:43:46.341,1.43696,1.43705,1.50,1.88
2011.08.10 07:43:47.012,1.43696,1.43704,1.88,1.13
2011.08.10 07:43:47.351,1.43697,1.43705,4.13,3.00
2011.08.10 07:43:48.957,1.43696,1.43703,1.88,4.13
2011.08.10 07:43:49.183,1.43696,1.43705,5.25,1.50
2011.08.10 07:43:49.523,1.43696,1.43705,1.50,2.25
2011.08.10 07:43:49.643,1.43697,1.43705,1.35,1.13
2011.08.10 07:43:49.981,1.43702,1.43709,4.88,1.13
2011.08.10 07:43:51.203,1.43707,1.43712,2.10,4.50
2011.08.10 07:43:51.541,1.43709,1.43716,3.75,3.38
2011.08.10 07:43:51.664,1.43706,1.43712,2.48,4.13
2011.08.10 07:43:51.784,1.43709,1.43716,4.13,3.38
2011.08.10 07:43:53.595,1.43712,1.43719,4.50,2.25
2011.08.10 07:43:54.934,1.43711,1.43716,1.13,2.25
2011.08.10 07:43:55.492,1.43709,1.43714,4.13,1.13
2011.08.10 07:43:56.052,1.43708,1.43716,4.88,3.85
2011.08.10 07:43:56.900,1.43706,1.43714,4.50,1.89
2011.08.10 07:43:57.036,1.43699,1.43707,1.88,1.60
2011.08.10 07:43:57.156,1.43704,1.43708,3.75,1.50
2011.08.10 07:43:57.493,1.43699,1.43707,1.13,2.25
2011.08.10 07:43:58.051,1.43699,1.43707,1.50,2.73
2011.08.10 07:43:58.953,1.43695,1.43701,7.13,3.75
2011.08.10 07:43:59.074,1.43694,1.43701,4.13,3.38
2011.08.10 07:43:59.192,1.43693,1.43701,1.88,2.25
2011.08.10 07:43:59.424,1.43697,1.43703,1.13,1.13
2011.08.10 07:43:59.874,1.43699,1.43705,4.13,1.50
2011.08.10 07:44:00.528,1.43697,1.43701,3.75,1.50
2011.08.10 07:44:00.651,1.43693,1.43701,4.13,3.00
2011.08.10 07:44:01.213,1.43698,1.43705,2.48,3.85
2011.08.10 07:44:01.333,1.437,1.43709,5.25,3.10
2011.08.10 07:44:01.454,1.437,1.43709,2.85,1.50
2011.08.10 07:44:01.684,1.43702,1.43711,1.88,3.38
2011.08.10 07:44:02.355,1.43702,1.43711,2.25,1.50
2011.08.10 07:44:02.584,1.43703,1.43711,1.13,2.63
2011.08.10 07:44:02.702,1.43701,1.4371,2.85,1.13
2011.08.10 07:44:04.697,1.43701,1.43707,1.73,1.13
2011.08.10 07:44:05.045,1.43692,1.437,1.50,4.88
2011.08.10 07:44:05.493,1.43691,1.43699,1.50,1.50
2011.08.10 07:44:05.738,1.43686,1.43693,5.25,1.13
2011.08.10 07:44:05.852,1.43684,1.4369,2.25,4.13
2011.08.10 07:44:06.085,1.43685,1.43693,1.50,1.13
2011.08.10 07:44:06.545,1.4368,1.43686,4.50,4.13
2011.08.10 07:44:06.663,1.43685,1.43694,1.13,2.63
2011.08.10 07:44:07.256,1.43684,1.43691,2.85,4.13
2011.08.10 07:44:07.823,1.43686,1.43691,1.13,3.75
2011.08.10 07:44:07.944,1.43686,1.43693,1.88,4.13
2011.08.10 07:44:08.064,1.43688,1.43696,1.13,1.50
2011.08.10 07:44:09.172,1.43689,1.43697,1.13,1.88
2011.08.10 07:44:10.267,1.43687,1.43695,1.13,6.85
2011.08.10 07:44:10.613,1.43684,1.43692,2.63,4.50
2011.08.10 07:44:10.954,1.43684,1.43693,1.13,1.13
2011.08.10 07:44:12.720,1.43685,1.43693,1.13,1.50
2011.08.10 07:44:12.957,1.43683,1.43689,1.13,2.25
2011.08.10 07:44:13.074,1.43681,1.43689,5.63,3.00
2011.08.10 07:44:13.201,1.4368,1.43687,3.38,2.25
2011.08.10 07:44:13.932,1.43672,1.43681,4.88,1.88
2011.08.10 07:44:14.162,1.43671,1.4368,1.13,4.50
2011.08.10 07:44:14.720,1.43671,1.43681,1.50,6.75
2011.08.10 07:44:15.722,1.43677,1.43682,1.13,1.13
2011.08.10 07:44:15.845,1.43677,1.43684,1.13,1.23
2011.08.10 07:44:15.963,1.43675,1.43682,1.13,3.00
2011.08.10 07:44:16.304,1.43673,1.4368,1.13,1.50
2011.08.10 07:44:17.183,1.43672,1.43676,3.75,1.50
2011.08.10 07:44:17.312,1.43672,1.43681,1.13,4.88
2011.08.10 07:44:17.761,1.43671,1.43679,1.50,4.88
2011.08.10 07:44:18.876,1.43669,1.43677,2.25,1.50
2011.08.10 07:44:18.994,1.43669,1.43677,1.50,1.50
2011.08.10 07:44:19.448,1.43666,1.43672,1.50,3.75
2011.08.10 07:44:19.568,1.43665,1.43672,1.50,4.98
2011.08.10 07:44:19.684,1.43661,1.43666,6.75,1.13
2011.08.10 07:44:20.247,1.43661,1.43666,1.50,1.13
2011.08.10 07:44:20.381,1.43661,1.43666,1.13,1.13
2011.08.10 07:44:20.503,1.43663,1.4367,1.50,1.50
2011.08.10 07:44:20.732,1.43662,1.43669,1.13,4.13
2011.08.10 07:44:20.965,1.43663,1.43671,1.50,4.88
2011.08.10 07:44:21.194,1.43665,1.43672,1.88,1.13
2011.08.10 07:44:21.317,1.43667,1.43674,1.13,1.23
2011.08.10 07:44:21.433,1.43667,1.43675,1.88,1.60
2011.08.10 07:44:21.991,1.43668,1.43675,1.13,1.50
2011.08.10 07:44:22.443,1.43667,1.43673,1.13,1.13
2011.08.10 07:44:23.234,1.43662,1.4367,1.50,4.50
2011.08.10 07:44:23.800,1.43663,1.43671,1.50,1.50
2011.08.10 07:44:24.581,1.4366,1.43668,1.13,2.25
2011.08.10 07:44:24.812,1.43655,1.43666,1.50,1.50
2011.08.10 07:44:25.152,1.43658,1.43666,5.63,1.13
2011.08.10 07:44:26.042,1.43659,1.43666,3.75,1.13
2011.08.10 07:44:26.273,1.43659,1.43667,2.47,1.88
2011.08.10 07:44:26.830,1.4366,1.43668,1.50,1.13
2011.08.10 07:44:27.756,1.43663,1.4367,1.13,1.13
2011.08.10 07:44:28.313,1.43663,1.43672,1.13,3.38
2011.08.10 07:44:28.436,1.43663,1.43671,2.48,1.13
2011.08.10 07:44:28.999,1.43665,1.43672,1.50,1.13
2011.08.10 07:44:29.129,1.43667,1.43675,1.50,1.23
2011.08.10 07:44:29.358,1.43666,1.43673,4.88,1.50
2011.08.10 07:44:29.591,1.43664,1.43671,1.13,1.13
2011.08.10 07:44:30.941,1.43664,1.43671,1.50,1.13
2011.08.10 07:44:31.173,1.43665,1.43672,3.00,1.13
2011.08.10 07:44:31.516,1.43664,1.43673,1.88,2.85
2011.08.10 07:44:32.071,1.43664,1.43672,1.13,1.50
2011.08.10 07:44:32.411,1.43663,1.43669,4.50,1.13
2011.08.10 07:44:32.531,1.43662,1.43669,1.50,1.73
2011.08.10 07:44:32.654,1.43664,1.4367,1.13,1.35
2011.08.10 07:44:32.772,1.43662,1.43669,1.13,1.73
2011.08.10 07:44:33.111,1.43661,1.43667,1.13,1.13
2011.08.10 07:44:33.456,1.43659,1.43666,1.13,3.40
2011.08.10 07:44:33.683,1.43657,1.43666,1.88,4.50
2011.08.10 07:44:34.277,1.43656,1.43663,1.13,1.13
2011.08.10 07:44:34.406,1.43655,1.43662,1.13,1.50
2011.08.10 07:44:34.523,1.43655,1.43662,1.88,1.13
2011.08.10 07:44:34.649,1.43659,1.43666,1.88,1.98
2011.08.10 07:44:34.764,1.43659,1.43665,1.88,1.13
2011.08.10 07:44:34.882,1.43659,1.43665,4.13,1.88
2011.08.10 07:44:35.005,1.43657,1.43663,3.38,2.85
2011.08.10 07:44:35.121,1.43654,1.43663,1.88,3.23
2011.08.10 07:44:35.680,1.43654,1.43663,1.88,2.85
2011.08.10 07:44:35.910,1.43655,1.43663,4.13,2.48
2011.08.10 07:44:36.251,1.43657,1.43663,3.75,1.73
2011.08.10 07:44:37.139,1.43656,1.43663,4.13,1.35
2011.08.10 07:44:37.924,1.43657,1.43665,1.50,2.10
2011.08.10 07:44:38.274,1.43656,1.43663,1.50,1.88
2011.08.10 07:44:38.857,1.43656,1.43663,1.50,1.13
2011.08.10 07:44:38.977,1.43655,1.43663,1.50,1.13
2011.08.10 07:44:39.422,1.43656,1.43665,1.50,3.70
2011.08.10 07:44:39.762,1.43657,1.43665,4.50,1.88
2011.08.10 07:44:40.212,1.43659,1.43666,4.13,2.85
2011.08.10 07:44:40.771,1.43659,1.43666,1.13,2.48
2011.08.10 07:44:41.444,1.43659,1.43666,3.38,1.35
2011.08.10 07:44:41.677,1.43661,1.4367,6.00,2.25
2011.08.10 07:44:42.455,1.43662,1.4367,4.13,1.50
2011.08.10 07:44:42.820,1.43666,1.43672,1.50,1.88
2011.08.10 07:44:43.055,1.43662,1.4367,1.50,1.13
2011.08.10 07:44:43.503,1.43662,1.43669,1.50,4.88
2011.08.10 07:44:44.280,1.43663,1.4367,1.13,1.13
2011.08.10 07:44:44.843,1.43663,1.43671,1.50,1.50
2011.08.10 07:44:45.839,1.43663,1.43671,1.88,1.13
2011.08.10 07:44:46.404,1.43663,1.43672,1.88,2.35
2011.08.10 07:44:46.637,1.43662,1.43668,1.13,5.25
2011.08.10 07:44:46.989,1.43656,1.43663,1.13,2.25
2011.08.10 07:44:47.557,1.43658,1.43663,1.88,3.38
2011.08.10 07:44:47.670,1.43659,1.43668,4.88,1.60
2011.08.10 07:44:48.231,1.43659,1.43668,4.88,2.35
2011.08.10 07:44:48.460,1.43659,1.43668,1.13,2.73
2011.08.10 07:44:49.020,1.43659,1.43668,1.13,2.35
2011.08.10 07:44:49.652,1.43661,1.4367,4.88,1.88
2011.08.10 07:44:50.011,1.4366,1.43669,2.63,1.50
2011.08.10 07:44:50.133,1.4366,1.43665,1.50,1.50
2011.08.10 07:44:50.472,1.43662,1.43669,1.13,3.85
2011.08.10 07:44:51.140,1.43661,1.43665,1.88,1.60
2011.08.10 07:44:51.263,1.4366,1.43665,1.88,1.60
2011.08.10 07:44:51.491,1.43659,1.43665,5.63,1.60
2011.08.10 07:44:51.617,1.43657,1.43665,1.88,1.60
2011.08.10 07:44:51.841,1.43657,1.43665,1.50,1.98
2011.08.10 07:44:52.815,1.43656,1.43665,1.13,2.73
2011.08.10 07:44:52.944,1.43653,1.4366,1.13,1.88
2011.08.10 07:44:53.061,1.43652,1.4366,1.88,1.88
2011.08.10 07:44:53.622,1.43651,1.4366,2.63,2.25
2011.08.10 07:44:54.181,1.43652,1.4366,1.13,3.85
2011.08.10 07:44:54.743,1.43651,1.4366,4.13,3.48
2011.08.10 07:44:55.190,1.43652,1.4366,1.13,1.50
2011.08.10 07:44:55.751,1.43651,1.4366,2.63,4.60
2011.08.10 07:44:57.614,1.43651,1.43659,1.13,2.35
2011.08.10 07:44:57.964,1.43644,1.4365,2.10,1.60
2011.08.10 07:44:58.522,1.43642,1.4365,1.50,1.13
2011.08.10 07:44:58.866,1.43639,1.43643,3.38,1.50
2011.08.10 07:44:58.986,1.43635,1.43642,1.13,1.13
2011.08.10 07:44:59.101,1.43635,1.43642,1.88,2.63
2011.08.10 07:44:59.442,1.4363,1.43638,3.75,2.10
2011.08.10 07:44:59.780,1.43628,1.43636,1.13,1.88
2011.08.10 07:45:00.330,1.43626,1.43633,4.13,1.88
2011.08.10 07:45:00.457,1.43625,1.43633,2.63,3.60
2011.08.10 07:45:00.905,1.43627,1.43633,2.25,3.75
2011.08.10 07:45:01.028,1.43627,1.43635,3.38,1.13
2011.08.10 07:45:01.145,1.43629,1.43635,2.25,1.13
2011.08.10 07:45:01.375,1.43628,1.43637,1.13,2.25
2011.08.10 07:45:01.712,1.43627,1.43635,3.00,1.13
2011.08.10 07:45:02.175,1.43633,1.43639,2.25,6.75
2011.08.10 07:45:02.294,1.43635,1.43642,1.88,1.88
2011.08.10 07:45:03.045,1.43645,1.43651,1.50,1.13
2011.08.10 07:45:03.395,1.4365,1.43656,4.50,3.38
2011.08.10 07:45:03.625,1.4365,1.43658,6.00,4.88
2011.08.10 07:45:04.179,1.4365,1.43658,6.00,1.13
2011.08.10 07:45:04.744,1.43649,1.43656,2.63,1.13
2011.08.10 07:45:04.974,1.43646,1.43654,1.88,3.23
2011.08.10 07:45:05.314,1.43644,1.43651,3.75,6.00
2011.08.10 07:45:06.009,1.43645,1.43653,3.00,4.60
2011.08.10 07:45:06.140,1.43651,1.43658,1.50,4.13
2011.08.10 07:45:06.263,1.43651,1.43659,1.88,1.88
2011.08.10 07:45:07.811,1.43651,1.43659,1.88,2.63
2011.08.10 07:45:08.370,1.43651,1.43658,1.50,1.13
2011.08.10 07:45:08.930,1.4365,1.43658,1.50,1.13
2011.08.10 07:45:11.503,1.4365,1.43656,1.50,1.35
2011.08.10 07:45:11.842,1.43646,1.43655,5.25,1.88
2011.08.10 07:45:11.964,1.43644,1.43652,2.48,1.13
2011.08.10 07:45:12.301,1.43644,1.43651,1.13,4.50
2011.08.10 07:45:12.754,1.43642,1.43649,1.13,1.50
2011.08.10 07:45:12.875,1.43639,1.43646,3.23,1.88
2011.08.10 07:45:13.122,1.43631,1.43638,1.13,1.13
2011.08.10 07:45:13.247,1.4363,1.43636,1.28,1.50
2011.08.10 07:45:13.364,1.43634,1.43638,3.38,1.50
2011.08.10 07:45:14.088,1.43628,1.43636,1.50,1.50
2011.08.10 07:45:15.304,1.43628,1.43636,1.88,1.13
2011.08.10 07:45:16.521,1.43628,1.43636,3.38,1.13
2011.08.10 07:45:16.974,1.43629,1.43636,1.50,1.13
2011.08.10 07:45:17.099,1.4363,1.43638,2.85,1.50
2011.08.10 07:45:17.974,1.43639,1.43646,2.25,4.50
2011.08.10 07:45:19.752,1.43639,1.43644,1.13,1.13
2011.08.10 07:45:19.876,1.43642,1.43648,2.25,5.63
2011.08.10 07:45:19.997,1.43642,1.43648,2.48,5.25
2011.08.10 07:45:20.119,1.43643,1.43649,1.50,1.13
2011.08.10 07:45:20.454,1.43645,1.43653,3.00,1.13
2011.08.10 07:45:21.447,1.43647,1.43655,1.50,1.50
2011.08.10 07:45:21.672,1.43647,1.43655,3.38,1.50
2011.08.10 07:45:21.914,1.43643,1.43652,1.88,4.35
2011.08.10 07:45:22.034,1.43643,1.43651,1.13,1.88
2011.08.10 07:45:22.372,1.43639,1.43648,5.63,1.50
2011.08.10 07:45:22.931,1.43639,1.43646,1.50,1.13
2011.08.10 07:45:23.272,1.4364,1.43647,3.00,1.13
2011.08.10 07:45:23.504,1.43638,1.43643,1.13,1.50
2011.08.10 07:45:23.625,1.43638,1.43645,2.25,1.13
2011.08.10 07:45:24.294,1.43638,1.43644,3.00,1.13
2011.08.10 07:45:24.860,1.43638,1.43645,1.13,2.35
2011.08.10 07:45:25.091,1.43637,1.43644,1.13,1.98
2011.08.10 07:45:25.433,1.43635,1.43642,1.13,1.88
2011.08.10 07:45:25.993,1.43638,1.43644,2.25,3.75
2011.08.10 07:45:26.224,1.4364,1.43647,1.50,1.50
2011.08.10 07:45:26.343,1.4364,1.43647,1.50,1.50
2011.08.10 07:45:26.902,1.43639,1.43648,5.63,1.88
2011.08.10 07:45:27.353,1.43644,1.4365,2.25,1.13
2011.08.10 07:45:27.698,1.4365,1.43656,1.13,4.13
2011.08.10 07:45:28.295,1.43652,1.43661,1.35,5.25
2011.08.10 07:45:28.417,1.43651,1.43658,1.13,1.13
2011.08.10 07:45:28.760,1.43651,1.43659,1.50,1.13
2011.08.10 07:45:29.005,1.43649,1.43657,4.88,3.00
2011.08.10 07:45:29.126,1.43647,1.43655,5.25,1.13
2011.08.10 07:45:29.245,1.43645,1.43654,1.88,1.88
2011.08.10 07:45:29.800,1.43645,1.43652,1.13,3.75
2011.08.10 07:45:30.141,1.43645,1.43653,1.13,1.13
2011.08.10 07:45:30.702,1.43642,1.43649,1.50,1.50
2011.08.10 07:45:30.820,1.43641,1.43649,1.50,2.25
2011.08.10 07:45:31.380,1.4364,1.43649,1.88,3.00
2011.08.10 07:45:32.434,1.4364,1.43649,1.13,3.38
2011.08.10 07:45:32.893,1.43639,1.43647,3.00,1.13
2011.08.10 07:45:33.232,1.43641,1.43648,1.13,1.50
2011.08.10 07:45:33.353,1.43641,1.43648,4.50,1.50
2011.08.10 07:45:33.814,1.43644,1.43651,3.00,1.13
2011.08.10 07:45:34.042,1.43646,1.43654,1.13,5.25
2011.08.10 07:45:34.161,1.43646,1.43654,1.50,1.50
2011.08.10 07:45:34.392,1.4365,1.43656,2.25,4.50
2011.08.10 07:45:34.731,1.4365,1.43656,2.25,1.13
2011.08.10 07:45:35.294,1.43651,1.43657,2.25,1.50
2011.08.10 07:45:36.055,1.43651,1.43657,2.63,1.88
2011.08.10 07:45:36.622,1.4365,1.43656,2.25,1.13
2011.08.10 07:45:37.181,1.4365,1.43656,1.88,1.88
2011.08.10 07:45:37.523,1.43653,1.43659,2.25,3.00
2011.08.10 07:45:37.641,1.43653,1.43659,2.25,1.88
2011.08.10 07:45:37.761,1.43657,1.43663,2.25,5.63
2011.08.10 07:45:38.215,1.4366,1.43666,2.25,9.68
2011.08.10 07:45:38.444,1.4366,1.43664,1.50,1.50
2011.08.10 07:45:39.002,1.4366,1.43665,1.88,1.13
2011.08.10 07:45:39.840,1.43655,1.43662,1.50,1.50
2011.08.10 07:45:39.965,1.43653,1.43659,2.25,1.88
2011.08.10 07:45:40.631,1.43656,1.43662,2.25,8.25
2011.08.10 07:45:41.086,1.43656,1.43662,2.25,2.25
2011.08.10 07:45:41.755,1.43656,1.43662,1.88,1.88
2011.08.10 07:45:42.314,1.43655,1.4366,1.88,1.13
2011.08.10 07:45:43.287,1.43656,1.43662,2.25,5.25
2011.08.10 07:45:43.736,1.43659,1.43666,2.25,6.98
2011.08.10 07:45:43.855,1.43659,1.43664,1.50,1.88
2011.08.10 07:45:45.739,1.43661,1.43667,2.25,4.88
2011.08.10 07:45:45.972,1.43661,1.43667,1.88,5.63
2011.08.10 07:45:46.869,1.43658,1.43666,3.00,1.13
2011.08.10 07:45:47.649,1.43659,1.43667,1.13,2.25
2011.08.10 07:45:48.453,1.43661,1.43669,1.13,4.73
2011.08.10 07:45:49.121,1.43662,1.43669,2.25,3.98
2011.08.10 07:45:49.577,1.43659,1.43668,5.33,3.23
2011.08.10 07:45:49.697,1.43657,1.43661,1.50,2.10
2011.08.10 07:45:49.816,1.43655,1.4366,2.63,1.35
2011.08.10 07:45:49.935,1.43652,1.43659,4.13,3.60
2011.08.10 07:45:50.052,1.4365,1.43657,2.25,1.13
2011.08.10 07:45:50.500,1.43654,1.4366,2.25,2.85
2011.08.10 07:45:50.735,1.43654,1.43662,2.25,5.25
2011.08.10 07:45:50.853,1.43655,1.43662,1.13,1.50
2011.08.10 07:45:51.082,1.43654,1.43662,2.25,5.63
2011.08.10 07:45:51.781,1.43654,1.4366,1.50,4.13
2011.08.10 07:45:51.907,1.43655,1.43661,1.13,1.50
2011.08.10 07:45:52.461,1.43655,1.43662,4.88,1.50
2011.08.10 07:45:53.020,1.43655,1.43663,1.13,1.80
2011.08.10 07:45:53.582,1.43653,1.43662,5.70,2.63
2011.08.10 07:45:53.931,1.43653,1.43659,3.38,2.10
2011.08.10 07:45:54.161,1.4365,1.43658,2.63,1.05
2011.08.10 07:45:55.610,1.4365,1.43657,2.25,1.05
2011.08.10 07:45:57.734,1.4365,1.43657,2.63,1.50
2011.08.10 07:45:58.304,1.43652,1.43658,1.13,1.50
2011.08.10 07:45:58.540,1.43655,1.43662,2.25,2.18
2011.08.10 07:45:58.783,1.43658,1.43664,3.75,3.68
2011.08.10 07:45:59.016,1.43659,1.43666,6.38,1.50
2011.08.10 07:45:59.570,1.43658,1.43666,2.63,1.05
2011.08.10 07:46:00.440,1.43658,1.43665,2.63,1.50
2011.08.10 07:46:00.565,1.4366,1.43666,4.50,2.85
2011.08.10 07:46:00.681,1.43658,1.43665,4.13,1.50
2011.08.10 07:46:00.804,1.43655,1.43664,5.63,3.60
2011.08.10 07:46:01.143,1.43653,1.4366,4.88,1.73
2011.08.10 07:46:01.596,1.43656,1.43664,2.63,1.05
2011.08.10 07:46:02.043,1.43656,1.43663,2.63,1.50
2011.08.10 07:46:02.602,1.43655,1.43662,4.88,1.50
2011.08.10 07:46:02.832,1.43654,1.43661,1.13,1.50
2011.08.10 07:46:03.959,1.43655,1.43662,1.13,2.25
2011.08.10 07:46:04.512,1.43654,1.43661,1.13,1.50
2011.08.10 07:46:05.541,1.43653,1.43661,2.25,1.80
2011.08.10 07:46:05.662,1.43652,1.43661,1.50,2.18
2011.08.10 07:46:05.788,1.43649,1.43657,2.25,1.60
2011.08.10 07:46:06.026,1.43644,1.43649,1.13,1.35
2011.08.10 07:46:06.145,1.43641,1.43647,1.13,1.50
2011.08.10 07:46:06.483,1.4364,1.43648,2.63,1.80
2011.08.10 07:46:06.823,1.4364,1.43647,2.63,1.50
2011.08.10 07:46:07.395,1.43641,1.43649,1.13,2.63
2011.08.10 07:46:07.747,1.43645,1.43652,2.25,1.13
2011.08.10 07:46:07.864,1.43645,1.43653,2.25,1.88
2011.08.10 07:46:08.427,1.43647,1.43654,2.25,4.13
2011.08.10 07:46:08.542,1.43647,1.43654,2.25,1.13
2011.08.10 07:46:08.661,1.4365,1.43656,3.75,2.85
2011.08.10 07:46:09.005,1.43648,1.43656,4.88,3.60
2011.08.10 07:46:09.572,1.4365,1.43657,5.63,3.60
2011.08.10 07:46:09.925,1.43647,1.43655,4.13,1.88
2011.08.10 07:46:10.610,1.43645,1.43653,3.00,1.13
2011.08.10 07:46:10.732,1.43649,1.43655,2.63,2.85
2011.08.10 07:46:11.217,1.43654,1.4366,2.25,1.88
2011.08.10 07:46:11.446,1.43656,1.4366,1.50,1.13
2011.08.10 07:46:11.985,1.43657,1.43661,1.88,3.60
2011.08.10 07:46:12.437,1.43655,1.43661,2.25,1.50
2011.08.10 07:46:12.556,1.43656,1.43662,1.88,1.50
2011.08.10 07:46:13.111,1.43655,1.43662,4.50,1.50
2011.08.10 07:46:13.344,1.43654,1.43662,1.88,1.50
2011.08.10 07:46:14.788,1.43656,1.43663,4.50,1.50
2011.08.10 07:46:15.014,1.43655,1.43662,1.13,1.50
2011.08.10 07:46:15.353,1.43654,1.4366,3.75,1.50
2011.08.10 07:46:15.592,1.43658,1.43664,2.25,1.13
2011.08.10 07:46:15.714,1.43657,1.43664,1.50,1.88
2011.08.10 07:46:16.166,1.43658,1.43666,2.25,5.63
2011.08.10 07:46:16.281,1.43659,1.43666,1.13,1.13
2011.08.10 07:46:16.513,1.4366,1.43666,4.50,1.13
2011.08.10 07:46:16.631,1.43659,1.43666,1.13,1.13
2011.08.10 07:46:16.754,1.43655,1.43661,4.13,1.50
2011.08.10 07:46:16.982,1.43658,1.43665,2.25,1.88
2011.08.10 07:46:17.541,1.43659,1.43666,1.13,1.13
2011.08.10 07:46:17.662,1.4366,1.43667,3.38,4.35
2011.08.10 07:46:18.244,1.43662,1.4367,1.13,5.25
2011.08.10 07:46:18.362,1.43665,1.43672,1.50,7.50
2011.08.10 07:46:18.596,1.43665,1.43673,1.88,1.13
2011.08.10 07:46:18.826,1.43665,1.43671,1.13,4.13
2011.08.10 07:46:18.943,1.43665,1.43673,1.50,4.88
2011.08.10 07:46:19.066,1.43665,1.43669,1.13,1.13
2011.08.10 07:46:19.291,1.43661,1.43668,1.13,4.13
2011.08.10 07:46:19.521,1.43661,1.43669,1.13,1.35
2011.08.10 07:46:20.083,1.43659,1.43667,5.25,2.10
2011.08.10 07:46:20.972,1.43659,1.43667,1.50,2.48
2011.08.10 07:46:21.736,1.43655,1.43664,5.25,6.98
2011.08.10 07:46:21.857,1.43655,1.43661,1.13,3.75
2011.08.10 07:46:22.305,1.43657,1.43663,1.50,3.75
2011.08.10 07:46:22.532,1.43658,1.43664,1.13,4.13
2011.08.10 07:46:22.650,1.43658,1.43666,1.50,5.85
2011.08.10 07:46:22.771,1.43658,1.43666,1.50,2.10
2011.08.10 07:46:23.551,1.43658,1.43667,4.13,4.73
2011.08.10 07:46:23.672,1.43658,1.43666,2.25,4.35
2011.08.10 07:46:24.231,1.43657,1.43665,3.00,4.13
2011.08.10 07:46:24.350,1.43657,1.43666,3.38,1.73
2011.08.10 07:46:24.911,1.43657,1.43666,1.88,2.85
2011.08.10 07:46:32.293,1.43657,1.43666,4.13,1.73
2011.08.10 07:46:32.630,1.43658,1.43667,2.63,3.38
2011.08.10 07:46:33.293,1.43658,1.43667,2.25,6.75
2011.08.10 07:46:34.632,1.43658,1.43666,1.13,2.10
2011.08.10 07:46:34.975,1.43657,1.43663,1.13,4.13
2011.08.10 07:46:35.421,1.43658,1.43666,1.13,2.10
2011.08.10 07:46:35.760,1.43658,1.43667,1.88,1.50
2011.08.10 07:46:36.321,1.43658,1.43667,1.88,2.25
2011.08.10 07:46:38.268,1.43665,1.43674,6.38,2.85
2011.08.10 07:46:39.041,1.43668,1.43674,2.25,1.35
2011.08.10 07:46:39.163,1.43667,1.43673,1.13,3.23
2011.08.10 07:46:39.284,1.43668,1.43674,1.88,6.23
2011.08.10 07:46:39.401,1.43665,1.43673,1.88,4.88
2011.08.10 07:46:39.740,1.43668,1.43673,1.88,1.50
2011.08.10 07:46:40.633,1.43665,1.43672,1.50,1.88
2011.08.10 07:46:40.757,1.43662,1.4367,1.88,5.85
2011.08.10 07:46:41.092,1.43661,1.43668,1.50,1.50
2011.08.10 07:46:42.259,1.43661,1.43669,1.88,4.50
2011.08.10 07:46:42.592,1.43657,1.43667,2.10,4.23
2011.08.10 07:46:43.700,1.4366,1.43667,1.88,3.85
2011.08.10 07:46:44.262,1.4366,1.43667,1.50,4.50
2011.08.10 07:46:44.381,1.4366,1.43667,2.25,1.13
2011.08.10 07:46:44.940,1.4366,1.43667,2.25,1.13
2011.08.10 07:46:45.941,1.43661,1.43668,2.25,5.63
2011.08.10 07:46:50.124,1.43663,1.4367,2.25,9.00
2011.08.10 07:46:50.353,1.43664,1.43671,2.25,3.75
2011.08.10 07:46:50.802,1.43661,1.43669,1.50,4.13
2011.08.10 07:46:51.361,1.43661,1.43668,1.13,4.13
2011.08.10 07:46:51.482,1.4366,1.43666,2.63,1.13
2011.08.10 07:46:51.718,1.43656,1.43663,1.50,1.13
2011.08.10 07:46:51.831,1.43655,1.43662,1.50,4.13
2011.08.10 07:46:52.675,1.43655,1.43663,3.00,1.13
2011.08.10 07:46:52.905,1.43655,1.43661,2.25,4.13
2011.08.10 07:46:53.353,1.43655,1.43663,3.00,4.88
2011.08.10 07:46:53.803,1.43657,1.43664,1.88,3.23
2011.08.10 07:46:53.926,1.4366,1.43666,1.50,3.38
2011.08.10 07:46:54.265,1.43665,1.43672,2.63,4.13
2011.08.10 07:46:54.384,1.43667,1.43674,1.13,4.73
2011.08.10 07:46:55.641,1.43659,1.43664,1.13,1.13
2011.08.10 07:46:55.769,1.43655,1.43661,1.13,4.13
2011.08.10 07:46:56.432,1.43653,1.4366,3.00,3.75
2011.08.10 07:46:57.323,1.43654,1.4366,3.00,3.38
2011.08.10 07:46:57.442,1.43654,1.43663,3.00,7.73
2011.08.10 07:46:58.000,1.43655,1.43663,1.50,3.23
2011.08.10 07:46:58.566,1.43655,1.43663,1.13,2.85
2011.08.10 07:46:58.792,1.43653,1.43662,3.75,5.63
2011.08.10 07:46:59.924,1.43651,1.43659,1.88,1.73
2011.08.10 07:47:00.371,1.43651,1.43658,1.50,4.13
2011.08.10 07:47:00.492,1.43651,1.43659,1.50,1.73
2011.08.10 07:47:00.725,1.4365,1.43656,1.50,4.50
2011.08.10 07:47:00.847,1.43646,1.43654,1.13,3.98
2011.08.10 07:47:00.967,1.43645,1.43654,1.50,4.08
2011.08.10 07:47:01.312,1.43645,1.43651,1.13,4.13
2011.08.10 07:47:01.432,1.43645,1.43653,1.13,4.88
2011.08.10 07:47:02.002,1.43643,1.43651,3.00,1.13
2011.08.10 07:47:02.342,1.43644,1.43652,1.13,3.98
2011.08.10 07:47:03.125,1.43643,1.43651,1.50,1.13
2011.08.10 07:47:03.746,1.43643,1.4365,1.13,3.23
2011.08.10 07:47:04.864,1.43648,1.43655,2.25,2.25
2011.08.10 07:47:05.204,1.43651,1.43655,1.13,3.38
2011.08.10 07:47:05.324,1.4365,1.43659,5.25,4.73
2011.08.10 07:47:05.444,1.43653,1.4366,3.00,1.88
2011.08.10 07:47:05.561,1.43655,1.43662,1.13,6.00
2011.08.10 07:47:06.124,1.43657,1.43664,2.63,4.13
2011.08.10 07:47:06.352,1.43657,1.43665,3.00,1.50
2011.08.10 07:47:06.802,1.43656,1.43664,1.13,2.10
2011.08.10 07:47:07.252,1.43655,1.43664,3.00,6.23
2011.08.10 07:47:08.315,1.43657,1.43664,3.00,5.10
2011.08.10 07:47:08.872,1.43657,1.43663,2.25,4.13
2011.08.10 07:47:09.103,1.43656,1.43663,1.50,1.13
2011.08.10 07:47:10.547,1.43658,1.43665,2.25,3.60
2011.08.10 07:47:10.666,1.43658,1.43666,2.63,1.13
2011.08.10 07:47:10.782,1.43662,1.43668,5.10,4.88
2011.08.10 07:47:11.554,1.43669,1.43675,1.13,4.13
2011.08.10 07:47:11.680,1.43671,1.43675,1.50,3.75
2011.08.10 07:47:11.801,1.43669,1.43678,4.13,3.23
2011.08.10 07:47:12.362,1.43669,1.43678,3.38,3.60
2011.08.10 07:47:12.922,1.4367,1.43679,3.00,6.98
2011.08.10 07:47:13.266,1.43669,1.43674,1.13,2.10
2011.08.10 07:47:13.492,1.43664,1.43672,1.50,1.13
2011.08.10 07:47:13.723,1.43663,1.43671,1.13,1.50
2011.08.10 07:47:13.840,1.43662,1.4367,4.13,1.13
2011.08.10 07:47:14.296,1.43663,1.43667,1.13,1.35
2011.08.10 07:47:14.413,1.43658,1.43666,1.13,1.13
2011.08.10 07:47:14.532,1.43657,1.43665,1.88,1.13
2011.08.10 07:47:15.108,1.4366,1.43666,1.50,4.50
2011.08.10 07:47:15.232,1.43661,1.43668,3.00,4.13
2011.08.10 07:47:15.354,1.43662,1.43669,5.47,3.75
2011.08.10 07:47:15.814,1.43663,1.4367,1.50,2.48
2011.08.10 07:47:16.372,1.43664,1.43672,1.13,3.98
2011.08.10 07:47:16.935,1.43665,1.43674,1.88,2.25
2011.08.10 07:47:17.519,1.43675,1.43681,1.50,2.48
2011.08.10 07:47:17.644,1.43673,1.4368,1.13,2.48
2011.08.10 07:47:18.092,1.43674,1.4368,2.25,1.73
2011.08.10 07:47:18.321,1.43675,1.43682,3.00,1.50
2011.08.10 07:47:18.447,1.43676,1.43684,3.00,3.00
2011.08.10 07:47:18.672,1.43678,1.43684,4.13,2.63
2011.08.10 07:47:18.791,1.43676,1.43685,8.63,3.60
2011.08.10 07:47:19.464,1.43677,1.43686,1.50,4.35
2011.08.10 07:47:19.583,1.43678,1.43686,4.13,3.23
2011.08.10 07:47:20.585,1.43679,1.43686,1.13,3.99
2011.08.10 07:47:21.331,1.43678,1.43684,1.13,1.88
2011.08.10 07:47:21.461,1.43677,1.43685,1.50,1.13
2011.08.10 07:47:21.581,1.43678,1.43686,4.50,3.76
2011.08.10 07:47:23.133,1.43677,1.43686,1.88,3.98
2011.08.10 07:47:23.251,1.43677,1.43685,1.50,4.88
2011.08.10 07:47:23.593,1.43677,1.43683,1.50,2.85
2011.08.10 07:47:23.821,1.43675,1.43682,1.50,1.35
2011.08.10 07:47:24.381,1.43674,1.43682,1.88,5.48
2011.08.10 07:47:25.556,1.43677,1.43685,1.13,1.13
2011.08.10 07:47:26.112,1.43676,1.43685,2.63,1.50
2011.08.10 07:47:26.670,1.43678,1.43685,1.13,6.98
2011.08.10 07:47:26.791,1.43678,1.43685,1.13,3.60
2011.08.10 07:47:27.132,1.43677,1.43685,1.50,3.98
2011.08.10 07:47:27.252,1.43677,1.43683,1.13,2.10
2011.08.10 07:47:27.924,1.43678,1.43684,1.13,1.13
2011.08.10 07:47:28.373,1.43678,1.43685,1.13,1.50
2011.08.10 07:47:28.711,1.43678,1.43685,1.13,5.25
2011.08.10 07:47:28.940,1.43678,1.43685,1.13,1.88
2011.08.10 07:47:29.503,1.43678,1.43686,1.50,3.38
2011.08.10 07:47:30.060,1.43678,1.43686,1.50,3.98
2011.08.10 07:47:30.685,1.43678,1.43686,1.50,3.98
2011.08.10 07:47:30.808,1.43677,1.43684,1.50,1.13
2011.08.10 07:47:31.361,1.43677,1.43684,1.13,3.23
2011.08.10 07:47:32.362,1.43677,1.43684,1.50,2.85
2011.08.10 07:47:32.704,1.43677,1.43682,4.50,1.35
2011.08.10 07:47:32.825,1.43677,1.43683,1.88,3.75
2011.08.10 07:47:32.944,1.43678,1.43686,1.13,4.45
2011.08.10 07:47:33.500,1.43679,1.43686,1.13,3.98
2011.08.10 07:47:34.281,1.43678,1.43686,1.50,4.45
2011.08.10 07:47:34.950,1.43679,1.43686,1.13,4.08
2011.08.10 07:47:37.562,1.43678,1.43686,4.13,3.23
2011.08.10 07:47:38.120,1.43678,1.43686,4.13,2.48
2011.08.10 07:47:39.122,1.43678,1.43686,1.50,2.85
2011.08.10 07:47:39.681,1.43678,1.43686,4.13,2.48
2011.08.10 07:47:40.135,1.43677,1.43683,1.88,2.85
2011.08.10 07:47:40.363,1.43678,1.43686,3.75,3.98
2011.08.10 07:47:40.920,1.4368,1.43686,1.13,3.98
2011.08.10 07:47:41.481,1.43678,1.43686,1.13,4.35
2011.08.10 07:47:42.113,1.43679,1.43686,1.13,3.98
2011.08.10 07:47:42.671,1.43678,1.43686,1.13,4.73
2011.08.10 07:47:42.901,1.43681,1.43686,1.13,3.23
2011.08.10 07:47:43.240,1.43682,1.43689,1.13,3.23
2011.08.10 07:47:43.364,1.43682,1.43689,1.13,5.85
2011.08.10 07:47:43.921,1.4368,1.43687,1.13,3.23
2011.08.10 07:47:44.483,1.43679,1.43686,1.13,4.88
2011.08.10 07:47:46.593,1.43678,1.43686,1.13,7.35
2011.08.10 07:47:46.713,1.43679,1.43686,1.13,3.23
2011.08.10 07:47:46.940,1.43679,1.43686,4.88,3.23
2011.08.10 07:47:48.012,1.43678,1.43686,1.50,3.60
2011.08.10 07:47:48.959,1.43678,1.43686,1.50,3.98
2011.08.10 07:47:49.070,1.43678,1.43686,1.13,7.35
2011.08.10 07:47:49.954,1.43678,1.43689,1.50,1.21
2011.08.10 07:47:50.080,1.43681,1.43689,1.88,1.96
2011.08.10 07:47:50.427,1.43682,1.4369,1.88,3.75
2011.08.10 07:47:50.542,1.43682,1.43692,3.75,2.63
2011.08.10 07:47:50.772,1.43683,1.43693,1.88,1.13
2011.08.10 07:47:51.330,1.43684,1.43694,1.88,4.13
2011.08.10 07:47:51.672,1.43686,1.43695,1.50,4.13
2011.08.10 07:47:51.900,1.43687,1.43696,1.88,1.13
2011.08.10 07:47:52.132,1.43687,1.43698,6.60,2.63
2011.08.10 07:47:52.738,1.4369,1.43697,2.63,5.85
2011.08.10 07:47:53.075,1.437,1.43708,1.13,5.25
2011.08.10 07:47:53.301,1.43699,1.43706,1.88,4.88
2011.08.10 07:47:53.861,1.437,1.43708,1.13,5.25
2011.08.10 07:47:54.537,1.43705,1.43711,1.13,4.50
2011.08.10 07:47:54.653,1.43703,1.43709,1.13,1.13
2011.08.10 07:47:55.210,1.43701,1.43709,1.13,4.13
2011.08.10 07:47:55.341,1.43705,1.4371,1.35,1.50
2011.08.10 07:47:55.463,1.43704,1.43712,1.88,4.88
2011.08.10 07:47:55.582,1.43704,1.43715,3.23,2.63
2011.08.10 07:47:55.702,1.43703,1.4371,2.85,1.50
2011.08.10 07:47:56.282,1.43702,1.4371,1.50,1.88
2011.08.10 07:47:57.066,1.43701,1.43709,1.50,3.38
2011.08.10 07:47:57.302,1.43697,1.43706,2.25,2.63
2011.08.10 07:47:57.862,1.43697,1.43705,1.50,3.10
2011.08.10 07:47:58.097,1.43694,1.437,3.00,2.85
2011.08.10 07:47:58.432,1.43692,1.43698,1.50,1.88
2011.08.10 07:47:58.555,1.43689,1.43697,1.13,1.13
2011.08.10 07:47:58.673,1.43689,1.43697,1.13,1.13
2011.08.10 07:47:59.236,1.43689,1.43696,1.13,1.13
2011.08.10 07:47:59.779,1.43689,1.43696,1.13,1.13
2011.08.10 07:47:59.909,1.4369,1.43698,1.50,1.88
2011.08.10 07:48:00.026,1.43692,1.43698,1.13,1.13
2011.08.10 07:48:00.261,1.43693,1.43699,1.50,3.75
2011.08.10 07:48:00.606,1.43694,1.437,1.35,4.60
2011.08.10 07:48:00.945,1.43696,1.43701,1.13,3.75
2011.08.10 07:48:01.284,1.43696,1.43704,1.65,4.13
2011.08.10 07:48:01.517,1.43698,1.43704,1.13,3.75
2011.08.10 07:48:01.747,1.437,1.43705,2.10,4.13
2011.08.10 07:48:01.867,1.43701,1.43706,1.13,4.88
2011.08.10 07:48:02.531,1.43701,1.43709,1.88,1.13
2011.08.10 07:48:02.987,1.43702,1.43711,1.88,1.88
2011.08.10 07:48:03.330,1.43704,1.43712,1.13,4.88
2011.08.10 07:48:03.673,1.43706,1.43713,3.00,4.13
2011.08.10 07:48:04.122,1.43707,1.43714,1.13,1.13
2011.08.10 07:48:04.466,1.43709,1.43715,1.50,1.13
2011.08.10 07:48:06.617,1.43718,1.43724,1.50,3.75
2011.08.10 07:48:07.175,1.43717,1.43723,2.25,4.13
2011.08.10 07:48:07.299,1.43713,1.43719,1.13,1.13
2011.08.10 07:48:07.418,1.4371,1.43718,1.13,4.13
2011.08.10 07:48:07.975,1.4371,1.43717,1.13,4.13
2011.08.10 07:48:08.092,1.43709,1.43715,2.85,4.13
2011.08.10 07:48:08.549,1.43718,1.43723,3.75,3.75
2011.08.10 07:48:08.667,1.43714,1.43721,1.50,1.13
2011.08.10 07:48:08.790,1.43722,1.43728,4.50,1.73
2011.08.10 07:48:09.528,1.43733,1.43738,1.13,3.38
2011.08.10 07:48:09.750,1.43731,1.4374,5.63,1.50
2011.08.10 07:48:09.873,1.43734,1.43738,3.38,1.50
2011.08.10 07:48:10.105,1.43738,1.43742,1.50,3.75
2011.08.10 07:48:10.226,1.43738,1.43746,3.38,1.13
2011.08.10 07:48:10.347,1.43734,1.4374,2.10,3.00
2011.08.10 07:48:10.466,1.43734,1.4374,1.35,1.88
2011.08.10 07:48:10.585,1.43735,1.43742,1.13,1.50
2011.08.10 07:48:11.263,1.43735,1.43744,4.88,1.88
2011.08.10 07:48:11.823,1.43735,1.43744,2.25,1.50
2011.08.10 07:48:12.436,1.43733,1.43743,2.63,5.25
2011.08.10 07:48:13.100,1.43733,1.43739,1.13,2.25
2011.08.10 07:48:13.444,1.43731,1.43738,1.88,1.13
2011.08.10 07:48:13.674,1.43729,1.43735,1.50,2.25
2011.08.10 07:48:14.014,1.43727,1.43735,2.63,2.25
2011.08.10 07:48:14.570,1.43728,1.43735,1.88,2.25
2011.08.10 07:48:15.243,1.43727,1.43733,3.38,2.25
2011.08.10 07:48:15.365,1.43727,1.43735,1.88,1.13
2011.08.10 07:48:16.062,1.43729,1.43735,3.60,1.13
2011.08.10 07:48:16.189,1.43731,1.4374,1.50,7.35
2011.08.10 07:48:16.310,1.43728,1.43734,1.50,1.13
2011.08.10 07:48:16.441,1.43725,1.43731,2.63,2.25
2011.08.10 07:48:16.674,1.43726,1.43733,2.85,4.50
2011.08.10 07:48:17.017,1.43724,1.4373,4.88,2.25
2011.08.10 07:48:17.136,1.43724,1.4373,4.13,2.25
2011.08.10 07:48:17.253,1.43722,1.43729,4.50,1.13
2011.08.10 07:48:17.372,1.43721,1.43729,1.88,1.13
2011.08.10 07:48:17.601,1.43721,1.43728,1.88,4.13
2011.08.10 07:48:17.722,1.43721,1.43729,1.88,1.13
2011.08.10 07:48:18.910,1.43721,1.43729,2.25,3.75
2011.08.10 07:48:19.043,1.43723,1.43731,1.50,4.13
2011.08.10 07:48:20.040,1.43722,1.4373,1.50,4.50
2011.08.10 07:48:20.383,1.43719,1.43726,7.13,1.50
2011.08.10 07:48:20.747,1.43709,1.43715,2.25,2.25
2011.08.10 07:48:21.086,1.43714,1.4372,1.13,1.50
2011.08.10 07:48:21.202,1.43712,1.4372,1.13,1.88
2011.08.10 07:48:21.323,1.43712,1.4372,4.88,1.50
2011.08.10 07:48:22.338,1.43713,1.43721,9.00,2.25
2011.08.10 07:48:22.802,1.43717,1.43724,1.50,1.13
2011.08.10 07:48:22.924,1.43718,1.43724,4.50,2.25
2011.08.10 07:48:23.265,1.43718,1.43726,4.88,3.00
2011.08.10 07:48:23.385,1.4372,1.43726,3.75,1.50
2011.08.10 07:48:23.504,1.43719,1.43726,2.25,2.25
2011.08.10 07:48:23.625,1.4372,1.43726,4.88,1.50
2011.08.10 07:48:23.964,1.43719,1.43726,1.88,2.25
2011.08.10 07:48:24.300,1.4372,1.43726,4.88,1.50
2011.08.10 07:48:24.859,1.4372,1.43727,4.50,2.25
2011.08.10 07:48:25.409,1.4372,1.43726,4.50,2.25
2011.08.10 07:48:25.526,1.4372,1.43726,1.50,2.25
2011.08.10 07:48:25.758,1.43718,1.43724,3.75,2.25
2011.08.10 07:48:25.989,1.43716,1.43724,1.88,2.25
2011.08.10 07:48:26.216,1.43715,1.43722,4.88,2.25
2011.08.10 07:48:26.552,1.43717,1.43724,5.25,2.25
2011.08.10 07:48:27.001,1.43719,1.43727,3.75,1.50
2011.08.10 07:48:27.125,1.43717,1.43724,1.88,2.25
2011.08.10 07:48:27.681,1.43718,1.43724,1.50,1.88
2011.08.10 07:48:27.915,1.43719,1.43728,1.13,1.50
2011.08.10 07:48:28.040,1.43723,1.4373,1.50,2.10
2011.08.10 07:48:28.946,1.43722,1.43726,3.75,3.75
2011.08.10 07:48:29.077,1.4372,1.43729,4.13,1.13
2011.08.10 07:48:29.197,1.43722,1.4373,2.48,2.63
2011.08.10 07:48:29.976,1.43723,1.4373,1.50,2.25
2011.08.10 07:48:30.313,1.43723,1.43732,1.50,5.63
2011.08.10 07:48:30.869,1.43724,1.43732,3.60,1.13
2011.08.10 07:48:31.422,1.43724,1.43731,4.73,1.13
2011.08.10 07:48:31.763,1.43722,1.4373,1.50,1.50
2011.08.10 07:48:32.322,1.43722,1.4373,1.50,1.50
2011.08.10 07:48:33.032,1.43718,1.43725,1.13,2.25
2011.08.10 07:48:33.703,1.43721,1.43726,1.13,1.50
2011.08.10 07:48:34.261,1.43718,1.43726,1.88,3.38
2011.08.10 07:48:35.902,1.4372,1.43728,1.13,4.88
2011.08.10 07:48:36.022,1.43721,1.43729,1.13,1.50
2011.08.10 07:48:36.579,1.43721,1.43729,1.13,2.63
2011.08.10 07:48:37.153,1.4372,1.43729,1.13,3.00
2011.08.10 07:48:37.275,1.43725,1.43732,2.85,7.98
2011.08.10 07:48:38.013,1.43726,1.43734,1.13,1.88
2011.08.10 07:48:38.137,1.43723,1.43731,1.88,1.50
2011.08.10 07:48:38.694,1.43723,1.43731,1.88,1.50
2011.08.10 07:48:38.920,1.43723,1.43731,1.50,4.88
2011.08.10 07:48:39.480,1.43723,1.4373,1.88,1.13
2011.08.10 07:48:40.260,1.43723,1.4373,1.50,4.88
2011.08.10 07:48:40.820,1.43722,1.43729,1.73,4.88
2011.08.10 07:48:41.260,1.43722,1.43729,2.48,1.13
2011.08.10 07:48:41.819,1.43723,1.43731,2.25,1.13
2011.08.10 07:48:42.382,1.43723,1.43729,1.13,1.13
2011.08.10 07:48:43.524,1.43724,1.4373,1.88,1.13
2011.08.10 07:48:43.654,1.43724,1.43732,2.25,1.13
2011.08.10 07:48:44.871,1.43724,1.4373,1.13,1.13
2011.08.10 07:48:44.995,1.43724,1.4373,1.50,1.13
2011.08.10 07:48:45.114,1.4372,1.43728,2.25,3.00
2011.08.10 07:48:45.234,1.43721,1.43728,1.13,3.00
2011.08.10 07:48:45.790,1.43719,1.43727,1.73,1.50
2011.08.10 07:48:46.130,1.4372,1.43728,1.50,1.50
2011.08.10 07:48:46.909,1.43724,1.43731,4.13,2.10
2011.08.10 07:48:47.040,1.43719,1.43728,1.88,3.75
2011.08.10 07:48:47.161,1.4372,1.4373,1.13,4.50
2011.08.10 07:48:47.720,1.43719,1.43729,1.13,4.88
2011.08.10 07:48:48.394,1.43717,1.43724,1.13,1.13
2011.08.10 07:48:48.625,1.43714,1.43721,2.85,1.50
2011.08.10 07:48:48.744,1.4371,1.43719,5.25,1.13
2011.08.10 07:48:48.864,1.4371,1.43719,2.25,4.50
2011.08.10 07:48:49.423,1.43709,1.43717,3.22,1.73
2011.08.10 07:48:49.762,1.43705,1.43715,6.38,1.13
2011.08.10 07:48:50.463,1.43704,1.43711,1.13,1.50
2011.08.10 07:48:50.813,1.43697,1.43705,4.88,1.88
2011.08.10 07:48:51.263,1.43699,1.43705,4.13,1.50
2011.08.10 07:48:51.600,1.43701,1.43708,4.13,1.88
2011.08.10 07:48:52.204,1.43699,1.43705,7.50,1.50
2011.08.10 07:48:52.760,1.437,1.43706,4.13,2.25
2011.08.10 07:48:52.992,1.43703,1.4371,3.00,1.88
2011.08.10 07:48:53.552,1.43702,1.43708,4.13,1.50
2011.08.10 07:48:54.319,1.437,1.43707,7.50,1.88
2011.08.10 07:48:54.832,1.437,1.43709,5.10,1.13
2011.08.10 07:48:54.952,1.43702,1.43709,3.75,1.13
2011.08.10 07:48:55.183,1.43702,1.4371,1.50,2.25
2011.08.10 07:48:56.071,1.43703,1.43711,2.25,1.13
2011.08.10 07:48:56.415,1.4371,1.43717,1.13,1.50
2011.08.10 07:48:56.754,1.43708,1.43713,3.75,1.88
2011.08.10 07:48:56.875,1.43705,1.43713,5.63,1.88
2011.08.10 07:48:57.215,1.43706,1.43713,4.50,1.88
2011.08.10 07:48:57.551,1.43705,1.43713,1.13,1.88
2011.08.10 07:48:58.914,1.43704,1.4371,1.13,1.13
2011.08.10 07:48:59.910,1.43702,1.4371,1.73,1.13
2011.08.10 07:49:01.931,1.43704,1.43711,1.13,1.13
2011.08.10 07:49:02.054,1.43705,1.43713,1.88,1.88
2011.08.10 07:49:02.174,1.43706,1.43713,3.23,1.50
2011.08.10 07:49:02.731,1.43708,1.43715,1.13,4.13
2011.08.10 07:49:02.853,1.43708,1.43716,1.13,1.88
2011.08.10 07:49:03.303,1.43707,1.43716,1.13,3.26
2011.08.10 07:49:04.119,1.43706,1.43716,1.88,7.01
2011.08.10 07:49:04.671,1.43706,1.43715,1.88,3.00
2011.08.10 07:49:05.483,1.43706,1.43714,1.88,2.25
2011.08.10 07:49:05.710,1.43706,1.43714,1.88,2.25
2011.08.10 07:49:05.833,1.43708,1.43716,1.13,2.63
2011.08.10 07:49:09.112,1.43707,1.43716,5.63,1.13
2011.08.10 07:49:09.233,1.43709,1.43717,1.13,1.13
2011.08.10 07:49:09.571,1.43707,1.43715,8.63,1.88
2011.08.10 07:49:09.802,1.43707,1.43715,1.13,2.25
2011.08.10 07:49:11.950,1.43707,1.43716,1.88,1.13
2011.08.10 07:49:12.190,1.43709,1.43717,1.13,1.50
2011.08.10 07:49:12.643,1.43708,1.43715,1.13,1.88
2011.08.10 07:49:12.761,1.43707,1.43715,5.18,2.25
2011.08.10 07:49:14.421,1.43707,1.43715,1.13,1.88
2011.08.10 07:49:14.983,1.43707,1.43713,1.13,1.88
2011.08.10 07:49:15.623,1.43704,1.43712,3.75,1.13
2011.08.10 07:49:16.183,1.43704,1.43712,4.13,2.63
2011.08.10 07:49:16.521,1.43703,1.43712,1.13,3.00
2011.08.10 07:49:17.112,1.43703,1.43711,4.88,1.88
2011.08.10 07:49:17.341,1.43703,1.43711,1.13,2.25
2011.08.10 07:49:18.012,1.43701,1.43708,4.88,2.63
2011.08.10 07:49:18.133,1.437,1.43706,3.00,1.13
2011.08.10 07:49:18.584,1.43698,1.43706,1.50,4.32
2011.08.10 07:49:19.153,1.4369,1.43696,3.75,2.25
2011.08.10 07:49:19.275,1.43686,1.43695,1.50,2.48
2011.08.10 07:49:19.912,1.43686,1.43696,3.00,2.63
2011.08.10 07:49:20.042,1.43688,1.43696,1.13,1.88
2011.08.10 07:49:20.821,1.43686,1.43695,3.00,1.13
2011.08.10 07:49:21.163,1.43689,1.43696,1.50,1.13
2011.08.10 07:49:21.501,1.43684,1.4369,4.13,1.13
2011.08.10 07:49:21.841,1.43681,1.4369,2.25,1.50
2011.08.10 07:49:22.841,1.43681,1.43689,2.25,1.13
2011.08.10 07:49:23.953,1.43689,1.43694,1.50,1.13
2011.08.10 07:49:24.186,1.43685,1.43691,1.05,2.25
2011.08.10 07:49:24.302,1.43682,1.4369,1.80,4.13
2011.08.10 07:49:24.644,1.43683,1.43691,1.88,2.25
2011.08.10 07:49:25.200,1.43683,1.4369,1.50,1.50
2011.08.10 07:49:26.367,1.43682,1.4369,2.85,4.65
2011.08.10 07:49:26.489,1.43685,1.43691,4.13,1.46
2011.08.10 07:49:26.610,1.43685,1.43691,4.13,1.14
2011.08.10 07:49:27.234,1.43683,1.43689,1.13,1.50
2011.08.10 07:49:27.351,1.43677,1.43685,2.55,1.13
2011.08.10 07:49:27.474,1.43677,1.43681,1.13,1.50
2011.08.10 07:49:27.598,1.43675,1.43681,1.05,2.63
2011.08.10 07:49:27.933,1.43672,1.43681,1.50,6.75
2011.08.10 07:49:28.605,1.43674,1.43681,3.97,4.13
2011.08.10 07:49:28.723,1.43674,1.43682,1.88,1.50
2011.08.10 07:49:28.845,1.43675,1.43682,1.50,1.13
2011.08.10 07:49:29.404,1.43675,1.43682,1.88,3.75
2011.08.10 07:49:30.092,1.43676,1.43684,1.13,1.88
2011.08.10 07:49:30.654,1.43676,1.43684,4.13,1.13
2011.08.10 07:49:31.213,1.43676,1.43683,1.13,4.13
2011.08.10 07:49:31.781,1.43675,1.43684,2.25,1.50
2011.08.10 07:49:33.675,1.43677,1.43686,3.60,1.13
2011.08.10 07:49:34.024,1.43684,1.43692,1.13,1.13
2011.08.10 07:49:34.759,1.43686,1.43693,1.13,1.13
2011.08.10 07:49:35.422,1.43685,1.43694,1.13,3.00
2011.08.10 07:49:36.860,1.4368,1.43693,4.05,1.88
2011.08.10 07:49:36.986,1.43676,1.43684,2.91,1.88
2011.08.10 07:49:37.107,1.4368,1.43686,1.05,4.13
2011.08.10 07:49:37.340,1.43674,1.43679,1.88,2.63
2011.08.10 07:49:37.468,1.43671,1.43678,1.43,1.13
2011.08.10 07:49:37.588,1.43665,1.43672,1.88,3.60
2011.08.10 07:49:38.255,1.43661,1.43669,5.70,1.88
2011.08.10 07:49:38.395,1.43655,1.43663,3.00,1.50
2011.08.10 07:49:38.854,1.43654,1.43663,4.88,1.88
2011.08.10 07:49:39.415,1.43654,1.43663,1.50,1.50
2011.08.10 07:49:39.972,1.43655,1.43664,1.13,3.00
2011.08.10 07:49:41.363,1.43656,1.43664,1.13,1.13
2011.08.10 07:49:41.932,1.43655,1.43664,1.50,1.50
2011.08.10 07:49:42.823,1.43656,1.43664,1.13,1.13
2011.08.10 07:49:43.274,1.4366,1.43665,1.50,3.75
2011.08.10 07:49:43.391,1.43663,1.4367,1.13,1.13
2011.08.10 07:49:44.173,1.43663,1.43671,3.23,4.88
2011.08.10 07:49:44.294,1.43666,1.43673,1.35,9.68
2011.08.10 07:49:44.878,1.43673,1.4368,1.13,2.25
2011.08.10 07:49:45.450,1.43672,1.43681,1.73,7.50
2011.08.10 07:49:46.661,1.43675,1.43681,2.10,7.50
2011.08.10 07:49:47.019,1.43678,1.43684,2.25,3.38
2011.08.10 07:49:47.134,1.43679,1.43687,1.13,1.13
2011.08.10 07:49:47.852,1.4368,1.43685,1.50,1.50
2011.08.10 07:49:47.994,1.43685,1.43689,1.50,1.13
2011.08.10 07:49:48.114,1.43685,1.43691,5.25,4.13
2011.08.10 07:49:48.234,1.43687,1.43693,1.50,4.13
2011.08.10 07:49:48.353,1.43686,1.43694,1.88,2.25
2011.08.10 07:49:48.477,1.43688,1.43697,5.85,2.35
2011.08.10 07:49:49.031,1.4369,1.43698,1.13,2.25
2011.08.10 07:49:49.815,1.43688,1.43693,3.75,1.13
2011.08.10 07:49:50.505,1.43685,1.43693,4.88,1.13
2011.08.10 07:49:50.633,1.43684,1.43693,1.13,1.50
2011.08.10 07:49:50.868,1.43683,1.4369,1.50,3.00
2011.08.10 07:49:50.983,1.43681,1.43689,1.88,4.50
2011.08.10 07:49:51.104,1.43681,1.43689,1.13,4.50
2011.08.10 07:49:51.224,1.4368,1.43688,1.13,1.88
2011.08.10 07:49:52.112,1.43679,1.43688,1.13,6.00
2011.08.10 07:49:52.457,1.43687,1.43693,1.88,3.38
2011.08.10 07:49:52.573,1.43688,1.43695,3.75,4.13
2011.08.10 07:49:52.696,1.43693,1.43697,1.50,3.75
2011.08.10 07:49:52.927,1.43696,1.43703,1.88,2.25
2011.08.10 07:49:53.044,1.43695,1.43703,5.63,2.25
2011.08.10 07:49:53.610,1.43701,1.43706,1.50,2.63
2011.08.10 07:49:53.967,1.4369,1.43696,6.75,1.13
2011.08.10 07:49:54.305,1.43693,1.437,2.63,3.38
2011.08.10 07:49:54.423,1.43693,1.43702,2.63,4.13
2011.08.10 07:49:54.546,1.43704,1.4371,3.75,3.00
2011.08.10 07:49:54.784,1.43705,1.43711,2.25,11.25
2011.08.10 07:49:54.906,1.43705,1.43713,1.13,6.38
2011.08.10 07:49:55.134,1.43707,1.43714,1.13,4.13
2011.08.10 07:49:55.252,1.43708,1.43716,1.50,1.50
2011.08.10 07:49:56.015,1.43708,1.43719,2.25,10.13
2011.08.10 07:49:56.561,1.43711,1.43719,2.25,2.63
2011.08.10 07:49:57.565,1.43721,1.43727,1.50,4.29
2011.08.10 07:49:57.795,1.43715,1.43722,1.13,1.13
2011.08.10 07:49:58.027,1.43715,1.43721,1.88,4.13
2011.08.10 07:49:58.145,1.43711,1.43717,2.25,1.13
2011.08.10 07:49:58.262,1.43709,1.43716,1.13,3.75
2011.08.10 07:50:00.551,1.4371,1.43716,2.25,4.88
2011.08.10 07:50:00.789,1.43712,1.43719,2.25,2.63
2011.08.10 07:50:01.017,1.43709,1.43713,1.13,2.48
2011.08.10 07:50:01.136,1.43705,1.43711,1.50,1.50
2011.08.10 07:50:01.258,1.43702,1.43708,1.05,1.35
2011.08.10 07:50:01.375,1.43701,1.43707,2.25,4.13
2011.08.10 07:50:01.495,1.43701,1.43709,3.23,4.13
2011.08.10 07:50:01.839,1.43707,1.43713,2.25,3.38
2011.08.10 07:50:01.952,1.43702,1.43709,1.35,4.13
2011.08.10 07:50:02.656,1.43707,1.43712,1.50,1.13
2011.08.10 07:50:02.993,1.43711,1.43719,1.50,17.40
2011.08.10 07:50:03.345,1.4372,1.43726,3.75,4.13
2011.08.10 07:50:03.463,1.43722,1.43728,2.85,9.75
2011.08.10 07:50:03.591,1.43724,1.43728,2.25,3.38
2011.08.10 07:50:03.934,1.43727,1.43733,2.25,1.13
2011.08.10 07:50:04.163,1.43727,1.43733,1.88,1.50
2011.08.10 07:50:04.287,1.43731,1.43737,2.25,1.35
2011.08.10 07:50:04.525,1.43732,1.43738,1.50,7.88
2011.08.10 07:50:05.114,1.43729,1.43737,1.50,4.13
2011.08.10 07:50:05.681,1.43729,1.43738,1.13,4.13
2011.08.10 07:50:05.806,1.43728,1.43736,1.50,5.85
2011.08.10 07:50:06.035,1.43725,1.43734,2.25,1.13
2011.08.10 07:50:06.263,1.43723,1.4373,1.13,3.38
2011.08.10 07:50:06.497,1.43721,1.4373,1.50,5.25
2011.08.10 07:50:06.614,1.43718,1.43729,4.50,1.13
2011.08.10 07:50:06.735,1.43718,1.43728,3.75,5.25
2011.08.10 07:50:08.714,1.43713,1.4372,1.50,1.50
2011.08.10 07:50:08.837,1.43709,1.43717,5.10,1.50
2011.08.10 07:50:08.956,1.43707,1.43715,2.25,1.50
2011.08.10 07:50:09.294,1.43707,1.43714,1.88,4.50
2011.08.10 07:50:09.633,1.43704,1.4371,2.10,3.75
2011.08.10 07:50:10.839,1.43706,1.43712,2.25,3.38
2011.08.10 07:50:11.068,1.43705,1.43712,1.13,4.88
2011.08.10 07:50:11.295,1.43709,1.43715,2.25,1.13
2011.08.10 07:50:12.735,1.4371,1.43716,2.25,3.75
2011.08.10 07:50:12.855,1.43707,1.43714,1.13,4.88
2011.08.10 07:50:13.316,1.43709,1.43715,3.23,3.75
2011.08.10 07:50:13.432,1.43712,1.43719,1.13,4.13
2011.08.10 07:50:13.775,1.43716,1.43722,2.25,2.25
2011.08.10 07:50:14.123,1.43719,1.43725,2.25,1.50
2011.08.10 07:50:14.759,1.43715,1.43722,2.10,4.13
2011.08.10 07:50:14.892,1.4372,1.43727,1.13,4.13
2011.08.10 07:50:15.455,1.43719,1.43725,2.25,1.13
2011.08.10 07:50:15.574,1.43716,1.43721,1.88,3.48
2011.08.10 07:50:15.697,1.43712,1.43719,4.50,4.13
2011.08.10 07:50:16.035,1.43707,1.43714,3.75,1.50
2011.08.10 07:50:16.156,1.43705,1.43712,1.88,1.50
2011.08.10 07:50:16.497,1.43705,1.43712,1.88,1.50
2011.08.10 07:50:16.617,1.43702,1.4371,4.13,1.50
2011.08.10 07:50:17.123,1.43702,1.43708,3.38,1.50
2011.08.10 07:50:17.374,1.43696,1.43704,1.88,1.50
2011.08.10 07:50:17.714,1.43703,1.43709,2.25,1.23
2011.08.10 07:50:17.944,1.43705,1.43712,2.25,2.25
2011.08.10 07:50:18.173,1.43705,1.43712,1.88,5.63
2011.08.10 07:50:18.734,1.437,1.43707,2.85,4.13
2011.08.10 07:50:18.966,1.43701,1.43707,1.50,3.75
2011.08.10 07:50:19.083,1.43699,1.43707,1.13,4.88
2011.08.10 07:50:19.204,1.43697,1.43704,1.88,1.50
2011.08.10 07:50:19.837,1.43697,1.43704,2.10,4.13
2011.08.10 07:50:20.394,1.43698,1.43705,1.13,4.13
2011.08.10 07:50:20.514,1.43697,1.43704,1.35,4.88
2011.08.10 07:50:20.634,1.43695,1.43701,1.50,1.13
2011.08.10 07:50:21.098,1.43692,1.43699,1.50,1.13
2011.08.10 07:50:21.214,1.43693,1.437,2.25,4.50
2011.08.10 07:50:21.567,1.43701,1.43707,2.25,8.35
2011.08.10 07:50:21.913,1.43699,1.43706,1.88,4.13
2011.08.10 07:50:22.032,1.43701,1.43708,1.88,4.13
2011.08.10 07:50:22.842,1.43701,1.43709,1.13,1.50
2011.08.10 07:50:23.401,1.43701,1.43709,1.13,5.25
2011.08.10 07:50:23.525,1.43703,1.43709,1.35,4.88
2011.08.10 07:50:23.865,1.43705,1.43714,4.35,6.30
2011.08.10 07:50:24.755,1.43708,1.43716,1.13,1.88
2011.08.10 07:50:24.878,1.43709,1.43719,2.25,9.48
2011.08.10 07:50:24.993,1.43709,1.43718,2.25,1.13
2011.08.10 07:50:25.115,1.43709,1.43719,4.88,3.00
2011.08.10 07:50:25.814,1.43709,1.43719,1.50,5.63
2011.08.10 07:50:25.945,1.43709,1.43717,1.13,2.25
2011.08.10 07:50:26.066,1.43709,1.43714,1.50,1.23
2011.08.10 07:50:26.413,1.43706,1.43714,1.13,1.50
2011.08.10 07:50:26.971,1.43707,1.43715,1.13,1.88
2011.08.10 07:50:27.314,1.43704,1.43714,2.25,6.00
2011.08.10 07:50:27.652,1.43704,1.43711,1.13,7.50
2011.08.10 07:50:27.992,1.43702,1.43709,3.98,3.75
2011.08.10 07:50:29.324,1.43709,1.43714,1.88,3.38
2011.08.10 07:50:29.897,1.4371,1.43717,1.50,4.13
2011.08.10 07:50:30.012,1.43711,1.43719,1.13,1.13
2011.08.10 07:50:30.134,1.43711,1.4372,1.88,5.63
2011.08.10 07:50:30.482,1.43716,1.43723,1.50,4.13
2011.08.10 07:50:30.606,1.43716,1.43725,5.10,6.00
2011.08.10 07:50:30.832,1.43721,1.43727,1.88,5.10
2011.08.10 07:50:31.840,1.4372,1.43728,4.13,2.04
2011.08.10 07:50:31.954,1.43718,1.43724,3.75,1.50
2011.08.10 07:50:32.294,1.43716,1.43721,3.38,2.25
2011.08.10 07:50:32.854,1.43714,1.43721,4.13,2.25
2011.08.10 07:50:33.195,1.43712,1.43721,1.13,2.63
2011.08.10 07:50:33.428,1.43717,1.43723,5.10,1.13
2011.08.10 07:50:33.654,1.4372,1.43727,1.88,3.38
2011.08.10 07:50:34.351,1.43724,1.4373,1.50,1.88
2011.08.10 07:50:34.483,1.43725,1.43733,2.10,3.75
2011.08.10 07:50:34.602,1.43726,1.43735,1.13,5.25
2011.08.10 07:50:34.833,1.43727,1.43735,1.13,1.50
2011.08.10 07:50:35.066,1.4373,1.43736,1.50,4.66
2011.08.10 07:50:35.183,1.43731,1.43738,1.50,4.60
2011.08.10 07:50:35.416,1.43732,1.43739,1.13,1.13
2011.08.10 07:50:35.649,1.4373,1.43736,8.25,1.50
2011.08.10 07:50:35.764,1.4373,1.43735,3.75,1.50
2011.08.10 07:50:35.882,1.43727,1.43734,1.43,1.50
2011.08.10 07:50:36.111,1.43724,1.43733,5.63,1.88
2011.08.10 07:50:36.451,1.43724,1.43733,1.50,6.00
2011.08.10 07:50:37.667,1.43721,1.43729,3.38,1.13
2011.08.10 07:50:37.789,1.43719,1.43725,2.25,1.73
2011.08.10 07:50:38.038,1.43712,1.43719,3.38,1.50
2011.08.10 07:50:38.386,1.43707,1.43715,1.13,1.13
2011.08.10 07:50:38.725,1.43708,1.43716,1.50,4.88
2011.08.10 07:50:39.064,1.43709,1.43716,2.63,3.75
2011.08.10 07:50:39.294,1.43711,1.43718,1.13,4.13
2011.08.10 07:50:40.985,1.43709,1.43718,2.25,5.25
2011.08.10 07:50:41.214,1.43707,1.43717,1.50,1.13
2011.08.10 07:50:41.334,1.43706,1.43716,1.50,4.88
2011.08.10 07:50:41.563,1.43706,1.43716,1.13,5.25
2011.08.10 07:50:42.126,1.43706,1.43716,1.50,1.13
2011.08.10 07:50:42.246,1.43705,1.43716,1.88,4.88
2011.08.10 07:50:42.582,1.43704,1.43712,1.13,4.13
2011.08.10 07:50:43.139,1.43704,1.43712,1.50,4.13
2011.08.10 07:50:44.682,1.43704,1.4371,1.13,4.13
2011.08.10 07:50:45.024,1.43702,1.43708,1.50,4.13
2011.08.10 07:50:46.021,1.437,1.43708,1.13,4.13
2011.08.10 07:50:46.147,1.43695,1.43701,2.63,2.25
2011.08.10 07:50:46.264,1.43695,1.437,3.00,1.35
2011.08.10 07:50:46.495,1.4369,1.43698,3.75,3.38
2011.08.10 07:50:46.615,1.43687,1.43696,2.25,2.50
2011.08.10 07:50:47.446,1.43686,1.43694,1.13,1.23
2011.08.10 07:50:48.880,1.43685,1.43694,1.88,2.25
2011.08.10 07:50:49.663,1.43686,1.43692,1.50,4.13
2011.08.10 07:50:49.899,1.43687,1.43694,1.50,7.50
2011.08.10 07:50:50.622,1.43686,1.43692,1.50,4.13
2011.08.10 07:50:50.742,1.43687,1.43694,1.50,7.50
2011.08.10 07:50:51.680,1.43687,1.43694,1.13,4.13
2011.08.10 07:50:54.204,1.43685,1.43694,1.13,5.25
2011.08.10 07:50:54.326,1.43685,1.43692,1.13,4.13
2011.08.10 07:50:55.057,1.43685,1.43692,2.25,1.50
2011.08.10 07:50:55.404,1.43689,1.43698,3.75,4.88
2011.08.10 07:50:56.074,1.43691,1.43698,3.00,4.50
2011.08.10 07:50:56.192,1.43692,1.437,1.50,7.50
2011.08.10 07:50:56.751,1.43693,1.43701,1.13,4.50
2011.08.10 07:50:57.200,1.43693,1.43699,1.13,4.13
2011.08.10 07:50:57.761,1.43693,1.43699,1.50,3.75
2011.08.10 07:50:58.541,1.43691,1.43699,3.75,4.13
2011.08.10 07:51:00.413,1.43693,1.43701,1.13,4.50
2011.08.10 07:51:00.645,1.43699,1.43703,2.10,11.25
2011.08.10 07:51:01.000,1.43702,1.43708,1.13,2.25
2011.08.10 07:51:02.709,1.43699,1.43707,3.60,4.13
2011.08.10 07:51:03.043,1.43699,1.43707,1.73,4.13
2011.08.10 07:51:03.280,1.43696,1.43703,1.13,4.83
2011.08.10 07:51:03.516,1.4369,1.43697,4.13,1.23
2011.08.10 07:51:04.642,1.43687,1.43696,1.50,5.25
2011.08.10 07:51:05.667,1.4369,1.43697,1.05,1.50
2011.08.10 07:51:05.782,1.43688,1.43696,1.05,5.63
2011.08.10 07:51:05.903,1.43687,1.43695,1.13,1.50
2011.08.10 07:51:06.577,1.43686,1.43694,1.50,4.13
2011.08.10 07:51:07.134,1.43685,1.43692,1.50,4.13
2011.08.10 07:51:07.480,1.43683,1.4369,1.50,4.13
2011.08.10 07:51:09.491,1.43681,1.43687,1.35,2.25
2011.08.10 07:51:09.725,1.43683,1.43688,3.38,3.75
2011.08.10 07:51:10.282,1.43683,1.43689,1.13,4.13
2011.08.10 07:51:10.514,1.43683,1.43691,1.50,8.25
2011.08.10 07:51:11.193,1.43682,1.43688,1.13,4.13
2011.08.10 07:51:11.534,1.43682,1.43689,1.50,1.50
2011.08.10 07:51:12.641,1.43682,1.43688,1.13,4.13
2011.08.10 07:51:13.830,1.43685,1.43691,2.85,1.88
2011.08.10 07:51:13.952,1.43682,1.43688,1.50,3.75
2011.08.10 07:51:14.076,1.43684,1.4369,2.63,4.13
2011.08.10 07:51:14.196,1.43687,1.43694,4.50,4.13
2011.08.10 07:51:14.533,1.43688,1.43697,1.50,6.30
2011.08.10 07:51:14.767,1.43688,1.43696,1.88,1.13
2011.08.10 07:51:14.885,1.43686,1.43694,1.13,1.50
2011.08.10 07:51:15.007,1.43685,1.43692,1.13,1.50
2011.08.10 07:51:15.342,1.43685,1.43692,1.13,4.88
2011.08.10 07:51:15.901,1.43684,1.4369,2.47,4.13
2011.08.10 07:51:17.124,1.43682,1.4369,1.50,3.75
2011.08.10 07:51:18.295,1.43682,1.4369,1.13,4.13
2011.08.10 07:51:18.413,1.43682,1.4369,1.50,1.13
2011.08.10 07:51:18.534,1.43683,1.43691,2.63,1.50
2011.08.10 07:51:18.764,1.43686,1.43694,1.88,1.13
2011.08.10 07:51:18.883,1.43687,1.43695,3.00,4.50
2011.08.10 07:51:19.004,1.43687,1.43695,1.50,5.25
2011.08.10 07:51:21.543,1.43687,1.43696,1.50,1.88
2011.08.10 07:51:22.103,1.4369,1.43697,3.38,2.63
2011.08.10 07:51:22.552,1.43687,1.43696,1.88,1.50
2011.08.10 07:51:23.109,1.43687,1.43696,1.88,1.50
2011.08.10 07:51:23.335,1.43684,1.43689,2.16,2.25
2011.08.10 07:51:23.936,1.43684,1.43693,2.25,1.88
2011.08.10 07:51:24.494,1.43684,1.43692,1.88,4.88
2011.08.10 07:51:25.164,1.43684,1.43691,1.50,4.13
2011.08.10 07:51:25.397,1.43681,1.4369,2.25,3.00
2011.08.10 07:51:25.523,1.4368,1.43688,2.85,1.50
2011.08.10 07:51:25.641,1.43682,1.43689,1.50,4.88
2011.08.10 07:51:27.265,1.43684,1.43691,2.10,3.75
2011.08.10 07:51:27.385,1.43684,1.43693,2.85,8.25
2011.08.10 07:51:27.730,1.43684,1.4369,1.50,1.13
2011.08.10 07:51:28.401,1.43685,1.4369,1.13,1.13
2011.08.10 07:51:28.746,1.43687,1.43692,1.13,3.38
2011.08.10 07:51:29.302,1.43684,1.43691,1.35,4.13
2011.08.10 07:51:29.534,1.43684,1.43692,2.48,1.13
2011.08.10 07:51:29.873,1.43684,1.43692,2.10,4.88
2011.08.10 07:51:30.889,1.43683,1.4369,1.50,4.13
2011.08.10 07:51:31.021,1.4368,1.43687,4.88,1.13
2011.08.10 07:51:31.580,1.43681,1.43687,1.13,1.13
2011.08.10 07:51:32.360,1.43681,1.43688,1.13,1.13
2011.08.10 07:51:32.911,1.4368,1.43686,4.88,1.35
2011.08.10 07:51:33.259,1.43675,1.43681,4.13,1.50
2011.08.10 07:51:33.494,1.43674,1.43679,2.25,4.50
2011.08.10 07:51:33.613,1.43671,1.43678,1.50,1.13
2011.08.10 07:51:33.956,1.43669,1.43677,2.48,1.50
2011.08.10 07:51:34.526,1.43661,1.43668,1.50,1.13
2011.08.10 07:51:35.080,1.4366,1.43668,2.10,1.13
2011.08.10 07:51:35.862,1.43662,1.43669,1.13,1.13
2011.08.10 07:51:36.202,1.43662,1.43669,1.35,4.50
2011.08.10 07:51:36.431,1.43661,1.43668,2.25,4.50
2011.08.10 07:51:37.652,1.43659,1.43666,1.73,4.50
2011.08.10 07:51:37.883,1.43659,1.43667,2.48,1.13
2011.08.10 07:51:38.900,1.43654,1.4366,3.00,1.13
2011.08.10 07:51:39.028,1.43653,1.4366,1.50,1.13
2011.08.10 07:51:39.254,1.43652,1.4366,1.13,1.13
2011.08.10 07:51:39.373,1.43651,1.43659,1.13,3.75
2011.08.10 07:51:40.044,1.43653,1.43661,2.85,4.60
2011.08.10 07:51:40.385,1.43658,1.43663,2.03,3.75
2011.08.10 07:51:40.507,1.4366,1.43667,1.13,1.13
2011.08.10 07:51:40.626,1.43661,1.43667,1.13,1.13
2011.08.10 07:51:40.965,1.43656,1.43664,1.50,1.88
2011.08.10 07:51:41.559,1.43655,1.43663,1.13,1.50
2011.08.10 07:51:42.122,1.43653,1.43662,1.50,4.88
2011.08.10 07:51:43.122,1.43654,1.43663,1.13,1.88
2011.08.10 07:51:43.352,1.43657,1.43664,1.50,1.13
2011.08.10 07:51:43.690,1.43659,1.43666,1.88,1.13
2011.08.10 07:51:44.042,1.43665,1.43674,1.43,2.63
2011.08.10 07:51:44.382,1.43663,1.4367,1.13,1.13
2011.08.10 07:51:45.171,1.43661,1.43667,1.13,1.88
2011.08.10 07:51:45.299,1.43658,1.43666,1.13,1.50
2011.08.10 07:51:45.637,1.43659,1.43667,4.88,2.63
2011.08.10 07:51:46.193,1.43659,1.43667,4.88,1.50
2011.08.10 07:51:47.080,1.43661,1.43668,1.13,1.50
2011.08.10 07:51:48.193,1.43659,1.43667,1.13,1.13
2011.08.10 07:51:48.978,1.43661,1.43669,1.13,1.88
2011.08.10 07:51:49.531,1.43659,1.43668,4.88,1.88
2011.08.10 07:51:49.981,1.43659,1.43668,1.50,5.25
2011.08.10 07:51:50.101,1.43659,1.43668,5.25,1.50
2011.08.10 07:51:50.445,1.43658,1.43667,3.15,2.78
2011.08.10 07:51:50.794,1.43655,1.4366,1.05,1.58
2011.08.10 07:51:51.024,1.43651,1.43659,2.18,1.50
2011.08.10 07:51:51.793,1.43651,1.4366,5.63,2.25
2011.08.10 07:51:52.324,1.43652,1.4366,4.13,2.25
2011.08.10 07:51:52.445,1.43651,1.4366,2.25,2.63
2011.08.10 07:51:54.322,1.43654,1.4366,2.25,1.88
2011.08.10 07:51:56.843,1.43654,1.4366,1.50,1.13
2011.08.10 07:51:56.962,1.43652,1.43658,3.00,1.50
2011.08.10 07:51:57.526,1.4365,1.43657,1.50,1.28
2011.08.10 07:51:58.080,1.43652,1.43659,2.25,1.88
2011.08.10 07:51:58.646,1.43654,1.4366,3.00,7.05
2011.08.10 07:51:59.465,1.43656,1.43661,1.13,1.05
2011.08.10 07:52:00.022,1.43654,1.43661,2.63,4.43
2011.08.10 07:52:00.362,1.43658,1.43664,1.50,4.88
2011.08.10 07:52:00.814,1.43661,1.43665,1.13,2.18
2011.08.10 07:52:01.153,1.43661,1.43666,1.13,1.43
2011.08.10 07:52:01.276,1.43667,1.43671,1.13,1.50
2011.08.10 07:52:01.503,1.43667,1.43672,1.13,3.38
2011.08.10 07:52:02.645,1.43663,1.4367,2.25,2.63
2011.08.10 07:52:02.983,1.43665,1.43671,3.00,4.60
2011.08.10 07:52:03.104,1.43667,1.43672,1.13,11.63
2011.08.10 07:52:03.557,1.43663,1.43669,1.13,4.13
2011.08.10 07:52:03.785,1.43665,1.43671,1.50,4.50
2011.08.10 07:52:04.014,1.43663,1.43669,1.13,4.13
2011.08.10 07:52:04.694,1.43661,1.43668,2.10,4.13
2011.08.10 07:52:05.283,1.43665,1.4367,1.50,1.88
2011.08.10 07:52:05.623,1.43662,1.43668,4.50,4.88
2011.08.10 07:52:06.291,1.43666,1.43671,1.13,1.23
2011.08.10 07:52:07.514,1.43662,1.43668,1.88,4.73
2011.08.10 07:52:07.634,1.4366,1.43666,1.80,3.75
2011.08.10 07:52:07.865,1.43662,1.43668,1.13,8.85
2011.08.10 07:52:08.913,1.43662,1.43668,1.50,5.10
2011.08.10 07:52:09.031,1.43662,1.43668,1.50,2.10
2011.08.10 07:52:09.922,1.43663,1.43669,1.50,3.00
2011.08.10 07:52:10.482,1.43664,1.4367,1.13,1.50
2011.08.10 07:52:12.150,1.43667,1.43671,1.13,5.93
2011.08.10 07:52:12.834,1.43671,1.43675,1.13,2.25
2011.08.10 07:52:13.281,1.43671,1.43676,1.13,1.50
2011.08.10 07:52:16.144,1.4367,1.43676,1.13,1.80
2011.08.10 07:52:17.050,1.43664,1.43669,3.98,1.88
2011.08.10 07:52:17.405,1.43668,1.43675,2.25,5.18
2011.08.10 07:52:17.635,1.43669,1.43675,2.25,5.55
2011.08.10 07:52:17.754,1.43669,1.43675,3.00,2.18
2011.08.10 07:52:18.312,1.43668,1.43676,3.38,1.35
2011.08.10 07:52:18.434,1.43668,1.43675,1.88,4.73
2011.08.10 07:52:18.554,1.43667,1.43675,1.50,4.73
2011.08.10 07:52:19.111,1.43666,1.43675,3.38,1.80
2011.08.10 07:52:19.672,1.43666,1.43674,2.25,1.80
2011.08.10 07:52:19.794,1.43668,1.43674,1.13,1.50
2011.08.10 07:52:19.915,1.43667,1.43676,1.88,1.80
2011.08.10 07:52:20.143,1.43666,1.43674,1.50,1.50
2011.08.10 07:52:20.268,1.43665,1.4367,1.88,1.05
2011.08.10 07:52:21.072,1.43662,1.4367,3.00,1.43
2011.08.10 07:52:21.197,1.43663,1.43668,3.75,1.05
2011.08.10 07:52:21.763,1.43664,1.43669,1.50,1.80
2011.08.10 07:52:22.110,1.43668,1.43672,2.10,4.50
2011.08.10 07:52:22.230,1.4367,1.43674,1.50,3.38
2011.08.10 07:52:22.463,1.43671,1.43676,1.13,5.63
2011.08.10 07:52:22.587,1.43673,1.43677,2.25,5.85
2011.08.10 07:52:22.711,1.43674,1.43679,2.25,5.40
2011.08.10 07:52:22.839,1.43675,1.43681,1.50,4.80
2011.08.10 07:52:23.521,1.43676,1.43682,3.75,1.50
2011.08.10 07:52:23.650,1.43676,1.43684,1.88,1.05
2011.08.10 07:52:23.883,1.43677,1.43685,4.50,5.48
2011.08.10 07:52:24.115,1.43679,1.43685,1.50,2.10
2011.08.10 07:52:24.345,1.43681,1.43686,1.50,2.93
2011.08.10 07:52:24.465,1.43682,1.43687,1.50,1.05
2011.08.10 07:52:24.916,1.43682,1.43689,1.50,3.75
2011.08.10 07:52:25.035,1.43684,1.4369,1.50,1.80
2011.08.10 07:52:25.592,1.43685,1.43692,1.50,6.00
2011.08.10 07:52:25.823,1.43686,1.43693,1.50,1.50
2011.08.10 07:52:26.478,1.43687,1.43694,1.50,7.65
2011.08.10 07:52:27.373,1.43687,1.43696,1.88,7.65
2011.08.10 07:52:27.712,1.43689,1.43697,4.50,5.85
2011.08.10 07:52:28.058,1.43691,1.43697,3.38,3.75
2011.08.10 07:52:28.183,1.43691,1.43699,2.10,4.50
2011.08.10 07:52:28.308,1.43692,1.437,2.10,2.10
2011.08.10 07:52:29.158,1.43693,1.43702,1.50,1.50
2011.08.10 07:52:29.389,1.43693,1.43704,1.88,2.04
2011.08.10 07:52:29.726,1.43695,1.43704,4.50,1.60
2011.08.10 07:52:30.283,1.43697,1.43705,1.13,3.23
2011.08.10 07:52:30.628,1.437,1.43704,3.75,3.20
2011.08.10 07:52:30.963,1.437,1.43705,3.38,2.25
2011.08.10 07:52:31.613,1.43706,1.43712,1.35,7.50
2011.08.10 07:52:31.738,1.43706,1.43712,2.10,3.75
2011.08.10 07:52:32.293,1.43703,1.43712,1.88,1.83
2011.08.10 07:52:32.747,1.437,1.43705,4.50,2.10
2011.08.10 07:52:33.100,1.43689,1.43695,1.13,3.75
2011.08.10 07:52:33.225,1.43685,1.43695,3.00,4.13
2011.08.10 07:52:33.883,1.43694,1.437,4.13,1.13
2011.08.10 07:52:34.224,1.43691,1.437,2.25,1.50
2011.08.10 07:52:34.785,1.43695,1.43703,1.13,2.25
2011.08.10 07:52:35.341,1.43695,1.43704,1.13,2.25
2011.08.10 07:52:35.694,1.437,1.43709,1.13,1.88
2011.08.10 07:52:36.335,1.437,1.43707,4.50,1.35
2011.08.10 07:52:36.700,1.43692,1.437,3.75,1.50
2011.08.10 07:52:36.824,1.43689,1.43698,3.52,2.48
2011.08.10 07:52:36.944,1.43688,1.43697,4.88,1.50
2011.08.10 07:52:37.066,1.43687,1.43696,1.13,1.13
2011.08.10 07:52:37.622,1.43687,1.43695,1.13,1.13
2011.08.10 07:52:38.291,1.43687,1.43696,1.13,2.48
2011.08.10 07:52:38.852,1.43687,1.43696,1.13,2.48
2011.08.10 07:52:39.774,1.43687,1.43696,1.13,3.98
2011.08.10 07:52:40.339,1.43688,1.43696,1.13,1.13
2011.08.10 07:52:43.053,1.43688,1.43698,1.13,8.10
2011.08.10 07:52:45.930,1.43689,1.43698,1.13,3.23
2011.08.10 07:52:46.591,1.43692,1.43698,1.13,2.48
2011.08.10 07:52:46.949,1.43702,1.43708,1.50,3.38
2011.08.10 07:52:47.070,1.43705,1.43713,1.73,5.63
2011.08.10 07:52:47.197,1.43707,1.43715,1.88,1.13
2011.08.10 07:52:47.753,1.43707,1.43715,1.13,1.88
2011.08.10 07:52:47.984,1.43705,1.43712,4.88,2.10
2011.08.10 07:52:48.324,1.43703,1.43712,1.50,5.63
2011.08.10 07:52:48.837,1.43703,1.43712,1.50,4.88
2011.08.10 07:52:49.419,1.437,1.43709,1.88,1.50
2011.08.10 07:52:49.536,1.43704,1.43709,2.10,1.50
2011.08.10 07:52:49.761,1.437,1.43707,3.75,1.50
2011.08.10 07:52:49.884,1.43698,1.43707,1.88,1.88
2011.08.10 07:52:50.443,1.43699,1.43707,3.22,1.13
2011.08.10 07:52:51.114,1.43699,1.43707,1.88,1.88
2011.08.10 07:52:51.345,1.43695,1.43704,5.25,1.60
2011.08.10 07:52:51.913,1.43693,1.43703,2.63,4.50
2011.08.10 07:52:52.155,1.43695,1.43703,1.13,1.13
2011.08.10 07:52:52.384,1.43693,1.43701,2.63,1.13
2011.08.10 07:52:52.510,1.43689,1.43698,1.13,1.13
2011.08.10 07:52:52.626,1.43688,1.43696,1.28,1.88
2011.08.10 07:52:53.072,1.43689,1.43698,1.13,2.25
2011.08.10 07:52:53.632,1.43691,1.437,1.88,1.13
2011.08.10 07:52:54.218,1.43691,1.437,1.88,1.13
2011.08.10 07:52:55.541,1.43695,1.43701,1.13,1.13
2011.08.10 07:52:56.169,1.43699,1.43703,2.25,4.43
2011.08.10 07:52:56.515,1.43698,1.43706,4.50,4.13
2011.08.10 07:52:56.967,1.43701,1.43705,3.75,4.13
2011.08.10 07:52:57.318,1.43701,1.43708,5.25,3.75
2011.08.10 07:52:57.547,1.43702,1.43709,1.50,1.20
2011.08.10 07:52:57.664,1.43702,1.43711,1.50,1.13
2011.08.10 07:52:57.899,1.43711,1.43718,1.05,4.13
2011.08.10 07:52:58.012,1.43709,1.43718,1.13,5.63
2011.08.10 07:52:58.768,1.43709,1.43716,2.85,4.13
2011.08.10 07:52:58.881,1.43709,1.43717,2.85,1.13
2011.08.10 07:52:59.557,1.43709,1.43717,1.50,1.88
2011.08.10 07:52:59.895,1.43708,1.43714,3.75,1.13
2011.08.10 07:53:00.233,1.43708,1.43714,3.75,4.88
2011.08.10 07:53:00.792,1.43708,1.43715,3.75,4.88
2011.08.10 07:53:00.913,1.43707,1.43715,1.50,4.88
2011.08.10 07:53:01.144,1.43706,1.43713,4.50,3.75
2011.08.10 07:53:02.621,1.43706,1.43714,5.25,1.80
2011.08.10 07:53:03.521,1.43708,1.43713,3.75,1.13
2011.08.10 07:53:03.763,1.43713,1.4372,1.50,1.35
2011.08.10 07:53:04.213,1.43712,1.43719,5.25,3.98
2011.08.10 07:53:04.993,1.43713,1.43721,1.50,6.23
2011.08.10 07:53:05.112,1.43712,1.43719,5.25,3.98
2011.08.10 07:53:05.932,1.43712,1.43717,1.50,1.05
2011.08.10 07:53:06.061,1.43708,1.43715,1.43,1.80
2011.08.10 07:53:06.293,1.43706,1.43715,1.43,1.80
2011.08.10 07:53:06.412,1.43707,1.43714,5.25,1.05
2011.08.10 07:53:06.860,1.43707,1.43714,4.50,1.80
2011.08.10 07:53:09.921,1.43706,1.43712,4.50,1.50
2011.08.10 07:53:10.267,1.43701,1.43709,2.25,1.50
2011.08.10 07:53:10.387,1.43701,1.43709,1.50,1.50
2011.08.10 07:53:10.961,1.43701,1.43708,1.13,1.13
2011.08.10 07:53:11.089,1.43697,1.43703,3.75,1.50
2011.08.10 07:53:11.423,1.43695,1.43702,3.75,1.13
2011.08.10 07:53:11.542,1.43693,1.43702,4.43,1.88
2011.08.10 07:53:11.881,1.43695,1.43702,3.68,1.13
2011.08.10 07:53:12.662,1.43697,1.43704,3.68,1.13
2011.08.10 07:53:12.782,1.43697,1.43704,3.53,1.88
2011.08.10 07:53:13.342,1.43695,1.43704,4.43,1.88
2011.08.10 07:53:13.901,1.43697,1.43704,4.20,1.88
2011.08.10 07:53:14.462,1.43697,1.43705,4.20,1.13
2011.08.10 07:53:15.209,1.43707,1.43713,3.38,3.85
2011.08.10 07:53:15.442,1.4371,1.43716,2.25,3.68
2011.08.10 07:53:15.675,1.43711,1.43719,5.18,1.50
2011.08.10 07:53:16.234,1.43711,1.43719,1.65,1.80
2011.08.10 07:53:17.458,1.43709,1.43716,2.40,1.50
2011.08.10 07:53:17.574,1.43708,1.43715,6.75,1.50
2011.08.10 07:53:17.698,1.43707,1.43715,5.10,1.88
2011.08.10 07:53:18.295,1.43701,1.43708,1.13,1.13
2011.08.10 07:53:18.426,1.43699,1.43707,3.15,1.13
2011.08.10 07:53:19.423,1.43701,1.43709,2.40,1.88
2011.08.10 07:53:19.762,1.43702,1.4371,2.40,1.50
2011.08.10 07:53:19.997,1.43703,1.43712,6.68,3.38
2011.08.10 07:53:20.551,1.43705,1.43713,1.28,1.13
2011.08.10 07:53:21.004,1.43706,1.43714,4.73,1.50
2011.08.10 07:53:21.891,1.43704,1.43714,4.95,1.88
2011.08.10 07:53:22.886,1.43702,1.43711,2.10,1.13
2011.08.10 07:53:23.223,1.43701,1.4371,2.70,1.13
2011.08.10 07:53:23.781,1.43702,1.4371,1.05,1.13
2011.08.10 07:53:24.341,1.43701,1.4371,1.43,1.13
2011.08.10 07:53:24.683,1.437,1.4371,6.60,2.25
2011.08.10 07:53:25.022,1.43698,1.43706,1.20,2.63
2011.08.10 07:53:25.582,1.43695,1.43704,1.95,1.13
2011.08.10 07:53:26.141,1.43695,1.43705,5.63,1.88
2011.08.10 07:53:28.864,1.43694,1.437,2.10,1.50
2011.08.10 07:53:34.857,1.43694,1.43703,1.13,2.25
2011.08.10 07:53:35.412,1.43694,1.43704,2.63,1.13
2011.08.10 07:53:37.332,1.43696,1.43706,1.13,2.63
2011.08.10 07:53:37.892,1.43697,1.43705,1.13,1.50
2011.08.10 07:53:38.452,1.43697,1.43705,1.13,1.50
2011.08.10 07:53:38.904,1.43695,1.43702,1.88,1.50
2011.08.10 07:53:39.707,1.43691,1.43704,1.13,1.23
2011.08.10 07:53:40.261,1.43692,1.43702,1.13,1.50
2011.08.10 07:53:40.822,1.43691,1.43702,5.25,1.50
2011.08.10 07:53:42.602,1.43692,1.43702,1.50,4.88
2011.08.10 07:53:42.946,1.43701,1.43707,3.00,1.13
2011.08.10 07:53:43.070,1.43701,1.43708,1.13,4.88
2011.08.10 07:53:43.194,1.43704,1.43709,1.13,3.75
2011.08.10 07:53:43.426,1.43706,1.43714,1.50,1.50
2011.08.10 07:53:44.128,1.43703,1.43711,1.88,1.50
2011.08.10 07:53:44.692,1.43703,1.43711,1.50,4.88
2011.08.10 07:53:45.251,1.43703,1.43712,2.25,4.50
2011.08.10 07:53:45.702,1.43705,1.43713,1.13,2.63
2011.08.10 07:53:46.156,1.43706,1.43713,1.50,1.13
2011.08.10 07:53:46.711,1.43706,1.43714,1.88,2.25
2011.08.10 07:53:47.271,1.43706,1.43716,4.88,5.63
2011.08.10 07:53:48.084,1.43709,1.43716,1.13,1.13
2011.08.10 07:53:48.423,1.43709,1.43716,3.22,4.50
2011.08.10 07:53:48.542,1.43709,1.43717,3.60,2.63
2011.08.10 07:53:49.104,1.43709,1.43717,3.22,6.00
2011.08.10 07:53:49.444,1.43706,1.43714,1.88,3.75
2011.08.10 07:53:49.782,1.43705,1.43712,2.25,4.13
2011.08.10 07:53:50.012,1.43706,1.43714,1.88,7.50
2011.08.10 07:53:50.466,1.43709,1.43715,1.50,3.75
2011.08.10 07:53:50.807,1.43711,1.43716,1.13,4.88
2011.08.10 07:53:51.568,1.43721,1.43726,1.50,4.13
2011.08.10 07:53:51.696,1.43724,1.43733,1.88,1.29
2011.08.10 07:53:52.253,1.43724,1.43733,1.13,1.88
2011.08.10 07:53:52.702,1.43721,1.43731,3.75,1.13
2011.08.10 07:53:53.262,1.43721,1.4373,1.50,1.13
2011.08.10 07:53:53.822,1.43721,1.43729,1.13,4.50
2011.08.10 07:53:54.161,1.43719,1.43727,3.00,4.13
2011.08.10 07:53:54.391,1.43719,1.43727,1.50,4.50
2011.08.10 07:53:54.844,1.43721,1.43727,1.13,3.75
2011.08.10 07:53:55.431,1.43721,1.43727,1.88,4.13
2011.08.10 07:53:55.559,1.43721,1.4373,3.00,1.88
2011.08.10 07:53:55.675,1.43724,1.43731,1.50,4.88
2011.08.10 07:53:55.793,1.43723,1.43731,1.50,1.50
2011.08.10 07:53:55.913,1.43726,1.43732,1.35,5.25
2011.08.10 07:53:56.255,1.43729,1.43736,1.13,1.13
2011.08.10 07:53:56.376,1.4373,1.43736,1.13,1.13
2011.08.10 07:53:56.496,1.43731,1.43737,1.50,4.13
2011.08.10 07:53:56.614,1.43733,1.43739,1.50,1.13
2011.08.10 07:53:56.953,1.43733,1.43739,1.13,4.88
2011.08.10 07:53:57.732,1.43733,1.43739,3.00,3.75
2011.08.10 07:53:58.301,1.43735,1.43741,3.00,3.38
2011.08.10 07:53:58.427,1.43729,1.43735,1.13,1.13
2011.08.10 07:53:58.654,1.43727,1.43733,1.13,1.88
2011.08.10 07:53:59.212,1.43723,1.43731,1.50,4.88
2011.08.10 07:53:59.553,1.43721,1.43729,3.23,1.13
2011.08.10 07:53:59.673,1.43721,1.43727,1.73,4.13
2011.08.10 07:54:00.674,1.43719,1.43725,1.43,1.13
2011.08.10 07:54:00.793,1.43718,1.43725,2.55,4.88
2011.08.10 07:54:01.351,1.43719,1.43726,1.13,1.13
2011.08.10 07:54:02.143,1.43719,1.43727,1.13,2.25
2011.08.10 07:54:02.711,1.43723,1.4373,1.50,4.88
2011.08.10 07:54:03.272,1.43723,1.4373,2.25,1.13
2011.08.10 07:54:03.503,1.43723,1.43729,1.50,1.13
2011.08.10 07:54:03.733,1.43719,1.43727,2.55,1.50
2011.08.10 07:54:03.963,1.43719,1.43726,1.88,4.88
2011.08.10 07:54:04.302,1.43719,1.43726,1.88,1.13
2011.08.10 07:54:05.081,1.43719,1.43726,1.13,4.88
2011.08.10 07:54:05.647,1.4372,1.43728,1.73,5.25
2011.08.10 07:54:06.237,1.4372,1.43728,2.85,1.50
2011.08.10 07:54:06.365,1.43724,1.43731,1.13,1.13
2011.08.10 07:54:07.031,1.43723,1.43731,1.13,1.88
2011.08.10 07:54:07.370,1.43723,1.4373,1.13,4.13
2011.08.10 07:54:07.924,1.43723,1.43729,1.88,4.13
2011.08.10 07:54:08.483,1.43723,1.43729,1.50,3.75
2011.08.10 07:54:10.274,1.43722,1.43729,1.13,4.13
2011.08.10 07:54:10.504,1.43721,1.43727,1.13,4.13
2011.08.10 07:54:11.062,1.4372,1.43726,1.50,1.13
2011.08.10 07:54:11.185,1.43718,1.43725,1.88,2.48
2011.08.10 07:54:11.307,1.43717,1.43725,1.13,5.67
2011.08.10 07:54:11.423,1.43715,1.43721,1.13,4.13
2011.08.10 07:54:11.542,1.43713,1.43719,2.25,4.13
2011.08.10 07:54:12.266,1.43715,1.43722,1.50,7.50
2011.08.10 07:54:12.384,1.43714,1.4372,2.25,4.13
2011.08.10 07:54:14.166,1.43713,1.43719,1.13,3.75
2011.08.10 07:54:14.285,1.43711,1.43718,1.50,1.13
2011.08.10 07:54:14.407,1.43707,1.43715,1.50,1.88
2011.08.10 07:54:14.525,1.43706,1.43714,1.88,1.13
2011.08.10 07:54:14.865,1.43703,1.43709,1.13,3.75
2011.08.10 07:54:14.982,1.43703,1.43711,1.13,4.13
2011.08.10 07:54:16.103,1.43705,1.43712,1.13,4.13
2011.08.10 07:54:16.224,1.43704,1.43711,1.50,1.13
2011.08.10 07:54:16.564,1.43703,1.43709,1.50,3.75
2011.08.10 07:54:17.234,1.43709,1.43714,1.13,4.13
2011.08.10 07:54:17.352,1.43707,1.43714,3.38,1.13
2011.08.10 07:54:17.474,1.43704,1.43711,1.43,2.25
2011.08.10 07:54:17.815,1.43702,1.43708,1.05,2.25
2011.08.10 07:54:17.934,1.43701,1.43708,1.50,2.25
2011.08.10 07:54:18.051,1.43699,1.43708,2.63,3.00
2011.08.10 07:54:19.081,1.43701,1.43709,1.80,4.13
2011.08.10 07:54:19.326,1.43701,1.43711,5.48,5.55
2011.08.10 07:54:19.555,1.43703,1.43711,3.38,4.13
2011.08.10 07:54:19.673,1.43705,1.43711,3.98,3.75
2011.08.10 07:54:19.792,1.43705,1.43713,1.88,4.50
2011.08.10 07:54:20.023,1.43706,1.43715,1.13,1.13
2011.08.10 07:54:20.366,1.43705,1.43718,1.50,4.50
2011.08.10 07:54:20.490,1.43714,1.43724,3.60,1.50
2011.08.10 07:54:20.603,1.43714,1.43723,1.50,1.50
2011.08.10 07:54:20.722,1.43714,1.43723,5.25,1.50
2011.08.10 07:54:21.066,1.43714,1.43725,6.97,2.25
2011.08.10 07:54:21.960,1.43716,1.43725,1.88,1.13
2011.08.10 07:54:22.511,1.43716,1.43725,1.88,5.25
2011.08.10 07:54:22.856,1.43714,1.43721,1.13,2.25
2011.08.10 07:54:23.085,1.43712,1.43719,2.25,4.13
2011.08.10 07:54:23.315,1.43709,1.43717,2.93,4.50
2011.08.10 07:54:23.651,1.43706,1.43715,1.88,1.13
2011.08.10 07:54:23.772,1.43706,1.43715,1.13,1.13
2011.08.10 07:54:24.124,1.4371,1.43716,1.13,3.38
2011.08.10 07:54:24.351,1.4371,1.43718,1.13,6.38
2011.08.10 07:54:25.134,1.43708,1.43715,1.13,3.60
2011.08.10 07:54:25.255,1.43705,1.43713,1.43,1.13
2011.08.10 07:54:25.372,1.43704,1.43713,2.25,1.13
2011.08.10 07:54:26.031,1.43702,1.43709,1.50,1.13
2011.08.10 07:54:26.155,1.437,1.43709,2.10,4.88
2011.08.10 07:54:26.385,1.437,1.43707,2.10,4.35
2011.08.10 07:54:26.723,1.43697,1.43703,1.13,2.25
2011.08.10 07:54:26.957,1.43696,1.43703,1.13,2.25
2011.08.10 07:54:27.303,1.43696,1.43705,1.13,6.38
2011.08.10 07:54:27.977,1.43695,1.43705,6.23,2.25
2011.08.10 07:54:28.533,1.43697,1.43706,1.50,1.13
2011.08.10 07:54:28.652,1.43697,1.43705,1.13,4.13
2011.08.10 07:54:30.033,1.43695,1.43703,1.13,1.88
2011.08.10 07:54:30.152,1.43698,1.43703,1.13,1.50
2011.08.10 07:54:30.278,1.43696,1.43703,1.13,7.88
2011.08.10 07:54:30.397,1.43697,1.43703,1.13,4.13
2011.08.10 07:54:30.735,1.43697,1.43706,1.88,1.88
2011.08.10 07:54:34.244,1.43698,1.43706,1.13,1.13
2011.08.10 07:54:37.148,1.43697,1.43705,1.88,4.88
2011.08.10 07:54:37.482,1.43696,1.43703,1.13,5.25
2011.08.10 07:54:38.049,1.43692,1.43699,1.13,4.13
2011.08.10 07:54:38.388,1.43689,1.43697,1.50,3.75
2011.08.10 07:54:38.624,1.43689,1.43698,1.13,5.73
2011.08.10 07:54:38.963,1.43689,1.43695,1.13,4.13
2011.08.10 07:54:39.412,1.43689,1.43697,1.13,4.13
2011.08.10 07:54:40.300,1.43689,1.43698,1.13,5.63
2011.08.10 07:54:40.640,1.43689,1.43696,1.13,4.13
2011.08.10 07:54:41.437,1.43689,1.43698,1.13,5.63
2011.08.10 07:54:43.562,1.43689,1.43698,1.13,4.13
2011.08.10 07:54:44.456,1.43688,1.43695,1.50,4.54
2011.08.10 07:54:44.682,1.43689,1.43697,1.13,4.50
2011.08.10 07:54:45.300,1.43689,1.43696,1.13,4.88
2011.08.10 07:54:45.972,1.43689,1.43698,1.13,2.63
2011.08.10 07:54:46.531,1.43689,1.43698,1.13,1.13
2011.08.10 07:54:47.412,1.43689,1.43698,1.13,1.13
2011.08.10 07:54:47.766,1.43686,1.43694,1.50,4.50
2011.08.10 07:54:48.211,1.43687,1.43694,1.13,4.50
2011.08.10 07:54:51.892,1.43688,1.43696,4.50,5.25
2011.08.10 07:54:52.256,1.437,1.43705,3.75,8.28
2011.08.10 07:54:52.488,1.437,1.43706,7.88,3.75
2011.08.10 07:54:53.182,1.437,1.43708,8.25,4.50
2011.08.10 07:54:53.861,1.437,1.43708,1.88,4.88
2011.08.10 07:54:54.422,1.437,1.43709,2.25,4.50
2011.08.10 07:54:54.764,1.43705,1.4371,1.50,1.13
2011.08.10 07:54:54.993,1.43707,1.43714,1.50,4.13
2011.08.10 07:54:55.333,1.43707,1.43716,1.88,2.63
2011.08.10 07:54:55.457,1.43714,1.43722,2.85,4.53
2011.08.10 07:54:55.809,1.43726,1.43731,3.00,3.75
2011.08.10 07:54:56.530,1.43731,1.43737,1.50,4.13
2011.08.10 07:54:56.763,1.43733,1.43741,1.13,1.13
2011.08.10 07:54:57.993,1.43735,1.43742,1.13,5.25
2011.08.10 07:54:58.112,1.43736,1.43742,1.13,1.50
2011.08.10 07:54:58.454,1.43736,1.43743,1.88,1.50
2011.08.10 07:54:58.907,1.43738,1.43744,1.13,1.13
2011.08.10 07:54:59.027,1.43738,1.43746,1.13,3.38
2011.08.10 07:54:59.583,1.43738,1.43746,1.13,1.50
2011.08.10 07:54:59.814,1.43738,1.43745,1.13,4.50
2011.08.10 07:55:00.397,1.43738,1.43746,1.13,1.13
2011.08.10 07:55:00.842,1.43736,1.43745,2.25,4.50
2011.08.10 07:55:01.405,1.43736,1.43744,1.13,1.13
2011.08.10 07:55:01.743,1.43734,1.43741,1.13,3.95
2011.08.10 07:55:02.098,1.43728,1.43736,6.00,3.20
2011.08.10 07:55:02.324,1.43729,1.43737,3.52,1.13
2011.08.10 07:55:02.667,1.43735,1.43741,2.25,3.38
2011.08.10 07:55:02.785,1.43735,1.43741,1.50,3.75
2011.08.10 07:55:03.342,1.43735,1.43742,2.63,4.13
2011.08.10 07:55:03.900,1.43737,1.43743,3.60,4.50
2011.08.10 07:55:04.428,1.43738,1.43746,1.73,1.13
2011.08.10 07:55:04.555,1.43737,1.43744,1.50,4.13
2011.08.10 07:55:05.113,1.43739,1.43743,2.85,3.75
2011.08.10 07:55:06.210,1.43739,1.43745,3.60,3.75
2011.08.10 07:55:06.334,1.43741,1.43747,2.25,3.38
2011.08.10 07:55:06.676,1.43751,1.43757,1.05,3.75
2011.08.10 07:55:06.906,1.4375,1.43755,1.50,4.50
2011.08.10 07:55:07.027,1.43748,1.43756,1.13,7.88
2011.08.10 07:55:07.366,1.43744,1.4375,1.13,1.13
2011.08.10 07:55:07.487,1.43741,1.43748,1.50,1.13
2011.08.10 07:55:08.019,1.43741,1.43747,2.10,1.50
2011.08.10 07:55:08.144,1.43749,1.43754,1.88,3.75
2011.08.10 07:55:08.268,1.43751,1.43758,1.35,5.63
2011.08.10 07:55:08.826,1.43753,1.43759,1.13,4.13
2011.08.10 07:55:09.389,1.43752,1.43759,3.00,3.75
2011.08.10 07:55:09.619,1.43749,1.43758,2.25,1.23
2011.08.10 07:55:09.955,1.43745,1.43751,3.75,2.25
2011.08.10 07:55:10.754,1.43748,1.43755,1.50,2.63
2011.08.10 07:55:10.995,1.43749,1.43756,2.25,1.13
2011.08.10 07:55:11.117,1.43749,1.43758,3.38,5.63
2011.08.10 07:55:11.236,1.43748,1.43756,2.25,1.50
2011.08.10 07:55:11.356,1.43748,1.43756,1.50,5.35
2011.08.10 07:55:11.594,1.43753,1.43759,1.13,4.13
2011.08.10 07:55:11.714,1.43753,1.4376,1.50,1.05
2011.08.10 07:55:12.054,1.43755,1.43761,2.10,3.75
2011.08.10 07:55:12.400,1.43761,1.43765,1.13,3.38
2011.08.10 07:55:12.516,1.43761,1.43769,1.13,1.73
2011.08.10 07:55:13.111,1.43759,1.43766,1.58,4.50
2011.08.10 07:55:13.469,1.43759,1.43768,3.22,2.25
2011.08.10 07:55:13.585,1.43759,1.43765,2.10,3.75
2011.08.10 07:55:13.926,1.43762,1.43768,2.85,1.50
2011.08.10 07:55:14.168,1.43767,1.43772,1.13,4.13
2011.08.10 07:55:14.288,1.43767,1.43773,3.00,3.38
2011.08.10 07:55:14.624,1.43769,1.43776,1.13,3.60
2011.08.10 07:55:15.186,1.43769,1.43776,3.00,3.38
2011.08.10 07:55:15.814,1.43771,1.43785,1.13,1.05
2011.08.10 07:55:15.940,1.43775,1.43786,1.80,4.58
2011.08.10 07:55:16.054,1.43775,1.43785,2.63,1.35
2011.08.10 07:55:16.508,1.43777,1.43783,1.13,3.60
2011.08.10 07:55:16.846,1.43777,1.43784,1.13,7.20
2011.08.10 07:55:17.403,1.43777,1.43783,1.13,3.68
2011.08.10 07:55:17.969,1.43771,1.4378,8.25,4.32
2011.08.10 07:55:18.307,1.43771,1.43778,2.25,4.43
2011.08.10 07:55:19.038,1.43772,1.43779,1.88,4.28
2011.08.10 07:55:19.389,1.43771,1.43783,4.88,1.58
2011.08.10 07:55:19.629,1.43775,1.43782,5.63,3.68
2011.08.10 07:55:19.746,1.43775,1.43786,2.63,6.68
2011.08.10 07:55:19.863,1.43778,1.43786,3.38,3.68
2011.08.10 07:55:19.982,1.43778,1.43788,1.50,2.78
2011.08.10 07:55:20.103,1.43788,1.43797,1.50,4.28
2011.08.10 07:55:20.445,1.43788,1.43796,1.13,5.55
2011.08.10 07:55:21.004,1.43788,1.43795,1.13,3.83
2011.08.10 07:55:21.123,1.43786,1.43792,2.25,2.10
2011.08.10 07:55:21.663,1.43787,1.43795,2.10,4.13
2011.08.10 07:55:21.796,1.43787,1.43794,1.50,3.83
2011.08.10 07:55:22.359,1.43788,1.43798,2.10,5.33
2011.08.10 07:55:22.802,1.43788,1.43796,1.13,3.83
2011.08.10 07:55:23.471,1.43787,1.43796,2.25,3.38
2011.08.10 07:55:23.818,1.4379,1.43798,11.85,3.38
2011.08.10 07:55:23.934,1.43793,1.43802,2.82,5.48
2011.08.10 07:55:24.054,1.43796,1.43803,3.38,5.10
2011.08.10 07:55:24.669,1.43797,1.43803,2.25,4.35
2011.08.10 07:55:25.221,1.43799,1.43804,1.35,1.13
2011.08.10 07:55:25.345,1.43799,1.43805,1.35,4.29
2011.08.10 07:55:28.344,1.43793,1.43801,4.43,3.98
2011.08.10 07:55:28.463,1.43793,1.43801,4.13,4.89
2011.08.10 07:55:28.800,1.43791,1.43799,3.75,1.13
2011.08.10 07:55:28.921,1.4379,1.43799,1.88,1.13
2011.08.10 07:55:29.488,1.43798,1.4381,1.50,1.35
2011.08.10 07:55:29.825,1.43802,1.43812,2.25,3.75
2011.08.10 07:55:29.953,1.43805,1.43812,1.88,3.38
2011.08.10 07:55:30.918,1.43806,1.43814,5.18,3.68
2011.08.10 07:55:31.048,1.43806,1.43812,1.50,3.68
2011.08.10 07:55:31.166,1.43806,1.43814,2.25,1.43
2011.08.10 07:55:31.283,1.43806,1.43813,1.88,1.05
2011.08.10 07:55:31.733,1.43806,1.43814,2.25,1.73
2011.08.10 07:55:31.858,1.4381,1.43816,1.20,3.68
2011.08.10 07:55:31.977,1.43811,1.4382,1.80,5.55
2011.08.10 07:55:32.202,1.43812,1.43822,3.68,4.05
2011.08.10 07:55:32.544,1.43816,1.43824,1.80,3.38
2011.08.10 07:55:32.668,1.43819,1.43826,1.20,3.68
2011.08.10 07:55:32.896,1.43817,1.43823,1.20,3.98
2011.08.10 07:55:33.523,1.43819,1.43825,3.60,3.38
2011.08.10 07:55:33.645,1.43821,1.43831,1.13,4.15
2011.08.10 07:55:33.989,1.43826,1.43832,2.25,1.05
2011.08.10 07:55:34.116,1.43828,1.43834,1.13,5.13
2011.08.10 07:55:34.239,1.43825,1.43833,1.50,1.05
2011.08.10 07:55:34.793,1.43825,1.43833,1.50,1.05
2011.08.10 07:55:35.027,1.43828,1.43834,1.88,4.13
2011.08.10 07:55:35.144,1.43828,1.43837,1.88,4.50
2011.08.10 07:55:36.612,1.43831,1.43837,1.50,4.20
2011.08.10 07:55:36.740,1.43835,1.43842,2.25,2.25
2011.08.10 07:55:36.858,1.43836,1.43842,2.10,3.45
2011.08.10 07:55:36.975,1.43837,1.43846,1.13,1.05
2011.08.10 07:55:37.215,1.43837,1.43845,1.88,4.20
2011.08.10 07:55:37.664,1.43839,1.4385,1.50,4.73
2011.08.10 07:55:37.785,1.43839,1.43848,3.38,1.05
2011.08.10 07:55:38.962,1.43841,1.43851,2.25,1.50
2011.08.10 07:55:39.633,1.43841,1.4385,1.20,1.28
2011.08.10 07:55:40.413,1.4384,1.43849,1.28,3.53
2011.08.10 07:55:40.755,1.43837,1.43846,1.95,4.75
2011.08.10 07:55:41.094,1.43835,1.43844,3.90,1.38
2011.08.10 07:55:41.214,1.43835,1.43844,3.90,2.13
2011.08.10 07:55:41.336,1.43835,1.43841,1.88,4.43
2011.08.10 07:55:41.949,1.43827,1.43834,2.18,1.13
2011.08.10 07:55:42.072,1.43825,1.43834,1.88,1.45
2011.08.10 07:55:42.431,1.43825,1.43832,2.25,1.50
2011.08.10 07:55:42.551,1.43824,1.4383,1.47,1.38
2011.08.10 07:55:42.676,1.43823,1.43829,4.28,2.20
2011.08.10 07:55:42.796,1.4382,1.4383,4.50,1.45
2011.08.10 07:55:42.919,1.43818,1.4383,7.35,2.35
2011.08.10 07:55:43.143,1.43817,1.43829,2.48,2.48
2011.08.10 07:55:43.262,1.43816,1.43827,4.32,2.48
2011.08.10 07:55:43.782,1.43807,1.43817,1.35,2.48
2011.08.10 07:55:43.913,1.43808,1.4382,3.53,1.50
2011.08.10 07:55:44.253,1.43812,1.43821,1.05,4.35
2011.08.10 07:55:44.591,1.43812,1.43823,1.05,2.05
2011.08.10 07:55:45.045,1.43812,1.43822,1.05,1.08
2011.08.10 07:55:46.042,1.43811,1.4382,2.22,3.98
2011.08.10 07:55:46.602,1.43811,1.43821,3.12,8.33
2011.08.10 07:55:47.198,1.43812,1.43821,1.62,2.18
2011.08.10 07:55:47.316,1.43811,1.43818,4.62,4.13
2011.08.10 07:55:47.556,1.43808,1.43818,1.65,1.13
2011.08.10 07:55:47.783,1.43808,1.43818,1.28,1.53
2011.08.10 07:55:48.013,1.43811,1.43819,2.25,2.40
2011.08.10 07:55:48.135,1.4381,1.43818,1.35,1.88
2011.08.10 07:55:48.692,1.43809,1.43818,3.15,1.50
2011.08.10 07:55:48.812,1.4381,1.43819,1.28,2.63
2011.08.10 07:55:49.591,1.4381,1.43819,1.28,2.18
2011.08.10 07:55:50.300,1.43807,1.43816,1.58,1.13
2011.08.10 07:55:50.644,1.4381,1.43816,2.25,1.60
2011.08.10 07:55:50.985,1.43807,1.43813,3.75,1.13
2011.08.10 07:55:51.333,1.43804,1.4381,4.43,1.50
2011.08.10 07:55:51.785,1.43802,1.4381,2.25,1.13
2011.08.10 07:55:51.905,1.43798,1.43811,1.05,2.25
2011.08.10 07:55:52.030,1.43801,1.43808,4.28,1.88
2011.08.10 07:55:52.363,1.43799,1.43807,1.35,4.13
2011.08.10 07:55:52.484,1.43799,1.43807,1.35,4.13
2011.08.10 07:55:53.311,1.438,1.43809,1.35,6.00
2011.08.10 07:55:53.434,1.43799,1.43805,1.50,4.13
2011.08.10 07:55:53.771,1.43799,1.43807,2.85,4.98
2011.08.10 07:55:54.004,1.43799,1.43807,3.15,1.23
2011.08.10 07:55:54.348,1.43803,1.43809,2.85,4.50
2011.08.10 07:55:54.707,1.4381,1.43817,4.80,3.75
2011.08.10 07:55:55.288,1.43809,1.43816,4.65,2.25
2011.08.10 07:55:55.412,1.43807,1.43815,2.93,1.13
2011.08.10 07:55:55.536,1.43806,1.43813,1.05,1.50
2011.08.10 07:55:55.656,1.43804,1.43812,2.40,4.13
2011.08.10 07:55:56.376,1.43803,1.43811,1.73,4.50
2011.08.10 07:55:56.513,1.43801,1.4381,5.48,1.88
2011.08.10 07:55:57.078,1.438,1.43807,1.50,1.13
2011.08.10 07:55:57.560,1.43799,1.43806,2.25,1.13
2011.08.10 07:55:58.010,1.4379,1.43798,1.73,1.13
2011.08.10 07:55:58.532,1.43791,1.43799,1.35,1.50
2011.08.10 07:55:59.102,1.43791,1.43798,2.85,1.13
2011.08.10 07:55:59.226,1.4379,1.43798,1.73,1.13
2011.08.10 07:55:59.675,1.43787,1.43797,3.98,1.35
2011.08.10 07:55:59.794,1.43787,1.43794,2.63,1.50
2011.08.10 07:55:59.915,1.4379,1.43795,1.50,4.50
2011.08.10 07:56:00.036,1.4379,1.43798,1.50,8.25
2011.08.10 07:56:00.153,1.4379,1.43799,1.88,5.35
2011.08.10 07:56:00.604,1.43791,1.438,5.63,2.25
2011.08.10 07:56:00.723,1.43792,1.438,4.50,1.50
2011.08.10 07:56:01.387,1.43798,1.43804,1.50,1.73
2011.08.10 07:56:01.842,1.43798,1.43806,4.88,1.13
2011.08.10 07:56:02.400,1.43798,1.43806,1.13,1.13
2011.08.10 07:56:02.953,1.43798,1.43806,1.13,1.50
2011.08.10 07:56:03.185,1.43798,1.43806,4.50,1.13
2011.08.10 07:56:03.745,1.43798,1.43806,4.13,1.13
2011.08.10 07:56:03.864,1.43797,1.43806,1.43,3.11
2011.08.10 07:56:03.984,1.43795,1.43804,2.18,4.60
2011.08.10 07:56:04.750,1.43793,1.438,1.05,1.13
2011.08.10 07:56:04.877,1.43798,1.43806,4.88,1.13
2011.08.10 07:56:04.993,1.43799,1.43806,1.13,1.13
2011.08.10 07:56:05.991,1.43799,1.43808,2.25,5.85
2011.08.10 07:56:06.554,1.43804,1.4381,3.00,4.88
2011.08.10 07:56:06.903,1.43814,1.43819,1.50,3.38
2011.08.10 07:56:07.027,1.43811,1.43816,2.78,3.38
2011.08.10 07:56:07.147,1.43809,1.43814,1.05,1.73
2011.08.10 07:56:07.265,1.43805,1.43812,2.18,1.35
2011.08.10 07:56:07.839,1.43802,1.4381,5.63,2.25
2011.08.10 07:56:07.969,1.43798,1.43806,3.75,1.73
2011.08.10 07:56:08.087,1.43796,1.43806,2.25,1.23
2011.08.10 07:56:08.865,1.43796,1.43806,2.25,1.13
2011.08.10 07:56:09.313,1.43796,1.43805,1.13,1.50
2011.08.10 07:56:09.894,1.43795,1.43803,1.13,1.13
2011.08.10 07:56:10.686,1.43796,1.43804,1.13,2.10
2011.08.10 07:56:11.806,1.43796,1.43804,3.38,1.05
2011.08.10 07:56:12.154,1.43799,1.43808,1.13,4.65
2011.08.10 07:56:12.713,1.43799,1.43806,1.13,1.13
2011.08.10 07:56:13.273,1.43798,1.43806,1.13,1.89
2011.08.10 07:56:13.612,1.43799,1.43805,1.13,3.68
2011.08.10 07:56:13.953,1.43799,1.43807,1.13,1.43
2011.08.10 07:56:15.764,1.43799,1.43805,1.13,1.05
2011.08.10 07:56:16.330,1.43799,1.43804,1.13,1.05
2011.08.10 07:56:18.003,1.43797,1.43804,1.50,3.98
2011.08.10 07:56:18.561,1.43797,1.43804,1.50,3.98
2011.08.10 07:56:19.894,1.43797,1.43806,1.50,5.85
2011.08.10 07:56:20.125,1.43798,1.43807,1.88,2.18
2011.08.10 07:56:20.838,1.43798,1.43807,1.50,9.00
2011.08.10 07:56:21.403,1.43798,1.43805,1.50,4.13
2011.08.10 07:56:22.077,1.43797,1.43804,1.13,4.23
2011.08.10 07:56:22.417,1.43795,1.43801,3.75,4.13
2011.08.10 07:56:22.652,1.43794,1.438,1.50,2.73
2011.08.10 07:56:22.991,1.43793,1.43799,1.88,3.75
2011.08.10 07:56:23.557,1.43788,1.43796,1.05,1.50
2011.08.10 07:56:23.785,1.43788,1.43796,1.05,1.50
2011.08.10 07:56:24.347,1.4379,1.43796,1.05,1.13
2011.08.10 07:56:24.693,1.43792,1.43801,1.13,5.63
2011.08.10 07:56:24.926,1.43793,1.43799,2.85,3.75
2011.08.10 07:56:25.502,1.43794,1.43803,1.13,1.60
2011.08.10 07:56:25.628,1.43796,1.43805,1.88,1.50
2011.08.10 07:56:25.963,1.43795,1.43804,3.00,4.13
2011.08.10 07:56:26.415,1.438,1.43806,1.13,7.88
2011.08.10 07:56:26.536,1.438,1.43808,1.13,1.50
2011.08.10 07:56:27.091,1.438,1.43808,1.13,1.50
2011.08.10 07:56:27.651,1.43801,1.43808,1.13,1.13
2011.08.10 07:56:28.211,1.43801,1.43809,1.13,1.50
2011.08.10 07:56:29.833,1.43801,1.43809,1.13,1.13
2011.08.10 07:56:30.283,1.43801,1.43809,1.13,5.25
2011.08.10 07:56:30.931,1.43795,1.43802,1.58,1.35
2011.08.10 07:56:31.053,1.43795,1.43802,1.58,1.35
2011.08.10 07:56:32.163,1.43794,1.43801,4.58,1.88
2011.08.10 07:56:32.943,1.43799,1.43806,4.13,1.23
2011.08.10 07:56:33.288,1.43796,1.43802,1.13,3.00
2011.08.10 07:56:33.622,1.43796,1.43802,2.85,3.75
2011.08.10 07:56:33.853,1.43802,1.43809,4.13,3.00
2011.08.10 07:56:33.974,1.43803,1.43809,1.13,1.13
2011.08.10 07:56:34.209,1.43807,1.43814,1.13,2.63
2011.08.10 07:56:35.085,1.43807,1.43814,4.13,2.25
2011.08.10 07:56:35.204,1.43808,1.43814,4.13,1.88
2011.08.10 07:56:35.323,1.43806,1.43813,3.75,2.25
2011.08.10 07:56:35.666,1.43799,1.43804,1.05,1.88
2011.08.10 07:56:35.791,1.43802,1.43809,1.13,3.85
2011.08.10 07:56:35.916,1.43802,1.4381,1.13,4.13
2011.08.10 07:56:36.252,1.43806,1.43812,3.75,1.88
2011.08.10 07:56:36.374,1.43804,1.43812,4.50,1.88
2011.08.10 07:56:36.712,1.43804,1.43812,1.13,2.25
2011.08.10 07:56:37.053,1.43803,1.43809,1.13,1.13
2011.08.10 07:56:37.820,1.438,1.43806,3.75,3.75
2011.08.10 07:56:37.940,1.43798,1.43807,5.63,1.50
2011.08.10 07:56:38.056,1.43802,1.43807,1.13,1.13
2011.08.10 07:56:38.174,1.43803,1.43811,3.75,3.00
2011.08.10 07:56:38.731,1.43802,1.43811,4.88,1.88
2011.08.10 07:56:39.404,1.43804,1.4381,1.13,2.25
2011.08.10 07:56:39.528,1.43797,1.43804,1.50,2.63
2011.08.10 07:56:39.646,1.43799,1.43805,4.43,1.13
2011.08.10 07:56:40.093,1.43798,1.43807,4.50,1.13
2011.08.10 07:56:40.213,1.438,1.43807,3.75,1.13
2011.08.10 07:56:40.661,1.43802,1.43808,3.75,1.13
2011.08.10 07:56:40.784,1.438,1.43807,3.75,1.13
2011.08.10 07:56:41.121,1.43798,1.43807,5.63,1.13
2011.08.10 07:56:42.208,1.43799,1.43804,3.75,3.60
2011.08.10 07:56:42.328,1.43795,1.43805,1.50,4.73
2011.08.10 07:56:42.782,1.43795,1.43802,1.13,4.50
2011.08.10 07:56:43.342,1.43785,1.43793,4.13,2.25
2011.08.10 07:56:43.681,1.43784,1.43793,1.50,5.25
2011.08.10 07:56:43.805,1.43784,1.43793,5.63,1.13
2011.08.10 07:56:43.924,1.43784,1.43793,5.63,1.98
2011.08.10 07:56:45.348,1.43783,1.4379,1.13,1.13
2011.08.10 07:56:45.684,1.43781,1.4379,1.50,2.63
2011.08.10 07:56:46.026,1.43778,1.43787,3.30,1.50
2011.08.10 07:56:46.258,1.43777,1.43784,1.43,1.13
2011.08.10 07:56:46.486,1.43777,1.43784,1.13,2.48
2011.08.10 07:56:46.604,1.43775,1.43784,1.88,2.10
2011.08.10 07:56:46.833,1.43775,1.43783,1.50,4.13
2011.08.10 07:56:46.953,1.43775,1.43784,1.88,2.10
2011.08.10 07:56:47.735,1.43773,1.43782,6.38,3.00
2011.08.10 07:56:48.267,1.43773,1.43781,1.88,1.13
2011.08.10 07:56:48.397,1.43767,1.43774,2.25,3.75
2011.08.10 07:56:48.519,1.43767,1.43775,2.25,4.43
2011.08.10 07:56:48.637,1.43766,1.43774,1.13,1.88
2011.08.10 07:56:49.096,1.43768,1.43774,1.13,1.13
2011.08.10 07:56:50.335,1.43767,1.43774,1.13,1.13
2011.08.10 07:56:50.929,1.43767,1.43776,1.13,3.98
2011.08.10 07:56:51.272,1.43769,1.43776,1.50,1.13
2011.08.10 07:56:51.626,1.43765,1.43771,3.75,1.13
2011.08.10 07:56:52.185,1.43763,1.43771,1.50,1.13
2011.08.10 07:56:53.181,1.43763,1.43771,1.50,3.38
2011.08.10 07:56:53.521,1.43761,1.4377,1.13,1.88
2011.08.10 07:56:54.305,1.43761,1.4377,4.13,1.13
2011.08.10 07:56:55.315,1.43761,1.4377,3.75,4.50
2011.08.10 07:56:55.439,1.43761,1.43769,1.13,2.48
2011.08.10 07:56:55.557,1.43759,1.43766,4.05,1.13
2011.08.10 07:56:55.674,1.43759,1.43766,1.80,1.50
2011.08.10 07:56:55.793,1.43757,1.43766,2.55,5.25
2011.08.10 07:56:56.241,1.43757,1.43766,2.63,1.88
2011.08.10 07:56:56.582,1.43758,1.43766,3.38,1.13
2011.08.10 07:56:57.143,1.43761,1.43768,4.13,1.13
2011.08.10 07:56:57.708,1.43761,1.4377,1.88,5.63
2011.08.10 07:56:58.876,1.43757,1.43765,1.43,1.98
2011.08.10 07:56:59.227,1.43754,1.43763,6.75,1.60
2011.08.10 07:56:59.457,1.43754,1.43763,1.88,4.98
2011.08.10 07:56:59.904,1.43754,1.43763,5.63,1.23
2011.08.10 07:57:00.253,1.43755,1.43762,1.50,2.25
2011.08.10 07:57:00.375,1.43753,1.43762,2.10,3.38
2011.08.10 07:57:00.499,1.43755,1.43763,2.25,1.43
2011.08.10 07:57:00.837,1.4376,1.43766,1.13,4.80
2011.08.10 07:57:01.535,1.43759,1.43767,1.50,1.13
2011.08.10 07:57:01.997,1.43758,1.43766,1.13,1.50
2011.08.10 07:57:02.227,1.43757,1.43766,1.13,5.25
2011.08.10 07:57:02.783,1.43757,1.43766,2.25,1.88
2011.08.10 07:57:03.128,1.4375,1.43755,9.68,1.50
2011.08.10 07:57:03.245,1.43751,1.43756,1.05,3.75
2011.08.10 07:57:03.367,1.43753,1.43758,1.13,4.50
2011.08.10 07:57:03.705,1.43754,1.43759,3.00,3.75
2011.08.10 07:57:03.824,1.43755,1.43764,1.88,1.50
2011.08.10 07:57:04.057,1.43757,1.43764,4.50,1.13
2011.08.10 07:57:05.244,1.43758,1.43766,4.13,2.25
2011.08.10 07:57:05.478,1.43765,1.43769,1.13,4.50
2011.08.10 07:57:05.826,1.43769,1.43776,3.00,4.43
2011.08.10 07:57:06.054,1.4377,1.43778,2.25,1.13
2011.08.10 07:57:06.614,1.4377,1.43778,2.25,2.25
2011.08.10 07:57:08.125,1.43769,1.43778,1.50,2.25
2011.08.10 07:57:08.355,1.43767,1.43775,1.88,1.50
2011.08.10 07:57:09.250,1.43766,1.43773,18.43,2.25
2011.08.10 07:57:09.370,1.43758,1.43764,1.50,1.88
2011.08.10 07:57:09.491,1.43763,1.43769,2.25,3.00
2011.08.10 07:57:10.070,1.43768,1.43775,1.50,4.13
2011.08.10 07:57:10.295,1.43768,1.43777,4.13,2.18
2011.08.10 07:57:10.631,1.43767,1.43776,3.75,4.88
2011.08.10 07:57:10.987,1.43765,1.43771,6.00,1.50
2011.08.10 07:57:11.516,1.43763,1.43771,1.88,1.13
2011.08.10 07:57:12.086,1.43761,1.43766,1.13,1.13
2011.08.10 07:57:12.433,1.43756,1.43764,1.13,5.25
2011.08.10 07:57:12.676,1.43755,1.43764,2.25,2.25
2011.08.10 07:57:13.012,1.43755,1.43764,1.88,6.00
2011.08.10 07:57:13.681,1.43756,1.43764,1.13,1.13
2011.08.10 07:57:15.090,1.43756,1.43765,5.63,1.13
2011.08.10 07:57:15.754,1.43762,1.43766,3.75,1.73
2011.08.10 07:57:16.121,1.43771,1.43776,2.85,3.98
2011.08.10 07:57:16.247,1.43774,1.43779,1.73,4.73
2011.08.10 07:57:16.369,1.43774,1.4378,2.48,3.75
2011.08.10 07:57:16.593,1.43776,1.43782,3.00,3.75
2011.08.10 07:57:16.714,1.43777,1.43786,1.50,6.75
2011.08.10 07:57:17.272,1.43777,1.43786,5.63,1.88
2011.08.10 07:57:17.614,1.43777,1.43785,5.25,1.73
2011.08.10 07:57:17.737,1.43777,1.43785,1.50,2.10
2011.08.10 07:57:17.855,1.43776,1.43783,1.13,4.13
2011.08.10 07:57:18.500,1.43774,1.43782,1.13,1.50
2011.08.10 07:57:18.947,1.43776,1.43783,1.13,1.50
2011.08.10 07:57:19.294,1.43774,1.43783,5.25,1.88
2011.08.10 07:57:19.852,1.43774,1.43782,4.88,1.50
2011.08.10 07:57:20.302,1.43773,1.43782,3.00,5.85
2011.08.10 07:57:20.860,1.43773,1.43781,3.38,1.13
2011.08.10 07:57:21.577,1.43771,1.43779,1.50,4.50
2011.08.10 07:57:21.928,1.43764,1.43772,3.00,8.25
2011.08.10 07:57:22.046,1.43765,1.43772,1.50,1.13
2011.08.10 07:57:22.608,1.43765,1.43774,2.63,2.25
2011.08.10 07:57:24.044,1.43765,1.43773,1.13,2.63
2011.08.10 07:57:24.383,1.43761,1.43768,1.88,1.50
2011.08.10 07:57:24.504,1.43759,1.43768,1.50,5.63
2011.08.10 07:57:25.189,1.43759,1.43768,3.60,4.50
2011.08.10 07:57:25.310,1.43765,1.43772,2.25,7.50
2011.08.10 07:57:25.437,1.43768,1.43776,2.63,2.63
2011.08.10 07:57:25.558,1.43773,1.4378,2.25,12.23
2011.08.10 07:57:25.676,1.43772,1.43778,3.75,1.43
2011.08.10 07:57:25.794,1.43772,1.43778,6.75,2.18
2011.08.10 07:57:26.132,1.43774,1.4378,4.64,7.50
2011.08.10 07:57:26.254,1.43772,1.43778,4.13,1.13
2011.08.10 07:57:26.811,1.43771,1.43778,3.75,1.88
2011.08.10 07:57:26.932,1.43768,1.43778,1.88,1.88
2011.08.10 07:57:27.493,1.43767,1.43778,4.13,2.63
2011.08.10 07:57:27.834,1.43767,1.43775,1.50,1.13
2011.08.10 07:57:28.561,1.43765,1.43774,3.00,1.50
2011.08.10 07:57:29.131,1.43765,1.43774,1.50,1.88
2011.08.10 07:57:29.475,1.43767,1.43775,1.13,1.13
2011.08.10 07:57:29.703,1.43767,1.43777,5.25,2.48
2011.08.10 07:57:30.263,1.43767,1.43776,1.50,5.25
2011.08.10 07:57:30.823,1.43767,1.43776,1.88,2.25
2011.08.10 07:57:31.381,1.43765,1.43774,6.38,2.10
2011.08.10 07:57:31.945,1.43765,1.43774,2.63,1.73
2011.08.10 07:57:32.492,1.43765,1.4377,1.13,1.35
2011.08.10 07:57:32.625,1.43761,1.43768,3.00,1.13
2011.08.10 07:57:32.968,1.43766,1.43774,2.25,5.35
2011.08.10 07:57:33.206,1.43766,1.43775,4.13,3.00
2011.08.10 07:57:33.763,1.43769,1.43776,4.13,1.13
2011.08.10 07:57:33.991,1.43767,1.43776,1.13,2.10
2011.08.10 07:57:34.553,1.43764,1.4377,3.38,2.25
2011.08.10 07:57:34.676,1.43764,1.43768,1.50,1.73
2011.08.10 07:57:34.797,1.4376,1.43767,2.63,3.75
2011.08.10 07:57:35.509,1.43756,1.43763,1.13,1.13
2011.08.10 07:57:35.635,1.43757,1.43766,8.63,1.50
2011.08.10 07:57:36.192,1.43757,1.43766,1.50,1.88
2011.08.10 07:57:36.532,1.43758,1.43766,4.50,1.13
2011.08.10 07:57:36.761,1.43757,1.43766,2.63,1.50
2011.08.10 07:57:37.322,1.43759,1.43766,2.25,1.13
2011.08.10 07:57:37.446,1.4376,1.43768,1.88,1.13
2011.08.10 07:57:37.672,1.43761,1.4377,1.50,1.50
2011.08.10 07:57:38.341,1.43761,1.4377,1.13,6.98
2011.08.10 07:57:38.904,1.4376,1.43768,1.88,1.13
2011.08.10 07:57:40.062,1.4376,1.43767,1.50,1.05
2011.08.10 07:57:40.194,1.43751,1.43759,1.73,1.13
2011.08.10 07:57:40.422,1.4375,1.43759,2.63,1.13
2011.08.10 07:57:40.543,1.43752,1.4376,1.13,1.13
2011.08.10 07:57:40.884,1.43756,1.43762,1.50,2.18
2011.08.10 07:57:41.226,1.43759,1.43765,3.75,3.60
2011.08.10 07:57:41.347,1.43755,1.43764,2.25,2.25
2011.08.10 07:57:41.901,1.43754,1.43763,1.13,8.40
2011.08.10 07:57:42.134,1.43753,1.43761,1.13,8.10
2011.08.10 07:57:42.362,1.43751,1.43761,1.43,10.13
2011.08.10 07:57:42.592,1.43751,1.43761,4.50,7.05
2011.08.10 07:57:42.713,1.43753,1.43761,1.50,6.15
2011.08.10 07:57:42.834,1.43756,1.43764,2.63,2.35
2011.08.10 07:57:42.953,1.43754,1.43764,6.38,3.53
2011.08.10 07:57:43.182,1.43754,1.43763,4.13,3.33
2011.08.10 07:57:43.742,1.43752,1.4376,7.88,2.73
2011.08.10 07:57:43.868,1.43751,1.4376,1.13,1.60
2011.08.10 07:57:44.643,1.43751,1.43759,1.13,1.13
2011.08.10 07:57:44.770,1.43751,1.43756,3.38,1.73
2011.08.10 07:57:44.887,1.43748,1.43755,1.13,2.25
2011.08.10 07:57:45.118,1.43745,1.43753,4.80,1.60
2011.08.10 07:57:45.458,1.43741,1.4375,2.63,1.50
2011.08.10 07:57:45.916,1.43742,1.43751,2.25,1.13
2011.08.10 07:57:46.035,1.43742,1.43751,1.50,3.00
2011.08.10 07:57:46.974,1.43741,1.4375,1.88,1.50
2011.08.10 07:57:47.317,1.43735,1.43744,4.50,1.13
2011.08.10 07:57:47.792,1.43735,1.4374,1.13,1.88
2011.08.10 07:57:47.915,1.43733,1.4374,3.75,2.73
2011.08.10 07:57:48.144,1.43735,1.4374,3.38,2.35
2011.08.10 07:57:48.265,1.43732,1.4374,1.13,3.98
2011.08.10 07:57:48.826,1.43733,1.4374,1.13,1.13
2011.08.10 07:57:49.176,1.43738,1.43746,1.13,4.43
2011.08.10 07:57:49.294,1.43739,1.43746,2.25,4.43
2011.08.10 07:57:49.912,1.43739,1.43748,6.38,1.13
2011.08.10 07:57:50.473,1.4374,1.43749,1.50,1.50
2011.08.10 07:57:51.362,1.4374,1.43749,1.50,1.60
2011.08.10 07:57:52.034,1.43744,1.43748,3.75,1.83
2011.08.10 07:57:52.375,1.4374,1.43747,3.75,1.13
2011.08.10 07:57:52.930,1.43741,1.43749,4.13,1.13
2011.08.10 07:57:53.811,1.43739,1.43749,5.63,2.25
2011.08.10 07:57:54.414,1.43736,1.43744,1.88,1.13
2011.08.10 07:57:54.758,1.43735,1.43742,2.63,1.13
2011.08.10 07:57:54.987,1.43733,1.43742,2.63,1.50
2011.08.10 07:57:55.654,1.43731,1.4374,6.75,1.50
2011.08.10 07:57:56.327,1.43736,1.43742,1.50,1.13
2011.08.10 07:57:56.664,1.43734,1.4374,3.75,1.13
2011.08.10 07:57:56.893,1.43731,1.4374,1.88,3.38
2011.08.10 07:57:57.235,1.4373,1.43735,3.75,1.50
2011.08.10 07:57:57.967,1.43726,1.43735,1.13,4.12
2011.08.10 07:57:58.087,1.43725,1.43733,4.50,1.12
2011.08.10 07:57:58.437,1.43718,1.43724,3.68,1.35
2011.08.10 07:57:58.557,1.43716,1.43724,3.75,1.50
2011.08.10 07:57:58.677,1.43719,1.43727,1.50,1.50
2011.08.10 07:57:58.797,1.43725,1.43729,1.50,4.80
2011.08.10 07:57:59.036,1.43724,1.43733,3.38,1.50
2011.08.10 07:57:59.267,1.43727,1.43733,2.25,4.13
2011.08.10 07:57:59.496,1.43727,1.43734,2.63,4.13
2011.08.10 07:57:59.616,1.43727,1.43735,3.38,1.13
2011.08.10 07:58:00.387,1.43727,1.43734,2.63,4.13
2011.08.10 07:58:00.722,1.43725,1.43732,1.88,3.75
2011.08.10 07:58:00.954,1.43724,1.43732,3.38,4.13
2011.08.10 07:58:01.293,1.43727,1.43733,1.13,1.50
2011.08.10 07:58:01.747,1.43728,1.43735,1.50,1.50
2011.08.10 07:58:02.082,1.43731,1.43739,2.25,1.13
2011.08.10 07:58:02.423,1.43732,1.4374,1.13,1.80
2011.08.10 07:58:03.389,1.43734,1.4374,2.10,1.80
2011.08.10 07:58:03.523,1.43744,1.4375,2.85,1.50
2011.08.10 07:58:03.758,1.43749,1.43756,3.00,1.80
2011.08.10 07:58:03.878,1.43752,1.4376,1.13,5.20
2011.08.10 07:58:03.995,1.43752,1.4376,1.13,4.05
2011.08.10 07:58:04.117,1.43746,1.43751,2.25,3.38
2011.08.10 07:58:04.343,1.43752,1.4376,1.13,7.73
2011.08.10 07:58:04.464,1.43751,1.4376,5.25,1.43
2011.08.10 07:58:04.583,1.43751,1.43759,1.50,1.05
2011.08.10 07:58:05.141,1.43751,1.43759,1.50,1.13
2011.08.10 07:58:06.164,1.43747,1.43755,1.80,1.43
2011.08.10 07:58:06.512,1.43745,1.43753,1.50,1.80
2011.08.10 07:58:06.969,1.43743,1.4375,1.88,1.60
2011.08.10 07:58:07.537,1.43743,1.43751,1.50,4.73
2011.08.10 07:58:08.471,1.43744,1.43751,1.50,3.98
2011.08.10 07:58:08.606,1.43741,1.43749,1.50,1.73
2011.08.10 07:58:08.842,1.43736,1.4374,4.88,1.50
2011.08.10 07:58:09.085,1.43733,1.4374,1.13,4.73
2011.08.10 07:58:09.207,1.43731,1.43737,2.78,1.05
2011.08.10 07:58:09.324,1.4373,1.43736,1.28,1.50
2011.08.10 07:58:09.447,1.43729,1.43736,3.00,1.60
2011.08.10 07:58:09.565,1.43729,1.43737,3.38,1.05
2011.08.10 07:58:09.684,1.43729,1.43736,2.63,3.68
2011.08.10 07:58:09.804,1.43728,1.43736,1.88,3.98
2011.08.10 07:58:10.824,1.43726,1.43734,1.50,2.18
2011.08.10 07:58:11.386,1.43726,1.43732,1.88,1.05
2011.08.10 07:58:11.508,1.43731,1.43735,3.75,3.98
2011.08.10 07:58:11.859,1.43741,1.43746,3.00,3.68
2011.08.10 07:58:11.977,1.43749,1.43757,1.88,1.66
2011.08.10 07:58:12.096,1.43751,1.43757,1.50,1.05
2011.08.10 07:58:12.324,1.43749,1.43757,4.88,1.80
2011.08.10 07:58:12.783,1.43745,1.4375,3.75,4.43
2011.08.10 07:58:13.393,1.43738,1.43744,2.63,1.05
2011.08.10 07:58:13.746,1.43738,1.43744,1.13,2.10
2011.08.10 07:58:14.099,1.43736,1.43744,1.88,1.50
2011.08.10 07:58:14.448,1.43736,1.43741,1.88,1.05
2011.08.10 07:58:14.563,1.43733,1.43741,1.35,1.80
2011.08.10 07:58:15.012,1.43732,1.43739,4.13,1.50
2011.08.10 07:58:16.387,1.4373,1.43739,2.25,1.35
2011.08.10 07:58:16.504,1.43729,1.43738,2.25,1.65
2011.08.10 07:58:16.953,1.43727,1.43738,2.25,8.19
2011.08.10 07:58:17.073,1.43726,1.43736,6.75,4.35
2011.08.10 07:58:17.414,1.43725,1.43734,1.13,1.23
2011.08.10 07:58:17.533,1.43723,1.43733,1.13,8.10
2011.08.10 07:58:17.653,1.43721,1.43731,2.25,4.50
2011.08.10 07:58:17.775,1.4372,1.43729,1.13,1.88
2011.08.10 07:58:18.405,1.4372,1.43727,1.13,1.35
2011.08.10 07:58:18.759,1.43715,1.43721,2.25,1.88
2011.08.10 07:58:19.104,1.43719,1.43728,5.25,1.50
2011.08.10 07:58:19.227,1.43716,1.43722,5.25,2.25
2011.08.10 07:58:19.346,1.43717,1.43724,3.75,1.13
2011.08.10 07:58:19.467,1.43714,1.4372,2.47,1.13
2011.08.10 07:58:19.693,1.43712,1.4372,2.25,1.50
2011.08.10 07:58:19.817,1.43714,1.4372,2.10,1.13
2011.08.10 07:58:20.154,1.43719,1.43727,1.50,4.43
2011.08.10 07:58:20.663,1.4372,1.43729,4.50,1.15
2011.08.10 07:58:21.031,1.43723,1.43728,1.50,3.38
2011.08.10 07:58:21.265,1.43723,1.43731,1.13,1.50
2011.08.10 07:58:21.608,1.43733,1.43738,1.88,3.38
2011.08.10 07:58:21.946,1.43731,1.43736,1.73,3.38
2011.08.10 07:58:22.066,1.43733,1.43742,2.63,1.13
2011.08.10 07:58:22.626,1.43734,1.43742,1.13,3.38
2011.08.10 07:58:23.468,1.43734,1.43743,1.88,4.50
2011.08.10 07:58:23.807,1.43737,1.43744,1.50,1.13
2011.08.10 07:58:23.925,1.43737,1.43745,2.25,1.13
2011.08.10 07:58:24.049,1.43735,1.43744,2.25,1.88
2011.08.10 07:58:24.382,1.43735,1.43743,1.13,4.60
2011.08.10 07:58:24.723,1.43735,1.43743,2.25,1.13
2011.08.10 07:58:25.068,1.4374,1.43745,1.50,3.75
2011.08.10 07:58:25.298,1.43742,1.4375,1.50,5.18
2011.08.10 07:58:25.933,1.43743,1.4375,1.50,1.13
2011.08.10 07:58:26.286,1.4374,1.4375,3.00,6.10
2011.08.10 07:58:26.842,1.4374,1.43748,1.88,4.13
2011.08.10 07:58:27.295,1.43743,1.43749,1.50,4.13
2011.08.10 07:58:27.967,1.43738,1.43745,4.88,3.75
2011.08.10 07:58:28.197,1.43738,1.43746,1.13,1.23
2011.08.10 07:58:28.315,1.43736,1.43742,1.50,4.13
2011.08.10 07:58:28.435,1.43737,1.43742,1.13,3.38
2011.08.10 07:58:28.553,1.43735,1.43744,2.25,4.88
2011.08.10 07:58:28.899,1.43735,1.43741,1.88,1.13
2011.08.10 07:58:29.415,1.43731,1.43737,3.68,1.50
2011.08.10 07:58:29.546,1.43729,1.43738,4.13,3.10
2011.08.10 07:58:29.998,1.43727,1.43737,1.88,1.13
2011.08.10 07:58:30.223,1.43727,1.43738,6.00,1.13
2011.08.10 07:58:30.587,1.4373,1.43737,1.50,4.13
2011.08.10 07:58:30.818,1.43731,1.43738,2.85,4.13
2011.08.10 07:58:30.937,1.43741,1.43746,1.35,3.75
2011.08.10 07:58:31.056,1.43742,1.43752,3.75,4.50
2011.08.10 07:58:31.284,1.43742,1.4375,1.50,4.13
2011.08.10 07:58:31.514,1.43741,1.4375,3.75,5.25
2011.08.10 07:58:32.158,1.43734,1.43741,4.13,1.13
2011.08.10 07:58:32.278,1.43732,1.43741,3.60,5.25
2011.08.10 07:58:32.399,1.43732,1.43742,6.23,3.75
2011.08.10 07:58:32.747,1.43737,1.43748,2.25,5.55
2011.08.10 07:58:33.304,1.43739,1.43747,1.88,4.13
2011.08.10 07:58:33.425,1.43742,1.43748,1.13,1.13
2011.08.10 07:58:34.425,1.4374,1.43749,1.88,4.50
2011.08.10 07:58:34.763,1.4374,1.43747,1.13,4.13
2011.08.10 07:58:35.458,1.43745,1.4375,2.25,1.23
2011.08.10 07:58:35.580,1.4374,1.43748,2.25,4.13
2011.08.10 07:58:35.702,1.43741,1.4375,1.50,5.63
2011.08.10 07:58:36.044,1.4374,1.43748,1.50,4.13
2011.08.10 07:58:36.605,1.43741,1.43749,1.13,4.50
2011.08.10 07:58:37.057,1.43738,1.43747,1.13,5.48
2011.08.10 07:58:37.393,1.43736,1.43744,2.25,4.50
2011.08.10 07:58:37.732,1.43736,1.43742,1.50,4.13
2011.08.10 07:58:38.442,1.4374,1.43744,1.13,3.38
2011.08.10 07:58:38.586,1.43743,1.43752,2.85,1.66
2011.08.10 07:58:38.703,1.43744,1.43752,3.00,1.50
2011.08.10 07:58:39.042,1.43744,1.43751,1.88,4.13
2011.08.10 07:58:39.383,1.43749,1.43757,1.50,1.50
2011.08.10 07:58:39.503,1.43749,1.43757,1.50,1.50
2011.08.10 07:58:39.732,1.43749,1.43757,2.25,1.50
2011.08.10 07:58:40.292,1.43749,1.43758,1.13,5.63
2011.08.10 07:58:42.412,1.43746,1.43753,2.25,4.13
2011.08.10 07:58:42.975,1.43745,1.43751,1.13,4.13
2011.08.10 07:58:43.314,1.43743,1.43751,1.13,4.50
2011.08.10 07:58:43.542,1.43742,1.4375,1.88,1.13
2011.08.10 07:58:43.773,1.43741,1.43749,1.13,3.23
2011.08.10 07:58:43.893,1.43739,1.43748,3.30,1.88
2011.08.10 07:58:44.013,1.43742,1.43748,2.10,1.88
2011.08.10 07:58:44.356,1.43748,1.43754,1.13,1.43
2011.08.10 07:58:44.911,1.43747,1.43754,2.25,4.13
2011.08.10 07:58:45.143,1.43747,1.43756,2.63,2.25
2011.08.10 07:58:45.703,1.43747,1.43756,2.25,1.88
2011.08.10 07:58:46.277,1.43748,1.43756,2.25,1.13
2011.08.10 07:58:46.624,1.4375,1.43757,2.25,3.75
2011.08.10 07:58:46.742,1.4375,1.43758,2.25,1.13
2011.08.10 07:58:47.435,1.4375,1.4376,4.13,3.16
2011.08.10 07:58:47.678,1.43753,1.4376,1.13,1.88
2011.08.10 07:58:47.793,1.4376,1.43766,2.25,3.75
2011.08.10 07:58:48.027,1.43765,1.43771,1.13,4.13
2011.08.10 07:58:48.144,1.43767,1.43771,1.50,3.75
2011.08.10 07:58:48.267,1.43767,1.43773,1.13,4.13
2011.08.10 07:58:48.493,1.43767,1.43775,1.88,4.13
2011.08.10 07:58:49.362,1.43766,1.4377,1.50,3.38
2011.08.10 07:58:49.716,1.43764,1.4377,1.88,4.13
2011.08.10 07:58:49.943,1.43764,1.43772,1.13,1.50
2011.08.10 07:58:50.172,1.43764,1.43771,1.13,4.13
2011.08.10 07:58:50.403,1.43765,1.43772,1.13,1.13
2011.08.10 07:58:50.963,1.43765,1.43771,1.13,4.13
2011.08.10 07:58:51.307,1.43767,1.43771,1.13,3.75
2011.08.10 07:58:51.643,1.4377,1.43776,1.13,4.88
2011.08.10 07:58:51.876,1.43769,1.43777,2.25,1.05
2011.08.10 07:58:51.994,1.43769,1.43776,2.25,3.75
2011.08.10 07:58:53.111,1.43769,1.43778,3.00,1.88
2011.08.10 07:58:53.552,1.43769,1.43777,2.63,4.50
2011.08.10 07:58:54.881,1.43771,1.43777,1.13,4.13
2011.08.10 07:58:55.223,1.43771,1.43779,1.50,1.50
2011.08.10 07:58:55.456,1.43777,1.43783,2.25,4.05
2011.08.10 07:58:55.805,1.43786,1.4379,1.13,5.10
2011.08.10 07:58:56.037,1.43781,1.4379,4.88,1.50
2011.08.10 07:58:56.755,1.43786,1.43791,1.50,4.13
2011.08.10 07:58:56.987,1.43789,1.43795,2.63,4.88
2011.08.10 07:58:57.213,1.43787,1.43793,6.00,4.13
2011.08.10 07:58:57.553,1.43789,1.43795,1.88,3.75
2011.08.10 07:58:57.782,1.43789,1.43798,1.88,5.63
2011.08.10 07:58:58.345,1.43791,1.43799,1.88,1.13
2011.08.10 07:58:58.794,1.43791,1.43798,1.88,3.75
2011.08.10 07:58:59.673,1.4379,1.43797,1.13,4.13
2011.08.10 07:59:00.123,1.43789,1.43794,2.25,1.13
2011.08.10 07:59:00.683,1.43789,1.43795,2.25,3.75
2011.08.10 07:59:00.804,1.43788,1.43797,1.13,4.88
2011.08.10 07:59:00.925,1.43788,1.43795,1.13,4.13
2011.08.10 07:59:01.155,1.43789,1.43796,1.50,1.13
2011.08.10 07:59:01.383,1.43789,1.43798,2.63,1.80
2011.08.10 07:59:02.053,1.43792,1.43799,1.13,4.13
2011.08.10 07:59:02.905,1.43787,1.43796,1.88,5.25
2011.08.10 07:59:03.686,1.43787,1.43792,1.50,1.50
2011.08.10 07:59:04.037,1.43781,1.43788,3.75,3.75
2011.08.10 07:59:04.486,1.4378,1.43788,1.13,6.10
2011.08.10 07:59:04.603,1.43777,1.43785,2.10,1.13
2011.08.10 07:59:05.306,1.43777,1.43784,1.50,4.50
2011.08.10 07:59:05.664,1.43774,1.4378,1.50,4.13
2011.08.10 07:59:06.334,1.43774,1.43782,2.63,7.60
2011.08.10 07:59:06.456,1.43774,1.4378,1.88,4.13
2011.08.10 07:59:07.013,1.43776,1.43782,1.50,3.38
2011.08.10 07:59:07.244,1.43775,1.43782,1.50,3.75
2011.08.10 07:59:07.788,1.43775,1.43783,1.50,4.50
2011.08.10 07:59:07.911,1.43774,1.43781,3.00,4.13
2011.08.10 07:59:09.022,1.43772,1.4378,3.00,1.13
2011.08.10 07:59:09.255,1.4377,1.43775,3.75,1.50
2011.08.10 07:59:09.619,1.43766,1.4377,4.88,2.63
2011.08.10 07:59:09.737,1.43761,1.43765,1.13,1.50
2011.08.10 07:59:09.974,1.43762,1.4377,4.13,1.98
2011.08.10 07:59:10.094,1.4376,1.43767,1.13,3.75
2011.08.10 07:59:10.695,1.4376,1.43767,1.13,4.13
2011.08.10 07:59:11.495,1.43758,1.43764,3.00,4.13
2011.08.10 07:59:12.500,1.43759,1.43766,1.13,4.13
2011.08.10 07:59:12.629,1.43759,1.43766,1.50,3.75
2011.08.10 07:59:12.853,1.43758,1.43764,1.13,4.13
2011.08.10 07:59:13.086,1.43759,1.43766,1.13,4.13
2011.08.10 07:59:13.203,1.43758,1.43764,1.88,4.13
2011.08.10 07:59:14.355,1.43759,1.43766,1.50,4.13
2011.08.10 07:59:14.479,1.43761,1.43766,1.13,3.75
2011.08.10 07:59:14.601,1.43761,1.43768,1.13,4.13
2011.08.10 07:59:14.836,1.4377,1.43775,1.50,4.05
2011.08.10 07:59:14.957,1.4377,1.43775,1.50,3.38
2011.08.10 07:59:15.184,1.43767,1.43773,2.25,3.75
2011.08.10 07:59:15.302,1.4377,1.43776,1.13,4.13
2011.08.10 07:59:15.659,1.43775,1.4378,3.00,4.88
2011.08.10 07:59:15.886,1.43775,1.43782,3.38,4.13
2011.08.10 07:59:16.697,1.43777,1.43783,1.13,4.13
2011.08.10 07:59:16.824,1.43771,1.43777,1.88,4.13
2011.08.10 07:59:17.388,1.43774,1.43781,2.25,2.63
2011.08.10 07:59:17.506,1.43778,1.43784,1.13,4.13
2011.08.10 07:59:17.736,1.43781,1.43786,1.50,4.13
2011.08.10 07:59:18.074,1.4378,1.43786,1.88,4.13
2011.08.10 07:59:18.633,1.43781,1.43787,1.88,4.35
2011.08.10 07:59:20.230,1.43784,1.43792,2.25,5.63
2011.08.10 07:59:20.567,1.43781,1.43787,1.88,3.75
2011.08.10 07:59:20.916,1.43774,1.4378,4.05,6.10
2011.08.10 07:59:21.471,1.43772,1.43779,1.13,4.50
2011.08.10 07:59:21.815,1.43771,1.43779,1.13,5.25
2011.08.10 07:59:21.934,1.43769,1.43775,2.63,1.13
2011.08.10 07:59:22.164,1.43765,1.43774,2.63,2.10
2011.08.10 07:59:22.843,1.43763,1.43772,1.50,2.48
2011.08.10 07:59:23.183,1.43767,1.43773,1.50,3.48
2011.08.10 07:59:23.419,1.43765,1.43772,1.88,3.00
2011.08.10 07:59:23.532,1.43762,1.43771,1.88,1.50
2011.08.10 07:59:23.763,1.43762,1.43774,1.88,5.25
2011.08.10 07:59:23.887,1.43764,1.43771,1.13,4.13
2011.08.10 07:59:24.005,1.43768,1.43774,2.25,4.13
2011.08.10 07:59:24.127,1.43765,1.43772,1.13,4.13
2011.08.10 07:59:24.355,1.43763,1.4377,4.13,1.13
2011.08.10 07:59:25.175,1.43764,1.43772,4.13,3.75
2011.08.10 07:59:25.306,1.43761,1.43768,1.50,6.23
2011.08.10 07:59:26.303,1.4376,1.43768,1.88,6.23
2011.08.10 07:59:26.752,1.43758,1.43767,2.25,1.88
2011.08.10 07:59:27.093,1.43758,1.43766,1.88,4.50
2011.08.10 07:59:27.433,1.43756,1.43763,2.25,4.13
2011.08.10 07:59:27.770,1.43755,1.43764,1.88,2.10
2011.08.10 07:59:29.173,1.43755,1.43764,1.88,2.85
2011.08.10 07:59:29.297,1.4375,1.43754,3.23,1.88
2011.08.10 07:59:29.879,1.43752,1.4376,1.12,1.23
2011.08.10 07:59:29.992,1.43752,1.43761,2.25,2.14
2011.08.10 07:59:30.222,1.43752,1.43759,1.12,4.13
2011.08.10 07:59:30.563,1.43753,1.43762,1.87,1.50
2011.08.10 07:59:30.684,1.43753,1.43761,1.50,4.13
2011.08.10 07:59:31.243,1.43754,1.4376,1.12,4.13
2011.08.10 07:59:33.562,1.43752,1.43758,3.38,4.13
2011.08.10 07:59:33.684,1.43753,1.43762,5.25,5.63
2011.08.10 07:59:33.802,1.43757,1.43762,1.12,3.38
2011.08.10 07:59:33.922,1.43757,1.43763,1.12,1.13
2011.08.10 07:59:34.483,1.43757,1.43763,1.50,4.13
2011.08.10 07:59:35.264,1.43754,1.4376,2.63,1.13
2011.08.10 07:59:37.396,1.43758,1.43765,2.25,3.70
2011.08.10 07:59:37.515,1.43758,1.43764,1.50,4.43
2011.08.10 07:59:37.964,1.43756,1.43762,1.50,1.13
2011.08.10 07:59:38.084,1.43755,1.43762,1.50,1.88
2011.08.10 07:59:38.203,1.43754,1.4376,2.25,4.13
2011.08.10 07:59:38.547,1.43757,1.43762,1.50,4.13
2011.08.10 07:59:39.255,1.43766,1.43772,1.13,1.13
2011.08.10 07:59:39.485,1.43765,1.43771,1.13,1.13
2011.08.10 07:59:39.602,1.43765,1.43771,1.13,3.75
2011.08.10 07:59:39.831,1.43767,1.43776,1.50,6.60
2011.08.10 07:59:40.390,1.43768,1.43776,1.13,2.10
2011.08.10 07:59:40.951,1.43768,1.43775,1.13,1.13
2011.08.10 07:59:41.071,1.43768,1.43774,1.13,4.88
2011.08.10 07:59:41.631,1.43768,1.43774,1.13,1.50
2011.08.10 07:59:42.193,1.43766,1.43773,1.50,1.13
2011.08.10 07:59:42.759,1.43765,1.43772,3.75,1.13
2011.08.10 07:59:42.883,1.43766,1.4377,1.13,1.13
2011.08.10 07:59:43.010,1.43766,1.4377,1.13,3.75
2011.08.10 07:59:43.124,1.43766,1.43772,1.13,4.88
2011.08.10 07:59:43.244,1.43769,1.43773,2.10,3.38
2011.08.10 07:59:43.584,1.4377,1.43776,3.75,4.35
2011.08.10 07:59:43.819,1.43771,1.43779,5.63,4.35
2011.08.10 07:59:44.046,1.43778,1.43783,1.13,3.38
2011.08.10 07:59:44.276,1.43767,1.43777,20.75,1.13
2011.08.10 07:59:44.400,1.43776,1.43781,1.88,4.13
2011.08.10 07:59:44.975,1.43782,1.43788,1.13,2.63
2011.08.10 07:59:45.096,1.43777,1.43784,1.88,4.13
2011.08.10 07:59:45.542,1.4378,1.43786,1.50,4.13
2011.08.10 07:59:45.776,1.43784,1.43793,5.63,3.10
2011.08.10 07:59:45.895,1.43784,1.43788,1.50,4.13
2011.08.10 07:59:46.235,1.43785,1.4379,1.88,4.50
2011.08.10 07:59:46.588,1.43792,1.43798,4.50,4.13
2011.08.10 07:59:46.814,1.43795,1.43803,5.63,1.05
2011.08.10 07:59:47.936,1.43792,1.43798,1.43,1.13
2011.08.10 07:59:48.399,1.43789,1.43797,2.25,1.50
2011.08.10 07:59:48.518,1.43787,1.43796,6.38,2.10
2011.08.10 07:59:48.745,1.43787,1.43794,1.13,1.13
2011.08.10 07:59:48.973,1.43785,1.43791,4.13,4.13
2011.08.10 07:59:49.311,1.43787,1.43793,1.13,4.88
2011.08.10 07:59:50.218,1.43787,1.43793,1.50,4.50
2011.08.10 07:59:50.784,1.43787,1.43792,1.13,1.13
2011.08.10 07:59:51.236,1.43784,1.4379,1.50,4.13
2011.08.10 07:59:51.586,1.43783,1.43789,3.38,4.13
2011.08.10 07:59:52.145,1.43782,1.43788,3.38,1.35
2011.08.10 07:59:52.712,1.4378,1.43787,9.75,2.10
2011.08.10 07:59:53.334,1.43785,1.43791,1.50,4.13
2011.08.10 07:59:54.001,1.43783,1.4379,1.88,5.48
2011.08.10 07:59:54.561,1.43782,1.43788,3.75,4.73
2011.08.10 07:59:55.120,1.43784,1.4379,2.47,5.48
2011.08.10 07:59:58.606,1.43786,1.43792,1.13,7.35
2011.08.10 07:59:59.273,1.43786,1.43793,1.13,1.13
2011.08.10 07:59:59.861,1.43784,1.43792,1.13,4.73
