2010.07.01 16:00:04.873,1.24608,1.24612,1.70,1.50
2010.07.01 16:00:05.875,1.24605,1.24614,1.50,2.50
2010.07.01 16:00:08.033,1.24608,1.24616,1.50,2.90
2010.07.01 16:00:10.299,1.2461,1.24617,1.50,1.50
2010.07.01 16:00:11.079,1.24615,1.24623,1.50,1.70
2010.07.01 16:00:13.362,1.2462,1.24628,3.40,1.50
2010.07.01 16:00:13.943,1.24629,1.24633,1.50,1.40
2010.07.01 16:00:16.543,1.24637,1.24641,1.80,2.70
2010.07.01 16:00:18.373,1.24639,1.24645,1.50,3.60
2010.07.01 16:00:20.826,1.24631,1.2464,3.00,1.50
2010.07.01 16:00:21.750,1.24623,1.24631,2.50,2.50
2010.07.01 16:00:24.691,1.24613,1.2462,2.10,2.70
2010.07.01 16:00:27.020,1.24601,1.24609,1.90,3.00
2010.07.01 16:00:29.430,1.24595,1.24601,1.70,3.00
2010.07.01 16:00:31.472,1.24595,1.24605,1.50,1.50
2010.07.01 16:00:38.423,1.24599,1.24609,1.50,1.90
2010.07.01 16:00:40.924,1.24606,1.24612,1.30,4.70
2010.07.01 16:00:44.344,1.24609,1.24617,1.90,1.50
2010.07.01 16:00:47.433,1.2461,1.24619,1.50,1.70
2010.07.01 16:00:52.750,1.24611,1.24621,1.50,2.50
2010.07.01 16:00:53.206,1.24615,1.2462,3.80,1.10
2010.07.01 16:00:53.570,1.24613,1.24623,1.70,17.90
2010.07.01 16:00:56.731,1.24615,1.24623,1.50,2.10
2010.07.01 16:01:01.827,1.24617,1.24627,7.40,4.00
2010.07.01 16:01:03.144,1.24622,1.24628,1.50,1.50
2010.07.01 16:01:06.377,1.24622,1.24631,1.50,1.50
2010.07.01 16:01:06.841,1.24623,1.24632,1.50,2.10
2010.07.01 16:01:08.747,1.24624,1.24634,1.50,5.30
2010.07.01 16:01:09.361,1.24627,1.24633,1.50,1.50
2010.07.01 16:01:11.441,1.2463,1.24642,1.50,1.70
2010.07.01 16:01:13.504,1.24638,1.24643,2.30,2.70
2010.07.01 16:01:15.593,1.24641,1.24649,4.50,2.30
2010.07.01 16:01:17.962,1.24648,1.24656,1.20,1.20
2010.07.01 16:01:18.192,1.24649,1.24657,4.00,1.50
2010.07.01 16:01:20.660,1.24645,1.24653,2.50,6.80
2010.07.01 16:01:24.114,1.2464,1.2465,1.50,1.50
2010.07.01 16:01:27.221,1.24637,1.24645,1.50,3.00
2010.07.01 16:01:29.315,1.24633,1.24641,2.70,1.90
2010.07.01 16:01:31.468,1.2463,1.24636,11.30,1.50
2010.07.01 16:01:33.797,1.24625,1.24632,1.20,4.40
2010.07.01 16:01:34.715,1.2462,1.24625,1.20,4.70
2010.07.01 16:01:35.190,1.24612,1.2462,1.50,1.70
2010.07.01 16:01:37.994,1.24605,1.24614,7.20,3.60
2010.07.01 16:01:40.239,1.24602,1.24612,2.00,1.50
2010.07.01 16:01:40.995,1.24607,1.24615,4.40,1.50
2010.07.01 16:01:43.382,1.24613,1.24621,1.70,1.50
2010.07.01 16:01:47.603,1.24617,1.24627,1.70,4.80
2010.07.01 16:01:49.869,1.24622,1.24631,3.00,2.90
2010.07.01 16:01:49.989,1.24626,1.24635,1.20,3.00
2010.07.01 16:01:50.362,1.24631,1.2464,1.20,4.70
2010.07.01 16:01:52.603,1.24636,1.24645,1.50,2.90
2010.07.01 16:01:55.124,1.24641,1.2465,1.90,4.40
2010.07.01 16:01:59.314,1.24642,1.24652,1.50,3.20
2010.07.01 16:02:03.719,1.24615,1.24625,3.80,1.70
2010.07.01 16:02:10.791,1.24615,1.24625,1.50,1.50
2010.07.01 16:02:13.017,1.24615,1.24622,5.10,2.30
2010.07.01 16:02:14.682,1.24609,1.24616,1.50,2.50
2010.07.01 16:02:20.668,1.24603,1.24613,3.80,1.70
2010.07.01 16:02:22.707,1.24604,1.24614,2.10,1.50
2010.07.01 16:02:24.752,1.24613,1.24623,2.30,2.10
2010.07.01 16:02:27.281,1.24624,1.24634,1.80,3.40
2010.07.01 16:02:29.746,1.24637,1.24647,3.40,1.50
2010.07.01 16:02:35.121,1.24651,1.24658,1.50,2.10
2010.07.01 16:02:38.652,1.24656,1.24663,1.50,2.50
2010.07.01 16:02:40.688,1.24651,1.24658,2.30,1.50
2010.07.01 16:02:42.739,1.24643,1.24652,1.50,1.70
2010.07.01 16:02:47.042,1.24635,1.24645,1.50,7.60
2010.07.01 16:02:52.579,1.2463,1.24638,3.40,1.40
2010.07.01 16:02:55.470,1.24625,1.24633,1.70,1.50
2010.07.01 16:02:57.631,1.24621,1.2463,3.20,1.50
2010.07.01 16:02:58.072,1.24618,1.24628,4.10,1.20
2010.07.01 16:03:03.372,1.24602,1.2461,7.50,1.70
2010.07.01 16:03:06.919,1.24597,1.24603,2.40,2.50
2010.07.01 16:03:09.822,1.24588,1.24596,1.70,3.00
2010.07.01 16:03:12.519,1.2458,1.24589,3.40,3.40
2010.07.01 16:03:14.539,1.24574,1.24582,2.90,1.70
2010.07.01 16:03:16.818,1.24571,1.24581,1.50,4.20
2010.07.01 16:03:18.849,1.24578,1.24584,2.80,1.50
2010.07.01 16:03:20.663,1.24586,1.24594,1.50,1.40
2010.07.01 16:03:22.882,1.24595,1.24603,10.00,1.50
2010.07.01 16:03:25.552,1.24603,1.24615,3.20,1.50
2010.07.01 16:03:27.739,1.24613,1.24626,1.40,1.50
2010.07.01 16:03:28.099,1.24625,1.24633,3.00,2.50
2010.07.01 16:03:32.041,1.2463,1.24634,1.50,3.20
2010.07.01 16:03:37.802,1.24627,1.24633,3.80,3.20
2010.07.01 16:03:42.411,1.24618,1.24628,3.40,1.50
2010.07.01 16:03:44.561,1.24613,1.24622,4.90,3.40
2010.07.01 16:03:46.696,1.24609,1.24619,4.90,3.00
2010.07.01 16:03:48.918,1.2461,1.24616,1.50,1.50
2010.07.01 16:03:51.009,1.24607,1.24615,1.40,2.30
2010.07.01 16:03:53.108,1.24606,1.24613,2.50,1.50
2010.07.01 16:03:53.451,1.24605,1.24615,3.00,2.30
2010.07.01 16:04:01.465,1.24596,1.24604,1.40,1.50
2010.07.01 16:04:08.757,1.24594,1.24604,2.30,7.20
2010.07.01 16:04:14.928,1.24597,1.24603,1.50,3.00
2010.07.01 16:04:18.225,1.24598,1.24604,1.70,21.30
2010.07.01 16:04:21.718,1.24602,1.24608,2.70,2.30
2010.07.01 16:04:24.618,1.24605,1.24613,3.40,1.50
2010.07.01 16:04:26.796,1.24609,1.24617,3.40,1.50
2010.07.01 16:04:28.996,1.24608,1.24616,2.70,1.50
2010.07.01 16:04:31.205,1.24602,1.24609,1.90,1.50
2010.07.01 16:04:33.005,1.24596,1.24603,1.70,1.50
2010.07.01 16:04:35.005,1.24589,1.24596,1.70,1.20
2010.07.01 16:04:36.086,1.24581,1.24591,5.90,2.30
2010.07.01 16:04:39.349,1.24579,1.24585,1.50,2.10
2010.07.01 16:04:39.715,1.24577,1.24581,1.50,1.70
2010.07.01 16:04:43.723,1.2457,1.24583,3.00,2.70
2010.07.01 16:04:45.068,1.24575,1.24582,1.50,1.90
2010.07.01 16:04:47.405,1.24579,1.24587,2.00,1.70
2010.07.01 16:04:49.595,1.24584,1.24592,1.50,3.20
2010.07.01 16:04:51.685,1.24588,1.24592,3.40,9.50
2010.07.01 16:04:53.677,1.24588,1.24597,2.30,1.70
2010.07.01 16:04:55.984,1.24591,1.24598,1.50,2.30
2010.07.01 16:04:56.450,1.24591,1.246,1.70,9.30
2010.07.01 16:04:56.573,1.24595,1.246,1.50,3.20
2010.07.01 16:04:58.669,1.24594,1.24604,2.30,3.60
2010.07.01 16:04:59.605,1.24595,1.24605,1.50,4.20
2010.07.01 16:05:02.646,1.24573,1.24581,15.60,5.50
2010.07.01 16:05:05.760,1.24566,1.24576,1.50,2.50
2010.07.01 16:05:08.663,1.2456,1.24569,1.90,2.50
2010.07.01 16:05:11.890,1.24552,1.24559,1.50,2.50
2010.07.01 16:05:23.618,1.24543,1.24553,1.50,2.10
2010.07.01 16:05:25.905,1.24539,1.24545,2.30,5.10
2010.07.01 16:05:27.969,1.24537,1.24546,1.50,3.60
2010.07.01 16:05:30.800,1.24549,1.24559,3.80,1.50
2010.07.01 16:05:33.404,1.24563,1.24573,2.50,2.30
2010.07.01 16:05:37.159,1.24581,1.24588,1.50,3.20
2010.07.01 16:05:41.673,1.24596,1.24604,1.70,1.20
2010.07.01 16:05:43.847,1.24603,1.24611,1.20,1.50
2010.07.01 16:05:48.038,1.24601,1.24609,1.50,1.90
2010.07.01 16:05:51.001,1.24592,1.246,4.50,3.20
2010.07.01 16:05:53.627,1.24583,1.24593,2.00,1.50
2010.07.01 16:05:55.667,1.24576,1.24583,4.70,1.20
2010.07.01 16:05:55.782,1.24568,1.24575,1.50,4.00
2010.07.01 16:05:56.489,1.24556,1.24566,1.50,2.90
2010.07.01 16:05:58.520,1.24552,1.2456,2.50,1.50
2010.07.01 16:06:00.166,1.24557,1.24563,1.60,1.50
2010.07.01 16:06:03.225,1.24554,1.24567,1.70,1.50
2010.07.01 16:06:05.246,1.24555,1.24569,1.50,2.10
2010.07.01 16:06:07.258,1.24564,1.24571,1.70,1.50
2010.07.01 16:06:08.580,1.24565,1.24577,1.50,4.20
2010.07.01 16:06:12.077,1.24566,1.24578,1.40,1.50
2010.07.01 16:06:12.692,1.24563,1.24569,1.70,1.50
2010.07.01 16:06:13.690,1.24552,1.24562,2.70,3.00
2010.07.01 16:06:15.959,1.24542,1.24552,5.50,1.50
2010.07.01 16:06:22.841,1.24532,1.24541,3.40,1.50
2010.07.01 16:06:24.887,1.2452,1.24531,2.60,2.30
2010.07.01 16:06:26.884,1.24506,1.24517,2.50,1.50
2010.07.01 16:06:29.804,1.24495,1.245,1.50,3.00
2010.07.01 16:06:30.583,1.24486,1.24498,1.50,2.50
2010.07.01 16:06:30.724,1.2449,1.245,4.20,1.20
2010.07.01 16:06:35.939,1.24496,1.24508,1.50,1.50
2010.07.01 16:06:42.208,1.24504,1.24515,6.00,1.50
2010.07.01 16:06:47.929,1.24513,1.24524,1.70,3.30
2010.07.01 16:06:49.935,1.24521,1.24532,4.30,1.40
2010.07.01 16:06:52.530,1.24527,1.2454,3.40,4.40
2010.07.01 16:06:54.568,1.24534,1.24546,2.30,2.30
2010.07.01 16:06:55.606,1.24543,1.24547,3.00,4.10
2010.07.01 16:07:01.098,1.24546,1.24554,1.60,1.90
2010.07.01 16:07:03.407,1.24544,1.24554,2.90,2.30
2010.07.01 16:07:05.706,1.24544,1.24554,2.80,1.70
2010.07.01 16:07:08.758,1.24547,1.24555,1.50,3.60
2010.07.01 16:07:10.767,1.24549,1.24559,2.70,2.30
2010.07.01 16:07:12.837,1.2455,1.2456,1.20,4.90
2010.07.01 16:07:17.106,1.24556,1.24566,1.50,2.90
2010.07.01 16:07:19.271,1.24559,1.24569,1.50,2.10
2010.07.01 16:07:21.408,1.24554,1.24562,2.30,5.10
2010.07.01 16:07:23.938,1.2454,1.24548,1.50,1.70
2010.07.01 16:07:28.128,1.24524,1.24532,3.20,1.50
2010.07.01 16:07:30.185,1.24503,1.24514,1.20,1.50
2010.07.01 16:07:31.534,1.24488,1.24494,2.10,5.50
2010.07.01 16:07:33.887,1.24481,1.24485,4.50,3.80
2010.07.01 16:07:35.919,1.24481,1.24491,2.10,1.70
2010.07.01 16:07:38.541,1.24488,1.24497,1.50,1.70
2010.07.01 16:07:39.000,1.24495,1.24503,3.00,2.50
2010.07.01 16:07:42.997,1.245,1.24506,1.70,1.50
2010.07.01 16:07:45.024,1.24502,1.24509,2.30,2.90
2010.07.01 16:07:49.860,1.24501,1.2451,2.70,1.50
2010.07.01 16:07:52.016,1.245,1.24508,1.50,2.50
2010.07.01 16:07:52.419,1.24498,1.24507,6.80,2.50
2010.07.01 16:07:57.130,1.24497,1.24507,1.20,1.90
2010.07.01 16:08:05.598,1.24488,1.24498,4.50,1.20
2010.07.01 16:08:08.689,1.24493,1.245,2.10,1.70
2010.07.01 16:08:09.093,1.24497,1.24505,3.00,2.90
2010.07.01 16:08:13.232,1.24501,1.24511,11.70,1.40
2010.07.01 16:08:16.803,1.24509,1.24513,1.50,3.00
2010.07.01 16:08:17.881,1.24508,1.24516,1.50,4.90
2010.07.01 16:08:23.967,1.24498,1.24511,1.50,3.60
2010.07.01 16:08:24.083,1.24492,1.24498,1.50,3.00
2010.07.01 16:08:26.188,1.24481,1.24489,4.90,1.70
2010.07.01 16:08:26.536,1.24469,1.24478,5.10,1.90
2010.07.01 16:08:29.050,1.24459,1.24469,1.50,5.50
2010.07.01 16:08:31.571,1.24454,1.24464,1.70,1.50
2010.07.01 16:08:33.253,1.2446,1.24464,1.50,1.20
2010.07.01 16:08:34.366,1.24463,1.2447,3.00,2.30
2010.07.01 16:08:36.506,1.24468,1.24476,1.50,1.50
2010.07.01 16:08:36.974,1.24473,1.2448,3.80,1.70
2010.07.01 16:08:39.156,1.24477,1.24486,1.50,2.90
2010.07.01 16:08:39.511,1.24482,1.24488,1.50,2.70
2010.07.01 16:08:48.849,1.24483,1.24491,2.70,1.50
2010.07.01 16:09:03.163,1.24504,1.24514,2.80,3.40
2010.07.01 16:09:11.260,1.24502,1.24513,2.30,1.70
2010.07.01 16:09:13.609,1.24504,1.24513,2.30,1.50
2010.07.01 16:09:16.022,1.24507,1.24515,40.80,1.20
2010.07.01 16:09:18.115,1.24511,1.24521,17.10,1.70
2010.07.01 16:09:22.290,1.24516,1.24526,6.00,1.50
2010.07.01 16:09:22.512,1.24513,1.24521,1.50,2.30
2010.07.01 16:09:24.723,1.24497,1.24507,2.30,5.50
2010.07.01 16:09:26.781,1.24482,1.24488,8.50,1.70
2010.07.01 16:09:29.333,1.24463,1.24474,2.70,1.50
2010.07.01 16:09:30.162,1.24456,1.24466,2.90,2.30
2010.07.01 16:09:32.284,1.24457,1.24464,1.90,3.00
2010.07.01 16:09:35.802,1.2446,1.24468,3.00,6.20
2010.07.01 16:09:39.093,1.24464,1.24474,2.50,11.90
2010.07.01 16:09:42.513,1.24465,1.24476,1.50,3.20
2010.07.01 16:09:50.202,1.24466,1.24477,3.40,1.90
2010.07.01 16:09:52.346,1.24467,1.24475,4.50,26.00
2010.07.01 16:09:55.503,1.24466,1.24473,3.60,3.80
2010.07.01 16:10:02.541,1.24477,1.24485,1.50,1.20
2010.07.01 16:10:05.268,1.24478,1.24486,1.30,3.00
2010.07.01 16:10:07.351,1.24481,1.24489,4.50,1.40
2010.07.01 16:10:07.565,1.24485,1.24493,2.50,1.70
2010.07.01 16:10:09.710,1.2449,1.24497,5.70,1.50
2010.07.01 16:10:11.945,1.2449,1.24494,2.70,2.30
2010.07.01 16:10:13.715,1.24481,1.24491,1.20,1.90
2010.07.01 16:10:16.050,1.2447,1.24482,2.30,3.20
2010.07.01 16:10:16.558,1.2446,1.24472,1.40,1.50
2010.07.01 16:10:17.058,1.24452,1.2446,1.50,1.50
2010.07.01 16:10:19.070,1.2444,1.24449,7.20,1.50
2010.07.01 16:10:26.971,1.24428,1.24437,1.50,3.00
2010.07.01 16:10:27.718,1.24414,1.24422,1.50,4.20
2010.07.01 16:10:31.029,1.24401,1.24411,2.50,1.50
2010.07.01 16:10:34.189,1.24398,1.24408,1.50,6.60
2010.07.01 16:10:39.349,1.24405,1.24415,3.00,5.10
2010.07.01 16:10:41.431,1.24415,1.24427,3.40,1.50
2010.07.01 16:10:43.599,1.24427,1.24435,4.70,3.00
2010.07.01 16:10:45.701,1.24436,1.24446,1.50,1.50
2010.07.01 16:10:47.738,1.24444,1.24453,1.50,4.40
2010.07.01 16:10:50.421,1.24451,1.24461,1.80,1.90
2010.07.01 16:10:52.855,1.24458,1.24469,2.30,1.50
2010.07.01 16:10:54.953,1.24461,1.24471,1.50,1.40
2010.07.01 16:11:00.069,1.24464,1.24476,2.10,1.70
2010.07.01 16:11:02.636,1.24467,1.24477,1.70,1.50
2010.07.01 16:11:05.135,1.24468,1.24479,2.50,3.80
2010.07.01 16:11:10.740,1.24474,1.24483,1.70,1.20
2010.07.01 16:11:14.349,1.24479,1.24489,1.30,2.30
2010.07.01 16:11:18.178,1.24487,1.24497,5.10,1.40
2010.07.01 16:11:22.029,1.24494,1.24502,5.30,2.30
2010.07.01 16:11:25.709,1.24495,1.24505,4.00,2.30
2010.07.01 16:11:25.900,1.24491,1.24497,1.90,1.50
2010.07.01 16:11:27.376,1.24483,1.24488,1.50,1.70
2010.07.01 16:11:27.769,1.24473,1.24482,11.70,1.70
2010.07.01 16:11:31.649,1.24466,1.24473,1.50,1.20
2010.07.01 16:11:33.817,1.24459,1.24467,1.70,17.10
2010.07.01 16:11:33.933,1.24451,1.24459,2.30,2.30
2010.07.01 16:11:34.591,1.24442,1.24452,1.90,1.50
2010.07.01 16:11:37.598,1.24434,1.24446,3.00,1.90
2010.07.01 16:11:41.536,1.24433,1.24441,1.10,1.50
2010.07.01 16:11:43.877,1.24434,1.24446,2.10,1.50
2010.07.01 16:11:45.921,1.24441,1.24451,5.10,1.50
2010.07.01 16:11:48.271,1.24445,1.24457,1.40,12.80
2010.07.01 16:11:48.750,1.24453,1.24458,2.90,1.50
2010.07.01 16:11:48.977,1.24455,1.24465,10.90,1.50
2010.07.01 16:11:49.999,1.24463,1.24471,1.50,3.60
2010.07.01 16:11:52.224,1.24471,1.24478,1.50,2.90
2010.07.01 16:11:54.230,1.24476,1.24487,1.50,4.50
2010.07.01 16:11:56.253,1.24479,1.24491,1.50,1.50
2010.07.01 16:12:02.866,1.24488,1.24495,5.30,1.50
2010.07.01 16:12:05.152,1.24491,1.24499,2.30,3.20
2010.07.01 16:12:06.840,1.24492,1.24502,1.70,1.50
2010.07.01 16:12:07.722,1.24492,1.24503,10.90,4.80
2010.07.01 16:12:08.069,1.24495,1.24501,2.30,1.50
2010.07.01 16:12:08.351,1.24494,1.245,1.50,1.50
2010.07.01 16:12:09.420,1.24487,1.24498,1.30,1.50
2010.07.01 16:12:11.591,1.24482,1.24493,1.50,1.50
2010.07.01 16:12:12.461,1.24478,1.24483,3.40,1.70
2010.07.01 16:12:13.882,1.24472,1.24482,1.50,1.50
2010.07.01 16:12:16.068,1.24473,1.24483,1.70,2.30
2010.07.01 16:12:16.993,1.24478,1.24487,2.30,1.40
2010.07.01 16:12:19.970,1.24485,1.24489,7.50,1.20
2010.07.01 16:12:21.354,1.24487,1.24494,2.10,4.50
2010.07.01 16:12:21.584,1.24493,1.24497,2.30,1.90
2010.07.01 16:12:21.928,1.24492,1.24502,2.30,1.50
2010.07.01 16:12:22.611,1.24493,1.24503,1.80,3.20
2010.07.01 16:12:23.990,1.24495,1.24504,5.70,1.50
2010.07.01 16:12:24.656,1.24495,1.24504,1.50,1.50
2010.07.01 16:12:25.079,1.24493,1.24503,1.50,1.40
2010.07.01 16:12:27.321,1.24493,1.24505,1.70,1.50
2010.07.01 16:12:27.771,1.24498,1.24506,1.50,4.50
2010.07.01 16:12:27.900,1.24504,1.2451,2.30,4.00
2010.07.01 16:12:29.633,1.2451,1.24519,2.50,4.90
2010.07.01 16:12:31.001,1.24516,1.24526,1.50,1.20
2010.07.01 16:12:32.328,1.24517,1.24527,2.50,4.00
2010.07.01 16:12:32.449,1.24516,1.24522,4.00,2.50
2010.07.01 16:12:33.461,1.24511,1.24515,4.50,26.00
2010.07.01 16:12:35.125,1.24502,1.24515,2.30,1.50
2010.07.01 16:12:37.585,1.24497,1.24511,3.80,2.50
2010.07.01 16:12:40.020,1.24498,1.24502,1.70,5.10
2010.07.01 16:12:42.404,1.24491,1.24501,2.50,11.90
2010.07.01 16:12:44.421,1.24489,1.245,3.40,1.20
2010.07.01 16:12:46.956,1.24491,1.24496,1.40,2.30
2010.07.01 16:12:49.046,1.24492,1.245,2.10,4.00
2010.07.01 16:12:50.659,1.24493,1.24502,1.50,3.40
2010.07.01 16:12:53.014,1.24495,1.24507,1.50,1.50
2010.07.01 16:12:55.024,1.24501,1.24511,5.30,1.70
2010.07.01 16:12:58.012,1.24504,1.24513,1.90,2.50
2010.07.01 16:13:00.284,1.24499,1.24507,7.90,1.90
2010.07.01 16:13:01.599,1.24502,1.2451,2.50,3.80
2010.07.01 16:13:03.844,1.24507,1.24515,1.90,2.50
2010.07.01 16:13:05.923,1.24512,1.24521,1.50,2.70
2010.07.01 16:13:08.533,1.24521,1.24527,2.30,1.50
2010.07.01 16:13:10.633,1.24525,1.24538,2.50,1.50
2010.07.01 16:13:13.011,1.24534,1.24543,1.50,2.50
2010.07.01 16:13:16.033,1.24539,1.24549,2.00,1.50
2010.07.01 16:13:18.085,1.24536,1.24546,3.40,2.30
2010.07.01 16:13:20.252,1.24533,1.24543,1.50,1.50
2010.07.01 16:13:22.257,1.24529,1.24538,4.50,1.50
2010.07.01 16:13:24.080,1.24524,1.24534,1.90,2.50
2010.07.01 16:13:26.855,1.24519,1.24529,1.50,1.20
2010.07.01 16:13:28.866,1.24514,1.24525,7.00,1.20
2010.07.01 16:13:30.969,1.24513,1.24518,1.40,9.80
2010.07.01 16:13:31.525,1.24508,1.24518,1.50,3.40
2010.07.01 16:13:33.890,1.24507,1.24515,4.00,3.00
2010.07.01 16:13:36.349,1.24504,1.2451,1.50,1.20
2010.07.01 16:13:38.439,1.24501,1.24511,1.50,2.50
2010.07.01 16:13:41.130,1.24499,1.24507,3.00,5.10
2010.07.01 16:13:43.228,1.24493,1.24502,3.80,4.70
2010.07.01 16:13:45.294,1.2449,1.24497,1.90,4.20
2010.07.01 16:13:47.355,1.24483,1.24495,1.90,1.50
2010.07.01 16:13:49.362,1.24484,1.24492,3.00,7.00
2010.07.01 16:13:51.427,1.24487,1.24501,1.50,1.50
2010.07.01 16:13:51.668,1.24496,1.24505,1.90,0.50
2010.07.01 16:13:53.876,1.24502,1.24513,1.70,1.90
2010.07.01 16:13:54.345,1.24508,1.24515,1.20,3.00
2010.07.01 16:13:54.765,1.24511,1.24518,1.70,3.80
2010.07.01 16:13:55.002,1.24513,1.24519,1.70,1.50
2010.07.01 16:13:55.123,1.24514,1.2452,2.50,2.30
2010.07.01 16:13:55.392,1.2451,1.24525,2.50,2.30
2010.07.01 16:13:56.504,1.24514,1.24524,2.90,2.30
2010.07.01 16:14:01.907,1.24523,1.24531,29.00,1.50
2010.07.01 16:14:07.360,1.24518,1.24526,3.00,1.70
2010.07.01 16:14:10.829,1.24513,1.24521,1.70,2.50
2010.07.01 16:14:12.858,1.24504,1.24512,4.50,1.90
2010.07.01 16:14:15.506,1.24495,1.24505,3.80,1.50
2010.07.01 16:14:18.607,1.24485,1.24495,1.50,2.50
2010.07.01 16:14:19.379,1.24476,1.24486,3.80,1.50
2010.07.01 16:14:19.808,1.24476,1.24484,1.10,1.50
2010.07.01 16:14:22.578,1.24483,1.24489,28.20,2.10
2010.07.01 16:14:24.776,1.24492,1.24498,1.50,1.40
2010.07.01 16:14:26.882,1.24501,1.24507,1.50,2.50
2010.07.01 16:14:28.208,1.24508,1.24517,2.30,2.70
2010.07.01 16:14:28.328,1.24518,1.24522,4.50,1.50
2010.07.01 16:14:28.797,1.24524,1.24534,5.70,1.50
2010.07.01 16:14:31.360,1.24532,1.24544,1.20,2.70
2010.07.01 16:14:34.197,1.24537,1.24547,2.70,2.90
2010.07.01 16:14:36.610,1.24536,1.24542,3.40,9.50
2010.07.01 16:14:39.324,1.24529,1.24539,1.90,1.50
2010.07.01 16:14:42.708,1.24526,1.24535,1.70,3.80
2010.07.01 16:14:46.478,1.24522,1.24532,2.30,4.90
2010.07.01 16:14:49.446,1.2452,1.2453,1.20,11.10
2010.07.01 16:14:54.047,1.24519,1.24528,2.50,1.50
2010.07.01 16:14:56.098,1.24519,1.24525,1.90,2.50
2010.07.01 16:14:56.563,1.24516,1.24528,1.50,4.40
2010.07.01 16:14:57.559,1.24517,1.24525,2.90,1.90
2010.07.01 16:15:03.415,1.24517,1.24525,3.60,7.00
2010.07.01 16:15:05.797,1.24518,1.24527,6.80,2.50
2010.07.01 16:15:08.386,1.24521,1.24527,1.50,3.20
2010.07.01 16:15:08.739,1.24526,1.24534,1.90,3.00
2010.07.01 16:15:13.028,1.24529,1.2454,2.70,3.00
2010.07.01 16:15:15.787,1.24537,1.24548,1.50,2.30
2010.07.01 16:15:17.801,1.24545,1.24554,5.10,1.40
2010.07.01 16:15:19.825,1.24546,1.24556,4.40,3.00
2010.07.01 16:15:20.282,1.24541,1.24549,2.70,1.50
2010.07.01 16:15:20.994,1.24534,1.24538,3.60,1.50
2010.07.01 16:15:21.314,1.24525,1.24533,1.50,2.30
2010.07.01 16:15:24.097,1.24516,1.24526,1.70,3.20
2010.07.01 16:15:26.263,1.24512,1.2452,1.10,2.70
2010.07.01 16:15:28.339,1.24507,1.24511,3.00,1.90
2010.07.01 16:15:29.304,1.24504,1.24508,1.50,2.70
2010.07.01 16:15:30.953,1.24507,1.24515,2.50,3.80
2010.07.01 16:15:32.989,1.24511,1.24521,1.50,1.70
2010.07.01 16:15:35.848,1.24516,1.24524,5.10,1.50
2010.07.01 16:15:41.654,1.24519,1.24529,3.80,1.50
2010.07.01 16:15:43.742,1.24523,1.24533,1.50,3.10
2010.07.01 16:15:45.215,1.24525,1.24535,2.70,3.40
2010.07.01 16:15:50.687,1.24526,1.24534,1.50,1.20
2010.07.01 16:15:51.627,1.24524,1.24532,1.50,2.70
2010.07.01 16:15:53.828,1.24522,1.24532,3.20,1.20
2010.07.01 16:15:56.888,1.2452,1.24529,4.50,2.50
2010.07.01 16:15:59.105,1.24518,1.24526,1.20,2.70
2010.07.01 16:16:01.535,1.24518,1.24528,13.20,1.40
2010.07.01 16:16:04.145,1.24522,1.24533,2.90,3.00
2010.07.01 16:16:06.484,1.24529,1.24538,2.50,1.50
2010.07.01 16:16:08.904,1.24539,1.24544,2.30,1.40
2010.07.01 16:16:09.448,1.24545,1.24554,1.70,1.50
2010.07.01 16:16:12.463,1.24554,1.24562,1.20,1.50
2010.07.01 16:16:15.003,1.24556,1.24564,2.50,1.50
2010.07.01 16:16:17.931,1.24547,1.24557,1.50,2.30
2010.07.01 16:16:20.301,1.24537,1.24547,7.50,2.30
2010.07.01 16:16:22.698,1.24529,1.24539,1.50,2.30
2010.07.01 16:16:26.354,1.24521,1.24531,1.50,4.00
2010.07.01 16:16:29.583,1.24515,1.24525,1.50,1.90
2010.07.01 16:16:31.772,1.2451,1.2452,2.30,1.50
2010.07.01 16:16:33.790,1.24507,1.24513,1.70,4.60
2010.07.01 16:16:33.923,1.24502,1.24512,1.40,1.50
2010.07.01 16:16:36.076,1.24502,1.24512,1.50,3.60
2010.07.01 16:16:40.109,1.24508,1.24517,3.60,1.90
2010.07.01 16:16:41.753,1.24514,1.24524,1.50,1.20
2010.07.01 16:16:44.972,1.24521,1.24531,1.20,1.50
2010.07.01 16:16:47.740,1.24525,1.24535,1.40,1.50
2010.07.01 16:16:50.917,1.2453,1.24538,1.50,2.30
2010.07.01 16:16:53.024,1.24533,1.24542,1.70,4.20
2010.07.01 16:16:55.199,1.24534,1.24544,1.40,3.00
2010.07.01 16:17:01.870,1.24536,1.24544,1.70,1.50
2010.07.01 16:17:04.241,1.24537,1.24543,2.30,1.50
2010.07.01 16:17:04.650,1.24533,1.24543,1.70,3.20
2010.07.01 16:17:06.713,1.2453,1.24535,1.50,2.50
2010.07.01 16:17:08.479,1.24523,1.24532,1.50,4.00
2010.07.01 16:17:11.312,1.24515,1.24525,1.90,1.50
2010.07.01 16:17:11.658,1.24515,1.24521,1.50,1.90
2010.07.01 16:17:13.719,1.24516,1.24526,1.50,4.50
2010.07.01 16:17:17.461,1.24524,1.24532,1.50,1.80
2010.07.01 16:17:22.440,1.24531,1.24541,1.50,3.20
2010.07.01 16:17:28.321,1.24539,1.2455,4.70,1.50
2010.07.01 16:17:31.527,1.24547,1.24557,1.50,1.50
2010.07.01 16:17:33.588,1.24555,1.24562,1.50,1.90
2010.07.01 16:17:35.713,1.24559,1.24565,5.10,1.50
2010.07.01 16:17:36.588,1.24558,1.24562,1.70,2.30
2010.07.01 16:17:37.892,1.24551,1.24561,4.50,1.50
2010.07.01 16:17:40.110,1.24549,1.24557,2.30,5.90
2010.07.01 16:17:42.272,1.24544,1.24552,1.50,1.90
2010.07.01 16:17:44.980,1.24541,1.24549,1.50,4.70
2010.07.01 16:17:47.081,1.24539,1.24549,1.50,1.50
2010.07.01 16:17:49.459,1.24541,1.24549,1.50,3.60
2010.07.01 16:17:52.136,1.24543,1.24549,2.70,2.30
2010.07.01 16:17:54.760,1.24546,1.24555,2.30,2.70
2010.07.01 16:17:57.101,1.24549,1.2456,1.50,3.00
2010.07.01 16:17:59.514,1.2455,1.24564,4.40,1.20
2010.07.01 16:18:02.413,1.24552,1.24562,1.70,9.80
2010.07.01 16:18:02.640,1.24547,1.24558,2.10,2.10
2010.07.01 16:18:03.897,1.24544,1.24552,4.70,2.70
2010.07.01 16:18:04.020,1.24541,1.24547,1.50,1.40
2010.07.01 16:18:04.157,1.24533,1.24543,1.30,2.50
2010.07.01 16:18:04.772,1.24529,1.24538,1.70,1.50
2010.07.01 16:18:07.042,1.24522,1.2453,3.40,1.70
2010.07.01 16:18:09.185,1.24516,1.24524,3.80,2.90
2010.07.01 16:18:09.308,1.24514,1.24524,4.50,8.10
2010.07.01 16:18:22.514,1.24519,1.2453,1.10,16.20
2010.07.01 16:18:25.311,1.24529,1.24539,4.20,2.90
2010.07.01 16:18:27.618,1.24539,1.24548,3.40,1.70
2010.07.01 16:18:27.953,1.24549,1.24556,3.60,2.70
2010.07.01 16:18:31.094,1.24555,1.24565,1.70,3.00
2010.07.01 16:18:33.551,1.24563,1.24573,1.20,4.70
2010.07.01 16:18:36.163,1.24566,1.24578,2.50,5.30
2010.07.01 16:18:38.236,1.24561,1.24573,1.70,1.50
2010.07.01 16:18:40.384,1.24555,1.24568,3.40,2.30
2010.07.01 16:18:41.039,1.24552,1.24562,1.50,2.70
2010.07.01 16:18:42.456,1.24549,1.24559,1.90,4.20
2010.07.01 16:18:44.980,1.24548,1.24558,3.00,2.50
2010.07.01 16:18:47.457,1.24546,1.24556,7.00,3.80
2010.07.01 16:18:52.653,1.24548,1.24557,1.50,1.50
2010.07.01 16:18:54.200,1.24548,1.24557,1.50,4.40
2010.07.01 16:18:56.613,1.24547,1.24555,1.70,1.50
2010.07.01 16:18:58.794,1.24545,1.24555,1.50,1.70
2010.07.01 16:19:01.039,1.24551,1.24559,2.50,2.50
2010.07.01 16:19:03.014,1.24558,1.24568,1.50,1.50
2010.07.01 16:19:06.592,1.24565,1.24576,3.80,1.20
2010.07.01 16:19:09.470,1.24573,1.24583,1.50,3.60
2010.07.01 16:19:12.060,1.2458,1.24589,1.50,1.90
2010.07.01 16:19:14.092,1.24588,1.24595,1.50,1.70
2010.07.01 16:19:16.213,1.24583,1.24593,1.70,1.50
2010.07.01 16:19:18.549,1.24573,1.24581,4.40,1.50
2010.07.01 16:19:20.591,1.24557,1.24567,1.50,3.40
2010.07.01 16:19:22.630,1.24542,1.24552,4.50,7.00
2010.07.01 16:19:30.251,1.2454,1.24544,1.50,3.00
2010.07.01 16:19:40.792,1.2454,1.2455,3.80,1.20
2010.07.01 16:19:43.399,1.24546,1.24555,2.50,1.50
2010.07.01 16:19:46.656,1.24553,1.24561,1.50,5.10
2010.07.01 16:19:48.729,1.24555,1.24565,1.70,3.80
2010.07.01 16:19:51.484,1.24559,1.24563,1.50,1.70
2010.07.01 16:19:52.977,1.24557,1.24568,1.50,1.50
2010.07.01 16:19:55.181,1.24558,1.24565,1.10,1.50
2010.07.01 16:19:57.531,1.24556,1.24564,1.50,2.10
2010.07.01 16:20:03.715,1.24555,1.24565,1.50,2.50
2010.07.01 16:20:05.986,1.24555,1.24563,6.40,2.00
2010.07.01 16:20:08.796,1.24556,1.24564,1.50,3.20
2010.07.01 16:20:10.877,1.2456,1.24566,3.40,1.50
2010.07.01 16:20:12.025,1.24563,1.24572,2.10,1.50
2010.07.01 16:20:16.494,1.24569,1.24575,4.00,2.50
2010.07.01 16:20:18.553,1.2457,1.24578,1.70,2.30
2010.07.01 16:20:21.756,1.24568,1.24576,2.30,1.50
2010.07.01 16:20:25.017,1.24564,1.24572,1.50,1.20
2010.07.01 16:20:27.812,1.24558,1.24566,1.50,3.40
2010.07.01 16:20:28.383,1.24549,1.2456,1.70,1.50
2010.07.01 16:20:30.565,1.24539,1.24549,3.20,1.70
2010.07.01 16:20:33.906,1.24527,1.24539,2.50,1.50
2010.07.01 16:20:37.722,1.24526,1.24533,3.00,2.30
2010.07.01 16:20:40.945,1.24527,1.24537,1.40,1.50
2010.07.01 16:20:44.273,1.24532,1.2454,1.70,9.80
2010.07.01 16:20:49.254,1.24536,1.24543,1.50,1.40
2010.07.01 16:20:52.712,1.2454,1.24548,1.20,2.30
2010.07.01 16:20:52.939,1.24546,1.2455,1.50,3.60
2010.07.01 16:20:54.808,1.24547,1.24555,1.50,2.10
2010.07.01 16:20:57.385,1.2455,1.2456,1.40,1.50
2010.07.01 16:20:57.614,1.24553,1.24563,1.50,4.40
2010.07.01 16:21:01.563,1.24563,1.24573,1.50,1.70
2010.07.01 16:21:03.628,1.24562,1.2457,6.40,1.50
2010.07.01 16:21:06.411,1.24562,1.24569,11.20,1.40
2010.07.01 16:21:08.930,1.24563,1.24571,6.20,3.80
2010.07.01 16:21:11.429,1.24565,1.24575,2.10,2.50
2010.07.01 16:21:13.618,1.24569,1.24579,1.90,1.50
2010.07.01 16:21:16.170,1.2457,1.24578,1.60,1.30
2010.07.01 16:21:20.140,1.24566,1.2457,2.50,4.20
2010.07.01 16:21:22.762,1.24557,1.24564,3.00,4.00
2010.07.01 16:21:25.651,1.24548,1.24558,3.00,7.20
2010.07.01 16:21:28.058,1.24541,1.24551,1.50,2.90
2010.07.01 16:21:30.959,1.24533,1.24543,1.50,1.70
2010.07.01 16:21:31.070,1.24525,1.24535,1.50,3.60
2010.07.01 16:21:32.192,1.24516,1.24526,1.50,3.20
2010.07.01 16:21:34.578,1.24514,1.24522,1.50,1.20
2010.07.01 16:21:36.980,1.24516,1.24524,1.50,2.30
2010.07.01 16:21:39.469,1.24519,1.24531,1.70,4.00
2010.07.01 16:21:41.837,1.24523,1.24533,3.00,4.50
2010.07.01 16:21:43.097,1.24526,1.24534,1.50,1.70
2010.07.01 16:21:44.365,1.24528,1.24537,1.90,2.10
2010.07.01 16:21:46.449,1.2453,1.24537,3.00,1.20
2010.07.01 16:21:47.334,1.2453,1.24539,1.70,17.90
2010.07.01 16:21:52.172,1.24531,1.24541,1.50,1.50
2010.07.01 16:21:55.446,1.24535,1.2454,2.70,3.60
2010.07.01 16:21:56.198,1.24533,1.24543,1.50,8.50
2010.07.01 16:22:03.585,1.24525,1.24537,7.90,1.90
2010.07.01 16:22:13.413,1.24527,1.24537,1.70,1.50
2010.07.01 16:22:16.217,1.24531,1.24543,1.50,3.20
2010.07.01 16:22:18.287,1.24536,1.24548,1.50,3.80
2010.07.01 16:22:21.584,1.24544,1.24554,3.60,2.70
2010.07.01 16:22:28.652,1.24545,1.24557,1.50,45.60
2010.07.01 16:22:28.983,1.24538,1.24546,1.70,1.50
2010.07.01 16:22:31.864,1.24528,1.24538,2.10,2.50
2010.07.01 16:22:35.190,1.24518,1.24526,1.50,3.20
2010.07.01 16:22:40.532,1.24509,1.24515,2.30,2.70
2010.07.01 16:22:42.735,1.24496,1.24506,1.50,5.10
2010.07.01 16:22:46.345,1.24487,1.24496,7.20,4.70
2010.07.01 16:22:46.975,1.24483,1.24495,1.50,1.50
2010.07.01 16:22:48.361,1.24489,1.24499,4.70,9.00
2010.07.01 16:22:50.350,1.24497,1.24505,1.50,1.50
2010.07.01 16:22:52.973,1.24503,1.24513,2.50,1.90
2010.07.01 16:22:55.617,1.24509,1.24516,1.70,1.50
2010.07.01 16:22:55.851,1.24514,1.24518,2.30,2.50
2010.07.01 16:22:56.832,1.24513,1.24523,5.30,0.50
2010.07.01 16:22:57.963,1.24514,1.24522,3.20,2.60
2010.07.01 16:23:02.640,1.24501,1.24511,3.20,2.30
2010.07.01 16:23:04.848,1.24495,1.24507,4.70,1.20
2010.07.01 16:23:05.192,1.2449,1.24497,1.40,2.30
2010.07.01 16:23:09.910,1.2448,1.24491,3.40,1.40
2010.07.01 16:23:13.479,1.24477,1.24483,1.50,3.60
2010.07.01 16:23:13.921,1.24475,1.24483,1.50,1.50
2010.07.01 16:23:16.011,1.24478,1.2449,2.50,3.00
2010.07.01 16:23:18.103,1.24487,1.24497,12.30,1.50
2010.07.01 16:23:20.452,1.24493,1.24503,2.10,1.70
2010.07.01 16:23:22.610,1.24498,1.24508,1.70,1.90
2010.07.01 16:23:24.972,1.24501,1.24512,3.80,1.50
2010.07.01 16:23:28.040,1.24503,1.24513,1.50,1.90
2010.07.01 16:23:31.433,1.24507,1.24517,3.40,1.50
2010.07.01 16:23:33.887,1.24514,1.2452,2.10,1.50
2010.07.01 16:23:36.042,1.24518,1.24526,1.50,1.50
2010.07.01 16:23:38.075,1.24518,1.24526,2.30,4.00
2010.07.01 16:23:40.223,1.24512,1.24521,2.30,3.00
2010.07.01 16:23:42.337,1.24505,1.24515,3.80,4.90
2010.07.01 16:23:43.260,1.24501,1.24506,13.60,1.90
2010.07.01 16:23:45.442,1.24495,1.24505,1.50,1.90
2010.07.01 16:23:47.552,1.24492,1.245,3.40,2.50
2010.07.01 16:23:49.990,1.2449,1.245,2.30,1.70
2010.07.01 16:23:52.190,1.24488,1.24498,2.30,1.50
2010.07.01 16:23:54.321,1.24488,1.24496,4.60,1.50
2010.07.01 16:24:03.423,1.24484,1.24494,1.50,1.20
2010.07.01 16:24:07.773,1.24481,1.24491,4.40,1.50
2010.07.01 16:24:12.532,1.2448,1.24488,2.50,3.20
2010.07.01 16:24:18.023,1.24476,1.24489,5.10,1.50
2010.07.01 16:24:20.741,1.24481,1.24485,1.50,1.50
2010.07.01 16:24:23.602,1.2448,1.2449,1.50,1.50
2010.07.01 16:24:26.374,1.24484,1.24496,2.70,1.50
2010.07.01 16:24:30.343,1.24493,1.24505,9.00,1.50
2010.07.01 16:24:30.484,1.24503,1.24513,2.10,1.70
2010.07.01 16:24:32.363,1.24506,1.24516,3.40,2.50
2010.07.01 16:24:34.592,1.24503,1.24514,3.80,1.50
2010.07.01 16:24:37.277,1.24498,1.24506,1.50,3.20
2010.07.01 16:24:39.487,1.24488,1.24498,1.50,1.70
2010.07.01 16:24:43.416,1.2448,1.2449,1.40,3.00
2010.07.01 16:24:45.893,1.24472,1.24479,3.00,1.70
2010.07.01 16:24:49.470,1.24461,1.2447,1.50,1.70
2010.07.01 16:24:49.689,1.24451,1.24457,2.90,1.20
2010.07.01 16:24:51.744,1.24439,1.24449,7.00,4.50
2010.07.01 16:24:55.290,1.24432,1.24442,3.00,1.50
2010.07.01 16:25:06.756,1.24425,1.24435,2.90,2.30
2010.07.01 16:25:07.938,1.24425,1.24435,1.50,2.10
2010.07.01 16:25:11.250,1.24423,1.24433,1.70,1.50
2010.07.01 16:25:13.786,1.24421,1.24428,24.10,1.50
2010.07.01 16:25:15.938,1.24414,1.24423,1.70,3.00
2010.07.01 16:25:19.820,1.24406,1.24416,1.80,2.70
2010.07.01 16:25:21.865,1.24397,1.24406,3.00,2.10
2010.07.01 16:25:24.656,1.24397,1.24405,1.50,2.50
2010.07.01 16:25:26.817,1.24401,1.24411,2.70,1.50
2010.07.01 16:25:29.741,1.2441,1.2442,1.50,1.70
2010.07.01 16:25:31.944,1.24423,1.24428,1.50,1.50
2010.07.01 16:25:33.516,1.24433,1.24441,1.70,2.30
2010.07.01 16:25:35.580,1.24442,1.24451,1.50,1.90
2010.07.01 16:25:37.657,1.24447,1.24457,1.50,4.20
2010.07.01 16:25:40.047,1.24447,1.24457,2.10,1.50
2010.07.01 16:25:42.496,1.24445,1.24452,1.50,1.50
2010.07.01 16:25:46.105,1.24439,1.24449,3.00,1.50
2010.07.01 16:25:49.159,1.24437,1.24444,3.20,6.20
2010.07.01 16:25:51.174,1.24431,1.24441,1.30,4.20
2010.07.01 16:25:53.338,1.24429,1.24436,2.90,1.50
2010.07.01 16:25:55.124,1.24428,1.24437,2.30,1.50
2010.07.01 16:25:57.726,1.24426,1.24436,1.50,1.50
2010.07.01 16:26:00.823,1.24416,1.24426,2.30,2.70
2010.07.01 16:26:03.264,1.24419,1.24428,5.30,1.90
2010.07.01 16:26:05.312,1.24422,1.24431,1.50,1.50
2010.07.01 16:26:06.392,1.24428,1.24434,1.50,2.90
2010.07.01 16:26:08.319,1.24431,1.2444,1.50,1.50
2010.07.01 16:26:11.269,1.24438,1.24446,1.20,24.30
2010.07.01 16:26:13.505,1.24439,1.24449,1.90,1.70
2010.07.01 16:26:16.562,1.24436,1.24444,1.50,2.50
2010.07.01 16:26:22.134,1.24428,1.24438,6.80,2.50
2010.07.01 16:26:25.939,1.2442,1.2443,1.50,3.20
2010.07.01 16:26:29.472,1.24414,1.24423,5.70,1.50
2010.07.01 16:26:29.943,1.24405,1.24414,1.70,1.70
2010.07.01 16:26:32.181,1.24397,1.24405,1.50,5.30
2010.07.01 16:26:34.443,1.24386,1.24396,1.50,3.60
2010.07.01 16:26:39.946,1.24378,1.24388,1.90,1.20
2010.07.01 16:26:42.634,1.24373,1.24387,3.40,1.50
2010.07.01 16:26:43.976,1.24381,1.24389,1.70,2.90
2010.07.01 16:26:48.411,1.2439,1.24398,5.70,1.50
2010.07.01 16:26:51.631,1.24403,1.24408,1.20,3.40
2010.07.01 16:26:55.992,1.24411,1.2442,3.00,1.50
2010.07.01 16:26:56.219,1.24423,1.24428,2.50,3.00
2010.07.01 16:26:56.725,1.24429,1.24437,1.20,1.90
2010.07.01 16:27:03.991,1.24419,1.24427,4.50,1.90
2010.07.01 16:27:06.150,1.24423,1.24433,1.70,2.90
2010.07.01 16:27:09.393,1.24429,1.24439,9.00,2.50
2010.07.01 16:27:11.442,1.24438,1.24447,1.90,1.50
2010.07.01 16:27:13.707,1.24447,1.24453,2.70,1.90
2010.07.01 16:27:15.731,1.24453,1.24465,1.50,3.60
2010.07.01 16:27:18.002,1.24458,1.24466,1.70,3.00
2010.07.01 16:27:21.065,1.24454,1.24461,1.50,3.00
2010.07.01 16:27:23.071,1.24446,1.24455,1.50,1.50
2010.07.01 16:27:23.402,1.2444,1.24446,1.70,3.00
2010.07.01 16:27:24.143,1.24431,1.24439,3.60,35.80
2010.07.01 16:27:25.401,1.24422,1.2443,2.30,1.70
2010.07.01 16:27:26.423,1.24413,1.24423,1.90,1.50
2010.07.01 16:27:28.603,1.24406,1.24416,2.50,2.30
2010.07.01 16:27:30.682,1.24404,1.24412,2.70,1.50
2010.07.01 16:27:33.210,1.24408,1.24416,1.50,1.50
2010.07.01 16:27:35.481,1.24413,1.24422,2.50,1.50
2010.07.01 16:27:37.587,1.24417,1.24427,19.70,3.60
2010.07.01 16:27:42.870,1.24423,1.2443,2.50,1.50
2010.07.01 16:27:43.972,1.24425,1.24437,1.50,3.40
2010.07.01 16:27:46.082,1.24428,1.24436,3.00,3.60
2010.07.01 16:27:48.188,1.24429,1.24439,2.70,1.50
2010.07.01 16:27:50.312,1.2443,1.24441,20.00,1.50
2010.07.01 16:27:52.522,1.24431,1.24442,1.70,1.50
2010.07.01 16:27:55.403,1.24432,1.24443,1.50,1.50
2010.07.01 16:27:57.703,1.24433,1.24443,1.50,3.20
2010.07.01 16:28:08.246,1.24411,1.24421,2.30,3.20
2010.07.01 16:28:12.124,1.24404,1.24414,1.20,2.50
2010.07.01 16:28:14.354,1.24396,1.24405,1.90,1.50
2010.07.01 16:28:16.433,1.24389,1.24397,1.50,1.70
2010.07.01 16:28:18.794,1.24378,1.24386,2.10,1.70
2010.07.01 16:28:23.312,1.24369,1.24378,2.30,3.40
2010.07.01 16:28:25.520,1.24368,1.24378,4.50,2.30
2010.07.01 16:28:26.025,1.24381,1.24389,6.60,3.40
2010.07.01 16:28:30.396,1.24395,1.24405,1.50,4.70
2010.07.01 16:28:37.375,1.2441,1.24422,1.30,1.50
2010.07.01 16:28:39.663,1.24426,1.24438,2.30,2.50
2010.07.01 16:28:41.867,1.24433,1.24445,1.70,1.50
2010.07.01 16:28:43.224,1.24431,1.24441,2.30,3.00
2010.07.01 16:28:44.075,1.24425,1.24437,1.50,1.50
2010.07.01 16:28:49.316,1.24418,1.24428,3.20,1.90
2010.07.01 16:28:53.469,1.24409,1.24421,1.90,1.50
2010.07.01 16:28:54.031,1.24404,1.24414,2.30,1.10
2010.07.01 16:28:57.094,1.244,1.24411,3.80,1.50
2010.07.01 16:28:57.215,1.24397,1.24409,2.30,3.00
2010.07.01 16:29:00.645,1.24419,1.24429,2.50,1.50
2010.07.01 16:29:02.723,1.24412,1.24422,3.00,1.50
2010.07.01 16:29:04.935,1.24404,1.24414,2.10,1.70
2010.07.01 16:29:07.448,1.24397,1.24405,1.50,1.50
2010.07.01 16:29:09.463,1.24389,1.24399,2.90,8.70
2010.07.01 16:29:11.926,1.2438,1.24392,4.20,1.20
2010.07.01 16:29:14.716,1.24375,1.24386,3.40,1.50
2010.07.01 16:29:17.165,1.24374,1.24386,2.30,2.60
2010.07.01 16:29:19.684,1.24384,1.24394,1.50,4.20
2010.07.01 16:29:21.725,1.24394,1.24404,4.50,1.50
2010.07.01 16:29:23.976,1.24403,1.24415,1.50,2.70
2010.07.01 16:29:26.082,1.24413,1.24425,2.50,3.00
2010.07.01 16:29:26.584,1.24422,1.24432,1.90,3.00
2010.07.01 16:29:28.956,1.24424,1.24434,1.60,4.20
2010.07.01 16:29:29.898,1.24421,1.24426,3.00,2.90
2010.07.01 16:29:31.035,1.24409,1.24421,4.50,3.80
2010.07.01 16:29:33.064,1.24403,1.24413,2.30,1.90
2010.07.01 16:29:34.605,1.24399,1.24411,4.40,1.50
2010.07.01 16:29:36.804,1.24395,1.24407,1.50,1.50
2010.07.01 16:29:38.865,1.24394,1.24406,2.30,1.50
2010.07.01 16:29:41.006,1.24394,1.24404,2.30,1.50
2010.07.01 16:29:43.314,1.24392,1.24403,2.00,2.00
2010.07.01 16:29:49.511,1.24393,1.24405,1.50,2.30
2010.07.01 16:29:55.676,1.24394,1.24406,5.90,4.40
2010.07.01 16:30:02.667,1.24384,1.24392,1.60,2.30
2010.07.01 16:30:04.756,1.24378,1.24391,2.50,1.50
2010.07.01 16:30:06.796,1.24377,1.24383,1.70,1.50
2010.07.01 16:30:08.885,1.24374,1.24383,2.10,2.10
2010.07.01 16:30:11.357,1.24374,1.24382,1.50,2.30
2010.07.01 16:30:13.383,1.24375,1.24384,3.40,1.70
2010.07.01 16:30:15.903,1.24379,1.24391,3.00,3.00
2010.07.01 16:30:18.305,1.24387,1.24397,1.50,3.80
2010.07.01 16:30:18.634,1.24396,1.24404,4.50,2.30
2010.07.01 16:30:20.636,1.24406,1.2441,1.50,1.50
2010.07.01 16:30:22.817,1.24405,1.24409,1.50,2.70
2010.07.01 16:30:25.866,1.24388,1.244,1.30,1.70
2010.07.01 16:30:27.007,1.24375,1.24382,12.30,1.50
2010.07.01 16:30:29.156,1.24359,1.24364,2.50,1.50
2010.07.01 16:30:32.595,1.2434,1.24349,2.30,6.10
2010.07.01 16:30:36.565,1.24322,1.24336,4.50,5.30
2010.07.01 16:30:36.893,1.2431,1.24322,5.10,1.50
2010.07.01 16:30:39.937,1.24309,1.24317,1.70,2.30
2010.07.01 16:30:41.856,1.24313,1.24323,1.90,3.00
2010.07.01 16:30:45.035,1.24321,1.24331,1.50,1.50
2010.07.01 16:30:47.226,1.24332,1.24341,3.80,14.00
2010.07.01 16:30:49.886,1.24342,1.24347,1.60,1.70
2010.07.01 16:30:52.097,1.24347,1.24356,1.70,2.30
2010.07.01 16:30:54.537,1.24351,1.24364,2.30,3.60
2010.07.01 16:30:54.943,1.2436,1.24365,1.50,1.50
2010.07.01 16:30:55.275,1.24362,1.24372,1.50,3.00
2010.07.01 16:30:59.726,1.24364,1.24372,29.00,1.50
2010.07.01 16:31:02.355,1.24363,1.24373,3.00,2.50
2010.07.01 16:31:24.965,1.24382,1.24392,1.70,1.50
2010.07.01 16:31:25.802,1.24382,1.2439,7.00,1.20
2010.07.01 16:31:28.629,1.24356,1.24366,1.40,10.50
2010.07.01 16:31:41.253,1.24339,1.24349,5.50,2.40
2010.07.01 16:31:43.370,1.24345,1.24355,4.90,1.70
2010.07.01 16:31:47.098,1.24355,1.24366,2.50,1.50
2010.07.01 16:31:49.224,1.24367,1.2438,1.50,4.70
2010.07.01 16:31:51.964,1.24382,1.24389,2.30,1.50
2010.07.01 16:31:56.802,1.24388,1.24398,1.50,1.50
2010.07.01 16:32:02.376,1.24396,1.24404,1.40,1.50
2010.07.01 16:32:05.420,1.24399,1.24406,8.10,2.30
2010.07.01 16:32:13.049,1.244,1.24409,2.70,1.70
2010.07.01 16:32:17.499,1.24401,1.24411,4.00,1.50
2010.07.01 16:32:21.550,1.24406,1.24416,1.50,3.40
2010.07.01 16:32:23.960,1.2441,1.2442,2.30,1.50
2010.07.01 16:32:26.283,1.2441,1.2442,1.50,4.00
2010.07.01 16:32:28.341,1.24404,1.24416,1.20,3.00
2010.07.01 16:32:32.478,1.24398,1.24408,2.30,2.30
2010.07.01 16:32:34.848,1.24391,1.24399,1.50,2.50
2010.07.01 16:32:35.143,1.24387,1.24395,3.80,1.50
2010.07.01 16:32:35.477,1.24378,1.24388,1.50,2.50
2010.07.01 16:32:38.197,1.2437,1.24382,1.90,1.20
2010.07.01 16:32:40.216,1.24363,1.24373,3.60,3.00
2010.07.01 16:32:40.989,1.24356,1.24364,1.50,3.80
2010.07.01 16:32:43.180,1.24351,1.24361,1.50,1.70
2010.07.01 16:32:48.868,1.24351,1.24363,1.50,2.70
2010.07.01 16:32:50.958,1.24356,1.24365,3.00,7.20
2010.07.01 16:32:51.217,1.2436,1.2437,8.90,4.40
2010.07.01 16:32:53.108,1.24363,1.24372,1.90,2.90
2010.07.01 16:32:55.529,1.24363,1.24372,3.00,2.70
2010.07.01 16:32:58.421,1.24364,1.24374,2.70,1.50
2010.07.01 16:33:01.856,1.24396,1.24406,2.30,2.50
2010.07.01 16:33:04.706,1.24398,1.24407,4.70,7.50
2010.07.01 16:33:07.243,1.244,1.24409,3.40,3.00
2010.07.01 16:33:09.445,1.24405,1.24414,1.70,1.50
2010.07.01 16:33:11.721,1.24409,1.24419,1.50,2.30
2010.07.01 16:33:14.704,1.24416,1.24425,3.10,2.70
2010.07.01 16:33:16.735,1.24418,1.24428,1.50,1.50
2010.07.01 16:33:18.843,1.24413,1.24421,1.70,1.50
2010.07.01 16:33:21.144,1.24405,1.24417,1.50,4.20
2010.07.01 16:33:25.724,1.24401,1.24411,1.50,3.00
2010.07.01 16:33:28.795,1.24396,1.24407,1.90,1.50
2010.07.01 16:33:30.894,1.24393,1.24401,6.80,1.20
2010.07.01 16:33:32.974,1.24388,1.24395,1.70,1.50
2010.07.01 16:33:35.012,1.2438,1.24392,1.50,1.70
2010.07.01 16:33:37.712,1.24376,1.24384,1.50,4.90
2010.07.01 16:33:39.713,1.24372,1.24384,1.50,4.40
2010.07.01 16:33:41.854,1.24377,1.24388,3.80,1.20
2010.07.01 16:33:43.884,1.24385,1.24395,2.30,6.10
2010.07.01 16:33:48.392,1.24394,1.24398,1.50,1.20
2010.07.01 16:33:48.504,1.24395,1.24406,3.00,3.60
2010.07.01 16:33:50.313,1.24401,1.2441,4.70,3.80
2010.07.01 16:33:52.364,1.24403,1.24413,5.60,1.50
2010.07.01 16:33:54.472,1.24405,1.24413,1.50,1.70
2010.07.01 16:34:01.212,1.24407,1.24415,2.30,3.20
2010.07.01 16:34:03.378,1.24407,1.24418,2.60,1.50
2010.07.01 16:34:04.974,1.24412,1.24417,5.10,1.90
2010.07.01 16:34:07.209,1.24409,1.24422,1.50,3.20
2010.07.01 16:34:09.251,1.24413,1.24422,3.40,1.70
2010.07.01 16:34:10.112,1.24413,1.24423,1.40,1.80
2010.07.01 16:34:12.169,1.24415,1.24424,2.50,2.30
2010.07.01 16:34:14.622,1.24416,1.24426,5.90,4.40
2010.07.01 16:34:16.730,1.24415,1.24424,1.70,2.10
2010.07.01 16:34:18.755,1.24412,1.24424,3.00,4.40
2010.07.01 16:34:21.671,1.24408,1.24417,8.30,1.90
2010.07.01 16:34:23.241,1.24403,1.24412,1.50,1.90
2010.07.01 16:34:25.452,1.24393,1.24404,1.50,4.70
2010.07.01 16:34:28.230,1.24387,1.24396,1.50,1.50
2010.07.01 16:34:30.450,1.24386,1.24394,1.60,2.50
2010.07.01 16:34:32.951,1.24391,1.24399,2.50,1.20
2010.07.01 16:34:33.031,1.24399,1.24408,3.80,7.70
2010.07.01 16:34:36.980,1.24404,1.24416,1.50,1.50
2010.07.01 16:34:39.059,1.24412,1.24422,3.60,1.50
2010.07.01 16:34:41.391,1.24416,1.24426,2.50,1.70
2010.07.01 16:34:44.567,1.24421,1.24433,3.40,3.80
2010.07.01 16:34:45.012,1.24427,1.24437,1.50,4.50
2010.07.01 16:34:48.057,1.24432,1.24442,1.50,1.20
2010.07.01 16:34:48.279,1.24438,1.24445,1.50,3.60
2010.07.01 16:34:50.991,1.24443,1.24451,1.90,4.50
2010.07.01 16:34:52.999,1.2445,1.24459,1.70,1.90
2010.07.01 16:34:55.587,1.24457,1.24467,5.30,2.30
2010.07.01 16:34:57.589,1.24461,1.24471,6.60,5.10
2010.07.01 16:35:01.246,1.24463,1.24473,1.50,1.50
2010.07.01 16:35:01.907,1.24459,1.24469,1.50,2.30
2010.07.01 16:35:04.643,1.2446,1.24467,2.50,2.30
2010.07.01 16:35:07.986,1.24457,1.2447,1.30,3.20
2010.07.01 16:35:08.098,1.24462,1.24473,1.90,1.50
2010.07.01 16:35:10.098,1.24469,1.24478,1.70,1.60
2010.07.01 16:35:12.277,1.24475,1.24485,1.70,1.50
2010.07.01 16:35:14.883,1.24477,1.24487,4.50,1.90
2010.07.01 16:35:16.978,1.24472,1.24482,1.50,4.00
2010.07.01 16:35:21.200,1.24465,1.24475,4.90,1.50
2010.07.01 16:35:22.384,1.24458,1.24467,5.50,2.30
2010.07.01 16:35:23.046,1.24452,1.24457,2.30,2.50
2010.07.01 16:35:28.698,1.24442,1.24452,3.40,1.50
2010.07.01 16:35:31.508,1.24437,1.24442,5.50,2.70
2010.07.01 16:35:33.229,1.24427,1.24437,6.00,4.50
2010.07.01 16:35:36.168,1.24418,1.24428,1.50,5.70
2010.07.01 16:35:38.328,1.24407,1.24417,3.40,1.50
2010.07.01 16:35:40.508,1.24399,1.24409,3.40,4.90
2010.07.01 16:35:43.169,1.24395,1.24405,1.50,1.70
2010.07.01 16:35:45.332,1.24401,1.24409,3.40,1.50
2010.07.01 16:35:47.539,1.24409,1.24419,13.90,1.40
2010.07.01 16:35:47.855,1.24418,1.24425,1.70,17.90
2010.07.01 16:35:48.404,1.24423,1.24436,1.50,1.50
2010.07.01 16:35:48.894,1.24431,1.24439,1.70,1.90
2010.07.01 16:35:49.013,1.24434,1.24442,1.50,1.50
2010.07.01 16:35:51.190,1.24435,1.24445,2.50,2.50
2010.07.01 16:35:53.132,1.24434,1.24443,1.60,3.60
2010.07.01 16:35:55.547,1.24433,1.24441,1.50,1.50
2010.07.01 16:35:57.694,1.24427,1.24438,1.50,3.40
2010.07.01 16:35:58.246,1.24421,1.24433,3.20,1.90
2010.07.01 16:35:58.845,1.2442,1.24428,4.20,1.50
2010.07.01 16:36:03.441,1.24432,1.24444,3.80,2.70
2010.07.01 16:36:05.454,1.24432,1.2444,1.20,1.20
2010.07.01 16:36:07.954,1.2443,1.24441,3.20,1.90
2010.07.01 16:36:10.070,1.24432,1.24442,1.20,1.50
2010.07.01 16:36:12.320,1.24436,1.24446,3.00,1.50
2010.07.01 16:36:12.799,1.24443,1.24451,1.70,1.50
2010.07.01 16:36:13.248,1.2445,1.24458,1.70,1.50
2010.07.01 16:36:14.846,1.24457,1.24465,2.70,1.70
2010.07.01 16:36:15.098,1.24458,1.2447,3.80,7.00
2010.07.01 16:36:17.301,1.24459,1.24464,2.10,2.10
2010.07.01 16:36:18.183,1.24454,1.24461,2.70,2.50
2010.07.01 16:36:19.993,1.24445,1.24459,1.50,3.60
2010.07.01 16:36:22.093,1.2444,1.24454,1.90,1.50
2010.07.01 16:36:24.302,1.24436,1.24445,1.70,1.50
2010.07.01 16:36:24.416,1.24432,1.24439,1.70,1.50
2010.07.01 16:36:25.810,1.24426,1.24436,1.30,1.70
2010.07.01 16:36:29.849,1.24421,1.24432,1.50,1.50
2010.07.01 16:36:32.462,1.24418,1.24426,1.50,2.50
2010.07.01 16:36:34.598,1.2441,1.24423,8.30,1.50
2010.07.01 16:36:35.982,1.24407,1.24417,3.00,2.50
2010.07.01 16:36:38.422,1.24403,1.24413,1.50,1.50
2010.07.01 16:36:40.672,1.24403,1.24413,3.00,2.30
2010.07.01 16:36:42.696,1.2441,1.24418,2.90,3.00
2010.07.01 16:36:42.926,1.24417,1.24424,1.50,1.70
2010.07.01 16:36:44.426,1.24421,1.24433,1.50,2.50
2010.07.01 16:36:44.545,1.24427,1.24437,1.50,3.40
2010.07.01 16:36:47.683,1.2443,1.24443,1.70,1.50
2010.07.01 16:36:48.111,1.24435,1.2444,1.70,2.50
2010.07.01 16:36:48.330,1.24434,1.24444,3.00,5.10
2010.07.01 16:36:48.663,1.24437,1.24447,1.70,1.50
2010.07.01 16:36:50.824,1.24438,1.24448,1.50,1.70
2010.07.01 16:36:55.431,1.2444,1.2445,1.50,2.90
2010.07.01 16:36:58.103,1.24444,1.24452,1.70,4.00
2010.07.01 16:37:00.773,1.2445,1.2446,1.50,1.50
2010.07.01 16:37:04.626,1.24457,1.24465,4.50,1.40
2010.07.01 16:37:07.223,1.24465,1.24475,1.90,3.20
2010.07.01 16:37:09.264,1.24474,1.24481,1.50,1.50
2010.07.01 16:37:11.233,1.24478,1.24483,2.10,1.50
2010.07.01 16:37:11.454,1.24469,1.24479,3.00,4.50
2010.07.01 16:37:13.560,1.2446,1.2447,2.30,1.70
2010.07.01 16:37:15.663,1.2445,1.24458,1.50,1.70
2010.07.01 16:37:18.471,1.24438,1.24448,2.50,3.20
2010.07.01 16:37:23.995,1.24427,1.24438,1.50,2.70
2010.07.01 16:37:28.451,1.24418,1.24428,1.70,3.00
2010.07.01 16:37:28.782,1.24413,1.24423,3.00,4.40
2010.07.01 16:37:32.614,1.24415,1.24423,2.90,1.50
2010.07.01 16:37:37.631,1.24419,1.24428,4.40,1.50
2010.07.01 16:37:37.854,1.24423,1.24433,1.50,2.50
2010.07.01 16:37:41.513,1.24428,1.24439,3.40,1.70
2010.07.01 16:37:44.123,1.24437,1.24446,2.50,4.00
2010.07.01 16:37:48.963,1.24445,1.24454,3.40,1.50
2010.07.01 16:37:51.064,1.24457,1.24461,2.30,1.50
2010.07.01 16:37:53.393,1.24461,1.24469,2.30,1.50
2010.07.01 16:38:02.629,1.24459,1.24465,3.40,1.50
2010.07.01 16:38:07.416,1.24459,1.24467,2.50,2.40
2010.07.01 16:38:17.863,1.24464,1.24473,1.50,1.90
2010.07.01 16:38:28.992,1.24467,1.24477,2.50,1.90
2010.07.01 16:38:29.220,1.24467,1.24477,1.50,3.20
2010.07.01 16:38:30.874,1.24457,1.24468,1.70,2.30
2010.07.01 16:38:30.996,1.24446,1.24456,2.50,2.30
2010.07.01 16:38:31.353,1.24432,1.24443,2.70,1.70
2010.07.01 16:38:31.574,1.2442,1.24426,7.20,4.70
2010.07.01 16:38:33.647,1.24402,1.24412,1.90,1.70
2010.07.01 16:38:37.349,1.24395,1.24405,3.80,4.90
2010.07.01 16:38:39.648,1.24396,1.24408,1.40,20.40
2010.07.01 16:38:42.198,1.24402,1.24412,1.70,3.20
2010.07.01 16:38:45.097,1.24408,1.24418,6.60,1.50
2010.07.01 16:38:47.574,1.24414,1.24424,4.20,1.50
2010.07.01 16:38:49.706,1.24418,1.24428,1.90,2.50
2010.07.01 16:38:52.498,1.24423,1.24432,3.20,3.00
2010.07.01 16:38:55.838,1.24428,1.24439,1.50,1.70
2010.07.01 16:38:58.827,1.24433,1.24441,3.80,1.10
2010.07.01 16:39:02.315,1.24426,1.24434,3.00,2.30
2010.07.01 16:39:05.004,1.24425,1.24435,2.10,1.50
2010.07.01 16:39:07.256,1.24425,1.24437,1.90,1.50
2010.07.01 16:39:09.334,1.24428,1.24437,2.30,1.70
2010.07.01 16:39:12.833,1.24431,1.2444,1.90,1.50
2010.07.01 16:39:16.366,1.24435,1.24445,1.50,1.50
2010.07.01 16:39:18.705,1.24441,1.24449,1.70,5.70
2010.07.01 16:39:21.825,1.24446,1.24456,4.50,3.20
2010.07.01 16:39:24.468,1.24449,1.24457,1.50,3.40
2010.07.01 16:39:27.027,1.24443,1.24453,1.50,1.90
2010.07.01 16:39:27.584,1.24436,1.24446,2.30,2.50
2010.07.01 16:39:29.598,1.24428,1.24437,4.50,1.40
2010.07.01 16:39:30.085,1.2442,1.24428,3.80,2.90
2010.07.01 16:39:31.623,1.2441,1.24417,2.80,2.50
2010.07.01 16:39:33.706,1.24399,1.24407,2.70,1.50
2010.07.01 16:39:35.834,1.24389,1.24398,3.00,1.20
2010.07.01 16:39:38.766,1.24385,1.24395,2.50,1.90
2010.07.01 16:39:44.226,1.24391,1.24399,1.20,1.50
2010.07.01 16:39:47.822,1.24396,1.24405,1.50,2.90
2010.07.01 16:39:48.179,1.24403,1.24409,2.30,1.50
2010.07.01 16:39:50.234,1.24403,1.24414,3.00,5.50
2010.07.01 16:39:52.395,1.24406,1.24414,1.50,2.30
2010.07.01 16:39:55.655,1.24404,1.24416,6.60,4.40
2010.07.01 16:40:02.036,1.24434,1.24446,89.90,3.80
2010.07.01 16:40:04.107,1.24435,1.24447,1.50,1.70
2010.07.01 16:40:04.395,1.24434,1.24443,1.50,1.90
2010.07.01 16:40:05.495,1.2443,1.24439,1.50,1.50
2010.07.01 16:40:07.605,1.24422,1.24433,3.80,23.40
2010.07.01 16:40:09.606,1.24416,1.24426,1.90,3.00
2010.07.01 16:40:10.224,1.24415,1.24427,1.60,1.70
2010.07.01 16:40:12.345,1.24424,1.24432,2.10,2.50
2010.07.01 16:40:22.954,1.24433,1.24443,1.50,1.50
2010.07.01 16:40:25.793,1.24445,1.24453,1.90,1.70
2010.07.01 16:40:28.156,1.24455,1.24465,5.70,1.50
2010.07.01 16:40:33.254,1.24468,1.24479,2.30,1.50
2010.07.01 16:40:35.403,1.2448,1.24491,4.00,1.50
2010.07.01 16:40:38.200,1.24485,1.24495,1.90,14.00
2010.07.01 16:40:39.376,1.24481,1.24491,1.50,1.70
2010.07.01 16:40:42.210,1.24474,1.24484,3.00,2.90
2010.07.01 16:40:44.573,1.24469,1.24479,3.20,2.30
2010.07.01 16:40:46.654,1.24467,1.24477,1.50,2.30
2010.07.01 16:40:48.222,1.24465,1.24475,2.10,1.70
2010.07.01 16:40:54.164,1.24468,1.24478,1.50,1.90
2010.07.01 16:40:56.746,1.24472,1.2448,1.70,1.50
2010.07.01 16:40:59.133,1.24473,1.24483,2.30,2.30
2010.07.01 16:41:02.218,1.24473,1.24483,1.50,1.50
2010.07.01 16:41:05.084,1.24468,1.24477,1.50,3.60
2010.07.01 16:41:07.205,1.24463,1.24473,6.60,1.50
2010.07.01 16:41:09.294,1.24454,1.24465,2.90,1.50
2010.07.01 16:41:11.411,1.24446,1.24456,1.40,6.40
2010.07.01 16:41:13.505,1.24446,1.24453,4.00,4.20
2010.07.01 16:41:15.847,1.24452,1.24462,1.50,2.50
2010.07.01 16:41:16.243,1.24463,1.24472,3.00,7.00
2010.07.01 16:41:18.531,1.24476,1.24486,1.50,3.40
2010.07.01 16:41:22.576,1.24489,1.24499,1.50,3.20
2010.07.01 16:41:24.585,1.24495,1.24505,6.10,1.30
2010.07.01 16:41:27.005,1.24493,1.24503,1.70,5.70
2010.07.01 16:41:29.155,1.24488,1.24496,1.50,8.10
2010.07.01 16:41:31.493,1.24482,1.24493,1.50,2.50
2010.07.01 16:41:33.785,1.2448,1.24488,2.70,3.20
2010.07.01 16:41:37.744,1.24475,1.24485,2.70,2.30
2010.07.01 16:41:41.934,1.24473,1.24483,1.90,6.00
2010.07.01 16:41:51.436,1.24469,1.2448,5.40,1.20
2010.07.01 16:41:53.888,1.24466,1.24473,1.50,1.50
2010.07.01 16:41:54.153,1.2446,1.24469,1.50,2.30
2010.07.01 16:41:58.636,1.24457,1.24467,4.90,1.40
2010.07.01 16:42:00.863,1.24456,1.24466,1.50,1.50
2010.07.01 16:42:04.705,1.24458,1.24469,1.50,1.90
2010.07.01 16:42:07.645,1.24463,1.24474,1.90,3.20
2010.07.01 16:42:10.322,1.24468,1.2448,1.50,1.50
2010.07.01 16:42:14.061,1.24478,1.24486,2.10,1.50
2010.07.01 16:42:16.443,1.24484,1.24494,4.50,5.70
2010.07.01 16:42:18.631,1.24487,1.24495,3.00,1.40
2010.07.01 16:42:23.672,1.2448,1.24489,4.40,1.50
2010.07.01 16:42:25.694,1.24469,1.24481,1.20,4.40
2010.07.01 16:42:29.013,1.24458,1.24472,2.50,2.40
2010.07.01 16:42:31.105,1.24454,1.24464,13.50,1.50
2010.07.01 16:42:33.802,1.24453,1.24463,2.70,1.70
2010.07.01 16:42:35.961,1.24456,1.24464,1.50,4.20
2010.07.01 16:42:36.292,1.2446,1.24467,2.10,1.70
2010.07.01 16:42:38.014,1.24462,1.24474,1.50,1.50
2010.07.01 16:42:40.270,1.24466,1.24478,2.30,1.90
2010.07.01 16:42:43.892,1.24469,1.24479,1.70,4.00
2010.07.01 16:42:54.001,1.24472,1.2448,3.20,1.50
2010.07.01 16:42:54.882,1.24472,1.24482,1.50,3.00
2010.07.01 16:42:57.093,1.24473,1.24483,2.70,1.50
2010.07.01 16:43:06.060,1.24467,1.24477,3.00,4.50
2010.07.01 16:43:08.441,1.2447,1.24479,1.50,3.40
2010.07.01 16:43:10.768,1.24473,1.24478,1.70,1.50
2010.07.01 16:43:12.780,1.24471,1.24479,1.50,1.50
2010.07.01 16:43:15.300,1.24468,1.24476,1.70,4.20
2010.07.01 16:43:18.309,1.24462,1.2447,1.50,3.50
2010.07.01 16:43:19.018,1.24454,1.24464,2.10,1.70
2010.07.01 16:43:20.365,1.24454,1.24462,1.70,1.50
2010.07.01 16:43:24.277,1.24457,1.24467,1.20,3.00
2010.07.01 16:43:25.688,1.24463,1.24475,1.70,1.50
2010.07.01 16:43:27.099,1.24473,1.24481,1.50,1.70
2010.07.01 16:43:30.348,1.24482,1.24493,1.20,1.50
2010.07.01 16:43:32.681,1.24493,1.24501,1.50,1.70
2010.07.01 16:43:38.688,1.24497,1.24504,4.70,5.70
2010.07.01 16:43:40.363,1.24492,1.24501,1.90,1.50
2010.07.01 16:43:42.529,1.24485,1.24496,3.40,1.50
2010.07.01 16:43:44.940,1.24481,1.24491,3.40,1.50
2010.07.01 16:43:48.169,1.2448,1.24488,4.90,3.40
2010.07.01 16:43:50.679,1.24479,1.24487,5.30,2.50
2010.07.01 16:43:53.590,1.24479,1.2449,1.50,1.50
2010.07.01 16:43:55.836,1.24481,1.24491,1.90,1.50
2010.07.01 16:43:58.775,1.24484,1.24492,1.80,1.50
2010.07.01 16:44:02.006,1.24488,1.24496,5.10,5.10
2010.07.01 16:44:04.476,1.24492,1.24498,1.50,1.50
2010.07.01 16:44:06.825,1.24495,1.24505,1.70,1.50
2010.07.01 16:44:09.298,1.24501,1.2451,2.70,2.50
2010.07.01 16:44:13.430,1.24509,1.24518,3.00,1.70
2010.07.01 16:44:15.479,1.24516,1.24524,3.00,2.50
2010.07.01 16:44:22.265,1.24517,1.24527,1.50,1.50
2010.07.01 16:44:24.577,1.24516,1.24523,1.50,3.20
2010.07.01 16:44:26.758,1.24509,1.24517,4.50,1.90
2010.07.01 16:44:28.796,1.24503,1.24513,4.40,3.00
2010.07.01 16:44:31.431,1.24498,1.24507,2.10,2.30
2010.07.01 16:44:32.815,1.24495,1.24502,1.50,3.00
2010.07.01 16:44:34.843,1.24489,1.24497,1.50,2.50
2010.07.01 16:44:36.643,1.24484,1.24488,2.70,2.70
2010.07.01 16:44:38.888,1.24475,1.24481,1.50,1.40
2010.07.01 16:44:40.903,1.24466,1.24474,2.50,1.50
2010.07.01 16:44:43.723,1.24466,1.2447,1.50,2.10
2010.07.01 16:44:44.519,1.24466,1.24472,2.50,1.50
2010.07.01 16:44:47.049,1.24469,1.24478,7.50,2.30
2010.07.01 16:44:49.140,1.2447,1.24481,3.60,1.50
2010.07.01 16:44:52.725,1.24472,1.24481,1.50,2.90
2010.07.01 16:44:52.948,1.2447,1.2448,1.50,1.70
2010.07.01 16:44:56.100,1.24468,1.24476,1.40,2.30
2010.07.01 16:44:58.427,1.24468,1.24475,1.50,5.30
2010.07.01 16:45:02.994,1.24473,1.24483,1.50,2.50
2010.07.01 16:45:03.906,1.24473,1.2448,1.50,1.40
2010.07.01 16:45:05.171,1.24465,1.24476,1.50,4.70
2010.07.01 16:45:05.634,1.24461,1.2447,3.00,1.40
2010.07.01 16:45:07.739,1.24454,1.24461,3.20,2.30
2010.07.01 16:45:09.857,1.24447,1.24453,2.30,1.40
2010.07.01 16:45:10.474,1.24443,1.24451,2.70,1.70
2010.07.01 16:45:13.380,1.24445,1.24453,1.50,2.30
2010.07.01 16:45:15.503,1.24448,1.24458,2.30,1.50
2010.07.01 16:45:15.611,1.24451,1.24462,3.40,1.50
2010.07.01 16:45:17.651,1.24456,1.24466,5.30,2.50
2010.07.01 16:45:19.016,1.24462,1.24469,1.50,1.50
2010.07.01 16:45:19.133,1.24466,1.24473,3.40,1.40
2010.07.01 16:45:20.497,1.24472,1.24476,1.20,1.90
2010.07.01 16:45:22.563,1.24474,1.24484,1.50,3.00
2010.07.01 16:45:24.675,1.24479,1.24488,1.50,1.70
2010.07.01 16:45:26.781,1.24482,1.24493,1.50,2.30
2010.07.01 16:45:27.424,1.24488,1.24496,2.70,3.20
2010.07.01 16:45:28.809,1.2449,1.24498,4.00,3.40
2010.07.01 16:45:31.046,1.24486,1.24495,2.50,4.50
2010.07.01 16:45:33.075,1.24483,1.24491,1.70,1.50
2010.07.01 16:45:35.333,1.24479,1.24485,1.50,3.40
2010.07.01 16:45:35.442,1.24472,1.24486,3.20,6.20
2010.07.01 16:45:35.662,1.24473,1.24484,2.30,1.50
2010.07.01 16:45:37.792,1.24471,1.24482,3.20,2.30
2010.07.01 16:45:41.414,1.24469,1.24481,1.50,1.70
2010.07.01 16:45:44.163,1.24469,1.24476,1.50,2.10
2010.07.01 16:45:48.791,1.24465,1.24474,1.50,1.90
2010.07.01 16:45:51.576,1.24459,1.2447,2.10,3.00
2010.07.01 16:45:55.992,1.24453,1.24463,1.50,2.10
2010.07.01 16:45:57.595,1.24449,1.24459,1.50,3.60
2010.07.01 16:46:05.726,1.24454,1.24462,1.50,1.50
2010.07.01 16:46:07.896,1.24454,1.2446,1.50,1.50
2010.07.01 16:46:08.006,1.24451,1.24462,1.40,1.50
2010.07.01 16:46:10.025,1.24452,1.24461,3.80,1.50
2010.07.01 16:46:14.425,1.24455,1.24464,2.50,1.50
2010.07.01 16:46:14.958,1.24457,1.24471,1.50,1.50
2010.07.01 16:46:15.396,1.24466,1.24478,3.60,1.50
2010.07.01 16:46:20.646,1.24474,1.24484,1.50,1.70
2010.07.01 16:46:23.246,1.24475,1.24485,2.30,1.50
2010.07.01 16:46:25.597,1.24467,1.24474,3.20,2.70
2010.07.01 16:46:27.617,1.24454,1.24463,7.00,1.20
2010.07.01 16:46:29.647,1.24442,1.24447,2.10,1.50
2010.07.01 16:46:32.648,1.24425,1.24436,3.60,1.70
2010.07.01 16:46:35.409,1.24413,1.24421,2.70,1.50
2010.07.01 16:46:35.886,1.24401,1.24411,1.70,4.60
2010.07.01 16:46:37.928,1.24397,1.24407,1.40,6.40
2010.07.01 16:46:40.587,1.24403,1.24412,1.90,1.50
2010.07.01 16:46:42.656,1.24411,1.24423,4.80,4.30
2010.07.01 16:46:45.056,1.2442,1.2443,1.50,2.70
2010.07.01 16:46:47.783,1.24426,1.24436,4.50,2.70
2010.07.01 16:46:48.255,1.24431,1.24441,1.70,3.80
2010.07.01 16:46:50.845,1.24433,1.24443,1.50,1.50
2010.07.01 16:46:52.858,1.24433,1.24444,1.70,1.50
2010.07.01 16:46:56.358,1.24435,1.24445,4.40,1.50
2010.07.01 16:47:06.655,1.2442,1.2443,2.30,1.50
2010.07.01 16:47:09.487,1.24413,1.24424,3.40,2.30
2010.07.01 16:47:14.124,1.24405,1.24416,1.50,1.20
2010.07.01 16:47:16.756,1.24396,1.24407,5.30,5.10
2010.07.01 16:47:19.272,1.24396,1.24404,1.50,4.20
2010.07.01 16:47:22.286,1.24402,1.24412,2.30,3.40
2010.07.01 16:47:24.576,1.2441,1.2442,1.50,2.70
2010.07.01 16:47:26.726,1.24421,1.2443,1.70,1.50
2010.07.01 16:47:32.055,1.2443,1.24442,3.80,4.00
2010.07.01 16:47:36.554,1.24443,1.24452,1.50,4.90
2010.07.01 16:47:40.511,1.24454,1.24462,1.30,1.50
2010.07.01 16:47:40.630,1.24463,1.24472,1.70,2.50
2010.07.01 16:47:42.703,1.24466,1.24478,5.70,1.50
2010.07.01 16:47:43.150,1.24468,1.24474,2.30,2.70
2010.07.01 16:47:44.185,1.24463,1.24473,3.00,3.20
2010.07.01 16:47:46.376,1.24462,1.24471,3.00,4.40
2010.07.01 16:47:48.434,1.24462,1.24471,1.50,1.10
2010.07.01 16:47:50.887,1.24463,1.24472,1.60,5.50
2010.07.01 16:47:53.222,1.24465,1.24473,2.30,6.00
2010.07.01 16:48:01.919,1.24429,1.24439,6.40,4.40
2010.07.01 16:48:03.969,1.24435,1.24444,1.50,1.50
2010.07.01 16:48:05.987,1.24439,1.2445,1.50,3.60
2010.07.01 16:48:09.938,1.24441,1.24453,1.50,2.30
2010.07.01 16:48:15.008,1.24441,1.24451,3.00,2.50
2010.07.01 16:48:17.229,1.24436,1.24445,4.90,1.50
2010.07.01 16:48:19.337,1.24426,1.24438,8.90,4.40
2010.07.01 16:48:21.526,1.24419,1.24427,4.70,4.50
2010.07.01 16:48:26.368,1.24416,1.24426,1.50,1.50
2010.07.01 16:48:26.813,1.24424,1.24435,1.10,1.50
2010.07.01 16:48:29.286,1.24437,1.24443,3.00,4.50
2010.07.01 16:48:29.514,1.24448,1.24459,1.20,1.70
2010.07.01 16:48:31.296,1.24463,1.24472,2.30,3.20
2010.07.01 16:48:34.465,1.24477,1.24487,3.80,2.10
2010.07.01 16:48:36.324,1.24484,1.24494,1.50,2.90
2010.07.01 16:48:36.627,1.2448,1.2449,2.30,4.00
2010.07.01 16:48:40.559,1.24474,1.24484,2.30,1.70
2010.07.01 16:48:42.588,1.24467,1.24476,1.90,1.40
2010.07.01 16:48:46.196,1.24459,1.24469,3.40,3.80
2010.07.01 16:48:48.402,1.2445,1.2446,1.50,2.30
2010.07.01 16:48:50.500,1.24443,1.24452,4.20,1.50
2010.07.01 16:48:52.503,1.24435,1.24447,1.20,2.50
2010.07.01 16:48:53.450,1.2443,1.2444,4.70,3.00
2010.07.01 16:49:03.837,1.24442,1.24452,1.50,6.60
2010.07.01 16:49:05.940,1.24439,1.24447,7.70,1.50
2010.07.01 16:49:07.070,1.24436,1.24444,1.70,2.70
2010.07.01 16:49:09.271,1.24434,1.24444,1.30,1.50
2010.07.01 16:49:09.664,1.24437,1.24446,5.10,1.50
2010.07.01 16:49:12.569,1.24442,1.24451,1.50,3.10
2010.07.01 16:49:14.938,1.24447,1.24456,1.70,1.50
2010.07.01 16:49:17.495,1.24448,1.2446,1.50,1.90
2010.07.01 16:49:21.140,1.24446,1.24454,1.50,1.90
2010.07.01 16:49:23.360,1.24442,1.2445,1.70,1.20
2010.07.01 16:49:25.639,1.24439,1.24447,1.70,5.10
2010.07.01 16:49:28.368,1.24434,1.24444,1.50,2.60
2010.07.01 16:49:30.379,1.24432,1.24442,3.20,1.50
2010.07.01 16:49:31.497,1.2443,1.24441,1.50,3.80
2010.07.01 16:49:33.728,1.24428,1.24438,2.30,1.20
2010.07.01 16:49:35.348,1.24426,1.24436,2.90,3.30
2010.07.01 16:49:35.864,1.24421,1.24431,1.50,1.40
2010.07.01 16:49:36.559,1.24415,1.24423,1.90,1.70
2010.07.01 16:49:38.624,1.24406,1.24416,3.80,1.50
2010.07.01 16:49:40.719,1.24398,1.24408,1.40,1.90
2010.07.01 16:49:42.739,1.24396,1.24406,3.80,1.50
2010.07.01 16:49:44.771,1.24405,1.24415,2.50,2.30
2010.07.01 16:49:45.349,1.24414,1.24424,2.10,1.50
2010.07.01 16:49:50.037,1.24424,1.24434,1.50,1.50
2010.07.01 16:49:52.286,1.24432,1.24441,3.80,2.90
2010.07.01 16:49:54.695,1.24439,1.24448,3.80,1.50
2010.07.01 16:49:57.059,1.24441,1.24453,2.80,1.50
2010.07.01 16:50:05.272,1.2443,1.24438,2.40,1.50
2010.07.01 16:50:07.180,1.24433,1.24444,1.50,1.70
2010.07.01 16:50:07.929,1.24442,1.24449,2.30,3.00
2010.07.01 16:50:09.951,1.24451,1.24458,1.40,1.20
2010.07.01 16:50:11.992,1.24461,1.24466,3.80,1.40
2010.07.01 16:50:17.622,1.24469,1.24479,2.30,1.50
2010.07.01 16:50:19.832,1.2448,1.24488,1.50,1.70
2010.07.01 16:50:21.870,1.24483,1.24493,1.50,1.90
2010.07.01 16:50:22.201,1.24473,1.24485,3.40,4.40
2010.07.01 16:50:22.708,1.24466,1.2447,2.50,1.50
2010.07.01 16:50:24.539,1.24449,1.24459,3.60,1.70
2010.07.01 16:50:24.651,1.2444,1.24443,1.70,3.80
2010.07.01 16:50:25.563,1.24426,1.24436,1.50,1.50
2010.07.01 16:50:28.243,1.24417,1.24428,1.50,1.40
2010.07.01 16:50:30.442,1.24414,1.24424,4.70,1.20
2010.07.01 16:50:32.823,1.2442,1.2443,1.50,1.70
2010.07.01 16:50:34.910,1.24424,1.24436,2.70,3.80
2010.07.01 16:50:38.351,1.24432,1.24442,4.40,1.70
2010.07.01 16:50:40.683,1.24437,1.24445,1.70,3.00
2010.07.01 16:50:42.910,1.2444,1.24449,1.20,2.30
2010.07.01 16:50:45.359,1.24442,1.24449,1.50,3.60
2010.07.01 16:50:47.369,1.2444,1.24449,1.50,1.50
2010.07.01 16:50:57.621,1.24438,1.24447,1.50,1.50
2010.07.01 16:50:59.993,1.24439,1.24445,1.20,1.50
2010.07.01 16:51:00.676,1.24441,1.24451,2.30,2.90
2010.07.01 16:51:00.799,1.24451,1.24457,2.50,1.50
2010.07.01 16:51:01.617,1.24457,1.24467,1.50,1.90
2010.07.01 16:51:04.673,1.24466,1.24473,1.50,2.70
2010.07.01 16:51:06.703,1.24472,1.24482,1.50,4.20
2010.07.01 16:51:09.727,1.2448,1.2449,4.30,1.70
2010.07.01 16:51:12.452,1.24486,1.24494,1.50,3.40
2010.07.01 16:51:14.490,1.24485,1.24495,1.20,1.50
2010.07.01 16:51:14.611,1.24479,1.24485,2.30,1.50
2010.07.01 16:51:16.761,1.24468,1.24478,3.40,1.40
2010.07.01 16:51:18.519,1.24459,1.24469,3.30,4.00
2010.07.01 16:51:19.093,1.24452,1.24463,1.40,12.80
2010.07.01 16:51:21.127,1.24445,1.24458,1.20,1.70
2010.07.01 16:51:22.681,1.24443,1.24452,3.40,4.20
2010.07.01 16:51:24.703,1.24437,1.24448,1.50,2.50
2010.07.01 16:51:26.813,1.24433,1.24445,3.40,3.00
2010.07.01 16:51:28.830,1.24429,1.24441,1.70,1.50
2010.07.01 16:51:30.603,1.24425,1.24434,12.30,1.50
2010.07.01 16:51:30.872,1.24415,1.24427,1.50,4.50
2010.07.01 16:51:33.532,1.24405,1.24419,3.20,2.30
2010.07.01 16:51:33.752,1.244,1.24407,3.00,5.10
2010.07.01 16:51:34.673,1.24393,1.24405,3.80,2.50
2010.07.01 16:51:37.672,1.24396,1.2441,1.50,1.70
2010.07.01 16:51:38.553,1.24403,1.24415,1.70,12.00
2010.07.01 16:51:40.754,1.24411,1.24422,3.40,3.40
2010.07.01 16:51:42.785,1.24415,1.24425,2.10,1.50
2010.07.01 16:51:45.644,1.24419,1.2443,2.30,3.00
2010.07.01 16:51:47.713,1.24422,1.24434,1.90,2.50
2010.07.01 16:51:49.774,1.24423,1.24434,1.50,1.50
2010.07.01 16:51:50.772,1.24422,1.24432,1.70,4.60
2010.07.01 16:51:52.413,1.2442,1.24431,1.90,1.90
2010.07.01 16:51:55.764,1.24418,1.2443,2.30,1.50
2010.07.01 16:51:58.106,1.24417,1.24427,1.50,1.70
2010.07.01 16:52:01.168,1.24425,1.24435,1.50,1.90
2010.07.01 16:52:04.127,1.24426,1.24438,2.50,1.50
2010.07.01 16:52:06.276,1.24424,1.24436,1.50,1.50
2010.07.01 16:52:08.484,1.24419,1.24431,1.50,3.00
2010.07.01 16:52:09.730,1.24413,1.24425,2.30,1.70
2010.07.01 16:52:13.848,1.2441,1.24422,3.60,1.70
2010.07.01 16:52:16.115,1.24413,1.24425,3.40,2.30
2010.07.01 16:52:18.177,1.24416,1.24428,3.40,1.20
2010.07.01 16:52:20.188,1.24418,1.2443,1.20,2.70
2010.07.01 16:52:22.721,1.2442,1.24434,1.70,4.00
2010.07.01 16:52:26.143,1.24423,1.24434,2.30,2.70
2010.07.01 16:52:30.245,1.2443,1.24438,2.10,2.30
2010.07.01 16:52:32.608,1.24435,1.24447,1.50,2.50
2010.07.01 16:52:35.108,1.24443,1.24455,6.00,1.50
2010.07.01 16:52:37.695,1.24447,1.24457,1.50,2.50
2010.07.01 16:52:38.466,1.24444,1.24454,1.70,5.70
2010.07.01 16:52:42.386,1.24439,1.24449,3.20,1.50
2010.07.01 16:52:42.503,1.24433,1.24445,1.90,4.20
2010.07.01 16:52:43.205,1.24431,1.24439,3.00,1.50
2010.07.01 16:52:43.424,1.24431,1.24439,1.50,1.70
2010.07.01 16:52:44.306,1.24428,1.24442,5.30,1.50
2010.07.01 16:52:52.896,1.24431,1.24442,6.60,2.30
2010.07.01 16:52:55.787,1.24432,1.24444,2.30,1.50
2010.07.01 16:52:55.909,1.24434,1.24444,2.50,2.50
2010.07.01 16:52:56.908,1.24433,1.24447,1.50,1.70
2010.07.01 16:53:04.972,1.24411,1.24423,6.00,4.50
2010.07.01 16:53:06.141,1.24408,1.24418,5.10,1.40
2010.07.01 16:53:08.161,1.24402,1.24412,1.50,4.20
2010.07.01 16:53:10.188,1.24396,1.24409,1.50,2.10
2010.07.01 16:53:12.340,1.24393,1.24404,1.90,1.50
2010.07.01 16:53:14.531,1.24388,1.24399,3.00,1.90
2010.07.01 16:53:17.330,1.2438,1.24392,1.70,1.50
2010.07.01 16:53:19.621,1.24374,1.24384,2.30,3.20
2010.07.01 16:53:23.011,1.24372,1.24384,1.50,2.50
2010.07.01 16:53:23.673,1.24379,1.24387,1.50,4.00
2010.07.01 16:53:25.130,1.24387,1.24397,3.80,1.50
2010.07.01 16:53:27.411,1.24394,1.24405,1.50,2.70
2010.07.01 16:53:29.591,1.24403,1.24414,3.20,4.70
2010.07.01 16:53:29.818,1.24416,1.24424,1.90,1.70
2010.07.01 16:53:30.150,1.24425,1.24436,1.90,3.80
2010.07.01 16:53:32.400,1.24437,1.24449,1.50,3.20
2010.07.01 16:53:33.950,1.24444,1.24454,3.40,1.50
2010.07.01 16:53:36.151,1.24439,1.24451,1.50,1.70
2010.07.01 16:53:38.431,1.24432,1.24444,5.10,1.50
2010.07.01 16:53:40.770,1.24426,1.24436,1.50,2.50
2010.07.01 16:53:43.654,1.24418,1.24432,2.50,2.30
2010.07.01 16:53:45.907,1.24414,1.24427,1.50,5.30
2010.07.01 16:53:48.613,1.24412,1.2442,1.50,3.20
2010.07.01 16:53:49.210,1.24409,1.2442,1.50,1.70
2010.07.01 16:53:51.709,1.24407,1.24418,1.50,4.00
2010.07.01 16:53:54.780,1.24407,1.24418,4.20,1.50
2010.07.01 16:53:56.831,1.24405,1.24417,3.00,2.10
2010.07.01 16:54:02.389,1.24402,1.24414,1.50,2.50
2010.07.01 16:54:04.478,1.24399,1.2441,3.00,2.10
2010.07.01 16:54:06.511,1.24395,1.24407,3.20,4.70
2010.07.01 16:54:06.635,1.24394,1.24403,3.60,1.50
2010.07.01 16:54:10.086,1.24392,1.24402,1.50,1.50
2010.07.01 16:54:12.119,1.24387,1.24396,1.90,3.00
2010.07.01 16:54:14.050,1.24384,1.24391,2.50,1.50
2010.07.01 16:54:16.107,1.24382,1.24394,1.50,1.90
2010.07.01 16:54:18.148,1.24391,1.24401,1.50,2.70
2010.07.01 16:54:18.699,1.24398,1.24409,1.50,1.70
2010.07.01 16:54:18.785,1.24403,1.24416,5.70,1.50
2010.07.01 16:54:20.830,1.24409,1.2442,2.30,1.50
2010.07.01 16:54:22.939,1.24412,1.24424,1.90,6.40
2010.07.01 16:54:25.429,1.24415,1.24427,2.10,2.50
2010.07.01 16:54:27.709,1.24419,1.2443,1.50,3.40
2010.07.01 16:54:29.738,1.24422,1.24435,2.30,1.50
2010.07.01 16:54:32.274,1.24426,1.24439,2.50,2.50
2010.07.01 16:54:32.517,1.24429,1.24437,1.50,1.20
2010.07.01 16:54:34.529,1.24424,1.24434,4.50,14.70
2010.07.01 16:54:36.848,1.24418,1.24426,1.50,2.50
2010.07.01 16:54:37.729,1.24411,1.24423,1.50,3.20
2010.07.01 16:54:39.737,1.24407,1.24419,1.50,1.90
2010.07.01 16:54:41.975,1.24403,1.24415,1.50,1.50
2010.07.01 16:54:44.180,1.24398,1.2441,1.50,2.50
2010.07.01 16:54:46.267,1.24396,1.24407,12.30,1.50
2010.07.01 16:54:49.090,1.24395,1.24408,2.80,2.70
2010.07.01 16:54:51.100,1.24394,1.24407,1.90,2.70
2010.07.01 16:54:53.410,1.24394,1.24406,1.30,2.50
2010.07.01 16:54:55.847,1.24395,1.24408,2.30,2.50
2010.07.01 16:54:57.989,1.24394,1.24406,4.20,3.40
2010.07.01 16:55:01.509,1.24393,1.24403,1.50,1.50
2010.07.01 16:55:03.260,1.24394,1.24399,1.50,1.50
2010.07.01 16:55:04.473,1.2439,1.244,1.50,1.70
2010.07.01 16:55:06.500,1.2439,1.24399,2.30,1.50
2010.07.01 16:55:08.747,1.24389,1.24398,3.60,1.50
2010.07.01 16:55:10.830,1.24391,1.244,1.50,3.20
2010.07.01 16:55:13.280,1.24395,1.24404,1.70,1.50
2010.07.01 16:55:13.921,1.24398,1.2441,1.70,4.20
2010.07.01 16:55:15.536,1.24406,1.24414,4.70,6.30
2010.07.01 16:55:15.648,1.24407,1.24419,2.30,1.50
2010.07.01 16:55:15.771,1.24405,1.24413,1.50,1.90
2010.07.01 16:55:16.773,1.244,1.2441,1.70,4.60
2010.07.01 16:55:18.832,1.24394,1.24407,4.40,3.00
2010.07.01 16:55:19.089,1.24391,1.24401,1.50,1.50
2010.07.01 16:55:19.528,1.24387,1.24397,1.90,2.30
2010.07.01 16:55:21.578,1.24386,1.24394,1.70,6.00
2010.07.01 16:55:23.772,1.24383,1.24394,3.80,1.50
2010.07.01 16:55:25.882,1.24382,1.24392,1.50,2.30
2010.07.01 16:55:28.042,1.24383,1.24392,5.30,1.50
2010.07.01 16:55:30.199,1.24382,1.24394,1.50,3.40
2010.07.01 16:55:32.192,1.24382,1.24394,2.10,1.50
2010.07.01 16:55:34.301,1.24379,1.24393,2.60,1.50
2010.07.01 16:55:36.659,1.24379,1.24387,3.20,2.30
2010.07.01 16:55:36.782,1.24376,1.24379,3.60,1.50
2010.07.01 16:55:37.588,1.24366,1.24374,1.10,1.50
2010.07.01 16:55:38.243,1.24357,1.24367,1.70,1.50
2010.07.01 16:55:40.250,1.24355,1.24363,1.50,2.50
2010.07.01 16:55:40.582,1.24359,1.2437,1.70,2.30
2010.07.01 16:55:43.079,1.24365,1.24375,1.70,1.50
2010.07.01 16:55:45.078,1.24373,1.24381,1.50,4.50
2010.07.01 16:55:45.316,1.24376,1.24387,1.50,2.30
2010.07.01 16:55:46.206,1.24379,1.24391,2.30,1.50
2010.07.01 16:55:48.315,1.2438,1.24393,2.70,2.30
2010.07.01 16:55:50.327,1.24381,1.24392,1.50,1.90
2010.07.01 16:55:50.678,1.24383,1.24393,3.20,2.50
2010.07.01 16:55:50.900,1.24385,1.24393,1.50,4.40
2010.07.01 16:55:51.127,1.24387,1.24392,1.20,2.30
2010.07.01 16:55:52.942,1.24381,1.24393,2.30,3.20
2010.07.01 16:55:55.198,1.24382,1.2439,4.50,2.30
2010.07.01 16:55:55.319,1.24378,1.24391,1.50,2.10
2010.07.01 16:55:55.788,1.24379,1.24386,2.80,1.70
2010.07.01 16:56:00.525,1.24358,1.2437,2.30,4.90
2010.07.01 16:56:01.498,1.24365,1.24375,1.90,1.50
2010.07.01 16:56:03.610,1.24369,1.2438,1.70,4.20
2010.07.01 16:56:06.039,1.24376,1.24384,2.30,1.50
2010.07.01 16:56:08.133,1.24379,1.24391,2.10,1.50
2010.07.01 16:56:10.570,1.24387,1.24399,1.50,2.50
2010.07.01 16:56:12.741,1.24396,1.24403,2.50,3.00
2010.07.01 16:56:13.297,1.244,1.2441,3.20,2.30
2010.07.01 16:56:15.346,1.24398,1.2441,1.50,1.50
2010.07.01 16:56:17.476,1.24396,1.24406,1.50,4.20
2010.07.01 16:56:19.636,1.24392,1.24401,1.70,6.00
2010.07.01 16:56:20.249,1.24387,1.24399,2.90,8.70
2010.07.01 16:56:22.478,1.24385,1.24393,1.50,1.50
2010.07.01 16:56:23.148,1.2438,1.24388,3.60,4.90
2010.07.01 16:56:24.629,1.24376,1.24388,13.90,1.40
2010.07.01 16:56:26.716,1.24375,1.24387,1.90,1.50
2010.07.01 16:56:29.048,1.24373,1.24384,1.50,3.20
2010.07.01 16:56:31.359,1.2437,1.24384,2.10,2.30
2010.07.01 16:56:31.467,1.2437,1.24382,1.50,3.60
2010.07.01 16:56:33.547,1.24369,1.24378,1.50,1.50
2010.07.01 16:56:35.568,1.24364,1.24374,2.90,2.30
2010.07.01 16:56:38.050,1.24359,1.24369,1.50,2.50
2010.07.01 16:56:41.248,1.24355,1.24363,1.50,2.70
2010.07.01 16:56:42.189,1.24352,1.24364,1.70,1.50
2010.07.01 16:56:44.417,1.24359,1.24371,2.30,1.70
2010.07.01 16:56:47.040,1.24368,1.24376,2.30,1.50
2010.07.01 16:56:49.084,1.24373,1.24384,4.70,3.80
2010.07.01 16:56:51.249,1.24377,1.24389,1.20,1.50
2010.07.01 16:56:52.178,1.24381,1.24391,2.30,1.90
2010.07.01 16:56:53.327,1.24384,1.24391,2.80,2.70
2010.07.01 16:56:53.548,1.24387,1.24395,1.30,1.70
2010.07.01 16:56:56.311,1.24391,1.244,1.50,1.50
2010.07.01 16:56:56.434,1.24393,1.24403,4.50,1.50
2010.07.01 16:57:02.412,1.24388,1.24402,2.50,3.00
2010.07.01 16:57:04.434,1.24381,1.24394,1.90,1.90
2010.07.01 16:57:06.541,1.24374,1.24386,1.50,1.90
2010.07.01 16:57:06.658,1.24367,1.24382,2.30,2.70
2010.07.01 16:57:08.754,1.24364,1.24377,1.50,1.50
2010.07.01 16:57:09.529,1.24364,1.24375,3.40,1.20
2010.07.01 16:57:10.322,1.24363,1.24376,3.80,2.30
2010.07.01 16:57:12.526,1.24363,1.24372,1.50,1.50
2010.07.01 16:57:13.321,1.24357,1.24375,2.30,3.20
2010.07.01 16:57:13.881,1.24355,1.24369,2.30,2.50
2010.07.01 16:57:14.132,1.2435,1.24364,1.70,1.90
2010.07.01 16:57:14.191,1.24344,1.24355,19.50,1.20
2010.07.01 16:57:14.588,1.24333,1.24349,2.30,2.50
2010.07.01 16:57:15.674,1.24334,1.24342,6.80,3.80
2010.07.01 16:57:16.382,1.24337,1.24348,3.00,3.40
2010.07.01 16:57:16.499,1.24345,1.24353,6.40,2.30
2010.07.01 16:57:16.864,1.24355,1.24359,1.90,1.50
2010.07.01 16:57:18.741,1.24355,1.24368,1.50,3.00
2010.07.01 16:57:20.692,1.2436,1.24371,7.20,3.00
2010.07.01 16:57:20.804,1.24364,1.24376,1.50,3.20
2010.07.01 16:57:21.544,1.24372,1.2438,1.20,1.70
2010.07.01 16:57:22.410,1.24377,1.24384,9.80,4.70
2010.07.01 16:57:22.522,1.24381,1.24388,1.90,1.50
2010.07.01 16:57:23.191,1.24386,1.24394,2.30,6.00
2010.07.01 16:57:24.536,1.24389,1.244,2.30,5.10
2010.07.01 16:57:27.965,1.24395,1.24407,2.30,1.50
2010.07.01 16:57:30.475,1.24396,1.24408,1.70,1.50
2010.07.01 16:57:32.525,1.24392,1.244,3.40,9.50
2010.07.01 16:57:34.963,1.24385,1.24394,1.40,4.70
2010.07.01 16:57:37.153,1.24376,1.24388,1.50,2.10
2010.07.01 16:57:39.214,1.24372,1.24382,2.30,12.80
2010.07.01 16:57:39.874,1.24371,1.24375,1.70,2.70
2010.07.01 16:57:40.096,1.24364,1.24374,3.90,1.20
2010.07.01 16:57:42.114,1.2436,1.2437,1.50,2.50
2010.07.01 16:57:43.028,1.2436,1.24367,1.50,2.90
2010.07.01 16:57:43.692,1.24357,1.24368,1.50,6.20
2010.07.01 16:57:45.853,1.24354,1.24368,1.50,1.50
2010.07.01 16:57:47.854,1.24353,1.24366,1.50,1.50
2010.07.01 16:57:50.015,1.24354,1.24363,3.60,1.50
2010.07.01 16:57:52.031,1.24354,1.24365,1.50,1.50
2010.07.01 16:57:52.145,1.24357,1.24365,2.70,1.70
2010.07.01 16:57:53.205,1.24359,1.24373,1.20,3.00
2010.07.01 16:57:55.466,1.24365,1.24378,4.00,4.20
2010.07.01 16:57:57.670,1.24374,1.24386,3.00,5.10
2010.07.01 16:57:57.893,1.24387,1.24391,1.30,1.50
2010.07.01 16:57:59.795,1.24389,1.24399,1.50,2.10
2010.07.01 16:58:01.867,1.24395,1.24405,2.50,2.40
2010.07.01 16:58:02.088,1.24396,1.24404,8.10,4.70
2010.07.01 16:58:07.258,1.24394,1.24402,3.00,1.90
2010.07.01 16:58:09.265,1.24393,1.24399,1.50,3.40
2010.07.01 16:58:09.593,1.24389,1.24399,1.30,3.00
2010.07.01 16:58:11.348,1.24386,1.24394,1.50,1.50
2010.07.01 16:58:14.398,1.2438,1.24392,2.50,3.00
2010.07.01 16:58:15.520,1.24374,1.24384,2.70,3.00
2010.07.01 16:58:18.214,1.24372,1.24384,2.50,3.00
2010.07.01 16:58:19.580,1.24383,1.24391,2.30,2.70
2010.07.01 16:58:21.749,1.24392,1.24402,2.30,3.00
2010.07.01 16:58:24.388,1.24404,1.24413,1.50,1.50
2010.07.01 16:58:27.326,1.24413,1.24425,1.70,1.50
2010.07.01 16:58:28.100,1.24422,1.24433,3.60,3.00
2010.07.01 16:58:31.289,1.24427,1.24435,1.70,1.50
2010.07.01 16:58:33.416,1.24425,1.24433,1.50,4.50
2010.07.01 16:58:35.673,1.24417,1.24429,2.70,4.90
2010.07.01 16:58:37.745,1.24413,1.24425,1.50,1.20
2010.07.01 16:58:40.759,1.24408,1.24421,3.00,5.50
2010.07.01 16:58:42.808,1.24406,1.24418,1.70,1.50
2010.07.01 16:58:44.385,1.24405,1.24416,1.50,1.40
2010.07.01 16:58:46.389,1.24403,1.24416,1.50,6.60
2010.07.01 16:58:50.668,1.24404,1.24413,1.40,2.60
2010.07.01 16:58:50.958,1.24408,1.24412,1.50,1.40
2010.07.01 16:58:53.388,1.24407,1.24413,1.90,2.50
2010.07.01 16:59:05.354,1.24429,1.24435,5.70,1.50
2010.07.01 16:59:07.415,1.24428,1.2444,1.50,5.10
2010.07.01 16:59:09.086,1.24435,1.24442,2.30,3.20
2010.07.01 16:59:09.526,1.2444,1.24448,13.50,7.40
2010.07.01 16:59:11.835,1.24446,1.24456,2.50,2.30
2010.07.01 16:59:16.266,1.24448,1.24458,3.60,1.70
2010.07.01 16:59:20.435,1.24443,1.24455,2.30,10.00
2010.07.01 16:59:22.555,1.24434,1.24446,1.30,1.10
2010.07.01 16:59:24.852,1.24425,1.2444,1.20,24.30
2010.07.01 16:59:25.182,1.24414,1.24428,3.80,1.50
2010.07.01 16:59:32.113,1.24404,1.24409,2.90,1.50
2010.07.01 16:59:32.782,1.24384,1.24394,4.00,2.30
2010.07.01 16:59:39.855,1.24365,1.24378,1.50,2.70
2010.07.01 16:59:42.082,1.2436,1.2437,1.70,5.70
2010.07.01 16:59:43.069,1.24364,1.24376,6.80,4.70
2010.07.01 16:59:46.007,1.24372,1.24385,1.50,1.50
2010.07.01 16:59:48.446,1.2438,1.24394,2.90,3.00
2010.07.01 16:59:50.956,1.24384,1.24397,1.50,1.50
2010.07.01 16:59:52.996,1.24385,1.24397,2.30,1.70
2010.07.01 16:59:56.914,1.24383,1.24396,2.70,2.50
2010.07.01 16:59:59.145,1.24379,1.24392,1.50,2.50
2010.07.01 16:59:59.534,1.24376,1.2439,2.10,1.50
