2015.06.08 23:00:00.910,1.12805,1.12809,1.00,1.00
2015.06.08 23:00:01.542,1.12807,1.1281,1.00,2.69
2015.06.08 23:00:01.947,1.12805,1.1281,1.12,1.19
2015.06.08 23:00:02.101,1.12808,1.12811,1.00,2.69
2015.06.08 23:00:02.203,1.12805,1.1281,1.00,6.44
2015.06.08 23:00:02.613,1.12804,1.12808,1.87,1.00
2015.06.08 23:00:11.977,1.12805,1.12808,1.00,1.00
2015.06.08 23:00:12.028,1.12805,1.1281,1.50,4.19
2015.06.08 23:00:19.686,1.12805,1.12809,1.00,1.00
2015.06.08 23:00:19.737,1.12805,1.12808,1.00,1.07
2015.06.08 23:00:20.041,1.12803,1.12808,1.87,1.13
2015.06.08 23:00:28.236,1.12804,1.12808,1.00,1.00
2015.06.08 23:00:28.763,1.12804,1.12809,1.00,2.25
2015.06.08 23:00:45.070,1.12804,1.1281,2.25,3.37
2015.06.08 23:00:45.920,1.12805,1.1281,1.50,3.37
2015.06.08 23:00:45.971,1.12807,1.1281,1.00,2.62
2015.06.08 23:00:46.477,1.12806,1.12809,1.00,1.00
2015.06.08 23:00:47.484,1.12805,1.12809,1.00,1.00
2015.06.08 23:00:47.990,1.12806,1.12809,1.00,1.00
2015.06.08 23:00:48.632,1.12806,1.1281,1.00,4.12
2015.06.08 23:00:49.078,1.12808,1.12809,1.10,1.00
2015.06.08 23:00:49.280,1.12806,1.12809,1.00,2.25
2015.06.08 23:00:49.382,1.12808,1.1281,1.10,7.12
2015.06.08 23:00:49.484,1.12805,1.12809,1.12,2.62
2015.06.08 23:00:49.812,1.12806,1.12809,1.37,1.87
2015.06.08 23:00:50.322,1.12808,1.12809,1.10,1.87
2015.06.08 23:00:50.474,1.12805,1.12809,1.50,2.62
2015.06.08 23:00:54.929,1.12807,1.1281,1.87,3.37
2015.06.08 23:00:54.981,1.12809,1.1281,1.50,1.12
2015.06.08 23:00:55.032,1.12809,1.12812,3.75,1.50
2015.06.08 23:00:55.234,1.12809,1.1281,1.50,1.12
2015.06.08 23:00:55.315,1.12807,1.1281,1.00,1.87
2015.06.08 23:00:55.366,1.12805,1.1281,1.00,2.62
2015.06.08 23:00:55.872,1.12804,1.12809,3.00,1.00
2015.06.08 23:00:56.489,1.12804,1.1281,1.50,2.25
2015.06.08 23:00:56.994,1.12805,1.12809,1.00,1.00
2015.06.08 23:00:58.166,1.12804,1.12809,3.37,1.00
2015.06.08 23:01:00.034,1.12804,1.1281,1.87,5.62
2015.06.08 23:01:00.629,1.12804,1.12809,3.37,1.00
2015.06.08 23:01:02.034,1.12804,1.1281,1.87,5.62
2015.06.08 23:01:02.564,1.12804,1.12809,4.12,1.00
2015.06.08 23:01:04.153,1.12804,1.1281,1.50,5.62
2015.06.08 23:01:04.692,1.12804,1.12809,3.75,1.00
2015.06.08 23:01:05.251,1.12805,1.12809,1.00,1.00
2015.06.08 23:01:06.160,1.12804,1.12809,4.12,1.00
2015.06.08 23:01:06.834,1.12805,1.12809,1.00,1.00
2015.06.08 23:01:06.885,1.12807,1.12809,1.00,1.00
2015.06.08 23:01:06.936,1.12807,1.12811,1.12,4.87
2015.06.08 23:01:07.190,1.1281,1.12811,1.50,1.00
2015.06.08 23:01:07.241,1.1281,1.12813,1.50,1.50
2015.06.08 23:01:07.979,1.12809,1.12813,1.50,1.00
2015.06.08 23:01:08.526,1.1281,1.12813,1.50,1.00
2015.06.08 23:01:09.732,1.12809,1.12813,2.25,1.00
2015.06.08 23:01:10.249,1.1281,1.12813,1.50,1.00
2015.06.08 23:01:10.862,1.1281,1.12814,1.50,1.50
2015.06.08 23:01:14.677,1.12809,1.12814,1.00,1.50
2015.06.08 23:01:15.184,1.12808,1.12813,4.20,1.00
2015.06.08 23:01:15.692,1.12808,1.12814,4.57,1.00
2015.06.08 23:01:18.808,1.12809,1.12815,1.12,5.62
2015.06.08 23:01:19.562,1.12809,1.12814,1.12,1.00
2015.06.08 23:01:20.804,1.12809,1.12815,1.12,6.37
2015.06.08 23:01:21.491,1.12809,1.12814,1.12,1.00
2015.06.08 23:01:22.122,1.12809,1.12815,1.12,5.62
2015.06.08 23:01:22.672,1.12809,1.12814,1.12,1.00
2015.06.08 23:01:24.626,1.12809,1.12815,1.12,6.37
2015.06.08 23:01:25.175,1.12809,1.12814,1.12,1.00
2015.06.08 23:01:30.183,1.12809,1.12815,1.00,5.62
2015.06.08 23:01:30.740,1.12809,1.12814,1.00,1.00
2015.06.08 23:01:32.577,1.12809,1.12815,1.50,4.87
2015.06.08 23:01:33.103,1.12809,1.12814,1.00,1.50
2015.06.08 23:01:34.946,1.12808,1.12814,6.07,1.50
2015.06.08 23:01:38.438,1.12809,1.12814,1.00,1.00
2015.06.08 23:01:55.068,1.12809,1.12813,1.50,1.00
2015.06.08 23:01:55.183,1.12808,1.1281,2.32,1.00
2015.06.08 23:01:55.335,1.12805,1.1281,3.00,1.12
2015.06.08 23:01:56.418,1.12805,1.12811,1.12,3.37
2015.06.08 23:01:56.922,1.12805,1.1281,1.00,1.12
2015.06.08 23:01:57.501,1.12804,1.1281,2.62,1.12
2015.06.08 23:01:57.855,1.12804,1.12808,1.00,1.00
2015.06.08 23:01:57.957,1.12801,1.12807,2.62,1.00
2015.06.08 23:01:58.058,1.128,1.12805,2.25,1.00
2015.06.08 23:02:19.398,1.128,1.12806,2.25,2.62
2015.06.08 23:02:19.910,1.128,1.12805,1.50,1.87
2015.06.08 23:02:20.495,1.128,1.12806,2.25,1.87
2015.06.08 23:02:31.928,1.128,1.12805,2.25,1.12
2015.06.08 23:02:35.918,1.12799,1.12805,1.87,1.87
2015.06.08 23:02:41.309,1.128,1.12805,1.00,1.12
2015.06.08 23:02:44.461,1.128,1.12805,1.87,1.12
2015.06.08 23:02:45.191,1.128,1.12806,2.62,1.00
2015.06.08 23:02:51.609,1.12801,1.12807,1.12,1.00
2015.06.08 23:02:53.812,1.12802,1.12808,1.00,1.00
2015.06.08 23:02:54.418,1.12803,1.12809,1.50,3.00
2015.06.08 23:02:58.574,1.12802,1.12808,1.00,1.00
2015.06.08 23:03:02.233,1.12803,1.12809,1.00,3.00
2015.06.08 23:03:06.519,1.12804,1.1281,1.50,7.12
2015.06.08 23:03:06.824,1.12805,1.1281,1.37,3.37
2015.06.08 23:03:20.045,1.12808,1.1281,1.00,1.87
2015.06.08 23:03:20.096,1.12808,1.12812,1.50,1.00
2015.06.08 23:03:20.198,1.12808,1.12814,3.90,1.50
2015.06.08 23:03:20.351,1.1281,1.12815,1.00,1.87
2015.06.08 23:03:20.655,1.12812,1.12818,1.00,2.62
2015.06.08 23:03:21.161,1.12813,1.12819,1.00,2.62
2015.06.08 23:03:21.212,1.12813,1.12819,1.00,2.62
2015.06.08 23:03:21.721,1.12812,1.12818,1.00,1.00
2015.06.08 23:03:23.281,1.12813,1.12819,1.00,2.62
2015.06.08 23:03:26.036,1.12814,1.12819,1.00,1.00
2015.06.08 23:03:26.552,1.12813,1.12819,1.00,1.50
2015.06.08 23:03:35.152,1.12814,1.12819,1.00,1.00
2015.06.08 23:03:35.699,1.12816,1.12819,1.00,1.00
2015.06.08 23:03:35.953,1.1282,1.12825,1.00,1.87
2015.06.08 23:03:36.055,1.12822,1.12827,1.00,1.12
2015.06.08 23:03:36.359,1.12823,1.12829,1.12,1.50
2015.06.08 23:03:43.680,1.12823,1.1283,3.00,1.12
2015.06.08 23:03:43.838,1.12825,1.1283,1.00,1.12
2015.06.08 23:03:44.459,1.12827,1.12832,1.00,1.37
2015.06.08 23:03:44.913,1.12828,1.12834,1.00,2.62
2015.06.08 23:03:46.080,1.12827,1.12833,1.00,1.00
2015.06.08 23:03:52.267,1.12827,1.12834,1.00,1.50
2015.06.08 23:03:52.775,1.12828,1.12834,1.50,1.50
2015.06.08 23:03:57.687,1.12829,1.12835,1.00,4.12
2015.06.08 23:03:57.739,1.12829,1.12835,2.62,2.62
2015.06.08 23:03:58.245,1.1283,1.12836,1.37,1.00
2015.06.08 23:03:58.968,1.1283,1.12837,1.37,3.75
2015.06.08 23:03:59.620,1.1283,1.12836,1.37,1.00
2015.06.08 23:04:01.275,1.1283,1.12837,1.37,5.25
2015.06.08 23:04:01.817,1.1283,1.12836,1.37,1.50
2015.06.08 23:04:02.322,1.1283,1.12836,3.37,2.62
2015.06.08 23:04:02.830,1.1283,1.12836,3.37,1.50
2015.06.08 23:04:03.356,1.1283,1.12835,3.37,1.00
2015.06.08 23:04:06.848,1.1283,1.12836,3.37,1.50
2015.06.08 23:04:09.621,1.12832,1.12838,1.37,1.50
2015.06.08 23:04:10.128,1.12833,1.12839,1.12,1.50
2015.06.08 23:04:10.634,1.12832,1.12838,1.87,1.00
2015.06.08 23:04:15.018,1.12831,1.12837,2.62,1.00
2015.06.08 23:04:17.541,1.12832,1.12838,1.37,1.00
2015.06.08 23:04:18.105,1.12831,1.12837,1.87,1.00
2015.06.08 23:04:18.257,1.1283,1.12835,5.62,1.00
2015.06.08 23:04:18.592,1.1283,1.12834,1.87,1.50
2015.06.08 23:04:18.794,1.1283,1.12836,4.12,2.32
2015.06.08 23:04:19.893,1.12832,1.12838,1.37,1.00
2015.06.08 23:04:23.342,1.12832,1.12838,1.00,1.00
2015.06.08 23:04:31.870,1.12831,1.12836,2.25,1.00
2015.06.08 23:04:32.741,1.12832,1.12838,1.00,1.07
2015.06.08 23:04:34.963,1.12832,1.12838,1.00,1.00
2015.06.08 23:04:37.346,1.12833,1.12839,1.00,2.25
2015.06.08 23:04:40.298,1.12833,1.12838,1.00,1.00
2015.06.08 23:04:40.349,1.1283,1.12836,3.37,2.25
2015.06.08 23:04:40.400,1.1283,1.12836,2.25,5.25
2015.06.08 23:04:43.242,1.1283,1.12835,1.00,1.12
2015.06.08 23:04:43.394,1.12831,1.12837,1.50,1.50
2015.06.08 23:04:43.546,1.12833,1.12838,1.00,1.00
2015.06.08 23:04:44.056,1.12833,1.12839,1.00,1.50
2015.06.08 23:04:49.045,1.12832,1.12838,1.00,1.00
2015.06.08 23:04:49.568,1.12832,1.12839,1.00,1.00
2015.06.08 23:04:50.072,1.12832,1.12838,1.00,1.50
2015.06.08 23:04:50.683,1.1283,1.12836,2.25,1.00
2015.06.08 23:04:51.188,1.12831,1.12837,1.00,1.00
2015.06.08 23:05:00.683,1.12831,1.12836,1.00,1.00
2015.06.08 23:05:00.988,1.12829,1.12834,1.87,1.00
2015.06.08 23:05:01.191,1.12829,1.12837,1.87,1.00
2015.06.08 23:05:01.295,1.12829,1.12835,1.87,1.00
2015.06.08 23:05:01.864,1.12828,1.12832,1.37,1.00
2015.06.08 23:05:01.915,1.12826,1.12832,3.00,1.00
2015.06.08 23:05:02.067,1.12824,1.1283,1.50,1.00
2015.06.08 23:05:02.370,1.12822,1.12828,1.12,1.00
2015.06.08 23:05:02.882,1.12821,1.12827,2.62,1.00
2015.06.08 23:05:03.732,1.12821,1.12827,2.25,1.00
2015.06.08 23:05:16.802,1.12821,1.12827,1.87,1.00
2015.06.08 23:05:17.106,1.1282,1.12824,1.00,1.00
2015.06.08 23:05:17.157,1.12818,1.12824,2.40,1.00
2015.06.08 23:05:17.411,1.1282,1.12826,1.00,1.50
2015.06.08 23:05:19.124,1.12821,1.12827,1.00,1.00
2015.06.08 23:05:19.630,1.1282,1.12826,1.50,1.00
2015.06.08 23:05:24.111,1.12821,1.12827,1.00,1.50
2015.06.08 23:05:24.618,1.1282,1.12826,1.50,1.00
2015.06.08 23:05:35.744,1.1282,1.12825,1.00,1.00
2015.06.08 23:05:36.615,1.12819,1.12825,2.25,1.00
2015.06.08 23:05:36.918,1.12813,1.12817,1.50,1.00
2015.06.08 23:05:37.222,1.12815,1.1282,2.62,1.12
2015.06.08 23:05:37.324,1.12813,1.12818,2.62,1.00
2015.06.08 23:05:37.582,1.12811,1.12817,1.00,1.00
2015.06.08 23:05:37.936,1.12809,1.12815,1.87,1.00
2015.06.08 23:05:38.543,1.12808,1.12814,3.37,1.00
2015.06.08 23:05:39.260,1.12809,1.12816,1.12,1.87
2015.06.08 23:05:39.413,1.12808,1.12814,4.12,1.00
2015.06.08 23:05:39.918,1.12809,1.12815,1.87,1.50
2015.06.08 23:05:40.559,1.12808,1.12814,6.15,1.00
2015.06.08 23:05:42.768,1.12809,1.12814,1.00,1.50
2015.06.08 23:05:47.138,1.12808,1.12814,6.52,1.00
2015.06.08 23:05:57.980,1.12809,1.12815,1.00,1.87
2015.06.08 23:05:59.156,1.12809,1.12814,1.37,1.00
2015.06.08 23:06:07.377,1.12808,1.12814,5.77,1.50
2015.06.08 23:06:07.895,1.12808,1.12814,5.77,1.50
2015.06.08 23:06:14.454,1.12808,1.12814,6.90,1.50
2015.06.08 23:06:14.999,1.12808,1.12814,6.15,1.50
2015.06.08 23:06:25.435,1.12809,1.12815,1.87,1.87
2015.06.08 23:06:26.017,1.12808,1.12814,5.77,1.50
2015.06.08 23:06:27.487,1.12809,1.12814,1.12,1.00
2015.06.08 23:06:27.999,1.12809,1.12814,1.37,1.50
2015.06.08 23:06:30.001,1.12809,1.12816,1.87,3.75
2015.06.08 23:06:30.504,1.12809,1.12815,1.87,1.00
2015.06.08 23:06:31.479,1.12809,1.12816,1.87,3.75
2015.06.08 23:06:32.010,1.12809,1.12815,1.87,1.00
2015.06.08 23:06:38.906,1.12809,1.12815,2.62,1.00
2015.06.08 23:06:39.478,1.12809,1.12815,2.62,1.00
2015.06.08 23:06:40.581,1.12809,1.12815,2.62,1.00
2015.06.08 23:06:41.244,1.12809,1.12815,2.62,1.00
2015.06.08 23:06:42.737,1.12809,1.12816,2.62,1.00
2015.06.08 23:06:43.555,1.12809,1.12815,2.62,1.00
2015.06.08 23:06:44.088,1.12809,1.12816,2.62,1.00
2015.06.08 23:06:44.731,1.1281,1.12815,1.12,1.00
2015.06.08 23:06:45.256,1.1281,1.12816,1.12,1.00
2015.06.08 23:06:45.771,1.1281,1.12815,1.12,1.00
2015.06.08 23:06:48.106,1.12809,1.12815,1.87,1.00
2015.06.08 23:06:48.624,1.1281,1.12815,1.12,1.12
2015.06.08 23:06:49.150,1.1281,1.12814,1.12,1.00
2015.06.08 23:06:49.959,1.12809,1.12815,1.87,2.62
2015.06.08 23:06:50.863,1.1281,1.12816,1.12,1.50
2015.06.08 23:06:55.977,1.12811,1.12816,1.00,1.50
2015.06.08 23:06:56.029,1.12814,1.12816,1.00,1.00
2015.06.08 23:06:56.130,1.1281,1.12816,4.87,1.50
2015.06.08 23:06:56.232,1.12814,1.12817,1.50,2.25
2015.06.08 23:06:56.283,1.12814,1.12819,1.50,1.50
2015.06.08 23:06:56.339,1.12813,1.12817,1.00,1.50
2015.06.08 23:06:56.875,1.12811,1.12817,1.87,2.25
2015.06.08 23:06:57.647,1.12811,1.12817,1.50,2.25
2015.06.08 23:06:57.951,1.12809,1.12815,3.00,1.00
2015.06.08 23:06:58.499,1.1281,1.12816,1.00,1.00
2015.06.08 23:07:06.626,1.12809,1.12815,1.87,1.00
2015.06.08 23:07:06.930,1.12808,1.12811,1.00,3.00
2015.06.08 23:07:07.082,1.12804,1.12809,1.87,1.00
2015.06.08 23:07:07.383,1.12801,1.12805,1.00,1.00
2015.06.08 23:07:07.742,1.12801,1.12807,1.00,1.50
2015.06.08 23:07:08.248,1.128,1.12807,1.00,1.50
2015.06.08 23:07:09.565,1.128,1.12805,1.00,1.00
2015.06.08 23:07:10.071,1.128,1.12806,1.00,2.25
2015.06.08 23:07:10.263,1.12798,1.12805,1.27,1.00
2015.06.08 23:07:11.698,1.12798,1.12804,2.02,1.00
2015.06.08 23:07:20.168,1.12799,1.12805,1.00,3.37
2015.06.08 23:07:20.681,1.128,1.12805,1.00,1.87
2015.06.08 23:07:26.174,1.128,1.12806,1.00,1.87
2015.06.08 23:07:27.185,1.128,1.12805,1.00,1.12
2015.06.08 23:07:27.657,1.12801,1.12807,1.00,1.50
2015.06.08 23:07:28.265,1.128,1.12806,1.00,1.00
2015.06.08 23:07:28.875,1.12801,1.12807,1.00,2.62
2015.06.08 23:07:29.397,1.128,1.12806,1.00,1.00
2015.06.08 23:07:31.470,1.128,1.12807,1.00,1.50
2015.06.08 23:07:31.976,1.12799,1.12807,1.00,1.00
2015.06.08 23:07:32.678,1.12799,1.12806,1.00,1.00
2015.06.08 23:07:37.429,1.12799,1.12807,1.00,1.50
2015.06.08 23:07:37.948,1.12799,1.12806,1.00,1.00
2015.06.08 23:07:39.775,1.128,1.12806,1.00,2.25
2015.06.08 23:07:40.281,1.12799,1.12806,1.00,1.00
2015.06.08 23:07:46.003,1.12799,1.12807,1.50,4.50
2015.06.08 23:07:46.541,1.12799,1.12806,1.50,1.50
2015.06.08 23:07:47.494,1.12799,1.12807,1.50,4.50
2015.06.08 23:07:48.199,1.12799,1.12806,1.50,1.50
2015.06.08 23:07:50.965,1.128,1.12807,1.00,4.50
2015.06.08 23:07:51.571,1.128,1.12806,1.00,1.50
2015.06.08 23:07:58.222,1.128,1.12807,1.00,5.25
2015.06.08 23:07:58.727,1.12799,1.12806,1.00,1.00
2015.06.08 23:08:08.806,1.128,1.12806,1.00,1.50
2015.06.08 23:08:20.435,1.12801,1.12806,1.00,1.00
2015.06.08 23:08:21.443,1.12801,1.12807,1.00,1.50
2015.06.08 23:08:21.944,1.12801,1.12806,1.00,1.00
2015.06.08 23:08:22.553,1.12801,1.12807,1.00,2.25
2015.06.08 23:08:23.391,1.12801,1.12806,1.00,1.00
2015.06.08 23:08:24.398,1.12801,1.12807,1.00,3.00
2015.06.08 23:08:25.502,1.12801,1.12806,1.00,1.00
2015.06.08 23:08:26.008,1.128,1.12806,1.00,1.50
2015.06.08 23:08:28.267,1.12801,1.12806,1.00,1.00
2015.06.08 23:08:28.904,1.12801,1.12807,1.00,1.50
2015.06.08 23:08:40.545,1.12801,1.12807,1.00,1.87
2015.06.08 23:08:58.913,1.12801,1.12807,1.00,1.87
2015.06.08 23:09:04.853,1.12801,1.12807,1.00,1.87
2015.06.08 23:09:11.453,1.12801,1.12807,1.00,1.12
2015.06.08 23:09:29.668,1.12801,1.12806,1.00,1.00
2015.06.08 23:09:35.487,1.12801,1.12807,1.00,2.62
2015.06.08 23:09:36.328,1.12801,1.12806,1.00,1.00
2015.06.08 23:09:39.618,1.12801,1.12807,1.00,3.37
2015.06.08 23:09:40.169,1.12801,1.12807,1.00,3.37
2015.06.08 23:10:00.171,1.12801,1.12805,1.00,1.00
2015.06.08 23:10:00.703,1.12801,1.12804,1.00,1.00
2015.06.08 23:10:03.060,1.128,1.12804,1.00,1.00
2015.06.08 23:10:03.262,1.12798,1.128,2.32,1.00
2015.06.08 23:10:03.363,1.12797,1.12802,1.00,1.00
2015.06.08 23:10:03.516,1.12795,1.128,1.50,1.12
2015.06.08 23:10:04.059,1.12794,1.12799,1.75,1.00
2015.06.08 23:10:04.110,1.12794,1.12799,1.00,1.00
2015.06.08 23:10:04.617,1.12793,1.12798,1.00,1.00
2015.06.08 23:10:05.691,1.12792,1.12798,1.50,2.25
2015.06.08 23:10:09.287,1.12792,1.12797,1.50,1.00
2015.06.08 23:10:10.108,1.12793,1.12797,1.00,1.00
2015.06.08 23:10:13.264,1.12793,1.12798,1.00,1.00
2015.06.08 23:10:21.158,1.12792,1.12798,1.12,1.50
2015.06.08 23:10:26.894,1.12793,1.12798,1.00,1.00
2015.06.08 23:10:27.678,1.12792,1.12798,1.50,1.50
2015.06.08 23:10:29.425,1.12793,1.12798,1.00,1.00
2015.06.08 23:10:36.236,1.12792,1.12798,1.50,1.50
2015.06.08 23:11:01.733,1.12793,1.12798,1.00,2.25
2015.06.08 23:11:13.282,1.12793,1.12799,1.00,1.50
2015.06.08 23:11:16.789,1.12794,1.128,1.00,3.37
2015.06.08 23:11:17.395,1.12793,1.12799,1.00,1.00
2015.06.08 23:11:33.566,1.12795,1.128,1.00,1.37
2015.06.08 23:11:33.971,1.12797,1.128,1.00,1.37
2015.06.08 23:11:34.275,1.12799,1.12803,1.00,1.12
2015.06.08 23:11:35.442,1.12799,1.12803,1.00,1.37
2015.06.08 23:11:46.406,1.12798,1.12803,4.50,1.37
2015.06.08 23:11:46.608,1.12797,1.128,1.00,1.00
2015.06.08 23:11:47.585,1.12797,1.12801,1.00,1.87
2015.06.08 23:11:48.158,1.12797,1.128,1.00,1.00
2015.06.08 23:11:52.951,1.12797,1.12801,1.00,1.87
2015.06.08 23:11:53.639,1.12797,1.128,1.00,1.00
2015.06.08 23:11:54.143,1.12798,1.128,1.00,1.00
2015.06.08 23:11:55.111,1.12796,1.128,1.00,1.00
2015.06.08 23:11:55.617,1.12797,1.128,1.00,1.00
2015.06.08 23:11:56.147,1.12798,1.128,1.00,1.00
2015.06.08 23:11:56.913,1.12797,1.128,1.00,1.00
2015.06.08 23:11:59.370,1.12797,1.12801,1.00,1.87
2015.06.08 23:11:59.932,1.12797,1.128,1.00,1.00
2015.06.08 23:12:00.456,1.12798,1.128,1.00,1.00
2015.06.08 23:12:00.982,1.12798,1.12801,1.00,1.00
2015.06.08 23:12:09.613,1.12798,1.12802,1.00,1.00
2015.06.08 23:12:15.274,1.12798,1.12803,1.00,1.12
2015.06.08 23:12:17.328,1.128,1.12803,1.00,1.00
2015.06.08 23:12:17.836,1.12801,1.12803,1.00,1.00
2015.06.08 23:12:19.035,1.128,1.12803,1.00,1.00
2015.06.08 23:12:19.743,1.128,1.12803,1.00,1.00
2015.06.08 23:12:21.252,1.128,1.12803,1.00,1.00
2015.06.08 23:12:26.357,1.12801,1.12803,1.00,1.50
2015.06.08 23:12:26.863,1.12801,1.12804,1.00,1.12
2015.06.08 23:12:27.814,1.12801,1.12803,1.00,1.00
2015.06.08 23:12:27.966,1.12798,1.12803,3.00,1.00
2015.06.08 23:12:28.068,1.128,1.12803,1.00,1.00
2015.06.08 23:12:28.473,1.12798,1.12802,1.00,1.50
2015.06.08 23:12:32.573,1.12797,1.12802,1.00,1.50
2015.06.08 23:12:34.153,1.12796,1.12802,1.50,1.50
2015.06.08 23:12:40.084,1.12798,1.12802,1.00,1.50
2015.06.08 23:12:40.590,1.12799,1.12803,1.00,1.00
2015.06.08 23:12:58.726,1.12798,1.12802,3.07,1.00
2015.06.08 23:12:59.228,1.12798,1.12803,2.25,1.12
2015.06.08 23:13:04.678,1.12798,1.12804,6.07,1.87
2015.06.08 23:13:06.919,1.12798,1.12803,6.07,1.00
2015.06.08 23:13:15.123,1.128,1.12804,1.00,1.12
2015.06.08 23:13:16.613,1.12799,1.12804,1.00,1.87
2015.06.08 23:13:29.002,1.12799,1.12803,1.00,1.00
2015.06.08 23:13:31.460,1.12798,1.12803,3.00,1.00
2015.06.08 23:13:34.233,1.12799,1.12803,1.00,1.00
2015.06.08 23:13:39.567,1.12798,1.12803,1.50,1.00
2015.06.08 23:13:40.084,1.12799,1.12803,1.00,1.00
2015.06.08 23:13:45.718,1.12799,1.12804,1.00,2.25
2015.06.08 23:13:52.109,1.12799,1.12803,1.00,1.00
2015.06.08 23:13:52.659,1.12799,1.12804,1.00,1.87
2015.06.08 23:13:57.848,1.128,1.12806,1.00,3.00
2015.06.08 23:13:58.050,1.12802,1.12807,1.00,1.00
2015.06.08 23:13:58.556,1.12804,1.12808,1.00,1.00
2015.06.08 23:13:58.607,1.12804,1.1281,1.00,1.87
2015.06.08 23:13:59.113,1.12805,1.1281,1.00,1.50
2015.06.08 23:14:00.669,1.12804,1.1281,1.00,1.50
2015.06.08 23:14:02.316,1.12805,1.1281,1.00,3.00
2015.06.08 23:14:02.418,1.12803,1.12809,1.00,1.50
2015.06.08 23:14:03.080,1.12804,1.12809,1.00,1.00
2015.06.08 23:14:03.602,1.12803,1.12808,1.00,1.00
2015.06.08 23:14:15.513,1.12801,1.12806,2.25,1.00
2015.06.08 23:14:17.094,1.12802,1.12806,1.00,1.00
2015.06.08 23:14:17.247,1.12802,1.12808,1.00,2.25
2015.06.08 23:14:17.848,1.12802,1.12807,1.00,1.00
2015.06.08 23:14:19.785,1.128,1.12807,2.25,1.00
2015.06.08 23:14:20.311,1.12801,1.12807,1.50,1.00
2015.06.08 23:14:20.843,1.128,1.12807,2.25,2.25
2015.06.08 23:14:23.505,1.128,1.12806,2.25,1.00
2015.06.08 23:14:24.119,1.12801,1.12806,1.00,1.00
2015.06.08 23:14:24.666,1.128,1.12805,1.00,1.00
2015.06.08 23:14:25.191,1.12801,1.12806,1.00,1.00
2015.06.08 23:14:32.369,1.12801,1.12807,1.00,1.50
2015.06.08 23:14:43.669,1.12801,1.12806,1.00,1.00
2015.06.08 23:14:44.177,1.12801,1.12807,2.25,3.75
2015.06.08 23:14:52.285,1.12804,1.12807,1.00,2.25
2015.06.08 23:14:52.538,1.12805,1.12809,1.50,1.00
2015.06.08 23:14:52.640,1.12807,1.1281,2.40,1.12
2015.06.08 23:14:52.889,1.12808,1.12812,2.02,2.25
2015.06.08 23:14:53.396,1.12808,1.12812,1.27,1.37
2015.06.08 23:14:56.192,1.12808,1.12812,2.02,1.00
2015.06.08 23:14:56.738,1.12807,1.12811,3.52,1.50
2015.06.08 23:15:06.849,1.12807,1.12812,2.40,1.00
2015.06.08 23:15:07.451,1.12808,1.12813,2.02,3.00
2015.06.08 23:15:08.108,1.12808,1.12813,2.02,2.62
2015.06.08 23:15:08.617,1.12809,1.12812,1.50,1.37
2015.06.08 23:15:11.610,1.12809,1.12812,1.50,1.00
2015.06.08 23:15:12.132,1.12808,1.12811,2.02,1.00
2015.06.08 23:15:16.976,1.12808,1.12813,2.02,1.00
2015.06.08 23:15:17.557,1.12808,1.12812,1.50,1.00
2015.06.08 23:15:18.865,1.12808,1.12811,2.02,1.00
2015.06.08 23:15:19.492,1.12807,1.1281,1.12,1.50
2015.06.08 23:15:19.625,1.12807,1.12808,1.20,1.00
2015.06.08 23:15:19.727,1.12806,1.1281,1.27,1.00
2015.06.08 23:15:19.778,1.12808,1.1281,1.27,1.00
2015.06.08 23:15:19.880,1.12803,1.12804,1.00,3.00
2015.06.08 23:15:19.983,1.12807,1.12809,1.65,7.00
2015.06.08 23:15:20.034,1.12806,1.12808,2.02,1.00
2015.06.08 23:15:20.136,1.12808,1.12812,1.50,1.00
2015.06.08 23:15:20.650,1.12808,1.12813,2.02,3.00
2015.06.08 23:15:24.709,1.12808,1.12812,2.02,1.00
2015.06.08 23:15:28.226,1.12808,1.12811,1.50,1.00
2015.06.08 23:15:28.327,1.12806,1.12811,1.50,1.00
2015.06.08 23:15:29.273,1.12806,1.1281,1.50,1.00
2015.06.08 23:15:30.972,1.12806,1.12811,1.00,1.00
2015.06.08 23:15:31.023,1.12805,1.12807,1.00,1.00
2015.06.08 23:15:31.125,1.12802,1.12806,1.10,1.00
2015.06.08 23:15:31.980,1.12804,1.12807,1.00,3.75
2015.06.08 23:15:32.184,1.12801,1.12806,1.50,1.50
2015.06.08 23:15:32.733,1.128,1.12806,3.56,2.25
2015.06.08 23:15:33.991,1.12801,1.12806,1.00,2.25
2015.06.08 23:15:34.134,1.12801,1.12804,2.25,1.00
2015.06.08 23:15:34.287,1.128,1.12806,2.25,1.50
2015.06.08 23:15:34.389,1.128,1.12804,1.00,1.50
2015.06.08 23:15:34.542,1.12797,1.12803,1.65,1.00
2015.06.08 23:15:34.847,1.12795,1.12802,1.50,1.00
2015.06.08 23:15:35.361,1.12795,1.12801,1.00,1.50
2015.06.08 23:15:40.001,1.12795,1.128,1.00,1.00
2015.06.08 23:15:40.546,1.12795,1.12801,1.00,2.25
2015.06.08 23:15:41.097,1.12795,1.128,1.00,1.00
2015.06.08 23:15:42.237,1.12799,1.128,1.00,1.00
2015.06.08 23:15:42.288,1.12799,1.12802,1.00,6.00
2015.06.08 23:15:42.390,1.12799,1.12804,1.00,1.00
2015.06.08 23:15:42.922,1.12799,1.12803,1.00,1.00
2015.06.08 23:15:48.918,1.12798,1.12801,1.00,2.25
2015.06.08 23:15:48.969,1.12795,1.12801,1.87,2.25
2015.06.08 23:15:49.121,1.12794,1.12798,2.25,1.00
2015.06.08 23:15:50.122,1.12793,1.12798,3.75,1.00
2015.06.08 23:15:50.325,1.12792,1.12798,1.95,1.50
2015.06.08 23:15:59.780,1.12792,1.12798,3.00,1.50
2015.06.08 23:15:59.881,1.12794,1.12798,1.00,1.00
2015.06.08 23:16:00.424,1.12792,1.12798,1.87,1.50
2015.06.08 23:16:01.370,1.12792,1.12798,1.12,1.50
2015.06.08 23:16:07.330,1.12792,1.12797,1.12,1.00
2015.06.08 23:16:07.836,1.12791,1.12796,1.12,1.00
2015.06.08 23:16:08.379,1.12791,1.12796,1.37,1.00
2015.06.08 23:16:11.668,1.1279,1.12794,4.50,3.37
2015.06.08 23:16:11.871,1.12788,1.12791,6.75,1.00
2015.06.08 23:16:12.232,1.12786,1.12792,1.00,1.00
2015.06.08 23:16:12.283,1.12788,1.12793,1.00,1.00
2015.06.08 23:16:12.840,1.12789,1.12793,1.00,1.00
2015.06.08 23:16:13.582,1.12789,1.12794,1.00,1.87
2015.06.08 23:16:14.090,1.12789,1.12793,1.00,1.00
2015.06.08 23:16:17.079,1.12789,1.12794,1.00,1.50
2015.06.08 23:16:17.711,1.12789,1.12793,1.00,1.00
2015.06.08 23:16:18.242,1.1279,1.12795,1.00,1.00
2015.06.08 23:16:18.293,1.12796,1.12798,1.00,4.50
2015.06.08 23:16:18.596,1.12798,1.128,1.00,2.25
2015.06.08 23:16:19.092,1.12796,1.12799,1.00,1.00
2015.06.08 23:16:19.593,1.12795,1.12799,1.00,1.00
2015.06.08 23:16:20.099,1.12794,1.12799,1.00,1.00
2015.06.08 23:16:20.647,1.12795,1.12799,1.00,1.00
2015.06.08 23:16:21.149,1.12796,1.128,1.00,3.00
2015.06.08 23:16:21.352,1.12803,1.12805,1.00,1.00
2015.06.08 23:16:21.504,1.12805,1.12807,1.00,1.50
2015.06.08 23:16:22.030,1.12806,1.12808,1.00,1.00
2015.06.08 23:16:22.082,1.12804,1.12808,1.00,1.00
2015.06.08 23:16:22.284,1.12802,1.12807,1.00,1.00
2015.06.08 23:16:22.804,1.12803,1.12808,1.00,1.50
2015.06.08 23:16:22.956,1.12801,1.12808,1.00,3.00
2015.06.08 23:16:23.468,1.12801,1.12807,1.00,1.00
2015.06.08 23:16:23.778,1.12803,1.12807,1.00,1.00
2015.06.08 23:16:24.284,1.12804,1.12808,1.00,3.75
2015.06.08 23:16:24.588,1.12803,1.12805,2.25,1.00
2015.06.08 23:16:26.484,1.12802,1.12805,1.00,1.50
2015.06.08 23:16:27.035,1.12801,1.12805,1.50,2.25
2015.06.08 23:16:27.381,1.12804,1.12805,2.98,1.00
2015.06.08 23:16:27.584,1.12807,1.12808,1.00,1.00
2015.06.08 23:16:27.736,1.12808,1.1281,1.00,4.87
2015.06.08 23:16:27.990,1.12808,1.12809,1.00,1.00
2015.06.08 23:16:28.092,1.12808,1.1281,1.00,1.00
2015.06.08 23:16:28.642,1.12808,1.12811,1.00,5.25
2015.06.08 23:16:29.173,1.12806,1.12811,1.50,5.25
2015.06.08 23:16:29.708,1.12807,1.12811,1.00,5.25
2015.06.08 23:16:30.216,1.12809,1.12811,1.00,3.00
2015.06.08 23:16:30.419,1.12813,1.12815,1.00,1.50
2015.06.08 23:16:30.925,1.12813,1.12814,1.00,1.00
2015.06.08 23:16:31.178,1.12812,1.12815,1.00,1.50
2015.06.08 23:16:31.700,1.12813,1.12815,1.00,1.00
2015.06.08 23:16:32.005,1.12811,1.12815,3.00,1.00
2015.06.08 23:16:32.107,1.12813,1.12815,1.00,1.50
2015.06.08 23:16:32.209,1.12811,1.12815,3.00,1.50
2015.06.08 23:16:32.411,1.12813,1.12815,1.00,1.50
2015.06.08 23:16:33.207,1.12814,1.12815,1.00,1.00
2015.06.08 23:16:33.512,1.12819,1.1282,1.50,1.12
2015.06.08 23:16:33.613,1.1282,1.12823,1.50,4.65
2015.06.08 23:16:34.121,1.12818,1.12823,2.25,1.65
2015.06.08 23:16:35.459,1.12819,1.12823,1.00,2.02
2015.06.08 23:16:35.965,1.1282,1.12823,1.00,1.00
2015.06.08 23:16:36.473,1.1282,1.12824,1.00,3.00
2015.06.08 23:16:37.774,1.12819,1.12824,2.25,2.25
2015.06.08 23:16:37.876,1.12821,1.12824,1.00,1.00
2015.06.08 23:16:38.079,1.12818,1.12823,1.00,1.00
2015.06.08 23:16:38.608,1.12817,1.12822,1.00,3.37
2015.06.08 23:16:38.916,1.12815,1.12821,1.00,1.00
2015.06.08 23:16:39.482,1.12814,1.1282,1.50,1.00
2015.06.08 23:16:39.988,1.12813,1.12819,1.00,1.00
2015.06.08 23:16:41.185,1.12816,1.1282,1.00,1.50
2015.06.08 23:16:41.590,1.12814,1.12819,1.00,1.00
2015.06.08 23:16:43.225,1.12813,1.12819,1.00,1.50
2015.06.08 23:16:43.731,1.12813,1.12818,1.00,1.00
2015.06.08 23:16:44.258,1.12814,1.12818,1.00,1.50
2015.06.08 23:16:46.214,1.12815,1.12818,1.00,1.00
2015.06.08 23:16:50.487,1.12814,1.12818,1.00,1.00
2015.06.08 23:16:51.034,1.12814,1.12819,1.00,3.37
2015.06.08 23:16:54.713,1.12814,1.12818,1.00,1.00
2015.06.08 23:17:01.903,1.12814,1.12819,1.00,3.00
2015.06.08 23:17:03.217,1.12812,1.12818,2.25,1.00
2015.06.08 23:17:03.723,1.12812,1.12817,1.00,1.50
2015.06.08 23:17:04.722,1.12812,1.12816,1.00,1.00
2015.06.08 23:17:05.229,1.12812,1.12817,1.00,1.00
2015.06.08 23:17:05.776,1.12813,1.12818,1.00,1.00
2015.06.08 23:17:06.290,1.12814,1.12818,1.00,1.50
2015.06.08 23:17:06.799,1.12813,1.12818,1.00,1.50
2015.06.08 23:17:08.144,1.12815,1.12818,1.00,1.50
2015.06.08 23:17:08.665,1.12815,1.12819,1.00,3.37
2015.06.08 23:17:09.040,1.12813,1.12818,1.00,1.00
2015.06.08 23:17:09.457,1.12815,1.12818,1.00,1.00
2015.06.08 23:17:10.014,1.12813,1.12818,1.12,1.00
2015.06.08 23:17:10.241,1.12815,1.12818,1.00,1.00
2015.06.08 23:17:10.646,1.12813,1.12818,1.00,1.00
2015.06.08 23:17:13.562,1.12815,1.12819,1.00,2.62
2015.06.08 23:17:14.084,1.12814,1.12818,1.00,1.00
2015.06.08 23:17:14.617,1.12815,1.12818,1.00,1.00
2015.06.08 23:17:16.148,1.12814,1.12818,1.00,1.00
2015.06.08 23:17:16.550,1.12816,1.12819,1.00,1.87
2015.06.08 23:17:16.962,1.12814,1.12818,1.00,1.00
2015.06.08 23:17:17.266,1.12816,1.12818,1.00,1.00
2015.06.08 23:17:17.367,1.12814,1.12818,1.00,1.00
2015.06.08 23:17:21.367,1.12813,1.12818,1.00,1.00
2015.06.08 23:17:21.671,1.12815,1.12818,1.00,1.00
2015.06.08 23:17:24.178,1.12813,1.12818,1.00,1.00
2015.06.08 23:17:24.683,1.12814,1.12818,1.00,1.00
2015.06.08 23:17:25.825,1.12814,1.12817,1.00,1.00
2015.06.08 23:17:25.877,1.12812,1.12816,1.50,1.00
2015.06.08 23:17:26.079,1.12812,1.12818,1.00,1.50
2015.06.08 23:17:26.640,1.12813,1.12818,1.00,1.50
2015.06.08 23:17:27.155,1.12814,1.12818,1.00,1.00
2015.06.08 23:17:27.701,1.12813,1.12818,1.00,1.50
2015.06.08 23:17:38.986,1.12812,1.12816,1.00,1.00
2015.06.08 23:17:39.088,1.1281,1.12816,1.00,1.87
2015.06.08 23:17:46.679,1.12812,1.12816,1.00,1.87
2015.06.08 23:17:47.200,1.12811,1.12815,1.00,1.00
2015.06.08 23:17:49.996,1.1281,1.12812,1.00,1.00
2015.06.08 23:17:50.351,1.12811,1.12815,1.00,1.87
2015.06.08 23:17:50.857,1.12811,1.12816,1.00,1.00
2015.06.08 23:17:51.211,1.12813,1.12817,1.00,1.87
2015.06.08 23:17:51.771,1.12814,1.12817,1.00,1.00
2015.06.08 23:17:52.278,1.12815,1.12818,1.00,1.00
2015.06.08 23:17:52.784,1.12815,1.12819,1.00,1.87
2015.06.08 23:17:56.147,1.12815,1.12818,1.00,1.00
2015.06.08 23:17:58.576,1.12816,1.12818,1.00,1.00
2015.06.08 23:17:59.083,1.12814,1.12818,1.00,2.25
2015.06.08 23:18:01.303,1.12815,1.12818,1.00,2.25
2015.06.08 23:18:01.852,1.12814,1.12818,1.00,2.25
2015.06.08 23:18:03.277,1.12815,1.12818,1.00,2.25
2015.06.08 23:18:03.817,1.12814,1.12818,1.00,2.25
2015.06.08 23:18:05.288,1.12815,1.12818,1.00,2.25
2015.06.08 23:18:05.796,1.12814,1.12818,1.00,2.25
2015.06.08 23:18:07.282,1.12815,1.12818,1.00,2.25
2015.06.08 23:18:08.024,1.12814,1.12818,1.00,2.25
2015.06.08 23:18:08.898,1.12813,1.12818,1.00,2.25
2015.06.08 23:18:09.408,1.12812,1.12818,3.00,2.25
2015.06.08 23:18:18.196,1.12814,1.12818,1.00,2.25
2015.06.08 23:18:18.732,1.12815,1.12818,1.00,1.00
2015.06.08 23:18:24.130,1.12815,1.12819,1.00,1.12
2015.06.08 23:18:26.273,1.12815,1.12818,1.00,1.00
2015.06.08 23:18:29.952,1.12816,1.12818,1.00,1.00
2015.06.08 23:18:32.062,1.12814,1.12818,1.00,1.00
2015.06.08 23:18:50.868,1.12816,1.12818,1.00,1.00
2015.06.08 23:18:51.208,1.12814,1.12818,1.00,1.00
2015.06.08 23:18:51.481,1.12816,1.12819,1.00,1.87
2015.06.08 23:18:53.764,1.12814,1.12819,1.00,1.12
2015.06.08 23:18:54.788,1.12819,1.12821,1.00,3.37
2015.06.08 23:18:54.941,1.1282,1.12822,1.00,1.00
2015.06.08 23:18:55.456,1.1282,1.12823,1.00,1.00
2015.06.08 23:18:55.558,1.12818,1.12823,3.37,1.00
2015.06.08 23:18:56.098,1.12819,1.12823,1.00,2.25
2015.06.08 23:18:56.604,1.1282,1.12823,1.00,1.50
2015.06.08 23:18:57.240,1.1282,1.12822,1.00,1.00
2015.06.08 23:18:57.755,1.1282,1.12823,1.00,1.12
2015.06.08 23:18:59.853,1.12819,1.12823,1.00,1.12
2015.06.08 23:19:02.166,1.12818,1.12823,1.57,1.50
2015.06.08 23:19:02.369,1.12815,1.12821,1.12,1.00
2015.06.08 23:19:02.516,1.12817,1.1282,1.20,1.00
2015.06.08 23:19:02.618,1.12814,1.12819,1.00,1.87
2015.06.08 23:19:03.127,1.12814,1.12818,1.00,1.00
2015.06.08 23:19:04.768,1.12813,1.12818,1.00,1.00
2015.06.08 23:19:15.949,1.12813,1.12819,1.00,1.12
2015.06.08 23:19:16.844,1.12813,1.12819,1.00,3.37
2015.06.08 23:19:16.996,1.12811,1.12819,1.00,4.12
2015.06.08 23:19:17.397,1.12813,1.12819,1.00,3.75
2015.06.08 23:19:26.076,1.12813,1.12819,1.00,3.00
2015.06.08 23:19:26.229,1.12811,1.12817,1.00,1.00
2015.06.08 23:19:26.761,1.1281,1.12818,2.25,2.25
2015.06.08 23:19:29.891,1.12811,1.12818,1.00,1.00
2015.06.08 23:19:30.202,1.12813,1.12819,1.00,1.12
2015.06.08 23:19:31.622,1.12811,1.12819,3.00,1.12
2015.06.08 23:19:35.431,1.12813,1.12819,1.00,1.00
2015.06.08 23:19:35.936,1.12814,1.1282,1.00,1.12
2015.06.08 23:19:36.453,1.12813,1.12819,1.00,1.00
2015.06.08 23:19:45.416,1.12814,1.1282,1.00,2.62
2015.06.08 23:20:01.946,1.12813,1.12819,1.00,1.00
2015.06.08 23:20:02.641,1.12814,1.12819,1.00,1.87
2015.06.08 23:20:02.864,1.12812,1.12819,1.00,1.87
2015.06.08 23:20:03.746,1.12811,1.12817,3.75,1.00
2015.06.08 23:20:04.281,1.12812,1.12818,1.00,2.25
2015.06.08 23:20:04.806,1.12813,1.12818,1.00,1.50
2015.06.08 23:20:05.838,1.12812,1.12818,1.00,2.25
2015.06.08 23:20:06.142,1.12814,1.1282,1.00,5.25
2015.06.08 23:20:06.787,1.12813,1.12819,1.00,1.00
2015.06.08 23:20:21.756,1.12812,1.12818,1.50,1.00
2015.06.08 23:20:29.587,1.12812,1.12817,1.00,1.00
2015.06.08 23:20:29.992,1.1281,1.12816,3.75,1.00
2015.06.08 23:20:30.540,1.1281,1.12818,2.25,5.62
2015.06.08 23:20:46.903,1.1281,1.12816,3.75,1.00
2015.06.08 23:20:47.548,1.12811,1.12817,1.00,3.37
2015.06.08 23:20:56.432,1.1281,1.12816,2.25,1.00
2015.06.08 23:21:02.128,1.12811,1.12817,1.00,1.87
2015.06.08 23:21:04.742,1.12813,1.12818,1.00,1.37
2015.06.08 23:21:16.434,1.12812,1.12819,1.50,1.37
2015.06.08 23:21:23.940,1.12814,1.12818,1.00,1.37
2015.06.08 23:21:39.992,1.12813,1.12819,1.00,3.00
2015.06.08 23:21:40.690,1.12814,1.12818,1.00,1.37
2015.06.08 23:21:41.456,1.12816,1.1282,1.00,1.87
2015.06.08 23:21:41.962,1.12815,1.1282,1.00,1.37
2015.06.08 23:21:42.892,1.12816,1.1282,1.00,1.37
2015.06.08 23:21:43.670,1.12814,1.1282,1.00,1.37
2015.06.08 23:21:43.872,1.12816,1.1282,1.00,1.37
2015.06.08 23:21:44.638,1.12815,1.1282,1.00,1.37
2015.06.08 23:21:45.950,1.12814,1.1282,1.00,1.87
2015.06.08 23:21:46.455,1.12813,1.12819,1.00,1.37
2015.06.08 23:21:52.157,1.12812,1.12817,1.00,1.87
2015.06.08 23:21:52.663,1.12813,1.12818,1.00,1.87
2015.06.08 23:21:58.209,1.12812,1.12817,1.00,1.12
2015.06.08 23:21:58.311,1.1281,1.12816,3.00,1.00
2015.06.08 23:21:58.811,1.12808,1.12813,1.00,2.25
2015.06.08 23:21:59.118,1.12805,1.1281,1.00,2.25
2015.06.08 23:21:59.271,1.12803,1.12807,1.00,1.37
2015.06.08 23:21:59.791,1.12803,1.12809,1.00,2.62
2015.06.08 23:22:02.243,1.12803,1.12809,1.00,3.00
2015.06.08 23:22:03.974,1.12803,1.12809,1.00,3.00
2015.06.08 23:22:06.029,1.12803,1.12809,1.00,3.37
2015.06.08 23:22:09.127,1.12801,1.12807,1.00,1.00
2015.06.08 23:22:09.633,1.12801,1.12807,1.00,1.37
2015.06.08 23:22:10.536,1.12801,1.12807,1.00,2.25
2015.06.08 23:22:16.249,1.12801,1.12807,1.00,5.25
2015.06.08 23:22:16.976,1.12801,1.12807,1.00,5.62
2015.06.08 23:22:17.128,1.12798,1.12804,1.12,1.12
2015.06.08 23:22:17.179,1.12798,1.12804,1.12,5.62
2015.06.08 23:22:21.873,1.12798,1.12804,1.12,3.75
2015.06.08 23:22:22.178,1.12807,1.1281,1.12,1.00
2015.06.08 23:22:22.229,1.12804,1.12809,1.37,1.00
2015.06.08 23:22:22.509,1.12803,1.12809,1.00,1.87
2015.06.08 23:22:23.016,1.12804,1.12809,1.00,1.50
2015.06.08 23:22:24.018,1.12803,1.12809,1.00,2.25
2015.06.08 23:22:38.223,1.12806,1.12809,1.52,1.00
2015.06.08 23:22:38.325,1.12808,1.12811,1.27,1.00
2015.06.08 23:22:38.426,1.12808,1.12813,1.27,1.50
2015.06.08 23:22:39.484,1.12808,1.12814,1.27,3.00
2015.06.08 23:22:40.993,1.12808,1.12811,1.27,1.00
2015.06.08 23:22:46.210,1.12808,1.12812,1.27,1.12
2015.06.08 23:22:46.937,1.12808,1.12811,1.27,1.00
2015.06.08 23:22:49.022,1.12808,1.12812,1.27,1.00
2015.06.08 23:22:49.528,1.12809,1.12813,1.00,1.12
2015.06.08 23:22:50.036,1.1281,1.12813,1.00,1.00
2015.06.08 23:22:50.542,1.1281,1.12815,1.00,1.00
2015.06.08 23:22:51.710,1.1281,1.12816,1.00,4.12
2015.06.08 23:22:51.964,1.12812,1.12816,1.00,1.00
2015.06.08 23:22:52.490,1.12811,1.12816,1.00,1.00
2015.06.08 23:22:57.084,1.12812,1.12816,1.00,1.00
2015.06.08 23:22:57.590,1.12811,1.12816,1.00,1.00
2015.06.08 23:22:58.652,1.12812,1.12816,1.00,1.00
2015.06.08 23:22:58.905,1.1281,1.12816,4.50,1.00
2015.06.08 23:22:58.956,1.12812,1.12816,1.00,1.00
2015.06.08 23:23:06.972,1.12813,1.12816,1.00,1.00
2015.06.08 23:23:07.349,1.12811,1.12816,1.00,1.00
2015.06.08 23:23:13.966,1.1281,1.12816,1.00,1.50
2015.06.08 23:23:27.883,1.12812,1.12816,1.00,1.00
2015.06.08 23:23:29.293,1.12812,1.12817,1.00,1.00
2015.06.08 23:23:42.438,1.12812,1.12814,1.00,1.05
2015.06.08 23:23:42.551,1.1281,1.12814,1.00,1.50
2015.06.08 23:23:43.058,1.1281,1.12815,1.00,1.50
2015.06.08 23:23:45.752,1.1281,1.12814,1.00,1.00
2015.06.08 23:23:47.831,1.1281,1.12815,1.00,1.50
2015.06.08 23:23:52.738,1.12809,1.12815,1.00,3.00
2015.06.08 23:23:53.244,1.12809,1.12814,1.00,1.00
2015.06.08 23:23:53.750,1.12808,1.12813,2.25,1.50
2015.06.08 23:23:53.902,1.12807,1.12811,1.72,1.00
2015.06.08 23:23:54.417,1.12807,1.1281,1.72,1.00
2015.06.08 23:23:54.721,1.12804,1.12806,1.00,1.50
2015.06.08 23:23:54.772,1.12801,1.12806,1.00,2.25
2015.06.08 23:23:55.329,1.12805,1.12807,1.37,3.00
2015.06.08 23:23:55.432,1.12806,1.12808,1.00,1.12
2015.06.08 23:23:55.948,1.12803,1.1281,2.25,3.75
2015.06.08 23:24:00.697,1.12803,1.1281,2.25,4.12
2015.06.08 23:24:03.912,1.12806,1.12809,1.75,1.00
2015.06.08 23:24:11.333,1.12809,1.1281,1.00,1.50
2015.06.08 23:24:11.485,1.12809,1.12812,1.00,2.25
2015.06.08 23:24:20.577,1.12809,1.12813,1.00,1.12
2015.06.08 23:24:21.718,1.12809,1.12811,1.00,1.00
2015.06.08 23:24:22.023,1.12802,1.12806,1.87,1.50
2015.06.08 23:24:22.155,1.128,1.12806,3.75,2.25
2015.06.08 23:24:22.671,1.128,1.12805,1.50,1.00
2015.06.08 23:24:30.313,1.128,1.12806,1.00,3.00
2015.06.08 23:25:00.536,1.12799,1.12804,1.50,1.00
2015.06.08 23:25:00.896,1.12803,1.12806,1.00,1.50
2015.06.08 23:25:01.199,1.12808,1.1281,1.10,1.37
2015.06.08 23:25:01.860,1.12808,1.12811,1.10,2.62
2015.06.08 23:25:02.366,1.12808,1.12811,1.10,1.12
2015.06.08 23:25:10.140,1.12808,1.12813,3.82,1.50
2015.06.08 23:25:10.757,1.12808,1.12813,5.32,1.87
2015.06.08 23:25:11.758,1.12808,1.12814,5.32,1.00
2015.06.08 23:25:12.011,1.1281,1.12815,1.00,1.00
2015.06.08 23:25:12.532,1.12811,1.12817,1.00,3.00
2015.06.08 23:25:14.839,1.1281,1.12816,5.62,1.00
2015.06.08 23:25:27.208,1.1281,1.12815,1.00,1.00
2015.06.08 23:25:27.564,1.12808,1.12814,7.57,1.00
2015.06.08 23:25:28.069,1.12809,1.12815,1.00,1.87
2015.06.08 23:25:29.151,1.12808,1.12814,7.57,1.00
2015.06.08 23:25:30.139,1.12808,1.12815,7.57,1.12
2015.06.08 23:25:31.376,1.12808,1.12814,6.82,1.00
2015.06.08 23:25:35.443,1.12809,1.12815,1.00,2.25
2015.06.08 23:25:56.765,1.12808,1.12814,6.07,1.00
2015.06.08 23:25:56.917,1.12807,1.12812,1.00,1.00
2015.06.08 23:25:57.171,1.12805,1.12811,3.37,1.00
2015.06.08 23:25:57.525,1.12803,1.1281,3.00,1.00
2015.06.08 23:25:58.048,1.12803,1.12809,1.00,1.00
2015.06.08 23:25:58.571,1.12802,1.12808,2.25,1.00
2015.06.08 23:26:04.508,1.12802,1.12807,3.00,1.00
2015.06.08 23:26:04.711,1.12803,1.12809,1.00,1.00
2015.06.08 23:26:05.226,1.12802,1.12807,2.25,1.00
2015.06.08 23:26:05.906,1.12802,1.12806,1.50,1.00
2015.06.08 23:26:08.184,1.12801,1.12806,1.87,1.00
2015.06.08 23:26:08.518,1.128,1.12804,2.25,1.00
2015.06.08 23:26:09.024,1.128,1.12805,2.25,1.00
2015.06.08 23:26:13.705,1.128,1.12804,1.50,1.00
2015.06.08 23:26:14.008,1.128,1.12802,1.50,1.00
2015.06.08 23:26:14.161,1.12798,1.12803,6.15,2.25
2015.06.08 23:26:14.317,1.12798,1.12801,4.65,1.00
2015.06.08 23:26:14.624,1.12798,1.12803,4.65,1.50
2015.06.08 23:26:15.131,1.12798,1.12802,4.65,1.00
2015.06.08 23:26:16.703,1.12798,1.12801,2.25,1.00
2015.06.08 23:26:16.805,1.12794,1.12798,1.50,1.00
2015.06.08 23:26:16.907,1.12794,1.12796,1.00,1.00
2015.06.08 23:26:17.016,1.12792,1.12795,1.00,1.00
2015.06.08 23:26:17.067,1.12789,1.12795,2.25,1.00
2015.06.08 23:26:17.574,1.12789,1.12794,1.00,1.00
2015.06.08 23:26:18.363,1.12792,1.12794,1.00,1.00
2015.06.08 23:26:18.414,1.12793,1.12796,4.12,1.50
2015.06.08 23:26:18.553,1.12791,1.12798,1.00,1.50
2015.06.08 23:26:18.959,1.1279,1.12796,4.50,1.00
2015.06.08 23:26:19.465,1.12791,1.12797,1.50,1.00
2015.06.08 23:26:26.346,1.12793,1.12798,3.00,1.50
2015.06.08 23:26:26.601,1.12798,1.12804,5.40,1.00
2015.06.08 23:26:26.703,1.12798,1.12802,4.65,1.00
2015.06.08 23:26:27.037,1.12793,1.12795,1.00,1.00
2015.06.08 23:26:27.544,1.12791,1.12795,1.07,1.00
2015.06.08 23:26:28.153,1.12791,1.12794,1.07,1.00
2015.06.08 23:26:29.350,1.12791,1.12793,1.10,1.00
2015.06.08 23:26:29.898,1.1279,1.12793,1.87,1.00
2015.06.08 23:26:33.238,1.1279,1.12795,1.12,1.00
2015.06.08 23:26:33.341,1.1279,1.12793,1.12,1.00
2015.06.08 23:26:43.852,1.12788,1.12793,7.57,1.00
2015.06.08 23:26:44.557,1.12788,1.12792,7.57,1.00
2015.06.08 23:26:56.302,1.12788,1.12793,10.57,1.00
2015.06.08 23:27:00.782,1.12788,1.12792,10.57,1.00
2015.06.08 23:27:00.952,1.12786,1.1279,1.65,1.00
2015.06.08 23:27:01.307,1.12787,1.12789,1.20,1.00
2015.06.08 23:27:01.408,1.12785,1.12787,1.00,1.00
2015.06.08 23:27:01.561,1.12784,1.12788,2.62,1.00
2015.06.08 23:27:02.017,1.12784,1.12787,1.00,1.00
2015.06.08 23:27:02.189,1.12788,1.12789,1.10,1.00
2015.06.08 23:27:02.240,1.12788,1.12791,1.10,1.37
2015.06.08 23:27:03.214,1.12787,1.12791,1.00,2.92
2015.06.08 23:27:04.372,1.12787,1.12788,1.00,1.00
2015.06.08 23:27:04.525,1.12784,1.12786,1.00,1.00
2015.06.08 23:27:04.576,1.12782,1.12786,2.32,1.00
2015.06.08 23:27:05.082,1.12782,1.12785,1.00,1.00
2015.06.08 23:27:10.498,1.12782,1.12787,1.37,1.00
2015.06.08 23:27:10.600,1.12787,1.12789,1.20,1.87
2015.06.08 23:27:11.107,1.12787,1.12788,1.10,1.00
2015.06.08 23:27:15.722,1.12785,1.12787,1.50,1.00
2015.06.08 23:27:16.258,1.12785,1.12788,1.00,1.00
2015.06.08 23:27:16.760,1.12786,1.12788,1.00,1.00
2015.06.08 23:27:17.267,1.12786,1.12789,1.00,1.00
2015.06.08 23:27:18.924,1.12785,1.12788,2.62,1.00
2015.06.08 23:27:20.988,1.12784,1.12788,1.00,1.00
2015.06.08 23:27:31.472,1.12785,1.12788,1.50,1.00
2015.06.08 23:27:31.981,1.12784,1.12788,1.00,1.00
2015.06.08 23:27:35.545,1.12785,1.12789,1.00,1.00
2015.06.08 23:27:36.050,1.12784,1.12789,1.00,1.00
2015.06.08 23:27:36.556,1.12785,1.12789,1.87,1.00
2015.06.08 23:27:42.035,1.12785,1.12791,2.62,1.00
2015.06.08 23:27:42.564,1.12786,1.12791,2.25,1.00
2015.06.08 23:27:42.868,1.12789,1.12792,1.00,1.50
2015.06.08 23:27:43.020,1.12789,1.12794,1.50,1.00
2015.06.08 23:27:43.129,1.12789,1.12796,1.50,1.00
2015.06.08 23:27:43.281,1.12791,1.12796,1.50,1.00
2015.06.08 23:28:09.055,1.12791,1.12795,1.50,1.00
2015.06.08 23:28:09.571,1.12791,1.12796,2.25,1.00
2015.06.08 23:28:55.122,1.12792,1.12796,1.00,1.00
2015.06.08 23:29:05.411,1.12791,1.12796,2.25,1.00
2015.06.08 23:29:05.976,1.1279,1.12795,2.62,1.00
2015.06.08 23:29:06.482,1.1279,1.12794,2.62,1.00
2015.06.08 23:29:23.648,1.1279,1.12795,2.62,1.00
2015.06.08 23:29:23.954,1.12792,1.12796,4.87,1.00
2015.06.08 23:29:24.463,1.12792,1.12795,1.50,1.00
2015.06.08 23:29:28.296,1.1279,1.12795,4.12,1.00
2015.06.08 23:29:30.744,1.12791,1.12795,1.00,1.00
2015.06.08 23:29:31.262,1.1279,1.12794,2.62,1.00
2015.06.08 23:29:47.770,1.1279,1.12795,3.37,1.00
2015.06.08 23:29:47.872,1.1279,1.12795,5.32,1.00
2015.06.08 23:29:48.176,1.1279,1.12795,4.20,1.00
2015.06.08 23:29:48.677,1.12791,1.12795,1.57,1.00
2015.06.08 23:29:50.068,1.12791,1.12796,1.57,1.00
2015.06.08 23:29:53.872,1.12791,1.12795,1.57,1.00
2015.06.08 23:29:55.661,1.12791,1.12795,1.57,1.00
2015.06.08 23:29:56.283,1.12791,1.12795,1.57,1.00
2015.06.08 23:30:03.290,1.12791,1.12794,1.57,1.00
2015.06.08 23:30:03.796,1.1279,1.12795,1.95,1.00
2015.06.08 23:30:04.311,1.1279,1.12795,1.95,1.00
2015.06.08 23:30:04.820,1.12789,1.12794,2.62,1.00
2015.06.08 23:30:05.225,1.12791,1.12796,3.00,1.00
2015.06.08 23:30:06.419,1.12791,1.12797,1.00,1.00
2015.06.08 23:30:06.926,1.12792,1.12797,1.50,1.00
2015.06.08 23:30:07.453,1.12791,1.12797,5.25,1.00
2015.06.08 23:30:07.980,1.12792,1.12797,1.50,1.00
2015.06.08 23:30:08.518,1.12793,1.12798,1.00,1.00
2015.06.08 23:30:09.024,1.12792,1.12798,3.75,1.00
2015.06.08 23:30:09.226,1.12794,1.12798,1.00,1.00
2015.06.08 23:30:09.504,1.12792,1.12797,2.25,1.00
2015.06.08 23:30:10.010,1.12793,1.12798,1.50,1.00
2015.06.08 23:30:10.655,1.12794,1.12798,1.00,1.00
2015.06.08 23:30:11.600,1.12794,1.12799,2.25,1.50
2015.06.08 23:30:12.820,1.12794,1.12798,2.25,1.00
2015.06.08 23:30:14.660,1.12793,1.12798,3.00,1.00
2015.06.08 23:30:18.647,1.12792,1.12798,3.75,1.00
2015.06.08 23:30:19.197,1.12792,1.12797,1.50,1.00
2015.06.08 23:30:26.076,1.12791,1.12797,5.62,1.00
2015.06.08 23:30:26.127,1.12791,1.12795,2.25,1.00
2015.06.08 23:30:26.633,1.12789,1.12794,2.62,1.00
2015.06.08 23:30:27.091,1.12788,1.12793,1.50,1.00
2015.06.08 23:30:27.638,1.12789,1.12793,1.00,1.00
2015.06.08 23:30:36.301,1.12788,1.12793,3.75,1.12
2015.06.08 23:30:43.987,1.12788,1.1279,4.50,1.00
2015.06.08 23:30:44.039,1.12786,1.12789,1.00,1.12
2015.06.08 23:30:44.191,1.12784,1.12786,1.00,1.00
2015.06.08 23:30:44.293,1.12782,1.12785,1.87,1.00
2015.06.08 23:30:44.798,1.12781,1.12784,1.87,1.00
2015.06.08 23:30:46.277,1.12781,1.12784,1.87,1.00
2015.06.08 23:30:58.461,1.12781,1.12784,1.37,1.00
2015.06.08 23:31:05.056,1.1278,1.12784,4.12,1.00
2015.06.08 23:31:09.972,1.12781,1.12784,1.00,1.00
2015.06.08 23:31:10.482,1.12781,1.12785,3.00,1.00
2015.06.08 23:31:11.124,1.12781,1.12784,1.50,1.00
2015.06.08 23:31:14.838,1.12781,1.12785,1.00,1.00
2015.06.08 23:31:20.403,1.12781,1.12784,1.50,1.00
2015.06.08 23:31:21.533,1.12781,1.12785,1.00,1.00
2015.06.08 23:31:31.374,1.1278,1.12785,5.62,1.00
2015.06.08 23:31:33.354,1.1278,1.12785,7.50,1.50
2015.06.08 23:31:49.975,1.1278,1.12785,3.37,1.00
2015.06.08 23:31:58.092,1.12785,1.12786,1.00,1.00
2015.06.08 23:31:58.143,1.12785,1.12787,1.50,3.00
2015.06.08 23:31:58.245,1.12783,1.12786,1.00,1.00
2015.06.08 23:31:58.397,1.12781,1.12786,5.25,1.50
2015.06.08 23:31:59.106,1.12781,1.12787,1.50,1.00
2015.06.08 23:31:59.735,1.12781,1.12786,3.75,1.00
2015.06.08 23:32:00.647,1.12781,1.12785,3.00,1.00
2015.06.08 23:32:01.153,1.12781,1.12787,1.50,1.50
2015.06.08 23:32:01.702,1.12781,1.12786,3.75,1.00
2015.06.08 23:32:03.218,1.12781,1.12787,1.00,1.50
2015.06.08 23:32:03.790,1.12781,1.12786,3.00,1.00
2015.06.08 23:32:04.312,1.12781,1.12787,1.00,1.50
2015.06.08 23:32:04.616,1.12781,1.12785,1.87,1.00
2015.06.08 23:32:04.718,1.12781,1.12785,1.87,1.00
2015.06.08 23:32:05.250,1.1278,1.12786,12.37,1.00
2015.06.08 23:32:05.765,1.12781,1.12786,1.50,1.50
2015.06.08 23:32:07.145,1.12782,1.12787,1.37,1.72
2015.06.08 23:32:07.561,1.12783,1.12787,1.00,1.30
2015.06.08 23:32:08.067,1.12782,1.12786,2.25,1.00
2015.06.08 23:32:08.865,1.12782,1.12787,1.00,1.50
2015.06.08 23:32:09.376,1.12782,1.12786,2.25,1.00
2015.06.08 23:32:09.976,1.12782,1.12787,1.00,1.50
2015.06.08 23:32:10.485,1.12782,1.12786,2.25,1.00
2015.06.08 23:32:11.834,1.12782,1.12787,1.00,3.75
2015.06.08 23:32:12.338,1.12782,1.12786,2.25,1.00
2015.06.08 23:32:18.200,1.12783,1.12787,1.37,3.22
2015.06.08 23:32:18.706,1.12785,1.12787,1.65,1.72
2015.06.08 23:32:19.281,1.12782,1.12786,3.90,1.50
2015.06.08 23:32:19.383,1.12782,1.12786,1.10,1.00
2015.06.08 23:32:19.896,1.12781,1.12785,1.00,1.50
2015.06.08 23:32:38.764,1.12781,1.12786,1.00,1.50
2015.06.08 23:32:39.402,1.12781,1.12785,1.00,1.00
2015.06.08 23:32:41.727,1.12781,1.12786,1.00,1.50
2015.06.08 23:32:42.730,1.12781,1.12785,1.00,1.00
2015.06.08 23:32:43.631,1.12784,1.12787,1.37,3.60
2015.06.08 23:32:43.935,1.12782,1.12787,1.12,1.87
2015.06.08 23:32:44.037,1.12784,1.12788,1.00,1.00
2015.06.08 23:32:44.543,1.12784,1.12789,2.25,2.25
2015.06.08 23:32:45.487,1.12784,1.12789,1.50,1.87
2015.06.08 23:32:45.993,1.12783,1.12788,2.25,1.87
2015.06.08 23:32:49.146,1.12783,1.12787,1.50,1.00
2015.06.08 23:32:49.695,1.12783,1.12788,1.50,1.87
2015.06.08 23:32:52.645,1.12783,1.12787,1.50,1.00
2015.06.08 23:32:53.151,1.12783,1.12788,1.50,1.87
2015.06.08 23:32:53.516,1.12783,1.12788,3.52,1.12
2015.06.08 23:32:53.770,1.12788,1.1279,1.50,1.12
2015.06.08 23:32:53.972,1.12788,1.12793,5.25,4.12
2015.06.08 23:32:54.398,1.12789,1.12795,1.50,1.50
2015.06.08 23:32:54.903,1.12789,1.12794,1.00,1.50
2015.06.08 23:32:55.408,1.12788,1.12794,9.00,1.50
2015.06.08 23:32:55.924,1.12789,1.12794,1.00,1.50
2015.06.08 23:33:10.237,1.1279,1.12794,1.00,1.50
2015.06.08 23:33:10.742,1.12789,1.12795,1.50,1.50
2015.06.08 23:33:11.282,1.12789,1.12795,3.37,1.50
2015.06.08 23:33:11.835,1.12789,1.12794,4.12,1.00
2015.06.08 23:33:14.005,1.12789,1.12795,3.37,1.50
2015.06.08 23:33:14.507,1.12789,1.12794,4.12,1.00
2015.06.08 23:33:15.167,1.12789,1.12795,3.37,1.50
2015.06.08 23:33:15.827,1.12789,1.12794,4.12,1.00
2015.06.08 23:33:16.404,1.12789,1.12795,4.12,1.50
2015.06.08 23:33:16.907,1.12789,1.12794,4.87,1.00
2015.06.08 23:33:17.408,1.12789,1.12794,4.12,1.00
2015.06.08 23:33:18.009,1.12789,1.12794,4.12,1.00
2015.06.08 23:33:18.895,1.12789,1.12794,4.12,1.00
2015.06.08 23:33:21.417,1.12789,1.12795,3.37,1.50
2015.06.08 23:33:22.948,1.12789,1.12794,2.62,1.00
2015.06.08 23:33:28.319,1.12789,1.12794,1.87,1.50
2015.06.08 23:33:29.034,1.12789,1.12794,1.87,1.50
2015.06.08 23:33:31.389,1.12789,1.12795,3.37,1.00
2015.06.08 23:33:33.278,1.12789,1.12794,2.62,1.00
2015.06.08 23:33:34.750,1.12789,1.12794,1.12,1.00
2015.06.08 23:33:35.294,1.12789,1.12794,1.37,1.00
2015.06.08 23:33:37.687,1.12789,1.12794,1.50,1.50
2015.06.08 23:33:43.376,1.12791,1.12794,1.00,1.50
2015.06.08 23:33:44.342,1.1279,1.12794,1.00,1.50
2015.06.08 23:33:46.700,1.1279,1.12795,1.00,2.25
2015.06.08 23:33:47.579,1.1279,1.12794,3.37,1.00
2015.06.08 23:33:50.601,1.12791,1.12795,1.00,1.50
2015.06.08 23:33:51.907,1.1279,1.12794,3.37,1.00
2015.06.08 23:33:52.413,1.1279,1.12795,2.62,1.50
2015.06.08 23:33:54.488,1.12791,1.12795,1.00,1.50
2015.06.08 23:33:56.214,1.12791,1.12794,1.00,1.00
2015.06.08 23:33:59.893,1.12795,1.12798,2.10,3.37
2015.06.08 23:34:00.399,1.12797,1.12799,2.10,1.87
2015.06.08 23:34:01.064,1.12796,1.12799,3.97,1.37
2015.06.08 23:34:11.909,1.12796,1.12798,1.50,1.37
2015.06.08 23:34:12.061,1.12794,1.12798,1.00,1.87
2015.06.08 23:34:12.944,1.12794,1.12797,1.00,1.37
2015.06.08 23:34:15.137,1.12792,1.12797,1.95,1.87
2015.06.08 23:34:15.492,1.12791,1.12794,1.57,1.50
2015.06.08 23:34:15.659,1.1279,1.12793,1.00,1.87
2015.06.08 23:34:15.864,1.1279,1.12795,2.25,2.77
2015.06.08 23:34:16.370,1.1279,1.12796,2.62,1.00
2015.06.08 23:34:16.876,1.12791,1.12796,1.00,1.50
2015.06.08 23:34:17.418,1.12789,1.12795,2.25,1.00
2015.06.08 23:34:17.938,1.1279,1.12795,1.00,1.50
2015.06.08 23:34:23.059,1.1279,1.12794,1.50,1.00
2015.06.08 23:34:24.562,1.1279,1.12795,1.50,1.50
2015.06.08 23:34:25.063,1.1279,1.12794,1.50,1.00
2015.06.08 23:34:26.526,1.1279,1.12795,1.50,1.50
2015.06.08 23:34:27.194,1.1279,1.12794,1.50,1.00
2015.06.08 23:34:28.352,1.1279,1.12793,1.00,1.00
2015.06.08 23:34:31.489,1.12789,1.12793,1.00,1.50
2015.06.08 23:34:31.992,1.12788,1.12792,1.00,1.87
2015.06.08 23:34:32.520,1.12787,1.12792,1.00,1.87
2015.06.08 23:34:45.073,1.12788,1.12792,1.00,1.50
2015.06.08 23:34:45.869,1.12787,1.12792,1.95,1.00
2015.06.08 23:35:12.286,1.12786,1.1279,3.00,1.00
2015.06.08 23:35:12.401,1.12784,1.1279,6.37,1.50
2015.06.08 23:35:12.906,1.12785,1.1279,1.50,1.00
2015.06.08 23:35:17.107,1.12788,1.12792,1.50,2.25
2015.06.08 23:35:17.675,1.12788,1.12793,5.25,1.50
2015.06.08 23:35:38.726,1.12789,1.12793,1.00,1.50
2015.06.08 23:35:38.878,1.1279,1.12795,1.00,3.37
2015.06.08 23:35:39.500,1.12789,1.12795,4.50,1.00
2015.06.08 23:35:40.009,1.1279,1.12795,1.00,1.50
2015.06.08 23:35:42.031,1.12789,1.12795,4.50,1.50
2015.06.08 23:35:42.548,1.1279,1.12794,1.00,1.00
2015.06.08 23:35:43.074,1.12789,1.12793,1.00,1.00
2015.06.08 23:35:46.755,1.12789,1.12794,1.00,1.50
2015.06.08 23:35:48.859,1.12789,1.12793,1.00,1.00
2015.06.08 23:35:53.820,1.12788,1.12793,3.75,1.00
2015.06.08 23:36:10.659,1.12788,1.12794,8.25,1.50
2015.06.08 23:36:11.171,1.12789,1.12794,1.00,1.50
2015.06.08 23:36:11.699,1.1279,1.12794,3.37,1.00
2015.06.08 23:36:11.801,1.12791,1.12796,3.00,1.00
2015.06.08 23:36:12.004,1.12792,1.12798,1.00,2.25
2015.06.08 23:36:12.516,1.12791,1.12799,4.50,1.50
2015.06.08 23:36:25.808,1.12791,1.12797,3.75,1.00
2015.06.08 23:36:26.111,1.1279,1.12795,3.37,1.00
2015.06.08 23:36:38.733,1.12789,1.12795,2.25,1.00
2015.06.08 23:36:39.256,1.12788,1.12794,1.50,1.00
2015.06.08 23:36:44.114,1.12789,1.12794,1.00,1.00
2015.06.08 23:37:10.451,1.12789,1.12795,1.50,2.25
2015.06.08 23:37:24.141,1.12789,1.12796,1.50,1.50
2015.06.08 23:37:25.649,1.12789,1.12795,1.50,1.00
2015.06.08 23:37:31.872,1.12789,1.12794,1.50,1.00
2015.06.08 23:38:37.368,1.1279,1.12794,1.00,1.00
2015.06.08 23:38:37.722,1.12791,1.12796,1.00,1.50
2015.06.08 23:38:38.246,1.12791,1.12795,1.00,1.00
2015.06.08 23:38:38.752,1.12791,1.12796,1.00,1.50
2015.06.08 23:38:47.691,1.1279,1.12796,1.00,1.87
2015.06.08 23:38:58.624,1.12791,1.12796,1.00,1.50
2015.06.08 23:38:59.141,1.12792,1.12797,1.00,1.87
2015.06.08 23:38:59.647,1.12791,1.12796,1.00,1.87
2015.06.08 23:39:00.160,1.12791,1.12795,1.00,1.00
2015.06.08 23:39:00.557,1.12789,1.12794,3.00,1.00
2015.06.08 23:39:01.063,1.12789,1.12793,1.00,1.00
2015.06.08 23:39:06.737,1.12788,1.12793,4.50,1.00
2015.06.08 23:39:07.294,1.12789,1.12793,1.00,1.50
2015.06.08 23:39:09.551,1.12788,1.12793,4.50,1.00
2015.06.08 23:39:13.555,1.12789,1.12793,1.00,1.00
2015.06.08 23:39:14.058,1.12788,1.12793,5.25,1.00
2015.06.08 23:39:14.595,1.12789,1.12793,1.00,1.00
2015.06.08 23:39:29.395,1.12789,1.12794,1.00,1.50
2015.06.08 23:39:31.824,1.12788,1.12794,5.25,1.50
2015.06.08 23:39:32.333,1.12789,1.12794,1.00,1.50
2015.06.08 23:39:48.600,1.12788,1.12794,3.00,1.00
2015.06.08 23:39:57.925,1.12788,1.12793,5.25,1.00
2015.06.08 23:40:00.758,1.12788,1.12794,6.00,1.50
2015.06.08 23:40:01.732,1.12789,1.12794,1.00,1.50
2015.06.08 23:40:08.842,1.12789,1.12793,1.00,1.00
2015.06.08 23:40:10.779,1.12789,1.12794,1.00,1.00
2015.06.08 23:40:12.583,1.12788,1.12794,6.75,1.50
2015.06.08 23:40:14.269,1.12788,1.12793,6.00,1.00
2015.06.08 23:40:14.784,1.12788,1.12794,6.75,1.50
2015.06.08 23:40:16.473,1.12789,1.12794,1.00,1.50
2015.06.08 23:40:16.998,1.12788,1.12794,3.75,1.50
2015.06.08 23:40:17.513,1.12788,1.12793,6.00,1.00
2015.06.08 23:40:18.074,1.12788,1.12794,6.00,1.50
2015.06.08 23:40:32.356,1.12789,1.12794,1.00,1.00
2015.06.08 23:40:32.874,1.1279,1.12794,1.50,1.00
2015.06.08 23:40:34.159,1.1279,1.12795,1.00,2.62
2015.06.08 23:40:34.764,1.1279,1.12794,1.50,1.00
2015.06.08 23:40:37.463,1.12789,1.12795,3.75,2.62
2015.06.08 23:40:37.984,1.12789,1.12794,4.50,1.00
2015.06.08 23:40:38.945,1.12789,1.12795,3.75,2.62
2015.06.08 23:40:39.446,1.12789,1.12794,2.25,1.00
2015.06.08 23:40:40.770,1.12789,1.12795,1.50,2.62
2015.06.08 23:40:41.305,1.12789,1.12794,2.62,1.00
2015.06.08 23:40:45.477,1.12788,1.12794,6.75,1.50
2015.06.08 23:40:45.997,1.12788,1.12793,4.50,1.00
2015.06.08 23:40:47.137,1.12788,1.12794,5.25,1.50
2015.06.08 23:40:47.643,1.12788,1.12793,4.50,1.00
2015.06.08 23:40:55.263,1.12788,1.12792,4.50,3.75
2015.06.08 23:40:55.314,1.12787,1.12789,2.25,1.00
2015.06.08 23:40:55.417,1.12786,1.12788,1.12,1.00
2015.06.08 23:40:55.629,1.12781,1.12786,1.00,1.00
2015.06.08 23:41:00.088,1.12782,1.12786,1.00,1.50
2015.06.08 23:41:00.139,1.12784,1.12787,2.25,1.50
2015.06.08 23:41:00.241,1.12782,1.12787,1.12,1.50
2015.06.08 23:41:03.459,1.12782,1.12787,1.12,1.37
2015.06.08 23:41:06.549,1.12781,1.12786,2.25,1.87
2015.06.08 23:41:37.167,1.1278,1.12785,3.37,1.00
2015.06.08 23:42:05.694,1.1278,1.12786,2.25,1.50
2015.06.08 23:42:34.128,1.1278,1.12785,2.25,1.00
2015.06.08 23:42:46.600,1.12781,1.12785,1.00,1.00
2015.06.08 23:43:17.861,1.1278,1.12785,3.37,1.00
2015.06.08 23:43:41.519,1.1278,1.12786,4.12,1.00
2015.06.08 23:43:42.038,1.12781,1.12786,1.00,1.00
2015.06.08 23:43:49.080,1.1278,1.12786,5.25,1.00
2015.06.08 23:44:09.954,1.1278,1.12785,3.75,1.00
2015.06.08 23:44:10.481,1.1278,1.12786,1.87,1.00
2015.06.08 23:44:11.149,1.12782,1.12787,1.00,1.87
2015.06.08 23:44:11.490,1.12788,1.1279,2.25,1.00
2015.06.08 23:44:11.692,1.12788,1.12793,3.75,1.00
2015.06.08 23:44:12.198,1.12788,1.12789,3.00,1.97
2015.06.08 23:44:12.517,1.12784,1.12788,1.00,1.00
2015.06.08 23:44:13.024,1.12783,1.12788,3.00,1.00
2015.06.08 23:44:13.530,1.12784,1.12788,1.00,1.00
2015.06.08 23:44:19.948,1.12785,1.12788,1.37,1.00
2015.06.08 23:44:20.454,1.12787,1.12789,1.10,2.16
2015.06.08 23:44:38.988,1.12788,1.12789,3.00,2.16
2015.06.08 23:44:39.192,1.12789,1.12791,1.00,1.00
2015.06.08 23:44:39.294,1.12788,1.12794,4.50,1.00
2015.06.08 23:44:39.808,1.12789,1.12795,1.50,1.00
2015.06.08 23:44:41.311,1.12789,1.12794,1.00,1.00
2015.06.08 23:45:00.470,1.12788,1.12794,6.75,1.00
2015.06.08 23:45:01.244,1.12789,1.12794,1.00,1.00
2015.06.08 23:45:20.055,1.12792,1.12795,2.10,1.00
2015.06.08 23:45:20.310,1.12798,1.12803,1.50,3.00
2015.06.08 23:45:20.412,1.12798,1.12803,1.00,1.50
2015.06.08 23:45:20.554,1.12796,1.128,1.50,1.00
2015.06.08 23:45:20.860,1.12795,1.12797,1.00,1.00
2015.06.08 23:45:20.911,1.12792,1.12797,3.00,1.00
2015.06.08 23:45:21.063,1.12791,1.12795,1.50,1.00
2015.06.08 23:45:21.617,1.1279,1.12795,1.12,1.50
2015.06.08 23:45:30.726,1.12791,1.12795,2.85,1.50
2015.06.08 23:45:30.928,1.12796,1.128,1.00,2.25
2015.06.08 23:45:31.283,1.12794,1.12799,1.00,1.00
2015.06.08 23:45:31.802,1.12793,1.12799,1.00,1.00
2015.06.08 23:45:39.765,1.12796,1.128,1.12,3.75
2015.06.08 23:45:39.968,1.12797,1.12802,1.57,2.25
2015.06.08 23:45:40.475,1.12798,1.12803,3.75,1.50
2015.06.08 23:46:16.134,1.12797,1.12802,3.00,1.00
2015.06.08 23:46:16.291,1.12797,1.12804,3.82,5.62
2015.06.08 23:46:24.051,1.12798,1.12804,1.00,5.62
2015.06.08 23:46:24.555,1.12799,1.12804,1.00,4.12
2015.06.08 23:46:25.765,1.12798,1.12804,3.00,4.12
2015.06.08 23:46:26.322,1.12798,1.12803,3.00,1.00
2015.06.08 23:46:26.829,1.12799,1.12803,1.00,1.00
2015.06.08 23:46:26.931,1.12799,1.12805,1.00,8.25
2015.06.08 23:46:27.790,1.12798,1.12805,6.75,4.50
2015.06.08 23:46:28.300,1.12799,1.12805,1.00,6.00
2015.06.08 23:46:31.290,1.12801,1.12806,1.00,1.50
2015.06.08 23:46:31.443,1.12802,1.12808,1.00,3.75
2015.06.08 23:46:31.903,1.12804,1.12808,1.00,1.00
2015.06.08 23:46:33.396,1.12803,1.12808,3.75,1.00
2015.06.08 23:46:33.994,1.12804,1.12808,1.00,1.00
2015.06.08 23:46:34.496,1.12803,1.12809,3.75,1.87
2015.06.08 23:46:35.247,1.12804,1.12809,1.00,2.62
2015.06.08 23:46:37.019,1.12803,1.12809,3.75,1.87
2015.06.08 23:46:37.454,1.12806,1.12809,1.00,2.62
2015.06.08 23:46:38.637,1.12805,1.12809,1.00,1.50
2015.06.08 23:46:39.154,1.12806,1.12809,1.00,2.25
2015.06.08 23:46:39.853,1.12805,1.12809,1.00,2.25
2015.06.08 23:46:40.661,1.12806,1.12809,1.00,1.50
2015.06.08 23:46:44.019,1.12804,1.12809,1.00,1.87
2015.06.08 23:46:44.525,1.12803,1.12808,1.00,1.00
2015.06.08 23:46:45.205,1.12802,1.12808,1.00,1.00
2015.06.08 23:46:51.606,1.12804,1.12808,1.00,1.00
2015.06.08 23:46:51.910,1.12809,1.12815,4.58,2.62
2015.06.08 23:46:52.580,1.12809,1.12815,4.21,1.50
2015.06.08 23:46:53.187,1.12809,1.12815,4.96,1.12
2015.06.08 23:46:53.786,1.12809,1.12815,1.92,1.50
2015.06.08 23:46:55.982,1.12809,1.12815,4.58,1.50
2015.06.08 23:47:09.633,1.12809,1.12814,1.58,1.00
2015.06.08 23:47:20.047,1.12809,1.12815,2.33,1.87
2015.06.08 23:47:45.064,1.12814,1.12816,3.75,2.25
2015.06.08 23:47:45.165,1.12815,1.12817,1.00,3.00
2015.06.08 23:47:45.267,1.12813,1.12818,3.00,1.03
2015.06.08 23:47:45.318,1.12816,1.12819,1.00,2.25
2015.06.08 23:47:45.420,1.12814,1.12819,3.00,1.00
2015.06.08 23:47:45.963,1.12812,1.12818,1.50,1.00
2015.06.08 23:47:52.701,1.12811,1.12817,1.50,1.00
2015.06.08 23:47:56.959,1.12815,1.12818,1.00,3.37
2015.06.08 23:47:57.309,1.12817,1.12821,1.12,1.50
2015.06.08 23:47:57.715,1.12815,1.12821,3.37,1.00
2015.06.08 23:47:59.162,1.12815,1.1282,1.50,1.00
2015.06.08 23:47:59.264,1.12813,1.12819,1.50,1.00
2015.06.08 23:47:59.669,1.12811,1.12817,3.75,1.00
2015.06.08 23:47:59.993,1.12817,1.12821,1.57,1.50
2015.06.08 23:48:00.095,1.12815,1.1282,1.50,1.00
2015.06.08 23:48:00.197,1.12817,1.12821,2.32,1.50
2015.06.08 23:48:00.298,1.12815,1.12823,3.37,1.12
2015.06.08 23:48:00.400,1.12815,1.12821,1.00,1.00
2015.06.08 23:48:00.704,1.12812,1.12818,2.25,1.00
2015.06.08 23:48:01.051,1.1281,1.12816,3.00,1.00
2015.06.08 23:48:05.403,1.12809,1.12815,4.12,1.00
2015.06.08 23:48:06.286,1.1281,1.12816,1.12,1.12
2015.06.08 23:48:06.831,1.12809,1.12815,2.25,1.00
2015.06.08 23:48:21.211,1.1281,1.12815,1.00,1.00
2015.06.08 23:48:22.678,1.12809,1.12815,2.25,1.00
2015.06.08 23:48:23.623,1.12809,1.12814,1.50,1.00
2015.06.08 23:48:24.229,1.12808,1.12814,6.00,1.00
2015.06.08 23:48:25.209,1.12807,1.12811,1.00,1.00
2015.06.08 23:48:25.368,1.12804,1.12809,3.00,1.00
2015.06.08 23:48:25.623,1.12801,1.12806,1.00,1.00
2015.06.08 23:48:26.130,1.128,1.12806,2.62,1.00
2015.06.08 23:48:26.934,1.128,1.12805,1.00,1.00
2015.06.08 23:48:27.491,1.128,1.12806,1.50,1.00
2015.06.08 23:48:34.643,1.12801,1.12806,1.00,1.00
2015.06.08 23:48:41.209,1.12798,1.12804,7.50,1.37
2015.06.08 23:48:42.613,1.12798,1.12804,5.25,1.87
2015.06.08 23:49:02.101,1.12798,1.12801,3.00,1.00
2015.06.08 23:49:02.405,1.12795,1.128,1.87,1.50
2015.06.08 23:49:02.558,1.12794,1.12798,1.00,1.00
2015.06.08 23:49:03.064,1.12794,1.12797,1.00,1.00
2015.06.08 23:49:17.853,1.12794,1.12796,1.00,1.00
2015.06.08 23:49:18.157,1.12797,1.128,1.87,1.37
2015.06.08 23:49:18.259,1.12798,1.12803,3.00,6.37
2015.06.08 23:49:23.938,1.12799,1.12804,1.00,1.87
2015.06.08 23:49:24.192,1.12801,1.12806,1.00,1.00
2015.06.08 23:49:24.530,1.12808,1.12813,2.25,1.00
2015.06.08 23:49:24.683,1.12806,1.12812,3.37,1.00
2015.06.08 23:49:24.886,1.12808,1.12814,1.00,1.50
2015.06.08 23:49:29.363,1.12807,1.12813,3.45,1.00
2015.06.08 23:49:31.262,1.12808,1.12814,1.00,1.50
2015.06.08 23:49:49.007,1.12807,1.12813,1.57,1.00
2015.06.08 23:49:50.230,1.12807,1.12809,1.20,1.00
2015.06.08 23:49:50.332,1.12805,1.12809,1.00,1.12
2015.06.08 23:49:50.433,1.12801,1.12806,1.87,1.00
2015.06.08 23:49:50.536,1.128,1.12806,2.62,1.00
2015.06.08 23:49:55.390,1.128,1.12805,1.87,1.00
2015.06.08 23:49:57.367,1.12806,1.12808,2.50,6.37
2015.06.08 23:49:57.469,1.12804,1.12808,1.50,1.00
2015.06.08 23:49:57.520,1.12806,1.12808,1.12,1.00
2015.06.08 23:49:57.673,1.12804,1.12809,1.00,1.50
2015.06.08 23:49:57.825,1.12803,1.12807,1.50,1.00
2015.06.08 23:49:57.929,1.128,1.12806,9.00,1.00
2015.06.08 23:49:58.030,1.128,1.12808,1.50,2.25
2015.06.08 23:49:58.334,1.128,1.12806,3.00,1.00
2015.06.08 23:49:58.840,1.128,1.12806,1.12,1.00
2015.06.08 23:50:31.152,1.12801,1.12807,1.00,1.50
2015.06.08 23:50:34.958,1.128,1.12806,1.50,1.00
2015.06.08 23:50:35.526,1.12801,1.12807,1.00,1.50
2015.06.08 23:50:48.118,1.12802,1.12807,1.00,2.25
2015.06.08 23:50:50.089,1.12801,1.12807,3.00,2.25
2015.06.08 23:50:50.393,1.12807,1.12808,3.75,2.62
2015.06.08 23:50:50.546,1.12808,1.1281,3.75,1.00
2015.06.08 23:50:50.652,1.12808,1.12813,1.50,2.25
2015.06.08 23:50:50.855,1.12809,1.12815,2.25,4.12
2015.06.08 23:51:03.412,1.12811,1.12815,1.50,1.00
2015.06.08 23:51:03.463,1.12811,1.12817,2.25,2.25
2015.06.08 23:51:03.917,1.1281,1.12815,4.12,1.00
2015.06.08 23:51:04.428,1.1281,1.12816,3.37,3.00
2015.06.08 23:51:11.163,1.1281,1.12815,2.25,1.00
2015.06.08 23:51:11.777,1.12809,1.12815,2.25,2.25
2015.06.08 23:51:13.543,1.1281,1.12815,1.00,2.25
2015.06.08 23:51:14.065,1.12809,1.12815,2.25,3.00
2015.06.08 23:51:15.519,1.1281,1.12815,1.00,2.25
2015.06.08 23:51:16.044,1.12809,1.12815,3.00,3.00
2015.06.08 23:51:17.530,1.1281,1.12815,1.00,2.25
2015.06.08 23:51:18.052,1.12809,1.12815,3.00,3.00
2015.06.08 23:51:19.560,1.1281,1.12815,1.00,2.25
2015.06.08 23:51:20.101,1.12809,1.12815,3.00,3.00
2015.06.08 23:51:35.194,1.1281,1.12815,1.00,1.50
2015.06.08 23:51:48.202,1.12809,1.12815,2.25,2.25
2015.06.08 23:51:48.743,1.12809,1.12814,1.00,1.00
2015.06.08 23:51:52.559,1.12808,1.12814,5.25,2.25
2015.06.08 23:52:00.790,1.12809,1.12814,1.00,1.50
2015.06.08 23:52:08.921,1.12808,1.12814,5.25,2.25
2015.06.08 23:52:09.701,1.12809,1.12814,1.00,2.25
2015.06.08 23:52:20.098,1.12809,1.12815,1.50,3.00
2015.06.08 23:52:35.154,1.12809,1.12814,1.50,1.00
2015.06.08 23:52:43.952,1.12809,1.12815,1.50,3.75
2015.06.08 23:52:45.676,1.12809,1.12814,1.50,1.00
2015.06.08 23:52:58.665,1.12811,1.12815,1.00,1.50
2015.06.08 23:52:59.065,1.12812,1.12817,1.00,3.75
2015.06.08 23:52:59.117,1.12815,1.12817,1.37,1.50
2015.06.08 23:52:59.218,1.12816,1.12819,1.00,1.00
2015.06.08 23:52:59.371,1.12818,1.12821,1.00,3.52
2015.06.08 23:52:59.625,1.12816,1.12822,4.12,2.62
2015.06.08 23:52:59.676,1.12816,1.1282,1.50,1.00
2015.06.08 23:53:00.002,1.1282,1.12824,1.50,1.00
2015.06.08 23:53:00.508,1.12821,1.12825,1.00,1.00
2015.06.08 23:53:03.504,1.1282,1.12824,1.50,1.00
2015.06.08 23:53:12.652,1.12819,1.12824,1.50,1.00
2015.06.08 23:53:52.579,1.1282,1.12824,1.00,1.12
2015.06.08 23:54:10.988,1.1282,1.12821,1.50,1.00
2015.06.08 23:54:11.138,1.1282,1.12823,1.00,1.50
2015.06.08 23:54:11.645,1.1282,1.12824,1.50,1.12
2015.06.08 23:54:11.766,1.1282,1.12822,1.50,1.00
2015.06.08 23:54:12.019,1.12819,1.12824,1.50,1.12
2015.06.08 23:54:12.457,1.12819,1.12822,1.50,1.37
2015.06.08 23:54:12.961,1.12819,1.12823,1.00,1.50
2015.06.08 23:54:13.667,1.12819,1.12821,1.50,1.00
2015.06.08 23:54:13.920,1.12819,1.12823,1.00,1.00
2015.06.08 23:54:13.971,1.12819,1.12821,1.00,1.00
2015.06.08 23:54:14.477,1.12818,1.12821,3.75,1.87
2015.06.08 23:54:15.031,1.12818,1.1282,3.75,1.00
2015.06.08 23:54:16.376,1.12818,1.12819,3.00,1.00
2015.06.08 23:54:16.530,1.12815,1.1282,1.50,1.50
2015.06.08 23:54:17.130,1.12815,1.12819,1.50,1.00
2015.06.08 23:54:46.928,1.12815,1.12818,1.50,1.00
2015.06.08 23:54:46.979,1.12813,1.12818,1.50,1.00
2015.06.08 23:54:47.484,1.12812,1.12817,2.25,1.00
2015.06.08 23:54:47.586,1.12812,1.12815,2.25,1.00
2015.06.08 23:54:47.687,1.1281,1.12815,2.62,1.00
2015.06.08 23:54:48.209,1.12809,1.12815,7.12,1.00
2015.06.08 23:55:00.653,1.1281,1.12815,1.00,1.00
2015.06.08 23:55:07.944,1.1281,1.12814,1.12,1.00
2015.06.08 23:55:08.450,1.12809,1.12814,2.25,1.00
2015.06.08 23:55:12.569,1.1281,1.12814,1.00,1.00
2015.06.08 23:55:39.644,1.1281,1.12812,1.00,1.00
2015.06.08 23:55:39.797,1.12809,1.12814,2.25,1.50
2015.06.08 23:55:47.101,1.1281,1.12814,1.00,1.00
2015.06.08 23:55:48.906,1.12809,1.12814,1.50,1.00
2015.06.08 23:55:49.827,1.12809,1.12813,1.00,1.00
2015.06.08 23:55:50.344,1.12808,1.12813,5.25,1.00
2015.06.08 23:55:58.222,1.12808,1.12814,6.00,3.75
2015.06.08 23:55:58.723,1.12809,1.12814,1.00,2.25
2015.06.08 23:56:23.797,1.1281,1.12814,1.00,1.00
2015.06.08 23:56:24.329,1.1281,1.12815,1.00,3.75
2015.06.08 23:56:32.379,1.1281,1.12814,1.00,2.25
2015.06.08 23:56:32.614,1.12809,1.12811,1.00,1.00
2015.06.08 23:56:32.716,1.12804,1.12809,3.75,1.00
2015.06.08 23:56:33.071,1.12804,1.12807,2.25,1.00
2015.06.08 23:56:33.173,1.12802,1.12807,1.00,1.50
2015.06.08 23:56:35.593,1.12805,1.12807,1.00,1.50
2015.06.08 23:56:35.695,1.12807,1.12809,1.00,1.00
2015.06.08 23:56:36.302,1.12805,1.1281,2.62,1.50
2015.06.08 23:56:36.719,1.12808,1.12813,4.87,3.00
2015.06.08 23:56:37.175,1.12809,1.12811,1.12,1.00
2015.06.08 23:56:37.327,1.12805,1.12809,1.00,2.25
2015.06.08 23:56:37.530,1.12803,1.12808,2.62,5.25
2015.06.08 23:56:37.692,1.12802,1.12806,2.62,1.00
2015.06.08 23:56:38.200,1.12801,1.12807,2.62,2.25
2015.06.08 23:56:38.925,1.12801,1.12807,3.37,2.25
2015.06.08 23:56:39.428,1.12801,1.12807,3.37,2.25
2015.06.08 23:56:41.973,1.12801,1.12807,3.75,3.00
2015.06.08 23:56:42.442,1.12801,1.12804,1.00,1.00
2015.06.08 23:56:42.626,1.128,1.12806,5.47,4.50
2015.06.08 23:56:44.440,1.12801,1.12806,1.00,3.00
2015.06.08 23:56:47.715,1.12802,1.12806,1.00,1.50
2015.06.08 23:56:48.219,1.12801,1.12806,1.50,1.50
2015.06.08 23:56:48.765,1.128,1.12805,2.85,2.81
2015.06.08 23:56:49.434,1.128,1.12804,2.10,1.00
2015.06.08 23:56:51.911,1.128,1.12805,2.10,5.81
2015.06.08 23:56:54.461,1.12801,1.12805,1.00,1.00
2015.06.08 23:56:58.050,1.12801,1.12806,2.25,2.25
2015.06.08 23:57:15.990,1.12801,1.12805,1.50,1.00
2015.06.08 23:57:22.310,1.12801,1.12804,1.50,1.50
2015.06.08 23:57:22.361,1.12801,1.12803,1.50,1.00
2015.06.08 23:57:22.565,1.12797,1.12799,1.50,1.12
2015.06.08 23:57:22.666,1.12796,1.12798,1.10,1.37
2015.06.08 23:57:22.718,1.12795,1.12798,1.12,1.87
2015.06.08 23:57:22.870,1.12793,1.12796,1.00,1.00
2015.06.08 23:57:23.694,1.12793,1.12797,1.00,1.12
2015.06.08 23:57:25.969,1.12793,1.12795,1.00,1.00
2015.06.08 23:57:26.122,1.12791,1.12795,1.50,1.00
2015.06.08 23:57:30.039,1.12792,1.12795,1.00,1.00
2015.06.08 23:57:30.141,1.12792,1.12797,3.00,1.12
2015.06.08 23:57:34.388,1.12793,1.12798,1.00,1.87
2015.06.08 23:57:34.698,1.12795,1.12799,1.50,1.37
2015.06.08 23:57:34.749,1.12795,1.128,1.00,7.50
2015.06.08 23:57:34.952,1.12797,1.128,1.10,6.75
2015.06.08 23:57:36.309,1.12796,1.128,1.10,6.00
2015.06.08 23:57:37.069,1.12796,1.128,2.70,4.12
2015.06.08 23:57:43.524,1.12795,1.128,4.50,5.62
2015.06.08 23:57:45.899,1.12794,1.12799,3.00,1.37
2015.06.08 23:57:46.406,1.12793,1.12798,2.25,1.37
2015.06.08 23:57:52.300,1.12794,1.128,1.50,9.37
2015.06.08 23:57:57.130,1.12797,1.128,1.00,7.50
2015.06.08 23:57:57.333,1.12798,1.128,3.75,2.25
2015.06.08 23:57:57.485,1.12799,1.12803,1.50,1.50
2015.06.08 23:57:58.165,1.128,1.12803,1.00,1.00
2015.06.08 23:57:58.216,1.128,1.12803,1.00,1.78
2015.06.08 23:57:58.753,1.128,1.12803,1.00,2.06
2015.06.08 23:57:59.339,1.128,1.12803,1.00,2.06
2015.06.08 23:58:00.693,1.128,1.12803,1.00,2.06
2015.06.08 23:58:01.194,1.128,1.12803,1.00,2.06
2015.06.08 23:58:01.660,1.12798,1.12803,3.75,2.06
2015.06.08 23:58:02.030,1.12799,1.12804,1.50,1.78
2015.06.08 23:58:02.282,1.128,1.12805,2.25,2.62
2015.06.08 23:58:02.535,1.12798,1.12803,2.25,1.50
2015.06.08 23:58:02.738,1.12796,1.12802,4.87,2.25
2015.06.08 23:58:03.287,1.12796,1.12801,1.12,1.50
2015.06.08 23:58:04.861,1.12797,1.12802,1.00,1.50
2015.06.08 23:58:05.096,1.12799,1.12802,1.00,1.00
2015.06.08 23:58:05.198,1.12799,1.12804,1.50,1.50
2015.06.08 23:58:05.713,1.128,1.12805,1.50,1.87
2015.06.08 23:58:07.822,1.128,1.12806,3.00,4.12
2015.06.08 23:58:08.328,1.12801,1.12806,1.00,1.87
2015.06.08 23:58:14.519,1.12801,1.12806,1.00,1.87
2015.06.08 23:58:16.329,1.12801,1.12807,2.25,2.25
2015.06.08 23:58:16.583,1.12803,1.12808,1.00,2.25
2015.06.08 23:58:25.843,1.12804,1.12808,1.00,1.50
2015.06.08 23:58:27.488,1.12804,1.1281,2.25,10.12
2015.06.08 23:58:28.037,1.12803,1.12809,2.25,1.50
2015.06.08 23:58:32.553,1.12803,1.12808,1.50,1.00
2015.06.08 23:58:46.264,1.12803,1.12808,1.00,1.87
2015.06.08 23:58:59.043,1.12802,1.12808,2.25,1.87
2015.06.08 23:59:03.369,1.12803,1.12808,1.00,1.87
2015.06.08 23:59:03.673,1.12804,1.1281,1.50,5.62
2015.06.08 23:59:04.344,1.12804,1.12809,1.50,1.00
2015.06.08 23:59:04.547,1.12804,1.12809,1.50,1.37
2015.06.08 23:59:04.750,1.12804,1.12809,1.50,1.00
2015.06.08 23:59:05.255,1.12804,1.1281,2.25,5.62
2015.06.08 23:59:09.548,1.12804,1.12809,2.25,1.00
2015.06.08 23:59:09.750,1.12804,1.12807,1.00,1.00
2015.06.08 23:59:10.282,1.12803,1.12808,1.00,2.62
2015.06.08 23:59:21.887,1.12804,1.12809,1.50,1.37
2015.06.08 23:59:27.220,1.12803,1.12808,2.25,3.37
2015.06.08 23:59:27.580,1.128,1.12804,2.25,3.00
2015.06.08 23:59:28.390,1.128,1.12802,2.25,2.10
2015.06.08 23:59:28.794,1.128,1.12803,2.25,1.50
2015.06.08 23:59:28.984,1.128,1.12805,2.25,3.00
2015.06.08 23:59:43.169,1.12799,1.12805,3.75,2.19
2015.06.08 23:59:43.271,1.128,1.12805,3.75,1.00
2015.06.08 23:59:43.783,1.128,1.12806,3.75,3.00
2015.06.08 23:59:46.001,1.128,1.12806,3.75,2.62
2015.06.08 23:59:46.623,1.128,1.12806,3.75,2.25
2015.06.08 23:59:47.512,1.12801,1.12806,1.00,1.50
2015.06.08 23:59:47.715,1.12803,1.12807,1.00,1.87
2015.06.08 23:59:52.625,1.12802,1.12808,1.50,2.62
2015.06.08 23:59:55.478,1.12803,1.12808,1.50,1.87
2015.06.08 23:59:59.771,1.12802,1.12807,1.00,1.87
2015.06.08 23:59:59.974,1.128,1.12806,6.37,3.75
