2022.03.04 00:00:00.127,1.10656,1.10662,1.44,0.99
2022.03.04 00:00:00.230,1.10653,1.10658,0.99,0.99
2022.03.04 00:00:00.587,1.10654,1.10658,0.90,0.12
2022.03.04 00:00:00.689,1.10653,1.10658,0.54,0.12
2022.03.04 00:00:02.254,1.1065,1.10655,4.59,0.12
2022.03.04 00:00:02.356,1.10651,1.10657,0.45,1.44
2022.03.04 00:00:02.458,1.10652,1.10657,0.12,0.12
2022.03.04 00:00:03.277,1.10653,1.10657,0.45,0.12
2022.03.04 00:00:04.500,1.10653,1.10658,0.54,0.12
2022.03.04 00:00:04.754,1.10655,1.1066,1.44,0.99
2022.03.04 00:00:04.856,1.10655,1.10659,0.45,0.12
2022.03.04 00:00:05.278,1.10653,1.10657,0.54,0.90
2022.03.04 00:00:05.330,1.10654,1.10659,1.44,1.89
2022.03.04 00:00:05.463,1.10654,1.10658,0.45,0.12
2022.03.04 00:00:05.565,1.10653,1.10658,1.44,0.12
2022.03.04 00:00:05.736,1.10651,1.10656,1.89,1.89
2022.03.04 00:00:05.889,1.10652,1.10654,1.80,0.99
2022.03.04 00:00:05.991,1.10652,1.10656,1.35,0.12
2022.03.04 00:00:06.094,1.10653,1.10657,0.45,0.12
2022.03.04 00:00:20.270,1.10652,1.10657,2.34,0.12
2022.03.04 00:00:35.446,1.10651,1.10656,0.99,2.34
2022.03.04 00:00:35.599,1.10651,1.10655,0.90,0.12
2022.03.04 00:00:36.927,1.1065,1.10655,1.89,0.99
2022.03.04 00:00:40.760,1.10649,1.10654,1.89,0.12
2022.03.04 00:00:40.912,1.1065,1.10655,0.12,2.34
2022.03.04 00:00:42.983,1.1065,1.10654,0.99,0.22
2022.03.04 00:00:43.617,1.1065,1.10655,0.99,2.11
2022.03.04 00:00:43.777,1.1065,1.10654,0.99,0.22
2022.03.04 00:00:55.768,1.10652,1.10654,0.90,0.31
2022.03.04 00:01:01.322,1.10646,1.1065,5.94,0.90
2022.03.04 00:01:02.169,1.10647,1.10651,0.12,0.90
2022.03.04 00:01:02.374,1.10648,1.10653,0.99,1.21
2022.03.04 00:01:04.797,1.10648,1.10652,0.12,0.90
2022.03.04 00:01:05.003,1.1065,1.10654,0.90,2.11
2022.03.04 00:01:05.105,1.1065,1.10653,1.44,2.11
2022.03.04 00:01:05.411,1.1065,1.10652,0.99,0.22
2022.03.04 00:01:07.797,1.10647,1.10652,1.44,0.99
2022.03.04 00:01:08.564,1.1065,1.10652,2.02,0.90
2022.03.04 00:01:08.615,1.10653,1.10656,0.90,2.52
2022.03.04 00:01:08.667,1.10654,1.10658,0.90,0.12
2022.03.04 00:01:08.769,1.10657,1.10658,0.99,4.50
2022.03.04 00:01:08.872,1.10657,1.10662,2.34,1.89
2022.03.04 00:01:08.974,1.10658,1.10662,1.44,0.90
2022.03.04 00:01:09.178,1.10661,1.10663,0.90,0.90
2022.03.04 00:01:09.281,1.10663,1.10666,0.90,2.43
2022.03.04 00:01:09.383,1.10663,1.10668,1.44,1.89
2022.03.04 00:01:09.719,1.10665,1.10668,0.90,1.89
2022.03.04 00:01:09.822,1.10663,1.10668,1.21,0.99
2022.03.04 00:01:11.456,1.10663,1.10667,0.12,0.90
2022.03.04 00:01:16.091,1.10663,1.10665,0.12,0.90
2022.03.04 00:01:16.142,1.1066,1.10662,1.35,0.90
2022.03.04 00:01:16.347,1.10658,1.10662,1.44,0.90
2022.03.04 00:01:31.971,1.10655,1.1066,3.24,0.99
2022.03.04 00:01:45.660,1.10655,1.10659,0.99,0.90
2022.03.04 00:01:45.762,1.10653,1.10656,1.35,2.70
2022.03.04 00:01:45.814,1.10651,1.10656,8.55,2.79
2022.03.04 00:01:45.916,1.1065,1.10652,4.05,1.80
2022.03.04 00:01:46.019,1.10648,1.10652,0.12,0.90
2022.03.04 00:01:46.121,1.10647,1.10652,1.89,0.90
2022.03.04 00:01:49.370,1.10648,1.10652,1.35,0.90
2022.03.04 00:01:49.579,1.10648,1.10651,3.24,0.90
2022.03.04 00:01:51.047,1.10646,1.10651,0.90,2.56
2022.03.04 00:01:51.928,1.10645,1.1065,1.44,0.90
2022.03.04 00:01:56.108,1.10645,1.10648,0.99,0.90
2022.03.04 00:01:56.262,1.10644,1.10647,1.44,0.90
2022.03.04 00:01:56.364,1.10644,1.10646,0.54,0.90
2022.03.04 00:01:56.466,1.1064,1.10645,2.79,0.90
2022.03.04 00:01:58.265,1.10641,1.10646,1.44,0.90
2022.03.04 00:01:58.317,1.10643,1.10648,0.90,0.99
2022.03.04 00:02:05.319,1.10642,1.10647,1.89,0.90
2022.03.04 00:02:05.472,1.10643,1.10648,0.90,0.90
2022.03.04 00:02:14.258,1.10642,1.10647,0.99,0.90
2022.03.04 00:02:15.300,1.10642,1.10645,0.12,0.90
2022.03.04 00:02:15.402,1.1064,1.10645,1.44,0.90
2022.03.04 00:02:15.504,1.1064,1.10644,0.12,0.90
2022.03.04 00:02:15.813,1.10639,1.10644,0.12,0.90
2022.03.04 00:02:16.179,1.10636,1.10638,1.35,0.90
2022.03.04 00:02:16.281,1.10633,1.10637,4.59,0.90
2022.03.04 00:02:16.384,1.10632,1.10636,0.12,0.90
2022.03.04 00:02:16.487,1.1063,1.10634,0.12,0.90
2022.03.04 00:02:16.589,1.10629,1.10634,0.99,0.90
2022.03.04 00:02:17.411,1.10626,1.1063,1.35,1.12
2022.03.04 00:02:17.514,1.10627,1.10628,1.35,0.90
2022.03.04 00:02:17.565,1.10624,1.10629,1.89,0.90
2022.03.04 00:02:18.335,1.10624,1.10628,0.99,0.90
2022.03.04 00:02:18.387,1.10622,1.10627,0.12,0.90
2022.03.04 00:02:18.489,1.10621,1.10625,0.12,0.90
2022.03.04 00:02:21.920,1.10622,1.10627,0.99,0.90
2022.03.04 00:02:22.023,1.10622,1.10628,0.99,0.90
2022.03.04 00:02:22.209,1.1062,1.10624,0.12,0.90
2022.03.04 00:02:24.063,1.10617,1.10619,1.35,0.90
2022.03.04 00:02:24.166,1.10615,1.1062,0.54,0.90
2022.03.04 00:02:24.322,1.10616,1.1062,1.89,0.90
2022.03.04 00:02:24.424,1.10615,1.10619,0.54,0.90
2022.03.04 00:02:24.527,1.10616,1.1062,0.12,0.90
2022.03.04 00:02:24.629,1.10615,1.10619,0.54,0.90
2022.03.04 00:02:30.656,1.10615,1.1062,0.12,0.90
2022.03.04 00:02:39.066,1.10615,1.10619,0.12,0.90
2022.03.04 00:02:46.397,1.10615,1.1062,0.12,0.90
2022.03.04 00:02:48.779,1.10617,1.10621,0.12,0.90
2022.03.04 00:02:48.830,1.10617,1.10623,0.99,3.42
2022.03.04 00:02:48.882,1.10619,1.10624,0.99,6.30
2022.03.04 00:02:48.984,1.1062,1.10624,0.12,5.40
2022.03.04 00:02:49.209,1.1062,1.10625,0.12,0.90
2022.03.04 00:02:49.657,1.10623,1.10626,0.12,0.90
2022.03.04 00:02:49.811,1.10624,1.10628,0.12,2.43
2022.03.04 00:02:49.913,1.10624,1.10629,0.12,0.90
2022.03.04 00:02:50.016,1.10625,1.10629,0.12,0.90
2022.03.04 00:02:54.599,1.10627,1.10631,0.90,0.45
2022.03.04 00:02:54.650,1.10627,1.10633,2.34,4.09
2022.03.04 00:02:54.701,1.1063,1.10632,0.12,4.00
2022.03.04 00:02:54.804,1.10629,1.10634,0.12,1.12
2022.03.04 00:02:54.957,1.1063,1.10634,0.12,0.90
2022.03.04 00:02:55.866,1.10629,1.10634,0.12,0.90
2022.03.04 00:03:00.188,1.1063,1.10635,0.12,1.44
2022.03.04 00:03:00.290,1.10631,1.10636,0.12,0.99
2022.03.04 00:03:03.841,1.10632,1.10636,0.90,0.12
2022.03.04 00:03:04.416,1.10632,1.10635,0.99,0.12
2022.03.04 00:03:09.586,1.1063,1.10636,2.34,0.90
2022.03.04 00:03:40.484,1.1063,1.10634,0.12,0.90
2022.03.04 00:03:40.688,1.1063,1.10633,0.99,0.99
2022.03.04 00:03:55.140,1.10631,1.10635,0.45,0.99
2022.03.04 00:03:55.242,1.10631,1.10636,0.54,0.99
2022.03.04 00:03:55.344,1.10632,1.10638,0.99,0.90
2022.03.04 00:03:55.447,1.10633,1.10639,0.90,2.47
2022.03.04 00:04:01.345,1.10633,1.10638,0.90,0.90
2022.03.04 00:04:23.284,1.10634,1.10639,0.90,0.90
2022.03.04 00:04:23.386,1.10635,1.1064,0.54,0.99
2022.03.04 00:04:23.591,1.10637,1.10642,1.44,0.12
2022.03.04 00:04:23.693,1.10639,1.10642,0.99,0.12
2022.03.04 00:04:32.480,1.1064,1.10643,0.99,0.12
2022.03.04 00:04:33.103,1.1064,1.10645,0.99,0.99
2022.03.04 00:04:40.429,1.10639,1.10644,0.12,0.99
2022.03.04 00:04:40.582,1.10638,1.10644,0.90,1.35
2022.03.04 00:04:41.257,1.10638,1.10643,0.90,0.90
2022.03.04 00:04:53.465,1.10637,1.10643,0.99,0.90
2022.03.04 00:05:02.676,1.10638,1.1064,0.12,0.90
2022.03.04 00:05:04.756,1.10637,1.10642,0.54,0.90
2022.03.04 00:05:06.374,1.10638,1.10642,0.45,0.90
2022.03.04 00:05:07.094,1.10637,1.10642,0.12,0.90
2022.03.04 00:05:07.196,1.10637,1.10641,0.12,0.90
2022.03.04 00:05:07.248,1.10633,1.10636,1.35,0.90
2022.03.04 00:05:07.350,1.10633,1.10635,1.35,0.90
2022.03.04 00:05:07.453,1.1063,1.10634,1.44,0.90
2022.03.04 00:05:07.657,1.10631,1.10635,0.12,0.90
2022.03.04 00:05:08.932,1.10629,1.10632,0.90,0.90
2022.03.04 00:05:09.034,1.10628,1.10631,1.35,0.90
2022.03.04 00:05:09.136,1.10627,1.1063,0.12,0.90
2022.03.04 00:05:11.928,1.10625,1.10629,0.99,0.90
2022.03.04 00:05:13.379,1.10623,1.10627,0.12,0.90
2022.03.04 00:05:13.481,1.1062,1.10624,2.79,0.90
2022.03.04 00:05:13.584,1.1062,1.10623,0.12,0.90
2022.03.04 00:05:13.686,1.10619,1.10623,0.12,0.90
2022.03.04 00:05:13.958,1.10618,1.10623,0.54,0.99
2022.03.04 00:05:14.622,1.10619,1.10621,0.12,0.90
2022.03.04 00:05:15.432,1.10619,1.10622,0.12,0.90
2022.03.04 00:05:15.608,1.10618,1.10621,0.12,0.90
2022.03.04 00:05:17.361,1.10614,1.10616,0.22,2.02
2022.03.04 00:05:17.412,1.10612,1.10614,0.45,0.90
2022.03.04 00:05:17.515,1.10609,1.10611,0.12,2.02
2022.03.04 00:05:17.566,1.10606,1.10609,1.44,0.90
2022.03.04 00:05:17.719,1.10605,1.10609,0.12,0.90
2022.03.04 00:05:17.923,1.10606,1.10611,0.12,1.89
2022.03.04 00:05:18.025,1.10608,1.10611,0.12,0.99
2022.03.04 00:05:18.128,1.10609,1.10613,0.12,0.90
2022.03.04 00:05:18.433,1.10611,1.10612,0.12,0.90
2022.03.04 00:05:18.535,1.1061,1.10614,0.12,0.90
2022.03.04 00:05:20.982,1.10611,1.10612,0.12,0.90
2022.03.04 00:05:21.085,1.10612,1.10616,0.12,1.80
2022.03.04 00:05:21.543,1.10612,1.10615,0.12,0.90
2022.03.04 00:05:21.594,1.10609,1.10615,4.81,0.90
2022.03.04 00:05:22.554,1.1061,1.10615,0.45,0.90
2022.03.04 00:05:35.391,1.10611,1.10615,0.12,0.90
2022.03.04 00:05:40.866,1.1061,1.10614,0.31,0.90
2022.03.04 00:05:40.969,1.10612,1.10613,0.12,0.90
2022.03.04 00:05:43.212,1.10611,1.10615,0.12,0.90
2022.03.04 00:05:47.975,1.10611,1.10616,0.54,0.99
2022.03.04 00:05:49.992,1.10611,1.10614,0.12,0.90
2022.03.04 00:05:50.094,1.10611,1.10615,0.12,0.90
2022.03.04 00:05:50.965,1.1061,1.10615,0.12,0.99
2022.03.04 00:05:52.546,1.1061,1.10614,0.12,0.90
2022.03.04 00:05:53.094,1.10609,1.10614,0.12,1.89
2022.03.04 00:05:53.955,1.1061,1.10614,0.12,0.90
2022.03.04 00:05:54.265,1.10609,1.10614,0.54,0.90
2022.03.04 00:05:56.258,1.10609,1.10613,0.99,0.90
2022.03.04 00:05:56.360,1.10607,1.10612,0.22,0.99
2022.03.04 00:05:56.514,1.10607,1.1061,0.12,0.90
2022.03.04 00:05:57.497,1.10606,1.1061,0.12,0.90
2022.03.04 00:05:58.216,1.10605,1.1061,1.21,0.90
2022.03.04 00:06:00.204,1.10604,1.10609,0.99,0.90
2022.03.04 00:06:00.306,1.10604,1.10608,0.12,0.90
2022.03.04 00:06:00.797,1.10603,1.10608,0.99,0.90
2022.03.04 00:06:03.617,1.10601,1.10604,1.35,0.90
2022.03.04 00:06:03.821,1.10599,1.10604,0.12,0.90
2022.03.04 00:06:03.923,1.10599,1.10603,0.12,0.90
2022.03.04 00:06:04.025,1.10598,1.10603,1.21,0.90
2022.03.04 00:06:05.088,1.10598,1.10602,0.99,0.90
2022.03.04 00:06:05.140,1.10596,1.10601,2.34,0.90
2022.03.04 00:06:11.360,1.10597,1.10602,0.45,0.99
2022.03.04 00:06:11.462,1.106,1.10603,0.99,0.90
2022.03.04 00:06:11.565,1.106,1.10606,3.24,0.99
2022.03.04 00:06:11.668,1.10601,1.10605,0.99,0.90
2022.03.04 00:06:11.770,1.10601,1.10606,1.89,0.90
2022.03.04 00:06:11.872,1.10601,1.10607,1.89,0.99
2022.03.04 00:06:11.974,1.10602,1.10607,0.90,0.99
2022.03.04 00:06:15.836,1.10602,1.10606,0.90,0.90
2022.03.04 00:06:15.938,1.10602,1.10607,0.90,0.99
2022.03.04 00:06:19.779,1.10601,1.10607,0.99,0.99
2022.03.04 00:06:20.207,1.106,1.10604,0.12,0.90
2022.03.04 00:06:20.310,1.106,1.10603,1.35,0.99
2022.03.04 00:06:20.412,1.10598,1.10603,0.99,0.90
2022.03.04 00:06:22.136,1.10596,1.10599,3.24,0.90
2022.03.04 00:06:22.239,1.10595,1.10599,1.35,0.90
2022.03.04 00:06:22.341,1.10594,1.10599,0.99,1.80
2022.03.04 00:06:25.708,1.10593,1.10598,1.44,0.90
2022.03.04 00:06:28.145,1.10592,1.10596,0.99,0.90
2022.03.04 00:06:29.145,1.10592,1.10597,0.99,0.90
2022.03.04 00:06:29.298,1.10592,1.10596,0.54,0.90
2022.03.04 00:06:30.938,1.10591,1.10596,1.89,0.90
2022.03.04 00:06:31.041,1.10591,1.10595,0.12,0.90
2022.03.04 00:06:31.977,1.1059,1.10594,0.99,0.90
2022.03.04 00:06:32.376,1.1059,1.10595,0.99,0.90
2022.03.04 00:06:35.904,1.10591,1.10595,0.12,0.90
2022.03.04 00:06:37.170,1.1059,1.10595,1.89,0.90
2022.03.04 00:06:39.803,1.1059,1.10594,0.12,0.90
2022.03.04 00:06:39.906,1.10589,1.10594,2.79,0.90
2022.03.04 00:06:40.110,1.10589,1.10593,0.12,0.90
2022.03.04 00:06:41.450,1.10588,1.10592,0.22,0.90
2022.03.04 00:06:41.552,1.10588,1.10593,0.31,0.90
2022.03.04 00:06:43.269,1.10587,1.10592,1.89,0.90
2022.03.04 00:06:43.371,1.10588,1.10592,0.12,0.90
2022.03.04 00:06:43.473,1.10588,1.10593,0.12,2.92
2022.03.04 00:06:43.575,1.10587,1.10592,1.89,0.90
2022.03.04 00:06:44.655,1.10586,1.10591,0.99,0.90
2022.03.04 00:06:44.757,1.10585,1.10589,0.12,0.90
2022.03.04 00:06:44.860,1.10584,1.10589,0.90,1.21
2022.03.04 00:06:44.962,1.10583,1.10587,2.34,0.45
2022.03.04 00:06:45.064,1.10582,1.10585,1.35,1.12
2022.03.04 00:06:45.116,1.10579,1.10583,0.12,0.90
2022.03.04 00:06:45.218,1.10578,1.10582,0.12,0.90
2022.03.04 00:06:45.425,1.10577,1.10582,3.01,0.90
2022.03.04 00:06:47.773,1.10578,1.10582,0.45,0.90
2022.03.04 00:06:49.577,1.10577,1.10582,2.11,0.90
2022.03.04 00:06:50.318,1.10581,1.10585,0.45,2.47
2022.03.04 00:06:50.369,1.10579,1.10584,0.12,0.90
2022.03.04 00:06:51.606,1.1058,1.10585,1.44,1.35
2022.03.04 00:06:52.543,1.10581,1.10586,0.99,0.90
2022.03.04 00:06:53.031,1.10581,1.10583,0.99,0.90
2022.03.04 00:06:53.083,1.10581,1.10586,0.90,5.24
2022.03.04 00:06:53.134,1.10579,1.10583,0.22,0.90
2022.03.04 00:06:53.237,1.10579,1.10581,0.12,0.90
2022.03.04 00:06:53.390,1.10577,1.10582,0.99,0.90
2022.03.04 00:06:53.492,1.10576,1.10581,0.12,0.90
2022.03.04 00:06:53.594,1.10575,1.1058,0.54,0.90
2022.03.04 00:06:54.001,1.10576,1.10578,0.12,0.90
2022.03.04 00:06:54.208,1.10575,1.1058,0.12,0.90
2022.03.04 00:07:00.551,1.10576,1.10578,0.12,0.90
2022.03.04 00:07:01.264,1.10574,1.10578,0.54,0.90
2022.03.04 00:07:01.425,1.10574,1.10577,1.44,0.90
2022.03.04 00:07:05.256,1.1057,1.10574,1.44,0.90
2022.03.04 00:07:05.358,1.1057,1.10572,1.35,0.90
2022.03.04 00:07:05.461,1.10568,1.10572,5.04,0.90
2022.03.04 00:07:05.513,1.10567,1.1057,0.54,0.90
2022.03.04 00:07:05.666,1.10566,1.10569,0.90,0.90
2022.03.04 00:07:05.768,1.10565,1.10569,1.44,0.90
2022.03.04 00:07:05.871,1.10565,1.10568,0.12,0.90
2022.03.04 00:07:10.328,1.10564,1.10568,0.76,0.90
2022.03.04 00:07:10.710,1.10563,1.10565,0.22,0.90
2022.03.04 00:07:10.813,1.10562,1.10564,0.12,0.90
2022.03.04 00:07:10.915,1.10561,1.10565,0.12,0.90
2022.03.04 00:07:11.581,1.1056,1.10565,0.12,0.90
2022.03.04 00:07:11.868,1.1056,1.10564,0.12,0.90
2022.03.04 00:07:12.072,1.10559,1.10564,0.99,0.90
2022.03.04 00:07:12.225,1.10559,1.10563,0.99,0.90
2022.03.04 00:07:12.333,1.10558,1.10563,1.89,0.90
2022.03.04 00:07:12.435,1.10557,1.10562,0.54,0.90
2022.03.04 00:07:12.537,1.10557,1.10561,1.44,0.90
2022.03.04 00:07:13.928,1.10556,1.10561,2.34,0.90
2022.03.04 00:07:13.979,1.10555,1.10557,0.99,0.90
2022.03.04 00:07:15.214,1.10558,1.10561,0.99,3.33
2022.03.04 00:07:15.367,1.10557,1.10561,2.34,0.90
2022.03.04 00:07:18.377,1.10556,1.10561,0.99,0.90
2022.03.04 00:07:18.635,1.10557,1.10559,0.54,0.90
2022.03.04 00:07:19.577,1.10554,1.10557,1.35,1.80
2022.03.04 00:07:19.680,1.10552,1.10555,0.12,0.90
2022.03.04 00:07:19.731,1.1055,1.10555,2.34,1.12
2022.03.04 00:07:19.833,1.1055,1.10554,0.99,0.90
2022.03.04 00:07:20.863,1.10549,1.10554,0.12,0.90
2022.03.04 00:07:20.965,1.1055,1.10552,0.12,0.90
2022.03.04 00:07:21.872,1.10547,1.10551,1.89,0.90
2022.03.04 00:07:21.974,1.10547,1.10549,1.35,2.02
2022.03.04 00:07:22.026,1.10543,1.10547,2.79,1.80
2022.03.04 00:07:22.392,1.10544,1.10547,0.12,0.90
2022.03.04 00:07:23.261,1.10542,1.10546,1.89,0.90
2022.03.04 00:07:25.656,1.10541,1.10546,4.59,0.90
2022.03.04 00:07:26.680,1.1054,1.10543,2.79,1.80
2022.03.04 00:07:26.782,1.10539,1.10543,0.12,1.12
2022.03.04 00:07:26.884,1.10538,1.10543,0.12,0.99
2022.03.04 00:07:27.827,1.10539,1.10543,0.12,0.90
2022.03.04 00:07:28.943,1.10542,1.10543,1.89,0.90
2022.03.04 00:07:28.995,1.10542,1.10546,0.12,0.90
2022.03.04 00:07:29.098,1.10545,1.10547,0.12,0.90
2022.03.04 00:07:29.200,1.10545,1.10549,0.12,0.90
2022.03.04 00:07:29.353,1.10546,1.10549,0.12,0.90
2022.03.04 00:07:29.811,1.10546,1.1055,0.12,0.90
2022.03.04 00:07:30.015,1.10547,1.10551,0.12,0.90
2022.03.04 00:07:30.269,1.10546,1.1055,0.12,0.90
2022.03.04 00:07:30.601,1.1055,1.10553,0.45,0.90
2022.03.04 00:07:30.653,1.1055,1.10555,1.44,3.33
2022.03.04 00:07:30.755,1.10552,1.10555,0.12,2.43
2022.03.04 00:07:30.807,1.10553,1.10557,0.12,0.90
2022.03.04 00:07:32.508,1.10552,1.10556,0.90,0.90
2022.03.04 00:07:32.610,1.10551,1.10556,0.99,0.90
2022.03.04 00:07:32.763,1.10551,1.10554,1.44,0.90
2022.03.04 00:07:32.867,1.10547,1.1055,1.35,0.90
2022.03.04 00:07:32.919,1.10545,1.1055,3.69,0.90
2022.03.04 00:07:33.123,1.10544,1.10549,2.34,0.90
2022.03.04 00:07:34.029,1.10545,1.10549,0.12,0.90
2022.03.04 00:07:34.297,1.10544,1.10549,1.44,0.90
2022.03.04 00:07:35.164,1.10546,1.10548,0.12,0.90
2022.03.04 00:07:35.822,1.10545,1.1055,0.12,2.02
2022.03.04 00:07:36.094,1.10547,1.10549,0.12,0.90
2022.03.04 00:07:36.196,1.10548,1.10552,0.12,0.90
2022.03.04 00:07:36.917,1.10549,1.10554,0.99,0.90
2022.03.04 00:07:37.118,1.10549,1.10555,0.99,1.89
2022.03.04 00:07:37.626,1.1055,1.10555,0.90,1.89
2022.03.04 00:07:37.728,1.10552,1.10557,2.79,0.90
2022.03.04 00:07:37.831,1.10554,1.10558,0.12,0.90
2022.03.04 00:07:37.933,1.10556,1.1056,0.99,2.43
2022.03.04 00:07:38.035,1.10557,1.10561,0.12,0.90
2022.03.04 00:07:38.391,1.10556,1.10561,0.99,0.90
2022.03.04 00:07:39.666,1.10557,1.10561,0.12,0.90
2022.03.04 00:07:39.972,1.10556,1.10561,0.12,0.90
2022.03.04 00:07:40.780,1.10557,1.10561,0.12,0.90
2022.03.04 00:07:41.062,1.10556,1.10561,0.99,0.90
2022.03.04 00:07:41.706,1.10558,1.10563,0.90,0.99
2022.03.04 00:07:41.809,1.10557,1.10562,1.89,0.90
2022.03.04 00:07:43.947,1.10558,1.10562,0.12,0.90
2022.03.04 00:07:44.201,1.1056,1.10562,0.90,0.90
2022.03.04 00:07:44.252,1.10559,1.10565,1.89,0.99
2022.03.04 00:07:44.355,1.10561,1.10564,0.12,0.90
2022.03.04 00:07:44.457,1.10562,1.10564,0.12,0.90
2022.03.04 00:07:44.559,1.1056,1.10565,0.12,0.90
2022.03.04 00:07:46.772,1.10558,1.10564,2.34,0.99
2022.03.04 00:07:47.419,1.10558,1.10563,0.99,0.90
2022.03.04 00:07:52.160,1.10559,1.10563,0.12,0.90
2022.03.04 00:07:52.312,1.10558,1.10563,0.99,0.90
2022.03.04 00:07:53.304,1.10559,1.10564,2.34,0.90
2022.03.04 00:07:53.406,1.1056,1.10564,0.12,0.90
2022.03.04 00:07:53.508,1.10562,1.10563,0.12,0.90
2022.03.04 00:07:53.610,1.1056,1.10565,0.99,0.90
2022.03.04 00:07:53.966,1.1056,1.10566,3.24,0.99
2022.03.04 00:07:54.119,1.10561,1.10566,0.12,0.90
2022.03.04 00:07:54.727,1.10563,1.10568,3.69,0.90
2022.03.04 00:07:54.829,1.10566,1.10569,2.02,2.43
2022.03.04 00:07:54.881,1.10568,1.10572,0.90,2.43
2022.03.04 00:07:54.983,1.10569,1.10572,0.12,2.43
2022.03.04 00:07:55.085,1.10569,1.10574,0.99,0.90
2022.03.04 00:07:55.617,1.10568,1.10573,1.89,0.90
2022.03.04 00:07:58.804,1.10568,1.10574,0.99,1.21
2022.03.04 00:08:01.706,1.10569,1.10575,2.34,2.11
2022.03.04 00:08:01.808,1.10571,1.10575,0.12,1.80
2022.03.04 00:08:01.910,1.10572,1.10576,0.90,0.99
2022.03.04 00:08:02.013,1.10574,1.10579,0.12,0.99
2022.03.04 00:08:02.166,1.10575,1.10577,0.12,0.90
2022.03.04 00:08:02.336,1.10573,1.10578,0.99,0.99
2022.03.04 00:08:02.744,1.10575,1.10577,0.12,0.90
2022.03.04 00:08:02.952,1.10575,1.10578,0.90,0.90
2022.03.04 00:08:03.054,1.10575,1.10579,0.12,0.90
2022.03.04 00:08:03.157,1.10576,1.1058,0.12,0.90
2022.03.04 00:08:03.613,1.10575,1.1058,0.99,0.99
2022.03.04 00:08:03.715,1.10576,1.10578,0.12,0.90
2022.03.04 00:08:03.817,1.10574,1.10579,0.99,1.21
2022.03.04 00:08:04.604,1.10574,1.10577,0.99,1.21
2022.03.04 00:08:05.342,1.10572,1.10576,0.12,0.90
2022.03.04 00:08:05.445,1.10571,1.10576,0.99,1.21
2022.03.04 00:08:05.781,1.1057,1.10574,0.12,0.90
2022.03.04 00:08:05.883,1.10569,1.10574,0.99,0.99
2022.03.04 00:08:06.055,1.10569,1.10572,0.12,0.90
2022.03.04 00:08:06.158,1.1057,1.10572,0.12,0.90
2022.03.04 00:08:07.598,1.10571,1.10573,0.12,0.90
2022.03.04 00:08:07.700,1.10572,1.10574,0.12,0.90
2022.03.04 00:08:07.802,1.1057,1.10574,1.44,0.90
2022.03.04 00:08:09.073,1.1057,1.10573,0.54,0.90
2022.03.04 00:08:09.369,1.10569,1.10571,0.12,1.12
2022.03.04 00:08:09.420,1.10564,1.10567,3.60,0.90
2022.03.04 00:08:09.523,1.10564,1.10566,1.35,0.22
2022.03.04 00:08:09.676,1.10561,1.10563,0.12,0.90
2022.03.04 00:08:09.728,1.10557,1.1056,1.44,0.90
2022.03.04 00:08:09.830,1.10556,1.10561,1.44,1.21
2022.03.04 00:08:09.882,1.10556,1.10558,0.12,0.90
2022.03.04 00:08:10.715,1.10555,1.10558,1.89,0.90
2022.03.04 00:08:10.868,1.10555,1.10557,0.12,0.90
2022.03.04 00:08:10.970,1.10554,1.10557,0.12,0.90
2022.03.04 00:08:11.980,1.10555,1.10558,0.12,0.54
2022.03.04 00:08:12.082,1.10554,1.10557,0.12,0.45
2022.03.04 00:08:12.134,1.10552,1.10557,0.12,1.21
2022.03.04 00:08:13.412,1.10551,1.10554,0.12,0.45
2022.03.04 00:08:13.464,1.10548,1.10552,0.12,1.80
2022.03.04 00:08:13.566,1.10549,1.10554,0.12,3.46
2022.03.04 00:08:15.797,1.10549,1.10551,0.12,0.90
2022.03.04 00:08:15.849,1.10546,1.10548,1.35,0.90
2022.03.04 00:08:15.951,1.10545,1.10548,0.12,0.90
2022.03.04 00:08:16.259,1.10547,1.1055,1.89,2.43
2022.03.04 00:08:16.362,1.10548,1.10551,0.99,0.90
2022.03.04 00:08:16.464,1.10549,1.10551,0.12,0.90
2022.03.04 00:08:16.566,1.10547,1.10551,1.35,0.90
2022.03.04 00:08:16.669,1.10548,1.1055,0.12,0.90
2022.03.04 00:08:16.974,1.10547,1.10551,4.50,0.90
2022.03.04 00:08:17.127,1.1055,1.10551,0.12,0.90
2022.03.04 00:08:17.987,1.10549,1.1055,0.12,0.90
2022.03.04 00:08:20.207,1.10549,1.10551,0.12,0.90
2022.03.04 00:08:20.972,1.1055,1.10553,0.12,2.11
2022.03.04 00:08:21.023,1.10548,1.1055,0.12,0.90
2022.03.04 00:08:22.559,1.10546,1.10548,0.12,0.90
2022.03.04 00:08:22.661,1.10545,1.10548,0.12,0.90
2022.03.04 00:08:22.764,1.10546,1.10548,0.12,0.90
2022.03.04 00:08:23.620,1.10542,1.10545,3.69,0.45
2022.03.04 00:08:23.723,1.10542,1.10547,0.31,0.54
2022.03.04 00:08:24.550,1.10542,1.10546,0.12,0.45
2022.03.04 00:08:26.242,1.1054,1.10543,0.12,0.90
2022.03.04 00:08:26.344,1.10541,1.10544,0.12,0.90
2022.03.04 00:08:26.948,1.1054,1.10543,0.12,0.90
2022.03.04 00:08:27.406,1.10537,1.10539,2.25,0.90
2022.03.04 00:08:27.458,1.10537,1.10541,1.35,0.54
2022.03.04 00:08:27.560,1.10535,1.10536,0.99,1.12
2022.03.04 00:08:27.663,1.10533,1.10536,0.12,2.02
2022.03.04 00:08:27.714,1.10531,1.10533,0.12,0.90
2022.03.04 00:08:27.817,1.1053,1.10533,1.89,0.90
2022.03.04 00:08:28.641,1.10531,1.10533,0.12,0.90
2022.03.04 00:08:28.794,1.1053,1.10533,2.70,0.90
2022.03.04 00:08:28.897,1.10531,1.10533,0.12,0.90
2022.03.04 00:08:28.999,1.10531,1.10533,3.37,0.90
2022.03.04 00:08:30.243,1.10529,1.10533,0.12,0.90
2022.03.04 00:08:30.601,1.1053,1.10533,1.80,0.90
2022.03.04 00:08:32.761,1.10532,1.10537,1.89,3.87
2022.03.04 00:08:32.812,1.10532,1.10535,0.12,0.90
2022.03.04 00:08:32.864,1.10534,1.10536,0.12,0.90
2022.03.04 00:08:32.966,1.10534,1.10537,0.12,0.90
2022.03.04 00:08:34.868,1.10533,1.10537,0.12,0.90
2022.03.04 00:08:34.972,1.10532,1.10536,1.21,0.90
2022.03.04 00:08:35.074,1.10533,1.10536,0.12,0.90
2022.03.04 00:08:35.236,1.10532,1.10535,0.12,0.90
2022.03.04 00:08:35.338,1.10531,1.10533,0.12,0.90
2022.03.04 00:08:35.441,1.1053,1.10533,1.89,0.90
2022.03.04 00:08:38.754,1.10526,1.10528,1.66,2.70
2022.03.04 00:08:38.856,1.10522,1.10524,4.59,0.90
2022.03.04 00:08:38.908,1.10519,1.10521,0.12,1.12
2022.03.04 00:08:38.960,1.1052,1.10523,0.99,0.90
2022.03.04 00:08:39.164,1.10521,1.10524,0.12,0.90
2022.03.04 00:08:41.073,1.10521,1.10523,0.12,0.90
2022.03.04 00:08:41.124,1.10519,1.10522,1.21,0.90
2022.03.04 00:08:41.227,1.1052,1.10522,0.12,0.90
2022.03.04 00:08:41.329,1.10519,1.10521,0.12,0.90
2022.03.04 00:08:41.635,1.10516,1.1052,0.12,0.90
2022.03.04 00:08:41.789,1.10513,1.10516,0.12,0.90
2022.03.04 00:08:41.993,1.10512,1.10516,0.99,1.12
2022.03.04 00:08:42.096,1.1051,1.10513,0.12,0.90
2022.03.04 00:08:42.147,1.10508,1.10513,0.12,2.56
2022.03.04 00:08:42.199,1.10506,1.10508,0.12,0.90
2022.03.04 00:08:42.301,1.10504,1.10507,4.59,0.90
2022.03.04 00:08:42.708,1.10505,1.10507,0.54,0.90
2022.03.04 00:08:42.811,1.10505,1.10509,0.12,0.90
2022.03.04 00:08:42.913,1.10506,1.10509,0.12,0.90
2022.03.04 00:08:43.455,1.1051,1.10511,0.12,0.90
2022.03.04 00:08:43.507,1.10505,1.10509,0.12,0.90
2022.03.04 00:08:43.609,1.10504,1.10507,0.12,0.90
2022.03.04 00:08:43.915,1.10502,1.10503,0.12,0.90
2022.03.04 00:08:44.017,1.105,1.10501,2.79,0.90
2022.03.04 00:08:44.171,1.10498,1.10501,0.12,0.90
2022.03.04 00:08:44.273,1.10497,1.105,0.90,0.90
2022.03.04 00:08:44.376,1.10494,1.10497,0.12,0.90
2022.03.04 00:08:44.478,1.10492,1.10495,0.12,0.90
2022.03.04 00:08:44.530,1.10491,1.10493,1.35,0.90
2022.03.04 00:08:44.632,1.10489,1.10493,0.12,0.90
2022.03.04 00:08:45.309,1.1049,1.10494,0.12,0.90
2022.03.04 00:08:46.674,1.10489,1.10494,1.89,0.90
2022.03.04 00:08:46.929,1.1049,1.10494,0.12,0.90
2022.03.04 00:08:48.309,1.10495,1.10497,0.90,1.89
2022.03.04 00:08:48.360,1.10498,1.10499,1.35,4.45
2022.03.04 00:08:48.412,1.10499,1.10501,2.11,0.45
2022.03.04 00:08:48.463,1.10502,1.10504,0.12,1.80
2022.03.04 00:08:48.515,1.10508,1.1051,0.12,0.90
2022.03.04 00:08:48.617,1.10508,1.1051,4.59,0.45
2022.03.04 00:08:48.720,1.10509,1.10511,0.99,0.45
2022.03.04 00:08:48.822,1.10509,1.10513,0.99,0.90
2022.03.04 00:08:50.101,1.10509,1.10514,2.79,0.99
2022.03.04 00:08:50.203,1.1051,1.10514,0.12,0.90
2022.03.04 00:08:50.306,1.10511,1.10516,0.99,0.99
2022.03.04 00:08:50.357,1.10513,1.10516,0.45,0.90
2022.03.04 00:08:50.409,1.10513,1.10518,1.89,0.99
2022.03.04 00:08:50.511,1.10514,1.10518,0.12,0.90
2022.03.04 00:08:50.939,1.10514,1.10519,2.79,0.99
2022.03.04 00:08:50.991,1.10519,1.10522,0.99,0.45
2022.03.04 00:08:51.093,1.10518,1.10522,0.99,1.35
2022.03.04 00:08:51.196,1.10519,1.10522,0.12,0.45
2022.03.04 00:08:51.349,1.10518,1.10522,0.99,1.35
2022.03.04 00:08:51.451,1.10517,1.10522,0.99,1.44
2022.03.04 00:08:51.984,1.10517,1.10521,0.12,0.90
2022.03.04 00:08:52.624,1.10517,1.1052,0.12,0.90
2022.03.04 00:08:54.108,1.10517,1.10521,0.54,0.90
2022.03.04 00:08:55.304,1.1052,1.10524,0.99,3.33
2022.03.04 00:08:55.407,1.10521,1.10526,0.99,3.42
2022.03.04 00:08:55.509,1.10522,1.10526,0.99,3.33
2022.03.04 00:08:55.560,1.10523,1.10528,0.99,0.99
2022.03.04 00:08:55.663,1.10524,1.10528,0.99,0.90
2022.03.04 00:08:56.342,1.10523,1.10528,1.89,0.99
2022.03.04 00:08:57.857,1.10523,1.10527,0.99,0.90
2022.03.04 00:08:58.356,1.10521,1.10526,0.99,0.99
2022.03.04 00:08:59.033,1.10522,1.10526,0.12,0.90
2022.03.04 00:08:59.277,1.10523,1.10528,0.99,1.89
2022.03.04 00:08:59.976,1.10524,1.10528,0.12,0.90
2022.03.04 00:09:00.078,1.10525,1.10528,0.12,0.90
2022.03.04 00:09:00.333,1.10526,1.10531,0.99,0.99
2022.03.04 00:09:00.436,1.10528,1.10532,0.12,0.90
2022.03.04 00:09:00.538,1.10529,1.10533,0.12,0.90
2022.03.04 00:09:00.843,1.10529,1.10534,0.12,0.12
2022.03.04 00:09:01.258,1.10528,1.10533,0.12,0.12
2022.03.04 00:09:02.251,1.10525,1.1053,0.12,1.21
2022.03.04 00:09:02.354,1.10524,1.10529,1.44,0.12
2022.03.04 00:09:02.456,1.10523,1.10525,0.12,1.80
2022.03.04 00:09:02.508,1.1052,1.10523,1.44,0.90
2022.03.04 00:09:02.712,1.10519,1.10522,0.12,0.90
2022.03.04 00:09:03.132,1.1052,1.10523,0.31,0.90
2022.03.04 00:09:03.242,1.10521,1.10523,0.12,0.90
2022.03.04 00:09:03.344,1.1052,1.10524,2.92,0.90
2022.03.04 00:09:03.690,1.10524,1.10528,0.90,1.21
2022.03.04 00:09:03.792,1.10524,1.10527,2.92,0.90
2022.03.04 00:09:03.895,1.10525,1.10528,0.45,0.90
2022.03.04 00:09:04.099,1.10524,1.10527,0.99,0.90
2022.03.04 00:09:04.201,1.10525,1.10529,0.12,0.45
2022.03.04 00:09:04.303,1.10524,1.10529,0.12,0.12
2022.03.04 00:09:04.751,1.10523,1.10528,0.12,1.21
2022.03.04 00:09:04.854,1.10522,1.10527,0.12,0.12
2022.03.04 00:09:06.897,1.10522,1.10526,0.12,0.45
2022.03.04 00:09:06.949,1.10519,1.10522,0.12,0.90
2022.03.04 00:09:07.000,1.10517,1.10519,1.35,0.90
2022.03.04 00:09:07.052,1.10517,1.10522,1.35,0.99
2022.03.04 00:09:07.154,1.10516,1.10518,0.12,0.90
2022.03.04 00:09:07.256,1.10515,1.10518,0.54,0.90
2022.03.04 00:09:08.783,1.10514,1.10517,0.99,0.90
2022.03.04 00:09:08.987,1.10515,1.10519,0.12,0.54
2022.03.04 00:09:09.089,1.10512,1.10518,0.99,0.31
2022.03.04 00:09:09.192,1.1051,1.10513,1.35,0.90
2022.03.04 00:09:09.294,1.10509,1.10513,1.89,0.90
2022.03.04 00:09:10.020,1.1051,1.10513,0.45,0.90
2022.03.04 00:09:12.485,1.10509,1.10513,2.34,0.90
2022.03.04 00:09:12.587,1.1051,1.10513,0.45,0.90
2022.03.04 00:09:12.740,1.10511,1.10514,0.12,0.90
2022.03.04 00:09:12.842,1.10511,1.10514,0.12,0.90
2022.03.04 00:09:14.204,1.1051,1.10514,0.45,0.90
2022.03.04 00:09:14.307,1.10509,1.10511,0.12,0.90
2022.03.04 00:09:14.409,1.10507,1.10509,0.90,0.90
2022.03.04 00:09:14.512,1.10504,1.10507,1.21,0.90
2022.03.04 00:09:14.563,1.10503,1.10505,0.12,0.90
2022.03.04 00:09:14.666,1.10502,1.10505,6.84,0.90
2022.03.04 00:09:15.181,1.10502,1.10505,0.12,0.90
2022.03.04 00:09:16.245,1.10501,1.10504,0.45,0.90
2022.03.04 00:09:17.409,1.10498,1.10501,1.44,0.90
2022.03.04 00:09:17.512,1.10498,1.10501,1.89,0.90
2022.03.04 00:09:17.818,1.10499,1.10503,1.44,0.90
2022.03.04 00:09:17.869,1.10501,1.10505,0.99,0.90
2022.03.04 00:09:17.972,1.10503,1.10505,0.99,0.90
2022.03.04 00:09:18.074,1.10504,1.10506,1.89,0.90
2022.03.04 00:09:18.780,1.10504,1.10506,0.12,0.90
2022.03.04 00:09:18.831,1.10506,1.10509,1.89,0.90
2022.03.04 00:09:18.936,1.10507,1.10509,0.12,0.90
2022.03.04 00:09:19.089,1.10507,1.1051,0.12,0.90
2022.03.04 00:09:19.730,1.1051,1.10512,0.45,0.90
2022.03.04 00:09:19.781,1.1051,1.10514,0.99,0.90
2022.03.04 00:09:19.883,1.10511,1.10514,0.12,0.90
2022.03.04 00:09:20.789,1.10514,1.10517,0.45,0.90
2022.03.04 00:09:20.891,1.10515,1.10519,1.80,3.33
2022.03.04 00:09:20.994,1.10516,1.1052,0.12,0.90
2022.03.04 00:09:21.096,1.10517,1.1052,0.12,0.90
2022.03.04 00:09:22.597,1.10517,1.1052,0.12,0.90
2022.03.04 00:09:23.277,1.10516,1.1052,3.60,0.90
2022.03.04 00:09:24.547,1.10518,1.1052,0.12,0.90
2022.03.04 00:09:24.818,1.10522,1.10524,0.90,0.99
2022.03.04 00:09:24.921,1.10524,1.10525,0.99,5.20
2022.03.04 00:09:25.023,1.10524,1.10526,0.12,0.90
2022.03.04 00:09:25.593,1.10524,1.10527,0.31,0.90
2022.03.04 00:09:25.696,1.10528,1.10531,0.12,0.90
2022.03.04 00:09:25.799,1.1053,1.10532,1.57,3.33
2022.03.04 00:09:25.901,1.10529,1.10531,0.99,0.90
2022.03.04 00:09:26.054,1.10528,1.10531,0.12,0.90
2022.03.04 00:09:26.237,1.10528,1.1053,0.12,0.90
2022.03.04 00:09:26.339,1.10527,1.1053,0.12,0.90
2022.03.04 00:09:29.091,1.10524,1.10529,0.12,0.45
2022.03.04 00:09:29.142,1.10523,1.10526,1.44,0.90
2022.03.04 00:09:29.245,1.10523,1.10524,0.12,0.90
2022.03.04 00:09:30.257,1.10522,1.10524,0.12,0.90
2022.03.04 00:09:30.359,1.10521,1.10523,0.12,0.90
2022.03.04 00:09:30.462,1.10522,1.10524,0.12,0.90
2022.03.04 00:09:30.564,1.10521,1.10525,0.12,0.90
2022.03.04 00:09:30.666,1.10522,1.10525,0.12,0.90
2022.03.04 00:09:33.110,1.10519,1.10521,0.12,0.90
2022.03.04 00:09:33.212,1.10518,1.10521,0.12,0.90
2022.03.04 00:09:33.314,1.10518,1.1052,0.12,0.90
2022.03.04 00:09:34.241,1.10514,1.10516,1.35,0.67
2022.03.04 00:09:34.292,1.10505,1.10508,0.90,0.90
2022.03.04 00:09:34.344,1.10503,1.10506,0.45,0.90
2022.03.04 00:09:34.446,1.10502,1.10505,0.76,1.44
2022.03.04 00:09:34.498,1.105,1.10505,0.12,1.44
2022.03.04 00:09:34.549,1.10499,1.10501,0.12,0.90
2022.03.04 00:09:35.457,1.10498,1.105,0.12,0.90
2022.03.04 00:09:35.509,1.10496,1.105,0.99,0.90
2022.03.04 00:09:35.623,1.10496,1.10499,0.99,0.90
2022.03.04 00:09:37.515,1.10495,1.10498,0.12,0.90
2022.03.04 00:09:37.969,1.10495,1.10498,0.12,2.34
2022.03.04 00:09:38.020,1.10492,1.10495,0.12,0.90
2022.03.04 00:09:38.174,1.10492,1.10494,0.12,0.90
2022.03.04 00:09:38.276,1.10491,1.10494,0.12,0.90
2022.03.04 00:09:38.429,1.10491,1.10493,0.12,0.90
2022.03.04 00:09:38.836,1.10491,1.10493,0.54,0.90
2022.03.04 00:09:38.938,1.10491,1.10494,0.12,0.90
2022.03.04 00:09:41.692,1.10492,1.10495,6.07,0.90
2022.03.04 00:09:41.744,1.10502,1.10505,0.90,2.92
2022.03.04 00:09:41.846,1.10503,1.10507,1.80,0.90
2022.03.04 00:09:41.949,1.10504,1.10507,0.90,0.90
2022.03.04 00:09:43.252,1.10504,1.10508,1.80,0.90
2022.03.04 00:09:43.875,1.10504,1.10509,4.05,0.90
2022.03.04 00:09:43.977,1.10504,1.10508,0.90,0.90
2022.03.04 00:09:44.079,1.10505,1.10506,0.12,0.90
2022.03.04 00:09:44.377,1.10506,1.10509,0.12,0.90
2022.03.04 00:09:44.480,1.10506,1.1051,0.12,0.90
2022.03.04 00:09:45.021,1.10505,1.10507,0.12,0.90
2022.03.04 00:09:45.123,1.10505,1.10506,0.99,0.90
2022.03.04 00:09:45.727,1.10503,1.10505,0.12,0.90
2022.03.04 00:09:46.098,1.10501,1.10505,0.99,0.90
2022.03.04 00:09:46.662,1.10502,1.10507,4.14,0.90
2022.03.04 00:09:46.714,1.10504,1.10507,0.12,0.90
2022.03.04 00:09:47.273,1.10503,1.10506,0.12,0.90
2022.03.04 00:09:47.394,1.10503,1.10505,0.12,0.90
2022.03.04 00:09:47.445,1.10501,1.10505,0.54,0.90
2022.03.04 00:09:47.547,1.105,1.10503,1.89,0.90
2022.03.04 00:09:47.650,1.10498,1.105,0.12,0.90
2022.03.04 00:09:47.752,1.10498,1.105,0.12,0.90
2022.03.04 00:09:47.804,1.10495,1.10497,0.12,0.90
2022.03.04 00:09:47.906,1.10494,1.10497,2.34,0.90
2022.03.04 00:09:48.008,1.10493,1.10496,0.12,0.90
2022.03.04 00:09:48.110,1.10492,1.10497,0.12,1.66
2022.03.04 00:09:48.314,1.10492,1.10494,0.12,0.90
2022.03.04 00:09:48.417,1.10491,1.10494,0.12,0.90
2022.03.04 00:09:48.519,1.10492,1.10494,0.12,0.90
2022.03.04 00:09:50.542,1.10494,1.10498,0.12,0.90
2022.03.04 00:09:50.697,1.10495,1.10499,0.12,0.90
2022.03.04 00:09:50.799,1.10495,1.105,2.34,0.90
2022.03.04 00:09:50.903,1.10496,1.105,0.12,0.90
2022.03.04 00:09:51.160,1.10496,1.10501,0.12,0.90
2022.03.04 00:09:51.262,1.10496,1.105,0.12,0.90
2022.03.04 00:09:53.119,1.10499,1.10501,0.12,0.90
2022.03.04 00:09:53.374,1.10497,1.10499,0.12,0.90
2022.03.04 00:09:53.493,1.10497,1.105,0.12,0.90
2022.03.04 00:09:55.060,1.10495,1.10498,0.12,0.90
2022.03.04 00:09:55.162,1.10493,1.10495,0.12,0.90
2022.03.04 00:09:55.264,1.10492,1.10495,0.12,0.90
2022.03.04 00:09:57.129,1.10492,1.10496,0.12,0.90
2022.03.04 00:09:58.578,1.1049,1.10494,0.99,0.90
2022.03.04 00:09:58.732,1.10487,1.10489,1.44,0.90
2022.03.04 00:09:58.834,1.10487,1.1049,1.35,0.45
2022.03.04 00:09:58.937,1.10487,1.10489,0.12,0.90
2022.03.04 00:09:59.039,1.10488,1.1049,0.12,0.90
2022.03.04 00:09:59.141,1.10488,1.10491,0.12,0.90
2022.03.04 00:09:59.424,1.10489,1.10493,0.12,0.90
2022.03.04 00:09:59.780,1.10488,1.10492,0.99,0.90
2022.03.04 00:09:59.882,1.10489,1.10492,0.12,0.90
2022.03.04 00:10:00.794,1.1049,1.10492,0.45,0.90
2022.03.04 00:10:00.846,1.10492,1.10494,0.12,0.90
2022.03.04 00:10:00.897,1.10493,1.10496,0.45,0.90
2022.03.04 00:10:01.000,1.10495,1.10496,0.12,0.90
2022.03.04 00:10:01.102,1.10493,1.10497,0.12,0.90
2022.03.04 00:10:01.204,1.10493,1.10496,0.12,0.90
2022.03.04 00:10:01.306,1.10494,1.10497,0.12,0.90
2022.03.04 00:10:01.997,1.10495,1.10497,0.99,0.90
2022.03.04 00:10:02.201,1.10493,1.10495,1.44,0.90
2022.03.04 00:10:02.456,1.10492,1.10495,0.12,0.90
2022.03.04 00:10:02.732,1.10491,1.10495,1.35,0.90
2022.03.04 00:10:03.787,1.10491,1.10496,1.35,0.54
2022.03.04 00:10:04.785,1.10491,1.10495,2.69,0.90
2022.03.04 00:10:04.887,1.10491,1.10496,2.24,0.99
2022.03.04 00:10:05.054,1.10491,1.10495,2.24,0.90
2022.03.04 00:10:06.543,1.10491,1.10496,4.50,0.90
2022.03.04 00:10:07.120,1.10491,1.10495,2.25,0.90
2022.03.04 00:10:07.605,1.1049,1.10494,2.25,0.90
2022.03.04 00:10:07.758,1.10491,1.10495,0.45,0.90
2022.03.04 00:10:07.860,1.1049,1.10492,1.44,0.90
2022.03.04 00:10:08.013,1.10487,1.10492,4.14,0.90
2022.03.04 00:10:08.115,1.10488,1.10492,0.90,0.90
2022.03.04 00:10:08.218,1.10488,1.1049,0.90,0.22
2022.03.04 00:10:08.269,1.10486,1.1049,1.35,1.44
2022.03.04 00:10:08.372,1.10484,1.10486,0.45,0.45
2022.03.04 00:10:08.424,1.10481,1.10483,0.45,0.90
2022.03.04 00:10:08.526,1.1048,1.10484,0.45,0.90
2022.03.04 00:10:08.629,1.10479,1.10483,0.99,0.45
2022.03.04 00:10:08.731,1.10478,1.10484,3.60,1.44
2022.03.04 00:10:08.834,1.10481,1.10483,1.35,1.44
2022.03.04 00:10:09.088,1.10481,1.10485,1.80,0.90
2022.03.04 00:10:09.191,1.10481,1.10486,3.15,3.33
2022.03.04 00:10:09.293,1.10483,1.10485,0.90,0.45
2022.03.04 00:10:09.345,1.10483,1.10487,0.12,1.35
2022.03.04 00:10:09.396,1.10482,1.10485,0.90,0.90
2022.03.04 00:10:09.602,1.10482,1.10486,0.90,1.35
2022.03.04 00:10:09.768,1.10481,1.10484,0.45,1.80
2022.03.04 00:10:09.820,1.10479,1.10483,0.54,0.90
2022.03.04 00:10:09.973,1.10481,1.10483,0.90,0.90
2022.03.04 00:10:10.280,1.10481,1.10484,0.90,0.99
2022.03.04 00:10:10.694,1.10479,1.10484,1.89,1.44
2022.03.04 00:10:11.008,1.1048,1.10484,1.80,1.44
2022.03.04 00:10:11.115,1.10481,1.10484,0.45,1.44
2022.03.04 00:10:11.167,1.10486,1.10488,1.21,2.43
2022.03.04 00:10:11.218,1.1049,1.10493,0.45,0.99
2022.03.04 00:10:11.321,1.1049,1.10494,0.45,0.90
2022.03.04 00:10:11.424,1.10491,1.10496,1.35,0.99
2022.03.04 00:10:11.527,1.10492,1.10496,0.90,0.90
2022.03.04 00:10:11.579,1.10495,1.10497,0.45,0.99
2022.03.04 00:10:11.732,1.10496,1.10498,1.35,0.90
2022.03.04 00:10:11.784,1.10494,1.10498,0.45,0.90
2022.03.04 00:10:11.886,1.10493,1.10497,1.44,0.90
2022.03.04 00:10:11.988,1.10493,1.10496,0.12,0.90
2022.03.04 00:10:12.283,1.10492,1.10495,0.12,0.90
2022.03.04 00:10:12.386,1.10489,1.10493,2.79,0.90
2022.03.04 00:10:13.197,1.10488,1.10493,0.90,0.99
2022.03.04 00:10:13.589,1.10489,1.10494,1.98,3.42
2022.03.04 00:10:13.793,1.1049,1.10495,2.34,0.99
2022.03.04 00:10:13.895,1.10491,1.10495,0.90,0.90
2022.03.04 00:10:13.998,1.10491,1.10496,4.14,0.90
2022.03.04 00:10:15.062,1.10491,1.10495,0.90,0.90
2022.03.04 00:10:16.470,1.1049,1.10495,1.35,0.90
2022.03.04 00:10:16.611,1.1049,1.10496,1.35,1.44
2022.03.04 00:10:17.643,1.1049,1.10495,1.35,0.90
2022.03.04 00:10:17.922,1.10491,1.10495,0.90,0.90
2022.03.04 00:10:18.433,1.10488,1.1049,1.35,0.90
2022.03.04 00:10:18.536,1.10486,1.1049,0.12,0.67
2022.03.04 00:10:18.638,1.10485,1.10489,1.35,0.99
2022.03.04 00:10:18.741,1.10483,1.10487,0.12,0.90
2022.03.04 00:10:19.047,1.10483,1.10486,0.99,0.90
2022.03.04 00:10:19.200,1.10483,1.10487,0.99,0.90
2022.03.04 00:10:19.508,1.10483,1.10488,1.44,0.99
2022.03.04 00:10:20.129,1.10484,1.10488,1.35,0.99
2022.03.04 00:10:20.238,1.10484,1.10489,1.35,0.99
2022.03.04 00:10:20.524,1.10482,1.10485,0.12,0.90
2022.03.04 00:10:20.626,1.10482,1.10486,0.99,0.90
2022.03.04 00:10:20.728,1.10483,1.10488,0.12,0.99
2022.03.04 00:10:20.831,1.10483,1.10486,0.45,0.90
2022.03.04 00:10:20.933,1.10482,1.10486,0.99,0.90
2022.03.04 00:10:21.035,1.10484,1.10486,0.12,0.90
2022.03.04 00:10:21.189,1.10484,1.10488,0.45,0.99
2022.03.04 00:10:21.291,1.10483,1.10486,0.12,0.90
2022.03.04 00:10:21.393,1.10483,1.10487,0.90,0.99
2022.03.04 00:10:21.496,1.10483,1.10486,0.90,0.90
2022.03.04 00:10:21.598,1.10481,1.10486,2.25,0.99
2022.03.04 00:10:21.960,1.10481,1.10484,1.35,0.90
2022.03.04 00:10:22.216,1.1048,1.10483,0.90,2.25
2022.03.04 00:10:22.318,1.1048,1.10484,0.90,0.99
2022.03.04 00:10:22.421,1.1048,1.10485,2.70,1.44
2022.03.04 00:10:22.523,1.1048,1.10484,2.70,0.90
2022.03.04 00:10:22.676,1.1048,1.10485,2.70,1.44
2022.03.04 00:10:22.779,1.1048,1.10484,2.70,0.90
2022.03.04 00:10:23.426,1.10481,1.10486,0.45,0.99
2022.03.04 00:10:23.528,1.10482,1.10486,0.90,0.99
2022.03.04 00:10:24.282,1.10487,1.10489,1.35,0.99
2022.03.04 00:10:24.334,1.10488,1.10491,1.35,2.43
2022.03.04 00:10:24.436,1.10488,1.10493,2.70,0.99
2022.03.04 00:10:24.539,1.10487,1.10492,0.90,0.90
2022.03.04 00:10:24.641,1.10486,1.10491,0.90,0.90
2022.03.04 00:10:24.754,1.10486,1.10492,3.69,1.44
2022.03.04 00:10:24.857,1.10487,1.1049,0.12,0.99
2022.03.04 00:10:24.959,1.10485,1.10489,1.44,0.90
2022.03.04 00:10:25.061,1.10486,1.10491,0.12,0.99
2022.03.04 00:10:25.265,1.10485,1.1049,2.79,0.99
2022.03.04 00:10:25.520,1.10485,1.10489,0.45,0.12
2022.03.04 00:10:26.029,1.10485,1.10487,0.45,0.90
2022.03.04 00:10:26.182,1.10485,1.1049,5.04,0.99
2022.03.04 00:10:26.234,1.10487,1.1049,1.44,0.90
2022.03.04 00:10:26.285,1.10488,1.10492,0.90,0.90
2022.03.04 00:10:26.337,1.1049,1.10492,0.90,0.90
2022.03.04 00:10:26.439,1.10489,1.10492,2.34,0.90
2022.03.04 00:10:27.071,1.10487,1.10491,1.89,0.90
2022.03.04 00:10:28.527,1.10488,1.10491,0.45,0.90
2022.03.04 00:10:30.292,1.1049,1.10492,0.45,0.90
2022.03.04 00:10:30.445,1.10492,1.10493,0.90,0.90
2022.03.04 00:10:30.548,1.10495,1.10497,2.25,0.90
2022.03.04 00:10:30.599,1.10497,1.10499,0.90,0.90
2022.03.04 00:10:30.701,1.10496,1.10499,2.34,0.90
2022.03.04 00:10:30.855,1.10494,1.10496,0.45,0.90
2022.03.04 00:10:30.906,1.10492,1.10495,1.89,0.90
2022.03.04 00:10:30.958,1.10492,1.10497,4.59,0.99
2022.03.04 00:10:31.009,1.10494,1.10497,0.45,0.90
2022.03.04 00:10:31.162,1.10493,1.10496,0.12,0.90
2022.03.04 00:10:31.265,1.10492,1.10495,0.12,0.90
2022.03.04 00:10:31.316,1.10492,1.10497,2.11,0.99
2022.03.04 00:10:31.368,1.10492,1.10495,0.12,0.90
2022.03.04 00:10:31.470,1.10493,1.10496,0.54,0.90
2022.03.04 00:10:31.573,1.10493,1.10497,0.54,0.90
2022.03.04 00:10:31.827,1.10492,1.10497,0.12,0.99
2022.03.04 00:10:31.930,1.10493,1.10497,0.12,0.90
2022.03.04 00:10:32.184,1.10493,1.10495,0.12,0.90
2022.03.04 00:10:32.236,1.10491,1.10493,0.90,0.90
2022.03.04 00:10:32.338,1.10491,1.10494,0.90,0.90
2022.03.04 00:10:32.829,1.1049,1.10494,2.34,0.90
2022.03.04 00:10:33.235,1.1049,1.10492,2.02,0.90
2022.03.04 00:10:36.354,1.10489,1.10491,0.45,0.90
2022.03.04 00:10:36.456,1.10489,1.10492,0.54,0.90
2022.03.04 00:10:36.558,1.10488,1.10492,0.45,0.90
2022.03.04 00:10:37.134,1.10488,1.10491,0.45,0.90
2022.03.04 00:10:37.236,1.10489,1.10492,0.12,0.90
2022.03.04 00:10:39.518,1.10488,1.10492,1.35,0.90
2022.03.04 00:10:39.721,1.10489,1.10492,0.12,0.90
2022.03.04 00:10:40.147,1.1049,1.10494,0.45,0.90
2022.03.04 00:10:40.250,1.1049,1.10495,1.89,0.90
2022.03.04 00:10:40.352,1.10493,1.10497,0.90,0.99
2022.03.04 00:10:40.506,1.10493,1.10498,5.49,0.90
2022.03.04 00:10:40.608,1.10496,1.105,0.99,0.90
2022.03.04 00:10:40.710,1.10497,1.105,0.90,0.90
2022.03.04 00:10:41.265,1.10496,1.105,2.79,0.90
2022.03.04 00:10:41.902,1.10496,1.10501,2.34,0.90
2022.03.04 00:10:44.639,1.10497,1.10501,0.90,0.99
2022.03.04 00:10:44.690,1.10502,1.10505,0.45,4.23
2022.03.04 00:10:44.742,1.105,1.10505,3.69,0.90
2022.03.04 00:10:44.844,1.105,1.10506,4.59,0.99
2022.03.04 00:10:45.322,1.105,1.10503,1.35,0.90
2022.03.04 00:10:45.425,1.10497,1.10503,1.89,0.99
2022.03.04 00:10:45.476,1.10497,1.10501,1.80,0.90
2022.03.04 00:10:45.680,1.10495,1.10498,0.45,0.90
2022.03.04 00:10:45.994,1.10495,1.10499,0.45,0.90
2022.03.04 00:10:46.096,1.10498,1.10502,0.45,0.90
2022.03.04 00:10:46.148,1.10496,1.10502,0.45,0.99
2022.03.04 00:10:47.250,1.10497,1.10502,0.90,0.99
2022.03.04 00:10:47.353,1.10496,1.10501,1.80,0.90
2022.03.04 00:10:47.404,1.10498,1.10502,1.80,0.90
2022.03.04 00:10:47.506,1.10497,1.105,0.45,0.90
2022.03.04 00:10:47.629,1.10495,1.10501,2.34,0.90
2022.03.04 00:10:47.681,1.10497,1.10501,0.45,0.90
2022.03.04 00:10:48.202,1.10497,1.105,0.45,0.90
2022.03.04 00:10:49.869,1.10495,1.10499,0.45,1.44
2022.03.04 00:10:50.124,1.10495,1.10498,0.45,0.90
2022.03.04 00:10:50.284,1.10494,1.10498,2.70,1.44
2022.03.04 00:10:50.335,1.10492,1.10496,0.12,0.90
2022.03.04 00:10:50.437,1.10496,1.10499,0.90,0.90
2022.03.04 00:10:50.541,1.10496,1.105,0.12,3.33
2022.03.04 00:10:53.188,1.10498,1.10502,0.45,0.99
2022.03.04 00:10:53.956,1.10496,1.10502,2.79,0.99
2022.03.04 00:10:55.075,1.10496,1.10501,1.44,0.90
2022.03.04 00:10:58.066,1.10497,1.10501,0.90,1.44
2022.03.04 00:10:58.909,1.10496,1.105,0.12,0.90
2022.03.04 00:10:59.011,1.10496,1.10499,0.12,0.90
2022.03.04 00:10:59.889,1.10497,1.10499,0.12,0.90
2022.03.04 00:10:59.941,1.10495,1.10497,0.45,0.90
2022.03.04 00:11:00.043,1.10495,1.10496,0.90,0.90
2022.03.04 00:11:00.196,1.10494,1.10497,0.90,0.90
2022.03.04 00:11:01.221,1.10492,1.10496,0.12,0.45
2022.03.04 00:11:01.273,1.10492,1.10493,0.45,1.27
2022.03.04 00:11:01.375,1.10489,1.10491,0.45,0.90
2022.03.04 00:11:01.477,1.10488,1.10491,0.90,0.90
2022.03.04 00:11:01.580,1.10487,1.1049,0.45,0.90
2022.03.04 00:11:01.784,1.10487,1.10491,3.15,0.90
2022.03.04 00:11:02.708,1.10487,1.10492,0.54,0.90
2022.03.04 00:11:02.811,1.10488,1.10492,0.90,0.90
2022.03.04 00:11:02.913,1.10487,1.10488,1.80,0.90
2022.03.04 00:11:03.016,1.10485,1.10488,0.45,0.90
2022.03.04 00:11:04.515,1.10485,1.10489,1.89,0.90
2022.03.04 00:11:04.617,1.10486,1.10491,0.12,0.90
2022.03.04 00:11:04.720,1.10487,1.10491,2.25,0.90
2022.03.04 00:11:04.823,1.10484,1.10488,2.25,0.90
2022.03.04 00:11:04.926,1.10484,1.10487,0.45,0.90
2022.03.04 00:11:05.182,1.1048,1.10483,5.40,0.90
2022.03.04 00:11:05.845,1.1048,1.10486,4.36,0.99
2022.03.04 00:11:05.947,1.10482,1.10486,1.80,0.99
2022.03.04 00:11:07.728,1.1048,1.10484,1.80,0.90
2022.03.04 00:11:08.060,1.1048,1.10483,1.80,0.45
2022.03.04 00:11:08.162,1.10479,1.10483,2.79,0.90
2022.03.04 00:11:08.315,1.10478,1.10483,0.45,0.99
2022.03.04 00:11:08.630,1.10483,1.10484,1.80,1.72
2022.03.04 00:11:08.732,1.10482,1.10486,0.90,0.99
2022.03.04 00:11:08.885,1.10483,1.10488,1.89,0.99
2022.03.04 00:11:08.937,1.10483,1.10486,1.35,0.90
2022.03.04 00:11:10.473,1.10483,1.10487,0.90,0.99
2022.03.04 00:11:10.589,1.10482,1.10487,0.54,0.99
2022.03.04 00:11:10.691,1.10483,1.10488,0.54,0.99
2022.03.04 00:11:11.473,1.10485,1.10488,1.80,0.99
2022.03.04 00:11:11.525,1.10487,1.10489,0.45,0.99
2022.03.04 00:11:11.628,1.10487,1.10492,1.80,0.99
2022.03.04 00:11:12.008,1.10488,1.10492,1.80,0.90
2022.03.04 00:11:12.111,1.1049,1.10492,0.54,0.90
2022.03.04 00:11:12.213,1.10491,1.10495,0.90,3.42
2022.03.04 00:11:12.265,1.10495,1.10497,1.80,2.43
2022.03.04 00:11:12.469,1.10495,1.105,0.90,0.90
2022.03.04 00:11:12.674,1.10496,1.105,0.45,0.90
2022.03.04 00:11:12.776,1.10498,1.10503,1.80,0.99
2022.03.04 00:11:12.981,1.10496,1.10501,1.89,0.99
2022.03.04 00:11:13.549,1.10496,1.105,0.12,0.90
2022.03.04 00:11:16.728,1.10492,1.10497,2.56,0.99
2022.03.04 00:11:16.882,1.10491,1.10495,0.54,0.54
2022.03.04 00:11:16.984,1.10489,1.10495,0.90,0.90
2022.03.04 00:11:17.087,1.10489,1.10494,0.12,1.89
2022.03.04 00:11:17.138,1.10487,1.10493,4.59,0.54
2022.03.04 00:11:17.291,1.10487,1.10492,0.54,0.90
2022.03.04 00:11:17.343,1.10486,1.1049,0.12,0.90
2022.03.04 00:11:17.547,1.10487,1.1049,0.12,1.44
2022.03.04 00:11:20.981,1.10487,1.10491,0.90,0.99
2022.03.04 00:11:21.032,1.10488,1.10493,0.90,0.99
2022.03.04 00:11:21.135,1.10486,1.10489,0.90,0.90
2022.03.04 00:11:21.237,1.10486,1.1049,0.12,0.90
2022.03.04 00:11:21.339,1.10486,1.10491,0.54,0.99
2022.03.04 00:11:21.646,1.10488,1.10493,0.90,0.99
2022.03.04 00:11:21.748,1.10487,1.10488,0.12,0.90
2022.03.04 00:11:21.901,1.10485,1.10489,0.99,0.90
2022.03.04 00:11:22.004,1.10486,1.1049,0.12,0.90
2022.03.04 00:11:23.155,1.10487,1.10491,0.22,0.90
2022.03.04 00:11:23.207,1.10489,1.10494,2.34,0.99
2022.03.04 00:11:23.309,1.10489,1.10493,0.22,0.99
2022.03.04 00:11:23.411,1.10491,1.10494,0.90,0.99
2022.03.04 00:11:23.514,1.10489,1.10493,1.12,0.99
2022.03.04 00:11:23.616,1.10492,1.10497,4.72,0.90
2022.03.04 00:11:23.719,1.10494,1.10499,1.80,0.99
2022.03.04 00:11:23.922,1.10495,1.10499,1.35,0.90
2022.03.04 00:11:24.025,1.10496,1.10499,1.80,0.99
2022.03.04 00:11:24.127,1.10495,1.10501,2.25,0.99
2022.03.04 00:11:24.229,1.10496,1.10501,3.15,0.90
2022.03.04 00:11:25.936,1.10499,1.10502,0.45,0.99
2022.03.04 00:11:26.089,1.10499,1.10504,1.80,0.90
2022.03.04 00:11:26.192,1.105,1.10504,0.90,0.90
2022.03.04 00:11:26.294,1.105,1.10505,1.35,0.90
2022.03.04 00:11:27.607,1.10498,1.10503,1.80,0.12
2022.03.04 00:11:27.709,1.10499,1.10503,0.45,0.12
2022.03.04 00:11:28.369,1.10501,1.10504,0.90,0.12
2022.03.04 00:11:28.471,1.10501,1.10504,3.37,0.99
2022.03.04 00:11:28.625,1.105,1.10506,5.26,0.99
2022.03.04 00:11:30.097,1.10504,1.10509,0.90,0.99
2022.03.04 00:11:30.199,1.10505,1.1051,2.25,2.52
2022.03.04 00:11:30.301,1.10506,1.1051,0.45,0.12
2022.03.04 00:11:30.404,1.10509,1.10514,1.80,0.99
2022.03.04 00:11:31.491,1.10512,1.10517,0.45,2.52
2022.03.04 00:11:32.410,1.10512,1.10516,0.45,0.90
2022.03.04 00:11:32.613,1.10511,1.10516,0.90,0.90
2022.03.04 00:11:33.504,1.10512,1.10516,0.45,0.90
2022.03.04 00:11:33.775,1.10513,1.10516,0.45,0.90
2022.03.04 00:11:33.877,1.10514,1.10518,0.45,0.90
2022.03.04 00:11:33.979,1.10515,1.10518,0.45,0.99
2022.03.04 00:11:34.082,1.10516,1.10521,0.45,0.99
2022.03.04 00:11:34.540,1.10516,1.10522,1.35,0.90
2022.03.04 00:11:34.800,1.10516,1.10521,0.90,0.90
2022.03.04 00:11:35.263,1.10517,1.10522,0.45,0.90
2022.03.04 00:11:35.518,1.10523,1.10525,2.02,2.43
2022.03.04 00:11:35.671,1.10524,1.10528,0.45,4.50
2022.03.04 00:11:35.773,1.10525,1.10527,0.54,4.50
2022.03.04 00:11:35.825,1.10524,1.10529,0.54,0.90
2022.03.04 00:11:36.152,1.10525,1.10529,0.54,1.89
2022.03.04 00:11:37.312,1.10525,1.1053,0.54,0.90
2022.03.04 00:11:37.414,1.10527,1.10531,0.45,0.12
2022.03.04 00:11:37.516,1.10528,1.10532,0.45,0.12
2022.03.04 00:11:37.618,1.10528,1.10533,0.45,0.12
2022.03.04 00:11:37.721,1.1053,1.10534,1.80,0.12
2022.03.04 00:11:37.824,1.10533,1.10535,0.45,0.12
2022.03.04 00:11:37.926,1.10532,1.10538,1.44,2.52
2022.03.04 00:11:38.564,1.10533,1.1054,1.80,0.31
2022.03.04 00:11:38.667,1.10534,1.1054,1.35,0.12
2022.03.04 00:11:38.769,1.10533,1.10539,0.90,0.90
2022.03.04 00:11:38.922,1.10533,1.10537,0.45,0.99
2022.03.04 00:11:41.121,1.10529,1.10531,1.35,1.89
2022.03.04 00:11:41.173,1.10527,1.1053,1.35,0.31
2022.03.04 00:11:41.275,1.10527,1.10529,1.35,3.91
2022.03.04 00:11:41.378,1.10522,1.10528,0.90,0.90
2022.03.04 00:11:42.021,1.10521,1.10526,0.54,0.31
2022.03.04 00:11:42.123,1.1052,1.10525,1.44,0.31
2022.03.04 00:11:42.941,1.10517,1.10523,1.35,1.21
2022.03.04 00:11:47.518,1.10516,1.10523,0.54,0.31
2022.03.04 00:11:47.620,1.10516,1.10522,0.45,0.12
2022.03.04 00:11:47.672,1.10519,1.10524,0.54,0.12
2022.03.04 00:11:47.774,1.1052,1.10525,0.12,2.52
2022.03.04 00:11:47.876,1.10522,1.10528,0.45,0.99
2022.03.04 00:11:48.029,1.10522,1.10529,0.90,1.89
2022.03.04 00:11:48.325,1.10528,1.10531,0.99,2.52
2022.03.04 00:11:48.427,1.10529,1.10532,0.12,2.43
2022.03.04 00:11:48.529,1.10529,1.10534,0.12,0.12
2022.03.04 00:11:48.834,1.1053,1.10535,0.12,0.12
2022.03.04 00:11:49.713,1.10529,1.10534,0.12,0.54
2022.03.04 00:11:49.816,1.10528,1.10533,0.12,0.12
2022.03.04 00:11:50.222,1.10529,1.10534,0.12,0.12
2022.03.04 00:11:50.325,1.1053,1.10535,0.12,0.12
2022.03.04 00:11:50.427,1.10529,1.10534,0.12,0.12
2022.03.04 00:11:51.415,1.10529,1.10532,0.12,0.12
2022.03.04 00:11:54.337,1.10528,1.10534,0.12,2.34
2022.03.04 00:11:55.390,1.10526,1.10534,0.12,3.24
2022.03.04 00:11:55.492,1.10525,1.10531,0.12,0.90
2022.03.04 00:11:55.595,1.10523,1.10528,1.44,0.90
2022.03.04 00:11:55.697,1.10522,1.10528,0.12,0.99
2022.03.04 00:11:55.799,1.10521,1.10524,0.12,2.25
2022.03.04 00:11:55.851,1.10519,1.10523,1.35,0.90
2022.03.04 00:11:55.928,1.10517,1.10523,2.79,1.44
2022.03.04 00:11:56.031,1.10518,1.10521,2.25,0.12
2022.03.04 00:11:56.082,1.10519,1.10525,0.12,3.42
2022.03.04 00:11:56.185,1.1052,1.10526,0.12,3.42
2022.03.04 00:11:56.288,1.10521,1.10527,0.12,2.52
2022.03.04 00:11:56.492,1.10521,1.10524,0.12,0.90
2022.03.04 00:11:56.544,1.10518,1.10524,1.44,3.01
2022.03.04 00:11:56.748,1.10516,1.10524,0.12,3.91
2022.03.04 00:11:57.133,1.10516,1.10523,0.12,0.22
2022.03.04 00:11:57.672,1.10516,1.10524,0.12,4.81
2022.03.04 00:11:57.774,1.10514,1.10519,1.44,0.12
2022.03.04 00:11:58.824,1.10512,1.10519,0.12,2.79
2022.03.04 00:11:58.926,1.10511,1.10518,0.12,0.99
2022.03.04 00:11:58.978,1.10508,1.1051,0.45,1.80
2022.03.04 00:11:59.029,1.10507,1.10509,1.80,0.45
2022.03.04 00:11:59.081,1.10504,1.1051,1.44,2.11
2022.03.04 00:11:59.133,1.10506,1.10509,1.80,0.54
2022.03.04 00:11:59.184,1.10506,1.10511,0.12,0.12
2022.03.04 00:11:59.286,1.10505,1.10512,0.12,0.12
2022.03.04 00:11:59.541,1.10506,1.10513,0.12,0.76
2022.03.04 00:11:59.644,1.1051,1.10514,0.12,2.43
2022.03.04 00:11:59.746,1.10511,1.10516,0.12,0.12
2022.03.04 00:12:00.001,1.10513,1.10516,0.12,0.90
2022.03.04 00:12:00.439,1.10511,1.10517,0.12,2.34
2022.03.04 00:12:00.542,1.1051,1.10514,0.12,0.99
2022.03.04 00:12:00.644,1.10509,1.10513,1.44,0.99
2022.03.04 00:12:00.746,1.10507,1.10513,0.12,0.54
2022.03.04 00:12:00.849,1.10506,1.10512,0.12,0.12
2022.03.04 00:12:01.290,1.10505,1.10508,0.12,0.90
2022.03.04 00:12:01.342,1.10502,1.10509,0.12,1.89
2022.03.04 00:12:01.444,1.10501,1.10508,0.54,0.99
2022.03.04 00:12:01.597,1.105,1.10502,1.35,1.80
2022.03.04 00:12:01.649,1.105,1.10504,1.35,2.34
2022.03.04 00:12:01.751,1.10496,1.10502,0.12,0.12
2022.03.04 00:12:02.006,1.10494,1.10502,2.47,0.54
2022.03.04 00:12:02.640,1.10494,1.10498,1.35,0.90
2022.03.04 00:12:02.743,1.10494,1.10496,1.35,1.89
2022.03.04 00:12:02.794,1.10494,1.10498,1.35,1.44
2022.03.04 00:12:02.846,1.10491,1.10495,1.44,1.66
2022.03.04 00:12:02.897,1.10492,1.10497,0.90,0.99
2022.03.04 00:12:02.949,1.10493,1.10499,2.11,0.12
2022.03.04 00:12:03.001,1.1049,1.10494,1.35,0.90
2022.03.04 00:12:03.053,1.1049,1.10496,1.89,0.54
2022.03.04 00:12:03.104,1.10492,1.10498,2.79,4.14
2022.03.04 00:12:03.461,1.10493,1.10498,1.35,0.90
2022.03.04 00:12:03.563,1.10494,1.10498,0.12,0.90
2022.03.04 00:12:03.880,1.10494,1.10497,1.44,0.90
2022.03.04 00:12:03.982,1.10492,1.10496,1.35,2.34
2022.03.04 00:12:04.085,1.10489,1.10495,0.12,0.99
2022.03.04 00:12:04.695,1.10488,1.10494,0.12,0.31
2022.03.04 00:12:04.797,1.10487,1.10493,1.44,0.12
2022.03.04 00:12:05.328,1.10488,1.10494,0.54,1.66
2022.03.04 00:12:05.430,1.10489,1.10496,1.35,2.11
2022.03.04 00:12:05.533,1.10491,1.10497,0.12,2.74
2022.03.04 00:12:05.635,1.10489,1.10491,1.35,0.99
2022.03.04 00:12:05.738,1.10489,1.10492,1.35,0.90
2022.03.04 00:12:05.789,1.10485,1.10492,2.79,0.90
2022.03.04 00:12:06.312,1.10487,1.10493,0.45,1.21
2022.03.04 00:12:06.826,1.10493,1.10496,2.02,2.43
2022.03.04 00:12:06.929,1.10495,1.105,1.44,0.45
2022.03.04 00:12:07.032,1.10495,1.10501,0.99,4.59
2022.03.04 00:12:07.134,1.10496,1.10502,0.12,1.44
2022.03.04 00:12:07.390,1.105,1.10502,1.80,0.90
2022.03.04 00:12:07.441,1.10499,1.10504,1.35,0.12
2022.03.04 00:12:07.544,1.10498,1.10504,0.12,2.11
2022.03.04 00:12:07.596,1.10496,1.10502,1.35,0.99
2022.03.04 00:12:08.298,1.10495,1.105,1.89,0.12
2022.03.04 00:12:08.350,1.10495,1.10498,1.35,0.90
2022.03.04 00:12:08.554,1.10493,1.105,0.12,1.89
2022.03.04 00:12:09.566,1.10492,1.10499,0.99,3.24
2022.03.04 00:12:09.668,1.10492,1.10498,0.90,0.12
2022.03.04 00:12:09.772,1.10491,1.10498,1.44,0.12
2022.03.04 00:12:09.874,1.10491,1.10497,0.90,0.99
2022.03.04 00:12:09.977,1.1049,1.10497,0.54,1.44
2022.03.04 00:12:12.869,1.10491,1.10497,0.45,0.99
2022.03.04 00:12:13.257,1.1049,1.10497,0.12,0.99
2022.03.04 00:12:14.570,1.10492,1.10498,0.90,0.31
2022.03.04 00:12:14.672,1.10496,1.105,0.45,2.43
2022.03.04 00:12:14.774,1.10496,1.10502,0.12,0.12
2022.03.04 00:12:15.035,1.10495,1.10502,2.70,0.54
2022.03.04 00:12:15.137,1.10496,1.10502,0.12,0.12
2022.03.04 00:12:17.823,1.10497,1.10502,0.12,0.12
2022.03.04 00:12:20.473,1.105,1.10505,0.54,3.42
2022.03.04 00:12:20.576,1.10501,1.10505,0.54,2.43
2022.03.04 00:12:20.627,1.10501,1.10507,0.45,4.50
2022.03.04 00:12:20.729,1.10505,1.10508,0.12,2.52
2022.03.04 00:12:20.832,1.10505,1.1051,0.12,0.12
2022.03.04 00:12:24.398,1.10508,1.10513,0.54,2.97
2022.03.04 00:12:24.501,1.10509,1.10513,1.66,2.43
2022.03.04 00:12:24.603,1.1051,1.10517,1.35,6.39
2022.03.04 00:12:24.706,1.10512,1.10517,0.12,0.12
2022.03.04 00:12:25.211,1.10513,1.10517,0.90,0.12
2022.03.04 00:12:25.263,1.10515,1.10518,0.54,0.12
2022.03.04 00:12:25.365,1.10516,1.10519,0.12,2.97
2022.03.04 00:12:25.518,1.10517,1.10522,0.54,0.54
2022.03.04 00:12:30.598,1.10518,1.10522,0.45,0.12
2022.03.04 00:12:30.700,1.10518,1.10523,0.54,0.54
2022.03.04 00:12:31.677,1.10517,1.10522,0.54,0.12
2022.03.04 00:12:32.073,1.10518,1.10523,0.12,0.12
2022.03.04 00:12:32.175,1.10518,1.10521,0.54,0.12
2022.03.04 00:12:32.849,1.10521,1.10525,0.45,0.12
2022.03.04 00:12:32.951,1.10521,1.10526,0.54,2.52
2022.03.04 00:12:33.054,1.10522,1.10527,0.12,0.12
2022.03.04 00:12:33.258,1.10521,1.10526,0.54,0.12
2022.03.04 00:12:35.973,1.1052,1.10525,0.12,0.12
2022.03.04 00:12:36.381,1.10519,1.10524,0.12,0.12
2022.03.04 00:12:36.825,1.1052,1.10524,0.45,0.12
2022.03.04 00:12:36.927,1.1052,1.10525,0.54,0.12
2022.03.04 00:12:38.295,1.10519,1.10524,0.12,0.12
2022.03.04 00:12:38.563,1.10518,1.10523,0.54,0.12
2022.03.04 00:12:38.819,1.1052,1.10526,0.99,0.31
2022.03.04 00:12:39.125,1.10519,1.10525,0.54,1.44
2022.03.04 00:12:39.227,1.1052,1.10523,0.54,0.45
2022.03.04 00:12:39.713,1.10518,1.10524,0.99,0.54
2022.03.04 00:12:40.150,1.10517,1.1052,0.99,2.70
2022.03.04 00:12:40.253,1.10516,1.10518,1.35,0.12
2022.03.04 00:12:40.356,1.10514,1.10518,4.50,1.44
2022.03.04 00:12:40.407,1.10512,1.10518,0.90,1.44
2022.03.04 00:12:40.667,1.10511,1.10516,0.12,0.99
2022.03.04 00:12:40.778,1.1051,1.10515,0.99,0.12
2022.03.04 00:12:41.839,1.10515,1.10519,0.45,3.42
2022.03.04 00:12:42.042,1.10515,1.1052,0.12,0.12
2022.03.04 00:12:43.259,1.10516,1.1052,0.22,0.12
2022.03.04 00:12:43.310,1.10518,1.10524,1.89,0.12
2022.03.04 00:12:43.362,1.10521,1.10525,2.34,2.43
2022.03.04 00:12:43.464,1.1052,1.10525,0.12,2.52
2022.03.04 00:12:43.820,1.10519,1.10524,0.12,0.12
2022.03.04 00:12:45.795,1.1052,1.10525,0.12,0.12
2022.03.04 00:12:46.522,1.10521,1.10526,0.31,0.12
2022.03.04 00:12:46.630,1.10522,1.10527,0.31,0.12
2022.03.04 00:12:49.601,1.10522,1.10529,0.76,0.45
2022.03.04 00:12:49.747,1.10524,1.10528,0.45,0.45
2022.03.04 00:12:49.900,1.10524,1.1053,0.22,1.44
2022.03.04 00:12:50.003,1.10524,1.10529,0.54,0.12
2022.03.04 00:12:50.105,1.10525,1.1053,0.12,0.12
2022.03.04 00:12:50.207,1.10527,1.10532,0.12,0.12
2022.03.04 00:12:50.310,1.10527,1.10535,0.31,5.67
2022.03.04 00:12:50.412,1.1053,1.10535,0.45,2.79
2022.03.04 00:12:51.469,1.10528,1.10535,1.21,0.45
2022.03.04 00:12:51.622,1.10528,1.10534,0.90,1.35
2022.03.04 00:12:51.724,1.10527,1.10534,1.66,0.45
2022.03.04 00:12:53.606,1.10526,1.10531,0.12,1.89
2022.03.04 00:12:53.708,1.10525,1.1053,1.89,0.99
2022.03.04 00:12:53.810,1.10524,1.10529,0.54,0.12
2022.03.04 00:12:53.963,1.10522,1.10528,0.54,0.45
2022.03.04 00:12:55.115,1.10522,1.10526,0.12,0.90
2022.03.04 00:12:55.218,1.10522,1.10525,0.54,0.99
2022.03.04 00:12:55.913,1.1052,1.10525,0.99,0.12
2022.03.04 00:12:57.377,1.10522,1.10527,0.76,0.12
2022.03.04 00:12:57.480,1.10523,1.10528,0.12,2.52
2022.03.04 00:12:57.734,1.10523,1.10529,0.12,0.76
2022.03.04 00:12:58.130,1.10521,1.10526,0.12,0.90
2022.03.04 00:12:58.233,1.1052,1.10526,0.54,1.89
2022.03.04 00:12:59.260,1.10519,1.10521,0.54,0.90
2022.03.04 00:12:59.363,1.10518,1.10523,0.12,0.45
2022.03.04 00:12:59.465,1.10517,1.10523,0.12,0.54
2022.03.04 00:13:00.134,1.10516,1.10521,0.12,0.90
2022.03.04 00:13:00.286,1.10515,1.10521,0.12,2.34
2022.03.04 00:13:00.389,1.1052,1.10523,0.54,2.43
2022.03.04 00:13:00.492,1.10523,1.10527,0.76,2.70
2022.03.04 00:13:00.544,1.10524,1.10529,0.12,5.13
2022.03.04 00:13:00.646,1.10525,1.10529,0.12,2.43
2022.03.04 00:13:00.697,1.10525,1.10531,0.12,0.12
2022.03.04 00:13:01.016,1.10526,1.10532,0.12,0.99
2022.03.04 00:13:01.118,1.10527,1.10533,0.12,0.54
2022.03.04 00:13:02.149,1.10528,1.10534,0.12,0.12
2022.03.04 00:13:02.251,1.10529,1.10535,0.12,1.89
2022.03.04 00:13:02.557,1.10528,1.10534,0.12,1.44
2022.03.04 00:13:02.710,1.10528,1.10533,0.90,4.36
2022.03.04 00:13:03.019,1.10528,1.10534,0.12,0.12
2022.03.04 00:13:03.121,1.10529,1.10535,0.12,0.99
2022.03.04 00:13:04.921,1.10531,1.10537,1.66,0.12
2022.03.04 00:13:05.023,1.10532,1.10538,0.12,0.12
2022.03.04 00:13:06.542,1.1053,1.10536,2.34,4.14
2022.03.04 00:13:06.644,1.1053,1.10535,1.35,0.12
2022.03.04 00:13:06.746,1.10529,1.10535,0.54,0.12
2022.03.04 00:13:07.913,1.10528,1.10534,0.12,3.46
2022.03.04 00:13:08.066,1.10526,1.10534,3.24,4.36
2022.03.04 00:13:08.527,1.10527,1.10534,0.45,4.36
2022.03.04 00:13:09.533,1.10527,1.1053,0.45,0.90
2022.03.04 00:13:09.585,1.10525,1.10529,1.44,2.25
2022.03.04 00:13:09.738,1.10523,1.1053,0.54,5.71
2022.03.04 00:13:12.273,1.10523,1.10526,0.45,0.45
2022.03.04 00:13:12.375,1.10523,1.10525,1.35,3.60
2022.03.04 00:13:12.427,1.10519,1.10526,0.12,4.59
2022.03.04 00:13:14.938,1.10519,1.10523,0.45,1.80
2022.03.04 00:13:14.990,1.10517,1.10523,0.12,1.35
2022.03.04 00:13:15.092,1.10516,1.10523,1.44,2.56
2022.03.04 00:13:17.258,1.10517,1.10524,0.99,3.24
2022.03.04 00:13:17.386,1.10518,1.10524,0.90,1.89
2022.03.04 00:13:19.096,1.10521,1.10526,0.45,0.54
2022.03.04 00:13:19.198,1.10521,1.10525,0.45,1.89
2022.03.04 00:13:19.618,1.10519,1.10526,2.34,1.89
2022.03.04 00:13:19.720,1.10519,1.1052,1.35,1.35
2022.03.04 00:13:19.823,1.10515,1.1052,0.99,0.90
2022.03.04 00:13:19.976,1.10515,1.10521,0.54,3.91
2022.03.04 00:13:20.129,1.10515,1.1052,0.54,0.90
2022.03.04 00:13:20.333,1.10515,1.10521,0.54,3.69
2022.03.04 00:13:20.486,1.10516,1.10522,0.54,0.99
2022.03.04 00:13:20.588,1.10517,1.10523,0.12,2.52
2022.03.04 00:13:20.690,1.10517,1.10524,0.12,4.23
2022.03.04 00:13:25.466,1.10517,1.10523,0.12,0.45
2022.03.04 00:13:25.619,1.10516,1.10523,0.76,1.89
2022.03.04 00:13:25.721,1.10515,1.10523,1.89,1.89
2022.03.04 00:13:26.648,1.10517,1.10522,0.45,2.34
2022.03.04 00:13:27.216,1.10514,1.10519,1.44,0.12
2022.03.04 00:13:28.278,1.10511,1.10519,1.44,3.46
2022.03.04 00:13:28.380,1.10512,1.10517,0.45,0.99
2022.03.04 00:13:28.953,1.10511,1.10517,0.45,0.12
2022.03.04 00:13:29.004,1.1051,1.10515,0.12,0.12
2022.03.04 00:13:29.157,1.10509,1.10514,0.12,0.12
2022.03.04 00:13:32.094,1.10505,1.10507,4.20,2.32
2022.03.04 00:13:32.197,1.10503,1.10506,1.35,2.47
2022.03.04 00:13:32.300,1.10503,1.10504,2.47,5.85
2022.03.04 00:13:32.351,1.10498,1.10503,0.12,1.12
2022.03.04 00:13:32.453,1.10496,1.10503,0.99,1.66
2022.03.04 00:13:33.356,1.10497,1.10503,0.12,0.31
2022.03.04 00:13:33.830,1.10499,1.10505,0.54,1.44
2022.03.04 00:13:34.269,1.105,1.10506,0.99,1.44
2022.03.04 00:13:34.371,1.10501,1.10507,0.54,2.52
2022.03.04 00:13:34.474,1.10505,1.10508,0.90,0.12
2022.03.04 00:13:34.628,1.10501,1.10504,1.89,0.99
2022.03.04 00:13:34.781,1.105,1.10503,1.44,0.12
2022.03.04 00:13:35.253,1.105,1.10505,0.12,0.12
2022.03.04 00:13:36.382,1.10497,1.10504,0.12,1.44
2022.03.04 00:13:36.485,1.10497,1.10502,0.76,0.99
2022.03.04 00:13:36.751,1.105,1.10503,1.80,0.99
2022.03.04 00:13:36.854,1.10499,1.10504,0.12,2.43
2022.03.04 00:13:36.956,1.10499,1.10505,0.12,0.12
2022.03.04 00:13:37.059,1.10498,1.10504,0.12,1.44
2022.03.04 00:13:38.333,1.10497,1.10503,0.45,0.12
2022.03.04 00:13:38.632,1.105,1.10504,0.12,0.12
2022.03.04 00:13:39.573,1.105,1.10506,0.54,2.52
2022.03.04 00:13:39.676,1.10502,1.10506,0.12,2.43
2022.03.04 00:13:39.727,1.10502,1.10508,0.12,2.34
2022.03.04 00:13:39.829,1.10501,1.10508,1.44,2.34
2022.03.04 00:13:41.195,1.10499,1.10506,2.34,0.12
2022.03.04 00:13:41.298,1.10498,1.10505,4.81,0.12
2022.03.04 00:13:41.501,1.10499,1.10505,0.45,0.12
2022.03.04 00:13:43.165,1.10497,1.10504,0.12,0.99
2022.03.04 00:13:43.268,1.10496,1.10503,1.80,0.12
2022.03.04 00:13:43.471,1.10498,1.10503,0.45,0.12
2022.03.04 00:13:43.647,1.10497,1.10503,0.45,0.54
2022.03.04 00:13:43.752,1.10497,1.10504,0.45,2.79
2022.03.04 00:13:43.854,1.10498,1.10504,0.45,1.89
2022.03.04 00:13:44.037,1.10498,1.10503,0.45,0.90
2022.03.04 00:13:44.515,1.10496,1.10503,0.45,0.99
2022.03.04 00:13:45.992,1.10496,1.10499,1.35,0.12
2022.03.04 00:13:46.094,1.10495,1.10499,0.54,0.99
2022.03.04 00:13:46.528,1.10496,1.105,0.45,0.99
2022.03.04 00:13:46.579,1.10496,1.10502,0.45,2.43
2022.03.04 00:13:46.681,1.10497,1.10503,0.45,2.52
2022.03.04 00:13:46.733,1.10499,1.10503,0.45,2.52
2022.03.04 00:13:48.264,1.105,1.10504,0.45,0.12
2022.03.04 00:13:48.529,1.105,1.10505,0.45,0.12
2022.03.04 00:13:49.670,1.10503,1.10507,0.45,0.12
2022.03.04 00:13:49.772,1.10505,1.10507,0.45,2.52
2022.03.04 00:13:50.297,1.10502,1.10507,0.45,0.12
2022.03.04 00:13:50.399,1.10502,1.10508,0.45,0.12
2022.03.04 00:13:51.325,1.10501,1.10508,0.45,0.99
2022.03.04 00:13:52.539,1.10501,1.10507,0.45,0.90
2022.03.04 00:13:52.896,1.10504,1.10509,0.67,2.52
2022.03.04 00:13:52.998,1.10505,1.10509,0.67,0.99
2022.03.04 00:13:53.101,1.10505,1.1051,1.35,0.12
2022.03.04 00:13:54.160,1.10508,1.10511,3.37,2.43
2022.03.04 00:13:54.263,1.10509,1.10514,1.35,0.90
2022.03.04 00:13:54.365,1.10509,1.10515,1.80,2.52
2022.03.04 00:13:54.754,1.1051,1.10513,0.45,0.12
2022.03.04 00:13:54.857,1.10508,1.10514,1.35,1.44
2022.03.04 00:13:54.959,1.10507,1.10512,0.45,0.12
2022.03.04 00:13:55.496,1.10507,1.10513,0.54,1.89
2022.03.04 00:13:58.942,1.10508,1.10513,0.45,0.12
2022.03.04 00:13:59.196,1.10507,1.10513,0.54,0.12
2022.03.04 00:13:59.456,1.10508,1.10513,0.45,0.12
2022.03.04 00:14:00.187,1.10507,1.10513,0.12,0.99
2022.03.04 00:14:01.405,1.10509,1.10513,0.45,2.43
2022.03.04 00:14:01.558,1.10509,1.10515,0.54,1.89
2022.03.04 00:14:02.449,1.10508,1.10512,0.12,0.12
2022.03.04 00:14:06.522,1.10505,1.10509,1.80,0.45
2022.03.04 00:14:06.625,1.10506,1.10511,0.45,0.12
2022.03.04 00:14:06.727,1.10503,1.10508,0.31,0.54
2022.03.04 00:14:06.830,1.10502,1.10505,1.35,1.89
2022.03.04 00:14:06.932,1.10501,1.10506,0.12,0.12
2022.03.04 00:14:07.085,1.10504,1.10507,2.02,0.12
2022.03.04 00:14:07.139,1.10502,1.10507,1.44,0.12
2022.03.04 00:14:07.242,1.10504,1.10507,0.12,0.99
2022.03.04 00:14:07.344,1.10501,1.10508,0.12,0.76
2022.03.04 00:14:07.853,1.105,1.10503,1.35,2.11
2022.03.04 00:14:07.955,1.10497,1.105,0.90,0.54
2022.03.04 00:14:08.057,1.10495,1.10501,0.12,1.89
2022.03.04 00:14:08.160,1.10494,1.10499,0.12,2.02
2022.03.04 00:14:08.262,1.10494,1.105,0.12,0.12
2022.03.04 00:14:09.117,1.10495,1.10501,3.91,0.12
2022.03.04 00:14:10.159,1.10495,1.105,0.54,0.22
2022.03.04 00:14:10.261,1.10495,1.10501,0.54,2.56
2022.03.04 00:14:10.829,1.10493,1.10498,0.12,0.31
2022.03.04 00:14:11.916,1.10493,1.10497,0.12,0.22
2022.03.04 00:14:12.018,1.10492,1.10497,0.12,0.31
2022.03.04 00:14:12.121,1.10491,1.10496,0.54,0.12
2022.03.04 00:14:13.835,1.10493,1.10498,0.99,0.12
2022.03.04 00:14:13.937,1.10494,1.10499,0.12,2.52
2022.03.04 00:14:14.040,1.10495,1.105,0.12,0.12
2022.03.04 00:14:15.048,1.10496,1.105,0.22,0.12
2022.03.04 00:14:15.251,1.10496,1.10501,0.31,2.11
2022.03.04 00:14:16.324,1.10495,1.105,0.12,0.31
2022.03.04 00:14:16.426,1.10493,1.10498,0.12,0.54
2022.03.04 00:14:16.529,1.10491,1.10496,2.79,0.12
2022.03.04 00:14:17.037,1.10492,1.10497,0.12,0.12
2022.03.04 00:14:17.703,1.10492,1.10496,0.12,0.90
2022.03.04 00:14:17.805,1.10492,1.10495,0.99,0.12
2022.03.04 00:14:17.908,1.1049,1.10493,0.31,0.99
2022.03.04 00:14:19.083,1.10491,1.10494,0.54,0.12
2022.03.04 00:14:19.186,1.10492,1.10497,0.12,2.52
2022.03.04 00:14:19.288,1.10491,1.10496,0.76,0.12
2022.03.04 00:14:19.390,1.10493,1.10496,0.12,0.12
2022.03.04 00:14:19.956,1.10493,1.10498,0.54,0.12
2022.03.04 00:14:20.854,1.10493,1.10496,0.12,0.12
2022.03.04 00:14:22.194,1.10494,1.10496,0.45,0.90
2022.03.04 00:14:22.246,1.10492,1.10497,0.54,0.99
2022.03.04 00:14:26.127,1.10497,1.105,1.44,2.43
2022.03.04 00:14:26.230,1.10498,1.105,0.31,2.43
2022.03.04 00:14:26.281,1.105,1.10504,0.67,4.50
2022.03.04 00:14:26.384,1.10499,1.10505,1.66,0.12
2022.03.04 00:14:26.435,1.10501,1.10506,0.22,2.52
2022.03.04 00:14:26.537,1.10501,1.10507,0.31,0.12
2022.03.04 00:14:26.640,1.10503,1.10508,0.90,0.12
2022.03.04 00:14:26.742,1.10504,1.10509,0.12,0.12
2022.03.04 00:14:26.844,1.10504,1.10507,0.12,0.99
2022.03.04 00:14:27.507,1.10502,1.10507,1.44,0.12
2022.03.04 00:14:28.177,1.10502,1.10506,1.35,0.12
2022.03.04 00:14:29.011,1.10502,1.10505,0.12,0.99
2022.03.04 00:14:29.242,1.10504,1.10506,1.99,3.76
2022.03.04 00:14:29.345,1.10504,1.10507,0.54,2.43
2022.03.04 00:14:29.396,1.10504,1.10509,0.76,0.12
2022.03.04 00:14:29.448,1.10507,1.10509,0.12,2.43
2022.03.04 00:14:29.601,1.10507,1.10512,0.12,0.12
2022.03.04 00:14:31.675,1.10507,1.1051,0.12,0.99
2022.03.04 00:14:31.777,1.10505,1.1051,0.54,0.12
2022.03.04 00:14:31.908,1.10506,1.10511,0.12,0.12
2022.03.04 00:14:32.027,1.10507,1.10512,0.54,0.12
2022.03.04 00:14:33.774,1.10508,1.10512,0.45,0.12
2022.03.04 00:14:34.053,1.10511,1.10515,0.45,0.99
2022.03.04 00:14:34.155,1.10512,1.10516,0.45,2.52
2022.03.04 00:14:34.257,1.10513,1.10517,0.45,0.12
2022.03.04 00:14:34.360,1.10515,1.10519,0.45,2.52
2022.03.04 00:14:34.970,1.10514,1.10519,0.45,0.12
2022.03.04 00:14:36.971,1.10517,1.10519,0.45,0.12
2022.03.04 00:14:37.124,1.10515,1.1052,0.45,0.12
2022.03.04 00:14:37.387,1.10515,1.10519,0.76,0.12
2022.03.04 00:14:38.100,1.10515,1.1052,0.45,0.12
2022.03.04 00:14:38.202,1.10515,1.10521,0.76,0.12
2022.03.04 00:14:40.934,1.10515,1.1052,0.54,0.90
2022.03.04 00:14:41.037,1.10512,1.10517,0.54,0.12
2022.03.04 00:14:41.241,1.10512,1.10515,0.99,0.12
2022.03.04 00:14:42.163,1.10512,1.10517,0.54,1.89
2022.03.04 00:14:42.382,1.1051,1.10515,0.99,2.79
2022.03.04 00:14:42.485,1.10508,1.10513,0.12,1.89
2022.03.04 00:14:42.587,1.10507,1.10512,0.12,0.12
2022.03.04 00:14:42.689,1.10506,1.10511,0.31,0.12
2022.03.04 00:14:52.298,1.10504,1.10509,0.12,0.99
2022.03.04 00:14:52.400,1.10503,1.10508,0.54,0.99
2022.03.04 00:14:52.604,1.10502,1.10507,0.31,0.12
2022.03.04 00:15:00.416,1.10504,1.10507,1.21,0.99
2022.03.04 00:15:00.518,1.10504,1.10509,0.12,4.32
2022.03.04 00:15:01.080,1.10503,1.10508,0.54,1.89
2022.03.04 00:15:01.436,1.10501,1.10505,0.99,0.90
2022.03.04 00:15:01.589,1.105,1.10505,0.12,2.11
2022.03.04 00:15:02.149,1.10501,1.10505,0.31,0.90
2022.03.04 00:15:02.251,1.10502,1.10506,0.12,0.90
2022.03.04 00:15:02.785,1.10502,1.10507,0.12,0.99
2022.03.04 00:15:02.887,1.10504,1.10509,0.12,0.99
2022.03.04 00:15:04.877,1.10505,1.1051,0.12,1.89
2022.03.04 00:15:08.452,1.10504,1.10509,0.99,0.99
2022.03.04 00:15:08.866,1.10503,1.10508,0.54,0.99
2022.03.04 00:15:09.074,1.10502,1.10507,0.54,0.12
2022.03.04 00:15:09.996,1.10502,1.10506,0.12,1.12
2022.03.04 00:15:10.098,1.10501,1.10506,0.54,1.21
2022.03.04 00:15:11.846,1.10503,1.10506,0.45,0.99
2022.03.04 00:15:14.980,1.10508,1.10509,2.02,4.64
2022.03.04 00:15:15.032,1.10509,1.10512,0.45,7.83
2022.03.04 00:15:15.083,1.10506,1.10511,0.12,1.35
2022.03.04 00:15:15.186,1.10507,1.10512,0.45,3.42
2022.03.04 00:15:15.237,1.10505,1.10509,0.12,0.90
2022.03.04 00:15:15.340,1.10505,1.10508,0.54,0.90
2022.03.04 00:15:15.544,1.10505,1.1051,0.76,0.90
2022.03.04 00:15:15.646,1.10506,1.10511,0.12,0.90
2022.03.04 00:15:17.430,1.10508,1.10514,0.54,4.32
2022.03.04 00:15:17.533,1.10509,1.10514,0.45,3.42
2022.03.04 00:15:17.636,1.10511,1.10516,0.45,3.42
2022.03.04 00:15:17.738,1.10511,1.10514,0.22,0.12
2022.03.04 00:15:17.841,1.10512,1.10517,0.12,3.33
2022.03.04 00:15:19.760,1.10511,1.10516,0.12,0.90
2022.03.04 00:15:19.862,1.1051,1.10516,0.76,0.99
2022.03.04 00:15:19.967,1.10511,1.10516,0.12,0.90
2022.03.04 00:15:20.069,1.10511,1.10517,0.31,0.99
2022.03.04 00:15:21.582,1.1051,1.10515,0.12,0.90
2022.03.04 00:15:21.684,1.10507,1.10512,0.12,0.90
2022.03.04 00:15:21.787,1.10506,1.10512,0.54,1.89
2022.03.04 00:15:21.889,1.10506,1.10511,0.45,0.99
2022.03.04 00:15:22.385,1.10507,1.10511,0.45,0.90
2022.03.04 00:15:22.487,1.10505,1.10509,0.54,0.90
2022.03.04 00:15:22.590,1.10504,1.10509,0.99,0.90
2022.03.04 00:15:23.752,1.10504,1.10508,0.90,0.90
2022.03.04 00:15:23.804,1.10501,1.10503,2.02,2.85
2022.03.04 00:15:23.906,1.105,1.10503,1.35,1.89
2022.03.04 00:15:24.009,1.10498,1.10503,0.12,1.21
2022.03.04 00:15:29.194,1.10499,1.10501,0.12,0.90
2022.03.04 00:15:31.992,1.10498,1.10503,0.12,0.99
2022.03.04 00:15:32.434,1.10499,1.10503,0.12,0.90
2022.03.04 00:15:34.342,1.10499,1.10504,0.99,1.21
2022.03.04 00:15:38.223,1.105,1.10504,0.12,0.90
2022.03.04 00:15:38.427,1.105,1.10505,0.12,2.11
2022.03.04 00:15:38.855,1.105,1.10504,0.12,0.90
2022.03.04 00:15:39.009,1.10501,1.10505,0.12,0.90
2022.03.04 00:15:39.125,1.10503,1.10508,0.12,3.42
2022.03.04 00:15:39.279,1.10504,1.10508,0.12,0.90
2022.03.04 00:15:39.381,1.10504,1.10509,0.12,0.99
2022.03.04 00:15:40.730,1.10504,1.10508,0.12,0.90
2022.03.04 00:15:40.782,1.10505,1.1051,0.54,2.79
2022.03.04 00:15:40.884,1.10506,1.10511,0.54,0.99
2022.03.04 00:15:40.987,1.10507,1.10512,0.12,3.42
2022.03.04 00:15:43.578,1.10506,1.1051,0.12,1.12
2022.03.04 00:15:43.681,1.10505,1.1051,0.54,1.21
2022.03.04 00:15:43.979,1.10504,1.10509,0.54,0.31
2022.03.04 00:15:45.108,1.10504,1.10508,0.12,1.12
2022.03.04 00:15:46.908,1.10504,1.10509,0.54,1.21
2022.03.04 00:15:47.289,1.10507,1.10509,1.80,0.12
2022.03.04 00:15:47.341,1.10507,1.10511,0.12,0.90
2022.03.04 00:15:47.443,1.10509,1.10511,0.99,2.43
2022.03.04 00:15:47.495,1.10508,1.10514,1.89,0.99
2022.03.04 00:15:47.597,1.10509,1.10512,0.99,0.90
2022.03.04 00:15:47.750,1.10507,1.10513,0.99,1.21
2022.03.04 00:15:47.914,1.10507,1.10512,0.54,0.90
2022.03.04 00:15:48.175,1.10508,1.10513,0.12,1.12
2022.03.04 00:15:48.430,1.10507,1.10513,0.99,1.21
2022.03.04 00:15:48.533,1.10508,1.10513,0.12,0.90
2022.03.04 00:15:49.607,1.10506,1.1051,0.12,0.90
2022.03.04 00:15:49.709,1.10505,1.10509,0.12,1.12
2022.03.04 00:15:49.812,1.10504,1.10509,0.54,1.21
2022.03.04 00:15:50.338,1.10507,1.1051,0.45,0.90
2022.03.04 00:15:50.440,1.10507,1.10511,0.99,0.90
2022.03.04 00:15:50.542,1.10506,1.1051,0.54,1.12
2022.03.04 00:15:50.695,1.10506,1.10508,0.90,0.90
2022.03.04 00:15:50.747,1.10503,1.10505,1.35,2.70
2022.03.04 00:15:50.799,1.105,1.10502,4.50,0.22
2022.03.04 00:15:50.850,1.10497,1.10501,0.54,0.90
2022.03.04 00:15:50.953,1.10496,1.105,0.54,0.90
2022.03.04 00:15:51.055,1.10495,1.105,0.54,0.90
2022.03.04 00:15:51.157,1.10494,1.10499,0.54,0.90
2022.03.04 00:15:51.432,1.10494,1.105,0.54,1.21
2022.03.04 00:15:51.934,1.10494,1.10498,0.12,0.90
2022.03.04 00:15:52.036,1.10493,1.10498,1.89,0.90
2022.03.04 00:15:52.240,1.10492,1.10496,0.54,0.90
2022.03.04 00:15:52.343,1.10491,1.10495,0.12,0.90
2022.03.04 00:15:52.445,1.1049,1.10494,0.12,0.90
2022.03.04 00:15:52.547,1.10489,1.10494,0.54,0.99
2022.03.04 00:15:52.941,1.10489,1.10493,0.12,0.90
2022.03.04 00:15:55.526,1.10491,1.10495,0.90,0.90
2022.03.04 00:15:55.628,1.10492,1.10495,0.12,3.33
2022.03.04 00:15:55.730,1.10492,1.10496,0.12,0.90
2022.03.04 00:15:56.432,1.1049,1.10495,0.54,0.90
2022.03.04 00:15:56.585,1.10489,1.10494,1.44,0.90
2022.03.04 00:15:56.941,1.10489,1.10495,0.99,2.56
2022.03.04 00:15:56.992,1.10488,1.10493,0.54,0.90
2022.03.04 00:15:57.095,1.10487,1.10491,1.35,1.12
2022.03.04 00:15:57.197,1.10486,1.1049,0.12,0.90
2022.03.04 00:15:57.299,1.10485,1.10489,0.54,0.67
2022.03.04 00:15:57.401,1.10484,1.10489,0.12,1.57
2022.03.04 00:15:57.504,1.10484,1.10487,0.99,0.90
2022.03.04 00:15:57.758,1.10484,1.10488,0.12,0.90
2022.03.04 00:15:58.216,1.10484,1.10487,0.99,0.90
2022.03.04 00:15:58.509,1.10484,1.10488,0.12,0.90
2022.03.04 00:15:59.291,1.10484,1.10487,0.12,0.90
2022.03.04 00:15:59.607,1.10485,1.10488,0.12,0.90
2022.03.04 00:15:59.709,1.10485,1.1049,0.12,0.90
2022.03.04 00:15:59.812,1.10486,1.1049,0.12,0.90
2022.03.04 00:16:00.137,1.10485,1.10489,0.12,0.90
2022.03.04 00:16:00.240,1.10485,1.10488,0.12,0.90
2022.03.04 00:16:00.342,1.10486,1.10489,0.12,0.90
2022.03.04 00:16:00.495,1.10485,1.10489,0.12,0.90
2022.03.04 00:16:00.597,1.10486,1.10489,0.12,0.90
2022.03.04 00:16:00.700,1.10485,1.10487,0.12,0.90
2022.03.04 00:16:00.802,1.10484,1.10487,0.12,0.90
2022.03.04 00:16:00.904,1.10483,1.10487,0.99,0.90
2022.03.04 00:16:01.007,1.10481,1.10484,0.12,0.90
2022.03.04 00:16:01.332,1.1048,1.10484,1.89,0.90
2022.03.04 00:16:02.132,1.10479,1.10481,1.35,0.45
2022.03.04 00:16:02.183,1.10479,1.10483,1.89,0.90
2022.03.04 00:16:02.285,1.10479,1.10484,2.11,2.47
2022.03.04 00:16:02.489,1.10479,1.10483,2.11,3.46
2022.03.04 00:16:03.467,1.10478,1.10483,1.89,0.90
2022.03.04 00:16:03.569,1.10479,1.10483,0.12,0.90
2022.03.04 00:16:04.108,1.10478,1.10483,1.89,0.90
2022.03.04 00:16:04.496,1.10479,1.10483,0.12,0.90
2022.03.04 00:16:05.435,1.10479,1.10482,1.89,0.90
2022.03.04 00:16:06.043,1.10476,1.10479,0.12,0.45
2022.03.04 00:16:06.095,1.10465,1.10467,0.90,0.90
2022.03.04 00:16:06.146,1.10467,1.10469,1.35,0.90
2022.03.04 00:16:06.198,1.10463,1.10466,0.12,1.12
2022.03.04 00:16:06.249,1.10462,1.10464,0.12,0.90
2022.03.04 00:16:06.351,1.10459,1.10463,0.12,0.90
2022.03.04 00:16:06.403,1.10459,1.10461,0.12,0.90
2022.03.04 00:16:06.455,1.10458,1.1046,2.79,0.90
2022.03.04 00:16:06.557,1.10457,1.10462,0.54,0.90
2022.03.04 00:16:06.710,1.10457,1.1046,0.12,0.90
2022.03.04 00:16:07.192,1.1046,1.10461,0.12,1.35
2022.03.04 00:16:07.295,1.10459,1.10463,0.54,0.90
2022.03.04 00:16:07.397,1.10461,1.10463,0.12,0.90
2022.03.04 00:16:07.905,1.10459,1.10463,0.12,0.90
2022.03.04 00:16:10.466,1.10459,1.10462,0.12,0.90
2022.03.04 00:16:10.518,1.10455,1.10457,1.57,1.44
2022.03.04 00:16:10.569,1.10452,1.10456,0.99,2.92
2022.03.04 00:16:10.672,1.10453,1.10456,0.12,0.90
2022.03.04 00:16:10.723,1.1045,1.10454,1.89,0.90
2022.03.04 00:16:10.826,1.10451,1.10454,0.12,0.90
2022.03.04 00:16:10.928,1.10453,1.10456,0.45,0.90
2022.03.04 00:16:11.031,1.10451,1.10455,0.12,0.90
2022.03.04 00:16:11.082,1.10452,1.10457,0.12,2.02
2022.03.04 00:16:11.133,1.10451,1.10455,0.12,0.90
2022.03.04 00:16:11.236,1.10449,1.10454,1.89,0.90
2022.03.04 00:16:12.437,1.10449,1.10453,0.54,0.90
2022.03.04 00:16:12.590,1.1045,1.10453,0.90,0.90
2022.03.04 00:16:12.743,1.10449,1.10453,0.76,0.90
2022.03.04 00:16:13.632,1.10451,1.10453,0.45,0.90
2022.03.04 00:16:13.734,1.1045,1.10453,0.76,0.90
2022.03.04 00:16:14.207,1.1045,1.10452,0.67,0.90
2022.03.04 00:16:14.259,1.1045,1.10454,0.76,0.90
2022.03.04 00:16:14.463,1.1045,1.10453,0.45,0.90
2022.03.04 00:16:14.565,1.10452,1.10456,1.80,3.24
2022.03.04 00:16:14.617,1.10451,1.10453,0.22,0.90
2022.03.04 00:16:14.719,1.1045,1.10454,0.76,0.90
2022.03.04 00:16:14.822,1.1045,1.10453,1.66,0.90
2022.03.04 00:16:15.159,1.10451,1.10453,0.22,0.90
2022.03.04 00:16:15.261,1.10454,1.10457,0.22,0.90
2022.03.04 00:16:15.567,1.10452,1.10455,0.12,0.90
2022.03.04 00:16:15.669,1.10452,1.10454,0.12,0.90
2022.03.04 00:16:15.720,1.10455,1.10456,0.22,0.90
2022.03.04 00:16:15.874,1.10451,1.10453,0.22,0.90
2022.03.04 00:16:15.976,1.1045,1.10453,1.12,0.90
2022.03.04 00:16:16.078,1.1045,1.10452,0.22,0.90
2022.03.04 00:16:16.181,1.10447,1.10449,1.89,0.90
2022.03.04 00:16:16.283,1.10445,1.1045,0.54,0.90
2022.03.04 00:16:16.334,1.10445,1.10447,0.12,0.90
2022.03.04 00:16:16.437,1.10444,1.10447,0.54,0.90
2022.03.04 00:16:17.007,1.10446,1.10448,0.12,0.90
2022.03.04 00:16:18.084,1.10444,1.10447,0.99,0.90
2022.03.04 00:16:18.441,1.10443,1.10447,0.12,0.90
2022.03.04 00:16:18.544,1.10442,1.10445,0.12,0.90
2022.03.04 00:16:18.901,1.10439,1.10442,0.12,0.90
2022.03.04 00:16:19.004,1.10436,1.10439,0.12,0.90
2022.03.04 00:16:19.055,1.10436,1.10441,0.12,3.69
2022.03.04 00:16:19.107,1.10435,1.10437,0.12,0.90
2022.03.04 00:16:19.362,1.10434,1.10437,0.45,0.90
2022.03.04 00:16:19.464,1.10436,1.10438,0.12,0.90
2022.03.04 00:16:19.566,1.10437,1.1044,0.12,0.90
2022.03.04 00:16:19.719,1.10438,1.1044,0.12,0.90
2022.03.04 00:16:19.821,1.10437,1.1044,0.45,0.90
2022.03.04 00:16:20.294,1.10439,1.10441,0.12,0.90
2022.03.04 00:16:20.865,1.10437,1.1044,0.12,0.90
2022.03.04 00:16:21.069,1.10436,1.1044,0.12,0.90
2022.03.04 00:16:21.273,1.10438,1.10441,0.12,0.90
2022.03.04 00:16:21.376,1.10441,1.10443,0.12,0.90
2022.03.04 00:16:21.478,1.1044,1.10443,0.12,0.90
2022.03.04 00:16:21.685,1.10439,1.10443,0.67,0.90
2022.03.04 00:16:22.146,1.10438,1.1044,0.12,0.90
2022.03.04 00:16:22.198,1.10437,1.10442,0.12,0.99
2022.03.04 00:16:22.249,1.10436,1.10438,0.12,0.90
2022.03.04 00:16:22.615,1.10435,1.10438,0.45,0.90
2022.03.04 00:16:25.079,1.10434,1.10436,1.80,0.90
2022.03.04 00:16:25.189,1.10435,1.10436,0.12,0.90
2022.03.04 00:16:27.559,1.10431,1.10436,0.12,0.99
2022.03.04 00:16:27.611,1.1043,1.10432,0.99,0.90
2022.03.04 00:16:27.713,1.10427,1.10432,5.49,0.76
2022.03.04 00:16:27.816,1.10426,1.10428,0.99,0.90
2022.03.04 00:16:27.918,1.10424,1.10429,0.12,1.44
2022.03.04 00:16:28.072,1.10424,1.10426,0.12,0.90
2022.03.04 00:16:28.174,1.10423,1.10427,2.25,0.90
2022.03.04 00:16:28.534,1.10424,1.10426,0.12,0.90
2022.03.04 00:16:29.321,1.10423,1.10426,1.44,0.90
2022.03.04 00:16:29.575,1.10425,1.10429,1.80,0.12
2022.03.04 00:16:29.678,1.10427,1.1043,1.35,0.90
2022.03.04 00:16:30.035,1.10429,1.1043,0.12,0.90
2022.03.04 00:16:30.142,1.10428,1.10432,0.12,0.90
2022.03.04 00:16:30.244,1.10429,1.10431,0.12,0.90
2022.03.04 00:16:30.346,1.10427,1.10431,0.99,0.90
2022.03.04 00:16:30.398,1.1043,1.10432,0.90,0.90
2022.03.04 00:16:30.450,1.10432,1.10435,3.15,3.33
2022.03.04 00:16:30.552,1.10432,1.10436,0.99,0.90
2022.03.04 00:16:31.720,1.10433,1.10435,1.44,0.90
2022.03.04 00:16:31.772,1.10436,1.10439,0.45,0.54
2022.03.04 00:16:31.823,1.10433,1.10436,0.45,0.90
2022.03.04 00:16:31.927,1.10432,1.10434,0.12,0.90
2022.03.04 00:16:32.029,1.10433,1.10435,0.12,0.90
2022.03.04 00:16:32.183,1.10431,1.10434,0.12,0.90
2022.03.04 00:16:32.285,1.1043,1.10433,0.45,0.90
2022.03.04 00:16:33.304,1.10429,1.10432,0.54,0.90
2022.03.04 00:16:33.406,1.10429,1.10432,0.99,0.90
2022.03.04 00:16:33.573,1.10428,1.10431,1.89,0.90
2022.03.04 00:16:33.777,1.10427,1.1043,1.44,0.90
2022.03.04 00:16:33.880,1.10426,1.10428,0.12,0.90
2022.03.04 00:16:33.982,1.10425,1.10427,0.12,0.90
2022.03.04 00:16:34.085,1.10424,1.10427,0.54,0.90
2022.03.04 00:16:34.339,1.10423,1.10427,0.99,0.90
2022.03.04 00:16:34.493,1.10423,1.10426,0.12,0.90
2022.03.04 00:16:34.595,1.1042,1.10423,2.34,0.90
2022.03.04 00:16:34.749,1.10419,1.10422,0.54,0.90
2022.03.04 00:16:34.851,1.10418,1.10421,0.12,0.90
2022.03.04 00:16:34.954,1.10415,1.10419,1.44,0.90
2022.03.04 00:16:35.057,1.10415,1.10418,0.54,0.90
2022.03.04 00:16:35.261,1.10413,1.10416,0.54,0.90
2022.03.04 00:16:35.617,1.10413,1.10415,2.34,0.90
2022.03.04 00:16:35.823,1.10413,1.10416,0.12,0.90
2022.03.04 00:16:35.976,1.10413,1.10417,2.92,0.90
2022.03.04 00:16:36.078,1.10414,1.10417,0.54,0.90
2022.03.04 00:16:36.180,1.10414,1.10418,0.54,0.90
2022.03.04 00:16:38.524,1.10416,1.1042,2.11,0.90
2022.03.04 00:16:38.626,1.10415,1.10418,0.12,0.90
2022.03.04 00:16:38.728,1.10414,1.10418,0.99,0.90
2022.03.04 00:16:38.831,1.10414,1.10417,0.99,0.90
2022.03.04 00:16:40.393,1.10413,1.10417,1.89,0.90
2022.03.04 00:16:40.502,1.10414,1.10417,0.54,0.90
2022.03.04 00:16:40.605,1.10414,1.10418,0.54,0.90
2022.03.04 00:16:40.657,1.10419,1.10421,0.45,0.54
2022.03.04 00:16:40.709,1.10421,1.10423,1.57,2.43
2022.03.04 00:16:40.862,1.10423,1.10427,1.44,0.90
2022.03.04 00:16:40.965,1.10424,1.10428,1.44,3.33
2022.03.04 00:16:41.281,1.10427,1.10429,1.80,0.90
2022.03.04 00:16:41.333,1.10428,1.10431,0.90,0.90
2022.03.04 00:16:41.435,1.1043,1.10432,0.45,0.90
2022.03.04 00:16:41.537,1.10429,1.10434,1.44,0.90
2022.03.04 00:16:41.639,1.10429,1.10433,1.44,0.90
2022.03.04 00:16:44.019,1.10427,1.1043,1.89,0.90
2022.03.04 00:16:44.121,1.10426,1.10429,1.35,0.90
2022.03.04 00:16:44.224,1.10425,1.10429,0.99,0.90
2022.03.04 00:16:45.736,1.10424,1.10429,3.69,0.90
2022.03.04 00:16:45.838,1.10424,1.10428,2.34,0.90
2022.03.04 00:16:46.012,1.10426,1.1043,1.44,0.90
2022.03.04 00:16:46.115,1.10423,1.10427,1.35,0.99
2022.03.04 00:16:46.217,1.10423,1.10424,2.47,0.12
2022.03.04 00:16:46.269,1.10419,1.10422,3.91,0.90
2022.03.04 00:16:46.422,1.10419,1.10423,0.12,0.90
2022.03.04 00:16:48.302,1.10419,1.10422,0.12,0.90
2022.03.04 00:16:48.747,1.10418,1.10422,0.99,1.35
2022.03.04 00:16:48.799,1.10416,1.10419,0.99,0.45
2022.03.04 00:16:48.850,1.10407,1.10409,1.12,0.90
2022.03.04 00:16:48.901,1.10406,1.10411,0.54,0.22
2022.03.04 00:16:48.953,1.10404,1.10408,0.76,0.90
2022.03.04 00:16:49.055,1.10403,1.10408,1.44,0.90
2022.03.04 00:16:49.208,1.10404,1.10408,0.90,0.90
2022.03.04 00:16:49.514,1.10403,1.10408,0.45,0.90
2022.03.04 00:16:49.667,1.10402,1.10408,5.46,0.90
2022.03.04 00:16:49.871,1.10402,1.10407,3.24,0.90
2022.03.04 00:16:51.664,1.10406,1.10407,0.45,0.90
2022.03.04 00:16:51.766,1.10405,1.10409,0.45,0.90
2022.03.04 00:16:51.919,1.10404,1.10409,0.99,0.90
2022.03.04 00:16:51.971,1.10402,1.10404,2.25,0.90
2022.03.04 00:16:52.073,1.10402,1.10405,1.35,0.22
2022.03.04 00:16:52.125,1.10398,1.10403,2.34,0.90
2022.03.04 00:16:53.039,1.10399,1.10403,0.45,0.90
2022.03.04 00:16:53.141,1.10399,1.10404,0.12,0.90
2022.03.04 00:16:53.244,1.10398,1.10403,3.46,0.90
2022.03.04 00:16:53.346,1.10399,1.10403,0.12,2.02
2022.03.04 00:16:53.398,1.10398,1.10401,1.44,2.02
2022.03.04 00:16:53.449,1.10395,1.104,1.44,0.90
2022.03.04 00:16:53.552,1.10395,1.10399,1.35,0.90
2022.03.04 00:16:53.654,1.10391,1.10394,1.35,1.80
2022.03.04 00:16:53.757,1.1039,1.10394,1.35,0.90
2022.03.04 00:16:53.809,1.10388,1.10393,0.45,0.90
2022.03.04 00:16:54.165,1.10386,1.1039,1.89,0.90
2022.03.04 00:16:54.268,1.10385,1.10389,0.12,0.90
2022.03.04 00:16:54.472,1.10384,1.10389,0.12,0.99
2022.03.04 00:16:54.879,1.10385,1.10387,0.12,0.90
2022.03.04 00:16:55.283,1.10384,1.10389,0.54,0.90
2022.03.04 00:16:55.415,1.10386,1.1039,0.12,0.90
2022.03.04 00:16:55.568,1.10384,1.10389,1.44,0.99
2022.03.04 00:16:55.670,1.10385,1.10388,0.45,0.90
2022.03.04 00:16:55.722,1.10383,1.10388,0.99,0.99
2022.03.04 00:16:55.824,1.10384,1.10388,0.12,0.90
2022.03.04 00:16:56.200,1.10388,1.10391,1.80,3.33
2022.03.04 00:16:56.302,1.10387,1.10391,0.12,3.33
2022.03.04 00:16:56.991,1.10387,1.10392,0.12,0.99
2022.03.04 00:16:57.094,1.1039,1.10394,1.80,0.90
2022.03.04 00:16:57.196,1.10398,1.104,1.80,5.40
2022.03.04 00:16:57.299,1.104,1.10403,0.12,0.76
2022.03.04 00:16:57.350,1.104,1.10405,1.21,0.99
2022.03.04 00:16:57.453,1.10402,1.10406,0.12,0.90
2022.03.04 00:16:57.555,1.104,1.10405,0.12,0.90
2022.03.04 00:16:57.658,1.10402,1.10404,0.90,0.90
2022.03.04 00:16:57.760,1.104,1.10404,0.31,0.90
2022.03.04 00:16:57.862,1.104,1.10402,0.12,0.90
2022.03.04 00:16:58.325,1.10399,1.10404,0.76,0.99
2022.03.04 00:16:59.362,1.10399,1.10403,0.76,0.90
2022.03.04 00:16:59.617,1.10398,1.10403,0.12,0.99
2022.03.04 00:17:00.587,1.10399,1.10403,0.90,1.44
2022.03.04 00:17:00.639,1.10402,1.10405,0.31,2.43
2022.03.04 00:17:00.741,1.10403,1.10405,0.12,2.43
2022.03.04 00:17:00.793,1.10403,1.10408,1.21,0.99
2022.03.04 00:17:00.895,1.10404,1.10408,0.12,0.90
2022.03.04 00:17:01.099,1.10403,1.10408,0.31,0.99
2022.03.04 00:17:01.201,1.10404,1.10408,0.12,0.90
2022.03.04 00:17:01.378,1.10403,1.10408,0.31,0.99
2022.03.04 00:17:01.494,1.10404,1.10408,0.12,0.90
2022.03.04 00:17:01.800,1.10403,1.10408,0.12,0.99
2022.03.04 00:17:02.299,1.10402,1.10404,0.45,0.45
2022.03.04 00:17:02.351,1.10397,1.10399,0.76,1.89
2022.03.04 00:17:02.504,1.10394,1.10397,0.76,0.90
2022.03.04 00:17:02.556,1.10394,1.10399,0.12,0.90
2022.03.04 00:17:02.659,1.10398,1.10402,3.01,2.43
2022.03.04 00:17:02.761,1.10399,1.10402,0.99,3.55
2022.03.04 00:17:02.813,1.10396,1.10401,1.89,0.90
2022.03.04 00:17:03.640,1.10395,1.10399,0.12,0.90
2022.03.04 00:17:03.742,1.10395,1.10398,0.12,0.90
2022.03.04 00:17:03.794,1.10393,1.10398,0.12,0.90
2022.03.04 00:17:03.896,1.10392,1.10397,0.12,0.90
2022.03.04 00:17:03.998,1.10391,1.10396,0.54,0.90
2022.03.04 00:17:04.876,1.10391,1.10395,0.12,0.90
2022.03.04 00:17:04.979,1.1039,1.10394,0.31,0.90
2022.03.04 00:17:05.082,1.10387,1.10392,3.01,0.90
2022.03.04 00:17:05.133,1.10388,1.10394,0.90,0.99
2022.03.04 00:17:05.286,1.10388,1.10393,2.79,0.90
2022.03.04 00:17:05.388,1.1039,1.10395,0.99,0.90
2022.03.04 00:17:05.877,1.10392,1.10396,0.45,3.42
2022.03.04 00:17:05.928,1.1039,1.10395,1.44,0.90
2022.03.04 00:17:08.100,1.10389,1.10395,2.34,0.99
2022.03.04 00:17:08.207,1.10392,1.10396,0.45,0.99
2022.03.04 00:17:08.309,1.10392,1.10397,0.90,1.44
2022.03.04 00:17:08.634,1.10393,1.10398,0.90,0.99
2022.03.04 00:17:09.393,1.10392,1.10397,0.99,0.90
2022.03.04 00:17:09.548,1.10397,1.10401,0.90,2.43
2022.03.04 00:17:09.650,1.10401,1.10404,2.70,6.93
2022.03.04 00:17:09.753,1.10402,1.10404,2.79,6.93
2022.03.04 00:17:09.804,1.10403,1.10409,0.90,1.66
2022.03.04 00:17:09.919,1.10407,1.1041,1.35,2.02
2022.03.04 00:17:10.022,1.10403,1.10405,1.80,0.12
2022.03.04 00:17:10.226,1.10399,1.10405,0.90,0.99
2022.03.04 00:17:10.762,1.104,1.10405,1.35,0.90
2022.03.04 00:17:10.864,1.10401,1.10406,0.90,0.90
2022.03.04 00:17:11.032,1.10403,1.10408,0.90,0.90
2022.03.04 00:17:11.134,1.10404,1.10409,1.80,1.44
2022.03.04 00:17:11.237,1.10405,1.1041,0.90,0.90
2022.03.04 00:17:11.339,1.10407,1.10409,0.90,1.80
2022.03.04 00:17:11.391,1.10401,1.10407,2.70,0.99
2022.03.04 00:17:11.493,1.10401,1.10405,0.45,0.90
2022.03.04 00:17:11.595,1.104,1.10405,0.90,0.90
2022.03.04 00:17:11.899,1.10401,1.10405,0.45,0.90
2022.03.04 00:17:12.154,1.10402,1.10405,0.45,0.90
2022.03.04 00:17:12.307,1.10401,1.10405,0.45,0.90
2022.03.04 00:17:12.460,1.10401,1.10406,0.45,0.99
2022.03.04 00:17:13.021,1.104,1.10406,1.35,0.99
2022.03.04 00:17:15.142,1.10401,1.10406,1.35,0.90
2022.03.04 00:17:16.354,1.10402,1.10407,0.90,0.99
2022.03.04 00:17:17.281,1.10404,1.10409,1.35,0.99
2022.03.04 00:17:17.383,1.10405,1.1041,1.35,1.44
2022.03.04 00:17:17.537,1.10406,1.10411,0.90,1.21
2022.03.04 00:17:17.791,1.10405,1.10411,1.21,0.99
2022.03.04 00:17:17.894,1.10404,1.10409,1.35,0.12
2022.03.04 00:17:18.199,1.10405,1.10409,0.90,0.12
2022.03.04 00:17:18.302,1.10405,1.1041,1.12,0.12
2022.03.04 00:17:19.896,1.10406,1.1041,0.90,0.12
2022.03.04 00:17:19.999,1.10405,1.1041,1.21,0.12
2022.03.04 00:17:20.508,1.10407,1.10409,1.12,0.12
2022.03.04 00:17:20.661,1.10409,1.10412,0.90,0.12
2022.03.04 00:17:20.713,1.10407,1.10411,0.90,0.54
2022.03.04 00:17:20.765,1.10404,1.10407,0.90,0.12
2022.03.04 00:17:20.867,1.10404,1.10408,0.90,0.31
2022.03.04 00:17:20.919,1.10403,1.10406,0.99,0.12
2022.03.04 00:17:22.330,1.104,1.10405,0.99,0.12
2022.03.04 00:17:22.793,1.10403,1.10408,0.12,3.42
2022.03.04 00:17:22.895,1.10403,1.10407,0.12,0.90
2022.03.04 00:17:22.998,1.10402,1.10407,0.12,0.99
2022.03.04 00:17:23.286,1.10402,1.10406,1.66,0.90
2022.03.04 00:17:23.388,1.10403,1.10408,0.12,0.99
2022.03.04 00:17:24.428,1.10402,1.10407,0.99,0.99
2022.03.04 00:17:24.531,1.10401,1.10406,0.12,1.89
2022.03.04 00:17:24.634,1.104,1.10405,1.21,0.99
2022.03.04 00:17:24.889,1.10399,1.10404,0.99,0.99
2022.03.04 00:17:25.042,1.10399,1.10403,0.99,0.90
2022.03.04 00:17:25.347,1.10398,1.10403,0.99,0.99
2022.03.04 00:17:25.748,1.10399,1.10403,0.12,0.90
2022.03.04 00:17:25.850,1.10398,1.10403,1.89,0.99
2022.03.04 00:17:25.953,1.10398,1.10402,0.90,0.99
2022.03.04 00:17:26.077,1.10397,1.10401,0.99,0.90
2022.03.04 00:17:26.852,1.10397,1.104,0.99,0.90
2022.03.04 00:17:27.317,1.10397,1.10399,0.99,0.90
2022.03.04 00:17:27.678,1.10396,1.10401,0.12,3.69
2022.03.04 00:17:27.734,1.10395,1.10397,0.12,0.90
2022.03.04 00:17:27.990,1.10396,1.10398,0.54,0.90
2022.03.04 00:17:29.447,1.10396,1.10399,0.12,0.90
2022.03.04 00:17:31.816,1.10396,1.104,0.99,0.90
2022.03.04 00:17:32.347,1.10395,1.10398,0.31,0.90
2022.03.04 00:17:32.450,1.10394,1.10397,0.12,0.90
2022.03.04 00:17:32.552,1.10393,1.10396,0.99,0.90
2022.03.04 00:17:32.654,1.10392,1.10396,0.99,0.90
2022.03.04 00:17:33.566,1.10392,1.10395,0.12,0.90
2022.03.04 00:17:35.117,1.10392,1.10394,0.12,0.90
2022.03.04 00:17:36.614,1.10391,1.10395,2.02,0.90
2022.03.04 00:17:37.117,1.10392,1.10395,0.45,0.90
2022.03.04 00:17:37.907,1.10391,1.10395,0.67,0.90
2022.03.04 00:17:39.408,1.10392,1.10394,0.12,0.90
2022.03.04 00:17:40.808,1.10393,1.10395,0.54,0.90
2022.03.04 00:17:42.511,1.10393,1.10396,0.54,0.90
2022.03.04 00:17:42.664,1.10394,1.10397,0.22,0.90
2022.03.04 00:17:42.767,1.10396,1.10398,0.12,0.90
2022.03.04 00:17:42.920,1.10397,1.104,0.76,0.90
2022.03.04 00:17:43.022,1.10398,1.10401,0.22,0.90
2022.03.04 00:17:46.010,1.10399,1.10402,0.67,0.90
2022.03.04 00:17:46.164,1.104,1.10403,0.22,0.90
2022.03.04 00:17:46.266,1.10399,1.10403,2.11,0.90
2022.03.04 00:17:47.085,1.10399,1.10404,1.21,0.90
2022.03.04 00:17:49.007,1.10398,1.10402,1.66,0.90
2022.03.04 00:17:49.109,1.10398,1.10401,2.56,0.90
2022.03.04 00:17:49.212,1.10395,1.104,0.99,0.90
2022.03.04 00:17:49.415,1.10396,1.104,0.45,0.90
2022.03.04 00:17:51.942,1.10393,1.10399,3.91,0.90
2022.03.04 00:17:52.045,1.10393,1.10396,1.35,2.02
2022.03.04 00:17:52.096,1.10391,1.10393,4.50,0.90
2022.03.04 00:17:52.198,1.10387,1.10392,1.44,0.90
2022.03.04 00:17:53.054,1.10388,1.10392,0.45,0.90
2022.03.04 00:17:54.647,1.1039,1.10393,0.45,0.90
2022.03.04 00:17:54.750,1.1039,1.10393,2.56,0.90
2022.03.04 00:17:54.852,1.1039,1.10394,1.12,0.90
2022.03.04 00:17:56.627,1.1039,1.10395,2.02,0.90
2022.03.04 00:17:57.386,1.10387,1.1039,1.35,3.60
2022.03.04 00:17:57.437,1.10384,1.1039,5.49,0.90
2022.03.04 00:17:57.489,1.10384,1.10388,4.50,0.90
2022.03.04 00:17:57.591,1.10382,1.10384,2.25,1.35
2022.03.04 00:17:57.694,1.10378,1.10382,1.89,0.90
2022.03.04 00:17:57.796,1.10376,1.10379,0.12,0.90
2022.03.04 00:17:57.898,1.10375,1.10379,0.54,0.90
2022.03.04 00:17:58.102,1.10376,1.10379,0.12,0.90
2022.03.04 00:17:58.205,1.10377,1.10379,0.54,0.90
2022.03.04 00:17:58.510,1.10377,1.1038,2.34,0.90
2022.03.04 00:17:58.772,1.10376,1.1038,0.54,0.90
2022.03.04 00:17:58.980,1.10378,1.10382,0.12,0.90
2022.03.04 00:17:59.083,1.10379,1.10383,0.22,0.90
2022.03.04 00:17:59.236,1.10379,1.10384,2.11,0.90
2022.03.04 00:17:59.339,1.1038,1.10384,0.67,0.90
2022.03.04 00:17:59.848,1.1038,1.10382,1.80,0.90
2022.03.04 00:17:59.950,1.10379,1.10383,1.35,0.90
2022.03.04 00:18:00.053,1.10377,1.10382,3.46,0.90
2022.03.04 00:18:00.155,1.10378,1.10382,0.54,0.90
2022.03.04 00:18:00.536,1.1038,1.10383,1.57,0.90
2022.03.04 00:18:00.588,1.10382,1.10386,0.99,0.90
2022.03.04 00:18:00.690,1.10381,1.10385,0.12,0.90
2022.03.04 00:18:00.844,1.10383,1.10387,0.99,0.90
2022.03.04 00:18:00.946,1.10385,1.10389,0.54,0.90
2022.03.04 00:18:01.048,1.10387,1.1039,0.12,0.90
2022.03.04 00:18:01.151,1.10388,1.10392,0.12,3.33
2022.03.04 00:18:01.355,1.1039,1.10392,0.99,0.90
2022.03.04 00:18:01.406,1.10389,1.10394,0.12,0.99
2022.03.04 00:18:01.458,1.10387,1.1039,0.12,1.79
2022.03.04 00:18:01.510,1.10382,1.10384,1.80,0.90
2022.03.04 00:18:01.561,1.10381,1.10383,0.12,0.90
2022.03.04 00:18:01.664,1.10379,1.10382,0.12,0.90
2022.03.04 00:18:01.969,1.10378,1.10382,0.12,0.90
2022.03.04 00:18:02.852,1.10377,1.1038,0.54,0.90
2022.03.04 00:18:03.624,1.1038,1.10384,0.90,3.87
2022.03.04 00:18:03.726,1.10379,1.10383,0.12,0.90
2022.03.04 00:18:03.981,1.10383,1.10387,2.11,2.43
2022.03.04 00:18:04.084,1.10384,1.10387,1.21,2.43
2022.03.04 00:18:04.187,1.10386,1.10389,0.12,0.90
2022.03.04 00:18:04.513,1.10385,1.10388,0.12,0.45
2022.03.04 00:18:04.565,1.10383,1.10385,1.35,0.67
2022.03.04 00:18:04.616,1.1038,1.10384,0.54,0.90
2022.03.04 00:18:04.719,1.10379,1.10384,0.12,0.99
2022.03.04 00:18:04.821,1.10379,1.10383,0.12,0.90
2022.03.04 00:18:05.076,1.1038,1.10383,0.12,0.99
2022.03.04 00:18:06.078,1.10379,1.10382,0.12,0.90
2022.03.04 00:18:06.181,1.10377,1.10381,0.12,0.90
2022.03.04 00:18:06.283,1.10376,1.10381,0.12,0.99
2022.03.04 00:18:06.394,1.10376,1.1038,0.12,0.90
2022.03.04 00:18:06.548,1.10378,1.10382,0.45,0.12
2022.03.04 00:18:06.650,1.10379,1.10383,0.54,0.90
2022.03.04 00:18:08.265,1.1038,1.10383,0.45,0.90
2022.03.04 00:18:08.526,1.10381,1.10385,0.54,0.90
2022.03.04 00:18:08.785,1.1038,1.10384,0.12,0.90
2022.03.04 00:18:08.895,1.10381,1.10385,0.12,0.90
2022.03.04 00:18:09.462,1.10381,1.10386,0.12,0.90
2022.03.04 00:18:09.581,1.1038,1.10386,0.12,0.99
2022.03.04 00:18:09.684,1.10379,1.10383,0.12,0.90
2022.03.04 00:18:09.786,1.1038,1.10383,0.12,0.90
2022.03.04 00:18:09.939,1.1038,1.10384,0.54,0.90
2022.03.04 00:18:11.419,1.10381,1.10385,0.12,0.90
2022.03.04 00:18:11.746,1.1038,1.10386,1.89,0.99
2022.03.04 00:18:11.950,1.10381,1.10386,0.45,0.99
2022.03.04 00:18:12.751,1.10381,1.10385,0.54,0.99
2022.03.04 00:18:13.061,1.1038,1.10385,0.54,0.90
2022.03.04 00:18:13.164,1.10383,1.10385,2.70,0.12
2022.03.04 00:18:13.266,1.10381,1.10384,0.45,2.70
2022.03.04 00:18:13.368,1.10381,1.10383,1.35,1.35
2022.03.04 00:18:13.420,1.10378,1.10383,0.54,0.90
2022.03.04 00:18:14.465,1.10375,1.10378,0.45,0.90
2022.03.04 00:18:14.567,1.10374,1.10376,1.35,0.22
2022.03.04 00:18:14.670,1.10373,1.10375,4.50,0.90
2022.03.04 00:18:14.772,1.10371,1.10375,0.54,0.90
2022.03.04 00:18:14.824,1.10372,1.10377,1.89,0.90
2022.03.04 00:18:14.926,1.10373,1.10375,0.54,0.90
2022.03.04 00:18:15.772,1.10371,1.10376,0.54,0.90
2022.03.04 00:18:18.183,1.10374,1.10379,0.12,2.52
2022.03.04 00:18:18.286,1.10373,1.10378,0.54,0.99
2022.03.04 00:18:18.792,1.10373,1.10377,0.54,0.90
2022.03.04 00:18:18.895,1.10373,1.10378,0.54,0.99
2022.03.04 00:18:18.997,1.10374,1.10379,0.12,0.99
2022.03.04 00:18:19.099,1.10375,1.1038,0.12,0.99
2022.03.04 00:18:19.202,1.10376,1.10381,0.12,0.99
2022.03.04 00:18:19.863,1.10376,1.1038,0.12,0.90
2022.03.04 00:18:19.965,1.10375,1.1038,0.54,0.99
2022.03.04 00:18:20.068,1.10376,1.1038,0.12,0.90
2022.03.04 00:18:20.403,1.10377,1.10382,1.98,0.54
2022.03.04 00:18:20.505,1.10378,1.10382,0.45,0.90
2022.03.04 00:18:20.607,1.10378,1.10383,0.54,0.90
2022.03.04 00:18:20.659,1.10376,1.10382,0.99,0.99
2022.03.04 00:18:20.863,1.10375,1.1038,0.54,0.90
2022.03.04 00:18:20.965,1.10375,1.10381,0.99,0.99
2022.03.04 00:18:21.422,1.10376,1.10381,0.12,0.90
2022.03.04 00:18:21.684,1.1038,1.10383,1.35,0.90
2022.03.04 00:18:21.786,1.10379,1.10384,0.12,3.87
2022.03.04 00:18:22.142,1.10384,1.10387,0.90,2.43
2022.03.04 00:18:22.193,1.1039,1.10395,1.35,0.99
2022.03.04 00:18:22.296,1.10391,1.10396,0.90,5.49
2022.03.04 00:18:22.602,1.1039,1.10396,3.24,0.99
2022.03.04 00:18:22.806,1.10391,1.10396,0.99,0.90
2022.03.04 00:18:23.247,1.1039,1.10395,0.99,0.99
2022.03.04 00:18:23.350,1.1039,1.10394,0.45,0.99
2022.03.04 00:18:24.051,1.10389,1.10394,0.99,0.99
2022.03.04 00:18:24.711,1.10389,1.10392,0.99,0.90
2022.03.04 00:18:25.632,1.1039,1.10393,0.99,0.90
2022.03.04 00:18:25.735,1.10391,1.10393,0.54,0.90
2022.03.04 00:18:30.893,1.10393,1.10395,0.54,0.90
2022.03.04 00:18:30.945,1.10396,1.10399,1.21,2.52
2022.03.04 00:18:31.047,1.10396,1.10398,0.12,0.90
2022.03.04 00:18:31.448,1.10395,1.10398,1.57,0.90
2022.03.04 00:18:32.986,1.10398,1.10401,0.12,0.90
2022.03.04 00:18:33.102,1.10399,1.10402,0.76,0.90
2022.03.04 00:18:33.205,1.10399,1.10402,0.76,0.90
2022.03.04 00:18:33.460,1.10401,1.10403,0.90,0.90
2022.03.04 00:18:33.562,1.10403,1.10404,0.45,0.90
2022.03.04 00:18:33.716,1.10404,1.10407,1.89,0.90
2022.03.04 00:18:33.818,1.10405,1.10408,0.31,0.90
2022.03.04 00:18:33.921,1.10405,1.10408,1.35,0.90
2022.03.04 00:18:34.023,1.10404,1.10407,2.92,0.90
2022.03.04 00:18:34.278,1.10407,1.10411,0.67,0.99
2022.03.04 00:18:34.330,1.10404,1.10406,0.12,0.90
2022.03.04 00:18:34.483,1.10405,1.10407,0.45,0.12
2022.03.04 00:18:35.201,1.10403,1.10406,1.21,0.90
2022.03.04 00:18:35.404,1.10403,1.10406,1.21,0.90
2022.03.04 00:18:36.410,1.10401,1.10404,0.45,0.90
2022.03.04 00:18:36.563,1.10402,1.10403,0.67,0.90
2022.03.04 00:18:36.615,1.10401,1.10405,1.66,0.90
2022.03.04 00:18:36.741,1.10398,1.10401,1.80,0.45
2022.03.04 00:18:36.843,1.10395,1.10398,2.34,0.90
2022.03.04 00:18:37.201,1.10394,1.10398,2.56,0.90
2022.03.04 00:18:37.303,1.10394,1.10397,0.76,0.90
2022.03.04 00:18:38.370,1.10394,1.10396,0.22,0.90
2022.03.04 00:18:39.479,1.10394,1.10397,1.21,0.90
2022.03.04 00:18:39.581,1.10396,1.10399,0.12,0.90
2022.03.04 00:18:39.683,1.10397,1.104,0.12,0.90
2022.03.04 00:18:39.735,1.10398,1.10402,2.11,0.90
2022.03.04 00:18:39.837,1.10399,1.10402,0.12,0.90
2022.03.04 00:18:43.269,1.10399,1.10403,0.12,0.90
2022.03.04 00:18:44.627,1.10399,1.10402,0.12,0.90
2022.03.04 00:18:45.871,1.10398,1.10401,0.12,0.90
2022.03.04 00:18:49.111,1.10401,1.10405,0.22,0.99
2022.03.04 00:18:49.213,1.10402,1.10406,0.22,0.99
2022.03.04 00:18:49.316,1.10404,1.10407,0.22,0.99
2022.03.04 00:18:49.418,1.10406,1.10408,0.22,0.90
2022.03.04 00:18:49.521,1.10406,1.10409,0.22,0.90
2022.03.04 00:18:51.142,1.10407,1.10411,0.67,0.99
2022.03.04 00:18:51.194,1.1041,1.10412,0.45,2.34
2022.03.04 00:18:51.245,1.10408,1.1041,0.22,0.90
2022.03.04 00:18:51.348,1.10407,1.1041,0.22,0.90
2022.03.04 00:18:51.450,1.10406,1.10409,0.31,0.90
2022.03.04 00:18:52.375,1.10406,1.1041,0.76,0.90
2022.03.04 00:18:53.277,1.10407,1.1041,0.45,0.90
2022.03.04 00:18:53.329,1.10411,1.10415,0.45,3.42
2022.03.04 00:18:53.431,1.1041,1.10415,1.66,0.90
2022.03.04 00:18:53.534,1.10411,1.10415,0.99,0.90
2022.03.04 00:18:53.585,1.10411,1.10417,1.89,1.21
2022.03.04 00:18:53.687,1.10412,1.10417,0.31,0.90
2022.03.04 00:18:56.761,1.1041,1.10414,0.12,0.90
2022.03.04 00:18:56.863,1.10409,1.10412,1.35,0.90
2022.03.04 00:18:56.966,1.10407,1.10412,1.21,0.90
2022.03.04 00:18:57.618,1.10408,1.10412,1.21,0.99
2022.03.04 00:18:59.883,1.10407,1.10411,0.22,1.89
2022.03.04 00:18:59.934,1.10405,1.10411,0.54,2.34
2022.03.04 00:19:00.037,1.10404,1.10409,0.45,1.44
2022.03.04 00:19:00.139,1.10403,1.10409,0.12,1.44
2022.03.04 00:19:00.438,1.10405,1.10408,0.45,0.99
2022.03.04 00:19:00.541,1.10405,1.1041,0.54,0.45
2022.03.04 00:19:00.694,1.10405,1.10411,0.31,0.54
2022.03.04 00:19:01.057,1.10406,1.10411,1.12,0.12
2022.03.04 00:19:01.159,1.10408,1.10413,0.22,0.12
2022.03.04 00:19:02.278,1.10408,1.10414,0.31,1.44
2022.03.04 00:19:02.380,1.10409,1.10415,0.31,2.52
2022.03.04 00:19:02.724,1.10408,1.1041,0.45,0.45
2022.03.04 00:19:02.826,1.10408,1.10413,0.12,0.90
2022.03.04 00:19:02.929,1.1041,1.10415,0.22,0.12
2022.03.04 00:19:03.031,1.10411,1.10416,0.22,0.99
2022.03.04 00:19:03.328,1.10411,1.10415,0.31,0.99
2022.03.04 00:19:04.367,1.10411,1.10416,0.45,0.12
2022.03.04 00:19:04.470,1.10412,1.10418,0.54,0.12
2022.03.04 00:19:07.665,1.10413,1.10419,1.66,0.12
2022.03.04 00:19:07.818,1.10414,1.1042,0.12,1.89
2022.03.04 00:19:08.785,1.10413,1.10419,0.76,0.99
2022.03.04 00:19:08.888,1.10413,1.10418,0.31,0.45
2022.03.04 00:19:09.451,1.10414,1.10419,0.22,0.12
2022.03.04 00:19:09.654,1.10414,1.1042,0.31,0.54
2022.03.04 00:19:10.133,1.10415,1.10421,0.76,0.99
2022.03.04 00:19:10.286,1.10417,1.10421,1.66,0.12
2022.03.04 00:19:10.338,1.10418,1.10424,1.89,0.54
2022.03.04 00:19:10.440,1.10422,1.10425,1.12,2.43
2022.03.04 00:19:10.542,1.10423,1.10428,0.22,0.12
2022.03.04 00:19:10.645,1.10423,1.10429,1.66,0.54
2022.03.04 00:19:10.848,1.10424,1.1043,1.21,0.12
2022.03.04 00:19:11.541,1.10423,1.10429,0.31,1.44
2022.03.04 00:19:11.643,1.10423,1.10428,0.22,0.12
2022.03.04 00:19:12.814,1.10423,1.10427,0.76,0.99
2022.03.04 00:19:12.916,1.10424,1.10429,0.45,0.12
2022.03.04 00:19:13.019,1.10423,1.10429,0.54,0.12
2022.03.04 00:19:13.324,1.10422,1.10428,0.54,0.12
2022.03.04 00:19:16.457,1.10421,1.10427,0.54,0.99
2022.03.04 00:19:17.258,1.10421,1.10426,0.12,0.90
2022.03.04 00:19:17.360,1.10418,1.10423,1.35,3.01
2022.03.04 00:19:17.463,1.10417,1.10423,0.12,3.46
2022.03.04 00:19:17.565,1.10414,1.10418,1.35,1.12
2022.03.04 00:19:17.668,1.10415,1.10419,1.80,4.32
2022.03.04 00:19:17.719,1.10412,1.10414,2.70,0.90
2022.03.04 00:19:17.821,1.10409,1.10414,0.12,2.79
2022.03.04 00:19:17.873,1.10412,1.10413,1.80,0.99
2022.03.04 00:19:17.975,1.10409,1.10414,0.12,0.12
2022.03.04 00:19:18.230,1.10408,1.10413,0.12,0.12
2022.03.04 00:19:18.332,1.10404,1.10409,4.05,2.34
2022.03.04 00:19:18.434,1.10404,1.10408,1.35,0.99
2022.03.04 00:19:18.537,1.10402,1.10405,2.70,0.90
2022.03.04 00:19:18.588,1.10399,1.10405,0.54,0.99
2022.03.04 00:19:19.276,1.10398,1.10404,0.99,0.54
2022.03.04 00:19:19.379,1.10395,1.10401,1.89,2.79
2022.03.04 00:19:19.481,1.10394,1.104,2.79,1.89
2022.03.04 00:19:19.583,1.10393,1.10399,0.12,0.99
2022.03.04 00:19:21.468,1.10393,1.10396,0.12,0.90
2022.03.04 00:19:21.570,1.10391,1.10394,1.35,0.22
2022.03.04 00:19:21.673,1.10387,1.10392,0.12,0.90
2022.03.04 00:19:23.067,1.10386,1.10392,0.12,0.99
2022.03.04 00:19:29.864,1.10388,1.10393,0.12,0.90
2022.03.04 00:19:30.068,1.10387,1.10392,0.12,0.12
2022.03.04 00:19:30.382,1.10387,1.10391,0.12,0.45
2022.03.04 00:19:30.484,1.10385,1.1039,0.12,0.12
2022.03.04 00:19:31.162,1.10386,1.10391,0.12,0.12
2022.03.04 00:19:31.265,1.10387,1.10392,0.12,0.54
2022.03.04 00:19:32.643,1.10388,1.10393,0.54,0.12
2022.03.04 00:19:32.745,1.10389,1.10394,0.99,0.12
2022.03.04 00:19:33.861,1.1039,1.10395,4.81,0.12
2022.03.04 00:19:33.964,1.10392,1.10397,0.12,1.89
2022.03.04 00:19:34.066,1.10393,1.10398,0.12,2.52
2022.03.04 00:19:34.168,1.10394,1.10399,0.12,0.12
2022.03.04 00:19:34.591,1.10395,1.104,0.12,0.54
2022.03.04 00:19:34.802,1.10395,1.10402,0.99,1.89
2022.03.04 00:19:34.904,1.10395,1.10401,0.12,0.90
2022.03.04 00:19:35.006,1.10394,1.10401,0.76,0.99
2022.03.04 00:19:35.334,1.10395,1.10401,0.45,0.99
2022.03.04 00:19:35.677,1.10394,1.104,0.99,0.90
2022.03.04 00:19:35.830,1.10394,1.10399,0.54,0.12
2022.03.04 00:19:36.422,1.10393,1.10398,0.12,1.89
2022.03.04 00:19:36.525,1.10392,1.10397,0.12,1.44
2022.03.04 00:19:36.627,1.1039,1.10395,0.12,0.12
2022.03.04 00:19:37.481,1.10388,1.10393,0.12,0.90
2022.03.04 00:19:37.583,1.10387,1.10393,0.54,1.44
2022.03.04 00:19:38.179,1.10386,1.10392,0.54,0.12
2022.03.04 00:19:43.258,1.10386,1.1039,0.54,0.90
2022.03.04 00:19:43.310,1.10382,1.10384,1.80,0.90
2022.03.04 00:19:43.361,1.10382,1.10386,1.35,2.79
2022.03.04 00:19:43.464,1.1038,1.10384,4.50,0.90
2022.03.04 00:19:43.566,1.10378,1.10384,0.31,0.99
2022.03.04 00:19:43.668,1.10376,1.10382,0.54,0.12
2022.03.04 00:19:44.617,1.10375,1.10381,0.54,1.44
2022.03.04 00:19:45.353,1.10376,1.10382,0.54,3.42
2022.03.04 00:19:51.698,1.10376,1.10379,0.12,0.90
2022.03.04 00:19:51.801,1.10374,1.1038,0.12,0.99
2022.03.04 00:19:53.467,1.10374,1.10378,0.12,0.90
2022.03.04 00:19:53.519,1.10371,1.10376,0.99,0.90
2022.03.04 00:19:53.622,1.10369,1.10371,0.90,1.80
2022.03.04 00:19:53.724,1.10368,1.1037,5.85,0.45
2022.03.04 00:19:53.776,1.10365,1.10369,0.12,1.80
2022.03.04 00:19:53.879,1.10363,1.10368,0.54,0.90
2022.03.04 00:19:54.032,1.10364,1.1037,0.12,3.01
2022.03.04 00:19:54.338,1.10365,1.10371,0.99,0.99
2022.03.04 00:19:54.440,1.10366,1.10372,0.12,0.12
2022.03.04 00:19:57.070,1.10365,1.10371,1.89,0.12
2022.03.04 00:19:57.529,1.10366,1.10371,0.12,0.90
2022.03.04 00:19:57.631,1.10366,1.10372,0.12,0.99
2022.03.04 00:19:59.384,1.10365,1.1037,0.99,2.02
2022.03.04 00:19:59.487,1.10364,1.10369,0.31,0.90
2022.03.04 00:19:59.590,1.10363,1.10368,0.31,0.90
2022.03.04 00:20:00.286,1.10363,1.10364,0.99,0.90
2022.03.04 00:20:00.388,1.10362,1.10364,0.12,0.90
2022.03.04 00:20:00.491,1.10361,1.10364,1.08,1.21
2022.03.04 00:20:01.432,1.10362,1.10366,1.53,2.43
2022.03.04 00:20:01.535,1.10363,1.10366,0.12,2.43
2022.03.04 00:20:01.587,1.10362,1.10364,1.98,0.67
2022.03.04 00:20:01.638,1.10362,1.10366,1.08,0.90
2022.03.04 00:20:01.944,1.10361,1.10364,1.08,0.99
2022.03.04 00:20:01.996,1.10358,1.10363,0.12,0.99
2022.03.04 00:20:02.047,1.10357,1.10361,0.12,0.90
2022.03.04 00:20:02.150,1.10356,1.1036,0.12,0.90
2022.03.04 00:20:03.188,1.10356,1.10361,0.12,0.99
2022.03.04 00:20:05.545,1.10358,1.10362,0.12,2.56
2022.03.04 00:20:05.648,1.10362,1.10363,1.08,2.43
2022.03.04 00:20:05.699,1.10362,1.10366,1.08,0.99
2022.03.04 00:20:05.802,1.10362,1.10367,1.17,0.90
2022.03.04 00:20:05.904,1.10365,1.1037,0.12,0.12
2022.03.04 00:20:06.007,1.10366,1.10371,0.12,0.12
2022.03.04 00:20:06.128,1.10367,1.10372,2.34,0.12
2022.03.04 00:20:06.230,1.10368,1.10373,0.12,0.12
2022.03.04 00:20:07.106,1.10371,1.10375,0.67,3.42
2022.03.04 00:20:07.209,1.10373,1.10378,0.12,2.97
2022.03.04 00:20:07.311,1.10374,1.10378,0.12,2.43
2022.03.04 00:20:07.414,1.10374,1.10379,0.12,0.12
2022.03.04 00:20:10.582,1.10375,1.1038,0.31,0.12
2022.03.04 00:20:10.634,1.10375,1.10382,0.31,3.42
2022.03.04 00:20:10.736,1.10376,1.10382,0.12,3.33
2022.03.04 00:20:12.586,1.10376,1.10383,0.54,1.89
2022.03.04 00:20:17.096,1.10376,1.10382,0.12,0.45
2022.03.04 00:20:17.208,1.10376,1.10383,0.12,6.12
2022.03.04 00:20:17.669,1.10378,1.10383,0.12,2.97
2022.03.04 00:20:18.104,1.10376,1.1038,0.12,1.35
2022.03.04 00:20:18.206,1.10374,1.10379,0.12,0.12
2022.03.04 00:20:18.714,1.10372,1.10375,0.12,4.14
2022.03.04 00:20:18.817,1.10369,1.10374,5.94,0.99
2022.03.04 00:20:19.378,1.10368,1.10373,0.12,0.12
2022.03.04 00:20:19.480,1.10366,1.10371,0.12,2.11
2022.03.04 00:20:19.583,1.10365,1.1037,0.12,0.12
2022.03.04 00:20:19.634,1.10365,1.10372,0.12,3.33
2022.03.04 00:20:19.788,1.10365,1.1037,0.12,0.99
2022.03.04 00:20:19.941,1.10364,1.10369,0.12,0.12
2022.03.04 00:20:20.565,1.10365,1.1037,0.12,2.43
2022.03.04 00:20:20.668,1.10366,1.10371,0.12,2.43
2022.03.04 00:20:20.821,1.10366,1.10372,0.12,0.12
2022.03.04 00:20:21.077,1.10367,1.10373,0.99,0.99
2022.03.04 00:20:21.180,1.10369,1.10374,0.12,2.43
2022.03.04 00:20:21.282,1.10369,1.10375,0.12,0.54
2022.03.04 00:20:21.487,1.1037,1.10376,0.12,0.12
2022.03.04 00:20:21.589,1.10371,1.10377,0.12,0.54
2022.03.04 00:20:21.692,1.10372,1.10377,0.12,0.45
2022.03.04 00:20:21.794,1.10373,1.10378,0.54,2.43
2022.03.04 00:20:21.897,1.10372,1.10378,0.12,0.99
2022.03.04 00:20:22.929,1.10371,1.10374,0.99,0.90
2022.03.04 00:20:22.980,1.10368,1.10371,1.35,0.90
2022.03.04 00:20:23.083,1.10369,1.10371,1.35,0.22
2022.03.04 00:20:23.134,1.10366,1.10371,0.12,0.90
2022.03.04 00:20:23.237,1.10366,1.10372,0.12,2.11
2022.03.04 00:20:27.756,1.10364,1.1037,1.89,0.54
2022.03.04 00:20:28.325,1.10364,1.10369,0.99,0.90
2022.03.04 00:20:28.478,1.10363,1.10368,0.99,0.45
2022.03.04 00:20:28.731,1.10362,1.10368,2.07,0.54
2022.03.04 00:20:28.834,1.10365,1.10368,0.67,0.12
2022.03.04 00:20:28.936,1.10363,1.10369,0.54,0.12
2022.03.04 00:20:29.039,1.10365,1.10369,0.31,3.24
2022.03.04 00:20:29.141,1.10363,1.10369,0.54,0.12
2022.03.04 00:20:29.883,1.10364,1.10369,0.67,0.12
2022.03.04 00:20:29.986,1.10364,1.1037,0.76,4.77
2022.03.04 00:20:31.185,1.10363,1.1037,0.99,4.81
2022.03.04 00:20:31.389,1.10364,1.1037,0.22,2.11
2022.03.04 00:20:31.492,1.10368,1.10371,0.54,2.43
2022.03.04 00:20:31.544,1.10368,1.10375,0.99,6.12
2022.03.04 00:20:31.932,1.10369,1.10375,1.44,0.45
2022.03.04 00:20:32.034,1.10371,1.10377,0.54,2.88
2022.03.04 00:20:32.806,1.1037,1.10375,0.12,0.45
2022.03.04 00:20:32.908,1.1037,1.10376,0.12,6.30
2022.03.04 00:20:33.010,1.10369,1.10375,2.11,0.22
2022.03.04 00:20:33.990,1.10371,1.10375,0.90,0.67
2022.03.04 00:20:34.092,1.10371,1.10377,0.12,1.80
2022.03.04 00:20:34.195,1.10372,1.10378,0.12,3.33
2022.03.04 00:20:37.912,1.10372,1.10377,0.12,1.35
2022.03.04 00:20:38.066,1.10375,1.10379,0.90,2.43
2022.03.04 00:20:38.169,1.10374,1.10379,0.12,2.43
2022.03.04 00:20:38.271,1.10374,1.10381,0.12,1.89
2022.03.04 00:20:38.475,1.10374,1.1038,0.99,1.80
2022.03.04 00:20:41.280,1.10374,1.10377,0.12,1.35
2022.03.04 00:20:41.382,1.10372,1.10378,0.12,0.99
2022.03.04 00:20:43.595,1.10375,1.10379,0.12,2.43
2022.03.04 00:20:43.698,1.10377,1.10382,0.12,2.79
2022.03.04 00:20:43.800,1.10378,1.10383,0.12,0.99
2022.03.04 00:20:46.885,1.10378,1.10381,0.12,0.22
2022.03.04 00:20:46.936,1.10375,1.10379,0.12,0.90
2022.03.04 00:20:47.039,1.10374,1.10379,0.12,0.99
2022.03.04 00:20:47.193,1.10373,1.10378,0.12,1.21
2022.03.04 00:20:47.397,1.10373,1.10377,0.12,0.90
2022.03.04 00:20:48.097,1.10374,1.10378,0.12,0.90
2022.03.04 00:20:48.301,1.10373,1.10378,0.54,0.99
2022.03.04 00:20:48.403,1.10373,1.10377,0.12,0.90
2022.03.04 00:20:49.136,1.10371,1.10375,0.99,0.90
2022.03.04 00:20:49.239,1.1037,1.10374,0.54,0.90
2022.03.04 00:20:49.341,1.10371,1.10376,0.54,1.57
2022.03.04 00:20:50.977,1.10372,1.10376,1.35,0.90
2022.03.04 00:20:51.029,1.10375,1.10379,0.12,3.33
2022.03.04 00:20:51.131,1.10377,1.10378,0.12,2.43
2022.03.04 00:20:51.234,1.10377,1.1038,0.12,0.90
2022.03.04 00:20:53.298,1.10377,1.10381,0.12,0.90
2022.03.04 00:20:54.701,1.10379,1.10383,0.12,0.90
2022.03.04 00:20:56.137,1.10377,1.10382,0.12,0.99
2022.03.04 00:20:56.811,1.10374,1.10379,0.12,0.90
2022.03.04 00:21:02.279,1.10374,1.10378,0.12,0.90
2022.03.04 00:21:03.272,1.10374,1.10376,0.84,0.90
2022.03.04 00:21:03.426,1.10373,1.10376,0.99,0.90
2022.03.04 00:21:04.415,1.10372,1.10376,0.12,0.90
2022.03.04 00:21:04.568,1.10371,1.10375,0.99,0.90
2022.03.04 00:21:04.721,1.1037,1.10374,0.99,0.90
2022.03.04 00:21:04.976,1.10369,1.10373,3.91,0.90
2022.03.04 00:21:05.129,1.10369,1.1037,0.99,0.90
2022.03.04 00:21:05.231,1.10367,1.10371,0.99,0.90
2022.03.04 00:21:06.292,1.10367,1.1037,0.99,0.90
2022.03.04 00:21:07.532,1.10368,1.10372,0.12,0.90
2022.03.04 00:21:07.634,1.10369,1.10372,0.12,0.90
2022.03.04 00:21:07.797,1.10368,1.10372,0.99,0.90
2022.03.04 00:21:08.175,1.10369,1.10372,0.12,0.90
2022.03.04 00:21:09.700,1.10369,1.10373,0.12,0.90
2022.03.04 00:21:10.798,1.10369,1.10372,0.12,0.90
2022.03.04 00:21:15.063,1.10369,1.10373,0.22,0.90
2022.03.04 00:21:15.244,1.10375,1.10377,0.90,2.43
2022.03.04 00:21:16.710,1.10375,1.10379,0.22,0.90
2022.03.04 00:21:17.141,1.10371,1.10376,1.66,0.90
2022.03.04 00:21:17.244,1.10373,1.10379,0.31,1.44
2022.03.04 00:21:17.346,1.10374,1.10379,0.22,0.99
2022.03.04 00:21:17.622,1.10373,1.10379,1.66,0.99
2022.03.04 00:21:17.797,1.10373,1.10377,0.12,0.90
2022.03.04 00:21:18.121,1.10373,1.10379,1.66,1.44
2022.03.04 00:21:18.223,1.10375,1.10378,1.66,0.90
2022.03.04 00:21:18.376,1.10374,1.10378,2.56,0.99
2022.03.04 00:21:18.941,1.10375,1.10379,0.67,0.90
2022.03.04 00:21:19.094,1.10377,1.1038,0.22,0.99
2022.03.04 00:21:19.298,1.10377,1.10381,0.12,0.90
2022.03.04 00:21:20.147,1.10377,1.10382,0.31,0.99
2022.03.04 00:21:21.131,1.10375,1.1038,1.21,0.12
2022.03.04 00:21:21.284,1.10376,1.10378,0.12,0.90
2022.03.04 00:21:21.388,1.10374,1.10379,0.12,0.99
2022.03.04 00:21:22.102,1.10375,1.10379,0.76,0.90
2022.03.04 00:21:22.204,1.10376,1.1038,0.22,0.99
2022.03.04 00:21:22.306,1.10376,1.10381,0.31,0.99
2022.03.04 00:21:22.565,1.10377,1.10382,0.12,0.99
2022.03.04 00:21:24.312,1.10378,1.10383,0.76,0.12
2022.03.04 00:21:24.414,1.10379,1.10384,0.12,0.99
2022.03.04 00:21:25.646,1.10378,1.10383,0.12,0.99
2022.03.04 00:21:26.722,1.10376,1.10381,0.12,2.34
2022.03.04 00:21:26.824,1.10374,1.10379,0.31,0.90
2022.03.04 00:21:26.926,1.10373,1.10379,1.21,1.44
2022.03.04 00:21:27.029,1.10373,1.10378,0.12,0.90
2022.03.04 00:21:27.233,1.10372,1.10378,0.31,2.34
2022.03.04 00:21:28.300,1.10373,1.10379,1.21,1.44
2022.03.04 00:21:28.453,1.10374,1.10379,0.12,0.45
2022.03.04 00:21:28.555,1.10374,1.1038,0.12,0.99
2022.03.04 00:21:28.976,1.10373,1.10378,0.12,0.90
2022.03.04 00:21:29.852,1.10374,1.10378,0.76,0.99
2022.03.04 00:21:29.954,1.10374,1.10379,0.12,0.90
2022.03.04 00:21:32.898,1.10373,1.10379,1.66,0.99
2022.03.04 00:21:33.937,1.10374,1.1038,1.21,1.80
2022.03.04 00:21:34.039,1.10375,1.1038,0.12,0.90
2022.03.04 00:21:35.743,1.10374,1.1038,0.31,0.90
2022.03.04 00:21:35.857,1.10373,1.10379,1.21,0.90
2022.03.04 00:21:39.189,1.10372,1.10377,0.12,0.90
2022.03.04 00:21:40.540,1.10373,1.10379,0.76,4.23
2022.03.04 00:21:42.340,1.10375,1.10381,1.21,4.23
2022.03.04 00:21:42.442,1.10377,1.10383,0.22,6.12
2022.03.04 00:21:42.544,1.10376,1.10382,0.12,0.90
2022.03.04 00:21:49.994,1.10375,1.10381,0.12,1.80
2022.03.04 00:21:50.903,1.10376,1.10382,0.31,0.90
2022.03.04 00:21:51.005,1.10379,1.10384,0.67,3.78
2022.03.04 00:21:51.108,1.10382,1.10386,1.66,2.43
2022.03.04 00:21:51.210,1.10383,1.10389,1.21,1.35
2022.03.04 00:21:51.313,1.10384,1.1039,0.31,0.90
2022.03.04 00:21:51.415,1.10385,1.10391,0.22,3.42
2022.03.04 00:21:51.619,1.10386,1.10391,0.76,3.42
2022.03.04 00:21:51.772,1.10386,1.10392,0.12,0.90
2022.03.04 00:21:51.874,1.10387,1.10392,0.12,0.90
2022.03.04 00:21:52.682,1.10386,1.10392,0.12,0.90
2022.03.04 00:21:53.260,1.10388,1.10391,0.22,0.90
2022.03.04 00:21:54.448,1.10389,1.10394,0.22,3.33
2022.03.04 00:21:55.008,1.10389,1.10395,0.22,0.99
2022.03.04 00:21:55.567,1.1039,1.10395,0.31,0.90
2022.03.04 00:21:55.822,1.10392,1.10395,0.22,0.90
2022.03.04 00:21:55.874,1.10392,1.10397,0.12,0.12
2022.03.04 00:21:56.027,1.10393,1.10398,0.12,3.87
2022.03.04 00:21:56.129,1.10392,1.10397,0.12,0.12
2022.03.04 00:21:59.267,1.10391,1.10396,0.31,0.12
2022.03.04 00:21:59.420,1.10393,1.10397,0.12,0.90
2022.03.04 00:21:59.522,1.10393,1.10398,0.12,1.89
2022.03.04 00:22:00.438,1.10392,1.10397,0.54,0.12
2022.03.04 00:22:00.917,1.10392,1.10398,0.54,0.90
2022.03.04 00:22:01.526,1.10392,1.10399,0.54,4.86
2022.03.04 00:22:02.410,1.10395,1.104,0.12,3.42
2022.03.04 00:22:04.346,1.10398,1.10404,1.44,2.97
2022.03.04 00:22:04.449,1.10399,1.10404,1.21,2.88
2022.03.04 00:22:04.551,1.104,1.10405,0.90,0.31
2022.03.04 00:22:04.603,1.10402,1.10406,0.90,0.54
2022.03.04 00:22:04.654,1.10402,1.10408,3.91,2.97
2022.03.04 00:22:04.757,1.10403,1.10409,0.12,0.12
2022.03.04 00:22:06.372,1.10404,1.1041,0.54,2.79
2022.03.04 00:22:07.361,1.1041,1.10411,1.12,2.43
2022.03.04 00:22:07.515,1.1041,1.10415,0.12,2.70
2022.03.04 00:22:07.669,1.10409,1.10415,1.44,0.12
2022.03.04 00:22:07.771,1.1041,1.10416,0.12,2.34
2022.03.04 00:22:08.199,1.10411,1.10416,0.45,1.89
2022.03.04 00:22:08.251,1.10414,1.10417,0.99,2.43
2022.03.04 00:22:08.353,1.10414,1.10419,0.45,0.54
2022.03.04 00:22:08.455,1.10414,1.1042,0.54,0.99
2022.03.04 00:22:10.205,1.10416,1.10422,0.12,0.99
2022.03.04 00:22:10.307,1.10417,1.10423,0.12,0.12
2022.03.04 00:22:11.521,1.10419,1.10425,0.76,0.12
2022.03.04 00:22:11.674,1.10418,1.10424,0.76,1.89
2022.03.04 00:22:11.827,1.10417,1.10423,1.89,0.12
2022.03.04 00:22:12.658,1.10418,1.10423,0.45,0.12
2022.03.04 00:22:15.068,1.10417,1.10423,1.66,0.12
2022.03.04 00:22:16.717,1.1042,1.10423,0.90,0.12
2022.03.04 00:22:16.769,1.1042,1.10425,0.54,0.99
2022.03.04 00:22:16.922,1.10421,1.10426,0.31,0.12
2022.03.04 00:22:16.973,1.10425,1.10427,1.35,0.12
2022.03.04 00:22:17.076,1.10424,1.1043,0.12,0.12
2022.03.04 00:22:17.127,1.10428,1.10431,0.54,0.31
2022.03.04 00:22:17.230,1.10428,1.10433,0.12,2.52
2022.03.04 00:22:17.332,1.10429,1.10434,0.12,0.12
2022.03.04 00:22:17.617,1.10431,1.10435,0.45,0.12
2022.03.04 00:22:17.720,1.1043,1.10435,0.12,0.12
2022.03.04 00:22:18.583,1.1043,1.10434,0.12,0.45
2022.03.04 00:22:18.685,1.10427,1.10431,1.35,0.12
2022.03.04 00:22:18.737,1.10425,1.10431,0.12,2.56
2022.03.04 00:22:18.839,1.10425,1.1043,0.12,0.90
2022.03.04 00:22:18.942,1.10424,1.1043,0.99,0.99
2022.03.04 00:22:19.580,1.10421,1.10427,2.56,0.12
2022.03.04 00:22:21.866,1.10422,1.10428,0.12,0.12
2022.03.04 00:22:23.486,1.10423,1.10428,0.45,0.12
2022.03.04 00:22:24.078,1.10423,1.10427,0.12,0.12
2022.03.04 00:22:25.342,1.10422,1.10427,0.12,0.45
2022.03.04 00:22:25.444,1.10421,1.10426,0.31,0.45
2022.03.04 00:22:25.673,1.1042,1.10425,0.99,0.45
2022.03.04 00:22:25.775,1.10418,1.10423,0.12,0.45
2022.03.04 00:22:26.014,1.10417,1.10423,0.54,0.54
2022.03.04 00:22:26.921,1.10416,1.10421,0.99,0.45
2022.03.04 00:22:27.023,1.10415,1.10421,2.79,0.12
2022.03.04 00:22:27.706,1.10415,1.1042,0.99,0.45
2022.03.04 00:22:28.613,1.1041,1.10414,2.34,0.45
2022.03.04 00:22:28.716,1.1041,1.10415,1.35,0.54
2022.03.04 00:22:28.818,1.10409,1.10414,0.12,0.45
2022.03.04 00:22:28.920,1.10408,1.10414,0.12,0.54
2022.03.04 00:22:29.023,1.10407,1.1041,1.35,0.45
2022.03.04 00:22:29.074,1.10405,1.1041,0.12,0.45
2022.03.04 00:22:29.227,1.10405,1.10411,0.12,0.99
2022.03.04 00:22:29.329,1.10405,1.10409,0.76,0.12
2022.03.04 00:22:30.076,1.10405,1.1041,0.45,0.12
2022.03.04 00:22:30.415,1.10404,1.1041,1.21,0.12
2022.03.04 00:22:30.518,1.10406,1.10411,0.45,0.12
2022.03.04 00:22:30.671,1.10407,1.10412,0.45,0.12
2022.03.04 00:22:30.773,1.10407,1.10413,1.66,0.12
2022.03.04 00:22:30.876,1.10409,1.10414,0.54,0.45
2022.03.04 00:22:30.978,1.10411,1.10414,0.12,2.43
2022.03.04 00:22:31.080,1.1041,1.10416,0.12,1.89
2022.03.04 00:22:31.742,1.1041,1.10415,0.31,0.45
2022.03.04 00:22:32.280,1.10409,1.10415,0.31,1.66
2022.03.04 00:22:32.382,1.10408,1.10414,0.12,2.11
2022.03.04 00:22:32.585,1.10407,1.10413,0.54,0.12
2022.03.04 00:22:33.113,1.10406,1.10413,1.44,0.12
2022.03.04 00:22:36.370,1.10406,1.10411,0.99,0.45
2022.03.04 00:22:36.421,1.10404,1.10406,1.35,2.25
2022.03.04 00:22:36.575,1.10401,1.10405,4.50,1.21
2022.03.04 00:22:36.626,1.10398,1.10404,0.12,0.45
2022.03.04 00:22:36.728,1.10396,1.10402,2.25,1.89
2022.03.04 00:22:36.831,1.10394,1.104,2.79,0.45
2022.03.04 00:22:37.239,1.10397,1.10401,0.99,0.12
2022.03.04 00:22:39.939,1.10394,1.10396,1.35,0.54
2022.03.04 00:22:40.143,1.10389,1.10395,0.22,0.76
2022.03.04 00:22:40.246,1.10392,1.10397,0.22,3.87
2022.03.04 00:22:40.297,1.1039,1.10396,0.67,0.31
2022.03.04 00:22:40.400,1.10391,1.10397,0.12,0.12
2022.03.04 00:22:40.946,1.10392,1.10398,0.45,0.45
2022.03.04 00:22:41.112,1.10392,1.10399,0.45,1.44
2022.03.04 00:22:43.626,1.10392,1.10398,0.45,0.45
2022.03.04 00:22:43.728,1.10391,1.10398,0.99,0.90
2022.03.04 00:22:43.830,1.10391,1.10399,2.56,4.14
2022.03.04 00:22:44.186,1.10391,1.10398,1.66,0.45
2022.03.04 00:22:44.715,1.10391,1.10399,1.66,1.44
2022.03.04 00:22:44.817,1.1039,1.10396,2.34,0.99
2022.03.04 00:22:44.920,1.1039,1.10395,1.35,0.12
2022.03.04 00:22:45.024,1.10389,1.10395,0.99,0.12
2022.03.04 00:22:46.023,1.10389,1.10394,0.12,0.90
2022.03.04 00:22:46.125,1.10387,1.10389,1.35,1.35
2022.03.04 00:22:46.228,1.10384,1.10388,4.50,1.44
2022.03.04 00:22:46.331,1.10382,1.10387,0.54,1.44
2022.03.04 00:22:46.484,1.1038,1.10386,3.24,1.35
2022.03.04 00:22:46.637,1.10379,1.10385,0.45,0.12
2022.03.04 00:22:46.740,1.1038,1.10386,0.45,3.69
2022.03.04 00:22:46.995,1.10379,1.10385,0.45,0.12
2022.03.04 00:22:47.046,1.10377,1.10384,0.99,1.44
2022.03.04 00:22:47.148,1.10375,1.10381,2.79,0.90
2022.03.04 00:22:47.302,1.10374,1.1038,1.35,0.54
2022.03.04 00:22:47.455,1.10375,1.10381,1.80,0.12
2022.03.04 00:22:47.557,1.10377,1.10382,0.45,0.12
2022.03.04 00:22:47.761,1.10376,1.10382,0.99,0.12
2022.03.04 00:22:50.224,1.10381,1.10383,2.47,2.11
2022.03.04 00:22:50.275,1.1038,1.10385,0.45,0.12
2022.03.04 00:22:50.377,1.1038,1.10386,2.56,0.12
2022.03.04 00:22:50.480,1.10381,1.10387,2.79,0.12
2022.03.04 00:22:52.036,1.10381,1.10386,0.45,0.12
2022.03.04 00:22:52.138,1.1038,1.10386,1.44,1.66
2022.03.04 00:22:52.240,1.10379,1.10385,2.79,0.54
2022.03.04 00:22:52.393,1.10379,1.10384,0.90,0.12
2022.03.04 00:22:52.547,1.10378,1.10383,0.90,0.54
2022.03.04 00:22:52.649,1.10377,1.10383,0.99,0.54
2022.03.04 00:22:55.074,1.10378,1.10383,0.12,0.54
2022.03.04 00:22:56.040,1.10379,1.10384,0.99,0.12
2022.03.04 00:22:56.142,1.1038,1.10385,0.99,0.12
2022.03.04 00:22:56.244,1.10381,1.10385,0.45,0.12
2022.03.04 00:22:56.347,1.10379,1.10381,0.90,1.35
2022.03.04 00:22:56.398,1.10377,1.10379,1.35,2.70
2022.03.04 00:22:56.450,1.10373,1.10374,4.57,0.90
2022.03.04 00:22:56.501,1.1037,1.10374,0.45,1.35
2022.03.04 00:22:56.604,1.1037,1.10375,0.12,1.80
2022.03.04 00:22:56.655,1.10367,1.10371,0.99,0.90
2022.03.04 00:22:56.707,1.10367,1.10373,0.45,1.35
2022.03.04 00:22:56.809,1.10366,1.10373,1.44,1.35
2022.03.04 00:22:57.315,1.10366,1.10374,2.56,4.32
2022.03.04 00:22:57.367,1.10369,1.10374,0.45,2.52
2022.03.04 00:22:57.469,1.10371,1.10376,0.12,3.33
2022.03.04 00:22:57.775,1.10371,1.10378,1.89,4.68
2022.03.04 00:22:58.324,1.10373,1.10379,0.90,0.12
2022.03.04 00:22:58.427,1.10374,1.10379,0.90,0.12
2022.03.04 00:22:58.975,1.10373,1.10378,0.12,0.12
2022.03.04 00:22:59.077,1.10372,1.10377,1.44,0.12
2022.03.04 00:22:59.577,1.1037,1.10377,0.99,0.12
2022.03.04 00:22:59.680,1.10369,1.10371,0.12,0.90
2022.03.04 00:22:59.731,1.10366,1.10368,1.35,0.12
2022.03.04 00:22:59.783,1.10362,1.10366,4.95,0.90
2022.03.04 00:22:59.885,1.10359,1.10365,0.12,1.89
2022.03.04 00:22:59.988,1.10359,1.10363,3.69,0.99
2022.03.04 00:23:00.486,1.1036,1.10365,0.12,0.99
2022.03.04 00:23:01.447,1.10361,1.10366,0.12,0.99
2022.03.04 00:23:03.631,1.10358,1.10364,1.44,0.54
2022.03.04 00:23:03.734,1.10357,1.10363,0.12,0.99
2022.03.04 00:23:03.849,1.10356,1.10362,2.34,0.12
2022.03.04 00:23:04.172,1.10357,1.10362,0.45,0.12
2022.03.04 00:23:04.376,1.1036,1.10362,0.99,2.43
2022.03.04 00:23:04.479,1.1036,1.10363,0.12,2.43
2022.03.04 00:23:04.530,1.1036,1.10365,0.12,0.12
2022.03.04 00:23:04.633,1.10361,1.10368,0.31,2.97
2022.03.04 00:23:04.684,1.10361,1.10366,0.12,0.12
2022.03.04 00:23:04.786,1.10362,1.10367,0.12,0.12
2022.03.04 00:23:04.889,1.10363,1.10368,3.46,2.52
2022.03.04 00:23:04.991,1.1036,1.10366,1.44,0.99
2022.03.04 00:23:05.094,1.1036,1.10365,1.35,0.54
2022.03.04 00:23:05.145,1.10358,1.10364,0.12,0.31
2022.03.04 00:23:05.298,1.10357,1.10363,1.44,0.12
2022.03.04 00:23:05.502,1.10356,1.10362,0.99,0.12
2022.03.04 00:23:06.369,1.10357,1.10363,0.12,0.76
2022.03.04 00:23:06.689,1.10356,1.10361,0.12,0.45
2022.03.04 00:23:06.791,1.10356,1.1036,0.54,1.66
2022.03.04 00:23:06.893,1.10356,1.10361,0.90,0.54
2022.03.04 00:23:06.996,1.10359,1.10363,0.54,2.43
2022.03.04 00:23:07.098,1.10359,1.10364,2.34,0.12
2022.03.04 00:23:07.874,1.1036,1.10365,0.12,0.54
2022.03.04 00:23:09.167,1.10359,1.10364,1.89,0.12
2022.03.04 00:23:09.548,1.10358,1.10362,0.99,0.45
2022.03.04 00:23:09.651,1.10356,1.10363,0.45,1.21
2022.03.04 00:23:09.753,1.10357,1.10363,0.45,1.21
2022.03.04 00:23:10.412,1.10356,1.10363,0.67,3.24
2022.03.04 00:23:10.565,1.10354,1.1036,0.99,0.54
2022.03.04 00:23:10.718,1.10352,1.10358,1.44,2.34
2022.03.04 00:23:10.821,1.10352,1.10357,0.45,0.12
2022.03.04 00:23:11.228,1.10354,1.10358,0.45,0.12
2022.03.04 00:23:11.330,1.10354,1.10359,0.45,2.43
2022.03.04 00:23:11.432,1.10354,1.1036,0.45,0.54
2022.03.04 00:23:11.636,1.10353,1.10359,0.45,1.89
2022.03.04 00:23:11.738,1.10353,1.10358,0.45,0.54
2022.03.04 00:23:11.841,1.10352,1.10358,0.90,0.12
2022.03.04 00:23:12.426,1.10351,1.10357,0.45,1.89
2022.03.04 00:23:12.529,1.1035,1.10356,2.56,0.22
2022.03.04 00:23:12.682,1.1035,1.10357,1.44,1.44
2022.03.04 00:23:12.784,1.1035,1.10356,1.66,0.22
2022.03.04 00:23:13.090,1.10349,1.10353,0.45,0.12
2022.03.04 00:23:13.193,1.10346,1.10353,0.90,1.89
2022.03.04 00:23:15.068,1.10346,1.10352,1.80,0.45
2022.03.04 00:23:15.171,1.10346,1.10351,0.45,0.54
2022.03.04 00:23:15.273,1.10348,1.10353,0.45,2.43
2022.03.04 00:23:15.426,1.10348,1.10354,0.45,0.54
2022.03.04 00:23:15.796,1.10349,1.10355,0.90,0.54
2022.03.04 00:23:15.898,1.1035,1.10356,1.35,0.54
2022.03.04 00:23:16.001,1.10349,1.10356,1.89,0.12
2022.03.04 00:23:16.205,1.10349,1.10355,1.35,0.12
2022.03.04 00:23:16.307,1.10348,1.10355,1.89,0.12
2022.03.04 00:23:16.409,1.10347,1.10354,0.54,0.54
2022.03.04 00:23:16.664,1.10345,1.10351,0.45,1.44
2022.03.04 00:23:16.716,1.10343,1.1035,2.11,0.12
2022.03.04 00:23:17.108,1.10344,1.1035,0.12,0.12
2022.03.04 00:23:17.439,1.10345,1.10351,0.12,0.12
2022.03.04 00:23:17.592,1.10346,1.10352,0.12,0.12
2022.03.04 00:23:17.643,1.10348,1.10354,0.12,0.12
2022.03.04 00:23:17.746,1.10348,1.10349,1.89,1.20
2022.03.04 00:23:17.797,1.10342,1.10346,4.50,3.60
2022.03.04 00:23:17.900,1.10338,1.10342,0.45,1.89
2022.03.04 00:23:18.003,1.10339,1.10343,0.76,2.43
2022.03.04 00:23:18.105,1.1034,1.10343,1.44,2.43
2022.03.04 00:23:18.208,1.10344,1.10349,0.12,4.32
2022.03.04 00:23:18.412,1.10345,1.1035,0.12,0.12
2022.03.04 00:23:18.463,1.10345,1.10352,0.99,5.22
2022.03.04 00:23:18.566,1.10347,1.10352,1.12,5.13
2022.03.04 00:23:18.668,1.1035,1.10353,0.12,2.52
2022.03.04 00:23:18.770,1.1035,1.10354,0.12,2.43
2022.03.04 00:23:18.873,1.10351,1.10354,0.12,0.12
2022.03.04 00:23:19.127,1.10351,1.10356,3.24,0.12
2022.03.04 00:23:19.230,1.10352,1.10358,1.21,0.12
2022.03.04 00:23:19.332,1.10353,1.10359,0.12,0.99
2022.03.04 00:23:19.486,1.10353,1.10357,0.12,0.12
2022.03.04 00:23:20.046,1.10353,1.10359,0.12,1.89
2022.03.04 00:23:20.148,1.10353,1.10358,0.12,0.45
2022.03.04 00:23:20.250,1.10353,1.10359,0.12,1.89
2022.03.04 00:23:20.403,1.10353,1.10358,0.12,0.90
2022.03.04 00:23:20.606,1.10353,1.10357,0.12,0.99
2022.03.04 00:23:22.233,1.10351,1.10356,0.12,1.80
2022.03.04 00:23:22.335,1.1035,1.10355,0.12,1.89
2022.03.04 00:23:22.437,1.10348,1.10353,0.12,0.12
2022.03.04 00:23:22.540,1.10348,1.1035,0.12,0.90
2022.03.04 00:23:23.702,1.1035,1.10352,1.35,0.90
2022.03.04 00:23:23.754,1.10352,1.10354,2.70,2.43
2022.03.04 00:23:23.856,1.10354,1.10358,0.12,0.90
2022.03.04 00:23:25.142,1.10354,1.10357,0.12,0.90
2022.03.04 00:23:25.808,1.10352,1.10355,0.54,0.90
2022.03.04 00:23:27.422,1.10353,1.10356,0.12,0.90
2022.03.04 00:23:27.525,1.10353,1.10357,0.12,0.90
2022.03.04 00:23:27.640,1.10354,1.10357,0.12,0.90
2022.03.04 00:23:29.556,1.10355,1.10357,0.12,0.90
2022.03.04 00:23:29.841,1.10354,1.10357,0.12,0.90
2022.03.04 00:23:29.943,1.10353,1.10356,0.12,0.90
2022.03.04 00:23:30.045,1.10352,1.10355,0.54,0.90
2022.03.04 00:23:32.956,1.10352,1.10356,0.54,0.90
2022.03.04 00:23:33.167,1.10354,1.10356,0.90,0.90
2022.03.04 00:23:33.219,1.10355,1.10358,0.12,0.90
2022.03.04 00:23:33.321,1.10356,1.1036,0.12,0.90
2022.03.04 00:23:33.424,1.10356,1.10361,1.44,0.90
2022.03.04 00:23:33.526,1.10356,1.1036,0.12,0.90
2022.03.04 00:23:33.577,1.10355,1.10358,0.12,0.90
2022.03.04 00:23:33.781,1.10354,1.10358,0.12,0.90
2022.03.04 00:23:34.211,1.10352,1.10355,3.15,0.12
2022.03.04 00:23:34.263,1.10347,1.10349,4.59,0.90
2022.03.04 00:23:34.365,1.10345,1.10348,0.45,0.90
2022.03.04 00:23:36.747,1.10344,1.10348,0.22,2.79
2022.03.04 00:23:36.798,1.10342,1.10346,0.12,0.90
2022.03.04 00:23:36.901,1.1034,1.10343,1.44,0.90
2022.03.04 00:23:37.003,1.10339,1.10343,0.54,0.90
2022.03.04 00:23:37.107,1.10339,1.10342,0.45,0.90
2022.03.04 00:23:37.412,1.10339,1.10341,0.99,0.90
2022.03.04 00:23:37.515,1.10339,1.10342,0.45,0.90
2022.03.04 00:23:37.769,1.10338,1.10342,0.54,0.90
2022.03.04 00:23:37.871,1.10337,1.1034,0.12,0.90
2022.03.04 00:23:37.923,1.10335,1.1034,0.12,0.90
2022.03.04 00:23:37.974,1.10334,1.10338,0.12,0.90
2022.03.04 00:23:38.077,1.10332,1.10334,1.35,1.80
2022.03.04 00:23:38.179,1.10329,1.10334,0.54,0.90
2022.03.04 00:23:38.282,1.10328,1.10331,0.71,0.90
2022.03.04 00:23:38.384,1.10327,1.10332,0.67,1.44
2022.03.04 00:23:38.436,1.10326,1.1033,0.12,0.12
2022.03.04 00:23:38.538,1.10325,1.1033,0.31,0.90
2022.03.04 00:23:38.692,1.10323,1.10325,1.35,0.99
2022.03.04 00:23:38.794,1.10323,1.10326,1.35,1.80
2022.03.04 00:23:38.897,1.10322,1.10327,0.67,3.42
2022.03.04 00:23:39.051,1.10323,1.10329,2.02,0.99
2022.03.04 00:23:39.167,1.10322,1.10328,0.90,0.90
2022.03.04 00:23:39.270,1.10321,1.10328,2.04,1.35
2022.03.04 00:23:39.887,1.1032,1.10326,4.72,0.90
2022.03.04 00:23:39.989,1.10319,1.10326,5.17,2.92
2022.03.04 00:23:40.091,1.1032,1.10326,0.67,2.92
2022.03.04 00:23:40.346,1.10321,1.10323,0.67,0.12
2022.03.04 00:23:40.399,1.1032,1.10326,0.67,2.92
2022.03.04 00:23:40.501,1.10321,1.10326,0.45,1.80
2022.03.04 00:23:40.654,1.1032,1.10325,0.22,1.35
2022.03.04 00:23:42.532,1.10316,1.1032,1.44,0.45
2022.03.04 00:23:43.586,1.10317,1.1032,1.89,0.45
2022.03.04 00:23:43.688,1.10319,1.10325,2.11,3.42
2022.03.04 00:23:43.791,1.1032,1.10325,0.22,2.97
2022.03.04 00:23:44.290,1.10317,1.10321,1.35,0.54
2022.03.04 00:23:44.393,1.10317,1.1032,1.35,1.35
2022.03.04 00:23:44.495,1.10314,1.1032,0.12,1.44
2022.03.04 00:23:45.486,1.10314,1.10319,0.31,0.45
2022.03.04 00:23:45.589,1.10314,1.1032,0.12,1.44
2022.03.04 00:23:45.691,1.10314,1.10318,2.79,0.12
2022.03.04 00:23:46.025,1.10315,1.1032,0.12,0.90
2022.03.04 00:23:46.280,1.10314,1.10318,0.12,0.45
2022.03.04 00:23:46.382,1.10313,1.10315,0.31,1.12
2022.03.04 00:23:46.434,1.1031,1.10314,1.44,0.90
2022.03.04 00:23:46.485,1.10313,1.10315,0.12,0.90
2022.03.04 00:23:46.588,1.10313,1.10318,0.45,0.12
2022.03.04 00:23:46.945,1.10314,1.10318,0.45,0.12
2022.03.04 00:23:47.098,1.10314,1.1032,0.54,0.90
2022.03.04 00:23:47.149,1.10312,1.10317,0.45,0.90
2022.03.04 00:23:47.252,1.10313,1.10319,0.45,2.79
2022.03.04 00:23:47.554,1.10313,1.10318,0.45,0.45
2022.03.04 00:23:47.606,1.1031,1.10314,1.35,2.02
2022.03.04 00:23:47.708,1.1031,1.10313,0.54,1.12
2022.03.04 00:23:47.810,1.10311,1.10315,0.12,0.90
2022.03.04 00:23:48.225,1.10313,1.10318,0.45,3.42
2022.03.04 00:23:48.327,1.10314,1.10318,0.45,0.12
2022.03.04 00:23:48.472,1.10312,1.10315,0.54,0.90
2022.03.04 00:23:48.523,1.10313,1.10317,0.12,0.90
2022.03.04 00:23:48.626,1.10311,1.10317,0.54,0.99
2022.03.04 00:23:49.068,1.10309,1.10311,2.70,0.45
2022.03.04 00:23:49.120,1.10306,1.10311,1.57,3.46
2022.03.04 00:23:49.273,1.10305,1.10309,2.25,0.12
2022.03.04 00:23:49.376,1.10306,1.10311,1.44,0.90
2022.03.04 00:23:49.478,1.10305,1.10311,0.54,0.99
2022.03.04 00:23:49.682,1.10308,1.10312,0.45,0.12
2022.03.04 00:23:49.785,1.10308,1.10311,0.45,0.22
2022.03.04 00:23:49.887,1.10308,1.10312,0.45,0.12
2022.03.04 00:23:49.938,1.1031,1.10313,0.45,1.44
2022.03.04 00:23:49.990,1.10307,1.10311,0.12,2.70
2022.03.04 00:23:50.092,1.10306,1.10311,1.35,1.89
2022.03.04 00:23:50.535,1.10309,1.10314,0.45,0.99
2022.03.04 00:23:50.638,1.10307,1.10313,0.99,1.57
2022.03.04 00:23:50.960,1.10307,1.10312,0.45,2.02
2022.03.04 00:23:51.062,1.10306,1.10311,0.12,0.99
2022.03.04 00:23:51.266,1.10306,1.1031,0.45,0.90
2022.03.04 00:23:51.368,1.10306,1.10311,0.45,0.90
2022.03.04 00:23:51.471,1.10305,1.10309,0.45,0.99
2022.03.04 00:23:51.573,1.10304,1.1031,1.89,0.12
2022.03.04 00:23:51.675,1.10304,1.10309,0.12,0.90
2022.03.04 00:23:51.829,1.10301,1.10306,1.44,5.49
2022.03.04 00:23:51.931,1.10302,1.10306,0.45,0.45
2022.03.04 00:23:52.041,1.10301,1.10305,0.45,0.12
2022.03.04 00:23:52.092,1.10298,1.10303,0.99,0.12
2022.03.04 00:23:52.194,1.10299,1.10304,0.99,0.54
2022.03.04 00:23:52.500,1.103,1.10305,1.89,0.99
2022.03.04 00:23:52.552,1.10302,1.10307,1.89,0.99
2022.03.04 00:23:52.654,1.103,1.10305,1.80,0.99
2022.03.04 00:23:52.756,1.10302,1.10305,0.54,0.90
2022.03.04 00:23:52.859,1.103,1.10302,1.35,0.45
2022.03.04 00:23:52.910,1.10298,1.10301,2.25,1.35
2022.03.04 00:23:53.063,1.10299,1.10304,1.35,0.12
2022.03.04 00:23:53.217,1.10299,1.10305,1.89,2.02
2022.03.04 00:23:53.370,1.10299,1.10304,1.44,0.12
2022.03.04 00:23:53.472,1.103,1.10304,0.99,0.45
2022.03.04 00:23:53.575,1.10296,1.10298,1.80,0.90
2022.03.04 00:23:53.626,1.10277,1.10279,4.87,0.12
2022.03.04 00:23:53.780,1.10276,1.10279,4.36,1.80
2022.03.04 00:23:53.831,1.10273,1.10276,0.90,2.70
2022.03.04 00:23:53.985,1.10256,1.10258,0.99,0.90
2022.03.04 00:23:54.036,1.10259,1.10261,2.47,2.25
2022.03.04 00:23:54.139,1.10259,1.10261,1.35,0.45
2022.03.04 00:23:54.190,1.10258,1.10263,0.45,1.75
2022.03.04 00:23:54.241,1.10257,1.1026,1.35,0.45
2022.03.04 00:23:54.293,1.10257,1.10263,1.35,0.90
2022.03.04 00:23:54.344,1.10255,1.10261,0.54,0.90
2022.03.04 00:23:54.446,1.10258,1.10263,0.45,0.12
2022.03.04 00:23:54.549,1.10258,1.10266,0.54,4.00
2022.03.04 00:23:54.651,1.10262,1.10268,0.45,2.43
2022.03.04 00:23:54.754,1.10263,1.10268,0.45,2.43
2022.03.04 00:23:54.856,1.10262,1.10267,0.45,0.90
2022.03.04 00:23:54.959,1.10262,1.10269,0.45,0.45
2022.03.04 00:23:55.061,1.10263,1.10269,0.54,0.45
2022.03.04 00:23:55.163,1.10263,1.10268,0.54,0.90
2022.03.04 00:23:55.272,1.10263,1.10269,0.54,0.90
2022.03.04 00:23:55.553,1.10262,1.10267,0.45,0.45
2022.03.04 00:23:55.656,1.10264,1.10269,1.35,3.15
2022.03.04 00:23:55.707,1.10269,1.10271,0.22,2.43
2022.03.04 00:23:55.810,1.10272,1.10277,0.45,2.70
2022.03.04 00:23:55.912,1.10272,1.10276,0.45,2.43
2022.03.04 00:23:56.014,1.10273,1.10276,0.12,2.43
2022.03.04 00:23:56.066,1.10276,1.10279,0.45,1.80
2022.03.04 00:23:56.117,1.10271,1.10274,1.57,0.90
2022.03.04 00:23:56.220,1.10271,1.10277,0.45,0.12
2022.03.04 00:23:56.271,1.10268,1.10273,0.54,0.90
2022.03.04 00:23:56.374,1.10267,1.10274,0.54,1.80
2022.03.04 00:23:56.476,1.10266,1.10273,0.45,0.99
2022.03.04 00:23:56.578,1.10267,1.10274,0.45,1.66
2022.03.04 00:23:56.782,1.10265,1.10271,0.76,2.25
2022.03.04 00:23:56.885,1.10268,1.10272,0.54,0.45
2022.03.04 00:23:56.987,1.10274,1.10276,0.76,1.35
2022.03.04 00:23:57.090,1.10275,1.1028,1.35,0.90
2022.03.04 00:23:57.141,1.10277,1.1028,0.45,0.90
2022.03.04 00:23:57.193,1.10279,1.10283,0.45,4.50
2022.03.04 00:23:57.300,1.1028,1.10283,0.45,1.80
2022.03.04 00:23:57.352,1.10278,1.10284,1.89,1.35
2022.03.04 00:23:57.403,1.10282,1.10287,1.35,0.90
2022.03.04 00:23:57.506,1.10281,1.10283,0.12,1.80
2022.03.04 00:23:57.609,1.10282,1.10287,0.67,0.45
2022.03.04 00:23:57.712,1.10285,1.10288,0.12,0.90
2022.03.04 00:23:57.763,1.10286,1.10291,0.45,1.80
2022.03.04 00:23:57.916,1.10287,1.10291,0.45,0.90
2022.03.04 00:23:57.968,1.10288,1.10292,1.66,0.90
2022.03.04 00:23:58.454,1.10287,1.10292,0.45,0.90
2022.03.04 00:23:58.556,1.10285,1.10291,3.01,0.90
2022.03.04 00:23:58.710,1.10283,1.10288,0.12,0.90
2022.03.04 00:23:58.914,1.10285,1.1029,0.90,0.90
2022.03.04 00:23:59.017,1.10285,1.10289,1.44,1.80
2022.03.04 00:23:59.332,1.10283,1.10285,1.35,1.80
2022.03.04 00:23:59.383,1.10277,1.1028,4.59,0.90
2022.03.04 00:23:59.434,1.10279,1.10281,1.35,1.80
2022.03.04 00:23:59.588,1.10272,1.10276,0.45,1.35
2022.03.04 00:23:59.639,1.10267,1.10269,4.59,0.90
2022.03.04 00:23:59.793,1.10264,1.10267,2.70,0.90
2022.03.04 00:23:59.895,1.10262,1.10267,0.45,0.90
2022.03.04 00:23:59.997,1.10262,1.10268,0.45,0.99
2022.03.04 00:24:00.100,1.10263,1.10268,0.45,0.90
2022.03.04 00:24:00.151,1.10265,1.1027,0.45,1.35
2022.03.04 00:24:00.253,1.10263,1.10268,0.54,1.80
2022.03.04 00:24:00.356,1.10263,1.10267,0.45,0.12
2022.03.04 00:24:00.407,1.10264,1.10269,0.54,0.12
2022.03.04 00:24:00.510,1.10262,1.10268,4.59,0.90
2022.03.04 00:24:00.612,1.10264,1.10269,0.54,1.44
2022.03.04 00:24:00.715,1.10271,1.10273,0.45,2.43
2022.03.04 00:24:00.868,1.10276,1.1028,0.67,0.12
2022.03.04 00:24:00.971,1.10277,1.10279,0.90,1.80
2022.03.04 00:24:01.023,1.10276,1.10281,0.45,0.90
2022.03.04 00:24:01.125,1.10275,1.10281,1.44,0.90
2022.03.04 00:24:01.228,1.10279,1.10283,0.45,0.12
2022.03.04 00:24:01.331,1.10278,1.10285,1.44,1.80
2022.03.04 00:24:01.433,1.1028,1.10285,0.45,1.35
2022.03.04 00:24:01.637,1.10278,1.10285,2.11,1.35
2022.03.04 00:24:01.689,1.10274,1.10276,4.50,0.90
2022.03.04 00:24:01.842,1.10271,1.10274,1.35,1.35
2022.03.04 00:24:01.944,1.10268,1.10272,0.99,0.90
2022.03.04 00:24:02.301,1.10269,1.10274,0.45,0.99
2022.03.04 00:24:02.778,1.10273,1.10276,0.45,2.79
2022.03.04 00:24:02.880,1.10273,1.10277,1.80,3.42
2022.03.04 00:24:02.982,1.10274,1.1028,0.22,2.79
2022.03.04 00:24:03.085,1.1027,1.10275,3.69,0.90
2022.03.04 00:24:03.187,1.10269,1.10275,2.34,3.69
2022.03.04 00:24:03.340,1.10269,1.10274,0.54,0.90
2022.03.04 00:24:04.052,1.10268,1.10272,0.45,1.35
2022.03.04 00:24:04.154,1.10267,1.10271,1.35,0.90
2022.03.04 00:24:04.280,1.10266,1.10271,0.90,2.02
2022.03.04 00:24:04.382,1.10265,1.1027,1.57,0.90
2022.03.04 00:24:04.688,1.10264,1.10269,1.80,0.90
2022.03.04 00:24:04.893,1.10262,1.10268,0.99,0.90
2022.03.04 00:24:04.995,1.10261,1.10267,1.44,3.60
2022.03.04 00:24:05.098,1.1026,1.10266,3.46,0.90
2022.03.04 00:24:05.404,1.10259,1.10265,0.45,2.79
2022.03.04 00:24:05.506,1.10259,1.10264,0.54,0.90
2022.03.04 00:24:05.608,1.1026,1.10266,0.99,1.80
2022.03.04 00:24:05.711,1.10261,1.10267,0.45,0.99
2022.03.04 00:24:05.813,1.10263,1.10267,0.45,0.99
2022.03.04 00:24:06.169,1.10262,1.10267,0.45,0.90
2022.03.04 00:24:06.271,1.10261,1.10267,0.54,1.80
2022.03.04 00:24:06.323,1.10259,1.10263,0.12,0.90
2022.03.04 00:24:06.426,1.10258,1.10261,1.35,1.89
2022.03.04 00:24:06.528,1.10254,1.1026,0.54,0.99
2022.03.04 00:24:06.935,1.10255,1.1026,0.45,0.99
2022.03.04 00:24:07.038,1.10256,1.1026,0.45,0.12
2022.03.04 00:24:07.140,1.10256,1.10262,1.44,2.43
2022.03.04 00:24:07.242,1.10258,1.10262,0.45,1.44
2022.03.04 00:24:07.700,1.10261,1.10265,0.22,0.90
2022.03.04 00:24:07.752,1.10259,1.10264,0.54,0.90
2022.03.04 00:24:07.854,1.10261,1.10266,0.45,1.44
2022.03.04 00:24:08.109,1.10261,1.10267,0.45,0.90
2022.03.04 00:24:08.262,1.10262,1.10267,0.45,0.90
2022.03.04 00:24:08.424,1.10262,1.10268,0.45,1.44
2022.03.04 00:24:08.831,1.10265,1.1027,0.45,1.44
2022.03.04 00:24:09.209,1.10264,1.1027,0.12,1.44
2022.03.04 00:24:09.567,1.10268,1.10274,1.89,3.87
2022.03.04 00:24:09.670,1.1027,1.10274,1.21,2.43
2022.03.04 00:24:09.721,1.10271,1.10277,1.89,0.12
2022.03.04 00:24:09.824,1.10272,1.10278,0.12,3.87
2022.03.04 00:24:10.567,1.10274,1.10279,0.12,0.90
2022.03.04 00:24:10.771,1.10276,1.1028,1.35,1.89
2022.03.04 00:24:10.874,1.1028,1.10283,0.45,2.43
2022.03.04 00:24:10.976,1.10282,1.10288,0.54,2.34
2022.03.04 00:24:11.434,1.10283,1.10288,0.45,0.99
2022.03.04 00:24:13.272,1.10283,1.10289,0.45,1.80
2022.03.04 00:24:13.381,1.10282,1.10289,2.79,2.70
2022.03.04 00:24:13.483,1.10282,1.10288,0.54,0.90
2022.03.04 00:24:14.053,1.10288,1.10291,0.45,1.66
2022.03.04 00:24:14.156,1.10289,1.10292,0.76,0.90
2022.03.04 00:24:14.258,1.1029,1.10294,0.45,3.78
2022.03.04 00:24:14.309,1.10294,1.10297,0.90,2.43
2022.03.04 00:24:14.412,1.10295,1.10297,0.45,2.43
2022.03.04 00:24:14.463,1.10293,1.10297,1.66,2.43
2022.03.04 00:24:14.515,1.10294,1.10299,0.54,0.90
2022.03.04 00:24:14.566,1.10296,1.10299,2.02,0.90
2022.03.04 00:24:14.720,1.10295,1.10299,0.54,0.22
2022.03.04 00:24:14.873,1.10297,1.10299,0.90,2.25
2022.03.04 00:24:14.975,1.10297,1.103,2.79,0.45
2022.03.04 00:24:15.027,1.10302,1.10305,3.15,0.90
2022.03.04 00:24:15.129,1.10303,1.10306,2.34,2.43
2022.03.04 00:24:15.181,1.10305,1.10308,0.45,1.12
2022.03.04 00:24:15.334,1.10306,1.1031,0.45,3.64
2022.03.04 00:24:15.436,1.10305,1.1031,0.45,1.66
2022.03.04 00:24:15.590,1.10303,1.10306,0.99,0.22
2022.03.04 00:24:15.692,1.10302,1.10304,1.35,0.54
2022.03.04 00:24:15.795,1.103,1.10305,0.54,0.54
2022.03.04 00:24:15.897,1.10301,1.10305,0.45,0.76
2022.03.04 00:24:16.151,1.103,1.10305,0.54,0.76
2022.03.04 00:24:16.254,1.103,1.10304,0.45,0.12
2022.03.04 00:24:17.072,1.10301,1.10304,0.54,0.76
2022.03.04 00:24:17.175,1.10303,1.10306,0.45,0.12
2022.03.04 00:24:17.277,1.10303,1.10309,0.45,1.66
2022.03.04 00:24:17.328,1.10307,1.10309,0.45,1.44
2022.03.04 00:24:17.482,1.10307,1.10311,0.45,0.12
2022.03.04 00:24:17.584,1.10308,1.10313,0.45,3.42
2022.03.04 00:24:17.635,1.10311,1.10313,0.54,2.43
2022.03.04 00:24:17.687,1.10313,1.10317,0.45,1.21
2022.03.04 00:24:17.789,1.10314,1.10318,0.45,2.43
2022.03.04 00:24:17.892,1.10316,1.10321,0.45,0.12
2022.03.04 00:24:17.994,1.10318,1.10322,0.45,0.99
2022.03.04 00:24:18.401,1.10316,1.1032,0.45,0.99
2022.03.04 00:24:18.453,1.10313,1.10316,1.35,0.99
2022.03.04 00:24:18.504,1.1031,1.10312,0.12,0.90
2022.03.04 00:24:18.607,1.10309,1.10311,1.35,1.89
2022.03.04 00:24:18.709,1.10305,1.1031,1.44,0.12
2022.03.04 00:24:18.761,1.10305,1.10308,0.12,1.80
2022.03.04 00:24:18.812,1.10303,1.10308,2.56,0.12
2022.03.04 00:24:18.915,1.10302,1.10308,0.45,1.97
2022.03.04 00:24:19.271,1.10304,1.10309,0.99,0.12
2022.03.04 00:24:19.548,1.10305,1.10309,0.45,0.12
2022.03.04 00:24:19.747,1.10305,1.1031,0.54,0.99
2022.03.04 00:24:19.950,1.10305,1.10309,0.45,0.12
2022.03.04 00:24:20.053,1.10304,1.10309,0.12,0.99
2022.03.04 00:24:20.104,1.10302,1.10309,2.79,0.99
2022.03.04 00:24:20.206,1.10302,1.10308,1.35,0.12
2022.03.04 00:24:20.607,1.10302,1.10307,0.45,0.12
2022.03.04 00:24:20.713,1.10302,1.10308,0.45,2.11
2022.03.04 00:24:20.894,1.10302,1.10307,0.45,0.22
2022.03.04 00:24:20.997,1.10302,1.10308,0.45,2.11
2022.03.04 00:24:21.099,1.10304,1.10309,0.54,0.99
2022.03.04 00:24:21.303,1.10303,1.10307,0.12,2.02
2022.03.04 00:24:21.406,1.10301,1.10305,1.35,0.12
2022.03.04 00:24:21.508,1.10301,1.10304,0.99,0.12
2022.03.04 00:24:23.986,1.10299,1.10304,1.89,0.12
2022.03.04 00:24:24.525,1.10304,1.10306,0.67,0.54
2022.03.04 00:24:24.577,1.10304,1.10308,1.89,0.45
2022.03.04 00:24:24.628,1.10307,1.10309,0.12,2.43
2022.03.04 00:24:24.730,1.10307,1.10311,0.99,4.50
2022.03.04 00:24:24.782,1.10307,1.10313,0.99,1.35
2022.03.04 00:24:24.833,1.10309,1.10314,0.99,0.99
2022.03.04 00:24:24.935,1.1031,1.10315,0.12,0.99
2022.03.04 00:24:25.038,1.10308,1.10311,1.35,1.89
2022.03.04 00:24:25.141,1.10305,1.1031,0.54,0.12
2022.03.04 00:24:25.243,1.10306,1.10311,0.12,0.99
2022.03.04 00:24:25.345,1.10305,1.1031,0.54,2.34
2022.03.04 00:24:25.702,1.10304,1.10309,0.54,0.12
2022.03.04 00:24:25.805,1.10302,1.10305,1.35,0.90
2022.03.04 00:24:25.958,1.10299,1.10302,0.90,0.90
2022.03.04 00:24:26.061,1.10297,1.103,1.35,0.67
2022.03.04 00:24:26.112,1.10294,1.10296,0.22,0.90
2022.03.04 00:24:26.164,1.10297,1.10299,1.35,1.89
2022.03.04 00:24:26.215,1.10292,1.10297,3.24,1.12
2022.03.04 00:24:27.380,1.10292,1.10296,0.99,2.79
2022.03.04 00:24:27.483,1.1029,1.10296,0.54,1.89
2022.03.04 00:24:27.585,1.10289,1.10295,1.89,1.66
2022.03.04 00:24:27.687,1.10289,1.10294,0.54,0.90
2022.03.04 00:24:28.105,1.10289,1.10293,0.12,0.90
2022.03.04 00:24:28.208,1.10288,1.10293,0.99,0.90
2022.03.04 00:24:28.767,1.10287,1.10292,0.54,0.90
2022.03.04 00:24:29.151,1.10288,1.10292,0.45,1.35
2022.03.04 00:24:29.203,1.10286,1.10289,0.12,0.99
2022.03.04 00:24:29.305,1.10284,1.10289,2.34,0.99
2022.03.04 00:24:29.357,1.10282,1.10288,0.54,1.44
2022.03.04 00:24:29.459,1.10282,1.10287,0.12,0.90
2022.03.04 00:24:29.714,1.1028,1.10285,0.54,0.90
2022.03.04 00:24:29.816,1.10279,1.10285,0.12,2.79
2022.03.04 00:24:29.918,1.10278,1.10284,0.54,0.99
2022.03.04 00:24:30.071,1.10277,1.10283,0.54,0.99
2022.03.04 00:24:30.174,1.10277,1.10282,0.12,0.90
2022.03.04 00:24:30.536,1.10279,1.10284,1.44,0.99
2022.03.04 00:24:30.638,1.10281,1.10287,0.45,3.42
2022.03.04 00:24:30.741,1.10281,1.10286,0.90,0.90
2022.03.04 00:24:30.843,1.10282,1.10286,0.45,0.90
2022.03.04 00:24:30.946,1.10282,1.10287,0.54,0.90
2022.03.04 00:24:31.048,1.10281,1.10286,0.54,0.90
2022.03.04 00:24:32.068,1.10282,1.10287,0.99,0.90
2022.03.04 00:24:32.170,1.10284,1.10286,0.45,0.90
2022.03.04 00:24:32.221,1.10285,1.1029,0.54,3.42
2022.03.04 00:24:32.324,1.10286,1.1029,0.45,0.99
2022.03.04 00:24:32.426,1.10286,1.10291,0.54,0.99
2022.03.04 00:24:36.461,1.10289,1.10294,0.90,1.89
2022.03.04 00:24:36.563,1.1029,1.10294,0.12,0.90
2022.03.04 00:24:36.665,1.1029,1.10295,0.12,0.99
2022.03.04 00:24:36.768,1.10288,1.10291,0.12,0.12
2022.03.04 00:24:36.870,1.10286,1.10292,2.34,0.90
2022.03.04 00:24:37.074,1.10285,1.10291,0.99,0.90
2022.03.04 00:24:38.099,1.10286,1.10291,0.45,0.90
2022.03.04 00:24:38.214,1.10286,1.10292,0.90,0.99
2022.03.04 00:24:38.317,1.10287,1.10292,0.54,0.90
2022.03.04 00:24:38.419,1.1029,1.10295,0.45,3.87
2022.03.04 00:24:38.532,1.10291,1.10296,0.45,0.99
2022.03.04 00:24:38.736,1.1029,1.10295,0.12,0.90
2022.03.04 00:24:38.838,1.1029,1.10296,0.54,0.99
2022.03.04 00:24:38.940,1.10289,1.10295,0.54,0.99
2022.03.04 00:24:39.043,1.1029,1.10296,0.54,0.99
2022.03.04 00:24:39.196,1.10291,1.10297,0.54,0.99
2022.03.04 00:24:39.400,1.10291,1.10295,0.54,0.90
2022.03.04 00:24:41.040,1.10291,1.10296,2.34,0.90
2022.03.04 00:24:41.193,1.10297,1.10299,0.90,0.99
2022.03.04 00:24:41.295,1.10298,1.103,0.45,2.43
2022.03.04 00:24:41.347,1.10302,1.10304,1.21,2.43
2022.03.04 00:24:41.398,1.10305,1.10307,0.45,0.90
2022.03.04 00:24:41.450,1.10306,1.10309,0.90,0.99
2022.03.04 00:24:41.552,1.10306,1.10308,0.45,0.99
2022.03.04 00:24:41.960,1.10302,1.10306,0.12,0.90
2022.03.04 00:24:42.980,1.103,1.10304,1.89,0.90
2022.03.04 00:24:43.082,1.10299,1.10302,0.99,1.80
2022.03.04 00:24:43.134,1.10297,1.10299,4.72,0.90
2022.03.04 00:24:43.237,1.10295,1.103,0.54,1.44
2022.03.04 00:24:43.390,1.10296,1.10299,0.45,0.90
2022.03.04 00:24:43.492,1.10295,1.10299,0.12,0.90
2022.03.04 00:24:43.895,1.10294,1.10298,0.12,0.90
2022.03.04 00:24:43.997,1.10291,1.10293,1.35,0.90
2022.03.04 00:24:44.099,1.1029,1.10293,0.12,0.90
2022.03.04 00:24:44.202,1.10289,1.10292,0.12,0.90
2022.03.04 00:24:44.304,1.10287,1.10291,1.44,0.90
2022.03.04 00:24:44.355,1.1029,1.10291,0.12,0.90
2022.03.04 00:24:44.508,1.10288,1.1029,0.99,0.90
2022.03.04 00:24:44.972,1.10287,1.10292,0.12,0.90
2022.03.04 00:24:45.233,1.10289,1.10292,0.45,0.90
2022.03.04 00:24:45.336,1.10292,1.10294,0.45,0.90
2022.03.04 00:24:45.438,1.10293,1.10294,0.45,0.90
2022.03.04 00:24:45.549,1.10292,1.10296,0.45,0.90
2022.03.04 00:24:47.544,1.10291,1.10296,0.12,0.90
2022.03.04 00:24:49.380,1.1029,1.10294,0.12,0.90
2022.03.04 00:24:49.482,1.10289,1.10293,1.44,0.90
2022.03.04 00:24:49.534,1.10287,1.10292,0.12,0.90
2022.03.04 00:24:49.737,1.10286,1.10292,0.76,0.90
2022.03.04 00:24:49.883,1.10287,1.10292,0.45,0.90
2022.03.04 00:24:50.503,1.10288,1.10292,0.45,0.90
2022.03.04 00:24:51.057,1.10289,1.10292,0.12,0.90
2022.03.04 00:24:51.160,1.10288,1.10292,0.45,0.90
2022.03.04 00:24:51.262,1.10287,1.10292,0.54,0.90
2022.03.04 00:24:52.555,1.10293,1.10295,1.12,1.12
2022.03.04 00:24:52.657,1.10294,1.10296,2.70,2.43
2022.03.04 00:24:52.709,1.10296,1.10298,0.12,4.50
2022.03.04 00:24:52.811,1.10297,1.10301,0.45,0.99
2022.03.04 00:24:53.014,1.103,1.10301,0.45,0.90
2022.03.04 00:24:53.353,1.10301,1.10302,0.54,0.90
2022.03.04 00:24:53.473,1.10299,1.10303,0.54,0.90
2022.03.04 00:24:53.575,1.10298,1.10301,0.54,0.90
2022.03.04 00:24:54.272,1.10297,1.10301,0.45,0.90
2022.03.04 00:24:57.131,1.10295,1.10299,0.54,0.90
2022.03.04 00:24:57.234,1.10294,1.10298,1.89,0.90
2022.03.04 00:24:57.336,1.10293,1.10295,0.99,0.90
2022.03.04 00:24:58.913,1.10287,1.10289,7.20,0.45
2022.03.04 00:24:59.015,1.10283,1.10287,0.54,0.22
2022.03.04 00:24:59.067,1.10282,1.10285,0.12,0.90
2022.03.04 00:24:59.169,1.10283,1.10285,0.99,0.90
2022.03.04 00:25:00.293,1.10285,1.10287,0.54,0.90
2022.03.04 00:25:00.548,1.10283,1.10287,0.12,0.90
2022.03.04 00:25:00.651,1.10282,1.10287,0.45,0.90
2022.03.04 00:25:00.753,1.1028,1.10285,0.99,0.99
2022.03.04 00:25:01.918,1.1028,1.10284,0.54,0.90
2022.03.04 00:25:02.373,1.10283,1.10287,0.54,0.90
2022.03.04 00:25:02.475,1.10285,1.10288,0.54,2.43
2022.03.04 00:25:02.577,1.10287,1.10292,0.54,0.99
2022.03.04 00:25:03.480,1.10289,1.10293,0.45,0.99
2022.03.04 00:25:03.633,1.1029,1.10295,0.54,0.99
2022.03.04 00:25:03.735,1.1029,1.10294,0.12,0.90
2022.03.04 00:25:03.939,1.10289,1.10294,0.12,0.99
2022.03.04 00:25:03.990,1.10287,1.10291,0.12,0.90
2022.03.04 00:25:04.469,1.10285,1.10291,0.99,0.90
2022.03.04 00:25:04.749,1.10288,1.10292,0.45,0.90
2022.03.04 00:25:04.852,1.10282,1.10284,4.35,0.87
2022.03.04 00:25:04.954,1.10281,1.10284,4.50,0.90
2022.03.04 00:25:05.057,1.10279,1.10284,3.01,0.99
2022.03.04 00:25:05.350,1.1028,1.10284,0.12,0.90
2022.03.04 00:25:06.721,1.1028,1.10285,0.12,0.99
2022.03.04 00:25:06.824,1.10278,1.10282,1.44,1.80
2022.03.04 00:25:06.926,1.10278,1.1028,1.35,0.99
2022.03.04 00:25:06.978,1.10274,1.10279,0.99,0.99
2022.03.04 00:25:07.389,1.10275,1.10279,0.12,0.90
2022.03.04 00:25:07.491,1.10276,1.1028,0.31,0.90
2022.03.04 00:25:07.543,1.10279,1.10282,0.12,2.43
2022.03.04 00:25:07.594,1.10279,1.10284,0.12,0.99
2022.03.04 00:25:09.386,1.10275,1.1028,1.66,0.99
2022.03.04 00:25:09.489,1.10275,1.10278,0.12,0.12
2022.03.04 00:25:09.591,1.10273,1.10276,1.35,0.99
2022.03.04 00:25:09.693,1.1027,1.10276,1.21,0.90
2022.03.04 00:25:10.202,1.1027,1.10275,0.12,0.90
2022.03.04 00:25:10.508,1.10272,1.10275,0.12,0.90
2022.03.04 00:25:10.560,1.10269,1.10274,0.99,0.12
2022.03.04 00:25:13.957,1.10267,1.10271,0.12,0.90
2022.03.04 00:25:14.110,1.10265,1.10271,3.24,0.90
2022.03.04 00:25:14.162,1.10267,1.10271,0.12,0.90
2022.03.04 00:25:18.475,1.10266,1.10269,0.12,0.45
2022.03.04 00:25:18.577,1.10264,1.10269,0.12,1.44
2022.03.04 00:25:18.679,1.10263,1.10268,0.12,1.44
2022.03.04 00:25:20.226,1.10265,1.10269,0.45,0.99
2022.03.04 00:25:20.328,1.10268,1.10271,0.90,0.90
2022.03.04 00:25:20.430,1.10269,1.10272,0.45,2.43
2022.03.04 00:25:20.532,1.10268,1.10273,0.54,0.99
2022.03.04 00:25:20.686,1.10266,1.10269,0.45,3.69
2022.03.04 00:25:20.788,1.10266,1.10268,1.57,0.99
2022.03.04 00:25:20.890,1.10264,1.10269,1.21,0.99
2022.03.04 00:25:21.145,1.10262,1.10264,0.90,1.80
2022.03.04 00:25:21.247,1.10261,1.10264,1.35,0.90
2022.03.04 00:25:21.299,1.10259,1.10264,0.99,0.99
2022.03.04 00:25:21.409,1.10257,1.1026,1.80,1.80
2022.03.04 00:25:21.511,1.10256,1.10258,0.12,0.90
2022.03.04 00:25:21.614,1.10254,1.10259,0.54,0.99
2022.03.04 00:25:21.767,1.10253,1.10258,0.54,0.99
2022.03.04 00:25:22.276,1.10252,1.10257,0.54,0.12
2022.03.04 00:25:22.478,1.10251,1.10254,0.54,3.69
2022.03.04 00:25:22.682,1.10249,1.10254,0.99,0.99
2022.03.04 00:25:22.785,1.10247,1.1025,0.90,0.99
2022.03.04 00:25:22.887,1.10247,1.10252,0.12,3.69
2022.03.04 00:25:22.938,1.10245,1.10249,0.12,0.90
2022.03.04 00:25:22.990,1.10237,1.1024,4.50,1.53
2022.03.04 00:25:23.042,1.10228,1.10231,0.90,0.90
2022.03.04 00:25:23.163,1.10216,1.10219,4.50,0.90
2022.03.04 00:25:23.215,1.10221,1.10223,0.67,0.12
2022.03.04 00:25:23.266,1.10217,1.10219,0.45,0.31
2022.03.04 00:25:23.318,1.10214,1.10217,0.12,0.90
2022.03.04 00:25:23.369,1.10219,1.10221,0.45,0.45
2022.03.04 00:25:23.472,1.10223,1.10226,0.90,1.12
2022.03.04 00:25:23.575,1.10224,1.10227,1.66,2.25
2022.03.04 00:25:23.626,1.10225,1.1023,0.12,0.90
2022.03.04 00:25:23.728,1.10227,1.10231,0.45,0.90
2022.03.04 00:25:23.831,1.10228,1.10231,0.45,0.12
2022.03.04 00:25:23.882,1.10231,1.10235,0.45,0.90
2022.03.04 00:25:23.934,1.10233,1.10236,2.70,0.90
2022.03.04 00:25:24.036,1.10236,1.1024,0.45,0.12
2022.03.04 00:25:24.138,1.1024,1.10242,1.95,0.90
2022.03.04 00:25:24.190,1.10244,1.10247,0.67,0.12
2022.03.04 00:25:24.241,1.10246,1.10249,0.45,0.76
2022.03.04 00:25:24.344,1.10244,1.1025,1.35,3.64
2022.03.04 00:25:24.446,1.10245,1.10248,0.45,0.90
2022.03.04 00:25:24.549,1.10244,1.10248,0.45,0.90
2022.03.04 00:25:24.600,1.10241,1.10246,1.80,0.45
2022.03.04 00:25:24.703,1.1024,1.10245,1.35,0.12
2022.03.04 00:25:24.754,1.10237,1.1024,2.47,3.19
2022.03.04 00:25:24.806,1.10233,1.10238,4.50,2.02
2022.03.04 00:25:24.857,1.10233,1.10235,4.50,1.89
2022.03.04 00:25:24.909,1.1023,1.10233,1.35,1.12
2022.03.04 00:25:25.062,1.10226,1.10232,0.90,0.90
2022.03.04 00:25:25.165,1.10227,1.1023,0.90,0.90
2022.03.04 00:25:25.267,1.10225,1.10231,1.35,0.90
2022.03.04 00:25:26.146,1.10226,1.10231,0.45,0.90
2022.03.04 00:25:26.862,1.10226,1.10232,1.80,0.99
2022.03.04 00:25:26.967,1.10227,1.10232,0.90,0.12
2022.03.04 00:25:27.069,1.10229,1.10234,0.54,0.54
2022.03.04 00:25:27.171,1.10228,1.10233,0.45,0.12
2022.03.04 00:25:27.274,1.10227,1.10233,1.35,0.12
2022.03.04 00:25:27.376,1.10227,1.10232,0.90,0.12
2022.03.04 00:25:27.488,1.10226,1.10232,1.35,0.12
2022.03.04 00:25:27.767,1.10225,1.1023,0.54,0.12
2022.03.04 00:25:27.920,1.10226,1.10231,0.54,0.12
2022.03.04 00:25:28.125,1.10228,1.10233,1.44,0.12
2022.03.04 00:25:28.227,1.10224,1.10226,1.35,0.90
2022.03.04 00:25:28.279,1.10224,1.10228,1.35,0.99
2022.03.04 00:25:28.331,1.10224,1.10226,1.35,2.34
2022.03.04 00:25:28.382,1.10219,1.10224,1.44,0.99
2022.03.04 00:25:28.485,1.10217,1.10222,2.25,0.12
2022.03.04 00:25:28.639,1.10216,1.10222,0.99,0.31
2022.03.04 00:25:28.741,1.10216,1.1022,1.44,0.99
2022.03.04 00:25:28.946,1.10213,1.10219,2.34,0.99
2022.03.04 00:25:29.099,1.10213,1.10216,0.90,1.80
2022.03.04 00:25:29.150,1.10211,1.10215,1.35,1.80
2022.03.04 00:25:29.253,1.10209,1.10215,1.89,1.89
2022.03.04 00:25:29.894,1.10209,1.10212,0.90,2.92
2022.03.04 00:25:29.996,1.10208,1.1021,1.35,0.54
2022.03.04 00:25:30.098,1.10206,1.10209,1.35,0.54
2022.03.04 00:25:30.314,1.10206,1.10212,0.76,2.34
2022.03.04 00:25:30.367,1.10204,1.10209,1.44,0.12
2022.03.04 00:25:30.472,1.10205,1.10209,0.90,0.12
2022.03.04 00:25:30.575,1.10206,1.1021,1.66,0.45
2022.03.04 00:25:30.629,1.10202,1.10205,1.35,0.90
2022.03.04 00:25:30.681,1.10203,1.10207,1.12,0.12
2022.03.04 00:25:30.845,1.10204,1.10207,0.90,0.12
2022.03.04 00:25:30.948,1.10206,1.1021,0.90,1.44
2022.03.04 00:25:31.101,1.10206,1.10211,1.57,0.54
2022.03.04 00:25:31.204,1.10211,1.10214,0.90,2.79
2022.03.04 00:25:31.306,1.10212,1.10214,0.90,0.90
2022.03.04 00:25:31.409,1.10213,1.10217,0.90,0.12
2022.03.04 00:25:31.511,1.10212,1.10217,1.35,1.89
2022.03.04 00:25:31.562,1.10212,1.10215,0.90,0.45
2022.03.04 00:25:31.665,1.10211,1.10215,0.90,0.12
2022.03.04 00:25:31.767,1.10212,1.10215,0.90,0.12
2022.03.04 00:25:31.920,1.10211,1.10215,0.90,0.12
2022.03.04 00:25:32.378,1.10215,1.10218,0.90,2.52
2022.03.04 00:25:32.481,1.10216,1.1022,1.35,0.54
2022.03.04 00:25:32.634,1.10219,1.1022,0.90,0.12
2022.03.04 00:25:32.685,1.1022,1.10224,0.45,2.43
2022.03.04 00:25:32.839,1.10226,1.10229,0.90,1.80
2022.03.04 00:25:32.941,1.10225,1.1023,1.89,2.43
2022.03.04 00:25:33.044,1.10225,1.10231,2.79,0.12
2022.03.04 00:25:33.146,1.10226,1.10232,0.99,0.12
2022.03.04 00:25:34.031,1.10225,1.10231,1.89,0.12
2022.03.04 00:25:34.285,1.10226,1.10232,0.12,0.99
2022.03.04 00:25:35.014,1.10232,1.10233,3.69,2.43
2022.03.04 00:25:35.117,1.10233,1.10234,3.82,4.45
2022.03.04 00:25:35.168,1.10234,1.10239,2.11,0.54
2022.03.04 00:25:35.271,1.10238,1.10242,1.80,3.33
2022.03.04 00:25:35.373,1.1024,1.10244,2.56,0.54
2022.03.04 00:25:35.476,1.10241,1.10246,0.90,0.12
2022.03.04 00:25:35.731,1.1024,1.10246,1.66,0.99
2022.03.04 00:25:36.581,1.10239,1.10244,3.01,1.35
2022.03.04 00:25:36.683,1.10237,1.10243,3.24,0.99
2022.03.04 00:25:36.785,1.10237,1.10242,1.44,0.90
2022.03.04 00:25:37.277,1.10236,1.10242,3.01,0.12
2022.03.04 00:25:37.379,1.10234,1.10238,2.25,0.12
2022.03.04 00:25:37.482,1.10235,1.1024,0.12,0.12
2022.03.04 00:25:37.533,1.10233,1.10238,1.21,0.12
2022.03.04 00:25:37.635,1.10233,1.10236,0.12,0.12
2022.03.04 00:25:37.738,1.10231,1.10236,1.21,0.12
2022.03.04 00:25:37.840,1.10232,1.10237,0.12,0.12
2022.03.04 00:25:38.044,1.10235,1.10239,1.35,0.54
2022.03.04 00:25:38.147,1.10238,1.10243,0.12,2.09
2022.03.04 00:25:38.198,1.1024,1.10244,0.99,2.43
2022.03.04 00:25:38.301,1.10243,1.10247,2.11,4.50
2022.03.04 00:25:38.353,1.10244,1.10249,2.11,2.52
2022.03.04 00:25:38.456,1.10245,1.10249,0.99,2.43
2022.03.04 00:25:38.508,1.10247,1.10251,0.90,0.12
2022.03.04 00:25:38.738,1.10246,1.10251,0.12,0.12
2022.03.04 00:25:39.149,1.10244,1.10249,3.60,0.99
2022.03.04 00:25:39.252,1.10244,1.10248,1.35,1.89
2022.03.04 00:25:39.355,1.1024,1.10245,4.95,0.99
2022.03.04 00:25:39.457,1.10238,1.10244,1.44,1.44
2022.03.04 00:25:40.221,1.10238,1.10243,1.35,0.12
2022.03.04 00:25:40.530,1.10238,1.10244,2.79,0.54
2022.03.04 00:25:40.734,1.10239,1.10245,0.12,0.12
2022.03.04 00:25:41.173,1.10241,1.10246,1.35,0.12
2022.03.04 00:25:41.275,1.10241,1.10247,0.99,0.12
2022.03.04 00:25:41.729,1.10245,1.10248,0.99,0.99
2022.03.04 00:25:41.832,1.10246,1.1025,0.12,2.43
2022.03.04 00:25:41.934,1.10247,1.10253,0.12,0.99
2022.03.04 00:25:42.493,1.10247,1.10252,0.12,0.45
2022.03.04 00:25:42.544,1.10245,1.10251,3.69,0.54
2022.03.04 00:25:43.081,1.10245,1.1025,0.45,0.12
2022.03.04 00:25:43.132,1.10244,1.10248,1.35,0.12
2022.03.04 00:25:43.235,1.10242,1.10246,1.35,0.12
2022.03.04 00:25:43.337,1.10242,1.10247,0.12,0.54
2022.03.04 00:25:45.007,1.10244,1.10249,1.44,0.12
2022.03.04 00:25:45.466,1.10245,1.1025,0.12,0.12
2022.03.04 00:25:45.619,1.10244,1.10249,1.44,0.99
2022.03.04 00:25:45.722,1.10245,1.10249,0.90,0.12
2022.03.04 00:25:45.773,1.10245,1.10251,0.90,0.12
2022.03.04 00:25:45.876,1.10247,1.10253,0.90,0.12
2022.03.04 00:25:46.080,1.10246,1.10253,0.99,4.09
2022.03.04 00:25:48.999,1.1025,1.10252,0.22,0.12
2022.03.04 00:25:49.102,1.1025,1.10254,0.12,0.45
2022.03.04 00:25:49.204,1.10248,1.10253,0.31,0.12
2022.03.04 00:25:49.987,1.10246,1.10251,0.12,1.44
2022.03.04 00:25:50.090,1.10244,1.10249,1.89,0.12
2022.03.04 00:25:50.192,1.10243,1.10248,0.12,0.12
2022.03.04 00:25:50.345,1.10242,1.10247,0.12,1.21
2022.03.04 00:25:50.448,1.10241,1.10246,0.54,0.12
2022.03.04 00:25:50.776,1.10241,1.10247,0.76,0.90
2022.03.04 00:25:50.878,1.10242,1.10247,2.11,0.99
2022.03.04 00:25:50.981,1.10244,1.10249,0.12,0.12
2022.03.04 00:25:51.337,1.10243,1.10248,0.12,0.99
2022.03.04 00:25:51.440,1.10241,1.10246,1.44,1.66
2022.03.04 00:25:51.544,1.10241,1.10244,0.12,0.12
2022.03.04 00:25:52.862,1.10238,1.10241,1.35,2.02
2022.03.04 00:25:52.965,1.10234,1.10238,0.12,1.80
2022.03.04 00:25:53.068,1.10232,1.10238,1.44,0.99
2022.03.04 00:25:54.030,1.10233,1.10238,0.45,0.31
2022.03.04 00:25:54.184,1.10235,1.10238,0.22,0.12
2022.03.04 00:25:54.286,1.10235,1.10241,0.54,1.21
2022.03.04 00:25:54.389,1.10237,1.10243,1.89,2.52
2022.03.04 00:25:54.491,1.10238,1.10244,0.12,1.21
2022.03.04 00:25:54.695,1.10239,1.10245,0.12,2.34
2022.03.04 00:25:55.215,1.10241,1.10243,0.45,0.97
2022.03.04 00:25:55.266,1.10241,1.10247,1.89,0.12
2022.03.04 00:25:55.956,1.10242,1.10245,0.99,0.67
2022.03.04 00:25:56.007,1.10239,1.10245,2.34,1.44
2022.03.04 00:25:56.059,1.10239,1.10243,1.35,0.99
2022.03.04 00:25:56.110,1.10237,1.10243,2.79,0.99
2022.03.04 00:25:57.370,1.10236,1.10241,0.12,2.25
2022.03.04 00:25:57.472,1.10236,1.10242,0.54,0.99
2022.03.04 00:25:57.936,1.10242,1.10245,0.99,2.43
2022.03.04 00:25:58.038,1.10245,1.10249,0.12,4.50
2022.03.04 00:25:58.141,1.10248,1.10251,0.31,2.43
2022.03.04 00:25:58.243,1.10249,1.10254,0.12,0.54
2022.03.04 00:25:58.565,1.10248,1.10252,0.99,2.25
2022.03.04 00:25:58.617,1.10242,1.10245,0.76,0.45
2022.03.04 00:25:58.669,1.1024,1.10244,2.56,0.99
2022.03.04 00:25:58.771,1.10238,1.10242,1.35,0.99
2022.03.04 00:25:58.874,1.10234,1.1024,0.12,1.89
2022.03.04 00:25:58.976,1.10233,1.10238,2.25,0.12
2022.03.04 00:25:59.079,1.10232,1.10238,0.54,0.99
2022.03.04 00:25:59.385,1.10234,1.10239,0.12,1.89
2022.03.04 00:26:00.714,1.10232,1.10236,1.35,2.79
2022.03.04 00:26:00.765,1.1023,1.10233,1.35,0.12
2022.03.04 00:26:00.919,1.1023,1.10232,1.35,2.79
2022.03.04 00:26:00.971,1.10225,1.10232,1.89,2.79
2022.03.04 00:26:03.018,1.10225,1.10231,0.12,0.45
2022.03.04 00:26:04.676,1.10226,1.10231,0.12,2.79
2022.03.04 00:26:04.931,1.10228,1.10231,0.12,0.99
2022.03.04 00:26:05.413,1.10229,1.10233,0.12,0.90
2022.03.04 00:26:05.515,1.10229,1.10234,0.12,0.99
2022.03.04 00:26:06.791,1.10231,1.10235,0.54,0.45
2022.03.04 00:26:06.894,1.10231,1.10236,0.99,0.12
2022.03.04 00:26:06.996,1.10231,1.10238,0.99,1.66
2022.03.04 00:26:07.251,1.10231,1.10233,0.90,0.22
2022.03.04 00:26:07.303,1.10223,1.10226,0.12,0.45
2022.03.04 00:26:07.354,1.10221,1.10223,1.66,0.90
2022.03.04 00:26:07.406,1.10214,1.10216,1.89,0.90
2022.03.04 00:26:07.509,1.10213,1.10215,0.12,0.90
2022.03.04 00:26:07.611,1.10211,1.10216,1.35,0.99
2022.03.04 00:26:07.663,1.10209,1.10214,2.79,0.12
2022.03.04 00:26:07.816,1.1021,1.10216,0.99,2.43
2022.03.04 00:26:07.919,1.1021,1.10217,0.99,1.89
2022.03.04 00:26:08.498,1.10213,1.10218,0.99,0.12
2022.03.04 00:26:08.600,1.10214,1.10219,0.12,2.52
2022.03.04 00:26:09.007,1.10215,1.1022,0.12,0.54
2022.03.04 00:26:09.110,1.10214,1.10219,1.89,0.12
2022.03.04 00:26:09.262,1.10215,1.1022,0.12,0.12
2022.03.04 00:26:09.800,1.10216,1.10221,2.11,0.12
2022.03.04 00:26:10.506,1.10219,1.10222,1.89,0.99
2022.03.04 00:26:10.608,1.10221,1.10224,0.12,0.54
2022.03.04 00:26:10.710,1.10224,1.10227,0.90,2.43
2022.03.04 00:26:10.813,1.10224,1.10229,1.21,0.12
2022.03.04 00:26:10.864,1.10226,1.10231,1.80,0.12
2022.03.04 00:26:10.966,1.10226,1.10232,2.11,2.52
2022.03.04 00:26:11.069,1.10228,1.10234,0.99,0.12
2022.03.04 00:26:11.377,1.10229,1.10234,0.22,0.12
2022.03.04 00:26:11.581,1.10228,1.10234,1.66,0.54
2022.03.04 00:26:11.683,1.10233,1.10237,0.99,0.31
2022.03.04 00:26:11.786,1.10231,1.10237,2.11,0.12
2022.03.04 00:26:11.888,1.10234,1.10239,0.12,0.54
2022.03.04 00:26:13.324,1.10233,1.10235,0.90,2.02
2022.03.04 00:26:13.376,1.10229,1.1023,2.47,0.99
2022.03.04 00:26:13.529,1.10221,1.10226,1.44,0.54
2022.03.04 00:26:13.631,1.1022,1.10225,0.12,0.12
2022.03.04 00:26:14.877,1.1022,1.10227,0.99,1.44
2022.03.04 00:26:14.980,1.10221,1.10228,0.99,1.44
2022.03.04 00:26:15.082,1.10221,1.10227,0.99,0.45
2022.03.04 00:26:15.299,1.10223,1.10227,0.90,1.44
2022.03.04 00:26:15.350,1.10224,1.10228,0.90,0.12
2022.03.04 00:26:15.604,1.10225,1.10228,0.99,0.12
2022.03.04 00:26:17.052,1.10224,1.10228,0.90,0.12
2022.03.04 00:26:17.154,1.10222,1.10228,0.90,1.44
2022.03.04 00:26:17.822,1.10224,1.10228,0.90,0.12
2022.03.04 00:26:17.924,1.10224,1.10229,0.99,0.12
2022.03.04 00:26:20.244,1.10225,1.10229,0.90,0.12
2022.03.04 00:26:20.346,1.10224,1.10229,1.66,0.12
2022.03.04 00:26:21.310,1.10226,1.10229,1.12,0.12
2022.03.04 00:26:21.361,1.1023,1.10232,0.90,2.43
2022.03.04 00:26:21.464,1.10231,1.10235,0.90,4.59
2022.03.04 00:26:21.566,1.10228,1.10234,0.99,0.12
2022.03.04 00:26:21.719,1.10228,1.10232,0.99,0.12
2022.03.04 00:26:21.821,1.10227,1.10232,0.90,0.12
2022.03.04 00:26:21.873,1.10225,1.10231,2.34,0.12
2022.03.04 00:26:21.975,1.10225,1.1023,2.25,0.12
2022.03.04 00:26:22.178,1.10224,1.1023,0.99,1.44
2022.03.04 00:26:23.374,1.10225,1.1023,0.90,0.12
2022.03.04 00:26:23.476,1.10226,1.10231,0.90,0.12
2022.03.04 00:26:23.578,1.10226,1.10232,0.99,0.99
2022.03.04 00:26:24.236,1.10229,1.10234,0.12,2.52
2022.03.04 00:26:26.549,1.10229,1.10233,0.12,0.45
2022.03.04 00:26:26.652,1.10228,1.10233,0.99,1.44
2022.03.04 00:26:26.754,1.10225,1.1023,2.34,0.54
2022.03.04 00:26:26.873,1.10224,1.10229,0.12,0.12
2022.03.04 00:26:26.976,1.10222,1.10227,2.25,0.12
2022.03.04 00:26:27.180,1.10221,1.10227,0.99,0.12
2022.03.04 00:26:27.435,1.10225,1.10227,2.25,0.12
2022.03.04 00:26:27.538,1.10226,1.10227,1.66,0.45
2022.03.04 00:26:27.640,1.10231,1.10233,0.90,5.40
2022.03.04 00:26:27.743,1.1023,1.10233,3.01,0.90
2022.03.04 00:26:27.845,1.10231,1.10233,0.90,0.90
2022.03.04 00:26:27.998,1.10233,1.10236,0.90,0.12
2022.03.04 00:26:28.050,1.10232,1.10234,0.90,1.12
2022.03.04 00:26:28.101,1.10229,1.10231,1.35,0.90
2022.03.04 00:26:28.204,1.10224,1.10229,2.79,0.12
2022.03.04 00:26:28.908,1.10223,1.10228,0.99,0.12
2022.03.04 00:26:29.010,1.10224,1.10229,0.12,0.99
2022.03.04 00:26:29.268,1.10224,1.10227,0.12,0.90
2022.03.04 00:26:29.320,1.10221,1.10225,0.90,0.12
2022.03.04 00:26:29.371,1.10223,1.10226,0.90,0.12
2022.03.04 00:26:29.423,1.10222,1.10225,0.12,0.99
2022.03.04 00:26:29.627,1.10222,1.10227,0.90,0.45
2022.03.04 00:26:29.729,1.10222,1.10228,0.90,0.12
2022.03.04 00:26:30.129,1.10221,1.10227,1.66,0.90
2022.03.04 00:26:30.672,1.10222,1.10227,0.45,0.90
2022.03.04 00:26:30.774,1.10223,1.10227,0.12,0.90
2022.03.04 00:26:31.001,1.10222,1.10226,0.54,1.35
2022.03.04 00:26:31.103,1.10221,1.10226,0.54,1.44
2022.03.04 00:26:31.205,1.10223,1.10225,0.12,1.35
2022.03.04 00:26:31.310,1.10221,1.10226,0.90,1.35
2022.03.04 00:26:31.577,1.10222,1.10227,0.12,0.99
2022.03.04 00:26:35.450,1.10223,1.10225,0.45,0.90
2022.03.04 00:26:35.552,1.10221,1.10226,0.45,1.89
2022.03.04 00:26:35.654,1.10219,1.10224,0.54,1.89
2022.03.04 00:26:35.859,1.10219,1.10223,0.54,0.90
2022.03.04 00:26:35.961,1.10219,1.10222,0.54,0.45
2022.03.04 00:26:37.183,1.10221,1.10226,0.54,0.99
2022.03.04 00:26:38.268,1.10222,1.10227,0.12,0.12
2022.03.04 00:26:39.342,1.10225,1.10227,2.02,0.12
2022.03.04 00:26:39.394,1.10226,1.1023,1.44,0.45
2022.03.04 00:26:39.547,1.10225,1.1023,0.12,0.54
2022.03.04 00:26:39.700,1.10226,1.1023,0.12,0.45
2022.03.04 00:26:40.281,1.10225,1.1023,0.99,0.54
2022.03.04 00:26:40.434,1.10224,1.10229,0.54,0.12
2022.03.04 00:26:40.638,1.10225,1.10226,0.54,0.90
2022.03.04 00:26:40.689,1.10221,1.10226,1.35,3.69
2022.03.04 00:26:40.792,1.10219,1.10224,0.99,1.80
2022.03.04 00:26:40.894,1.10217,1.10222,1.44,0.12
2022.03.04 00:26:40.997,1.10216,1.10221,0.12,0.12
2022.03.04 00:26:41.099,1.10221,1.10224,3.01,2.52
2022.03.04 00:26:41.202,1.10221,1.10227,0.54,0.12
2022.03.04 00:26:41.304,1.10222,1.10228,0.12,3.42
2022.03.04 00:26:41.562,1.10222,1.10226,0.45,0.45
2022.03.04 00:26:41.664,1.10222,1.10228,0.54,0.12
2022.03.04 00:26:41.969,1.10223,1.10228,0.45,0.12
2022.03.04 00:26:42.122,1.10222,1.10228,0.54,0.12
2022.03.04 00:26:43.276,1.10224,1.10229,0.90,0.12
2022.03.04 00:26:43.378,1.10224,1.1023,1.21,0.12
2022.03.04 00:26:43.480,1.10225,1.10231,1.44,0.12
2022.03.04 00:26:43.583,1.10226,1.10232,1.66,0.12
2022.03.04 00:26:45.973,1.10226,1.10231,0.12,4.50
2022.03.04 00:26:46.076,1.10225,1.10229,1.35,0.12
2022.03.04 00:26:46.178,1.10224,1.10229,0.12,0.12
2022.03.04 00:26:46.585,1.10223,1.10228,0.12,0.12
2022.03.04 00:26:46.738,1.10222,1.10227,0.99,0.12
2022.03.04 00:26:49.168,1.1022,1.10225,1.89,0.99
2022.03.04 00:26:49.321,1.10219,1.10224,0.99,0.12
2022.03.04 00:26:51.297,1.10218,1.10223,0.99,0.99
2022.03.04 00:26:51.453,1.10216,1.1022,0.12,0.90
2022.03.04 00:26:53.488,1.10219,1.10222,2.47,2.52
2022.03.04 00:26:53.590,1.1022,1.10222,0.22,2.43
2022.03.04 00:26:53.693,1.10223,1.10226,0.12,0.99
2022.03.04 00:26:53.846,1.10223,1.10228,0.12,0.99
2022.03.04 00:26:53.948,1.10224,1.10229,0.99,0.99
2022.03.04 00:26:54.051,1.10226,1.10229,0.31,0.99
2022.03.04 00:26:54.153,1.10226,1.10231,0.31,1.89
2022.03.04 00:26:54.255,1.10227,1.10231,0.22,0.99
2022.03.04 00:26:54.358,1.10227,1.10232,0.12,0.99
2022.03.04 00:26:54.687,1.10228,1.10233,0.12,0.99
2022.03.04 00:26:56.368,1.10231,1.10234,0.45,0.12
2022.03.04 00:26:56.470,1.1023,1.10235,0.31,0.12
2022.03.04 00:26:56.573,1.1023,1.10236,1.66,0.90
2022.03.04 00:26:56.675,1.10232,1.10236,0.12,1.80
2022.03.04 00:26:58.257,1.10231,1.10238,0.12,2.11
2022.03.04 00:27:00.760,1.10233,1.10238,0.67,0.90
2022.03.04 00:27:00.862,1.10235,1.1024,0.54,0.12
2022.03.04 00:27:00.965,1.10236,1.10241,2.11,2.52
2022.03.04 00:27:01.067,1.10237,1.10242,0.12,0.12
2022.03.04 00:27:01.170,1.1024,1.10245,0.12,2.52
2022.03.04 00:27:01.273,1.1024,1.10243,0.12,0.12
2022.03.04 00:27:01.528,1.10238,1.10243,0.12,0.99
2022.03.04 00:27:01.630,1.10238,1.10241,0.12,0.12
2022.03.04 00:27:01.953,1.1024,1.10243,0.54,0.12
2022.03.04 00:27:02.157,1.1024,1.10245,0.99,0.12
2022.03.04 00:27:02.259,1.1024,1.10247,1.44,3.64
2022.03.04 00:27:02.361,1.10242,1.10247,0.12,4.32
2022.03.04 00:27:05.208,1.10242,1.10248,0.90,0.12
2022.03.04 00:27:05.315,1.10243,1.10248,0.12,0.12
2022.03.04 00:27:06.778,1.10242,1.10245,0.90,0.12
2022.03.04 00:27:06.829,1.10241,1.10244,2.79,0.12
2022.03.04 00:27:06.932,1.1024,1.10243,1.35,0.12
2022.03.04 00:27:06.983,1.10238,1.10243,0.12,0.12
2022.03.04 00:27:07.772,1.10237,1.10242,0.12,0.12
2022.03.04 00:27:08.578,1.10239,1.10244,0.54,0.99
2022.03.04 00:27:08.731,1.10241,1.10244,0.12,0.12
2022.03.04 00:27:09.088,1.10244,1.10249,0.12,2.52
2022.03.04 00:27:09.191,1.10243,1.10248,0.12,0.12
2022.03.04 00:27:09.344,1.10242,1.10247,0.54,0.12
2022.03.04 00:27:13.042,1.1024,1.10245,0.12,0.12
2022.03.04 00:27:13.196,1.10239,1.10244,0.54,0.12
2022.03.04 00:27:13.298,1.1024,1.10245,0.12,1.21
2022.03.04 00:27:13.835,1.10239,1.10244,0.12,0.12
2022.03.04 00:27:14.146,1.1024,1.10245,0.12,1.21
2022.03.04 00:27:14.502,1.10241,1.10245,0.45,0.12
2022.03.04 00:27:14.604,1.10241,1.10246,0.54,0.99
2022.03.04 00:27:14.706,1.10242,1.10247,0.12,0.12
2022.03.04 00:27:15.556,1.10242,1.10246,0.12,0.22
2022.03.04 00:27:15.658,1.10242,1.10247,0.12,0.12
2022.03.04 00:27:15.761,1.10239,1.10243,1.35,1.21
2022.03.04 00:27:15.863,1.10236,1.10241,0.12,0.31
2022.03.04 00:27:16.016,1.10235,1.1024,1.89,0.12
2022.03.04 00:27:17.917,1.10235,1.10238,0.54,0.90
2022.03.04 00:27:17.968,1.10233,1.10235,1.96,0.97
2022.03.04 00:27:18.020,1.10232,1.10237,1.44,0.99
2022.03.04 00:27:18.122,1.1023,1.10234,4.50,0.12
2022.03.04 00:27:18.224,1.10229,1.10234,0.99,0.12
2022.03.04 00:27:18.604,1.10231,1.10234,0.12,0.31
2022.03.04 00:27:18.878,1.10229,1.10234,0.99,0.31
2022.03.04 00:27:19.036,1.1023,1.10234,1.80,0.12
2022.03.04 00:27:19.138,1.10229,1.10234,0.99,0.12
2022.03.04 00:27:20.107,1.1023,1.10235,0.12,0.12
2022.03.04 00:27:23.872,1.10231,1.10235,1.80,0.12
2022.03.04 00:27:23.924,1.10232,1.10237,0.12,0.99
2022.03.04 00:27:26.722,1.10234,1.10239,0.12,0.12
2022.03.04 00:27:26.824,1.10235,1.1024,0.12,0.12
2022.03.04 00:27:27.330,1.10236,1.10241,0.12,0.12
2022.03.04 00:27:28.656,1.10241,1.10243,0.45,2.43
2022.03.04 00:27:28.707,1.10238,1.10245,4.81,0.12
2022.03.04 00:27:28.810,1.10239,1.10246,5.26,2.52
2022.03.04 00:27:28.861,1.10241,1.10246,0.45,2.43
2022.03.04 00:27:28.964,1.10241,1.10247,0.45,0.12
2022.03.04 00:27:29.557,1.10242,1.10247,0.90,0.12
2022.03.04 00:27:29.608,1.10243,1.10249,0.90,3.42
2022.03.04 00:27:30.133,1.10244,1.10245,0.90,0.45
2022.03.04 00:27:30.236,1.10242,1.10245,1.35,0.12
2022.03.04 00:27:30.338,1.10242,1.10244,1.35,0.12
2022.03.04 00:27:30.390,1.10239,1.10244,0.12,0.12
2022.03.04 00:27:31.125,1.1024,1.10245,0.12,0.12
2022.03.04 00:27:31.228,1.10239,1.10244,0.12,0.12
2022.03.04 00:27:31.330,1.10237,1.10243,0.54,0.12
2022.03.04 00:27:31.382,1.10237,1.1024,1.35,0.12
2022.03.04 00:27:31.485,1.10237,1.10242,0.12,0.12
2022.03.04 00:27:33.664,1.10238,1.10242,0.45,0.12
2022.03.04 00:27:34.888,1.10242,1.10244,0.45,3.33
2022.03.04 00:27:34.991,1.10241,1.10245,0.45,0.12
2022.03.04 00:27:35.093,1.10241,1.10246,0.54,0.12
2022.03.04 00:27:35.196,1.10242,1.10247,0.12,0.31
2022.03.04 00:27:36.118,1.10244,1.10249,0.54,2.74
2022.03.04 00:27:37.378,1.10246,1.10249,0.12,1.89
2022.03.04 00:27:38.132,1.10243,1.10247,1.35,0.99
2022.03.04 00:27:38.235,1.10241,1.10246,0.12,1.21
2022.03.04 00:27:38.337,1.10242,1.10244,0.12,0.22
2022.03.04 00:27:39.427,1.10242,1.10245,0.54,0.12
2022.03.04 00:27:39.529,1.10242,1.10247,0.12,2.74
2022.03.04 00:27:47.064,1.10242,1.10245,0.90,0.22
2022.03.04 00:27:47.166,1.10241,1.10245,0.99,0.22
2022.03.04 00:27:47.218,1.10242,1.10247,0.12,1.21
2022.03.04 00:27:49.068,1.10241,1.10245,0.12,0.22
2022.03.04 00:27:49.171,1.1024,1.10245,0.54,0.31
2022.03.04 00:27:50.499,1.10241,1.10245,1.89,0.22
2022.03.04 00:27:50.601,1.10241,1.10246,0.12,1.21
2022.03.04 00:27:50.704,1.10243,1.10248,0.99,2.74
2022.03.04 00:27:50.857,1.10241,1.10245,0.12,0.22
2022.03.04 00:27:50.959,1.10241,1.10246,0.12,0.99
2022.03.04 00:27:51.113,1.10242,1.10247,3.69,1.12
2022.03.04 00:27:51.215,1.10243,1.10248,0.12,0.12
2022.03.04 00:27:51.318,1.10244,1.10249,0.12,0.12
2022.03.04 00:27:52.131,1.10245,1.1025,0.12,0.76
2022.03.04 00:27:53.328,1.10244,1.10249,0.12,0.31
2022.03.04 00:27:55.405,1.10245,1.10249,0.12,0.22
2022.03.04 00:27:55.558,1.10245,1.1025,0.54,0.12
2022.03.04 00:27:55.660,1.10247,1.10252,0.54,0.31
2022.03.04 00:27:55.762,1.10249,1.10253,0.54,2.43
2022.03.04 00:27:55.865,1.1025,1.10255,0.12,0.99
2022.03.04 00:27:57.824,1.10251,1.10256,0.76,0.12
2022.03.04 00:27:57.926,1.10252,1.10257,0.31,0.12
2022.03.04 00:27:58.029,1.10253,1.10258,1.21,0.12
2022.03.04 00:27:58.131,1.10258,1.10259,0.90,3.33
2022.03.04 00:27:58.234,1.10258,1.1026,3.69,2.43
2022.03.04 00:27:58.285,1.1026,1.10265,0.31,4.59
2022.03.04 00:27:58.388,1.10263,1.10265,0.22,0.99
2022.03.04 00:27:58.490,1.10259,1.10264,0.99,0.99
2022.03.04 00:27:59.424,1.1026,1.10264,0.45,0.12
2022.03.04 00:27:59.730,1.10261,1.10265,0.45,0.12
2022.03.04 00:27:59.986,1.10261,1.10266,0.54,0.12
2022.03.04 00:28:00.088,1.10262,1.10266,0.67,0.12
2022.03.04 00:28:00.343,1.10261,1.10266,0.76,0.12
2022.03.04 00:28:00.496,1.1026,1.10265,0.76,0.12
2022.03.04 00:28:00.598,1.1026,1.10264,0.45,0.12
2022.03.04 00:28:00.701,1.1026,1.10265,0.54,0.12
2022.03.04 00:28:00.803,1.10262,1.10265,0.54,0.12
2022.03.04 00:28:01.347,1.10265,1.10267,0.22,0.12
2022.03.04 00:28:01.398,1.10265,1.10269,0.45,2.52
2022.03.04 00:28:01.500,1.10265,1.1027,0.12,0.12
2022.03.04 00:28:01.603,1.10264,1.10269,0.31,0.12
2022.03.04 00:28:03.063,1.1026,1.10266,2.34,3.64
2022.03.04 00:28:03.165,1.1026,1.10263,2.11,0.12
2022.03.04 00:28:04.046,1.1026,1.10265,0.12,0.12
2022.03.04 00:28:04.203,1.10261,1.10266,0.31,1.89
2022.03.04 00:28:05.367,1.10262,1.10267,2.34,0.99
2022.03.04 00:28:05.469,1.10264,1.10268,0.31,2.43
2022.03.04 00:28:05.622,1.10264,1.10269,1.21,0.12
2022.03.04 00:28:05.727,1.10265,1.1027,0.12,0.99
2022.03.04 00:28:06.190,1.10269,1.10271,0.76,2.43
2022.03.04 00:28:06.293,1.1027,1.10273,0.31,2.97
2022.03.04 00:28:06.344,1.10275,1.10276,1.12,4.50
2022.03.04 00:28:06.447,1.10275,1.10279,1.12,0.12
2022.03.04 00:28:06.549,1.10275,1.1028,0.12,0.12
2022.03.04 00:28:07.018,1.10277,1.10281,2.34,2.88
2022.03.04 00:28:07.120,1.1028,1.10282,2.02,0.45
2022.03.04 00:28:07.172,1.1028,1.10285,1.21,2.52
2022.03.04 00:28:07.224,1.10277,1.10282,0.12,0.12
2022.03.04 00:28:07.326,1.10275,1.10281,0.31,0.12
2022.03.04 00:28:07.530,1.10276,1.10281,0.22,0.12
2022.03.04 00:28:07.632,1.10276,1.10282,0.12,0.54
2022.03.04 00:28:07.892,1.10278,1.10284,0.99,0.54
2022.03.04 00:28:08.699,1.10275,1.10277,2.74,1.80
2022.03.04 00:28:08.751,1.10273,1.10276,2.25,1.35
2022.03.04 00:28:08.853,1.10273,1.10275,1.35,0.99
2022.03.04 00:28:08.955,1.1027,1.10274,0.12,2.53
2022.03.04 00:28:09.057,1.10269,1.10274,0.12,0.90
2022.03.04 00:28:09.160,1.10269,1.10273,2.11,0.12
2022.03.04 00:28:09.313,1.10269,1.10275,0.99,2.97
2022.03.04 00:28:11.259,1.1027,1.10275,0.45,0.99
2022.03.04 00:28:11.375,1.10269,1.10275,0.12,0.54
2022.03.04 00:28:11.477,1.10272,1.10276,0.12,0.12
2022.03.04 00:28:11.631,1.1027,1.10276,0.12,0.12
2022.03.04 00:28:11.784,1.10269,1.10275,0.99,0.99
2022.03.04 00:28:12.360,1.10269,1.10272,0.90,0.90
2022.03.04 00:28:12.412,1.10265,1.1027,1.44,0.12
2022.03.04 00:28:12.565,1.10264,1.10269,0.12,0.12
2022.03.04 00:28:12.736,1.10263,1.10266,0.12,0.90
2022.03.04 00:28:12.787,1.1026,1.10265,0.12,0.12
2022.03.04 00:28:14.203,1.10259,1.10264,0.12,0.12
2022.03.04 00:28:14.381,1.1026,1.10265,0.12,0.54
2022.03.04 00:28:14.585,1.10261,1.10266,0.31,0.12
2022.03.04 00:28:14.699,1.10263,1.10266,0.12,0.12
2022.03.04 00:28:15.654,1.10264,1.10269,0.31,0.12
2022.03.04 00:28:15.757,1.10266,1.10268,0.22,0.12
2022.03.04 00:28:15.808,1.10265,1.10271,0.31,3.87
2022.03.04 00:28:17.124,1.10269,1.10273,0.12,2.43
2022.03.04 00:28:17.226,1.10267,1.1027,1.35,0.99
2022.03.04 00:28:17.329,1.10267,1.10269,1.35,0.54
2022.03.04 00:28:17.380,1.10264,1.10269,0.12,0.54
2022.03.04 00:28:19.358,1.10263,1.10267,0.12,0.45
2022.03.04 00:28:19.409,1.1026,1.10265,0.54,3.01
2022.03.04 00:28:19.512,1.10259,1.10264,0.12,0.99
2022.03.04 00:28:19.614,1.10258,1.10263,0.99,0.12
2022.03.04 00:28:19.818,1.10259,1.10264,0.12,0.12
2022.03.04 00:28:20.285,1.1026,1.10265,0.12,1.44
2022.03.04 00:28:20.884,1.10261,1.10265,0.90,1.44
2022.03.04 00:28:20.935,1.10263,1.10267,0.54,0.90
2022.03.04 00:28:21.038,1.10265,1.10268,0.12,2.43
2022.03.04 00:28:21.140,1.10265,1.10267,0.31,2.43
2022.03.04 00:28:21.242,1.10264,1.10269,0.31,0.12
2022.03.04 00:28:21.344,1.10264,1.10271,0.76,4.99
2022.03.04 00:28:21.450,1.10264,1.1027,0.31,0.45
2022.03.04 00:28:21.969,1.10265,1.1027,0.22,0.45
2022.03.04 00:28:22.173,1.10267,1.1027,0.31,0.12
2022.03.04 00:28:22.224,1.10266,1.10273,0.76,2.79
2022.03.04 00:28:22.479,1.10271,1.10274,0.90,0.90
2022.03.04 00:28:22.531,1.10269,1.10274,0.99,0.12
2022.03.04 00:28:22.633,1.1027,1.10275,0.31,0.12
2022.03.04 00:28:23.106,1.10271,1.10275,0.22,0.12
2022.03.04 00:28:23.582,1.10271,1.10276,0.31,0.99
2022.03.04 00:28:24.031,1.10274,1.10277,0.90,0.12
2022.03.04 00:28:24.082,1.10274,1.10279,0.12,2.97
2022.03.04 00:28:24.185,1.1028,1.10282,0.22,0.12
2022.03.04 00:28:24.236,1.10278,1.10282,0.45,0.99
2022.03.04 00:28:24.339,1.10276,1.10281,0.54,0.99
2022.03.04 00:28:24.441,1.10275,1.1028,1.44,0.99
2022.03.04 00:28:24.493,1.10275,1.10278,1.35,0.12
2022.03.04 00:28:24.595,1.10274,1.10277,0.12,0.12
2022.03.04 00:28:24.984,1.10274,1.10279,0.54,0.12
2022.03.04 00:28:25.086,1.10275,1.1028,0.12,0.99
2022.03.04 00:28:25.240,1.10276,1.10281,0.12,0.12
2022.03.04 00:28:25.647,1.10278,1.10283,0.12,0.12
2022.03.04 00:28:25.750,1.1028,1.10285,0.12,3.33
2022.03.04 00:28:25.852,1.1028,1.10286,0.12,0.99
2022.03.04 00:28:25.954,1.10281,1.10286,0.12,0.90
2022.03.04 00:28:26.107,1.1028,1.10286,0.12,1.66
2022.03.04 00:28:26.260,1.1028,1.10285,0.12,0.12
2022.03.04 00:28:27.198,1.10281,1.10285,0.45,0.12
2022.03.04 00:28:27.909,1.10284,1.10288,0.45,0.12
2022.03.04 00:28:28.011,1.10284,1.10289,0.54,0.12
2022.03.04 00:28:29.255,1.10284,1.1029,0.12,1.21
2022.03.04 00:28:30.561,1.10285,1.10291,0.12,5.94
2022.03.04 00:28:30.663,1.10289,1.10293,0.22,2.43
2022.03.04 00:28:30.715,1.10289,1.10295,0.31,0.90
2022.03.04 00:28:30.817,1.1029,1.10296,0.22,0.99
2022.03.04 00:28:31.722,1.10294,1.10299,0.31,1.12
2022.03.04 00:28:31.824,1.10295,1.10301,0.31,4.36
2022.03.04 00:28:31.876,1.10298,1.10302,1.89,5.13
2022.03.04 00:28:31.927,1.10303,1.10306,0.22,4.59
2022.03.04 00:28:31.978,1.10304,1.10308,0.22,2.43
2022.03.04 00:28:32.133,1.10305,1.10308,0.22,2.43
2022.03.04 00:28:32.185,1.10305,1.10311,0.31,5.94
2022.03.04 00:28:32.642,1.10308,1.10311,0.90,0.99
2022.03.04 00:28:32.693,1.1031,1.10314,0.54,2.43
2022.03.04 00:28:32.796,1.10315,1.10318,0.90,3.42
2022.03.04 00:28:32.847,1.10313,1.10318,0.12,2.43
2022.03.04 00:28:33.001,1.10312,1.10318,0.12,2.70
2022.03.04 00:28:33.204,1.10313,1.10319,0.12,1.89
2022.03.04 00:28:33.306,1.10313,1.10318,0.12,0.90
2022.03.04 00:28:33.358,1.10312,1.10315,1.44,0.90
2022.03.04 00:28:33.460,1.1031,1.10316,0.12,3.24
2022.03.04 00:28:33.912,1.1031,1.10315,0.12,0.45
2022.03.04 00:28:33.963,1.10308,1.1031,1.35,0.90
2022.03.04 00:28:34.066,1.10305,1.10309,2.79,0.54
2022.03.04 00:28:34.168,1.10305,1.10311,1.66,2.79
2022.03.04 00:28:34.219,1.10307,1.10312,0.12,0.90
2022.03.04 00:28:34.322,1.10307,1.10313,0.12,1.89
2022.03.04 00:28:34.424,1.10307,1.10314,2.79,1.80
2022.03.04 00:28:34.526,1.10308,1.10314,0.45,0.90
2022.03.04 00:28:34.958,1.10307,1.10314,1.89,0.90
2022.03.04 00:28:35.160,1.10307,1.10313,1.89,0.45
2022.03.04 00:28:35.273,1.10307,1.10314,1.89,0.45
2022.03.04 00:28:35.375,1.10307,1.10313,2.11,0.45
2022.03.04 00:28:35.975,1.10308,1.10313,0.90,0.45
2022.03.04 00:28:36.416,1.10308,1.10312,0.90,0.90
2022.03.04 00:28:36.467,1.10305,1.10311,3.91,0.99
2022.03.04 00:28:37.885,1.10309,1.10313,0.99,2.43
2022.03.04 00:28:37.988,1.1031,1.10313,0.12,2.43
2022.03.04 00:28:38.039,1.1031,1.10316,0.99,1.44
2022.03.04 00:28:38.141,1.10311,1.10316,0.12,0.90
2022.03.04 00:28:39.358,1.10311,1.10315,0.12,0.54
2022.03.04 00:28:39.567,1.10309,1.10315,2.34,0.12
2022.03.04 00:28:39.669,1.10309,1.10314,2.34,0.45
2022.03.04 00:28:40.368,1.10309,1.10315,0.99,0.54
2022.03.04 00:28:40.525,1.10311,1.10316,0.90,1.89
2022.03.04 00:28:40.628,1.10311,1.10315,1.44,1.89
2022.03.04 00:28:41.369,1.10311,1.10316,0.45,0.54
2022.03.04 00:28:41.421,1.10313,1.10319,0.99,0.54
2022.03.04 00:28:41.523,1.10315,1.1032,0.22,0.12
2022.03.04 00:28:41.625,1.10315,1.10321,1.21,2.34
2022.03.04 00:28:41.841,1.10315,1.1032,0.90,0.54
2022.03.04 00:28:41.943,1.10315,1.10319,1.21,0.54
2022.03.04 00:28:42.096,1.10314,1.10319,0.99,0.45
2022.03.04 00:28:42.205,1.10314,1.1032,0.99,0.99
2022.03.04 00:28:43.173,1.10315,1.10321,1.44,3.24
2022.03.04 00:28:43.712,1.10314,1.10316,1.80,0.90
2022.03.04 00:28:43.764,1.10312,1.10316,0.45,0.90
2022.03.04 00:28:43.816,1.10311,1.10314,1.44,0.90
2022.03.04 00:28:43.918,1.1031,1.10314,1.35,1.89
2022.03.04 00:28:44.020,1.10308,1.10313,1.35,3.24
2022.03.04 00:28:44.122,1.10308,1.10312,0.45,0.22
2022.03.04 00:28:44.530,1.10307,1.10311,0.45,0.99
2022.03.04 00:28:44.581,1.10305,1.10311,2.79,4.81
2022.03.04 00:28:44.683,1.10305,1.1031,0.90,1.89
2022.03.04 00:28:44.794,1.10304,1.1031,1.44,1.89
2022.03.04 00:28:45.103,1.10312,1.10315,2.92,4.50
2022.03.04 00:28:45.154,1.1031,1.10312,0.90,2.43
2022.03.04 00:28:45.257,1.10313,1.10318,0.90,2.43
2022.03.04 00:28:45.309,1.10313,1.10316,2.02,0.12
2022.03.04 00:28:45.411,1.10311,1.10316,0.22,0.90
2022.03.04 00:28:45.513,1.10312,1.10317,0.90,0.90
2022.03.04 00:28:45.616,1.10312,1.10318,0.90,0.45
2022.03.04 00:28:46.132,1.10311,1.10317,0.90,3.60
2022.03.04 00:28:46.235,1.1031,1.10315,1.80,2.70
2022.03.04 00:28:46.337,1.10308,1.10311,1.35,1.35
2022.03.04 00:28:46.439,1.10308,1.1031,1.35,1.80
2022.03.04 00:28:46.491,1.10305,1.10309,1.57,1.80
2022.03.04 00:28:46.542,1.10303,1.10308,2.70,0.90
2022.03.04 00:28:47.259,1.10304,1.1031,2.47,2.43
2022.03.04 00:28:47.361,1.10306,1.10313,0.22,4.23
2022.03.04 00:28:47.616,1.10307,1.10313,0.90,0.99
2022.03.04 00:28:49.432,1.10308,1.10315,2.56,4.32
2022.03.04 00:28:49.637,1.10307,1.10314,2.11,0.99
2022.03.04 00:28:51.731,1.10304,1.10309,3.24,0.90
2022.03.04 00:28:51.935,1.10303,1.10309,0.12,1.89
2022.03.04 00:28:52.037,1.10303,1.10308,0.12,0.12
2022.03.04 00:28:52.478,1.10302,1.10307,1.21,0.12
2022.03.04 00:28:53.174,1.10299,1.10301,1.35,2.02
2022.03.04 00:28:53.225,1.10296,1.103,2.25,3.24
2022.03.04 00:28:53.328,1.10296,1.10298,1.35,1.89
2022.03.04 00:28:53.430,1.10292,1.10297,1.44,0.12
2022.03.04 00:28:54.371,1.10294,1.10297,0.90,0.12
2022.03.04 00:28:54.423,1.10297,1.103,0.22,3.42
2022.03.04 00:28:54.474,1.10295,1.103,0.12,0.12
2022.03.04 00:28:54.577,1.10299,1.10303,0.90,0.12
2022.03.04 00:28:54.679,1.103,1.10305,3.01,0.12
2022.03.04 00:28:54.782,1.10304,1.10308,0.99,2.43
2022.03.04 00:28:54.885,1.10306,1.10309,3.01,0.12
2022.03.04 00:28:55.038,1.10306,1.10311,0.12,0.99
2022.03.04 00:28:55.495,1.10306,1.10309,2.11,0.12
2022.03.04 00:28:55.693,1.10309,1.10313,0.90,0.12
2022.03.04 00:28:55.796,1.10309,1.10314,0.99,0.12
2022.03.04 00:28:56.050,1.1031,1.10315,0.12,0.12
2022.03.04 00:28:56.203,1.10311,1.10316,0.99,0.12
2022.03.04 00:28:56.356,1.10313,1.10318,0.12,0.12
2022.03.04 00:28:56.459,1.10314,1.10319,0.99,0.12
2022.03.04 00:28:56.561,1.10317,1.10321,0.90,0.12
2022.03.04 00:28:56.613,1.10317,1.10324,0.90,0.54
2022.03.04 00:28:56.715,1.10318,1.10323,0.99,0.12
2022.03.04 00:28:56.817,1.10319,1.10324,0.12,0.12
2022.03.04 00:28:57.021,1.10319,1.10322,0.99,0.12
2022.03.04 00:28:57.397,1.10317,1.10322,0.76,0.99
2022.03.04 00:28:57.500,1.10316,1.1032,1.35,0.99
2022.03.04 00:28:57.602,1.10313,1.10318,0.54,0.12
2022.03.04 00:28:57.818,1.10311,1.10316,0.12,0.99
2022.03.04 00:28:57.920,1.1031,1.10315,2.79,0.12
2022.03.04 00:28:58.631,1.1031,1.10313,1.44,0.12
2022.03.04 00:28:58.785,1.10306,1.1031,1.44,1.35
2022.03.04 00:28:58.887,1.10306,1.10311,0.12,0.99
2022.03.04 00:28:58.989,1.10305,1.1031,0.12,0.54
2022.03.04 00:28:59.143,1.10304,1.10309,0.12,0.12
2022.03.04 00:28:59.245,1.10306,1.10309,1.80,0.12
2022.03.04 00:28:59.296,1.10305,1.10311,0.99,0.45
2022.03.04 00:28:59.450,1.10307,1.10314,1.21,2.52
2022.03.04 00:28:59.501,1.10309,1.10316,1.44,3.01
2022.03.04 00:28:59.604,1.1031,1.10316,0.22,0.99
2022.03.04 00:29:00.205,1.1031,1.10317,1.21,2.79
2022.03.04 00:29:00.307,1.1031,1.10316,0.12,0.45
2022.03.04 00:29:00.409,1.10309,1.10316,0.90,0.54
2022.03.04 00:29:00.756,1.1031,1.10316,0.90,0.12
2022.03.04 00:29:02.005,1.10315,1.1032,2.11,0.12
2022.03.04 00:29:02.107,1.10317,1.1032,0.99,0.12
2022.03.04 00:29:02.209,1.10318,1.10321,0.99,2.52
2022.03.04 00:29:02.363,1.10317,1.10324,0.99,0.54
2022.03.04 00:29:04.324,1.10319,1.10324,1.44,0.12
2022.03.04 00:29:04.837,1.10318,1.10323,2.34,0.12
2022.03.04 00:29:06.051,1.1032,1.10324,0.45,0.12
2022.03.04 00:29:06.153,1.1032,1.10325,0.54,0.54
2022.03.04 00:29:07.198,1.10319,1.10324,1.89,0.12
2022.03.04 00:29:07.416,1.10321,1.10325,0.45,0.12
2022.03.04 00:29:07.519,1.10321,1.10326,0.54,0.99
2022.03.04 00:29:07.621,1.10322,1.10327,1.44,0.12
2022.03.04 00:29:09.367,1.10324,1.10327,0.90,0.12
2022.03.04 00:29:09.617,1.10322,1.10325,0.90,0.12
2022.03.04 00:29:09.771,1.1032,1.10325,3.69,0.12
2022.03.04 00:29:09.873,1.10322,1.10324,0.67,0.12
2022.03.04 00:29:09.975,1.1032,1.10325,1.44,0.12
2022.03.04 00:29:10.787,1.10321,1.10325,0.90,0.12
2022.03.04 00:29:10.897,1.10323,1.10325,0.90,0.12
2022.03.04 00:29:10.948,1.10321,1.10326,0.99,0.12
2022.03.04 00:29:11.051,1.10322,1.10327,1.66,0.12
2022.03.04 00:29:11.153,1.10323,1.10327,0.90,0.12
2022.03.04 00:29:12.050,1.10322,1.10327,0.99,0.12
2022.03.04 00:29:12.152,1.10322,1.10326,0.90,0.12
2022.03.04 00:29:12.350,1.10322,1.10325,1.21,0.12
2022.03.04 00:29:15.379,1.10322,1.10326,0.12,0.22
2022.03.04 00:29:15.481,1.10321,1.10326,0.12,0.31
2022.03.04 00:29:16.029,1.10321,1.10328,0.54,2.34
2022.03.04 00:29:16.768,1.10322,1.10328,2.70,0.99
2022.03.04 00:29:16.870,1.10323,1.10328,0.99,0.12
2022.03.04 00:29:19.779,1.1032,1.10325,2.34,0.99
2022.03.04 00:29:19.882,1.10319,1.10324,1.89,0.12
2022.03.04 00:29:19.984,1.10318,1.10322,4.50,0.12
2022.03.04 00:29:20.086,1.10317,1.10322,0.12,0.12
2022.03.04 00:29:20.486,1.10316,1.10321,0.99,0.12
2022.03.04 00:29:21.726,1.10317,1.10322,0.31,0.12
2022.03.04 00:29:22.527,1.10317,1.10321,0.12,0.90
2022.03.04 00:29:22.629,1.10312,1.10316,1.35,0.99
2022.03.04 00:29:22.732,1.10312,1.10315,1.35,0.99
2022.03.04 00:29:22.834,1.1031,1.10315,0.12,0.99
2022.03.04 00:29:22.936,1.10309,1.10314,2.11,0.12
2022.03.04 00:29:23.038,1.10308,1.10313,1.89,0.12
2022.03.04 00:29:23.202,1.10312,1.10315,0.99,0.90
2022.03.04 00:29:23.253,1.10313,1.10318,1.44,2.52
2022.03.04 00:29:23.356,1.10312,1.10317,1.21,0.12
2022.03.04 00:29:23.458,1.10313,1.10318,0.12,0.99
2022.03.04 00:29:24.737,1.10312,1.10317,0.12,0.12
2022.03.04 00:29:25.195,1.10311,1.10316,0.76,0.12
2022.03.04 00:29:26.014,1.10308,1.10312,3.24,0.22
2022.03.04 00:29:26.167,1.10307,1.10312,0.31,0.12
2022.03.04 00:29:26.676,1.10307,1.10311,0.12,0.90
2022.03.04 00:29:26.778,1.10307,1.10312,0.12,3.91
2022.03.04 00:29:28.201,1.10305,1.1031,1.80,0.99
2022.03.04 00:29:28.303,1.10303,1.10307,1.35,2.11
2022.03.04 00:29:28.457,1.10303,1.10308,1.66,0.12
2022.03.04 00:29:28.559,1.10304,1.10309,0.12,0.12
2022.03.04 00:29:29.053,1.10303,1.10308,0.12,0.12
2022.03.04 00:29:29.369,1.10304,1.10309,0.12,0.12
2022.03.04 00:29:29.471,1.10306,1.10309,0.31,1.44
2022.03.04 00:29:29.574,1.10306,1.10313,0.31,0.99
2022.03.04 00:29:29.625,1.10308,1.10313,0.31,0.12
2022.03.04 00:29:29.727,1.10309,1.10314,0.12,0.12
2022.03.04 00:29:30.456,1.10309,1.10311,0.12,0.90
2022.03.04 00:29:30.508,1.10305,1.10311,1.44,2.34
2022.03.04 00:29:30.559,1.10305,1.10307,1.35,0.54
2022.03.04 00:29:30.610,1.10302,1.10306,1.35,2.79
2022.03.04 00:29:30.713,1.10296,1.103,0.12,0.45
2022.03.04 00:29:30.815,1.10298,1.10303,2.34,1.66
2022.03.04 00:29:30.918,1.10299,1.10304,0.12,0.12
2022.03.04 00:29:33.494,1.10298,1.10303,0.12,0.12
2022.03.04 00:29:33.596,1.10298,1.10301,0.12,0.12
2022.03.04 00:29:33.799,1.10297,1.103,0.12,0.12
2022.03.04 00:29:33.901,1.10295,1.103,0.12,0.12
2022.03.04 00:29:34.156,1.10294,1.10299,0.31,0.12
2022.03.04 00:29:34.258,1.10293,1.10298,0.12,0.12
2022.03.04 00:29:34.548,1.10292,1.10297,0.12,0.12
2022.03.04 00:29:36.653,1.10295,1.10298,0.54,0.31
2022.03.04 00:29:36.755,1.10295,1.103,0.12,0.54
2022.03.04 00:29:37.569,1.10294,1.10299,0.54,0.12
2022.03.04 00:29:37.671,1.10295,1.103,0.12,0.12
2022.03.04 00:29:40.560,1.10296,1.10298,0.45,0.12
2022.03.04 00:29:40.713,1.10293,1.10298,0.99,0.12
2022.03.04 00:29:42.110,1.10294,1.10299,0.76,0.12
2022.03.04 00:29:42.212,1.10295,1.103,0.12,0.54
2022.03.04 00:29:42.467,1.10294,1.10299,0.12,0.54
2022.03.04 00:29:42.573,1.10293,1.10297,0.54,0.22
2022.03.04 00:29:42.676,1.10292,1.10297,0.54,0.54
2022.03.04 00:29:46.430,1.10295,1.10297,0.45,0.12
2022.03.04 00:29:46.482,1.10296,1.10299,0.90,2.43
2022.03.04 00:29:46.533,1.10302,1.10305,0.45,4.50
2022.03.04 00:29:46.687,1.10304,1.10308,0.12,2.43
2022.03.04 00:29:46.789,1.10303,1.10308,0.31,0.12
2022.03.04 00:29:55.270,1.10304,1.10309,0.12,0.99
2022.03.04 00:29:56.305,1.10302,1.10309,0.90,3.15
2022.03.04 00:29:56.691,1.10302,1.10308,0.90,0.90
2022.03.04 00:29:56.743,1.103,1.10306,0.90,0.90
2022.03.04 00:29:57.537,1.103,1.10307,1.80,8.77
2022.03.04 00:29:58.162,1.103,1.10306,1.80,0.90
2022.03.04 00:30:00.748,1.10303,1.10308,0.90,2.43
2022.03.04 00:30:00.851,1.10305,1.10308,0.90,2.43
2022.03.04 00:30:00.953,1.10306,1.10308,0.90,0.45
2022.03.04 00:30:01.055,1.10305,1.1031,0.90,0.45
2022.03.04 00:30:01.157,1.10304,1.10311,0.90,6.30
2022.03.04 00:30:01.259,1.10304,1.1031,0.90,0.90
2022.03.04 00:30:02.043,1.10305,1.10311,0.90,1.80
2022.03.04 00:30:03.095,1.10307,1.1031,0.45,0.90
2022.03.04 00:30:03.197,1.1031,1.10314,0.90,1.80
2022.03.04 00:30:03.300,1.1031,1.10315,1.35,4.00
2022.03.04 00:30:04.500,1.10308,1.10316,3.37,1.35
2022.03.04 00:30:04.836,1.10308,1.10315,2.70,1.80
2022.03.04 00:30:06.277,1.10309,1.10315,0.45,3.82
2022.03.04 00:30:06.398,1.10309,1.10316,0.45,3.82
2022.03.04 00:30:07.134,1.10309,1.10314,0.54,0.12
2022.03.04 00:30:07.600,1.10308,1.10313,0.12,0.12
2022.03.04 00:30:08.908,1.1031,1.10313,0.54,0.12
2022.03.04 00:30:09.162,1.1031,1.10315,0.12,0.12
2022.03.04 00:30:10.627,1.10309,1.10314,0.12,0.12
2022.03.04 00:30:11.479,1.1031,1.10315,0.54,0.12
2022.03.04 00:30:11.582,1.10312,1.10317,0.45,2.43
2022.03.04 00:30:11.684,1.10312,1.10318,0.45,0.12
2022.03.04 00:30:12.239,1.10314,1.10319,0.54,0.12
2022.03.04 00:30:12.342,1.10315,1.1032,0.12,0.99
2022.03.04 00:30:12.444,1.10316,1.10321,0.12,0.99
2022.03.04 00:30:12.860,1.10318,1.1032,0.12,0.90
2022.03.04 00:30:12.963,1.10319,1.10324,0.54,0.12
2022.03.04 00:30:13.115,1.1032,1.10325,0.12,0.12
2022.03.04 00:30:14.843,1.10319,1.10324,0.12,0.12
2022.03.04 00:30:15.083,1.10318,1.10323,0.12,0.12
2022.03.04 00:30:15.471,1.10319,1.10325,0.12,0.31
2022.03.04 00:30:15.624,1.10318,1.10324,0.12,0.12
2022.03.04 00:30:16.690,1.1032,1.10325,1.89,0.12
2022.03.04 00:30:16.792,1.10321,1.10326,0.12,0.12
2022.03.04 00:30:16.894,1.10324,1.10328,0.45,2.52
2022.03.04 00:30:16.997,1.10323,1.10328,0.12,0.12
2022.03.04 00:30:17.099,1.10324,1.10329,0.12,0.12
2022.03.04 00:30:17.201,1.10325,1.1033,0.12,1.21
2022.03.04 00:30:17.304,1.10324,1.10329,0.12,0.12
2022.03.04 00:30:17.457,1.10323,1.10328,0.12,0.12
2022.03.04 00:30:17.819,1.10324,1.10329,0.12,0.31
2022.03.04 00:30:17.973,1.10325,1.1033,0.12,0.31
2022.03.04 00:30:21.189,1.10324,1.10329,0.54,0.31
2022.03.04 00:30:21.309,1.10322,1.10326,1.35,3.46
2022.03.04 00:30:21.412,1.10321,1.10326,0.12,1.66
2022.03.04 00:30:22.254,1.10322,1.10327,0.12,0.12
2022.03.04 00:30:28.992,1.10323,1.10328,0.12,1.21
2022.03.04 00:30:29.319,1.1032,1.10326,3.24,0.54
2022.03.04 00:30:33.588,1.1032,1.10325,0.54,0.45
2022.03.04 00:30:34.374,1.1032,1.10326,0.54,1.66
2022.03.04 00:30:34.781,1.1032,1.10325,0.54,0.45
2022.03.04 00:30:35.890,1.10318,1.10319,0.45,0.12
2022.03.04 00:30:35.993,1.10316,1.10318,4.50,0.12
2022.03.04 00:30:36.095,1.10315,1.10318,1.35,1.44
2022.03.04 00:30:36.146,1.10313,1.10318,0.12,3.87
2022.03.04 00:30:36.249,1.10314,1.10318,0.12,2.43
2022.03.04 00:30:36.402,1.10314,1.10317,1.89,0.22
2022.03.04 00:30:36.505,1.10313,1.10319,2.34,0.22
2022.03.04 00:30:36.810,1.10313,1.1032,2.56,3.01
2022.03.04 00:30:36.861,1.10315,1.1032,0.12,1.21
2022.03.04 00:30:37.508,1.10316,1.10321,0.54,0.12
2022.03.04 00:30:37.611,1.10317,1.10322,1.44,0.22
2022.03.04 00:30:37.713,1.10317,1.10323,1.44,0.31
2022.03.04 00:30:41.369,1.10317,1.10322,0.90,0.12
2022.03.04 00:30:41.522,1.10316,1.10322,0.99,0.54
2022.03.04 00:30:42.169,1.10319,1.10323,0.22,0.12
2022.03.04 00:30:42.271,1.10322,1.10327,0.90,0.99
2022.03.04 00:30:42.373,1.10323,1.10328,0.90,2.52
2022.03.04 00:30:42.476,1.10323,1.10329,0.99,0.12
2022.03.04 00:30:44.040,1.10323,1.10328,0.12,0.90
2022.03.04 00:30:44.142,1.10322,1.10328,0.99,0.99
2022.03.04 00:30:45.540,1.10322,1.10327,0.99,0.45
2022.03.04 00:30:45.649,1.10322,1.10328,0.99,0.99
2022.03.04 00:30:45.906,1.10323,1.10326,0.12,0.22
2022.03.04 00:30:48.418,1.10323,1.10328,0.12,0.12
2022.03.04 00:30:48.622,1.10322,1.10328,0.45,2.34
2022.03.04 00:30:48.724,1.10321,1.10328,1.89,4.59
2022.03.04 00:30:48.826,1.10322,1.10327,0.12,0.12
2022.03.04 00:30:48.878,1.1032,1.10325,0.54,0.12
2022.03.04 00:30:48.980,1.10319,1.10324,1.44,0.99
2022.03.04 00:30:49.083,1.10318,1.10323,0.12,0.54
2022.03.04 00:30:52.273,1.10315,1.1032,1.89,0.12
2022.03.04 00:30:52.376,1.10315,1.10318,0.54,0.12
2022.03.04 00:30:52.630,1.10315,1.1032,0.54,0.12
2022.03.04 00:30:52.784,1.10316,1.10321,0.12,0.54
2022.03.04 00:30:52.886,1.10317,1.10322,0.54,0.12
2022.03.04 00:30:52.988,1.10318,1.10324,0.45,3.42
2022.03.04 00:30:53.192,1.10318,1.10325,2.34,3.69
2022.03.04 00:30:53.655,1.10318,1.10324,1.89,0.45
2022.03.04 00:30:54.138,1.10318,1.10323,1.35,0.12
2022.03.04 00:30:57.115,1.10319,1.10324,0.45,0.12
2022.03.04 00:30:57.217,1.10319,1.10325,2.11,0.12
2022.03.04 00:30:57.319,1.1032,1.10326,0.12,2.79
2022.03.04 00:30:57.523,1.10322,1.10326,0.90,0.99
2022.03.04 00:30:57.574,1.10323,1.10328,0.12,2.52
2022.03.04 00:30:57.677,1.10324,1.10329,0.12,0.12
2022.03.04 00:31:00.102,1.10327,1.10331,1.80,0.54
2022.03.04 00:31:00.210,1.10327,1.10332,0.99,1.89
2022.03.04 00:31:00.312,1.10329,1.10332,0.12,0.22
2022.03.04 00:31:00.363,1.10329,1.10334,0.12,0.54
2022.03.04 00:31:00.466,1.1033,1.10335,0.12,0.12
2022.03.04 00:31:00.749,1.10329,1.10334,0.12,0.12
2022.03.04 00:31:01.728,1.10328,1.10333,0.54,1.89
2022.03.04 00:31:01.831,1.10327,1.10332,0.12,0.12
2022.03.04 00:31:02.809,1.1033,1.10333,0.12,0.99
2022.03.04 00:31:02.911,1.1033,1.10335,0.12,0.31
2022.03.04 00:31:03.013,1.10329,1.10334,0.12,0.12
2022.03.04 00:31:03.167,1.10329,1.10333,1.89,0.90
2022.03.04 00:31:03.269,1.10329,1.10334,0.12,1.21
2022.03.04 00:31:03.475,1.1033,1.10335,0.12,1.21
2022.03.04 00:31:03.698,1.10331,1.10336,0.12,0.99
2022.03.04 00:31:05.206,1.10334,1.10339,0.12,2.52
2022.03.04 00:31:07.612,1.10335,1.10339,0.45,0.12
2022.03.04 00:31:07.663,1.10339,1.10342,1.44,2.43
2022.03.04 00:31:07.715,1.10338,1.10344,3.24,0.76
2022.03.04 00:31:07.817,1.10339,1.10345,0.12,0.99
2022.03.04 00:31:07.919,1.10341,1.10344,0.45,0.99
2022.03.04 00:31:08.697,1.10342,1.10346,0.45,0.12
2022.03.04 00:31:08.799,1.10344,1.10348,0.45,0.12
2022.03.04 00:31:08.902,1.10344,1.10349,0.12,0.12
2022.03.04 00:31:09.639,1.10344,1.10347,2.34,0.12
2022.03.04 00:31:09.742,1.10342,1.10347,0.99,0.99
2022.03.04 00:31:09.844,1.10341,1.10346,1.44,0.31
2022.03.04 00:31:09.947,1.1034,1.10344,2.25,0.12
2022.03.04 00:31:10.049,1.10339,1.10344,1.89,0.12
2022.03.04 00:31:10.202,1.10341,1.10344,0.12,0.99
2022.03.04 00:31:10.304,1.10341,1.10346,2.79,2.97
2022.03.04 00:31:10.407,1.10343,1.10346,1.35,0.12
2022.03.04 00:31:10.509,1.10343,1.10348,0.12,0.12
2022.03.04 00:31:12.343,1.10345,1.10348,0.54,0.12
2022.03.04 00:31:12.445,1.10345,1.1035,0.12,0.99
2022.03.04 00:31:12.547,1.10347,1.10352,0.99,1.44
2022.03.04 00:31:12.701,1.10345,1.1035,0.99,0.12
2022.03.04 00:31:12.854,1.10345,1.10349,0.90,0.12
2022.03.04 00:31:12.956,1.10344,1.10349,0.12,0.12
2022.03.04 00:31:13.168,1.10345,1.1035,0.12,0.12
2022.03.04 00:31:13.888,1.10348,1.10353,1.44,0.12
2022.03.04 00:31:13.990,1.10347,1.10352,0.99,0.12
2022.03.04 00:31:14.092,1.10348,1.10353,0.99,0.12
2022.03.04 00:31:14.296,1.10348,1.10351,0.99,0.54
2022.03.04 00:31:14.399,1.10347,1.10351,0.90,0.12
2022.03.04 00:31:14.552,1.10345,1.1035,1.89,0.99
2022.03.04 00:31:14.654,1.10344,1.10349,0.99,0.12
2022.03.04 00:31:14.868,1.10345,1.1035,0.12,0.99
2022.03.04 00:31:14.971,1.10346,1.10351,0.12,2.52
2022.03.04 00:31:15.175,1.10347,1.10352,0.12,0.90
2022.03.04 00:31:18.393,1.10348,1.10352,0.12,0.90
2022.03.04 00:31:18.615,1.10348,1.10353,0.45,0.90
2022.03.04 00:31:18.717,1.10349,1.10354,0.45,1.66
2022.03.04 00:31:18.820,1.10347,1.10354,1.44,2.11
2022.03.04 00:31:19.691,1.10347,1.10353,1.44,0.45
2022.03.04 00:31:19.743,1.10342,1.10345,4.50,2.25
2022.03.04 00:31:19.845,1.10341,1.10343,1.80,4.50
2022.03.04 00:31:19.897,1.10335,1.1034,3.01,0.90
2022.03.04 00:31:19.999,1.10335,1.10339,0.76,2.79
2022.03.04 00:31:20.970,1.10335,1.10341,2.11,5.04
2022.03.04 00:31:22.160,1.10336,1.10341,0.67,0.12
2022.03.04 00:31:22.211,1.10338,1.10342,1.66,1.44
2022.03.04 00:31:22.314,1.10339,1.10344,0.31,2.43
2022.03.04 00:31:22.416,1.10341,1.10344,1.12,0.99
2022.03.04 00:31:22.569,1.1034,1.10346,0.31,2.79
2022.03.04 00:31:23.642,1.10342,1.10346,0.22,1.80
2022.03.04 00:31:23.744,1.10346,1.10348,0.12,2.43
2022.03.04 00:31:23.847,1.10346,1.10349,0.12,2.43
2022.03.04 00:31:23.898,1.10346,1.10352,0.12,4.59
2022.03.04 00:31:24.000,1.10345,1.10351,0.99,2.79
2022.03.04 00:31:24.103,1.10344,1.1035,0.12,3.69
2022.03.04 00:31:24.307,1.10346,1.10349,1.21,0.90
2022.03.04 00:31:24.460,1.10345,1.10351,3.01,2.52
2022.03.04 00:31:24.562,1.10346,1.10352,0.12,4.14
2022.03.04 00:31:25.103,1.10347,1.1035,0.12,0.90
2022.03.04 00:31:25.383,1.10349,1.10353,1.66,2.43
2022.03.04 00:31:25.587,1.10349,1.10355,1.21,0.99
2022.03.04 00:31:25.689,1.1035,1.10355,0.12,0.90
2022.03.04 00:31:25.791,1.1035,1.10356,0.12,3.24
2022.03.04 00:31:26.303,1.1035,1.10355,0.12,0.45
2022.03.04 00:31:27.167,1.1035,1.10356,0.12,2.34
2022.03.04 00:31:27.524,1.10352,1.10358,0.45,0.99
2022.03.04 00:31:28.843,1.10349,1.10354,3.69,1.80
2022.03.04 00:31:28.945,1.10347,1.10353,0.12,2.79
2022.03.04 00:31:29.048,1.10346,1.10352,0.12,3.24
2022.03.04 00:31:29.151,1.10347,1.10352,0.12,0.90
2022.03.04 00:31:29.253,1.10347,1.10353,0.12,1.44
2022.03.04 00:31:30.338,1.10347,1.10354,1.44,2.92
2022.03.04 00:31:30.892,1.10344,1.10346,0.90,2.34
2022.03.04 00:31:30.944,1.10341,1.10343,4.50,0.90
2022.03.04 00:31:30.996,1.10336,1.1034,1.75,0.45
2022.03.04 00:31:31.149,1.10336,1.10341,0.76,3.91
2022.03.04 00:31:31.201,1.10336,1.10338,0.76,2.79
2022.03.04 00:31:31.252,1.10333,1.10339,0.12,1.44
2022.03.04 00:31:33.362,1.10334,1.10339,0.12,0.90
2022.03.04 00:31:33.464,1.10335,1.1034,0.12,0.45
2022.03.04 00:31:33.566,1.10333,1.10339,0.99,0.99
2022.03.04 00:31:35.021,1.10333,1.10338,0.12,1.80
2022.03.04 00:31:35.123,1.1033,1.10336,5.26,1.89
2022.03.04 00:31:35.276,1.10328,1.10334,3.24,2.34
2022.03.04 00:31:35.378,1.10328,1.10333,2.34,1.80
2022.03.04 00:31:35.480,1.10328,1.10332,2.02,0.54
2022.03.04 00:31:35.583,1.10326,1.10327,1.80,2.70
2022.03.04 00:31:35.685,1.10322,1.10328,1.80,0.12
2022.03.04 00:31:35.787,1.10323,1.10328,0.90,0.45
2022.03.04 00:31:38.458,1.10324,1.10328,0.45,0.45
2022.03.04 00:31:38.561,1.10326,1.1033,1.35,2.43
2022.03.04 00:31:38.663,1.10328,1.10332,1.44,0.54
2022.03.04 00:31:38.715,1.10329,1.10333,1.12,0.54
2022.03.04 00:31:38.817,1.1033,1.10335,0.90,4.32
2022.03.04 00:31:40.240,1.1033,1.10336,3.46,2.52
2022.03.04 00:31:41.029,1.10329,1.10335,2.34,1.44
2022.03.04 00:31:41.132,1.10327,1.10332,2.79,0.90
2022.03.04 00:31:41.234,1.10329,1.10334,0.90,0.99
2022.03.04 00:31:42.110,1.10328,1.10333,1.12,0.12
2022.03.04 00:31:42.212,1.10329,1.10334,1.44,0.45
2022.03.04 00:31:42.315,1.10327,1.10329,2.34,1.80
2022.03.04 00:31:42.366,1.10323,1.10326,0.99,1.35
2022.03.04 00:31:42.469,1.1032,1.10326,2.79,4.05
2022.03.04 00:31:42.520,1.1032,1.10324,1.35,2.25
2022.03.04 00:31:42.622,1.10318,1.10324,0.90,0.99
2022.03.04 00:31:42.850,1.10319,1.10322,0.90,0.45
2022.03.04 00:31:43.373,1.10315,1.10319,0.90,0.90
2022.03.04 00:31:43.476,1.10315,1.10317,0.90,0.90
2022.03.04 00:31:43.578,1.10313,1.10318,0.90,0.45
2022.03.04 00:31:43.681,1.10311,1.10316,0.99,2.47
2022.03.04 00:31:43.783,1.10308,1.10314,0.99,1.21
2022.03.04 00:31:43.886,1.10308,1.10312,1.35,1.35
2022.03.04 00:31:43.988,1.10308,1.10313,0.45,2.70
2022.03.04 00:31:44.040,1.10306,1.1031,0.45,2.92
2022.03.04 00:31:44.091,1.10306,1.10312,1.89,0.12
2022.03.04 00:31:44.194,1.10304,1.10308,0.90,0.90
2022.03.04 00:31:44.296,1.10303,1.10309,1.44,1.89
2022.03.04 00:31:44.398,1.10303,1.10308,1.44,0.45
2022.03.04 00:31:44.552,1.10303,1.10309,1.44,0.54
2022.03.04 00:31:44.654,1.10304,1.10309,1.80,0.54
2022.03.04 00:31:44.966,1.1031,1.10312,1.12,2.43
2022.03.04 00:31:45.017,1.10316,1.10318,0.90,0.22
2022.03.04 00:31:45.119,1.10315,1.1032,1.35,0.12
2022.03.04 00:31:45.323,1.10314,1.10319,0.99,0.13
2022.03.04 00:31:45.629,1.10313,1.10319,0.99,0.13
2022.03.04 00:31:45.815,1.10316,1.10321,0.45,7.51
2022.03.04 00:31:45.918,1.10315,1.10321,1.89,2.97
2022.03.04 00:31:46.020,1.10315,1.1032,2.34,2.02
2022.03.04 00:31:46.124,1.10318,1.10322,1.35,2.70
2022.03.04 00:31:46.175,1.10318,1.10323,1.44,3.15
2022.03.04 00:31:46.277,1.10318,1.10324,0.99,0.90
2022.03.04 00:31:46.380,1.1032,1.10325,0.90,2.52
2022.03.04 00:31:46.533,1.10325,1.10327,1.35,2.43
2022.03.04 00:31:46.635,1.10325,1.1033,1.35,1.89
2022.03.04 00:31:46.788,1.10325,1.10331,1.44,1.89
2022.03.04 00:31:48.334,1.10324,1.1033,0.12,3.24
2022.03.04 00:31:48.436,1.10323,1.10329,0.99,0.45
2022.03.04 00:31:48.488,1.10321,1.10326,1.80,3.24
2022.03.04 00:31:48.653,1.1032,1.10326,1.89,3.24
2022.03.04 00:31:48.755,1.10321,1.10326,0.45,0.12
2022.03.04 00:31:48.858,1.10323,1.10328,0.45,5.58
2022.03.04 00:31:48.960,1.10323,1.10329,1.35,0.45
2022.03.04 00:31:49.164,1.10326,1.1033,1.35,3.78
2022.03.04 00:31:49.369,1.10325,1.10327,1.72,1.20
2022.03.04 00:31:49.420,1.10322,1.10326,2.25,0.90
2022.03.04 00:31:49.573,1.10321,1.10326,0.90,3.24
2022.03.04 00:31:50.642,1.10325,1.10328,0.45,2.43
2022.03.04 00:31:50.846,1.10326,1.1033,1.44,2.32
2022.03.04 00:31:50.949,1.10326,1.10331,0.90,0.54
2022.03.04 00:31:51.153,1.10328,1.10332,1.12,0.12
2022.03.04 00:31:51.204,1.10329,1.10335,2.47,4.23
2022.03.04 00:31:51.306,1.10331,1.10335,1.57,1.35
2022.03.04 00:31:51.409,1.10331,1.10336,0.90,0.90
2022.03.04 00:31:51.664,1.10334,1.10337,0.45,0.99
2022.03.04 00:31:51.715,1.10335,1.10339,1.35,2.43
2022.03.04 00:31:51.817,1.10336,1.10339,1.35,2.43
2022.03.04 00:31:51.869,1.10336,1.10341,1.35,1.44
2022.03.04 00:31:52.280,1.10335,1.10341,1.44,2.34
2022.03.04 00:31:53.133,1.10335,1.10339,0.90,4.05
2022.03.04 00:31:53.235,1.10333,1.10337,0.90,0.90
2022.03.04 00:31:53.337,1.10331,1.10335,0.90,1.80
2022.03.04 00:31:53.440,1.1033,1.10335,0.90,3.15
2022.03.04 00:31:53.948,1.1033,1.10333,0.90,0.90
2022.03.04 00:31:54.051,1.10328,1.10333,0.90,0.90
2022.03.04 00:31:54.153,1.10329,1.10333,0.90,0.45
2022.03.04 00:31:54.408,1.1033,1.10334,0.22,0.45
2022.03.04 00:31:54.460,1.1033,1.10336,1.57,3.33
2022.03.04 00:31:54.562,1.10331,1.10336,0.90,3.33
2022.03.04 00:31:54.715,1.10332,1.10336,0.45,0.90
2022.03.04 00:31:54.767,1.10333,1.10339,1.35,2.43
2022.03.04 00:31:54.869,1.10333,1.1034,1.35,4.36
2022.03.04 00:31:55.102,1.10333,1.10339,1.35,0.45
2022.03.04 00:31:55.458,1.10331,1.10336,1.35,1.89
2022.03.04 00:31:55.611,1.1033,1.10336,1.44,6.84
2022.03.04 00:31:55.713,1.10329,1.10335,1.89,0.54
2022.03.04 00:31:55.917,1.10329,1.10334,0.99,0.90
2022.03.04 00:31:57.050,1.10329,1.10333,1.44,4.23
2022.03.04 00:31:57.558,1.1033,1.10335,1.35,0.90
2022.03.04 00:31:57.661,1.10331,1.10336,1.35,3.33
2022.03.04 00:31:57.763,1.10333,1.10339,0.45,1.80
2022.03.04 00:31:59.211,1.10333,1.10337,0.90,0.45
2022.03.04 00:31:59.262,1.10331,1.10336,0.67,2.34
2022.03.04 00:31:59.365,1.10329,1.10334,2.34,1.35
2022.03.04 00:31:59.518,1.10328,1.10334,1.44,2.34
2022.03.04 00:31:59.773,1.10328,1.10333,1.44,0.45
2022.03.04 00:31:59.971,1.10328,1.10334,1.44,2.34
2022.03.04 00:32:00.175,1.10328,1.10333,1.44,0.45
2022.03.04 00:32:00.480,1.10328,1.1033,0.90,1.80
2022.03.04 00:32:00.532,1.10326,1.10331,0.90,3.69
2022.03.04 00:32:00.634,1.10324,1.10329,2.34,0.90
2022.03.04 00:32:00.838,1.10323,1.10329,2.34,3.14
2022.03.04 00:32:01.617,1.10326,1.10329,0.90,1.69
2022.03.04 00:32:01.719,1.10327,1.1033,0.45,2.43
2022.03.04 00:32:01.771,1.10328,1.10333,0.90,3.42
2022.03.04 00:32:04.528,1.10329,1.10334,1.35,0.54
2022.03.04 00:32:04.631,1.1033,1.10336,2.56,0.54
2022.03.04 00:32:04.733,1.10331,1.10337,1.44,5.04
2022.03.04 00:32:04.835,1.10331,1.10336,1.35,0.54
2022.03.04 00:32:04.887,1.10328,1.10331,1.80,0.90
2022.03.04 00:32:04.989,1.10327,1.10331,1.35,1.44
2022.03.04 00:32:05.092,1.10326,1.1033,1.35,0.99
2022.03.04 00:32:05.194,1.10324,1.10329,0.99,1.35
2022.03.04 00:32:06.521,1.10324,1.1033,1.35,0.90
2022.03.04 00:32:06.780,1.10324,1.10329,1.35,0.45
2022.03.04 00:32:06.831,1.10326,1.10331,1.35,2.02
2022.03.04 00:32:06.934,1.10328,1.10332,1.35,2.43
2022.03.04 00:32:06.985,1.1033,1.10335,0.45,1.89
2022.03.04 00:32:07.138,1.1033,1.10336,1.35,3.78
2022.03.04 00:32:07.241,1.10328,1.10334,1.35,1.35
2022.03.04 00:32:07.495,1.10328,1.10332,0.90,1.35
2022.03.04 00:32:07.547,1.10325,1.1033,1.44,1.35
2022.03.04 00:32:07.649,1.10324,1.10329,0.99,0.45
2022.03.04 00:32:08.171,1.10322,1.10327,0.54,1.35
2022.03.04 00:32:08.273,1.10321,1.10326,0.90,1.35
2022.03.04 00:32:08.376,1.10324,1.10327,0.45,3.46
2022.03.04 00:32:08.479,1.10329,1.10332,0.45,4.54
2022.03.04 00:32:08.632,1.10329,1.10333,0.90,2.43
2022.03.04 00:32:08.683,1.10329,1.10335,1.44,2.79
2022.03.04 00:32:08.934,1.1033,1.10335,0.99,2.70
2022.03.04 00:32:09.037,1.10331,1.10336,0.90,1.44
2022.03.04 00:32:10.801,1.10335,1.10339,1.44,3.33
2022.03.04 00:32:10.903,1.10337,1.1034,1.57,3.42
2022.03.04 00:32:11.006,1.10337,1.10341,1.89,2.43
2022.03.04 00:32:11.108,1.10338,1.10344,1.66,0.12
2022.03.04 00:32:11.713,1.10339,1.10344,0.90,0.54
2022.03.04 00:32:14.116,1.10341,1.10344,0.45,1.89
2022.03.04 00:32:14.218,1.10341,1.10346,0.90,3.42
2022.03.04 00:32:15.473,1.1034,1.10346,2.34,0.99
2022.03.04 00:32:15.575,1.10339,1.10345,1.21,0.54
2022.03.04 00:32:15.891,1.10337,1.10341,1.35,0.45
2022.03.04 00:32:15.994,1.10337,1.1034,1.66,0.45
2022.03.04 00:32:16.249,1.10336,1.1034,0.90,0.45
2022.03.04 00:32:16.300,1.10334,1.1034,1.44,1.89
2022.03.04 00:32:16.555,1.10334,1.10339,0.99,0.90
2022.03.04 00:32:16.657,1.10334,1.1034,0.99,2.34
2022.03.04 00:32:16.945,1.10335,1.10341,1.21,1.44
2022.03.04 00:32:17.047,1.10336,1.10341,0.22,0.54
2022.03.04 00:32:17.150,1.10337,1.10341,0.90,0.90
2022.03.04 00:32:18.586,1.10339,1.10344,1.35,2.43
2022.03.04 00:32:18.689,1.1034,1.10346,1.35,0.45
2022.03.04 00:32:19.018,1.10342,1.10348,1.57,0.12
2022.03.04 00:32:19.120,1.10345,1.1035,1.12,0.12
2022.03.04 00:32:19.223,1.10346,1.10351,0.90,0.54
2022.03.04 00:32:19.376,1.10345,1.10351,1.57,1.89
2022.03.04 00:32:19.479,1.10347,1.1035,0.90,0.12
2022.03.04 00:32:20.161,1.10347,1.10351,0.45,0.45
2022.03.04 00:32:20.376,1.1035,1.10355,1.35,0.12
2022.03.04 00:32:20.479,1.1035,1.10356,1.44,3.42
2022.03.04 00:32:20.581,1.10351,1.10356,2.47,0.12
2022.03.04 00:32:20.836,1.10356,1.10358,0.22,2.43
2022.03.04 00:32:21.041,1.10355,1.1036,0.90,1.89
2022.03.04 00:32:21.346,1.10355,1.10361,1.12,3.69
2022.03.04 00:32:21.500,1.10353,1.10356,1.35,0.45
2022.03.04 00:32:21.653,1.1035,1.10356,1.21,1.35
2022.03.04 00:32:21.806,1.10354,1.10357,0.22,2.79
2022.03.04 00:32:21.960,1.10352,1.10355,1.44,0.45
2022.03.04 00:32:22.418,1.10355,1.10359,0.90,2.43
2022.03.04 00:32:22.521,1.10355,1.10361,1.21,0.54
2022.03.04 00:32:22.635,1.10357,1.1036,1.44,0.45
2022.03.04 00:32:23.093,1.10356,1.1036,0.90,0.45
2022.03.04 00:32:23.351,1.10355,1.1036,0.90,1.89
2022.03.04 00:32:23.954,1.10354,1.1036,0.99,1.89
2022.03.04 00:32:24.056,1.10356,1.1036,1.35,0.90
2022.03.04 00:32:24.159,1.10356,1.10361,1.35,0.54
2022.03.04 00:32:24.829,1.10356,1.1036,0.90,0.90
2022.03.04 00:32:25.033,1.10354,1.10359,0.99,0.45
2022.03.04 00:32:25.187,1.10351,1.10356,2.34,1.80
2022.03.04 00:32:25.340,1.1035,1.10356,0.99,2.34
2022.03.04 00:32:25.553,1.1035,1.10355,0.99,0.45
2022.03.04 00:32:26.553,1.1035,1.10354,0.99,0.45
2022.03.04 00:32:26.605,1.10346,1.10351,2.34,1.80
2022.03.04 00:32:26.961,1.1035,1.10354,0.90,2.52
2022.03.04 00:32:27.115,1.10352,1.10357,0.90,0.99
2022.03.04 00:32:27.280,1.10351,1.10356,0.90,0.99
2022.03.04 00:32:28.305,1.10352,1.10356,0.90,0.54
2022.03.04 00:32:28.356,1.10354,1.10359,0.90,0.54
2022.03.04 00:32:29.281,1.10352,1.10355,0.90,0.90
2022.03.04 00:32:29.383,1.10352,1.10356,0.90,1.44
2022.03.04 00:32:29.485,1.10351,1.10355,0.90,0.12
2022.03.04 00:32:29.860,1.10347,1.10351,2.47,0.45
2022.03.04 00:32:30.064,1.10348,1.10354,0.67,3.42
2022.03.04 00:32:30.115,1.1035,1.10354,1.35,2.43
2022.03.04 00:32:30.217,1.10352,1.10353,0.90,2.43
2022.03.04 00:32:30.269,1.10351,1.10356,0.90,0.45
2022.03.04 00:32:30.676,1.10351,1.10355,0.90,0.45
2022.03.04 00:32:30.778,1.10351,1.10354,0.90,0.45
2022.03.04 00:32:31.469,1.10352,1.10354,0.90,0.45
2022.03.04 00:32:32.370,1.10352,1.10356,0.90,1.80
2022.03.04 00:32:32.739,1.10352,1.10355,0.90,1.89
2022.03.04 00:32:33.766,1.1035,1.10355,0.90,1.89
2022.03.04 00:32:33.818,1.10347,1.10351,0.90,1.35
2022.03.04 00:32:34.327,1.10348,1.10352,0.90,0.54
2022.03.04 00:32:34.429,1.1035,1.10354,0.90,2.43
2022.03.04 00:32:34.532,1.1035,1.10355,0.90,0.45
2022.03.04 00:32:34.717,1.10349,1.10355,0.99,1.80
2022.03.04 00:32:38.066,1.1035,1.10355,0.90,2.43
2022.03.04 00:32:38.168,1.1035,1.10356,0.90,0.90
2022.03.04 00:32:38.271,1.1035,1.10355,0.99,0.45
2022.03.04 00:32:39.056,1.10348,1.10354,1.89,0.12
2022.03.04 00:32:41.628,1.10349,1.10355,0.99,2.88
2022.03.04 00:32:41.781,1.10351,1.10354,0.99,0.45
2022.03.04 00:32:41.934,1.10349,1.10355,0.99,0.90
2022.03.04 00:32:42.341,1.1035,1.10356,1.44,0.12
2022.03.04 00:32:42.444,1.10349,1.10355,1.89,0.54
2022.03.04 00:32:43.054,1.1035,1.10355,0.31,0.45
2022.03.04 00:32:43.156,1.1035,1.10356,0.99,0.54
2022.03.04 00:32:43.736,1.1035,1.10354,0.99,0.54
2022.03.04 00:32:44.682,1.10349,1.10354,0.99,0.90
2022.03.04 00:32:44.734,1.10346,1.10351,1.44,0.45
2022.03.04 00:32:44.836,1.10345,1.10351,6.61,0.99
2022.03.04 00:32:45.045,1.10346,1.10351,0.67,0.99
2022.03.04 00:32:45.148,1.10349,1.10353,1.57,2.43
2022.03.04 00:32:45.250,1.1035,1.10353,1.66,0.45
2022.03.04 00:32:46.434,1.10348,1.10354,1.89,0.67
2022.03.04 00:32:46.536,1.10349,1.10353,0.90,0.90
2022.03.04 00:32:46.638,1.10348,1.10352,0.45,2.56
2022.03.04 00:32:46.741,1.10345,1.10346,1.35,1.80
2022.03.04 00:32:46.843,1.10344,1.10346,1.35,1.57
2022.03.04 00:32:46.895,1.10342,1.10345,0.12,2.02
2022.03.04 00:32:47.000,1.1034,1.10346,3.69,1.66
2022.03.04 00:32:47.103,1.10345,1.10347,0.45,1.89
2022.03.04 00:32:47.154,1.10345,1.10349,0.99,2.88
2022.03.04 00:32:47.307,1.10345,1.10351,1.44,1.21
2022.03.04 00:32:48.107,1.10345,1.1035,0.99,0.45
2022.03.04 00:32:48.209,1.10345,1.10351,0.99,1.21
2022.03.04 00:32:48.311,1.10345,1.1035,0.99,0.45
2022.03.04 00:32:48.413,1.10345,1.10351,0.99,1.21
2022.03.04 00:32:48.617,1.10344,1.1035,0.12,2.56
2022.03.04 00:32:48.783,1.10344,1.10349,0.12,0.22
2022.03.04 00:32:48.937,1.10344,1.1035,0.12,2.56
2022.03.04 00:32:49.039,1.10345,1.1035,0.12,2.47
2022.03.04 00:32:49.141,1.10345,1.10351,1.44,1.44
2022.03.04 00:32:50.481,1.10347,1.10353,0.99,0.22
2022.03.04 00:32:50.583,1.10348,1.10354,1.44,1.57
2022.03.04 00:32:51.923,1.1035,1.10356,0.45,2.34
2022.03.04 00:32:52.025,1.10351,1.10357,0.54,4.09
2022.03.04 00:32:52.128,1.1035,1.10356,0.12,2.56
2022.03.04 00:32:53.150,1.10351,1.10354,0.12,0.45
2022.03.04 00:32:53.252,1.10349,1.10355,0.12,0.54
2022.03.04 00:32:53.560,1.10347,1.10352,0.12,0.12
2022.03.04 00:32:55.527,1.10348,1.10352,0.45,0.12
2022.03.04 00:32:56.963,1.10346,1.1035,0.45,0.12
2022.03.04 00:32:57.682,1.10347,1.1035,0.45,0.76
2022.03.04 00:32:57.988,1.10346,1.1035,0.45,0.54
2022.03.04 00:32:58.527,1.10347,1.1035,0.45,0.12
2022.03.04 00:32:58.579,1.10348,1.10352,0.45,2.43
2022.03.04 00:32:58.681,1.10348,1.10354,0.45,1.21
2022.03.04 00:32:59.007,1.10347,1.10354,3.24,1.21
2022.03.04 00:32:59.262,1.10344,1.10346,1.35,0.31
2022.03.04 00:32:59.314,1.1034,1.10345,0.85,2.25
2022.03.04 00:32:59.365,1.10339,1.10341,1.81,1.99
2022.03.04 00:32:59.417,1.10337,1.10342,0.54,0.90
2022.03.04 00:32:59.469,1.10335,1.10338,0.45,0.12
2022.03.04 00:32:59.571,1.10334,1.10338,2.34,0.90
2022.03.04 00:32:59.674,1.10334,1.10337,0.90,0.45
2022.03.04 00:32:59.725,1.10332,1.10336,0.12,1.57
2022.03.04 00:33:00.004,1.10333,1.10336,0.12,3.60
2022.03.04 00:33:00.107,1.10332,1.10338,0.12,1.66
2022.03.04 00:33:00.802,1.10332,1.10336,0.12,0.45
2022.03.04 00:33:01.006,1.10333,1.10337,0.90,0.12
2022.03.04 00:33:01.109,1.10332,1.10338,1.89,2.52
2022.03.04 00:33:01.375,1.10334,1.10338,0.45,0.12
2022.03.04 00:33:01.478,1.10334,1.1034,2.34,1.35
2022.03.04 00:33:01.529,1.10337,1.10341,0.90,2.43
2022.03.04 00:33:01.581,1.10338,1.10342,1.89,0.99
2022.03.04 00:33:03.647,1.10338,1.10343,0.45,0.99
2022.03.04 00:33:03.749,1.10339,1.10343,1.89,2.34
2022.03.04 00:33:03.953,1.10337,1.10343,0.99,0.54
2022.03.04 00:33:06.423,1.10335,1.1034,0.12,1.21
2022.03.04 00:33:06.525,1.10334,1.10339,1.44,0.31
2022.03.04 00:33:06.627,1.10333,1.10338,0.12,0.12
2022.03.04 00:33:07.169,1.10334,1.10338,0.45,0.12
2022.03.04 00:33:07.591,1.10334,1.10339,0.54,0.76
2022.03.04 00:33:08.293,1.10336,1.10339,0.54,0.54
2022.03.04 00:33:08.817,1.10333,1.10339,0.54,0.22
2022.03.04 00:33:11.348,1.10334,1.10339,0.45,2.47
2022.03.04 00:33:11.649,1.10333,1.10339,0.45,1.57
2022.03.04 00:33:12.226,1.10334,1.10339,0.12,0.76
2022.03.04 00:33:13.730,1.10332,1.10336,0.54,0.90
2022.03.04 00:33:13.832,1.1033,1.10335,0.99,2.11
2022.03.04 00:33:13.935,1.10329,1.10333,1.35,0.12
2022.03.04 00:33:14.037,1.10328,1.10333,0.12,0.54
2022.03.04 00:33:14.140,1.10326,1.10331,0.99,0.12
2022.03.04 00:33:14.242,1.10326,1.10329,1.44,0.12
2022.03.04 00:33:14.344,1.10324,1.10328,1.35,0.31
2022.03.04 00:33:14.447,1.10322,1.10328,1.80,0.22
2022.03.04 00:33:18.049,1.10321,1.10327,1.89,0.12
2022.03.04 00:33:18.258,1.10322,1.10327,0.90,0.12
2022.03.04 00:33:18.361,1.10326,1.10329,1.80,0.12
2022.03.04 00:33:18.464,1.10328,1.1033,0.45,2.43
2022.03.04 00:33:18.515,1.1033,1.10334,0.99,2.70
2022.03.04 00:33:18.618,1.10331,1.10336,0.99,2.52
2022.03.04 00:33:18.821,1.10331,1.10337,1.89,0.90
2022.03.04 00:33:18.924,1.10331,1.10338,1.89,4.23
2022.03.04 00:33:19.065,1.10333,1.10337,0.90,3.33
2022.03.04 00:33:19.218,1.10334,1.10339,0.99,0.12
2022.03.04 00:33:19.321,1.10335,1.1034,0.12,0.99
2022.03.04 00:33:19.474,1.10336,1.10341,0.99,0.12
2022.03.04 00:33:19.627,1.10336,1.10342,1.44,0.90
2022.03.04 00:33:19.730,1.10339,1.10344,0.12,3.42
2022.03.04 00:33:20.416,1.10339,1.10341,0.90,2.70
2022.03.04 00:33:20.468,1.10336,1.10339,1.35,0.90
2022.03.04 00:33:20.571,1.10336,1.10338,1.35,0.12
2022.03.04 00:33:20.622,1.10333,1.10338,0.12,0.12
2022.03.04 00:33:20.725,1.10332,1.10338,0.90,0.90
2022.03.04 00:33:21.693,1.10332,1.10334,0.45,0.12
2022.03.04 00:33:21.795,1.1033,1.10335,0.99,0.12
2022.03.04 00:33:22.202,1.10329,1.10334,1.89,0.12
2022.03.04 00:33:22.761,1.1033,1.10335,0.54,0.12
2022.03.04 00:33:23.016,1.10334,1.10337,0.12,2.43
2022.03.04 00:33:23.119,1.10334,1.10339,0.12,0.12
2022.03.04 00:33:23.221,1.10334,1.10338,0.90,0.22
2022.03.04 00:33:23.323,1.10332,1.10339,1.80,1.66
2022.03.04 00:33:24.730,1.10333,1.10339,0.45,0.76
2022.03.04 00:33:24.934,1.10333,1.10338,1.35,0.76
2022.03.04 00:33:26.314,1.10333,1.10339,0.90,1.21
2022.03.04 00:33:26.643,1.10333,1.10338,0.90,0.90
2022.03.04 00:33:27.295,1.10334,1.10338,0.90,2.56
2022.03.04 00:33:27.397,1.10333,1.10338,0.99,0.12
2022.03.04 00:33:28.433,1.10333,1.10336,0.99,0.99
2022.03.04 00:33:30.228,1.10332,1.10336,0.12,0.45
2022.03.04 00:33:30.280,1.1033,1.10335,0.99,1.21
2022.03.04 00:33:30.382,1.10328,1.10333,2.34,0.12
2022.03.04 00:33:30.484,1.10325,1.1033,6.39,0.12
2022.03.04 00:33:30.587,1.10327,1.10332,1.44,0.12
2022.03.04 00:33:32.177,1.10325,1.1033,2.34,1.89
2022.03.04 00:33:32.279,1.10324,1.10328,1.35,0.12
2022.03.04 00:33:32.381,1.10323,1.10327,0.90,0.12
2022.03.04 00:33:33.313,1.10321,1.10326,0.12,2.56
2022.03.04 00:33:33.415,1.1032,1.10325,1.89,0.12
2022.03.04 00:33:33.670,1.1032,1.10323,0.99,0.31
2022.03.04 00:33:34.113,1.10321,1.10326,0.12,0.99
2022.03.04 00:33:34.215,1.10322,1.10327,0.12,2.52
2022.03.04 00:33:34.470,1.10323,1.10328,0.99,0.12
2022.03.04 00:33:34.572,1.10324,1.10329,0.12,0.99
2022.03.04 00:33:35.269,1.10323,1.10327,0.90,0.12
2022.03.04 00:33:35.374,1.10322,1.10327,0.99,0.12
2022.03.04 00:33:36.169,1.10319,1.10324,2.34,0.90
2022.03.04 00:33:36.271,1.10318,1.10324,3.15,2.56
2022.03.04 00:33:36.374,1.10318,1.10323,0.90,0.45
2022.03.04 00:33:36.476,1.10318,1.10324,0.90,3.46
2022.03.04 00:33:36.775,1.10318,1.10323,0.90,0.90
2022.03.04 00:33:36.877,1.10316,1.10321,0.90,0.67
2022.03.04 00:33:36.980,1.10316,1.10322,1.80,2.56
2022.03.04 00:33:37.661,1.1032,1.10324,0.54,2.43
2022.03.04 00:33:37.865,1.1032,1.10323,0.12,0.12
2022.03.04 00:33:37.968,1.10318,1.10325,0.90,3.46
2022.03.04 00:33:39.190,1.10318,1.10324,0.90,2.43
2022.03.04 00:33:39.871,1.10319,1.10324,0.54,0.12
2022.03.04 00:33:40.177,1.10318,1.10324,0.90,1.80
2022.03.04 00:33:40.387,1.10318,1.10322,0.99,0.90
2022.03.04 00:33:40.489,1.10318,1.10322,0.90,0.90
2022.03.04 00:33:40.710,1.10318,1.10323,0.90,5.44
2022.03.04 00:33:41.170,1.10317,1.10322,0.90,0.90
2022.03.04 00:33:41.328,1.10317,1.10323,0.90,1.35
2022.03.04 00:33:42.164,1.10317,1.10324,0.90,5.89
2022.03.04 00:33:42.292,1.10317,1.10323,0.90,0.90
2022.03.04 00:33:42.395,1.10312,1.10317,4.14,0.12
2022.03.04 00:33:42.599,1.10312,1.10316,0.12,0.22
2022.03.04 00:33:42.701,1.10312,1.10317,2.79,2.02
2022.03.04 00:33:42.753,1.10311,1.10316,0.12,0.22
2022.03.04 00:33:42.805,1.10311,1.10318,0.12,2.92
2022.03.04 00:33:43.630,1.10311,1.10316,0.12,1.21
2022.03.04 00:33:43.834,1.10313,1.10318,0.90,4.81
2022.03.04 00:33:44.299,1.10311,1.10316,0.54,0.12
2022.03.04 00:33:44.452,1.1031,1.10312,0.99,1.80
2022.03.04 00:33:44.504,1.10309,1.10311,0.12,1.12
2022.03.04 00:33:44.606,1.10307,1.10313,2.34,0.22
2022.03.04 00:33:44.759,1.10307,1.10314,0.99,2.02
2022.03.04 00:33:44.861,1.10308,1.10315,2.79,3.10
2022.03.04 00:33:45.116,1.10307,1.10314,1.44,3.46
2022.03.04 00:33:45.520,1.10301,1.10303,1.80,0.99
2022.03.04 00:33:45.623,1.10302,1.10304,1.35,0.90
2022.03.04 00:33:45.674,1.10298,1.10302,4.50,0.12
2022.03.04 00:33:45.776,1.10297,1.10302,0.11,0.99
2022.03.04 00:33:45.930,1.10296,1.103,0.53,1.12
2022.03.04 00:33:46.083,1.10294,1.10301,0.98,4.36
2022.03.04 00:33:46.185,1.10294,1.103,0.98,0.90
2022.03.04 00:33:46.492,1.10294,1.10298,0.98,0.90
2022.03.04 00:33:46.543,1.10293,1.10296,0.11,0.90
2022.03.04 00:33:46.645,1.10291,1.10297,0.53,0.90
2022.03.04 00:33:47.248,1.10292,1.10297,0.45,0.99
2022.03.04 00:33:47.350,1.10292,1.10298,0.54,1.21
2022.03.04 00:33:49.423,1.10294,1.103,0.99,3.01
2022.03.04 00:33:49.627,1.10293,1.10299,0.12,2.11
2022.03.04 00:33:49.730,1.10292,1.10298,0.99,0.12
2022.03.04 00:33:50.679,1.10291,1.10297,1.44,0.12
2022.03.04 00:33:52.073,1.10289,1.10293,0.99,0.22
2022.03.04 00:33:52.175,1.10288,1.10292,1.44,2.92
2022.03.04 00:33:52.278,1.10286,1.10292,1.44,2.97
2022.03.04 00:33:52.329,1.10288,1.10292,0.99,2.43
2022.03.04 00:33:52.432,1.1029,1.10292,0.12,2.43
2022.03.04 00:33:52.483,1.10288,1.10294,0.12,0.99
2022.03.04 00:33:52.856,1.10287,1.10293,0.12,0.12
2022.03.04 00:33:55.607,1.10289,1.10294,0.12,0.12
2022.03.04 00:33:55.760,1.1029,1.10295,0.12,0.99
2022.03.04 00:33:56.745,1.10288,1.10293,0.12,0.12
2022.03.04 00:33:56.898,1.10287,1.10292,0.12,0.12
2022.03.04 00:33:57.000,1.10283,1.10285,1.35,0.90
2022.03.04 00:33:57.103,1.10281,1.10284,4.50,1.12
2022.03.04 00:33:57.205,1.10276,1.10283,4.14,0.31
2022.03.04 00:33:57.511,1.10277,1.10283,1.80,0.99
2022.03.04 00:33:57.991,1.10276,1.10283,2.34,0.99
2022.03.04 00:33:58.385,1.10281,1.10284,0.99,0.12
2022.03.04 00:33:58.488,1.10283,1.10285,1.44,2.43
2022.03.04 00:33:58.590,1.10283,1.10289,1.44,0.12
2022.03.04 00:33:58.995,1.10284,1.1029,0.99,2.79
2022.03.04 00:33:59.097,1.10286,1.10291,0.12,0.90
2022.03.04 00:33:59.200,1.10286,1.10292,0.99,0.12
2022.03.04 00:33:59.353,1.10287,1.10293,3.91,0.12
2022.03.04 00:33:59.455,1.1029,1.10295,0.45,0.12
2022.03.04 00:33:59.852,1.1029,1.10296,1.44,0.12
2022.03.04 00:34:00.107,1.1029,1.10295,0.54,0.45
2022.03.04 00:34:00.311,1.10288,1.10294,0.54,3.01
2022.03.04 00:34:00.413,1.10287,1.10293,0.99,0.99
2022.03.04 00:34:01.385,1.10288,1.10294,1.89,0.12
2022.03.04 00:34:01.488,1.1029,1.10294,0.54,2.52
2022.03.04 00:34:04.108,1.10289,1.10293,0.45,0.90
2022.03.04 00:34:04.210,1.10289,1.10295,0.45,3.01
2022.03.04 00:34:04.313,1.10288,1.10294,0.12,2.02
2022.03.04 00:34:04.491,1.10288,1.10293,2.34,0.31
2022.03.04 00:34:04.661,1.1029,1.10295,0.45,2.43
2022.03.04 00:34:04.713,1.1029,1.10297,0.54,1.66
2022.03.04 00:34:04.917,1.10293,1.10299,1.35,2.52
2022.03.04 00:34:05.121,1.10293,1.103,1.66,3.24
2022.03.04 00:34:06.135,1.10293,1.10299,0.31,0.90
2022.03.04 00:34:06.783,1.10292,1.10299,1.89,0.99
2022.03.04 00:34:06.886,1.10291,1.10297,0.76,0.99
2022.03.04 00:34:07.140,1.10291,1.10296,0.22,0.99
2022.03.04 00:34:07.942,1.1029,1.10296,1.21,0.99
2022.03.04 00:34:08.044,1.1029,1.10295,0.90,1.89
2022.03.04 00:34:08.146,1.10289,1.10295,0.12,3.24
2022.03.04 00:34:08.249,1.10287,1.10293,0.12,2.79
2022.03.04 00:34:08.351,1.10286,1.10292,1.44,2.34
2022.03.04 00:34:08.453,1.10285,1.10291,1.21,0.54
2022.03.04 00:34:09.121,1.10288,1.1029,0.45,0.12
2022.03.04 00:34:09.172,1.10288,1.10293,1.44,2.43
2022.03.04 00:34:09.275,1.10289,1.10295,2.11,0.54
2022.03.04 00:34:09.377,1.1029,1.10295,0.31,0.45
2022.03.04 00:34:09.581,1.1029,1.10296,0.31,1.44
2022.03.04 00:34:09.683,1.10291,1.10294,1.66,0.45
2022.03.04 00:34:09.785,1.1029,1.10296,1.44,1.66
2022.03.04 00:34:09.938,1.10291,1.10296,1.12,0.12
2022.03.04 00:34:10.091,1.1029,1.10296,1.44,0.12
2022.03.04 00:34:10.398,1.10292,1.10299,3.82,4.77
2022.03.04 00:34:11.061,1.10291,1.10298,1.35,2.34
2022.03.04 00:34:11.164,1.10289,1.10292,1.35,2.25
2022.03.04 00:34:11.216,1.10287,1.10289,0.90,1.35
2022.03.04 00:34:11.267,1.10285,1.1029,0.45,0.99
2022.03.04 00:34:11.369,1.10285,1.10291,0.54,0.12
2022.03.04 00:34:11.472,1.10286,1.10291,0.45,0.12
2022.03.04 00:34:11.574,1.10286,1.10293,1.35,3.46
2022.03.04 00:34:12.218,1.10286,1.10292,0.90,0.22
2022.03.04 00:34:12.334,1.10285,1.10292,1.35,1.12
2022.03.04 00:34:12.768,1.10287,1.10293,3.91,0.12
2022.03.04 00:34:12.870,1.10288,1.10294,0.90,2.88
2022.03.04 00:34:12.972,1.10287,1.10293,1.35,0.45
2022.03.04 00:34:13.227,1.10287,1.10291,0.12,1.12
2022.03.04 00:34:13.278,1.10284,1.10291,0.12,1.44
2022.03.04 00:34:13.380,1.10283,1.10289,1.35,2.79
2022.03.04 00:34:13.483,1.10282,1.10289,1.89,3.01
2022.03.04 00:34:13.636,1.10282,1.10288,1.89,0.67
2022.03.04 00:34:13.738,1.1028,1.10285,1.80,0.99
2022.03.04 00:34:13.840,1.10279,1.10284,1.35,0.99
2022.03.04 00:34:13.942,1.10278,1.10284,0.54,0.99
2022.03.04 00:34:15.012,1.10278,1.10283,0.12,0.90
2022.03.04 00:34:15.367,1.10279,1.10285,0.54,2.52
2022.03.04 00:34:15.418,1.10277,1.10282,0.45,2.11
2022.03.04 00:34:15.470,1.10278,1.10284,0.12,3.24
2022.03.04 00:34:15.572,1.10277,1.10281,0.12,0.99
2022.03.04 00:34:19.272,1.10276,1.10281,0.22,0.90
2022.03.04 00:34:21.957,1.10276,1.10282,0.31,0.99
2022.03.04 00:34:23.537,1.10279,1.10284,1.21,2.43
2022.03.04 00:34:23.642,1.10282,1.10284,0.22,2.43
2022.03.04 00:34:23.696,1.10283,1.10289,1.66,4.59
2022.03.04 00:34:27.030,1.10284,1.10289,0.12,0.54
2022.03.04 00:34:29.581,1.10286,1.1029,0.99,1.80
2022.03.04 00:34:29.684,1.1029,1.10292,0.12,2.43
2022.03.04 00:34:29.735,1.10291,1.10296,0.12,0.12
2022.03.04 00:34:29.787,1.10294,1.10296,0.12,4.50
2022.03.04 00:34:29.889,1.10294,1.10298,0.12,2.43
2022.03.04 00:34:29.991,1.10294,1.10299,0.12,0.12
2022.03.04 00:34:30.489,1.10292,1.10297,0.12,0.54
2022.03.04 00:34:30.740,1.10294,1.10299,0.12,2.43
2022.03.04 00:34:30.842,1.10294,1.103,2.56,0.12
2022.03.04 00:34:30.945,1.10295,1.10301,2.56,0.99
2022.03.04 00:34:32.574,1.10295,1.10299,0.12,0.90
2022.03.04 00:34:32.677,1.10294,1.10299,0.12,2.34
2022.03.04 00:34:32.779,1.10292,1.10298,0.31,1.44
2022.03.04 00:34:32.882,1.10292,1.10297,0.12,0.45
2022.03.04 00:34:32.984,1.10291,1.10296,0.54,0.12
2022.03.04 00:34:33.086,1.10294,1.10296,0.90,0.12
2022.03.04 00:34:33.138,1.10294,1.10299,0.99,0.12
2022.03.04 00:34:33.240,1.10296,1.10299,0.12,2.52
2022.03.04 00:34:33.291,1.10297,1.10302,0.12,0.12
2022.03.04 00:34:33.444,1.10295,1.10302,1.89,0.99
2022.03.04 00:34:33.654,1.10297,1.10301,0.45,0.54
2022.03.04 00:34:33.756,1.10298,1.10301,0.12,0.54
2022.03.04 00:34:34.295,1.10299,1.10304,0.12,2.52
2022.03.04 00:34:39.941,1.10297,1.10299,1.35,1.89
2022.03.04 00:34:40.043,1.10296,1.10298,1.35,0.99
2022.03.04 00:34:40.145,1.10293,1.10298,0.12,1.89
2022.03.04 00:34:40.441,1.10292,1.10297,0.12,0.12
2022.03.04 00:34:42.236,1.1029,1.10293,1.35,0.90
2022.03.04 00:34:42.389,1.10287,1.10293,0.12,2.34
2022.03.04 00:34:42.491,1.10286,1.10292,0.12,0.99
2022.03.04 00:34:42.791,1.10288,1.10294,0.12,4.77
2022.03.04 00:34:42.893,1.10287,1.10292,0.99,0.31
2022.03.04 00:34:42.996,1.10287,1.1029,0.12,0.99
2022.03.04 00:34:43.908,1.10291,1.10294,0.54,2.43
2022.03.04 00:34:44.010,1.10295,1.10296,0.12,4.50
2022.03.04 00:34:44.164,1.10294,1.10299,0.12,0.12
2022.03.04 00:34:45.083,1.10293,1.10298,0.12,0.99
2022.03.04 00:34:47.020,1.10291,1.10296,0.54,1.44
2022.03.04 00:34:47.124,1.1029,1.10295,0.12,1.89
2022.03.04 00:34:47.227,1.10289,1.10294,0.12,1.44
2022.03.04 00:34:47.332,1.10288,1.10293,0.12,0.12
2022.03.04 00:34:48.665,1.10287,1.10292,0.12,0.12
2022.03.04 00:34:53.456,1.10286,1.10289,0.12,3.15
2022.03.04 00:34:53.508,1.10283,1.10288,1.44,1.44
2022.03.04 00:34:53.610,1.10283,1.10286,1.35,0.12
2022.03.04 00:34:53.662,1.10283,1.10288,1.35,1.35
2022.03.04 00:34:53.764,1.10284,1.10289,0.12,0.12
2022.03.04 00:34:53.816,1.10286,1.10291,0.54,2.52
2022.03.04 00:34:53.918,1.10288,1.10293,1.89,0.12
2022.03.04 00:34:54.020,1.1029,1.10293,0.12,0.54
2022.03.04 00:34:56.294,1.10288,1.10293,0.99,0.12
2022.03.04 00:34:59.778,1.10289,1.10294,0.12,0.54
2022.03.04 00:34:59.984,1.10288,1.10289,0.99,1.80
2022.03.04 00:35:00.035,1.10285,1.1029,0.12,2.79
2022.03.04 00:35:00.087,1.10283,1.10288,1.44,0.54
2022.03.04 00:35:00.615,1.1028,1.10285,1.44,0.12
2022.03.04 00:35:00.717,1.10277,1.10282,1.44,0.99
2022.03.04 00:35:00.826,1.10277,1.10281,1.35,0.12
2022.03.04 00:35:00.929,1.10276,1.10281,0.12,0.31
2022.03.04 00:35:01.031,1.10275,1.1028,0.12,1.44
2022.03.04 00:35:01.133,1.10274,1.10279,0.12,0.99
2022.03.04 00:35:01.286,1.10273,1.10278,0.99,0.12
2022.03.04 00:35:01.591,1.10274,1.10279,0.12,0.12
2022.03.04 00:35:02.695,1.10275,1.1028,0.12,2.52
2022.03.04 00:35:02.800,1.10276,1.10281,1.44,0.12
2022.03.04 00:35:02.903,1.10277,1.10282,0.12,2.43
2022.03.04 00:35:03.005,1.10277,1.10283,0.12,0.45
2022.03.04 00:35:03.108,1.10279,1.10283,0.90,2.97
2022.03.04 00:35:03.210,1.10274,1.10279,2.56,0.99
2022.03.04 00:35:03.313,1.10274,1.10277,1.35,0.12
2022.03.04 00:35:03.415,1.10273,1.10276,0.12,0.12
2022.03.04 00:35:03.518,1.10274,1.10279,0.12,2.52
2022.03.04 00:35:03.620,1.10275,1.1028,0.12,0.54
2022.03.04 00:35:03.723,1.10276,1.10281,0.12,2.52
2022.03.04 00:35:03.826,1.10276,1.10283,0.99,0.99
2022.03.04 00:35:03.877,1.10275,1.10281,1.66,0.12
2022.03.04 00:35:03.980,1.10276,1.10282,0.99,0.12
2022.03.04 00:35:04.082,1.10274,1.1028,0.12,3.24
2022.03.04 00:35:04.184,1.10273,1.10277,1.35,0.12
2022.03.04 00:35:04.287,1.10272,1.10277,0.12,0.12
2022.03.04 00:35:04.864,1.10273,1.10278,0.12,0.12
2022.03.04 00:35:05.017,1.10272,1.10277,0.12,0.12
2022.03.04 00:35:05.897,1.10274,1.10279,0.12,0.12
2022.03.04 00:35:06.051,1.10275,1.1028,0.12,2.97
2022.03.04 00:35:06.153,1.10274,1.10279,0.12,0.99
2022.03.04 00:35:08.085,1.10274,1.10278,0.12,0.90
2022.03.04 00:35:08.136,1.1027,1.10274,1.35,0.90
2022.03.04 00:35:08.239,1.10267,1.10273,2.79,2.34
2022.03.04 00:35:08.392,1.10266,1.10272,1.44,0.99
2022.03.04 00:35:08.444,1.10269,1.10275,0.12,0.54
2022.03.04 00:35:09.202,1.10268,1.10273,0.90,0.12
2022.03.04 00:35:09.305,1.10267,1.10273,0.99,0.12
2022.03.04 00:35:09.715,1.10269,1.10274,0.99,1.89
2022.03.04 00:35:09.817,1.1027,1.10275,0.12,2.97
2022.03.04 00:35:10.485,1.10269,1.10274,0.12,1.89
2022.03.04 00:35:10.587,1.10268,1.10273,0.12,1.44
2022.03.04 00:35:11.895,1.10268,1.10272,0.12,0.45
2022.03.04 00:35:11.947,1.10266,1.10271,0.12,0.12
2022.03.04 00:35:12.050,1.10267,1.10274,0.99,0.12
2022.03.04 00:35:12.154,1.10268,1.10275,1.44,0.99
2022.03.04 00:35:12.256,1.10269,1.10275,0.12,0.99
2022.03.04 00:35:13.322,1.10268,1.10274,0.99,0.12
2022.03.04 00:35:13.526,1.10267,1.10273,0.99,1.44
2022.03.04 00:35:15.453,1.10269,1.10275,0.12,0.99
2022.03.04 00:35:15.810,1.10268,1.10274,0.12,0.99
2022.03.04 00:35:15.912,1.10268,1.10273,0.12,0.90
2022.03.04 00:35:18.048,1.10268,1.10272,1.44,0.99
2022.03.04 00:35:20.223,1.1027,1.10275,1.44,3.42
2022.03.04 00:35:20.325,1.10272,1.10275,0.90,2.43
2022.03.04 00:35:20.377,1.10274,1.10278,0.12,4.50
2022.03.04 00:35:20.480,1.10278,1.1028,0.90,2.70
2022.03.04 00:35:20.532,1.10279,1.10282,0.12,2.43
2022.03.04 00:35:20.634,1.1028,1.10285,0.12,0.12
2022.03.04 00:35:20.737,1.10279,1.10284,0.99,0.12
2022.03.04 00:35:20.788,1.10281,1.10286,0.54,0.54
2022.03.04 00:35:20.840,1.10283,1.10289,0.54,0.12
2022.03.04 00:35:20.993,1.10284,1.1029,0.12,2.52
2022.03.04 00:35:21.045,1.10283,1.10288,1.44,1.80
2022.03.04 00:35:21.148,1.10282,1.10288,2.11,2.11
2022.03.04 00:35:21.250,1.10283,1.10286,0.54,0.22
2022.03.04 00:35:22.375,1.10284,1.10288,1.35,2.43
2022.03.04 00:35:22.528,1.10285,1.10289,0.99,0.12
2022.03.04 00:35:22.783,1.10283,1.10289,0.12,4.59
2022.03.04 00:35:22.847,1.10285,1.1029,0.12,0.31
2022.03.04 00:35:22.950,1.10285,1.10292,2.79,0.12
2022.03.04 00:35:23.001,1.10289,1.10292,0.90,0.12
2022.03.04 00:35:23.104,1.1029,1.10293,0.12,2.43
2022.03.04 00:35:23.156,1.10292,1.10295,0.12,0.12
2022.03.04 00:35:23.258,1.1029,1.10296,0.12,0.12
2022.03.04 00:35:23.361,1.10292,1.10296,0.99,0.99
2022.03.04 00:35:23.514,1.10292,1.10298,0.12,0.99
2022.03.04 00:35:24.244,1.10293,1.10298,0.45,0.12
2022.03.04 00:35:25.479,1.10293,1.10299,0.99,1.66
2022.03.04 00:35:25.581,1.10294,1.103,1.66,0.31
2022.03.04 00:35:25.683,1.10295,1.103,0.45,0.31
2022.03.04 00:35:25.785,1.10295,1.10301,0.12,0.76
2022.03.04 00:35:25.951,1.10294,1.103,1.66,0.12
2022.03.04 00:35:26.199,1.10293,1.10299,1.66,1.44
2022.03.04 00:35:26.402,1.10294,1.10299,0.45,0.54
2022.03.04 00:35:26.752,1.10298,1.10302,0.90,3.33
2022.03.04 00:35:26.906,1.103,1.10302,0.99,2.43
2022.03.04 00:35:26.957,1.10301,1.10306,0.12,0.12
2022.03.04 00:35:27.060,1.10302,1.10306,1.66,2.43
2022.03.04 00:35:27.162,1.10302,1.10309,1.44,0.90
2022.03.04 00:35:27.264,1.10302,1.1031,2.56,2.34
2022.03.04 00:35:27.316,1.10304,1.10311,2.47,0.99
2022.03.04 00:35:27.621,1.10305,1.10311,0.45,1.44
2022.03.04 00:35:28.010,1.10306,1.10309,1.66,0.12
2022.03.04 00:35:28.112,1.10307,1.1031,0.54,0.54
2022.03.04 00:35:28.265,1.10306,1.1031,0.45,0.12
2022.03.04 00:35:28.469,1.10306,1.10311,0.54,0.54
2022.03.04 00:35:28.572,1.10309,1.10315,0.45,5.58
2022.03.04 00:35:30.048,1.10311,1.10315,0.90,1.89
2022.03.04 00:35:30.151,1.10312,1.10316,0.90,0.12
2022.03.04 00:35:30.253,1.10313,1.10317,1.35,0.12
2022.03.04 00:35:30.304,1.10314,1.1032,1.35,1.44
2022.03.04 00:35:30.458,1.10315,1.10319,0.22,0.12
2022.03.04 00:35:30.560,1.10316,1.10321,0.54,0.12
2022.03.04 00:35:30.663,1.10319,1.10323,0.99,2.43
2022.03.04 00:35:30.765,1.10319,1.10324,0.99,0.12
2022.03.04 00:35:31.122,1.10318,1.10325,0.90,3.46
2022.03.04 00:35:31.604,1.10319,1.10324,0.99,0.12
2022.03.04 00:35:31.706,1.10321,1.10326,0.90,2.97
2022.03.04 00:35:31.808,1.1032,1.10326,0.12,1.66
2022.03.04 00:35:32.064,1.10319,1.10325,0.12,2.34
2022.03.04 00:35:32.421,1.10323,1.10326,0.12,2.43
2022.03.04 00:35:32.523,1.10325,1.10326,0.31,4.45
2022.03.04 00:35:32.575,1.10327,1.10332,0.54,0.12
2022.03.04 00:35:32.728,1.10329,1.10334,0.90,0.99
2022.03.04 00:35:32.830,1.1033,1.10335,0.90,0.12
2022.03.04 00:35:32.983,1.10329,1.10335,1.44,0.12
2022.03.04 00:35:34.508,1.10327,1.1033,1.35,0.12
2022.03.04 00:35:34.560,1.10323,1.10326,6.30,2.34
2022.03.04 00:35:34.662,1.1032,1.10324,0.76,0.12
2022.03.04 00:35:34.714,1.10323,1.10324,4.50,0.12
2022.03.04 00:35:34.765,1.1032,1.10325,0.12,0.12
2022.03.04 00:35:34.868,1.10321,1.10325,0.90,0.12
2022.03.04 00:35:34.919,1.10321,1.10327,0.99,0.99
2022.03.04 00:35:35.022,1.10324,1.10329,2.70,2.52
2022.03.04 00:35:35.124,1.10326,1.10331,0.90,0.12
2022.03.04 00:35:35.226,1.10328,1.10333,0.90,2.43
2022.03.04 00:35:35.329,1.10328,1.10334,0.90,0.76
2022.03.04 00:35:35.732,1.10328,1.10333,0.90,0.54
2022.03.04 00:35:35.834,1.10327,1.10333,0.90,0.54
2022.03.04 00:35:37.528,1.10325,1.10327,0.12,1.35
2022.03.04 00:35:37.579,1.10322,1.10324,1.35,0.12
2022.03.04 00:35:37.631,1.10316,1.10321,2.25,2.56
2022.03.04 00:35:37.683,1.10319,1.10322,0.12,0.12
2022.03.04 00:35:37.785,1.10317,1.10322,0.12,0.12
2022.03.04 00:35:37.888,1.10318,1.10323,0.12,1.89
2022.03.04 00:35:37.990,1.10315,1.10319,2.25,0.12
2022.03.04 00:35:38.092,1.10315,1.1032,1.44,0.12
2022.03.04 00:35:38.195,1.10312,1.10314,1.35,0.90
2022.03.04 00:35:38.246,1.10312,1.10317,1.44,1.89
2022.03.04 00:35:38.348,1.1031,1.10315,2.34,0.12
2022.03.04 00:35:38.451,1.10311,1.10316,0.12,0.12
2022.03.04 00:35:41.686,1.10309,1.10314,0.99,0.99
2022.03.04 00:35:41.788,1.10308,1.1031,1.35,0.99
2022.03.04 00:35:41.840,1.10304,1.10309,2.79,1.89
2022.03.04 00:35:42.099,1.10304,1.10307,0.12,0.12
2022.03.04 00:35:42.303,1.10305,1.10308,0.12,1.44
2022.03.04 00:35:42.354,1.10301,1.10308,0.99,1.44
2022.03.04 00:35:44.062,1.10301,1.10307,0.99,0.45
2022.03.04 00:35:44.605,1.10301,1.10306,0.99,0.90
2022.03.04 00:35:44.657,1.10299,1.10301,1.35,1.89
2022.03.04 00:35:44.759,1.10295,1.103,0.12,0.99
2022.03.04 00:35:44.861,1.10294,1.10299,0.12,0.99
2022.03.04 00:35:45.319,1.10294,1.10297,0.12,0.12
2022.03.04 00:35:45.880,1.10294,1.10299,0.12,1.44
2022.03.04 00:35:45.982,1.10295,1.10299,0.12,0.90
2022.03.04 00:35:46.084,1.10296,1.103,0.12,0.90
2022.03.04 00:35:46.187,1.10296,1.10301,0.12,0.99
2022.03.04 00:35:46.671,1.10299,1.10304,0.99,2.52
2022.03.04 00:35:46.774,1.103,1.10304,0.12,2.43
2022.03.04 00:35:46.876,1.10301,1.10305,0.12,0.90
2022.03.04 00:35:47.080,1.103,1.10305,0.12,0.99
2022.03.04 00:35:47.182,1.10299,1.10305,0.54,0.99
2022.03.04 00:35:47.284,1.103,1.10305,0.12,0.99
2022.03.04 00:35:47.387,1.10299,1.10304,0.12,0.99
2022.03.04 00:35:47.489,1.10297,1.10302,0.12,0.90
2022.03.04 00:35:47.596,1.10296,1.10302,0.54,0.90
2022.03.04 00:35:47.980,1.10297,1.10302,0.45,0.90
2022.03.04 00:35:49.120,1.10298,1.10302,0.12,0.90
2022.03.04 00:35:49.222,1.103,1.10305,0.12,0.99
2022.03.04 00:35:49.325,1.10301,1.10305,0.12,0.90
2022.03.04 00:35:49.427,1.10301,1.10306,1.44,0.99
2022.03.04 00:35:49.837,1.103,1.10305,0.54,0.12
2022.03.04 00:35:49.939,1.10299,1.10303,1.44,0.90
2022.03.04 00:35:50.042,1.10295,1.103,0.12,2.79
2022.03.04 00:35:50.246,1.10296,1.10301,0.12,0.99
2022.03.04 00:35:52.521,1.10295,1.103,0.54,0.12
2022.03.04 00:35:52.623,1.10294,1.10299,1.89,0.12
2022.03.04 00:35:52.879,1.10295,1.103,0.54,0.99
2022.03.04 00:35:52.981,1.10298,1.10301,0.90,0.12
2022.03.04 00:35:53.032,1.10299,1.10304,0.54,0.12
2022.03.04 00:35:53.135,1.103,1.10305,0.12,4.32
2022.03.04 00:35:53.390,1.10297,1.10303,2.79,0.12
2022.03.04 00:35:53.544,1.10297,1.103,1.44,0.90
2022.03.04 00:35:53.799,1.10297,1.10303,0.12,1.89
2022.03.04 00:35:54.053,1.10296,1.10302,1.44,0.12
2022.03.04 00:35:54.454,1.10299,1.10304,0.12,0.99
2022.03.04 00:35:54.556,1.10301,1.10303,0.12,0.90
2022.03.04 00:35:54.658,1.103,1.10305,0.12,0.99
2022.03.04 00:35:55.373,1.10298,1.10303,0.12,0.12
2022.03.04 00:35:55.475,1.10299,1.10304,0.12,0.99
2022.03.04 00:35:55.889,1.10297,1.10302,0.12,0.12
2022.03.04 00:35:56.704,1.10296,1.10301,1.44,0.12
2022.03.04 00:35:56.806,1.10298,1.10301,0.54,0.12
2022.03.04 00:35:57.280,1.10299,1.10304,0.54,0.99
2022.03.04 00:35:57.688,1.10297,1.10303,0.90,0.54
2022.03.04 00:35:57.790,1.10296,1.10303,2.34,1.44
2022.03.04 00:36:00.577,1.10299,1.10304,0.12,0.99
2022.03.04 00:36:00.781,1.10298,1.10303,0.12,0.12
2022.03.04 00:36:00.883,1.10297,1.10303,0.90,0.54
2022.03.04 00:36:02.840,1.10298,1.10303,0.12,0.54
2022.03.04 00:36:03.081,1.10297,1.10302,0.99,0.12
2022.03.04 00:36:03.234,1.10299,1.10304,0.99,0.12
2022.03.04 00:36:04.044,1.10298,1.10303,1.89,0.12
2022.03.04 00:36:04.517,1.10299,1.10304,0.12,0.99
2022.03.04 00:36:06.239,1.10299,1.10302,0.99,0.12
2022.03.04 00:36:07.588,1.103,1.10303,0.12,0.12
2022.03.04 00:36:08.096,1.10298,1.10303,0.12,1.44
2022.03.04 00:36:08.592,1.10299,1.10304,0.12,0.99
2022.03.04 00:36:09.370,1.103,1.10305,1.66,3.42
2022.03.04 00:36:09.523,1.10301,1.10306,0.54,0.12
2022.03.04 00:36:09.676,1.10302,1.10307,0.12,0.99
2022.03.04 00:36:10.686,1.10304,1.10307,0.54,0.54
2022.03.04 00:36:10.788,1.10305,1.1031,0.12,2.79
2022.03.04 00:36:11.043,1.10306,1.10311,0.12,0.99
2022.03.04 00:36:11.247,1.10307,1.10312,0.12,0.99
2022.03.04 00:36:11.349,1.10306,1.10311,0.12,0.12
2022.03.04 00:36:16.014,1.10304,1.10311,2.56,0.12
2022.03.04 00:36:16.319,1.10304,1.10309,0.12,0.12
2022.03.04 00:36:16.726,1.10306,1.10311,0.99,3.42
2022.03.04 00:36:16.828,1.10307,1.10312,0.99,0.12
2022.03.04 00:36:16.931,1.1031,1.10315,0.12,2.52
2022.03.04 00:36:17.084,1.10311,1.10316,0.12,0.99
2022.03.04 00:36:17.186,1.10309,1.10314,0.12,0.12
2022.03.04 00:36:17.289,1.10308,1.1031,1.35,0.12
2022.03.04 00:36:17.391,1.10305,1.10308,0.99,1.89
2022.03.04 00:36:17.646,1.10303,1.10308,1.44,0.12
2022.03.04 00:36:17.800,1.10304,1.10309,0.12,1.44
2022.03.04 00:36:18.020,1.10302,1.10304,2.25,0.12
2022.03.04 00:36:18.123,1.10299,1.10304,1.44,0.12
2022.03.04 00:36:18.225,1.103,1.10305,0.54,0.12
2022.03.04 00:36:18.327,1.10301,1.10306,0.12,2.52
2022.03.04 00:36:18.841,1.10301,1.10304,1.66,0.12
2022.03.04 00:36:19.262,1.10301,1.10306,0.12,0.31
2022.03.04 00:36:21.425,1.103,1.10305,0.76,0.12
2022.03.04 00:36:21.680,1.10299,1.10304,0.99,0.12
2022.03.04 00:36:21.833,1.103,1.10305,0.54,0.99
2022.03.04 00:36:21.986,1.10301,1.10306,0.12,0.12
2022.03.04 00:36:22.088,1.10302,1.10307,0.12,0.99
2022.03.04 00:36:22.190,1.10301,1.10306,0.12,0.12
2022.03.04 00:36:23.207,1.10302,1.10307,0.12,0.12
2022.03.04 00:36:25.318,1.10307,1.1031,0.45,2.74
2022.03.04 00:36:25.369,1.10305,1.1031,0.54,0.12
2022.03.04 00:36:25.472,1.10306,1.10311,0.12,0.12
2022.03.04 00:36:26.153,1.10304,1.10308,0.99,2.70
2022.03.04 00:36:26.205,1.10305,1.1031,0.12,0.12
2022.03.04 00:36:27.214,1.10304,1.10309,0.12,0.99
2022.03.04 00:36:27.418,1.10303,1.10308,0.54,0.54
2022.03.04 00:36:27.630,1.10302,1.10304,0.45,0.90
2022.03.04 00:36:27.682,1.103,1.10303,1.44,1.66
2022.03.04 00:36:27.785,1.10299,1.10302,1.35,0.99
2022.03.04 00:36:27.887,1.10299,1.10304,0.12,0.12
2022.03.04 00:36:27.990,1.103,1.10305,2.79,0.12
2022.03.04 00:36:28.346,1.10299,1.10304,0.12,0.12
2022.03.04 00:36:28.449,1.10298,1.10303,0.99,0.54
2022.03.04 00:36:28.602,1.10296,1.10302,0.45,2.79
2022.03.04 00:36:28.704,1.10298,1.10301,0.12,0.12
2022.03.04 00:36:29.355,1.10292,1.10297,2.79,0.90
2022.03.04 00:36:29.458,1.10292,1.10296,1.35,0.99
2022.03.04 00:36:29.560,1.1029,1.10295,0.12,0.12
2022.03.04 00:36:30.222,1.10288,1.10292,0.12,2.79
2022.03.04 00:36:30.324,1.10287,1.10292,0.12,1.80
2022.03.04 00:36:30.426,1.10286,1.10292,0.54,1.89
2022.03.04 00:36:30.529,1.10288,1.10293,0.12,0.45
2022.03.04 00:36:30.631,1.1029,1.10295,0.12,0.99
2022.03.04 00:36:31.780,1.10292,1.10296,1.44,0.45
2022.03.04 00:36:31.882,1.10292,1.10297,0.12,0.99
2022.03.04 00:36:31.985,1.1029,1.10297,1.21,0.99
2022.03.04 00:36:32.087,1.10291,1.10297,0.45,2.11
2022.03.04 00:36:32.189,1.10292,1.10298,0.99,0.99
2022.03.04 00:36:32.292,1.10293,1.10299,0.12,1.44
2022.03.04 00:36:32.496,1.10292,1.10296,0.12,5.17
2022.03.04 00:36:32.599,1.1029,1.10293,1.35,1.89
2022.03.04 00:36:32.701,1.10285,1.10287,4.05,1.44
2022.03.04 00:36:32.906,1.10281,1.10286,0.45,1.80
2022.03.04 00:36:33.008,1.10278,1.1028,1.89,0.90
2022.03.04 00:36:33.059,1.10282,1.10286,0.99,1.57
2022.03.04 00:36:33.111,1.10277,1.10283,2.25,0.45
2022.03.04 00:36:33.162,1.10278,1.1028,0.22,0.90
2022.03.04 00:36:33.214,1.10276,1.10281,0.45,0.22
2022.03.04 00:36:33.316,1.10275,1.10277,1.57,1.80
2022.03.04 00:36:33.419,1.10272,1.10276,3.01,0.90
2022.03.04 00:36:33.521,1.10271,1.10277,4.95,0.99
2022.03.04 00:36:33.624,1.10272,1.10279,2.25,0.99
2022.03.04 00:36:33.938,1.10271,1.10278,3.60,1.80
2022.03.04 00:36:34.040,1.10272,1.10277,0.45,0.90
2022.03.04 00:36:34.358,1.10273,1.10279,0.45,0.99
2022.03.04 00:36:34.460,1.10274,1.10279,0.45,0.99
2022.03.04 00:36:34.905,1.10272,1.10279,2.25,1.89
2022.03.04 00:36:35.008,1.10271,1.10278,1.35,1.80
2022.03.04 00:36:35.110,1.10271,1.10277,1.35,0.45
2022.03.04 00:36:35.518,1.10275,1.10278,0.12,0.12
2022.03.04 00:36:36.022,1.10275,1.1028,0.12,0.99
2022.03.04 00:36:36.175,1.10274,1.10279,0.54,0.12
2022.03.04 00:36:36.277,1.10273,1.10278,0.12,2.79
2022.03.04 00:36:36.379,1.10272,1.10277,0.12,0.12
2022.03.04 00:36:37.097,1.10269,1.10274,1.80,0.99
2022.03.04 00:36:37.199,1.10268,1.10273,1.35,2.79
2022.03.04 00:36:37.302,1.10268,1.10272,1.35,1.89
2022.03.04 00:36:37.353,1.10266,1.10272,0.45,1.89
2022.03.04 00:36:37.455,1.10265,1.10272,1.44,3.01
2022.03.04 00:36:37.558,1.10265,1.1027,1.44,5.04
2022.03.04 00:36:37.610,1.10262,1.10266,1.35,2.34
2022.03.04 00:36:37.763,1.10261,1.10266,0.12,0.12
2022.03.04 00:36:37.967,1.10262,1.10267,0.12,1.44
2022.03.04 00:36:39.119,1.10264,1.10266,1.80,0.99
2022.03.04 00:36:39.171,1.10264,1.10269,0.12,0.12
2022.03.04 00:36:39.273,1.10265,1.1027,1.21,0.99
2022.03.04 00:36:39.375,1.10266,1.10271,0.31,0.99
2022.03.04 00:36:39.478,1.10267,1.10271,0.12,0.90
2022.03.04 00:36:39.530,1.1027,1.10273,0.12,2.52
2022.03.04 00:36:40.110,1.10272,1.10277,1.21,2.97
2022.03.04 00:36:40.212,1.10274,1.10277,1.12,2.43
2022.03.04 00:36:40.263,1.10276,1.1028,0.22,0.99
2022.03.04 00:36:40.366,1.10274,1.10279,0.12,0.12
2022.03.04 00:36:40.621,1.10276,1.1028,0.12,0.90
2022.03.04 00:36:40.723,1.10276,1.10281,0.31,0.99
2022.03.04 00:36:40.825,1.10278,1.10283,0.99,2.52
2022.03.04 00:36:40.928,1.10279,1.10284,0.12,0.99
2022.03.04 00:36:41.030,1.10278,1.10283,0.12,0.12
2022.03.04 00:36:41.550,1.1028,1.10283,0.12,0.12
2022.03.04 00:36:41.958,1.1028,1.10285,0.12,0.99
2022.03.04 00:36:42.060,1.10279,1.10284,0.12,0.54
2022.03.04 00:36:42.163,1.10275,1.1028,0.31,0.12
2022.03.04 00:36:42.291,1.10274,1.10279,1.44,0.12
2022.03.04 00:36:45.586,1.10275,1.1028,0.31,0.12
2022.03.04 00:36:45.790,1.10274,1.10279,0.76,0.12
2022.03.04 00:36:45.943,1.10276,1.10279,0.12,0.12
2022.03.04 00:36:46.171,1.10274,1.10279,0.31,0.12
2022.03.04 00:36:48.095,1.10275,1.1028,0.12,0.99
2022.03.04 00:36:49.989,1.10276,1.10281,0.12,0.99
2022.03.04 00:36:50.092,1.10274,1.10276,0.22,3.01
2022.03.04 00:36:50.144,1.10272,1.10275,1.35,0.12
2022.03.04 00:36:50.195,1.10271,1.10273,0.99,2.25
2022.03.04 00:36:50.247,1.10268,1.10273,2.25,0.99
2022.03.04 00:36:50.349,1.1027,1.10271,0.90,0.12
2022.03.04 00:36:50.604,1.10269,1.10271,0.90,0.12
2022.03.04 00:36:50.706,1.10267,1.10272,0.67,0.12
2022.03.04 00:36:50.828,1.10266,1.10272,1.66,0.12
2022.03.04 00:36:51.133,1.10263,1.10268,1.66,2.79
2022.03.04 00:36:51.236,1.10262,1.10267,0.31,0.99
2022.03.04 00:36:51.338,1.10261,1.10266,0.76,0.12
2022.03.04 00:36:51.952,1.10262,1.10267,0.12,0.99
2022.03.04 00:36:52.752,1.10263,1.10268,0.99,0.12
2022.03.04 00:36:52.855,1.10264,1.10269,0.12,0.12
2022.03.04 00:36:52.957,1.10264,1.10267,0.99,0.12
2022.03.04 00:36:53.364,1.10264,1.10269,0.12,1.89
2022.03.04 00:36:54.149,1.10263,1.10268,0.99,0.12
2022.03.04 00:36:56.213,1.1026,1.10263,1.35,0.22
2022.03.04 00:36:56.266,1.10249,1.10251,0.22,1.35
2022.03.04 00:36:56.317,1.10243,1.10246,0.12,2.70
2022.03.04 00:36:56.368,1.1024,1.10242,4.50,0.45
2022.03.04 00:36:56.420,1.10237,1.1024,0.76,2.02
2022.03.04 00:36:56.471,1.10236,1.10238,0.22,1.80
2022.03.04 00:36:56.523,1.10232,1.10236,3.01,0.90
2022.03.04 00:36:56.676,1.1023,1.10236,1.35,0.99
2022.03.04 00:36:56.886,1.10228,1.10232,0.12,0.90
2022.03.04 00:36:56.988,1.10227,1.10232,1.35,2.11
2022.03.04 00:36:57.091,1.10224,1.10231,0.99,0.99
2022.03.04 00:37:00.329,1.10224,1.1023,0.99,0.45
2022.03.04 00:37:00.482,1.10224,1.10229,0.12,0.99
2022.03.04 00:37:00.585,1.10228,1.10232,0.12,2.43
2022.03.04 00:37:00.687,1.10228,1.10233,0.12,1.89
2022.03.04 00:37:01.017,1.10225,1.10231,1.44,0.90
2022.03.04 00:37:01.329,1.10231,1.10234,1.80,2.43
2022.03.04 00:37:01.431,1.1023,1.10234,0.12,2.43
2022.03.04 00:37:01.534,1.10232,1.10236,2.70,0.12
2022.03.04 00:37:01.585,1.10234,1.10239,0.12,3.42
2022.03.04 00:37:01.687,1.10233,1.10237,0.12,0.67
2022.03.04 00:37:01.739,1.10232,1.10236,0.99,0.67
2022.03.04 00:37:03.321,1.10228,1.1023,1.80,0.45
2022.03.04 00:37:03.373,1.10223,1.10226,6.16,1.35
2022.03.04 00:37:03.475,1.10224,1.10226,1.35,2.02
2022.03.04 00:37:03.628,1.10221,1.10226,0.99,0.22
2022.03.04 00:37:04.116,1.10221,1.10227,0.12,3.37
2022.03.04 00:37:04.269,1.10221,1.10226,0.12,4.50
2022.03.04 00:37:04.524,1.10221,1.10227,0.54,2.02
2022.03.04 00:37:04.576,1.10223,1.10229,0.90,2.88
2022.03.04 00:37:04.679,1.10226,1.10231,1.35,0.12
2022.03.04 00:37:04.781,1.10227,1.10231,1.80,1.80
2022.03.04 00:37:04.884,1.10229,1.10233,0.90,0.76
2022.03.04 00:37:05.696,1.10223,1.10225,0.45,0.12
2022.03.04 00:37:05.798,1.10222,1.10223,6.23,3.10
2022.03.04 00:37:05.850,1.10215,1.1022,0.12,0.12
2022.03.04 00:37:06.105,1.10216,1.1022,0.12,0.90
2022.03.04 00:37:07.890,1.10215,1.1022,0.12,0.22
2022.03.04 00:37:07.992,1.10215,1.10218,1.44,0.12
2022.03.04 00:37:08.095,1.10213,1.10218,0.12,0.12
2022.03.04 00:37:08.197,1.10212,1.10215,0.12,0.99
2022.03.04 00:37:08.300,1.10209,1.10215,0.99,0.90
2022.03.04 00:37:08.453,1.10209,1.10214,0.31,0.12
2022.03.04 00:37:08.760,1.10209,1.10215,0.12,0.90
2022.03.04 00:37:08.863,1.1021,1.10216,0.22,0.90
2022.03.04 00:37:08.965,1.10212,1.10216,0.22,2.34
2022.03.04 00:37:09.082,1.1021,1.10216,0.90,1.57
2022.03.04 00:37:09.185,1.10209,1.10214,0.12,0.12
2022.03.04 00:37:09.338,1.10208,1.10213,1.44,0.31
2022.03.04 00:37:09.441,1.10208,1.10211,0.54,0.22
2022.03.04 00:37:09.492,1.10206,1.10209,0.12,2.11
2022.03.04 00:37:09.595,1.10204,1.10209,0.99,0.11
2022.03.04 00:37:09.802,1.10205,1.10209,0.90,0.11
2022.03.04 00:37:09.905,1.10206,1.10209,0.99,0.11
2022.03.04 00:37:10.007,1.10206,1.10211,0.12,0.11
2022.03.04 00:37:10.211,1.10206,1.1021,0.12,1.12
2022.03.04 00:37:11.098,1.10206,1.10211,0.12,0.11
2022.03.04 00:37:11.252,1.10207,1.10211,1.75,0.90
2022.03.04 00:37:11.303,1.10209,1.10214,0.99,0.12
2022.03.04 00:37:11.355,1.10209,1.10216,1.89,3.33
2022.03.04 00:37:11.457,1.1021,1.10216,0.90,0.90
2022.03.04 00:37:11.560,1.10211,1.10217,0.45,1.12
2022.03.04 00:37:11.662,1.10211,1.10216,2.20,1.12
2022.03.04 00:37:12.084,1.10212,1.10217,0.99,0.12
2022.03.04 00:37:12.187,1.10213,1.10217,0.12,0.22
2022.03.04 00:37:12.238,1.10211,1.10217,1.89,0.22
2022.03.04 00:37:12.341,1.1021,1.10215,1.89,0.99
2022.03.04 00:37:12.444,1.10209,1.10214,0.12,0.12
2022.03.04 00:37:12.648,1.10208,1.10212,0.12,1.12
2022.03.04 00:37:12.751,1.10206,1.10211,1.44,1.44
2022.03.04 00:37:12.853,1.10205,1.1021,0.12,0.12
2022.03.04 00:37:13.057,1.10206,1.10211,0.12,0.99
2022.03.04 00:37:15.032,1.1021,1.10214,0.12,1.80
2022.03.04 00:37:15.134,1.1021,1.10215,0.12,0.12
2022.03.04 00:37:15.339,1.10211,1.10216,0.12,0.99
2022.03.04 00:37:17.036,1.10215,1.10218,1.80,0.99
2022.03.04 00:37:17.139,1.10215,1.10219,1.89,0.99
2022.03.04 00:37:17.191,1.1022,1.10223,2.79,7.83
2022.03.04 00:37:17.348,1.10221,1.10223,0.12,2.43
2022.03.04 00:37:17.399,1.10222,1.10225,0.12,1.21
2022.03.04 00:37:18.145,1.10222,1.10226,0.90,0.12
2022.03.04 00:37:18.196,1.10224,1.10229,0.90,0.12
2022.03.04 00:37:18.299,1.10225,1.10231,0.12,0.99
2022.03.04 00:37:20.350,1.10226,1.10231,0.45,0.12
2022.03.04 00:37:20.535,1.10232,1.10236,1.80,2.97
2022.03.04 00:37:20.587,1.10233,1.10238,0.99,3.42
2022.03.04 00:37:20.689,1.10236,1.10238,0.45,8.21
2022.03.04 00:37:20.741,1.10238,1.10241,0.99,0.90
2022.03.04 00:37:20.792,1.10239,1.10244,0.12,1.21
2022.03.04 00:37:20.895,1.1024,1.10245,0.12,0.12
2022.03.04 00:37:21.201,1.10239,1.10244,0.12,0.12
2022.03.04 00:37:21.573,1.10238,1.1024,0.90,1.35
2022.03.04 00:37:21.625,1.10231,1.10234,7.06,1.12
2022.03.04 00:37:21.676,1.10234,1.10236,1.35,7.96
2022.03.04 00:37:21.728,1.10226,1.10228,0.90,0.90
2022.03.04 00:37:21.780,1.10224,1.10228,0.99,1.80
2022.03.04 00:37:21.933,1.10223,1.10228,0.12,0.99
2022.03.04 00:37:21.985,1.10222,1.10225,0.12,0.22
2022.03.04 00:37:22.088,1.10221,1.10225,1.62,0.22
2022.03.04 00:37:22.190,1.10222,1.10226,0.45,0.31
2022.03.04 00:37:22.242,1.10223,1.10228,2.79,0.22
2022.03.04 00:37:22.344,1.10223,1.10229,3.24,0.76
2022.03.04 00:37:22.396,1.10223,1.10227,1.89,1.12
2022.03.04 00:37:22.498,1.10222,1.10227,0.54,1.12
2022.03.04 00:37:22.601,1.10223,1.10229,1.89,0.31
2022.03.04 00:37:22.703,1.10226,1.10232,2.79,0.31
2022.03.04 00:37:22.806,1.10229,1.10233,1.44,2.43
2022.03.04 00:37:22.858,1.1023,1.10235,0.12,0.12
2022.03.04 00:37:23.011,1.10227,1.10231,1.35,0.99
2022.03.04 00:37:23.114,1.10227,1.1023,0.12,1.89
2022.03.04 00:37:24.011,1.10227,1.10232,0.12,3.01
2022.03.04 00:37:24.552,1.10229,1.10234,0.12,2.52
2022.03.04 00:37:24.660,1.1023,1.10234,0.99,2.43
2022.03.04 00:37:24.763,1.10234,1.10239,0.12,4.54
2022.03.04 00:37:24.865,1.10233,1.10238,0.12,0.99
2022.03.04 00:37:25.567,1.10232,1.10237,0.12,0.12
2022.03.04 00:37:27.516,1.10233,1.10238,0.12,0.54
2022.03.04 00:37:27.618,1.10234,1.10239,0.99,0.31
2022.03.04 00:37:28.128,1.10235,1.1024,0.12,0.99
2022.03.04 00:37:29.116,1.10236,1.10241,0.99,0.12
2022.03.04 00:37:30.215,1.10242,1.10245,0.45,2.88
2022.03.04 00:37:30.318,1.10243,1.10245,2.02,2.43
2022.03.04 00:37:30.420,1.10243,1.10246,0.12,1.12
2022.03.04 00:37:30.472,1.10241,1.10245,1.35,0.12
2022.03.04 00:37:30.625,1.1024,1.10244,0.99,0.22
2022.03.04 00:37:31.261,1.10239,1.10244,0.99,0.99
2022.03.04 00:37:31.313,1.10238,1.10241,0.90,3.24
2022.03.04 00:37:31.364,1.10236,1.10239,2.34,1.21
2022.03.04 00:37:31.467,1.10233,1.10238,7.29,2.11
2022.03.04 00:37:31.569,1.10232,1.10237,1.89,0.12
2022.03.04 00:37:32.502,1.10233,1.10238,2.79,0.12
2022.03.04 00:37:32.604,1.10234,1.10239,0.99,0.31
2022.03.04 00:37:32.707,1.10237,1.1024,0.12,2.43
2022.03.04 00:37:32.758,1.10237,1.10242,0.12,1.21
2022.03.04 00:37:33.294,1.10237,1.10241,0.12,0.45
2022.03.04 00:37:33.396,1.10236,1.1024,0.90,0.99
2022.03.04 00:37:33.499,1.10234,1.10238,3.24,0.22
2022.03.04 00:37:34.431,1.10234,1.10239,0.12,0.31
2022.03.04 00:37:34.670,1.10237,1.10241,1.44,0.22
2022.03.04 00:37:34.773,1.10236,1.10241,0.90,2.11
2022.03.04 00:37:34.875,1.10234,1.10238,0.99,1.12
2022.03.04 00:37:34.927,1.10232,1.10238,2.79,0.31
2022.03.04 00:37:35.029,1.10232,1.10237,2.25,1.21
2022.03.04 00:37:36.433,1.10231,1.10235,0.90,0.90
2022.03.04 00:37:36.688,1.10231,1.10236,0.99,0.67
2022.03.04 00:37:36.791,1.10232,1.10237,0.90,1.21
2022.03.04 00:37:37.934,1.1023,1.10236,1.89,0.12
2022.03.04 00:37:38.037,1.1023,1.10233,1.89,0.45
2022.03.04 00:37:38.140,1.10225,1.10228,1.35,0.22
2022.03.04 00:37:38.191,1.10226,1.1023,0.99,1.12
2022.03.04 00:37:38.243,1.10225,1.10227,1.35,0.90
2022.03.04 00:37:38.346,1.10223,1.10227,0.12,0.22
2022.03.04 00:37:38.448,1.10222,1.10227,0.99,0.31
2022.03.04 00:37:38.653,1.10222,1.10226,0.99,0.22
2022.03.04 00:37:39.219,1.10221,1.10226,2.07,0.31
2022.03.04 00:37:39.998,1.10222,1.10227,0.12,0.31
2022.03.04 00:37:40.261,1.10222,1.10226,0.12,0.22
2022.03.04 00:37:40.781,1.10223,1.10229,0.99,3.01
2022.03.04 00:37:41.052,1.10223,1.10228,0.99,0.90
2022.03.04 00:37:41.103,1.10222,1.10226,0.99,0.22
2022.03.04 00:37:41.670,1.10223,1.10226,0.12,0.22
2022.03.04 00:37:41.722,1.1022,1.10222,0.99,0.22
2022.03.04 00:37:41.773,1.10216,1.10218,0.12,1.35
2022.03.04 00:37:41.825,1.10212,1.10215,0.76,1.12
2022.03.04 00:37:41.877,1.1021,1.10213,0.76,0.90
2022.03.04 00:37:41.929,1.10208,1.10209,1.35,2.02
2022.03.04 00:37:42.133,1.10204,1.1021,0.99,1.80
2022.03.04 00:37:42.236,1.10205,1.10209,0.90,0.22
2022.03.04 00:37:42.339,1.10205,1.10211,0.90,0.31
2022.03.04 00:37:42.492,1.10205,1.1021,0.12,1.12
2022.03.04 00:37:42.594,1.10205,1.10209,0.99,2.92
2022.03.04 00:37:42.646,1.10204,1.10208,0.99,0.22
2022.03.04 00:37:42.748,1.10203,1.10205,0.90,0.22
2022.03.04 00:37:42.800,1.102,1.10202,2.25,3.46
2022.03.04 00:37:42.953,1.10198,1.10202,2.79,1.12
2022.03.04 00:37:43.005,1.102,1.10203,0.90,0.22
2022.03.04 00:37:43.225,1.10203,1.10206,0.99,1.57
2022.03.04 00:37:43.276,1.10204,1.10208,0.54,2.43
2022.03.04 00:37:43.328,1.10206,1.10208,0.12,2.43
2022.03.04 00:37:43.379,1.10209,1.10211,0.90,2.70
2022.03.04 00:37:43.431,1.10213,1.10216,2.70,2.43
2022.03.04 00:37:43.534,1.10218,1.1022,0.90,7.20
2022.03.04 00:37:43.636,1.10216,1.1022,0.99,4.50
2022.03.04 00:37:43.688,1.10221,1.10223,1.08,0.22
2022.03.04 00:37:43.790,1.10222,1.10226,0.90,1.21
2022.03.04 00:37:43.893,1.10223,1.10227,0.90,2.74
2022.03.04 00:37:43.995,1.10225,1.10227,0.90,0.22
2022.03.04 00:37:44.199,1.10225,1.10228,0.90,0.22
2022.03.04 00:37:44.454,1.10225,1.10227,0.90,0.45
2022.03.04 00:37:44.556,1.10221,1.10222,3.55,2.20
2022.03.04 00:37:44.608,1.10219,1.10222,0.90,2.79
2022.03.04 00:37:44.660,1.10216,1.1022,1.12,0.54
2022.03.04 00:37:44.711,1.10215,1.10218,0.90,0.67
2022.03.04 00:37:44.763,1.10211,1.10213,1.80,0.22
2022.03.04 00:37:44.865,1.1021,1.10212,0.90,0.22
2022.03.04 00:37:44.967,1.10209,1.10212,0.90,0.22
2022.03.04 00:37:45.070,1.10208,1.10211,0.90,0.22
2022.03.04 00:37:45.655,1.10206,1.1021,0.90,0.12
2022.03.04 00:37:45.910,1.10206,1.10209,0.90,0.12
2022.03.04 00:37:48.027,1.10203,1.10206,0.90,2.11
2022.03.04 00:37:48.129,1.10202,1.10205,0.90,0.12
2022.03.04 00:37:48.283,1.10203,1.10205,0.90,1.12
2022.03.04 00:37:48.385,1.10204,1.10208,0.90,2.74
2022.03.04 00:37:48.488,1.10205,1.10207,0.90,1.21
2022.03.04 00:37:48.591,1.10206,1.1021,0.90,3.19
2022.03.04 00:37:48.693,1.10207,1.1021,0.90,0.31
2022.03.04 00:37:48.745,1.10202,1.10205,0.12,1.80
2022.03.04 00:37:48.847,1.10203,1.10206,0.90,0.12
2022.03.04 00:37:49.204,1.10207,1.10209,0.90,3.64
2022.03.04 00:37:49.307,1.10209,1.10212,0.90,0.12
2022.03.04 00:37:49.409,1.10209,1.10213,0.90,2.74
2022.03.04 00:37:49.512,1.1021,1.10214,0.90,0.31
2022.03.04 00:37:49.614,1.10209,1.10213,0.90,0.12
2022.03.04 00:37:49.717,1.10206,1.10209,0.90,0.12
2022.03.04 00:37:49.768,1.10205,1.10211,0.90,2.56
2022.03.04 00:37:49.820,1.10204,1.10209,2.25,1.21
2022.03.04 00:37:50.529,1.10206,1.10209,0.90,0.12
2022.03.04 00:37:50.632,1.10203,1.10205,1.89,0.90
2022.03.04 00:37:50.683,1.10206,1.10208,0.90,0.45
2022.03.04 00:37:50.735,1.10205,1.10207,0.90,2.11
2022.03.04 00:37:50.837,1.10204,1.10207,0.90,0.12
2022.03.04 00:37:50.990,1.10202,1.10206,0.90,2.34
2022.03.04 00:37:51.397,1.10203,1.10207,0.90,0.31
2022.03.04 00:37:51.500,1.10204,1.10208,0.90,0.22
2022.03.04 00:37:51.602,1.10206,1.10207,0.90,0.22
2022.03.04 00:37:51.705,1.10204,1.10207,0.90,0.22
2022.03.04 00:37:51.807,1.10204,1.10208,0.90,0.31
2022.03.04 00:37:53.172,1.10205,1.10209,2.02,0.12
2022.03.04 00:37:53.223,1.10206,1.10211,0.99,0.12
2022.03.04 00:37:53.275,1.1021,1.10214,0.90,3.19
2022.03.04 00:37:53.530,1.10203,1.10205,0.45,0.22
2022.03.04 00:37:53.581,1.10201,1.10204,5.94,1.12
2022.03.04 00:37:53.633,1.102,1.10202,0.90,0.90
2022.03.04 00:37:53.685,1.10197,1.10201,1.35,0.45
2022.03.04 00:37:53.737,1.10193,1.10199,6.22,2.70
2022.03.04 00:37:53.788,1.10187,1.10192,0.90,4.72
2022.03.04 00:37:53.840,1.10186,1.10188,1.35,0.67
2022.03.04 00:37:53.942,1.10185,1.10191,0.22,5.29
2022.03.04 00:37:54.045,1.10187,1.10188,0.90,0.22
2022.03.04 00:37:54.148,1.10187,1.10193,0.90,3.33
2022.03.04 00:37:54.199,1.10189,1.10193,0.90,2.88
2022.03.04 00:37:54.301,1.10194,1.10196,0.90,0.12
2022.03.04 00:37:54.404,1.10194,1.10198,0.90,3.10
2022.03.04 00:37:54.608,1.10196,1.102,0.90,2.52
2022.03.04 00:37:54.710,1.10198,1.10201,0.90,0.22
2022.03.04 00:37:54.812,1.10201,1.10204,0.90,3.33
2022.03.04 00:37:54.914,1.10201,1.10205,0.90,1.21
2022.03.04 00:37:55.169,1.10201,1.10204,0.90,0.90
2022.03.04 00:37:55.271,1.10205,1.10207,0.45,2.52
2022.03.04 00:37:55.374,1.10208,1.10211,0.90,1.57
2022.03.04 00:37:55.426,1.10206,1.1021,0.90,1.12
2022.03.04 00:37:55.477,1.10204,1.1021,0.90,1.12
2022.03.04 00:37:55.579,1.10204,1.10209,0.90,2.02
2022.03.04 00:37:55.783,1.10202,1.10208,1.80,0.90
2022.03.04 00:37:55.936,1.10205,1.1021,2.70,0.12
2022.03.04 00:37:56.039,1.10206,1.10212,2.02,1.35
2022.03.04 00:37:56.090,1.10209,1.1021,0.90,0.12
2022.03.04 00:37:56.142,1.10205,1.1021,0.90,0.12
2022.03.04 00:37:56.244,1.10203,1.10208,1.35,0.12
2022.03.04 00:37:56.347,1.10206,1.10212,2.02,2.11
2022.03.04 00:37:56.399,1.10205,1.10209,0.45,1.80
2022.03.04 00:37:56.525,1.10204,1.10209,3.15,0.90
2022.03.04 00:37:56.678,1.10206,1.10212,0.67,0.99
2022.03.04 00:37:56.832,1.10207,1.10212,0.45,0.90
2022.03.04 00:37:56.934,1.10208,1.10213,2.02,0.90
2022.03.04 00:37:57.390,1.10207,1.10213,1.35,1.21
2022.03.04 00:37:57.442,1.10206,1.1021,0.12,0.90
2022.03.04 00:37:57.493,1.10205,1.10209,1.44,0.99
2022.03.04 00:37:57.596,1.10205,1.10211,1.80,0.90
2022.03.04 00:37:57.647,1.10205,1.10209,1.80,0.90
2022.03.04 00:37:57.750,1.10205,1.1021,1.80,0.90
2022.03.04 00:37:57.903,1.10205,1.10211,1.80,0.99
2022.03.04 00:37:58.422,1.10204,1.10209,3.69,2.02
2022.03.04 00:37:58.525,1.10205,1.1021,0.45,0.90
2022.03.04 00:37:58.628,1.10205,1.10211,1.89,0.90
2022.03.04 00:38:00.336,1.10204,1.1021,3.24,0.90
2022.03.04 00:38:00.489,1.10205,1.10211,0.99,0.90
2022.03.04 00:38:00.592,1.10205,1.1021,0.12,0.90
2022.03.04 00:38:00.694,1.10205,1.10211,1.66,2.02
2022.03.04 00:38:00.899,1.10206,1.10212,0.90,0.12
2022.03.04 00:38:01.204,1.10208,1.10214,1.89,0.90
2022.03.04 00:38:01.459,1.10209,1.10214,2.70,0.90
2022.03.04 00:38:01.561,1.1021,1.10215,1.80,0.90
2022.03.04 00:38:01.664,1.10211,1.10217,2.02,0.99
2022.03.04 00:38:02.427,1.10209,1.10215,1.44,0.90
2022.03.04 00:38:03.011,1.10208,1.10211,1.44,1.17
2022.03.04 00:38:03.113,1.10205,1.10208,2.92,0.90
2022.03.04 00:38:03.165,1.10203,1.10207,4.50,1.12
2022.03.04 00:38:03.267,1.10202,1.10206,1.35,0.90
2022.03.04 00:38:03.319,1.102,1.10206,1.21,0.90
2022.03.04 00:38:04.199,1.102,1.10205,0.22,0.99
2022.03.04 00:38:04.301,1.10199,1.10202,1.35,0.90
2022.03.04 00:38:04.403,1.10196,1.10202,0.12,0.90
2022.03.04 00:38:05.104,1.10195,1.10202,2.11,0.99
2022.03.04 00:38:06.303,1.10194,1.10199,1.35,0.90
2022.03.04 00:38:06.405,1.10194,1.10197,1.35,1.21
2022.03.04 00:38:06.508,1.10191,1.10197,1.80,0.99
2022.03.04 00:38:06.559,1.10193,1.10199,1.80,1.66
2022.03.04 00:38:06.668,1.10196,1.10199,0.45,0.22
2022.03.04 00:38:06.720,1.10197,1.10201,1.80,0.45
2022.03.04 00:38:06.822,1.10198,1.10204,0.45,3.42
2022.03.04 00:38:07.077,1.10202,1.10206,2.25,2.43
2022.03.04 00:38:07.129,1.10203,1.10208,0.90,0.90
2022.03.04 00:38:07.231,1.10202,1.10209,3.46,0.99
2022.03.04 00:38:07.333,1.10203,1.10209,0.45,0.99
2022.03.04 00:38:07.486,1.10202,1.10209,4.36,0.99
2022.03.04 00:38:07.690,1.10201,1.10207,0.99,0.90
2022.03.04 00:38:07.792,1.102,1.10207,3.24,0.99
2022.03.04 00:38:07.894,1.10201,1.10207,0.12,0.90
2022.03.04 00:38:08.104,1.10203,1.10209,0.45,1.89
2022.03.04 00:38:08.328,1.10203,1.10208,0.45,0.45
2022.03.04 00:38:08.430,1.10201,1.10207,0.99,0.22
2022.03.04 00:38:08.482,1.10196,1.10199,1.80,0.90
2022.03.04 00:38:08.534,1.10194,1.10195,5.26,2.25
2022.03.04 00:38:08.637,1.10192,1.10194,1.35,0.76
2022.03.04 00:38:08.739,1.10187,1.10192,0.90,0.22
2022.03.04 00:38:08.791,1.10185,1.10191,4.14,0.90
2022.03.04 00:38:08.995,1.10185,1.1019,0.99,1.12
2022.03.04 00:38:09.148,1.10183,1.1019,0.99,1.12
2022.03.04 00:38:09.453,1.10181,1.10187,0.45,1.12
2022.03.04 00:38:09.556,1.10182,1.10186,0.90,1.12
2022.03.04 00:38:09.607,1.1018,1.10186,1.35,0.90
2022.03.04 00:38:09.710,1.10179,1.10186,3.45,0.90
2022.03.04 00:38:09.812,1.1018,1.10183,0.12,1.12
2022.03.04 00:38:09.864,1.10177,1.10183,0.12,3.01
2022.03.04 00:38:09.915,1.10176,1.10181,2.34,0.22
2022.03.04 00:38:10.018,1.10176,1.1018,1.35,0.12
2022.03.04 00:38:10.069,1.10174,1.1018,1.44,0.12
2022.03.04 00:38:10.171,1.10174,1.10179,0.45,0.12
2022.03.04 00:38:10.375,1.10174,1.10176,1.35,2.02
2022.03.04 00:38:10.478,1.10174,1.10179,1.35,0.31
2022.03.04 00:38:10.631,1.10177,1.1018,0.90,0.31
2022.03.04 00:38:10.733,1.10173,1.10175,2.02,0.22
2022.03.04 00:38:10.785,1.10176,1.10179,0.90,0.31
2022.03.04 00:38:10.836,1.10171,1.10173,1.35,0.22
2022.03.04 00:38:10.888,1.10169,1.10174,2.11,0.45
2022.03.04 00:38:10.939,1.10173,1.10176,1.35,0.54
2022.03.04 00:38:11.245,1.10171,1.10175,0.90,0.12
2022.03.04 00:38:11.348,1.10173,1.10175,0.90,0.12
2022.03.04 00:38:12.016,1.10177,1.10178,0.90,0.12
2022.03.04 00:38:12.119,1.10176,1.1018,1.12,0.54
2022.03.04 00:38:12.221,1.10178,1.10179,0.90,0.12
2022.03.04 00:38:12.273,1.10175,1.10179,0.90,0.12
2022.03.04 00:38:12.375,1.10176,1.10179,0.90,0.12
2022.03.04 00:38:12.741,1.10176,1.10178,0.90,0.90
2022.03.04 00:38:12.792,1.10176,1.1018,0.90,0.99
2022.03.04 00:38:12.895,1.10177,1.1018,0.90,0.54
2022.03.04 00:38:12.946,1.10173,1.10177,0.90,0.12
2022.03.04 00:38:13.049,1.10173,1.10176,0.90,0.12
2022.03.04 00:38:13.253,1.10175,1.10177,0.90,0.12
2022.03.04 00:38:13.507,1.10177,1.1018,0.90,0.12
2022.03.04 00:38:13.559,1.10175,1.10179,1.12,0.12
2022.03.04 00:38:13.611,1.10177,1.1018,0.90,0.12
2022.03.04 00:38:13.713,1.10179,1.10183,0.90,2.52
2022.03.04 00:38:13.816,1.10181,1.10183,0.90,4.90
2022.03.04 00:38:13.918,1.10181,1.10184,0.90,0.54
2022.03.04 00:38:14.123,1.10182,1.10184,0.90,0.12
2022.03.04 00:38:14.225,1.10183,1.10187,0.90,2.52
2022.03.04 00:38:14.276,1.10185,1.10187,0.90,0.12
2022.03.04 00:38:14.378,1.10185,1.10187,0.90,0.12
2022.03.04 00:38:14.481,1.10186,1.10188,0.90,0.12
2022.03.04 00:38:14.532,1.10188,1.10191,2.11,2.43
2022.03.04 00:38:14.635,1.10191,1.10195,2.70,4.59
2022.03.04 00:38:14.687,1.10194,1.10195,0.90,4.50
2022.03.04 00:38:14.738,1.10196,1.10199,0.90,2.52
2022.03.04 00:38:14.891,1.10196,1.10201,0.90,0.12
2022.03.04 00:38:14.943,1.10199,1.10202,0.90,0.12
2022.03.04 00:38:15.046,1.10197,1.10202,0.90,0.12
2022.03.04 00:38:15.148,1.10196,1.102,0.22,0.12
2022.03.04 00:38:15.251,1.10194,1.10199,0.90,0.12
2022.03.04 00:38:15.353,1.10194,1.10198,0.90,0.12
2022.03.04 00:38:15.456,1.10194,1.10197,0.90,0.12
2022.03.04 00:38:15.558,1.10195,1.10198,0.90,0.12
2022.03.04 00:38:15.789,1.10194,1.10197,0.90,0.54
2022.03.04 00:38:15.841,1.10193,1.10197,0.90,0.54
2022.03.04 00:38:15.943,1.10188,1.1019,0.22,0.12
2022.03.04 00:38:16.046,1.10187,1.10189,1.35,0.12
2022.03.04 00:38:16.148,1.10188,1.10192,0.90,2.52
2022.03.04 00:38:16.250,1.10189,1.10192,0.90,2.52
2022.03.04 00:38:17.903,1.10188,1.10192,0.90,0.12
2022.03.04 00:38:18.395,1.10186,1.1019,0.90,0.12
2022.03.04 00:38:18.497,1.10187,1.10192,0.90,0.99
2022.03.04 00:38:18.600,1.10188,1.10193,0.90,0.12
2022.03.04 00:38:19.423,1.10188,1.10192,0.90,0.12
2022.03.04 00:38:19.633,1.10184,1.10191,0.99,2.79
2022.03.04 00:38:19.989,1.10184,1.1019,0.99,0.45
2022.03.04 00:38:20.041,1.10183,1.10188,0.90,0.12
2022.03.04 00:38:21.158,1.10184,1.10189,0.99,0.54
2022.03.04 00:38:21.261,1.10185,1.10189,0.90,0.54
2022.03.04 00:38:21.414,1.10185,1.10187,0.90,0.90
2022.03.04 00:38:21.465,1.10181,1.10185,0.90,0.12
2022.03.04 00:38:21.669,1.10183,1.10188,0.90,2.43
2022.03.04 00:38:21.823,1.10183,1.10189,0.90,4.23
2022.03.04 00:38:21.976,1.10185,1.10189,0.90,2.97
2022.03.04 00:38:22.078,1.10184,1.10189,0.90,0.99
2022.03.04 00:38:22.231,1.10183,1.10189,0.90,0.99
2022.03.04 00:38:22.442,1.10183,1.10188,0.90,0.12
2022.03.04 00:38:23.748,1.10184,1.10188,0.90,0.12
2022.03.04 00:38:23.972,1.10183,1.10188,0.90,0.12
2022.03.04 00:38:25.304,1.10183,1.1019,0.90,5.23
2022.03.04 00:38:25.355,1.10183,1.10185,0.90,1.35
2022.03.04 00:38:25.407,1.10175,1.10177,1.35,0.90
2022.03.04 00:38:25.458,1.10172,1.10174,0.22,0.90
2022.03.04 00:38:25.519,1.10169,1.10172,0.12,0.90
2022.03.04 00:38:25.571,1.1017,1.10175,0.90,0.90
2022.03.04 00:38:25.673,1.10174,1.10177,0.90,3.33
2022.03.04 00:38:26.104,1.10175,1.10178,0.90,1.44
2022.03.04 00:38:27.095,1.10176,1.10178,0.90,0.12
2022.03.04 00:38:27.523,1.10164,1.10167,1.21,2.92
2022.03.04 00:38:27.575,1.10174,1.10177,0.45,2.02
2022.03.04 00:38:27.678,1.1017,1.10173,0.45,0.90
2022.03.04 00:38:27.729,1.10173,1.10176,1.35,0.90
2022.03.04 00:38:27.832,1.10176,1.10178,0.45,2.43
2022.03.04 00:38:27.883,1.10178,1.1018,0.90,0.12
2022.03.04 00:38:27.985,1.10177,1.10182,0.90,0.99
2022.03.04 00:38:28.088,1.10178,1.1018,0.90,1.80
2022.03.04 00:38:28.190,1.1018,1.10183,0.90,1.89
2022.03.04 00:38:28.393,1.10178,1.10181,0.90,1.80
2022.03.04 00:38:28.496,1.1018,1.10182,0.90,0.12
2022.03.04 00:38:28.598,1.1018,1.10183,0.90,0.12
2022.03.04 00:38:28.700,1.10181,1.10183,0.90,2.52
2022.03.04 00:38:29.412,1.1018,1.10184,0.45,0.12
2022.03.04 00:38:29.514,1.1018,1.10185,0.45,2.43
2022.03.04 00:38:29.617,1.10184,1.10187,0.45,0.12
2022.03.04 00:38:29.668,1.10184,1.10189,0.45,2.52
2022.03.04 00:38:29.720,1.10186,1.10189,0.90,2.52
2022.03.04 00:38:30.558,1.10186,1.10188,0.90,0.67
2022.03.04 00:38:30.661,1.10187,1.10189,0.90,0.12
2022.03.04 00:38:30.814,1.10186,1.10189,0.90,0.54
2022.03.04 00:38:30.916,1.10186,1.10188,0.90,0.12
2022.03.04 00:38:31.120,1.10184,1.10189,0.54,0.12
2022.03.04 00:38:32.366,1.10185,1.1019,0.12,0.12
2022.03.04 00:38:32.469,1.10184,1.10189,0.12,0.12
2022.03.04 00:38:32.520,1.10188,1.10189,0.90,0.12
2022.03.04 00:38:32.928,1.10188,1.1019,0.90,1.12
2022.03.04 00:38:33.483,1.10187,1.1019,0.90,0.45
2022.03.04 00:38:33.585,1.10186,1.10188,0.90,0.12
2022.03.04 00:38:33.687,1.10185,1.10188,0.90,0.12
2022.03.04 00:38:35.354,1.1018,1.10183,1.35,0.22
2022.03.04 00:38:35.405,1.10174,1.10178,4.50,0.12
2022.03.04 00:38:35.457,1.10172,1.10174,0.90,0.90
2022.03.04 00:38:35.508,1.10168,1.1017,0.90,0.99
2022.03.04 00:38:35.560,1.10166,1.1017,0.90,0.12
2022.03.04 00:38:35.611,1.10168,1.10171,0.90,0.90
2022.03.04 00:38:35.764,1.10167,1.1017,0.90,0.12
2022.03.04 00:38:35.867,1.10168,1.10171,0.90,0.22
2022.03.04 00:38:36.071,1.10167,1.1017,0.90,0.22
2022.03.04 00:38:36.173,1.10168,1.10171,0.90,0.22
2022.03.04 00:38:36.804,1.10167,1.1017,0.90,0.12
2022.03.04 00:38:37.008,1.10168,1.10171,0.90,1.89
2022.03.04 00:38:38.113,1.10167,1.1017,0.90,0.22
2022.03.04 00:38:38.165,1.10166,1.10169,0.90,0.12
2022.03.04 00:38:38.419,1.10166,1.10169,0.90,3.01
2022.03.04 00:38:38.522,1.10167,1.10169,0.90,0.12
2022.03.04 00:38:38.675,1.10166,1.1017,0.90,2.02
2022.03.04 00:38:38.863,1.10166,1.10168,0.90,0.12
2022.03.04 00:38:38.965,1.10166,1.10169,0.90,0.12
2022.03.04 00:38:39.068,1.10167,1.10169,0.90,0.12
2022.03.04 00:38:39.119,1.10165,1.10168,1.35,0.12
2022.03.04 00:38:39.170,1.10167,1.10169,0.90,0.28
2022.03.04 00:38:39.324,1.10167,1.1017,0.90,0.12
2022.03.04 00:38:39.680,1.10167,1.10171,0.90,0.12
2022.03.04 00:38:40.842,1.10171,1.10173,0.12,2.43
2022.03.04 00:38:40.945,1.10169,1.10171,0.90,0.22
2022.03.04 00:38:40.996,1.10171,1.10174,0.90,0.12
2022.03.04 00:38:41.150,1.1017,1.10172,0.90,0.99
2022.03.04 00:38:41.202,1.10171,1.10174,0.90,0.12
2022.03.04 00:38:41.355,1.10168,1.10172,0.90,0.76
2022.03.04 00:38:41.508,1.10168,1.1017,0.90,0.31
2022.03.04 00:38:42.212,1.10167,1.1017,0.90,0.12
2022.03.04 00:38:42.467,1.10168,1.10171,0.90,0.22
2022.03.04 00:38:43.146,1.10168,1.10172,0.90,0.31
2022.03.04 00:38:43.197,1.10171,1.10174,0.90,2.52
2022.03.04 00:38:43.300,1.10172,1.10175,0.90,0.12
2022.03.04 00:38:43.351,1.10168,1.10172,0.90,2.11
2022.03.04 00:38:43.453,1.10172,1.10175,0.90,0.99
2022.03.04 00:38:43.556,1.10172,1.10176,0.90,4.32
2022.03.04 00:38:43.658,1.10169,1.10172,0.54,0.45
2022.03.04 00:38:43.761,1.10168,1.1017,0.90,1.80
2022.03.04 00:38:43.812,1.10166,1.1017,2.25,0.22
2022.03.04 00:38:44.321,1.10167,1.1017,0.90,0.99
2022.03.04 00:38:44.423,1.10168,1.10171,0.90,2.43
2022.03.04 00:38:44.526,1.10168,1.10172,0.90,0.45
2022.03.04 00:38:44.776,1.10168,1.10173,0.90,4.54
2022.03.04 00:38:46.042,1.10168,1.10172,1.44,0.45
2022.03.04 00:38:46.094,1.10168,1.1017,0.90,1.80
2022.03.04 00:38:46.196,1.10167,1.1017,0.90,1.12
2022.03.04 00:38:46.298,1.10164,1.10169,0.90,2.11
2022.03.04 00:38:46.401,1.10163,1.10167,0.90,1.12
2022.03.04 00:38:46.503,1.10162,1.10167,0.90,3.01
2022.03.04 00:38:46.605,1.10162,1.10166,0.90,0.54
2022.03.04 00:38:47.198,1.10162,1.10164,0.90,0.45
2022.03.04 00:38:47.301,1.10162,1.10166,0.90,0.31
2022.03.04 00:38:47.607,1.10164,1.10167,0.45,0.67
2022.03.04 00:38:47.710,1.10167,1.1017,0.90,0.12
2022.03.04 00:38:48.117,1.10168,1.10171,0.90,0.12
2022.03.04 00:38:48.220,1.10167,1.1017,0.90,0.12
2022.03.04 00:38:48.271,1.10175,1.10177,0.90,0.90
2022.03.04 00:38:48.374,1.10176,1.10179,1.80,0.22
2022.03.04 00:38:48.426,1.10175,1.10177,0.31,2.43
2022.03.04 00:38:48.477,1.10178,1.10182,0.90,1.21
2022.03.04 00:38:48.580,1.10178,1.10183,0.90,1.66
2022.03.04 00:38:48.901,1.10186,1.1019,1.35,4.59
2022.03.04 00:38:49.055,1.10187,1.1019,0.90,2.43
2022.03.04 00:38:49.157,1.10187,1.10191,0.90,0.12
2022.03.04 00:38:49.259,1.10187,1.10192,0.90,0.31
2022.03.04 00:38:49.601,1.10188,1.10192,0.90,2.11
2022.03.04 00:38:49.754,1.10188,1.1019,0.90,0.12
2022.03.04 00:38:50.492,1.10186,1.10191,0.90,1.89
2022.03.04 00:38:50.594,1.10186,1.1019,0.90,0.12
2022.03.04 00:38:50.697,1.10186,1.10191,0.90,2.11
2022.03.04 00:38:51.308,1.1019,1.10192,0.22,0.90
2022.03.04 00:38:51.411,1.10191,1.10193,1.35,2.43
2022.03.04 00:38:51.462,1.10193,1.10196,0.90,0.12
2022.03.04 00:38:51.565,1.10193,1.10197,1.35,2.43
2022.03.04 00:38:51.667,1.10193,1.10198,1.35,1.21
2022.03.04 00:38:52.323,1.10194,1.10198,0.90,1.21
2022.03.04 00:38:53.146,1.10192,1.10198,1.35,1.21
2022.03.04 00:38:53.248,1.10192,1.10197,1.35,1.35
2022.03.04 00:38:53.299,1.1019,1.10193,0.12,3.15
2022.03.04 00:38:53.351,1.10188,1.10193,1.35,0.90
2022.03.04 00:38:53.995,1.10188,1.10194,1.35,3.24
2022.03.04 00:38:54.566,1.10191,1.10196,0.90,1.89
2022.03.04 00:38:54.618,1.10186,1.10189,1.80,11.25
2022.03.04 00:38:54.670,1.10174,1.10176,0.54,0.90
2022.03.04 00:38:54.721,1.10166,1.10169,4.50,0.90
2022.03.04 00:38:54.824,1.1016,1.10165,0.99,0.90
2022.03.04 00:38:54.875,1.10163,1.10169,0.45,3.15
2022.03.04 00:38:54.927,1.10163,1.10166,2.70,1.35
2022.03.04 00:38:54.978,1.10163,1.10169,0.45,3.82
2022.03.04 00:38:55.030,1.1016,1.10163,0.99,1.80
2022.03.04 00:38:55.132,1.1016,1.10166,0.45,1.12
2022.03.04 00:38:55.184,1.10167,1.10169,0.90,1.12
2022.03.04 00:38:55.235,1.1016,1.10162,1.35,0.45
2022.03.04 00:38:55.338,1.10164,1.10166,1.35,0.90
2022.03.04 00:38:55.389,1.10164,1.10169,0.45,1.98
2022.03.04 00:38:55.492,1.1016,1.10163,1.35,0.45
2022.03.04 00:38:55.594,1.10162,1.10167,0.90,2.79
2022.03.04 00:38:55.646,1.1016,1.10164,0.45,1.44
2022.03.04 00:38:55.697,1.10161,1.10166,1.35,0.12
2022.03.04 00:38:55.749,1.10161,1.10164,0.45,0.45
2022.03.04 00:38:55.800,1.10162,1.10168,0.45,0.99
2022.03.04 00:38:55.852,1.10159,1.10164,0.22,0.45
2022.03.04 00:38:55.904,1.10162,1.10166,0.90,3.87
2022.03.04 00:38:55.955,1.10157,1.1016,0.45,0.45
2022.03.04 00:38:56.007,1.1016,1.10164,1.35,0.22
2022.03.04 00:38:56.058,1.10158,1.1016,2.70,0.45
2022.03.04 00:38:56.160,1.10157,1.1016,1.35,0.45
2022.03.04 00:38:56.262,1.10155,1.1016,1.35,0.45
2022.03.04 00:38:56.416,1.10157,1.10161,2.70,0.18
2022.03.04 00:38:57.268,1.10158,1.10161,0.45,0.18
2022.03.04 00:38:57.370,1.10157,1.10162,2.25,0.45
2022.03.04 00:38:57.422,1.10164,1.10165,0.45,3.33
2022.03.04 00:38:57.524,1.1016,1.10164,0.90,0.22
2022.03.04 00:38:57.576,1.10163,1.10164,0.90,0.45
2022.03.04 00:38:57.627,1.10158,1.10162,0.90,0.45
2022.03.04 00:38:57.679,1.10158,1.10164,0.99,0.90
2022.03.04 00:38:57.730,1.10155,1.10161,4.57,0.67
2022.03.04 00:38:57.833,1.10156,1.10161,3.15,0.45
2022.03.04 00:38:57.935,1.10158,1.10161,0.90,0.22
2022.03.04 00:38:58.038,1.10162,1.10166,0.45,2.43
2022.03.04 00:38:58.191,1.10161,1.10166,1.35,0.22
2022.03.04 00:38:58.344,1.10162,1.10166,0.45,0.22
2022.03.04 00:38:58.613,1.10162,1.10167,0.45,1.12
2022.03.04 00:38:59.639,1.10162,1.10166,1.80,0.22
2022.03.04 00:39:00.025,1.10161,1.10168,2.02,4.36
2022.03.04 00:39:00.194,1.10162,1.10168,0.22,2.79
2022.03.04 00:39:00.296,1.10162,1.10167,0.22,0.90
2022.03.04 00:39:00.530,1.10166,1.1017,0.90,3.33
2022.03.04 00:39:00.632,1.10172,1.10175,0.45,5.40
2022.03.04 00:39:00.786,1.10174,1.10177,1.35,2.43
2022.03.04 00:39:00.888,1.10174,1.1018,1.35,3.60
2022.03.04 00:39:00.990,1.10173,1.10177,0.90,0.45
2022.03.04 00:39:01.093,1.1017,1.10173,1.35,0.90
2022.03.04 00:39:01.145,1.10168,1.10174,1.44,0.90
2022.03.04 00:39:02.101,1.10168,1.10175,1.44,1.89
2022.03.04 00:39:02.153,1.10171,1.10177,1.80,0.90
2022.03.04 00:39:02.255,1.10172,1.10178,0.90,3.42
2022.03.04 00:39:02.357,1.10172,1.10177,0.90,0.90
2022.03.04 00:39:02.459,1.10172,1.10178,0.90,1.55
2022.03.04 00:39:02.916,1.10175,1.1018,0.45,0.56
2022.03.04 00:39:03.682,1.10174,1.10179,1.35,0.56
2022.03.04 00:39:03.836,1.10171,1.10176,1.89,1.80
2022.03.04 00:39:03.938,1.1017,1.10176,2.70,2.25
2022.03.04 00:39:04.142,1.1017,1.10175,1.35,1.46
2022.03.04 00:39:04.527,1.10171,1.10177,2.02,0.90
2022.03.04 00:39:04.579,1.10174,1.10177,0.90,2.43
2022.03.04 00:39:04.681,1.10174,1.10179,1.35,2.36
2022.03.04 00:39:04.936,1.10174,1.1018,1.35,1.46
2022.03.04 00:39:05.439,1.10175,1.10178,0.90,2.50
2022.03.04 00:39:05.541,1.10173,1.10179,0.90,3.71
2022.03.04 00:39:05.644,1.10172,1.10174,0.90,0.90
2022.03.04 00:39:05.695,1.1016,1.10162,4.95,3.60
2022.03.04 00:39:05.798,1.10159,1.10161,0.22,2.34
2022.03.04 00:39:05.850,1.10153,1.10157,0.22,0.90
2022.03.04 00:39:05.952,1.10154,1.10158,0.90,1.80
2022.03.04 00:39:06.004,1.10152,1.10157,2.70,2.02
2022.03.04 00:39:06.157,1.10153,1.10157,0.90,0.90
2022.03.04 00:39:06.310,1.10154,1.10159,2.02,1.44
2022.03.04 00:39:06.362,1.10154,1.10157,0.90,0.45
2022.03.04 00:39:06.464,1.10152,1.10157,1.35,2.02
2022.03.04 00:39:06.923,1.10153,1.10158,1.35,2.70
2022.03.04 00:39:07.133,1.10149,1.10152,1.35,1.80
2022.03.04 00:39:07.184,1.10151,1.10156,1.35,2.52
2022.03.04 00:39:07.236,1.10154,1.10156,0.90,2.43
2022.03.04 00:39:07.440,1.10155,1.10158,0.45,2.43
2022.03.04 00:39:07.542,1.10156,1.10158,0.90,2.43
2022.03.04 00:39:07.594,1.10154,1.10157,0.90,0.22
2022.03.04 00:39:07.696,1.10153,1.10157,0.90,0.22
2022.03.04 00:39:07.798,1.10149,1.10152,1.80,2.02
2022.03.04 00:39:07.850,1.10128,1.10132,0.90,0.90
2022.03.04 00:39:07.901,1.1013,1.10132,0.45,0.90
2022.03.04 00:39:08.004,1.10136,1.10139,2.47,0.99
2022.03.04 00:39:08.056,1.10135,1.10138,0.90,0.22
2022.03.04 00:39:08.108,1.10132,1.10133,0.67,0.90
2022.03.04 00:39:08.210,1.10129,1.10133,0.76,1.80
2022.03.04 00:39:08.262,1.10125,1.10129,4.50,0.22
2022.03.04 00:39:08.313,1.10129,1.10133,0.90,0.45
2022.03.04 00:39:08.365,1.10129,1.10135,0.90,0.90
2022.03.04 00:39:08.417,1.10124,1.10131,1.80,0.90
2022.03.04 00:39:08.468,1.10122,1.10127,0.45,0.90
2022.03.04 00:39:08.571,1.10123,1.10127,1.80,0.45
2022.03.04 00:39:08.622,1.10123,1.10129,0.90,0.90
2022.03.04 00:39:08.725,1.10124,1.10131,1.89,0.90
2022.03.04 00:39:08.828,1.10127,1.10131,0.12,1.12
2022.03.04 00:39:08.879,1.10125,1.10131,0.99,2.02
2022.03.04 00:39:08.931,1.10128,1.10132,0.90,0.22
2022.03.04 00:39:09.033,1.10127,1.10134,0.90,0.90
2022.03.04 00:39:09.288,1.10128,1.10135,0.90,0.90
2022.03.04 00:39:09.390,1.10131,1.10135,0.90,0.54
2022.03.04 00:39:09.493,1.10134,1.10139,0.90,0.12
2022.03.04 00:39:09.544,1.10134,1.10141,1.12,0.90
2022.03.04 00:39:09.596,1.1014,1.10142,0.90,9.63
2022.03.04 00:39:09.698,1.1014,1.10146,2.02,0.90
2022.03.04 00:39:09.750,1.10142,1.10146,1.80,2.70
2022.03.04 00:39:09.801,1.10142,1.10149,1.80,3.69
2022.03.04 00:39:09.903,1.10143,1.1015,0.90,3.33
2022.03.04 00:39:10.423,1.10144,1.10149,1.57,0.54
2022.03.04 00:39:10.526,1.10145,1.1015,0.90,0.12
2022.03.04 00:39:10.578,1.10149,1.10153,0.90,3.78
2022.03.04 00:39:10.680,1.1015,1.10153,0.90,2.43
2022.03.04 00:39:10.732,1.10154,1.10156,0.90,0.90
2022.03.04 00:39:10.834,1.10154,1.1016,0.90,3.69
2022.03.04 00:39:11.253,1.10155,1.1016,0.90,1.80
2022.03.04 00:39:11.355,1.10154,1.1016,0.99,1.80
2022.03.04 00:39:11.457,1.10154,1.10161,0.99,1.44
2022.03.04 00:39:11.611,1.10154,1.1016,0.99,0.90
2022.03.04 00:39:11.967,1.10155,1.10161,3.01,0.90
2022.03.04 00:39:12.070,1.10155,1.1016,1.12,0.54
2022.03.04 00:39:12.173,1.10154,1.1016,0.90,0.99
2022.03.04 00:39:12.580,1.10155,1.10162,2.11,3.87
2022.03.04 00:39:12.760,1.10156,1.10162,0.90,1.44
2022.03.04 00:39:12.914,1.10155,1.10162,3.01,1.44
2022.03.04 00:39:12.965,1.10157,1.10162,0.45,1.44
2022.03.04 00:39:13.574,1.10155,1.10158,3.01,1.80
2022.03.04 00:39:13.626,1.10151,1.10156,1.35,1.66
2022.03.04 00:39:13.729,1.10149,1.10155,5.40,5.04
2022.03.04 00:39:13.781,1.10143,1.10146,1.12,0.90
2022.03.04 00:39:13.883,1.10141,1.10145,0.67,1.80
2022.03.04 00:39:13.935,1.10142,1.10148,2.47,0.99
2022.03.04 00:39:14.037,1.10143,1.10149,1.35,0.99
2022.03.04 00:39:14.089,1.10147,1.10149,0.22,0.90
2022.03.04 00:39:14.140,1.10145,1.1015,0.45,0.99
2022.03.04 00:39:17.086,1.10146,1.1015,0.45,0.90
2022.03.04 00:39:18.456,1.10146,1.10149,0.45,0.90
2022.03.04 00:39:18.958,1.10146,1.1015,0.45,0.90
2022.03.04 00:39:20.111,1.10148,1.10152,0.45,0.90
2022.03.04 00:39:20.213,1.10151,1.10154,1.57,2.43
2022.03.04 00:39:20.265,1.10152,1.10156,0.45,1.80
2022.03.04 00:39:20.367,1.10153,1.10157,0.45,2.43
2022.03.04 00:39:20.469,1.10155,1.10158,0.45,0.90
2022.03.04 00:39:20.768,1.10153,1.10158,2.56,0.90
2022.03.04 00:39:20.871,1.10152,1.10157,1.66,0.90
2022.03.04 00:39:20.973,1.10151,1.10156,0.45,0.54
2022.03.04 00:39:21.076,1.10149,1.10154,0.67,0.90
2022.03.04 00:39:21.178,1.10149,1.10155,0.67,0.99
2022.03.04 00:39:21.280,1.1015,1.10155,0.45,0.99
2022.03.04 00:39:21.383,1.10152,1.10156,0.45,0.99
2022.03.04 00:39:21.485,1.10152,1.10157,0.45,0.99
2022.03.04 00:39:21.691,1.10153,1.10157,0.45,0.90
2022.03.04 00:39:21.793,1.10153,1.10158,0.45,0.99
2022.03.04 00:39:23.104,1.10152,1.10158,0.45,0.99
2022.03.04 00:39:23.973,1.10153,1.10158,0.45,0.99
2022.03.04 00:39:24.076,1.10155,1.10158,0.45,0.90
2022.03.04 00:39:24.179,1.10155,1.1016,0.45,3.42
2022.03.04 00:39:24.332,1.10156,1.1016,0.45,0.90
2022.03.04 00:39:24.544,1.10157,1.1016,0.45,0.90
2022.03.04 00:39:24.698,1.10156,1.1016,0.45,0.90
2022.03.04 00:39:24.982,1.10157,1.1016,0.45,0.90
2022.03.04 00:39:25.084,1.10157,1.10161,1.12,0.90
2022.03.04 00:39:25.237,1.1016,1.10162,1.80,1.80
2022.03.04 00:39:25.289,1.10157,1.10163,1.12,0.99
2022.03.04 00:39:25.340,1.10156,1.10161,2.25,2.34
2022.03.04 00:39:25.392,1.10159,1.10165,0.67,2.79
2022.03.04 00:39:25.443,1.10158,1.10162,0.45,0.90
2022.03.04 00:39:25.545,1.10158,1.10163,0.45,0.99
2022.03.04 00:39:26.221,1.10159,1.10163,0.67,1.44
2022.03.04 00:39:26.323,1.10159,1.10164,0.45,0.90
2022.03.04 00:39:26.425,1.10157,1.10163,3.01,0.90
2022.03.04 00:39:27.052,1.10156,1.10161,0.99,0.90
2022.03.04 00:39:27.154,1.10155,1.1016,1.89,0.90
2022.03.04 00:39:27.257,1.10154,1.1016,0.45,1.89
2022.03.04 00:39:27.410,1.10154,1.10159,0.45,0.90
2022.03.04 00:39:27.461,1.10152,1.10158,2.11,0.90
2022.03.04 00:39:28.014,1.1015,1.10156,0.54,2.25
2022.03.04 00:39:28.117,1.10149,1.10155,0.54,0.90
2022.03.04 00:39:28.219,1.10146,1.10151,0.45,0.90
2022.03.04 00:39:28.321,1.10145,1.1015,0.45,2.70
2022.03.04 00:39:28.424,1.10144,1.10148,0.76,0.90
2022.03.04 00:39:29.136,1.10144,1.10149,0.45,0.90
2022.03.04 00:39:29.340,1.10142,1.10144,0.90,0.90
2022.03.04 00:39:29.391,1.1014,1.10145,1.35,2.79
2022.03.04 00:39:29.493,1.10139,1.10145,1.44,0.99
2022.03.04 00:39:30.037,1.10142,1.10146,0.45,0.12
2022.03.04 00:39:30.139,1.10145,1.10148,1.80,0.90
2022.03.04 00:39:30.191,1.10145,1.1015,0.45,2.79
2022.03.04 00:39:30.293,1.10144,1.1015,0.45,2.79
2022.03.04 00:39:30.396,1.10143,1.10149,0.45,2.11
2022.03.04 00:39:30.498,1.10143,1.10148,0.22,0.90
2022.03.04 00:39:30.651,1.10142,1.10148,0.54,0.90
2022.03.04 00:39:30.958,1.1014,1.10142,0.45,0.22
2022.03.04 00:39:31.060,1.10132,1.10135,0.99,0.90
2022.03.04 00:39:31.112,1.10127,1.1013,0.90,0.90
2022.03.04 00:39:31.163,1.1013,1.10135,1.21,1.12
2022.03.04 00:39:31.215,1.10129,1.10132,0.22,2.79
2022.03.04 00:39:31.317,1.1013,1.10133,0.76,0.90
2022.03.04 00:39:31.369,1.10126,1.10131,1.80,1.80
2022.03.04 00:39:31.472,1.10126,1.1013,1.80,0.90
2022.03.04 00:39:31.524,1.10128,1.1013,2.25,0.90
2022.03.04 00:39:31.575,1.10129,1.10132,0.45,0.12
2022.03.04 00:39:31.678,1.10127,1.10132,0.45,0.45
2022.03.04 00:39:31.780,1.10126,1.10131,2.47,0.45
2022.03.04 00:39:31.883,1.10129,1.10131,0.45,0.90
2022.03.04 00:39:31.985,1.10127,1.10132,1.35,0.45
2022.03.04 00:39:32.099,1.10128,1.10132,0.45,0.45
2022.03.04 00:39:32.151,1.10125,1.10131,2.47,1.80
2022.03.04 00:39:32.253,1.10125,1.1013,1.35,0.90
2022.03.04 00:39:32.304,1.10123,1.10128,2.25,2.02
2022.03.04 00:39:32.407,1.10121,1.10126,0.67,1.35
2022.03.04 00:39:32.458,1.10122,1.10128,1.57,0.90
2022.03.04 00:39:32.510,1.10126,1.10128,1.35,0.67
2022.03.04 00:39:32.612,1.10124,1.10129,0.45,0.90
2022.03.04 00:39:32.715,1.10126,1.10131,0.45,2.88
2022.03.04 00:39:33.411,1.10125,1.10131,1.57,0.45
2022.03.04 00:39:33.513,1.10126,1.10131,1.12,0.45
2022.03.04 00:39:33.976,1.10126,1.10132,0.45,2.56
2022.03.04 00:39:34.261,1.10126,1.1013,0.45,0.22
2022.03.04 00:39:34.414,1.10125,1.1013,1.44,1.12
2022.03.04 00:39:34.656,1.10122,1.10125,1.35,1.12
2022.03.04 00:39:34.758,1.10121,1.10125,2.25,0.12
2022.03.04 00:39:35.013,1.10122,1.10125,0.45,0.12
2022.03.04 00:39:35.116,1.10123,1.10126,1.35,0.12
2022.03.04 00:39:35.269,1.10121,1.10125,0.90,0.12
2022.03.04 00:39:35.371,1.10119,1.10123,1.35,0.12
2022.03.04 00:39:35.474,1.10119,1.10121,1.35,0.12
2022.03.04 00:39:35.576,1.10117,1.10121,0.90,0.12
2022.03.04 00:39:35.678,1.10117,1.10123,2.25,0.54
2022.03.04 00:39:35.729,1.10121,1.10124,0.90,0.12
2022.03.04 00:39:35.832,1.10121,1.10125,0.90,0.12
2022.03.04 00:39:36.578,1.10121,1.10126,0.90,0.12
2022.03.04 00:39:36.940,1.10123,1.10127,0.90,0.12
2022.03.04 00:39:37.043,1.10118,1.10123,0.90,0.31
2022.03.04 00:39:37.145,1.10117,1.10123,1.35,2.11
2022.03.04 00:39:37.247,1.10116,1.10123,0.90,2.11
2022.03.04 00:39:37.350,1.10117,1.10123,2.70,0.54
2022.03.04 00:39:37.401,1.10122,1.10124,1.80,2.43
2022.03.04 00:39:37.453,1.10124,1.10129,0.90,1.89
2022.03.04 00:39:37.555,1.10121,1.10127,1.80,0.12
2022.03.04 00:39:37.658,1.10121,1.10126,0.90,0.12
2022.03.04 00:39:37.760,1.1012,1.10126,1.35,0.54
2022.03.04 00:39:37.914,1.10121,1.10126,0.90,0.54
2022.03.04 00:39:39.070,1.1012,1.10126,1.80,0.12
2022.03.04 00:39:40.012,1.10119,1.10124,0.90,1.35
2022.03.04 00:39:40.114,1.10116,1.10122,4.05,0.12
2022.03.04 00:39:40.217,1.10117,1.10122,0.90,0.12
2022.03.04 00:39:40.523,1.1012,1.10124,0.90,0.45
2022.03.04 00:39:40.625,1.10121,1.10125,0.90,0.12
2022.03.04 00:39:40.728,1.10119,1.10124,0.45,0.45
2022.03.04 00:39:40.779,1.10117,1.1012,1.35,0.22
2022.03.04 00:39:40.831,1.10115,1.1012,1.35,0.31
2022.03.04 00:39:40.933,1.10115,1.10118,1.80,0.12
2022.03.04 00:39:40.984,1.10118,1.1012,0.90,0.12
2022.03.04 00:39:41.087,1.10119,1.10124,0.90,1.12
2022.03.04 00:39:41.291,1.1012,1.10126,0.90,3.55
2022.03.04 00:39:41.343,1.10122,1.10126,0.90,2.65
2022.03.04 00:39:41.445,1.10122,1.10127,0.90,3.19
2022.03.04 00:39:41.548,1.10124,1.10127,1.80,2.43
2022.03.04 00:39:41.650,1.10124,1.10129,1.80,0.12
2022.03.04 00:39:41.752,1.10123,1.10127,0.90,0.22
2022.03.04 00:39:42.058,1.10122,1.10127,0.90,0.99
2022.03.04 00:39:44.023,1.10121,1.10127,1.35,0.45
2022.03.04 00:39:44.239,1.10121,1.10128,1.80,3.46
2022.03.04 00:39:44.392,1.10122,1.10128,0.90,1.21
2022.03.04 00:39:45.836,1.10121,1.10127,1.35,1.21
2022.03.04 00:39:45.939,1.10122,1.10127,0.90,0.90
2022.03.04 00:39:46.041,1.10122,1.10128,0.90,0.99
2022.03.04 00:39:46.603,1.10119,1.10125,0.90,3.01
2022.03.04 00:39:46.706,1.10118,1.10124,2.25,2.02
2022.03.04 00:39:46.808,1.10117,1.10123,1.35,0.90
2022.03.04 00:39:46.961,1.1012,1.10123,0.90,3.33
2022.03.04 00:39:47.064,1.10121,1.10124,0.90,2.43
2022.03.04 00:39:47.166,1.10121,1.10126,1.35,0.45
2022.03.04 00:39:47.393,1.10122,1.10126,0.90,0.45
2022.03.04 00:39:47.445,1.1012,1.10127,1.80,2.56
2022.03.04 00:39:47.547,1.10121,1.10126,0.90,0.22
2022.03.04 00:39:47.700,1.10121,1.10127,0.90,0.76
2022.03.04 00:39:47.906,1.10121,1.10126,0.90,0.22
2022.03.04 00:39:48.294,1.10123,1.10126,0.90,0.54
2022.03.04 00:39:49.179,1.10122,1.10128,1.35,2.56
2022.03.04 00:39:49.282,1.10122,1.10127,1.35,2.25
2022.03.04 00:39:49.770,1.10121,1.10127,1.35,2.56
2022.03.04 00:39:49.822,1.10118,1.10124,1.35,1.21
2022.03.04 00:39:49.924,1.10118,1.10123,0.90,0.12
2022.03.04 00:39:50.026,1.10118,1.10124,0.90,1.21
2022.03.04 00:39:50.522,1.10122,1.10124,1.35,2.43
2022.03.04 00:39:50.624,1.1012,1.10125,1.35,3.19
2022.03.04 00:39:50.778,1.10122,1.10125,1.35,0.45
2022.03.04 00:39:50.880,1.10124,1.10129,0.45,0.22
2022.03.04 00:39:51.652,1.10123,1.10129,1.80,0.22
2022.03.04 00:39:52.071,1.10122,1.10128,1.35,0.31
2022.03.04 00:39:52.960,1.10123,1.10128,0.90,0.31
2022.03.04 00:39:53.363,1.10123,1.10129,0.90,0.76
2022.03.04 00:39:54.302,1.10128,1.10129,2.70,2.43
2022.03.04 00:39:54.456,1.10128,1.10133,0.90,0.12
2022.03.04 00:39:54.558,1.10127,1.10133,0.90,0.99
2022.03.04 00:39:55.020,1.10129,1.10134,0.90,0.12
2022.03.04 00:39:55.122,1.10131,1.10135,1.35,0.12
2022.03.04 00:39:55.225,1.10133,1.10135,0.90,2.43
2022.03.04 00:39:55.327,1.10133,1.10138,0.90,0.12
2022.03.04 00:39:56.687,1.10132,1.10138,0.90,2.79
2022.03.04 00:39:56.841,1.10133,1.10138,0.90,1.89
2022.03.04 00:39:59.454,1.10137,1.1014,0.45,0.31
2022.03.04 00:39:59.505,1.10135,1.1014,0.90,0.54
2022.03.04 00:39:59.557,1.10133,1.10139,1.35,0.12
2022.03.04 00:39:59.862,1.10133,1.10138,0.90,0.12
2022.03.04 00:40:01.073,1.10137,1.1014,1.80,1.89
2022.03.04 00:40:01.175,1.10139,1.10143,0.90,0.12
2022.03.04 00:40:01.227,1.10139,1.10145,1.35,3.24
2022.03.04 00:40:01.329,1.10144,1.10146,1.20,4.45
2022.03.04 00:40:01.381,1.10143,1.10149,1.35,2.79
2022.03.04 00:40:01.483,1.10144,1.10149,1.35,0.12
2022.03.04 00:40:01.585,1.10146,1.1015,0.90,0.54
2022.03.04 00:40:01.688,1.10146,1.10151,0.90,0.99
2022.03.04 00:40:02.045,1.10148,1.10151,2.02,0.45
2022.03.04 00:40:02.096,1.10151,1.10153,2.02,2.43
2022.03.04 00:40:02.250,1.10153,1.10157,1.35,4.50
2022.03.04 00:40:02.352,1.10153,1.10158,1.35,0.12
2022.03.04 00:40:03.149,1.10154,1.10159,0.22,0.12
2022.03.04 00:40:03.251,1.10153,1.10159,0.90,0.99
2022.03.04 00:40:03.549,1.10152,1.10159,1.44,2.79
2022.03.04 00:40:03.937,1.10153,1.10159,0.90,0.12
2022.03.04 00:40:05.500,1.1015,1.10155,3.24,0.90
2022.03.04 00:40:05.602,1.10152,1.10157,0.45,0.31
2022.03.04 00:40:05.705,1.10152,1.10158,1.44,2.52
2022.03.04 00:40:06.174,1.10154,1.10159,1.35,0.12
2022.03.04 00:40:06.277,1.10156,1.10161,0.45,1.44
2022.03.04 00:40:06.328,1.10157,1.10163,0.45,3.42
2022.03.04 00:40:06.431,1.10157,1.10164,1.35,4.36
2022.03.04 00:40:06.482,1.1016,1.10163,0.45,2.79
2022.03.04 00:40:06.635,1.10159,1.10165,0.54,0.12
2022.03.04 00:40:06.981,1.1016,1.10165,0.45,0.12
2022.03.04 00:40:07.104,1.10161,1.10166,0.45,0.99
2022.03.04 00:40:07.415,1.1016,1.10166,1.44,0.99
2022.03.04 00:40:07.995,1.1016,1.10165,0.54,0.90
2022.03.04 00:40:08.097,1.10159,1.10162,1.44,0.90
2022.03.04 00:40:08.200,1.10159,1.10164,0.90,1.66
2022.03.04 00:40:08.622,1.1016,1.10164,0.22,0.12
2022.03.04 00:40:08.880,1.10168,1.1017,1.35,0.45
2022.03.04 00:40:08.931,1.10171,1.10175,0.45,0.12
2022.03.04 00:40:08.983,1.10169,1.10171,0.45,4.50
2022.03.04 00:40:09.035,1.10167,1.10171,0.45,4.50
2022.03.04 00:40:09.086,1.1017,1.10175,1.57,2.52
2022.03.04 00:40:09.240,1.1017,1.10176,1.66,0.54
2022.03.04 00:40:09.820,1.10173,1.10175,0.45,0.12
2022.03.04 00:40:09.922,1.10172,1.10177,0.45,0.12
2022.03.04 00:40:10.240,1.10172,1.10178,0.45,0.90
2022.03.04 00:40:10.758,1.10173,1.10178,0.45,0.90
2022.03.04 00:40:10.860,1.10174,1.10179,0.45,0.12
2022.03.04 00:40:10.963,1.10176,1.10179,0.45,0.54
2022.03.04 00:40:11.065,1.10174,1.1018,0.54,0.54
2022.03.04 00:40:11.421,1.10175,1.1018,0.12,1.35
2022.03.04 00:40:11.523,1.10174,1.1018,0.54,1.44
2022.03.04 00:40:11.727,1.10175,1.1018,0.45,1.44
2022.03.04 00:40:11.880,1.10177,1.1018,0.45,0.99
2022.03.04 00:40:11.983,1.10179,1.10182,2.25,2.43
2022.03.04 00:40:12.086,1.1018,1.10182,0.45,2.43
2022.03.04 00:40:12.137,1.1018,1.10184,0.45,3.60
2022.03.04 00:40:12.341,1.10178,1.10183,1.66,0.90
2022.03.04 00:40:12.529,1.10176,1.10183,0.99,2.92
2022.03.04 00:40:13.527,1.10176,1.10182,0.90,1.80
2022.03.04 00:40:13.578,1.10176,1.10179,0.90,0.22
2022.03.04 00:40:13.630,1.10172,1.10174,1.35,1.80
2022.03.04 00:40:13.783,1.10169,1.10172,4.50,1.80
2022.03.04 00:40:13.885,1.10168,1.10173,0.12,0.90
2022.03.04 00:40:15.078,1.10167,1.10173,0.90,0.90
2022.03.04 00:40:15.180,1.10166,1.10173,1.89,0.90
2022.03.04 00:40:16.074,1.10166,1.10172,0.45,0.90
2022.03.04 00:40:16.528,1.10165,1.10172,2.11,0.90
2022.03.04 00:40:17.149,1.10163,1.10165,1.57,1.57
2022.03.04 00:40:17.200,1.10156,1.1016,1.12,0.90
2022.03.04 00:40:17.252,1.10158,1.10161,4.50,2.79
2022.03.04 00:40:17.304,1.10155,1.10162,2.70,3.24
2022.03.04 00:40:17.406,1.10154,1.10161,2.11,0.90
2022.03.04 00:40:18.220,1.10153,1.10158,1.35,0.31
2022.03.04 00:40:18.323,1.10149,1.10151,0.90,0.45
2022.03.04 00:40:18.374,1.10148,1.10153,4.50,3.01
2022.03.04 00:40:18.476,1.10148,1.10152,4.50,0.90
2022.03.04 00:40:18.579,1.10148,1.10153,0.90,0.31
2022.03.04 00:40:19.362,1.10148,1.10151,0.90,0.12
2022.03.04 00:40:19.970,1.10145,1.1015,0.90,0.22
2022.03.04 00:40:20.073,1.10143,1.10148,2.25,0.31
2022.03.04 00:40:20.480,1.10143,1.10146,0.90,0.12
2022.03.04 00:40:20.583,1.10142,1.10147,0.90,0.12
2022.03.04 00:40:20.685,1.10142,1.10149,0.90,3.01
2022.03.04 00:40:20.901,1.10143,1.10149,0.90,2.11
2022.03.04 00:40:21.003,1.10145,1.10149,0.90,0.12
2022.03.04 00:40:21.106,1.10146,1.10149,0.90,0.31
2022.03.04 00:40:21.310,1.10148,1.10151,0.90,0.12
2022.03.04 00:40:21.412,1.10148,1.10152,0.90,0.12
2022.03.04 00:40:22.168,1.10145,1.10151,0.90,3.46
2022.03.04 00:40:22.270,1.10145,1.1015,0.90,0.22
2022.03.04 00:40:22.677,1.10146,1.10148,0.90,0.12
2022.03.04 00:40:22.729,1.10145,1.10147,0.90,0.90
2022.03.04 00:40:22.780,1.10142,1.10148,0.90,0.99
2022.03.04 00:40:22.883,1.10143,1.10148,0.90,0.12
2022.03.04 00:40:23.137,1.10145,1.10149,0.90,0.45
2022.03.04 00:40:23.359,1.10144,1.10149,0.90,0.99
2022.03.04 00:40:23.462,1.10144,1.10148,0.90,0.12
2022.03.04 00:40:23.564,1.10144,1.10149,0.90,0.99
2022.03.04 00:40:25.234,1.10145,1.1015,0.90,0.99
2022.03.04 00:40:25.644,1.10147,1.1015,0.90,0.99
2022.03.04 00:40:25.746,1.10151,1.10153,0.90,5.13
2022.03.04 00:40:25.849,1.1015,1.10154,1.12,0.45
2022.03.04 00:40:25.951,1.10151,1.10155,0.90,0.54
2022.03.04 00:40:26.155,1.10151,1.10156,0.90,0.99
2022.03.04 00:40:26.359,1.10154,1.10158,0.90,2.43
2022.03.04 00:40:26.462,1.10155,1.1016,0.90,0.54
2022.03.04 00:40:26.759,1.10157,1.10161,0.90,0.12
2022.03.04 00:40:26.861,1.10159,1.10162,0.90,0.12
2022.03.04 00:40:26.982,1.10159,1.10163,0.90,1.44
2022.03.04 00:40:27.559,1.10157,1.10163,0.90,1.44
2022.03.04 00:40:27.728,1.10159,1.10164,0.90,0.12
2022.03.04 00:40:27.830,1.10159,1.10165,0.90,2.97
2022.03.04 00:40:27.984,1.10162,1.10165,0.45,0.45
2022.03.04 00:40:28.035,1.10159,1.10165,0.99,0.45
2022.03.04 00:40:28.086,1.10157,1.10163,0.99,0.90
2022.03.04 00:40:28.611,1.10158,1.10163,0.54,0.45
2022.03.04 00:40:28.662,1.10159,1.10165,0.67,4.77
2022.03.04 00:40:29.655,1.10158,1.10163,0.12,0.45
2022.03.04 00:40:29.758,1.10157,1.10163,0.22,1.80
2022.03.04 00:40:30.177,1.10159,1.10165,0.76,2.34
2022.03.04 00:40:30.280,1.1016,1.10165,0.22,1.44
2022.03.04 00:40:30.382,1.10159,1.10165,0.12,3.46
2022.03.04 00:40:30.485,1.10157,1.10162,1.44,1.80
2022.03.04 00:40:30.587,1.10156,1.10162,0.12,1.44
2022.03.04 00:40:30.690,1.10156,1.10161,0.12,0.45
2022.03.04 00:40:30.995,1.10156,1.10162,0.12,1.44
2022.03.04 00:40:31.991,1.10153,1.10155,1.35,1.80
2022.03.04 00:40:32.094,1.10147,1.1015,0.99,1.80
2022.03.04 00:40:32.146,1.10149,1.10152,4.50,3.24
2022.03.04 00:40:32.197,1.10145,1.10152,3.01,3.24
2022.03.04 00:40:32.249,1.10145,1.1015,1.80,2.70
2022.03.04 00:40:32.504,1.10146,1.10151,0.90,0.12
2022.03.04 00:40:32.657,1.10149,1.10152,0.90,0.54
2022.03.04 00:40:32.759,1.10155,1.10157,3.31,0.90
2022.03.04 00:40:32.811,1.10157,1.1016,1.80,6.93
2022.03.04 00:40:32.913,1.10158,1.1016,1.89,2.43
2022.03.04 00:40:32.965,1.10159,1.10166,1.89,2.79
2022.03.04 00:40:33.067,1.1016,1.10165,1.80,0.45
2022.03.04 00:40:33.119,1.10161,1.10167,0.90,2.97
2022.03.04 00:40:33.170,1.10159,1.10164,0.90,1.80
2022.03.04 00:40:33.273,1.10158,1.10162,1.35,0.22
2022.03.04 00:40:33.426,1.10156,1.10162,0.12,1.35
2022.03.04 00:40:33.528,1.10155,1.10162,0.99,1.44
2022.03.04 00:40:34.127,1.10154,1.10157,1.35,0.90
2022.03.04 00:40:34.229,1.10151,1.10158,1.89,0.99
2022.03.04 00:40:34.331,1.10152,1.10159,0.99,1.89
2022.03.04 00:40:34.722,1.10156,1.1016,0.45,4.05
2022.03.04 00:40:34.824,1.10156,1.10161,0.99,2.43
2022.03.04 00:40:34.876,1.10156,1.10163,0.99,1.66
2022.03.04 00:40:35.343,1.1016,1.10163,0.97,1.35
2022.03.04 00:40:35.446,1.10167,1.10169,0.99,0.45
2022.03.04 00:40:35.497,1.10165,1.10167,0.45,4.50
2022.03.04 00:40:35.549,1.1017,1.10173,0.22,2.43
2022.03.04 00:40:35.702,1.10171,1.10173,1.89,2.70
2022.03.04 00:40:35.754,1.1017,1.10177,1.89,7.29
2022.03.04 00:40:35.958,1.10171,1.10178,0.99,2.79
2022.03.04 00:40:37.002,1.10172,1.10178,0.12,0.90
2022.03.04 00:40:37.847,1.10175,1.10181,1.89,3.33
2022.03.04 00:40:37.949,1.10176,1.10181,0.99,2.43
2022.03.04 00:40:38.052,1.10179,1.10185,0.99,0.90
2022.03.04 00:40:38.205,1.1018,1.10186,0.99,3.78
2022.03.04 00:40:38.307,1.10179,1.10186,3.91,0.99
2022.03.04 00:40:38.511,1.1018,1.10186,0.45,0.99
2022.03.04 00:40:38.623,1.10179,1.10185,0.54,0.90
2022.03.04 00:40:38.725,1.10177,1.10182,0.54,0.90
2022.03.04 00:40:38.828,1.10176,1.10183,3.24,0.99
2022.03.04 00:40:39.623,1.10175,1.10181,0.54,1.80
2022.03.04 00:40:39.725,1.10175,1.1018,0.45,0.90
2022.03.04 00:40:39.827,1.10173,1.10179,0.12,0.90
2022.03.04 00:40:39.930,1.10173,1.10178,0.12,0.90
2022.03.04 00:40:40.877,1.10172,1.10178,0.12,0.90
2022.03.04 00:40:42.482,1.10174,1.1018,0.45,1.44
2022.03.04 00:40:43.292,1.10172,1.10178,1.44,0.22
2022.03.04 00:40:44.788,1.10173,1.10178,0.12,1.44
2022.03.04 00:40:45.845,1.10176,1.10179,1.89,0.90
2022.03.04 00:40:45.896,1.10177,1.10183,1.80,1.21
2022.03.04 00:40:46.050,1.10177,1.10184,1.80,3.33
2022.03.04 00:40:46.152,1.10181,1.10185,0.90,0.99
2022.03.04 00:40:46.255,1.10182,1.10186,0.99,0.90
2022.03.04 00:40:46.306,1.10182,1.10188,0.99,0.12
2022.03.04 00:40:46.572,1.10184,1.10187,0.12,0.45
2022.03.04 00:40:47.124,1.10184,1.10188,0.12,2.79
2022.03.04 00:40:47.812,1.10182,1.10188,2.11,2.79
2022.03.04 00:40:47.863,1.10181,1.10187,2.79,1.35
2022.03.04 00:40:47.966,1.10178,1.10184,0.22,0.90
2022.03.04 00:40:48.073,1.10177,1.10184,1.12,0.99
2022.03.04 00:40:48.175,1.10177,1.10183,0.99,0.99
2022.03.04 00:40:48.277,1.10178,1.10183,1.89,0.90
2022.03.04 00:40:50.589,1.10174,1.10176,3.60,0.90
2022.03.04 00:40:50.691,1.10172,1.10174,4.50,2.70
2022.03.04 00:40:50.743,1.10171,1.10173,4.50,0.99
2022.03.04 00:40:50.794,1.10167,1.10173,1.89,0.99
2022.03.04 00:40:51.575,1.10166,1.10168,0.12,1.80
2022.03.04 00:40:51.626,1.10165,1.10172,1.89,1.89
2022.03.04 00:40:51.729,1.10166,1.10172,0.54,2.25
2022.03.04 00:40:51.831,1.10165,1.10172,1.21,1.44
2022.03.04 00:40:52.117,1.10165,1.10168,0.99,0.45
2022.03.04 00:40:52.220,1.10162,1.10168,2.56,1.35
2022.03.04 00:40:52.322,1.10162,1.10165,1.35,0.90
2022.03.04 00:40:52.424,1.10159,1.10165,0.31,2.70
2022.03.04 00:40:52.476,1.10157,1.10163,0.99,1.80
2022.03.04 00:40:52.578,1.10156,1.10161,1.44,0.90
2022.03.04 00:40:52.680,1.10155,1.10161,0.12,0.90
2022.03.04 00:40:53.033,1.10155,1.10162,0.54,1.44
2022.03.04 00:40:53.572,1.10156,1.10163,1.80,2.79
2022.03.04 00:40:53.674,1.10156,1.10162,1.66,3.69
2022.03.04 00:40:53.776,1.10155,1.10162,1.21,0.45
2022.03.04 00:40:54.031,1.10154,1.10162,2.11,3.01
2022.03.04 00:40:55.548,1.10156,1.10161,0.45,3.24
2022.03.04 00:40:56.080,1.10155,1.10161,0.90,0.90
2022.03.04 00:40:56.183,1.10153,1.1016,0.99,0.90
2022.03.04 00:40:56.234,1.10152,1.10158,1.35,0.99
2022.03.04 00:40:56.337,1.10152,1.10157,1.35,0.99
2022.03.04 00:40:56.388,1.1015,1.10157,1.80,0.99
2022.03.04 00:40:56.490,1.1015,1.10156,2.02,0.90
2022.03.04 00:40:56.721,1.1015,1.10157,1.80,0.99
2022.03.04 00:40:56.772,1.10152,1.10158,1.80,2.70
2022.03.04 00:40:56.874,1.10152,1.10159,3.24,3.42
2022.03.04 00:40:57.324,1.10151,1.10157,0.12,0.90
2022.03.04 00:40:57.426,1.1015,1.10156,3.01,0.90
2022.03.04 00:40:58.084,1.1015,1.10157,1.80,0.90
2022.03.04 00:40:58.399,1.1015,1.10158,1.35,3.01
2022.03.04 00:40:59.071,1.1015,1.10157,0.90,0.90
2022.03.04 00:40:59.248,1.1015,1.10156,0.99,0.90
2022.03.04 00:41:00.096,1.10147,1.10153,2.34,0.90
2022.03.04 00:41:00.198,1.10146,1.10152,0.99,1.80
2022.03.04 00:41:00.301,1.10152,1.10156,1.80,2.88
2022.03.04 00:41:00.403,1.10153,1.10159,2.11,2.43
2022.03.04 00:41:00.557,1.10149,1.10156,0.99,1.89
2022.03.04 00:41:00.659,1.10148,1.10153,0.12,0.90
2022.03.04 00:41:00.772,1.10155,1.10158,0.45,4.68
2022.03.04 00:41:00.823,1.10156,1.1016,0.90,0.45
2022.03.04 00:41:00.926,1.10156,1.10162,0.99,0.90
2022.03.04 00:41:01.028,1.10157,1.10163,0.90,1.44
2022.03.04 00:41:01.130,1.10156,1.10162,0.99,0.90
2022.03.04 00:41:01.334,1.10154,1.1016,2.79,0.90
2022.03.04 00:41:01.436,1.10156,1.10162,0.12,0.90
2022.03.04 00:41:02.702,1.10154,1.1016,0.12,2.79
2022.03.04 00:41:02.855,1.10154,1.10159,0.45,0.90
2022.03.04 00:41:02.957,1.10154,1.10158,0.99,1.80
2022.03.04 00:41:03.060,1.10152,1.10159,1.44,1.89
2022.03.04 00:41:03.162,1.10153,1.1016,1.89,1.44
2022.03.04 00:41:03.590,1.10155,1.1016,0.45,1.35
2022.03.04 00:41:03.693,1.10157,1.10162,0.90,2.43
2022.03.04 00:41:03.795,1.10156,1.10163,1.89,0.99
2022.03.04 00:41:05.308,1.10161,1.10162,0.90,0.90
2022.03.04 00:41:05.360,1.10163,1.10165,0.82,4.45
2022.03.04 00:41:05.513,1.10163,1.10168,1.89,4.50
2022.03.04 00:41:05.615,1.10164,1.10168,1.89,0.45
2022.03.04 00:41:05.717,1.10163,1.1017,1.89,0.99
2022.03.04 00:41:05.973,1.10164,1.1017,1.80,0.99
2022.03.04 00:41:06.076,1.10164,1.10171,0.99,1.44
2022.03.04 00:41:06.340,1.10164,1.1017,0.12,0.90
2022.03.04 00:41:06.442,1.10163,1.1017,2.34,0.99
2022.03.04 00:41:07.021,1.10164,1.1017,0.12,0.90
2022.03.04 00:41:07.829,1.10164,1.10171,0.99,1.44
2022.03.04 00:41:08.186,1.10164,1.1017,0.99,0.90
2022.03.04 00:41:08.340,1.10162,1.10167,1.35,0.90
2022.03.04 00:41:08.442,1.10161,1.10168,1.21,3.24
2022.03.04 00:41:08.544,1.1016,1.10166,0.99,0.90
2022.03.04 00:41:11.319,1.1016,1.10167,0.99,0.90
2022.03.04 00:41:11.421,1.10163,1.10169,1.44,2.88
2022.03.04 00:41:11.524,1.10165,1.10169,0.12,0.90
2022.03.04 00:41:11.628,1.10163,1.1017,0.99,3.15
2022.03.04 00:41:13.284,1.10166,1.1017,0.45,1.35
2022.03.04 00:41:13.386,1.10166,1.10171,0.90,0.45
2022.03.04 00:41:13.488,1.10166,1.10173,0.90,1.66
2022.03.04 00:41:14.366,1.10169,1.10175,1.21,1.35
2022.03.04 00:41:14.520,1.10174,1.10176,1.12,2.43
2022.03.04 00:41:14.571,1.10174,1.1018,0.22,5.85
2022.03.04 00:41:14.673,1.10175,1.10181,1.21,2.52
2022.03.04 00:41:14.776,1.10176,1.10181,0.22,0.12
2022.03.04 00:41:14.827,1.10176,1.10183,1.12,0.90
2022.03.04 00:41:14.929,1.10176,1.10182,0.22,0.90
2022.03.04 00:41:15.046,1.10175,1.10182,1.21,0.90
2022.03.04 00:41:15.148,1.10176,1.10182,0.45,0.90
2022.03.04 00:41:15.253,1.10175,1.10182,1.66,0.90
2022.03.04 00:41:15.853,1.10176,1.10182,0.22,0.90
2022.03.04 00:41:15.955,1.10177,1.10183,0.99,0.90
2022.03.04 00:41:16.061,1.10176,1.10183,1.12,0.90
2022.03.04 00:41:16.170,1.10175,1.10181,0.12,0.90
2022.03.04 00:41:16.273,1.10177,1.10182,0.90,3.15
2022.03.04 00:41:17.053,1.10174,1.10181,2.56,0.90
2022.03.04 00:41:17.155,1.10175,1.10181,0.67,0.90
2022.03.04 00:41:18.413,1.10173,1.10179,1.44,2.70
2022.03.04 00:41:18.516,1.10173,1.10178,1.35,2.25
2022.03.04 00:41:18.618,1.10171,1.10178,2.11,2.34
2022.03.04 00:41:18.771,1.10173,1.10179,2.34,0.90
2022.03.04 00:41:18.874,1.10178,1.1018,0.90,2.43
2022.03.04 00:41:18.976,1.10179,1.10184,3.91,1.35
2022.03.04 00:41:19.130,1.1018,1.10186,0.99,0.90
2022.03.04 00:41:19.232,1.10182,1.10186,0.22,1.35
2022.03.04 00:41:19.437,1.10183,1.10188,0.45,0.90
2022.03.04 00:41:19.539,1.10184,1.10188,0.90,3.78
2022.03.04 00:41:19.862,1.10181,1.10184,1.35,1.80
2022.03.04 00:41:19.914,1.10181,1.10186,1.57,2.70
2022.03.04 00:41:20.016,1.1018,1.10185,0.90,1.80
2022.03.04 00:41:20.118,1.10179,1.10184,2.25,0.45
2022.03.04 00:41:20.221,1.10179,1.10185,0.90,1.80
2022.03.04 00:41:20.495,1.10178,1.10185,2.56,0.90
2022.03.04 00:41:21.859,1.10177,1.1018,1.80,1.80
2022.03.04 00:41:21.961,1.10174,1.1018,2.34,1.80
2022.03.04 00:41:22.064,1.10174,1.10179,1.35,0.90
2022.03.04 00:41:22.166,1.10174,1.1018,3.91,0.45
2022.03.04 00:41:22.269,1.10175,1.1018,1.12,0.45
2022.03.04 00:41:22.371,1.10177,1.10181,1.12,0.90
2022.03.04 00:41:22.423,1.10177,1.10184,2.02,3.87
2022.03.04 00:41:22.474,1.10179,1.10184,1.12,2.43
2022.03.04 00:41:22.577,1.10179,1.10185,1.21,0.90
2022.03.04 00:41:22.628,1.1018,1.10187,2.02,0.99
2022.03.04 00:41:25.254,1.1018,1.10186,2.02,2.92
2022.03.04 00:41:25.306,1.10178,1.10185,2.25,1.89
2022.03.04 00:41:25.408,1.10178,1.10184,1.35,2.70
2022.03.04 00:41:25.510,1.10177,1.10183,1.12,0.90
2022.03.04 00:41:25.765,1.10176,1.1018,1.89,0.90
2022.03.04 00:41:26.135,1.10176,1.10181,0.45,0.90
2022.03.04 00:41:26.186,1.10178,1.10184,0.76,3.33
2022.03.04 00:41:26.238,1.10181,1.10184,0.45,2.43
2022.03.04 00:41:26.340,1.10181,1.10188,1.21,3.60
2022.03.04 00:41:26.544,1.10182,1.10188,0.22,0.90
2022.03.04 00:41:28.173,1.10183,1.1019,2.11,4.23
2022.03.04 00:41:28.326,1.10184,1.1019,0.12,1.80
2022.03.04 00:41:28.754,1.10189,1.10192,0.22,1.80
2022.03.04 00:41:28.857,1.1019,1.10196,0.90,4.14
2022.03.04 00:41:29.215,1.10191,1.10194,0.22,0.90
2022.03.04 00:41:29.318,1.10188,1.10194,2.11,0.90
2022.03.04 00:41:30.124,1.10187,1.10191,2.02,0.45
2022.03.04 00:41:30.176,1.10184,1.10186,0.22,2.79
2022.03.04 00:41:30.228,1.1018,1.10185,0.90,0.99
2022.03.04 00:41:30.330,1.10179,1.10184,1.12,0.99
2022.03.04 00:41:30.432,1.1018,1.10184,0.22,0.99
2022.03.04 00:41:30.534,1.10179,1.10184,0.67,0.12
2022.03.04 00:41:30.586,1.10178,1.10182,0.22,0.90
2022.03.04 00:41:30.688,1.10177,1.10181,1.80,0.90
2022.03.04 00:41:30.740,1.10175,1.1018,0.22,1.89
2022.03.04 00:41:30.842,1.10174,1.10179,0.22,0.12
2022.03.04 00:41:31.773,1.10178,1.1018,1.80,0.99
2022.03.04 00:41:31.825,1.10177,1.1018,0.22,0.12
2022.03.04 00:41:32.360,1.10174,1.1018,1.12,0.99
2022.03.04 00:41:32.463,1.10175,1.1018,0.22,0.99
2022.03.04 00:41:35.130,1.10172,1.10176,1.35,0.90
2022.03.04 00:41:35.232,1.10172,1.10175,1.35,1.89
2022.03.04 00:41:35.335,1.10169,1.10174,0.22,0.99
2022.03.04 00:41:35.742,1.10169,1.10173,0.22,0.99
2022.03.04 00:41:35.845,1.10168,1.10172,0.22,0.90
2022.03.04 00:41:36.636,1.10168,1.10173,0.90,0.90
2022.03.04 00:41:36.738,1.10168,1.10174,0.90,0.90
2022.03.04 00:41:36.840,1.10167,1.10171,3.37,0.90
2022.03.04 00:41:37.044,1.10167,1.10172,1.12,0.90
2022.03.04 00:41:37.146,1.10168,1.10173,0.90,0.90
2022.03.04 00:41:37.248,1.10167,1.10173,2.92,0.90
2022.03.04 00:41:37.401,1.10169,1.10174,0.45,1.80
2022.03.04 00:41:37.504,1.1017,1.10175,1.12,0.90
2022.03.04 00:41:37.555,1.10171,1.10177,1.57,3.33
2022.03.04 00:41:37.660,1.10173,1.10179,0.22,1.80
2022.03.04 00:41:37.915,1.10173,1.10177,0.22,0.90
2022.03.04 00:41:38.017,1.10172,1.10177,0.22,0.90
2022.03.04 00:41:38.342,1.10173,1.10177,0.22,0.90
2022.03.04 00:41:38.445,1.10172,1.10178,1.12,0.90
2022.03.04 00:41:39.461,1.10178,1.10181,1.12,0.99
2022.03.04 00:41:39.564,1.10179,1.10184,3.82,2.43
2022.03.04 00:41:39.666,1.1018,1.10184,0.22,2.43
2022.03.04 00:41:39.717,1.10181,1.10186,0.22,3.60
2022.03.04 00:41:39.820,1.10183,1.10189,1.12,4.32
2022.03.04 00:41:39.922,1.10183,1.1019,2.02,8.19
2022.03.04 00:41:40.075,1.10184,1.10188,2.02,0.90
2022.03.04 00:41:40.279,1.10183,1.10188,0.22,0.90
2022.03.04 00:41:40.766,1.1018,1.10186,2.02,2.25
2022.03.04 00:41:40.868,1.1018,1.10185,1.12,0.90
2022.03.04 00:41:40.970,1.1018,1.10184,2.92,0.90
2022.03.04 00:41:41.073,1.10181,1.10186,0.90,0.90
2022.03.04 00:41:41.175,1.10181,1.10187,1.57,1.44
2022.03.04 00:41:41.278,1.10183,1.10189,0.90,3.87
2022.03.04 00:41:41.533,1.10183,1.1019,3.82,1.89
2022.03.04 00:41:41.737,1.10185,1.10191,2.02,1.35
2022.03.04 00:41:41.890,1.10186,1.10191,1.80,0.45
2022.03.04 00:41:41.992,1.10187,1.10192,0.22,0.90
2022.03.04 00:41:42.196,1.10189,1.10194,0.22,1.80
2022.03.04 00:41:42.299,1.10195,1.10197,0.22,2.43
2022.03.04 00:41:42.350,1.10193,1.10197,2.02,2.43
2022.03.04 00:41:42.452,1.10193,1.10199,2.92,0.90
2022.03.04 00:41:43.381,1.10192,1.10199,2.11,1.80
2022.03.04 00:41:43.484,1.10191,1.10196,1.57,0.90
2022.03.04 00:41:43.586,1.10191,1.10195,0.22,2.70
2022.03.04 00:41:43.790,1.10188,1.10194,2.02,0.90
2022.03.04 00:41:44.637,1.10192,1.10195,0.45,0.90
2022.03.04 00:41:44.689,1.10189,1.10194,6.16,0.90
2022.03.04 00:41:44.740,1.1019,1.10195,0.22,0.90
2022.03.04 00:41:44.791,1.10191,1.10197,1.12,3.42
2022.03.04 00:41:44.945,1.10188,1.10195,2.56,0.90
2022.03.04 00:41:44.996,1.1019,1.10194,1.12,0.90
2022.03.04 00:41:45.047,1.10188,1.10194,0.22,0.90
2022.03.04 00:41:45.150,1.10186,1.10193,4.36,1.80
2022.03.04 00:41:45.252,1.10186,1.10192,1.12,0.90
2022.03.04 00:41:45.743,1.10183,1.10188,3.15,1.80
2022.03.04 00:41:45.845,1.10183,1.10187,0.22,0.90
2022.03.04 00:41:47.906,1.10181,1.10186,1.57,2.70
2022.03.04 00:41:48.009,1.10182,1.10184,1.35,0.90
2022.03.04 00:41:48.111,1.10179,1.10185,0.22,0.90
2022.03.04 00:41:49.235,1.10183,1.10187,2.02,2.43
2022.03.04 00:41:49.338,1.10185,1.10187,0.22,2.43
2022.03.04 00:41:49.389,1.10186,1.10192,0.22,4.32
2022.03.04 00:41:49.543,1.10187,1.10192,0.22,3.42
2022.03.04 00:41:50.107,1.10188,1.10192,0.22,0.99
2022.03.04 00:41:50.342,1.10188,1.10193,0.22,0.99
2022.03.04 00:41:50.444,1.10189,1.10194,0.22,0.12
2022.03.04 00:41:50.546,1.10189,1.10195,0.22,1.44
2022.03.04 00:41:50.952,1.10188,1.10195,1.66,2.34
2022.03.04 00:41:51.331,1.10189,1.10195,0.22,2.34
2022.03.04 00:41:51.433,1.10188,1.10191,0.45,0.90
2022.03.04 00:41:51.485,1.10186,1.10192,1.35,0.99
2022.03.04 00:41:51.790,1.10187,1.10192,1.12,0.90
2022.03.04 00:41:53.294,1.10184,1.1019,2.70,1.80
2022.03.04 00:41:53.397,1.10183,1.1019,3.46,2.25
2022.03.04 00:41:53.448,1.10183,1.10188,2.47,0.90
2022.03.04 00:41:53.770,1.10182,1.10188,0.67,0.99
2022.03.04 00:41:54.690,1.10181,1.10186,0.22,0.90
2022.03.04 00:41:54.792,1.1018,1.10185,1.35,0.90
2022.03.04 00:41:54.844,1.10178,1.10185,5.26,0.90
2022.03.04 00:41:54.895,1.1018,1.10185,0.22,0.90
2022.03.04 00:41:54.998,1.10179,1.10185,1.21,1.35
2022.03.04 00:41:55.100,1.1018,1.10185,0.22,1.35
2022.03.04 00:41:55.704,1.10179,1.10185,0.12,0.90
2022.03.04 00:41:55.806,1.1018,1.10185,1.12,0.90
2022.03.04 00:41:56.150,1.1018,1.10184,1.12,0.90
2022.03.04 00:41:56.509,1.10181,1.10186,1.12,0.90
2022.03.04 00:41:56.612,1.10181,1.10185,0.45,0.90
2022.03.04 00:41:56.663,1.10181,1.10187,1.21,0.90
2022.03.04 00:41:57.223,1.1018,1.10185,2.56,0.90
2022.03.04 00:41:57.377,1.1018,1.10184,1.66,0.90
2022.03.04 00:41:57.479,1.10179,1.10184,1.21,0.90
2022.03.04 00:41:58.648,1.10179,1.10185,1.12,2.25
2022.03.04 00:41:59.135,1.1018,1.10185,1.12,0.90
2022.03.04 00:41:59.292,1.10179,1.10184,2.02,0.90
2022.03.04 00:42:00.036,1.1018,1.10182,1.12,0.90
2022.03.04 00:42:00.139,1.10178,1.10183,1.12,0.90
2022.03.04 00:42:00.241,1.10178,1.10184,1.12,1.80
2022.03.04 00:42:00.500,1.1018,1.10184,0.22,1.35
2022.03.04 00:42:00.603,1.1018,1.10185,0.22,1.35
2022.03.04 00:42:00.705,1.10179,1.10185,1.12,1.35
2022.03.04 00:42:00.807,1.1018,1.10185,2.92,1.35
2022.03.04 00:42:01.226,1.10181,1.10186,0.67,1.35
2022.03.04 00:42:01.582,1.1018,1.10185,0.22,1.35
2022.03.04 00:42:01.684,1.1018,1.10183,1.12,0.90
2022.03.04 00:42:02.081,1.10178,1.1018,1.12,0.90
2022.03.04 00:42:02.183,1.10177,1.10181,1.12,2.25
2022.03.04 00:42:02.286,1.10179,1.10181,0.22,0.90
2022.03.04 00:42:02.337,1.10178,1.10183,0.22,0.90
2022.03.04 00:42:02.439,1.10178,1.10184,0.22,2.25
2022.03.04 00:42:04.778,1.10179,1.10184,0.22,1.80
2022.03.04 00:42:04.880,1.10178,1.10183,0.22,1.35
2022.03.04 00:42:04.982,1.10177,1.10182,0.22,0.90
2022.03.04 00:42:05.237,1.10175,1.10179,0.22,1.35
2022.03.04 00:42:05.340,1.10169,1.10175,0.90,0.90
2022.03.04 00:42:05.392,1.10167,1.10172,1.35,0.90
2022.03.04 00:42:05.494,1.10167,1.1017,1.35,0.90
2022.03.04 00:42:05.597,1.10166,1.10171,1.12,0.90
2022.03.04 00:42:05.699,1.10166,1.10172,2.02,0.90
2022.03.04 00:42:05.801,1.10165,1.10171,2.11,0.90
2022.03.04 00:42:06.625,1.10166,1.10171,1.12,0.90
2022.03.04 00:42:09.388,1.10165,1.10171,2.02,0.99
2022.03.04 00:42:09.542,1.10167,1.10172,4.27,0.90
2022.03.04 00:42:09.593,1.10168,1.10174,1.57,3.33
2022.03.04 00:42:09.645,1.10171,1.10173,0.22,3.33
2022.03.04 00:42:09.696,1.10171,1.10176,2.92,0.90
2022.03.04 00:42:09.799,1.10174,1.10177,0.22,2.43
2022.03.04 00:42:09.902,1.10174,1.1018,1.12,0.90
2022.03.04 00:42:09.953,1.10178,1.10183,1.12,2.43
2022.03.04 00:42:10.056,1.10181,1.10183,1.57,2.43
2022.03.04 00:42:10.108,1.10181,1.10187,1.57,0.99
2022.03.04 00:42:10.261,1.1018,1.10187,2.11,0.99
2022.03.04 00:42:10.363,1.10181,1.10187,1.12,0.99
2022.03.04 00:42:12.663,1.1018,1.10186,1.57,3.24
2022.03.04 00:42:12.766,1.1018,1.10184,1.35,0.90
2022.03.04 00:42:12.817,1.10178,1.10184,1.12,0.90
2022.03.04 00:42:12.919,1.10177,1.10184,3.46,1.80
2022.03.04 00:42:13.022,1.10177,1.10183,3.82,0.90
2022.03.04 00:42:13.226,1.1018,1.10184,0.22,1.35
2022.03.04 00:42:13.328,1.10182,1.10186,1.12,0.90
2022.03.04 00:42:13.430,1.10181,1.10186,2.02,0.90
2022.03.04 00:42:13.532,1.10181,1.10187,2.02,0.90
2022.03.04 00:42:14.504,1.10185,1.10191,3.37,0.90
2022.03.04 00:42:14.606,1.10186,1.10191,0.22,0.90
2022.03.04 00:42:15.362,1.10188,1.1019,0.22,0.90
2022.03.04 00:42:15.465,1.10187,1.10192,0.22,1.35
2022.03.04 00:42:15.618,1.10187,1.10191,0.22,0.90
2022.03.04 00:42:16.575,1.10188,1.10194,0.67,1.44
2022.03.04 00:42:16.830,1.1019,1.10194,0.22,0.45
2022.03.04 00:42:16.969,1.10189,1.10194,0.22,1.35
2022.03.04 00:42:17.072,1.10194,1.10198,2.47,2.43
2022.03.04 00:42:17.276,1.10194,1.10199,1.12,0.90
2022.03.04 00:42:17.378,1.10193,1.10199,0.67,0.90
2022.03.04 00:42:19.569,1.10192,1.10195,0.45,0.90
2022.03.04 00:42:19.672,1.10191,1.10196,1.57,1.80
2022.03.04 00:42:19.774,1.1019,1.10195,1.12,0.99
2022.03.04 00:42:19.877,1.10189,1.10194,0.31,0.90
2022.03.04 00:42:20.030,1.10189,1.10193,0.12,0.90
2022.03.04 00:42:20.081,1.10187,1.10192,1.57,0.90
2022.03.04 00:42:20.183,1.10186,1.10192,2.47,0.90
2022.03.04 00:42:21.246,1.1019,1.10193,0.22,0.90
2022.03.04 00:42:21.298,1.10189,1.10193,0.99,0.99
2022.03.04 00:42:21.451,1.10188,1.10193,0.12,0.90
2022.03.04 00:42:21.503,1.1019,1.10192,0.22,0.90
2022.03.04 00:42:21.554,1.10188,1.10193,0.31,0.90
2022.03.04 00:42:21.656,1.10191,1.10193,0.22,0.99
2022.03.04 00:42:21.914,1.10189,1.10194,1.89,0.90
2022.03.04 00:42:22.017,1.10187,1.10192,1.12,0.90
2022.03.04 00:42:22.464,1.10187,1.10191,2.02,0.90
2022.03.04 00:42:23.684,1.10185,1.1019,0.90,0.90
2022.03.04 00:42:23.786,1.10184,1.1019,2.92,0.90
2022.03.04 00:42:23.888,1.10184,1.10189,1.80,0.90
2022.03.04 00:42:24.320,1.10185,1.10189,1.80,2.79
2022.03.04 00:42:24.422,1.10186,1.10189,0.22,0.90
2022.03.04 00:42:24.626,1.10185,1.10191,2.02,1.35
2022.03.04 00:42:24.728,1.10186,1.10191,1.12,0.90
2022.03.04 00:42:24.881,1.10185,1.10191,2.92,0.90
2022.03.04 00:42:25.182,1.10186,1.10192,1.57,0.90
2022.03.04 00:42:25.284,1.10185,1.10191,3.01,0.90
2022.03.04 00:42:26.217,1.10187,1.10193,2.70,1.44
2022.03.04 00:42:26.320,1.10186,1.10192,2.92,0.90
2022.03.04 00:42:26.845,1.10186,1.10191,2.47,0.90
2022.03.04 00:42:27.415,1.10186,1.10189,0.90,0.90
2022.03.04 00:42:27.568,1.10184,1.1019,2.02,0.90
2022.03.04 00:42:27.795,1.10185,1.1019,0.22,0.90
2022.03.04 00:42:28.731,1.10184,1.1019,2.02,1.35
2022.03.04 00:42:28.833,1.10184,1.10188,0.22,0.90
2022.03.04 00:42:28.885,1.10183,1.10187,4.05,2.92
2022.03.04 00:42:28.936,1.10185,1.10187,0.22,0.90
2022.03.04 00:42:29.058,1.10184,1.10189,0.22,0.90
2022.03.04 00:42:30.551,1.10186,1.10191,2.92,0.90
2022.03.04 00:42:30.653,1.10186,1.10192,1.12,0.99
2022.03.04 00:42:31.275,1.10185,1.1019,0.22,0.90
2022.03.04 00:42:32.021,1.10184,1.1019,2.02,0.90
2022.03.04 00:42:32.267,1.10184,1.10189,1.12,0.90
2022.03.04 00:42:32.917,1.10183,1.10189,1.12,0.90
2022.03.04 00:42:34.349,1.10185,1.1019,0.22,0.90
2022.03.04 00:42:34.451,1.1019,1.10192,1.12,0.45
2022.03.04 00:42:34.554,1.10188,1.10194,2.92,3.33
2022.03.04 00:42:34.770,1.10191,1.10194,0.90,1.35
2022.03.04 00:42:34.822,1.1019,1.10194,1.57,0.90
2022.03.04 00:42:34.873,1.10193,1.10197,0.22,4.32
2022.03.04 00:42:34.976,1.10192,1.10196,0.22,0.90
2022.03.04 00:42:35.078,1.10192,1.10197,0.22,0.45
2022.03.04 00:42:35.425,1.10193,1.10199,1.12,1.44
2022.03.04 00:42:36.079,1.10193,1.10198,1.12,0.90
2022.03.04 00:42:36.878,1.10195,1.10199,0.22,0.90
2022.03.04 00:42:37.097,1.10195,1.102,0.22,2.70
2022.03.04 00:42:37.332,1.10195,1.10199,0.22,0.90
2022.03.04 00:42:37.435,1.10194,1.10198,0.22,0.90
2022.03.04 00:42:37.486,1.10192,1.10198,2.02,0.99
2022.03.04 00:42:37.588,1.10192,1.10197,0.22,0.90
2022.03.04 00:42:38.270,1.10192,1.10196,0.22,0.90
2022.03.04 00:42:38.655,1.10192,1.10197,0.22,0.90
2022.03.04 00:42:38.909,1.10194,1.10199,0.45,1.35
2022.03.04 00:42:39.011,1.10195,1.10199,0.22,0.45
2022.03.04 00:42:39.114,1.10194,1.102,0.90,2.79
2022.03.04 00:42:39.216,1.10194,1.10199,0.22,0.90
2022.03.04 00:42:39.318,1.10194,1.10195,0.22,0.45
2022.03.04 00:42:39.370,1.10191,1.10197,3.01,0.90
2022.03.04 00:42:39.472,1.10191,1.10196,0.90,0.90
2022.03.04 00:42:40.251,1.10193,1.10199,0.22,4.68
2022.03.04 00:42:41.367,1.10194,1.10199,0.22,0.90
2022.03.04 00:42:44.481,1.10194,1.102,0.22,2.34
2022.03.04 00:42:44.742,1.10194,1.10199,0.22,0.90
2022.03.04 00:42:44.844,1.10194,1.102,0.22,1.44
2022.03.04 00:42:45.591,1.10195,1.10198,0.22,0.90
2022.03.04 00:42:47.256,1.10194,1.102,0.22,1.89
2022.03.04 00:42:47.307,1.10191,1.10197,0.31,1.80
2022.03.04 00:42:47.410,1.10191,1.10196,0.31,0.90
2022.03.04 00:42:47.563,1.10194,1.10199,0.22,3.33
2022.03.04 00:42:47.666,1.10195,1.10199,0.22,1.35
2022.03.04 00:42:47.717,1.10195,1.10201,0.22,5.22
2022.03.04 00:42:47.820,1.10195,1.10199,0.22,1.44
2022.03.04 00:42:47.922,1.10195,1.102,0.22,1.35
2022.03.04 00:42:48.631,1.10196,1.10201,1.12,1.35
2022.03.04 00:42:49.328,1.10196,1.10202,0.90,0.99
2022.03.04 00:42:49.485,1.10196,1.10201,0.90,2.43
2022.03.04 00:42:49.695,1.10196,1.10202,1.12,3.42
2022.03.04 00:42:50.443,1.10198,1.10203,0.45,0.45
2022.03.04 00:42:50.749,1.10198,1.10204,0.99,4.45
2022.03.04 00:42:50.979,1.10197,1.10202,2.34,4.32
2022.03.04 00:42:51.081,1.10195,1.102,3.24,0.90
2022.03.04 00:42:51.184,1.10192,1.10197,2.79,0.90
2022.03.04 00:42:51.286,1.1019,1.10195,5.17,2.70
2022.03.04 00:42:51.389,1.1019,1.10196,2.79,0.45
2022.03.04 00:42:51.542,1.10189,1.10196,3.01,2.79
2022.03.04 00:42:52.123,1.1019,1.10196,0.45,2.34
2022.03.04 00:42:55.360,1.10192,1.10198,0.45,3.87
2022.03.04 00:42:55.513,1.10193,1.10198,0.12,3.33
2022.03.04 00:42:55.615,1.10192,1.10198,0.99,0.90
2022.03.04 00:42:55.771,1.10193,1.10199,0.12,0.90
2022.03.04 00:42:56.856,1.10191,1.10197,0.12,1.35
2022.03.04 00:42:56.958,1.10189,1.10194,1.44,0.90
2022.03.04 00:42:57.061,1.10188,1.10194,0.12,2.70
2022.03.04 00:42:57.188,1.10187,1.10194,2.56,2.79
2022.03.04 00:42:57.588,1.10185,1.10191,0.99,0.90
2022.03.04 00:42:57.741,1.10183,1.10188,0.45,0.90
2022.03.04 00:42:57.843,1.10182,1.10188,5.94,0.90
2022.03.04 00:42:58.047,1.1018,1.10185,1.35,0.90
2022.03.04 00:42:58.150,1.10179,1.10185,0.45,0.90
2022.03.04 00:42:58.252,1.10178,1.10184,2.70,0.90
2022.03.04 00:42:58.354,1.10177,1.10183,0.12,0.90
2022.03.04 00:42:58.457,1.10176,1.10183,4.36,0.90
2022.03.04 00:42:58.559,1.10177,1.10183,0.45,0.90
2022.03.04 00:42:58.712,1.10176,1.10183,4.36,0.90
2022.03.04 00:42:59.040,1.10177,1.10183,0.45,1.35
2022.03.04 00:42:59.143,1.10176,1.10182,0.90,0.90
2022.03.04 00:42:59.908,1.10177,1.1018,0.45,0.90
2022.03.04 00:43:00.934,1.10176,1.10182,0.67,0.90
2022.03.04 00:43:01.036,1.10178,1.10183,0.67,0.90
2022.03.04 00:43:01.138,1.10179,1.10184,0.22,2.43
2022.03.04 00:43:01.240,1.1018,1.10185,1.12,0.90
2022.03.04 00:43:01.292,1.10182,1.10186,0.90,3.42
2022.03.04 00:43:01.410,1.10182,1.10187,3.91,2.43
2022.03.04 00:43:01.462,1.10183,1.10189,2.92,0.99
2022.03.04 00:43:02.226,1.10184,1.1019,1.80,1.44
2022.03.04 00:43:02.328,1.10186,1.10191,2.11,0.99
2022.03.04 00:43:02.532,1.10186,1.10192,0.45,0.99
2022.03.04 00:43:02.583,1.10187,1.10194,4.81,4.32
2022.03.04 00:43:02.685,1.10188,1.10194,1.12,1.89
2022.03.04 00:43:03.088,1.10187,1.10193,1.80,2.79
2022.03.04 00:43:03.190,1.10188,1.10191,0.90,0.90
2022.03.04 00:43:03.730,1.10186,1.10192,0.90,0.99
2022.03.04 00:43:03.985,1.10187,1.10193,0.54,0.90
2022.03.04 00:43:04.088,1.10186,1.10192,1.80,0.99
2022.03.04 00:43:04.190,1.10185,1.10192,2.11,1.89
2022.03.04 00:43:04.483,1.10185,1.1019,0.90,1.35
2022.03.04 00:43:04.585,1.10183,1.10189,1.89,0.90
2022.03.04 00:43:04.637,1.10183,1.10186,0.12,0.90
2022.03.04 00:43:04.739,1.10181,1.10187,4.14,0.90
2022.03.04 00:43:04.892,1.1018,1.10186,2.79,1.12
2022.03.04 00:43:05.046,1.10182,1.10185,0.67,0.90
2022.03.04 00:43:05.148,1.10183,1.10189,3.37,3.42
2022.03.04 00:43:05.250,1.10185,1.10191,0.22,0.99
2022.03.04 00:43:05.353,1.10184,1.10191,2.11,0.99
2022.03.04 00:43:05.639,1.10185,1.10191,3.46,0.90
2022.03.04 00:43:05.742,1.10183,1.10188,1.35,3.15
2022.03.04 00:43:05.844,1.10181,1.10187,1.12,0.90
2022.03.04 00:43:06.248,1.10184,1.10188,0.90,4.32
2022.03.04 00:43:06.350,1.10184,1.10189,1.80,2.43
2022.03.04 00:43:06.453,1.10185,1.10189,1.89,2.43
2022.03.04 00:43:06.504,1.10185,1.10192,1.89,0.99
2022.03.04 00:43:06.606,1.10185,1.10191,0.99,0.90
2022.03.04 00:43:06.912,1.10184,1.10191,2.11,1.89
2022.03.04 00:43:07.450,1.10185,1.10191,0.90,0.99
2022.03.04 00:43:07.552,1.10184,1.10191,2.11,0.99
2022.03.04 00:43:07.654,1.10186,1.10191,1.89,1.44
2022.03.04 00:43:07.706,1.10187,1.10193,3.69,0.90
2022.03.04 00:43:07.808,1.10186,1.10192,1.89,0.90
2022.03.04 00:43:07.911,1.10186,1.1019,2.25,0.90
2022.03.04 00:43:08.013,1.10189,1.10192,2.92,2.43
2022.03.04 00:43:08.115,1.10189,1.10193,0.90,2.43
2022.03.04 00:43:08.167,1.10191,1.10196,0.45,0.99
2022.03.04 00:43:08.269,1.1019,1.10196,0.90,0.12
2022.03.04 00:43:08.474,1.1019,1.10197,2.56,0.99
2022.03.04 00:43:08.779,1.10191,1.10197,0.45,0.99
2022.03.04 00:43:08.896,1.1019,1.10196,1.80,0.12
2022.03.04 00:43:09.001,1.1019,1.10195,1.80,0.90
2022.03.04 00:43:09.103,1.1019,1.10193,0.90,0.90
2022.03.04 00:43:09.206,1.10186,1.10192,0.90,2.79
2022.03.04 00:43:09.308,1.10185,1.10191,1.80,0.99
2022.03.04 00:43:09.416,1.10183,1.10189,1.80,1.89
2022.03.04 00:43:09.518,1.10183,1.10187,3.46,0.90
2022.03.04 00:43:09.671,1.10181,1.10187,3.91,0.90
2022.03.04 00:43:09.774,1.10182,1.10188,3.24,1.35
2022.03.04 00:43:10.028,1.10181,1.10188,3.46,1.89
2022.03.04 00:43:10.131,1.10182,1.10188,0.45,1.89
2022.03.04 00:43:10.622,1.10182,1.10186,0.54,0.90
2022.03.04 00:43:11.008,1.10183,1.10187,0.45,0.90
2022.03.04 00:43:11.110,1.10182,1.10187,3.91,0.90
2022.03.04 00:43:11.382,1.10182,1.10186,0.54,0.90
2022.03.04 00:43:12.036,1.10181,1.10186,1.21,0.90
2022.03.04 00:43:12.138,1.10181,1.10185,0.22,0.90
2022.03.04 00:43:12.190,1.10179,1.10184,2.56,0.90
2022.03.04 00:43:12.241,1.10181,1.10186,0.45,0.90
2022.03.04 00:43:12.394,1.10182,1.10187,0.67,0.90
2022.03.04 00:43:13.125,1.10187,1.1019,1.80,0.90
2022.03.04 00:43:13.228,1.10187,1.10193,1.21,3.33
2022.03.04 00:43:13.279,1.10189,1.10193,0.22,3.33
2022.03.04 00:43:13.433,1.1019,1.10195,0.67,0.90
2022.03.04 00:43:13.535,1.10191,1.10194,1.12,0.90
2022.03.04 00:43:13.638,1.1019,1.10194,2.02,0.90
2022.03.04 00:43:13.741,1.10191,1.10195,0.45,0.90
2022.03.04 00:43:13.843,1.1019,1.10195,0.76,0.90
2022.03.04 00:43:14.098,1.10189,1.10194,0.31,0.90
2022.03.04 00:43:14.200,1.1019,1.10194,0.22,0.90
2022.03.04 00:43:14.302,1.10189,1.10193,0.12,0.90
2022.03.04 00:43:14.354,1.10187,1.10192,4.81,0.90
2022.03.04 00:43:14.507,1.10185,1.10191,2.56,0.90
2022.03.04 00:43:14.609,1.10185,1.1019,2.56,0.90
2022.03.04 00:43:14.904,1.10186,1.1019,0.67,0.90
2022.03.04 00:43:15.172,1.10185,1.1019,0.22,0.90
2022.03.04 00:43:15.438,1.10187,1.10192,1.66,0.90
2022.03.04 00:43:15.540,1.10188,1.10192,0.22,0.90
2022.03.04 00:43:15.642,1.10187,1.10192,2.11,0.90
2022.03.04 00:43:16.205,1.10185,1.1019,1.21,0.90
2022.03.04 00:43:16.642,1.10187,1.10189,0.22,0.90
2022.03.04 00:43:16.933,1.10187,1.1019,0.45,0.90
2022.03.04 00:43:16.985,1.10185,1.10191,2.56,0.90
2022.03.04 00:43:17.087,1.10187,1.10192,1.21,0.90
2022.03.04 00:43:18.216,1.1019,1.10194,1.80,0.90
2022.03.04 00:43:18.319,1.10189,1.10194,3.37,0.90
2022.03.04 00:43:18.421,1.1019,1.10195,1.80,0.90
2022.03.04 00:43:18.918,1.10192,1.10194,0.45,0.90
2022.03.04 00:43:20.367,1.10191,1.10196,0.99,0.90
2022.03.04 00:43:20.556,1.10192,1.10196,0.90,0.90
2022.03.04 00:43:20.608,1.10192,1.10198,2.79,0.90
2022.03.04 00:43:20.998,1.10191,1.10197,2.56,0.90
2022.03.04 00:43:21.105,1.10192,1.10197,2.34,0.90
2022.03.04 00:43:23.066,1.10193,1.10197,0.45,0.90
2022.03.04 00:43:23.440,1.10192,1.10197,0.99,0.90
2022.03.04 00:43:23.603,1.10191,1.10196,1.44,0.90
2022.03.04 00:43:23.806,1.10191,1.10195,2.56,0.90
2022.03.04 00:43:23.960,1.10187,1.10192,4.81,0.90
2022.03.04 00:43:24.062,1.10188,1.10192,0.45,0.90
2022.03.04 00:43:24.164,1.10187,1.10193,2.56,1.80
2022.03.04 00:43:24.266,1.10187,1.10192,1.66,0.90
2022.03.04 00:43:25.126,1.10187,1.10193,3.91,0.90
2022.03.04 00:43:26.132,1.10188,1.10193,0.12,0.90
2022.03.04 00:43:26.372,1.10189,1.10193,0.12,0.90
2022.03.04 00:43:27.716,1.10189,1.10194,0.76,0.90
2022.03.04 00:43:27.819,1.1019,1.10195,1.44,0.90
2022.03.04 00:43:27.921,1.10191,1.10195,0.12,0.90
2022.03.04 00:43:28.075,1.10192,1.10195,0.12,0.90
2022.03.04 00:43:28.694,1.10191,1.10195,0.12,0.90
2022.03.04 00:43:28.797,1.1019,1.10194,0.31,0.90
2022.03.04 00:43:29.167,1.10189,1.10194,0.12,1.80
2022.03.04 00:43:29.320,1.1019,1.10194,0.54,0.90
2022.03.04 00:43:29.473,1.10191,1.10196,0.12,0.90
2022.03.04 00:43:29.575,1.10192,1.10197,0.12,0.90
2022.03.04 00:43:31.664,1.10194,1.10197,0.12,0.90
2022.03.04 00:43:31.766,1.10194,1.10198,0.31,0.90
2022.03.04 00:43:32.177,1.10191,1.10197,0.22,0.90
2022.03.04 00:43:32.728,1.10191,1.10196,0.67,0.90
2022.03.04 00:43:34.297,1.10192,1.10196,0.22,0.90
2022.03.04 00:43:35.486,1.10195,1.10197,0.12,0.90
2022.03.04 00:43:35.740,1.10194,1.10195,0.12,0.90
2022.03.04 00:43:35.792,1.10191,1.10196,0.31,0.90
2022.03.04 00:43:37.061,1.10193,1.10197,0.12,0.90
2022.03.04 00:43:37.163,1.10194,1.10198,0.12,0.90
2022.03.04 00:43:37.266,1.10195,1.10199,0.12,0.90
2022.03.04 00:43:37.571,1.10195,1.102,2.11,1.44
2022.03.04 00:43:38.121,1.10195,1.10199,0.31,0.90
2022.03.04 00:43:38.274,1.10195,1.10198,0.31,0.90
2022.03.04 00:43:38.376,1.10194,1.10198,0.12,0.90
2022.03.04 00:43:39.040,1.10192,1.10196,0.12,0.90
2022.03.04 00:43:39.142,1.10191,1.10196,0.31,0.90
2022.03.04 00:43:39.538,1.10193,1.10197,0.54,0.90
2022.03.04 00:43:39.900,1.10193,1.10195,0.12,0.90
2022.03.04 00:43:40.002,1.10191,1.10195,0.12,0.90
2022.03.04 00:43:40.556,1.10194,1.10197,0.12,0.90
2022.03.04 00:43:40.913,1.10195,1.10197,0.31,0.90
2022.03.04 00:43:41.015,1.10195,1.10198,0.12,0.90
2022.03.04 00:43:42.456,1.10195,1.10199,0.12,1.35
2022.03.04 00:43:42.559,1.10195,1.10198,0.12,0.90
2022.03.04 00:43:43.402,1.10194,1.10198,0.54,0.90
2022.03.04 00:43:43.504,1.10194,1.10197,0.12,0.90
2022.03.04 00:43:43.606,1.10194,1.10196,0.99,0.90
2022.03.04 00:43:43.861,1.10194,1.10197,0.12,0.90
2022.03.04 00:43:47.656,1.10193,1.10196,0.12,0.90
2022.03.04 00:43:47.758,1.10192,1.10195,0.31,0.90
2022.03.04 00:43:50.654,1.10193,1.10197,0.12,0.90
2022.03.04 00:43:50.757,1.10194,1.10197,0.12,0.90
2022.03.04 00:43:51.318,1.10193,1.10197,0.12,0.90
2022.03.04 00:43:51.420,1.10192,1.10196,0.31,0.90
2022.03.04 00:43:51.685,1.10195,1.10196,0.12,0.90
2022.03.04 00:43:51.789,1.10193,1.10197,0.12,0.90
2022.03.04 00:43:52.072,1.10193,1.10196,0.12,0.90
2022.03.04 00:43:52.547,1.10193,1.10197,0.12,0.90
2022.03.04 00:43:53.370,1.10191,1.10197,1.12,1.35
2022.03.04 00:43:53.666,1.10194,1.10198,0.12,3.33
2022.03.04 00:43:54.328,1.10198,1.10199,1.89,5.20
2022.03.04 00:43:54.431,1.10197,1.102,0.22,0.99
2022.03.04 00:43:54.482,1.10199,1.10201,0.12,2.43
2022.03.04 00:43:54.584,1.10198,1.10201,0.22,0.99
2022.03.04 00:43:54.687,1.10197,1.10201,0.31,0.90
2022.03.04 00:43:54.840,1.10199,1.10202,0.12,3.33
2022.03.04 00:43:54.994,1.10198,1.10202,0.31,2.43
2022.03.04 00:43:55.096,1.10198,1.10203,0.31,0.99
2022.03.04 00:43:55.263,1.10199,1.10203,0.12,0.90
2022.03.04 00:43:55.669,1.10199,1.10202,0.31,0.99
2022.03.04 00:43:56.294,1.102,1.10202,0.12,0.90
2022.03.04 00:43:56.549,1.10198,1.10203,0.12,0.99
2022.03.04 00:43:56.905,1.10198,1.10202,0.12,0.90
2022.03.04 00:43:57.007,1.10197,1.10202,0.31,0.99
2022.03.04 00:43:57.261,1.10192,1.10194,2.47,0.22
2022.03.04 00:43:57.313,1.10188,1.1019,1.35,0.90
2022.03.04 00:43:57.364,1.10186,1.10189,1.57,0.90
2022.03.04 00:43:57.467,1.10186,1.10188,1.35,0.90
2022.03.04 00:43:57.570,1.10182,1.10188,2.02,0.90
2022.03.04 00:43:57.824,1.10182,1.10187,1.12,0.90
2022.03.04 00:43:57.977,1.10181,1.10184,0.90,1.80
2022.03.04 00:43:58.080,1.1018,1.10181,1.35,0.90
2022.03.04 00:43:58.182,1.10176,1.10178,4.50,0.90
2022.03.04 00:43:58.234,1.10172,1.10178,3.15,0.90
2022.03.04 00:43:58.285,1.10172,1.10176,1.35,0.90
2022.03.04 00:43:58.388,1.10169,1.10173,2.70,2.70
2022.03.04 00:43:58.490,1.10167,1.10173,0.90,2.70
2022.03.04 00:43:58.542,1.10166,1.10171,1.35,0.90
2022.03.04 00:43:58.644,1.10167,1.10172,1.89,0.90
2022.03.04 00:43:58.696,1.10168,1.10174,1.12,3.33
2022.03.04 00:43:58.900,1.10168,1.10173,1.12,0.90
2022.03.04 00:43:59.307,1.10169,1.10173,0.22,0.90
2022.03.04 00:43:59.359,1.10172,1.10176,2.70,2.52
2022.03.04 00:43:59.461,1.10173,1.10178,2.47,3.87
2022.03.04 00:43:59.563,1.10174,1.10179,0.12,3.87
2022.03.04 00:43:59.666,1.10173,1.10175,0.12,1.80
2022.03.04 00:43:59.717,1.10167,1.10169,1.66,2.25
2022.03.04 00:43:59.769,1.10169,1.10172,1.35,0.90
2022.03.04 00:43:59.871,1.10171,1.10173,0.12,3.33
2022.03.04 00:43:59.974,1.10169,1.10174,0.12,3.42
2022.03.04 00:44:00.076,1.10168,1.10174,1.21,0.90
2022.03.04 00:44:00.179,1.10169,1.10173,0.54,1.80
2022.03.04 00:44:00.230,1.10166,1.1017,1.44,0.90
2022.03.04 00:44:00.282,1.10167,1.10172,0.12,0.99
2022.03.04 00:44:00.384,1.10169,1.10173,0.12,2.43
2022.03.04 00:44:00.486,1.10169,1.10174,0.12,0.99
2022.03.04 00:44:00.589,1.1017,1.10174,0.12,0.90
2022.03.04 00:44:00.793,1.10171,1.10176,0.12,3.42
2022.03.04 00:44:02.065,1.10171,1.10175,0.12,0.90
2022.03.04 00:44:02.117,1.10169,1.10173,0.31,0.90
2022.03.04 00:44:02.219,1.10168,1.10174,1.12,0.99
2022.03.04 00:44:02.322,1.10167,1.10172,0.22,0.90
2022.03.04 00:44:02.475,1.10165,1.10172,4.59,0.90
2022.03.04 00:44:03.007,1.10161,1.10165,3.24,1.80
2022.03.04 00:44:03.109,1.10161,1.10163,1.35,0.90
2022.03.04 00:44:03.212,1.10159,1.10162,4.50,0.99
2022.03.04 00:44:03.263,1.10157,1.10161,0.12,0.90
2022.03.04 00:44:03.366,1.10156,1.1016,0.12,1.12
2022.03.04 00:44:03.926,1.10153,1.10157,0.90,0.99
2022.03.04 00:44:04.028,1.10151,1.10155,2.25,1.12
2022.03.04 00:44:04.080,1.10148,1.10154,0.99,1.21
2022.03.04 00:44:04.487,1.10145,1.10151,0.54,0.90
2022.03.04 00:44:04.590,1.10147,1.10153,2.70,0.99
2022.03.04 00:44:04.692,1.10149,1.10154,1.89,0.90
2022.03.04 00:44:04.744,1.10145,1.10149,3.01,0.90
2022.03.04 00:44:04.846,1.10145,1.1015,1.35,0.99
2022.03.04 00:44:04.949,1.10145,1.10151,0.99,0.99
2022.03.04 00:44:05.052,1.10144,1.10148,0.45,0.90
2022.03.04 00:44:05.205,1.10144,1.10149,0.54,2.11
2022.03.04 00:44:05.308,1.10139,1.10144,0.54,1.21
2022.03.04 00:44:05.410,1.1014,1.10144,0.12,0.90
2022.03.04 00:44:05.513,1.10139,1.10144,0.54,0.99
2022.03.04 00:44:05.615,1.10138,1.1014,0.12,0.90
2022.03.04 00:44:05.718,1.10136,1.10142,1.35,1.21
2022.03.04 00:44:05.820,1.10137,1.10139,0.90,2.02
2022.03.04 00:44:05.872,1.10136,1.10142,0.90,2.11
2022.03.04 00:44:05.923,1.10142,1.10144,2.25,2.52
2022.03.04 00:44:05.975,1.10147,1.1015,1.35,1.12
2022.03.04 00:44:06.077,1.10147,1.10151,0.90,2.70
2022.03.04 00:44:06.180,1.10147,1.10152,0.99,2.70
2022.03.04 00:44:06.282,1.10148,1.10153,0.12,1.12
2022.03.04 00:44:06.334,1.10146,1.10151,0.12,1.80
2022.03.04 00:44:06.436,1.10147,1.10153,1.89,5.35
2022.03.04 00:44:06.539,1.10147,1.10151,0.99,0.90
2022.03.04 00:44:06.895,1.10148,1.10153,0.90,2.43
2022.03.04 00:44:06.997,1.10147,1.10153,0.99,6.25
2022.03.04 00:44:07.252,1.10144,1.10149,0.54,0.90
2022.03.04 00:44:07.354,1.10145,1.1015,0.12,0.90
2022.03.04 00:44:07.457,1.10142,1.10146,5.94,0.90
2022.03.04 00:44:07.916,1.1014,1.10146,1.80,0.90
2022.03.04 00:44:08.018,1.10141,1.10147,0.90,1.57
2022.03.04 00:44:08.124,1.10141,1.10146,0.90,0.22
2022.03.04 00:44:08.651,1.10142,1.10146,0.90,0.90
2022.03.04 00:44:08.703,1.10143,1.10147,2.79,0.45
2022.03.04 00:44:09.290,1.10144,1.10148,0.90,0.12
2022.03.04 00:44:09.392,1.10148,1.1015,0.90,2.43
2022.03.04 00:44:09.545,1.10148,1.10154,0.90,3.01
2022.03.04 00:44:09.714,1.10149,1.10155,1.44,3.37
2022.03.04 00:44:09.867,1.10151,1.10156,0.90,2.43
2022.03.04 00:44:09.969,1.10151,1.10157,0.99,0.90
2022.03.04 00:44:10.732,1.10152,1.10157,2.70,2.43
2022.03.04 00:44:10.887,1.1015,1.10156,5.94,1.12
2022.03.04 00:44:10.989,1.10151,1.10157,0.90,1.21
2022.03.04 00:44:12.108,1.1015,1.10156,3.91,0.90
2022.03.04 00:44:12.210,1.10151,1.10157,0.99,0.90
2022.03.04 00:44:13.549,1.10153,1.10159,0.99,3.55
2022.03.04 00:44:13.804,1.10155,1.1016,2.79,0.45
2022.03.04 00:44:13.957,1.10154,1.1016,1.44,2.02
2022.03.04 00:44:14.059,1.10154,1.10159,0.45,0.90
2022.03.04 00:44:14.212,1.10154,1.10157,0.99,0.22
2022.03.04 00:44:14.315,1.10152,1.10158,0.99,1.12
2022.03.04 00:44:14.936,1.10151,1.10157,1.44,0.90
2022.03.04 00:44:15.077,1.10152,1.10157,0.45,0.90
2022.03.04 00:44:15.179,1.10152,1.10158,2.70,0.99
2022.03.04 00:44:15.281,1.10154,1.10159,1.89,2.65
2022.03.04 00:44:15.384,1.10155,1.10159,3.91,0.90
2022.03.04 00:44:15.733,1.10155,1.1016,0.12,0.90
2022.03.04 00:44:16.352,1.10156,1.10161,0.45,2.02
2022.03.04 00:44:16.709,1.10155,1.10161,1.89,2.02
2022.03.04 00:44:18.945,1.10157,1.10163,1.89,3.55
2022.03.04 00:44:19.047,1.10158,1.10163,2.70,2.43
2022.03.04 00:44:19.099,1.10159,1.10165,1.44,2.02
2022.03.04 00:44:19.201,1.10163,1.10165,1.80,2.43
2022.03.04 00:44:19.303,1.10163,1.10169,0.99,0.22
2022.03.04 00:44:19.406,1.10164,1.1017,1.44,1.35
2022.03.04 00:44:19.508,1.10165,1.1017,0.12,0.90
2022.03.04 00:44:19.610,1.10167,1.10172,0.90,2.88
2022.03.04 00:44:19.899,1.10167,1.10173,0.99,0.90
2022.03.04 00:44:20.001,1.10168,1.10174,0.90,5.44
2022.03.04 00:44:20.104,1.10167,1.10173,0.99,0.90
2022.03.04 00:44:20.155,1.10177,1.10179,1.80,1.12
2022.03.04 00:44:20.207,1.10173,1.10175,0.45,2.43
2022.03.04 00:44:20.310,1.10177,1.10179,1.80,0.31
2022.03.04 00:44:20.361,1.10174,1.1018,2.70,1.12
2022.03.04 00:44:20.413,1.10174,1.10178,1.80,0.90
2022.03.04 00:44:20.464,1.10174,1.1018,1.80,0.90
2022.03.04 00:44:20.719,1.10172,1.10178,2.79,0.90
2022.03.04 00:44:20.872,1.10172,1.10177,0.12,0.90
2022.03.04 00:44:20.975,1.10171,1.10177,1.35,0.90
2022.03.04 00:44:21.077,1.10172,1.10177,0.45,0.90
2022.03.04 00:44:21.179,1.10171,1.10177,1.35,0.90
2022.03.04 00:44:21.900,1.10173,1.10177,0.90,0.90
2022.03.04 00:44:22.002,1.10175,1.10179,0.45,2.43
2022.03.04 00:44:22.054,1.10176,1.10182,0.90,3.33
2022.03.04 00:44:22.359,1.10176,1.10183,1.80,2.47
2022.03.04 00:44:22.563,1.10181,1.10182,1.80,3.78
2022.03.04 00:44:22.665,1.1018,1.10185,0.90,0.90
2022.03.04 00:44:22.768,1.10181,1.10186,0.90,2.43
2022.03.04 00:44:22.870,1.10183,1.10188,0.99,2.43
2022.03.04 00:44:22.972,1.10184,1.10188,0.45,2.43
2022.03.04 00:44:23.074,1.10185,1.10188,1.35,0.22
2022.03.04 00:44:23.390,1.10183,1.10189,1.44,1.12
2022.03.04 00:44:23.494,1.10183,1.10188,0.90,0.22
2022.03.04 00:44:23.596,1.10182,1.10188,0.99,1.12
2022.03.04 00:44:24.730,1.1018,1.10183,0.99,1.12
2022.03.04 00:44:24.782,1.10176,1.10178,1.35,1.12
2022.03.04 00:44:24.885,1.10174,1.10177,4.50,2.70
2022.03.04 00:44:24.936,1.1017,1.10175,0.90,1.80
2022.03.04 00:44:25.038,1.10169,1.10176,3.69,0.99
2022.03.04 00:44:25.141,1.10167,1.10172,1.35,3.82
2022.03.04 00:44:25.243,1.10168,1.10173,0.90,0.45
2022.03.04 00:44:25.346,1.10169,1.10173,0.90,0.45
2022.03.04 00:44:25.448,1.10172,1.10176,2.34,2.43
2022.03.04 00:44:25.550,1.10173,1.10176,2.79,2.43
2022.03.04 00:44:25.602,1.10174,1.10178,0.45,0.90
2022.03.04 00:44:26.680,1.10172,1.10175,1.35,1.12
2022.03.04 00:44:26.732,1.10169,1.10172,1.35,0.90
2022.03.04 00:44:26.835,1.10169,1.10171,1.35,0.67
2022.03.04 00:44:26.886,1.10166,1.10169,4.50,0.90
2022.03.04 00:44:26.988,1.10162,1.10168,5.40,0.90
2022.03.04 00:44:27.040,1.10162,1.10164,1.35,0.90
2022.03.04 00:44:27.091,1.10159,1.10164,0.99,0.90
2022.03.04 00:44:27.573,1.10158,1.10164,1.89,0.90
2022.03.04 00:44:27.676,1.10156,1.10161,0.90,0.90
2022.03.04 00:44:27.778,1.10154,1.1016,2.92,0.90
2022.03.04 00:44:27.880,1.10153,1.10159,5.49,0.90
2022.03.04 00:44:28.237,1.10154,1.10159,0.45,0.90
2022.03.04 00:44:28.339,1.10153,1.10159,4.59,0.90
2022.03.04 00:44:28.441,1.10151,1.10156,2.25,0.90
2022.03.04 00:44:28.544,1.1015,1.10156,0.90,0.90
2022.03.04 00:44:28.646,1.10149,1.10155,1.89,0.90
2022.03.04 00:44:28.748,1.1015,1.10152,0.12,0.90
2022.03.04 00:44:28.851,1.10148,1.10153,0.12,0.90
2022.03.04 00:44:28.953,1.10148,1.10154,1.44,0.90
2022.03.04 00:44:29.159,1.10148,1.10153,0.54,0.90
2022.03.04 00:44:29.414,1.10152,1.10156,0.90,2.43
2022.03.04 00:44:29.567,1.10152,1.10157,0.45,1.12
2022.03.04 00:44:29.618,1.1015,1.10156,4.59,0.90
2022.03.04 00:44:29.721,1.10149,1.10154,0.12,0.90
2022.03.04 00:44:29.926,1.10148,1.10153,1.44,2.02
2022.03.04 00:44:30.028,1.10148,1.10152,0.45,0.90
2022.03.04 00:44:30.130,1.10147,1.10152,0.90,0.90
2022.03.04 00:44:30.233,1.10149,1.10153,0.90,0.45
2022.03.04 00:44:30.335,1.10149,1.10151,0.99,0.90
2022.03.04 00:44:30.437,1.1015,1.10154,0.90,0.90
2022.03.04 00:44:30.540,1.10152,1.10157,0.90,3.78
2022.03.04 00:44:30.896,1.10153,1.10157,1.80,0.90
2022.03.04 00:44:31.077,1.10154,1.10158,0.45,0.90
2022.03.04 00:44:31.179,1.10154,1.10159,3.60,3.33
2022.03.04 00:44:31.535,1.10156,1.10159,2.70,0.90
2022.03.04 00:44:31.587,1.10154,1.10159,2.70,0.90
2022.03.04 00:44:31.689,1.10154,1.1016,3.15,0.90
2022.03.04 00:44:32.721,1.10155,1.1016,0.90,0.90
2022.03.04 00:44:32.823,1.10151,1.10157,4.59,0.90
2022.03.04 00:44:32.875,1.10151,1.10154,1.35,3.82
2022.03.04 00:44:32.977,1.10148,1.10153,4.59,0.90
2022.03.04 00:44:33.079,1.10147,1.10153,2.34,0.90
2022.03.04 00:44:33.596,1.10148,1.10153,0.45,0.90
2022.03.04 00:44:33.761,1.10148,1.10154,3.69,0.90
2022.03.04 00:44:33.863,1.10149,1.10154,0.12,0.90
2022.03.04 00:44:34.750,1.10145,1.10147,2.70,0.90
2022.03.04 00:44:34.802,1.10143,1.10145,4.50,1.12
2022.03.04 00:44:35.014,1.10139,1.10145,1.35,0.90
2022.03.04 00:44:35.066,1.10143,1.10148,2.70,0.67
2022.03.04 00:44:35.168,1.10141,1.10145,0.90,0.90
2022.03.04 00:44:35.271,1.10139,1.10145,0.90,1.12
2022.03.04 00:44:35.373,1.10138,1.10144,1.35,0.90
2022.03.04 00:44:35.781,1.10137,1.10143,3.60,0.90
2022.03.04 00:44:35.832,1.10135,1.10141,2.25,0.90
2022.03.04 00:44:37.276,1.10138,1.10141,1.35,0.90
2022.03.04 00:44:37.328,1.10139,1.10143,2.70,2.88
2022.03.04 00:44:37.379,1.10139,1.10145,1.80,3.78
2022.03.04 00:44:37.481,1.1014,1.10145,1.80,2.43
2022.03.04 00:44:37.584,1.10142,1.10148,1.80,2.52
2022.03.04 00:44:37.737,1.10138,1.10145,2.79,1.44
2022.03.04 00:44:37.839,1.10138,1.10144,0.90,3.24
2022.03.04 00:44:37.891,1.10135,1.1014,1.35,0.90
2022.03.04 00:44:37.993,1.10134,1.1014,2.70,0.90
2022.03.04 00:44:38.416,1.10133,1.1014,1.80,0.90
2022.03.04 00:44:38.519,1.10134,1.1014,1.80,0.90
2022.03.04 00:44:39.583,1.10135,1.1014,0.90,0.90
2022.03.04 00:44:39.686,1.10135,1.10141,1.80,2.47
2022.03.04 00:44:39.940,1.10134,1.1014,1.80,0.90
2022.03.04 00:44:40.042,1.10134,1.10138,1.80,0.90
2022.03.04 00:44:40.094,1.10125,1.10128,0.45,0.90
2022.03.04 00:44:40.145,1.10125,1.1013,0.81,1.35
2022.03.04 00:44:40.197,1.10124,1.10128,0.22,0.90
2022.03.04 00:44:40.299,1.10122,1.10127,0.90,0.90
2022.03.04 00:44:40.402,1.10123,1.10128,3.15,1.66
2022.03.04 00:44:40.504,1.10127,1.10129,0.90,0.90
2022.03.04 00:44:40.556,1.10127,1.10132,2.70,2.52
2022.03.04 00:44:40.709,1.10127,1.10133,2.70,0.22
2022.03.04 00:44:40.811,1.10128,1.10134,1.80,1.57
2022.03.04 00:44:41.287,1.10132,1.10136,1.80,2.43
2022.03.04 00:44:41.390,1.10132,1.10138,1.80,1.12
2022.03.04 00:44:41.661,1.10131,1.10136,0.90,1.12
2022.03.04 00:44:41.713,1.10129,1.10135,3.60,0.90
2022.03.04 00:44:41.917,1.10129,1.10134,0.90,1.21
2022.03.04 00:44:41.968,1.10127,1.10134,2.25,2.11
2022.03.04 00:44:42.071,1.10127,1.10133,1.80,1.80
2022.03.04 00:44:42.539,1.10125,1.1013,0.54,0.90
2022.03.04 00:44:42.820,1.10124,1.1013,1.89,0.90
2022.03.04 00:44:42.990,1.10124,1.10128,1.89,0.90
2022.03.04 00:44:43.800,1.10124,1.1013,0.90,3.42
2022.03.04 00:44:44.678,1.10122,1.10126,0.12,1.12
2022.03.04 00:44:44.781,1.10119,1.10124,1.35,1.35
2022.03.04 00:44:44.934,1.10118,1.10124,0.90,1.12
2022.03.04 00:44:45.872,1.10118,1.10123,0.90,1.12
2022.03.04 00:44:45.974,1.10117,1.10123,2.70,0.90
2022.03.04 00:44:46.330,1.10115,1.10119,0.90,0.90
2022.03.04 00:44:46.381,1.10112,1.10119,5.49,0.90
2022.03.04 00:44:46.484,1.10111,1.10116,2.70,1.35
2022.03.04 00:44:46.586,1.10109,1.10115,0.90,1.44
2022.03.04 00:44:46.791,1.10113,1.10116,0.90,2.43
2022.03.04 00:44:46.842,1.10113,1.10119,0.90,1.57
2022.03.04 00:44:46.945,1.10114,1.10119,0.45,0.90
2022.03.04 00:44:47.768,1.10113,1.10119,1.80,0.90
2022.03.04 00:44:48.269,1.10113,1.10117,0.45,0.90
2022.03.04 00:44:48.915,1.1011,1.10113,0.90,0.90
2022.03.04 00:44:49.018,1.10108,1.10113,1.89,0.90
2022.03.04 00:44:49.069,1.1011,1.10112,0.90,0.90
2022.03.04 00:44:49.121,1.10107,1.10108,0.90,4.45
2022.03.04 00:44:49.223,1.10106,1.10109,0.67,2.43
2022.03.04 00:44:49.326,1.10107,1.10112,0.90,0.90
2022.03.04 00:44:49.428,1.10108,1.10113,1.35,2.65
2022.03.04 00:44:49.530,1.10108,1.10114,1.44,0.90
2022.03.04 00:44:49.582,1.10112,1.10114,0.90,0.90
2022.03.04 00:44:49.633,1.10112,1.10116,4.05,2.43
2022.03.04 00:44:49.685,1.10114,1.10116,0.90,2.43
2022.03.04 00:44:49.736,1.10115,1.10119,0.90,0.90
2022.03.04 00:44:49.839,1.10115,1.1012,0.90,0.45
2022.03.04 00:44:49.941,1.10115,1.10119,0.90,1.80
2022.03.04 00:44:50.043,1.10115,1.10121,0.90,5.58
2022.03.04 00:44:50.146,1.10116,1.10118,0.90,0.90
2022.03.04 00:44:50.299,1.10115,1.10121,0.90,6.70
2022.03.04 00:44:50.350,1.10115,1.10119,0.90,1.80
2022.03.04 00:44:50.452,1.10115,1.1012,0.90,2.43
2022.03.04 00:44:50.606,1.10111,1.10115,1.80,1.12
2022.03.04 00:44:50.708,1.10111,1.10114,1.35,1.80
2022.03.04 00:44:50.810,1.10109,1.10114,0.90,1.80
2022.03.04 00:44:51.222,1.1011,1.10114,0.90,3.15
2022.03.04 00:44:51.426,1.10112,1.10116,0.90,2.43
2022.03.04 00:44:51.630,1.10112,1.10117,0.90,0.22
2022.03.04 00:44:53.447,1.10113,1.10118,0.90,2.43
2022.03.04 00:44:53.549,1.10113,1.10119,0.90,1.89
2022.03.04 00:44:53.774,1.10112,1.10118,1.44,2.25
2022.03.04 00:44:53.876,1.10111,1.10116,1.44,0.22
2022.03.04 00:44:55.660,1.10112,1.10117,1.44,2.43
2022.03.04 00:44:55.762,1.10119,1.10122,1.80,0.45
2022.03.04 00:44:55.814,1.10119,1.10124,0.90,4.72
2022.03.04 00:44:55.916,1.1012,1.10124,0.90,0.22
2022.03.04 00:44:56.019,1.10119,1.10124,0.90,0.22
2022.03.04 00:44:56.122,1.10116,1.10122,1.44,1.35
2022.03.04 00:44:56.224,1.10118,1.10123,0.90,0.22
2022.03.04 00:44:56.326,1.10117,1.10123,0.90,2.56
2022.03.04 00:44:57.791,1.10117,1.1012,0.45,1.80
2022.03.04 00:44:57.893,1.10115,1.10121,0.90,1.80
2022.03.04 00:44:58.046,1.10114,1.1012,0.90,0.90
2022.03.04 00:44:58.402,1.10114,1.10118,0.90,2.34
2022.03.04 00:44:58.819,1.1011,1.10114,0.90,0.90
2022.03.04 00:44:58.921,1.10109,1.10115,0.90,3.01
2022.03.04 00:44:59.074,1.10109,1.10114,0.90,1.12
2022.03.04 00:44:59.177,1.1011,1.10116,1.80,4.23
2022.03.04 00:44:59.279,1.10111,1.10117,0.90,3.01
2022.03.04 00:45:00.334,1.10112,1.10117,0.90,2.02
2022.03.04 00:45:00.385,1.10114,1.10118,1.35,2.43
2022.03.04 00:45:00.488,1.10122,1.10124,0.99,4.50
2022.03.04 00:45:00.540,1.10124,1.10127,0.45,0.90
2022.03.04 00:45:00.591,1.10123,1.10129,1.80,2.02
2022.03.04 00:45:00.694,1.10124,1.10129,0.90,0.90
2022.03.04 00:45:00.796,1.10124,1.1013,0.90,3.91
2022.03.04 00:45:01.000,1.10127,1.1013,0.90,2.02
2022.03.04 00:45:01.102,1.10126,1.1013,0.45,0.22
2022.03.04 00:45:01.204,1.10125,1.10129,0.90,1.12
2022.03.04 00:45:01.306,1.10124,1.10129,0.90,1.12
2022.03.04 00:45:01.916,1.10123,1.10129,0.90,3.01
2022.03.04 00:45:02.132,1.10128,1.10129,1.80,3.82
2022.03.04 00:45:02.183,1.10125,1.1013,3.78,0.22
2022.03.04 00:45:02.286,1.10125,1.10131,2.34,0.90
2022.03.04 00:45:02.337,1.10129,1.10133,0.90,1.53
2022.03.04 00:45:02.440,1.10131,1.10135,1.44,2.43
2022.03.04 00:45:02.491,1.10132,1.10136,0.90,1.53
2022.03.04 00:45:02.593,1.10132,1.10137,0.90,0.31
2022.03.04 00:45:02.696,1.10128,1.10134,3.15,1.12
2022.03.04 00:45:02.849,1.10127,1.10133,0.90,1.89
2022.03.04 00:45:05.377,1.10126,1.10131,0.54,0.90
2022.03.04 00:45:08.734,1.10125,1.10131,0.99,1.35
2022.03.04 00:45:08.837,1.10125,1.1013,0.12,0.90
2022.03.04 00:45:08.888,1.10123,1.10129,0.99,0.90
2022.03.04 00:45:09.041,1.10121,1.10127,5.94,1.12
2022.03.04 00:45:09.144,1.10121,1.10126,0.45,0.90
2022.03.04 00:45:12.871,1.1012,1.10126,2.34,0.90
2022.03.04 00:45:12.973,1.10121,1.10126,0.45,0.90
2022.03.04 00:45:13.076,1.1012,1.10126,0.99,0.90
2022.03.04 00:45:13.229,1.10118,1.10123,0.12,0.90
2022.03.04 00:45:13.331,1.10117,1.10123,1.89,0.90
2022.03.04 00:45:13.687,1.10118,1.10123,0.45,2.70
2022.03.04 00:45:14.018,1.10117,1.10123,1.89,2.70
2022.03.04 00:45:14.567,1.10119,1.10123,0.45,0.90
2022.03.04 00:45:14.670,1.10119,1.10124,0.45,0.90
2022.03.04 00:45:14.772,1.10119,1.10125,1.35,2.74
2022.03.04 00:45:14.875,1.10118,1.10124,0.99,1.21
2022.03.04 00:45:14.977,1.10116,1.10122,3.24,2.56
2022.03.04 00:45:15.080,1.10116,1.10121,0.12,0.90
2022.03.04 00:45:15.487,1.10115,1.1012,0.12,0.90
2022.03.04 00:45:15.589,1.10114,1.1012,1.44,0.99
2022.03.04 00:45:16.677,1.10116,1.10119,0.90,0.31
2022.03.04 00:45:16.780,1.10114,1.1012,1.44,2.56
2022.03.04 00:45:17.216,1.10115,1.10118,1.44,0.90
2022.03.04 00:45:17.318,1.10112,1.10117,0.90,0.12
2022.03.04 00:45:18.191,1.10112,1.10118,0.99,3.87
2022.03.04 00:45:19.713,1.10114,1.10118,0.45,1.89
2022.03.04 00:45:19.816,1.10115,1.10119,0.45,1.53
2022.03.04 00:45:19.867,1.10116,1.10121,0.45,0.90
2022.03.04 00:45:20.837,1.10116,1.10122,1.35,1.21
2022.03.04 00:45:23.212,1.10122,1.10125,0.45,5.80
2022.03.04 00:45:23.263,1.1012,1.10125,2.34,3.33
2022.03.04 00:45:23.366,1.10121,1.10125,1.89,1.53
2022.03.04 00:45:23.468,1.10119,1.10123,2.25,1.80
2022.03.04 00:45:23.520,1.10121,1.10127,1.35,3.01
2022.03.04 00:45:23.572,1.10119,1.10125,0.90,2.34
2022.03.04 00:45:23.674,1.10118,1.10123,0.45,0.90
2022.03.04 00:45:23.980,1.10118,1.10121,0.90,0.22
2022.03.04 00:45:24.571,1.10117,1.10121,1.35,0.22
2022.03.04 00:45:24.863,1.10116,1.10122,2.34,1.12
2022.03.04 00:45:24.965,1.10117,1.10122,0.45,1.21
2022.03.04 00:45:26.151,1.10119,1.10121,0.90,0.22
2022.03.04 00:45:26.313,1.10119,1.10124,1.35,0.22
2022.03.04 00:45:26.415,1.10123,1.10126,0.45,4.09
2022.03.04 00:45:26.467,1.10127,1.10131,0.90,4.50
2022.03.04 00:45:26.518,1.10131,1.10133,0.90,1.35
2022.03.04 00:45:26.570,1.10125,1.1013,1.35,0.31
2022.03.04 00:45:26.672,1.10125,1.10131,1.44,1.21
2022.03.04 00:45:26.775,1.10125,1.10129,1.44,1.21
2022.03.04 00:45:27.080,1.10125,1.1013,0.45,1.21
2022.03.04 00:45:27.182,1.10126,1.10131,0.90,2.74
2022.03.04 00:45:29.304,1.10126,1.10132,1.89,2.11
2022.03.04 00:45:30.334,1.10126,1.1013,0.90,0.22
2022.03.04 00:45:30.385,1.10124,1.1013,0.99,1.89
2022.03.04 00:45:30.488,1.10121,1.10125,3.15,1.12
2022.03.04 00:45:30.590,1.10119,1.10124,0.90,0.22
2022.03.04 00:45:30.642,1.10117,1.10122,0.90,0.22
2022.03.04 00:45:30.795,1.10116,1.10122,1.44,1.21
2022.03.04 00:45:31.700,1.10116,1.10121,0.99,0.22
2022.03.04 00:45:31.904,1.10118,1.10121,0.54,0.90
2022.03.04 00:45:31.956,1.10113,1.10118,0.12,0.90
2022.03.04 00:45:32.058,1.10113,1.10119,1.89,1.12
2022.03.04 00:45:32.161,1.10114,1.10119,0.99,1.12
2022.03.04 00:45:32.365,1.10113,1.10119,1.89,0.90
2022.03.04 00:45:32.467,1.10115,1.10119,0.99,1.12
2022.03.04 00:45:32.722,1.10113,1.10119,1.89,0.90
2022.03.04 00:45:33.130,1.10113,1.10117,0.99,0.90
2022.03.04 00:45:33.847,1.10115,1.10119,0.99,0.90
2022.03.04 00:45:34.000,1.10116,1.10121,0.99,2.43
2022.03.04 00:45:34.102,1.10116,1.1012,0.54,0.90
2022.03.04 00:45:35.367,1.10114,1.10118,0.54,0.90
2022.03.04 00:45:35.572,1.10115,1.10116,0.12,0.90
2022.03.04 00:45:36.259,1.10114,1.10118,0.12,0.90
2022.03.04 00:45:37.528,1.10115,1.10118,0.45,0.90
2022.03.04 00:45:37.630,1.10115,1.10119,1.89,0.90
2022.03.04 00:45:37.682,1.10119,1.10121,0.99,1.53
2022.03.04 00:45:37.733,1.10119,1.10124,0.99,1.12
2022.03.04 00:45:37.886,1.1012,1.10124,0.99,0.90
2022.03.04 00:45:38.040,1.10119,1.10124,0.12,0.90
2022.03.04 00:45:38.193,1.10118,1.10122,0.12,0.90
2022.03.04 00:45:38.311,1.10116,1.10122,1.89,1.12
2022.03.04 00:45:38.848,1.10117,1.10122,2.79,0.90
2022.03.04 00:45:38.950,1.10118,1.10122,0.12,0.90
2022.03.04 00:45:39.052,1.10121,1.10125,0.12,1.12
2022.03.04 00:45:39.155,1.10122,1.10126,2.34,1.53
2022.03.04 00:45:39.206,1.10124,1.10127,1.44,0.90
2022.03.04 00:45:39.308,1.10128,1.10129,1.80,1.53
2022.03.04 00:45:39.360,1.10125,1.1013,0.99,2.65
2022.03.04 00:45:39.411,1.10127,1.10131,0.12,0.90
2022.03.04 00:45:39.514,1.10126,1.10131,0.99,0.90
2022.03.04 00:45:40.011,1.10126,1.1013,0.54,0.90
2022.03.04 00:45:40.265,1.10126,1.10132,1.44,1.12
2022.03.04 00:45:40.777,1.10128,1.10134,1.35,2.74
2022.03.04 00:45:40.930,1.10128,1.10133,0.99,0.90
2022.03.04 00:45:41.032,1.10129,1.10133,0.45,0.90
2022.03.04 00:45:41.185,1.10127,1.10133,1.44,1.12
2022.03.04 00:45:41.288,1.10127,1.10132,0.54,0.90
2022.03.04 00:45:41.499,1.10125,1.1013,0.45,0.90
2022.03.04 00:45:41.602,1.10125,1.10131,1.89,1.12
2022.03.04 00:45:41.704,1.10126,1.10131,0.54,0.90
2022.03.04 00:45:42.578,1.10126,1.10132,1.44,1.12
2022.03.04 00:45:43.294,1.1013,1.10132,0.45,1.75
2022.03.04 00:45:43.396,1.10133,1.10135,0.90,0.22
2022.03.04 00:45:43.499,1.10133,1.10136,1.89,1.53
2022.03.04 00:45:43.601,1.10134,1.10139,0.45,0.90
2022.03.04 00:45:43.703,1.10133,1.10139,2.79,2.02
2022.03.04 00:45:43.857,1.10133,1.10137,1.35,2.02
2022.03.04 00:45:43.908,1.10131,1.10137,1.44,2.79
2022.03.04 00:45:44.010,1.10132,1.10137,0.45,1.89
2022.03.04 00:45:44.113,1.10131,1.10137,1.44,1.44
2022.03.04 00:45:44.536,1.10132,1.10137,0.45,2.11
2022.03.04 00:45:44.791,1.10131,1.10137,1.35,2.56
2022.03.04 00:45:45.852,1.10133,1.10136,0.45,1.66
2022.03.04 00:45:45.955,1.10133,1.10138,0.90,1.75
2022.03.04 00:45:46.057,1.10134,1.10138,0.45,1.53
2022.03.04 00:45:46.160,1.10133,1.10139,1.44,0.90
2022.03.04 00:45:46.364,1.10131,1.10137,1.44,0.90
2022.03.04 00:45:46.517,1.10131,1.10136,0.45,0.90
2022.03.04 00:45:47.262,1.10132,1.10138,4.59,2.65
2022.03.04 00:45:47.365,1.10133,1.10139,5.49,1.12
2022.03.04 00:45:47.467,1.10134,1.10139,0.54,0.90
2022.03.04 00:45:47.570,1.10137,1.10141,1.35,2.02
2022.03.04 00:45:47.672,1.10138,1.10142,1.80,1.53
2022.03.04 00:45:47.774,1.10138,1.10144,3.24,2.02
2022.03.04 00:45:47.877,1.10139,1.10144,0.99,0.90
2022.03.04 00:45:48.143,1.10138,1.1014,0.90,1.80
2022.03.04 00:45:48.195,1.10135,1.1014,0.90,1.80
2022.03.04 00:45:48.297,1.10135,1.10138,1.80,0.90
2022.03.04 00:45:48.399,1.10134,1.10138,1.35,1.12
2022.03.04 00:45:48.501,1.10133,1.10138,0.45,0.90
2022.03.04 00:45:48.654,1.10133,1.10137,0.45,0.90
2022.03.04 00:45:48.757,1.10131,1.10135,0.45,0.90
2022.03.04 00:45:48.859,1.10129,1.10134,0.45,1.12
2022.03.04 00:45:48.961,1.10129,1.10135,1.35,1.12
2022.03.04 00:45:49.012,1.10129,1.10133,0.45,0.90
2022.03.04 00:45:49.114,1.10129,1.10134,0.45,0.90
2022.03.04 00:45:49.318,1.10128,1.10134,0.90,1.21
2022.03.04 00:45:49.420,1.10127,1.10132,0.45,0.90
2022.03.04 00:45:49.523,1.10127,1.10131,0.45,0.90
2022.03.04 00:45:49.676,1.10126,1.10131,0.45,0.90
2022.03.04 00:45:49.968,1.10128,1.10133,0.90,1.53
2022.03.04 00:45:50.121,1.10129,1.10134,0.90,0.90
2022.03.04 00:45:50.224,1.1013,1.10135,0.90,0.90
2022.03.04 00:45:50.326,1.10132,1.10138,3.15,1.44
2022.03.04 00:45:50.429,1.10133,1.10138,0.45,0.90
2022.03.04 00:45:50.531,1.10134,1.10139,0.45,1.44
2022.03.04 00:45:50.633,1.10132,1.10135,0.12,0.22
2022.03.04 00:45:50.786,1.10132,1.10136,1.80,1.12
2022.03.04 00:45:50.906,1.10132,1.10137,0.45,0.67
2022.03.04 00:45:51.081,1.10132,1.10135,2.25,0.90
2022.03.04 00:45:51.184,1.10133,1.10137,1.80,0.90
2022.03.04 00:45:51.235,1.10133,1.10136,2.79,0.90
2022.03.04 00:45:51.286,1.10134,1.10137,0.90,0.90
2022.03.04 00:45:51.389,1.10135,1.10137,0.45,0.90
2022.03.04 00:45:51.883,1.10138,1.1014,3.15,0.90
2022.03.04 00:45:52.087,1.10136,1.10142,1.35,1.35
2022.03.04 00:45:52.189,1.10137,1.1014,1.35,0.90
2022.03.04 00:45:52.495,1.10138,1.1014,0.45,0.90
2022.03.04 00:45:53.319,1.10135,1.10137,2.40,0.90
2022.03.04 00:45:53.472,1.10133,1.10135,0.45,0.90
2022.03.04 00:45:53.625,1.10132,1.10135,0.90,0.90
2022.03.04 00:45:53.829,1.10133,1.10135,0.45,0.90
2022.03.04 00:45:53.983,1.10134,1.10136,0.45,0.90
2022.03.04 00:45:54.143,1.10133,1.10135,0.90,0.90
2022.03.04 00:45:54.397,1.10134,1.10137,0.45,0.90
2022.03.04 00:45:54.499,1.10135,1.10137,0.45,0.90
2022.03.04 00:45:54.723,1.10133,1.10135,0.45,0.90
2022.03.04 00:45:54.774,1.10131,1.10133,3.46,0.90
2022.03.04 00:45:54.826,1.10131,1.10135,2.25,0.67
2022.03.04 00:45:54.928,1.1013,1.10132,0.54,0.90
2022.03.04 00:45:57.821,1.10132,1.10136,1.80,1.12
2022.03.04 00:45:57.924,1.10133,1.10135,0.45,0.90
2022.03.04 00:45:58.027,1.10132,1.10135,3.24,0.90
2022.03.04 00:45:58.129,1.10132,1.10134,0.45,0.90
2022.03.04 00:45:58.343,1.10131,1.10134,1.44,0.90
2022.03.04 00:45:58.446,1.1013,1.10132,1.89,0.90
2022.03.04 00:45:59.342,1.10133,1.10135,0.45,0.90
2022.03.04 00:45:59.445,1.10134,1.10136,0.45,0.90
2022.03.04 00:45:59.496,1.10134,1.10138,0.45,0.22
2022.03.04 00:45:59.598,1.10132,1.10135,0.45,0.90
2022.03.04 00:45:59.751,1.10133,1.10135,0.45,0.90
2022.03.04 00:46:00.233,1.10133,1.10136,1.35,0.90
2022.03.04 00:46:00.505,1.10133,1.10135,2.85,0.90
2022.03.04 00:46:02.490,1.10131,1.10134,0.54,0.90
2022.03.04 00:46:02.542,1.10132,1.10135,0.54,0.67
2022.03.04 00:46:02.796,1.10133,1.10135,0.90,0.31
2022.03.04 00:46:02.848,1.10136,1.10138,2.70,0.90
2022.03.04 00:46:02.950,1.10134,1.10137,0.12,0.90
2022.03.04 00:46:03.205,1.10134,1.10136,0.12,0.90
2022.03.04 00:46:03.307,1.10136,1.10137,0.45,0.90
2022.03.04 00:46:03.410,1.10136,1.10139,3.01,0.90
2022.03.04 00:46:03.673,1.10135,1.10137,0.54,0.90
2022.03.04 00:46:03.927,1.10135,1.1014,0.45,2.11
2022.03.04 00:46:04.370,1.10136,1.1014,0.45,0.99
2022.03.04 00:46:05.517,1.10138,1.10143,0.45,4.09
2022.03.04 00:46:05.621,1.10139,1.10143,0.12,1.53
2022.03.04 00:46:05.723,1.1014,1.10145,0.45,1.89
2022.03.04 00:46:05.775,1.10145,1.10147,1.80,1.53
2022.03.04 00:46:05.877,1.10145,1.10147,1.21,2.80
2022.03.04 00:46:05.929,1.10144,1.1015,2.56,1.89
2022.03.04 00:46:06.031,1.10145,1.1015,0.45,2.34
2022.03.04 00:46:06.133,1.10146,1.1015,0.45,1.89
2022.03.04 00:46:07.063,1.10146,1.10149,0.54,1.80
2022.03.04 00:46:07.165,1.10146,1.1015,0.45,1.35
2022.03.04 00:46:07.268,1.10145,1.1015,0.54,1.35
2022.03.04 00:46:07.370,1.10144,1.10149,1.12,1.44
2022.03.04 00:46:07.472,1.10145,1.10149,0.45,1.44
2022.03.04 00:46:07.524,1.10143,1.10148,1.44,0.45
2022.03.04 00:46:07.677,1.10142,1.10147,0.90,0.54
2022.03.04 00:46:08.152,1.10144,1.10149,0.99,2.07
2022.03.04 00:46:08.254,1.10145,1.10149,0.12,0.45
2022.03.04 00:46:08.306,1.10146,1.10151,2.11,2.97
2022.03.04 00:46:08.919,1.10146,1.10149,0.76,0.54
2022.03.04 00:46:09.910,1.10146,1.10151,0.76,1.44
2022.03.04 00:46:10.678,1.10151,1.10153,1.89,1.53
2022.03.04 00:46:10.780,1.10151,1.10156,0.12,1.44
2022.03.04 00:46:10.832,1.10154,1.10158,0.90,2.07
2022.03.04 00:46:11.239,1.10154,1.10159,0.99,0.54
2022.03.04 00:46:11.341,1.10155,1.1016,0.12,3.24
2022.03.04 00:46:13.439,1.10155,1.10159,1.44,0.45
2022.03.04 00:46:13.541,1.10154,1.10159,0.99,0.54
2022.03.04 00:46:13.658,1.10154,1.10158,0.99,0.45
2022.03.04 00:46:15.002,1.10155,1.10158,1.44,0.12
2022.03.04 00:46:15.279,1.10153,1.10158,1.89,0.12
2022.03.04 00:46:15.533,1.10155,1.10158,0.54,0.99
2022.03.04 00:46:16.325,1.10161,1.10163,0.22,0.99
2022.03.04 00:46:16.427,1.10161,1.10164,0.31,4.50
2022.03.04 00:46:16.479,1.10163,1.10168,3.01,1.62
2022.03.04 00:46:16.531,1.10165,1.10168,0.12,1.53
2022.03.04 00:46:16.684,1.10166,1.1017,0.12,0.90
2022.03.04 00:46:17.679,1.10165,1.1017,0.12,0.99
2022.03.04 00:46:17.782,1.10163,1.10168,0.31,0.99
2022.03.04 00:46:17.934,1.10163,1.10166,1.66,0.12
2022.03.04 00:46:18.721,1.10161,1.10166,0.12,4.14
2022.03.04 00:46:18.823,1.1016,1.10165,2.11,0.12
2022.03.04 00:46:19.078,1.1016,1.10164,1.57,0.12
2022.03.04 00:46:19.180,1.10159,1.10164,0.31,1.89
2022.03.04 00:46:19.282,1.10157,1.10162,0.12,0.99
2022.03.04 00:46:20.158,1.10158,1.10162,0.22,0.99
2022.03.04 00:46:20.260,1.10157,1.10162,1.66,0.12
2022.03.04 00:46:22.049,1.10158,1.10162,0.90,0.12
2022.03.04 00:46:22.152,1.10159,1.10164,0.99,0.12
2022.03.04 00:46:22.254,1.10162,1.10166,0.99,1.53
2022.03.04 00:46:22.357,1.10162,1.10167,0.99,0.12
2022.03.04 00:46:22.459,1.10163,1.10168,0.12,0.99
2022.03.04 00:46:22.561,1.10163,1.10166,0.99,0.12
2022.03.04 00:46:23.308,1.10164,1.10169,0.99,1.62
2022.03.04 00:46:24.520,1.10163,1.10168,0.54,1.21
2022.03.04 00:46:24.622,1.10164,1.10168,0.12,0.90
2022.03.04 00:46:25.033,1.10168,1.1017,0.90,0.12
2022.03.04 00:46:25.085,1.10168,1.10172,0.90,0.90
2022.03.04 00:46:25.136,1.10171,1.10175,0.12,0.90
2022.03.04 00:46:25.188,1.10169,1.10174,0.12,0.99
2022.03.04 00:46:25.290,1.10172,1.10174,0.12,0.22
2022.03.04 00:46:25.342,1.10169,1.10174,0.12,1.21
2022.03.04 00:46:25.647,1.1017,1.10174,0.12,0.22
2022.03.04 00:46:25.749,1.1017,1.10175,1.89,0.99
2022.03.04 00:46:25.801,1.10172,1.10177,0.12,0.99
2022.03.04 00:46:26.364,1.10171,1.10177,1.89,0.90
2022.03.04 00:46:26.645,1.10174,1.10179,0.12,2.52
2022.03.04 00:46:27.249,1.10172,1.10176,0.99,3.15
2022.03.04 00:46:27.352,1.10171,1.10174,2.70,0.12
2022.03.04 00:46:27.454,1.1017,1.10174,0.90,0.12
2022.03.04 00:46:27.556,1.1017,1.10173,0.99,0.12
2022.03.04 00:46:28.015,1.10171,1.10175,1.80,0.99
2022.03.04 00:46:28.118,1.10171,1.10177,3.15,2.43
2022.03.04 00:46:28.220,1.10174,1.10176,0.12,0.90
2022.03.04 00:46:28.323,1.10173,1.10178,0.99,0.12
2022.03.04 00:46:28.441,1.10174,1.10179,0.12,1.21
2022.03.04 00:46:29.823,1.10172,1.10174,2.25,0.99
2022.03.04 00:46:29.926,1.10169,1.10173,0.54,0.90
2022.03.04 00:46:30.028,1.10169,1.10171,0.12,0.90
2022.03.04 00:46:31.485,1.10169,1.10174,0.54,0.99
2022.03.04 00:46:31.588,1.1017,1.10175,0.54,2.52
2022.03.04 00:46:31.691,1.10173,1.10177,3.01,1.53
2022.03.04 00:46:31.793,1.10174,1.10177,0.12,1.53
2022.03.04 00:46:31.844,1.10174,1.10179,0.12,0.99
2022.03.04 00:46:34.625,1.10173,1.10176,0.12,0.22
2022.03.04 00:46:34.676,1.10171,1.10176,2.79,0.99
2022.03.04 00:46:34.779,1.1017,1.10175,0.12,0.99
2022.03.04 00:46:34.932,1.10172,1.10175,1.80,0.90
2022.03.04 00:46:34.983,1.10175,1.10178,0.45,0.90
2022.03.04 00:46:35.035,1.10174,1.10177,0.12,0.90
2022.03.04 00:46:35.137,1.10172,1.10177,0.31,0.90
2022.03.04 00:46:35.707,1.10174,1.10178,0.45,0.90
2022.03.04 00:46:36.161,1.10173,1.10178,0.31,0.90
2022.03.04 00:46:36.263,1.10173,1.10176,0.31,0.90
2022.03.04 00:46:36.382,1.1017,1.10175,1.66,0.12
2022.03.04 00:46:36.484,1.10172,1.10177,0.12,0.99
2022.03.04 00:46:36.587,1.10171,1.10176,0.12,0.99
2022.03.04 00:46:36.689,1.10171,1.10177,0.99,0.90
2022.03.04 00:46:36.893,1.10175,1.10179,1.89,2.70
2022.03.04 00:46:36.995,1.10176,1.10179,0.12,2.43
2022.03.04 00:46:37.097,1.10176,1.10181,0.12,0.90
2022.03.04 00:46:38.410,1.10178,1.10183,0.99,0.90
2022.03.04 00:46:38.629,1.1018,1.10184,0.12,0.90
2022.03.04 00:46:38.732,1.10182,1.10187,0.22,2.52
2022.03.04 00:46:38.834,1.10182,1.10188,0.31,0.99
2022.03.04 00:46:39.243,1.10183,1.10188,0.22,0.99
2022.03.04 00:46:39.892,1.1018,1.10185,3.91,0.90
2022.03.04 00:46:40.046,1.10179,1.10184,1.21,0.90
2022.03.04 00:46:41.935,1.10182,1.10185,0.22,0.90
2022.03.04 00:46:41.986,1.10182,1.10187,0.31,0.90
2022.03.04 00:46:42.140,1.10181,1.10187,2.11,2.34
2022.03.04 00:46:42.242,1.10182,1.10185,2.02,0.12
2022.03.04 00:46:43.520,1.1018,1.10185,1.80,0.12
2022.03.04 00:46:46.719,1.10179,1.10185,3.01,1.89
2022.03.04 00:46:48.435,1.10179,1.10184,2.11,0.90
2022.03.04 00:46:48.554,1.10179,1.10185,2.11,0.99
2022.03.04 00:46:48.830,1.10175,1.10179,3.15,0.90
2022.03.04 00:46:48.933,1.10175,1.10177,4.87,2.29
2022.03.04 00:46:48.984,1.10171,1.10176,0.12,1.80
2022.03.04 00:46:50.344,1.10172,1.10176,0.12,0.90
2022.03.04 00:46:53.582,1.10174,1.10178,0.12,0.90
2022.03.04 00:46:53.684,1.10174,1.10179,0.76,0.99
2022.03.04 00:46:53.787,1.10178,1.10183,0.54,0.99
2022.03.04 00:46:54.388,1.10179,1.10183,0.12,0.90
2022.03.04 00:46:54.542,1.1018,1.10185,1.89,0.12
2022.03.04 00:46:54.644,1.10181,1.10186,0.12,0.99
2022.03.04 00:46:54.747,1.10182,1.10187,0.12,0.99
2022.03.04 00:46:55.659,1.10182,1.10186,0.12,0.90
2022.03.04 00:46:55.818,1.10181,1.10186,0.12,0.99
2022.03.04 00:46:56.371,1.1018,1.10185,0.12,0.99
2022.03.04 00:46:56.473,1.1018,1.10184,0.12,0.90
2022.03.04 00:46:56.578,1.10179,1.10184,0.12,0.99
2022.03.04 00:46:57.585,1.1018,1.10185,0.12,0.99
2022.03.04 00:46:57.688,1.10181,1.10185,0.12,0.90
2022.03.04 00:46:58.197,1.1018,1.10185,0.12,0.99
2022.03.04 00:46:58.299,1.1018,1.10184,0.12,0.90
2022.03.04 00:46:58.765,1.10179,1.10184,0.12,0.99
2022.03.04 00:47:00.108,1.10176,1.10181,0.12,0.90
2022.03.04 00:47:00.312,1.10178,1.1018,0.99,0.90
2022.03.04 00:47:00.414,1.10178,1.10183,0.12,2.43
2022.03.04 00:47:01.782,1.10179,1.10183,0.54,0.90
2022.03.04 00:47:01.884,1.10179,1.10185,5.26,0.12
2022.03.04 00:47:01.987,1.1018,1.10185,0.12,0.90
2022.03.04 00:47:02.089,1.1018,1.10186,0.99,0.99
2022.03.04 00:47:02.191,1.10183,1.10187,3.69,0.99
2022.03.04 00:47:04.073,1.10182,1.10187,0.99,0.90
2022.03.04 00:47:04.175,1.10181,1.10186,0.12,0.90
2022.03.04 00:47:04.481,1.10183,1.10187,0.12,0.90
2022.03.04 00:47:04.583,1.10183,1.10188,0.12,0.90
2022.03.04 00:47:06.012,1.10181,1.10186,0.12,0.90
2022.03.04 00:47:06.114,1.1018,1.10185,2.34,0.90
2022.03.04 00:47:06.216,1.10179,1.10184,0.54,0.90
2022.03.04 00:47:06.571,1.10177,1.10181,2.79,0.90
2022.03.04 00:47:06.674,1.10176,1.1018,0.12,0.90
2022.03.04 00:47:06.776,1.10175,1.1018,0.12,0.90
2022.03.04 00:47:08.229,1.10174,1.10179,0.99,0.99
2022.03.04 00:47:08.332,1.10173,1.10177,0.12,0.90
2022.03.04 00:47:09.291,1.10173,1.10176,0.12,0.90
2022.03.04 00:47:09.394,1.10173,1.10175,0.12,0.90
2022.03.04 00:47:09.496,1.10171,1.10175,0.12,0.90
2022.03.04 00:47:10.905,1.10173,1.10178,0.12,2.52
2022.03.04 00:47:11.008,1.10174,1.10178,0.12,2.43
2022.03.04 00:47:11.277,1.10175,1.10179,0.12,0.90
2022.03.04 00:47:12.493,1.10178,1.10183,0.12,2.97
2022.03.04 00:47:12.595,1.10179,1.10183,0.12,2.43
2022.03.04 00:47:12.748,1.10179,1.10184,1.89,0.99
2022.03.04 00:47:12.851,1.10179,1.10183,0.12,0.90
2022.03.04 00:47:13.308,1.10179,1.10184,0.12,0.99
2022.03.04 00:47:14.094,1.1018,1.10184,0.12,0.90
2022.03.04 00:47:14.196,1.1018,1.10185,0.12,0.99
2022.03.04 00:47:14.349,1.1018,1.10184,0.12,0.90
2022.03.04 00:47:14.451,1.10183,1.10188,0.12,2.52
2022.03.04 00:47:14.605,1.10185,1.10188,0.99,0.99
2022.03.04 00:47:15.063,1.10185,1.10189,0.12,0.90
2022.03.04 00:47:15.267,1.10186,1.10189,0.54,0.90
2022.03.04 00:47:15.318,1.10187,1.10191,0.90,0.99
2022.03.04 00:47:15.573,1.10188,1.10193,0.12,1.89
2022.03.04 00:47:15.726,1.10189,1.10193,0.12,0.90
2022.03.04 00:47:16.083,1.10188,1.10193,0.12,0.99
2022.03.04 00:47:16.185,1.10189,1.10193,0.22,0.99
2022.03.04 00:47:16.440,1.1019,1.10194,0.12,0.90
2022.03.04 00:47:16.542,1.10189,1.10194,0.12,0.99
2022.03.04 00:47:16.650,1.10189,1.10193,0.31,0.90
2022.03.04 00:47:17.434,1.1019,1.10193,0.31,0.99
2022.03.04 00:47:17.841,1.1019,1.10194,0.12,0.90
2022.03.04 00:47:17.944,1.10194,1.10196,0.54,1.53
2022.03.04 00:47:17.995,1.10194,1.10199,0.12,0.99
2022.03.04 00:47:18.148,1.10196,1.10198,0.12,0.90
2022.03.04 00:47:19.349,1.10196,1.10199,0.22,0.90
2022.03.04 00:47:19.452,1.10195,1.10199,0.31,0.90
2022.03.04 00:47:20.202,1.10196,1.10199,0.45,0.90
2022.03.04 00:47:20.305,1.10195,1.10199,0.76,0.90
2022.03.04 00:47:21.114,1.10196,1.10199,0.54,0.90
2022.03.04 00:47:21.356,1.10197,1.102,0.99,0.90
2022.03.04 00:47:21.458,1.10198,1.102,0.45,0.90
2022.03.04 00:47:21.561,1.10197,1.102,0.54,0.90
2022.03.04 00:47:21.612,1.10199,1.10203,0.76,2.43
2022.03.04 00:47:22.411,1.10197,1.102,0.54,0.90
2022.03.04 00:47:22.513,1.10196,1.102,0.54,0.90
2022.03.04 00:47:22.615,1.10198,1.10203,0.12,2.52
2022.03.04 00:47:22.717,1.10199,1.10203,0.12,2.43
2022.03.04 00:47:22.921,1.10198,1.10202,0.12,0.90
2022.03.04 00:47:23.023,1.10196,1.102,0.54,0.90
2022.03.04 00:47:23.566,1.10198,1.10202,0.22,0.99
2022.03.04 00:47:23.669,1.10199,1.10203,0.22,0.99
2022.03.04 00:47:24.136,1.102,1.10203,0.45,0.90
2022.03.04 00:47:24.238,1.10199,1.10203,0.12,0.90
2022.03.04 00:47:24.572,1.10201,1.10202,0.45,0.90
2022.03.04 00:47:24.725,1.102,1.10202,0.31,0.90
2022.03.04 00:47:25.968,1.10198,1.10202,0.76,2.70
2022.03.04 00:47:26.727,1.10199,1.10203,0.22,0.99
2022.03.04 00:47:30.120,1.10198,1.10203,0.99,1.21
2022.03.04 00:47:30.296,1.10198,1.10202,0.99,0.90
2022.03.04 00:47:30.552,1.102,1.10201,0.12,0.90
2022.03.04 00:47:31.758,1.10199,1.10203,0.12,0.90
2022.03.04 00:47:33.801,1.10198,1.10202,0.12,0.90
2022.03.04 00:47:34.565,1.102,1.10203,2.02,1.80
2022.03.04 00:47:34.667,1.10201,1.10203,0.67,0.90
2022.03.04 00:47:34.719,1.10201,1.10206,2.02,0.90
2022.03.04 00:47:34.821,1.10203,1.10205,0.22,0.90
2022.03.04 00:47:36.064,1.10203,1.10206,0.22,0.90
2022.03.04 00:47:36.516,1.10201,1.10204,0.22,0.90
2022.03.04 00:47:36.619,1.10202,1.10205,0.90,0.90
2022.03.04 00:47:36.722,1.10201,1.10203,0.22,0.90
2022.03.04 00:47:36.875,1.10199,1.10204,2.02,0.90
2022.03.04 00:47:36.977,1.10199,1.10203,2.02,0.90
2022.03.04 00:47:37.129,1.102,1.10203,0.22,0.90
2022.03.04 00:47:37.232,1.102,1.10204,0.22,0.90
2022.03.04 00:47:37.334,1.10201,1.10205,0.22,0.90
2022.03.04 00:47:37.589,1.102,1.10205,0.22,0.90
2022.03.04 00:47:37.640,1.10197,1.10202,4.36,0.90
2022.03.04 00:47:37.743,1.10197,1.102,0.22,0.90
2022.03.04 00:47:37.845,1.10197,1.10199,3.46,0.90
2022.03.04 00:47:38.443,1.10195,1.10199,0.90,0.90
2022.03.04 00:47:38.760,1.10195,1.10198,1.80,0.90
2022.03.04 00:47:38.862,1.10192,1.10197,3.69,0.90
2022.03.04 00:47:38.913,1.10192,1.10194,2.25,0.90
2022.03.04 00:47:38.965,1.1019,1.10194,0.22,0.90
2022.03.04 00:47:39.067,1.10189,1.10193,0.22,0.90
2022.03.04 00:47:39.525,1.10189,1.10195,2.47,1.44
2022.03.04 00:47:39.627,1.10192,1.10196,1.57,0.90
2022.03.04 00:47:39.729,1.10193,1.10197,1.12,0.90
2022.03.04 00:47:39.831,1.10192,1.10197,1.12,0.90
2022.03.04 00:47:40.086,1.10192,1.10196,1.12,0.90
2022.03.04 00:47:40.188,1.10192,1.10194,1.21,0.90
2022.03.04 00:47:40.372,1.10196,1.10198,0.22,0.90
2022.03.04 00:47:40.423,1.10194,1.10198,0.22,0.90
2022.03.04 00:47:43.192,1.10192,1.10195,1.12,0.90
2022.03.04 00:47:43.294,1.10191,1.10194,0.22,0.90
2022.03.04 00:47:44.599,1.1019,1.10194,0.22,0.90
2022.03.04 00:47:44.996,1.1019,1.10195,0.31,0.90
2022.03.04 00:47:46.202,1.10191,1.10195,0.12,0.90
2022.03.04 00:47:46.371,1.1019,1.10194,0.76,0.90
2022.03.04 00:47:46.473,1.1019,1.10193,0.12,0.90
2022.03.04 00:47:46.575,1.10189,1.10193,0.31,0.90
2022.03.04 00:47:47.014,1.10188,1.10191,0.22,0.90
2022.03.04 00:47:47.116,1.10186,1.10189,0.31,0.90
2022.03.04 00:47:47.269,1.10186,1.1019,0.31,0.90
2022.03.04 00:47:47.371,1.10186,1.10189,0.31,0.90
2022.03.04 00:47:48.153,1.10185,1.10188,0.12,0.90
2022.03.04 00:47:48.255,1.10185,1.10187,0.12,0.90
2022.03.04 00:47:48.357,1.10184,1.10187,0.12,0.90
2022.03.04 00:47:48.612,1.10183,1.10187,0.12,0.90
2022.03.04 00:47:48.714,1.10181,1.10184,0.22,0.90
2022.03.04 00:47:48.816,1.1018,1.10184,0.76,0.90
2022.03.04 00:47:48.919,1.10179,1.10182,1.21,0.90
2022.03.04 00:47:49.021,1.10179,1.10183,0.31,0.90
2022.03.04 00:47:49.166,1.10179,1.10181,0.12,0.90
2022.03.04 00:47:49.268,1.10177,1.1018,0.12,0.90
2022.03.04 00:47:49.371,1.10176,1.1018,0.76,0.90
2022.03.04 00:47:49.819,1.10179,1.10183,0.12,0.90
2022.03.04 00:47:49.921,1.1018,1.10183,0.31,0.90
2022.03.04 00:47:50.023,1.1018,1.10184,0.31,0.90
2022.03.04 00:47:50.126,1.10181,1.10185,0.12,0.90
2022.03.04 00:47:50.331,1.10181,1.10184,0.12,0.90
2022.03.04 00:47:50.433,1.10181,1.10186,0.12,0.99
2022.03.04 00:47:50.535,1.10182,1.10184,0.31,0.90
2022.03.04 00:47:50.689,1.10181,1.10186,0.31,0.99
2022.03.04 00:47:50.740,1.10179,1.10183,2.11,0.90
2022.03.04 00:47:52.125,1.10179,1.10182,0.12,0.90
2022.03.04 00:47:53.362,1.1018,1.10185,0.12,0.90
2022.03.04 00:47:53.414,1.1018,1.10183,0.90,0.90
2022.03.04 00:47:53.516,1.10185,1.10186,1.80,2.80
2022.03.04 00:47:53.568,1.10183,1.10188,0.31,0.90
2022.03.04 00:47:53.619,1.10183,1.10186,1.12,0.90
2022.03.04 00:47:53.722,1.10183,1.10187,0.31,0.90
2022.03.04 00:47:53.824,1.10182,1.10185,0.31,0.90
2022.03.04 00:47:53.927,1.10184,1.10189,0.12,0.90
2022.03.04 00:47:54.029,1.10184,1.10188,0.12,0.90
2022.03.04 00:47:55.932,1.10187,1.1019,1.80,0.90
2022.03.04 00:47:56.034,1.1019,1.10191,0.22,2.80
2022.03.04 00:47:56.136,1.10188,1.10192,0.76,0.90
2022.03.04 00:47:57.993,1.10187,1.10191,0.12,0.90
2022.03.04 00:47:58.095,1.10187,1.1019,0.12,0.90
2022.03.04 00:47:58.146,1.10185,1.10187,2.92,0.90
2022.03.04 00:47:58.249,1.10183,1.10187,0.76,0.90
2022.03.04 00:47:58.354,1.10183,1.10188,1.66,0.90
2022.03.04 00:47:58.456,1.10183,1.10187,1.66,0.90
2022.03.04 00:47:59.757,1.10182,1.10187,1.21,0.90
2022.03.04 00:47:59.909,1.10183,1.10187,1.57,0.90
2022.03.04 00:48:00.012,1.10186,1.10188,0.22,0.90
2022.03.04 00:48:00.063,1.10185,1.10191,1.12,0.99
2022.03.04 00:48:00.267,1.10185,1.1019,0.67,0.90
2022.03.04 00:48:01.835,1.10184,1.10187,0.12,0.90
2022.03.04 00:48:01.937,1.10182,1.10185,5.44,0.90
2022.03.04 00:48:02.040,1.1018,1.10185,4.50,0.54
2022.03.04 00:48:02.091,1.10179,1.10182,2.25,0.90
2022.03.04 00:48:02.193,1.10178,1.10181,1.66,0.90
2022.03.04 00:48:02.296,1.10178,1.10182,0.76,0.90
2022.03.04 00:48:02.710,1.10178,1.10181,0.76,0.90
2022.03.04 00:48:03.159,1.10176,1.10179,2.25,0.90
2022.03.04 00:48:03.261,1.10175,1.10178,0.22,0.90
2022.03.04 00:48:03.465,1.10176,1.10179,0.67,0.90
2022.03.04 00:48:03.517,1.10176,1.1018,1.57,0.90
2022.03.04 00:48:03.568,1.10179,1.10182,0.12,2.43
2022.03.04 00:48:03.721,1.1018,1.10182,0.28,0.90
2022.03.04 00:48:03.824,1.10179,1.10181,0.12,0.90
2022.03.04 00:48:03.926,1.10179,1.10181,0.12,0.90
2022.03.04 00:48:04.028,1.10177,1.10179,0.12,0.90
2022.03.04 00:48:04.130,1.10176,1.10179,0.12,0.90
2022.03.04 00:48:04.615,1.10178,1.10181,0.12,0.90
2022.03.04 00:48:04.717,1.1018,1.10181,0.12,0.90
2022.03.04 00:48:04.921,1.10178,1.1018,0.12,0.90
2022.03.04 00:48:05.023,1.10177,1.1018,0.12,0.90
2022.03.04 00:48:05.577,1.10178,1.10182,0.22,0.99
2022.03.04 00:48:05.679,1.10179,1.10182,0.54,0.90
2022.03.04 00:48:07.326,1.10179,1.10181,0.12,0.90
2022.03.04 00:48:07.428,1.10178,1.10182,0.22,1.44
2022.03.04 00:48:07.995,1.10177,1.10179,0.12,0.90
2022.03.04 00:48:09.921,1.10176,1.1018,0.54,0.90
2022.03.04 00:48:10.368,1.10176,1.10178,0.12,0.90
2022.03.04 00:48:10.420,1.10168,1.1017,0.90,0.90
2022.03.04 00:48:10.471,1.10165,1.10168,0.12,0.90
2022.03.04 00:48:10.573,1.10164,1.10166,0.54,0.90
2022.03.04 00:48:10.727,1.10164,1.10167,0.54,0.90
2022.03.04 00:48:10.931,1.10164,1.10166,0.54,0.90
2022.03.04 00:48:11.632,1.10164,1.10167,0.54,0.90
2022.03.04 00:48:11.848,1.10165,1.10167,0.12,0.90
2022.03.04 00:48:11.950,1.10165,1.10167,0.76,0.90
2022.03.04 00:48:12.154,1.10163,1.10166,0.12,0.90
2022.03.04 00:48:12.257,1.10161,1.10164,0.31,0.90
2022.03.04 00:48:12.562,1.10161,1.10165,0.31,0.90
2022.03.04 00:48:13.501,1.10164,1.10167,0.12,0.90
2022.03.04 00:48:16.218,1.10162,1.10165,0.12,0.90
2022.03.04 00:48:16.473,1.10164,1.10166,0.12,0.90
2022.03.04 00:48:16.576,1.10163,1.10166,0.12,0.90
2022.03.04 00:48:16.678,1.10162,1.10166,0.12,0.90
2022.03.04 00:48:18.286,1.10162,1.10165,0.12,0.90
2022.03.04 00:48:18.756,1.10162,1.10164,0.12,0.90
2022.03.04 00:48:18.858,1.10161,1.10164,0.12,0.90
2022.03.04 00:48:18.961,1.10159,1.10162,0.12,0.90
2022.03.04 00:48:19.063,1.10158,1.1016,0.12,0.90
2022.03.04 00:48:19.166,1.10158,1.10161,0.12,0.90
2022.03.04 00:48:19.268,1.10162,1.10165,2.25,0.45
2022.03.04 00:48:19.371,1.10164,1.10167,0.12,0.90
2022.03.04 00:48:19.473,1.10165,1.10167,0.12,0.90
2022.03.04 00:48:19.987,1.10164,1.10167,0.12,0.90
2022.03.04 00:48:20.604,1.10166,1.10167,0.12,0.90
2022.03.04 00:48:20.927,1.10164,1.10167,0.12,0.90
2022.03.04 00:48:21.315,1.10161,1.10163,3.15,0.99
2022.03.04 00:48:21.417,1.10157,1.1016,5.04,0.90
2022.03.04 00:48:21.571,1.10156,1.10158,1.89,0.90
2022.03.04 00:48:21.673,1.10154,1.10157,0.12,0.90
2022.03.04 00:48:21.776,1.10152,1.10154,2.25,0.90
2022.03.04 00:48:21.878,1.1015,1.10151,0.12,0.90
2022.03.04 00:48:21.980,1.10151,1.10152,0.12,0.90
2022.03.04 00:48:22.650,1.10149,1.10152,0.12,0.90
2022.03.04 00:48:25.159,1.1015,1.10153,0.12,0.90
2022.03.04 00:48:25.261,1.1015,1.10154,0.12,0.90
2022.03.04 00:48:25.363,1.1015,1.10153,0.12,0.90
2022.03.04 00:48:25.578,1.10151,1.10153,0.45,0.90
2022.03.04 00:48:25.629,1.10154,1.10156,0.12,0.90
2022.03.04 00:48:26.582,1.10153,1.10155,0.12,0.90
2022.03.04 00:48:26.684,1.10153,1.10156,0.12,0.90
2022.03.04 00:48:26.787,1.10152,1.10154,0.12,0.90
2022.03.04 00:48:26.838,1.1015,1.10154,2.34,0.90
2022.03.04 00:48:28.430,1.1015,1.10152,0.12,0.90
2022.03.04 00:48:28.482,1.10148,1.10151,2.25,1.35
2022.03.04 00:48:28.584,1.10148,1.1015,1.89,1.35
2022.03.04 00:48:28.687,1.10148,1.10151,1.89,0.90
2022.03.04 00:48:28.793,1.10148,1.10152,0.31,0.90
2022.03.04 00:48:31.661,1.10148,1.10151,0.12,0.90
2022.03.04 00:48:32.909,1.10149,1.10152,0.12,0.90
2022.03.04 00:48:33.745,1.1015,1.10153,0.12,0.90
2022.03.04 00:48:34.216,1.10151,1.10154,0.54,0.90
2022.03.04 00:48:35.837,1.10152,1.10155,0.99,0.90
2022.03.04 00:48:35.939,1.10153,1.10157,0.12,0.90
2022.03.04 00:48:36.297,1.10153,1.10156,0.12,0.90
2022.03.04 00:48:36.961,1.10153,1.10155,0.99,0.90
2022.03.04 00:48:37.114,1.10152,1.10155,0.99,0.90
2022.03.04 00:48:37.547,1.10153,1.10155,0.90,0.90
2022.03.04 00:48:37.598,1.10157,1.10159,1.27,3.55
2022.03.04 00:48:37.701,1.10158,1.10161,0.12,0.90
2022.03.04 00:48:37.803,1.10158,1.10162,0.99,0.90
2022.03.04 00:48:38.747,1.10157,1.1016,0.99,0.90
2022.03.04 00:48:38.850,1.10155,1.10158,0.12,0.90
2022.03.04 00:48:41.667,1.10156,1.1016,0.12,0.90
2022.03.04 00:48:41.820,1.10156,1.10159,0.12,0.90
2022.03.04 00:48:42.916,1.10158,1.1016,3.24,0.90
2022.03.04 00:48:42.967,1.10159,1.10163,1.44,0.90
2022.03.04 00:48:43.421,1.1016,1.10163,1.89,0.90
2022.03.04 00:48:43.523,1.1016,1.10164,0.99,0.90
2022.03.04 00:48:43.626,1.10161,1.10163,0.90,0.90
2022.03.04 00:48:43.677,1.10159,1.10163,0.12,0.90
2022.03.04 00:48:43.779,1.10158,1.10162,3.24,0.90
2022.03.04 00:48:43.882,1.10158,1.10161,0.12,0.90
2022.03.04 00:48:43.984,1.10157,1.10161,0.12,1.12
2022.03.04 00:48:44.036,1.10156,1.10159,0.12,0.90
2022.03.04 00:48:44.189,1.10155,1.10159,0.99,0.90
2022.03.04 00:48:44.790,1.10154,1.10158,0.99,0.90
2022.03.04 00:48:44.892,1.10155,1.10158,0.12,0.90
2022.03.04 00:48:45.786,1.10154,1.10158,0.12,0.90
2022.03.04 00:48:45.940,1.10154,1.10157,0.12,0.90
2022.03.04 00:48:45.991,1.10157,1.10159,0.90,0.90
2022.03.04 00:48:46.043,1.10157,1.10161,1.89,2.43
2022.03.04 00:48:46.145,1.10159,1.10161,0.99,0.90
2022.03.04 00:48:46.349,1.1016,1.10161,0.12,0.90
2022.03.04 00:48:47.277,1.10159,1.10163,0.12,0.90
2022.03.04 00:48:49.620,1.10162,1.10165,2.25,1.35
2022.03.04 00:48:49.875,1.10163,1.10167,2.56,0.90
2022.03.04 00:48:49.978,1.10165,1.10168,0.12,0.90
2022.03.04 00:48:50.477,1.10164,1.10168,0.31,0.90
2022.03.04 00:48:51.238,1.10165,1.10168,0.12,0.90
2022.03.04 00:48:52.821,1.10167,1.1017,2.34,1.35
2022.03.04 00:48:52.924,1.10166,1.10168,0.12,0.90
2022.03.04 00:48:53.781,1.10167,1.1017,0.99,1.35
2022.03.04 00:48:53.883,1.10168,1.1017,0.12,1.35
2022.03.04 00:48:53.934,1.10167,1.10168,0.12,0.90
2022.03.04 00:48:54.037,1.10165,1.10168,0.12,0.90
2022.03.04 00:49:00.081,1.10164,1.10168,0.12,0.90
2022.03.04 00:49:00.234,1.10166,1.10169,0.12,0.90
2022.03.04 00:49:00.337,1.10172,1.10174,1.80,2.70
2022.03.04 00:49:00.440,1.10175,1.10177,2.02,6.03
2022.03.04 00:49:00.593,1.10175,1.10179,0.12,0.90
2022.03.04 00:49:00.696,1.10178,1.10179,0.12,0.90
2022.03.04 00:49:00.747,1.10179,1.10182,0.12,1.53
2022.03.04 00:49:00.850,1.1018,1.10183,0.12,0.90
2022.03.04 00:49:01.310,1.10181,1.10184,0.12,0.90
2022.03.04 00:49:01.362,1.10184,1.10187,0.99,1.53
2022.03.04 00:49:01.464,1.10184,1.10188,0.31,0.90
2022.03.04 00:49:01.840,1.10186,1.10189,0.12,0.90
2022.03.04 00:49:01.942,1.10186,1.10188,0.12,0.90
2022.03.04 00:49:01.994,1.10183,1.10186,0.12,0.90
2022.03.04 00:49:02.096,1.10182,1.10186,0.12,1.12
2022.03.04 00:49:02.147,1.10181,1.10184,0.12,0.90
2022.03.04 00:49:02.250,1.10182,1.10185,0.12,0.90
2022.03.04 00:49:02.352,1.10182,1.10186,0.12,1.35
2022.03.04 00:49:02.901,1.10182,1.10185,0.12,0.90
2022.03.04 00:49:03.004,1.10182,1.10186,0.12,1.35
2022.03.04 00:49:03.157,1.10183,1.10187,0.12,0.90
2022.03.04 00:49:04.175,1.10183,1.10186,0.12,0.90
2022.03.04 00:49:04.277,1.10184,1.10186,0.12,0.90
2022.03.04 00:49:04.443,1.10184,1.10187,0.12,0.90
2022.03.04 00:49:04.984,1.10186,1.1019,1.89,0.90
2022.03.04 00:49:05.086,1.10188,1.10191,0.12,1.53
2022.03.04 00:49:05.189,1.1019,1.10192,0.12,0.90
2022.03.04 00:49:05.444,1.10186,1.1019,0.12,0.90
2022.03.04 00:49:05.546,1.10186,1.10189,0.12,0.90
2022.03.04 00:49:05.648,1.10187,1.1019,0.12,0.90
2022.03.04 00:49:05.751,1.10182,1.10186,2.34,1.80
2022.03.04 00:49:05.955,1.10182,1.10184,0.12,0.90
2022.03.04 00:49:06.058,1.10182,1.10183,0.12,0.90
2022.03.04 00:49:06.262,1.1018,1.10182,0.12,0.90
2022.03.04 00:49:06.364,1.10179,1.10183,0.12,0.90
2022.03.04 00:49:06.466,1.1018,1.10184,0.12,0.90
2022.03.04 00:49:06.670,1.10181,1.10184,0.12,0.90
2022.03.04 00:49:06.824,1.1018,1.10184,0.12,0.90
2022.03.04 00:49:06.926,1.10181,1.10184,0.12,0.90
2022.03.04 00:49:07.649,1.10184,1.10187,0.12,1.53
2022.03.04 00:49:07.752,1.10184,1.10189,0.12,0.90
2022.03.04 00:49:07.854,1.10185,1.10189,0.12,0.90
2022.03.04 00:49:08.480,1.10184,1.10189,0.99,1.57
2022.03.04 00:49:08.531,1.10184,1.10186,0.12,0.90
2022.03.04 00:49:08.633,1.10182,1.10186,0.12,0.90
2022.03.04 00:49:08.736,1.10183,1.10187,0.12,1.35
2022.03.04 00:49:09.223,1.10186,1.10187,0.45,0.90
2022.03.04 00:49:09.275,1.10187,1.1019,0.45,2.25
2022.03.04 00:49:09.378,1.10189,1.1019,3.82,1.53
2022.03.04 00:49:09.429,1.1019,1.10194,0.12,1.35
2022.03.04 00:49:09.633,1.1019,1.10193,0.12,0.45
2022.03.04 00:49:10.125,1.10189,1.10192,0.12,0.90
2022.03.04 00:49:10.227,1.10188,1.10191,0.12,0.90
2022.03.04 00:49:10.330,1.10186,1.10189,0.12,0.90
2022.03.04 00:49:10.432,1.10189,1.1019,0.12,0.90
2022.03.04 00:49:10.965,1.10187,1.10191,0.12,1.35
2022.03.04 00:49:11.993,1.10188,1.10192,0.12,1.35
2022.03.04 00:49:12.221,1.10189,1.10192,0.12,0.90
2022.03.04 00:49:12.374,1.10188,1.10192,0.12,0.90
2022.03.04 00:49:12.599,1.10191,1.10194,0.12,2.43
2022.03.04 00:49:12.703,1.10192,1.10194,3.37,1.53
2022.03.04 00:49:12.758,1.10193,1.10197,0.99,0.45
2022.03.04 00:49:12.860,1.10194,1.10198,0.12,1.35
2022.03.04 00:49:13.064,1.10194,1.10197,0.12,0.90
2022.03.04 00:49:13.166,1.10193,1.10197,0.12,0.90
2022.03.04 00:49:13.319,1.10194,1.10195,0.12,0.90
2022.03.04 00:49:13.523,1.10193,1.10197,0.12,1.35
2022.03.04 00:49:15.818,1.10194,1.10198,0.12,2.25
2022.03.04 00:49:15.920,1.10194,1.10199,0.12,1.44
2022.03.04 00:49:16.496,1.10194,1.10198,0.12,1.35
2022.03.04 00:49:17.058,1.10193,1.10197,0.12,1.80
2022.03.04 00:49:17.718,1.10195,1.10198,0.12,1.53
2022.03.04 00:49:17.820,1.10197,1.10199,1.21,0.90
2022.03.04 00:49:17.872,1.10199,1.10202,0.12,4.50
2022.03.04 00:49:17.974,1.102,1.10203,0.12,1.53
2022.03.04 00:49:18.077,1.102,1.10204,0.12,0.90
2022.03.04 00:49:18.987,1.102,1.10203,0.12,3.15
2022.03.04 00:49:19.089,1.10198,1.10202,0.12,0.90
2022.03.04 00:49:19.192,1.10198,1.10201,0.12,0.90
2022.03.04 00:49:20.390,1.10196,1.10198,0.99,0.90
2022.03.04 00:49:20.441,1.1019,1.10192,7.29,5.40
2022.03.04 00:49:20.493,1.10184,1.10186,0.90,0.90
2022.03.04 00:49:20.595,1.1018,1.10185,5.04,0.90
2022.03.04 00:49:20.698,1.1018,1.10183,2.25,1.80
2022.03.04 00:49:20.801,1.10179,1.10183,4.50,0.90
2022.03.04 00:49:20.954,1.10179,1.10182,4.50,1.35
2022.03.04 00:49:21.056,1.10178,1.10181,0.12,0.90
2022.03.04 00:49:21.158,1.10176,1.10181,0.22,0.90
2022.03.04 00:49:21.346,1.10175,1.10181,2.11,0.90
2022.03.04 00:49:22.927,1.10175,1.1018,0.99,0.45
2022.03.04 00:49:23.030,1.10174,1.10179,0.12,1.44
2022.03.04 00:49:23.081,1.10173,1.10175,0.12,0.90
2022.03.04 00:49:23.133,1.10171,1.10175,0.12,1.35
2022.03.04 00:49:23.235,1.1017,1.10173,2.25,0.45
2022.03.04 00:49:23.337,1.1017,1.10172,0.12,0.45
2022.03.04 00:49:24.490,1.1017,1.10174,0.12,0.90
2022.03.04 00:49:24.694,1.10169,1.10173,0.12,2.70
2022.03.04 00:49:24.796,1.10166,1.1017,0.12,0.90
2022.03.04 00:49:26.153,1.10168,1.10173,0.99,0.45
2022.03.04 00:49:26.731,1.10169,1.10173,0.12,0.45
2022.03.04 00:49:27.792,1.10169,1.10174,0.99,1.35
2022.03.04 00:49:27.895,1.1017,1.10174,0.12,0.90
2022.03.04 00:49:28.966,1.1017,1.10171,0.12,0.90
2022.03.04 00:49:29.069,1.10167,1.10171,0.12,1.80
2022.03.04 00:49:29.120,1.10165,1.1017,2.34,0.90
2022.03.04 00:49:29.455,1.10165,1.10169,0.12,0.90
2022.03.04 00:49:29.789,1.10169,1.10173,0.12,1.53
2022.03.04 00:49:29.994,1.10169,1.10174,0.12,0.90
2022.03.04 00:49:30.458,1.1017,1.10174,0.12,0.90
2022.03.04 00:49:30.561,1.10169,1.10174,0.12,0.90
2022.03.04 00:49:30.663,1.10169,1.10173,0.12,0.90
2022.03.04 00:49:30.816,1.10168,1.10173,0.12,1.35
2022.03.04 00:49:31.710,1.10169,1.10173,0.12,1.35
2022.03.04 00:49:31.812,1.10169,1.10174,0.12,0.90
2022.03.04 00:49:32.995,1.1017,1.10174,0.12,0.90
2022.03.04 00:49:33.097,1.1017,1.10175,0.31,1.35
2022.03.04 00:49:33.203,1.1017,1.10174,0.12,0.90
2022.03.04 00:49:33.541,1.10171,1.10175,0.12,1.35
2022.03.04 00:49:33.643,1.10169,1.10173,0.31,0.90
2022.03.04 00:49:33.745,1.10168,1.10171,0.12,0.90
2022.03.04 00:49:33.847,1.10166,1.1017,0.12,0.90
2022.03.04 00:49:33.950,1.10165,1.10169,0.12,0.90
2022.03.04 00:49:34.052,1.10164,1.10168,0.12,0.90
2022.03.04 00:49:34.409,1.10163,1.10167,0.12,0.90
2022.03.04 00:49:35.935,1.10164,1.10165,0.12,0.90
2022.03.04 00:49:37.325,1.10163,1.10167,0.12,0.90
2022.03.04 00:49:37.741,1.10164,1.10167,0.12,0.90
2022.03.04 00:49:37.843,1.10164,1.10168,0.12,1.35
2022.03.04 00:49:38.544,1.10165,1.10169,0.12,0.90
2022.03.04 00:49:39.789,1.10166,1.10169,0.31,0.90
2022.03.04 00:49:39.891,1.10166,1.1017,0.31,0.90
2022.03.04 00:49:41.529,1.10166,1.10167,0.12,0.45
2022.03.04 00:49:41.580,1.10161,1.10163,0.90,0.90
2022.03.04 00:49:41.683,1.10155,1.10159,1.21,0.90
2022.03.04 00:49:41.735,1.1016,1.10162,4.50,4.50
2022.03.04 00:49:41.786,1.10156,1.10159,0.12,0.90
2022.03.04 00:49:45.177,1.10157,1.1016,0.12,0.45
2022.03.04 00:49:45.279,1.10161,1.10163,0.12,1.53
2022.03.04 00:49:45.382,1.10162,1.10166,0.12,2.43
2022.03.04 00:49:48.188,1.10167,1.1017,0.99,1.80
2022.03.04 00:49:48.291,1.10169,1.10171,0.12,0.45
2022.03.04 00:49:48.393,1.10168,1.10171,0.12,0.90
2022.03.04 00:49:48.495,1.10167,1.10171,0.12,0.90
2022.03.04 00:49:50.459,1.10168,1.10171,0.12,0.90
2022.03.04 00:49:51.252,1.10169,1.10172,0.12,0.90
2022.03.04 00:49:51.303,1.10167,1.10171,0.12,0.90
2022.03.04 00:49:51.406,1.10167,1.1017,0.12,0.90
2022.03.04 00:49:51.508,1.10167,1.10171,0.12,0.90
2022.03.04 00:49:51.611,1.10166,1.10169,0.12,0.90
2022.03.04 00:49:51.713,1.10165,1.10168,0.12,0.90
2022.03.04 00:49:51.816,1.10165,1.10169,0.12,0.90
2022.03.04 00:49:51.918,1.10165,1.10168,0.12,0.90
2022.03.04 00:49:52.020,1.10166,1.10168,0.12,0.90
2022.03.04 00:49:52.122,1.10165,1.1017,0.12,1.44
2022.03.04 00:49:53.954,1.10165,1.10169,0.12,0.45
2022.03.04 00:49:54.222,1.10164,1.10167,0.12,0.90
2022.03.04 00:49:54.324,1.10162,1.10166,0.12,0.90
2022.03.04 00:49:54.477,1.10162,1.10165,0.12,0.90
2022.03.04 00:49:54.580,1.10164,1.10168,0.12,4.23
2022.03.04 00:49:54.682,1.10165,1.10168,0.12,1.53
2022.03.04 00:49:54.785,1.10166,1.1017,0.12,1.35
2022.03.04 00:49:57.126,1.10166,1.10169,0.12,0.45
2022.03.04 00:49:57.178,1.10163,1.10167,0.90,0.45
2022.03.04 00:49:57.229,1.10158,1.10161,0.12,0.90
2022.03.04 00:49:57.332,1.10158,1.10162,0.12,2.70
2022.03.04 00:49:57.434,1.10157,1.10159,0.12,2.92
2022.03.04 00:49:57.537,1.10155,1.10159,0.12,0.90
2022.03.04 00:49:57.639,1.10155,1.10158,0.12,2.70
2022.03.04 00:49:57.792,1.10154,1.10158,0.12,2.70
2022.03.04 00:49:57.894,1.10152,1.10155,0.12,0.90
2022.03.04 00:49:57.946,1.10153,1.10157,0.12,0.90
2022.03.04 00:49:58.048,1.10152,1.10156,0.12,0.90
2022.03.04 00:49:58.201,1.10151,1.10154,0.12,0.90
2022.03.04 00:49:58.304,1.10151,1.10155,0.12,0.90
2022.03.04 00:49:58.406,1.10151,1.10154,0.12,0.90
2022.03.04 00:49:58.457,1.10151,1.10155,0.99,2.88
2022.03.04 00:49:58.560,1.10151,1.10156,0.99,0.90
2022.03.04 00:49:58.662,1.1015,1.10155,0.99,0.90
2022.03.04 00:49:59.286,1.10152,1.10158,3.24,2.52
2022.03.04 00:49:59.337,1.10154,1.10158,0.12,0.90
2022.03.04 00:49:59.439,1.10155,1.10159,0.12,0.90
2022.03.04 00:49:59.694,1.10156,1.10159,0.12,0.90
2022.03.04 00:49:59.796,1.10156,1.1016,0.12,0.90
2022.03.04 00:50:00.838,1.10156,1.10159,0.12,0.45
2022.03.04 00:50:00.940,1.10155,1.10159,0.12,0.90
2022.03.04 00:50:01.197,1.10155,1.10158,0.45,1.80
2022.03.04 00:50:01.248,1.10155,1.1016,0.99,3.78
2022.03.04 00:50:01.351,1.10155,1.10158,0.12,0.90
2022.03.04 00:50:01.454,1.10154,1.10159,0.12,1.89
2022.03.04 00:50:01.556,1.10152,1.10157,0.12,0.90
2022.03.04 00:50:01.658,1.10152,1.10156,0.12,0.90
2022.03.04 00:50:01.761,1.10155,1.10159,0.12,2.43
2022.03.04 00:50:01.863,1.10157,1.10162,0.99,4.32
2022.03.04 00:50:01.965,1.10157,1.10161,0.12,0.90
2022.03.04 00:50:04.846,1.1016,1.10164,0.12,1.35
2022.03.04 00:50:05.050,1.1016,1.10163,0.12,1.35
2022.03.04 00:50:05.101,1.10155,1.10158,2.34,0.90
2022.03.04 00:50:05.204,1.10152,1.10153,4.50,0.90
2022.03.04 00:50:05.255,1.10149,1.10152,0.12,0.90
2022.03.04 00:50:05.357,1.10149,1.10153,0.12,1.80
2022.03.04 00:50:05.815,1.1015,1.10154,0.12,0.90
2022.03.04 00:50:06.190,1.1015,1.10155,1.44,1.35
2022.03.04 00:50:06.241,1.10152,1.10156,0.99,1.53
2022.03.04 00:50:06.343,1.10153,1.10157,0.99,0.45
2022.03.04 00:50:06.497,1.10151,1.10155,0.54,0.90
2022.03.04 00:50:06.650,1.10153,1.10154,0.12,0.45
2022.03.04 00:50:06.803,1.10152,1.10156,1.89,0.45
2022.03.04 00:50:06.906,1.10151,1.10154,0.12,2.70
2022.03.04 00:50:06.957,1.10149,1.10154,0.99,1.80
2022.03.04 00:50:07.263,1.10145,1.10146,5.10,2.70
2022.03.04 00:50:07.366,1.10143,1.10146,0.99,1.80
2022.03.04 00:50:07.418,1.10144,1.10148,0.12,2.92
2022.03.04 00:50:07.520,1.10145,1.10149,0.12,1.12
2022.03.04 00:50:07.943,1.10146,1.1015,0.99,0.45
2022.03.04 00:50:08.045,1.10145,1.10149,0.12,0.90
2022.03.04 00:50:08.147,1.10145,1.1015,0.12,0.90
2022.03.04 00:50:08.300,1.10145,1.10149,0.12,2.70
2022.03.04 00:50:08.505,1.10146,1.1015,0.12,1.35
2022.03.04 00:50:10.673,1.10146,1.10151,0.99,0.90
2022.03.04 00:50:10.776,1.10149,1.10153,0.54,2.43
2022.03.04 00:50:10.878,1.10151,1.10153,0.12,1.53
2022.03.04 00:50:10.930,1.10152,1.10155,0.12,0.99
2022.03.04 00:50:11.033,1.10153,1.10155,0.12,0.90
2022.03.04 00:50:11.300,1.10153,1.10157,0.12,1.35
2022.03.04 00:50:11.887,1.10157,1.1016,0.54,1.53
2022.03.04 00:50:11.989,1.10157,1.10162,1.44,0.31
2022.03.04 00:50:12.092,1.10158,1.10162,0.12,1.12
2022.03.04 00:50:15.744,1.10158,1.1016,0.99,0.67
2022.03.04 00:50:15.847,1.10156,1.10161,0.12,2.47
2022.03.04 00:50:15.898,1.10155,1.10159,0.12,0.90
2022.03.04 00:50:16.052,1.10156,1.1016,0.12,1.12
2022.03.04 00:50:16.154,1.10155,1.1016,0.12,2.02
2022.03.04 00:50:17.028,1.10156,1.1016,0.12,0.22
2022.03.04 00:50:18.140,1.10156,1.10158,0.12,0.90
2022.03.04 00:50:18.751,1.10156,1.10159,0.45,0.90
2022.03.04 00:50:18.854,1.10157,1.1016,0.54,1.53
2022.03.04 00:50:18.956,1.10158,1.10161,0.12,1.35
2022.03.04 00:50:19.110,1.10157,1.10161,0.12,1.57
2022.03.04 00:50:20.643,1.10158,1.10161,0.12,0.45
2022.03.04 00:50:21.204,1.10158,1.10162,0.12,1.35
2022.03.04 00:50:21.255,1.10162,1.10164,1.80,0.90
2022.03.04 00:50:21.359,1.10165,1.10169,0.99,0.90
2022.03.04 00:50:21.462,1.10166,1.10171,0.99,0.90
2022.03.04 00:50:21.564,1.10168,1.10171,0.99,0.45
2022.03.04 00:50:21.717,1.10168,1.10173,1.44,0.90
2022.03.04 00:50:21.820,1.10169,1.10174,0.99,1.35
2022.03.04 00:50:22.186,1.1017,1.10175,0.76,0.90
2022.03.04 00:50:22.237,1.10173,1.10177,0.99,1.53
2022.03.04 00:50:22.340,1.10173,1.10178,0.99,0.90
2022.03.04 00:50:22.492,1.10174,1.10178,0.12,0.90
2022.03.04 00:50:22.595,1.10175,1.1018,0.12,2.70
2022.03.04 00:50:22.748,1.10176,1.10181,1.89,0.90
2022.03.04 00:50:22.850,1.10176,1.10182,0.99,2.43
2022.03.04 00:50:22.907,1.10178,1.10183,0.99,2.43
2022.03.04 00:50:24.708,1.10178,1.1018,0.99,0.90
2022.03.04 00:50:24.760,1.10176,1.10178,0.12,3.15
2022.03.04 00:50:24.811,1.10173,1.10175,0.90,1.57
2022.03.04 00:50:24.914,1.10172,1.10174,4.50,0.90
2022.03.04 00:50:25.016,1.10169,1.10174,0.90,1.80
2022.03.04 00:50:25.118,1.10168,1.10173,0.90,0.90
2022.03.04 00:50:25.220,1.10169,1.10174,1.35,1.80
2022.03.04 00:50:25.449,1.10169,1.10173,1.35,0.90
2022.03.04 00:50:25.552,1.10164,1.10166,0.45,2.02
2022.03.04 00:50:25.603,1.10162,1.10166,4.59,2.70
2022.03.04 00:50:25.706,1.1016,1.10165,2.70,0.90
2022.03.04 00:50:26.575,1.10159,1.10162,0.12,1.80
2022.03.04 00:50:26.677,1.10156,1.10162,0.90,2.70
2022.03.04 00:50:26.729,1.10154,1.1016,2.79,0.90
2022.03.04 00:50:26.831,1.10156,1.1016,0.90,0.90
2022.03.04 00:50:26.933,1.10157,1.1016,0.90,0.90
2022.03.04 00:50:27.660,1.1016,1.10163,0.45,0.99
2022.03.04 00:50:27.713,1.10163,1.10167,0.12,0.90
2022.03.04 00:50:27.815,1.10165,1.10168,0.99,1.53
2022.03.04 00:50:27.918,1.10165,1.1017,1.21,0.90
2022.03.04 00:50:27.970,1.10168,1.10173,0.99,1.53
2022.03.04 00:50:28.072,1.10169,1.10173,0.90,1.53
2022.03.04 00:50:28.123,1.10165,1.10169,0.99,0.45
2022.03.04 00:50:28.226,1.10162,1.10167,3.24,1.12
2022.03.04 00:50:28.329,1.10162,1.10164,2.25,0.45
2022.03.04 00:50:28.380,1.10158,1.10162,0.12,1.80
2022.03.04 00:50:28.432,1.10159,1.10164,0.12,1.80
2022.03.04 00:50:29.059,1.1016,1.10164,0.12,0.90
2022.03.04 00:50:29.569,1.10162,1.10165,0.99,0.22
2022.03.04 00:50:29.671,1.10162,1.10167,0.90,1.12
2022.03.04 00:50:30.192,1.10162,1.10164,0.12,1.12
2022.03.04 00:50:30.294,1.10161,1.10166,0.99,1.80
2022.03.04 00:50:32.358,1.10163,1.10167,0.90,1.53
2022.03.04 00:50:32.511,1.10164,1.10167,0.90,1.53
2022.03.04 00:50:32.563,1.10164,1.10169,0.90,0.90
2022.03.04 00:50:33.395,1.10167,1.10171,0.90,2.43
2022.03.04 00:50:33.550,1.10166,1.10171,0.99,1.53
2022.03.04 00:50:33.652,1.10166,1.10172,0.99,1.12
2022.03.04 00:50:33.907,1.10167,1.10173,0.90,2.02
2022.03.04 00:50:34.010,1.10166,1.10172,0.99,0.90
2022.03.04 00:50:35.314,1.10168,1.10173,0.90,0.90
2022.03.04 00:50:35.416,1.10169,1.10174,0.90,3.10
2022.03.04 00:50:35.569,1.10168,1.10173,0.90,1.12
2022.03.04 00:50:36.401,1.10169,1.10174,0.90,1.12
2022.03.04 00:50:36.605,1.10171,1.10175,0.90,0.22
2022.03.04 00:50:36.707,1.1017,1.10175,0.99,0.90
2022.03.04 00:50:36.809,1.10171,1.10176,0.90,0.22
2022.03.04 00:50:37.168,1.10172,1.10176,0.90,2.56
2022.03.04 00:50:37.270,1.10169,1.10175,0.99,1.80
2022.03.04 00:50:37.372,1.10169,1.10174,0.90,1.80
2022.03.04 00:50:38.393,1.10164,1.10166,2.25,1.80
2022.03.04 00:50:38.495,1.10162,1.10165,4.50,5.94
2022.03.04 00:50:38.648,1.10159,1.10164,0.90,0.90
2022.03.04 00:50:40.110,1.10159,1.10163,0.90,0.90
2022.03.04 00:50:40.212,1.10159,1.10164,0.90,2.02
2022.03.04 00:50:40.467,1.10158,1.10164,0.99,2.02
2022.03.04 00:50:40.569,1.10158,1.10163,0.99,0.22
2022.03.04 00:50:40.925,1.10158,1.10164,0.99,1.57
2022.03.04 00:50:42.206,1.10159,1.10162,0.99,0.22
2022.03.04 00:50:43.080,1.10158,1.10162,0.99,0.22
2022.03.04 00:50:43.183,1.10157,1.1016,0.99,0.22
2022.03.04 00:50:43.687,1.10156,1.10162,0.99,1.80
2022.03.04 00:50:44.759,1.10157,1.10162,0.45,0.90
2022.03.04 00:50:44.811,1.10159,1.10164,0.90,2.88
2022.03.04 00:50:44.923,1.10159,1.10163,0.90,0.45
2022.03.04 00:50:45.586,1.10158,1.10164,1.89,3.37
2022.03.04 00:50:45.802,1.10158,1.10163,1.89,0.45
2022.03.04 00:50:46.664,1.10159,1.10164,0.90,1.44
2022.03.04 00:50:46.766,1.10159,1.10163,0.90,0.45
2022.03.04 00:50:46.919,1.10159,1.10164,1.12,0.12
2022.03.04 00:50:47.022,1.10159,1.10165,1.21,1.89
2022.03.04 00:50:47.124,1.10161,1.10166,0.90,0.99
2022.03.04 00:50:48.666,1.10165,1.10167,1.21,1.53
2022.03.04 00:50:48.718,1.10168,1.10171,1.12,7.29
2022.03.04 00:50:48.820,1.1017,1.10171,0.90,4.50
2022.03.04 00:50:48.923,1.10167,1.10172,0.90,1.89
2022.03.04 00:50:49.289,1.10167,1.10173,0.90,2.34
2022.03.04 00:50:51.173,1.10169,1.10174,0.90,1.80
2022.03.04 00:50:52.686,1.10171,1.10176,0.90,4.23
2022.03.04 00:50:52.890,1.10171,1.10177,0.90,3.24
2022.03.04 00:50:53.410,1.10174,1.10176,0.22,0.90
2022.03.04 00:50:53.461,1.10174,1.1018,0.90,3.42
2022.03.04 00:50:54.502,1.10174,1.10179,0.90,0.90
2022.03.04 00:50:54.553,1.10172,1.10177,0.99,0.90
2022.03.04 00:50:54.656,1.10171,1.10175,1.21,0.90
2022.03.04 00:50:54.758,1.1017,1.10175,0.90,0.90
2022.03.04 00:50:54.962,1.10171,1.10176,0.90,1.89
2022.03.04 00:50:55.785,1.10174,1.10178,0.90,1.53
2022.03.04 00:50:55.938,1.10174,1.10179,0.90,2.70
2022.03.04 00:50:56.359,1.10173,1.10177,0.90,0.90
2022.03.04 00:50:56.462,1.10171,1.10176,0.90,0.90
2022.03.04 00:50:56.564,1.10169,1.10175,2.11,2.25
2022.03.04 00:50:56.667,1.10169,1.10174,1.12,1.80
2022.03.04 00:50:57.107,1.10168,1.10173,1.89,0.90
2022.03.04 00:50:57.821,1.10166,1.10172,0.99,3.15
2022.03.04 00:50:57.974,1.10166,1.10171,0.90,0.45
2022.03.04 00:50:58.077,1.10165,1.1017,1.12,1.89
2022.03.04 00:51:00.932,1.10164,1.1017,0.99,2.79
2022.03.04 00:51:01.422,1.10165,1.1017,0.90,1.89
2022.03.04 00:51:01.524,1.10166,1.10171,0.90,0.99
2022.03.04 00:51:03.777,1.1017,1.10172,1.12,1.53
2022.03.04 00:51:03.879,1.1017,1.10175,1.12,3.87
2022.03.04 00:51:04.977,1.10171,1.10176,0.90,1.89
2022.03.04 00:51:05.380,1.10171,1.10173,0.90,0.90
2022.03.04 00:51:05.431,1.10171,1.10176,0.90,3.82
2022.03.04 00:51:05.534,1.1017,1.10174,0.90,1.80
2022.03.04 00:51:05.737,1.10169,1.10174,0.99,2.02
2022.03.04 00:51:05.851,1.1017,1.10174,0.90,2.02
2022.03.04 00:51:06.110,1.10167,1.10172,0.99,1.80
2022.03.04 00:51:06.212,1.10168,1.10173,0.99,0.90
2022.03.04 00:51:06.264,1.10168,1.1017,0.99,0.22
2022.03.04 00:51:06.315,1.10166,1.1017,0.99,1.44
2022.03.04 00:51:06.820,1.10165,1.1017,0.90,0.99
2022.03.04 00:51:07.024,1.10164,1.1017,0.99,0.99
2022.03.04 00:51:07.177,1.10166,1.10169,0.90,0.99
2022.03.04 00:51:11.589,1.10164,1.10169,0.99,0.90
2022.03.04 00:51:11.806,1.10169,1.10173,1.80,1.53
2022.03.04 00:51:11.960,1.1017,1.10173,0.12,1.53
2022.03.04 00:51:12.011,1.1017,1.10175,0.12,0.90
2022.03.04 00:51:13.530,1.1017,1.10174,0.12,0.90
2022.03.04 00:51:13.581,1.10167,1.10169,3.15,0.90
2022.03.04 00:51:13.684,1.10165,1.10169,5.40,0.90
2022.03.04 00:51:13.786,1.10164,1.10168,0.99,0.90
2022.03.04 00:51:14.756,1.10163,1.10167,0.12,0.90
2022.03.04 00:51:14.858,1.10164,1.10169,0.12,0.90
2022.03.04 00:51:15.774,1.10165,1.1017,0.54,0.90
2022.03.04 00:51:15.876,1.10166,1.1017,0.12,0.90
2022.03.04 00:51:15.978,1.10166,1.10171,0.12,0.90
2022.03.04 00:51:16.430,1.10167,1.10172,0.54,0.90
2022.03.04 00:51:16.533,1.10167,1.10171,0.12,0.90
2022.03.04 00:51:16.685,1.10167,1.1017,0.12,0.90
2022.03.04 00:51:16.838,1.10165,1.1017,1.44,0.90
2022.03.04 00:51:16.941,1.10166,1.1017,0.54,0.90
2022.03.04 00:51:16.992,1.10168,1.10172,0.99,0.90
2022.03.04 00:51:17.095,1.10169,1.10173,0.99,0.90
2022.03.04 00:51:17.197,1.10169,1.10174,1.89,0.90
2022.03.04 00:51:17.299,1.1017,1.10175,0.12,0.90
2022.03.04 00:51:17.503,1.10171,1.10175,0.12,0.90
2022.03.04 00:51:17.724,1.1017,1.10175,0.12,0.90
2022.03.04 00:51:17.827,1.10169,1.10173,0.12,0.90
2022.03.04 00:51:18.953,1.10167,1.10172,0.12,0.90
2022.03.04 00:51:19.105,1.10167,1.10171,0.12,0.90
2022.03.04 00:51:19.863,1.10166,1.10171,0.12,0.90
2022.03.04 00:51:20.093,1.10165,1.1017,0.99,0.90
2022.03.04 00:51:20.246,1.10164,1.10168,0.12,0.90
2022.03.04 00:51:20.399,1.10163,1.10167,0.90,0.90
2022.03.04 00:51:20.502,1.10162,1.10166,0.12,0.90
2022.03.04 00:51:20.930,1.10163,1.10168,0.99,0.90
2022.03.04 00:51:22.343,1.10162,1.10166,0.12,0.90
2022.03.04 00:51:22.445,1.10161,1.10166,0.99,0.90
2022.03.04 00:51:23.391,1.10162,1.10167,1.44,0.90
2022.03.04 00:51:23.493,1.10163,1.10168,0.99,0.90
2022.03.04 00:51:23.595,1.10163,1.10167,0.12,0.90
2022.03.04 00:51:23.697,1.10162,1.10166,0.12,0.90
2022.03.04 00:51:24.003,1.10161,1.10165,0.12,0.90
2022.03.04 00:51:24.105,1.1016,1.10165,0.12,0.90
2022.03.04 00:51:24.208,1.10159,1.10164,1.89,0.90
2022.03.04 00:51:24.361,1.10157,1.10161,2.34,0.90
2022.03.04 00:51:24.463,1.10156,1.10161,0.12,0.90
2022.03.04 00:51:24.565,1.10155,1.10159,2.34,0.90
2022.03.04 00:51:24.718,1.10154,1.10159,0.12,0.90
2022.03.04 00:51:24.871,1.10154,1.10158,0.12,0.90
2022.03.04 00:51:25.782,1.10154,1.10159,0.99,0.90
2022.03.04 00:51:25.884,1.10155,1.1016,0.12,1.35
2022.03.04 00:51:27.355,1.10158,1.10162,1.44,1.53
2022.03.04 00:51:27.458,1.1016,1.10165,0.12,0.90
2022.03.04 00:51:27.560,1.1016,1.10166,1.89,1.35
2022.03.04 00:51:27.713,1.10161,1.10166,0.12,0.90
2022.03.04 00:51:27.815,1.1016,1.10166,2.79,0.90
2022.03.04 00:51:28.731,1.10159,1.10162,0.99,2.70
2022.03.04 00:51:28.834,1.10157,1.10161,4.95,0.99
2022.03.04 00:51:28.886,1.10157,1.10158,4.12,0.90
2022.03.04 00:51:28.937,1.10152,1.10154,2.70,1.80
2022.03.04 00:51:29.040,1.10151,1.10153,2.25,0.90
2022.03.04 00:51:29.091,1.10152,1.10157,1.89,0.90
2022.03.04 00:51:29.194,1.10151,1.10156,3.01,0.90
2022.03.04 00:51:29.296,1.10151,1.10157,1.21,0.90
2022.03.04 00:51:29.410,1.10151,1.10156,0.99,0.90
2022.03.04 00:51:30.119,1.10153,1.10158,0.99,0.90
2022.03.04 00:51:30.927,1.10154,1.10158,0.45,0.90
2022.03.04 00:51:30.979,1.10155,1.1016,0.45,1.80
2022.03.04 00:51:31.132,1.10154,1.10159,3.91,0.90
2022.03.04 00:51:31.438,1.10153,1.10157,0.12,0.90
2022.03.04 00:51:31.997,1.10154,1.10158,0.12,0.90
2022.03.04 00:51:32.100,1.10155,1.10158,0.31,0.99
2022.03.04 00:51:32.253,1.10156,1.10158,0.45,0.99
2022.03.04 00:51:32.355,1.10157,1.10161,0.90,0.90
2022.03.04 00:51:32.458,1.10155,1.1016,0.31,0.99
2022.03.04 00:51:32.560,1.10154,1.10159,0.12,1.21
2022.03.04 00:51:32.663,1.10154,1.10156,2.34,0.90
2022.03.04 00:51:32.836,1.10152,1.10157,0.99,0.99
2022.03.04 00:51:33.049,1.10154,1.10158,0.12,0.90
2022.03.04 00:51:33.152,1.10155,1.10159,0.12,0.90
2022.03.04 00:51:33.254,1.10151,1.10153,3.15,0.90
2022.03.04 00:51:33.306,1.10151,1.10155,2.25,0.90
2022.03.04 00:51:33.357,1.1015,1.10153,0.54,2.70
2022.03.04 00:51:33.561,1.10149,1.10153,1.35,1.57
2022.03.04 00:51:33.613,1.10147,1.10153,1.44,1.80
2022.03.04 00:51:33.715,1.10148,1.10154,1.21,0.90
2022.03.04 00:51:36.680,1.10151,1.10155,0.12,0.90
2022.03.04 00:51:36.782,1.10152,1.10156,0.99,1.53
2022.03.04 00:51:36.885,1.10154,1.10158,0.12,0.90
2022.03.04 00:51:37.190,1.10154,1.10159,0.12,0.99
2022.03.04 00:51:37.807,1.10154,1.10158,0.12,0.90
2022.03.04 00:51:39.344,1.10152,1.10157,0.99,0.99
2022.03.04 00:51:42.790,1.10154,1.10157,0.99,0.99
2022.03.04 00:51:43.279,1.10155,1.1016,0.54,0.90
2022.03.04 00:51:43.433,1.10154,1.10159,1.44,0.90
2022.03.04 00:51:43.687,1.10152,1.10156,3.24,0.90
2022.03.04 00:51:43.739,1.10153,1.10158,0.12,0.99
2022.03.04 00:51:45.843,1.10154,1.10159,0.12,0.99
2022.03.04 00:51:45.996,1.10153,1.10158,0.12,0.99
2022.03.04 00:51:46.098,1.10152,1.10157,0.99,0.12
2022.03.04 00:51:47.125,1.10156,1.1016,2.02,0.54
2022.03.04 00:51:47.227,1.10157,1.10161,4.14,0.90
2022.03.04 00:51:47.330,1.10157,1.10162,3.24,1.53
2022.03.04 00:51:47.382,1.10158,1.10164,0.99,1.80
2022.03.04 00:51:47.484,1.10158,1.10163,0.99,0.90
2022.03.04 00:51:47.586,1.1016,1.10163,0.90,0.90
2022.03.04 00:51:47.689,1.10162,1.10167,0.90,1.89
2022.03.04 00:51:48.909,1.10161,1.10166,0.12,0.99
2022.03.04 00:51:49.312,1.1016,1.10165,1.44,0.12
2022.03.04 00:51:49.415,1.10159,1.10161,0.12,1.80
2022.03.04 00:51:49.517,1.10158,1.1016,2.25,1.44
2022.03.04 00:51:49.569,1.10155,1.10159,4.59,0.90
2022.03.04 00:51:49.671,1.10154,1.10159,0.12,1.89
2022.03.04 00:51:49.773,1.10153,1.10158,1.89,0.12
2022.03.04 00:51:52.392,1.10152,1.10157,0.12,2.79
2022.03.04 00:51:52.799,1.1015,1.10155,1.89,0.12
2022.03.04 00:51:52.902,1.10151,1.10155,1.35,0.12
2022.03.04 00:51:53.134,1.10155,1.10157,0.45,0.99
2022.03.04 00:51:53.185,1.10157,1.1016,1.89,1.53
2022.03.04 00:51:53.237,1.10158,1.10163,0.99,0.12
2022.03.04 00:51:53.733,1.1016,1.10164,0.90,0.12
2022.03.04 00:51:53.835,1.1016,1.10165,0.12,2.79
2022.03.04 00:51:53.988,1.1016,1.10164,0.12,0.90
2022.03.04 00:51:54.091,1.10159,1.10164,0.99,0.99
2022.03.04 00:51:54.244,1.10162,1.10167,0.99,0.99
2022.03.04 00:51:54.346,1.10163,1.10168,0.99,0.99
2022.03.04 00:51:54.785,1.10167,1.10169,1.35,0.90
2022.03.04 00:51:54.837,1.10169,1.10172,0.22,1.53
2022.03.04 00:51:54.888,1.1017,1.10175,2.34,0.12
2022.03.04 00:51:54.991,1.10169,1.10174,0.99,0.99
2022.03.04 00:51:55.246,1.10169,1.10173,0.90,0.12
2022.03.04 00:51:55.839,1.1017,1.10174,0.90,0.12
2022.03.04 00:51:55.941,1.10169,1.10174,1.44,0.12
2022.03.04 00:51:56.246,1.10169,1.10175,2.11,1.35
2022.03.04 00:51:56.399,1.10169,1.10174,1.21,0.12
2022.03.04 00:51:56.697,1.10168,1.10173,1.21,0.99
2022.03.04 00:51:58.040,1.10169,1.10174,0.12,0.99
2022.03.04 00:51:58.142,1.1017,1.10175,0.12,0.99
2022.03.04 00:51:58.346,1.10173,1.10174,0.90,0.12
2022.03.04 00:51:58.397,1.10172,1.10177,0.90,4.14
2022.03.04 00:51:58.551,1.10171,1.10176,0.12,0.99
2022.03.04 00:51:58.653,1.10169,1.10174,1.21,0.12
2022.03.04 00:51:59.937,1.10173,1.10177,1.21,1.53
2022.03.04 00:52:00.141,1.10173,1.10178,0.99,0.99
2022.03.04 00:52:02.625,1.10172,1.10177,0.12,1.89
2022.03.04 00:52:02.727,1.1017,1.10174,0.12,0.90
2022.03.04 00:52:02.830,1.10169,1.10173,2.34,0.90
2022.03.04 00:52:03.169,1.10165,1.1017,2.25,0.90
2022.03.04 00:52:03.271,1.10165,1.10169,2.25,0.90
2022.03.04 00:52:03.374,1.10167,1.10172,0.99,2.52
2022.03.04 00:52:03.476,1.10166,1.10171,0.99,0.99
2022.03.04 00:52:04.330,1.10168,1.10173,0.99,0.99
2022.03.04 00:52:04.433,1.10169,1.10174,0.12,1.44
2022.03.04 00:52:09.788,1.10167,1.10171,0.12,0.90
2022.03.04 00:52:09.890,1.10166,1.10171,0.31,2.25
2022.03.04 00:52:09.993,1.10166,1.1017,0.22,0.90
2022.03.04 00:52:11.208,1.10162,1.10164,2.70,0.90
2022.03.04 00:52:11.260,1.10159,1.10161,7.20,0.90
2022.03.04 00:52:11.311,1.10156,1.10159,1.12,0.90
2022.03.04 00:52:11.414,1.10155,1.10159,2.25,0.90
2022.03.04 00:52:11.516,1.10154,1.10159,1.21,0.90
2022.03.04 00:52:11.771,1.10155,1.10159,2.02,0.90
2022.03.04 00:52:11.822,1.10157,1.1016,0.45,0.45
2022.03.04 00:52:11.874,1.10154,1.10159,0.31,0.90
2022.03.04 00:52:11.976,1.10155,1.10159,0.12,0.90
2022.03.04 00:52:12.129,1.10154,1.10159,0.12,1.35
2022.03.04 00:52:13.051,1.10155,1.10159,0.90,0.90
2022.03.04 00:52:13.205,1.10155,1.10158,1.89,0.90
2022.03.04 00:52:13.357,1.10154,1.10158,1.89,0.45
2022.03.04 00:52:14.955,1.10158,1.1016,1.80,2.43
2022.03.04 00:52:15.057,1.10158,1.10162,0.12,1.80
2022.03.04 00:52:15.109,1.10159,1.10164,0.12,2.88
2022.03.04 00:52:15.286,1.1016,1.10164,0.12,0.90
2022.03.04 00:52:15.490,1.10159,1.10164,0.12,1.35
2022.03.04 00:52:15.745,1.1016,1.10164,0.12,0.45
2022.03.04 00:52:15.847,1.10163,1.10167,0.54,1.53
2022.03.04 00:52:15.950,1.10163,1.10168,1.21,0.90
2022.03.04 00:52:16.477,1.10164,1.10168,1.21,0.99
2022.03.04 00:52:19.842,1.10167,1.10171,0.45,2.43
2022.03.04 00:52:19.945,1.10168,1.10173,0.99,2.43
2022.03.04 00:52:20.914,1.10169,1.10174,0.90,0.90
2022.03.04 00:52:21.016,1.10168,1.10174,2.11,0.90
2022.03.04 00:52:21.949,1.1017,1.10174,0.90,0.90
2022.03.04 00:52:22.051,1.10169,1.10174,0.12,0.90
2022.03.04 00:52:22.625,1.10168,1.10174,0.99,1.80
2022.03.04 00:52:22.727,1.10168,1.10173,0.99,0.90
2022.03.04 00:52:23.553,1.10165,1.10169,2.70,0.90
2022.03.04 00:52:23.656,1.10165,1.10168,2.25,0.90
2022.03.04 00:52:23.707,1.10163,1.10168,1.89,0.90
2022.03.04 00:52:23.810,1.10163,1.10167,0.54,0.90
2022.03.04 00:52:23.963,1.10162,1.10167,0.99,0.90
2022.03.04 00:52:24.464,1.1016,1.10164,0.12,0.90
2022.03.04 00:52:24.567,1.10159,1.10164,0.12,1.80
2022.03.04 00:52:24.872,1.10159,1.10163,0.12,0.90
2022.03.04 00:52:27.795,1.10158,1.10163,0.99,0.90
2022.03.04 00:52:28.126,1.10158,1.1016,0.90,0.67
2022.03.04 00:52:28.178,1.10154,1.10156,5.06,1.84
2022.03.04 00:52:28.229,1.10149,1.10151,2.70,1.12
2022.03.04 00:52:28.281,1.10151,1.10152,4.50,1.12
2022.03.04 00:52:28.383,1.10148,1.10153,3.24,2.47
2022.03.04 00:52:28.486,1.10149,1.10154,1.35,0.22
2022.03.04 00:52:28.589,1.10151,1.10155,0.12,0.90
2022.03.04 00:52:28.640,1.10149,1.10155,0.90,1.12
2022.03.04 00:52:28.742,1.10149,1.10154,0.90,0.90
2022.03.04 00:52:30.462,1.10149,1.10153,0.99,1.12
2022.03.04 00:52:30.564,1.10149,1.10154,0.99,0.22
2022.03.04 00:52:30.667,1.10148,1.10153,0.99,1.35
2022.03.04 00:52:31.565,1.10148,1.10152,0.99,0.22
2022.03.04 00:52:31.667,1.10145,1.1015,0.12,1.12
2022.03.04 00:52:31.770,1.10144,1.10149,0.99,1.12
2022.03.04 00:52:31.872,1.10144,1.10148,0.99,0.22
2022.03.04 00:52:31.974,1.10143,1.10148,0.99,1.12
2022.03.04 00:52:33.707,1.10142,1.10146,0.12,0.90
2022.03.04 00:52:33.810,1.1014,1.10145,3.69,0.90
2022.03.04 00:52:33.912,1.10139,1.10145,0.99,1.66
2022.03.04 00:52:35.719,1.1014,1.10145,1.44,0.45
2022.03.04 00:52:35.873,1.10141,1.10146,0.99,0.90
2022.03.04 00:52:35.975,1.10141,1.10145,0.90,0.22
2022.03.04 00:52:36.077,1.1014,1.10145,0.99,1.57
2022.03.04 00:52:36.358,1.10143,1.10147,0.90,1.53
2022.03.04 00:52:36.461,1.10143,1.10148,0.99,0.67
2022.03.04 00:52:36.512,1.10144,1.1015,1.44,3.55
2022.03.04 00:52:36.614,1.10145,1.10148,0.99,0.90
2022.03.04 00:52:36.818,1.10143,1.10149,0.99,1.12
2022.03.04 00:52:37.402,1.10145,1.10148,0.99,0.90
2022.03.04 00:52:37.504,1.10144,1.1015,0.99,1.57
2022.03.04 00:52:37.555,1.10146,1.10152,2.34,1.57
2022.03.04 00:52:37.657,1.10145,1.10151,1.89,1.12
2022.03.04 00:52:38.687,1.10146,1.10151,0.45,0.90
2022.03.04 00:52:39.039,1.10149,1.10151,0.45,0.90
2022.03.04 00:52:39.090,1.10149,1.10154,0.99,2.65
2022.03.04 00:52:39.294,1.1015,1.10154,0.90,0.22
2022.03.04 00:52:39.396,1.1015,1.10155,0.90,1.21
2022.03.04 00:52:39.651,1.10151,1.10155,0.99,1.21
2022.03.04 00:52:39.753,1.1015,1.10155,0.99,2.92
2022.03.04 00:52:39.805,1.10148,1.10153,0.12,0.90
2022.03.04 00:52:40.216,1.10149,1.10154,1.44,0.67
2022.03.04 00:52:40.624,1.10148,1.10153,0.12,0.90
2022.03.04 00:52:40.726,1.10147,1.10151,0.12,0.90
2022.03.04 00:52:40.828,1.10146,1.10151,1.44,0.90
2022.03.04 00:52:43.641,1.10146,1.10152,0.99,0.90
2022.03.04 00:52:44.438,1.10152,1.10156,1.80,0.90
2022.03.04 00:52:44.540,1.10149,1.10153,0.76,0.90
2022.03.04 00:52:44.642,1.10149,1.10154,0.99,0.90
2022.03.04 00:52:45.411,1.10147,1.10152,0.99,0.90
2022.03.04 00:52:45.513,1.10146,1.10151,1.44,0.90
2022.03.04 00:52:46.902,1.10144,1.1015,2.56,0.90
2022.03.04 00:52:47.115,1.10148,1.10153,0.90,2.88
2022.03.04 00:52:47.217,1.1015,1.10152,0.90,0.45
2022.03.04 00:52:47.472,1.10151,1.10156,0.22,0.90
2022.03.04 00:52:47.574,1.10152,1.10156,1.12,2.97
2022.03.04 00:52:47.676,1.10151,1.10156,1.12,0.90
2022.03.04 00:52:47.931,1.1015,1.10156,1.21,2.25
2022.03.04 00:52:48.033,1.10152,1.10154,0.22,0.90
2022.03.04 00:52:48.160,1.1015,1.10155,0.99,0.90
2022.03.04 00:52:48.211,1.10148,1.10154,1.66,0.90
2022.03.04 00:52:48.364,1.10148,1.10153,2.56,0.90
2022.03.04 00:52:48.415,1.1015,1.10155,0.90,1.35
2022.03.04 00:52:48.568,1.10151,1.10156,0.90,1.35
2022.03.04 00:52:48.670,1.10151,1.10155,1.44,1.35
2022.03.04 00:52:48.772,1.1015,1.10155,0.99,0.90
2022.03.04 00:52:49.077,1.1015,1.10154,0.99,0.90
2022.03.04 00:52:49.129,1.10149,1.10152,0.99,1.80
2022.03.04 00:52:49.232,1.10148,1.1015,2.25,0.90
2022.03.04 00:52:49.336,1.10146,1.1015,0.12,0.90
2022.03.04 00:52:49.787,1.10149,1.10154,0.90,2.97
2022.03.04 00:52:49.940,1.1015,1.10155,0.90,0.90
2022.03.04 00:52:51.476,1.10153,1.10157,0.90,1.35
2022.03.04 00:52:51.579,1.10151,1.10156,1.12,0.90
2022.03.04 00:52:51.681,1.10151,1.10157,0.99,0.90
2022.03.04 00:52:51.834,1.1015,1.10156,0.99,0.90
2022.03.04 00:52:52.038,1.10151,1.10154,0.90,0.90
2022.03.04 00:52:52.293,1.10149,1.10155,0.99,1.35
2022.03.04 00:52:52.413,1.10148,1.10153,0.99,0.90
2022.03.04 00:52:52.516,1.10147,1.10153,0.90,0.99
2022.03.04 00:52:52.618,1.10146,1.10152,3.15,0.90
2022.03.04 00:52:56.456,1.10149,1.10153,0.90,1.53
2022.03.04 00:52:56.660,1.10149,1.10155,0.99,0.90
2022.03.04 00:52:57.134,1.1015,1.10153,0.90,1.35
2022.03.04 00:52:57.236,1.10146,1.10152,4.14,0.90
2022.03.04 00:52:58.886,1.1015,1.10152,0.90,1.75
2022.03.04 00:52:59.291,1.10148,1.10152,0.90,0.22
2022.03.04 00:52:59.393,1.10147,1.10152,0.90,2.02
2022.03.04 00:53:01.391,1.10146,1.10152,0.90,0.90
2022.03.04 00:53:01.493,1.10145,1.10151,0.99,3.69
2022.03.04 00:53:01.595,1.10146,1.10151,0.90,1.89
2022.03.04 00:53:01.698,1.10145,1.10151,0.99,2.79
2022.03.04 00:53:03.667,1.10146,1.10151,0.90,0.99
2022.03.04 00:53:03.869,1.10146,1.10152,0.99,0.99
2022.03.04 00:53:03.971,1.1015,1.10153,0.90,1.53
2022.03.04 00:53:04.124,1.10151,1.10154,0.90,2.11
2022.03.04 00:53:04.488,1.1015,1.10153,0.90,3.01
2022.03.04 00:53:04.744,1.10149,1.10155,0.99,1.89
2022.03.04 00:53:04.846,1.10151,1.10156,0.90,2.88
2022.03.04 00:53:05.671,1.10151,1.10155,0.90,0.45
2022.03.04 00:53:05.942,1.10152,1.10155,0.90,1.80
2022.03.04 00:53:07.180,1.10151,1.10155,0.90,0.90
2022.03.04 00:53:07.282,1.10151,1.10156,0.90,1.80
2022.03.04 00:53:07.384,1.10151,1.10155,0.90,0.45
2022.03.04 00:53:07.487,1.10151,1.10156,0.90,2.25
2022.03.04 00:53:07.691,1.10151,1.10155,0.90,0.54
2022.03.04 00:53:07.742,1.1015,1.10154,0.99,1.89
2022.03.04 00:53:08.166,1.10149,1.10154,0.99,0.90
2022.03.04 00:53:08.577,1.10149,1.10155,0.99,4.32
2022.03.04 00:53:08.731,1.1015,1.10156,0.90,1.80
2022.03.04 00:53:08.833,1.10152,1.10156,0.90,1.80
2022.03.04 00:53:09.339,1.10152,1.10154,0.90,0.54
2022.03.04 00:53:09.442,1.10152,1.10154,0.90,0.45
2022.03.04 00:53:11.246,1.10152,1.10155,0.90,3.91
2022.03.04 00:53:11.503,1.10152,1.10156,0.90,2.70
2022.03.04 00:53:12.539,1.10152,1.10154,1.80,2.02
2022.03.04 00:53:12.641,1.10152,1.10156,0.90,1.89
2022.03.04 00:53:12.744,1.10152,1.10155,0.90,2.92
2022.03.04 00:53:13.213,1.10152,1.10153,0.90,0.90
2022.03.04 00:53:14.623,1.10152,1.10155,0.90,1.80
2022.03.04 00:53:14.725,1.10152,1.10154,0.90,1.80
2022.03.04 00:53:15.777,1.10147,1.10153,0.99,2.70
2022.03.04 00:53:15.829,1.10151,1.10154,0.90,3.82
2022.03.04 00:53:17.425,1.10147,1.10152,0.99,0.90
2022.03.04 00:53:17.477,1.10145,1.1015,3.15,1.80
2022.03.04 00:53:17.681,1.10143,1.10147,0.45,0.90
2022.03.04 00:53:17.835,1.10144,1.10149,1.89,1.35
2022.03.04 00:53:17.887,1.10147,1.1015,0.90,0.67
2022.03.04 00:53:17.938,1.10144,1.1015,0.99,1.57
2022.03.04 00:53:18.048,1.10145,1.10148,0.99,0.90
2022.03.04 00:53:18.405,1.10143,1.10148,0.99,0.90
2022.03.04 00:53:19.140,1.10144,1.10149,0.90,2.02
2022.03.04 00:53:19.622,1.10143,1.10148,0.90,0.31
2022.03.04 00:53:19.724,1.10142,1.10147,0.12,2.02
2022.03.04 00:53:19.827,1.10143,1.10148,0.99,0.22
2022.03.04 00:53:19.929,1.10143,1.10149,0.99,4.09
2022.03.04 00:53:20.153,1.10143,1.10148,0.99,0.22
2022.03.04 00:53:22.049,1.10141,1.10146,0.90,0.90
2022.03.04 00:53:22.203,1.10141,1.10147,0.90,1.66
2022.03.04 00:53:22.305,1.10143,1.10148,0.90,1.66
2022.03.04 00:53:22.408,1.10143,1.10147,0.90,0.22
2022.03.04 00:53:22.612,1.10144,1.10149,0.90,2.02
2022.03.04 00:53:23.724,1.10141,1.10146,1.89,0.22
2022.03.04 00:53:23.826,1.10144,1.10146,0.90,1.12
2022.03.04 00:53:23.929,1.10143,1.10146,0.90,0.76
2022.03.04 00:53:24.031,1.10141,1.10147,0.99,3.01
2022.03.04 00:53:24.469,1.10141,1.10146,0.12,1.12
2022.03.04 00:53:25.027,1.10143,1.10145,0.90,0.22
2022.03.04 00:53:25.130,1.10142,1.10147,0.90,1.21
2022.03.04 00:53:25.334,1.10142,1.10146,0.90,0.22
2022.03.04 00:53:26.885,1.10141,1.10145,0.90,0.31
2022.03.04 00:53:26.987,1.1014,1.10145,0.99,0.31
2022.03.04 00:53:27.090,1.1014,1.10144,0.90,0.12
2022.03.04 00:53:27.192,1.10139,1.10144,0.99,0.31
2022.03.04 00:53:27.295,1.1014,1.10145,0.99,0.76
2022.03.04 00:53:27.397,1.10139,1.10144,0.90,2.11
2022.03.04 00:53:27.500,1.10138,1.10142,0.90,1.12
2022.03.04 00:53:27.602,1.10137,1.10142,0.90,1.21
2022.03.04 00:53:27.705,1.10134,1.10139,0.90,0.31
2022.03.04 00:53:27.807,1.10134,1.10135,0.99,0.22
2022.03.04 00:53:27.859,1.1013,1.10134,0.90,0.12
2022.03.04 00:53:27.961,1.10129,1.10134,0.90,2.11
2022.03.04 00:53:28.064,1.1013,1.10132,0.90,0.45
2022.03.04 00:53:28.217,1.10128,1.10133,0.90,1.44
2022.03.04 00:53:28.319,1.10126,1.10131,2.25,3.46
2022.03.04 00:53:28.421,1.10125,1.1013,0.99,0.22
2022.03.04 00:53:28.524,1.10125,1.10131,0.99,1.21
2022.03.04 00:53:30.169,1.10125,1.1013,0.99,0.22
2022.03.04 00:53:30.322,1.10125,1.10131,1.44,0.99
2022.03.04 00:53:30.425,1.10126,1.10131,0.90,0.12
2022.03.04 00:53:32.449,1.10129,1.10134,0.99,1.62
2022.03.04 00:53:32.551,1.1013,1.10134,0.99,1.53
2022.03.04 00:53:32.603,1.10131,1.10135,0.99,0.90
2022.03.04 00:53:35.129,1.1013,1.10135,0.99,0.12
2022.03.04 00:53:35.588,1.10129,1.10134,0.12,3.01
2022.03.04 00:53:35.690,1.10128,1.10133,1.89,0.12
2022.03.04 00:53:36.068,1.10127,1.10132,0.12,2.11
2022.03.04 00:53:36.171,1.10126,1.10131,0.12,1.21
2022.03.04 00:53:38.738,1.10129,1.10133,0.12,2.43
2022.03.04 00:53:38.841,1.1013,1.10133,0.90,1.53
2022.03.04 00:53:38.893,1.1013,1.10136,0.99,0.99
2022.03.04 00:53:38.995,1.10131,1.10136,0.12,0.90
2022.03.04 00:53:39.278,1.1013,1.10136,1.89,0.99
2022.03.04 00:53:39.625,1.10131,1.10136,0.90,0.99
2022.03.04 00:53:41.156,1.10133,1.10139,0.99,3.64
2022.03.04 00:53:42.513,1.10134,1.10139,0.90,0.12
2022.03.04 00:53:42.666,1.10136,1.1014,0.90,2.43
2022.03.04 00:53:42.769,1.10138,1.10142,0.90,0.67
2022.03.04 00:53:42.821,1.10136,1.10141,0.99,0.22
2022.03.04 00:53:43.871,1.10137,1.10141,0.90,0.31
2022.03.04 00:53:44.075,1.10136,1.10141,0.99,0.22
2022.03.04 00:53:44.840,1.10135,1.1014,0.99,0.22
2022.03.04 00:53:45.095,1.10132,1.10137,0.99,0.31
2022.03.04 00:53:45.248,1.10131,1.10137,0.90,2.11
2022.03.04 00:53:45.466,1.10131,1.10136,0.90,0.12
2022.03.04 00:53:45.795,1.1013,1.10135,0.90,1.80
2022.03.04 00:53:45.897,1.10129,1.10134,0.99,0.99
2022.03.04 00:53:46.000,1.10127,1.10132,1.44,0.12
2022.03.04 00:53:46.834,1.10129,1.10134,0.99,0.12
2022.03.04 00:53:46.988,1.1013,1.10135,0.12,0.99
2022.03.04 00:53:47.090,1.10129,1.10134,0.99,0.12
2022.03.04 00:53:48.253,1.10128,1.10133,0.12,0.99
2022.03.04 00:53:48.355,1.10126,1.10132,0.90,1.21
2022.03.04 00:53:48.623,1.1013,1.10132,0.90,0.12
2022.03.04 00:53:48.725,1.10131,1.10133,0.12,1.53
2022.03.04 00:53:48.828,1.10133,1.10139,0.99,1.89
2022.03.04 00:53:48.931,1.10134,1.1014,0.99,2.97
2022.03.04 00:53:49.186,1.10135,1.1014,0.90,0.12
2022.03.04 00:53:50.104,1.10134,1.10139,0.99,0.45
2022.03.04 00:53:50.257,1.10132,1.10137,3.24,0.12
2022.03.04 00:53:52.354,1.10133,1.10139,0.99,2.52
2022.03.04 00:53:52.507,1.10134,1.10139,0.90,0.12
2022.03.04 00:53:52.762,1.10133,1.10137,0.99,2.11
2022.03.04 00:53:52.864,1.10131,1.10137,0.99,2.56
2022.03.04 00:53:53.830,1.10131,1.10136,0.90,0.12
2022.03.04 00:53:55.063,1.1013,1.10136,0.99,0.99
2022.03.04 00:53:55.168,1.1013,1.10135,0.12,0.90
2022.03.04 00:53:55.442,1.10131,1.10135,0.12,0.90
2022.03.04 00:53:55.494,1.10131,1.10137,0.99,0.99
2022.03.04 00:53:55.597,1.10134,1.10138,0.12,0.90
2022.03.04 00:53:55.699,1.10134,1.10139,0.99,2.52
2022.03.04 00:53:55.802,1.10135,1.1014,0.12,0.99
2022.03.04 00:53:56.263,1.10137,1.10142,0.12,1.21
2022.03.04 00:53:56.365,1.10136,1.10141,0.12,0.99
2022.03.04 00:53:57.421,1.10136,1.1014,0.12,0.90
2022.03.04 00:53:57.523,1.10135,1.1014,0.12,0.99
2022.03.04 00:53:58.820,1.10137,1.10139,0.12,0.90
2022.03.04 00:53:59.895,1.10135,1.1014,0.99,1.89
2022.03.04 00:54:01.097,1.10134,1.10139,0.99,1.89
2022.03.04 00:54:01.301,1.10135,1.1014,0.12,0.99
2022.03.04 00:54:01.404,1.10138,1.10143,2.79,1.53
2022.03.04 00:54:01.506,1.10139,1.10144,0.12,0.90
2022.03.04 00:54:01.558,1.10144,1.10146,1.80,1.53
2022.03.04 00:54:01.609,1.10144,1.10149,0.12,1.21
2022.03.04 00:54:01.712,1.10145,1.10149,0.12,0.90
2022.03.04 00:54:01.975,1.10145,1.10147,0.12,0.90
2022.03.04 00:54:02.077,1.10142,1.10146,2.34,0.22
2022.03.04 00:54:02.180,1.10139,1.10142,0.99,2.02
2022.03.04 00:54:02.232,1.10135,1.10137,4.95,0.90
2022.03.04 00:54:02.335,1.10134,1.10138,2.25,0.90
2022.03.04 00:54:02.488,1.10134,1.10137,0.12,0.90
2022.03.04 00:54:02.692,1.10132,1.10138,2.79,1.21
2022.03.04 00:54:02.795,1.10133,1.10138,0.12,1.12
2022.03.04 00:54:02.897,1.10131,1.10136,0.12,1.12
2022.03.04 00:54:03.001,1.1013,1.10136,0.99,1.21
2022.03.04 00:54:03.842,1.10132,1.10136,0.90,0.90
2022.03.04 00:54:03.894,1.10133,1.10139,3.01,2.74
2022.03.04 00:54:03.997,1.10135,1.10139,0.12,0.90
2022.03.04 00:54:04.201,1.10136,1.10141,0.12,0.99
2022.03.04 00:54:04.509,1.10138,1.10143,1.44,0.12
2022.03.04 00:54:04.612,1.10138,1.1014,0.99,0.67
2022.03.04 00:54:04.664,1.10133,1.10136,0.90,2.02
2022.03.04 00:54:04.715,1.10136,1.10138,2.25,3.15
2022.03.04 00:54:04.767,1.10132,1.10134,0.85,0.90
2022.03.04 00:54:04.869,1.1013,1.10135,4.59,0.99
2022.03.04 00:54:04.973,1.10129,1.10133,0.90,0.90
2022.03.04 00:54:05.076,1.10128,1.10134,1.44,1.66
2022.03.04 00:54:06.462,1.10128,1.10133,0.12,0.90
2022.03.04 00:54:07.510,1.10129,1.10133,1.44,1.44
2022.03.04 00:54:07.638,1.10128,1.10131,1.44,0.90
2022.03.04 00:54:07.741,1.10126,1.1013,2.25,0.99
2022.03.04 00:54:07.843,1.10124,1.10129,1.44,0.90
2022.03.04 00:54:07.997,1.10126,1.10127,0.90,0.22
2022.03.04 00:54:08.099,1.10124,1.10128,0.12,0.90
2022.03.04 00:54:08.253,1.10126,1.10131,0.12,0.99
2022.03.04 00:54:08.406,1.10128,1.10133,0.99,0.12
2022.03.04 00:54:08.560,1.10128,1.10132,0.12,0.90
2022.03.04 00:54:08.663,1.10129,1.10134,0.99,0.99
2022.03.04 00:54:08.765,1.10127,1.10132,0.99,0.90
2022.03.04 00:54:08.867,1.10128,1.10133,0.12,0.90
2022.03.04 00:54:09.526,1.10129,1.10135,2.02,0.99
2022.03.04 00:54:09.628,1.1013,1.10135,0.12,0.90
2022.03.04 00:54:09.781,1.10129,1.10132,0.99,0.90
2022.03.04 00:54:09.883,1.10129,1.10131,0.54,0.90
2022.03.04 00:54:09.985,1.10128,1.10133,0.12,0.90
2022.03.04 00:54:11.448,1.1013,1.10134,0.45,1.35
2022.03.04 00:54:11.499,1.10131,1.10136,1.89,2.88
2022.03.04 00:54:11.602,1.10133,1.10136,0.45,1.53
2022.03.04 00:54:11.653,1.10134,1.10137,0.45,0.90
2022.03.04 00:54:11.908,1.10134,1.1014,4.36,0.90
2022.03.04 00:54:12.011,1.10135,1.1014,0.54,0.90
2022.03.04 00:54:12.113,1.10136,1.1014,0.12,0.90
2022.03.04 00:54:13.244,1.10138,1.10144,3.24,2.88
2022.03.04 00:54:13.347,1.1014,1.10143,2.56,0.90
2022.03.04 00:54:13.449,1.1014,1.10145,0.99,1.12
2022.03.04 00:54:13.551,1.1014,1.10146,2.11,0.90
2022.03.04 00:54:14.009,1.10139,1.10141,2.25,1.12
2022.03.04 00:54:14.061,1.10133,1.10136,1.12,0.12
2022.03.04 00:54:14.163,1.10129,1.10135,1.89,3.01
2022.03.04 00:54:14.317,1.1013,1.10136,0.99,1.21
2022.03.04 00:54:14.419,1.10131,1.10136,0.99,0.90
2022.03.04 00:54:14.471,1.10133,1.10138,0.90,1.84
2022.03.04 00:54:14.573,1.10131,1.10137,0.99,1.21
2022.03.04 00:54:15.712,1.10131,1.10136,0.90,0.12
2022.03.04 00:54:15.814,1.1013,1.10135,1.89,0.90
2022.03.04 00:54:15.917,1.10129,1.10134,0.54,1.80
2022.03.04 00:54:17.059,1.10127,1.10132,0.12,0.90
2022.03.04 00:54:17.161,1.10125,1.1013,2.79,0.90
2022.03.04 00:54:18.050,1.10126,1.1013,0.45,0.90
2022.03.04 00:54:18.153,1.10126,1.10131,1.44,0.90
2022.03.04 00:54:18.556,1.10128,1.10134,0.99,0.99
2022.03.04 00:54:18.709,1.10129,1.10134,0.90,0.99
2022.03.04 00:54:18.812,1.10129,1.10135,2.34,0.99
2022.03.04 00:54:18.914,1.1013,1.10135,0.99,0.90
2022.03.04 00:54:21.453,1.10127,1.1013,4.05,3.69
2022.03.04 00:54:21.504,1.10124,1.1013,3.69,3.69
2022.03.04 00:54:21.607,1.10123,1.10127,4.50,0.90
2022.03.04 00:54:21.710,1.10122,1.10127,0.12,0.90
2022.03.04 00:54:22.039,1.10123,1.10129,1.44,1.44
2022.03.04 00:54:22.141,1.10124,1.10129,0.12,0.90
2022.03.04 00:54:22.294,1.10124,1.1013,0.99,0.99
2022.03.04 00:54:22.513,1.10125,1.1013,0.12,0.90
2022.03.04 00:54:23.097,1.10125,1.10131,1.66,0.99
2022.03.04 00:54:23.990,1.10123,1.10129,2.11,2.79
2022.03.04 00:54:24.250,1.10122,1.10126,2.11,0.45
2022.03.04 00:54:24.301,1.10122,1.10128,0.99,1.21
2022.03.04 00:54:24.759,1.10126,1.10128,0.90,0.90
2022.03.04 00:54:24.811,1.10125,1.1013,3.01,0.90
2022.03.04 00:54:26.049,1.10125,1.10131,0.99,0.99
2022.03.04 00:54:26.623,1.10128,1.10134,0.99,1.44
2022.03.04 00:54:26.776,1.10126,1.1013,0.45,0.99
2022.03.04 00:54:26.879,1.10125,1.10129,2.34,0.90
2022.03.04 00:54:26.981,1.10123,1.10128,0.12,1.44
2022.03.04 00:54:27.083,1.10122,1.10127,0.99,0.12
2022.03.04 00:54:29.164,1.10125,1.1013,2.02,2.88
2022.03.04 00:54:29.266,1.10125,1.10129,2.11,0.90
2022.03.04 00:54:29.472,1.10125,1.1013,0.45,0.90
2022.03.04 00:54:29.574,1.10124,1.1013,2.11,0.90
2022.03.04 00:54:29.931,1.10126,1.10131,1.35,0.90
2022.03.04 00:54:30.972,1.10126,1.10132,1.35,0.99
2022.03.04 00:54:31.251,1.10124,1.1013,1.44,1.35
2022.03.04 00:54:31.354,1.10124,1.10129,0.45,0.90
2022.03.04 00:54:31.406,1.10122,1.10128,2.11,0.90
2022.03.04 00:54:32.388,1.10124,1.10129,0.90,0.12
2022.03.04 00:54:32.490,1.10125,1.10129,0.90,0.99
2022.03.04 00:54:32.592,1.10125,1.1013,0.45,0.99
2022.03.04 00:54:32.694,1.10124,1.10129,0.12,0.90
2022.03.04 00:54:32.797,1.10123,1.10128,0.12,0.90
2022.03.04 00:54:32.899,1.10123,1.10129,2.79,0.90
2022.03.04 00:54:33.256,1.10124,1.1013,0.90,0.99
2022.03.04 00:54:34.180,1.10123,1.10128,1.80,0.90
2022.03.04 00:54:34.333,1.10122,1.10128,0.90,2.79
2022.03.04 00:54:34.436,1.10121,1.10126,1.44,0.90
2022.03.04 00:54:35.045,1.1012,1.10125,1.44,0.90
2022.03.04 00:54:35.401,1.10121,1.10125,0.45,0.99
2022.03.04 00:54:35.868,1.10125,1.10127,1.57,0.90
2022.03.04 00:54:35.971,1.10124,1.10128,2.11,1.53
2022.03.04 00:54:36.073,1.10125,1.10129,0.12,0.90
2022.03.04 00:54:36.227,1.10126,1.10129,0.12,0.90
2022.03.04 00:54:36.329,1.10125,1.10129,0.12,0.90
2022.03.04 00:54:36.431,1.10121,1.10126,0.99,0.90
2022.03.04 00:54:39.838,1.10121,1.10125,0.12,0.45
2022.03.04 00:54:39.941,1.1012,1.10126,1.89,0.90
2022.03.04 00:54:39.992,1.10119,1.10124,0.99,0.90
2022.03.04 00:54:40.094,1.10118,1.10123,3.46,0.90
2022.03.04 00:54:40.451,1.10119,1.10123,0.12,0.90
2022.03.04 00:54:40.878,1.1012,1.10123,0.45,0.90
2022.03.04 00:54:40.980,1.10121,1.10125,0.12,0.90
2022.03.04 00:54:41.601,1.10119,1.10124,0.99,0.90
2022.03.04 00:54:41.704,1.1012,1.10124,0.12,0.90
2022.03.04 00:54:41.806,1.10119,1.10124,0.12,0.90
2022.03.04 00:54:42.797,1.10118,1.10124,1.44,0.90
2022.03.04 00:54:44.533,1.10119,1.10124,0.12,0.90
2022.03.04 00:54:44.789,1.10118,1.10124,0.99,1.80
2022.03.04 00:54:44.891,1.10118,1.10123,0.90,2.02
2022.03.04 00:54:44.942,1.10115,1.10118,2.25,2.92
2022.03.04 00:54:44.994,1.10112,1.10116,9.54,0.90
2022.03.04 00:54:45.249,1.10112,1.10117,1.89,0.90
2022.03.04 00:54:45.351,1.10114,1.10117,0.12,1.12
2022.03.04 00:54:45.710,1.10114,1.10118,0.90,1.12
2022.03.04 00:54:45.762,1.10117,1.10121,0.99,1.12
2022.03.04 00:54:45.864,1.10116,1.10121,0.54,0.99
2022.03.04 00:54:46.767,1.10118,1.10124,1.44,4.23
2022.03.04 00:54:46.921,1.10119,1.10124,0.12,0.90
2022.03.04 00:54:47.345,1.10118,1.10124,1.89,1.57
2022.03.04 00:54:47.549,1.10117,1.10122,0.99,0.90
2022.03.04 00:54:47.652,1.10117,1.1012,0.54,0.90
2022.03.04 00:54:47.806,1.10121,1.10124,0.54,1.53
2022.03.04 00:54:47.908,1.10123,1.10128,0.12,3.60
2022.03.04 00:54:48.011,1.10124,1.10129,0.99,5.40
2022.03.04 00:54:49.640,1.10122,1.10128,0.99,1.89
2022.03.04 00:54:49.742,1.10121,1.10127,0.90,1.35
2022.03.04 00:54:49.845,1.1012,1.10125,0.12,0.90
2022.03.04 00:54:49.947,1.1012,1.10124,0.12,0.90
2022.03.04 00:54:49.998,1.10121,1.10126,0.12,0.99
2022.03.04 00:54:51.173,1.10128,1.1013,0.67,1.53
2022.03.04 00:54:51.276,1.10129,1.10133,0.99,0.22
2022.03.04 00:54:51.327,1.1013,1.10135,0.90,1.44
2022.03.04 00:54:51.532,1.10127,1.10132,4.27,1.89
2022.03.04 00:54:51.634,1.10128,1.10133,0.22,0.99
2022.03.04 00:54:51.736,1.10127,1.10132,0.99,0.90
2022.03.04 00:54:51.839,1.10128,1.10134,0.99,0.99
2022.03.04 00:54:51.941,1.10129,1.10134,0.67,0.99
2022.03.04 00:54:52.043,1.10129,1.10135,0.99,0.99
2022.03.04 00:54:52.146,1.10127,1.10133,1.21,0.99
2022.03.04 00:54:52.248,1.10128,1.10133,0.90,0.54
2022.03.04 00:54:52.401,1.10128,1.10134,0.99,1.44
2022.03.04 00:54:52.605,1.10129,1.10132,0.12,0.90
2022.03.04 00:54:52.707,1.10127,1.10132,0.12,0.99
2022.03.04 00:54:52.810,1.10128,1.1013,0.12,0.90
2022.03.04 00:54:53.328,1.10128,1.10132,0.67,0.99
2022.03.04 00:54:53.431,1.1013,1.10132,0.12,1.35
2022.03.04 00:54:53.533,1.10128,1.10133,0.12,0.99
2022.03.04 00:54:53.635,1.10128,1.10132,0.76,0.90
2022.03.04 00:54:53.737,1.10126,1.10131,0.54,0.99
2022.03.04 00:54:54.488,1.10127,1.10131,0.12,0.90
2022.03.04 00:54:54.642,1.10133,1.10135,1.35,2.43
2022.03.04 00:54:54.744,1.1013,1.10134,0.99,0.90
2022.03.04 00:54:54.847,1.10132,1.10136,0.99,1.53
2022.03.04 00:54:54.949,1.10131,1.10136,0.12,0.99
2022.03.04 00:54:55.051,1.10129,1.10134,0.12,0.99
2022.03.04 00:54:55.770,1.10128,1.10133,0.12,1.44
2022.03.04 00:54:55.821,1.10127,1.10131,3.24,0.90
2022.03.04 00:54:55.924,1.10125,1.1013,1.80,0.12
2022.03.04 00:54:56.077,1.10124,1.10129,2.34,0.90
2022.03.04 00:54:56.180,1.10122,1.10127,0.45,0.99
2022.03.04 00:54:56.282,1.10123,1.10128,0.99,0.90
2022.03.04 00:54:56.384,1.10122,1.10127,0.12,0.99
2022.03.04 00:54:56.486,1.10121,1.10125,2.34,0.90
2022.03.04 00:54:57.253,1.10127,1.1013,1.35,1.53
2022.03.04 00:54:57.407,1.10129,1.10133,0.12,0.90
2022.03.04 00:54:57.458,1.1013,1.10134,2.11,7.24
2022.03.04 00:54:57.560,1.10129,1.10134,0.12,0.90
2022.03.04 00:54:57.779,1.10128,1.10134,1.89,0.99
2022.03.04 00:54:58.201,1.10128,1.10133,0.12,1.35
2022.03.04 00:54:58.303,1.10127,1.10133,0.99,0.99
2022.03.04 00:54:58.926,1.10128,1.10133,0.12,0.90
2022.03.04 00:54:59.029,1.10128,1.10134,0.99,1.89
2022.03.04 00:54:59.254,1.10128,1.10133,0.12,0.90
2022.03.04 00:54:59.356,1.10127,1.10133,0.99,0.99
2022.03.04 00:54:59.466,1.10128,1.10133,0.99,0.90
2022.03.04 00:54:59.938,1.10127,1.10132,0.12,0.99
2022.03.04 00:55:00.041,1.10125,1.10128,3.15,0.12
2022.03.04 00:55:00.092,1.10123,1.10125,2.70,0.90
2022.03.04 00:55:00.144,1.10126,1.10128,1.80,0.22
2022.03.04 00:55:00.246,1.10125,1.10131,0.90,2.43
2022.03.04 00:55:00.298,1.10128,1.1013,0.90,0.90
2022.03.04 00:55:00.349,1.10133,1.10137,3.69,1.80
2022.03.04 00:55:00.401,1.10136,1.10138,0.90,4.50
2022.03.04 00:55:00.452,1.10132,1.10134,0.90,1.53
2022.03.04 00:55:00.555,1.10132,1.10136,0.90,0.90
2022.03.04 00:55:00.606,1.10132,1.10134,0.22,0.90
2022.03.04 00:55:00.658,1.1013,1.10136,0.90,0.90
2022.03.04 00:55:00.709,1.10131,1.10134,0.12,0.90
2022.03.04 00:55:00.761,1.10129,1.10134,1.80,0.90
2022.03.04 00:55:00.863,1.10131,1.10134,0.12,0.90
2022.03.04 00:55:00.915,1.10129,1.10134,1.80,0.90
2022.03.04 00:55:01.017,1.10129,1.10135,0.90,0.90
2022.03.04 00:55:01.119,1.10132,1.10134,0.12,0.90
2022.03.04 00:55:01.272,1.10131,1.10136,0.12,0.90
2022.03.04 00:55:01.425,1.10131,1.10135,0.12,0.90
2022.03.04 00:55:01.528,1.10128,1.10131,3.15,3.82
2022.03.04 00:55:01.579,1.10126,1.1013,2.79,0.90
2022.03.04 00:55:01.631,1.10124,1.10129,3.15,0.90
2022.03.04 00:55:01.784,1.10124,1.10127,1.80,0.90
2022.03.04 00:55:01.937,1.10126,1.10129,0.45,0.99
2022.03.04 00:55:01.989,1.10123,1.10128,1.80,0.90
2022.03.04 00:55:02.041,1.10126,1.10128,0.12,0.90
2022.03.04 00:55:02.092,1.10126,1.1013,0.12,0.90
2022.03.04 00:55:02.144,1.10124,1.10128,0.90,0.90
2022.03.04 00:55:02.246,1.10123,1.10128,1.89,0.90
2022.03.04 00:55:02.348,1.10123,1.10129,1.80,1.21
2022.03.04 00:55:02.451,1.10125,1.1013,1.89,1.12
2022.03.04 00:55:02.654,1.10123,1.10128,0.12,0.90
2022.03.04 00:55:02.757,1.10123,1.10127,0.12,0.90
2022.03.04 00:55:02.859,1.10123,1.10128,0.12,0.90
2022.03.04 00:55:03.265,1.10124,1.10129,0.90,1.21
2022.03.04 00:55:03.571,1.10126,1.1013,0.45,0.90
2022.03.04 00:55:03.673,1.10127,1.10133,4.14,1.21
2022.03.04 00:55:03.776,1.10128,1.10133,0.12,0.90
2022.03.04 00:55:04.092,1.10128,1.10132,0.12,0.90
2022.03.04 00:55:04.227,1.10128,1.10133,0.12,1.12
2022.03.04 00:55:06.730,1.10128,1.10132,0.12,0.90
2022.03.04 00:55:08.435,1.10128,1.10133,0.99,0.90
2022.03.04 00:55:08.538,1.10129,1.10133,0.54,0.90
2022.03.04 00:55:08.640,1.1013,1.10135,0.90,3.01
2022.03.04 00:55:09.630,1.1013,1.10133,0.99,1.12
2022.03.04 00:55:09.783,1.10129,1.10132,0.90,0.90
2022.03.04 00:55:09.835,1.10126,1.10129,2.25,1.12
2022.03.04 00:55:09.938,1.10123,1.10125,5.40,0.90
2022.03.04 00:55:10.040,1.10122,1.10125,0.12,0.90
2022.03.04 00:55:10.143,1.10121,1.10125,0.90,1.12
2022.03.04 00:55:10.245,1.10121,1.10125,1.35,2.02
2022.03.04 00:55:10.347,1.10121,1.10126,0.99,2.02
2022.03.04 00:55:11.125,1.10123,1.10127,0.90,0.22
2022.03.04 00:55:11.725,1.10125,1.10128,0.90,1.21
2022.03.04 00:55:12.739,1.10125,1.10129,0.90,0.31
2022.03.04 00:55:12.968,1.10122,1.10124,2.70,1.12
2022.03.04 00:55:13.070,1.10121,1.10126,3.15,2.11
2022.03.04 00:55:13.833,1.10123,1.10128,0.90,0.99
2022.03.04 00:55:13.935,1.10124,1.10129,0.90,3.19
2022.03.04 00:55:14.610,1.1012,1.10122,2.25,1.35
2022.03.04 00:55:14.662,1.10117,1.10119,2.70,0.45
2022.03.04 00:55:14.765,1.10113,1.10117,0.90,0.90
2022.03.04 00:55:14.817,1.10111,1.10115,1.80,0.12
2022.03.04 00:55:14.869,1.10111,1.10117,2.70,0.90
2022.03.04 00:55:16.866,1.10113,1.10118,1.35,0.12
2022.03.04 00:55:17.273,1.10115,1.10119,0.90,0.12
2022.03.04 00:55:17.375,1.10116,1.1012,0.90,0.12
2022.03.04 00:55:17.477,1.10115,1.10119,1.35,0.12
2022.03.04 00:55:17.580,1.10113,1.10118,0.90,0.99
2022.03.04 00:55:17.733,1.10113,1.10117,0.90,0.12
2022.03.04 00:55:17.939,1.10114,1.10115,0.90,0.90
2022.03.04 00:55:17.991,1.10111,1.10115,1.35,0.12
2022.03.04 00:55:18.093,1.10112,1.10116,0.90,0.12
2022.03.04 00:55:18.711,1.1011,1.10114,3.15,0.12
2022.03.04 00:55:18.813,1.10111,1.10115,0.90,0.12
2022.03.04 00:55:18.916,1.10112,1.10115,1.35,0.12
2022.03.04 00:55:19.018,1.10111,1.10115,1.80,0.12
2022.03.04 00:55:19.120,1.10112,1.10116,0.45,0.12
2022.03.04 00:55:21.040,1.10114,1.10117,0.90,0.12
2022.03.04 00:55:21.881,1.10117,1.1012,0.90,0.12
2022.03.04 00:55:21.983,1.10119,1.10122,0.90,0.12
2022.03.04 00:55:23.139,1.10121,1.10122,0.90,0.12
2022.03.04 00:55:23.190,1.1012,1.10124,1.57,0.12
2022.03.04 00:55:23.292,1.10121,1.10124,0.90,0.12
2022.03.04 00:55:23.650,1.10124,1.10125,0.90,0.12
2022.03.04 00:55:23.753,1.10123,1.10125,0.90,0.12
2022.03.04 00:55:24.123,1.10124,1.10127,0.90,0.12
2022.03.04 00:55:24.327,1.10124,1.10126,0.90,0.12
2022.03.04 00:55:25.106,1.10123,1.10126,0.90,0.12
2022.03.04 00:55:25.435,1.10122,1.10126,0.90,0.12
2022.03.04 00:55:25.537,1.10121,1.10125,2.02,0.12
2022.03.04 00:55:25.640,1.10123,1.10127,1.35,0.12
2022.03.04 00:55:25.742,1.10125,1.10128,0.90,0.12
2022.03.04 00:55:25.895,1.10124,1.10128,0.90,0.12
2022.03.04 00:55:26.545,1.10124,1.10127,0.90,0.12
2022.03.04 00:55:26.698,1.10124,1.10128,0.90,0.12
2022.03.04 00:55:27.534,1.10124,1.10127,0.90,0.12
2022.03.04 00:55:27.637,1.10123,1.10127,1.57,0.12
2022.03.04 00:55:27.739,1.10126,1.10129,3.37,0.12
2022.03.04 00:55:27.791,1.10129,1.10132,1.80,1.53
2022.03.04 00:55:27.842,1.1013,1.10134,0.90,0.12
2022.03.04 00:55:27.944,1.10131,1.10132,0.90,0.12
2022.03.04 00:55:28.047,1.10132,1.10134,0.90,0.12
2022.03.04 00:55:28.098,1.10133,1.10137,0.90,1.62
2022.03.04 00:55:28.201,1.10135,1.10136,0.90,1.53
2022.03.04 00:55:28.303,1.10134,1.10138,0.90,0.12
2022.03.04 00:55:28.986,1.10134,1.10137,0.90,0.12
2022.03.04 00:55:29.831,1.10134,1.10138,0.90,0.12
2022.03.04 00:55:30.670,1.10133,1.10137,0.90,0.12
2022.03.04 00:55:30.874,1.10129,1.10131,2.25,0.45
2022.03.04 00:55:30.977,1.10125,1.1013,0.90,0.99
2022.03.04 00:55:31.079,1.10125,1.10129,0.90,0.12
2022.03.04 00:55:31.130,1.10128,1.10131,0.90,0.12
2022.03.04 00:55:31.182,1.10125,1.10129,0.90,0.12
2022.03.04 00:55:31.233,1.10127,1.1013,0.90,0.12
2022.03.04 00:55:32.752,1.10127,1.10131,0.90,0.12
2022.03.04 00:55:33.311,1.10128,1.10131,0.90,0.12
2022.03.04 00:55:33.566,1.10126,1.1013,0.90,0.12
2022.03.04 00:55:33.668,1.10127,1.10131,0.90,0.12
2022.03.04 00:55:33.720,1.10126,1.10129,0.90,0.12
2022.03.04 00:55:33.822,1.10126,1.1013,0.90,0.12
2022.03.04 00:55:34.139,1.10125,1.10129,1.35,0.12
2022.03.04 00:55:34.241,1.10125,1.10128,0.90,0.12
2022.03.04 00:55:34.344,1.10125,1.10127,0.90,0.54
2022.03.04 00:55:34.446,1.10124,1.10127,0.90,0.12
2022.03.04 00:55:34.497,1.10122,1.10126,0.90,0.12
2022.03.04 00:55:34.701,1.10123,1.10126,0.90,0.12
2022.03.04 00:55:35.059,1.10124,1.10128,1.12,0.12
2022.03.04 00:55:35.162,1.10125,1.10128,0.90,0.12
2022.03.04 00:55:35.214,1.10126,1.1013,1.12,0.12
2022.03.04 00:55:35.316,1.10126,1.10129,1.12,0.12
2022.03.04 00:55:35.803,1.10125,1.10129,0.67,0.99
2022.03.04 00:55:35.906,1.10122,1.10126,2.25,0.12
2022.03.04 00:55:37.455,1.10123,1.10127,0.90,0.12
2022.03.04 00:55:39.224,1.10121,1.10125,1.35,0.12
2022.03.04 00:55:39.326,1.10122,1.10126,2.02,0.12
2022.03.04 00:55:39.429,1.10122,1.10127,1.12,0.99
2022.03.04 00:55:39.582,1.10127,1.1013,1.35,1.62
2022.03.04 00:55:39.735,1.10128,1.1013,1.12,1.53
2022.03.04 00:55:39.786,1.10128,1.10132,1.12,0.12
2022.03.04 00:55:39.889,1.1013,1.10133,0.90,0.12
2022.03.04 00:55:40.042,1.10129,1.10133,1.12,0.12
2022.03.04 00:55:40.144,1.10128,1.10133,2.47,0.12
2022.03.04 00:55:40.247,1.10129,1.10131,2.02,0.12
2022.03.04 00:55:40.349,1.10127,1.10131,0.90,0.12
2022.03.04 00:55:42.286,1.10128,1.10132,0.90,0.12
2022.03.04 00:55:42.541,1.10128,1.10133,2.47,0.12
2022.03.04 00:55:46.784,1.10127,1.1013,0.22,0.12
2022.03.04 00:55:46.886,1.10126,1.10131,1.21,0.99
2022.03.04 00:55:47.040,1.10127,1.10132,0.99,0.12
2022.03.04 00:55:47.143,1.10126,1.10132,2.02,0.99
2022.03.04 00:55:47.245,1.10127,1.10132,0.90,0.99
2022.03.04 00:55:47.508,1.10125,1.10131,1.57,0.99
2022.03.04 00:55:47.610,1.10126,1.10131,0.90,0.12
2022.03.04 00:55:48.018,1.10126,1.1013,0.22,0.12
2022.03.04 00:55:48.120,1.10126,1.10131,1.12,0.12
2022.03.04 00:55:48.273,1.10126,1.10132,1.57,0.99
2022.03.04 00:55:49.094,1.10123,1.10128,3.60,2.79
2022.03.04 00:55:49.196,1.10123,1.10127,2.25,0.90
2022.03.04 00:55:49.298,1.10122,1.10127,2.02,0.99
2022.03.04 00:55:49.401,1.10124,1.10128,0.90,0.12
2022.03.04 00:55:49.503,1.10124,1.10129,1.35,0.99
2022.03.04 00:55:49.707,1.10123,1.10127,0.22,0.90
2022.03.04 00:55:49.809,1.10122,1.10127,1.57,0.99
2022.03.04 00:55:50.360,1.10124,1.10129,2.02,0.99
2022.03.04 00:55:50.463,1.10126,1.10129,0.22,0.99
2022.03.04 00:55:50.572,1.10126,1.1013,0.22,0.12
2022.03.04 00:55:50.674,1.10128,1.1013,0.22,0.12
2022.03.04 00:55:51.471,1.10126,1.10131,1.35,0.12
2022.03.04 00:55:51.574,1.10126,1.10129,2.02,0.12
2022.03.04 00:55:51.676,1.10124,1.10129,2.47,0.99
2022.03.04 00:55:51.779,1.10123,1.10128,1.57,0.99
2022.03.04 00:55:52.283,1.10124,1.10128,0.22,0.99
2022.03.04 00:55:52.385,1.10124,1.10129,1.12,0.99
2022.03.04 00:55:52.487,1.10126,1.10129,1.12,0.12
2022.03.04 00:55:52.590,1.10125,1.1013,2.02,0.90
2022.03.04 00:55:52.692,1.10126,1.10131,0.22,0.99
2022.03.04 00:55:53.307,1.10125,1.10129,1.57,0.12
2022.03.04 00:55:53.409,1.10124,1.10129,2.47,0.99
2022.03.04 00:55:53.512,1.10125,1.10128,0.22,0.12
2022.03.04 00:55:53.564,1.10123,1.10128,1.66,0.12
2022.03.04 00:55:53.666,1.10122,1.10127,1.57,0.99
2022.03.04 00:55:54.990,1.10123,1.10127,0.67,0.99
2022.03.04 00:55:55.093,1.10122,1.10127,0.22,0.99
2022.03.04 00:55:57.309,1.1012,1.10125,0.54,0.90
2022.03.04 00:55:57.513,1.10119,1.10125,2.11,0.99
2022.03.04 00:55:57.744,1.10119,1.10122,0.99,0.90
2022.03.04 00:55:57.898,1.10119,1.10123,0.90,2.56
2022.03.04 00:55:57.949,1.10115,1.10118,2.25,0.90
2022.03.04 00:55:58.052,1.10113,1.10119,0.99,0.99
2022.03.04 00:55:58.103,1.10115,1.10119,0.22,0.99
2022.03.04 00:55:58.307,1.10114,1.10119,0.22,0.99
2022.03.04 00:55:58.409,1.10114,1.10118,0.22,0.90
2022.03.04 00:55:58.511,1.10113,1.10116,1.12,0.90
2022.03.04 00:55:58.563,1.10111,1.10116,3.15,0.90
2022.03.04 00:55:58.767,1.10113,1.10118,2.02,0.90
2022.03.04 00:55:59.483,1.10113,1.10119,4.14,0.90
2022.03.04 00:55:59.608,1.10114,1.10119,0.90,0.90
2022.03.04 00:55:59.710,1.10115,1.10119,1.35,0.99
2022.03.04 00:56:00.482,1.10114,1.10119,2.70,0.90
2022.03.04 00:56:00.686,1.10112,1.10118,3.01,0.90
2022.03.04 00:56:00.788,1.10114,1.10119,0.90,1.35
2022.03.04 00:56:00.890,1.10113,1.10118,0.90,0.90
2022.03.04 00:56:00.993,1.10112,1.10117,0.99,1.44
2022.03.04 00:56:01.147,1.10111,1.10116,0.12,1.89
2022.03.04 00:56:01.351,1.10113,1.10116,0.12,1.44
2022.03.04 00:56:01.860,1.10111,1.10114,0.90,1.80
2022.03.04 00:56:01.912,1.10109,1.10113,2.47,0.54
2022.03.04 00:56:02.116,1.10109,1.10114,0.31,0.99
2022.03.04 00:56:02.218,1.10107,1.10111,2.02,0.90
2022.03.04 00:56:02.320,1.10109,1.10113,0.22,0.12
2022.03.04 00:56:03.018,1.10109,1.10112,1.35,0.12
2022.03.04 00:56:05.153,1.10111,1.10113,1.80,0.90
2022.03.04 00:56:05.205,1.10111,1.10116,0.99,0.22
2022.03.04 00:56:05.307,1.1011,1.10115,0.90,0.99
2022.03.04 00:56:05.410,1.10111,1.10117,0.99,1.21
2022.03.04 00:56:05.512,1.1011,1.10113,0.90,0.22
2022.03.04 00:56:05.614,1.10109,1.10112,1.44,0.90
2022.03.04 00:56:08.665,1.10109,1.10114,0.90,0.99
2022.03.04 00:56:08.767,1.10109,1.10115,0.99,0.99
2022.03.04 00:56:08.870,1.10111,1.10116,1.44,0.90
2022.03.04 00:56:09.857,1.10112,1.10117,0.54,0.90
2022.03.04 00:56:09.960,1.10111,1.10117,1.44,0.99
2022.03.04 00:56:11.689,1.1011,1.10114,2.25,0.90
2022.03.04 00:56:11.792,1.10109,1.10114,0.90,2.11
2022.03.04 00:56:11.894,1.10108,1.10114,2.56,0.99
2022.03.04 00:56:11.996,1.10108,1.10113,2.56,0.90
2022.03.04 00:56:12.886,1.1011,1.10113,0.90,0.90
2022.03.04 00:56:12.938,1.10112,1.10115,1.35,0.90
2022.03.04 00:56:13.040,1.1011,1.10115,3.60,0.90
2022.03.04 00:56:13.142,1.10111,1.10116,1.35,0.90
2022.03.04 00:56:13.619,1.1011,1.10115,3.46,0.90
2022.03.04 00:56:13.721,1.10108,1.1011,3.15,0.90
2022.03.04 00:56:13.824,1.10108,1.10113,3.82,0.99
2022.03.04 00:56:13.926,1.10109,1.10113,0.22,0.99
2022.03.04 00:56:15.039,1.10109,1.10112,1.89,0.90
2022.03.04 00:56:15.791,1.10109,1.10113,0.22,0.99
2022.03.04 00:56:15.893,1.10108,1.10113,1.80,0.99
2022.03.04 00:56:16.290,1.10109,1.10113,0.22,0.99
2022.03.04 00:56:17.410,1.1011,1.10114,2.02,0.99
2022.03.04 00:56:17.513,1.10109,1.10114,1.12,0.99
2022.03.04 00:56:17.666,1.10108,1.10113,0.99,0.90
2022.03.04 00:56:17.819,1.10109,1.10113,0.22,0.90
2022.03.04 00:56:19.257,1.10107,1.10111,2.02,1.35
2022.03.04 00:56:19.511,1.10108,1.10112,0.22,0.90
2022.03.04 00:56:19.614,1.10108,1.10113,1.12,0.90
2022.03.04 00:56:20.423,1.10107,1.10111,1.80,2.70
2022.03.04 00:56:20.526,1.10108,1.10113,0.22,0.99
2022.03.04 00:56:20.628,1.10109,1.10113,0.22,0.99
2022.03.04 00:56:21.175,1.10107,1.1011,0.22,0.90
2022.03.04 00:56:21.226,1.10108,1.10112,0.22,2.43
2022.03.04 00:56:21.690,1.10107,1.10112,2.92,1.35
2022.03.04 00:56:21.792,1.10108,1.10113,1.12,1.44
2022.03.04 00:56:21.894,1.10108,1.10112,0.22,0.90
2022.03.04 00:56:22.298,1.10109,1.10113,0.22,0.90
2022.03.04 00:56:22.811,1.10108,1.10113,0.67,0.90
2022.03.04 00:56:23.331,1.10108,1.10112,0.67,0.90
2022.03.04 00:56:23.551,1.1011,1.10113,0.45,0.90
2022.03.04 00:56:23.704,1.10111,1.10113,3.37,0.90
2022.03.04 00:56:23.756,1.10112,1.10117,3.60,0.90
2022.03.04 00:56:24.162,1.10111,1.10116,2.34,0.90
2022.03.04 00:56:24.214,1.10113,1.10117,0.45,0.90
2022.03.04 00:56:24.369,1.10112,1.10117,0.90,0.90
2022.03.04 00:56:24.773,1.10113,1.10115,0.45,0.90
2022.03.04 00:56:26.299,1.10111,1.10113,0.45,0.90
2022.03.04 00:56:26.503,1.10109,1.10113,2.02,0.90
2022.03.04 00:56:26.606,1.10108,1.10113,5.17,0.90
2022.03.04 00:56:26.708,1.10109,1.10113,0.22,0.90
2022.03.04 00:56:26.912,1.10108,1.10113,1.57,0.90
2022.03.04 00:56:27.014,1.10109,1.10113,0.45,0.90
2022.03.04 00:56:27.116,1.10108,1.10113,1.35,0.90
2022.03.04 00:56:27.269,1.10108,1.10112,0.67,0.90
2022.03.04 00:56:29.439,1.10109,1.10112,0.45,0.90
2022.03.04 00:56:33.646,1.10108,1.10111,0.90,1.80
2022.03.04 00:56:33.697,1.10105,1.10108,7.20,0.90
2022.03.04 00:56:33.800,1.10107,1.1011,2.70,0.90
2022.03.04 00:56:33.902,1.10108,1.10111,0.45,0.90
2022.03.04 00:56:34.086,1.10107,1.1011,2.70,0.90
2022.03.04 00:56:34.804,1.10108,1.10111,1.35,0.90
2022.03.04 00:56:35.008,1.10109,1.10111,0.45,0.90
2022.03.04 00:56:35.110,1.10109,1.10112,0.45,0.90
2022.03.04 00:56:35.161,1.10112,1.10117,2.02,3.10
2022.03.04 00:56:35.213,1.10112,1.10115,0.90,0.90
2022.03.04 00:56:35.316,1.10111,1.10114,1.35,0.90
2022.03.04 00:56:35.520,1.10113,1.10116,0.90,0.90
2022.03.04 00:56:37.254,1.10112,1.10115,0.45,0.90
2022.03.04 00:56:37.414,1.10111,1.10115,1.80,0.90
2022.03.04 00:56:38.353,1.10112,1.10115,0.90,0.90
2022.03.04 00:56:38.455,1.10113,1.10116,0.45,0.90
2022.03.04 00:56:38.558,1.10113,1.10117,1.35,0.90
2022.03.04 00:56:40.152,1.10112,1.10117,5.62,0.90
2022.03.04 00:56:40.254,1.10112,1.10116,4.72,0.90
2022.03.04 00:56:41.801,1.10115,1.10117,0.45,0.90
2022.03.04 00:56:41.853,1.10117,1.10119,0.45,0.90
2022.03.04 00:56:41.955,1.10117,1.1012,0.90,0.90
2022.03.04 00:56:43.963,1.10116,1.10117,1.80,0.90
2022.03.04 00:56:44.066,1.10114,1.10118,4.27,0.90
2022.03.04 00:56:44.169,1.10112,1.10115,0.90,0.90
2022.03.04 00:56:46.324,1.10111,1.10115,1.12,0.90
2022.03.04 00:56:47.109,1.10112,1.10115,0.90,0.90
2022.03.04 00:56:47.212,1.10113,1.10116,0.22,0.90
2022.03.04 00:56:47.416,1.10112,1.10116,1.35,0.90
2022.03.04 00:56:47.518,1.10111,1.10115,3.37,0.90
2022.03.04 00:56:47.621,1.10113,1.10116,0.45,0.90
2022.03.04 00:56:47.723,1.10113,1.10116,10.89,0.90
2022.03.04 00:56:47.876,1.10112,1.10115,3.37,0.90
2022.03.04 00:56:48.200,1.10111,1.10115,1.35,0.90
2022.03.04 00:56:51.086,1.1011,1.10113,1.80,0.90
2022.03.04 00:56:51.188,1.10109,1.10112,2.25,3.60
2022.03.04 00:56:51.291,1.10108,1.10112,0.67,0.90
2022.03.04 00:56:51.393,1.10109,1.10112,1.80,0.90
2022.03.04 00:56:51.621,1.10113,1.10115,0.90,0.12
2022.03.04 00:56:51.673,1.10111,1.10115,0.90,0.12
2022.03.04 00:56:51.724,1.10114,1.10116,1.57,0.90
2022.03.04 00:56:51.826,1.10112,1.10117,4.72,0.90
2022.03.04 00:56:52.284,1.10113,1.10117,0.90,0.90
2022.03.04 00:56:53.293,1.10113,1.10116,0.45,0.90
2022.03.04 00:56:54.090,1.10112,1.10116,0.22,0.90
2022.03.04 00:56:54.344,1.10111,1.10116,3.37,0.90
2022.03.04 00:56:55.096,1.10112,1.10116,1.12,0.90
2022.03.04 00:56:55.199,1.10113,1.10117,2.02,0.90
2022.03.04 00:56:55.569,1.10114,1.10115,0.45,0.90
2022.03.04 00:56:55.773,1.10113,1.10115,0.45,0.90
2022.03.04 00:56:55.926,1.10112,1.10115,0.99,0.90
2022.03.04 00:56:57.683,1.10112,1.10116,0.54,0.90
2022.03.04 00:56:58.230,1.10113,1.10117,0.99,0.90
2022.03.04 00:56:59.089,1.10119,1.10122,0.90,1.53
2022.03.04 00:56:59.191,1.10118,1.10122,2.70,1.53
2022.03.04 00:56:59.293,1.10118,1.10123,2.25,0.90
2022.03.04 00:56:59.497,1.10118,1.10122,0.45,0.90
2022.03.04 00:57:00.841,1.10116,1.10121,4.50,0.90
2022.03.04 00:57:00.947,1.10116,1.1012,3.15,0.90
2022.03.04 00:57:02.774,1.10116,1.10121,2.25,0.90
2022.03.04 00:57:05.273,1.10114,1.10119,3.69,0.90
2022.03.04 00:57:05.376,1.10115,1.10117,2.79,0.90
2022.03.04 00:57:05.529,1.10112,1.10117,4.59,0.90
2022.03.04 00:57:05.682,1.10112,1.10116,0.54,0.90
2022.03.04 00:57:05.886,1.10112,1.10117,2.56,0.90
2022.03.04 00:57:05.988,1.10113,1.10118,0.99,0.90
2022.03.04 00:57:06.091,1.1011,1.10115,4.05,0.90
2022.03.04 00:57:06.295,1.1011,1.10114,1.80,0.90
2022.03.04 00:57:06.891,1.10112,1.10116,3.37,0.90
2022.03.04 00:57:06.994,1.10112,1.10117,4.36,0.90
2022.03.04 00:57:07.096,1.10114,1.10116,0.90,0.90
2022.03.04 00:57:07.198,1.10112,1.10117,5.26,0.90
2022.03.04 00:57:07.762,1.10113,1.10118,2.70,0.90
2022.03.04 00:57:07.915,1.10115,1.1012,0.90,0.99
2022.03.04 00:57:08.017,1.10114,1.10119,1.44,0.90
2022.03.04 00:57:08.119,1.10115,1.10119,0.12,0.90
2022.03.04 00:57:08.221,1.10114,1.10119,1.89,0.90
2022.03.04 00:57:08.684,1.10115,1.10119,0.12,0.90
2022.03.04 00:57:08.786,1.10114,1.10119,2.79,0.90
2022.03.04 00:57:08.888,1.10115,1.1012,1.80,0.90
2022.03.04 00:57:09.194,1.10116,1.1012,0.54,0.90
2022.03.04 00:57:09.296,1.10116,1.10121,1.44,0.90
2022.03.04 00:57:09.768,1.10116,1.1012,0.45,0.90
2022.03.04 00:57:09.870,1.10116,1.10119,0.45,0.90
2022.03.04 00:57:10.074,1.10114,1.10119,1.44,2.25
2022.03.04 00:57:10.178,1.10113,1.10118,3.15,0.90
2022.03.04 00:57:10.333,1.10111,1.10116,3.24,0.90
2022.03.04 00:57:12.126,1.1011,1.10115,2.70,0.90
2022.03.04 00:57:12.481,1.1011,1.10114,1.80,0.90
2022.03.04 00:57:12.583,1.10108,1.10114,1.44,1.12
2022.03.04 00:57:12.635,1.10107,1.10109,0.45,0.90
2022.03.04 00:57:12.738,1.10108,1.10113,0.90,0.90
2022.03.04 00:57:13.146,1.10108,1.10111,0.90,0.45
2022.03.04 00:57:13.248,1.10107,1.10111,0.90,2.02
2022.03.04 00:57:13.480,1.10109,1.10112,0.90,0.90
2022.03.04 00:57:14.261,1.10109,1.10113,0.12,0.90
2022.03.04 00:57:15.268,1.1011,1.10115,3.01,0.90
2022.03.04 00:57:15.371,1.10111,1.10116,1.44,0.90
2022.03.04 00:57:15.829,1.10112,1.10114,0.12,0.90
2022.03.04 00:57:15.983,1.1011,1.10115,0.90,0.99
2022.03.04 00:57:16.339,1.1011,1.10112,0.12,0.90
2022.03.04 00:57:16.543,1.10108,1.10113,2.11,0.90
2022.03.04 00:57:17.159,1.10109,1.10113,2.11,0.90
2022.03.04 00:57:17.261,1.10109,1.10114,3.01,0.90
2022.03.04 00:57:18.982,1.10108,1.10113,1.44,0.90
2022.03.04 00:57:25.423,1.10105,1.10109,2.70,0.90
2022.03.04 00:57:25.525,1.10106,1.10109,0.45,0.90
2022.03.04 00:57:25.627,1.10104,1.10109,1.66,0.90
2022.03.04 00:57:25.729,1.10105,1.10107,0.45,0.90
2022.03.04 00:57:25.831,1.10103,1.10108,3.46,0.90
2022.03.04 00:57:25.988,1.10101,1.10105,5.04,0.90
2022.03.04 00:57:26.090,1.10102,1.10105,0.54,0.90
2022.03.04 00:57:27.039,1.10102,1.10107,2.79,0.90
2022.03.04 00:57:27.243,1.10102,1.10106,0.12,0.90
2022.03.04 00:57:27.396,1.10101,1.10106,1.44,0.90
2022.03.04 00:57:27.499,1.10101,1.10104,0.45,0.90
2022.03.04 00:57:27.601,1.10101,1.10103,1.80,0.90
2022.03.04 00:57:28.184,1.10102,1.10107,6.61,3.33
2022.03.04 00:57:28.337,1.10103,1.10107,0.45,0.90
2022.03.04 00:57:28.848,1.10103,1.10106,0.45,0.90
2022.03.04 00:57:28.950,1.10102,1.10106,0.45,0.90
2022.03.04 00:57:29.613,1.10104,1.10108,1.89,0.90
2022.03.04 00:57:29.715,1.10105,1.10108,0.99,0.90
2022.03.04 00:57:29.817,1.10105,1.10109,1.44,0.90
2022.03.04 00:57:29.920,1.10106,1.10107,0.45,0.90
2022.03.04 00:57:30.327,1.10103,1.10106,0.12,0.90
2022.03.04 00:57:30.378,1.10101,1.10106,2.79,0.90
2022.03.04 00:57:30.481,1.10102,1.10106,0.45,0.90
2022.03.04 00:57:33.750,1.10101,1.10106,2.79,0.90
2022.03.04 00:57:33.852,1.10101,1.10105,1.80,0.90
2022.03.04 00:57:34.763,1.10101,1.10104,0.45,0.90
2022.03.04 00:57:36.687,1.10101,1.10103,1.80,0.99
2022.03.04 00:57:39.289,1.10101,1.10106,0.90,0.99
2022.03.04 00:57:42.976,1.101,1.10104,2.70,0.12
2022.03.04 00:57:43.129,1.101,1.10105,2.79,1.21
2022.03.04 00:57:43.231,1.10102,1.10106,0.90,0.12
2022.03.04 00:57:46.198,1.10103,1.10107,0.90,0.12
2022.03.04 00:57:46.300,1.10104,1.10109,0.99,0.99
2022.03.04 00:57:46.402,1.10105,1.10109,0.90,0.12
2022.03.04 00:57:47.212,1.10104,1.10108,0.90,0.12
2022.03.04 00:57:47.365,1.10104,1.10107,0.90,0.12
2022.03.04 00:57:47.467,1.10103,1.10107,0.90,0.12
2022.03.04 00:57:47.722,1.10104,1.10108,0.90,0.12
2022.03.04 00:57:48.086,1.10105,1.10106,0.90,0.12
2022.03.04 00:57:48.188,1.10104,1.10106,0.90,0.12
2022.03.04 00:57:49.557,1.10104,1.10108,0.45,0.99
2022.03.04 00:57:50.016,1.10104,1.10107,0.90,0.12
2022.03.04 00:57:50.819,1.10102,1.10107,0.99,0.99
2022.03.04 00:57:50.921,1.10102,1.10106,0.90,0.12
2022.03.04 00:57:51.024,1.10103,1.10107,0.90,0.12
2022.03.04 00:57:54.327,1.10104,1.10108,0.90,0.12
2022.03.04 00:57:54.430,1.10107,1.10111,4.81,1.53
2022.03.04 00:57:54.532,1.10109,1.10113,0.90,0.22
2022.03.04 00:57:54.801,1.10109,1.10114,0.90,2.11
2022.03.04 00:57:55.355,1.10109,1.10113,0.90,0.22
2022.03.04 00:57:55.458,1.10108,1.10113,0.99,1.12
2022.03.04 00:57:57.574,1.10109,1.10114,0.90,2.79
2022.03.04 00:57:58.894,1.10111,1.10113,0.90,0.90
2022.03.04 00:58:00.493,1.10112,1.10115,1.35,3.42
2022.03.04 00:58:00.646,1.10113,1.10117,0.90,0.99
2022.03.04 00:58:00.749,1.10113,1.10118,0.90,2.11
2022.03.04 00:58:00.902,1.10114,1.10118,0.90,0.12
2022.03.04 00:58:01.004,1.10115,1.10119,0.90,0.99
2022.03.04 00:58:01.492,1.10115,1.1012,2.34,2.25
2022.03.04 00:58:01.595,1.10119,1.10121,0.99,1.53
2022.03.04 00:58:01.697,1.1012,1.10124,0.90,0.12
2022.03.04 00:58:01.901,1.10121,1.10125,0.90,0.90
2022.03.04 00:58:02.004,1.10124,1.10125,0.90,1.53
2022.03.04 00:58:02.107,1.10123,1.10127,0.90,0.12
2022.03.04 00:58:02.158,1.10124,1.10129,0.90,3.42
2022.03.04 00:58:02.311,1.10125,1.1013,1.44,1.80
2022.03.04 00:58:03.185,1.10126,1.10131,0.90,1.89
2022.03.04 00:58:03.288,1.1013,1.10134,0.90,2.52
2022.03.04 00:58:05.826,1.10129,1.10134,0.90,0.99
2022.03.04 00:58:06.617,1.10129,1.10133,0.90,0.12
2022.03.04 00:58:07.961,1.10128,1.10133,0.90,0.99
2022.03.04 00:58:08.789,1.10129,1.10134,0.90,0.99
2022.03.04 00:58:10.600,1.1013,1.10134,0.12,0.90
2022.03.04 00:58:10.854,1.1013,1.10135,0.99,1.80
2022.03.04 00:58:11.434,1.10128,1.10133,3.24,2.70
2022.03.04 00:58:12.429,1.10126,1.10131,1.12,2.70
2022.03.04 00:58:12.531,1.10127,1.10132,0.99,1.57
2022.03.04 00:58:12.633,1.10129,1.10132,0.90,2.43
2022.03.04 00:58:15.471,1.1013,1.10135,0.90,3.69
2022.03.04 00:58:15.827,1.1013,1.10134,0.90,0.45
2022.03.04 00:58:15.930,1.10129,1.10134,0.90,1.35
2022.03.04 00:58:16.688,1.1013,1.10134,0.90,0.45
2022.03.04 00:58:16.790,1.1013,1.10135,0.90,1.89
2022.03.04 00:58:17.007,1.10131,1.10135,2.70,0.90
2022.03.04 00:58:17.109,1.1013,1.10135,0.90,0.90
2022.03.04 00:58:17.212,1.1013,1.10136,1.12,3.24
2022.03.04 00:58:17.750,1.10131,1.10134,1.12,0.45
2022.03.04 00:58:17.853,1.10129,1.10135,1.44,4.50
2022.03.04 00:58:17.955,1.10129,1.10134,1.35,0.45
2022.03.04 00:58:18.057,1.10129,1.10135,1.12,2.34
2022.03.04 00:58:18.159,1.10129,1.10134,0.90,0.90
2022.03.04 00:58:18.825,1.10129,1.10133,0.90,0.45
2022.03.04 00:58:18.927,1.10129,1.10134,0.90,1.89
2022.03.04 00:58:19.298,1.10129,1.10133,0.90,1.80
2022.03.04 00:58:19.401,1.1013,1.10135,0.90,2.34
2022.03.04 00:58:19.936,1.10129,1.10134,0.90,0.90
2022.03.04 00:58:22.306,1.10128,1.10133,0.90,4.14
2022.03.04 00:58:22.409,1.10128,1.10132,0.90,0.12
2022.03.04 00:58:22.460,1.10129,1.10134,0.90,1.44
2022.03.04 00:58:23.754,1.10126,1.1013,0.90,2.70
2022.03.04 00:58:23.908,1.10125,1.10129,0.90,0.99
2022.03.04 00:58:24.010,1.10124,1.10128,0.90,0.12
2022.03.04 00:58:25.434,1.10124,1.10127,0.90,0.99
2022.03.04 00:58:25.537,1.10125,1.10129,0.90,0.90
2022.03.04 00:58:25.639,1.10127,1.10132,0.99,0.90
2022.03.04 00:58:25.691,1.1013,1.10133,0.90,0.99
2022.03.04 00:58:29.111,1.10129,1.10135,1.44,0.99
2022.03.04 00:58:31.628,1.10128,1.10133,1.44,0.90
2022.03.04 00:58:31.882,1.10129,1.10134,1.35,0.99
2022.03.04 00:58:31.985,1.1013,1.10134,0.90,0.12
2022.03.04 00:58:33.085,1.10129,1.10134,0.90,0.99
2022.03.04 00:58:33.339,1.10129,1.10132,0.90,0.12
2022.03.04 00:58:33.572,1.10129,1.10133,0.90,0.12
2022.03.04 00:58:33.674,1.10129,1.10134,0.99,0.99
2022.03.04 00:58:34.370,1.10129,1.10133,0.90,0.12
2022.03.04 00:58:36.157,1.1013,1.10134,0.90,0.12
2022.03.04 00:58:36.259,1.10132,1.10133,0.90,0.12
2022.03.04 00:58:37.444,1.1013,1.10133,0.90,2.70
2022.03.04 00:58:37.496,1.10125,1.10127,6.75,0.90
2022.03.04 00:58:37.547,1.10118,1.10121,0.54,0.90
2022.03.04 00:58:37.650,1.10116,1.10121,0.90,5.04
2022.03.04 00:58:37.702,1.10114,1.10119,0.90,4.14
2022.03.04 00:58:37.855,1.10114,1.10118,0.90,0.12
2022.03.04 00:58:37.957,1.10114,1.10119,0.90,1.89
2022.03.04 00:58:38.059,1.10114,1.10118,0.90,0.45
2022.03.04 00:58:39.010,1.10112,1.10116,0.90,1.35
2022.03.04 00:58:39.114,1.10111,1.10116,0.90,4.14
2022.03.04 00:58:39.318,1.10111,1.10115,0.90,0.54
2022.03.04 00:58:39.745,1.10112,1.10113,0.90,0.90
2022.03.04 00:58:39.796,1.10108,1.10112,0.99,0.45
2022.03.04 00:58:39.899,1.10108,1.10113,0.90,0.99
2022.03.04 00:58:40.001,1.10109,1.10113,0.90,0.45
2022.03.04 00:58:40.103,1.10109,1.10114,0.90,1.44
2022.03.04 00:58:41.592,1.1011,1.10114,0.90,0.45
2022.03.04 00:58:42.637,1.10111,1.10114,0.90,1.66
2022.03.04 00:58:42.994,1.10111,1.10112,0.90,0.45
2022.03.04 00:58:43.096,1.10109,1.10113,0.90,0.45
2022.03.04 00:58:44.586,1.10109,1.10114,0.90,4.36
2022.03.04 00:58:44.707,1.1011,1.10114,0.90,0.12
2022.03.04 00:58:47.050,1.10109,1.1011,0.12,0.45
2022.03.04 00:58:47.102,1.10106,1.10111,0.99,1.80
2022.03.04 00:58:47.306,1.10108,1.1011,0.90,0.90
2022.03.04 00:58:47.408,1.10107,1.10112,1.35,1.44
2022.03.04 00:58:47.757,1.10107,1.10111,0.90,0.22
2022.03.04 00:58:47.860,1.10106,1.1011,0.90,0.12
2022.03.04 00:58:47.962,1.10105,1.1011,0.90,0.99
2022.03.04 00:58:49.269,1.10105,1.10109,0.90,0.54
2022.03.04 00:58:49.401,1.10101,1.10106,0.99,0.90
2022.03.04 00:58:49.453,1.10105,1.10107,0.90,2.07
2022.03.04 00:58:49.556,1.10102,1.10107,0.90,0.99
2022.03.04 00:58:49.659,1.10103,1.10107,0.90,0.99
2022.03.04 00:58:49.761,1.10102,1.10107,0.90,2.11
2022.03.04 00:58:50.170,1.10107,1.10108,1.80,3.33
2022.03.04 00:58:50.272,1.10107,1.1011,0.90,1.44
2022.03.04 00:58:50.680,1.10107,1.10112,0.90,4.99
2022.03.04 00:58:51.105,1.10108,1.10112,0.90,0.54
2022.03.04 00:58:51.156,1.10109,1.10114,0.90,4.32
2022.03.04 00:58:51.208,1.10109,1.10112,0.90,0.45
2022.03.04 00:58:51.259,1.10107,1.10112,0.90,1.66
2022.03.04 00:58:51.362,1.10106,1.1011,0.90,1.12
2022.03.04 00:58:51.770,1.10106,1.10111,0.90,3.46
2022.03.04 00:58:52.108,1.10106,1.1011,0.90,0.45
2022.03.04 00:58:52.159,1.10102,1.10106,2.25,3.91
2022.03.04 00:58:52.262,1.10102,1.10107,2.70,1.66
2022.03.04 00:58:52.568,1.10103,1.10107,0.90,0.12
2022.03.04 00:58:53.189,1.10104,1.10109,0.90,0.99
2022.03.04 00:58:53.957,1.10104,1.10108,0.90,0.12
2022.03.04 00:58:55.227,1.10103,1.10108,0.90,0.99
2022.03.04 00:58:55.997,1.10104,1.10109,0.90,0.99
2022.03.04 00:58:56.857,1.10105,1.1011,3.60,0.99
2022.03.04 00:58:56.909,1.10109,1.10112,0.90,1.53
2022.03.04 00:58:57.062,1.10109,1.10113,0.90,0.31
2022.03.04 00:58:57.596,1.10106,1.10109,0.45,0.90
2022.03.04 00:58:57.698,1.10105,1.1011,0.99,0.99
2022.03.04 00:58:58.018,1.10107,1.10109,0.90,0.12
2022.03.04 00:58:58.120,1.10108,1.10111,0.90,0.12
2022.03.04 00:58:58.222,1.10108,1.10112,0.90,0.12
2022.03.04 00:59:00.093,1.10107,1.10112,0.99,0.99
2022.03.04 00:59:00.466,1.10108,1.1011,0.90,0.12
2022.03.04 00:59:00.568,1.10108,1.10111,0.99,0.99
2022.03.04 00:59:01.014,1.10109,1.10113,0.90,0.12
2022.03.04 00:59:01.116,1.1011,1.10114,1.89,0.90
2022.03.04 00:59:01.219,1.10113,1.10118,0.90,0.90
2022.03.04 00:59:01.372,1.10114,1.10119,0.90,0.90
2022.03.04 00:59:03.643,1.10116,1.10121,3.46,2.43
2022.03.04 00:59:03.745,1.1012,1.10124,2.02,0.12
2022.03.04 00:59:03.797,1.10126,1.10128,1.80,9.63
2022.03.04 00:59:03.900,1.10124,1.10128,0.90,1.53
2022.03.04 00:59:04.003,1.10126,1.10131,0.90,0.99
2022.03.04 00:59:04.105,1.10125,1.1013,0.90,0.99
2022.03.04 00:59:06.788,1.1013,1.10131,0.90,1.53
2022.03.04 00:59:06.942,1.10129,1.10134,0.99,0.90
2022.03.04 00:59:06.993,1.10126,1.10131,3.37,1.80
2022.03.04 00:59:07.096,1.10126,1.1013,2.25,0.90
2022.03.04 00:59:07.147,1.10124,1.10129,0.99,0.90
2022.03.04 00:59:07.301,1.10124,1.10128,0.90,0.12
2022.03.04 00:59:07.403,1.10121,1.10123,0.45,2.02
2022.03.04 00:59:07.505,1.1012,1.10123,2.25,0.90
2022.03.04 00:59:07.607,1.10118,1.10123,1.66,0.90
2022.03.04 00:59:07.760,1.1012,1.10124,2.02,0.99
2022.03.04 00:59:07.812,1.10121,1.10126,1.21,2.52
2022.03.04 00:59:07.914,1.10122,1.10126,0.99,1.53
2022.03.04 00:59:07.966,1.10124,1.10126,0.90,1.53
2022.03.04 00:59:08.018,1.10124,1.10129,0.99,0.99
2022.03.04 00:59:09.219,1.10125,1.10129,0.90,0.12
2022.03.04 00:59:09.423,1.10126,1.1013,0.90,0.12
2022.03.04 00:59:09.526,1.10126,1.10131,0.99,0.99
2022.03.04 00:59:09.628,1.10128,1.10133,0.99,2.52
2022.03.04 00:59:10.654,1.10129,1.10134,1.44,0.12
2022.03.04 00:59:10.757,1.10132,1.10134,0.90,0.12
2022.03.04 00:59:10.859,1.10131,1.10136,0.90,0.90
2022.03.04 00:59:13.487,1.10132,1.10136,0.90,0.90
2022.03.04 00:59:13.590,1.10133,1.10137,0.99,1.53
2022.03.04 00:59:13.692,1.10133,1.10138,0.99,1.44
2022.03.04 00:59:13.907,1.10137,1.1014,1.80,1.53
2022.03.04 00:59:13.958,1.10134,1.10139,0.12,0.90
2022.03.04 00:59:14.112,1.10133,1.10138,2.34,0.12
2022.03.04 00:59:14.367,1.10134,1.10136,0.12,0.90
2022.03.04 00:59:14.469,1.10132,1.10137,0.99,0.99
2022.03.04 00:59:15.069,1.10132,1.10136,0.90,0.12
2022.03.04 00:59:15.587,1.10129,1.10133,3.15,0.12
2022.03.04 00:59:15.689,1.10129,1.10132,2.25,0.12
2022.03.04 00:59:15.791,1.10127,1.10131,1.35,0.12
2022.03.04 00:59:15.893,1.10128,1.10131,0.90,0.12
2022.03.04 00:59:16.047,1.10125,1.10129,0.45,0.90
2022.03.04 00:59:16.149,1.10124,1.10128,2.25,0.99
2022.03.04 00:59:16.251,1.10123,1.10128,1.89,0.99
2022.03.04 00:59:18.116,1.10123,1.10127,0.90,0.12
2022.03.04 00:59:20.021,1.10121,1.10125,0.90,0.90
2022.03.04 00:59:21.752,1.10124,1.10126,0.90,0.54
2022.03.04 00:59:22.109,1.10123,1.10126,0.45,0.12
2022.03.04 00:59:22.211,1.10122,1.10126,0.90,0.12
2022.03.04 00:59:23.148,1.1012,1.10124,0.45,0.12
2022.03.04 00:59:23.301,1.10121,1.10126,0.90,0.99
2022.03.04 00:59:23.404,1.10122,1.10127,3.15,0.99
2022.03.04 00:59:23.557,1.10123,1.10127,0.12,0.90
2022.03.04 00:59:23.745,1.10122,1.10127,2.70,0.99
2022.03.04 00:59:25.776,1.10123,1.10127,0.12,0.90
2022.03.04 00:59:26.474,1.10121,1.10126,0.99,0.90
2022.03.04 00:59:27.093,1.1012,1.10124,0.54,0.90
2022.03.04 00:59:27.602,1.10119,1.10124,0.99,0.90
2022.03.04 00:59:27.705,1.10119,1.10122,0.99,0.90
2022.03.04 00:59:28.265,1.10119,1.10123,0.22,0.90
2022.03.04 00:59:28.670,1.10119,1.10124,1.12,0.99
2022.03.04 00:59:34.470,1.10117,1.10121,0.12,1.80
2022.03.04 00:59:34.572,1.10116,1.1012,0.54,0.90
2022.03.04 00:59:34.725,1.10118,1.10123,0.99,2.43
2022.03.04 00:59:35.202,1.10122,1.10124,0.90,0.90
2022.03.04 00:59:35.253,1.10122,1.10126,2.25,2.43
2022.03.04 00:59:35.355,1.10123,1.10127,0.12,0.90
2022.03.04 00:59:35.864,1.10126,1.10128,0.90,0.90
2022.03.04 00:59:35.916,1.10127,1.1013,0.90,0.90
2022.03.04 00:59:36.019,1.10129,1.10133,0.90,1.53
2022.03.04 00:59:36.121,1.10128,1.10133,0.99,1.53
2022.03.04 00:59:36.223,1.10128,1.10134,0.99,0.99
2022.03.04 00:59:36.325,1.10129,1.10132,0.99,0.90
2022.03.04 00:59:37.134,1.10129,1.10134,0.90,1.21
2022.03.04 00:59:40.459,1.10128,1.10133,0.54,0.90
2022.03.04 00:59:40.511,1.10126,1.10132,1.44,2.79
2022.03.04 00:59:40.613,1.10126,1.10129,0.45,0.90
2022.03.04 00:59:40.716,1.10125,1.1013,1.21,0.90
2022.03.04 00:59:42.049,1.10124,1.10129,1.57,0.99
2022.03.04 00:59:42.151,1.10124,1.10128,0.90,1.80
2022.03.04 00:59:42.253,1.10125,1.10128,1.12,0.99
2022.03.04 00:59:42.356,1.10127,1.10131,0.45,2.88
2022.03.04 00:59:42.509,1.10129,1.10131,0.90,1.53
2022.03.04 00:59:42.560,1.10129,1.10134,0.90,0.99
2022.03.04 00:59:45.580,1.10125,1.10129,2.34,0.90
2022.03.04 00:59:45.733,1.10125,1.10128,0.99,0.90
2022.03.04 00:59:45.835,1.10124,1.10128,0.12,0.90
2022.03.04 00:59:46.603,1.10123,1.10128,0.99,0.90
2022.03.04 00:59:46.870,1.10123,1.10127,0.12,0.90
2022.03.04 00:59:46.972,1.10124,1.10127,0.12,0.90
2022.03.04 00:59:48.026,1.10125,1.10127,0.12,0.90
2022.03.04 00:59:48.643,1.10125,1.10129,0.12,0.90
2022.03.04 00:59:48.745,1.10124,1.10129,0.99,0.90
2022.03.04 00:59:50.112,1.10124,1.10128,0.12,0.90
2022.03.04 00:59:50.679,1.10127,1.1013,2.11,1.53
2022.03.04 00:59:50.731,1.10128,1.10133,2.11,2.43
2022.03.04 00:59:50.833,1.1013,1.10132,0.22,2.43
2022.03.04 00:59:50.987,1.10128,1.10133,1.66,2.43
2022.03.04 00:59:51.192,1.10128,1.10131,0.90,0.90
2022.03.04 00:59:51.419,1.10127,1.10131,0.90,0.90
2022.03.04 00:59:51.572,1.10126,1.1013,0.12,0.90
2022.03.04 00:59:51.674,1.10124,1.10129,0.90,0.90
2022.03.04 00:59:51.726,1.10123,1.10127,2.34,0.90
2022.03.04 00:59:51.828,1.10123,1.10126,3.15,0.90
2022.03.04 00:59:52.082,1.10123,1.10128,0.90,0.90
2022.03.04 00:59:52.985,1.10124,1.10128,0.12,0.90
2022.03.04 00:59:53.513,1.10123,1.10128,0.99,0.99
2022.03.04 00:59:54.798,1.10123,1.10127,0.12,0.90
2022.03.04 00:59:55.902,1.10124,1.10128,0.54,0.90
2022.03.04 00:59:56.004,1.10125,1.1013,0.99,2.52
2022.03.04 00:59:56.106,1.10127,1.10131,0.12,0.90
2022.03.04 00:59:56.208,1.10126,1.10131,1.89,0.99
2022.03.04 00:59:56.412,1.10128,1.1013,0.12,0.90
2022.03.04 00:59:56.514,1.10128,1.10132,0.12,0.90
2022.03.04 00:59:56.623,1.10129,1.10132,0.12,0.90
2022.03.04 00:59:56.890,1.10128,1.10132,0.12,0.90
2022.03.04 00:59:57.409,1.10127,1.10132,0.99,0.99
2022.03.04 00:59:57.511,1.10126,1.1013,0.54,0.90
2022.03.04 00:59:57.613,1.10125,1.1013,0.99,0.99
2022.03.04 00:59:58.327,1.10125,1.10129,0.12,0.90
2022.03.04 00:59:59.642,1.10124,1.10129,0.99,0.99
