2012.04.02 10:00:00.875,1.33519,1.33526,1.50,4.88
2012.04.02 10:00:01.244,1.33515,1.33522,4.69,1.13
2012.04.02 10:00:01.786,1.33512,1.33517,1.50,1.13
2012.04.02 10:00:01.999,1.3351,1.33517,1.50,1.13
2012.04.02 10:00:02.554,1.33511,1.33517,1.50,1.13
2012.04.02 10:00:05.229,1.3351,1.33517,1.50,1.13
2012.04.02 10:00:06.449,1.3351,1.33519,2.25,3.60
2012.04.02 10:00:06.663,1.33511,1.33519,2.40,2.25
2012.04.02 10:00:07.218,1.33514,1.33522,1.88,2.63
2012.04.02 10:00:07.714,1.33513,1.33518,3.38,2.63
2012.04.02 10:00:07.938,1.33513,1.33522,1.50,7.35
2012.04.02 10:00:08.501,1.33513,1.3352,1.50,1.88
2012.04.02 10:00:08.842,1.33514,1.33518,1.50,4.69
2012.04.02 10:00:08.999,1.33509,1.33515,1.50,3.00
2012.04.02 10:00:09.084,1.33506,1.33513,3.38,1.50
2012.04.02 10:00:10.504,1.33505,1.33512,2.25,1.13
2012.04.02 10:00:11.433,1.33511,1.33516,2.25,1.13
2012.04.02 10:00:11.988,1.33511,1.33517,3.00,1.13
2012.04.02 10:00:12.531,1.33511,1.33517,3.19,1.13
2012.04.02 10:00:13.076,1.33512,1.3352,1.50,7.95
2012.04.02 10:00:13.797,1.33513,1.33519,1.13,1.50
2012.04.02 10:00:14.124,1.33513,1.33518,1.50,1.13
2012.04.02 10:00:14.407,1.33506,1.33513,3.75,1.13
2012.04.02 10:00:14.487,1.33509,1.33513,1.13,1.13
2012.04.02 10:00:14.915,1.33512,1.33518,3.38,1.39
2012.04.02 10:00:15.003,1.33513,1.3352,2.25,1.13
2012.04.02 10:00:15.085,1.33515,1.33523,3.00,6.30
2012.04.02 10:00:15.251,1.33517,1.33524,3.00,1.88
2012.04.02 10:00:15.746,1.33516,1.33521,1.50,1.13
2012.04.02 10:00:16.254,1.33517,1.33521,1.50,1.13
2012.04.02 10:00:16.816,1.33517,1.33522,1.50,1.88
2012.04.02 10:00:17.180,1.33514,1.33518,1.50,1.13
2012.04.02 10:00:17.262,1.33515,1.33521,1.50,4.17
2012.04.02 10:00:17.474,1.33516,1.33523,1.50,8.10
2012.04.02 10:00:17.622,1.33518,1.33523,2.25,1.88
2012.04.02 10:00:18.679,1.33519,1.33523,1.50,1.88
2012.04.02 10:00:19.218,1.33519,1.33524,1.50,2.25
2012.04.02 10:00:20.353,1.33517,1.33523,3.00,2.10
2012.04.02 10:00:20.424,1.33519,1.33524,1.50,3.23
2012.04.02 10:00:20.503,1.33517,1.33524,2.25,3.23
2012.04.02 10:00:20.576,1.33518,1.33524,1.50,3.98
2012.04.02 10:00:20.921,1.33518,1.33522,1.50,1.13
2012.04.02 10:00:21.865,1.33518,1.33524,2.25,2.48
2012.04.02 10:00:22.089,1.3352,1.33525,1.50,2.25
2012.04.02 10:00:22.379,1.3352,1.33527,3.00,3.00
2012.04.02 10:00:22.900,1.3352,1.33527,3.00,3.00
2012.04.02 10:00:23.526,1.33523,1.33527,1.50,1.88
2012.04.02 10:00:24.100,1.33523,1.33528,1.50,1.50
2012.04.02 10:00:25.404,1.33523,1.33529,3.00,1.13
2012.04.02 10:00:25.750,1.33525,1.33531,2.63,1.88
2012.04.02 10:00:29.712,1.33525,1.33532,3.00,2.63
2012.04.02 10:00:29.981,1.33525,1.33531,1.50,1.50
2012.04.02 10:00:30.521,1.33525,1.33532,2.25,3.38
2012.04.02 10:00:31.033,1.33526,1.33533,2.25,2.25
2012.04.02 10:00:31.310,1.33526,1.33533,2.25,1.88
2012.04.02 10:00:31.795,1.33528,1.33534,1.50,4.13
2012.04.02 10:00:32.140,1.3353,1.33535,1.50,1.88
2012.04.02 10:00:32.666,1.3353,1.33535,1.50,1.88
2012.04.02 10:00:33.233,1.33533,1.33537,1.50,1.32
2012.04.02 10:00:33.517,1.33531,1.33537,1.50,3.19
2012.04.02 10:00:34.052,1.33531,1.33537,1.50,3.19
2012.04.02 10:00:35.316,1.33531,1.33537,1.50,1.50
2012.04.02 10:00:35.406,1.33536,1.33545,1.13,5.82
2012.04.02 10:00:35.834,1.33541,1.33546,1.50,1.02
2012.04.02 10:00:36.006,1.33541,1.33546,1.50,1.69
2012.04.02 10:00:36.157,1.33541,1.33548,2.63,1.13
2012.04.02 10:00:36.235,1.33543,1.33549,1.50,5.85
2012.04.02 10:00:37.545,1.33544,1.33549,1.50,1.88
2012.04.02 10:00:37.906,1.33548,1.33553,1.50,3.82
2012.04.02 10:00:38.402,1.33545,1.33553,4.13,3.42
2012.04.02 10:00:38.615,1.33545,1.33553,2.63,1.92
2012.04.02 10:00:38.771,1.33549,1.33556,1.13,3.57
2012.04.02 10:00:39.322,1.33549,1.33555,1.88,1.32
2012.04.02 10:00:39.683,1.33554,1.33559,1.13,4.77
2012.04.02 10:00:39.767,1.33554,1.33558,1.13,2.44
2012.04.02 10:00:40.550,1.33554,1.3356,1.13,2.07
2012.04.02 10:00:41.111,1.33554,1.33561,1.13,2.29
2012.04.02 10:00:41.644,1.33555,1.33562,1.50,3.19
2012.04.02 10:00:41.724,1.33556,1.33564,1.88,3.23
2012.04.02 10:00:41.800,1.33557,1.33564,1.88,1.13
2012.04.02 10:00:42.419,1.33559,1.33565,1.50,2.63
2012.04.02 10:00:42.727,1.33561,1.33567,1.50,1.13
2012.04.02 10:00:43.282,1.3356,1.33567,1.50,2.25
2012.04.02 10:00:44.906,1.3356,1.33566,1.50,1.88
2012.04.02 10:00:45.452,1.33559,1.33566,3.38,1.13
2012.04.02 10:00:47.481,1.33559,1.33566,2.25,1.88
2012.04.02 10:00:48.044,1.33559,1.33567,2.25,3.00
2012.04.02 10:00:48.481,1.33558,1.33567,2.25,3.00
2012.04.02 10:00:50.128,1.33557,1.33565,2.25,6.42
2012.04.02 10:00:50.420,1.33553,1.3356,4.13,2.25
2012.04.02 10:00:51.394,1.33556,1.3356,1.13,1.13
2012.04.02 10:00:51.549,1.33556,1.33563,1.13,4.35
2012.04.02 10:00:52.034,1.33556,1.33561,1.88,1.50
2012.04.02 10:00:57.057,1.33554,1.33561,1.50,1.50
2012.04.02 10:00:57.274,1.33556,1.33561,1.13,1.50
2012.04.02 10:00:57.661,1.33556,1.33563,1.88,2.67
2012.04.02 10:00:57.749,1.33557,1.33564,2.82,1.50
2012.04.02 10:00:58.303,1.33559,1.33566,2.25,1.88
2012.04.02 10:00:58.854,1.33559,1.33565,1.50,1.50
2012.04.02 10:00:58.994,1.3356,1.33567,1.88,3.00
2012.04.02 10:00:59.385,1.3356,1.33569,4.13,3.57
2012.04.02 10:00:59.465,1.3356,1.33568,2.63,1.50
2012.04.02 10:01:00.912,1.33562,1.33568,1.88,1.50
2012.04.02 10:01:01.454,1.33562,1.33569,2.82,2.25
2012.04.02 10:01:04.139,1.33562,1.33569,1.88,2.25
2012.04.02 10:01:05.350,1.33562,1.33569,1.13,3.00
2012.04.02 10:01:05.492,1.33559,1.33568,1.50,4.13
2012.04.02 10:01:05.701,1.33559,1.33566,1.50,1.50
2012.04.02 10:01:06.635,1.33558,1.33566,3.38,1.50
2012.04.02 10:01:08.894,1.33559,1.33567,1.50,2.07
2012.04.02 10:01:09.540,1.33559,1.33565,1.50,1.50
2012.04.02 10:01:10.383,1.3356,1.33565,1.50,1.50
2012.04.02 10:01:10.651,1.3356,1.33567,1.50,2.07
2012.04.02 10:01:12.908,1.33559,1.33568,1.69,4.13
2012.04.02 10:01:13.183,1.33558,1.33565,2.07,1.50
2012.04.02 10:01:13.394,1.33558,1.33567,2.07,3.00
2012.04.02 10:01:13.675,1.33558,1.33566,2.07,1.88
2012.04.02 10:01:14.043,1.33556,1.33564,2.25,1.50
2012.04.02 10:01:14.603,1.33556,1.33565,2.25,2.63
2012.04.02 10:01:16.876,1.33557,1.33565,1.50,2.63
2012.04.02 10:01:20.487,1.33557,1.33565,1.50,4.32
2012.04.02 10:01:20.593,1.33554,1.33559,2.25,1.88
2012.04.02 10:01:20.752,1.33551,1.33557,1.50,1.88
2012.04.02 10:01:20.836,1.33549,1.33555,2.63,1.88
2012.04.02 10:01:21.149,1.33545,1.33551,2.44,1.13
2012.04.02 10:01:21.231,1.33545,1.33551,1.50,1.13
2012.04.02 10:01:21.789,1.33543,1.3355,2.82,1.50
2012.04.02 10:01:23.232,1.33544,1.3355,1.50,1.50
2012.04.02 10:01:24.583,1.33544,1.33552,1.88,1.88
2012.04.02 10:01:24.725,1.33543,1.3355,1.50,1.50
2012.04.02 10:01:25.024,1.33541,1.33546,1.50,1.50
2012.04.02 10:01:25.585,1.33541,1.33548,1.50,1.50
2012.04.02 10:01:26.135,1.33541,1.33547,1.50,3.38
2012.04.02 10:01:26.560,1.3354,1.33547,1.50,2.63
2012.04.02 10:01:26.709,1.33538,1.33546,1.69,1.88
2012.04.02 10:01:26.930,1.33537,1.33543,1.69,1.88
2012.04.02 10:01:27.343,1.33536,1.33542,1.50,2.63
2012.04.02 10:01:27.902,1.33535,1.33541,2.25,1.50
2012.04.02 10:01:28.260,1.33536,1.33545,1.50,4.13
2012.04.02 10:01:28.543,1.33538,1.33544,1.50,2.25
2012.04.02 10:01:29.362,1.33536,1.33542,1.50,1.50
2012.04.02 10:01:29.890,1.33534,1.33541,2.07,1.50
2012.04.02 10:01:30.420,1.33534,1.33542,4.88,2.63
2012.04.02 10:01:33.118,1.33537,1.33542,1.50,1.13
2012.04.02 10:01:38.677,1.33535,1.33542,2.63,2.25
2012.04.02 10:01:38.954,1.33535,1.33542,1.13,3.00
2012.04.02 10:01:39.293,1.33533,1.33537,1.50,1.88
2012.04.02 10:01:39.372,1.33529,1.33537,7.95,3.38
2012.04.02 10:01:39.524,1.3353,1.33535,1.95,1.50
2012.04.02 10:01:40.087,1.33527,1.33534,1.50,1.13
2012.04.02 10:01:41.339,1.33526,1.33536,3.00,4.13
2012.04.02 10:01:42.222,1.33527,1.33536,1.50,4.13
2012.04.02 10:01:42.422,1.33527,1.33536,2.25,4.13
2012.04.02 10:01:43.277,1.33529,1.33536,1.50,3.38
2012.04.02 10:01:43.820,1.33527,1.33536,1.50,3.57
2012.04.02 10:01:44.380,1.33527,1.33536,1.50,3.57
2012.04.02 10:01:47.598,1.33527,1.33533,1.50,1.13
2012.04.02 10:01:48.671,1.33526,1.33532,1.13,1.13
2012.04.02 10:01:48.879,1.33526,1.33532,1.13,1.13
2012.04.02 10:01:51.899,1.33526,1.33532,1.88,1.13
2012.04.02 10:01:52.420,1.33526,1.33533,3.57,1.13
2012.04.02 10:01:52.762,1.33528,1.33535,1.50,1.88
2012.04.02 10:01:52.903,1.33526,1.33533,4.32,1.13
2012.04.02 10:01:53.773,1.33526,1.33533,3.57,1.13
2012.04.02 10:01:54.313,1.33526,1.33535,4.13,1.88
2012.04.02 10:01:54.857,1.33526,1.33531,1.88,1.13
2012.04.02 10:01:55.503,1.33526,1.33531,1.88,1.13
2012.04.02 10:01:56.908,1.33526,1.33533,4.17,1.13
2012.04.02 10:01:57.055,1.33527,1.33533,2.25,1.13
2012.04.02 10:01:57.345,1.33527,1.33535,4.13,1.88
2012.04.02 10:01:57.984,1.3353,1.33535,1.50,1.13
2012.04.02 10:01:58.607,1.3353,1.33536,1.50,1.13
2012.04.02 10:01:59.193,1.3353,1.33536,2.25,1.13
2012.04.02 10:01:59.731,1.3353,1.33536,1.50,1.13
2012.04.02 10:02:00.277,1.3353,1.33536,2.25,1.13
2012.04.02 10:02:00.792,1.3353,1.33536,1.50,1.13
2012.04.02 10:02:02.092,1.3353,1.33536,2.25,1.13
2012.04.02 10:02:02.642,1.33529,1.33536,3.00,1.13
2012.04.02 10:02:06.744,1.33529,1.33538,3.00,2.25
2012.04.02 10:02:07.290,1.33531,1.33538,1.50,1.13
2012.04.02 10:02:08.003,1.33528,1.33533,1.13,1.13
2012.04.02 10:02:08.152,1.33527,1.33533,2.25,1.13
2012.04.02 10:02:08.293,1.33527,1.33535,3.00,2.07
2012.04.02 10:02:08.842,1.33528,1.33535,1.50,1.88
2012.04.02 10:02:10.142,1.33529,1.33535,1.50,1.13
2012.04.02 10:02:10.211,1.33528,1.33535,2.25,1.13
2012.04.02 10:02:10.770,1.33529,1.33535,2.25,1.13
2012.04.02 10:02:11.652,1.33528,1.33535,2.44,1.13
2012.04.02 10:02:11.720,1.33529,1.33535,1.69,1.13
2012.04.02 10:02:12.226,1.33529,1.33537,1.69,2.25
2012.04.02 10:02:12.593,1.3353,1.33538,1.50,1.50
2012.04.02 10:02:30.901,1.3353,1.33539,1.50,4.35
2012.04.02 10:02:31.242,1.3353,1.33536,1.50,1.13
2012.04.02 10:02:31.454,1.33527,1.33533,1.50,1.32
2012.04.02 10:02:31.532,1.33526,1.33534,2.63,1.32
2012.04.02 10:02:31.609,1.33525,1.33531,2.25,1.13
2012.04.02 10:02:33.357,1.33525,1.33534,1.50,2.44
2012.04.02 10:02:33.834,1.33525,1.33533,2.82,1.13
2012.04.02 10:02:34.783,1.33526,1.33533,1.50,2.63
2012.04.02 10:02:35.399,1.33524,1.33531,1.69,1.13
2012.04.02 10:02:36.494,1.33523,1.33531,1.88,1.88
2012.04.02 10:02:36.908,1.33519,1.33525,3.25,1.88
2012.04.02 10:02:36.989,1.33519,1.33524,3.25,2.44
2012.04.02 10:02:37.075,1.33514,1.33518,2.25,1.13
2012.04.02 10:02:37.547,1.33512,1.33518,2.25,1.50
2012.04.02 10:02:37.691,1.33512,1.33521,2.25,12.04
2012.04.02 10:02:38.125,1.33513,1.33519,1.50,3.75
2012.04.02 10:02:38.282,1.33511,1.33519,1.50,5.25
2012.04.02 10:02:39.294,1.33511,1.33518,1.50,1.50
2012.04.02 10:02:39.841,1.3351,1.33518,1.50,1.50
2012.04.02 10:02:40.172,1.3351,1.33516,1.50,1.50
2012.04.02 10:02:41.167,1.3351,1.33518,3.75,2.25
2012.04.02 10:02:41.738,1.33511,1.3352,4.13,6.64
2012.04.02 10:02:43.287,1.33511,1.33518,1.88,1.50
2012.04.02 10:02:43.643,1.3351,1.33518,2.63,1.50
2012.04.02 10:02:43.927,1.33509,1.33516,2.07,1.50
2012.04.02 10:02:44.755,1.3351,1.33517,2.25,1.13
2012.04.02 10:02:45.286,1.33509,1.33516,2.07,1.50
2012.04.02 10:02:46.520,1.3351,1.33517,3.75,1.13
2012.04.02 10:02:47.739,1.3351,1.33517,3.00,1.13
2012.04.02 10:02:48.366,1.3351,1.33518,3.00,1.50
2012.04.02 10:02:49.112,1.3351,1.33517,2.25,1.50
2012.04.02 10:02:50.935,1.33509,1.33517,2.82,1.50
2012.04.02 10:02:53.339,1.3351,1.33518,3.00,2.63
2012.04.02 10:02:54.288,1.3351,1.33518,4.88,1.50
2012.04.02 10:02:54.809,1.33511,1.33518,1.50,1.50
2012.04.02 10:02:55.587,1.33517,1.33521,1.13,3.23
2012.04.02 10:02:55.935,1.33517,1.33524,2.07,1.50
2012.04.02 10:02:56.067,1.33521,1.33526,1.13,1.88
2012.04.02 10:02:56.540,1.3352,1.33528,3.38,2.25
2012.04.02 10:02:57.078,1.3352,1.33527,2.63,1.50
2012.04.02 10:02:59.304,1.33521,1.33527,1.88,1.50
2012.04.02 10:02:59.872,1.33521,1.33528,3.38,2.25
2012.04.02 10:03:00.381,1.33521,1.33528,3.38,1.50
2012.04.02 10:03:01.406,1.33522,1.33527,1.88,1.50
2012.04.02 10:03:01.972,1.33522,1.33528,1.88,1.50
2012.04.02 10:03:02.897,1.33521,1.33528,2.63,1.50
2012.04.02 10:03:03.044,1.33521,1.33528,3.38,1.50
2012.04.02 10:03:04.318,1.33521,1.33528,1.88,1.50
2012.04.02 10:03:05.147,1.33522,1.33528,1.50,1.50
2012.04.02 10:03:05.223,1.33522,1.3353,1.50,3.75
2012.04.02 10:03:05.759,1.33522,1.33529,2.25,1.50
2012.04.02 10:03:06.549,1.33522,1.33529,1.50,1.50
2012.04.02 10:03:07.111,1.33522,1.3353,3.00,2.25
2012.04.02 10:03:07.981,1.33522,1.3353,3.00,1.50
2012.04.02 10:03:09.023,1.33524,1.33531,2.25,1.32
2012.04.02 10:03:10.723,1.33523,1.33531,3.38,2.63
2012.04.02 10:03:11.292,1.33522,1.33528,1.50,1.50
2012.04.02 10:03:11.844,1.33521,1.33527,1.50,1.13
2012.04.02 10:03:12.067,1.33519,1.33526,3.75,1.13
2012.04.02 10:03:12.217,1.33518,1.33523,1.88,1.13
2012.04.02 10:03:12.772,1.33518,1.33526,2.25,1.50
2012.04.02 10:03:13.008,1.33523,1.33528,2.25,2.25
2012.04.02 10:03:13.089,1.33525,1.3353,1.50,2.07
2012.04.02 10:03:13.712,1.33526,1.3353,1.50,1.13
2012.04.02 10:03:14.599,1.33526,1.3353,1.50,1.13
2012.04.02 10:03:15.110,1.33527,1.33532,1.50,1.32
2012.04.02 10:03:15.725,1.33524,1.3353,2.25,1.13
2012.04.02 10:03:17.567,1.33526,1.33531,2.82,1.50
2012.04.02 10:03:17.786,1.33526,1.33534,3.57,1.88
2012.04.02 10:03:18.157,1.33528,1.33541,6.38,3.38
2012.04.02 10:03:18.470,1.33527,1.33534,1.50,2.63
2012.04.02 10:03:18.973,1.33528,1.33534,1.50,1.13
2012.04.02 10:03:20.031,1.33531,1.33541,5.44,4.35
2012.04.02 10:03:20.120,1.33537,1.33543,4.88,4.50
2012.04.02 10:03:20.199,1.33539,1.33545,1.50,1.13
2012.04.02 10:03:20.277,1.33539,1.33545,3.00,1.13
2012.04.02 10:03:20.854,1.3354,1.33545,2.25,1.13
2012.04.02 10:03:22.887,1.33539,1.33544,1.50,1.13
2012.04.02 10:03:23.418,1.33539,1.33544,1.50,1.13
2012.04.02 10:03:25.740,1.33539,1.33544,1.50,1.13
2012.04.02 10:03:26.468,1.33537,1.33545,2.25,2.25
2012.04.02 10:03:26.890,1.33536,1.33543,1.50,2.25
2012.04.02 10:03:27.653,1.33536,1.33543,1.50,1.50
2012.04.02 10:03:29.123,1.33536,1.33543,1.50,3.38
2012.04.02 10:03:29.474,1.33532,1.33536,1.50,1.13
2012.04.02 10:03:29.684,1.3353,1.33534,1.50,1.13
2012.04.02 10:03:30.130,1.33527,1.33534,2.25,1.88
2012.04.02 10:03:30.276,1.3353,1.33534,1.50,1.88
2012.04.02 10:03:32.715,1.33528,1.33534,1.50,1.35
2012.04.02 10:03:32.807,1.33526,1.33531,2.25,1.13
2012.04.02 10:03:35.752,1.33525,1.33532,1.50,1.50
2012.04.02 10:03:36.103,1.33524,1.33531,2.63,2.10
2012.04.02 10:03:36.178,1.33524,1.33531,1.50,3.98
2012.04.02 10:03:36.684,1.33523,1.3353,1.50,1.32
2012.04.02 10:03:37.158,1.3352,1.33529,1.50,3.57
2012.04.02 10:03:37.749,1.33521,1.33529,1.50,3.57
2012.04.02 10:03:38.764,1.3352,1.33529,1.50,5.82
2012.04.02 10:03:38.900,1.3352,1.33526,1.50,1.50
2012.04.02 10:03:44.291,1.33521,1.33529,1.88,4.32
2012.04.02 10:03:47.252,1.33521,1.33529,1.88,5.07
2012.04.02 10:03:48.919,1.33521,1.33529,1.88,5.07
2012.04.02 10:03:49.438,1.33521,1.33529,1.88,3.57
2012.04.02 10:03:49.990,1.33521,1.33529,2.03,4.32
2012.04.02 10:03:50.332,1.33522,1.33531,1.50,5.44
2012.04.02 10:03:50.756,1.33522,1.33528,1.88,2.25
2012.04.02 10:03:50.971,1.33521,1.33526,2.25,1.50
2012.04.02 10:03:53.910,1.33519,1.33526,3.00,2.25
2012.04.02 10:03:54.436,1.33518,1.33526,1.69,3.00
2012.04.02 10:03:54.933,1.33518,1.33525,1.50,1.13
2012.04.02 10:03:55.459,1.33516,1.33525,3.38,1.88
2012.04.02 10:03:58.399,1.33518,1.33524,1.50,1.50
2012.04.02 10:03:59.172,1.33518,1.33525,3.75,1.32
2012.04.02 10:03:59.384,1.33519,1.33528,1.50,4.32
2012.04.02 10:03:59.926,1.33519,1.33528,1.69,4.13
2012.04.02 10:04:00.202,1.33519,1.33528,2.44,4.13
2012.04.02 10:04:00.391,1.33519,1.33528,2.44,4.13
2012.04.02 10:04:00.936,1.3352,1.33528,1.13,4.13
2012.04.02 10:04:01.263,1.33523,1.33528,1.50,1.13
2012.04.02 10:04:01.812,1.33521,1.33528,2.25,1.88
2012.04.02 10:04:02.530,1.33521,1.33528,2.25,1.88
2012.04.02 10:04:06.219,1.33521,1.33528,2.25,1.88
2012.04.02 10:04:07.319,1.33521,1.33528,1.50,1.88
2012.04.02 10:04:07.693,1.33521,1.33526,1.50,1.13
2012.04.02 10:04:08.242,1.33518,1.33526,4.69,1.88
2012.04.02 10:04:08.681,1.33518,1.33526,2.25,1.88
2012.04.02 10:04:09.661,1.33518,1.33526,2.25,1.88
2012.04.02 10:04:10.274,1.33518,1.33526,2.25,2.63
2012.04.02 10:04:10.361,1.33517,1.33524,1.88,2.63
2012.04.02 10:04:10.579,1.33514,1.33521,4.73,3.19
2012.04.02 10:04:11.157,1.33512,1.3352,3.75,2.63
2012.04.02 10:04:12.051,1.33514,1.3352,1.50,1.13
2012.04.02 10:04:12.577,1.33512,1.3352,2.25,1.88
2012.04.02 10:04:12.663,1.33511,1.33519,2.25,3.38
2012.04.02 10:04:13.637,1.3351,1.33517,1.50,1.88
2012.04.02 10:04:16.430,1.3351,1.33516,1.50,1.13
2012.04.02 10:04:16.796,1.33509,1.33515,1.69,1.73
2012.04.02 10:04:16.878,1.33502,1.33508,3.19,1.73
2012.04.02 10:04:16.966,1.33501,1.33508,2.25,2.33
2012.04.02 10:04:17.251,1.335,1.33508,4.13,4.58
2012.04.02 10:04:17.888,1.335,1.33507,3.00,1.73
2012.04.02 10:04:20.467,1.335,1.33506,2.25,1.73
2012.04.02 10:04:21.015,1.33498,1.33506,1.50,1.73
2012.04.02 10:04:22.657,1.33498,1.33505,3.57,1.20
2012.04.02 10:04:22.946,1.33496,1.33503,1.50,1.32
2012.04.02 10:04:23.248,1.3349,1.33503,1.50,2.07
2012.04.02 10:04:23.741,1.33493,1.33502,1.88,2.25
2012.04.02 10:04:25.123,1.33492,1.33499,2.48,1.13
2012.04.02 10:04:28.340,1.33492,1.335,2.63,1.28
2012.04.02 10:04:29.569,1.33492,1.33498,1.50,1.13
2012.04.02 10:04:29.984,1.3349,1.33498,4.09,2.03
2012.04.02 10:04:30.524,1.3349,1.33498,2.25,2.78
2012.04.02 10:04:30.852,1.3349,1.33496,1.13,1.13
2012.04.02 10:04:31.864,1.33488,1.33492,1.88,3.75
2012.04.02 10:04:32.014,1.33484,1.33489,1.13,1.13
2012.04.02 10:04:32.213,1.33483,1.33489,1.50,2.78
2012.04.02 10:04:32.955,1.33482,1.33489,3.00,1.13
2012.04.02 10:04:34.981,1.33483,1.33489,2.63,1.50
2012.04.02 10:04:35.129,1.33486,1.33491,1.50,3.00
2012.04.02 10:04:35.346,1.33486,1.33494,4.88,1.13
2012.04.02 10:04:35.858,1.33487,1.33495,3.75,2.25
2012.04.02 10:04:36.410,1.33489,1.33496,2.25,1.88
2012.04.02 10:04:36.956,1.33489,1.33495,2.25,1.13
2012.04.02 10:04:37.041,1.33487,1.33495,2.25,7.24
2012.04.02 10:04:37.124,1.33489,1.33495,1.50,2.74
2012.04.02 10:04:37.342,1.33488,1.33496,4.69,2.25
2012.04.02 10:04:37.422,1.33488,1.33494,3.94,1.88
2012.04.02 10:04:37.741,1.33488,1.33492,2.25,1.13
2012.04.02 10:04:37.964,1.33486,1.33494,1.50,1.13
2012.04.02 10:04:39.969,1.33487,1.33493,1.50,1.13
2012.04.02 10:04:40.244,1.33488,1.33494,2.25,1.13
2012.04.02 10:04:41.874,1.33487,1.33494,1.50,1.88
2012.04.02 10:04:42.423,1.33486,1.33494,3.00,2.63
2012.04.02 10:04:43.152,1.33486,1.33493,3.00,1.13
2012.04.02 10:04:43.491,1.33487,1.33494,1.50,2.63
2012.04.02 10:04:43.993,1.33488,1.33496,4.69,3.38
2012.04.02 10:04:44.542,1.33489,1.33496,2.63,2.25
2012.04.02 10:04:45.173,1.33489,1.33496,1.88,2.25
2012.04.02 10:04:46.169,1.33489,1.33496,1.88,2.25
2012.04.02 10:04:46.460,1.33488,1.33496,2.63,1.88
2012.04.02 10:04:46.536,1.33488,1.33494,1.50,1.88
2012.04.02 10:04:46.682,1.33487,1.33494,1.50,1.88
2012.04.02 10:04:47.374,1.33488,1.33496,2.63,2.25
2012.04.02 10:04:47.803,1.33488,1.33496,2.63,1.88
2012.04.02 10:04:47.876,1.33488,1.33496,1.88,2.33
2012.04.02 10:04:47.953,1.33488,1.33494,1.13,1.50
2012.04.02 10:04:48.534,1.33488,1.33495,1.88,1.95
2012.04.02 10:04:50.692,1.33487,1.33494,1.50,1.13
2012.04.02 10:04:52.639,1.33488,1.33495,1.50,1.13
2012.04.02 10:04:53.201,1.33488,1.33495,2.25,1.13
2012.04.02 10:04:53.598,1.33489,1.33497,1.50,3.08
2012.04.02 10:04:54.100,1.33489,1.33497,1.50,3.83
2012.04.02 10:04:54.452,1.33491,1.33497,1.50,1.50
2012.04.02 10:04:55.125,1.33491,1.33498,1.50,1.13
2012.04.02 10:04:55.877,1.33492,1.33498,1.50,1.13
2012.04.02 10:04:55.965,1.33493,1.335,2.25,1.13
2012.04.02 10:04:56.044,1.33493,1.33501,2.25,3.64
2012.04.02 10:04:56.181,1.33493,1.33498,1.50,1.20
2012.04.02 10:04:56.689,1.33492,1.33499,2.25,1.35
2012.04.02 10:04:57.224,1.33492,1.33499,2.25,1.35
2012.04.02 10:04:57.773,1.33492,1.335,3.00,3.75
2012.04.02 10:04:57.982,1.33492,1.33499,1.50,2.48
2012.04.02 10:04:58.781,1.33492,1.33498,1.50,1.35
2012.04.02 10:04:59.004,1.3349,1.33494,1.50,1.35
2012.04.02 10:04:59.078,1.3349,1.33494,1.50,1.35
2012.04.02 10:04:59.155,1.33487,1.33495,4.13,2.67
2012.04.02 10:04:59.384,1.33488,1.33495,2.25,2.07
2012.04.02 10:04:59.459,1.33488,1.33495,1.50,2.67
2012.04.02 10:04:59.675,1.33489,1.33495,2.25,2.07
2012.04.02 10:05:00.309,1.33488,1.33495,1.50,2.82
2012.04.02 10:05:00.458,1.33488,1.33495,1.50,1.32
2012.04.02 10:05:01.020,1.3349,1.33497,1.50,1.32
2012.04.02 10:05:02.872,1.33487,1.33494,2.63,2.25
2012.04.02 10:05:03.428,1.33487,1.33494,1.50,4.13
2012.04.02 10:05:03.781,1.33487,1.33492,1.50,2.10
2012.04.02 10:05:04.713,1.33488,1.33494,1.50,1.88
2012.04.02 10:05:05.662,1.33488,1.33495,2.25,1.13
2012.04.02 10:05:06.082,1.3349,1.33496,2.25,1.13
2012.04.02 10:05:06.647,1.33491,1.33496,1.50,1.13
2012.04.02 10:05:06.886,1.3349,1.33497,1.88,1.32
2012.04.02 10:05:07.319,1.33491,1.33498,2.25,4.69
2012.04.02 10:05:07.399,1.3349,1.33498,3.38,3.00
2012.04.02 10:05:09.097,1.33489,1.33497,3.38,1.13
2012.04.02 10:05:09.243,1.33489,1.33497,4.13,1.88
2012.04.02 10:05:09.928,1.33489,1.33496,1.88,3.00
2012.04.02 10:05:10.475,1.33487,1.33495,1.50,3.00
2012.04.02 10:05:11.613,1.33486,1.33494,3.19,4.88
2012.04.02 10:05:11.682,1.33486,1.33491,3.19,1.13
2012.04.02 10:05:15.500,1.33487,1.33494,1.99,1.88
2012.04.02 10:05:15.696,1.33487,1.33494,1.99,1.88
2012.04.02 10:05:16.103,1.33488,1.33495,2.25,3.00
2012.04.02 10:05:16.651,1.33488,1.33495,1.50,3.75
2012.04.02 10:05:17.182,1.33487,1.33495,2.44,3.75
2012.04.02 10:05:18.522,1.33487,1.33495,3.75,1.88
2012.04.02 10:05:19.254,1.3349,1.33495,1.50,2.63
2012.04.02 10:05:19.395,1.33488,1.33495,2.25,2.63
2012.04.02 10:05:21.118,1.33488,1.33495,2.25,2.63
2012.04.02 10:05:21.982,1.33488,1.33495,2.25,2.63
2012.04.02 10:05:24.600,1.33488,1.33495,2.25,3.75
2012.04.02 10:05:25.322,1.33486,1.33494,1.69,1.50
2012.04.02 10:05:25.398,1.33488,1.33494,1.50,1.50
2012.04.02 10:05:28.346,1.33486,1.3349,1.50,1.13
2012.04.02 10:05:28.724,1.33484,1.3349,1.50,1.13
2012.04.02 10:05:29.442,1.33485,1.3349,1.50,1.88
2012.04.02 10:05:29.611,1.33485,1.33492,2.63,1.13
2012.04.02 10:05:29.884,1.33485,1.33489,1.88,1.13
2012.04.02 10:05:30.432,1.33486,1.33494,2.25,3.00
2012.04.02 10:05:32.204,1.33486,1.33492,2.25,1.13
2012.04.02 10:05:32.553,1.33486,1.33494,2.25,1.88
2012.04.02 10:05:33.239,1.33488,1.33494,1.50,2.25
2012.04.02 10:05:33.513,1.33486,1.33494,2.25,3.00
2012.04.02 10:05:34.051,1.33487,1.33494,2.25,3.00
2012.04.02 10:05:35.691,1.33487,1.33494,3.00,2.25
2012.04.02 10:05:44.937,1.33488,1.33494,1.50,1.13
2012.04.02 10:05:48.302,1.33486,1.33494,2.07,1.88
2012.04.02 10:05:52.535,1.33486,1.33494,2.44,1.88
2012.04.02 10:05:53.277,1.33486,1.33494,2.25,2.07
2012.04.02 10:05:53.422,1.33485,1.33493,3.00,1.13
2012.04.02 10:05:53.961,1.33486,1.33493,1.50,1.88
2012.04.02 10:05:58.699,1.33486,1.33493,1.50,1.13
2012.04.02 10:05:59.243,1.33486,1.33494,2.25,3.38
2012.04.02 10:05:59.943,1.33487,1.33494,1.50,2.25
2012.04.02 10:06:00.506,1.33487,1.33495,3.00,1.69
2012.04.02 10:06:03.261,1.33488,1.33495,2.25,1.13
2012.04.02 10:06:03.756,1.33491,1.33496,1.50,2.25
2012.04.02 10:06:04.311,1.33491,1.33497,1.50,2.63
2012.04.02 10:06:06.190,1.33489,1.33497,1.69,2.63
2012.04.02 10:06:06.694,1.3349,1.33497,1.58,2.63
2012.04.02 10:06:07.043,1.33497,1.33504,2.25,7.50
2012.04.02 10:06:07.575,1.33504,1.33509,2.07,1.50
2012.04.02 10:06:07.703,1.33505,1.33511,2.07,2.25
2012.04.02 10:06:07.790,1.33507,1.33511,1.50,1.50
2012.04.02 10:06:07.943,1.33508,1.33513,1.50,1.88
2012.04.02 10:06:08.458,1.33509,1.33514,1.50,1.88
2012.04.02 10:06:08.981,1.33508,1.33516,1.50,2.63
2012.04.02 10:06:09.126,1.33516,1.33521,2.67,1.50
2012.04.02 10:06:09.506,1.33516,1.33521,2.44,1.50
2012.04.02 10:06:09.597,1.33513,1.3352,1.75,4.50
2012.04.02 10:06:09.696,1.33514,1.33519,3.00,2.25
2012.04.02 10:06:10.042,1.33508,1.33512,2.89,1.50
2012.04.02 10:06:10.266,1.33507,1.33515,2.25,2.63
2012.04.02 10:06:12.350,1.33509,1.33515,1.50,1.88
2012.04.02 10:06:12.924,1.33505,1.33512,1.13,5.78
2012.04.02 10:06:13.341,1.33499,1.33505,2.25,1.13
2012.04.02 10:06:13.443,1.33496,1.33501,2.50,1.28
2012.04.02 10:06:13.604,1.33499,1.33503,1.50,1.28
2012.04.02 10:06:14.745,1.33499,1.33506,2.25,1.88
2012.04.02 10:06:15.174,1.33501,1.33508,3.00,1.50
2012.04.02 10:06:15.995,1.33501,1.33509,3.00,4.35
2012.04.02 10:06:16.570,1.33501,1.33509,4.13,3.23
2012.04.02 10:06:17.080,1.33501,1.33509,3.38,1.13
2012.04.02 10:06:17.626,1.33503,1.3351,1.50,1.13
2012.04.02 10:06:19.360,1.33502,1.33511,3.00,3.38
2012.04.02 10:06:19.926,1.33502,1.33511,3.75,1.58
2012.04.02 10:06:21.235,1.33504,1.33511,1.13,1.58
2012.04.02 10:06:21.785,1.33505,1.33511,2.07,1.13
2012.04.02 10:06:21.881,1.33506,1.33511,1.50,1.13
2012.04.02 10:06:21.962,1.33507,1.33512,1.50,3.00
2012.04.02 10:06:22.329,1.33507,1.33514,1.50,2.25
2012.04.02 10:06:22.405,1.33508,1.33515,2.25,1.13
2012.04.02 10:06:22.941,1.33509,1.33516,3.94,1.13
2012.04.02 10:06:23.212,1.33517,1.33522,3.94,1.13
2012.04.02 10:06:23.424,1.33515,1.3352,2.25,1.13
2012.04.02 10:06:23.972,1.33514,1.3352,1.50,1.13
2012.04.02 10:06:24.045,1.33514,1.3352,2.25,1.13
2012.04.02 10:06:24.195,1.33515,1.33523,3.75,2.44
2012.04.02 10:06:24.604,1.33517,1.33524,1.50,2.25
2012.04.02 10:06:25.103,1.33515,1.33524,1.69,3.00
2012.04.02 10:06:27.222,1.33514,1.33524,3.75,3.75
2012.04.02 10:06:27.763,1.33517,1.33524,2.25,1.50
2012.04.02 10:06:28.313,1.33517,1.33522,2.25,1.13
2012.04.02 10:06:32.380,1.33517,1.33521,1.50,1.13
2012.04.02 10:06:32.520,1.33515,1.3352,3.00,1.13
2012.04.02 10:06:32.866,1.33516,1.33523,2.25,3.38
2012.04.02 10:06:40.243,1.33516,1.33524,2.25,1.50
2012.04.02 10:06:40.387,1.33522,1.33526,2.85,7.69
2012.04.02 10:06:40.917,1.3352,1.33529,3.00,1.88
2012.04.02 10:06:41.239,1.33523,1.33528,1.50,2.25
2012.04.02 10:06:41.605,1.33523,1.33529,1.50,1.13
2012.04.02 10:06:41.689,1.33525,1.33529,1.50,3.75
2012.04.02 10:06:41.765,1.33524,1.33531,3.38,3.75
2012.04.02 10:06:42.104,1.33524,1.33533,3.38,3.38
2012.04.02 10:06:42.966,1.33525,1.33533,2.25,1.13
2012.04.02 10:06:43.509,1.33526,1.33534,3.19,2.63
2012.04.02 10:06:43.852,1.33527,1.33534,2.25,2.25
2012.04.02 10:06:44.341,1.33534,1.33539,1.50,1.13
2012.04.02 10:06:44.426,1.33534,1.33539,1.50,1.13
2012.04.02 10:06:46.877,1.33532,1.33539,1.69,2.63
2012.04.02 10:06:50.536,1.33532,1.33539,1.50,2.63
2012.04.02 10:06:50.695,1.33531,1.33539,3.75,4.88
2012.04.02 10:06:50.856,1.3353,1.33537,2.25,3.04
2012.04.02 10:06:50.951,1.33527,1.33531,2.60,1.13
2012.04.02 10:06:51.459,1.33525,1.33531,2.25,1.13
2012.04.02 10:06:52.063,1.33525,1.3353,2.25,1.13
2012.04.02 10:06:52.729,1.33523,1.3353,1.50,1.88
2012.04.02 10:06:53.027,1.33522,1.33527,3.19,1.13
2012.04.02 10:06:53.123,1.33519,1.33527,1.50,1.88
2012.04.02 10:06:53.667,1.33518,1.33527,2.82,2.63
2012.04.02 10:06:54.380,1.33518,1.33527,2.44,2.25
2012.04.02 10:06:54.920,1.33518,1.33526,3.94,1.13
2012.04.02 10:06:56.965,1.3352,1.33526,2.25,1.88
2012.04.02 10:06:57.204,1.33515,1.33521,1.50,1.13
2012.04.02 10:06:57.282,1.33514,1.33521,1.69,3.38
2012.04.02 10:06:57.635,1.33513,1.33521,3.19,3.38
2012.04.02 10:06:58.150,1.33515,1.33522,1.50,1.13
2012.04.02 10:07:01.946,1.33517,1.33522,1.50,2.25
2012.04.02 10:07:02.023,1.33515,1.33522,1.50,2.63
2012.04.02 10:07:02.476,1.33514,1.33523,3.00,8.25
2012.04.02 10:07:02.555,1.33514,1.33519,3.00,1.13
2012.04.02 10:07:03.127,1.33514,1.33519,2.25,1.13
2012.04.02 10:07:03.671,1.33513,1.33519,1.69,1.88
2012.04.02 10:07:04.693,1.33513,1.33519,1.50,1.13
2012.04.02 10:07:05.248,1.33513,1.33519,2.25,1.13
2012.04.02 10:07:05.854,1.33515,1.33519,1.50,1.13
2012.04.02 10:07:06.238,1.33512,1.3352,1.50,1.88
2012.04.02 10:07:06.530,1.33512,1.33517,1.50,1.13
2012.04.02 10:07:07.043,1.33511,1.33517,1.50,1.13
2012.04.02 10:07:07.636,1.33511,1.33516,1.50,1.13
2012.04.02 10:07:09.105,1.33511,1.33515,1.50,1.13
2012.04.02 10:07:09.660,1.3351,1.33515,2.25,1.13
2012.04.02 10:07:13.649,1.3351,1.33515,1.50,1.13
2012.04.02 10:07:14.173,1.33509,1.33515,1.50,1.13
2012.04.02 10:07:14.688,1.33511,1.33517,1.58,1.13
2012.04.02 10:07:14.781,1.33513,1.3352,1.13,1.88
2012.04.02 10:07:14.904,1.33517,1.33522,4.73,1.88
2012.04.02 10:07:15.087,1.33519,1.33525,3.75,2.25
2012.04.02 10:07:15.400,1.3352,1.33526,1.50,1.88
2012.04.02 10:07:15.518,1.33523,1.33528,1.50,3.98
2012.04.02 10:07:15.751,1.33521,1.33528,3.00,1.13
2012.04.02 10:07:15.894,1.33522,1.33528,1.50,1.13
2012.04.02 10:07:16.520,1.33522,1.33528,2.25,1.13
2012.04.02 10:07:16.664,1.33522,1.33528,1.50,2.63
2012.04.02 10:07:17.182,1.33521,1.33529,2.44,3.00
2012.04.02 10:07:17.288,1.33522,1.33529,3.19,1.13
2012.04.02 10:07:17.444,1.33524,1.33532,2.25,3.53
2012.04.02 10:07:17.522,1.33525,1.33532,1.50,1.88
2012.04.02 10:07:17.784,1.33529,1.33536,1.50,2.25
2012.04.02 10:07:18.333,1.33529,1.33536,2.25,1.13
2012.04.02 10:07:18.897,1.33529,1.33536,3.00,1.88
2012.04.02 10:07:20.817,1.33529,1.33535,3.00,1.50
2012.04.02 10:07:21.324,1.33528,1.33535,1.88,2.25
2012.04.02 10:07:21.654,1.3353,1.33536,1.50,1.88
2012.04.02 10:07:21.780,1.3353,1.33537,1.50,2.25
2012.04.02 10:07:22.404,1.33532,1.33538,1.50,1.88
2012.04.02 10:07:22.909,1.3353,1.33538,1.50,3.38
2012.04.02 10:07:24.852,1.33532,1.33538,1.50,1.13
2012.04.02 10:07:25.394,1.33532,1.33539,1.50,4.35
2012.04.02 10:07:25.895,1.33532,1.33539,1.50,1.13
2012.04.02 10:07:33.463,1.33532,1.33539,1.50,3.00
2012.04.02 10:07:33.770,1.33532,1.33539,1.50,2.25
2012.04.02 10:07:37.761,1.33536,1.3354,1.13,2.25
2012.04.02 10:07:38.013,1.33538,1.33542,1.50,4.50
2012.04.02 10:07:38.097,1.33539,1.33545,1.50,1.88
2012.04.02 10:07:38.247,1.33537,1.33545,2.25,1.88
2012.04.02 10:07:38.785,1.33538,1.33545,1.50,1.13
2012.04.02 10:07:39.194,1.33539,1.33547,1.50,3.75
2012.04.02 10:07:39.263,1.33539,1.33547,1.50,3.75
2012.04.02 10:07:40.023,1.33539,1.33547,2.25,2.25
2012.04.02 10:07:40.630,1.33539,1.33547,1.50,3.75
2012.04.02 10:07:41.164,1.33538,1.33545,1.50,1.88
2012.04.02 10:07:41.675,1.33537,1.33545,5.63,1.88
2012.04.02 10:07:43.123,1.33538,1.33545,2.25,1.88
2012.04.02 10:07:43.418,1.3354,1.33547,1.50,1.69
2012.04.02 10:07:43.492,1.3354,1.33547,1.50,1.69
2012.04.02 10:07:43.635,1.3354,1.33548,1.50,5.07
2012.04.02 10:07:43.857,1.3354,1.33548,3.19,4.73
2012.04.02 10:07:44.414,1.33543,1.33547,1.13,1.50
2012.04.02 10:07:44.502,1.33544,1.3355,1.50,1.50
2012.04.02 10:07:45.015,1.33546,1.33554,1.69,3.75
2012.04.02 10:07:45.432,1.33546,1.33554,3.57,1.88
2012.04.02 10:07:46.605,1.33551,1.33557,2.44,1.50
2012.04.02 10:07:46.851,1.33558,1.33562,1.88,2.25
2012.04.02 10:07:47.084,1.33556,1.3357,3.00,4.13
2012.04.02 10:07:47.618,1.33555,1.33563,1.88,1.50
2012.04.02 10:07:48.137,1.33556,1.33564,2.25,3.00
2012.04.02 10:07:48.283,1.33556,1.33564,2.25,3.00
2012.04.02 10:07:48.483,1.33556,1.33563,2.25,1.13
2012.04.02 10:07:48.852,1.33555,1.33563,2.63,4.13
2012.04.02 10:07:48.978,1.33552,1.3356,3.19,3.00
2012.04.02 10:07:49.487,1.33553,1.3356,2.25,2.25
2012.04.02 10:07:51.065,1.33552,1.33558,1.50,1.50
2012.04.02 10:07:51.228,1.3355,1.33557,1.50,3.23
2012.04.02 10:07:51.385,1.33548,1.33556,2.25,4.13
2012.04.02 10:07:51.533,1.33546,1.33554,4.13,2.25
2012.04.02 10:07:52.092,1.33546,1.33554,4.13,2.25
2012.04.02 10:07:52.752,1.33546,1.33553,3.38,1.50
2012.04.02 10:07:53.766,1.33546,1.33552,1.50,2.25
2012.04.02 10:07:53.923,1.33546,1.33554,3.00,2.25
2012.04.02 10:07:55.143,1.33542,1.33546,1.50,2.63
2012.04.02 10:07:55.299,1.33538,1.33544,2.07,2.25
2012.04.02 10:07:55.385,1.33538,1.33544,2.07,1.50
2012.04.02 10:07:55.675,1.33537,1.33546,4.54,4.50
2012.04.02 10:07:55.882,1.33539,1.33547,2.25,2.25
2012.04.02 10:07:56.257,1.33537,1.33548,4.69,4.35
2012.04.02 10:07:56.346,1.3354,1.33548,1.50,4.35
2012.04.02 10:07:57.059,1.33541,1.33549,2.25,6.94
2012.04.02 10:07:57.397,1.33545,1.33552,3.75,2.25
2012.04.02 10:07:57.891,1.33547,1.33556,1.50,1.69
2012.04.02 10:07:58.324,1.33548,1.33557,3.38,3.00
2012.04.02 10:08:04.415,1.3355,1.33558,1.50,7.50
2012.04.02 10:08:05.184,1.3355,1.33558,2.40,6.00
2012.04.02 10:08:05.617,1.33555,1.33561,1.13,2.07
2012.04.02 10:08:06.111,1.33553,1.33561,1.50,2.07
2012.04.02 10:08:06.256,1.33552,1.33561,2.25,1.69
2012.04.02 10:08:06.882,1.33554,1.33562,1.13,6.57
2012.04.02 10:08:07.110,1.33554,1.33562,3.38,2.63
2012.04.02 10:08:07.504,1.3355,1.33555,2.25,1.88
2012.04.02 10:08:07.621,1.33546,1.33552,1.80,1.88
2012.04.02 10:08:08.060,1.33543,1.33551,1.28,1.50
2012.04.02 10:08:08.141,1.33543,1.33549,1.13,1.50
2012.04.02 10:08:08.734,1.33541,1.33549,3.19,2.25
2012.04.02 10:08:08.807,1.33541,1.33546,1.88,1.13
2012.04.02 10:08:08.984,1.33539,1.33545,3.00,1.13
2012.04.02 10:08:09.437,1.33537,1.33545,1.13,1.88
2012.04.02 10:08:11.644,1.33539,1.33546,1.13,1.50
2012.04.02 10:08:12.726,1.33541,1.33546,1.13,1.50
2012.04.02 10:08:14.234,1.33539,1.33546,2.25,1.88
2012.04.02 10:08:14.520,1.33537,1.33542,1.13,1.13
2012.04.02 10:08:14.914,1.33536,1.33542,3.00,1.88
2012.04.02 10:08:15.087,1.3353,1.33537,2.25,1.13
2012.04.02 10:08:15.194,1.33529,1.33537,1.13,3.38
2012.04.02 10:08:15.706,1.33528,1.33535,1.50,1.88
2012.04.02 10:08:16.285,1.33529,1.33535,1.13,3.00
2012.04.02 10:08:16.428,1.33529,1.33536,2.63,4.13
2012.04.02 10:08:18.350,1.33529,1.33534,1.50,1.13
2012.04.02 10:08:18.823,1.33527,1.33532,1.50,1.13
2012.04.02 10:08:18.904,1.33526,1.33532,2.44,1.13
2012.04.02 10:08:19.096,1.33524,1.33532,3.38,2.63
2012.04.02 10:08:19.629,1.33525,1.3353,2.25,1.88
2012.04.02 10:08:20.153,1.33526,1.3353,1.50,1.13
2012.04.02 10:08:20.911,1.33524,1.3353,2.25,1.88
2012.04.02 10:08:22.676,1.33523,1.33528,1.50,2.10
2012.04.02 10:08:23.015,1.3352,1.33529,1.50,1.13
2012.04.02 10:08:23.145,1.33521,1.33526,1.50,1.13
2012.04.02 10:08:23.663,1.33519,1.33527,5.07,2.63
2012.04.02 10:08:24.170,1.33518,1.33526,3.57,2.63
2012.04.02 10:08:24.705,1.33518,1.33524,1.88,1.13
2012.04.02 10:08:25.878,1.33518,1.33523,1.58,1.13
2012.04.02 10:08:25.981,1.33513,1.3352,1.50,6.57
2012.04.02 10:08:26.507,1.33514,1.33522,4.50,5.25
2012.04.02 10:08:26.861,1.33517,1.33523,1.50,1.50
2012.04.02 10:08:27.162,1.33521,1.33526,1.13,2.74
2012.04.02 10:08:27.241,1.33521,1.33528,2.63,2.82
2012.04.02 10:08:27.802,1.33521,1.33529,3.38,6.00
2012.04.02 10:08:29.024,1.33521,1.33528,2.82,1.88
2012.04.02 10:08:29.179,1.33521,1.33529,3.19,1.50
2012.04.02 10:08:29.339,1.33524,1.33531,1.13,4.50
2012.04.02 10:08:29.439,1.33526,1.3353,1.50,2.25
2012.04.02 10:08:29.603,1.33523,1.3353,1.50,2.25
2012.04.02 10:08:29.681,1.33523,1.3353,1.50,2.25
2012.04.02 10:08:31.117,1.33523,1.3353,1.50,2.82
2012.04.02 10:08:32.342,1.33523,1.3353,2.63,3.57
2012.04.02 10:08:32.872,1.33523,1.3353,2.63,3.57
2012.04.02 10:08:35.240,1.33523,1.33529,2.63,1.69
2012.04.02 10:08:35.731,1.33523,1.3353,3.75,2.07
2012.04.02 10:08:35.876,1.33523,1.3353,3.38,2.82
2012.04.02 10:08:36.432,1.33524,1.3353,1.88,2.82
2012.04.02 10:08:36.940,1.33524,1.3353,2.25,1.50
2012.04.02 10:08:37.940,1.33525,1.33531,1.88,3.00
2012.04.02 10:08:38.453,1.33529,1.33536,3.75,1.69
2012.04.02 10:08:38.542,1.33531,1.33538,3.38,3.94
2012.04.02 10:08:39.222,1.33532,1.33539,1.88,3.75
2012.04.02 10:08:39.611,1.33533,1.33539,1.13,3.00
2012.04.02 10:08:39.692,1.33534,1.33539,1.50,1.50
2012.04.02 10:08:39.915,1.33532,1.33539,2.25,3.38
2012.04.02 10:08:40.224,1.33535,1.33542,1.88,2.25
2012.04.02 10:08:40.513,1.33539,1.33543,1.50,1.32
2012.04.02 10:08:40.613,1.33536,1.33543,3.75,1.32
2012.04.02 10:08:41.648,1.33536,1.33544,4.88,1.13
2012.04.02 10:08:42.087,1.33536,1.33544,2.63,3.38
2012.04.02 10:08:43.375,1.33535,1.33543,3.00,3.00
2012.04.02 10:08:43.511,1.33537,1.33543,1.13,3.00
2012.04.02 10:08:43.822,1.33537,1.33544,1.88,1.50
2012.04.02 10:08:44.572,1.33539,1.33545,2.44,1.88
2012.04.02 10:08:44.913,1.33539,1.33547,1.50,4.65
2012.04.02 10:08:45.148,1.3354,1.33548,2.25,1.88
2012.04.02 10:08:45.918,1.3354,1.33549,5.07,1.13
2012.04.02 10:08:46.058,1.33543,1.33547,3.38,1.13
2012.04.02 10:08:46.165,1.33542,1.33549,2.63,3.60
2012.04.02 10:08:46.259,1.33543,1.33549,1.50,3.38
2012.04.02 10:08:46.555,1.33543,1.33551,4.13,4.50
2012.04.02 10:08:46.630,1.33551,1.33557,3.38,1.69
2012.04.02 10:08:46.721,1.33548,1.33556,3.00,2.82
2012.04.02 10:08:47.282,1.33549,1.33555,2.25,1.69
2012.04.02 10:08:49.371,1.33549,1.33555,2.25,1.69
2012.04.02 10:08:49.681,1.33549,1.33556,2.25,2.82
2012.04.02 10:08:50.243,1.33549,1.33556,1.50,2.63
2012.04.02 10:08:51.161,1.33549,1.33556,3.00,1.88
2012.04.02 10:08:51.703,1.33549,1.33555,1.50,2.63
2012.04.02 10:08:52.214,1.3355,1.33555,1.50,1.13
2012.04.02 10:08:53.136,1.33555,1.3356,1.50,3.57
2012.04.02 10:08:53.241,1.33559,1.33565,3.00,1.69
2012.04.02 10:08:53.465,1.33559,1.33566,2.25,1.13
2012.04.02 10:08:54.168,1.33559,1.33566,2.25,1.13
2012.04.02 10:08:56.340,1.33559,1.33566,1.50,1.13
2012.04.02 10:08:56.874,1.33559,1.33567,3.57,1.13
2012.04.02 10:08:58.202,1.33563,1.33567,2.10,1.13
2012.04.02 10:08:58.488,1.33563,1.33568,1.88,1.50
2012.04.02 10:08:58.665,1.33564,1.33569,1.13,1.50
2012.04.02 10:08:58.755,1.33566,1.3357,1.13,1.50
2012.04.02 10:08:59.342,1.33566,1.33571,1.13,1.13
2012.04.02 10:08:59.948,1.33567,1.33572,1.13,1.13
2012.04.02 10:09:00.344,1.33573,1.33579,3.57,1.88
2012.04.02 10:09:00.858,1.3357,1.33575,1.50,4.13
2012.04.02 10:09:01.013,1.33563,1.33571,6.38,3.00
2012.04.02 10:09:01.093,1.33564,1.3357,2.25,1.50
2012.04.02 10:09:01.752,1.33565,1.33571,1.50,1.13
2012.04.02 10:09:02.291,1.33564,1.33571,2.25,1.13
2012.04.02 10:09:02.581,1.33564,1.3357,2.25,1.88
2012.04.02 10:09:02.794,1.33562,1.3357,1.88,2.63
2012.04.02 10:09:03.330,1.33562,1.33569,2.03,1.50
2012.04.02 10:09:03.668,1.33565,1.3357,1.88,2.25
2012.04.02 10:09:03.893,1.33567,1.33574,2.25,3.00
2012.04.02 10:09:04.117,1.33564,1.33572,2.59,1.88
2012.04.02 10:09:04.300,1.33564,1.3357,2.07,2.25
2012.04.02 10:09:05.332,1.33563,1.3357,1.50,1.50
2012.04.02 10:09:05.688,1.33563,1.33571,5.40,2.44
2012.04.02 10:09:05.935,1.33568,1.33573,1.50,1.50
2012.04.02 10:09:06.154,1.33566,1.33573,1.50,1.50
2012.04.02 10:09:06.790,1.33565,1.33572,3.60,1.50
2012.04.02 10:09:06.905,1.33567,1.33574,2.44,1.13
2012.04.02 10:09:07.923,1.33569,1.33575,1.13,1.50
2012.04.02 10:09:08.347,1.3357,1.33577,1.13,1.50
2012.04.02 10:09:08.719,1.33573,1.33578,1.13,1.50
2012.04.02 10:09:08.862,1.33573,1.3358,1.13,4.13
2012.04.02 10:09:10.590,1.33574,1.3358,1.88,2.25
2012.04.02 10:09:10.667,1.33577,1.33586,1.13,2.63
2012.04.02 10:09:11.216,1.33576,1.3358,1.13,1.50
2012.04.02 10:09:11.544,1.33579,1.33585,1.13,5.44
2012.04.02 10:09:11.867,1.33579,1.33587,1.13,4.32
2012.04.02 10:09:12.563,1.33579,1.33587,1.13,2.82
2012.04.02 10:09:13.086,1.33581,1.33587,1.13,1.69
2012.04.02 10:09:13.410,1.33585,1.33591,1.88,4.05
2012.04.02 10:09:13.637,1.33587,1.33591,1.13,1.50
2012.04.02 10:09:14.023,1.33586,1.33591,4.62,1.50
2012.04.02 10:09:14.122,1.33584,1.33589,1.80,1.88
2012.04.02 10:09:14.792,1.33582,1.33589,1.05,3.38
2012.04.02 10:09:15.331,1.33581,1.33588,1.88,1.50
2012.04.02 10:09:15.416,1.3358,1.33587,1.88,1.50
2012.04.02 10:09:15.926,1.3358,1.33588,1.88,1.88
2012.04.02 10:09:16.285,1.3358,1.33586,1.13,1.50
2012.04.02 10:09:17.374,1.33579,1.33586,1.88,2.25
2012.04.02 10:09:17.732,1.33578,1.33584,1.50,1.50
2012.04.02 10:09:18.361,1.33578,1.33587,2.93,2.25
2012.04.02 10:09:21.489,1.33578,1.33587,2.25,2.25
2012.04.02 10:09:22.032,1.33578,1.33587,2.25,2.25
2012.04.02 10:09:22.451,1.3358,1.33588,1.50,5.63
2012.04.02 10:09:23.485,1.3358,1.33585,1.69,2.10
2012.04.02 10:09:24.044,1.33579,1.33586,2.25,1.69
2012.04.02 10:09:24.251,1.3358,1.33587,1.13,3.75
2012.04.02 10:09:25.664,1.33579,1.33586,3.57,1.50
2012.04.02 10:09:25.743,1.33579,1.33585,1.69,2.10
2012.04.02 10:09:25.821,1.33576,1.33584,7.50,2.25
2012.04.02 10:09:25.898,1.33576,1.33582,4.88,2.63
2012.04.02 10:09:26.257,1.33574,1.33581,2.07,1.13
2012.04.02 10:09:27.461,1.33574,1.3358,1.88,3.00
2012.04.02 10:09:27.969,1.33573,1.33578,1.50,2.63
2012.04.02 10:09:28.328,1.3357,1.33575,1.88,1.50
2012.04.02 10:09:30.397,1.33569,1.33575,11.40,3.38
2012.04.02 10:09:30.949,1.33569,1.33575,10.65,2.63
2012.04.02 10:09:32.238,1.33569,1.33575,12.15,3.38
2012.04.02 10:09:35.852,1.33572,1.33578,4.50,2.07
2012.04.02 10:09:36.145,1.33578,1.33583,2.63,2.40
2012.04.02 10:09:36.233,1.3358,1.33586,1.28,1.69
2012.04.02 10:09:36.390,1.33582,1.33589,1.13,1.50
2012.04.02 10:09:36.723,1.33581,1.33588,1.32,2.25
2012.04.02 10:09:36.863,1.33581,1.33587,1.32,2.25
2012.04.02 10:09:37.515,1.33581,1.33587,1.32,2.25
2012.04.02 10:09:37.651,1.33579,1.33587,2.82,2.25
2012.04.02 10:09:38.196,1.33579,1.33585,1.32,3.75
2012.04.02 10:09:38.417,1.33575,1.33584,3.38,1.13
2012.04.02 10:09:38.634,1.33575,1.33582,3.98,1.50
2012.04.02 10:09:38.978,1.33574,1.33581,1.92,3.00
2012.04.02 10:09:40.479,1.33573,1.33581,1.73,3.00
2012.04.02 10:09:40.991,1.33573,1.33581,1.73,3.00
2012.04.02 10:09:41.126,1.33573,1.33581,1.73,3.00
2012.04.02 10:09:41.338,1.33572,1.33579,2.25,1.88
2012.04.02 10:09:41.427,1.33571,1.33577,3.23,1.13
2012.04.02 10:09:41.789,1.33574,1.33579,1.13,1.50
2012.04.02 10:09:42.121,1.33576,1.33581,1.13,2.25
2012.04.02 10:09:42.270,1.33573,1.33579,2.48,1.50
2012.04.02 10:09:42.339,1.33573,1.33579,2.48,1.50
2012.04.02 10:09:42.903,1.33573,1.33578,1.73,1.50
2012.04.02 10:09:43.761,1.33573,1.33578,1.73,1.50
2012.04.02 10:09:44.336,1.33573,1.33578,1.13,1.50
2012.04.02 10:09:45.512,1.33573,1.33579,1.73,1.50
2012.04.02 10:09:46.802,1.33571,1.33579,2.63,2.25
2012.04.02 10:09:46.877,1.33571,1.33579,2.63,3.75
2012.04.02 10:09:48.735,1.33574,1.33579,1.13,2.25
2012.04.02 10:09:49.915,1.33571,1.33576,1.50,1.50
2012.04.02 10:09:50.593,1.33573,1.33579,1.13,4.50
2012.04.02 10:09:51.024,1.33573,1.3358,1.88,2.25
2012.04.02 10:09:51.284,1.33573,1.33577,1.13,1.50
2012.04.02 10:09:51.652,1.33572,1.33577,3.38,1.50
2012.04.02 10:09:52.215,1.33571,1.33576,2.07,1.50
2012.04.02 10:09:52.285,1.3357,1.33574,2.25,1.50
2012.04.02 10:09:52.474,1.33571,1.33576,2.07,3.00
2012.04.02 10:09:53.382,1.3357,1.33575,1.50,1.50
2012.04.02 10:09:53.473,1.33569,1.33573,10.65,1.13
2012.04.02 10:09:53.723,1.33564,1.33571,6.00,5.25
2012.04.02 10:09:53.804,1.33564,1.33568,6.00,1.50
2012.04.02 10:09:54.378,1.33566,1.33572,5.07,3.75
2012.04.02 10:09:54.469,1.33566,1.33574,5.07,1.50
2012.04.02 10:09:54.984,1.33567,1.33573,1.50,1.50
2012.04.02 10:09:55.623,1.33566,1.33574,5.82,1.50
2012.04.02 10:09:55.702,1.33564,1.33573,9.00,1.50
2012.04.02 10:09:55.776,1.33566,1.33573,5.07,1.50
2012.04.02 10:09:55.987,1.33566,1.33575,5.82,3.38
2012.04.02 10:09:56.061,1.33567,1.33574,1.88,1.50
2012.04.02 10:09:56.570,1.33573,1.33577,1.13,1.50
2012.04.02 10:09:56.922,1.33574,1.33581,3.38,1.50
2012.04.02 10:09:57.064,1.33574,1.33582,4.88,3.00
2012.04.02 10:09:57.605,1.33576,1.33582,1.50,1.50
2012.04.02 10:09:58.288,1.33576,1.33583,2.63,1.50
2012.04.02 10:09:58.375,1.33576,1.33584,3.38,2.63
2012.04.02 10:09:58.534,1.33581,1.33586,1.88,2.25
2012.04.02 10:09:58.613,1.33583,1.33587,1.13,2.25
2012.04.02 10:09:58.972,1.33586,1.33592,1.88,2.25
2012.04.02 10:09:59.117,1.33586,1.33593,1.88,3.00
2012.04.02 10:10:00.033,1.33586,1.33593,1.88,3.75
2012.04.02 10:10:00.591,1.33586,1.33593,1.13,3.75
2012.04.02 10:10:01.455,1.33586,1.33592,1.13,1.50
2012.04.02 10:10:02.213,1.33584,1.33592,1.88,1.69
2012.04.02 10:10:02.746,1.33585,1.33594,1.50,6.19
2012.04.02 10:10:03.261,1.33585,1.33594,1.50,4.50
2012.04.02 10:10:03.769,1.33585,1.33594,2.50,3.00
2012.04.02 10:10:03.914,1.33586,1.33594,2.25,3.00
2012.04.02 10:10:04.450,1.33587,1.33594,1.13,2.63
2012.04.02 10:10:05.823,1.33586,1.33592,3.23,1.50
2012.04.02 10:10:06.595,1.33586,1.33594,3.98,2.63
2012.04.02 10:10:06.745,1.33585,1.33594,1.50,2.63
2012.04.02 10:10:06.811,1.33585,1.33594,3.25,2.63
2012.04.02 10:10:07.151,1.33586,1.33594,3.23,3.38
2012.04.02 10:10:07.295,1.33586,1.33594,3.23,1.88
2012.04.02 10:10:08.014,1.33586,1.33594,3.98,1.88
2012.04.02 10:10:08.319,1.33586,1.33594,5.67,3.38
2012.04.02 10:10:09.038,1.33586,1.33594,5.67,4.88
2012.04.02 10:10:09.240,1.33586,1.33594,5.67,3.38
2012.04.02 10:10:09.457,1.33584,1.33591,4.38,1.50
2012.04.02 10:10:09.982,1.33586,1.33594,6.02,3.38
2012.04.02 10:10:10.587,1.33586,1.33594,5.67,2.63
2012.04.02 10:10:12.942,1.33587,1.336,7.13,4.50
2012.04.02 10:10:13.131,1.33587,1.33595,5.63,3.00
2012.04.02 10:10:13.739,1.33585,1.33595,11.85,3.00
2012.04.02 10:10:14.046,1.33589,1.33596,1.50,5.25
2012.04.02 10:10:16.503,1.33589,1.33596,3.83,5.33
2012.04.02 10:10:16.570,1.33589,1.33596,3.38,6.08
2012.04.02 10:10:17.079,1.33589,1.33595,1.58,1.50
2012.04.02 10:10:17.872,1.33587,1.33594,1.95,1.13
2012.04.02 10:10:18.385,1.33587,1.33594,1.95,1.13
2012.04.02 10:10:20.071,1.33587,1.33594,1.95,1.13
2012.04.02 10:10:20.792,1.33587,1.33594,1.50,1.13
2012.04.02 10:10:21.370,1.33586,1.33593,1.88,1.50
2012.04.02 10:10:24.739,1.33586,1.33593,1.88,1.50
2012.04.02 10:10:25.264,1.33587,1.33594,1.28,1.13
2012.04.02 10:10:25.574,1.33586,1.33593,3.38,1.69
2012.04.02 10:10:25.982,1.33586,1.33591,1.13,3.00
2012.04.02 10:10:26.702,1.33584,1.33591,1.13,1.50
2012.04.02 10:10:28.022,1.33585,1.33591,1.13,1.50
2012.04.02 10:10:28.219,1.33585,1.33592,1.88,3.00
2012.04.02 10:10:28.781,1.33585,1.33591,1.88,1.50
2012.04.02 10:10:29.360,1.33585,1.33591,1.88,1.69
2012.04.02 10:10:30.004,1.33584,1.33592,1.88,5.82
2012.04.02 10:10:31.388,1.33584,1.33591,2.63,1.69
2012.04.02 10:10:32.159,1.33584,1.33591,2.63,2.25
2012.04.02 10:10:32.671,1.33584,1.33591,1.88,2.25
2012.04.02 10:10:40.453,1.33584,1.33591,1.88,3.00
2012.04.02 10:10:43.812,1.33585,1.33591,1.88,2.25
2012.04.02 10:10:43.941,1.33586,1.33591,1.35,1.50
2012.04.02 10:10:44.272,1.33587,1.33594,3.60,1.50
2012.04.02 10:10:44.415,1.33587,1.33595,4.17,1.88
2012.04.02 10:10:45.167,1.33587,1.33593,2.67,1.50
2012.04.02 10:10:45.241,1.33587,1.33595,3.42,1.88
2012.04.02 10:10:45.601,1.33587,1.33593,2.67,1.50
2012.04.02 10:10:46.226,1.33587,1.33593,3.90,1.50
2012.04.02 10:10:46.308,1.33587,1.33594,1.43,2.25
2012.04.02 10:10:46.869,1.33587,1.33594,1.35,2.25
2012.04.02 10:10:48.198,1.33587,1.33593,2.48,1.50
2012.04.02 10:10:48.752,1.33585,1.3359,1.88,1.50
2012.04.02 10:10:49.253,1.33585,1.33591,1.88,1.50
2012.04.02 10:10:50.413,1.33585,1.33591,1.13,2.25
2012.04.02 10:10:50.751,1.33582,1.3359,3.30,2.25
2012.04.02 10:10:50.949,1.33582,1.33587,2.63,1.50
2012.04.02 10:10:51.272,1.33582,1.33589,1.88,2.25
2012.04.02 10:10:51.754,1.33581,1.33588,2.25,1.88
2012.04.02 10:10:52.212,1.3358,1.33586,1.88,1.50
2012.04.02 10:10:53.151,1.3358,1.33588,1.88,3.38
2012.04.02 10:10:54.100,1.3358,1.33588,1.88,4.13
2012.04.02 10:10:55.307,1.33581,1.33588,1.50,1.50
2012.04.02 10:10:55.821,1.33582,1.33587,1.13,1.50
2012.04.02 10:10:58.993,1.33582,1.33589,1.13,3.19
2012.04.02 10:10:59.734,1.33582,1.33589,1.88,2.44
2012.04.02 10:11:00.286,1.33585,1.3359,1.13,3.19
2012.04.02 10:11:00.571,1.33585,1.33591,1.13,3.00
2012.04.02 10:11:01.015,1.33587,1.33593,2.63,1.50
2012.04.02 10:11:02.006,1.33588,1.33593,3.23,3.00
2012.04.02 10:11:02.359,1.33588,1.33597,3.23,3.00
2012.04.02 10:11:03.439,1.33588,1.33597,5.10,3.00
2012.04.02 10:11:03.992,1.33589,1.33597,1.88,3.00
2012.04.02 10:11:04.537,1.33589,1.33597,1.88,3.00
2012.04.02 10:11:09.738,1.33589,1.33597,3.38,1.50
2012.04.02 10:11:11.220,1.33589,1.33596,1.88,2.25
2012.04.02 10:11:11.761,1.33589,1.33596,3.38,1.50
2012.04.02 10:11:11.901,1.33589,1.33596,3.57,1.50
2012.04.02 10:11:12.467,1.33592,1.33597,1.50,1.50
2012.04.02 10:11:14.016,1.33589,1.33596,5.07,1.50
2012.04.02 10:11:16.590,1.33589,1.33596,3.38,1.50
2012.04.02 10:11:17.222,1.33589,1.33596,1.50,1.88
2012.04.02 10:11:18.237,1.3359,1.33596,1.32,1.88
2012.04.02 10:11:18.360,1.33592,1.33599,1.50,1.88
2012.04.02 10:11:18.914,1.33593,1.33605,1.50,2.70
2012.04.02 10:11:19.244,1.33591,1.33599,4.13,4.88
2012.04.02 10:11:19.795,1.33588,1.33596,7.54,2.63
2012.04.02 10:11:20.479,1.33589,1.33596,1.69,1.88
2012.04.02 10:11:21.000,1.33589,1.33597,2.07,2.63
2012.04.02 10:11:24.861,1.33589,1.33597,2.63,1.88
2012.04.02 10:11:26.175,1.33589,1.33597,2.63,1.88
2012.04.02 10:11:26.703,1.33589,1.33597,1.50,1.88
2012.04.02 10:11:30.451,1.3359,1.33597,1.50,1.13
2012.04.02 10:11:30.582,1.3359,1.33597,1.50,1.13
2012.04.02 10:11:41.251,1.3359,1.33597,3.75,1.13
2012.04.02 10:11:42.246,1.3359,1.33597,3.75,1.13
2012.04.02 10:11:42.390,1.3359,1.33597,2.25,1.13
2012.04.02 10:11:43.601,1.3359,1.33597,3.75,1.13
2012.04.02 10:11:44.161,1.33589,1.33597,4.88,2.63
2012.04.02 10:11:44.231,1.3359,1.33597,1.50,2.63
2012.04.02 10:11:44.784,1.33592,1.33599,3.00,2.25
2012.04.02 10:11:46.469,1.33593,1.33599,5.48,1.13
2012.04.02 10:11:46.611,1.33596,1.33603,1.88,2.63
2012.04.02 10:11:47.121,1.33596,1.33604,4.13,1.88
2012.04.02 10:11:47.632,1.33597,1.3361,2.63,2.25
2012.04.02 10:11:47.899,1.33597,1.33605,2.63,1.50
2012.04.02 10:11:50.301,1.33597,1.33605,1.88,1.50
2012.04.02 10:11:50.812,1.33597,1.33603,1.88,1.50
2012.04.02 10:11:51.805,1.33597,1.33604,3.00,1.88
2012.04.02 10:11:52.163,1.33596,1.33602,2.25,1.13
2012.04.02 10:11:53.437,1.33596,1.33604,2.25,2.44
2012.04.02 10:11:53.592,1.33598,1.33604,1.88,1.69
2012.04.02 10:11:54.222,1.33598,1.33605,4.13,1.13
2012.04.02 10:11:54.524,1.33599,1.33611,2.25,1.50
2012.04.02 10:11:55.089,1.33599,1.33607,4.13,1.32
2012.04.02 10:11:56.532,1.336,1.33607,1.50,2.07
2012.04.02 10:11:56.689,1.33601,1.33609,3.38,2.63
2012.04.02 10:11:56.908,1.33603,1.3361,2.25,1.50
2012.04.02 10:11:57.367,1.33608,1.33612,1.50,2.25
2012.04.02 10:11:57.459,1.33608,1.33618,1.50,1.69
2012.04.02 10:11:58.441,1.33608,1.33613,1.50,1.50
2012.04.02 10:11:58.516,1.33608,1.33615,1.50,1.88
2012.04.02 10:12:00.908,1.33609,1.33616,2.25,1.50
2012.04.02 10:12:01.338,1.33609,1.33614,1.50,1.50
2012.04.02 10:12:01.897,1.33607,1.33613,2.25,1.50
2012.04.02 10:12:02.036,1.33608,1.33615,1.50,1.50
2012.04.02 10:12:03.218,1.33607,1.33615,4.88,4.73
2012.04.02 10:12:03.762,1.33608,1.33615,1.88,1.50
2012.04.02 10:12:07.006,1.33613,1.33623,1.50,3.75
2012.04.02 10:12:07.536,1.33613,1.33617,2.25,1.50
2012.04.02 10:12:07.628,1.33614,1.33621,3.19,1.13
2012.04.02 10:12:07.913,1.33613,1.33622,2.25,1.13
2012.04.02 10:12:08.448,1.33614,1.33623,1.50,2.63
2012.04.02 10:12:09.008,1.33613,1.33622,2.82,2.10
2012.04.02 10:12:10.310,1.33612,1.33622,4.32,4.35
2012.04.02 10:12:10.808,1.33615,1.33622,1.50,3.60
2012.04.02 10:12:11.878,1.33614,1.33621,2.25,2.25
2012.04.02 10:12:12.217,1.33614,1.33622,3.00,4.24
2012.04.02 10:12:12.425,1.33616,1.33622,1.50,2.37
2012.04.02 10:12:12.964,1.33616,1.33623,2.25,1.50
2012.04.02 10:12:13.040,1.33617,1.33623,1.50,1.50
2012.04.02 10:12:14.087,1.33616,1.33623,3.19,1.88
2012.04.02 10:12:14.495,1.33616,1.3362,1.50,1.13
2012.04.02 10:12:14.720,1.33613,1.33618,1.69,1.13
2012.04.02 10:12:15.574,1.33613,1.33621,1.69,4.50
2012.04.02 10:12:16.115,1.33614,1.33621,1.50,1.50
2012.04.02 10:12:17.358,1.33612,1.3362,3.19,1.13
2012.04.02 10:12:17.929,1.33611,1.33619,3.19,1.88
2012.04.02 10:12:19.034,1.33614,1.33619,1.50,1.88
2012.04.02 10:12:19.102,1.33612,1.33619,2.44,1.88
2012.04.02 10:12:20.393,1.33613,1.33619,1.50,2.63
2012.04.02 10:12:22.027,1.33616,1.3362,1.50,1.50
2012.04.02 10:12:22.585,1.33616,1.33621,1.50,1.13
2012.04.02 10:12:24.655,1.33614,1.33622,8.25,1.88
2012.04.02 10:12:24.915,1.33612,1.33619,4.50,2.63
2012.04.02 10:12:24.993,1.33612,1.33619,5.25,2.63
2012.04.02 10:12:25.532,1.33612,1.33619,1.50,1.88
2012.04.02 10:12:25.885,1.33608,1.33615,5.85,1.50
2012.04.02 10:12:26.336,1.33607,1.33611,2.25,1.13
2012.04.02 10:12:26.496,1.33603,1.33611,3.19,3.00
2012.04.02 10:12:27.046,1.33603,1.33611,2.82,1.13
2012.04.02 10:12:27.262,1.33604,1.33611,6.94,1.13
2012.04.02 10:12:27.850,1.33604,1.33613,3.19,3.00
2012.04.02 10:12:28.823,1.33604,1.33613,3.00,3.75
2012.04.02 10:12:29.113,1.33605,1.33613,4.50,3.00
2012.04.02 10:12:29.467,1.33609,1.33614,3.75,1.50
2012.04.02 10:12:29.973,1.33608,1.33614,2.25,1.88
2012.04.02 10:12:30.676,1.33609,1.33616,1.13,4.50
2012.04.02 10:12:30.748,1.33609,1.33616,1.88,3.00
2012.04.02 10:12:30.912,1.3361,1.33618,2.25,2.44
2012.04.02 10:12:31.275,1.33613,1.3362,1.50,2.33
2012.04.02 10:12:32.043,1.33611,1.33619,5.07,1.13
2012.04.02 10:12:33.237,1.33611,1.33619,4.13,2.63
2012.04.02 10:12:33.798,1.3361,1.33618,4.69,2.63
2012.04.02 10:12:34.105,1.33612,1.33618,1.50,2.63
2012.04.02 10:12:34.461,1.33608,1.33614,4.69,1.50
2012.04.02 10:12:35.025,1.33608,1.33614,4.50,1.50
2012.04.02 10:12:36.091,1.33606,1.33614,5.25,4.13
2012.04.02 10:12:36.461,1.33606,1.3361,3.75,1.88
2012.04.02 10:12:36.757,1.336,1.33604,2.63,1.50
2012.04.02 10:12:36.826,1.336,1.33604,2.63,1.50
2012.04.02 10:12:37.668,1.336,1.33608,3.38,3.00
2012.04.02 10:12:38.019,1.33597,1.33605,3.75,1.88
2012.04.02 10:12:38.104,1.33599,1.33605,4.50,1.50
2012.04.02 10:12:38.189,1.33599,1.33605,3.75,2.25
2012.04.02 10:12:38.268,1.33597,1.33605,4.13,3.00
2012.04.02 10:12:38.849,1.33594,1.33599,1.50,1.50
2012.04.02 10:12:38.943,1.33596,1.33602,1.13,2.63
2012.04.02 10:12:39.169,1.33598,1.33604,1.13,3.38
2012.04.02 10:12:39.547,1.33598,1.33606,3.38,1.88
2012.04.02 10:12:39.631,1.33599,1.33606,1.50,1.88
2012.04.02 10:12:40.271,1.33601,1.33608,1.13,3.00
2012.04.02 10:12:40.632,1.33605,1.33612,1.13,1.50
2012.04.02 10:12:40.849,1.33605,1.33612,1.13,1.13
2012.04.02 10:12:41.145,1.33606,1.33614,5.25,3.19
2012.04.02 10:12:41.884,1.33606,1.33614,5.44,3.75
2012.04.02 10:12:42.205,1.33607,1.33613,3.94,1.50
2012.04.02 10:12:43.887,1.33607,1.33615,3.75,2.63
2012.04.02 10:12:44.422,1.33607,1.33615,5.25,1.13
2012.04.02 10:12:45.083,1.33607,1.33615,4.50,1.13
2012.04.02 10:12:46.776,1.33609,1.33616,4.50,3.00
2012.04.02 10:12:47.293,1.33608,1.33616,1.50,3.00
2012.04.02 10:12:47.633,1.33608,1.33614,1.50,1.50
2012.04.02 10:12:48.182,1.33608,1.33615,1.50,1.50
2012.04.02 10:12:48.467,1.33607,1.33615,1.69,3.38
2012.04.02 10:12:48.972,1.33606,1.33614,3.38,1.50
2012.04.02 10:12:50.655,1.33606,1.33614,4.13,2.25
2012.04.02 10:12:50.942,1.33605,1.33613,1.50,3.38
2012.04.02 10:12:53.359,1.33604,1.33612,2.63,3.00
2012.04.02 10:12:53.712,1.33604,1.3361,1.13,1.50
2012.04.02 10:12:53.844,1.33605,1.33612,1.50,2.25
2012.04.02 10:12:54.274,1.33605,1.33614,4.13,1.50
2012.04.02 10:12:54.793,1.33605,1.33613,2.63,1.50
2012.04.02 10:12:55.436,1.33605,1.33613,3.38,1.50
2012.04.02 10:12:56.037,1.33606,1.33612,1.50,1.13
2012.04.02 10:12:56.179,1.33604,1.33612,3.75,3.38
2012.04.02 10:12:56.255,1.33604,1.3361,2.25,1.50
2012.04.02 10:13:01.867,1.33602,1.33609,3.23,1.50
2012.04.02 10:13:02.202,1.336,1.33607,3.75,1.50
2012.04.02 10:13:02.754,1.33601,1.33608,1.50,3.57
2012.04.02 10:13:02.830,1.336,1.33608,4.13,3.57
2012.04.02 10:13:03.366,1.336,1.33606,1.88,1.50
2012.04.02 10:13:05.956,1.336,1.33607,3.38,1.50
2012.04.02 10:13:08.203,1.33601,1.33607,1.13,1.50
2012.04.02 10:13:08.411,1.33602,1.33608,3.38,1.13
2012.04.02 10:13:09.893,1.33602,1.33609,1.50,1.13
2012.04.02 10:13:15.554,1.33602,1.33609,1.50,4.13
2012.04.02 10:13:15.708,1.33596,1.33602,1.50,2.07
2012.04.02 10:13:16.269,1.33596,1.33604,1.84,2.63
2012.04.02 10:13:16.495,1.33601,1.33608,1.13,1.50
2012.04.02 10:13:18.454,1.33601,1.33608,2.63,2.25
2012.04.02 10:13:18.741,1.33603,1.3361,1.50,6.00
2012.04.02 10:13:19.365,1.33601,1.33608,1.50,2.63
2012.04.02 10:13:19.866,1.336,1.33607,1.13,2.25
2012.04.02 10:13:20.501,1.33598,1.33605,1.88,1.50
2012.04.02 10:13:21.216,1.33598,1.33605,1.88,2.25
2012.04.02 10:13:21.515,1.33593,1.33602,2.25,3.38
2012.04.02 10:13:21.879,1.3359,1.33597,2.63,2.85
2012.04.02 10:13:21.964,1.33587,1.33596,5.44,3.00
2012.04.02 10:13:22.408,1.33591,1.33597,1.50,1.50
2012.04.02 10:13:22.481,1.33591,1.33598,1.50,3.38
2012.04.02 10:13:23.597,1.3359,1.33598,1.88,3.00
2012.04.02 10:13:24.154,1.3359,1.33598,1.88,8.25
2012.04.02 10:13:24.225,1.33588,1.33597,2.25,5.10
2012.04.02 10:13:24.377,1.33587,1.33595,3.75,4.84
2012.04.02 10:13:24.933,1.33586,1.33593,1.88,3.75
2012.04.02 10:13:26.357,1.33586,1.33594,4.88,1.88
2012.04.02 10:13:26.874,1.33586,1.33594,4.13,2.63
2012.04.02 10:13:27.226,1.33584,1.33591,1.50,6.38
2012.04.02 10:13:27.576,1.33583,1.33587,1.13,1.50
2012.04.02 10:13:27.790,1.33583,1.33589,1.13,2.25
2012.04.02 10:13:28.306,1.33582,1.33589,1.88,2.25
2012.04.02 10:13:32.571,1.33584,1.33589,1.13,2.44
2012.04.02 10:13:32.895,1.33588,1.33592,1.13,2.25
2012.04.02 10:13:33.344,1.33588,1.33594,1.13,1.50
2012.04.02 10:13:33.879,1.33587,1.33595,1.88,3.38
2012.04.02 10:13:36.996,1.33587,1.33592,1.13,1.50
2012.04.02 10:13:37.382,1.33588,1.33597,1.88,3.57
2012.04.02 10:13:37.882,1.33588,1.33597,1.13,4.32
2012.04.02 10:13:38.276,1.33588,1.33597,1.88,3.57
2012.04.02 10:13:39.225,1.33588,1.33596,2.82,1.13
2012.04.02 10:13:39.999,1.33588,1.33596,3.57,2.63
2012.04.02 10:13:42.463,1.33589,1.33597,2.07,3.00
2012.04.02 10:13:47.132,1.33588,1.33596,3.57,1.88
2012.04.02 10:13:47.699,1.33588,1.33595,1.69,2.63
2012.04.02 10:13:47.992,1.33587,1.33594,2.82,2.25
2012.04.02 10:13:48.418,1.33587,1.33595,2.82,4.88
2012.04.02 10:13:49.100,1.33588,1.33595,2.82,1.50
2012.04.02 10:13:49.179,1.33589,1.33595,3.19,1.50
2012.04.02 10:13:49.715,1.33589,1.33596,4.32,2.25
2012.04.02 10:13:50.045,1.33589,1.33596,3.38,2.25
2012.04.02 10:13:51.197,1.33589,1.33598,3.75,1.50
2012.04.02 10:13:51.551,1.33592,1.33598,1.50,1.50
2012.04.02 10:13:51.773,1.33591,1.33599,4.13,2.25
2012.04.02 10:13:52.456,1.33591,1.33599,4.88,1.50
2012.04.02 10:13:52.962,1.33592,1.33599,2.25,1.13
2012.04.02 10:13:53.583,1.33592,1.33599,3.00,1.13
2012.04.02 10:13:53.948,1.33597,1.33602,4.13,1.50
2012.04.02 10:13:54.029,1.33597,1.33604,4.13,2.25
2012.04.02 10:13:54.425,1.33594,1.33602,1.50,1.50
2012.04.02 10:13:54.987,1.33594,1.33603,2.25,1.88
2012.04.02 10:13:55.323,1.33596,1.33604,2.63,4.88
2012.04.02 10:13:55.886,1.33599,1.33606,2.25,1.88
2012.04.02 10:13:56.216,1.33599,1.33606,3.00,1.13
2012.04.02 10:13:56.774,1.33601,1.33607,1.50,1.13
2012.04.02 10:13:57.650,1.336,1.33608,1.50,4.50
2012.04.02 10:13:58.677,1.33596,1.33607,5.07,1.13
2012.04.02 10:13:59.214,1.33598,1.33607,4.13,1.88
2012.04.02 10:13:59.772,1.33598,1.33606,4.88,1.88
2012.04.02 10:14:00.433,1.33598,1.33606,3.38,1.88
2012.04.02 10:14:03.669,1.33598,1.33605,1.13,3.00
2012.04.02 10:14:04.232,1.33598,1.33603,1.13,1.50
2012.04.02 10:14:05.036,1.33596,1.33603,1.88,1.50
2012.04.02 10:14:06.338,1.33597,1.33603,1.13,1.50
2012.04.02 10:14:06.763,1.33597,1.33605,3.38,5.25
2012.04.02 10:14:07.497,1.33595,1.33603,4.88,1.50
2012.04.02 10:14:08.043,1.33597,1.33603,1.50,1.50
2012.04.02 10:14:09.037,1.33595,1.33603,4.88,1.50
2012.04.02 10:14:09.571,1.33595,1.33603,4.13,2.63
2012.04.02 10:14:09.647,1.33595,1.33602,3.38,4.50
2012.04.02 10:14:09.812,1.33593,1.33598,1.50,1.13
2012.04.02 10:14:10.379,1.3359,1.33598,4.88,1.13
2012.04.02 10:14:10.937,1.33593,1.336,1.13,2.63
2012.04.02 10:14:11.414,1.33593,1.33601,3.38,3.00
2012.04.02 10:14:11.964,1.33593,1.33601,3.38,3.00
2012.04.02 10:14:13.614,1.33593,1.33601,3.38,2.63
2012.04.02 10:14:14.122,1.33593,1.33601,3.38,2.63
2012.04.02 10:14:14.252,1.33593,1.33599,2.25,1.13
2012.04.02 10:14:14.735,1.33592,1.33597,1.69,1.50
2012.04.02 10:14:14.879,1.33588,1.33597,3.00,3.57
2012.04.02 10:14:15.728,1.33588,1.33597,3.75,1.32
2012.04.02 10:14:16.020,1.33592,1.33598,1.13,1.88
2012.04.02 10:14:29.063,1.33592,1.33598,2.63,1.13
2012.04.02 10:14:29.572,1.33593,1.33598,1.13,1.13
2012.04.02 10:14:30.314,1.33593,1.33598,1.13,1.13
2012.04.02 10:14:30.665,1.3359,1.33597,2.63,1.50
2012.04.02 10:14:30.890,1.33588,1.33595,2.82,1.50
2012.04.02 10:14:31.359,1.3359,1.33598,2.25,2.25
2012.04.02 10:14:31.924,1.33591,1.33599,2.25,2.07
2012.04.02 10:14:32.491,1.33589,1.33599,4.88,4.32
2012.04.02 10:14:32.850,1.33592,1.33599,1.50,3.19
2012.04.02 10:14:34.623,1.33592,1.33599,1.50,3.57
2012.04.02 10:14:35.408,1.33592,1.33599,2.25,3.57
2012.04.02 10:14:37.646,1.3359,1.33597,2.25,1.88
2012.04.02 10:14:37.719,1.3359,1.33597,2.25,1.88
2012.04.02 10:14:38.222,1.33588,1.33595,1.69,1.13
2012.04.02 10:14:38.812,1.33588,1.33595,1.69,1.13
2012.04.02 10:14:39.585,1.33587,1.33595,4.32,1.88
2012.04.02 10:14:40.145,1.33588,1.33596,1.13,2.63
2012.04.02 10:14:40.683,1.33589,1.33596,3.00,1.13
2012.04.02 10:14:41.304,1.33589,1.33597,4.13,2.25
2012.04.02 10:14:41.644,1.33592,1.33597,1.50,1.50
2012.04.02 10:14:42.216,1.33592,1.33597,1.50,1.50
2012.04.02 10:14:43.849,1.33592,1.33599,1.50,2.63
2012.04.02 10:14:44.059,1.33595,1.336,1.13,7.13
2012.04.02 10:14:44.220,1.33596,1.33602,2.63,5.25
2012.04.02 10:14:44.323,1.33599,1.33605,1.50,3.00
2012.04.02 10:14:44.413,1.33599,1.33606,3.00,2.25
2012.04.02 10:14:44.969,1.33599,1.33606,1.50,3.38
2012.04.02 10:14:45.291,1.33597,1.33605,2.25,3.38
2012.04.02 10:14:46.212,1.33598,1.33605,1.50,2.25
2012.04.02 10:14:46.714,1.33599,1.33606,1.50,2.63
2012.04.02 10:14:47.111,1.33599,1.33606,1.50,1.88
2012.04.02 10:14:48.095,1.33597,1.33607,4.88,5.25
2012.04.02 10:14:51.527,1.33597,1.33607,4.88,4.50
2012.04.02 10:14:51.597,1.33597,1.33607,4.13,6.00
2012.04.02 10:14:52.144,1.33598,1.33605,1.50,2.63
2012.04.02 10:14:53.436,1.33597,1.33605,1.50,4.13
2012.04.02 10:14:53.864,1.33595,1.336,3.19,1.13
2012.04.02 10:14:53.946,1.33595,1.336,1.50,1.13
2012.04.02 10:14:54.083,1.33592,1.33599,2.25,1.13
2012.04.02 10:14:54.307,1.33592,1.33597,1.50,1.50
2012.04.02 10:14:54.900,1.33588,1.33596,1.50,1.88
2012.04.02 10:14:56.032,1.3359,1.33596,1.50,1.88
2012.04.02 10:14:57.231,1.33592,1.33596,1.50,1.13
2012.04.02 10:14:57.313,1.33592,1.33598,1.50,1.50
2012.04.02 10:14:57.599,1.3359,1.33599,1.50,6.04
2012.04.02 10:14:57.677,1.3359,1.33596,1.50,6.19
2012.04.02 10:14:57.827,1.33588,1.33596,2.25,6.04
2012.04.02 10:14:58.037,1.33588,1.33596,2.25,5.29
2012.04.02 10:14:58.421,1.33588,1.33595,1.50,4.88
2012.04.02 10:14:58.567,1.33586,1.33594,2.63,7.50
2012.04.02 10:14:58.777,1.33588,1.33594,1.50,6.00
2012.04.02 10:14:59.123,1.33586,1.33594,1.13,6.75
2012.04.02 10:14:59.327,1.33585,1.33593,1.88,5.10
2012.04.02 10:14:59.825,1.33583,1.3359,2.25,1.88
2012.04.02 10:15:00.374,1.33582,1.3359,1.88,4.13
2012.04.02 10:15:00.921,1.33582,1.3359,1.88,4.13
2012.04.02 10:15:02.061,1.33582,1.33589,1.88,1.50
2012.04.02 10:15:03.961,1.33582,1.33588,1.88,1.50
2012.04.02 10:15:06.170,1.33582,1.33589,1.88,1.50
2012.04.02 10:15:06.862,1.33581,1.33589,2.25,2.25
2012.04.02 10:15:07.391,1.33581,1.33589,2.25,1.50
2012.04.02 10:15:07.463,1.33581,1.3359,1.50,3.38
2012.04.02 10:15:08.048,1.33581,1.3359,2.25,3.38
2012.04.02 10:15:10.462,1.33582,1.33589,1.88,1.50
2012.04.02 10:15:10.673,1.33583,1.33591,1.13,3.75
2012.04.02 10:15:10.835,1.33586,1.33592,1.88,1.13
2012.04.02 10:15:10.919,1.33588,1.33593,2.63,1.50
2012.04.02 10:15:11.433,1.33589,1.33595,2.63,1.50
2012.04.02 10:15:11.592,1.33589,1.33597,3.38,1.69
2012.04.02 10:15:12.445,1.33588,1.33596,3.75,3.57
2012.04.02 10:15:12.586,1.33588,1.33596,3.00,3.57
2012.04.02 10:15:13.140,1.33588,1.33595,1.88,1.88
2012.04.02 10:15:13.273,1.33588,1.33597,1.88,3.75
2012.04.02 10:15:14.313,1.33588,1.33597,1.88,4.50
2012.04.02 10:15:14.920,1.33588,1.33597,1.88,3.75
2012.04.02 10:15:16.277,1.33589,1.33597,1.88,5.44
2012.04.02 10:15:16.792,1.33589,1.33596,1.88,1.50
2012.04.02 10:15:16.862,1.33589,1.33597,1.88,3.94
2012.04.02 10:15:17.384,1.33588,1.33596,2.63,1.13
2012.04.02 10:15:22.804,1.33588,1.33596,1.88,1.88
2012.04.02 10:15:23.145,1.33592,1.33598,1.88,7.50
2012.04.02 10:15:23.516,1.33592,1.33597,1.50,1.13
2012.04.02 10:15:23.660,1.33593,1.33599,1.50,1.50
2012.04.02 10:15:23.736,1.33591,1.33599,1.88,2.25
2012.04.02 10:15:25.046,1.33591,1.33599,2.25,2.25
2012.04.02 10:15:25.751,1.33591,1.33599,4.13,2.25
2012.04.02 10:15:26.014,1.33593,1.33601,2.25,5.07
2012.04.02 10:15:26.144,1.33593,1.336,1.50,1.69
2012.04.02 10:15:26.412,1.33593,1.33601,2.63,5.07
2012.04.02 10:15:27.487,1.3359,1.33596,5.25,1.88
2012.04.02 10:15:27.840,1.33589,1.33595,1.50,3.75
2012.04.02 10:15:28.457,1.33589,1.33596,1.50,3.38
2012.04.02 10:15:28.534,1.33588,1.33595,3.38,1.50
2012.04.02 10:15:29.018,1.33589,1.33597,1.88,2.25
2012.04.02 10:15:29.623,1.33591,1.33598,1.13,2.82
2012.04.02 10:15:32.702,1.33591,1.33599,1.88,1.88
2012.04.02 10:15:33.237,1.33592,1.33599,1.88,1.50
2012.04.02 10:15:35.791,1.33592,1.336,1.88,4.88
2012.04.02 10:15:38.803,1.33592,1.336,2.63,4.32
2012.04.02 10:15:39.320,1.33592,1.336,1.88,4.32
2012.04.02 10:15:42.964,1.33592,1.33598,1.88,1.50
2012.04.02 10:15:43.523,1.3359,1.33597,1.88,2.25
2012.04.02 10:15:46.179,1.33592,1.33597,1.50,2.25
2012.04.02 10:15:47.007,1.33592,1.33599,1.50,1.88
2012.04.02 10:15:50.155,1.33592,1.33599,1.50,1.88
2012.04.02 10:15:50.717,1.33591,1.33599,1.69,1.88
2012.04.02 10:15:50.861,1.3359,1.33599,4.13,2.07
2012.04.02 10:15:50.945,1.3359,1.33597,1.88,3.19
2012.04.02 10:15:51.495,1.33589,1.33595,3.45,1.50
2012.04.02 10:15:52.046,1.33589,1.33597,4.95,3.94
2012.04.02 10:15:52.601,1.33588,1.33595,1.50,2.63
2012.04.02 10:15:52.686,1.33587,1.33595,4.50,2.63
2012.04.02 10:15:52.844,1.33587,1.33594,4.13,2.44
2012.04.02 10:15:53.157,1.33587,1.33593,2.63,1.50
2012.04.02 10:15:53.498,1.33583,1.33588,1.50,2.63
2012.04.02 10:15:53.584,1.33575,1.33586,5.82,2.25
2012.04.02 10:15:54.163,1.3358,1.33588,1.50,3.38
2012.04.02 10:15:54.243,1.3358,1.33588,1.50,2.63
2012.04.02 10:15:54.703,1.33579,1.33586,1.69,1.50
2012.04.02 10:15:56.133,1.33579,1.33588,3.75,2.25
2012.04.02 10:15:57.165,1.33579,1.33584,3.00,1.13
2012.04.02 10:15:57.234,1.33579,1.33584,3.00,1.13
2012.04.02 10:15:58.198,1.33579,1.33585,1.88,1.50
2012.04.02 10:15:58.758,1.3358,1.33584,1.50,1.50
2012.04.02 10:15:58.976,1.3358,1.33586,1.50,6.75
2012.04.02 10:16:00.127,1.3358,1.33587,3.00,1.13
2012.04.02 10:16:02.754,1.33579,1.33585,2.25,1.13
2012.04.02 10:16:03.249,1.33574,1.33578,1.69,1.13
2012.04.02 10:16:03.342,1.33574,1.33578,1.50,1.13
2012.04.02 10:16:03.562,1.3357,1.33576,2.63,1.50
2012.04.02 10:16:03.703,1.3357,1.33578,4.88,2.63
2012.04.02 10:16:05.444,1.33571,1.3358,3.00,2.07
2012.04.02 10:16:10.640,1.33573,1.33581,1.88,3.57
2012.04.02 10:16:11.175,1.33573,1.33581,2.63,3.38
2012.04.02 10:16:12.027,1.33576,1.33584,2.25,1.13
2012.04.02 10:16:12.391,1.33581,1.33587,1.88,1.50
2012.04.02 10:16:12.685,1.33582,1.33589,3.00,3.38
2012.04.02 10:16:13.215,1.33582,1.33589,3.00,2.63
2012.04.02 10:16:13.743,1.33582,1.33588,1.88,1.50
2012.04.02 10:16:14.296,1.33583,1.33588,1.13,1.50
2012.04.02 10:16:14.376,1.33586,1.33592,1.88,2.85
2012.04.02 10:16:14.662,1.3359,1.33594,1.13,1.88
2012.04.02 10:16:15.188,1.3359,1.33596,1.88,1.50
2012.04.02 10:16:20.364,1.33588,1.33593,2.25,1.50
2012.04.02 10:16:20.683,1.33582,1.33588,1.50,2.85
2012.04.02 10:16:20.914,1.3358,1.33584,1.50,1.50
2012.04.02 10:16:21.376,1.33575,1.3358,2.25,2.85
2012.04.02 10:16:21.726,1.33574,1.3358,1.75,1.35
2012.04.02 10:16:22.004,1.3358,1.33584,1.13,3.00
2012.04.02 10:16:22.157,1.33578,1.33583,1.32,1.50
2012.04.02 10:16:22.378,1.33579,1.33584,1.69,2.10
2012.04.02 10:16:22.811,1.33574,1.33579,1.50,1.50
2012.04.02 10:16:23.166,1.33573,1.33579,2.63,1.50
2012.04.02 10:16:24.506,1.33573,1.33579,1.88,1.50
2012.04.02 10:16:25.129,1.33572,1.33579,2.25,2.63
2012.04.02 10:16:25.285,1.3357,1.33578,2.25,2.25
2012.04.02 10:16:25.644,1.33571,1.33578,1.50,1.50
2012.04.02 10:16:26.294,1.33571,1.33578,1.50,1.50
2012.04.02 10:16:27.735,1.3357,1.33577,2.25,1.13
2012.04.02 10:16:28.088,1.33568,1.33575,5.44,1.13
2012.04.02 10:16:28.304,1.33567,1.33574,3.38,1.50
2012.04.02 10:16:30.036,1.33567,1.33574,1.88,2.63
2012.04.02 10:16:31.253,1.33566,1.33574,4.13,5.25
2012.04.02 10:16:31.780,1.33566,1.33572,1.50,1.50
2012.04.02 10:16:34.586,1.33565,1.33573,4.13,1.88
2012.04.02 10:16:36.566,1.33569,1.33574,1.13,2.82
2012.04.02 10:16:37.057,1.33569,1.33576,2.63,3.38
2012.04.02 10:16:37.571,1.33569,1.33577,4.88,1.50
2012.04.02 10:16:40.701,1.33569,1.33577,4.32,1.50
2012.04.02 10:16:41.294,1.33569,1.33577,4.32,1.50
2012.04.02 10:16:41.922,1.33569,1.33577,3.19,2.25
2012.04.02 10:16:44.703,1.33568,1.33575,2.25,1.13
2012.04.02 10:16:45.844,1.33568,1.33577,2.25,3.38
2012.04.02 10:16:46.381,1.33569,1.33577,3.00,1.13
2012.04.02 10:16:48.743,1.33571,1.33578,1.13,1.50
2012.04.02 10:16:49.302,1.33572,1.33579,1.13,4.88
2012.04.02 10:16:51.448,1.33572,1.33579,3.75,1.88
2012.04.02 10:16:51.521,1.33576,1.33581,1.13,2.25
2012.04.02 10:16:51.888,1.33581,1.33585,1.13,4.54
2012.04.02 10:16:57.053,1.33581,1.33586,1.13,2.25
2012.04.02 10:16:57.200,1.33581,1.33586,1.13,2.25
2012.04.02 10:16:57.346,1.33583,1.33587,1.13,1.32
2012.04.02 10:16:57.986,1.33583,1.33588,1.13,2.82
2012.04.02 10:16:58.779,1.33582,1.33588,1.13,2.07
2012.04.02 10:17:01.503,1.33584,1.33589,1.13,3.94
2012.04.02 10:17:04.399,1.33586,1.3359,1.13,2.44
2012.04.02 10:17:09.783,1.33582,1.33589,1.88,2.25
2012.04.02 10:17:10.543,1.33586,1.3359,1.13,3.19
2012.04.02 10:17:13.433,1.33588,1.33592,1.13,5.10
2012.04.02 10:17:14.913,1.33585,1.3359,1.13,3.00
2012.04.02 10:17:21.144,1.33587,1.33591,1.13,3.00
2012.04.02 10:17:22.242,1.33587,1.33591,1.13,3.75
2012.04.02 10:17:22.632,1.33582,1.33588,2.63,1.50
2012.04.02 10:17:23.669,1.33582,1.3359,4.13,3.00
2012.04.02 10:17:25.725,1.33583,1.3359,1.50,3.00
2012.04.02 10:17:26.229,1.33588,1.33592,1.13,4.73
2012.04.02 10:17:26.791,1.33585,1.33592,1.13,2.85
2012.04.02 10:17:27.195,1.33589,1.33594,1.13,4.50
2012.04.02 10:17:27.650,1.33595,1.33599,1.13,2.46
2012.04.02 10:17:27.896,1.33595,1.336,1.88,1.50
2012.04.02 10:17:28.246,1.33593,1.33599,2.07,2.25
2012.04.02 10:17:28.775,1.33593,1.33599,2.07,2.25
2012.04.02 10:17:29.357,1.33593,1.33599,1.32,2.25
2012.04.02 10:17:31.472,1.33593,1.33601,1.88,1.88
2012.04.02 10:17:31.605,1.33593,1.33601,1.88,1.88
2012.04.02 10:17:32.114,1.33593,1.336,1.88,3.00
2012.04.02 10:17:32.667,1.33593,1.336,1.88,3.00
2012.04.02 10:17:33.242,1.33593,1.336,1.88,3.00
2012.04.02 10:17:34.024,1.33593,1.336,1.88,3.00
2012.04.02 10:17:34.552,1.33593,1.336,1.88,1.50
2012.04.02 10:17:35.821,1.33593,1.336,1.88,1.50
2012.04.02 10:17:36.423,1.33594,1.33599,1.13,1.50
2012.04.02 10:17:38.226,1.33594,1.33601,1.13,2.25
2012.04.02 10:17:38.752,1.33594,1.33599,1.13,3.00
2012.04.02 10:17:40.003,1.33592,1.33599,1.13,2.25
2012.04.02 10:17:41.077,1.33593,1.33599,1.13,2.25
2012.04.02 10:17:44.073,1.33593,1.336,1.13,1.50
2012.04.02 10:17:46.418,1.33595,1.33601,3.38,1.50
2012.04.02 10:17:46.561,1.33595,1.33602,2.63,1.50
2012.04.02 10:17:46.777,1.33593,1.33601,4.88,3.00
2012.04.02 10:17:47.130,1.33593,1.33598,1.13,3.00
2012.04.02 10:17:48.615,1.3359,1.33598,5.63,2.25
2012.04.02 10:17:49.258,1.3359,1.33598,4.13,2.25
2012.04.02 10:17:50.560,1.33591,1.33599,3.00,3.75
2012.04.02 10:17:51.116,1.33591,1.33599,4.50,3.00
2012.04.02 10:17:52.432,1.33591,1.33599,4.50,3.00
2012.04.02 10:17:52.585,1.33591,1.33599,3.75,3.00
2012.04.02 10:17:55.683,1.33591,1.33599,4.50,3.00
2012.04.02 10:17:55.753,1.33591,1.33599,3.00,3.00
2012.04.02 10:17:56.323,1.33591,1.33599,3.19,3.00
2012.04.02 10:17:59.001,1.33591,1.33599,3.75,3.00
2012.04.02 10:18:00.415,1.33593,1.33599,2.25,2.25
2012.04.02 10:18:00.554,1.33592,1.33599,2.25,3.00
2012.04.02 10:18:01.112,1.33593,1.33599,1.88,1.13
2012.04.02 10:18:04.031,1.33593,1.336,1.88,1.88
2012.04.02 10:18:04.691,1.33592,1.33599,2.25,1.50
2012.04.02 10:18:05.215,1.33592,1.33599,1.50,1.50
2012.04.02 10:18:05.515,1.33591,1.33599,3.57,1.50
2012.04.02 10:18:05.595,1.3359,1.33597,3.00,1.88
2012.04.02 10:18:05.961,1.33586,1.33591,2.25,2.63
2012.04.02 10:18:06.283,1.33588,1.33592,1.50,1.50
2012.04.02 10:18:06.375,1.33582,1.33591,2.25,4.13
2012.04.02 10:18:07.055,1.33582,1.3359,2.25,1.50
2012.04.02 10:18:07.129,1.33582,1.3359,1.50,2.25
2012.04.02 10:18:09.467,1.33581,1.3359,5.07,2.25
2012.04.02 10:18:10.554,1.33582,1.3359,2.63,1.50
2012.04.02 10:18:10.845,1.33581,1.33589,2.82,3.38
2012.04.02 10:18:11.550,1.33581,1.33589,1.88,5.07
2012.04.02 10:18:12.116,1.33581,1.33587,1.50,1.88
2012.04.02 10:18:12.331,1.33579,1.33586,3.75,2.82
2012.04.02 10:18:14.044,1.33579,1.33586,1.50,2.82
2012.04.02 10:18:14.735,1.33578,1.33586,1.50,3.57
2012.04.02 10:18:15.316,1.33578,1.33585,1.50,1.50
2012.04.02 10:18:16.698,1.33578,1.33585,1.50,4.30
2012.04.02 10:18:17.085,1.33576,1.33584,3.75,3.00
2012.04.02 10:18:17.176,1.33575,1.33579,1.50,2.82
2012.04.02 10:18:17.256,1.33573,1.33579,1.50,2.82
2012.04.02 10:18:17.819,1.33574,1.33582,2.25,3.00
2012.04.02 10:18:18.365,1.33574,1.3358,2.25,1.13
2012.04.02 10:18:19.170,1.33573,1.3358,3.75,1.13
2012.04.02 10:18:19.866,1.33573,1.3358,2.25,1.88
2012.04.02 10:18:20.079,1.33574,1.33582,1.50,2.63
2012.04.02 10:18:22.370,1.33574,1.33582,3.00,1.13
2012.04.02 10:18:22.689,1.33578,1.33584,1.13,2.82
2012.04.02 10:18:22.807,1.33583,1.33587,1.13,4.50
2012.04.02 10:18:22.902,1.33583,1.3359,2.63,2.25
2012.04.02 10:18:23.417,1.33582,1.33588,2.63,1.50
2012.04.02 10:18:23.560,1.33582,1.3359,1.13,4.35
2012.04.02 10:18:24.113,1.33583,1.33589,1.50,1.50
2012.04.02 10:18:24.925,1.33581,1.33589,1.50,2.63
2012.04.02 10:18:25.007,1.3358,1.33585,2.44,1.13
2012.04.02 10:18:25.566,1.33579,1.33585,1.50,1.13
2012.04.02 10:18:25.832,1.33577,1.33585,3.00,2.63
2012.04.02 10:18:26.395,1.33577,1.33585,3.75,3.38
2012.04.02 10:18:27.728,1.33577,1.33585,3.00,2.63
2012.04.02 10:18:28.144,1.33577,1.33584,1.50,1.50
2012.04.02 10:18:28.686,1.33577,1.33585,3.00,3.38
2012.04.02 10:18:32.602,1.33578,1.33585,1.50,1.88
2012.04.02 10:18:33.303,1.33578,1.33585,1.50,3.38
2012.04.02 10:18:35.605,1.33577,1.33585,3.00,4.13
2012.04.02 10:18:36.259,1.33577,1.33583,2.25,1.50
2012.04.02 10:18:47.987,1.33579,1.33586,1.50,2.07
2012.04.02 10:18:48.618,1.33578,1.33586,1.88,2.44
2012.04.02 10:18:49.174,1.33577,1.33585,2.63,1.13
2012.04.02 10:18:49.867,1.33577,1.33585,1.88,1.13
2012.04.02 10:18:50.017,1.33579,1.33587,1.88,3.57
2012.04.02 10:18:53.020,1.33579,1.33587,3.75,1.32
2012.04.02 10:18:53.104,1.33585,1.33589,1.13,3.75
2012.04.02 10:18:53.340,1.33588,1.33596,1.88,6.38
2012.04.02 10:18:53.449,1.33589,1.33596,2.25,1.88
2012.04.02 10:18:54.059,1.33589,1.33596,3.00,1.13
2012.04.02 10:18:54.574,1.33588,1.33596,3.38,1.88
2012.04.02 10:18:55.074,1.33588,1.33596,3.38,1.13
2012.04.02 10:18:55.592,1.33588,1.33596,2.63,1.13
2012.04.02 10:18:57.966,1.33587,1.33595,3.38,1.88
2012.04.02 10:19:01.097,1.33588,1.33596,1.13,1.88
2012.04.02 10:19:01.618,1.33588,1.33596,1.88,2.63
2012.04.02 10:19:07.316,1.33588,1.33596,1.88,1.13
2012.04.02 10:19:07.965,1.33589,1.33597,1.88,3.00
2012.04.02 10:19:10.308,1.3359,1.33596,2.63,1.50
2012.04.02 10:19:10.460,1.3359,1.33598,2.63,1.13
2012.04.02 10:19:11.155,1.3359,1.33598,2.63,1.88
2012.04.02 10:19:11.754,1.3359,1.33598,2.63,1.13
2012.04.02 10:19:13.487,1.3359,1.33598,2.63,2.82
2012.04.02 10:19:13.915,1.33588,1.33595,4.13,1.88
2012.04.02 10:19:14.622,1.33587,1.33594,3.94,1.50
2012.04.02 10:19:15.176,1.33587,1.33594,2.25,1.50
2012.04.02 10:19:17.717,1.33587,1.33595,5.63,1.88
2012.04.02 10:19:17.863,1.33587,1.33593,3.38,1.50
2012.04.02 10:19:17.939,1.33587,1.33595,3.38,2.63
2012.04.02 10:19:18.497,1.33587,1.33595,4.13,1.13
2012.04.02 10:19:19.013,1.33588,1.33594,1.13,1.50
2012.04.02 10:19:19.086,1.33588,1.33596,2.63,4.88
2012.04.02 10:19:26.856,1.33588,1.33596,3.38,4.13
2012.04.02 10:19:27.834,1.33588,1.33596,4.13,4.13
2012.04.02 10:19:29.620,1.33588,1.33596,3.38,4.13
2012.04.02 10:19:42.284,1.33589,1.33596,1.13,2.25
2012.04.02 10:19:44.034,1.33587,1.33597,5.63,4.13
2012.04.02 10:19:46.681,1.33589,1.33597,1.50,3.75
2012.04.02 10:19:47.037,1.33591,1.33597,1.50,1.13
2012.04.02 10:19:47.726,1.3359,1.33598,2.25,1.88
2012.04.02 10:19:48.456,1.33591,1.33598,1.50,1.88
2012.04.02 10:19:49.009,1.3359,1.33598,3.75,3.38
2012.04.02 10:19:49.568,1.33591,1.33598,1.50,1.88
2012.04.02 10:19:50.085,1.3359,1.33599,2.25,4.13
2012.04.02 10:19:50.764,1.3359,1.33599,2.44,4.13
2012.04.02 10:19:51.330,1.3359,1.33598,1.69,1.50
2012.04.02 10:19:51.884,1.33592,1.33599,3.00,2.63
2012.04.02 10:19:52.425,1.33592,1.33599,2.25,1.88
2012.04.02 10:19:53.137,1.33593,1.336,2.25,1.50
2012.04.02 10:19:53.623,1.33593,1.33601,3.00,3.00
2012.04.02 10:19:55.254,1.33593,1.33601,3.00,3.00
2012.04.02 10:19:55.814,1.33592,1.33599,3.75,1.13
2012.04.02 10:19:56.353,1.33592,1.33599,1.50,1.13
2012.04.02 10:19:57.901,1.3359,1.33599,3.00,3.38
2012.04.02 10:19:59.083,1.3359,1.33599,1.50,4.88
2012.04.02 10:19:59.214,1.33589,1.33598,5.07,1.50
2012.04.02 10:19:59.282,1.33589,1.33599,5.07,4.88
2012.04.02 10:19:59.603,1.33589,1.33598,3.19,2.63
2012.04.02 10:20:00.112,1.33589,1.33598,3.19,2.63
2012.04.02 10:20:00.765,1.33589,1.33598,3.94,1.88
2012.04.02 10:20:01.036,1.33591,1.33598,1.50,1.13
2012.04.02 10:20:01.654,1.33591,1.33598,1.50,1.88
2012.04.02 10:20:01.970,1.3359,1.33596,3.75,1.50
2012.04.02 10:20:02.335,1.33586,1.33591,2.63,1.13
2012.04.02 10:20:02.454,1.33582,1.33586,2.44,1.13
2012.04.02 10:20:02.544,1.33582,1.33586,1.50,1.88
2012.04.02 10:20:02.708,1.33579,1.33586,3.00,4.88
2012.04.02 10:20:03.396,1.33578,1.33583,1.50,1.50
2012.04.02 10:20:03.515,1.33575,1.33583,1.50,1.69
2012.04.02 10:20:03.940,1.33578,1.33584,1.13,1.69
2012.04.02 10:20:04.178,1.33581,1.33587,1.13,6.57
2012.04.02 10:20:06.599,1.33581,1.33587,3.38,1.13
2012.04.02 10:20:06.853,1.33581,1.33589,3.38,4.13
2012.04.02 10:20:07.356,1.33581,1.33588,2.63,2.25
2012.04.02 10:20:07.869,1.33581,1.33588,1.13,2.25
2012.04.02 10:20:08.264,1.33583,1.33588,1.13,2.25
2012.04.02 10:20:10.948,1.33583,1.3359,1.13,5.25
2012.04.02 10:20:11.746,1.33579,1.33588,1.13,6.38
2012.04.02 10:20:11.894,1.33578,1.33585,2.63,2.25
2012.04.02 10:20:12.391,1.33578,1.33585,1.88,2.25
2012.04.02 10:20:12.937,1.33578,1.33584,1.13,2.44
2012.04.02 10:20:13.753,1.33574,1.33582,5.10,1.50
2012.04.02 10:20:14.059,1.33573,1.33578,1.50,2.25
2012.04.02 10:20:14.607,1.33572,1.33579,1.88,3.19
2012.04.02 10:20:16.832,1.3357,1.33578,1.88,3.57
2012.04.02 10:20:17.105,1.33568,1.33575,3.60,6.00
2012.04.02 10:20:17.190,1.33567,1.33574,4.50,1.35
2012.04.02 10:20:19.863,1.33568,1.33574,1.50,3.23
2012.04.02 10:20:20.412,1.33569,1.33575,2.25,4.88
2012.04.02 10:20:20.500,1.3357,1.33577,1.50,4.50
2012.04.02 10:20:21.024,1.3357,1.33577,1.50,4.88
2012.04.02 10:20:21.520,1.33572,1.33578,1.50,2.63
2012.04.02 10:20:22.023,1.33573,1.33578,1.13,1.50
2012.04.02 10:20:22.516,1.33571,1.33578,3.38,1.50
2012.04.02 10:20:23.075,1.33571,1.33577,1.13,1.50
2012.04.02 10:20:23.648,1.33571,1.33577,1.13,1.50
2012.04.02 10:20:23.927,1.33569,1.33577,1.88,2.25
2012.04.02 10:20:24.069,1.33569,1.33577,3.38,1.50
2012.04.02 10:20:24.637,1.33572,1.33578,2.63,2.25
2012.04.02 10:20:25.207,1.33572,1.33578,1.88,1.50
2012.04.02 10:20:25.281,1.33574,1.33578,1.13,1.13
2012.04.02 10:20:26.016,1.33574,1.33579,1.88,1.50
2012.04.02 10:20:26.091,1.33575,1.33581,3.60,5.82
2012.04.02 10:20:26.178,1.33575,1.33581,5.29,3.75
2012.04.02 10:20:26.319,1.33577,1.33582,2.25,1.13
2012.04.02 10:20:26.454,1.33577,1.33584,2.25,5.63
2012.04.02 10:20:27.366,1.33577,1.33584,2.25,6.38
2012.04.02 10:20:27.712,1.33575,1.33582,2.07,1.50
2012.04.02 10:20:29.476,1.33575,1.33581,1.50,3.38
2012.04.02 10:20:30.044,1.33572,1.3358,4.69,1.50
2012.04.02 10:20:30.797,1.33571,1.33579,3.38,2.63
2012.04.02 10:20:31.345,1.33573,1.33579,1.50,1.13
2012.04.02 10:20:34.132,1.33573,1.3358,3.75,1.13
2012.04.02 10:20:34.206,1.33573,1.3358,4.50,1.13
2012.04.02 10:20:34.714,1.33574,1.3358,2.25,1.13
2012.04.02 10:20:35.630,1.33573,1.3358,2.25,1.13
2012.04.02 10:20:36.807,1.33573,1.3358,2.25,1.88
2012.04.02 10:20:37.357,1.33573,1.3358,3.00,1.88
2012.04.02 10:20:37.980,1.33572,1.33579,2.63,1.50
2012.04.02 10:20:38.402,1.33575,1.3358,2.10,2.25
2012.04.02 10:20:38.776,1.33576,1.33581,1.69,2.63
2012.04.02 10:20:38.986,1.33574,1.33581,1.50,4.13
2012.04.02 10:20:39.525,1.33573,1.33581,2.63,4.13
2012.04.02 10:20:40.171,1.33573,1.33581,2.25,3.38
2012.04.02 10:20:40.392,1.33575,1.33582,4.17,1.13
2012.04.02 10:20:40.753,1.33579,1.33585,3.75,1.13
2012.04.02 10:20:41.111,1.3358,1.33588,3.00,3.38
2012.04.02 10:20:42.515,1.3358,1.33585,3.00,1.13
2012.04.02 10:20:46.585,1.3358,1.33585,1.50,1.13
2012.04.02 10:20:46.732,1.33578,1.33585,3.19,1.13
2012.04.02 10:20:47.371,1.33577,1.33584,4.69,1.50
2012.04.02 10:20:47.444,1.33577,1.33584,3.00,1.50
2012.04.02 10:20:47.993,1.33577,1.33583,2.63,1.13
2012.04.02 10:20:48.857,1.33577,1.33583,3.38,1.13
2012.04.02 10:20:49.423,1.33577,1.33584,4.13,1.13
2012.04.02 10:20:50.870,1.33577,1.33582,2.63,1.88
2012.04.02 10:20:51.175,1.33574,1.33578,1.50,1.13
2012.04.02 10:20:51.589,1.33572,1.33582,6.94,3.75
2012.04.02 10:20:52.113,1.33574,1.33582,1.50,3.00
2012.04.02 10:20:52.777,1.33574,1.33582,3.94,1.50
2012.04.02 10:20:53.311,1.33576,1.33583,1.69,1.13
2012.04.02 10:20:54.546,1.33577,1.33583,2.25,1.13
2012.04.02 10:20:55.149,1.33577,1.33583,2.25,1.13
2012.04.02 10:20:55.978,1.33577,1.33584,2.25,1.13
2012.04.02 10:20:56.326,1.33579,1.33584,2.25,1.13
2012.04.02 10:20:56.875,1.33579,1.33585,3.00,1.13
2012.04.02 10:20:57.383,1.33579,1.33585,2.25,1.13
2012.04.02 10:20:58.236,1.33579,1.33585,3.00,1.13
2012.04.02 10:20:58.762,1.33579,1.33585,2.25,1.13
2012.04.02 10:20:59.371,1.33579,1.33585,3.75,1.13
2012.04.02 10:21:00.045,1.33579,1.33585,3.00,1.13
2012.04.02 10:21:01.147,1.33579,1.33585,3.00,1.13
2012.04.02 10:21:01.702,1.33579,1.33585,2.25,1.13
2012.04.02 10:21:02.026,1.33579,1.33585,3.00,1.13
2012.04.02 10:21:02.255,1.33579,1.33585,3.00,1.13
2012.04.02 10:21:02.547,1.33576,1.3358,3.60,1.13
2012.04.02 10:21:02.941,1.33573,1.33579,2.63,1.88
2012.04.02 10:21:03.509,1.33571,1.33579,4.88,2.82
2012.04.02 10:21:06.012,1.33571,1.33579,4.13,2.63
2012.04.02 10:21:07.462,1.33572,1.33579,1.50,1.50
2012.04.02 10:21:08.125,1.33575,1.33583,1.69,2.33
2012.04.02 10:21:08.271,1.33578,1.33583,2.25,1.13
2012.04.02 10:21:08.833,1.3358,1.33584,1.50,1.13
2012.04.02 10:21:09.334,1.33579,1.33584,1.50,1.13
2012.04.02 10:21:10.077,1.33578,1.33586,1.69,2.63
2012.04.02 10:21:10.157,1.33578,1.33586,1.69,2.63
2012.04.02 10:21:10.966,1.33577,1.33584,4.50,1.13
2012.04.02 10:21:11.317,1.33577,1.33582,3.00,1.13
2012.04.02 10:21:11.865,1.33574,1.33582,3.38,1.13
2012.04.02 10:21:12.243,1.33574,1.33581,1.88,3.00
2012.04.02 10:21:12.810,1.33574,1.3358,1.88,1.50
2012.04.02 10:21:13.626,1.33572,1.3358,2.25,2.25
2012.04.02 10:21:14.154,1.33572,1.3358,2.25,3.38
2012.04.02 10:21:14.745,1.33573,1.33579,1.88,2.25
2012.04.02 10:21:15.294,1.33573,1.33579,1.88,1.50
2012.04.02 10:21:15.847,1.33573,1.33578,1.88,1.50
2012.04.02 10:21:16.375,1.33573,1.33579,1.13,2.25
2012.04.02 10:21:17.384,1.33576,1.33581,2.85,1.13
2012.04.02 10:21:17.815,1.33576,1.33583,2.10,1.13
2012.04.02 10:21:17.962,1.33576,1.33583,2.85,1.13
2012.04.02 10:21:18.177,1.33578,1.33585,1.69,1.13
2012.04.02 10:21:20.216,1.33577,1.33585,5.07,2.25
2012.04.02 10:21:20.442,1.33577,1.33582,2.25,1.88
2012.04.02 10:21:20.521,1.33576,1.3358,2.25,1.13
2012.04.02 10:21:20.669,1.33573,1.33579,1.50,1.50
2012.04.02 10:21:21.181,1.33573,1.33579,1.50,1.50
2012.04.02 10:21:21.734,1.33577,1.33582,1.50,1.88
2012.04.02 10:21:22.016,1.33578,1.33583,1.50,1.13
2012.04.02 10:21:22.556,1.33577,1.33583,1.50,1.13
2012.04.02 10:21:23.719,1.33576,1.33583,3.94,1.13
2012.04.02 10:21:24.365,1.33576,1.33583,3.94,1.13
2012.04.02 10:21:24.905,1.33578,1.33584,1.50,1.13
2012.04.02 10:21:25.787,1.33578,1.33584,1.50,1.13
2012.04.02 10:21:27.454,1.33579,1.33584,1.50,1.13
2012.04.02 10:21:27.854,1.33578,1.33584,1.69,1.13
2012.04.02 10:21:28.393,1.33578,1.33584,1.69,1.13
2012.04.02 10:21:28.527,1.33579,1.33586,1.50,2.25
2012.04.02 10:21:29.294,1.33579,1.33586,3.00,1.88
2012.04.02 10:21:29.368,1.33579,1.33586,3.00,1.88
2012.04.02 10:21:29.914,1.33578,1.33585,1.32,1.13
2012.04.02 10:21:30.893,1.33578,1.33583,1.32,1.13
2012.04.02 10:21:33.457,1.33578,1.33583,1.13,1.13
2012.04.02 10:21:33.983,1.33576,1.33583,8.67,1.13
2012.04.02 10:21:37.896,1.33578,1.33584,1.32,1.88
2012.04.02 10:21:38.403,1.33578,1.33584,1.32,1.88
2012.04.02 10:21:41.678,1.33577,1.33585,5.25,1.88
2012.04.02 10:21:42.194,1.33578,1.33585,1.88,1.88
2012.04.02 10:21:42.699,1.33578,1.33585,1.13,1.88
2012.04.02 10:21:45.635,1.33578,1.33585,1.13,1.88
2012.04.02 10:21:46.194,1.33578,1.33584,1.13,1.13
2012.04.02 10:21:46.986,1.33577,1.33584,8.63,1.13
2012.04.02 10:21:47.600,1.33577,1.33584,7.32,1.13
2012.04.02 10:21:48.818,1.33577,1.33586,8.07,1.13
2012.04.02 10:21:48.889,1.33578,1.33586,1.32,1.13
2012.04.02 10:21:49.396,1.3358,1.33588,3.38,2.25
2012.04.02 10:21:54.583,1.33579,1.33587,3.38,3.00
2012.04.02 10:21:56.893,1.33579,1.33587,1.88,4.13
2012.04.02 10:21:59.484,1.33578,1.33586,2.25,2.25
2012.04.02 10:22:02.766,1.33577,1.33586,6.19,2.25
2012.04.02 10:22:03.303,1.33577,1.33585,3.57,4.88
2012.04.02 10:22:03.938,1.33577,1.33585,1.13,4.88
2012.04.02 10:22:05.872,1.33578,1.33585,1.50,4.13
2012.04.02 10:22:06.843,1.33576,1.33584,1.88,1.88
2012.04.02 10:22:08.014,1.33576,1.33584,1.88,2.63
2012.04.02 10:22:09.244,1.33576,1.33584,1.88,2.63
2012.04.02 10:22:09.446,1.33576,1.33585,1.13,2.25
2012.04.02 10:22:09.518,1.33578,1.33586,1.50,3.75
2012.04.02 10:22:10.063,1.33578,1.33586,2.44,1.50
2012.04.02 10:22:11.326,1.33578,1.33586,1.69,3.00
2012.04.02 10:22:12.039,1.33577,1.33586,2.82,3.75
2012.04.02 10:22:13.777,1.33577,1.33585,1.50,1.50
2012.04.02 10:22:14.056,1.33576,1.33583,2.63,1.50
2012.04.02 10:22:15.563,1.33576,1.33585,4.13,2.25
2012.04.02 10:22:16.097,1.33576,1.33586,4.32,5.63
2012.04.02 10:22:16.504,1.33576,1.33585,4.32,1.50
2012.04.02 10:22:16.676,1.33576,1.33585,4.32,2.25
2012.04.02 10:22:20.334,1.33577,1.33585,1.13,1.50
2012.04.02 10:22:20.852,1.33577,1.33585,1.88,1.50
2012.04.02 10:22:22.464,1.33577,1.33585,1.88,1.50
2012.04.02 10:22:23.026,1.33577,1.33585,1.88,1.50
2012.04.02 10:22:24.101,1.33577,1.33585,1.13,4.13
2012.04.02 10:22:24.246,1.33577,1.33584,1.88,1.88
2012.04.02 10:22:24.395,1.33574,1.33582,6.75,3.38
2012.04.02 10:22:24.476,1.33574,1.33581,6.75,1.69
2012.04.02 10:22:24.699,1.33572,1.33578,2.25,2.25
2012.04.02 10:22:25.257,1.33573,1.33579,1.50,5.82
2012.04.02 10:22:25.456,1.33571,1.33579,4.13,4.32
2012.04.02 10:22:25.993,1.33572,1.33579,1.88,3.19
2012.04.02 10:22:26.531,1.33572,1.33579,1.13,3.94
2012.04.02 10:22:27.064,1.33573,1.33579,1.13,2.25
2012.04.02 10:22:27.724,1.33574,1.33579,1.13,2.25
2012.04.02 10:22:28.364,1.33574,1.33581,1.13,2.82
2012.04.02 10:22:28.684,1.33571,1.33579,3.38,1.50
2012.04.02 10:22:31.318,1.33573,1.3358,1.88,1.13
2012.04.02 10:22:36.327,1.33573,1.33581,1.13,2.25
2012.04.02 10:22:36.683,1.33575,1.33581,1.13,1.13
2012.04.02 10:22:36.766,1.33575,1.33583,2.63,2.63
2012.04.02 10:22:37.304,1.33575,1.33582,2.63,1.50
2012.04.02 10:22:38.415,1.33575,1.33583,2.63,1.50
2012.04.02 10:22:40.685,1.33575,1.33583,1.13,1.50
2012.04.02 10:22:49.445,1.33575,1.33582,2.07,2.25
2012.04.02 10:22:49.756,1.33577,1.33584,1.50,3.38
2012.04.02 10:22:50.319,1.33577,1.33584,2.25,1.13
2012.04.02 10:22:51.328,1.33578,1.33587,1.69,5.63
2012.04.02 10:22:51.879,1.33579,1.33587,3.00,3.75
2012.04.02 10:22:51.968,1.3358,1.33587,1.39,3.00
2012.04.02 10:22:52.322,1.33588,1.33592,1.69,1.50
2012.04.02 10:22:52.835,1.33588,1.33596,3.19,3.38
2012.04.02 10:22:53.368,1.33589,1.33596,1.50,2.63
2012.04.02 10:22:53.918,1.33586,1.33594,4.13,1.50
2012.04.02 10:22:54.395,1.33583,1.3359,2.25,1.88
2012.04.02 10:22:54.960,1.33581,1.3359,2.63,4.88
2012.04.02 10:22:55.108,1.33584,1.33592,2.25,3.57
2012.04.02 10:22:57.017,1.33583,1.33591,4.13,2.10
2012.04.02 10:22:59.995,1.33584,1.33591,1.13,3.23
2012.04.02 10:23:00.069,1.33584,1.33591,1.88,2.25
2012.04.02 10:23:00.607,1.33584,1.33592,4.32,2.63
2012.04.02 10:23:01.280,1.33584,1.33592,2.63,1.88
2012.04.02 10:23:01.803,1.33585,1.33593,1.13,4.13
2012.04.02 10:23:04.614,1.33585,1.33592,3.38,1.50
2012.04.02 10:23:04.685,1.33585,1.33592,3.38,1.50
2012.04.02 10:23:05.233,1.33585,1.33592,3.38,1.50
2012.04.02 10:23:07.835,1.33585,1.33594,3.00,1.88
2012.04.02 10:23:10.879,1.33584,1.33593,3.38,3.00
2012.04.02 10:23:11.537,1.33584,1.33592,2.63,1.50
2012.04.02 10:23:11.823,1.33583,1.3359,3.57,1.13
2012.04.02 10:23:12.124,1.33583,1.33588,1.69,1.13
2012.04.02 10:23:12.665,1.33582,1.33588,3.75,1.13
2012.04.02 10:23:13.533,1.33582,1.33589,2.25,1.88
2012.04.02 10:23:14.665,1.33582,1.3359,4.13,3.38
2012.04.02 10:23:15.358,1.33583,1.3359,2.25,1.13
2012.04.02 10:23:15.869,1.33583,1.33591,3.38,2.82
2012.04.02 10:23:16.296,1.33585,1.33592,2.25,1.88
2012.04.02 10:23:21.882,1.33585,1.33594,3.57,1.88
2012.04.02 10:23:25.858,1.33585,1.33591,2.63,1.13
2012.04.02 10:23:28.298,1.33584,1.33591,2.25,1.88
2012.04.02 10:23:28.657,1.33582,1.33591,3.19,3.00
2012.04.02 10:23:29.403,1.33582,1.3359,2.44,1.50
2012.04.02 10:23:29.784,1.33582,1.33589,2.25,1.50
2012.04.02 10:23:32.146,1.33584,1.33591,1.13,1.69
2012.04.02 10:23:32.215,1.33584,1.33591,1.13,2.44
2012.04.02 10:23:34.634,1.33584,1.3359,1.13,1.50
2012.04.02 10:23:35.343,1.33584,1.33591,1.13,3.00
2012.04.02 10:23:35.982,1.33584,1.3359,1.13,1.50
2012.04.02 10:23:36.544,1.33584,1.33591,1.13,3.75
2012.04.02 10:23:37.075,1.33585,1.33591,1.50,1.50
2012.04.02 10:23:38.475,1.33585,1.33592,2.63,1.13
2012.04.02 10:23:39.556,1.33583,1.33592,3.38,2.63
2012.04.02 10:23:42.795,1.33584,1.33591,2.25,1.88
2012.04.02 10:23:43.793,1.33584,1.33591,3.00,2.07
2012.04.02 10:23:45.908,1.33584,1.33592,4.32,3.00
2012.04.02 10:23:46.117,1.33586,1.33593,1.13,1.13
2012.04.02 10:23:46.193,1.33586,1.33594,2.63,2.63
2012.04.02 10:23:46.475,1.33586,1.33594,3.38,3.00
2012.04.02 10:23:47.110,1.33588,1.33595,2.25,1.13
2012.04.02 10:23:47.634,1.33589,1.33596,2.25,1.88
2012.04.02 10:23:50.077,1.33589,1.33596,3.00,1.13
2012.04.02 10:23:52.987,1.33589,1.33597,3.19,1.50
2012.04.02 10:23:56.836,1.3359,1.33597,1.50,2.25
2012.04.02 10:23:57.182,1.3359,1.33597,1.50,2.25
2012.04.02 10:23:57.688,1.33591,1.33598,3.00,1.88
2012.04.02 10:24:00.983,1.33588,1.33594,5.48,1.88
2012.04.02 10:24:01.068,1.33587,1.33594,1.50,5.25
2012.04.02 10:24:02.042,1.33586,1.33594,3.38,1.88
2012.04.02 10:24:02.574,1.33586,1.33593,1.88,3.75
2012.04.02 10:24:03.103,1.33586,1.33593,1.88,3.75
2012.04.02 10:24:04.291,1.33585,1.33592,1.50,2.25
2012.04.02 10:24:04.373,1.33583,1.33592,4.69,3.00
2012.04.02 10:24:04.800,1.33583,1.3359,2.07,1.50
2012.04.02 10:24:12.597,1.33583,1.3359,1.88,3.75
2012.04.02 10:24:12.936,1.33581,1.33588,1.13,3.94
2012.04.02 10:24:13.412,1.33579,1.33586,3.23,2.44
2012.04.02 10:24:13.499,1.33579,1.33586,3.60,2.44
2012.04.02 10:24:14.906,1.33579,1.33587,5.85,3.75
2012.04.02 10:24:16.068,1.33579,1.33587,2.63,3.75
2012.04.02 10:24:16.595,1.33576,1.33583,3.98,1.50
2012.04.02 10:24:16.684,1.33576,1.33582,1.50,1.35
2012.04.02 10:24:16.831,1.33575,1.33583,1.88,2.33
2012.04.02 10:24:16.910,1.33575,1.33581,2.25,1.50
2012.04.02 10:24:20.249,1.33575,1.33583,3.38,2.82
2012.04.02 10:24:20.341,1.33576,1.33583,1.50,2.07
2012.04.02 10:24:20.427,1.33576,1.33584,3.38,1.32
2012.04.02 10:24:20.502,1.33579,1.33584,1.50,1.69
2012.04.02 10:24:20.645,1.33576,1.33583,1.88,1.32
2012.04.02 10:24:21.150,1.33573,1.3358,1.50,2.25
2012.04.02 10:24:21.246,1.33572,1.33579,1.13,3.00
2012.04.02 10:24:21.330,1.33571,1.33575,1.75,1.50
2012.04.02 10:24:21.675,1.33572,1.33577,1.13,2.25
2012.04.02 10:24:21.975,1.33572,1.33579,1.13,2.63
2012.04.02 10:24:22.052,1.33575,1.33579,1.13,2.63
2012.04.02 10:24:22.555,1.33576,1.33581,1.50,1.88
2012.04.02 10:24:23.125,1.33575,1.33581,1.13,1.88
2012.04.02 10:24:23.820,1.33575,1.33582,1.13,1.13
2012.04.02 10:24:24.175,1.33579,1.33583,1.50,1.50
2012.04.02 10:24:24.253,1.33577,1.33583,1.13,1.88
2012.04.02 10:24:26.180,1.33575,1.33583,2.63,2.82
2012.04.02 10:24:30.013,1.33575,1.33583,3.38,2.63
2012.04.02 10:24:30.739,1.33577,1.33583,2.63,1.13
2012.04.02 10:24:32.264,1.33576,1.33583,1.88,1.13
2012.04.02 10:24:39.685,1.33577,1.33582,1.13,1.13
2012.04.02 10:24:39.759,1.33577,1.33585,1.13,7.73
2012.04.02 10:24:40.024,1.33577,1.33585,3.38,3.42
2012.04.02 10:24:40.607,1.33581,1.33586,1.50,1.50
2012.04.02 10:24:44.031,1.33578,1.33588,3.57,6.00
2012.04.02 10:24:44.105,1.33578,1.33588,4.32,4.50
2012.04.02 10:24:44.759,1.33578,1.33588,4.32,5.25
2012.04.02 10:24:44.834,1.33578,1.33588,3.57,6.00
2012.04.02 10:24:45.194,1.33581,1.33588,1.50,4.50
2012.04.02 10:24:46.573,1.33581,1.33588,2.25,3.00
2012.04.02 10:24:48.618,1.33582,1.33588,1.50,1.50
2012.04.02 10:24:49.046,1.33585,1.33591,1.13,1.32
2012.04.02 10:24:49.676,1.33585,1.3359,2.63,2.82
2012.04.02 10:24:50.504,1.33585,1.3359,1.13,1.32
2012.04.02 10:24:51.455,1.33583,1.3359,1.50,2.07
2012.04.02 10:24:51.654,1.33585,1.3359,1.13,1.13
2012.04.02 10:24:52.506,1.33585,1.3359,1.13,1.88
2012.04.02 10:24:53.231,1.33585,1.3359,1.13,1.13
2012.04.02 10:24:54.126,1.33583,1.33589,1.50,1.50
2012.04.02 10:24:54.213,1.33583,1.33589,1.50,2.63
2012.04.02 10:24:54.294,1.33582,1.33587,1.13,1.50
2012.04.02 10:24:54.507,1.33579,1.33587,3.38,5.25
2012.04.02 10:24:54.743,1.33577,1.33585,2.44,4.13
2012.04.02 10:24:55.026,1.33578,1.33585,2.25,1.88
2012.04.02 10:24:58.315,1.33579,1.33585,1.50,4.13
2012.04.02 10:24:58.390,1.33576,1.33585,2.25,6.57
2012.04.02 10:25:00.281,1.33577,1.33585,1.88,4.69
2012.04.02 10:25:00.431,1.33579,1.33585,2.25,2.07
2012.04.02 10:25:00.985,1.33578,1.33585,3.00,1.32
2012.04.02 10:25:01.530,1.33581,1.33587,1.50,1.50
2012.04.02 10:25:04.924,1.3358,1.33587,2.25,3.00
2012.04.02 10:25:15.131,1.33578,1.33586,3.00,3.00
2012.04.02 10:25:15.664,1.33578,1.33586,3.00,3.00
2012.04.02 10:25:16.184,1.33578,1.33586,3.00,3.00
2012.04.02 10:25:16.726,1.33578,1.33586,1.50,2.44
2012.04.02 10:25:17.264,1.33577,1.33585,3.00,2.44
2012.04.02 10:25:22.024,1.33579,1.33585,1.50,1.88
2012.04.02 10:25:26.266,1.33579,1.33584,1.50,1.13
2012.04.02 10:25:26.631,1.33574,1.33581,3.00,4.92
2012.04.02 10:25:26.925,1.33573,1.33579,1.13,1.13
2012.04.02 10:25:27.154,1.3357,1.33579,7.32,1.88
2012.04.02 10:25:27.716,1.3357,1.33578,2.63,1.50
2012.04.02 10:25:33.826,1.3357,1.33579,4.13,1.32
2012.04.02 10:25:34.523,1.3357,1.33579,4.13,1.32
2012.04.02 10:25:35.037,1.3357,1.33577,2.63,1.50
2012.04.02 10:25:35.835,1.3357,1.33576,2.63,1.50
2012.04.02 10:25:37.622,1.33569,1.33575,1.50,1.50
2012.04.02 10:25:37.845,1.33566,1.33572,3.57,1.50
2012.04.02 10:25:37.931,1.33566,1.33572,2.63,1.50
2012.04.02 10:25:38.018,1.33566,1.3357,1.88,1.50
2012.04.02 10:25:38.161,1.33566,1.33572,3.38,3.00
2012.04.02 10:25:38.383,1.33568,1.33574,1.88,2.25
2012.04.02 10:25:38.463,1.33568,1.33574,1.88,3.75
2012.04.02 10:25:40.396,1.33568,1.33574,1.88,1.50
2012.04.02 10:25:42.750,1.33568,1.33573,1.88,1.50
2012.04.02 10:25:44.926,1.33568,1.33573,1.88,1.50
2012.04.02 10:25:45.257,1.33568,1.33575,1.88,2.25
2012.04.02 10:25:46.601,1.33566,1.33575,2.82,4.13
2012.04.02 10:25:46.678,1.33566,1.33575,2.82,5.63
2012.04.02 10:25:47.251,1.33566,1.33573,2.63,1.50
2012.04.02 10:25:51.361,1.33566,1.33574,3.38,2.63
2012.04.02 10:25:51.517,1.33568,1.33575,1.88,3.19
2012.04.02 10:25:52.065,1.33568,1.33575,1.88,1.69
2012.04.02 10:25:55.642,1.33568,1.33576,2.63,1.88
2012.04.02 10:25:57.535,1.33569,1.33577,1.13,5.44
2012.04.02 10:25:58.095,1.33569,1.33577,1.13,4.32
2012.04.02 10:26:00.464,1.33569,1.33577,1.88,5.44
2012.04.02 10:26:01.304,1.33569,1.33574,1.88,1.50
2012.04.02 10:26:02.388,1.33568,1.33574,1.13,1.50
2012.04.02 10:26:03.614,1.33568,1.33575,2.63,1.50
2012.04.02 10:26:04.288,1.33568,1.33574,1.13,1.50
2012.04.02 10:26:05.077,1.33566,1.33574,4.13,1.50
2012.04.02 10:26:06.493,1.33566,1.33574,3.38,1.50
2012.04.02 10:26:10.513,1.33566,1.33574,4.13,1.50
2012.04.02 10:26:11.064,1.33566,1.33574,4.88,1.50
2012.04.02 10:26:11.145,1.33568,1.33576,2.25,4.88
2012.04.02 10:26:11.646,1.33569,1.33576,1.50,3.38
2012.04.02 10:26:12.305,1.33569,1.33576,1.69,3.38
2012.04.02 10:26:15.513,1.33569,1.33576,1.50,2.25
2012.04.02 10:26:19.296,1.33568,1.33576,3.75,3.00
2012.04.02 10:26:19.848,1.33567,1.33574,3.57,2.25
2012.04.02 10:26:21.117,1.33566,1.33574,5.07,2.25
2012.04.02 10:26:22.908,1.33567,1.33574,2.25,1.50
2012.04.02 10:26:24.784,1.33568,1.33576,3.38,3.38
2012.04.02 10:26:25.333,1.33568,1.33574,1.88,1.50
2012.04.02 10:26:26.859,1.33568,1.33576,2.63,3.38
2012.04.02 10:26:27.000,1.3357,1.33577,1.13,2.63
2012.04.02 10:26:27.575,1.3357,1.33577,1.13,1.50
2012.04.02 10:26:27.916,1.33573,1.33578,1.13,2.44
2012.04.02 10:26:28.319,1.3357,1.33578,1.50,2.44
2012.04.02 10:26:28.389,1.33573,1.33578,1.13,1.69
2012.04.02 10:26:29.642,1.3357,1.33578,3.38,1.50
2012.04.02 10:26:31.266,1.3357,1.33578,4.13,2.25
2012.04.02 10:26:31.456,1.33573,1.33578,1.13,2.25
2012.04.02 10:26:34.385,1.33571,1.33578,1.13,3.75
2012.04.02 10:26:34.671,1.33569,1.33576,1.88,2.25
2012.04.02 10:26:34.820,1.33567,1.33575,1.50,1.50
2012.04.02 10:26:36.414,1.33567,1.33575,1.50,2.25
2012.04.02 10:26:37.415,1.33568,1.33576,1.50,4.13
2012.04.02 10:26:37.815,1.33568,1.33576,2.25,4.13
2012.04.02 10:26:38.398,1.3357,1.33576,1.13,1.50
2012.04.02 10:26:38.909,1.3357,1.33578,5.07,4.13
2012.04.02 10:26:41.250,1.33571,1.33578,2.25,3.00
2012.04.02 10:26:41.336,1.33571,1.33578,4.29,2.25
2012.04.02 10:26:41.693,1.33579,1.33583,2.10,1.13
2012.04.02 10:26:41.940,1.3358,1.33588,3.38,1.32
2012.04.02 10:26:42.452,1.3358,1.33588,2.63,1.13
2012.04.02 10:26:42.986,1.33579,1.33586,1.50,2.25
2012.04.02 10:26:43.519,1.33579,1.33585,1.50,1.88
2012.04.02 10:26:44.082,1.33578,1.33586,2.63,2.25
2012.04.02 10:26:44.671,1.33579,1.33587,2.25,3.19
2012.04.02 10:26:45.353,1.33579,1.33587,3.00,2.25
2012.04.02 10:26:46.854,1.33579,1.33587,2.25,2.33
2012.04.02 10:26:47.207,1.33578,1.33585,1.88,2.25
2012.04.02 10:26:48.766,1.33576,1.33585,2.25,5.63
2012.04.02 10:26:49.336,1.33575,1.33583,1.88,1.50
2012.04.02 10:26:50.514,1.33576,1.33584,3.38,3.38
2012.04.02 10:26:50.587,1.33576,1.33582,1.88,1.50
2012.04.02 10:26:52.866,1.33576,1.33582,1.88,2.25
2012.04.02 10:26:53.129,1.33574,1.33581,4.13,2.44
2012.04.02 10:26:53.453,1.33574,1.33578,3.00,1.88
2012.04.02 10:26:53.701,1.33568,1.33575,2.25,1.50
2012.04.02 10:26:53.800,1.33567,1.33573,1.50,1.50
2012.04.02 10:26:53.871,1.33567,1.33575,3.00,1.88
2012.04.02 10:26:55.515,1.33568,1.33575,1.50,1.88
2012.04.02 10:26:56.076,1.33567,1.33575,3.75,1.88
2012.04.02 10:26:57.985,1.33569,1.33575,1.13,1.50
2012.04.02 10:26:58.058,1.33571,1.33577,1.50,1.50
2012.04.02 10:27:00.708,1.33569,1.33578,1.50,4.13
2012.04.02 10:27:01.214,1.33568,1.33577,4.69,1.50
2012.04.02 10:27:03.370,1.33571,1.33578,1.50,2.25
2012.04.02 10:27:03.929,1.33571,1.33578,1.50,2.25
2012.04.02 10:27:04.457,1.33569,1.33577,4.88,2.25
2012.04.02 10:27:05.659,1.33571,1.33578,1.50,1.50
2012.04.02 10:27:07.323,1.33571,1.33576,1.50,1.13
2012.04.02 10:27:07.698,1.33568,1.33575,3.19,1.50
2012.04.02 10:27:08.257,1.33568,1.33576,4.69,1.88
2012.04.02 10:27:10.631,1.33571,1.33578,2.25,2.63
2012.04.02 10:27:11.194,1.33571,1.33579,1.50,2.63
2012.04.02 10:27:11.719,1.33571,1.33579,2.25,3.38
2012.04.02 10:27:12.545,1.33573,1.33579,2.63,1.13
2012.04.02 10:27:13.147,1.33577,1.33583,1.50,2.25
2012.04.02 10:27:13.697,1.33576,1.33582,1.13,1.88
2012.04.02 10:27:15.245,1.33576,1.33581,1.13,1.13
2012.04.02 10:27:15.785,1.33576,1.33582,1.13,2.63
2012.04.02 10:27:22.978,1.33576,1.33581,1.13,1.13
2012.04.02 10:27:23.507,1.33576,1.33581,1.13,1.13
2012.04.02 10:27:29.043,1.33577,1.33582,1.50,2.07
2012.04.02 10:27:33.668,1.33578,1.33584,1.13,4.35
2012.04.02 10:27:33.738,1.33577,1.33583,2.25,2.25
2012.04.02 10:27:33.880,1.33578,1.33584,1.13,1.50
2012.04.02 10:27:33.963,1.3358,1.33586,1.50,1.88
2012.04.02 10:27:34.040,1.3358,1.33586,1.50,1.88
2012.04.02 10:27:34.589,1.3358,1.33586,1.50,3.38
2012.04.02 10:27:34.817,1.33579,1.33583,1.50,1.88
2012.04.02 10:27:34.890,1.33576,1.33583,1.50,2.63
2012.04.02 10:27:35.286,1.33579,1.33583,1.50,2.25
2012.04.02 10:27:36.183,1.33576,1.33583,2.25,3.00
2012.04.02 10:27:36.727,1.33579,1.33583,1.50,1.13
2012.04.02 10:27:37.077,1.33577,1.33585,2.63,5.63
2012.04.02 10:27:38.172,1.3358,1.33584,1.50,1.13
2012.04.02 10:27:40.184,1.33578,1.33584,3.00,1.13
2012.04.02 10:27:40.390,1.33578,1.33584,1.50,2.25
2012.04.02 10:27:40.701,1.33573,1.33579,2.25,3.57
2012.04.02 10:27:41.082,1.3357,1.33578,2.63,7.88
2012.04.02 10:27:41.299,1.33572,1.33578,1.50,2.25
2012.04.02 10:27:41.373,1.3357,1.33578,3.00,4.50
2012.04.02 10:27:41.456,1.3357,1.33575,1.50,1.13
2012.04.02 10:27:41.526,1.33568,1.33575,1.50,1.32
2012.04.02 10:27:41.877,1.33565,1.33572,3.00,1.13
2012.04.02 10:27:42.307,1.33565,1.33571,2.25,3.94
2012.04.02 10:27:42.409,1.33561,1.33569,5.63,2.44
2012.04.02 10:27:42.828,1.33563,1.33571,2.63,3.19
2012.04.02 10:27:43.383,1.33564,1.33572,1.50,8.07
2012.04.02 10:27:44.117,1.33566,1.33571,1.13,2.25
2012.04.02 10:27:44.470,1.33564,1.33571,2.25,1.50
2012.04.02 10:27:44.546,1.33566,1.33571,1.13,1.50
2012.04.02 10:27:44.896,1.33564,1.3357,2.07,1.50
2012.04.02 10:27:45.574,1.33567,1.33572,1.13,6.00
2012.04.02 10:27:45.928,1.33563,1.3357,1.88,3.75
2012.04.02 10:27:46.576,1.33564,1.3357,1.50,2.63
2012.04.02 10:27:49.651,1.33564,1.3357,2.25,1.13
2012.04.02 10:27:50.182,1.33566,1.3357,1.50,1.13
2012.04.02 10:27:50.262,1.33563,1.3357,3.38,1.88
2012.04.02 10:27:50.550,1.33565,1.3357,1.50,1.13
2012.04.02 10:27:51.121,1.33566,1.33571,1.50,1.13
2012.04.02 10:27:51.273,1.33564,1.3357,2.63,1.88
2012.04.02 10:27:54.794,1.33563,1.3357,1.88,1.13
2012.04.02 10:27:55.630,1.33563,1.3357,1.88,1.32
2012.04.02 10:27:56.187,1.33563,1.33568,1.88,1.50
2012.04.02 10:28:00.193,1.33562,1.33568,1.88,3.00
2012.04.02 10:28:00.744,1.33562,1.33568,1.88,3.00
2012.04.02 10:28:01.647,1.3356,1.33567,3.00,3.94
2012.04.02 10:28:01.794,1.33559,1.33566,2.85,2.25
2012.04.02 10:28:01.869,1.33558,1.33565,3.00,1.73
2012.04.02 10:28:01.936,1.3356,1.33566,3.38,3.00
2012.04.02 10:28:02.518,1.3356,1.33566,2.25,1.88
2012.04.02 10:28:03.057,1.33558,1.33566,4.50,3.38
2012.04.02 10:28:03.583,1.33558,1.33565,3.38,1.88
2012.04.02 10:28:04.146,1.33558,1.33564,2.25,1.50
2012.04.02 10:28:05.066,1.33557,1.33564,1.88,3.00
2012.04.02 10:28:06.582,1.33557,1.33563,1.88,1.50
2012.04.02 10:28:06.951,1.33558,1.33565,2.25,1.88
2012.04.02 10:28:07.770,1.33558,1.33565,2.25,3.38
2012.04.02 10:28:07.987,1.33557,1.33564,1.88,3.00
2012.04.02 10:28:08.658,1.33557,1.33562,1.88,1.50
2012.04.02 10:28:09.231,1.33551,1.33556,1.13,1.50
2012.04.02 10:28:09.345,1.33547,1.33554,1.88,3.75
2012.04.02 10:28:09.856,1.33547,1.33554,3.38,1.50
2012.04.02 10:28:10.586,1.33542,1.33548,3.75,1.50
2012.04.02 10:28:11.108,1.33541,1.33548,1.88,1.13
2012.04.02 10:28:12.065,1.33542,1.33548,2.63,1.88
2012.04.02 10:28:12.569,1.33542,1.33548,1.88,2.63
2012.04.02 10:28:12.713,1.33542,1.3355,4.13,4.50
2012.04.02 10:28:12.794,1.33545,1.3355,1.13,2.63
2012.04.02 10:28:13.153,1.33548,1.33554,1.13,4.13
2012.04.02 10:28:13.745,1.33548,1.33555,3.38,2.44
2012.04.02 10:28:13.819,1.33548,1.33555,1.88,3.19
2012.04.02 10:28:14.353,1.33548,1.33555,1.88,2.44
2012.04.02 10:28:14.569,1.33548,1.33555,1.13,2.44
2012.04.02 10:28:15.114,1.33548,1.33555,1.32,1.50
2012.04.02 10:28:16.310,1.33549,1.33557,2.44,3.38
2012.04.02 10:28:19.683,1.33549,1.33557,5.07,1.13
2012.04.02 10:28:20.204,1.33549,1.33556,3.57,1.88
2012.04.02 10:28:22.993,1.33551,1.33556,1.13,1.88
2012.04.02 10:28:24.952,1.3355,1.33558,2.07,3.00
2012.04.02 10:28:25.030,1.3355,1.33558,2.07,3.38
2012.04.02 10:28:25.114,1.3355,1.33556,2.07,1.50
2012.04.02 10:28:27.107,1.33549,1.33556,1.50,2.25
2012.04.02 10:28:27.665,1.33548,1.33555,2.82,2.25
2012.04.02 10:28:29.377,1.33549,1.33555,2.63,1.50
2012.04.02 10:28:34.632,1.33551,1.33555,1.13,1.50
2012.04.02 10:28:35.156,1.33551,1.33557,1.13,1.50
2012.04.02 10:28:37.674,1.33552,1.33558,1.13,3.38
2012.04.02 10:28:38.204,1.3355,1.33556,1.50,1.50
2012.04.02 10:28:38.764,1.3355,1.33558,2.25,4.13
2012.04.02 10:28:39.386,1.3355,1.33557,2.25,1.88
2012.04.02 10:28:39.925,1.3355,1.33556,1.50,1.50
2012.04.02 10:28:40.483,1.3355,1.33557,1.50,1.88
2012.04.02 10:28:46.145,1.33549,1.33557,1.50,1.88
2012.04.02 10:28:49.413,1.3355,1.33558,2.25,3.38
2012.04.02 10:28:50.430,1.3355,1.33558,4.13,2.63
2012.04.02 10:28:50.978,1.3355,1.33557,4.13,1.50
2012.04.02 10:28:51.393,1.33553,1.33559,1.88,2.63
2012.04.02 10:28:51.748,1.33555,1.33559,1.13,1.50
2012.04.02 10:28:51.874,1.33555,1.3356,1.50,1.88
2012.04.02 10:28:52.039,1.33561,1.33568,2.82,1.50
2012.04.02 10:28:52.117,1.33561,1.33569,2.07,3.38
2012.04.02 10:28:52.192,1.33562,1.33569,1.13,3.38
2012.04.02 10:28:52.274,1.33562,1.33569,1.13,3.38
2012.04.02 10:28:52.357,1.33562,1.33569,1.50,2.63
2012.04.02 10:28:52.845,1.33569,1.33573,1.13,1.13
2012.04.02 10:28:53.171,1.33563,1.33567,2.25,6.98
2012.04.02 10:28:53.494,1.33557,1.33561,3.75,1.50
2012.04.02 10:28:53.808,1.33554,1.33561,3.00,2.25
2012.04.02 10:28:53.897,1.33555,1.33562,2.44,2.25
2012.04.02 10:28:53.973,1.33555,1.33562,1.69,2.25
2012.04.02 10:28:54.052,1.33555,1.33562,2.82,3.00
2012.04.02 10:28:54.558,1.33554,1.33561,1.13,3.75
2012.04.02 10:28:55.230,1.33553,1.3356,2.25,1.50
2012.04.02 10:28:55.776,1.33553,1.3356,2.25,1.50
2012.04.02 10:28:59.683,1.33553,1.3356,3.00,1.50
2012.04.02 10:29:00.233,1.33553,1.33561,3.75,3.75
2012.04.02 10:29:03.158,1.33553,1.3356,2.25,3.00
2012.04.02 10:29:03.514,1.33553,1.33558,1.50,2.63
2012.04.02 10:29:03.732,1.33549,1.33557,1.50,2.25
2012.04.02 10:29:04.263,1.33549,1.33556,1.50,1.50
2012.04.02 10:29:08.014,1.33547,1.33555,4.88,1.50
2012.04.02 10:29:08.561,1.33547,1.33555,3.38,2.25
2012.04.02 10:29:09.395,1.33547,1.33555,3.57,2.25
2012.04.02 10:29:09.914,1.33548,1.33556,3.00,1.50
2012.04.02 10:29:13.694,1.33548,1.33556,2.25,3.00
2012.04.02 10:29:19.958,1.33549,1.33556,1.13,3.00
2012.04.02 10:29:20.509,1.33549,1.33555,1.13,2.25
2012.04.02 10:29:20.590,1.33551,1.33556,1.13,3.00
2012.04.02 10:29:21.456,1.33551,1.33556,1.13,2.25
2012.04.02 10:29:22.003,1.33551,1.33557,1.13,1.50
2012.04.02 10:29:26.227,1.33551,1.33557,1.88,2.25
2012.04.02 10:29:26.569,1.33552,1.3356,2.63,2.63
2012.04.02 10:29:27.085,1.33552,1.3356,3.38,2.63
2012.04.02 10:29:27.347,1.33553,1.3356,4.50,2.63
2012.04.02 10:29:28.012,1.33555,1.33561,3.00,1.50
2012.04.02 10:29:28.116,1.33557,1.33564,1.13,2.63
2012.04.02 10:29:28.655,1.33558,1.33565,2.07,1.50
2012.04.02 10:29:30.265,1.33558,1.33565,2.82,1.50
2012.04.02 10:29:31.188,1.3356,1.33565,1.13,1.50
2012.04.02 10:29:31.398,1.3356,1.33567,1.13,1.13
2012.04.02 10:29:31.471,1.3356,1.33567,1.13,2.63
2012.04.02 10:29:31.616,1.33559,1.33567,2.25,1.88
2012.04.02 10:29:31.900,1.33557,1.33564,2.25,1.13
2012.04.02 10:29:32.244,1.33556,1.33562,7.88,1.50
2012.04.02 10:29:32.794,1.33557,1.33563,1.13,1.50
2012.04.02 10:29:33.739,1.33558,1.33567,4.50,2.63
2012.04.02 10:29:35.399,1.33559,1.33567,1.88,3.38
2012.04.02 10:29:35.965,1.33559,1.33565,1.50,1.50
2012.04.02 10:29:36.636,1.33559,1.33567,1.50,5.25
2012.04.02 10:29:38.844,1.33559,1.33567,1.50,5.25
2012.04.02 10:29:39.400,1.33559,1.33567,1.50,5.25
2012.04.02 10:29:41.148,1.33559,1.33567,1.69,2.63
2012.04.02 10:29:42.304,1.33558,1.33567,4.69,2.63
2012.04.02 10:29:43.573,1.33554,1.33558,1.50,1.13
2012.04.02 10:29:44.323,1.33546,1.33552,2.67,1.50
2012.04.02 10:29:44.413,1.33548,1.33552,1.50,1.50
2012.04.02 10:29:44.487,1.33548,1.33554,3.19,1.50
2012.04.02 10:29:44.628,1.33548,1.33556,4.69,4.50
2012.04.02 10:29:44.905,1.33547,1.33555,2.44,1.50
2012.04.02 10:29:45.189,1.33547,1.33553,2.44,1.50
2012.04.02 10:29:45.854,1.33546,1.33553,1.50,1.50
2012.04.02 10:29:46.310,1.33544,1.33552,5.07,1.50
2012.04.02 10:29:46.744,1.33544,1.3355,1.13,2.25
2012.04.02 10:29:47.232,1.33542,1.3355,3.19,4.13
2012.04.02 10:29:47.541,1.33537,1.33542,1.50,2.67
2012.04.02 10:29:47.851,1.33532,1.33539,3.00,1.50
2012.04.02 10:29:48.027,1.33523,1.33535,5.85,3.75
2012.04.02 10:29:48.174,1.33525,1.33529,1.88,1.50
2012.04.02 10:29:48.810,1.33525,1.3353,1.13,1.50
2012.04.02 10:29:49.203,1.33528,1.33534,1.13,1.50
2012.04.02 10:29:49.769,1.33526,1.33534,2.63,1.88
2012.04.02 10:29:50.317,1.33526,1.33534,2.63,2.63
2012.04.02 10:29:51.104,1.33526,1.33534,1.13,3.75
2012.04.02 10:29:51.669,1.33526,1.33534,1.13,3.00
2012.04.02 10:29:52.224,1.33526,1.33533,1.13,1.50
2012.04.02 10:29:52.764,1.33526,1.33533,1.13,2.25
2012.04.02 10:29:53.035,1.33524,1.33532,1.50,2.25
2012.04.02 10:29:53.844,1.33524,1.33532,1.50,2.44
2012.04.02 10:29:54.347,1.33523,1.33531,3.00,3.75
2012.04.02 10:29:54.697,1.33523,1.33528,1.13,2.25
2012.04.02 10:29:55.234,1.33522,1.33528,1.88,2.25
2012.04.02 10:29:55.949,1.33523,1.33528,1.13,2.25
2012.04.02 10:29:56.161,1.33523,1.3353,3.00,1.50
2012.04.02 10:29:56.864,1.33525,1.33531,2.25,2.63
2012.04.02 10:29:57.311,1.33526,1.33534,1.50,1.88
2012.04.02 10:29:58.116,1.33526,1.33535,1.50,5.25
2012.04.02 10:29:58.195,1.33528,1.33535,1.50,2.25
2012.04.02 10:29:58.549,1.33532,1.33536,1.13,1.50
2012.04.02 10:29:58.652,1.3353,1.33536,1.88,1.50
2012.04.02 10:30:03.009,1.3353,1.33537,1.50,1.88
2012.04.02 10:30:04.995,1.3353,1.33537,1.50,1.13
2012.04.02 10:30:05.524,1.33531,1.33537,1.13,1.13
2012.04.02 10:30:06.549,1.33531,1.33538,1.88,4.13
2012.04.02 10:30:06.672,1.33533,1.33539,1.13,2.25
2012.04.02 10:30:07.172,1.33533,1.33539,1.13,1.50
2012.04.02 10:30:08.462,1.33533,1.33539,1.13,2.25
2012.04.02 10:30:08.994,1.33533,1.33539,1.13,2.63
2012.04.02 10:30:09.538,1.33531,1.33537,1.50,1.88
2012.04.02 10:30:09.683,1.3353,1.33537,2.25,1.88
2012.04.02 10:30:10.271,1.33531,1.33536,1.50,1.50
2012.04.02 10:30:10.427,1.33527,1.33533,3.38,2.85
2012.04.02 10:30:10.586,1.33525,1.33531,1.50,1.50
2012.04.02 10:30:10.666,1.33524,1.33531,2.25,1.50
2012.04.02 10:30:11.192,1.33525,1.33531,1.50,1.88
2012.04.02 10:30:11.351,1.33527,1.33533,1.50,9.06
2012.04.02 10:30:11.637,1.33523,1.33533,3.57,9.75
2012.04.02 10:30:12.217,1.33523,1.33533,3.57,5.63
2012.04.02 10:30:12.287,1.33523,1.33532,3.57,1.50
2012.04.02 10:30:13.185,1.33523,1.33533,4.32,6.38
2012.04.02 10:30:13.928,1.33524,1.33533,1.69,4.88
2012.04.02 10:30:16.769,1.33526,1.33534,1.88,1.50
2012.04.02 10:30:17.086,1.33528,1.33534,1.50,1.50
2012.04.02 10:30:17.171,1.33525,1.33533,3.57,1.13
2012.04.02 10:30:18.692,1.33526,1.33533,2.25,1.13
2012.04.02 10:30:19.043,1.33533,1.33537,2.25,3.75
2012.04.02 10:30:20.238,1.33532,1.33536,1.50,1.50
2012.04.02 10:30:20.312,1.33533,1.3354,1.50,3.38
2012.04.02 10:30:20.399,1.33531,1.33538,2.82,2.25
2012.04.02 10:30:22.286,1.33534,1.33538,1.13,3.00
2012.04.02 10:30:22.776,1.33531,1.33539,1.88,1.88
2012.04.02 10:30:23.327,1.33531,1.33538,1.88,2.25
2012.04.02 10:30:26.584,1.33528,1.33532,3.75,1.13
2012.04.02 10:30:26.900,1.33522,1.33529,3.00,4.50
2012.04.02 10:30:27.002,1.3352,1.33525,1.50,2.25
2012.04.02 10:30:27.536,1.3352,1.33526,2.63,1.50
2012.04.02 10:30:28.094,1.3352,1.33528,1.50,2.25
2012.04.02 10:30:29.186,1.33519,1.33527,4.13,1.13
2012.04.02 10:30:29.778,1.33519,1.33524,3.00,1.32
2012.04.02 10:30:30.656,1.33518,1.33526,1.50,5.44
2012.04.02 10:30:31.672,1.33518,1.33523,1.50,1.50
2012.04.02 10:30:32.029,1.33511,1.3352,2.25,3.19
2012.04.02 10:30:32.588,1.33511,1.33519,3.75,4.69
2012.04.02 10:30:32.904,1.33513,1.33519,1.13,3.94
2012.04.02 10:30:33.263,1.3352,1.33524,1.13,1.50
2012.04.02 10:30:33.346,1.3352,1.33524,1.13,1.50
2012.04.02 10:30:33.887,1.33519,1.33525,1.50,1.88
2012.04.02 10:30:34.798,1.33517,1.33525,4.13,2.25
2012.04.02 10:30:36.183,1.33517,1.33522,3.00,1.13
2012.04.02 10:30:36.551,1.33513,1.33518,3.38,1.13
2012.04.02 10:30:37.239,1.33512,1.33518,4.13,1.13
2012.04.02 10:30:37.765,1.33513,1.33521,5.25,2.25
2012.04.02 10:30:37.842,1.33515,1.3352,1.50,1.13
2012.04.02 10:30:38.065,1.33517,1.33525,3.00,6.00
2012.04.02 10:30:38.146,1.33518,1.33526,2.25,1.88
2012.04.02 10:30:38.705,1.3352,1.33527,3.19,1.88
2012.04.02 10:30:40.748,1.3352,1.33528,6.57,1.50
2012.04.02 10:30:41.247,1.33522,1.33528,2.25,1.13
2012.04.02 10:30:45.683,1.33521,1.33528,2.25,2.82
2012.04.02 10:30:46.267,1.33519,1.33523,1.50,1.13
2012.04.02 10:30:46.368,1.33517,1.33523,1.50,1.13
2012.04.02 10:30:46.906,1.33517,1.33523,3.00,1.13
2012.04.02 10:30:47.434,1.33517,1.33523,3.00,1.13
2012.04.02 10:30:50.431,1.33518,1.33523,1.50,1.13
2012.04.02 10:30:50.510,1.33518,1.33525,1.50,2.63
2012.04.02 10:30:54.665,1.33519,1.33523,2.25,1.13
2012.04.02 10:30:55.122,1.33519,1.33525,2.25,1.13
2012.04.02 10:30:55.277,1.33517,1.33521,2.25,1.13
2012.04.02 10:30:55.494,1.33512,1.33519,2.25,1.13
2012.04.02 10:30:55.967,1.33511,1.33519,2.07,1.88
2012.04.02 10:30:59.575,1.33513,1.3352,1.50,1.50
2012.04.02 10:31:02.466,1.33513,1.33521,2.63,2.63
2012.04.02 10:31:02.883,1.33519,1.33525,1.50,3.00
2012.04.02 10:31:03.946,1.33519,1.33527,3.00,2.63
2012.04.02 10:31:04.349,1.3352,1.33527,3.63,1.50
2012.04.02 10:31:04.856,1.33523,1.3353,1.50,2.63
2012.04.02 10:31:05.393,1.33522,1.33529,1.13,1.50
2012.04.02 10:31:05.941,1.33522,1.33529,1.13,3.00
2012.04.02 10:31:06.526,1.33523,1.33527,1.50,5.63
2012.04.02 10:31:06.696,1.3352,1.33528,1.50,1.50
2012.04.02 10:31:06.846,1.3352,1.33527,1.50,1.13
2012.04.02 10:31:06.921,1.33517,1.33529,1.80,3.00
2012.04.02 10:31:07.073,1.33518,1.33526,1.13,1.50
2012.04.02 10:31:07.151,1.33519,1.33524,1.50,2.63
2012.04.02 10:31:07.372,1.33518,1.33524,1.13,1.13
2012.04.02 10:31:10.124,1.33517,1.33524,3.57,1.50
2012.04.02 10:31:10.687,1.33516,1.33524,3.57,3.38
2012.04.02 10:31:10.883,1.33515,1.33523,1.88,3.38
2012.04.02 10:31:11.969,1.33515,1.33522,1.88,1.13
2012.04.02 10:31:12.120,1.33514,1.33521,3.38,2.10
2012.04.02 10:31:12.572,1.33514,1.33519,1.50,2.63
2012.04.02 10:31:12.655,1.33512,1.3352,2.25,4.13
2012.04.02 10:31:12.939,1.33511,1.3352,2.63,2.10
2012.04.02 10:31:13.229,1.3351,1.33519,1.50,5.25
2012.04.02 10:31:13.939,1.33509,1.33519,4.94,4.50
2012.04.02 10:31:14.502,1.3351,1.33517,1.13,1.50
2012.04.02 10:31:14.862,1.33509,1.33516,2.82,3.00
2012.04.02 10:31:15.698,1.33508,1.33515,1.69,3.00
2012.04.02 10:31:15.840,1.33507,1.33515,3.38,3.23
2012.04.02 10:31:15.916,1.33506,1.33514,3.38,3.98
2012.04.02 10:31:16.609,1.33505,1.33514,2.25,5.40
2012.04.02 10:31:17.941,1.33505,1.33512,1.50,4.13
2012.04.02 10:31:18.548,1.33504,1.33512,1.50,4.13
2012.04.02 10:31:18.901,1.33505,1.33509,1.88,1.50
2012.04.02 10:31:18.979,1.33503,1.33509,2.63,1.13
2012.04.02 10:31:19.203,1.33497,1.33504,1.69,2.25
2012.04.02 10:31:19.491,1.33499,1.33504,1.50,1.88
2012.04.02 10:31:20.491,1.33497,1.33505,2.07,2.40
2012.04.02 10:31:23.825,1.33497,1.33505,1.69,2.03
2012.04.02 10:31:24.091,1.335,1.33505,2.03,1.65
2012.04.02 10:31:24.509,1.33502,1.33508,1.32,1.13
2012.04.02 10:31:24.677,1.33502,1.33509,2.44,2.63
2012.04.02 10:31:25.345,1.33503,1.3351,1.50,2.63
2012.04.02 10:31:26.111,1.33502,1.3351,1.69,1.13
2012.04.02 10:31:26.345,1.33501,1.33509,3.75,2.25
2012.04.02 10:31:26.832,1.335,1.33507,2.44,1.13
2012.04.02 10:31:26.914,1.335,1.33507,3.94,1.13
2012.04.02 10:31:27.427,1.33499,1.33506,3.75,1.50
2012.04.02 10:31:27.495,1.33499,1.33507,4.50,1.88
2012.04.02 10:31:28.026,1.33499,1.33507,3.00,3.38
2012.04.02 10:31:29.176,1.33499,1.33507,2.25,3.68
2012.04.02 10:31:30.150,1.33499,1.33507,1.50,3.68
2012.04.02 10:31:30.451,1.33497,1.33504,1.69,1.80
2012.04.02 10:31:30.945,1.33497,1.33505,2.44,4.05
2012.04.02 10:31:32.848,1.33497,1.33505,4.13,2.63
2012.04.02 10:31:35.985,1.33497,1.33505,4.88,3.00
2012.04.02 10:31:36.420,1.335,1.33507,3.00,2.25
2012.04.02 10:31:36.715,1.33501,1.33509,5.25,3.38
2012.04.02 10:31:37.340,1.335,1.33505,3.94,1.50
2012.04.02 10:31:37.424,1.335,1.33507,3.19,1.13
2012.04.02 10:31:37.910,1.33496,1.33504,2.63,1.50
2012.04.02 10:31:38.126,1.33496,1.33502,2.63,1.50
2012.04.02 10:31:40.435,1.33496,1.335,1.88,1.50
2012.04.02 10:31:40.854,1.33496,1.33502,1.88,2.25
2012.04.02 10:31:41.374,1.33496,1.33501,1.88,1.50
2012.04.02 10:31:41.946,1.33496,1.33502,1.88,2.25
2012.04.02 10:31:42.229,1.33496,1.33502,1.88,2.25
2012.04.02 10:31:42.776,1.33496,1.33504,2.07,1.13
2012.04.02 10:31:43.294,1.33496,1.33502,2.07,1.50
2012.04.02 10:31:44.704,1.33496,1.33502,2.07,1.50
2012.04.02 10:31:45.014,1.33496,1.33505,2.07,3.38
2012.04.02 10:31:45.535,1.33496,1.33505,2.63,3.38
2012.04.02 10:31:46.170,1.33496,1.33505,1.88,3.38
2012.04.02 10:31:47.106,1.33496,1.33505,1.88,3.38
2012.04.02 10:31:47.654,1.33496,1.33505,1.88,3.38
2012.04.02 10:31:47.869,1.33497,1.33505,1.50,2.63
2012.04.02 10:31:48.218,1.33499,1.33506,1.50,3.00
2012.04.02 10:31:49.181,1.33502,1.33508,1.50,3.38
2012.04.02 10:31:49.886,1.33501,1.33509,4.50,1.13
2012.04.02 10:31:50.212,1.33501,1.33507,3.81,1.50
2012.04.02 10:31:50.715,1.335,1.33506,1.88,1.50
2012.04.02 10:31:50.856,1.33501,1.33508,1.50,2.25
2012.04.02 10:31:51.385,1.33499,1.33508,3.75,3.00
2012.04.02 10:31:51.591,1.33499,1.33508,3.00,3.00
2012.04.02 10:31:51.818,1.33499,1.33507,4.88,2.25
2012.04.02 10:31:52.236,1.33499,1.33506,3.38,2.25
2012.04.02 10:31:53.054,1.33499,1.33508,1.88,3.00
2012.04.02 10:31:54.248,1.33499,1.33506,2.63,2.25
2012.04.02 10:31:54.936,1.33499,1.33506,1.88,2.25
2012.04.02 10:31:55.483,1.33499,1.33507,3.38,2.25
2012.04.02 10:31:56.054,1.33499,1.33506,1.88,2.25
2012.04.02 10:31:57.794,1.33498,1.33506,3.38,2.25
2012.04.02 10:31:58.314,1.33498,1.33506,3.38,2.25
2012.04.02 10:31:58.815,1.33498,1.33506,3.38,2.25
2012.04.02 10:31:58.884,1.33498,1.33506,3.38,2.25
2012.04.02 10:31:59.149,1.33498,1.33503,1.88,1.50
2012.04.02 10:31:59.417,1.33498,1.33505,1.88,3.00
2012.04.02 10:31:59.484,1.33498,1.33503,1.88,1.50
2012.04.02 10:31:59.986,1.33498,1.33505,1.88,1.50
2012.04.02 10:32:01.439,1.33498,1.33506,2.63,2.25
2012.04.02 10:32:01.581,1.335,1.33507,3.08,2.25
2012.04.02 10:32:01.662,1.33502,1.33507,1.88,1.50
2012.04.02 10:32:01.748,1.33501,1.33509,3.75,5.25
2012.04.02 10:32:01.889,1.33502,1.33509,1.50,3.38
2012.04.02 10:32:02.239,1.33502,1.3351,1.50,4.88
2012.04.02 10:32:02.315,1.33502,1.3351,1.50,5.63
2012.04.02 10:32:02.833,1.33502,1.33508,1.50,1.50
2012.04.02 10:32:03.337,1.33502,1.33509,1.50,2.25
2012.04.02 10:32:03.875,1.33501,1.33509,3.94,2.25
2012.04.02 10:32:04.406,1.33501,1.33507,1.69,1.50
2012.04.02 10:32:04.931,1.33501,1.33509,1.69,1.50
2012.04.02 10:32:05.347,1.33501,1.33509,2.44,1.50
2012.04.02 10:32:05.778,1.33501,1.33507,2.25,1.50
2012.04.02 10:32:06.314,1.33501,1.33509,3.00,3.00
2012.04.02 10:32:06.864,1.33501,1.33507,1.50,1.50
2012.04.02 10:32:07.400,1.33501,1.33507,1.50,1.50
2012.04.02 10:32:07.893,1.33501,1.33509,1.50,1.50
2012.04.02 10:32:08.643,1.33501,1.33509,1.50,2.25
2012.04.02 10:32:09.284,1.335,1.33509,4.50,2.25
2012.04.02 10:32:09.794,1.335,1.33509,5.25,1.50
2012.04.02 10:32:09.924,1.335,1.3351,5.25,5.63
2012.04.02 10:32:10.436,1.335,1.33509,4.50,1.50
2012.04.02 10:32:12.287,1.335,1.3351,6.75,4.32
2012.04.02 10:32:12.358,1.335,1.3351,6.25,4.32
2012.04.02 10:32:13.154,1.33501,1.3351,1.50,4.32
2012.04.02 10:32:13.440,1.33503,1.3351,2.25,2.07
2012.04.02 10:32:14.011,1.33505,1.33511,1.50,1.32
2012.04.02 10:32:14.091,1.33503,1.33511,2.44,1.13
2012.04.02 10:32:14.796,1.33502,1.33511,2.82,1.13
2012.04.02 10:32:15.316,1.33502,1.33509,1.69,1.13
2012.04.02 10:32:17.155,1.33502,1.33509,2.25,1.13
2012.04.02 10:32:17.771,1.33505,1.33509,1.43,1.13
2012.04.02 10:32:18.332,1.33501,1.33508,1.50,1.88
2012.04.02 10:32:18.847,1.33501,1.33508,1.50,1.88
2012.04.02 10:32:19.039,1.33501,1.33508,2.25,1.88
2012.04.02 10:32:19.375,1.33501,1.33509,3.38,1.88
2012.04.02 10:32:19.447,1.33501,1.33509,3.38,1.88
2012.04.02 10:32:20.429,1.33501,1.33509,3.38,1.88
2012.04.02 10:32:20.992,1.33502,1.33509,1.50,1.88
2012.04.02 10:32:23.306,1.33501,1.33509,1.50,1.88
2012.04.02 10:32:23.858,1.33501,1.33509,1.50,1.88
2012.04.02 10:32:24.693,1.33501,1.33509,1.50,1.88
2012.04.02 10:32:24.764,1.33501,1.33509,1.50,1.88
2012.04.02 10:32:26.127,1.33502,1.33509,1.50,1.88
2012.04.02 10:32:26.485,1.33503,1.33511,4.13,2.25
2012.04.02 10:32:26.561,1.33505,1.33511,1.50,2.25
2012.04.02 10:32:27.144,1.33503,1.33509,1.50,2.63
2012.04.02 10:32:27.685,1.33502,1.33508,1.50,2.25
2012.04.02 10:32:28.620,1.335,1.33507,1.50,1.50
2012.04.02 10:32:28.837,1.33499,1.33507,4.13,2.44
2012.04.02 10:32:28.976,1.33502,1.33507,1.50,1.69
2012.04.02 10:32:39.646,1.33502,1.33508,1.50,1.13
2012.04.02 10:32:40.188,1.33503,1.3351,2.25,1.50
2012.04.02 10:32:40.519,1.33503,1.33511,3.75,2.63
2012.04.02 10:32:43.487,1.33503,1.33511,3.19,1.88
2012.04.02 10:32:43.992,1.33502,1.33508,3.75,1.13
2012.04.02 10:32:44.504,1.33503,1.33508,1.50,1.13
2012.04.02 10:32:45.133,1.33506,1.33512,1.13,1.13
2012.04.02 10:32:45.285,1.33509,1.33513,1.13,1.20
2012.04.02 10:32:45.648,1.33509,1.33514,1.50,1.95
2012.04.02 10:32:46.227,1.33509,1.33516,3.94,1.50
2012.04.02 10:32:46.578,1.33515,1.3352,1.13,2.25
2012.04.02 10:32:47.471,1.33516,1.3352,1.13,1.50
2012.04.02 10:32:47.692,1.33518,1.33523,1.13,3.00
2012.04.02 10:32:48.067,1.33519,1.33525,1.50,1.13
2012.04.02 10:32:48.144,1.33519,1.33525,1.50,1.13
2012.04.02 10:32:49.471,1.3352,1.33526,2.63,1.13
2012.04.02 10:32:50.068,1.33521,1.33527,2.07,1.50
2012.04.02 10:32:50.439,1.33522,1.33527,1.13,3.15
2012.04.02 10:32:50.590,1.33523,1.33528,1.13,1.95
2012.04.02 10:32:51.149,1.33524,1.33529,1.88,1.13
2012.04.02 10:32:52.937,1.33525,1.3353,1.88,1.13
2012.04.02 10:32:53.223,1.33524,1.33532,1.88,3.38
2012.04.02 10:32:53.979,1.33529,1.33538,3.57,1.50
2012.04.02 10:32:54.266,1.33528,1.33535,1.88,3.00
2012.04.02 10:32:54.487,1.33526,1.33534,2.63,2.63
2012.04.02 10:32:55.164,1.33526,1.33533,1.88,2.25
2012.04.02 10:32:56.195,1.33526,1.33533,1.73,1.50
2012.04.02 10:32:56.338,1.33524,1.33532,2.48,1.32
2012.04.02 10:32:56.692,1.33524,1.33529,1.13,1.50
2012.04.02 10:32:57.130,1.33521,1.33529,2.85,2.25
2012.04.02 10:32:57.284,1.33521,1.33527,1.50,1.50
2012.04.02 10:32:57.851,1.3352,1.33527,1.35,1.50
2012.04.02 10:32:58.725,1.33519,1.33527,1.73,1.50
2012.04.02 10:32:59.526,1.33519,1.33526,1.73,1.50
2012.04.02 10:33:00.291,1.33518,1.33526,3.98,2.63
2012.04.02 10:33:00.435,1.33518,1.33524,1.73,1.50
2012.04.02 10:33:00.505,1.33518,1.33526,3.23,2.63
2012.04.02 10:33:02.679,1.33518,1.33526,3.23,3.38
2012.04.02 10:33:03.077,1.33518,1.33523,2.63,1.50
2012.04.02 10:33:03.158,1.33516,1.33523,3.38,2.85
2012.04.02 10:33:03.720,1.33516,1.33522,1.13,2.25
2012.04.02 10:33:05.120,1.33514,1.33523,3.60,7.50
2012.04.02 10:33:05.674,1.33514,1.33521,1.50,1.50
2012.04.02 10:33:09.973,1.33514,1.3352,1.88,1.50
2012.04.02 10:33:11.621,1.33513,1.3352,1.50,2.25
2012.04.02 10:33:12.125,1.33512,1.33519,1.88,1.50
2012.04.02 10:33:12.657,1.33513,1.3352,1.50,2.25
2012.04.02 10:33:13.217,1.33514,1.3352,1.13,1.50
2012.04.02 10:33:13.580,1.33514,1.33521,2.48,3.19
2012.04.02 10:33:13.729,1.33514,1.33521,3.60,1.69
2012.04.02 10:33:13.815,1.3352,1.33524,1.13,2.25
2012.04.02 10:33:14.173,1.3352,1.33528,2.63,4.17
2012.04.02 10:33:14.253,1.33522,1.33528,1.13,2.44
2012.04.02 10:33:14.798,1.33522,1.3353,3.38,3.57
2012.04.02 10:33:17.297,1.33522,1.33527,1.13,1.50
2012.04.02 10:33:17.840,1.33521,1.33529,2.48,2.25
2012.04.02 10:33:21.115,1.33522,1.33529,1.13,2.25
2012.04.02 10:33:28.632,1.33521,1.33528,1.13,2.25
2012.04.02 10:33:28.853,1.33519,1.33525,1.88,1.69
2012.04.02 10:33:29.076,1.33515,1.33519,7.50,1.13
2012.04.02 10:33:29.243,1.33511,1.33518,4.88,1.50
2012.04.02 10:33:29.333,1.33507,1.33511,2.25,1.13
2012.04.02 10:33:29.420,1.33506,1.33511,1.50,1.35
2012.04.02 10:33:29.855,1.33503,1.33509,1.13,3.75
2012.04.02 10:33:30.342,1.33499,1.33507,1.50,2.25
2012.04.02 10:33:30.421,1.33499,1.33507,2.63,2.63
2012.04.02 10:33:30.578,1.33499,1.33505,1.88,1.50
2012.04.02 10:33:31.860,1.33497,1.33504,4.13,1.13
2012.04.02 10:33:32.378,1.33497,1.33504,2.25,4.32
2012.04.02 10:33:32.896,1.33495,1.335,1.50,1.50
2012.04.02 10:33:34.216,1.33495,1.33503,1.50,4.13
2012.04.02 10:33:34.848,1.33494,1.33503,2.25,4.13
2012.04.02 10:33:36.281,1.33494,1.33503,2.25,5.82
2012.04.02 10:33:36.675,1.33491,1.33497,3.38,1.50
2012.04.02 10:33:36.891,1.33489,1.33497,8.63,2.25
2012.04.02 10:33:37.461,1.33489,1.33497,4.13,1.50
2012.04.02 10:33:38.425,1.33495,1.33499,1.50,6.38
2012.04.02 10:33:38.855,1.33497,1.33503,4.13,2.89
2012.04.02 10:33:38.942,1.33499,1.33503,1.50,1.50
2012.04.02 10:33:39.021,1.33499,1.33506,1.50,3.00
2012.04.02 10:33:39.925,1.33502,1.33507,1.13,1.50
2012.04.02 10:33:40.000,1.33502,1.33509,1.13,3.19
2012.04.02 10:33:41.613,1.33502,1.33509,3.98,1.50
2012.04.02 10:33:41.697,1.33506,1.3351,1.13,1.13
2012.04.02 10:33:41.774,1.33504,1.3351,1.50,1.13
2012.04.02 10:33:41.933,1.33507,1.33512,1.50,5.07
2012.04.02 10:33:42.295,1.33502,1.3351,1.88,4.50
2012.04.02 10:33:42.949,1.33502,1.3351,1.88,3.00
2012.04.02 10:33:43.029,1.33501,1.3351,5.63,3.75
2012.04.02 10:33:45.012,1.335,1.33507,3.75,1.88
2012.04.02 10:33:45.461,1.33497,1.33505,1.13,1.69
2012.04.02 10:33:45.555,1.33495,1.33502,1.50,1.13
2012.04.02 10:33:45.906,1.33494,1.33502,3.38,3.38
2012.04.02 10:33:46.456,1.33494,1.33502,3.38,3.38
2012.04.02 10:33:46.987,1.33494,1.33502,3.38,4.13
2012.04.02 10:33:48.213,1.33494,1.335,1.88,1.50
2012.04.02 10:33:48.627,1.33494,1.33501,1.13,1.50
2012.04.02 10:33:48.842,1.33496,1.33502,1.50,3.38
2012.04.02 10:33:49.056,1.33494,1.33502,4.13,4.88
2012.04.02 10:33:49.820,1.33494,1.33501,4.13,1.50
2012.04.02 10:33:50.608,1.33493,1.33502,1.50,5.82
2012.04.02 10:33:51.113,1.33494,1.33502,1.50,4.13
2012.04.02 10:33:52.466,1.33494,1.33502,1.88,3.94
2012.04.02 10:33:53.087,1.33494,1.33502,1.50,2.44
2012.04.02 10:33:53.451,1.33496,1.33504,1.88,4.88
2012.04.02 10:33:54.072,1.33496,1.33504,1.88,4.13
2012.04.02 10:33:54.801,1.33495,1.33503,1.88,1.50
2012.04.02 10:33:55.106,1.33497,1.33504,2.25,1.69
2012.04.02 10:33:55.428,1.33498,1.33505,1.50,1.69
2012.04.02 10:33:55.658,1.33499,1.33507,3.00,1.13
2012.04.02 10:33:56.339,1.335,1.33508,1.88,2.63
2012.04.02 10:33:56.690,1.33498,1.33505,3.00,1.13
2012.04.02 10:33:57.170,1.33498,1.33504,1.50,1.50
2012.04.02 10:33:57.697,1.33497,1.33505,2.63,3.38
2012.04.02 10:33:58.265,1.33496,1.33503,1.50,1.88
2012.04.02 10:33:59.888,1.33498,1.33504,1.50,1.50
2012.04.02 10:34:00.656,1.33498,1.33505,2.63,1.50
2012.04.02 10:34:00.743,1.33499,1.33506,2.25,2.25
2012.04.02 10:34:01.078,1.33499,1.33504,1.50,1.13
2012.04.02 10:34:01.474,1.33497,1.33504,1.50,1.13
2012.04.02 10:34:02.308,1.33497,1.33504,1.50,3.57
2012.04.02 10:34:04.879,1.33497,1.33503,1.50,2.07
2012.04.02 10:34:05.414,1.33496,1.33503,2.25,2.07
2012.04.02 10:34:07.716,1.33494,1.33505,5.25,1.69
2012.04.02 10:34:08.256,1.33494,1.335,5.25,1.69
2012.04.02 10:34:09.466,1.33494,1.33501,2.25,3.19
2012.04.02 10:34:10.728,1.33494,1.33501,1.50,4.09
2012.04.02 10:34:11.289,1.33495,1.33502,1.50,3.34
2012.04.02 10:34:13.668,1.33495,1.33502,1.50,3.57
2012.04.02 10:34:14.299,1.33495,1.33502,1.50,3.57
2012.04.02 10:34:14.859,1.33495,1.33502,1.50,3.57
2012.04.02 10:34:15.397,1.33494,1.33502,2.25,3.87
2012.04.02 10:34:15.547,1.33494,1.33502,2.25,2.63
2012.04.02 10:34:15.681,1.33494,1.33502,2.25,2.63
2012.04.02 10:34:16.239,1.33494,1.33502,3.00,2.63
2012.04.02 10:34:16.775,1.33496,1.33503,2.63,1.65
2012.04.02 10:34:17.307,1.33496,1.33503,2.63,1.65
2012.04.02 10:34:18.019,1.33496,1.33503,2.63,1.50
2012.04.02 10:34:18.545,1.33496,1.33503,2.63,1.80
2012.04.02 10:34:20.301,1.33496,1.33503,2.63,1.80
2012.04.02 10:34:20.451,1.33497,1.33503,1.50,1.50
2012.04.02 10:34:21.072,1.33498,1.33504,3.00,1.43
2012.04.02 10:34:21.439,1.335,1.33506,1.13,1.05
2012.04.02 10:34:23.366,1.335,1.33508,1.88,4.99
2012.04.02 10:34:23.914,1.33498,1.33506,4.88,1.13
2012.04.02 10:34:24.189,1.33498,1.33505,1.88,1.50
2012.04.02 10:34:24.273,1.33497,1.33504,3.94,1.43
2012.04.02 10:34:24.630,1.33496,1.33504,2.25,3.38
2012.04.02 10:34:26.705,1.33496,1.33504,2.25,2.25
2012.04.02 10:34:27.270,1.33496,1.33504,1.50,2.55
2012.04.02 10:34:29.693,1.33496,1.33504,2.25,1.95
2012.04.02 10:34:29.980,1.335,1.33507,1.13,2.44
2012.04.02 10:34:31.346,1.335,1.33508,1.88,3.83
2012.04.02 10:34:31.886,1.335,1.33507,2.63,1.50
2012.04.02 10:34:32.638,1.33501,1.33508,2.25,1.13
2012.04.02 10:34:34.998,1.33502,1.33509,1.13,3.27
2012.04.02 10:34:39.298,1.33502,1.33509,1.88,1.88
2012.04.02 10:34:40.179,1.33507,1.33513,1.88,5.48
2012.04.02 10:34:40.342,1.33509,1.33516,1.13,1.95
2012.04.02 10:34:40.501,1.33511,1.33519,1.50,1.69
2012.04.02 10:34:40.582,1.33511,1.33519,1.50,1.69
2012.04.02 10:34:41.163,1.33513,1.33522,1.88,2.89
2012.04.02 10:34:41.649,1.33516,1.33524,2.63,1.73
2012.04.02 10:34:42.128,1.33516,1.33523,2.63,2.25
2012.04.02 10:34:42.635,1.33516,1.33523,1.13,2.85
2012.04.02 10:34:43.374,1.33515,1.33523,2.25,2.85
2012.04.02 10:34:44.259,1.33517,1.33523,1.13,2.25
2012.04.02 10:34:44.409,1.33515,1.33522,2.25,1.73
2012.04.02 10:34:44.897,1.33513,1.33522,1.88,3.57
2012.04.02 10:34:46.464,1.33512,1.33518,1.50,2.55
2012.04.02 10:34:46.538,1.33511,1.33516,1.13,2.10
2012.04.02 10:34:46.678,1.33508,1.33516,4.13,1.50
2012.04.02 10:34:47.514,1.33508,1.33516,3.38,1.50
2012.04.02 10:34:47.656,1.33509,1.33518,1.50,4.20
2012.04.02 10:34:48.498,1.33509,1.33517,1.50,2.25
2012.04.02 10:34:49.039,1.33511,1.33517,1.50,3.00
2012.04.02 10:34:49.509,1.33511,1.33517,1.50,2.25
2012.04.02 10:34:49.845,1.33511,1.33517,1.50,2.25
2012.04.02 10:34:50.693,1.33511,1.33517,1.50,2.25
2012.04.02 10:34:52.977,1.33511,1.33517,1.50,1.50
2012.04.02 10:34:53.505,1.33511,1.33517,1.50,1.50
2012.04.02 10:34:55.747,1.33511,1.33517,1.50,2.25
2012.04.02 10:34:56.319,1.33511,1.33517,1.50,1.50
2012.04.02 10:34:56.629,1.33516,1.3352,1.32,5.70
2012.04.02 10:34:56.713,1.33516,1.33521,2.07,2.25
2012.04.02 10:34:56.865,1.3352,1.33525,1.50,1.50
2012.04.02 10:34:56.939,1.3352,1.33526,1.50,3.38
2012.04.02 10:34:57.211,1.33518,1.33525,1.50,1.50
2012.04.02 10:34:58.223,1.33514,1.33518,1.88,3.60
2012.04.02 10:34:58.408,1.33507,1.33512,1.88,1.13
2012.04.02 10:34:58.484,1.33507,1.33514,1.88,1.13
2012.04.02 10:34:59.048,1.33507,1.33513,1.13,1.13
2012.04.02 10:34:59.758,1.33507,1.33514,1.13,1.13
2012.04.02 10:35:00.942,1.33506,1.33514,5.63,1.13
2012.04.02 10:35:01.024,1.33506,1.33514,4.88,1.13
2012.04.02 10:35:01.096,1.33506,1.33514,4.13,3.57
2012.04.02 10:35:01.394,1.33503,1.33511,2.25,3.38
2012.04.02 10:35:01.473,1.33503,1.33507,2.25,1.13
2012.04.02 10:35:01.967,1.335,1.33505,4.50,2.63
2012.04.02 10:35:02.489,1.33498,1.33505,2.25,1.88
2012.04.02 10:35:03.157,1.33498,1.33505,2.25,3.57
2012.04.02 10:35:03.716,1.33498,1.33503,1.50,1.50
2012.04.02 10:35:03.823,1.33494,1.33501,2.25,2.63
2012.04.02 10:35:04.240,1.33494,1.335,1.50,2.44
2012.04.02 10:35:04.596,1.33492,1.33498,2.25,2.82
2012.04.02 10:35:04.746,1.3349,1.33497,6.38,1.50
2012.04.02 10:35:04.955,1.3349,1.33498,4.13,4.32
2012.04.02 10:35:05.285,1.3349,1.33498,4.13,5.07
2012.04.02 10:35:05.494,1.3349,1.33498,4.13,4.32
2012.04.02 10:35:06.323,1.3349,1.33497,2.25,1.88
2012.04.02 10:35:07.286,1.33488,1.33496,3.38,4.88
2012.04.02 10:35:09.011,1.33484,1.33489,1.50,1.69
2012.04.02 10:35:09.167,1.33483,1.33489,2.25,2.44
2012.04.02 10:35:09.382,1.33481,1.33487,2.25,2.10
2012.04.02 10:35:09.469,1.33483,1.33489,1.50,2.14
2012.04.02 10:35:09.539,1.3348,1.33488,3.38,5.25
2012.04.02 10:35:10.289,1.3348,1.33488,2.25,4.88
2012.04.02 10:35:11.040,1.3348,1.33488,2.25,4.88
2012.04.02 10:35:11.608,1.33481,1.33488,1.50,2.63
2012.04.02 10:35:12.170,1.3348,1.33488,2.25,1.88
2012.04.02 10:35:13.106,1.3348,1.33489,2.25,3.38
2012.04.02 10:35:13.722,1.3348,1.33488,2.10,1.50
2012.04.02 10:35:14.259,1.3348,1.33487,2.10,1.13
2012.04.02 10:35:15.354,1.33479,1.33486,3.23,1.50
2012.04.02 10:35:15.897,1.3348,1.33486,1.50,1.13
2012.04.02 10:35:19.597,1.3348,1.33487,1.50,2.63
2012.04.02 10:35:19.798,1.33482,1.33487,1.50,1.88
2012.04.02 10:35:20.336,1.33479,1.33487,5.33,1.88
2012.04.02 10:35:20.853,1.33479,1.33487,4.73,1.88
2012.04.02 10:35:22.057,1.33479,1.33486,3.60,1.13
2012.04.02 10:35:23.437,1.3348,1.33487,4.75,1.13
2012.04.02 10:35:23.945,1.3348,1.33487,2.10,1.13
2012.04.02 10:35:24.559,1.3348,1.33486,1.50,1.50
2012.04.02 10:35:25.117,1.33479,1.33485,1.50,1.13
2012.04.02 10:35:25.716,1.33479,1.33485,1.50,2.82
2012.04.02 10:35:26.516,1.33478,1.33486,3.38,1.13
2012.04.02 10:35:27.536,1.33478,1.33486,3.38,2.63
2012.04.02 10:35:27.754,1.33477,1.33484,1.13,4.35
2012.04.02 10:35:28.117,1.33476,1.33484,1.69,1.13
2012.04.02 10:35:28.452,1.3347,1.33477,1.50,1.32
2012.04.02 10:35:28.544,1.33468,1.33476,1.50,3.00
2012.04.02 10:35:29.146,1.33469,1.33475,2.25,1.13
2012.04.02 10:35:29.288,1.33466,1.3347,3.19,1.13
2012.04.02 10:35:29.636,1.3346,1.33468,2.25,1.13
2012.04.02 10:35:29.782,1.3346,1.33468,1.50,1.88
2012.04.02 10:35:29.934,1.3346,1.33465,6.70,3.38
2012.04.02 10:35:30.291,1.3346,1.33467,5.25,1.50
2012.04.02 10:35:30.650,1.33459,1.33468,2.25,3.00
2012.04.02 10:35:31.651,1.33459,1.33466,2.25,1.88
2012.04.02 10:35:32.735,1.33458,1.33466,4.73,1.13
2012.04.02 10:35:33.597,1.33458,1.33466,3.23,1.13
2012.04.02 10:35:33.925,1.33458,1.33466,2.63,2.63
2012.04.02 10:35:34.297,1.33466,1.33471,1.13,1.35
2012.04.02 10:35:34.512,1.33469,1.33474,3.38,1.95
2012.04.02 10:35:34.594,1.3347,1.33477,1.50,2.44
2012.04.02 10:35:35.111,1.3347,1.33478,3.00,2.44
2012.04.02 10:35:37.827,1.3347,1.33478,4.13,3.57
2012.04.02 10:35:38.495,1.3347,1.33478,4.13,4.32
2012.04.02 10:35:38.996,1.3347,1.33478,4.13,4.32
2012.04.02 10:35:39.536,1.3347,1.33477,3.00,1.88
2012.04.02 10:35:40.968,1.33469,1.33476,1.50,1.50
2012.04.02 10:35:41.525,1.3347,1.33477,1.50,1.88
2012.04.02 10:35:43.235,1.3347,1.33478,1.50,4.13
2012.04.02 10:35:44.484,1.3347,1.33478,1.50,4.13
2012.04.02 10:35:44.985,1.3347,1.33478,1.50,4.13
2012.04.02 10:35:45.057,1.3347,1.33478,1.50,4.13
2012.04.02 10:35:45.184,1.3347,1.33478,1.50,5.25
2012.04.02 10:35:45.255,1.3347,1.33477,1.50,1.50
2012.04.02 10:35:45.887,1.3347,1.33477,1.50,1.50
2012.04.02 10:35:46.550,1.33469,1.33478,3.75,2.63
2012.04.02 10:35:46.893,1.3347,1.33478,1.50,1.13
2012.04.02 10:35:47.447,1.3347,1.33478,1.50,1.13
2012.04.02 10:35:47.987,1.3347,1.33479,1.13,3.38
2012.04.02 10:35:48.339,1.33476,1.33482,2.25,3.83
2012.04.02 10:35:48.704,1.33482,1.33486,1.13,3.08
2012.04.02 10:35:48.919,1.33482,1.33486,1.13,1.20
2012.04.02 10:35:49.461,1.33482,1.33487,1.13,2.63
2012.04.02 10:35:52.293,1.33479,1.33484,1.50,1.13
2012.04.02 10:35:52.656,1.3347,1.3348,4.50,1.50
2012.04.02 10:35:53.201,1.3347,1.33481,1.13,3.00
2012.04.02 10:35:54.775,1.3347,1.33481,1.13,4.50
2012.04.02 10:35:54.853,1.3347,1.33481,1.13,4.50
2012.04.02 10:35:55.512,1.3347,1.33481,1.13,4.50
2012.04.02 10:35:55.592,1.3347,1.33481,1.13,5.63
2012.04.02 10:35:55.881,1.33471,1.33479,2.25,1.50
2012.04.02 10:35:56.247,1.33469,1.33477,2.82,2.25
2012.04.02 10:35:57.760,1.3347,1.33478,2.63,3.75
2012.04.02 10:35:57.849,1.33476,1.3348,1.50,3.88
2012.04.02 10:35:57.996,1.33476,1.33484,1.50,3.94
2012.04.02 10:35:58.496,1.33476,1.33482,1.50,4.32
2012.04.02 10:35:58.717,1.33474,1.33481,1.13,1.50
2012.04.02 10:35:59.101,1.33477,1.33482,1.13,1.50
2012.04.02 10:35:59.909,1.33478,1.33484,1.50,1.88
2012.04.02 10:36:00.273,1.3348,1.33485,2.63,1.50
2012.04.02 10:36:00.843,1.33477,1.33485,2.82,3.00
2012.04.02 10:36:01.154,1.33477,1.33483,1.13,3.00
2012.04.02 10:36:01.436,1.33474,1.33483,3.94,2.25
2012.04.02 10:36:01.577,1.33474,1.3348,1.88,1.32
2012.04.02 10:36:01.878,1.33471,1.33477,1.50,1.13
2012.04.02 10:36:02.415,1.33471,1.33477,1.50,1.13
2012.04.02 10:36:02.954,1.33471,1.33476,1.50,1.13
2012.04.02 10:36:04.491,1.3347,1.33476,1.50,1.13
2012.04.02 10:36:05.034,1.33469,1.33477,2.63,2.07
2012.04.02 10:36:05.638,1.33469,1.33477,1.88,2.07
2012.04.02 10:36:06.131,1.33466,1.33471,2.25,1.13
2012.04.02 10:36:06.351,1.33464,1.33469,1.13,1.50
2012.04.02 10:36:06.425,1.33464,1.33471,1.13,3.38
2012.04.02 10:36:07.541,1.33464,1.33471,1.88,1.13
2012.04.02 10:36:08.258,1.33465,1.33472,2.25,2.63
2012.04.02 10:36:08.346,1.33463,1.3347,1.50,2.63
2012.04.02 10:36:08.902,1.33462,1.3347,1.88,2.63
2012.04.02 10:36:09.263,1.33464,1.3347,1.50,1.50
2012.04.02 10:36:09.606,1.33466,1.3347,1.50,1.50
2012.04.02 10:36:10.355,1.33466,1.33472,1.50,3.00
2012.04.02 10:36:13.785,1.33466,1.33472,1.50,1.13
2012.04.02 10:36:14.303,1.33466,1.33472,1.50,1.13
2012.04.02 10:36:15.926,1.33466,1.33473,1.50,1.88
2012.04.02 10:36:16.087,1.33468,1.33475,1.50,3.00
2012.04.02 10:36:16.237,1.33469,1.33475,1.50,3.38
2012.04.02 10:36:16.586,1.33471,1.33477,1.50,2.63
2012.04.02 10:36:16.655,1.33471,1.33477,1.50,2.63
2012.04.02 10:36:16.868,1.33469,1.33477,2.25,1.88
2012.04.02 10:36:19.926,1.33469,1.33476,3.38,1.13
2012.04.02 10:36:20.054,1.33469,1.33477,3.38,3.00
2012.04.02 10:36:20.602,1.33469,1.33476,1.50,3.75
2012.04.02 10:36:21.136,1.33468,1.33476,1.50,6.00
2012.04.02 10:36:23.325,1.33468,1.33475,1.50,2.07
2012.04.02 10:36:26.817,1.33468,1.33476,2.25,6.19
2012.04.02 10:36:27.038,1.3347,1.33478,1.88,3.38
2012.04.02 10:36:27.569,1.33472,1.33478,1.50,1.88
2012.04.02 10:36:27.991,1.33474,1.33479,1.13,1.88
2012.04.02 10:36:28.352,1.33476,1.33484,1.13,4.88
2012.04.02 10:36:28.507,1.33478,1.33485,1.13,2.63
2012.04.02 10:36:29.343,1.33478,1.33485,1.13,2.25
2012.04.02 10:36:31.564,1.33478,1.33486,1.88,1.13
2012.04.02 10:36:34.238,1.33478,1.33487,1.88,1.69
2012.04.02 10:36:34.745,1.33478,1.33487,1.88,1.50
2012.04.02 10:36:35.267,1.33478,1.33487,1.88,2.25
2012.04.02 10:36:35.819,1.33478,1.33487,1.88,2.63
2012.04.02 10:36:36.653,1.33478,1.33487,1.88,2.25
2012.04.02 10:36:37.008,1.33478,1.33488,6.23,3.00
2012.04.02 10:36:37.555,1.3348,1.33488,2.63,1.13
2012.04.02 10:36:38.094,1.3348,1.33489,3.38,1.50
2012.04.02 10:36:38.746,1.33481,1.33488,1.50,1.13
2012.04.02 10:36:39.689,1.33482,1.33488,1.50,1.88
2012.04.02 10:36:40.087,1.3348,1.33488,3.38,3.38
2012.04.02 10:36:40.744,1.3348,1.33488,4.88,3.38
2012.04.02 10:36:44.994,1.3348,1.33488,2.63,2.63
2012.04.02 10:36:45.906,1.3348,1.33484,1.50,1.13
2012.04.02 10:36:46.259,1.33474,1.33478,6.25,1.13
2012.04.02 10:36:46.343,1.33474,1.33478,1.50,1.13
2012.04.02 10:36:46.768,1.33471,1.33478,1.50,1.88
2012.04.02 10:36:47.316,1.33472,1.33478,1.50,1.13
2012.04.02 10:36:53.953,1.33472,1.33479,1.50,1.13
2012.04.02 10:36:54.503,1.33472,1.33479,1.50,1.88
2012.04.02 10:36:55.057,1.33471,1.33478,1.88,1.50
2012.04.02 10:36:55.998,1.33472,1.33478,1.13,2.25
2012.04.02 10:36:56.211,1.33473,1.3348,1.50,1.88
2012.04.02 10:36:56.749,1.33472,1.3348,1.32,1.13
2012.04.02 10:36:57.295,1.33472,1.33481,2.07,4.13
2012.04.02 10:36:57.834,1.33472,1.33478,1.13,1.50
2012.04.02 10:36:58.047,1.3347,1.33478,3.57,4.13
2012.04.02 10:36:58.365,1.3347,1.33476,1.69,1.88
2012.04.02 10:36:58.451,1.33468,1.33476,2.63,3.38
2012.04.02 10:36:58.954,1.33468,1.33475,2.25,1.13
2012.04.02 10:36:59.454,1.33469,1.33476,1.32,2.25
2012.04.02 10:36:59.888,1.3347,1.33477,1.69,1.88
2012.04.02 10:37:00.647,1.33468,1.33477,1.50,4.88
2012.04.02 10:37:03.118,1.33467,1.33477,4.69,4.88
2012.04.02 10:37:03.244,1.33467,1.33477,4.69,4.88
2012.04.02 10:37:04.187,1.33467,1.33475,4.69,1.50
2012.04.02 10:37:04.543,1.33466,1.33471,1.58,1.13
2012.04.02 10:37:05.200,1.33463,1.33468,1.75,1.50
2012.04.02 10:37:05.284,1.33463,1.33468,1.13,1.50
2012.04.02 10:37:05.839,1.33462,1.3347,1.50,1.69
2012.04.02 10:37:06.364,1.33463,1.3347,3.00,1.50
2012.04.02 10:37:06.897,1.33463,1.33472,3.75,3.38
2012.04.02 10:37:07.427,1.33463,1.33471,3.75,1.50
2012.04.02 10:37:08.118,1.33463,1.3347,3.00,1.50
2012.04.02 10:37:08.331,1.33463,1.33469,2.25,1.50
2012.04.02 10:37:08.896,1.33461,1.33469,3.00,2.25
2012.04.02 10:37:08.965,1.33461,1.33469,3.00,1.50
2012.04.02 10:37:09.509,1.33462,1.3347,3.00,2.25
2012.04.02 10:37:09.988,1.33464,1.33472,1.50,2.25
2012.04.02 10:37:10.334,1.33464,1.3347,2.25,1.50
2012.04.02 10:37:12.922,1.33464,1.33472,2.25,5.63
2012.04.02 10:37:13.054,1.33464,1.33472,2.25,5.63
2012.04.02 10:37:14.185,1.33464,1.33472,3.00,5.63
2012.04.02 10:37:14.575,1.33464,1.33472,2.25,4.88
2012.04.02 10:37:15.210,1.33465,1.33472,1.50,1.50
2012.04.02 10:37:15.727,1.33464,1.33472,3.38,3.00
2012.04.02 10:37:16.287,1.33464,1.33472,4.13,3.38
2012.04.02 10:37:17.631,1.33464,1.33472,4.32,4.88
2012.04.02 10:37:17.776,1.33464,1.33472,4.32,4.88
2012.04.02 10:37:17.977,1.33464,1.33471,2.25,1.13
2012.04.02 10:37:18.262,1.33464,1.33469,1.50,1.13
2012.04.02 10:37:18.629,1.33462,1.33469,2.25,3.38
2012.04.02 10:37:19.276,1.33461,1.33468,1.88,3.00
2012.04.02 10:37:19.855,1.33459,1.33465,1.50,1.50
2012.04.02 10:37:23.241,1.3346,1.33465,1.50,1.50
2012.04.02 10:37:23.747,1.3346,1.33466,2.25,1.88
2012.04.02 10:37:25.656,1.3346,1.33466,1.50,1.88
2012.04.02 10:37:26.450,1.33456,1.3346,1.50,4.88
2012.04.02 10:37:26.539,1.33457,1.33462,3.00,2.25
2012.04.02 10:37:26.911,1.33455,1.33461,3.00,1.50
2012.04.02 10:37:27.080,1.33457,1.33462,1.50,2.25
2012.04.02 10:37:27.218,1.33454,1.33462,3.00,2.25
2012.04.02 10:37:27.359,1.33454,1.33462,4.13,3.75
2012.04.02 10:37:27.428,1.33454,1.33462,4.32,3.38
2012.04.02 10:37:27.568,1.33457,1.33463,1.50,3.75
2012.04.02 10:37:27.916,1.33455,1.33461,2.25,1.50
2012.04.02 10:37:28.576,1.33457,1.33462,1.50,1.50
2012.04.02 10:37:28.992,1.33457,1.33464,3.38,1.50
2012.04.02 10:37:29.080,1.33458,1.33466,5.25,2.82
2012.04.02 10:37:29.649,1.33458,1.33465,4.32,1.50
2012.04.02 10:37:30.486,1.33458,1.33465,4.32,1.50
2012.04.02 10:37:30.626,1.33458,1.33465,4.32,1.50
2012.04.02 10:37:32.146,1.3346,1.33465,1.50,1.50
2012.04.02 10:37:33.741,1.3346,1.33465,2.25,1.50
2012.04.02 10:37:34.299,1.33459,1.33466,3.38,1.88
2012.04.02 10:37:34.951,1.33461,1.33466,1.50,1.88
2012.04.02 10:37:36.707,1.33459,1.33466,1.88,1.88
2012.04.02 10:37:37.234,1.33459,1.33464,2.25,1.50
2012.04.02 10:37:37.785,1.33459,1.33464,1.50,1.50
2012.04.02 10:37:39.946,1.33459,1.33464,2.25,1.50
2012.04.02 10:37:40.785,1.33459,1.33464,3.00,1.50
2012.04.02 10:37:41.515,1.33459,1.33466,3.00,2.63
2012.04.02 10:37:41.859,1.33459,1.33466,3.00,1.88
2012.04.02 10:37:41.925,1.33459,1.33466,3.00,1.88
2012.04.02 10:37:42.456,1.33459,1.33466,3.00,2.63
2012.04.02 10:37:43.528,1.33459,1.33466,3.00,3.00
2012.04.02 10:37:43.865,1.33459,1.33466,3.00,2.25
2012.04.02 10:37:44.789,1.33459,1.33466,3.00,1.50
2012.04.02 10:37:46.026,1.3346,1.33468,1.50,5.44
2012.04.02 10:37:46.215,1.3346,1.33467,1.50,1.13
2012.04.02 10:37:46.285,1.3346,1.33467,1.50,1.13
2012.04.02 10:37:46.479,1.3346,1.33467,1.50,1.13
2012.04.02 10:37:46.616,1.3346,1.33468,1.50,3.38
2012.04.02 10:37:47.165,1.33459,1.33466,2.82,2.25
2012.04.02 10:37:47.719,1.33458,1.33466,4.32,2.63
2012.04.02 10:37:48.875,1.33458,1.33466,4.13,1.13
2012.04.02 10:37:49.769,1.33459,1.33466,1.50,1.88
2012.04.02 10:37:49.836,1.33458,1.33466,4.88,1.88
2012.04.02 10:37:49.911,1.33458,1.33464,3.75,1.13
2012.04.02 10:37:50.266,1.33456,1.33464,5.07,1.13
2012.04.02 10:37:50.706,1.33457,1.33464,2.25,2.63
2012.04.02 10:37:50.845,1.33457,1.33464,3.75,2.63
2012.04.02 10:37:51.659,1.33457,1.33463,2.25,1.69
2012.04.02 10:37:51.735,1.33456,1.33461,1.88,1.69
2012.04.02 10:37:52.097,1.33455,1.3346,1.50,1.13
2012.04.02 10:37:52.241,1.33455,1.33459,1.50,3.75
2012.04.02 10:37:52.611,1.33452,1.33459,3.38,1.50
2012.04.02 10:37:52.706,1.33451,1.33458,2.25,1.88
2012.04.02 10:37:52.921,1.3345,1.33457,2.25,1.88
2012.04.02 10:37:53.426,1.33449,1.33457,3.38,4.13
2012.04.02 10:37:53.620,1.33448,1.33456,3.38,3.38
2012.04.02 10:37:53.901,1.33448,1.33455,3.75,1.13
2012.04.02 10:37:54.225,1.33444,1.33448,1.50,1.13
2012.04.02 10:37:54.364,1.33442,1.33448,2.25,1.13
2012.04.02 10:37:54.707,1.33442,1.33446,2.25,1.50
2012.04.02 10:37:54.995,1.33442,1.33449,1.88,2.25
2012.04.02 10:37:55.698,1.33442,1.33449,2.25,1.13
2012.04.02 10:37:56.525,1.33447,1.33451,2.25,2.10
2012.04.02 10:37:56.858,1.33447,1.33454,1.50,1.50
2012.04.02 10:37:56.998,1.33447,1.33455,4.13,2.63
2012.04.02 10:37:57.071,1.33449,1.33455,1.50,1.88
2012.04.02 10:37:57.436,1.3345,1.33456,1.50,3.68
2012.04.02 10:37:57.796,1.33457,1.33462,1.50,1.50
2012.04.02 10:37:58.341,1.33454,1.33463,2.63,1.50
2012.04.02 10:37:58.860,1.33454,1.33463,2.63,2.25
2012.04.02 10:37:59.398,1.33454,1.33461,1.50,1.13
2012.04.02 10:38:00.532,1.33453,1.33461,4.13,3.38
2012.04.02 10:38:01.094,1.33453,1.33461,2.63,3.38
2012.04.02 10:38:01.608,1.33453,1.3346,1.50,2.63
2012.04.02 10:38:01.890,1.33451,1.33458,2.25,1.88
2012.04.02 10:38:02.038,1.3345,1.33458,2.63,2.63
2012.04.02 10:38:02.714,1.3345,1.33458,2.63,2.63
2012.04.02 10:38:06.610,1.33447,1.33454,9.04,1.50
2012.04.02 10:38:06.699,1.33449,1.33456,3.75,1.13
2012.04.02 10:38:06.836,1.33449,1.33454,3.41,1.50
2012.04.02 10:38:07.180,1.33452,1.33458,1.50,2.25
2012.04.02 10:38:07.746,1.33451,1.33457,1.50,1.88
2012.04.02 10:38:09.117,1.33451,1.33458,1.50,1.50
2012.04.02 10:38:09.471,1.33453,1.33461,1.50,5.85
2012.04.02 10:38:09.548,1.33453,1.33461,1.50,5.25
2012.04.02 10:38:09.620,1.33455,1.33461,1.50,1.50
2012.04.02 10:38:09.972,1.33457,1.33462,1.13,1.69
2012.04.02 10:38:10.053,1.33457,1.33463,1.13,3.75
2012.04.02 10:38:10.134,1.33459,1.33463,1.50,1.50
2012.04.02 10:38:10.557,1.33459,1.33465,1.50,2.63
2012.04.02 10:38:12.269,1.3346,1.33465,1.13,1.50
2012.04.02 10:38:12.482,1.33462,1.33468,1.50,2.82
2012.04.02 10:38:12.559,1.33462,1.33468,1.50,2.82
2012.04.02 10:38:13.271,1.33461,1.3347,2.25,5.82
2012.04.02 10:38:13.681,1.3346,1.33464,2.63,1.13
2012.04.02 10:38:13.832,1.33459,1.33464,1.50,1.88
2012.04.02 10:38:14.329,1.33456,1.33462,1.88,2.85
2012.04.02 10:38:14.838,1.33456,1.33462,1.13,2.10
2012.04.02 10:38:14.911,1.33454,1.33462,3.38,3.60
2012.04.02 10:38:15.470,1.33454,1.33461,2.63,1.50
2012.04.02 10:38:16.286,1.33454,1.33458,1.50,1.13
2012.04.02 10:38:16.367,1.33452,1.33458,2.25,1.13
2012.04.02 10:38:16.916,1.3345,1.33457,1.69,1.13
2012.04.02 10:38:17.065,1.3345,1.33458,1.88,4.92
2012.04.02 10:38:17.206,1.3345,1.33457,2.63,1.50
2012.04.02 10:38:17.705,1.3345,1.33456,1.13,1.50
2012.04.02 10:38:17.994,1.33448,1.33455,1.50,1.50
2012.04.02 10:38:18.504,1.33447,1.33455,2.63,3.00
2012.04.02 10:38:18.722,1.33449,1.33456,1.50,1.50
2012.04.02 10:38:19.265,1.33449,1.33457,1.50,5.63
2012.04.02 10:38:21.051,1.33449,1.33457,1.50,3.75
2012.04.02 10:38:21.588,1.33448,1.33455,1.13,1.50
2012.04.02 10:38:22.766,1.33449,1.33455,1.32,1.50
2012.04.02 10:38:23.108,1.33449,1.33457,2.07,1.50
2012.04.02 10:38:24.960,1.33449,1.33458,2.07,4.88
2012.04.02 10:38:25.095,1.33448,1.33455,3.19,1.88
2012.04.02 10:38:25.242,1.33445,1.33453,10.41,1.50
2012.04.02 10:38:26.046,1.33445,1.33451,3.41,1.13
2012.04.02 10:38:26.417,1.33439,1.33444,4.50,1.13
2012.04.02 10:38:26.699,1.33438,1.33444,1.69,1.13
2012.04.02 10:38:27.553,1.33437,1.33446,2.07,3.38
2012.04.02 10:38:27.773,1.33439,1.33447,1.50,4.13
2012.04.02 10:38:28.276,1.3344,1.33447,1.69,1.88
2012.04.02 10:38:29.118,1.3344,1.33446,1.69,1.88
2012.04.02 10:38:29.641,1.33439,1.33446,1.69,1.13
2012.04.02 10:38:30.253,1.33438,1.33446,4.13,1.13
2012.04.02 10:38:30.757,1.33438,1.33446,4.13,1.88
2012.04.02 10:38:31.850,1.33437,1.33446,1.13,4.88
2012.04.02 10:38:32.348,1.33436,1.33442,1.13,2.25
2012.04.02 10:38:32.709,1.33438,1.33443,1.13,3.94
2012.04.02 10:38:33.065,1.33442,1.33448,1.50,2.82
2012.04.02 10:38:33.267,1.3344,1.33448,3.38,4.32
2012.04.02 10:38:33.616,1.33438,1.33445,1.50,1.50
2012.04.02 10:38:34.124,1.33439,1.33447,2.25,3.57
2012.04.02 10:38:34.545,1.33437,1.33445,5.25,2.25
2012.04.02 10:38:35.308,1.33437,1.33445,1.50,4.88
2012.04.02 10:38:35.868,1.33437,1.33445,2.25,4.88
2012.04.02 10:38:36.771,1.33437,1.33445,3.00,4.13
2012.04.02 10:38:37.817,1.33437,1.33445,3.00,3.38
2012.04.02 10:38:38.375,1.33437,1.33445,3.00,4.13
2012.04.02 10:38:38.910,1.33437,1.33445,3.75,3.38
2012.04.02 10:38:39.129,1.33437,1.33445,3.75,3.38
2012.04.02 10:38:41.071,1.33437,1.33445,3.00,4.13
2012.04.02 10:38:41.206,1.33437,1.33445,2.25,3.38
2012.04.02 10:38:41.757,1.33437,1.33444,1.50,1.50
2012.04.02 10:38:43.538,1.33439,1.33445,2.25,1.88
2012.04.02 10:38:46.162,1.33439,1.33445,3.00,1.13
2012.04.02 10:38:46.426,1.33442,1.33447,1.50,1.88
2012.04.02 10:38:46.987,1.33442,1.33447,2.25,1.13
2012.04.02 10:38:47.650,1.33442,1.33448,2.25,1.13
2012.04.02 10:38:48.219,1.33444,1.3345,1.50,1.88
2012.04.02 10:38:48.613,1.33448,1.33453,1.50,2.44
2012.04.02 10:38:48.939,1.33445,1.3345,3.00,1.13
2012.04.02 10:38:49.021,1.33447,1.33454,2.70,1.65
2012.04.02 10:38:49.103,1.33445,1.3345,1.50,1.88
2012.04.02 10:38:49.183,1.33443,1.3345,3.00,1.88
2012.04.02 10:38:49.469,1.33441,1.3345,2.25,4.13
2012.04.02 10:38:49.973,1.33442,1.3345,1.88,4.13
2012.04.02 10:38:50.119,1.33442,1.3345,2.63,1.88
2012.04.02 10:38:50.257,1.33444,1.3345,1.50,1.13
2012.04.02 10:38:51.415,1.33444,1.33448,1.50,1.13
2012.04.02 10:38:51.565,1.33442,1.33448,1.50,1.88
2012.04.02 10:38:51.836,1.33444,1.3345,1.50,2.82
2012.04.02 10:38:52.361,1.33444,1.3345,1.50,2.82
2012.04.02 10:38:52.930,1.33444,1.33451,1.50,3.19
2012.04.02 10:38:54.214,1.33444,1.3345,1.50,1.50
2012.04.02 10:38:55.042,1.33444,1.33451,1.50,2.63
2012.04.02 10:38:55.767,1.33444,1.3345,1.50,1.50
2012.04.02 10:38:56.338,1.33444,1.33451,1.50,3.00
2012.04.02 10:38:57.348,1.33444,1.33451,1.50,3.00
2012.04.02 10:38:57.803,1.33444,1.33451,1.50,3.00
2012.04.02 10:38:58.505,1.33444,1.33451,1.50,3.75
2012.04.02 10:39:00.159,1.33444,1.3345,1.50,1.50
2012.04.02 10:39:00.291,1.33444,1.3345,1.50,1.50
2012.04.02 10:39:00.367,1.33442,1.3345,2.63,1.50
2012.04.02 10:39:00.616,1.33443,1.3345,1.50,1.50
2012.04.02 10:39:02.244,1.33443,1.33451,1.50,2.63
2012.04.02 10:39:02.598,1.33443,1.33449,1.50,1.50
2012.04.02 10:39:03.340,1.33442,1.33448,2.25,2.63
2012.04.02 10:39:04.934,1.33442,1.33448,2.25,2.63
2012.04.02 10:39:05.210,1.33442,1.33449,3.00,1.50
2012.04.02 10:39:05.867,1.33443,1.3345,2.25,1.50
2012.04.02 10:39:06.196,1.33445,1.3345,1.13,1.50
2012.04.02 10:39:06.551,1.3345,1.33454,1.13,2.93
2012.04.02 10:39:07.056,1.33447,1.33453,3.57,2.25
2012.04.02 10:39:07.268,1.33447,1.33453,1.13,2.25
2012.04.02 10:39:08.866,1.33448,1.33453,1.13,3.75
2012.04.02 10:39:09.383,1.3345,1.33455,1.50,1.88
2012.04.02 10:39:09.532,1.33448,1.33455,2.63,1.88
2012.04.02 10:39:09.615,1.33448,1.33452,1.50,1.88
2012.04.02 10:39:09.969,1.33444,1.33452,1.88,3.38
2012.04.02 10:39:10.510,1.33444,1.33451,1.50,1.13
2012.04.02 10:39:11.301,1.33443,1.33451,2.63,1.13
2012.04.02 10:39:13.386,1.33445,1.33451,1.50,1.88
2012.04.02 10:39:15.699,1.33445,1.33451,1.50,2.63
2012.04.02 10:39:15.840,1.33443,1.33451,5.07,3.38
2012.04.02 10:39:16.374,1.33443,1.33451,4.32,4.13
2012.04.02 10:39:17.320,1.33443,1.33451,5.82,4.13
2012.04.02 10:39:18.816,1.33445,1.33451,1.50,1.88
2012.04.02 10:39:19.266,1.33445,1.33449,1.50,1.13
2012.04.02 10:39:20.714,1.33442,1.33449,3.00,1.13
2012.04.02 10:39:24.348,1.33444,1.33449,1.50,1.88
2012.04.02 10:39:30.214,1.33444,1.33451,1.50,3.38
2012.04.02 10:39:30.809,1.33444,1.33452,2.63,1.88
2012.04.02 10:39:31.084,1.33448,1.33454,1.32,6.00
2012.04.02 10:39:31.395,1.33452,1.33456,1.50,2.63
2012.04.02 10:39:31.753,1.33446,1.33451,1.20,1.50
2012.04.02 10:39:31.833,1.33445,1.33451,5.70,1.50
2012.04.02 10:39:31.915,1.33445,1.33451,4.50,1.50
2012.04.02 10:39:32.059,1.33446,1.33452,1.50,5.10
2012.04.02 10:39:32.373,1.33446,1.33452,1.50,5.85
2012.04.02 10:39:32.459,1.33444,1.33452,1.50,7.35
2012.04.02 10:39:33.535,1.33444,1.33452,2.25,5.85
2012.04.02 10:39:34.486,1.33444,1.33452,2.25,6.60
2012.04.02 10:39:35.020,1.33444,1.33452,2.25,5.10
2012.04.02 10:39:35.529,1.33444,1.33451,1.50,2.63
2012.04.02 10:39:36.077,1.33444,1.33451,1.50,2.63
2012.04.02 10:39:36.594,1.33444,1.33451,2.25,1.88
2012.04.02 10:39:37.061,1.33446,1.33451,1.50,1.13
2012.04.02 10:39:37.316,1.33443,1.33451,3.00,1.13
2012.04.02 10:39:37.948,1.33443,1.33452,3.00,2.85
2012.04.02 10:39:38.282,1.33446,1.33453,1.50,3.00
2012.04.02 10:39:38.899,1.33446,1.33453,1.50,1.88
2012.04.02 10:39:40.837,1.33446,1.33453,1.50,2.63
2012.04.02 10:39:41.486,1.33446,1.33451,1.50,1.13
2012.04.02 10:39:41.766,1.33444,1.33451,1.50,1.88
2012.04.02 10:39:43.989,1.33443,1.33452,5.82,2.48
2012.04.02 10:39:44.517,1.33446,1.33452,1.50,1.73
2012.04.02 10:39:47.398,1.33446,1.33451,1.50,2.10
2012.04.02 10:39:47.542,1.33446,1.33452,1.50,3.38
2012.04.02 10:39:47.617,1.33444,1.33452,4.13,1.88
2012.04.02 10:39:48.981,1.33446,1.33453,1.13,2.10
2012.04.02 10:39:49.543,1.33446,1.33454,2.63,3.23
2012.04.02 10:39:51.315,1.33446,1.33454,2.07,3.23
2012.04.02 10:39:51.837,1.33446,1.33454,1.88,3.23
2012.04.02 10:39:52.313,1.33451,1.33455,1.13,1.50
2012.04.02 10:39:52.396,1.33447,1.33454,5.07,1.50
2012.04.02 10:39:53.808,1.33447,1.33454,1.32,1.50
2012.04.02 10:40:02.645,1.33446,1.33453,3.00,1.13
2012.04.02 10:40:02.786,1.33446,1.33451,2.25,1.13
2012.04.02 10:40:03.146,1.33443,1.33451,5.63,1.88
2012.04.02 10:40:03.419,1.33443,1.33451,4.13,1.88
2012.04.02 10:40:03.975,1.33444,1.33451,1.50,2.63
2012.04.02 10:40:06.327,1.33444,1.33451,1.50,1.88
2012.04.02 10:40:06.471,1.33444,1.33449,1.50,1.13
2012.04.02 10:40:07.041,1.33442,1.33449,2.82,2.63
2012.04.02 10:40:07.968,1.33444,1.33449,1.50,1.88
2012.04.02 10:40:12.325,1.33444,1.33449,1.50,1.88
2012.04.02 10:40:13.907,1.33444,1.33449,1.50,1.88
2012.04.02 10:40:14.988,1.33443,1.33449,1.69,1.88
2012.04.02 10:40:15.838,1.33442,1.3345,2.82,4.13
2012.04.02 10:40:16.364,1.33443,1.3345,1.69,3.38
2012.04.02 10:40:16.929,1.33444,1.3345,1.50,1.88
2012.04.02 10:40:19.717,1.33443,1.33451,1.69,2.25
2012.04.02 10:40:21.801,1.33441,1.3345,3.75,2.48
2012.04.02 10:40:22.158,1.33443,1.3345,1.50,2.63
2012.04.02 10:40:22.798,1.33442,1.33448,1.50,1.13
2012.04.02 10:40:23.264,1.33441,1.33448,2.25,1.13
2012.04.02 10:40:23.516,1.33442,1.33448,1.50,1.13
2012.04.02 10:40:24.083,1.33441,1.33448,1.50,1.88
2012.04.02 10:40:24.521,1.3344,1.33447,3.19,2.85
2012.04.02 10:40:24.740,1.33439,1.33445,2.25,1.88
2012.04.02 10:40:25.287,1.33437,1.33445,1.88,2.63
2012.04.02 10:40:25.788,1.33437,1.33445,1.99,2.63
2012.04.02 10:40:27.269,1.33437,1.33443,1.13,1.50
2012.04.02 10:40:28.412,1.33437,1.33443,1.13,2.25
2012.04.02 10:40:28.961,1.33435,1.33443,4.88,2.25
2012.04.02 10:40:30.636,1.33433,1.33441,4.88,2.07
2012.04.02 10:40:30.924,1.33433,1.33439,1.50,2.44
2012.04.02 10:40:31.012,1.3343,1.33437,1.88,2.25
2012.04.02 10:40:31.436,1.33432,1.33439,1.50,1.69
2012.04.02 10:40:33.346,1.33432,1.33441,3.19,1.88
2012.04.02 10:40:34.177,1.33434,1.33443,4.88,1.50
2012.04.02 10:40:34.708,1.33436,1.33443,1.13,1.50
2012.04.02 10:40:36.837,1.33437,1.33443,1.13,1.50
2012.04.02 10:40:41.899,1.33438,1.33444,1.50,3.00
2012.04.02 10:40:41.976,1.3344,1.33446,1.13,4.69
2012.04.02 10:40:42.191,1.33442,1.33447,1.50,2.18
2012.04.02 10:40:42.270,1.33442,1.33448,1.50,2.63
2012.04.02 10:40:42.627,1.3344,1.33448,2.63,1.88
2012.04.02 10:40:43.227,1.3344,1.33448,3.08,1.88
2012.04.02 10:40:43.303,1.33445,1.33451,1.73,5.07
2012.04.02 10:40:43.682,1.3345,1.33456,2.82,2.25
2012.04.02 10:40:44.041,1.3345,1.33457,2.82,2.25
2012.04.02 10:40:45.464,1.33447,1.33456,3.00,2.63
2012.04.02 10:40:46.018,1.33446,1.33454,4.13,3.00
2012.04.02 10:40:46.159,1.33446,1.33452,2.63,1.50
2012.04.02 10:40:46.515,1.33444,1.33449,1.50,1.13
2012.04.02 10:40:46.802,1.3344,1.33448,2.25,1.35
2012.04.02 10:40:46.881,1.3344,1.33448,1.50,1.35
2012.04.02 10:40:47.292,1.33442,1.33449,1.50,3.75
2012.04.02 10:40:48.149,1.33442,1.33449,1.50,2.63
2012.04.02 10:40:48.700,1.33444,1.3345,1.50,1.88
2012.04.02 10:40:50.046,1.33444,1.3345,1.50,1.50
2012.04.02 10:40:50.585,1.33445,1.3345,1.50,1.50
2012.04.02 10:40:53.854,1.33444,1.33452,4.88,4.88
2012.04.02 10:40:54.148,1.33444,1.33452,4.88,4.88
2012.04.02 10:40:54.696,1.33445,1.33452,3.00,1.13
2012.04.02 10:40:56.165,1.33445,1.33453,3.75,1.50
2012.04.02 10:40:56.578,1.33447,1.33455,1.50,4.50
2012.04.02 10:40:56.933,1.33449,1.33456,1.50,3.57
2012.04.02 10:40:57.489,1.33449,1.33456,1.69,3.38
2012.04.02 10:40:57.940,1.3345,1.33458,4.25,1.88
2012.04.02 10:40:58.160,1.33452,1.33458,1.50,1.13
2012.04.02 10:40:58.303,1.33455,1.33462,3.38,1.88
2012.04.02 10:40:58.451,1.33457,1.33462,1.50,1.88
2012.04.02 10:40:58.530,1.33455,1.33462,3.38,1.50
2012.04.02 10:40:58.750,1.33454,1.33461,3.00,2.82
2012.04.02 10:40:58.903,1.33454,1.33461,3.00,2.07
2012.04.02 10:40:59.507,1.33454,1.33461,3.75,1.13
2012.04.02 10:41:00.034,1.33456,1.33462,1.50,1.88
2012.04.02 10:41:00.974,1.33455,1.33464,1.50,3.00
2012.04.02 10:41:05.198,1.33454,1.33459,2.63,1.50
2012.04.02 10:41:07.769,1.33454,1.33461,1.88,3.00
2012.04.02 10:41:08.105,1.33454,1.33462,2.63,4.88
2012.04.02 10:41:09.199,1.33452,1.33461,4.50,1.13
2012.04.02 10:41:09.547,1.3345,1.33457,2.25,1.13
2012.04.02 10:41:10.113,1.3345,1.33457,1.50,1.13
2012.04.02 10:41:11.036,1.3345,1.33455,1.50,2.63
2012.04.02 10:41:11.389,1.33447,1.33455,5.63,1.50
2012.04.02 10:41:11.898,1.33447,1.33454,4.50,1.13
2012.04.02 10:41:12.455,1.33448,1.33455,1.50,2.25
2012.04.02 10:41:14.259,1.33448,1.33455,2.25,3.38
2012.04.02 10:41:14.791,1.33447,1.33455,5.82,3.38
2012.04.02 10:41:16.969,1.33448,1.33455,1.50,2.44
2012.04.02 10:41:17.435,1.3345,1.33458,1.50,2.07
2012.04.02 10:41:17.648,1.33449,1.33457,3.38,2.25
2012.04.02 10:41:18.931,1.33449,1.33457,3.38,1.50
2012.04.02 10:41:19.717,1.33449,1.33457,3.38,2.25
2012.04.02 10:41:20.070,1.33453,1.33459,1.13,1.50
2012.04.02 10:41:20.216,1.33453,1.3346,1.13,2.25
2012.04.02 10:41:20.504,1.33453,1.3346,2.63,1.50
2012.04.02 10:41:20.862,1.33455,1.33461,1.50,1.13
2012.04.02 10:41:21.170,1.33455,1.33462,2.63,1.13
2012.04.02 10:41:21.330,1.33457,1.33463,1.50,2.63
2012.04.02 10:41:21.976,1.33455,1.33463,2.63,2.63
2012.04.02 10:41:22.370,1.33455,1.33463,2.63,1.88
2012.04.02 10:41:22.917,1.33457,1.33463,1.50,1.88
2012.04.02 10:41:23.685,1.33455,1.33463,2.63,1.13
2012.04.02 10:41:24.874,1.33456,1.33463,1.50,1.13
2012.04.02 10:41:25.556,1.33455,1.33463,1.88,1.13
2012.04.02 10:41:27.440,1.33455,1.33463,1.88,2.63
2012.04.02 10:41:27.940,1.33452,1.33462,5.25,4.88
2012.04.02 10:41:28.028,1.33452,1.33459,4.13,1.88
2012.04.02 10:41:28.381,1.3345,1.33456,1.50,1.88
2012.04.02 10:41:29.075,1.3345,1.33457,2.63,1.50
2012.04.02 10:41:29.628,1.33452,1.33458,2.63,1.69
2012.04.02 10:41:29.696,1.33452,1.3346,2.63,5.44
2012.04.02 10:41:30.870,1.33453,1.3346,1.13,4.32
2012.04.02 10:41:31.904,1.33453,1.3346,1.13,2.82
2012.04.02 10:41:32.438,1.33452,1.3346,2.63,9.75
2012.04.02 10:41:32.513,1.3345,1.33458,2.25,1.88
2012.04.02 10:41:32.596,1.33448,1.33455,1.88,1.50
2012.04.02 10:41:32.674,1.33446,1.33454,2.25,1.50
2012.04.02 10:41:33.193,1.3344,1.33447,1.95,1.35
2012.04.02 10:41:34.117,1.33442,1.33448,1.50,2.25
2012.04.02 10:41:34.193,1.33442,1.33448,1.50,2.25
2012.04.02 10:41:34.747,1.33442,1.33449,1.50,2.85
2012.04.02 10:41:35.414,1.33442,1.33449,1.50,3.60
2012.04.02 10:41:35.509,1.33442,1.33446,1.50,1.13
2012.04.02 10:41:35.584,1.3344,1.33446,2.25,1.13
2012.04.02 10:41:36.757,1.33438,1.33446,4.13,1.88
2012.04.02 10:41:37.295,1.33439,1.33445,1.50,1.13
2012.04.02 10:41:41.858,1.33437,1.33442,1.50,1.13
2012.04.02 10:41:41.936,1.33436,1.33442,1.50,1.13
2012.04.02 10:41:42.011,1.33434,1.33442,4.13,3.38
2012.04.02 10:41:43.047,1.33436,1.33442,1.50,2.25
2012.04.02 10:41:44.416,1.33436,1.33443,3.00,1.50
2012.04.02 10:41:44.495,1.33437,1.33446,2.25,4.32
2012.04.02 10:41:45.026,1.33437,1.33445,2.25,1.32
2012.04.02 10:41:47.175,1.33437,1.33444,3.00,1.13
2012.04.02 10:41:48.595,1.33437,1.33445,4.13,1.32
2012.04.02 10:41:48.811,1.3344,1.33447,3.00,2.82
2012.04.02 10:41:49.109,1.3344,1.33447,3.00,1.32
2012.04.02 10:41:49.189,1.33442,1.33449,1.50,4.69
2012.04.02 10:41:49.735,1.33442,1.33449,1.50,1.88
2012.04.02 10:41:54.819,1.33443,1.33449,2.25,1.13
2012.04.02 10:41:55.099,1.33446,1.33451,1.69,1.50
2012.04.02 10:41:55.194,1.3345,1.33455,1.13,2.55
2012.04.02 10:41:55.429,1.33452,1.33458,1.50,2.82
2012.04.02 10:41:55.509,1.33451,1.33457,1.50,1.69
2012.04.02 10:41:56.075,1.3345,1.33457,2.25,2.07
2012.04.02 10:41:56.465,1.33447,1.33454,1.50,2.63
2012.04.02 10:41:56.997,1.33446,1.33454,3.00,3.00
2012.04.02 10:41:57.519,1.33446,1.33454,3.00,3.75
2012.04.02 10:41:58.026,1.33446,1.33452,3.00,1.13
2012.04.02 10:41:58.679,1.33446,1.33452,1.50,1.13
2012.04.02 10:41:59.248,1.33447,1.33452,1.50,1.13
2012.04.02 10:42:01.641,1.33447,1.33451,1.50,1.13
2012.04.02 10:42:02.322,1.33443,1.33448,1.69,2.63
2012.04.02 10:42:02.424,1.33437,1.33442,1.50,1.13
2012.04.02 10:42:02.520,1.33436,1.33442,1.50,1.13
2012.04.02 10:42:02.676,1.33434,1.33441,1.13,1.50
2012.04.02 10:42:03.177,1.33431,1.33438,4.13,1.13
2012.04.02 10:42:03.681,1.3343,1.33436,3.75,1.13
2012.04.02 10:42:07.562,1.33431,1.33436,1.50,1.13
2012.04.02 10:42:07.924,1.33432,1.33438,2.25,1.69
2012.04.02 10:42:08.072,1.33424,1.33434,6.00,1.13
2012.04.02 10:42:08.362,1.33427,1.33434,1.50,1.50
2012.04.02 10:42:08.712,1.33425,1.33429,2.52,1.13
2012.04.02 10:42:08.947,1.33423,1.33429,2.25,2.25
2012.04.02 10:42:09.237,1.33426,1.33431,1.13,1.50
2012.04.02 10:42:09.389,1.33427,1.33433,3.00,1.50
2012.04.02 10:42:09.533,1.33425,1.3343,1.13,2.10
2012.04.02 10:42:09.864,1.33423,1.33429,2.63,1.50
2012.04.02 10:42:10.374,1.33424,1.33431,2.25,1.69
2012.04.02 10:42:10.907,1.33422,1.3343,4.13,3.00
2012.04.02 10:42:11.796,1.33422,1.3343,3.38,3.19
2012.04.02 10:42:14.527,1.33422,1.33429,2.25,1.88
2012.04.02 10:42:14.926,1.33422,1.33428,1.50,1.50
2012.04.02 10:42:15.279,1.3342,1.33426,3.00,1.88
2012.04.02 10:42:16.016,1.33418,1.33426,3.00,3.38
2012.04.02 10:42:16.372,1.33414,1.33421,6.63,1.88
2012.04.02 10:42:16.456,1.33414,1.33419,4.75,1.88
2012.04.02 10:42:16.535,1.33412,1.33419,1.50,1.13
2012.04.02 10:42:17.028,1.33413,1.33421,2.33,1.50
2012.04.02 10:42:17.100,1.33417,1.33421,1.13,1.50
2012.04.02 10:42:17.607,1.3342,1.33426,2.63,1.50
2012.04.02 10:42:17.760,1.33422,1.3343,2.63,5.63
2012.04.02 10:42:17.831,1.33424,1.33429,1.50,1.88
2012.04.02 10:42:18.047,1.33422,1.33429,1.50,1.13
2012.04.02 10:42:18.866,1.33422,1.33429,1.50,1.88
2012.04.02 10:42:19.167,1.33418,1.33427,2.44,1.88
2012.04.02 10:42:19.502,1.33418,1.33425,2.44,1.13
2012.04.02 10:42:19.724,1.33418,1.33425,1.69,1.88
2012.04.02 10:42:20.289,1.33417,1.33425,1.50,4.13
2012.04.02 10:42:22.108,1.33418,1.33425,1.50,2.63
2012.04.02 10:42:26.528,1.33418,1.33426,3.00,2.63
2012.04.02 10:42:26.736,1.33419,1.33426,1.50,2.63
2012.04.02 10:42:27.286,1.33421,1.33426,1.50,2.63
2012.04.02 10:42:27.796,1.33421,1.33428,1.50,4.50
2012.04.02 10:42:29.637,1.33421,1.33426,1.50,1.13
2012.04.02 10:42:29.850,1.33418,1.33426,3.94,1.13
2012.04.02 10:42:30.706,1.3342,1.33426,1.50,1.13
2012.04.02 10:42:31.224,1.33419,1.33426,1.50,1.88
2012.04.02 10:42:32.533,1.33421,1.33426,1.50,1.88
2012.04.02 10:42:33.823,1.33425,1.33429,1.13,1.50
2012.04.02 10:42:33.992,1.33429,1.33434,1.88,1.65
2012.04.02 10:42:34.330,1.33433,1.33438,1.50,3.21
2012.04.02 10:42:34.413,1.33433,1.33439,1.50,3.94
2012.04.02 10:42:34.629,1.3343,1.33438,3.00,1.50
2012.04.02 10:42:35.189,1.3343,1.33435,2.25,1.88
2012.04.02 10:42:35.399,1.33427,1.33435,2.63,7.17
2012.04.02 10:42:35.905,1.33427,1.33433,1.88,2.25
2012.04.02 10:42:36.882,1.33427,1.33434,1.13,1.88
2012.04.02 10:42:37.386,1.33427,1.33432,1.13,1.50
2012.04.02 10:42:37.883,1.33428,1.33437,2.63,2.44
2012.04.02 10:42:38.308,1.33428,1.33437,4.13,2.07
2012.04.02 10:42:39.828,1.33429,1.33436,1.13,2.25
2012.04.02 10:42:39.968,1.33428,1.33435,2.44,1.50
2012.04.02 10:42:40.037,1.33428,1.33435,2.44,1.50
2012.04.02 10:42:40.597,1.33429,1.33435,1.50,1.50
2012.04.02 10:42:41.277,1.33427,1.33434,3.38,1.50
2012.04.02 10:42:41.347,1.33429,1.33435,1.50,1.50
2012.04.02 10:42:41.678,1.33431,1.33435,1.50,1.50
2012.04.02 10:42:42.206,1.33432,1.33438,1.13,1.88
2012.04.02 10:42:42.948,1.33433,1.33437,1.50,1.13
2012.04.02 10:42:43.456,1.33431,1.33437,2.25,2.63
2012.04.02 10:42:44.013,1.33431,1.33439,1.50,3.00
2012.04.02 10:42:44.160,1.33431,1.33436,1.50,1.50
2012.04.02 10:42:44.316,1.33428,1.33435,1.88,3.79
2012.04.02 10:42:44.465,1.33428,1.33434,1.13,1.35
2012.04.02 10:42:44.909,1.33426,1.33434,2.63,5.48
2012.04.02 10:42:45.526,1.33426,1.33433,2.63,1.50
2012.04.02 10:42:45.596,1.33426,1.33433,2.63,2.25
2012.04.02 10:42:45.739,1.33426,1.33433,2.63,2.25
2012.04.02 10:42:46.256,1.33426,1.33433,2.63,2.25
2012.04.02 10:42:46.843,1.33427,1.33434,1.13,3.00
2012.04.02 10:42:46.931,1.33429,1.33435,1.50,2.63
2012.04.02 10:42:47.455,1.33428,1.33435,1.50,2.63
2012.04.02 10:42:48.293,1.33429,1.33434,1.50,1.50
2012.04.02 10:42:48.645,1.3343,1.33436,1.50,1.88
2012.04.02 10:42:49.028,1.3343,1.33436,3.00,2.63
2012.04.02 10:42:49.557,1.3343,1.33436,2.25,1.50
2012.04.02 10:42:50.141,1.3343,1.33438,3.00,3.38
2012.04.02 10:42:50.233,1.33433,1.3344,1.50,2.63
2012.04.02 10:42:50.864,1.33436,1.33442,1.13,1.50
2012.04.02 10:42:51.233,1.33441,1.33446,1.50,4.35
2012.04.02 10:42:51.311,1.33438,1.33444,1.13,2.44
2012.04.02 10:42:51.388,1.3344,1.33444,1.50,2.82
2012.04.02 10:42:51.728,1.33435,1.33442,7.65,1.88
2012.04.02 10:42:51.808,1.33436,1.33442,1.50,1.88
2012.04.02 10:42:52.159,1.33434,1.33441,4.13,1.50
2012.04.02 10:42:52.685,1.33435,1.33442,1.50,3.00
2012.04.02 10:42:54.994,1.33435,1.33442,3.38,1.13
2012.04.02 10:42:55.655,1.33435,1.33442,2.63,1.88
2012.04.02 10:42:56.650,1.33436,1.33442,1.13,1.13
2012.04.02 10:42:57.207,1.33434,1.33442,1.88,3.38
2012.04.02 10:42:57.420,1.33433,1.3344,3.38,1.13
2012.04.02 10:42:57.960,1.33433,1.3344,1.88,2.63
2012.04.02 10:42:58.416,1.33432,1.33439,1.50,1.50
2012.04.02 10:43:00.558,1.33429,1.33439,5.25,5.07
2012.04.02 10:43:00.974,1.33429,1.33435,1.13,1.88
2012.04.02 10:43:01.050,1.33428,1.33435,3.00,1.13
2012.04.02 10:43:01.198,1.33426,1.33435,2.63,3.38
2012.04.02 10:43:01.702,1.33426,1.33435,1.50,4.88
2012.04.02 10:43:02.267,1.33427,1.33435,2.25,2.25
2012.04.02 10:43:02.616,1.33427,1.33435,2.25,2.25
2012.04.02 10:43:02.688,1.33427,1.33435,2.25,2.25
2012.04.02 10:43:05.027,1.33427,1.33435,2.25,2.25
2012.04.02 10:43:05.954,1.33428,1.33435,1.88,1.13
2012.04.02 10:43:06.098,1.33429,1.33436,1.50,3.00
2012.04.02 10:43:06.792,1.33429,1.33436,4.13,1.50
2012.04.02 10:43:07.325,1.33432,1.33437,1.50,1.50
2012.04.02 10:43:10.799,1.33432,1.33438,2.25,1.13
2012.04.02 10:43:10.874,1.33431,1.33438,1.13,1.88
2012.04.02 10:43:11.020,1.33432,1.33439,2.25,2.44
2012.04.02 10:43:11.536,1.33432,1.33439,2.25,2.44
2012.04.02 10:43:17.307,1.33432,1.33438,3.38,1.13
2012.04.02 10:43:17.801,1.3343,1.33436,3.00,1.13
2012.04.02 10:43:18.041,1.33429,1.33436,2.25,2.63
2012.04.02 10:43:18.557,1.3343,1.33436,1.88,1.50
2012.04.02 10:43:18.916,1.33432,1.33438,1.50,2.25
2012.04.02 10:43:19.414,1.3343,1.33438,4.13,4.50
2012.04.02 10:43:19.916,1.3343,1.33438,4.13,4.50
2012.04.02 10:43:21.243,1.3343,1.33438,3.38,3.94
2012.04.02 10:43:22.510,1.33432,1.33438,1.50,1.69
2012.04.02 10:43:27.545,1.33432,1.33438,1.50,1.32
2012.04.02 10:43:27.674,1.33432,1.33438,1.50,1.32
2012.04.02 10:43:29.424,1.33432,1.3344,2.25,5.67
2012.04.02 10:43:30.418,1.33432,1.3344,2.25,5.67
2012.04.02 10:43:35.490,1.33432,1.33438,2.25,1.69
2012.04.02 10:43:35.776,1.33432,1.33438,1.13,3.75
2012.04.02 10:43:36.668,1.33433,1.33439,1.13,2.44
2012.04.02 10:43:37.317,1.33432,1.33439,1.50,2.44
2012.04.02 10:43:37.794,1.33432,1.33438,1.50,2.25
2012.04.02 10:43:38.118,1.33431,1.33438,1.13,3.75
2012.04.02 10:43:38.601,1.33429,1.33435,1.50,1.50
2012.04.02 10:43:38.691,1.33427,1.33432,5.63,1.69
2012.04.02 10:43:38.776,1.33427,1.33432,6.00,2.07
2012.04.02 10:43:38.862,1.33424,1.33431,1.13,2.40
2012.04.02 10:43:38.956,1.33423,1.3343,1.75,2.44
2012.04.02 10:43:39.499,1.33423,1.3343,1.50,2.82
2012.04.02 10:43:41.940,1.33423,1.33429,1.50,1.50
2012.04.02 10:43:42.491,1.33423,1.33429,1.50,1.50
2012.04.02 10:43:43.734,1.33423,1.3343,2.63,1.69
2012.04.02 10:43:44.381,1.33424,1.33431,1.50,2.25
2012.04.02 10:43:45.703,1.33425,1.33431,1.13,1.13
2012.04.02 10:43:45.922,1.33426,1.33433,1.13,2.07
2012.04.02 10:43:46.151,1.33429,1.33435,1.50,1.69
2012.04.02 10:43:46.686,1.33428,1.33435,1.50,1.69
2012.04.02 10:43:47.224,1.33432,1.33436,1.13,3.00
2012.04.02 10:43:47.309,1.33433,1.33437,1.13,1.28
2012.04.02 10:43:47.455,1.33433,1.33438,1.13,2.55
2012.04.02 10:43:47.603,1.33435,1.33439,1.50,3.75
2012.04.02 10:43:48.357,1.33433,1.33439,1.88,1.13
2012.04.02 10:43:48.962,1.33434,1.33439,1.50,1.13
2012.04.02 10:43:51.068,1.33434,1.33442,3.38,1.13
2012.04.02 10:43:51.146,1.33437,1.33442,1.50,1.13
2012.04.02 10:43:51.499,1.3344,1.33445,1.50,1.50
2012.04.02 10:43:51.968,1.33438,1.33445,1.50,1.88
2012.04.02 10:43:52.529,1.33437,1.33445,2.63,2.63
2012.04.02 10:43:52.791,1.33439,1.33445,1.50,2.63
2012.04.02 10:43:53.396,1.33437,1.33445,2.82,1.88
2012.04.02 10:43:53.948,1.33439,1.33445,1.50,1.50
2012.04.02 10:43:56.943,1.33439,1.33446,1.50,1.50
2012.04.02 10:43:57.807,1.33439,1.33447,2.25,2.25
2012.04.02 10:43:58.350,1.33441,1.33447,1.13,2.25
2012.04.02 10:43:58.496,1.33441,1.33448,1.13,1.13
2012.04.02 10:43:58.827,1.33441,1.33448,1.13,1.13
2012.04.02 10:43:59.385,1.33441,1.33448,1.88,1.13
2012.04.02 10:43:59.983,1.33441,1.33448,1.88,1.13
2012.04.02 10:44:01.220,1.3344,1.33445,1.50,1.88
2012.04.02 10:44:01.374,1.33437,1.33444,1.13,1.13
2012.04.02 10:44:01.456,1.33436,1.33444,1.50,2.07
2012.04.02 10:44:02.017,1.33434,1.33441,3.75,1.13
2012.04.02 10:44:02.677,1.33436,1.33441,1.50,1.13
2012.04.02 10:44:02.752,1.33436,1.33443,3.38,1.50
2012.04.02 10:44:02.978,1.33438,1.33445,1.13,2.44
2012.04.02 10:44:03.330,1.33441,1.33445,1.50,1.88
2012.04.02 10:44:03.614,1.33436,1.33441,2.25,1.13
2012.04.02 10:44:03.758,1.33435,1.33441,1.13,2.63
2012.04.02 10:44:03.829,1.33433,1.33439,2.10,1.50
2012.04.02 10:44:04.546,1.33433,1.33441,3.38,4.88
2012.04.02 10:44:05.534,1.33433,1.33441,2.63,4.13
2012.04.02 10:44:05.757,1.33433,1.33439,1.88,3.98
2012.04.02 10:44:06.162,1.33431,1.33437,2.63,1.50
2012.04.02 10:44:06.255,1.33431,1.33435,1.13,1.50
2012.04.02 10:44:06.816,1.33431,1.33436,1.13,1.13
2012.04.02 10:44:07.355,1.33431,1.33436,1.13,1.13
2012.04.02 10:44:07.559,1.33433,1.33439,1.13,1.50
2012.04.02 10:44:07.707,1.33432,1.33439,2.44,2.25
2012.04.02 10:44:08.229,1.33432,1.33441,2.82,3.38
2012.04.02 10:44:08.585,1.33435,1.33442,1.50,1.88
2012.04.02 10:44:09.152,1.33434,1.33441,1.88,2.25
2012.04.02 10:44:11.528,1.33436,1.33442,1.13,1.69
2012.04.02 10:44:12.268,1.33436,1.33442,3.38,1.50
2012.04.02 10:44:12.789,1.33436,1.33442,3.38,1.50
2012.04.02 10:44:13.729,1.33436,1.33441,2.63,1.50
2012.04.02 10:44:14.280,1.33436,1.33441,1.88,1.50
2012.04.02 10:44:14.818,1.33436,1.33442,1.88,1.50
2012.04.02 10:44:15.384,1.3344,1.33445,1.13,1.32
2012.04.02 10:44:15.606,1.3344,1.33445,1.13,3.00
2012.04.02 10:44:16.336,1.3344,1.33447,1.88,2.63
2012.04.02 10:44:16.918,1.3344,1.33446,1.88,1.50
2012.04.02 10:44:17.350,1.33438,1.33443,2.63,1.50
2012.04.02 10:44:17.914,1.33438,1.33442,1.88,1.50
2012.04.02 10:44:18.444,1.33438,1.33445,1.13,3.75
2012.04.02 10:44:18.589,1.33438,1.33445,2.25,2.25
2012.04.02 10:44:18.660,1.3344,1.33445,1.13,2.25
2012.04.02 10:44:19.229,1.33441,1.33446,1.50,2.25
2012.04.02 10:44:19.765,1.33441,1.33447,2.25,1.13
2012.04.02 10:44:21.169,1.33441,1.33448,2.25,1.13
2012.04.02 10:44:21.310,1.33442,1.33448,2.33,1.13
2012.04.02 10:44:21.670,1.33443,1.33449,1.13,1.50
2012.04.02 10:44:22.152,1.33442,1.33451,4.88,1.50
2012.04.02 10:44:22.443,1.33448,1.33456,3.75,3.19
2012.04.02 10:44:23.173,1.33448,1.33454,1.50,1.50
2012.04.02 10:44:23.518,1.33446,1.33453,4.13,1.88
2012.04.02 10:44:24.067,1.33446,1.33453,3.38,2.07
2012.04.02 10:44:24.355,1.33443,1.33451,3.38,2.63
2012.04.02 10:44:25.451,1.33443,1.33451,3.38,1.73
2012.04.02 10:44:25.668,1.33443,1.33451,3.38,2.67
2012.04.02 10:44:26.010,1.33441,1.33446,1.50,1.50
2012.04.02 10:44:26.555,1.3344,1.33446,3.00,1.50
2012.04.02 10:44:26.919,1.33438,1.33444,1.50,1.69
2012.04.02 10:44:27.001,1.33436,1.33444,5.25,2.44
2012.04.02 10:44:27.356,1.33435,1.33441,3.00,1.50
2012.04.02 10:44:27.436,1.33436,1.33445,2.25,3.79
2012.04.02 10:44:28.000,1.33437,1.33444,1.88,1.69
2012.04.02 10:44:28.408,1.33435,1.33443,3.00,3.19
2012.04.02 10:44:29.505,1.33435,1.33443,4.13,2.44
2012.04.02 10:44:32.099,1.33435,1.33443,3.38,3.94
2012.04.02 10:44:32.168,1.33435,1.33443,4.88,3.94
2012.04.02 10:44:32.539,1.33435,1.33443,4.13,3.75
2012.04.02 10:44:32.897,1.33435,1.33443,4.13,3.00
2012.04.02 10:44:35.749,1.33435,1.33443,4.13,4.13
2012.04.02 10:44:35.942,1.33436,1.33443,7.13,2.25
2012.04.02 10:44:36.230,1.33439,1.33447,2.25,4.50
2012.04.02 10:44:37.769,1.33439,1.33445,2.63,1.50
2012.04.02 10:44:38.328,1.33439,1.33446,3.38,2.25
2012.04.02 10:44:38.401,1.33441,1.33446,1.13,1.50
2012.04.02 10:44:38.767,1.33443,1.33449,1.50,3.19
2012.04.02 10:44:39.186,1.33444,1.33449,1.13,1.69
2012.04.02 10:44:40.906,1.33446,1.33452,1.13,2.82
2012.04.02 10:44:41.457,1.33449,1.33456,1.50,2.44
2012.04.02 10:44:41.611,1.33451,1.33458,1.13,3.19
2012.04.02 10:44:42.178,1.33452,1.33458,1.13,1.13
2012.04.02 10:44:44.196,1.33452,1.33457,1.88,1.50
2012.04.02 10:44:44.430,1.33454,1.33459,2.63,2.25
2012.04.02 10:44:45.204,1.33454,1.3346,2.63,2.25
2012.04.02 10:44:46.481,1.33456,1.33462,1.50,1.50
2012.04.02 10:44:46.633,1.33459,1.33463,1.13,2.25
2012.04.02 10:44:46.718,1.33459,1.33465,1.88,2.63
2012.04.02 10:44:46.794,1.33461,1.33465,1.88,3.38
2012.04.02 10:44:46.951,1.33461,1.33467,1.13,1.50
2012.04.02 10:44:47.100,1.33461,1.33469,3.38,1.88
2012.04.02 10:44:47.383,1.33461,1.33469,4.13,1.88
2012.04.02 10:44:47.882,1.33463,1.3347,1.50,2.44
2012.04.02 10:44:48.382,1.33464,1.33471,3.00,3.00
2012.04.02 10:44:48.925,1.33464,1.3347,1.50,1.50
2012.04.02 10:44:49.390,1.33462,1.3347,3.75,2.25
2012.04.02 10:44:49.751,1.33462,1.33467,2.25,1.13
2012.04.02 10:44:49.842,1.33459,1.33466,1.88,1.50
2012.04.02 10:44:50.401,1.33459,1.33466,1.88,1.50
2012.04.02 10:44:50.956,1.33459,1.33467,1.88,4.13
2012.04.02 10:44:51.516,1.33459,1.33467,2.63,4.13
2012.04.02 10:44:52.351,1.33462,1.33468,2.25,1.13
2012.04.02 10:44:52.896,1.33461,1.33468,1.13,2.63
2012.04.02 10:44:53.451,1.3346,1.33468,4.88,3.75
2012.04.02 10:44:54.828,1.3346,1.33468,3.38,4.13
2012.04.02 10:44:55.369,1.3346,1.33466,1.88,2.25
2012.04.02 10:44:55.739,1.3346,1.33468,1.88,4.32
2012.04.02 10:44:56.285,1.33459,1.33468,4.13,2.07
2012.04.02 10:44:57.029,1.3346,1.33468,1.88,1.32
2012.04.02 10:44:57.565,1.3346,1.33468,2.63,1.32
2012.04.02 10:44:59.198,1.3346,1.33468,4.88,3.38
2012.04.02 10:44:59.820,1.33461,1.33468,1.13,2.25
2012.04.02 10:45:00.545,1.3346,1.33468,4.13,3.38
2012.04.02 10:45:01.075,1.3346,1.33468,2.63,6.98
2012.04.02 10:45:01.207,1.3346,1.33465,1.13,1.50
2012.04.02 10:45:01.492,1.33458,1.33465,2.25,1.13
2012.04.02 10:45:01.712,1.33457,1.33462,1.50,1.50
2012.04.02 10:45:01.958,1.33457,1.33464,1.50,1.50
2012.04.02 10:45:02.501,1.33456,1.33464,3.00,1.50
2012.04.02 10:45:03.868,1.33458,1.33464,1.50,1.50
2012.04.02 10:45:04.564,1.33458,1.33465,2.25,1.13
2012.04.02 10:45:06.198,1.33458,1.33465,2.25,1.13
2012.04.02 10:45:06.408,1.33459,1.33467,2.25,4.17
2012.04.02 10:45:06.737,1.33459,1.33467,2.25,2.67
2012.04.02 10:45:07.252,1.33459,1.33467,3.00,2.67
2012.04.02 10:45:08.071,1.33459,1.33467,3.38,2.67
2012.04.02 10:45:08.487,1.33461,1.33469,1.50,4.92
2012.04.02 10:45:09.054,1.33462,1.33469,1.13,3.42
2012.04.02 10:45:09.716,1.3346,1.33465,1.88,1.50
2012.04.02 10:45:10.615,1.33463,1.33468,1.13,2.25
2012.04.02 10:45:10.688,1.33463,1.33467,1.13,1.50
2012.04.02 10:45:12.425,1.33462,1.33467,1.13,1.50
2012.04.02 10:45:12.935,1.33462,1.33468,1.13,1.35
2012.04.02 10:45:13.147,1.33461,1.33467,1.50,4.69
2012.04.02 10:45:13.497,1.33457,1.33464,1.50,2.82
2012.04.02 10:45:14.018,1.33456,1.33463,1.88,2.44
2012.04.02 10:45:16.159,1.33459,1.33464,1.50,2.63
2012.04.02 10:45:16.297,1.33459,1.33464,1.50,1.88
2012.04.02 10:45:18.196,1.33459,1.33465,1.50,1.13
2012.04.02 10:45:18.476,1.33461,1.33468,1.50,4.35
2012.04.02 10:45:19.201,1.3346,1.33468,1.50,4.35
2012.04.02 10:45:19.887,1.33461,1.33468,1.13,4.35
2012.04.02 10:45:20.425,1.33461,1.33468,3.38,1.35
2012.04.02 10:45:20.978,1.33461,1.33467,1.88,1.50
2012.04.02 10:45:23.106,1.3346,1.33467,1.69,1.50
2012.04.02 10:45:23.648,1.33459,1.33466,2.25,2.25
2012.04.02 10:45:23.988,1.33459,1.33466,1.50,3.00
2012.04.02 10:45:25.205,1.33456,1.33462,3.94,1.88
2012.04.02 10:45:25.606,1.33452,1.33458,1.50,1.50
2012.04.02 10:45:25.820,1.33453,1.3346,1.50,1.50
2012.04.02 10:45:26.237,1.33454,1.33462,3.38,1.88
2012.04.02 10:45:26.791,1.33454,1.33462,2.25,1.50
2012.04.02 10:45:27.193,1.33452,1.33457,3.19,1.88
2012.04.02 10:45:27.280,1.3345,1.33457,1.20,2.63
2012.04.02 10:45:27.829,1.33449,1.33457,1.13,4.69
2012.04.02 10:45:29.027,1.33449,1.33457,1.13,4.69
2012.04.02 10:45:30.517,1.33449,1.33457,1.13,4.50
2012.04.02 10:45:31.939,1.33449,1.33457,1.13,3.75
2012.04.02 10:45:32.143,1.33451,1.33457,1.13,2.63
2012.04.02 10:45:32.293,1.33451,1.33459,4.13,1.50
2012.04.02 10:45:32.838,1.33452,1.3346,1.50,2.25
2012.04.02 10:45:34.827,1.33452,1.3346,3.38,3.75
2012.04.02 10:45:34.967,1.33452,1.3346,3.38,2.25
2012.04.02 10:45:35.477,1.33453,1.3346,1.13,3.00
2012.04.02 10:45:39.111,1.33453,1.33461,1.13,1.13
2012.04.02 10:45:39.260,1.33455,1.33461,1.50,1.13
2012.04.02 10:45:42.079,1.33455,1.33461,1.50,1.13
2012.04.02 10:45:42.437,1.33451,1.33458,1.50,3.38
2012.04.02 10:45:42.512,1.33449,1.33456,4.50,3.98
2012.04.02 10:45:43.092,1.33448,1.33454,1.69,2.63
2012.04.02 10:45:43.649,1.33447,1.33454,1.50,2.07
2012.04.02 10:45:44.144,1.33449,1.33456,1.13,4.17
2012.04.02 10:45:44.359,1.3345,1.33456,1.50,1.13
2012.04.02 10:45:44.497,1.33452,1.33458,1.50,1.50
2012.04.02 10:45:44.565,1.33452,1.33458,1.50,1.50
2012.04.02 10:45:45.087,1.33452,1.3346,2.63,2.25
2012.04.02 10:45:45.920,1.33452,1.3346,2.63,5.25
2012.04.02 10:45:46.133,1.3345,1.33457,1.13,2.25
2012.04.02 10:45:46.696,1.33449,1.33457,3.00,2.25
2012.04.02 10:45:47.046,1.33451,1.33458,1.50,3.75
2012.04.02 10:45:47.688,1.33451,1.33459,1.50,3.38
2012.04.02 10:45:48.728,1.33451,1.33458,1.50,1.50
2012.04.02 10:45:49.098,1.33447,1.33454,1.50,1.97
2012.04.02 10:45:49.385,1.33444,1.33451,1.32,1.50
2012.04.02 10:45:49.728,1.33444,1.33452,3.94,1.50
2012.04.02 10:45:50.278,1.33447,1.33453,1.50,1.88
2012.04.02 10:45:50.605,1.33445,1.33452,1.50,1.88
2012.04.02 10:45:51.119,1.33444,1.33452,3.57,2.63
2012.04.02 10:45:51.258,1.33444,1.3345,2.63,1.13
2012.04.02 10:45:51.774,1.33443,1.3345,1.50,1.13
2012.04.02 10:45:52.327,1.33442,1.3345,3.94,2.63
2012.04.02 10:45:53.198,1.33442,1.33449,2.63,2.63
2012.04.02 10:45:53.550,1.33438,1.33444,2.82,1.13
2012.04.02 10:45:54.408,1.33441,1.33445,1.50,1.13
2012.04.02 10:45:54.483,1.33441,1.33448,1.50,4.88
2012.04.02 10:45:55.108,1.33443,1.33448,1.50,1.13
2012.04.02 10:45:55.658,1.33445,1.33453,4.50,2.25
2012.04.02 10:45:55.739,1.33449,1.33454,1.50,1.50
2012.04.02 10:45:55.877,1.33446,1.33454,3.00,1.50
2012.04.02 10:45:56.428,1.33446,1.33454,3.00,1.50
2012.04.02 10:45:56.957,1.33446,1.33455,3.75,2.63
2012.04.02 10:45:58.117,1.33446,1.33455,3.75,1.88
2012.04.02 10:45:59.206,1.33446,1.33455,3.00,2.63
2012.04.02 10:45:59.569,1.33451,1.33457,1.50,1.50
2012.04.02 10:46:00.246,1.3345,1.33458,2.63,4.73
2012.04.02 10:46:00.606,1.33455,1.33461,5.07,5.25
2012.04.02 10:46:00.831,1.33455,1.33461,2.25,3.75
2012.04.02 10:46:00.990,1.33459,1.33466,1.50,1.50
2012.04.02 10:46:01.525,1.33459,1.33467,3.00,3.00
2012.04.02 10:46:02.013,1.33463,1.33467,1.13,1.13
2012.04.02 10:46:02.089,1.33461,1.33467,1.88,1.13
2012.04.02 10:46:02.233,1.33461,1.33469,3.57,2.25
2012.04.02 10:46:02.658,1.33461,1.33468,3.75,2.63
2012.04.02 10:46:02.731,1.33461,1.33467,3.00,1.50
2012.04.02 10:46:02.884,1.33458,1.33462,3.75,1.13
2012.04.02 10:46:03.164,1.33458,1.33462,3.00,1.13
2012.04.02 10:46:03.610,1.33457,1.33462,1.13,1.13
2012.04.02 10:46:04.407,1.33457,1.33461,1.13,1.13
2012.04.02 10:46:04.936,1.33456,1.33461,3.75,1.13
2012.04.02 10:46:05.938,1.33456,1.33462,3.00,1.88
2012.04.02 10:46:06.147,1.33456,1.33462,1.50,4.13
2012.04.02 10:46:06.224,1.33456,1.33462,1.50,3.38
2012.04.02 10:46:06.296,1.33456,1.33462,1.50,3.38
2012.04.02 10:46:07.495,1.33455,1.33463,3.00,1.50
2012.04.02 10:46:08.043,1.33457,1.33464,1.50,1.88
2012.04.02 10:46:08.395,1.33455,1.33463,3.00,1.50
2012.04.02 10:46:08.940,1.33456,1.33463,1.50,1.50
2012.04.02 10:46:10.525,1.33457,1.33463,1.50,1.13
2012.04.02 10:46:10.669,1.33457,1.33465,4.13,1.88
2012.04.02 10:46:11.031,1.3346,1.33467,1.50,2.63
2012.04.02 10:46:11.388,1.33464,1.3347,1.13,2.63
2012.04.02 10:46:11.470,1.33464,1.3347,1.13,1.50
2012.04.02 10:46:12.315,1.33464,1.33471,1.13,1.88
2012.04.02 10:46:13.030,1.33464,1.33472,1.88,1.88
2012.04.02 10:46:13.252,1.33464,1.33472,3.38,1.50
2012.04.02 10:46:13.752,1.33461,1.33469,3.00,3.00
2012.04.02 10:46:14.065,1.3346,1.33467,2.82,2.25
2012.04.02 10:46:14.151,1.33459,1.33466,2.82,2.25
2012.04.02 10:46:17.666,1.33458,1.33465,1.88,2.25
2012.04.02 10:46:21.397,1.33458,1.33465,1.50,1.50
2012.04.02 10:46:21.958,1.3346,1.33467,1.13,2.25
2012.04.02 10:46:22.183,1.33464,1.33469,1.13,3.00
2012.04.02 10:46:22.262,1.33464,1.3347,1.13,4.13
2012.04.02 10:46:22.825,1.33464,1.33471,1.13,2.25
2012.04.02 10:46:27.725,1.33464,1.3347,1.13,1.50
2012.04.02 10:46:28.216,1.33464,1.33472,1.13,5.85
2012.04.02 10:46:28.284,1.33462,1.3347,4.13,1.13
2012.04.02 10:46:28.636,1.33462,1.3347,3.38,6.19
2012.04.02 10:46:29.207,1.33459,1.33465,1.50,1.50
2012.04.02 10:46:29.887,1.33459,1.33466,2.25,1.88
2012.04.02 10:46:30.745,1.33459,1.33464,1.50,1.13
2012.04.02 10:46:31.279,1.33452,1.33459,3.19,1.88
2012.04.02 10:46:31.376,1.33451,1.33459,3.38,1.88
2012.04.02 10:46:31.920,1.33451,1.33458,3.38,1.50
2012.04.02 10:46:32.135,1.33451,1.33459,3.38,1.88
2012.04.02 10:46:32.665,1.33451,1.33459,3.38,4.13
2012.04.02 10:46:33.226,1.33451,1.33458,1.13,2.25
2012.04.02 10:46:33.753,1.33451,1.33458,1.13,3.00
2012.04.02 10:46:34.276,1.33451,1.33458,1.13,3.00
2012.04.02 10:46:35.524,1.33451,1.33458,1.13,2.25
2012.04.02 10:46:35.600,1.33454,1.33458,1.13,2.25
2012.04.02 10:46:36.058,1.33456,1.33462,1.13,3.75
2012.04.02 10:46:39.067,1.33456,1.33464,2.25,3.38
2012.04.02 10:46:39.662,1.33456,1.33464,3.00,5.63
2012.04.02 10:46:40.733,1.33456,1.33464,3.75,4.13
2012.04.02 10:46:40.811,1.33459,1.33464,1.13,1.50
2012.04.02 10:46:41.030,1.33459,1.33466,2.63,1.50
2012.04.02 10:46:41.531,1.33459,1.33467,4.13,2.25
2012.04.02 10:46:42.216,1.33462,1.33468,1.13,1.88
2012.04.02 10:46:42.429,1.33462,1.33469,1.13,1.69
2012.04.02 10:46:42.847,1.33461,1.33468,3.38,1.50
2012.04.02 10:46:43.220,1.33459,1.33465,1.50,2.07
2012.04.02 10:46:43.655,1.33455,1.33463,1.50,1.13
2012.04.02 10:46:43.732,1.33455,1.33463,1.50,1.88
2012.04.02 10:46:43.880,1.33454,1.33463,4.13,1.88
2012.04.02 10:46:43.956,1.33457,1.33463,1.50,1.88
2012.04.02 10:46:45.010,1.33457,1.33463,1.50,1.13
2012.04.02 10:46:45.395,1.33459,1.33466,1.13,3.38
2012.04.02 10:46:45.548,1.33462,1.33466,1.50,1.50
2012.04.02 10:46:46.193,1.33464,1.33469,1.50,1.69
2012.04.02 10:46:46.745,1.33462,1.33468,2.44,1.50
2012.04.02 10:46:47.355,1.33464,1.33469,1.50,1.50
2012.04.02 10:46:48.814,1.33464,1.3347,1.50,1.88
2012.04.02 10:46:49.168,1.33466,1.33471,1.50,1.88
2012.04.02 10:46:49.708,1.33466,1.33472,1.50,1.13
2012.04.02 10:46:50.016,1.33466,1.33473,1.50,2.63
2012.04.02 10:46:51.104,1.33466,1.33473,2.25,1.50
2012.04.02 10:46:51.174,1.33463,1.33467,1.50,1.50
2012.04.02 10:46:51.833,1.33464,1.33471,1.88,1.50
2012.04.02 10:46:52.960,1.33469,1.33473,1.13,1.50
2012.04.02 10:46:53.177,1.33469,1.33476,1.13,3.75
2012.04.02 10:46:54.321,1.3347,1.33476,1.20,1.50
2012.04.02 10:46:54.796,1.33471,1.33476,1.88,1.50
2012.04.02 10:46:54.913,1.33469,1.3348,1.50,1.50
2012.04.02 10:46:55.274,1.33471,1.33479,1.50,2.25
2012.04.02 10:46:55.562,1.33473,1.33479,3.38,1.50
2012.04.02 10:46:55.641,1.33473,1.3348,3.38,1.50
2012.04.02 10:46:56.133,1.3348,1.33486,3.38,1.50
2012.04.02 10:46:56.686,1.3348,1.33487,3.38,1.50
2012.04.02 10:46:56.900,1.33479,1.33486,2.63,2.07
2012.04.02 10:46:57.318,1.33478,1.33484,1.88,1.50
2012.04.02 10:46:57.667,1.33478,1.33487,2.82,2.63
2012.04.02 10:46:58.184,1.33478,1.33487,2.82,1.88
2012.04.02 10:46:59.110,1.33479,1.33488,3.75,4.35
2012.04.02 10:46:59.645,1.33479,1.33486,2.25,1.13
2012.04.02 10:47:00.234,1.33477,1.33486,3.75,1.50
2012.04.02 10:47:00.307,1.33478,1.33486,2.82,1.65
2012.04.02 10:47:00.377,1.33478,1.33486,2.07,1.84
2012.04.02 10:47:00.527,1.33477,1.33484,3.00,1.88
2012.04.02 10:47:01.082,1.33476,1.33488,2.25,2.63
2012.04.02 10:47:01.637,1.33476,1.33484,2.25,6.23
2012.04.02 10:47:03.764,1.33476,1.33484,3.00,5.85
2012.04.02 10:47:04.151,1.3348,1.33486,1.50,1.88
2012.04.02 10:47:04.373,1.33478,1.33486,2.25,1.50
2012.04.02 10:47:04.707,1.3348,1.33487,1.50,3.00
2012.04.02 10:47:05.266,1.3348,1.33487,1.50,1.88
2012.04.02 10:47:07.477,1.33479,1.33486,2.25,1.73
2012.04.02 10:47:08.096,1.33479,1.33487,3.38,2.25
2012.04.02 10:47:09.303,1.3348,1.33489,2.25,3.19
2012.04.02 10:47:09.823,1.3348,1.33489,1.50,3.38
2012.04.02 10:47:11.035,1.33483,1.33489,3.75,3.38
2012.04.02 10:47:11.499,1.33488,1.33492,1.88,1.50
2012.04.02 10:47:11.661,1.3349,1.33496,1.50,4.32
2012.04.02 10:47:11.738,1.33488,1.33496,3.38,4.32
2012.04.02 10:47:12.128,1.33488,1.33496,4.13,2.63
2012.04.02 10:47:14.164,1.33489,1.33496,1.13,1.50
2012.04.02 10:47:14.681,1.3349,1.33497,1.50,3.38
2012.04.02 10:47:15.867,1.33489,1.33497,1.88,3.38
2012.04.02 10:47:16.789,1.33489,1.33496,1.50,1.88
2012.04.02 10:47:17.332,1.33489,1.33496,1.50,1.88
2012.04.02 10:47:19.681,1.33488,1.33496,2.63,3.38
2012.04.02 10:47:20.492,1.33489,1.33496,1.50,1.88
2012.04.02 10:47:23.551,1.33487,1.33492,3.00,1.13
2012.04.02 10:47:23.882,1.33483,1.33487,5.25,1.13
2012.04.02 10:47:24.004,1.33476,1.3348,2.25,1.50
2012.04.02 10:47:24.108,1.3347,1.33474,5.29,1.13
2012.04.02 10:47:24.345,1.33471,1.33477,1.43,1.50
2012.04.02 10:47:25.151,1.33466,1.33471,3.30,1.13
2012.04.02 10:47:25.247,1.33464,1.33469,2.18,1.35
2012.04.02 10:47:25.800,1.33462,1.33468,1.43,1.88
2012.04.02 10:47:25.945,1.33461,1.33468,1.50,1.88
2012.04.02 10:47:26.015,1.33461,1.33468,1.50,1.88
2012.04.02 10:47:26.505,1.33462,1.33468,1.43,1.88
2012.04.02 10:47:26.644,1.3346,1.33468,2.18,3.38
2012.04.02 10:47:27.181,1.33461,1.33468,1.43,1.88
2012.04.02 10:47:27.456,1.33461,1.33466,1.43,1.13
2012.04.02 10:47:27.806,1.33459,1.33466,2.93,1.88
2012.04.02 10:47:27.877,1.33459,1.33466,2.93,1.88
2012.04.02 10:47:28.837,1.33459,1.33466,2.93,1.13
2012.04.02 10:47:29.185,1.33459,1.33466,3.00,1.13
2012.04.02 10:47:29.608,1.33462,1.3347,1.50,2.25
2012.04.02 10:47:29.903,1.33465,1.3347,1.88,1.50
2012.04.02 10:47:30.262,1.33469,1.33477,1.13,3.38
2012.04.02 10:47:30.338,1.33469,1.33477,1.88,3.38
2012.04.02 10:47:30.766,1.33473,1.33478,1.88,1.13
2012.04.02 10:47:31.125,1.33477,1.33482,1.50,2.82
2012.04.02 10:47:31.210,1.33474,1.33482,4.13,3.57
2012.04.02 10:47:31.292,1.33474,1.3348,2.25,1.88
2012.04.02 10:47:31.378,1.33474,1.3348,1.50,2.63
2012.04.02 10:47:31.461,1.33471,1.33478,1.50,1.88
2012.04.02 10:47:31.614,1.3347,1.33476,2.25,1.88
2012.04.02 10:47:31.823,1.33468,1.33473,3.00,1.13
2012.04.02 10:47:32.177,1.33465,1.33471,2.25,1.50
2012.04.02 10:47:32.248,1.33465,1.33473,3.75,2.63
2012.04.02 10:47:32.323,1.33466,1.33473,1.50,2.63
2012.04.02 10:47:32.949,1.33465,1.33473,3.00,3.38
2012.04.02 10:47:33.422,1.33466,1.33473,1.69,2.63
2012.04.02 10:47:33.498,1.33467,1.33473,1.50,4.13
2012.04.02 10:47:33.788,1.33465,1.33472,1.88,1.50
2012.04.02 10:47:34.065,1.33465,1.33473,1.88,6.23
2012.04.02 10:47:34.807,1.33465,1.33472,1.50,1.13
2012.04.02 10:47:35.423,1.33466,1.33473,1.54,1.50
2012.04.02 10:47:35.985,1.33469,1.33477,5.63,4.32
2012.04.02 10:47:36.582,1.33469,1.33477,4.13,2.63
2012.04.02 10:47:37.334,1.33469,1.33475,2.25,1.13
2012.04.02 10:47:37.688,1.33467,1.33474,2.25,1.88
2012.04.02 10:47:38.044,1.33466,1.33474,1.50,3.38
2012.04.02 10:47:38.911,1.33465,1.33474,1.69,4.13
2012.04.02 10:47:39.316,1.33467,1.33472,2.25,1.13
2012.04.02 10:47:39.874,1.33466,1.33472,1.13,1.13
2012.04.02 10:47:40.537,1.33466,1.33473,1.13,1.13
2012.04.02 10:47:41.583,1.33465,1.33473,4.13,1.13
2012.04.02 10:47:42.148,1.33465,1.33472,2.25,2.07
2012.04.02 10:47:42.556,1.33468,1.33472,1.13,1.69
2012.04.02 10:47:42.929,1.33469,1.33476,1.50,4.54
2012.04.02 10:47:43.446,1.33468,1.33476,1.88,4.54
2012.04.02 10:47:44.913,1.33468,1.33476,1.88,5.29
2012.04.02 10:47:45.271,1.33469,1.33476,1.50,1.88
2012.04.02 10:47:46.584,1.33468,1.33475,2.63,1.50
2012.04.02 10:47:46.996,1.33466,1.33473,2.25,3.00
2012.04.02 10:47:47.512,1.33466,1.33474,1.50,4.88
2012.04.02 10:47:47.656,1.33464,1.3347,3.00,1.13
2012.04.02 10:47:49.032,1.33463,1.33471,3.75,2.07
2012.04.02 10:47:49.566,1.33463,1.33471,3.00,2.82
2012.04.02 10:47:52.054,1.33463,1.33471,3.00,2.82
2012.04.02 10:47:52.584,1.33463,1.33471,2.25,2.82
2012.04.02 10:47:55.003,1.33462,1.33471,2.63,4.32
2012.04.02 10:47:57.332,1.33463,1.33471,2.25,3.57
2012.04.02 10:48:06.432,1.33463,1.33471,2.25,1.69
2012.04.02 10:48:07.171,1.33463,1.3347,2.25,1.13
2012.04.02 10:48:07.404,1.33463,1.33468,2.25,1.13
2012.04.02 10:48:08.289,1.3346,1.33465,2.25,1.13
2012.04.02 10:48:08.689,1.33458,1.33462,1.50,4.88
2012.04.02 10:48:08.785,1.33453,1.33459,1.50,5.29
2012.04.02 10:48:08.995,1.33451,1.33459,1.50,3.19
2012.04.02 10:48:09.337,1.3345,1.33459,3.00,4.32
2012.04.02 10:48:10.097,1.3345,1.33458,3.00,1.50
2012.04.02 10:48:11.621,1.3345,1.33455,2.25,1.13
2012.04.02 10:48:11.993,1.33447,1.33454,2.63,1.13
2012.04.02 10:48:12.553,1.33447,1.33454,1.50,1.13
2012.04.02 10:48:13.129,1.33447,1.33454,2.25,1.13
2012.04.02 10:48:17.084,1.33447,1.33454,1.50,1.13
2012.04.02 10:48:17.226,1.33445,1.33449,1.13,1.69
2012.04.02 10:48:17.603,1.33443,1.33449,2.70,1.50
2012.04.02 10:48:17.967,1.33443,1.33447,1.50,1.50
2012.04.02 10:48:18.421,1.33441,1.33448,1.50,1.13
2012.04.02 10:48:18.528,1.33435,1.33441,1.50,1.13
2012.04.02 10:48:18.601,1.33435,1.33443,1.50,1.50
2012.04.02 10:48:18.679,1.33436,1.33443,3.00,1.88
2012.04.02 10:48:19.035,1.33436,1.33442,3.00,1.50
2012.04.02 10:48:19.185,1.33436,1.33442,1.13,1.13
2012.04.02 10:48:19.736,1.33436,1.33442,1.13,3.75
2012.04.02 10:48:20.342,1.33436,1.33442,1.88,1.13
2012.04.02 10:48:21.554,1.33436,1.33443,3.38,1.13
2012.04.02 10:48:22.104,1.33437,1.33443,1.50,1.13
2012.04.02 10:48:23.618,1.33439,1.33443,1.50,1.13
2012.04.02 10:48:25.274,1.33439,1.33446,1.50,3.00
2012.04.02 10:48:25.843,1.33441,1.33447,1.50,1.13
2012.04.02 10:48:26.203,1.33435,1.3344,3.38,1.13
2012.04.02 10:48:26.771,1.33433,1.3344,1.88,1.13
2012.04.02 10:48:26.848,1.33432,1.33438,3.94,1.13
2012.04.02 10:48:27.335,1.33432,1.33436,2.44,1.13
2012.04.02 10:48:27.767,1.33428,1.33436,5.63,1.13
2012.04.02 10:48:28.985,1.3343,1.33436,1.50,1.13
2012.04.02 10:48:29.831,1.33431,1.33436,1.50,1.13
2012.04.02 10:48:30.367,1.33431,1.33437,1.50,1.13
2012.04.02 10:48:33.083,1.33429,1.33437,1.50,1.13
2012.04.02 10:48:35.435,1.33429,1.33437,1.50,1.88
2012.04.02 10:48:35.772,1.33429,1.33436,1.50,4.50
2012.04.02 10:48:36.073,1.33428,1.33435,1.50,1.88
2012.04.02 10:48:36.564,1.33431,1.33437,1.13,3.57
2012.04.02 10:48:37.033,1.33434,1.3344,1.50,2.07
2012.04.02 10:48:37.116,1.33437,1.33444,3.00,1.88
2012.04.02 10:48:37.264,1.3344,1.33446,1.50,2.82
2012.04.02 10:48:37.409,1.33438,1.33446,2.25,2.63
2012.04.02 10:48:37.971,1.33439,1.33448,3.75,3.00
2012.04.02 10:48:38.050,1.33439,1.33448,4.13,3.00
2012.04.02 10:48:38.557,1.33445,1.3345,2.25,1.50
2012.04.02 10:48:38.726,1.33446,1.33452,1.50,1.13
2012.04.02 10:48:42.216,1.33445,1.33452,2.25,1.13
2012.04.02 10:48:42.764,1.33444,1.33452,2.44,1.13
2012.04.02 10:48:43.037,1.33444,1.3345,2.44,1.13
2012.04.02 10:48:44.977,1.33444,1.33453,4.88,1.88
2012.04.02 10:48:45.051,1.33446,1.33453,1.50,1.88
2012.04.02 10:48:45.621,1.33447,1.33453,1.50,2.63
2012.04.02 10:48:45.702,1.33445,1.33449,3.94,1.88
2012.04.02 10:48:46.211,1.33444,1.33449,1.50,1.13
2012.04.02 10:48:46.301,1.3344,1.33445,1.50,1.88
2012.04.02 10:48:46.656,1.33442,1.33447,1.50,4.13
2012.04.02 10:48:46.723,1.33439,1.33447,3.75,2.63
2012.04.02 10:48:48.621,1.33439,1.33447,2.25,1.88
2012.04.02 10:48:49.183,1.33438,1.33446,4.13,3.38
2012.04.02 10:48:49.328,1.33439,1.33444,1.50,1.13
2012.04.02 10:48:49.548,1.33435,1.33444,4.69,1.13
2012.04.02 10:48:50.084,1.33436,1.33444,1.50,1.13
2012.04.02 10:48:50.293,1.33438,1.33444,1.50,1.13
2012.04.02 10:48:50.845,1.33437,1.33444,1.50,2.63
2012.04.02 10:48:53.073,1.33437,1.33444,3.94,1.13
2012.04.02 10:48:53.789,1.33437,1.33446,5.07,1.88
2012.04.02 10:48:54.144,1.3344,1.33447,1.50,1.13
2012.04.02 10:48:54.976,1.3344,1.33447,2.44,1.13
2012.04.02 10:48:55.604,1.33441,1.33448,1.50,3.00
2012.04.02 10:48:57.719,1.3344,1.33448,1.88,3.75
2012.04.02 10:48:58.074,1.33438,1.33443,1.50,1.13
2012.04.02 10:48:59.062,1.33438,1.33445,1.50,3.38
2012.04.02 10:49:04.765,1.33439,1.33444,2.25,1.13
2012.04.02 10:49:06.796,1.33438,1.33444,1.50,1.32
2012.04.02 10:49:06.946,1.33437,1.33444,2.25,1.92
2012.04.02 10:49:07.029,1.33435,1.3344,1.50,1.13
2012.04.02 10:49:07.324,1.33432,1.33438,2.25,2.07
2012.04.02 10:49:07.864,1.3343,1.33438,1.88,1.32
2012.04.02 10:49:12.725,1.33432,1.33439,1.50,1.69
2012.04.02 10:49:13.286,1.33429,1.33436,1.88,1.50
2012.04.02 10:49:15.349,1.33429,1.33435,3.38,1.13
2012.04.02 10:49:15.924,1.33429,1.33435,4.13,1.13
2012.04.02 10:49:16.290,1.33429,1.33436,3.38,3.94
2012.04.02 10:49:16.791,1.33436,1.33443,5.25,1.50
2012.04.02 10:49:17.130,1.33436,1.33443,2.63,2.63
2012.04.02 10:49:19.278,1.33436,1.33442,1.13,1.13
2012.04.02 10:49:20.132,1.33435,1.33442,3.75,1.13
2012.04.02 10:49:20.929,1.33435,1.33442,3.75,1.32
2012.04.02 10:49:25.094,1.33435,1.33443,3.75,2.63
2012.04.02 10:49:28.054,1.33435,1.33443,1.50,1.13
2012.04.02 10:49:28.653,1.33436,1.33444,3.38,2.44
2012.04.02 10:49:29.008,1.3344,1.33446,2.25,1.50
2012.04.02 10:49:29.424,1.33441,1.33448,3.38,2.44
2012.04.02 10:49:29.642,1.33444,1.33452,1.13,4.73
2012.04.02 10:49:30.227,1.33444,1.33451,1.50,1.43
2012.04.02 10:49:30.785,1.33442,1.33451,4.50,1.13
2012.04.02 10:49:33.074,1.33442,1.33451,4.50,1.13
2012.04.02 10:49:33.622,1.33444,1.33451,1.50,1.13
2012.04.02 10:49:34.605,1.33444,1.33451,1.50,1.13
2012.04.02 10:49:40.854,1.33442,1.33451,3.75,1.13
2012.04.02 10:49:41.403,1.33444,1.33451,1.50,1.13
2012.04.02 10:49:44.292,1.33443,1.33451,6.00,1.13
2012.04.02 10:49:44.433,1.33445,1.33451,1.50,1.13
2012.04.02 10:49:51.348,1.33445,1.33453,3.75,3.75
2012.04.02 10:49:51.885,1.33447,1.33454,2.25,1.88
2012.04.02 10:49:56.616,1.33447,1.33454,2.25,1.88
2012.04.02 10:49:57.296,1.33447,1.33452,2.25,1.88
2012.04.02 10:49:57.718,1.33442,1.33446,3.66,1.13
2012.04.02 10:49:57.802,1.33441,1.33446,3.19,1.13
2012.04.02 10:49:58.161,1.3344,1.33448,4.88,4.88
2012.04.02 10:49:58.656,1.33442,1.33448,4.50,1.13
2012.04.02 10:49:59.581,1.33442,1.33449,3.00,1.88
2012.04.02 10:50:00.406,1.33442,1.33449,3.00,1.88
2012.04.02 10:50:00.539,1.33442,1.33447,2.25,1.13
2012.04.02 10:50:00.910,1.33438,1.33444,3.19,1.13
2012.04.02 10:50:01.430,1.33438,1.33444,3.19,1.13
2012.04.02 10:50:02.905,1.33438,1.33444,2.25,1.88
2012.04.02 10:50:03.411,1.33438,1.33444,2.25,1.88
2012.04.02 10:50:04.948,1.33439,1.33446,1.50,2.85
2012.04.02 10:50:05.021,1.33441,1.33446,2.25,1.35
2012.04.02 10:50:05.795,1.33441,1.33449,2.25,4.13
2012.04.02 10:50:05.882,1.33443,1.33449,3.00,1.88
2012.04.02 10:50:06.242,1.33447,1.33452,1.32,1.50
2012.04.02 10:50:06.811,1.33446,1.33453,2.44,1.50
2012.04.02 10:50:07.165,1.33446,1.33452,2.25,1.50
2012.04.02 10:50:07.796,1.33446,1.33451,2.25,1.50
2012.04.02 10:50:08.405,1.33446,1.33452,2.25,1.50
2012.04.02 10:50:08.936,1.33446,1.33453,1.50,2.63
2012.04.02 10:50:09.276,1.33444,1.3345,4.88,1.13
2012.04.02 10:50:09.648,1.33446,1.3345,1.50,1.13
2012.04.02 10:50:10.122,1.33443,1.33448,2.25,1.50
2012.04.02 10:50:10.341,1.33442,1.33448,2.25,1.50
2012.04.02 10:50:10.884,1.33442,1.33448,1.50,1.50
2012.04.02 10:50:11.439,1.3344,1.33447,1.50,2.82
2012.04.02 10:50:17.114,1.3344,1.33446,3.75,1.88
2012.04.02 10:50:17.394,1.33441,1.33448,3.00,1.88
2012.04.02 10:50:17.920,1.33446,1.33451,1.50,2.25
2012.04.02 10:50:18.584,1.33448,1.33453,1.13,1.69
2012.04.02 10:50:18.737,1.33448,1.33455,1.13,3.38
2012.04.02 10:50:18.953,1.3345,1.33455,1.50,1.13
2012.04.02 10:50:19.494,1.33449,1.33456,4.13,1.50
2012.04.02 10:50:20.092,1.33449,1.33457,4.13,3.38
2012.04.02 10:50:20.518,1.33452,1.33457,1.50,1.13
2012.04.02 10:50:21.425,1.33453,1.33457,1.13,1.13
2012.04.02 10:50:21.955,1.33454,1.3346,1.13,4.69
2012.04.02 10:50:22.493,1.33454,1.33461,1.88,2.52
2012.04.02 10:50:25.765,1.33453,1.33461,1.13,4.02
2012.04.02 10:50:28.373,1.33453,1.3346,1.13,1.50
2012.04.02 10:50:29.797,1.33453,1.33461,3.00,3.19
2012.04.02 10:50:29.942,1.33456,1.33462,1.50,2.44
2012.04.02 10:50:30.338,1.33453,1.33462,4.50,2.44
2012.04.02 10:50:33.165,1.33453,1.33462,4.50,2.44
2012.04.02 10:50:33.549,1.33455,1.33463,1.88,5.25
2012.04.02 10:50:34.051,1.33457,1.33463,1.50,2.25
2012.04.02 10:50:34.546,1.33457,1.33464,2.25,2.63
2012.04.02 10:50:36.617,1.33457,1.33464,4.13,2.63
2012.04.02 10:50:42.635,1.33457,1.33464,2.63,2.63
2012.04.02 10:50:42.975,1.33455,1.33461,2.25,2.85
2012.04.02 10:50:43.063,1.33452,1.3346,1.50,1.50
2012.04.02 10:50:43.141,1.33451,1.33458,2.63,1.50
2012.04.02 10:50:43.695,1.33452,1.33459,2.25,1.50
2012.04.02 10:50:45.595,1.33452,1.33459,2.25,1.50
2012.04.02 10:50:53.374,1.33452,1.33459,2.25,2.25
2012.04.02 10:50:58.678,1.33452,1.33457,2.25,1.13
2012.04.02 10:50:59.140,1.33448,1.33455,4.50,5.25
2012.04.02 10:50:59.236,1.33442,1.33449,3.75,1.88
2012.04.02 10:50:59.777,1.33442,1.33449,3.00,1.13
2012.04.02 10:51:00.197,1.33442,1.33449,3.00,1.50
2012.04.02 10:51:01.236,1.33442,1.33448,2.25,1.50
2012.04.02 10:51:03.472,1.33442,1.33448,2.25,2.10
2012.04.02 10:51:04.997,1.33442,1.33448,2.25,2.10
2012.04.02 10:51:07.304,1.33442,1.33448,3.00,1.50
2012.04.02 10:51:07.853,1.33442,1.33448,3.00,1.50
2012.04.02 10:51:09.156,1.33442,1.33448,2.25,1.50
2012.04.02 10:51:10.474,1.33442,1.33448,2.25,1.50
2012.04.02 10:51:13.223,1.33442,1.33448,2.25,1.50
2012.04.02 10:51:13.747,1.33442,1.33448,2.25,1.50
2012.04.02 10:51:14.257,1.33442,1.33448,2.33,1.50
2012.04.02 10:51:15.144,1.33442,1.33448,2.33,1.50
2012.04.02 10:51:15.905,1.33442,1.3345,2.33,1.88
2012.04.02 10:51:16.422,1.33442,1.3345,2.33,1.88
2012.04.02 10:51:17.431,1.33442,1.3345,2.33,1.88
2012.04.02 10:51:19.154,1.33441,1.33448,1.50,1.88
2012.04.02 10:51:19.821,1.33441,1.33448,1.50,1.88
2012.04.02 10:51:24.275,1.33441,1.33449,1.50,2.44
2012.04.02 10:51:24.837,1.33441,1.33449,2.25,2.82
2012.04.02 10:51:25.576,1.33441,1.33449,3.00,2.63
2012.04.02 10:51:28.942,1.33442,1.3345,1.50,4.13
2012.04.02 10:51:29.017,1.33442,1.3345,1.50,4.13
2012.04.02 10:51:29.275,1.33442,1.3345,1.50,4.13
2012.04.02 10:51:30.337,1.3344,1.33448,1.88,1.88
2012.04.02 10:51:31.326,1.3344,1.33448,1.88,2.25
2012.04.02 10:51:35.473,1.3344,1.33448,2.82,1.88
2012.04.02 10:51:36.666,1.33441,1.33448,1.50,1.88
2012.04.02 10:51:37.005,1.33441,1.33449,1.50,1.50
2012.04.02 10:51:37.546,1.33443,1.33449,1.50,1.88
2012.04.02 10:51:38.483,1.33443,1.33449,1.50,1.50
2012.04.02 10:51:43.205,1.33443,1.33449,1.50,3.00
2012.04.02 10:51:43.479,1.33441,1.33446,2.25,1.13
2012.04.02 10:51:43.852,1.33438,1.33444,2.25,1.13
2012.04.02 10:51:44.422,1.33437,1.33444,3.75,1.69
2012.04.02 10:51:45.637,1.33437,1.33442,1.50,1.13
2012.04.02 10:51:45.705,1.33436,1.33442,2.25,1.13
2012.04.02 10:51:46.263,1.33437,1.33444,2.25,1.50
2012.04.02 10:51:46.814,1.33437,1.33444,1.50,1.50
2012.04.02 10:51:47.368,1.33437,1.33444,3.00,1.50
2012.04.02 10:51:47.779,1.33438,1.33444,3.75,1.50
2012.04.02 10:51:48.965,1.33439,1.33444,2.44,1.13
2012.04.02 10:51:49.246,1.3344,1.33446,1.50,1.13
2012.04.02 10:51:49.328,1.3344,1.33446,1.50,1.50
2012.04.02 10:51:50.621,1.33441,1.33446,3.00,1.13
2012.04.02 10:51:51.186,1.3344,1.33446,3.75,1.50
2012.04.02 10:51:51.595,1.3344,1.33446,2.25,1.50
2012.04.02 10:51:52.814,1.33442,1.33446,3.75,1.13
2012.04.02 10:51:52.968,1.33442,1.3345,7.13,3.38
2012.04.02 10:51:53.042,1.33443,1.33448,1.50,1.13
2012.04.02 10:51:53.265,1.33444,1.3345,1.50,1.13
2012.04.02 10:51:53.413,1.33444,1.33452,3.38,3.57
2012.04.02 10:51:53.820,1.33444,1.33452,1.88,3.57
2012.04.02 10:51:53.947,1.33449,1.33455,1.50,5.03
2012.04.02 10:51:54.247,1.33447,1.33455,5.25,4.05
2012.04.02 10:51:54.755,1.33447,1.33452,3.00,1.50
2012.04.02 10:51:55.107,1.33449,1.33455,1.50,1.88
2012.04.02 10:51:58.246,1.33449,1.33455,2.25,1.50
2012.04.02 10:51:58.603,1.33451,1.33458,1.50,3.38
2012.04.02 10:51:59.029,1.33451,1.33458,1.50,3.38
2012.04.02 10:51:59.583,1.33451,1.33458,1.50,1.88
2012.04.02 10:52:00.246,1.33451,1.33459,1.50,4.35
2012.04.02 10:52:00.756,1.33451,1.33457,1.50,1.50
2012.04.02 10:52:02.507,1.33451,1.33457,1.50,1.13
2012.04.02 10:52:03.819,1.33451,1.33457,1.50,1.50
2012.04.02 10:52:04.572,1.33451,1.33457,1.50,1.13
2012.04.02 10:52:05.367,1.33451,1.33457,1.50,2.25
2012.04.02 10:52:10.253,1.33451,1.33457,1.50,1.50
2012.04.02 10:52:10.763,1.33451,1.33457,1.50,1.13
2012.04.02 10:52:13.147,1.33451,1.33457,1.50,2.25
2012.04.02 10:52:16.607,1.33451,1.33457,1.50,3.00
2012.04.02 10:52:17.642,1.33451,1.33457,1.50,2.63
2012.04.02 10:52:20.338,1.33454,1.33459,1.50,1.13
2012.04.02 10:52:20.864,1.33451,1.33457,2.25,2.63
2012.04.02 10:52:21.498,1.33448,1.33454,1.13,1.88
2012.04.02 10:52:21.715,1.33445,1.33453,4.50,2.25
2012.04.02 10:52:21.925,1.33445,1.33453,3.00,2.63
2012.04.02 10:52:22.431,1.33446,1.33453,1.88,1.50
2012.04.02 10:52:22.759,1.33451,1.33456,1.50,1.69
2012.04.02 10:52:23.228,1.3345,1.33454,1.50,1.50
2012.04.02 10:52:24.835,1.33451,1.33455,1.50,1.50
2012.04.02 10:52:32.293,1.3345,1.33455,1.50,1.50
2012.04.02 10:52:32.824,1.33448,1.33452,1.50,1.13
2012.04.02 10:52:32.933,1.33444,1.3345,1.50,3.60
2012.04.02 10:52:33.025,1.33441,1.33447,1.50,1.50
2012.04.02 10:52:33.099,1.33441,1.33447,3.75,1.88
2012.04.02 10:52:33.180,1.33441,1.33447,2.25,1.88
2012.04.02 10:52:33.735,1.33441,1.33447,2.25,1.88
2012.04.02 10:52:34.277,1.33442,1.33447,1.50,1.50
2012.04.02 10:52:34.663,1.33437,1.33442,1.13,1.50
2012.04.02 10:52:34.750,1.33437,1.33442,1.50,1.50
2012.04.02 10:52:34.834,1.33434,1.33442,5.44,1.50
2012.04.02 10:52:34.908,1.33434,1.33442,3.00,1.50
2012.04.02 10:52:35.052,1.33435,1.33443,2.82,2.33
2012.04.02 10:52:35.224,1.33439,1.33445,1.50,4.58
2012.04.02 10:52:35.301,1.33439,1.33445,1.50,3.00
2012.04.02 10:52:38.134,1.33439,1.33445,1.50,2.89
2012.04.02 10:52:38.906,1.33437,1.33443,4.50,2.10
2012.04.02 10:52:39.115,1.33437,1.33443,2.25,2.48
2012.04.02 10:52:39.448,1.33439,1.33444,1.50,1.13
2012.04.02 10:52:41.554,1.33439,1.33443,1.50,1.13
2012.04.02 10:52:43.019,1.33439,1.33444,1.50,1.13
2012.04.02 10:52:48.543,1.33439,1.33445,2.25,2.85
2012.04.02 10:52:49.652,1.33439,1.33444,1.50,1.88
2012.04.02 10:52:50.014,1.33438,1.33443,1.50,1.13
2012.04.02 10:52:50.545,1.33438,1.33444,1.50,3.38
2012.04.02 10:52:51.086,1.33438,1.33442,1.50,1.13
2012.04.02 10:52:54.334,1.33436,1.33442,1.50,1.69
2012.04.02 10:52:56.472,1.33436,1.33441,1.50,2.07
2012.04.02 10:52:56.624,1.33435,1.3344,1.50,3.19
2012.04.02 10:52:57.048,1.33433,1.33438,1.50,2.70
2012.04.02 10:52:57.341,1.33426,1.33433,1.88,2.25
2012.04.02 10:52:57.912,1.33427,1.33433,1.50,1.65
2012.04.02 10:52:57.998,1.33427,1.33434,3.00,1.88
2012.04.02 10:52:59.068,1.33427,1.33432,3.75,1.13
2012.04.02 10:52:59.571,1.33428,1.33432,1.50,1.65
2012.04.02 10:53:00.085,1.33425,1.33431,3.00,1.88
2012.04.02 10:53:01.369,1.33425,1.3343,2.25,1.13
2012.04.02 10:53:01.524,1.33424,1.3343,1.50,1.13
2012.04.02 10:53:01.604,1.33424,1.3343,1.50,2.93
2012.04.02 10:53:02.185,1.33423,1.33428,2.25,2.03
2012.04.02 10:53:02.496,1.33422,1.33427,3.23,1.13
2012.04.02 10:53:02.854,1.33422,1.33426,2.25,1.32
2012.04.02 10:53:02.934,1.33421,1.33425,1.50,1.32
2012.04.02 10:53:03.150,1.33418,1.33425,1.50,2.22
2012.04.02 10:53:03.568,1.33418,1.33424,2.25,1.13
2012.04.02 10:53:04.531,1.33417,1.33424,1.50,1.13
2012.04.02 10:53:05.610,1.3341,1.33417,1.50,1.13
2012.04.02 10:53:05.974,1.334,1.33413,3.00,2.03
2012.04.02 10:53:06.277,1.33405,1.33414,2.63,7.69
2012.04.02 10:53:06.353,1.33406,1.33414,1.50,5.07
2012.04.02 10:53:07.019,1.33405,1.33414,1.88,4.84
2012.04.02 10:53:07.577,1.33405,1.33414,1.88,3.94
2012.04.02 10:53:08.005,1.33404,1.33412,4.13,1.28
2012.04.02 10:53:08.431,1.33404,1.33412,3.38,1.80
2012.04.02 10:53:08.658,1.33397,1.33406,1.50,1.50
2012.04.02 10:53:08.998,1.33403,1.33408,1.13,2.40
2012.04.02 10:53:09.141,1.33403,1.3341,1.88,1.50
2012.04.02 10:53:09.295,1.33407,1.33412,1.13,1.13
2012.04.02 10:53:09.439,1.33407,1.33413,1.88,1.13
2012.04.02 10:53:09.941,1.33407,1.33414,1.88,2.48
2012.04.02 10:53:10.518,1.33406,1.33414,3.00,2.48
2012.04.02 10:53:11.211,1.33409,1.33416,1.50,4.28
2012.04.02 10:53:11.881,1.33409,1.33416,1.50,1.13
2012.04.02 10:53:12.521,1.3341,1.33416,2.25,1.13
2012.04.02 10:53:12.601,1.33412,1.33419,4.50,1.88
2012.04.02 10:53:12.906,1.33416,1.33421,1.32,1.50
2012.04.02 10:53:13.189,1.3342,1.33424,1.50,2.25
2012.04.02 10:53:13.646,1.33419,1.33427,6.57,3.75
2012.04.02 10:53:14.197,1.33421,1.33427,1.50,2.25
2012.04.02 10:53:15.118,1.33421,1.33427,1.50,3.75
2012.04.02 10:53:15.190,1.33418,1.33423,2.44,1.13
2012.04.02 10:53:15.339,1.33417,1.33423,1.50,1.13
2012.04.02 10:53:15.890,1.33418,1.33423,1.50,1.13
2012.04.02 10:53:16.174,1.33415,1.33423,3.38,1.28
2012.04.02 10:53:16.463,1.33412,1.33417,2.25,1.13
2012.04.02 10:53:16.543,1.3341,1.33417,1.50,2.63
2012.04.02 10:53:17.095,1.33411,1.33417,1.50,1.13
2012.04.02 10:53:17.378,1.33413,1.33417,1.88,1.13
2012.04.02 10:53:17.813,1.33416,1.33422,1.13,3.00
2012.04.02 10:53:17.901,1.33416,1.33423,1.13,2.25
2012.04.02 10:53:18.122,1.33417,1.33424,3.00,4.88
2012.04.02 10:53:18.340,1.33419,1.33425,2.25,1.88
2012.04.02 10:53:18.694,1.33422,1.33427,1.50,2.25
2012.04.02 10:53:18.904,1.3342,1.33428,2.25,3.94
2012.04.02 10:53:19.449,1.3342,1.33426,2.25,1.13
2012.04.02 10:53:20.375,1.3342,1.33424,1.50,1.50
2012.04.02 10:53:20.727,1.33413,1.3342,4.13,1.20
2012.04.02 10:53:21.142,1.33415,1.3342,1.50,1.58
2012.04.02 10:53:21.218,1.33413,1.3342,2.63,1.58
2012.04.02 10:53:22.563,1.33416,1.33422,1.13,1.54
2012.04.02 10:53:22.638,1.33416,1.33422,1.13,2.33
2012.04.02 10:53:23.400,1.33415,1.3342,1.50,1.13
2012.04.02 10:53:23.751,1.33413,1.3342,1.88,3.60
2012.04.02 10:53:24.243,1.33412,1.33418,1.13,1.50
2012.04.02 10:53:24.673,1.33404,1.33416,1.13,1.58
2012.04.02 10:53:25.257,1.33404,1.3341,1.13,1.95
2012.04.02 10:53:25.345,1.33403,1.3341,3.00,1.20
2012.04.02 10:53:25.885,1.33405,1.33411,1.50,1.13
2012.04.02 10:53:26.324,1.33405,1.33413,3.75,2.25
2012.04.02 10:53:26.613,1.33406,1.33415,1.50,4.92
2012.04.02 10:53:26.979,1.33408,1.33416,2.25,1.35
2012.04.02 10:53:27.271,1.33407,1.33413,2.63,1.20
2012.04.02 10:53:27.349,1.33407,1.33413,1.50,2.33
2012.04.02 10:53:27.429,1.33405,1.33413,2.63,2.33
2012.04.02 10:53:27.721,1.33404,1.3341,2.25,1.20
2012.04.02 10:53:28.980,1.33404,1.33411,2.25,3.08
2012.04.02 10:53:29.061,1.33404,1.33411,2.25,3.08
2012.04.02 10:53:29.195,1.33404,1.3341,2.25,1.35
2012.04.02 10:53:29.406,1.33404,1.3341,1.50,1.95
2012.04.02 10:53:29.617,1.33404,1.3341,1.50,1.35
2012.04.02 10:53:30.834,1.33404,1.3341,1.50,1.95
2012.04.02 10:53:31.298,1.33397,1.33411,2.25,4.20
2012.04.02 10:53:32.164,1.33397,1.33411,3.00,2.25
2012.04.02 10:53:33.066,1.33397,1.33411,3.00,2.85
2012.04.02 10:53:33.597,1.33404,1.33411,2.25,2.25
2012.04.02 10:53:35.056,1.33403,1.33411,3.38,3.75
2012.04.02 10:53:35.129,1.33403,1.33411,3.38,3.75
2012.04.02 10:53:35.696,1.33405,1.33413,3.38,4.17
2012.04.02 10:53:36.233,1.33405,1.33413,1.88,2.63
2012.04.02 10:53:37.490,1.33403,1.33411,1.88,1.88
2012.04.02 10:53:38.393,1.33403,1.33411,1.88,4.13
2012.04.02 10:53:44.003,1.33402,1.33409,1.50,1.50
2012.04.02 10:53:46.884,1.33403,1.3341,4.50,1.50
2012.04.02 10:53:47.178,1.33403,1.3341,2.25,2.63
2012.04.02 10:53:48.419,1.33403,1.33408,1.50,1.13
2012.04.02 10:53:48.564,1.33401,1.33408,3.38,2.63
2012.04.02 10:53:49.187,1.33402,1.33408,1.50,1.88
2012.04.02 10:53:51.245,1.33401,1.33409,2.63,4.88
2012.04.02 10:53:51.765,1.33402,1.33409,1.50,1.88
2012.04.02 10:53:52.516,1.33401,1.33409,2.63,4.13
2012.04.02 10:53:54.415,1.33403,1.33409,1.50,1.50
2012.04.02 10:53:55.105,1.33401,1.33409,1.50,3.00
2012.04.02 10:53:55.758,1.33401,1.33408,1.50,1.50
2012.04.02 10:53:55.899,1.33401,1.33405,1.50,1.13
2012.04.02 10:53:56.131,1.33394,1.33405,1.88,6.38
2012.04.02 10:53:56.210,1.33396,1.33404,1.69,4.13
2012.04.02 10:53:56.702,1.33388,1.33399,1.88,1.13
2012.04.02 10:53:56.804,1.33385,1.33397,2.25,3.19
2012.04.02 10:53:57.025,1.3339,1.33397,3.38,1.88
2012.04.02 10:53:57.114,1.33389,1.33397,2.25,1.88
2012.04.02 10:53:57.203,1.3339,1.33398,1.88,4.50
2012.04.02 10:53:57.830,1.3339,1.33398,1.13,3.75
2012.04.02 10:53:58.374,1.3339,1.33397,1.13,1.50
2012.04.02 10:53:58.849,1.33388,1.33398,2.74,3.60
2012.04.02 10:53:59.140,1.33388,1.33394,1.13,1.50
2012.04.02 10:53:59.737,1.33388,1.33394,1.13,1.50
2012.04.02 10:54:00.244,1.33389,1.33396,2.18,2.82
2012.04.02 10:54:01.017,1.3339,1.33397,1.43,4.50
2012.04.02 10:54:02.804,1.33381,1.33395,2.25,2.63
2012.04.02 10:54:02.881,1.3339,1.33395,3.00,3.23
2012.04.02 10:54:02.958,1.3338,1.33391,1.88,2.25
2012.04.02 10:54:03.172,1.33382,1.33389,3.00,2.10
2012.04.02 10:54:03.319,1.33384,1.33389,1.50,3.38
2012.04.02 10:54:03.400,1.33382,1.33388,1.50,1.35
2012.04.02 10:54:03.958,1.33381,1.33387,1.43,1.13
2012.04.02 10:54:04.505,1.33379,1.33387,2.18,1.50
2012.04.02 10:54:05.140,1.33379,1.33387,1.43,2.63
2012.04.02 10:54:05.219,1.33379,1.33387,2.18,4.13
2012.04.02 10:54:05.693,1.33377,1.33382,3.75,1.54
2012.04.02 10:54:06.200,1.33373,1.3338,2.18,1.13
2012.04.02 10:54:06.342,1.33375,1.3338,3.75,1.88
2012.04.02 10:54:06.489,1.33373,1.3338,1.43,3.00
2012.04.02 10:54:06.997,1.33375,1.33382,2.18,6.00
2012.04.02 10:54:07.365,1.33379,1.33386,1.13,3.00
2012.04.02 10:54:07.446,1.33382,1.33386,1.43,1.50
2012.04.02 10:54:07.520,1.3338,1.33387,2.18,1.88
2012.04.02 10:54:08.073,1.33379,1.33387,2.63,3.38
2012.04.02 10:54:08.549,1.33378,1.33386,2.93,3.38
2012.04.02 10:54:09.202,1.33378,1.33385,1.50,1.50
2012.04.02 10:54:09.536,1.33379,1.33386,2.25,1.88
2012.04.02 10:54:11.496,1.33379,1.33386,2.25,5.48
2012.04.02 10:54:11.655,1.33376,1.33384,2.25,1.69
2012.04.02 10:54:12.028,1.33376,1.33384,1.13,2.82
2012.04.02 10:54:12.242,1.33374,1.33383,6.23,1.50
2012.04.02 10:54:12.795,1.33375,1.33384,2.25,2.82
2012.04.02 10:54:15.173,1.33375,1.33382,2.25,1.88
2012.04.02 10:54:15.609,1.33374,1.33382,1.13,3.38
2012.04.02 10:54:15.701,1.33373,1.33381,2.25,3.38
2012.04.02 10:54:16.271,1.33372,1.3338,1.50,4.88
2012.04.02 10:54:19.636,1.33372,1.3338,4.13,3.94
2012.04.02 10:54:19.781,1.33373,1.3338,1.50,3.00
2012.04.02 10:54:20.073,1.33378,1.33385,1.50,1.69
2012.04.02 10:54:20.292,1.33379,1.33383,1.50,1.88
2012.04.02 10:54:20.452,1.33376,1.33383,1.50,2.82
2012.04.02 10:54:20.528,1.33374,1.33382,1.50,1.69
2012.04.02 10:54:20.982,1.33373,1.33382,3.00,6.19
2012.04.02 10:54:21.519,1.33374,1.33381,1.50,3.60
2012.04.02 10:54:22.084,1.33372,1.33381,1.50,5.85
2012.04.02 10:54:22.873,1.33371,1.33381,4.88,6.79
2012.04.02 10:54:23.403,1.33371,1.33381,4.88,6.79
2012.04.02 10:54:23.964,1.33373,1.3338,1.13,2.25
2012.04.02 10:54:25.546,1.33374,1.3338,1.50,1.50
2012.04.02 10:54:25.872,1.33373,1.33381,1.13,6.42
2012.04.02 10:54:26.709,1.33371,1.3338,3.38,2.82
2012.04.02 10:54:27.235,1.33371,1.3338,3.38,2.44
2012.04.02 10:54:27.797,1.33372,1.3338,1.13,1.69
2012.04.02 10:54:31.633,1.33372,1.33379,1.13,3.00
2012.04.02 10:54:32.164,1.33372,1.33379,1.13,2.25
2012.04.02 10:54:32.807,1.33375,1.33379,1.13,1.50
2012.04.02 10:54:33.173,1.33375,1.33382,1.13,7.13
2012.04.02 10:54:35.477,1.33375,1.33382,1.13,2.25
2012.04.02 10:54:36.785,1.33376,1.33382,1.50,1.69
2012.04.02 10:54:37.246,1.33375,1.33383,1.13,4.32
2012.04.02 10:54:37.737,1.33375,1.33383,1.13,2.63
2012.04.02 10:54:38.289,1.33377,1.33383,1.13,1.69
2012.04.02 10:54:38.932,1.33378,1.33385,1.50,2.25
2012.04.02 10:54:39.022,1.33379,1.33385,1.50,1.13
2012.04.02 10:54:39.570,1.33378,1.33385,1.50,2.63
2012.04.02 10:54:39.655,1.33378,1.33385,1.50,3.75
2012.04.02 10:54:40.008,1.33375,1.33385,3.38,5.82
2012.04.02 10:54:40.144,1.33378,1.33385,1.50,4.32
2012.04.02 10:54:41.691,1.33376,1.33381,1.50,1.13
2012.04.02 10:54:41.785,1.33373,1.33381,3.38,4.13
2012.04.02 10:54:43.430,1.33373,1.33381,3.38,2.63
2012.04.02 10:54:43.509,1.33376,1.33381,1.50,1.88
2012.04.02 10:54:44.186,1.33378,1.33383,1.50,1.88
2012.04.02 10:54:47.769,1.33378,1.33383,2.25,1.13
2012.04.02 10:54:48.271,1.33377,1.33383,1.50,3.57
2012.04.02 10:54:48.349,1.33376,1.33383,1.50,3.57
2012.04.02 10:54:48.565,1.33375,1.33382,2.63,1.69
2012.04.02 10:54:49.085,1.33376,1.33383,1.50,5.07
2012.04.02 10:54:49.564,1.33376,1.33383,1.50,2.63
2012.04.02 10:54:49.901,1.33375,1.33383,1.13,3.98
2012.04.02 10:54:50.449,1.33374,1.33381,1.50,1.73
2012.04.02 10:54:50.663,1.33365,1.3338,7.32,3.75
2012.04.02 10:54:51.208,1.33369,1.3338,5.82,4.50
2012.04.02 10:54:51.284,1.33369,1.3338,4.13,5.25
2012.04.02 10:54:51.360,1.33372,1.3338,1.50,6.75
2012.04.02 10:54:51.512,1.33372,1.3338,1.50,3.00
2012.04.02 10:54:51.590,1.33372,1.3338,1.50,3.00
2012.04.02 10:54:51.959,1.3337,1.33377,2.25,1.50
2012.04.02 10:54:52.036,1.33369,1.33377,2.18,3.00
2012.04.02 10:54:52.588,1.33367,1.33375,4.80,4.88
2012.04.02 10:54:53.102,1.33367,1.33373,2.93,1.13
2012.04.02 10:54:53.407,1.33365,1.33371,1.43,2.63
2012.04.02 10:54:53.761,1.33367,1.33374,1.50,1.13
2012.04.02 10:54:53.841,1.33368,1.33375,1.13,1.50
2012.04.02 10:54:54.395,1.33369,1.33376,2.18,3.00
2012.04.02 10:54:54.939,1.33367,1.33376,1.50,4.13
2012.04.02 10:54:55.364,1.33369,1.33376,1.13,2.63
2012.04.02 10:54:55.739,1.33375,1.3338,1.13,6.04
2012.04.02 10:54:56.091,1.33377,1.33382,1.43,1.50
2012.04.02 10:54:56.168,1.33375,1.33382,1.88,2.25
2012.04.02 10:54:56.235,1.33375,1.33382,4.05,1.50
2012.04.02 10:54:56.305,1.33375,1.33383,4.80,4.13
2012.04.02 10:54:56.944,1.33375,1.33383,4.05,3.38
2012.04.02 10:54:57.018,1.33375,1.33383,5.55,4.13
2012.04.02 10:54:57.574,1.33375,1.33383,1.88,2.82
2012.04.02 10:54:57.894,1.33376,1.33383,1.50,2.82
2012.04.02 10:54:58.297,1.33375,1.33382,1.13,1.50
2012.04.02 10:54:58.645,1.33374,1.33381,2.82,1.50
2012.04.02 10:54:59.399,1.33374,1.33381,2.44,1.13
2012.04.02 10:54:59.767,1.33377,1.33381,3.60,1.13
2012.04.02 10:54:59.842,1.33377,1.33384,4.35,1.88
2012.04.02 10:55:00.397,1.33376,1.33385,2.25,1.13
2012.04.02 10:55:00.946,1.33375,1.33385,2.25,6.19
2012.04.02 10:55:01.465,1.33375,1.33385,2.25,5.44
2012.04.02 10:55:01.538,1.33375,1.33385,3.00,6.19
2012.04.02 10:55:02.075,1.33375,1.33385,3.00,6.19
2012.04.02 10:55:02.465,1.33377,1.33385,1.50,6.75
2012.04.02 10:55:02.855,1.33374,1.33384,2.63,2.25
2012.04.02 10:55:03.000,1.33374,1.33382,2.63,1.50
2012.04.02 10:55:03.223,1.33371,1.3338,3.00,2.25
2012.04.02 10:55:03.799,1.33371,1.33378,1.50,1.13
2012.04.02 10:55:04.336,1.33371,1.33378,2.25,1.13
2012.04.02 10:55:04.865,1.33369,1.33377,3.75,2.25
2012.04.02 10:55:05.510,1.33371,1.33378,2.25,1.88
2012.04.02 10:55:06.079,1.33372,1.33378,1.50,1.13
2012.04.02 10:55:07.205,1.33371,1.33378,3.00,1.88
2012.04.02 10:55:07.736,1.33371,1.33378,1.50,2.63
2012.04.02 10:55:08.295,1.33371,1.33378,3.94,2.63
2012.04.02 10:55:08.581,1.33372,1.3338,4.32,1.50
2012.04.02 10:55:09.087,1.33372,1.3338,4.32,1.13
2012.04.02 10:55:10.931,1.33375,1.33382,1.13,2.63
2012.04.02 10:55:11.011,1.33375,1.33382,1.13,1.50
2012.04.02 10:55:11.516,1.33375,1.33383,4.13,2.82
2012.04.02 10:55:12.053,1.33377,1.33383,3.75,1.32
2012.04.02 10:55:12.138,1.33378,1.33385,3.00,3.00
2012.04.02 10:55:12.697,1.33379,1.33385,2.25,1.13
2012.04.02 10:55:13.246,1.33379,1.33385,2.25,1.13
2012.04.02 10:55:13.605,1.33381,1.33388,4.50,2.07
2012.04.02 10:55:13.910,1.33388,1.33393,1.50,2.20
2012.04.02 10:55:14.275,1.3339,1.33397,1.50,2.44
2012.04.02 10:55:15.037,1.33389,1.33395,1.50,1.13
2012.04.02 10:55:15.120,1.33386,1.33392,3.00,1.13
2012.04.02 10:55:15.270,1.33387,1.33393,2.63,1.50
2012.04.02 10:55:15.630,1.3339,1.33396,2.25,6.00
2012.04.02 10:55:15.781,1.3339,1.33396,1.50,6.75
2012.04.02 10:55:16.457,1.33389,1.33395,1.50,4.49
2012.04.02 10:55:17.066,1.33389,1.33395,1.50,3.14
2012.04.02 10:55:17.146,1.33386,1.33394,1.50,1.30
2012.04.02 10:55:17.430,1.33388,1.33395,1.50,1.88
2012.04.02 10:55:17.717,1.33388,1.33396,1.50,2.25
2012.04.02 10:55:18.275,1.33388,1.33396,1.50,2.82
2012.04.02 10:55:18.420,1.33386,1.33394,1.50,2.63
2012.04.02 10:55:18.976,1.33385,1.33393,2.44,4.13
2012.04.02 10:55:19.283,1.33385,1.33392,1.69,1.50
2012.04.02 10:55:19.433,1.33382,1.33391,2.25,1.50
2012.04.02 10:55:19.847,1.33382,1.33391,2.25,1.50
2012.04.02 10:55:19.986,1.33382,1.33391,2.25,1.50
2012.04.02 10:55:21.703,1.33382,1.3339,2.25,2.63
2012.04.02 10:55:22.254,1.33382,1.3339,4.13,1.50
2012.04.02 10:55:22.462,1.33384,1.33392,1.50,3.94
2012.04.02 10:55:22.766,1.3339,1.33397,2.44,1.13
2012.04.02 10:55:22.911,1.33393,1.33397,1.50,1.13
2012.04.02 10:55:23.472,1.33391,1.33397,1.69,1.13
2012.04.02 10:55:23.973,1.3339,1.33397,3.19,1.13
2012.04.02 10:55:24.119,1.33392,1.33399,1.69,2.63
2012.04.02 10:55:24.264,1.33392,1.33399,1.69,2.63
2012.04.02 10:55:24.806,1.33392,1.33399,1.69,1.50
2012.04.02 10:55:25.212,1.33393,1.334,3.00,3.38
2012.04.02 10:55:25.638,1.334,1.33405,2.85,3.00
2012.04.02 10:55:25.749,1.33403,1.33409,2.63,4.50
2012.04.02 10:55:25.833,1.33402,1.33409,2.25,4.13
2012.04.02 10:55:25.915,1.33401,1.33407,1.50,1.50
2012.04.02 10:55:26.129,1.33398,1.33405,5.50,2.25
2012.04.02 10:55:27.172,1.33399,1.33406,1.50,2.25
2012.04.02 10:55:29.066,1.33399,1.33405,1.50,1.13
2012.04.02 10:55:29.208,1.33397,1.33404,2.25,1.50
2012.04.02 10:55:29.425,1.33394,1.334,1.50,1.32
2012.04.02 10:55:29.930,1.33392,1.334,1.88,2.82
2012.04.02 10:55:30.467,1.33392,1.33399,1.13,1.13
2012.04.02 10:55:30.983,1.33391,1.33398,3.38,1.50
2012.04.02 10:55:31.535,1.33391,1.33399,4.13,3.00
2012.04.02 10:55:31.750,1.33393,1.33399,1.50,2.63
2012.04.02 10:55:32.080,1.33391,1.33396,1.50,1.88
2012.04.02 10:55:32.311,1.33389,1.33395,1.75,2.63
2012.04.02 10:55:32.726,1.33391,1.33395,1.50,1.88
2012.04.02 10:55:34.333,1.33391,1.33397,1.50,3.38
2012.04.02 10:55:34.483,1.33391,1.33398,1.50,1.13
2012.04.02 10:55:34.840,1.33394,1.33399,1.50,1.13
2012.04.02 10:55:35.337,1.33394,1.33399,1.50,1.13
2012.04.02 10:55:35.938,1.33394,1.334,2.63,2.63
2012.04.02 10:55:36.484,1.33394,1.334,2.63,1.88
2012.04.02 10:55:37.541,1.33392,1.33399,1.32,2.25
2012.04.02 10:55:37.901,1.33391,1.33398,1.50,2.25
2012.04.02 10:55:37.980,1.33389,1.33397,5.82,1.50
2012.04.02 10:55:38.526,1.3339,1.33397,1.50,1.88
2012.04.02 10:55:39.629,1.33393,1.33398,1.50,1.13
2012.04.02 10:55:40.130,1.33393,1.334,1.50,1.88
2012.04.02 10:55:40.351,1.33397,1.33402,1.50,4.35
2012.04.02 10:55:41.838,1.33394,1.33401,3.57,1.13
2012.04.02 10:55:42.755,1.33392,1.334,2.63,2.63
2012.04.02 10:55:42.829,1.33392,1.334,2.63,2.63
2012.04.02 10:55:43.394,1.33391,1.33398,2.25,3.38
2012.04.02 10:55:44.071,1.33392,1.33399,2.25,1.13
2012.04.02 10:55:44.361,1.33396,1.33403,1.88,2.63
2012.04.02 10:55:44.437,1.33396,1.33403,1.13,3.38
2012.04.02 10:55:44.717,1.33394,1.33401,1.50,2.25
2012.04.02 10:55:45.345,1.33393,1.33401,1.88,3.00
2012.04.02 10:55:45.550,1.33393,1.33398,1.50,1.13
2012.04.02 10:55:45.901,1.33391,1.33398,1.50,2.63
2012.04.02 10:55:46.456,1.3339,1.33396,2.25,1.13
2012.04.02 10:55:47.364,1.3339,1.33396,3.00,1.13
2012.04.02 10:55:48.567,1.33391,1.33397,1.50,1.50
2012.04.02 10:55:48.979,1.33394,1.33398,4.88,1.88
2012.04.02 10:55:49.139,1.33396,1.33401,1.88,1.50
2012.04.02 10:55:49.234,1.33398,1.33404,3.19,1.13
2012.04.02 10:55:49.602,1.33401,1.33407,2.63,1.13
2012.04.02 10:55:49.823,1.33404,1.33409,1.50,2.25
2012.04.02 10:55:50.028,1.33404,1.3341,2.25,1.88
2012.04.02 10:55:50.430,1.33404,1.33411,1.88,1.13
2012.04.02 10:55:50.930,1.33404,1.33412,2.63,1.50
2012.04.02 10:55:51.199,1.33402,1.3341,4.13,3.38
2012.04.02 10:55:51.759,1.33402,1.3341,2.63,2.63
2012.04.02 10:55:52.293,1.33401,1.33408,2.63,1.13
2012.04.02 10:55:52.658,1.334,1.33405,1.69,1.13
2012.04.02 10:55:53.547,1.33398,1.33406,7.92,1.88
2012.04.02 10:55:53.814,1.33398,1.33406,5.67,1.88
2012.04.02 10:55:54.411,1.33399,1.33406,1.50,1.88
2012.04.02 10:55:55.327,1.33406,1.33412,1.50,4.86
2012.04.02 10:55:55.409,1.33406,1.33412,1.50,4.86
2012.04.02 10:55:55.565,1.33407,1.33412,1.50,2.01
2012.04.02 10:55:55.923,1.33406,1.33412,2.25,1.50
2012.04.02 10:55:56.076,1.33404,1.33411,3.00,1.50
2012.04.02 10:55:56.587,1.33404,1.33412,1.88,3.38
2012.04.02 10:55:56.728,1.33404,1.33412,2.63,3.38
2012.04.02 10:55:56.801,1.33404,1.33412,1.88,3.38
2012.04.02 10:55:56.879,1.33404,1.33411,1.88,1.50
2012.04.02 10:55:57.252,1.33404,1.3341,1.50,1.13
2012.04.02 10:55:57.619,1.33404,1.33409,1.50,1.13
2012.04.02 10:55:57.965,1.33403,1.33408,1.50,1.13
2012.04.02 10:55:58.507,1.33402,1.33407,1.50,1.13
2012.04.02 10:56:00.621,1.334,1.33407,1.50,1.88
2012.04.02 10:56:00.765,1.334,1.33405,1.50,1.13
2012.04.02 10:56:02.666,1.33398,1.33405,1.50,1.50
2012.04.02 10:56:03.600,1.33397,1.33405,1.50,3.38
2012.04.02 10:56:03.961,1.33397,1.33404,1.88,1.13
2012.04.02 10:56:04.179,1.33392,1.33398,2.25,1.88
2012.04.02 10:56:04.596,1.33391,1.33398,3.00,1.50
2012.04.02 10:56:06.387,1.3339,1.33397,2.25,3.75
2012.04.02 10:56:06.935,1.33389,1.33397,3.00,3.75
2012.04.02 10:56:07.475,1.33391,1.33397,2.25,2.25
2012.04.02 10:56:08.007,1.33391,1.33397,2.25,2.25
2012.04.02 10:56:09.749,1.33391,1.33396,2.25,1.13
2012.04.02 10:56:12.226,1.3339,1.33397,1.50,1.88
2012.04.02 10:56:12.778,1.33391,1.33397,2.25,1.13
2012.04.02 10:56:13.314,1.3339,1.33397,2.25,2.63
2012.04.02 10:56:13.945,1.3339,1.33397,2.25,2.63
2012.04.02 10:56:14.276,1.33391,1.33399,1.50,1.88
2012.04.02 10:56:14.746,1.3339,1.334,4.50,3.00
2012.04.02 10:56:16.554,1.3339,1.33397,3.94,1.13
2012.04.02 10:56:18.916,1.33391,1.33397,1.50,3.98
2012.04.02 10:56:19.059,1.33389,1.33394,1.88,1.50
2012.04.02 10:56:19.140,1.33389,1.33397,2.63,3.38
2012.04.02 10:56:19.683,1.3339,1.33397,1.50,3.38
2012.04.02 10:56:20.349,1.3339,1.33397,3.00,1.13
2012.04.02 10:56:20.903,1.3339,1.33397,3.75,1.13
2012.04.02 10:56:25.436,1.3339,1.33397,1.50,2.63
2012.04.02 10:56:27.365,1.33393,1.33398,1.50,2.33
2012.04.02 10:56:27.578,1.33393,1.33398,2.25,1.13
2012.04.02 10:56:28.784,1.33392,1.33398,1.50,1.13
2012.04.02 10:56:29.605,1.33391,1.33398,1.50,1.13
2012.04.02 10:56:29.995,1.33391,1.334,1.13,3.57
2012.04.02 10:56:30.134,1.33393,1.334,1.50,2.07
2012.04.02 10:56:30.541,1.33391,1.33397,2.63,1.13
2012.04.02 10:56:31.107,1.33391,1.33397,1.13,1.13
2012.04.02 10:56:33.559,1.33391,1.33397,1.88,1.13
2012.04.02 10:56:33.905,1.33394,1.33399,1.50,1.13
2012.04.02 10:56:34.455,1.33393,1.33399,2.25,1.13
2012.04.02 10:56:36.005,1.33391,1.33399,4.13,3.38
2012.04.02 10:56:36.556,1.33391,1.33399,4.88,4.13
2012.04.02 10:56:36.884,1.33391,1.33399,4.88,4.13
2012.04.02 10:56:49.835,1.33396,1.33401,3.60,2.44
2012.04.02 10:56:50.059,1.33399,1.33407,2.07,1.88
2012.04.02 10:56:50.129,1.33402,1.33407,1.50,1.88
2012.04.02 10:56:50.685,1.33399,1.33407,5.07,2.82
2012.04.02 10:56:51.188,1.33399,1.33407,3.38,2.63
2012.04.02 10:56:51.665,1.33399,1.33407,1.13,4.13
2012.04.02 10:56:52.127,1.33399,1.33407,1.13,4.13
2012.04.02 10:56:52.719,1.33397,1.33407,5.82,4.13
2012.04.02 10:56:52.866,1.334,1.33407,1.50,2.63
2012.04.02 10:56:53.188,1.33402,1.33407,1.50,1.50
2012.04.02 10:56:55.420,1.334,1.33407,1.69,1.50
2012.04.02 10:56:56.596,1.33402,1.33407,1.50,1.50
2012.04.02 10:56:58.177,1.334,1.33406,2.82,1.50
2012.04.02 10:56:58.889,1.33402,1.33408,1.50,1.50
2012.04.02 10:56:58.963,1.33402,1.33409,1.50,1.88
2012.04.02 10:56:59.275,1.33402,1.33409,1.50,1.88
2012.04.02 10:57:00.567,1.334,1.33408,2.63,2.25
2012.04.02 10:57:00.639,1.334,1.33408,2.63,3.38
2012.04.02 10:57:01.155,1.334,1.33408,2.63,4.13
2012.04.02 10:57:01.664,1.334,1.33408,2.63,3.57
2012.04.02 10:57:03.846,1.33399,1.33406,1.88,2.25
2012.04.02 10:57:04.314,1.33399,1.33407,4.13,1.13
2012.04.02 10:57:05.223,1.33399,1.33407,2.25,1.88
2012.04.02 10:57:06.186,1.33399,1.33408,3.75,1.50
2012.04.02 10:57:07.206,1.33399,1.33407,5.25,2.63
2012.04.02 10:57:07.734,1.33399,1.33407,3.38,3.57
2012.04.02 10:57:08.340,1.33399,1.33406,1.13,3.00
2012.04.02 10:57:08.938,1.33393,1.33399,3.00,2.63
2012.04.02 10:57:09.023,1.3339,1.33398,2.44,4.13
2012.04.02 10:57:09.168,1.33391,1.33399,1.50,3.38
2012.04.02 10:57:09.521,1.33392,1.334,3.75,4.13
2012.04.02 10:57:09.736,1.33393,1.334,2.25,1.50
2012.04.02 10:57:09.870,1.33393,1.33402,3.00,3.75
2012.04.02 10:57:10.761,1.33394,1.33402,1.88,1.88
2012.04.02 10:57:11.138,1.33394,1.33402,1.88,1.88
2012.04.02 10:57:12.466,1.33394,1.33403,2.63,3.57
2012.04.02 10:57:13.027,1.33396,1.33404,3.00,3.19
2012.04.02 10:57:13.878,1.33398,1.33404,1.50,2.44
2012.04.02 10:57:14.212,1.33396,1.33404,2.25,3.19
2012.04.02 10:57:15.968,1.33395,1.33402,4.13,1.50
2012.04.02 10:57:16.320,1.33395,1.33401,3.38,2.25
2012.04.02 10:57:17.587,1.33393,1.33398,1.50,1.50
2012.04.02 10:57:17.732,1.33393,1.33398,2.63,1.50
2012.04.02 10:57:17.882,1.33391,1.33396,3.75,1.50
2012.04.02 10:57:18.241,1.3339,1.33397,1.69,1.88
2012.04.02 10:57:18.326,1.3339,1.33397,1.69,1.50
2012.04.02 10:57:18.889,1.3339,1.33397,2.44,1.50
2012.04.02 10:57:19.413,1.3339,1.33397,2.44,2.63
2012.04.02 10:57:19.923,1.3339,1.33397,3.94,1.13
2012.04.02 10:57:20.546,1.3339,1.33397,3.94,1.13
2012.04.02 10:57:21.084,1.3339,1.33397,1.69,2.63
2012.04.02 10:57:21.946,1.3339,1.33399,4.13,2.44
2012.04.02 10:57:22.475,1.3339,1.334,4.13,5.82
2012.04.02 10:57:23.154,1.3339,1.334,4.13,5.82
2012.04.02 10:57:26.309,1.3339,1.33397,2.25,1.88
2012.04.02 10:57:26.660,1.33389,1.33395,1.50,1.50
2012.04.02 10:57:26.738,1.33388,1.33395,3.30,1.50
2012.04.02 10:57:27.267,1.33388,1.33395,1.50,1.50
2012.04.02 10:57:27.408,1.33388,1.33397,3.00,1.88
2012.04.02 10:57:28.596,1.33388,1.33397,3.00,2.63
2012.04.02 10:57:28.867,1.33389,1.33397,1.50,1.13
2012.04.02 10:57:29.400,1.33388,1.33397,3.75,1.13
2012.04.02 10:57:30.280,1.33388,1.33397,3.75,1.50
2012.04.02 10:57:30.649,1.33388,1.33393,2.25,1.50
2012.04.02 10:57:31.176,1.33388,1.33394,1.50,2.44
2012.04.02 10:57:31.613,1.33387,1.33394,1.88,2.44
2012.04.02 10:57:31.769,1.33387,1.33395,1.13,3.38
2012.04.02 10:57:32.187,1.33387,1.33395,1.88,4.13
2012.04.02 10:57:32.638,1.33386,1.33395,2.63,3.38
2012.04.02 10:57:32.900,1.33388,1.33395,1.50,2.63
2012.04.02 10:57:34.948,1.33386,1.33394,2.82,3.38
2012.04.02 10:57:35.855,1.33388,1.33394,1.50,1.88
2012.04.02 10:57:36.187,1.33386,1.33394,2.07,1.88
2012.04.02 10:57:37.706,1.33386,1.33393,1.13,1.13
2012.04.02 10:57:38.257,1.33385,1.33393,3.19,1.13
2012.04.02 10:57:39.624,1.33385,1.33394,3.19,2.25
2012.04.02 10:57:42.093,1.33385,1.33394,4.32,1.13
2012.04.02 10:57:42.166,1.33385,1.33394,4.32,1.13
2012.04.02 10:57:42.704,1.33386,1.33394,1.50,1.13
2012.04.02 10:57:43.794,1.33386,1.33394,1.50,1.13
2012.04.02 10:57:44.211,1.33384,1.33392,3.00,3.38
2012.04.02 10:57:44.621,1.33382,1.33391,4.75,1.13
2012.04.02 10:57:44.699,1.33381,1.33389,2.25,3.00
2012.04.02 10:57:44.863,1.3338,1.33387,1.88,1.50
2012.04.02 10:57:45.221,1.3338,1.33387,1.13,2.63
2012.04.02 10:57:45.977,1.3338,1.33387,1.88,2.63
2012.04.02 10:57:46.587,1.3338,1.33387,2.25,3.38
2012.04.02 10:57:46.959,1.33379,1.33385,1.88,1.50
2012.04.02 10:57:47.814,1.3338,1.33385,1.13,1.50
2012.04.02 10:57:50.285,1.33379,1.33386,2.25,1.13
2012.04.02 10:57:50.797,1.33379,1.33386,2.63,1.13
2012.04.02 10:57:51.390,1.33381,1.33386,1.13,1.13
2012.04.02 10:57:53.370,1.33382,1.33389,2.63,2.63
2012.04.02 10:57:53.936,1.33383,1.3339,1.50,2.82
2012.04.02 10:57:54.496,1.33382,1.3339,4.13,1.13
2012.04.02 10:57:54.786,1.33385,1.33392,1.50,3.38
2012.04.02 10:57:55.346,1.33385,1.33392,3.00,2.63
2012.04.02 10:57:55.884,1.33385,1.33392,3.00,1.88
2012.04.02 10:57:56.633,1.33384,1.33394,2.63,6.19
2012.04.02 10:57:57.184,1.33384,1.33394,4.13,7.69
2012.04.02 10:57:57.806,1.33384,1.33394,4.88,5.25
2012.04.02 10:58:00.073,1.33384,1.33392,1.88,2.44
2012.04.02 10:58:00.627,1.33383,1.33391,1.88,1.32
2012.04.02 10:58:02.242,1.33382,1.3339,3.38,1.69
2012.04.02 10:58:02.533,1.33381,1.33388,1.88,2.25
2012.04.02 10:58:03.185,1.3338,1.33388,1.13,5.25
2012.04.02 10:58:03.541,1.33383,1.33388,1.13,1.50
2012.04.02 10:58:03.693,1.33383,1.3339,1.13,2.82
2012.04.02 10:58:07.228,1.33383,1.33391,1.50,2.63
2012.04.02 10:58:11.644,1.33382,1.3339,3.38,1.13
2012.04.02 10:58:12.356,1.33382,1.33389,2.63,1.13
2012.04.02 10:58:12.641,1.33381,1.33388,1.88,4.13
2012.04.02 10:58:13.271,1.33379,1.33387,1.50,2.25
2012.04.02 10:58:13.504,1.3338,1.33388,4.50,3.38
2012.04.02 10:58:14.055,1.33381,1.33388,1.50,2.25
2012.04.02 10:58:14.957,1.33381,1.33388,1.50,1.50
2012.04.02 10:58:16.196,1.3338,1.33386,3.00,1.13
2012.04.02 10:58:16.708,1.33381,1.33386,1.13,1.50
2012.04.02 10:58:16.970,1.33381,1.33387,1.13,3.57
2012.04.02 10:58:17.513,1.33381,1.33386,1.13,1.50
2012.04.02 10:58:17.878,1.33381,1.33388,1.13,1.50
2012.04.02 10:58:18.026,1.33385,1.33389,1.13,1.88
2012.04.02 10:58:18.238,1.33385,1.33391,2.63,2.25
2012.04.02 10:58:18.780,1.33383,1.33392,3.38,2.63
2012.04.02 10:58:19.336,1.33386,1.33392,1.13,1.88
2012.04.02 10:58:19.749,1.33386,1.33393,2.63,2.63
2012.04.02 10:58:20.294,1.33386,1.33393,1.13,4.50
2012.04.02 10:58:20.808,1.33384,1.33393,3.38,4.50
2012.04.02 10:58:21.313,1.33384,1.33393,2.63,3.75
2012.04.02 10:58:29.586,1.33384,1.33392,3.00,1.50
2012.04.02 10:58:29.943,1.33386,1.33394,3.19,1.50
2012.04.02 10:58:30.106,1.33387,1.33396,3.75,2.25
2012.04.02 10:58:30.605,1.3339,1.33396,1.13,3.00
2012.04.02 10:58:36.346,1.33388,1.33394,1.88,1.69
2012.04.02 10:58:36.606,1.33388,1.33395,1.88,3.00
2012.04.02 10:58:38.087,1.33391,1.33397,4.50,2.25
2012.04.02 10:58:38.246,1.33395,1.33399,1.50,4.11
2012.04.02 10:58:38.324,1.33393,1.33399,5.25,2.10
2012.04.02 10:58:38.414,1.33391,1.33399,1.88,2.85
2012.04.02 10:58:38.557,1.33389,1.33398,4.13,1.88
2012.04.02 10:58:38.700,1.33389,1.33398,3.00,1.13
2012.04.02 10:58:41.370,1.33388,1.33396,2.63,3.00
2012.04.02 10:58:41.730,1.33386,1.33393,5.85,1.50
2012.04.02 10:58:43.211,1.33386,1.33393,7.35,1.50
2012.04.02 10:58:45.639,1.33387,1.33393,1.88,1.50
2012.04.02 10:58:45.705,1.33387,1.33396,1.88,4.50
2012.04.02 10:58:46.234,1.33388,1.33396,1.69,2.25
2012.04.02 10:58:46.609,1.33387,1.33393,2.63,1.50
2012.04.02 10:58:47.287,1.33387,1.33395,1.13,2.63
2012.04.02 10:58:47.989,1.33387,1.33395,1.88,1.88
2012.04.02 10:58:48.493,1.33387,1.33395,1.13,4.13
2012.04.02 10:58:51.283,1.33387,1.33394,1.13,3.75
2012.04.02 10:58:51.359,1.33385,1.33394,2.25,3.75
2012.04.02 10:58:51.500,1.33382,1.33391,3.75,3.38
2012.04.02 10:58:51.856,1.33382,1.33389,2.25,1.50
2012.04.02 10:58:52.002,1.33382,1.3339,1.50,4.50
2012.04.02 10:58:52.083,1.3338,1.33388,1.50,1.50
2012.04.02 10:58:52.518,1.33379,1.33385,1.50,1.50
2012.04.02 10:58:52.592,1.33379,1.33387,3.00,4.13
2012.04.02 10:58:52.803,1.33381,1.33387,1.13,2.25
2012.04.02 10:58:53.355,1.33381,1.33389,1.13,3.94
2012.04.02 10:58:53.883,1.33381,1.33389,1.88,3.94
2012.04.02 10:58:54.418,1.33381,1.33389,2.63,2.07
2012.04.02 10:58:54.887,1.33382,1.33389,1.50,1.88
2012.04.02 10:58:55.481,1.33384,1.33389,1.13,1.88
2012.04.02 10:58:55.706,1.33386,1.33392,1.13,3.00
2012.04.02 10:58:55.783,1.33384,1.33392,3.57,2.63
2012.04.02 10:58:56.068,1.33384,1.33392,2.07,2.63
2012.04.02 10:58:56.352,1.33384,1.33392,3.57,1.88
2012.04.02 10:58:56.897,1.33384,1.33392,2.82,2.63
2012.04.02 10:58:58.632,1.33386,1.33392,1.50,1.50
2012.04.02 10:58:58.782,1.33385,1.33392,1.35,3.00
2012.04.02 10:58:58.930,1.33385,1.33392,5.25,1.50
2012.04.02 10:58:59.431,1.33384,1.33392,1.50,3.38
2012.04.02 10:58:59.720,1.33386,1.33392,1.13,2.25
2012.04.02 10:59:00.549,1.33386,1.33393,1.88,3.00
2012.04.02 10:59:00.758,1.33385,1.33393,4.13,2.63
2012.04.02 10:59:02.135,1.33385,1.33393,4.88,2.63
2012.04.02 10:59:02.967,1.33385,1.33391,2.63,1.50
2012.04.02 10:59:03.896,1.33385,1.33391,1.13,1.50
2012.04.02 10:59:04.095,1.33383,1.33391,2.25,3.00
2012.04.02 10:59:04.169,1.33383,1.33391,1.50,3.57
2012.04.02 10:59:04.251,1.33381,1.33389,7.88,3.00
2012.04.02 10:59:04.400,1.33381,1.33387,4.13,1.69
2012.04.02 10:59:04.758,1.3338,1.33387,1.88,3.94
2012.04.02 10:59:05.914,1.33379,1.33387,2.25,2.44
2012.04.02 10:59:06.425,1.3338,1.33387,1.13,2.44
2012.04.02 10:59:06.956,1.33381,1.33389,1.50,4.69
2012.04.02 10:59:07.545,1.33381,1.33389,2.25,3.00
2012.04.02 10:59:08.292,1.33382,1.33389,1.13,3.75
2012.04.02 10:59:08.381,1.33379,1.33389,3.57,5.63
2012.04.02 10:59:08.924,1.33379,1.33387,3.38,2.44
2012.04.02 10:59:11.726,1.33379,1.33387,4.13,2.25
2012.04.02 10:59:12.267,1.33379,1.33387,3.75,2.25
2012.04.02 10:59:13.724,1.33379,1.33387,3.75,3.57
2012.04.02 10:59:15.359,1.33379,1.33385,1.50,1.69
2012.04.02 10:59:16.486,1.33378,1.33385,1.88,1.50
2012.04.02 10:59:17.058,1.33379,1.33387,1.50,2.07
2012.04.02 10:59:18.794,1.33379,1.33387,1.50,2.07
2012.04.02 10:59:19.996,1.33379,1.33387,3.38,1.88
2012.04.02 10:59:20.943,1.33379,1.33387,1.50,1.88
2012.04.02 10:59:21.204,1.33378,1.33387,4.13,1.88
2012.04.02 10:59:21.737,1.33378,1.33387,1.88,3.19
2012.04.02 10:59:24.829,1.33377,1.33385,1.88,5.07
2012.04.02 10:59:25.107,1.33383,1.33388,1.13,5.10
2012.04.02 10:59:25.539,1.33383,1.33393,1.88,3.90
2012.04.02 10:59:25.788,1.33383,1.33387,1.88,1.50
2012.04.02 10:59:25.872,1.33384,1.33392,1.50,3.57
2012.04.02 10:59:27.604,1.33384,1.33392,2.63,4.69
2012.04.02 10:59:28.221,1.33387,1.33392,1.13,3.75
2012.04.02 10:59:28.302,1.33387,1.33394,1.13,3.00
2012.04.02 10:59:28.815,1.33387,1.33394,1.88,1.50
2012.04.02 10:59:29.368,1.33386,1.33394,3.38,1.88
2012.04.02 10:59:29.441,1.33386,1.33394,4.13,1.88
2012.04.02 10:59:30.375,1.33386,1.33394,4.13,1.88
2012.04.02 10:59:31.377,1.33386,1.33394,4.13,2.63
2012.04.02 10:59:31.656,1.33387,1.33394,3.00,2.63
2012.04.02 10:59:32.206,1.33388,1.33393,1.50,1.73
2012.04.02 10:59:32.278,1.33385,1.33393,2.25,2.48
2012.04.02 10:59:32.820,1.33383,1.33393,4.13,6.23
2012.04.02 10:59:33.429,1.33382,1.33392,5.82,2.25
2012.04.02 10:59:33.958,1.33382,1.33391,1.50,5.85
2012.04.02 10:59:34.308,1.33379,1.33389,3.19,2.25
2012.04.02 10:59:34.665,1.33378,1.33385,1.50,3.19
2012.04.02 10:59:34.878,1.33374,1.33381,2.44,1.13
2012.04.02 10:59:35.025,1.33375,1.33383,1.13,6.00
2012.04.02 10:59:35.374,1.33376,1.33383,1.50,3.38
2012.04.02 10:59:35.846,1.33375,1.33383,3.38,5.07
2012.04.02 10:59:35.924,1.33375,1.33383,1.88,7.32
2012.04.02 10:59:36.484,1.33374,1.33381,2.63,1.69
2012.04.02 10:59:37.124,1.33375,1.33382,1.50,2.82
2012.04.02 10:59:39.207,1.33375,1.33382,2.63,1.50
2012.04.02 10:59:40.953,1.33374,1.33382,2.63,2.63
2012.04.02 10:59:41.987,1.33374,1.33382,1.50,2.07
2012.04.02 10:59:42.593,1.33374,1.33382,1.13,2.07
2012.04.02 10:59:43.549,1.33375,1.33383,1.88,6.19
2012.04.02 10:59:43.694,1.33377,1.33383,1.50,5.25
2012.04.02 10:59:44.411,1.33375,1.33381,1.50,1.32
2012.04.02 10:59:44.837,1.33374,1.33381,1.88,2.07
2012.04.02 10:59:45.510,1.33374,1.33381,2.63,2.44
2012.04.02 10:59:46.019,1.33374,1.33381,1.13,2.44
2012.04.02 10:59:46.728,1.33374,1.33381,1.50,2.44
2012.04.02 10:59:47.279,1.33375,1.3338,1.88,1.50
2012.04.02 10:59:47.348,1.33375,1.33382,3.38,2.44
2012.04.02 10:59:47.491,1.33377,1.33382,3.38,2.25
2012.04.02 10:59:47.575,1.33377,1.33385,4.13,3.04
2012.04.02 10:59:47.790,1.33379,1.33387,2.82,2.25
2012.04.02 10:59:48.328,1.3338,1.33388,2.25,3.00
2012.04.02 10:59:48.836,1.3338,1.33388,2.44,3.00
2012.04.02 10:59:49.395,1.3338,1.33388,2.44,3.00
2012.04.02 10:59:50.306,1.33379,1.33384,2.25,2.63
2012.04.02 10:59:50.874,1.33374,1.33383,2.07,6.75
2012.04.02 10:59:51.315,1.33374,1.33383,2.82,6.00
2012.04.02 10:59:51.643,1.33377,1.33383,1.50,8.85
2012.04.02 10:59:51.785,1.33374,1.33383,2.44,7.88
2012.04.02 10:59:52.513,1.33374,1.33383,2.82,7.88
2012.04.02 10:59:53.052,1.33374,1.33383,1.88,7.17
2012.04.02 10:59:53.548,1.33373,1.33379,1.50,1.50
2012.04.02 10:59:53.767,1.33369,1.33378,2.25,3.60
2012.04.02 10:59:53.894,1.33369,1.33378,1.88,3.00
2012.04.02 10:59:54.996,1.33369,1.33377,4.88,1.13
2012.04.02 10:59:55.563,1.3337,1.33377,1.50,1.88
2012.04.02 10:59:56.320,1.33369,1.33378,4.88,1.50
2012.04.02 10:59:56.878,1.3337,1.33378,3.38,1.50
2012.04.02 10:59:57.433,1.3337,1.3338,4.88,2.63
2012.04.02 10:59:57.944,1.3337,1.3338,4.13,2.63
2012.04.02 10:59:58.290,1.33372,1.33379,1.50,1.50
2012.04.02 10:59:58.641,1.33373,1.3338,2.25,1.88
2012.04.02 10:59:59.199,1.33373,1.3338,1.88,1.50
2012.04.02 10:59:59.750,1.33373,1.3338,2.25,1.50
2012.04.02 10:59:59.838,1.33374,1.3338,1.88,1.50
