2014.12.23 12:00:00.009,1.22267,1.2227,1.00,2.06
2014.12.23 12:00:00.465,1.22269,1.22271,2.25,1.50
2014.12.23 12:00:00.971,1.22267,1.2227,6.00,1.00
2014.12.23 12:00:01.324,1.22269,1.22271,1.00,1.00
2014.12.23 12:00:01.580,1.2227,1.22273,1.50,5.25
2014.12.23 12:00:01.883,1.22271,1.22275,3.00,1.50
2014.12.23 12:00:02.337,1.22273,1.22277,1.00,1.69
2014.12.23 12:00:02.860,1.22273,1.22277,1.00,1.69
2014.12.23 12:00:03.368,1.22274,1.22278,1.69,1.50
2014.12.23 12:00:03.721,1.22275,1.22276,1.00,1.50
2014.12.23 12:00:03.974,1.22271,1.22274,1.50,1.25
2014.12.23 12:00:04.378,1.22271,1.22274,1.37,1.31
2014.12.23 12:00:04.884,1.22273,1.22275,1.00,1.25
2014.12.23 12:00:05.390,1.22274,1.22276,1.00,1.69
2014.12.23 12:00:06.300,1.22273,1.22276,1.50,1.69
2014.12.23 12:00:09.150,1.22273,1.22275,1.00,1.00
2014.12.23 12:00:09.806,1.22272,1.22275,1.87,2.62
2014.12.23 12:00:10.311,1.22271,1.22274,1.37,1.00
2014.12.23 12:00:10.816,1.22271,1.22274,1.00,1.00
2014.12.23 12:00:12.986,1.22271,1.22274,1.00,2.44
2014.12.23 12:00:13.290,1.22263,1.22266,1.05,5.81
2014.12.23 12:00:13.442,1.22262,1.22264,1.00,1.19
2014.12.23 12:00:13.948,1.22261,1.22265,1.50,4.01
2014.12.23 12:00:14.504,1.2226,1.22263,2.62,1.00
2014.12.23 12:00:18.921,1.2226,1.22264,3.37,4.31
2014.12.23 12:00:19.445,1.2226,1.22264,4.72,4.31
2014.12.23 12:00:19.976,1.2226,1.22263,3.97,1.12
2014.12.23 12:00:20.379,1.22262,1.22264,1.00,4.31
2014.12.23 12:00:20.884,1.22262,1.22264,1.00,1.69
2014.12.23 12:00:21.389,1.22263,1.22264,1.00,1.69
2014.12.23 12:00:23.583,1.22262,1.22264,1.50,1.00
2014.12.23 12:00:26.050,1.22262,1.22263,1.50,1.00
2014.12.23 12:00:26.554,1.22263,1.22264,1.00,1.25
2014.12.23 12:00:28.776,1.22262,1.22263,1.00,1.00
2014.12.23 12:00:28.928,1.22261,1.22263,1.00,1.12
2014.12.23 12:00:32.172,1.22261,1.22264,1.50,2.25
2014.12.23 12:00:32.273,1.22262,1.22264,1.00,1.50
2014.12.23 12:00:32.779,1.22262,1.22264,1.00,1.00
2014.12.23 12:00:33.443,1.22263,1.22264,1.00,1.00
2014.12.23 12:00:33.654,1.22261,1.22264,2.25,1.00
2014.12.23 12:00:34.187,1.22262,1.22264,1.00,1.25
2014.12.23 12:00:35.393,1.22263,1.22265,2.02,2.81
2014.12.23 12:00:35.545,1.22266,1.22268,1.00,1.62
2014.12.23 12:00:35.647,1.22266,1.2227,1.00,5.62
2014.12.23 12:00:36.152,1.22265,1.2227,2.62,3.19
2014.12.23 12:00:36.844,1.22266,1.2227,1.00,3.19
2014.12.23 12:00:37.509,1.22265,1.2227,3.94,5.81
2014.12.23 12:00:39.100,1.22266,1.2227,1.00,3.19
2014.12.23 12:00:39.252,1.22268,1.2227,1.00,2.25
2014.12.23 12:00:39.353,1.22269,1.22271,1.50,1.50
2014.12.23 12:00:39.858,1.22269,1.22271,1.37,1.00
2014.12.23 12:00:40.463,1.22269,1.22273,1.37,2.06
2014.12.23 12:00:40.968,1.22269,1.22271,1.00,1.00
2014.12.23 12:00:41.170,1.22272,1.22274,1.00,1.00
2014.12.23 12:00:41.608,1.22271,1.22274,1.50,1.00
2014.12.23 12:00:41.912,1.22269,1.22274,3.00,7.31
2014.12.23 12:00:43.127,1.2227,1.22273,1.00,1.31
2014.12.23 12:00:44.590,1.22269,1.22273,1.50,1.31
2014.12.23 12:00:47.102,1.22268,1.22273,1.69,2.06
2014.12.23 12:00:47.903,1.22268,1.22271,1.69,1.12
2014.12.23 12:00:48.206,1.22266,1.2227,1.50,2.25
2014.12.23 12:00:48.509,1.22268,1.22271,1.00,1.69
2014.12.23 12:00:50.382,1.22267,1.2227,1.00,1.25
2014.12.23 12:00:51.471,1.22266,1.2227,2.25,2.06
2014.12.23 12:00:52.169,1.22267,1.22271,1.00,1.69
2014.12.23 12:00:52.701,1.22267,1.22271,1.00,1.50
2014.12.23 12:00:56.102,1.22267,1.2227,1.12,1.00
2014.12.23 12:00:57.006,1.22267,1.22272,1.12,3.19
2014.12.23 12:01:01.371,1.22267,1.22271,1.12,1.00
2014.12.23 12:01:03.707,1.22267,1.2227,1.12,1.50
2014.12.23 12:01:03.860,1.22265,1.22268,3.19,1.00
2014.12.23 12:01:04.013,1.22264,1.22268,3.75,1.25
2014.12.23 12:01:04.519,1.22265,1.22269,1.00,1.69
2014.12.23 12:01:05.335,1.22266,1.22269,1.00,1.00
2014.12.23 12:01:08.192,1.22266,1.2227,1.50,2.25
2014.12.23 12:01:12.393,1.22266,1.2227,1.00,3.62
2014.12.23 12:01:13.398,1.22266,1.2227,1.00,3.56
2014.12.23 12:01:13.756,1.22266,1.2227,1.00,5.66
2014.12.23 12:01:13.807,1.22264,1.22269,2.25,2.44
2014.12.23 12:01:13.858,1.22263,1.22267,3.00,6.75
2014.12.23 12:01:13.960,1.22262,1.22264,1.57,1.50
2014.12.23 12:01:14.163,1.22262,1.22265,1.00,4.87
2014.12.23 12:01:14.315,1.22263,1.22267,2.25,1.50
2014.12.23 12:01:14.719,1.22265,1.22268,1.00,1.00
2014.12.23 12:01:15.225,1.22264,1.22268,3.00,1.00
2014.12.23 12:01:15.731,1.22265,1.22268,1.00,1.00
2014.12.23 12:01:18.988,1.22264,1.22268,2.25,1.00
2014.12.23 12:01:19.998,1.22264,1.22266,1.50,1.00
2014.12.23 12:01:21.311,1.22264,1.22266,2.25,1.00
2014.12.23 12:01:21.463,1.22265,1.22269,1.00,3.11
2014.12.23 12:01:21.716,1.22267,1.22269,1.12,1.00
2014.12.23 12:01:21.767,1.22267,1.22271,1.87,1.25
2014.12.23 12:01:27.790,1.22267,1.22269,1.00,1.00
2014.12.23 12:01:28.094,1.22263,1.22264,1.00,1.00
2014.12.23 12:01:28.515,1.22261,1.22264,1.50,1.00
2014.12.23 12:01:30.100,1.22263,1.22264,1.00,1.00
2014.12.23 12:01:30.493,1.22261,1.22264,1.50,1.00
2014.12.23 12:01:32.068,1.22262,1.22265,1.00,1.25
2014.12.23 12:01:32.573,1.22263,1.22266,1.25,1.00
2014.12.23 12:01:33.091,1.22262,1.22265,1.50,5.06
2014.12.23 12:01:33.596,1.22262,1.22264,1.50,1.00
2014.12.23 12:01:34.521,1.22261,1.22262,1.00,1.00
2014.12.23 12:01:34.571,1.2226,1.22262,1.57,1.00
2014.12.23 12:01:34.825,1.22258,1.22262,1.12,3.19
2014.12.23 12:01:35.331,1.22257,1.22261,3.94,1.87
2014.12.23 12:01:35.816,1.22257,1.22259,1.50,1.00
2014.12.23 12:01:38.327,1.22258,1.22261,1.00,1.12
2014.12.23 12:01:38.831,1.22257,1.2226,2.25,1.00
2014.12.23 12:01:39.994,1.22259,1.22261,1.50,1.00
2014.12.23 12:01:40.500,1.22258,1.22261,1.69,1.17
2014.12.23 12:01:41.427,1.22259,1.22261,1.00,1.17
2014.12.23 12:01:41.731,1.22264,1.22266,2.25,2.62
2014.12.23 12:01:41.934,1.22265,1.22268,1.87,1.00
2014.12.23 12:01:43.407,1.22265,1.22269,1.87,1.00
2014.12.23 12:01:44.953,1.22265,1.22267,1.00,1.00
2014.12.23 12:01:46.113,1.22264,1.22267,7.50,1.00
2014.12.23 12:01:46.418,1.22264,1.22266,6.00,1.00
2014.12.23 12:01:47.061,1.22265,1.22268,1.00,1.25
2014.12.23 12:01:47.768,1.22264,1.22266,7.50,1.00
2014.12.23 12:01:48.733,1.22264,1.22269,8.62,1.19
2014.12.23 12:01:49.137,1.22265,1.22267,2.25,1.00
2014.12.23 12:01:59.313,1.22266,1.22267,1.00,1.00
2014.12.23 12:01:59.566,1.22263,1.22266,1.57,1.87
2014.12.23 12:01:59.667,1.22262,1.22263,1.00,1.00
2014.12.23 12:02:00.122,1.22262,1.22265,3.75,1.00
2014.12.23 12:02:01.774,1.22263,1.22265,1.00,1.00
2014.12.23 12:02:02.329,1.22264,1.22265,1.00,1.00
2014.12.23 12:02:04.514,1.22262,1.22264,1.95,1.00
2014.12.23 12:02:04.616,1.22261,1.22264,1.00,2.25
2014.12.23 12:02:04.768,1.2226,1.22262,1.00,1.00
2014.12.23 12:02:05.278,1.22261,1.22264,1.00,1.69
2014.12.23 12:02:12.777,1.22261,1.22263,2.25,1.00
2014.12.23 12:02:13.081,1.22263,1.22264,1.00,1.00
2014.12.23 12:02:13.233,1.22261,1.22264,6.19,1.00
2014.12.23 12:02:13.739,1.22262,1.22264,1.50,1.00
2014.12.23 12:02:14.246,1.22263,1.22265,1.00,1.00
2014.12.23 12:02:17.829,1.22263,1.22265,1.00,1.00
2014.12.23 12:02:18.262,1.22261,1.22265,3.00,6.37
2014.12.23 12:02:18.918,1.22261,1.22263,2.25,1.00
2014.12.23 12:02:19.071,1.22263,1.22265,1.31,1.00
2014.12.23 12:02:19.577,1.22262,1.22265,1.50,1.00
2014.12.23 12:02:21.446,1.22264,1.22265,1.00,1.00
2014.12.23 12:02:24.864,1.22262,1.22265,3.75,3.00
2014.12.23 12:02:29.621,1.22263,1.22265,1.50,1.00
2014.12.23 12:02:29.722,1.22265,1.22269,1.50,3.56
2014.12.23 12:02:29.824,1.22265,1.22267,3.00,1.00
2014.12.23 12:02:32.558,1.22265,1.22267,2.25,1.00
2014.12.23 12:02:37.839,1.22264,1.22266,4.50,1.00
2014.12.23 12:02:38.194,1.22263,1.22264,1.00,1.00
2014.12.23 12:02:38.731,1.22264,1.22265,1.00,1.87
2014.12.23 12:02:40.150,1.22267,1.22268,1.50,1.50
2014.12.23 12:02:42.386,1.22266,1.22269,1.00,3.19
2014.12.23 12:02:42.790,1.22265,1.22266,3.00,1.00
2014.12.23 12:02:44.563,1.22266,1.22269,1.00,2.44
2014.12.23 12:02:45.067,1.22265,1.22267,3.00,1.00
2014.12.23 12:02:46.216,1.22263,1.22265,3.00,1.00
2014.12.23 12:02:48.507,1.22263,1.22265,2.25,1.00
2014.12.23 12:02:48.610,1.22261,1.22262,1.50,3.00
2014.12.23 12:02:48.712,1.22259,1.22262,1.00,4.87
2014.12.23 12:02:48.764,1.22259,1.2226,1.00,3.75
2014.12.23 12:02:49.269,1.2226,1.22262,1.00,4.12
2014.12.23 12:02:49.320,1.22258,1.22259,1.50,1.00
2014.12.23 12:02:49.825,1.22257,1.22259,1.10,1.00
2014.12.23 12:02:50.179,1.22257,1.2226,2.44,1.50
2014.12.23 12:02:50.583,1.22258,1.2226,1.00,2.25
2014.12.23 12:02:51.088,1.22258,1.2226,1.00,2.25
2014.12.23 12:02:51.592,1.22259,1.2226,1.00,1.00
2014.12.23 12:02:52.189,1.22258,1.2226,1.25,1.00
2014.12.23 12:02:52.695,1.2226,1.22262,1.00,3.00
2014.12.23 12:02:52.948,1.2226,1.22262,4.31,1.00
2014.12.23 12:02:53.453,1.22262,1.22264,1.00,2.25
2014.12.23 12:02:53.991,1.22261,1.22262,1.00,1.00
2014.12.23 12:02:59.419,1.22259,1.22261,2.44,1.00
2014.12.23 12:02:59.924,1.22261,1.22262,1.35,1.50
2014.12.23 12:03:02.173,1.22261,1.22263,2.10,1.50
2014.12.23 12:03:02.477,1.22262,1.22265,3.00,3.37
2014.12.23 12:03:02.680,1.22262,1.22265,1.69,1.00
2014.12.23 12:03:02.832,1.22261,1.22263,1.54,1.00
2014.12.23 12:03:04.347,1.22261,1.22262,1.00,1.00
2014.12.23 12:03:04.701,1.22258,1.2226,1.76,1.00
2014.12.23 12:03:05.206,1.22259,1.2226,1.00,1.00
2014.12.23 12:03:05.711,1.22258,1.2226,1.57,1.00
2014.12.23 12:03:36.583,1.22256,1.22259,2.51,1.50
2014.12.23 12:03:37.585,1.22256,1.22258,2.44,1.00
2014.12.23 12:03:38.781,1.22257,1.22258,1.00,1.00
2014.12.23 12:03:39.293,1.22255,1.22257,2.70,2.10
2014.12.23 12:03:39.496,1.22252,1.22254,1.50,1.00
2014.12.23 12:03:40.001,1.22253,1.22254,1.00,1.00
2014.12.23 12:03:41.529,1.22253,1.22255,1.00,1.50
2014.12.23 12:03:43.612,1.22252,1.22254,2.25,1.00
2014.12.23 12:03:45.196,1.22252,1.22254,2.25,1.00
2014.12.23 12:03:47.440,1.22253,1.22255,1.00,2.06
2014.12.23 12:03:47.966,1.22252,1.22253,1.00,1.00
2014.12.23 12:03:49.098,1.22254,1.22256,3.10,3.75
2014.12.23 12:03:49.253,1.22255,1.22256,1.87,1.00
2014.12.23 12:03:49.456,1.22256,1.22258,1.00,1.00
2014.12.23 12:03:49.609,1.22256,1.22259,3.00,1.00
2014.12.23 12:03:50.013,1.2226,1.22263,1.00,1.87
2014.12.23 12:03:50.519,1.22259,1.22261,1.00,1.12
2014.12.23 12:03:50.823,1.22256,1.22258,1.00,1.00
2014.12.23 12:03:51.327,1.22256,1.22258,1.00,1.00
2014.12.23 12:03:53.025,1.22254,1.22256,1.76,1.00
2014.12.23 12:03:53.179,1.22253,1.22254,1.00,1.00
2014.12.23 12:03:53.684,1.22252,1.22253,1.00,1.00
2014.12.23 12:03:54.412,1.22251,1.22253,1.00,1.00
2014.12.23 12:03:54.614,1.22249,1.22251,2.44,1.00
2014.12.23 12:03:54.867,1.22249,1.22251,3.19,1.00
2014.12.23 12:03:56.135,1.2225,1.22253,1.00,1.69
2014.12.23 12:03:56.590,1.22251,1.22253,1.00,1.50
2014.12.23 12:03:57.671,1.2225,1.22251,1.00,1.00
2014.12.23 12:03:57.823,1.22247,1.22249,1.72,1.00
2014.12.23 12:03:57.924,1.22247,1.22249,1.72,1.00
2014.12.23 12:03:58.138,1.22249,1.22251,1.00,1.69
2014.12.23 12:03:59.233,1.22247,1.22249,2.66,1.00
2014.12.23 12:04:00.224,1.22247,1.22249,1.20,1.00
2014.12.23 12:04:01.454,1.22247,1.22249,1.00,1.12
2014.12.23 12:04:01.959,1.22246,1.22249,1.00,1.12
2014.12.23 12:04:04.958,1.22247,1.22249,1.00,1.12
2014.12.23 12:04:06.489,1.22247,1.22249,1.87,1.00
2014.12.23 12:04:08.557,1.22246,1.22248,1.31,1.12
2014.12.23 12:04:09.063,1.22245,1.22248,3.56,1.12
2014.12.23 12:04:10.124,1.22246,1.22248,1.00,1.12
2014.12.23 12:04:10.628,1.22245,1.22248,3.00,1.12
2014.12.23 12:04:11.179,1.22246,1.22248,1.00,1.12
2014.12.23 12:04:11.704,1.22245,1.22248,3.19,1.12
2014.12.23 12:04:12.223,1.22246,1.22248,1.50,1.12
2014.12.23 12:04:12.786,1.22245,1.22248,3.19,1.12
2014.12.23 12:04:13.308,1.22246,1.22248,1.00,1.12
2014.12.23 12:04:14.164,1.22245,1.22248,3.56,1.12
2014.12.23 12:04:16.863,1.22245,1.22247,2.62,1.00
2014.12.23 12:04:17.015,1.22243,1.22247,3.60,3.37
2014.12.23 12:04:17.066,1.22245,1.22246,1.00,1.00
2014.12.23 12:04:17.572,1.22245,1.22247,1.00,1.00
2014.12.23 12:04:18.077,1.22245,1.22249,1.31,2.25
2014.12.23 12:04:18.796,1.22244,1.22248,4.20,1.37
2014.12.23 12:04:19.301,1.22244,1.22246,2.51,1.00
2014.12.23 12:04:20.261,1.22243,1.22245,1.00,1.00
2014.12.23 12:04:20.362,1.22244,1.22247,1.00,2.44
2014.12.23 12:04:20.868,1.22245,1.22247,1.00,1.50
2014.12.23 12:04:21.372,1.22243,1.22247,4.84,2.62
2014.12.23 12:04:21.473,1.22245,1.22247,1.10,1.50
2014.12.23 12:04:22.559,1.22243,1.22246,6.37,1.00
2014.12.23 12:04:23.098,1.22242,1.22245,2.29,1.00
2014.12.23 12:04:23.564,1.22241,1.22243,1.57,1.00
2014.12.23 12:04:23.665,1.22241,1.22243,1.10,2.85
2014.12.23 12:04:26.221,1.22241,1.22244,1.25,1.12
2014.12.23 12:04:26.552,1.22241,1.22242,1.00,1.00
2014.12.23 12:04:26.857,1.22238,1.2224,2.44,1.00
2014.12.23 12:04:27.362,1.22237,1.2224,3.19,1.00
2014.12.23 12:04:27.968,1.22239,1.2224,1.00,1.00
2014.12.23 12:04:28.273,1.22242,1.22245,4.46,1.00
2014.12.23 12:04:28.727,1.22243,1.22247,3.22,1.12
2014.12.23 12:04:28.778,1.22242,1.22245,2.02,1.50
2014.12.23 12:04:29.183,1.22244,1.22246,1.50,1.50
2014.12.23 12:04:29.385,1.22246,1.22249,1.50,1.00
2014.12.23 12:04:29.905,1.22246,1.2225,1.50,1.50
2014.12.23 12:04:30.442,1.22247,1.22251,1.69,1.50
2014.12.23 12:04:30.992,1.22247,1.2225,2.25,1.00
2014.12.23 12:04:31.625,1.22246,1.2225,3.19,1.87
2014.12.23 12:04:32.792,1.22246,1.22249,1.50,1.00
2014.12.23 12:04:33.587,1.22247,1.22249,1.00,1.00
2014.12.23 12:04:34.095,1.22246,1.22249,1.00,1.69
2014.12.23 12:04:38.284,1.22246,1.2225,1.00,1.31
2014.12.23 12:04:38.977,1.22246,1.22249,1.00,1.00
2014.12.23 12:04:39.708,1.22246,1.22248,1.00,1.00
2014.12.23 12:04:40.369,1.22245,1.22248,2.03,1.00
2014.12.23 12:04:43.926,1.22245,1.22248,3.53,1.00
2014.12.23 12:04:49.640,1.22245,1.22248,2.06,1.12
2014.12.23 12:04:50.146,1.22246,1.22248,1.00,1.00
2014.12.23 12:04:50.652,1.22247,1.22248,1.00,1.00
2014.12.23 12:04:50.956,1.2225,1.22251,1.00,1.00
2014.12.23 12:04:51.412,1.22249,1.22251,1.00,1.00
2014.12.23 12:04:54.251,1.22248,1.2225,1.00,1.00
2014.12.23 12:04:54.554,1.22246,1.2225,3.26,1.00
2014.12.23 12:05:00.661,1.22246,1.2225,4.69,1.00
2014.12.23 12:05:00.711,1.22249,1.2225,1.00,1.00
2014.12.23 12:05:00.863,1.2225,1.22252,3.75,1.00
2014.12.23 12:05:01.387,1.22251,1.22253,1.00,1.00
2014.12.23 12:05:03.680,1.2225,1.22253,3.37,1.00
2014.12.23 12:05:04.085,1.22249,1.22251,1.00,1.50
2014.12.23 12:05:04.589,1.22249,1.22252,1.00,2.25
2014.12.23 12:05:05.094,1.22249,1.22251,1.00,2.25
2014.12.23 12:05:06.787,1.22248,1.22251,2.25,2.25
2014.12.23 12:05:09.521,1.22248,1.2225,1.00,1.00
2014.12.23 12:05:10.026,1.22247,1.2225,1.50,2.25
2014.12.23 12:05:10.531,1.22246,1.22249,2.25,2.25
2014.12.23 12:05:12.259,1.22247,1.22249,1.00,1.50
2014.12.23 12:05:13.485,1.22248,1.22249,1.00,1.00
2014.12.23 12:05:14.194,1.22248,1.2225,1.50,1.50
2014.12.23 12:05:14.497,1.2225,1.22251,1.50,1.00
2014.12.23 12:05:15.003,1.22251,1.22253,1.00,1.87
2014.12.23 12:05:17.213,1.2225,1.22252,2.81,1.00
2014.12.23 12:05:26.833,1.2225,1.22253,4.31,1.00
2014.12.23 12:05:29.455,1.2225,1.22253,7.12,1.00
2014.12.23 12:05:29.758,1.22254,1.22255,1.00,2.62
2014.12.23 12:05:30.213,1.22254,1.22257,2.51,1.00
2014.12.23 12:05:31.485,1.22255,1.22257,1.00,1.00
2014.12.23 12:05:35.262,1.22255,1.22256,1.25,1.12
2014.12.23 12:05:35.363,1.22253,1.22254,2.44,1.00
2014.12.23 12:05:35.868,1.22252,1.22253,1.00,1.50
2014.12.23 12:05:37.131,1.22252,1.22254,1.35,1.50
2014.12.23 12:05:37.435,1.22253,1.22256,1.10,1.00
2014.12.23 12:05:37.587,1.22253,1.22254,1.00,1.00
2014.12.23 12:05:38.092,1.22254,1.22256,1.00,2.62
2014.12.23 12:05:38.597,1.22253,1.22254,1.00,1.00
2014.12.23 12:05:38.979,1.22252,1.22254,1.29,1.00
2014.12.23 12:05:39.030,1.22254,1.22257,1.00,3.00
2014.12.23 12:05:39.083,1.22254,1.22255,1.00,1.00
2014.12.23 12:05:40.292,1.22254,1.22256,1.00,4.72
2014.12.23 12:05:42.271,1.22255,1.22257,1.00,3.75
2014.12.23 12:05:42.779,1.22255,1.22257,1.00,1.00
2014.12.23 12:05:43.487,1.22256,1.22257,1.00,1.00
2014.12.23 12:05:43.991,1.22255,1.22257,1.87,1.00
2014.12.23 12:05:44.496,1.22256,1.22257,1.00,1.00
2014.12.23 12:05:45.768,1.22255,1.22257,1.12,1.00
2014.12.23 12:05:46.273,1.22256,1.22257,1.00,1.00
2014.12.23 12:05:46.778,1.22256,1.22258,1.00,2.25
2014.12.23 12:05:47.319,1.22255,1.22258,1.00,2.25
2014.12.23 12:05:48.652,1.22254,1.22258,2.44,2.25
2014.12.23 12:05:51.879,1.22254,1.22257,1.50,1.00
2014.12.23 12:05:53.046,1.22255,1.22257,1.00,1.50
2014.12.23 12:05:54.232,1.22254,1.22257,1.00,2.25
2014.12.23 12:05:59.836,1.22255,1.22257,1.00,1.00
2014.12.23 12:06:10.586,1.22255,1.22258,2.02,1.00
2014.12.23 12:06:11.100,1.22256,1.22258,1.00,1.00
2014.12.23 12:06:14.919,1.22255,1.22258,3.56,1.00
2014.12.23 12:06:16.242,1.22256,1.22259,1.00,3.00
2014.12.23 12:06:17.142,1.22257,1.22259,1.00,1.87
2014.12.23 12:06:18.480,1.22256,1.22259,2.44,1.37
2014.12.23 12:06:19.793,1.22255,1.22259,1.69,2.62
2014.12.23 12:06:20.097,1.22252,1.22254,1.00,1.50
2014.12.23 12:06:20.602,1.2225,1.22253,3.94,1.00
2014.12.23 12:06:21.249,1.22253,1.22255,1.00,1.87
2014.12.23 12:06:21.502,1.2225,1.22253,6.56,1.00
2014.12.23 12:06:26.259,1.22251,1.22253,1.00,1.00
2014.12.23 12:06:26.512,1.2225,1.22251,6.00,2.85
2014.12.23 12:06:27.017,1.22251,1.22252,1.00,1.00
2014.12.23 12:06:27.372,1.22253,1.22255,1.00,3.56
2014.12.23 12:06:29.242,1.22251,1.22252,1.00,1.00
2014.12.23 12:06:29.747,1.2225,1.22252,3.75,1.00
2014.12.23 12:06:33.048,1.22252,1.22254,1.00,3.56
2014.12.23 12:06:33.149,1.22254,1.22257,2.10,3.75
2014.12.23 12:06:33.302,1.22263,1.22265,1.00,4.50
2014.12.23 12:06:33.606,1.22264,1.22266,1.00,4.35
2014.12.23 12:06:39.226,1.22266,1.22269,1.00,2.62
2014.12.23 12:06:41.709,1.22264,1.22266,1.50,1.00
2014.12.23 12:06:41.961,1.22262,1.22265,1.54,1.00
2014.12.23 12:06:42.063,1.22261,1.22263,1.69,1.00
2014.12.23 12:06:42.719,1.22261,1.22264,1.31,1.00
2014.12.23 12:06:42.770,1.22263,1.22266,1.00,2.81
2014.12.23 12:06:43.276,1.22264,1.22265,1.00,1.00
2014.12.23 12:06:44.291,1.22264,1.22266,1.00,2.44
2014.12.23 12:06:46.328,1.22265,1.22267,2.44,1.37
2014.12.23 12:06:46.645,1.22267,1.22269,1.00,1.00
2014.12.23 12:06:47.562,1.22265,1.22267,2.81,1.00
2014.12.23 12:06:55.339,1.22265,1.22268,4.12,1.00
2014.12.23 12:07:04.343,1.22267,1.2227,2.06,3.82
2014.12.23 12:07:07.366,1.22267,1.22269,2.81,1.12
2014.12.23 12:07:08.329,1.22267,1.22269,2.06,1.12
2014.12.23 12:07:17.174,1.22268,1.22269,1.00,1.12
2014.12.23 12:07:17.529,1.22269,1.22271,3.56,1.00
2014.12.23 12:07:17.580,1.22273,1.22274,1.12,2.25
2014.12.23 12:07:17.681,1.22274,1.22275,1.87,3.37
2014.12.23 12:07:18.035,1.22276,1.22278,3.19,1.10
2014.12.23 12:07:19.601,1.22278,1.2228,1.00,4.57
2014.12.23 12:07:20.320,1.22278,1.2228,1.00,5.32
2014.12.23 12:07:22.536,1.22278,1.2228,1.69,1.20
2014.12.23 12:07:23.041,1.22278,1.2228,1.31,1.20
2014.12.23 12:07:25.495,1.22278,1.22279,1.31,1.00
2014.12.23 12:07:25.850,1.22277,1.22279,1.00,2.10
2014.12.23 12:07:27.806,1.22273,1.22274,6.82,1.00
2014.12.23 12:07:27.908,1.22271,1.22272,2.06,1.00
2014.12.23 12:07:28.161,1.2227,1.22272,1.31,1.00
2014.12.23 12:07:28.667,1.22269,1.22271,1.31,1.00
2014.12.23 12:07:29.778,1.22269,1.22271,1.12,1.45
2014.12.23 12:07:30.593,1.22269,1.22271,1.69,1.00
2014.12.23 12:07:31.514,1.2227,1.22271,1.00,1.00
2014.12.23 12:07:42.682,1.22269,1.22273,4.12,1.69
2014.12.23 12:07:42.783,1.22271,1.22274,1.37,5.62
2014.12.23 12:07:43.086,1.2227,1.22272,2.44,1.00
2014.12.23 12:07:47.034,1.2227,1.22272,1.50,1.00
2014.12.23 12:07:47.540,1.22272,1.22273,1.12,1.00
2014.12.23 12:07:59.065,1.2227,1.22271,2.77,1.00
2014.12.23 12:07:59.570,1.22269,1.22272,1.27,2.25
2014.12.23 12:08:01.131,1.22271,1.22273,1.37,1.00
2014.12.23 12:08:01.737,1.22271,1.22272,1.31,1.00
2014.12.23 12:08:08.040,1.22271,1.22274,1.37,1.50
2014.12.23 12:08:09.972,1.22271,1.22272,1.25,1.00
2014.12.23 12:08:11.157,1.22271,1.22274,1.62,2.25
2014.12.23 12:08:11.461,1.22273,1.22276,4.69,2.25
2014.12.23 12:08:11.966,1.22274,1.22277,2.06,2.25
2014.12.23 12:08:13.661,1.22276,1.22278,1.00,1.00
2014.12.23 12:08:15.106,1.22278,1.2228,1.00,4.31
2014.12.23 12:08:17.109,1.22276,1.22278,3.19,1.00
2014.12.23 12:08:23.231,1.22277,1.22279,1.62,1.00
2014.12.23 12:08:23.736,1.22278,1.22281,1.37,2.25
2014.12.23 12:08:24.241,1.22278,1.22279,1.00,1.00
2014.12.23 12:08:26.467,1.22277,1.22279,1.50,1.50
2014.12.23 12:08:29.940,1.22276,1.22279,1.25,1.50
2014.12.23 12:08:30.716,1.22276,1.22278,1.25,1.00
2014.12.23 12:08:36.232,1.22276,1.22279,1.25,3.75
2014.12.23 12:08:37.864,1.22278,1.22279,1.12,2.25
2014.12.23 12:08:38.370,1.22276,1.22279,2.44,1.50
2014.12.23 12:08:38.904,1.22276,1.22279,2.25,1.50
2014.12.23 12:08:41.501,1.22276,1.22279,2.25,1.87
2014.12.23 12:08:48.227,1.22274,1.22276,1.50,2.12
2014.12.23 12:08:48.330,1.22274,1.22275,1.12,1.87
2014.12.23 12:08:48.986,1.22275,1.22276,1.12,1.00
2014.12.23 12:08:49.491,1.22275,1.22276,1.31,1.00
2014.12.23 12:08:58.858,1.22274,1.22276,2.06,1.50
2014.12.23 12:08:59.364,1.22275,1.22277,2.06,1.00
2014.12.23 12:08:59.769,1.22275,1.22278,2.06,2.25
2014.12.23 12:09:02.197,1.22274,1.22277,3.19,1.00
2014.12.23 12:09:02.349,1.22273,1.22277,3.15,3.60
2014.12.23 12:09:02.854,1.22275,1.22278,1.50,5.62
2014.12.23 12:09:03.358,1.22275,1.22278,2.25,2.25
2014.12.23 12:09:05.059,1.22275,1.22278,1.69,2.25
2014.12.23 12:09:05.792,1.22275,1.22277,1.50,1.00
2014.12.23 12:09:05.944,1.22274,1.22277,2.06,1.87
2014.12.23 12:09:06.248,1.22274,1.22277,2.25,1.50
2014.12.23 12:09:12.387,1.22273,1.22277,4.84,1.00
2014.12.23 12:09:12.899,1.22273,1.22277,5.21,1.00
2014.12.23 12:09:20.353,1.22274,1.22277,2.06,1.00
2014.12.23 12:09:20.858,1.22275,1.22277,1.87,1.00
2014.12.23 12:09:22.855,1.22274,1.22277,1.25,1.00
2014.12.23 12:09:23.259,1.22273,1.22275,2.02,2.47
2014.12.23 12:09:23.412,1.22271,1.22273,1.87,2.10
2014.12.23 12:09:23.715,1.22273,1.22275,1.37,1.00
2014.12.23 12:09:23.868,1.22274,1.22277,1.35,3.75
2014.12.23 12:09:24.493,1.22274,1.22277,1.69,1.00
2014.12.23 12:09:26.792,1.22275,1.22278,1.00,1.50
2014.12.23 12:09:31.592,1.22274,1.22277,3.94,1.00
2014.12.23 12:09:36.247,1.22274,1.22278,3.37,1.50
2014.12.23 12:09:38.537,1.22275,1.22279,1.50,3.75
2014.12.23 12:09:39.042,1.22276,1.22279,1.50,1.50
2014.12.23 12:09:40.656,1.22276,1.22278,1.12,1.00
2014.12.23 12:09:40.961,1.22275,1.22276,1.00,1.12
2014.12.23 12:09:41.062,1.22275,1.22278,2.25,1.00
2014.12.23 12:09:41.567,1.22274,1.22276,1.37,1.50
2014.12.23 12:09:42.072,1.22274,1.22276,1.00,1.00
2014.12.23 12:09:42.684,1.22274,1.22275,1.00,1.00
2014.12.23 12:09:44.817,1.22274,1.22276,1.00,1.69
2014.12.23 12:09:45.386,1.22274,1.22275,1.00,1.00
2014.12.23 12:09:45.538,1.22271,1.22274,3.37,2.25
2014.12.23 12:09:46.044,1.22271,1.22275,4.12,2.06
2014.12.23 12:09:46.570,1.22271,1.22274,3.37,1.00
2014.12.23 12:09:47.076,1.22272,1.22275,1.37,1.87
2014.12.23 12:09:48.527,1.22273,1.22276,2.25,3.00
2014.12.23 12:09:49.073,1.22273,1.22275,2.25,1.00
2014.12.23 12:09:49.124,1.22271,1.22275,3.19,5.10
2014.12.23 12:09:49.429,1.22271,1.22275,3.19,3.00
2014.12.23 12:09:52.561,1.22271,1.22275,3.19,1.00
2014.12.23 12:09:53.074,1.22271,1.22275,3.00,2.25
2014.12.23 12:09:53.588,1.22271,1.22275,3.00,4.69
2014.12.23 12:09:54.106,1.22271,1.22275,2.25,2.06
2014.12.23 12:09:55.628,1.22271,1.22275,2.06,2.62
2014.12.23 12:09:57.603,1.22271,1.22275,2.44,1.87
2014.12.23 12:09:58.664,1.22271,1.22274,2.44,1.00
2014.12.23 12:09:58.816,1.2227,1.22272,1.62,1.00
2014.12.23 12:09:59.321,1.22269,1.22272,1.69,1.00
2014.12.23 12:09:59.844,1.22269,1.22272,1.25,1.00
2014.12.23 12:10:01.158,1.22269,1.22272,2.25,1.00
2014.12.23 12:10:03.354,1.2227,1.22272,3.94,1.00
2014.12.23 12:10:03.893,1.2227,1.22272,4.50,1.00
2014.12.23 12:10:10.177,1.2227,1.22272,1.00,3.37
2014.12.23 12:10:10.689,1.22269,1.22271,1.00,1.00
2014.12.23 12:10:11.514,1.22268,1.2227,1.69,1.00
2014.12.23 12:10:14.956,1.22269,1.2227,1.00,1.00
2014.12.23 12:10:20.936,1.22267,1.2227,2.25,1.00
2014.12.23 12:10:21.391,1.22266,1.2227,5.44,2.25
2014.12.23 12:10:21.593,1.22269,1.22271,1.12,2.10
2014.12.23 12:10:21.745,1.22267,1.22271,2.62,1.69
2014.12.23 12:10:22.264,1.22267,1.2227,1.00,1.00
2014.12.23 12:10:23.286,1.22267,1.22269,1.00,1.00
2014.12.23 12:10:33.670,1.22268,1.22269,1.00,1.00
2014.12.23 12:10:35.313,1.22266,1.22269,1.12,1.00
2014.12.23 12:10:35.363,1.22266,1.22267,1.12,1.00
2014.12.23 12:10:35.566,1.22263,1.22266,1.12,3.00
2014.12.23 12:10:35.668,1.22264,1.22266,1.00,3.00
2014.12.23 12:10:36.174,1.22265,1.22267,1.00,1.00
2014.12.23 12:10:36.679,1.22265,1.22267,1.12,1.00
2014.12.23 12:10:40.928,1.22265,1.22267,1.00,1.00
2014.12.23 12:10:41.435,1.22265,1.22266,1.00,1.00
2014.12.23 12:10:42.399,1.22265,1.22267,1.00,1.50
2014.12.23 12:10:45.005,1.22266,1.22267,1.00,1.00
2014.12.23 12:10:52.847,1.22266,1.22268,1.25,2.25
2014.12.23 12:10:57.259,1.22266,1.22268,1.19,1.50
2014.12.23 12:10:58.238,1.22266,1.22268,1.25,1.50
2014.12.23 12:11:07.124,1.22265,1.22266,1.12,1.00
2014.12.23 12:11:07.631,1.22265,1.22267,1.00,1.50
2014.12.23 12:11:08.768,1.22266,1.22268,1.91,1.00
2014.12.23 12:11:09.023,1.22274,1.22275,1.00,2.25
2014.12.23 12:11:09.176,1.22272,1.22275,1.31,1.50
2014.12.23 12:11:09.328,1.2227,1.22273,1.57,1.00
2014.12.23 12:11:09.833,1.22271,1.22272,1.00,1.00
2014.12.23 12:11:10.339,1.2227,1.22272,1.00,1.00
2014.12.23 12:11:10.844,1.22269,1.22272,1.00,1.50
2014.12.23 12:11:11.880,1.22271,1.22273,1.25,2.25
2014.12.23 12:11:12.198,1.22278,1.22279,1.00,1.50
2014.12.23 12:11:12.703,1.22277,1.22279,1.25,1.50
2014.12.23 12:11:13.208,1.22277,1.22278,1.00,1.00
2014.12.23 12:11:13.411,1.22275,1.22277,1.25,1.00
2014.12.23 12:11:13.563,1.22274,1.22275,1.00,1.00
2014.12.23 12:11:13.614,1.22272,1.22275,1.12,2.25
2014.12.23 12:11:13.665,1.22272,1.22273,1.05,1.00
2014.12.23 12:11:14.272,1.22272,1.22273,1.00,1.50
2014.12.23 12:11:14.778,1.22272,1.22274,1.00,1.00
2014.12.23 12:11:15.137,1.2227,1.22273,1.50,1.50
2014.12.23 12:11:15.643,1.22271,1.22273,1.00,1.50
2014.12.23 12:11:15.795,1.22272,1.22274,1.00,1.00
2014.12.23 12:11:15.898,1.22271,1.22273,1.00,1.50
2014.12.23 12:11:16.252,1.22269,1.22272,1.00,1.50
2014.12.23 12:11:16.674,1.22271,1.22272,1.00,1.00
2014.12.23 12:11:17.440,1.2227,1.22272,1.00,1.00
2014.12.23 12:11:17.845,1.22271,1.22274,1.37,1.00
2014.12.23 12:11:17.896,1.22272,1.22275,1.37,1.50
2014.12.23 12:11:18.199,1.22274,1.22277,1.00,4.12
2014.12.23 12:11:18.252,1.22275,1.22277,1.00,2.25
2014.12.23 12:11:18.354,1.22276,1.22277,1.00,1.00
2014.12.23 12:11:18.455,1.22276,1.22278,2.25,1.00
2014.12.23 12:11:18.556,1.22278,1.22279,2.25,1.50
2014.12.23 12:11:18.658,1.22278,1.22282,3.00,1.00
2014.12.23 12:11:19.213,1.22279,1.22282,1.69,1.00
2014.12.23 12:11:20.882,1.22279,1.2228,1.50,1.00
2014.12.23 12:11:21.084,1.22273,1.22275,1.47,1.00
2014.12.23 12:11:21.135,1.22272,1.22274,1.12,1.00
2014.12.23 12:11:21.186,1.22271,1.22273,1.10,3.37
2014.12.23 12:11:21.237,1.22271,1.22273,1.00,3.75
2014.12.23 12:11:21.289,1.22269,1.2227,1.10,2.81
2014.12.23 12:11:21.815,1.22269,1.2227,1.00,1.00
2014.12.23 12:11:22.320,1.22269,1.2227,1.00,1.00
2014.12.23 12:11:22.835,1.22266,1.22269,1.25,1.00
2014.12.23 12:11:23.415,1.22268,1.22269,1.00,1.12
2014.12.23 12:11:23.617,1.22265,1.22269,1.25,4.50
2014.12.23 12:11:23.668,1.22265,1.22266,1.25,1.00
2014.12.23 12:11:23.870,1.22262,1.22264,1.00,3.75
2014.12.23 12:11:23.922,1.2226,1.22264,2.06,3.75
2014.12.23 12:11:24.175,1.22262,1.22264,1.00,3.94
2014.12.23 12:11:24.837,1.22262,1.22264,3.60,3.37
2014.12.23 12:11:25.342,1.22261,1.22262,1.00,1.00
2014.12.23 12:11:27.462,1.2226,1.22262,1.31,1.00
2014.12.23 12:11:27.765,1.22259,1.22262,1.50,2.62
2014.12.23 12:11:27.917,1.22257,1.2226,1.50,2.62
2014.12.23 12:11:28.069,1.22255,1.22257,1.50,1.00
2014.12.23 12:11:30.845,1.22256,1.22257,1.00,1.00
2014.12.23 12:11:32.425,1.22255,1.22257,1.00,1.00
2014.12.23 12:11:32.930,1.22256,1.22257,1.50,1.00
2014.12.23 12:11:33.436,1.22255,1.22257,1.00,1.00
2014.12.23 12:11:33.953,1.22256,1.22257,1.50,1.00
2014.12.23 12:11:37.415,1.22254,1.22257,1.50,1.00
2014.12.23 12:11:37.669,1.2226,1.22261,1.00,1.00
2014.12.23 12:11:42.117,1.2226,1.22262,1.00,1.00
2014.12.23 12:11:42.472,1.22262,1.22263,3.75,1.12
2014.12.23 12:11:42.674,1.2226,1.22262,2.70,1.12
2014.12.23 12:11:42.776,1.22257,1.22258,2.25,1.00
2014.12.23 12:11:42.878,1.22256,1.22258,1.50,1.37
2014.12.23 12:11:43.384,1.22256,1.22258,1.00,3.41
2014.12.23 12:11:43.891,1.22255,1.22258,1.00,4.16
2014.12.23 12:11:47.476,1.22254,1.22256,2.25,1.00
2014.12.23 12:11:52.806,1.22254,1.22255,2.25,1.50
2014.12.23 12:11:53.110,1.2225,1.22251,4.50,1.50
2014.12.23 12:11:53.161,1.2225,1.22251,4.50,1.50
2014.12.23 12:11:54.925,1.22251,1.22252,1.00,1.00
2014.12.23 12:11:55.430,1.2225,1.22252,9.26,1.00
2014.12.23 12:11:57.272,1.22251,1.22252,1.00,1.00
2014.12.23 12:11:57.774,1.22252,1.22253,1.25,1.00
2014.12.23 12:12:00.196,1.22251,1.22252,1.10,1.00
2014.12.23 12:12:00.246,1.22251,1.22252,1.10,3.00
2014.12.23 12:12:00.550,1.22244,1.22247,2.44,1.00
2014.12.23 12:12:05.415,1.22247,1.22249,3.10,1.42
2014.12.23 12:12:05.920,1.22248,1.2225,1.10,6.37
2014.12.23 12:12:09.658,1.22248,1.22249,1.00,1.12
2014.12.23 12:12:10.165,1.22247,1.22249,2.44,1.12
2014.12.23 12:12:10.481,1.22249,1.2225,1.50,4.87
2014.12.23 12:12:10.786,1.22254,1.22255,1.00,1.12
2014.12.23 12:12:11.040,1.22255,1.22257,1.87,1.00
2014.12.23 12:12:11.090,1.22254,1.22257,1.25,1.00
2014.12.23 12:12:11.245,1.22251,1.22255,3.90,2.44
2014.12.23 12:12:11.346,1.22251,1.22253,1.50,1.00
2014.12.23 12:12:12.053,1.2225,1.22253,1.87,1.50
2014.12.23 12:12:12.514,1.22248,1.22251,1.01,1.00
2014.12.23 12:12:13.021,1.2225,1.22252,1.00,1.00
2014.12.23 12:12:13.778,1.2225,1.22252,1.00,1.00
2014.12.23 12:12:14.563,1.22247,1.2225,2.06,1.87
2014.12.23 12:12:14.664,1.22247,1.22248,1.05,1.12
2014.12.23 12:12:14.765,1.22246,1.22247,1.50,1.00
2014.12.23 12:12:15.270,1.22245,1.22247,1.00,1.00
2014.12.23 12:12:16.097,1.22245,1.22246,1.50,1.00
2014.12.23 12:12:22.651,1.22246,1.22249,2.85,1.05
2014.12.23 12:12:22.754,1.22249,1.22251,1.05,1.00
2014.12.23 12:12:22.855,1.2225,1.22252,3.94,1.10
2014.12.23 12:12:23.158,1.22258,1.2226,1.00,2.25
2014.12.23 12:12:23.209,1.22258,1.2226,1.00,1.00
2014.12.23 12:12:23.866,1.22257,1.22259,1.01,1.00
2014.12.23 12:12:25.501,1.22255,1.22257,1.61,1.00
2014.12.23 12:12:25.553,1.22255,1.22257,2.17,1.00
2014.12.23 12:12:26.060,1.22255,1.22256,1.00,1.00
2014.12.23 12:12:26.566,1.22256,1.22259,1.00,1.50
2014.12.23 12:12:27.947,1.22256,1.22258,1.00,1.00
2014.12.23 12:12:28.603,1.22256,1.22257,1.00,1.00
2014.12.23 12:12:28.654,1.22252,1.22254,2.62,2.62
2014.12.23 12:12:28.705,1.22241,1.22244,1.75,2.10
2014.12.23 12:12:28.756,1.22239,1.22243,1.87,1.00
2014.12.23 12:12:28.807,1.22239,1.22243,2.25,1.19
2014.12.23 12:12:28.909,1.22238,1.2224,1.57,1.00
2014.12.23 12:12:29.439,1.22239,1.2224,1.00,1.00
2014.12.23 12:12:29.692,1.22237,1.22239,1.25,1.00
2014.12.23 12:12:31.424,1.22237,1.22239,1.00,1.00
2014.12.23 12:12:31.779,1.2224,1.22241,2.25,1.00
2014.12.23 12:12:32.454,1.2224,1.22242,2.25,1.00
2014.12.23 12:12:33.776,1.22242,1.22245,1.00,7.05
2014.12.23 12:12:34.081,1.22249,1.22251,1.50,1.50
2014.12.23 12:12:34.585,1.2225,1.22252,1.25,1.00
2014.12.23 12:12:35.090,1.22251,1.22253,1.00,1.50
2014.12.23 12:12:36.385,1.22248,1.22249,1.10,1.50
2014.12.23 12:12:36.588,1.22236,1.22241,1.50,2.06
2014.12.23 12:12:36.639,1.22236,1.22237,2.25,1.00
2014.12.23 12:12:37.963,1.22236,1.22239,1.00,1.01
2014.12.23 12:12:42.536,1.22236,1.22237,1.00,4.50
2014.12.23 12:12:42.688,1.22233,1.22236,1.00,1.00
2014.12.23 12:12:42.789,1.22233,1.22235,1.00,1.00
2014.12.23 12:12:43.092,1.22231,1.22233,1.00,3.75
2014.12.23 12:12:43.648,1.22231,1.22232,1.00,3.00
2014.12.23 12:12:44.155,1.22231,1.22233,1.00,1.25
2014.12.23 12:12:44.760,1.22232,1.22233,2.25,1.25
2014.12.23 12:12:45.114,1.22233,1.22234,1.00,1.00
2014.12.23 12:12:45.641,1.22232,1.22234,1.00,1.12
2014.12.23 12:12:46.199,1.22232,1.22235,2.21,4.50
2014.12.23 12:12:47.240,1.22234,1.22235,1.00,1.50
2014.12.23 12:12:47.341,1.22236,1.2224,1.00,8.44
2014.12.23 12:12:47.392,1.22236,1.22238,1.00,1.00
2014.12.23 12:12:47.897,1.22237,1.22238,1.00,1.00
2014.12.23 12:12:48.417,1.22236,1.22238,1.00,1.00
2014.12.23 12:12:50.932,1.22236,1.22239,1.00,1.12
2014.12.23 12:12:53.266,1.22236,1.22239,1.00,3.37
2014.12.23 12:12:53.770,1.22235,1.22237,1.00,1.87
2014.12.23 12:12:57.697,1.22235,1.22236,1.00,1.00
2014.12.23 12:12:57.849,1.22206,1.22216,3.22,1.72
2014.12.23 12:12:57.900,1.22212,1.22215,1.00,1.12
2014.12.23 12:12:58.204,1.22211,1.22214,3.07,1.00
2014.12.23 12:12:58.356,1.22214,1.22216,5.29,1.00
2014.12.23 12:12:58.458,1.22214,1.22219,7.61,3.19
2014.12.23 12:12:58.560,1.22216,1.22219,1.69,1.50
2014.12.23 12:12:59.067,1.22217,1.2222,1.50,1.37
2014.12.23 12:13:00.341,1.22217,1.2222,1.91,1.37
2014.12.23 12:13:00.493,1.22219,1.22222,1.69,1.00
2014.12.23 12:13:00.696,1.22222,1.22223,2.10,1.00
2014.12.23 12:13:01.000,1.22225,1.22227,3.56,1.00
2014.12.23 12:13:01.305,1.22224,1.22226,1.50,1.12
2014.12.23 12:13:01.609,1.22226,1.22227,1.00,1.00
2014.12.23 12:13:07.361,1.22225,1.22227,1.61,1.00
2014.12.23 12:13:07.916,1.22226,1.22228,1.00,1.00
2014.12.23 12:13:13.343,1.22226,1.2223,1.69,1.12
2014.12.23 12:13:13.848,1.22226,1.22229,1.50,1.00
2014.12.23 12:13:15.084,1.22226,1.22229,1.00,1.37
2014.12.23 12:13:15.594,1.22226,1.22229,1.00,1.50
2014.12.23 12:13:19.391,1.22226,1.2223,1.00,2.06
2014.12.23 12:13:19.492,1.22226,1.22228,1.50,1.00
2014.12.23 12:13:19.694,1.22224,1.22229,3.26,2.81
2014.12.23 12:13:20.199,1.22225,1.2223,1.00,3.56
2014.12.23 12:13:20.705,1.22226,1.2223,1.00,2.81
2014.12.23 12:13:21.109,1.22225,1.22229,1.00,1.37
2014.12.23 12:13:21.614,1.22225,1.22229,1.00,1.69
2014.12.23 12:13:23.036,1.22225,1.22228,1.50,1.00
2014.12.23 12:13:23.647,1.22225,1.22229,1.50,1.25
2014.12.23 12:13:24.152,1.22226,1.2223,1.00,4.31
2014.12.23 12:13:25.010,1.22226,1.2223,1.00,3.56
2014.12.23 12:13:25.313,1.22225,1.22229,2.25,1.62
2014.12.23 12:13:25.846,1.22225,1.22229,2.92,1.25
2014.12.23 12:13:26.433,1.22225,1.2223,1.69,3.19
2014.12.23 12:13:26.737,1.22225,1.22229,2.06,1.37
2014.12.23 12:13:27.041,1.2221,1.22212,2.02,3.56
2014.12.23 12:13:27.091,1.22208,1.22209,1.00,1.00
2014.12.23 12:13:27.142,1.22206,1.22209,1.50,1.37
2014.12.23 12:13:27.244,1.22206,1.2221,3.60,1.39
2014.12.23 12:13:27.794,1.22205,1.22209,1.00,1.39
2014.12.23 12:13:28.047,1.22205,1.22208,1.50,1.37
2014.12.23 12:13:28.703,1.22203,1.22207,2.62,1.37
2014.12.23 12:13:29.208,1.22204,1.22207,2.85,1.37
2014.12.23 12:13:29.260,1.22204,1.22208,3.60,2.14
2014.12.23 12:13:29.563,1.22204,1.22208,1.69,1.87
2014.12.23 12:13:30.032,1.22205,1.22208,1.50,1.37
2014.12.23 12:13:30.537,1.22206,1.2221,2.25,2.81
2014.12.23 12:13:33.095,1.22207,1.22208,1.00,1.00
2014.12.23 12:13:33.615,1.22209,1.2221,1.00,1.87
2014.12.23 12:13:33.666,1.22209,1.2221,2.25,1.00
2014.12.23 12:13:33.717,1.2221,1.22212,3.04,1.00
2014.12.23 12:13:33.818,1.22212,1.22215,3.04,6.00
2014.12.23 12:13:33.920,1.22216,1.22217,1.00,1.00
2014.12.23 12:13:33.971,1.22216,1.2222,1.00,4.42
2014.12.23 12:13:34.476,1.22216,1.2222,1.00,4.87
2014.12.23 12:13:37.273,1.22217,1.2222,1.00,1.31
2014.12.23 12:13:37.425,1.22218,1.22222,2.44,1.95
2014.12.23 12:13:37.592,1.2222,1.22224,1.00,6.94
2014.12.23 12:13:39.469,1.22221,1.22224,1.00,3.56
2014.12.23 12:13:39.773,1.22225,1.22226,1.00,2.25
2014.12.23 12:13:39.824,1.22226,1.22228,1.00,1.00
2014.12.23 12:13:40.077,1.22226,1.2223,1.50,3.00
2014.12.23 12:13:40.583,1.22224,1.22229,1.50,2.25
2014.12.23 12:13:41.726,1.22224,1.22229,3.19,1.50
2014.12.23 12:13:43.784,1.22224,1.22229,3.19,1.87
2014.12.23 12:13:43.885,1.22224,1.22229,3.94,1.87
2014.12.23 12:13:43.987,1.22225,1.22229,1.12,1.31
2014.12.23 12:13:44.962,1.22225,1.22229,1.12,1.12
2014.12.23 12:13:46.241,1.22226,1.2223,1.00,6.82
2014.12.23 12:13:46.292,1.22227,1.2223,2.85,5.70
2014.12.23 12:13:46.799,1.22229,1.22233,1.25,1.37
2014.12.23 12:13:47.303,1.2223,1.22233,1.00,1.37
2014.12.23 12:13:53.954,1.2223,1.22231,1.00,2.10
2014.12.23 12:13:54.258,1.22208,1.2221,1.00,1.87
2014.12.23 12:13:54.359,1.22206,1.22209,2.47,1.12
2014.12.23 12:13:54.613,1.22206,1.2221,1.76,3.22
2014.12.23 12:13:55.675,1.22206,1.22209,1.00,2.25
2014.12.23 12:13:56.181,1.22206,1.22209,1.00,3.19
2014.12.23 12:13:56.690,1.22206,1.22209,1.00,1.31
2014.12.23 12:13:57.195,1.22206,1.22209,1.00,1.50
2014.12.23 12:13:59.171,1.22206,1.22209,1.00,2.06
2014.12.23 12:13:59.676,1.22206,1.22209,1.00,2.44
2014.12.23 12:14:00.193,1.22206,1.22209,1.00,2.06
2014.12.23 12:14:01.683,1.22207,1.2221,1.50,5.62
2014.12.23 12:14:01.785,1.22208,1.2221,1.87,1.12
2014.12.23 12:14:01.887,1.22209,1.22212,1.50,1.25
2014.12.23 12:14:06.789,1.22209,1.22212,1.19,1.00
2014.12.23 12:14:07.976,1.22209,1.22212,2.06,1.00
2014.12.23 12:14:08.079,1.22211,1.22214,1.12,1.57
2014.12.23 12:14:08.584,1.22211,1.22215,2.81,6.00
2014.12.23 12:14:09.120,1.22211,1.22214,2.81,1.00
2014.12.23 12:14:09.928,1.22211,1.22215,2.06,4.87
2014.12.23 12:14:10.433,1.22211,1.22215,3.56,5.25
2014.12.23 12:14:11.098,1.22211,1.22215,3.56,5.25
2014.12.23 12:14:12.341,1.22212,1.22215,1.00,3.37
2014.12.23 12:14:14.833,1.22211,1.22215,2.06,5.25
2014.12.23 12:14:19.121,1.22212,1.22215,1.69,3.37
2014.12.23 12:14:19.273,1.22214,1.22218,1.25,2.25
2014.12.23 12:14:19.526,1.22216,1.22219,1.25,1.00
2014.12.23 12:14:19.829,1.2222,1.22222,1.00,1.00
2014.12.23 12:14:19.883,1.22221,1.22222,1.00,1.00
2014.12.23 12:14:20.387,1.22221,1.22223,1.00,1.00
2014.12.23 12:14:22.671,1.22221,1.22222,1.00,1.00
2014.12.23 12:14:22.722,1.22218,1.22222,3.26,1.00
2014.12.23 12:14:23.227,1.22216,1.22222,4.01,1.50
2014.12.23 12:14:23.439,1.22218,1.22222,1.69,1.50
2014.12.23 12:14:23.944,1.22219,1.22222,1.25,1.00
2014.12.23 12:14:24.479,1.22219,1.22222,1.92,1.00
2014.12.23 12:14:25.299,1.22219,1.22222,1.61,1.00
2014.12.23 12:14:25.883,1.22218,1.22221,1.25,1.00
2014.12.23 12:14:26.393,1.22216,1.2222,4.31,1.00
2014.12.23 12:14:26.934,1.22216,1.2222,3.56,1.00
2014.12.23 12:14:27.486,1.22216,1.22221,3.56,3.75
2014.12.23 12:14:28.005,1.22216,1.2222,2.81,1.50
2014.12.23 12:14:28.552,1.22216,1.2222,3.56,1.00
2014.12.23 12:14:28.957,1.22215,1.22218,1.10,1.00
2014.12.23 12:14:33.653,1.22215,1.22218,1.50,1.69
2014.12.23 12:14:33.956,1.22212,1.22214,1.12,1.25
2014.12.23 12:14:34.007,1.22212,1.22214,1.00,2.44
2014.12.23 12:14:34.512,1.22211,1.22214,1.00,2.81
2014.12.23 12:14:35.871,1.22211,1.22214,1.00,2.81
2014.12.23 12:14:36.376,1.2221,1.22214,1.00,3.56
2014.12.23 12:14:36.730,1.22212,1.22215,1.00,13.12
2014.12.23 12:14:37.236,1.2221,1.22212,1.10,1.50
2014.12.23 12:14:37.388,1.22208,1.22212,1.00,1.00
2014.12.23 12:14:37.888,1.2221,1.22213,1.00,2.81
2014.12.23 12:14:40.021,1.22211,1.22213,1.00,1.31
2014.12.23 12:14:40.274,1.22214,1.22217,1.00,5.29
2014.12.23 12:14:40.427,1.22212,1.22217,2.25,2.44
2014.12.23 12:14:40.528,1.22212,1.22214,1.00,1.00
2014.12.23 12:14:41.033,1.22211,1.22213,1.00,1.00
2014.12.23 12:14:47.696,1.22211,1.22214,1.95,1.25
2014.12.23 12:14:47.999,1.22214,1.22217,1.00,2.25
2014.12.23 12:14:48.403,1.22211,1.22214,2.55,1.00
2014.12.23 12:14:48.556,1.22195,1.22197,1.00,1.00
2014.12.23 12:14:48.607,1.22193,1.22194,1.00,1.00
2014.12.23 12:14:48.759,1.22191,1.22195,2.25,6.26
2014.12.23 12:14:48.910,1.22188,1.22193,2.25,4.01
2014.12.23 12:14:49.213,1.22188,1.22191,1.00,1.19
2014.12.23 12:14:49.720,1.22187,1.22191,1.00,1.69
2014.12.23 12:14:50.230,1.22187,1.22191,1.00,1.69
2014.12.23 12:14:50.848,1.22188,1.22191,1.00,1.69
2014.12.23 12:14:51.358,1.22187,1.22191,1.69,1.50
2014.12.23 12:14:51.662,1.22187,1.22188,2.17,1.00
2014.12.23 12:14:51.712,1.22187,1.2219,1.42,1.69
2014.12.23 12:14:52.015,1.22188,1.22191,2.06,1.12
2014.12.23 12:14:52.319,1.2219,1.22193,1.31,1.00
2014.12.23 12:14:52.672,1.22189,1.22192,1.00,1.50
2014.12.23 12:14:53.934,1.22189,1.22192,1.00,1.00
2014.12.23 12:14:54.439,1.22189,1.22192,3.44,1.00
2014.12.23 12:14:55.301,1.22191,1.22194,1.00,2.25
2014.12.23 12:14:56.514,1.22192,1.22194,2.44,1.50
2014.12.23 12:14:56.616,1.22194,1.22195,1.00,1.00
2014.12.23 12:14:56.767,1.22194,1.22198,2.81,1.00
2014.12.23 12:14:57.071,1.22196,1.222,3.19,1.50
2014.12.23 12:14:57.379,1.222,1.22201,1.12,1.50
2014.12.23 12:14:57.884,1.22198,1.22202,1.62,1.50
2014.12.23 12:14:58.388,1.22198,1.22202,1.25,1.50
2014.12.23 12:15:00.772,1.22197,1.22201,6.19,1.00
2014.12.23 12:15:01.277,1.22199,1.22202,1.00,1.00
2014.12.23 12:15:03.278,1.22198,1.22202,1.00,1.00
2014.12.23 12:15:03.830,1.22197,1.22202,6.00,1.50
2014.12.23 12:15:04.883,1.22199,1.22202,1.00,1.69
2014.12.23 12:15:05.885,1.22197,1.222,4.12,2.10
2014.12.23 12:15:06.138,1.22195,1.22198,2.62,1.25
2014.12.23 12:15:06.745,1.22196,1.22198,1.00,1.00
2014.12.23 12:15:07.099,1.22195,1.222,5.81,2.44
2014.12.23 12:15:07.604,1.22196,1.222,1.25,2.25
2014.12.23 12:15:07.966,1.22196,1.22197,1.50,3.00
2014.12.23 12:15:08.219,1.22189,1.22191,1.87,1.50
2014.12.23 12:15:08.320,1.22186,1.22191,3.00,3.19
2014.12.23 12:15:08.834,1.22186,1.22191,2.25,2.44
2014.12.23 12:15:10.178,1.22186,1.22191,3.00,1.69
2014.12.23 12:15:11.268,1.22186,1.22191,3.00,1.69
2014.12.23 12:15:11.783,1.22187,1.22191,1.00,1.69
2014.12.23 12:15:12.330,1.22187,1.22191,1.00,1.69
2014.12.23 12:15:15.016,1.22188,1.22191,1.00,1.69
2014.12.23 12:15:15.521,1.22187,1.22191,1.00,2.44
2014.12.23 12:15:16.026,1.22187,1.22191,1.50,2.06
2014.12.23 12:15:16.649,1.22187,1.22191,1.00,2.81
2014.12.23 12:15:17.154,1.22187,1.22191,1.50,2.06
2014.12.23 12:15:17.669,1.22187,1.22191,1.50,2.06
2014.12.23 12:15:18.120,1.22189,1.22191,1.00,1.00
2014.12.23 12:15:18.424,1.22196,1.222,1.87,7.12
2014.12.23 12:15:18.475,1.22196,1.222,1.87,5.25
2014.12.23 12:15:18.526,1.22196,1.22198,2.62,1.00
2014.12.23 12:15:18.830,1.22172,1.22174,2.44,1.12
2014.12.23 12:15:18.932,1.2217,1.22174,4.31,1.12
2014.12.23 12:15:19.033,1.2217,1.22171,1.00,1.00
2014.12.23 12:15:19.084,1.22167,1.22171,2.62,1.69
2014.12.23 12:15:19.388,1.22166,1.2217,2.32,5.44
2014.12.23 12:15:19.590,1.22159,1.2216,1.00,1.54
2014.12.23 12:15:20.265,1.22159,1.22161,1.50,1.50
2014.12.23 12:15:20.470,1.22161,1.22163,6.00,2.25
2014.12.23 12:15:20.522,1.22163,1.22164,1.57,1.12
2014.12.23 12:15:20.674,1.22165,1.22167,1.37,2.25
2014.12.23 12:15:20.826,1.22161,1.22165,1.95,4.12
2014.12.23 12:15:20.878,1.22162,1.22166,1.50,3.19
2014.12.23 12:15:21.030,1.22162,1.22165,2.77,3.37
2014.12.23 12:15:21.081,1.22162,1.22163,1.50,5.10
2014.12.23 12:15:21.132,1.22161,1.22163,1.00,7.35
2014.12.23 12:15:21.183,1.2216,1.22163,1.00,2.44
2014.12.23 12:15:21.335,1.22158,1.22161,1.10,1.69
2014.12.23 12:15:21.841,1.22157,1.2216,1.50,1.54
2014.12.23 12:15:21.993,1.22157,1.22158,1.00,1.00
2014.12.23 12:15:22.094,1.22155,1.22159,2.14,3.75
2014.12.23 12:15:22.600,1.22155,1.22158,1.25,2.85
2014.12.23 12:15:23.206,1.22156,1.22158,1.00,2.25
2014.12.23 12:15:23.863,1.22157,1.2216,1.00,1.50
2014.12.23 12:15:24.329,1.22155,1.22158,3.37,1.12
2014.12.23 12:15:24.534,1.22152,1.22156,2.70,5.85
2014.12.23 12:15:24.737,1.22151,1.22153,1.57,1.35
2014.12.23 12:15:25.243,1.2215,1.22153,5.06,2.85
2014.12.23 12:15:25.698,1.22152,1.22155,3.34,1.50
2014.12.23 12:15:25.950,1.22152,1.22153,1.31,1.00
2014.12.23 12:15:27.670,1.22151,1.22154,2.70,2.25
2014.12.23 12:15:27.973,1.22153,1.22156,1.20,1.50
2014.12.23 12:15:29.022,1.22153,1.22156,2.84,1.50
2014.12.23 12:15:30.743,1.22153,1.22156,2.51,1.00
2014.12.23 12:15:30.847,1.22155,1.22157,1.00,1.50
2014.12.23 12:15:31.352,1.22154,1.22157,1.10,1.00
2014.12.23 12:15:31.879,1.22155,1.22157,1.00,1.00
2014.12.23 12:15:32.741,1.22156,1.22157,1.00,1.00
2014.12.23 12:15:33.254,1.22155,1.22157,1.25,1.00
2014.12.23 12:15:35.418,1.22156,1.22157,1.00,1.00
2014.12.23 12:15:35.629,1.22157,1.22158,2.06,1.00
2014.12.23 12:15:36.032,1.22158,1.2216,1.00,1.00
2014.12.23 12:15:36.838,1.22158,1.2216,1.25,1.00
2014.12.23 12:15:37.343,1.2216,1.22162,3.00,1.00
2014.12.23 12:15:38.200,1.2216,1.22163,3.37,2.32
2014.12.23 12:15:38.686,1.22162,1.22164,7.87,1.00
2014.12.23 12:15:38.788,1.22165,1.22166,1.00,1.50
2014.12.23 12:15:39.294,1.22165,1.22167,1.12,1.00
2014.12.23 12:15:40.315,1.22165,1.22166,1.00,1.00
2014.12.23 12:15:40.467,1.22163,1.22166,1.00,2.25
2014.12.23 12:15:40.670,1.22164,1.22166,1.00,1.00
2014.12.23 12:15:40.924,1.22163,1.22166,1.12,1.00
2014.12.23 12:15:41.076,1.22162,1.22164,1.00,1.00
2014.12.23 12:15:41.177,1.22161,1.22163,5.70,1.00
2014.12.23 12:15:41.984,1.22164,1.22166,1.00,5.32
2014.12.23 12:15:42.087,1.22165,1.22166,1.87,1.57
2014.12.23 12:15:42.188,1.22167,1.22169,1.00,2.25
2014.12.23 12:15:42.693,1.22167,1.2217,3.56,1.00
2014.12.23 12:15:43.754,1.22169,1.2217,1.00,1.00
2014.12.23 12:15:44.260,1.22168,1.22169,1.00,1.00
2014.12.23 12:15:44.765,1.22167,1.22169,1.00,1.00
2014.12.23 12:15:45.069,1.22169,1.22171,1.00,1.00
2014.12.23 12:15:45.473,1.2217,1.22171,1.00,1.50
2014.12.23 12:15:46.029,1.2217,1.22173,1.00,2.44
2014.12.23 12:15:48.240,1.22168,1.22173,4.69,3.00
2014.12.23 12:15:48.768,1.22168,1.22172,4.69,1.00
2014.12.23 12:15:49.071,1.22169,1.22173,1.37,3.19
2014.12.23 12:15:50.085,1.22171,1.22172,1.12,1.00
2014.12.23 12:15:50.338,1.22169,1.22172,1.00,1.00
2014.12.23 12:15:51.518,1.22169,1.22172,1.00,3.79
2014.12.23 12:15:53.006,1.22169,1.22171,1.00,1.12
2014.12.23 12:15:53.512,1.22169,1.22171,1.00,1.12
2014.12.23 12:15:55.504,1.22167,1.22169,1.12,1.00
2014.12.23 12:15:56.009,1.22166,1.22169,1.00,1.87
2014.12.23 12:15:57.239,1.22166,1.22167,1.00,1.00
2014.12.23 12:15:58.372,1.22163,1.22167,2.14,3.60
2014.12.23 12:15:58.575,1.2216,1.22161,1.00,1.00
2014.12.23 12:15:58.667,1.22157,1.22159,1.05,1.00
2014.12.23 12:15:58.771,1.22156,1.22158,1.00,1.00
2014.12.23 12:15:59.277,1.22155,1.22159,2.06,1.50
2014.12.23 12:15:59.328,1.22155,1.22159,2.06,1.50
2014.12.23 12:15:59.897,1.22155,1.22157,1.01,1.00
2014.12.23 12:16:00.551,1.22155,1.22159,2.89,1.12
2014.12.23 12:16:00.753,1.22153,1.22155,5.25,2.50
2014.12.23 12:16:00.856,1.22153,1.22154,1.87,1.12
2014.12.23 12:16:00.907,1.22151,1.22153,1.62,1.50
2014.12.23 12:16:01.261,1.22154,1.22156,1.00,3.22
2014.12.23 12:16:01.312,1.22154,1.22155,1.00,1.12
2014.12.23 12:16:01.818,1.22153,1.22156,1.25,1.00
2014.12.23 12:16:02.221,1.22155,1.22156,1.00,1.00
2014.12.23 12:16:02.525,1.22156,1.22159,1.00,2.25
2014.12.23 12:16:03.031,1.22157,1.22158,1.00,1.00
2014.12.23 12:16:03.536,1.22155,1.22158,1.31,1.00
2014.12.23 12:16:03.890,1.22158,1.22159,1.00,1.00
2014.12.23 12:16:04.839,1.22155,1.22156,1.50,1.00
2014.12.23 12:16:04.991,1.22155,1.22156,1.00,1.00
2014.12.23 12:16:05.345,1.22152,1.22156,1.12,1.69
2014.12.23 12:16:05.497,1.22151,1.22154,2.89,1.00
2014.12.23 12:16:05.800,1.22154,1.22155,1.00,1.00
2014.12.23 12:16:05.901,1.22152,1.22155,1.01,1.00
2014.12.23 12:16:06.608,1.22152,1.22155,1.99,1.00
2014.12.23 12:16:07.113,1.22154,1.22156,1.00,1.00
2014.12.23 12:16:09.468,1.22155,1.22159,1.00,2.44
2014.12.23 12:16:09.973,1.22154,1.22156,1.69,1.00
2014.12.23 12:16:10.025,1.22154,1.22157,1.00,1.00
2014.12.23 12:16:10.177,1.22153,1.22155,1.20,1.00
2014.12.23 12:16:10.278,1.22153,1.22155,1.00,1.76
2014.12.23 12:16:10.683,1.22151,1.22153,1.87,1.00
2014.12.23 12:16:11.189,1.22151,1.22153,1.00,1.00
2014.12.23 12:16:11.492,1.22151,1.22153,1.00,1.00
2014.12.23 12:16:11.795,1.22151,1.22153,1.87,1.00
2014.12.23 12:16:12.300,1.22151,1.22153,1.87,1.00
2014.12.23 12:16:12.704,1.22151,1.22153,1.87,1.00
2014.12.23 12:16:12.755,1.22153,1.22155,1.00,2.96
2014.12.23 12:16:13.262,1.22155,1.22156,1.00,1.25
2014.12.23 12:16:13.414,1.22151,1.22154,1.39,1.00
2014.12.23 12:16:14.796,1.22151,1.22154,3.06,1.00
2014.12.23 12:16:15.301,1.22151,1.22155,2.87,7.31
2014.12.23 12:16:16.339,1.22151,1.22154,1.87,1.50
2014.12.23 12:16:17.044,1.22151,1.22153,1.87,1.00
2014.12.23 12:16:20.600,1.22151,1.22153,1.87,1.00
2014.12.23 12:16:20.803,1.22156,1.22157,1.00,1.00
2014.12.23 12:16:21.680,1.22157,1.22159,1.00,1.25
2014.12.23 12:16:22.819,1.22158,1.2216,1.00,1.20
2014.12.23 12:16:22.972,1.22158,1.2216,1.00,1.46
2014.12.23 12:16:23.314,1.22156,1.22159,2.06,1.00
2014.12.23 12:16:23.872,1.22156,1.22159,1.95,1.69
2014.12.23 12:16:24.024,1.22153,1.22155,1.12,1.00
2014.12.23 12:16:24.480,1.22152,1.22154,1.00,1.00
2014.12.23 12:16:24.985,1.22151,1.22153,1.12,1.25
2014.12.23 12:16:26.450,1.22151,1.22154,1.37,1.19
2014.12.23 12:16:26.955,1.22153,1.22154,1.00,1.25
2014.12.23 12:16:27.979,1.22151,1.22154,1.37,1.25
2014.12.23 12:16:28.429,1.22154,1.22156,1.00,2.51
2014.12.23 12:16:28.686,1.22157,1.22158,1.00,1.50
2014.12.23 12:16:29.190,1.22156,1.22158,1.00,1.00
2014.12.23 12:16:30.539,1.22156,1.22159,1.00,1.00
2014.12.23 12:16:30.943,1.22158,1.2216,1.00,2.62
2014.12.23 12:16:31.248,1.2216,1.22163,1.00,2.81
2014.12.23 12:16:32.260,1.2216,1.22162,1.00,1.50
2014.12.23 12:16:32.917,1.22159,1.22162,3.00,2.25
2014.12.23 12:16:33.119,1.22158,1.2216,1.00,1.50
2014.12.23 12:16:33.221,1.22156,1.2216,1.76,2.62
2014.12.23 12:16:35.165,1.22156,1.22161,2.62,2.44
2014.12.23 12:16:35.216,1.22159,1.22161,1.00,1.50
2014.12.23 12:16:35.368,1.2216,1.22163,1.00,4.01
2014.12.23 12:16:35.873,1.22161,1.22163,1.00,3.19
2014.12.23 12:16:36.378,1.22162,1.22164,1.00,2.51
2014.12.23 12:16:36.833,1.22159,1.22161,2.25,1.00
2014.12.23 12:16:36.985,1.2216,1.22162,1.00,6.60
2014.12.23 12:16:37.086,1.22158,1.22162,1.00,1.69
2014.12.23 12:16:37.187,1.22158,1.22162,1.00,1.69
2014.12.23 12:16:37.491,1.22157,1.22162,2.62,1.69
2014.12.23 12:16:37.996,1.2216,1.22162,1.00,1.69
2014.12.23 12:16:38.513,1.22161,1.22163,1.00,4.76
2014.12.23 12:16:38.768,1.22161,1.22163,1.00,1.50
2014.12.23 12:16:38.870,1.2216,1.22164,3.19,1.37
2014.12.23 12:16:38.972,1.22159,1.22163,1.37,7.31
2014.12.23 12:16:39.023,1.22159,1.22162,1.00,2.66
2014.12.23 12:16:39.175,1.22157,1.22161,1.00,6.41
2014.12.23 12:16:39.530,1.22156,1.22159,1.50,1.19
2014.12.23 12:16:40.394,1.22156,1.22159,1.50,1.69
2014.12.23 12:16:40.898,1.22157,1.22159,1.00,4.69
2014.12.23 12:16:41.605,1.22156,1.22159,1.50,4.31
2014.12.23 12:16:42.111,1.22156,1.22157,1.50,1.00
2014.12.23 12:16:42.622,1.22156,1.22157,1.00,1.00
2014.12.23 12:16:44.232,1.22157,1.22158,1.00,1.69
2014.12.23 12:16:46.226,1.22156,1.22158,1.50,1.00
2014.12.23 12:16:48.416,1.22157,1.22159,1.00,1.50
2014.12.23 12:16:49.451,1.22157,1.22159,1.00,1.69
2014.12.23 12:16:50.936,1.22159,1.22161,1.00,3.19
2014.12.23 12:16:50.987,1.22159,1.22161,1.50,1.25
2014.12.23 12:16:52.048,1.22159,1.22162,1.00,2.44
2014.12.23 12:16:52.575,1.22159,1.22161,1.50,1.00
2014.12.23 12:16:52.727,1.22158,1.2216,1.20,1.19
2014.12.23 12:16:53.031,1.22157,1.2216,1.00,3.56
2014.12.23 12:16:53.545,1.22157,1.2216,1.00,1.12
2014.12.23 12:16:53.597,1.22159,1.22161,1.00,2.25
2014.12.23 12:16:53.900,1.22161,1.22162,1.00,1.25
2014.12.23 12:16:54.052,1.22159,1.22162,2.25,1.25
2014.12.23 12:16:54.556,1.2216,1.22163,1.50,1.69
2014.12.23 12:16:55.099,1.2216,1.22163,1.50,1.25
2014.12.23 12:16:55.608,1.22161,1.22164,3.60,3.64
2014.12.23 12:16:55.912,1.22165,1.22167,2.25,1.00
2014.12.23 12:16:56.014,1.22164,1.22165,1.00,1.00
2014.12.23 12:16:56.771,1.2216,1.22164,6.00,1.19
2014.12.23 12:16:56.872,1.22162,1.22164,1.50,1.19
2014.12.23 12:16:57.737,1.22162,1.22165,1.00,3.56
2014.12.23 12:16:58.242,1.2216,1.22165,3.07,3.19
2014.12.23 12:16:58.394,1.2216,1.22162,1.10,1.69
2014.12.23 12:17:01.516,1.22159,1.22162,1.50,1.69
2014.12.23 12:17:06.391,1.22159,1.22162,3.60,1.25
2014.12.23 12:17:06.917,1.2216,1.22162,1.00,1.25
2014.12.23 12:17:07.472,1.22159,1.22162,1.50,1.25
2014.12.23 12:17:08.386,1.22159,1.22163,2.10,2.89
2014.12.23 12:17:09.367,1.22159,1.22163,1.50,1.76
2014.12.23 12:17:10.739,1.22159,1.22161,1.00,1.00
2014.12.23 12:17:12.163,1.22159,1.22162,1.00,1.19
2014.12.23 12:17:12.667,1.2216,1.22162,1.00,1.00
2014.12.23 12:17:13.214,1.2216,1.22163,1.00,1.76
2014.12.23 12:17:13.722,1.22161,1.22164,1.00,2.25
2014.12.23 12:17:14.026,1.22162,1.22164,1.00,1.50
2014.12.23 12:17:14.532,1.22162,1.22164,1.00,1.00
2014.12.23 12:17:15.037,1.22162,1.22163,1.00,1.00
2014.12.23 12:17:16.266,1.22161,1.22163,1.00,1.00
2014.12.23 12:17:16.569,1.2216,1.22161,1.00,1.00
2014.12.23 12:17:17.631,1.2216,1.22163,1.87,1.50
2014.12.23 12:17:18.136,1.22161,1.22164,1.87,1.69
2014.12.23 12:17:19.600,1.22161,1.22164,1.50,2.44
2014.12.23 12:17:21.613,1.22161,1.22164,1.50,1.69
2014.12.23 12:17:22.300,1.22161,1.22164,1.00,1.69
2014.12.23 12:17:23.622,1.2216,1.22162,1.00,1.50
2014.12.23 12:17:24.126,1.2216,1.22163,1.00,3.94
2014.12.23 12:17:24.863,1.2216,1.22163,1.00,3.19
2014.12.23 12:17:25.407,1.2216,1.22163,1.00,3.19
2014.12.23 12:17:25.919,1.2216,1.22162,1.00,1.00
2014.12.23 12:17:27.545,1.22159,1.22162,1.50,1.50
2014.12.23 12:17:28.050,1.22159,1.22161,1.50,1.00
2014.12.23 12:17:28.264,1.22159,1.22162,1.87,1.25
2014.12.23 12:17:28.568,1.2216,1.22164,3.37,2.44
2014.12.23 12:17:29.883,1.2216,1.22162,1.00,1.00
2014.12.23 12:17:30.136,1.22159,1.22162,3.07,1.00
2014.12.23 12:17:30.288,1.22161,1.22163,1.00,1.69
2014.12.23 12:17:30.805,1.22161,1.22163,1.00,3.19
2014.12.23 12:17:31.336,1.22161,1.22163,1.12,1.69
2014.12.23 12:17:32.853,1.22161,1.22162,1.50,1.00
2014.12.23 12:17:33.107,1.22157,1.22159,1.00,1.00
2014.12.23 12:17:33.612,1.22156,1.22159,1.50,1.50
2014.12.23 12:17:34.126,1.22156,1.22159,1.50,2.44
2014.12.23 12:17:35.940,1.22156,1.22159,1.50,1.50
2014.12.23 12:17:36.049,1.22158,1.2216,1.50,1.57
2014.12.23 12:17:36.560,1.22158,1.22161,1.00,1.25
2014.12.23 12:17:38.109,1.22158,1.22162,1.69,2.25
2014.12.23 12:17:38.413,1.22158,1.2216,1.00,1.50
2014.12.23 12:17:39.546,1.22158,1.22161,1.50,2.25
2014.12.23 12:17:41.225,1.22158,1.22162,1.00,1.00
2014.12.23 12:17:41.743,1.22159,1.2216,1.00,1.00
2014.12.23 12:17:42.249,1.22158,1.2216,1.00,2.25
2014.12.23 12:17:43.670,1.22158,1.22161,2.62,3.00
2014.12.23 12:17:43.973,1.22163,1.22165,1.01,1.50
2014.12.23 12:17:44.075,1.22162,1.22166,4.50,1.00
2014.12.23 12:17:44.602,1.22165,1.22167,1.00,1.00
2014.12.23 12:17:45.723,1.22165,1.22167,1.00,1.00
2014.12.23 12:17:45.774,1.22161,1.22163,3.07,1.50
2014.12.23 12:17:45.875,1.22157,1.2216,4.87,5.25
2014.12.23 12:17:46.128,1.22159,1.22161,1.00,2.44
2014.12.23 12:17:46.432,1.22161,1.22163,1.50,1.20
2014.12.23 12:17:46.635,1.22167,1.22171,1.00,3.56
2014.12.23 12:17:46.837,1.22168,1.22171,1.00,1.00
2014.12.23 12:17:46.938,1.22168,1.22173,1.69,2.42
2014.12.23 12:17:47.443,1.22169,1.22173,1.00,2.42
2014.12.23 12:17:48.269,1.2217,1.22173,1.00,1.86
2014.12.23 12:17:48.925,1.22169,1.22173,1.50,1.67
2014.12.23 12:17:49.430,1.2217,1.22173,1.00,1.57
2014.12.23 12:17:49.967,1.22169,1.22173,1.00,3.36
2014.12.23 12:17:52.097,1.22169,1.22171,1.00,1.00
2014.12.23 12:17:52.603,1.22168,1.2217,1.00,1.00
2014.12.23 12:17:52.705,1.22167,1.2217,1.00,2.06
2014.12.23 12:17:54.327,1.22168,1.2217,1.00,1.12
2014.12.23 12:17:58.325,1.22168,1.2217,1.00,1.00
2014.12.23 12:18:01.399,1.22169,1.22171,1.00,1.00
2014.12.23 12:18:04.465,1.22169,1.22172,1.00,2.51
2014.12.23 12:18:04.969,1.22169,1.22171,1.00,1.00
2014.12.23 12:18:05.867,1.2217,1.22173,1.00,1.69
2014.12.23 12:18:06.173,1.22171,1.22174,1.00,3.66
2014.12.23 12:18:06.679,1.22171,1.22174,1.00,3.66
2014.12.23 12:18:09.832,1.22172,1.22174,1.00,2.98
2014.12.23 12:18:10.382,1.22172,1.22174,1.00,2.98
2014.12.23 12:18:16.206,1.22172,1.22174,1.00,1.86
2014.12.23 12:18:16.559,1.22172,1.22174,1.00,1.34
2014.12.23 12:18:17.106,1.22172,1.22174,1.00,1.34
2014.12.23 12:18:17.626,1.22173,1.22174,1.00,1.25
2014.12.23 12:18:18.937,1.22173,1.22175,2.25,3.37
2014.12.23 12:18:19.241,1.22176,1.22179,1.00,1.25
2014.12.23 12:18:19.646,1.22175,1.22177,1.50,1.00
2014.12.23 12:18:20.166,1.22175,1.22178,1.50,1.25
2014.12.23 12:18:20.705,1.22175,1.22177,1.00,1.00
2014.12.23 12:18:21.210,1.22173,1.22175,1.10,2.25
2014.12.23 12:18:21.261,1.22173,1.22174,1.10,1.00
2014.12.23 12:18:21.766,1.22173,1.22175,1.00,2.06
2014.12.23 12:18:23.136,1.22172,1.22174,1.10,1.00
2014.12.23 12:18:24.043,1.22173,1.22174,1.00,1.69
2014.12.23 12:18:24.347,1.22171,1.22174,1.57,3.19
2014.12.23 12:18:24.865,1.22171,1.22174,1.50,3.94
2014.12.23 12:18:26.346,1.22171,1.22174,1.00,3.94
2014.12.23 12:18:29.481,1.22171,1.22174,1.00,3.94
2014.12.23 12:18:29.990,1.2217,1.22174,1.57,3.94
2014.12.23 12:18:30.707,1.2217,1.22172,1.57,1.00
2014.12.23 12:18:31.236,1.2217,1.22173,1.50,2.44
2014.12.23 12:18:33.746,1.2217,1.22172,1.50,2.25
2014.12.23 12:18:34.254,1.22169,1.22172,2.25,2.25
2014.12.23 12:18:34.759,1.22169,1.22172,2.25,2.44
2014.12.23 12:18:35.447,1.22169,1.22172,2.25,1.69
2014.12.23 12:18:35.977,1.2217,1.22173,1.00,3.19
2014.12.23 12:18:36.482,1.22171,1.22173,1.00,1.25
2014.12.23 12:18:36.785,1.22169,1.22173,3.75,1.25
2014.12.23 12:18:37.290,1.22169,1.22172,1.50,2.44
2014.12.23 12:18:37.750,1.22169,1.2217,1.00,1.00
2014.12.23 12:18:40.529,1.22168,1.2217,1.50,3.00
2014.12.23 12:18:42.812,1.22169,1.2217,1.00,1.50
2014.12.23 12:18:43.317,1.22168,1.2217,1.50,3.75
2014.12.23 12:18:43.952,1.22169,1.2217,1.00,3.75
2014.12.23 12:18:46.583,1.22169,1.22171,1.00,1.69
2014.12.23 12:18:47.189,1.22169,1.2217,1.00,1.00
2014.12.23 12:18:55.317,1.22169,1.22171,1.00,1.00
2014.12.23 12:18:55.958,1.22169,1.2217,1.00,1.00
2014.12.23 12:18:56.312,1.22169,1.22172,1.00,3.19
2014.12.23 12:18:57.280,1.22169,1.22171,1.00,1.00
2014.12.23 12:18:57.787,1.22168,1.2217,1.00,1.00
2014.12.23 12:18:58.352,1.22168,1.22169,1.00,1.00
2014.12.23 12:18:58.890,1.22167,1.22169,1.00,1.00
2014.12.23 12:18:59.404,1.22167,1.2217,1.00,2.44
2014.12.23 12:19:01.102,1.22167,1.22169,1.50,1.00
2014.12.23 12:19:01.611,1.22167,1.2217,1.50,1.25
2014.12.23 12:19:02.128,1.22167,1.22169,1.50,1.00
2014.12.23 12:19:02.671,1.22167,1.2217,1.50,1.69
2014.12.23 12:19:03.914,1.22167,1.22169,1.50,1.00
2014.12.23 12:19:04.810,1.22167,1.2217,1.50,1.31
2014.12.23 12:19:06.847,1.22167,1.2217,1.00,1.31
2014.12.23 12:19:07.352,1.22166,1.22169,1.00,1.25
2014.12.23 12:19:08.653,1.22167,1.22169,1.00,1.69
2014.12.23 12:19:16.756,1.22165,1.22169,3.07,3.79
2014.12.23 12:19:16.959,1.22161,1.22164,1.50,1.00
2014.12.23 12:19:19.004,1.2216,1.22164,4.57,1.69
2014.12.23 12:19:19.780,1.2216,1.22164,3.82,2.44
2014.12.23 12:19:22.464,1.2216,1.22164,3.07,4.69
2014.12.23 12:19:22.515,1.2216,1.22162,2.32,1.00
2014.12.23 12:19:22.770,1.22152,1.22154,1.00,1.50
2014.12.23 12:19:22.871,1.2215,1.22154,5.62,4.76
2014.12.23 12:19:23.621,1.2215,1.22153,2.62,1.00
2014.12.23 12:19:23.874,1.2215,1.22153,2.62,1.00
2014.12.23 12:19:24.400,1.22151,1.22154,1.87,1.69
2014.12.23 12:19:24.452,1.22151,1.22154,1.50,1.69
2014.12.23 12:19:25.809,1.22151,1.22155,1.50,3.56
2014.12.23 12:19:25.910,1.22151,1.22152,1.00,1.50
2014.12.23 12:19:26.012,1.22148,1.22151,1.10,1.25
2014.12.23 12:19:26.517,1.22147,1.2215,1.00,2.44
2014.12.23 12:19:27.275,1.22145,1.2215,4.39,6.25
2014.12.23 12:19:28.285,1.22144,1.2215,3.56,3.94
2014.12.23 12:19:30.328,1.22145,1.2215,1.39,10.54
2014.12.23 12:19:30.430,1.22142,1.22145,6.00,1.50
2014.12.23 12:19:30.582,1.22141,1.22145,2.14,6.84
2014.12.23 12:19:31.087,1.22142,1.22144,1.87,3.47
2014.12.23 12:19:31.592,1.2214,1.22144,4.50,3.47
2014.12.23 12:19:32.097,1.2214,1.22143,6.93,1.00
2014.12.23 12:19:33.498,1.2214,1.22144,4.51,3.66
2014.12.23 12:19:34.029,1.22141,1.22144,1.12,1.97
2014.12.23 12:19:35.868,1.2214,1.22142,6.97,1.00
2014.12.23 12:19:36.171,1.2214,1.22143,6.56,3.00
2014.12.23 12:19:40.289,1.2214,1.22143,5.44,2.25
2014.12.23 12:19:40.795,1.2214,1.22143,3.94,1.50
2014.12.23 12:19:41.300,1.22141,1.22143,1.00,1.50
2014.12.23 12:19:46.214,1.22142,1.22144,1.00,2.62
2014.12.23 12:19:46.838,1.22142,1.22144,1.00,2.62
2014.12.23 12:19:51.154,1.22143,1.22144,1.50,1.50
2014.12.23 12:19:51.257,1.22144,1.22148,1.77,3.26
2014.12.23 12:19:51.762,1.22145,1.22148,1.25,1.12
2014.12.23 12:19:55.377,1.22145,1.22149,1.31,2.62
2014.12.23 12:19:56.390,1.22145,1.22149,1.31,1.87
2014.12.23 12:19:57.348,1.22146,1.22149,1.00,1.87
2014.12.23 12:19:59.384,1.22146,1.2215,2.51,7.87
2014.12.23 12:20:00.459,1.22146,1.2215,1.01,6.37
2014.12.23 12:20:00.964,1.22147,1.2215,1.00,7.12
2014.12.23 12:20:01.469,1.22146,1.2215,1.01,9.37
2014.12.23 12:20:06.017,1.22146,1.22149,1.01,1.00
2014.12.23 12:20:06.421,1.22147,1.22149,1.19,1.00
2014.12.23 12:20:06.674,1.22148,1.2215,1.76,1.00
2014.12.23 12:20:07.193,1.22147,1.22151,1.26,1.50
2014.12.23 12:20:09.374,1.22147,1.22151,1.01,2.25
2014.12.23 12:20:09.879,1.22147,1.22151,1.33,1.50
2014.12.23 12:20:10.727,1.22148,1.22151,1.29,2.25
2014.12.23 12:20:11.294,1.2215,1.22151,1.00,1.00
2014.12.23 12:20:14.013,1.22149,1.22151,1.25,1.00
2014.12.23 12:20:14.114,1.22149,1.22153,1.69,2.25
2014.12.23 12:20:14.621,1.2215,1.22154,1.50,3.00
2014.12.23 12:20:14.723,1.22152,1.22155,1.50,3.37
2014.12.23 12:20:15.229,1.2215,1.22154,1.76,1.00
2014.12.23 12:20:15.734,1.2215,1.22154,1.57,1.25
2014.12.23 12:20:16.357,1.22152,1.22154,1.12,1.00
2014.12.23 12:20:16.661,1.22157,1.2216,1.25,1.87
2014.12.23 12:20:17.318,1.22158,1.2216,1.00,1.00
2014.12.23 12:20:17.874,1.22158,1.22162,1.10,1.50
2014.12.23 12:20:18.379,1.22159,1.22162,1.00,1.25
2014.12.23 12:20:18.531,1.22157,1.22161,3.00,2.44
2014.12.23 12:20:19.053,1.22157,1.2216,3.00,1.50
2014.12.23 12:20:19.567,1.22158,1.22162,1.00,3.94
2014.12.23 12:20:19.982,1.22158,1.22162,3.37,1.50
2014.12.23 12:20:20.083,1.2216,1.22163,5.62,1.57
2014.12.23 12:20:20.286,1.22163,1.22164,1.00,1.00
2014.12.23 12:20:20.812,1.22163,1.22165,1.00,7.69
2014.12.23 12:20:22.041,1.22162,1.22165,1.12,9.56
2014.12.23 12:20:22.551,1.22163,1.22165,1.00,7.69
2014.12.23 12:20:25.483,1.22161,1.22165,2.62,8.06
2014.12.23 12:20:25.989,1.22161,1.22165,2.62,8.81
2014.12.23 12:20:26.563,1.22161,1.22165,2.62,8.81
2014.12.23 12:20:27.986,1.22161,1.22163,1.87,1.00
2014.12.23 12:20:28.592,1.22161,1.22165,3.37,7.39
2014.12.23 12:20:30.057,1.22161,1.22165,3.37,9.49
2014.12.23 12:20:30.310,1.22157,1.2216,3.00,1.50
2014.12.23 12:20:30.816,1.22158,1.2216,1.00,1.87
2014.12.23 12:20:31.068,1.22157,1.22158,3.00,2.10
2014.12.23 12:20:31.321,1.22153,1.22156,2.62,1.00
2014.12.23 12:20:31.835,1.22155,1.22159,1.00,3.94
2014.12.23 12:20:32.375,1.22156,1.22159,1.00,1.69
2014.12.23 12:20:32.920,1.22156,1.22159,1.00,1.69
2014.12.23 12:20:36.378,1.22157,1.22159,1.00,1.00
2014.12.23 12:20:36.885,1.22157,1.2216,1.00,2.06
2014.12.23 12:20:37.899,1.22156,1.2216,1.00,2.06
2014.12.23 12:20:38.610,1.22155,1.2216,4.31,2.06
2014.12.23 12:20:39.115,1.22155,1.2216,2.25,6.19
2014.12.23 12:20:39.872,1.22155,1.2216,3.00,2.97
2014.12.23 12:20:40.377,1.22155,1.2216,3.00,4.01
2014.12.23 12:20:40.882,1.22155,1.2216,3.00,4.39
2014.12.23 12:20:42.109,1.22155,1.22159,1.00,1.76
2014.12.23 12:20:43.643,1.22156,1.2216,1.00,3.94
2014.12.23 12:20:43.845,1.22157,1.22161,1.00,4.69
2014.12.23 12:20:44.832,1.22157,1.22161,1.00,3.94
2014.12.23 12:20:48.805,1.22157,1.2216,1.00,2.81
2014.12.23 12:20:50.839,1.22157,1.2216,1.00,3.19
2014.12.23 12:20:53.450,1.22158,1.2216,1.00,2.44
2014.12.23 12:20:53.552,1.2216,1.22161,1.00,1.87
2014.12.23 12:20:53.653,1.2216,1.22163,1.00,3.07
2014.12.23 12:20:54.158,1.2216,1.22164,4.12,1.00
2014.12.23 12:20:54.663,1.2216,1.22165,5.62,9.37
2014.12.23 12:20:55.188,1.22161,1.22165,1.00,8.62
2014.12.23 12:20:56.464,1.2216,1.22165,5.62,9.37
2014.12.23 12:20:57.022,1.22162,1.22165,1.00,6.75
2014.12.23 12:20:57.528,1.22161,1.22165,1.50,3.00
2014.12.23 12:20:58.034,1.22162,1.22165,1.00,6.75
2014.12.23 12:20:58.540,1.22161,1.22165,1.50,3.75
2014.12.23 12:20:58.847,1.22165,1.22167,1.00,3.07
2014.12.23 12:20:58.899,1.22166,1.22169,1.00,4.87
2014.12.23 12:20:59.001,1.22167,1.22169,1.00,1.00
2014.12.23 12:20:59.355,1.22168,1.22172,1.87,1.12
2014.12.23 12:20:59.406,1.2217,1.22172,1.12,1.12
2014.12.23 12:20:59.457,1.2217,1.22174,3.52,3.82
2014.12.23 12:20:59.661,1.22171,1.22175,2.44,9.07
2014.12.23 12:21:00.066,1.22171,1.22175,1.12,9.64
2014.12.23 12:21:01.031,1.2217,1.22175,3.37,10.65
2014.12.23 12:21:01.535,1.2217,1.22174,2.62,1.25
2014.12.23 12:21:02.256,1.22172,1.22174,1.00,1.25
2014.12.23 12:21:03.238,1.22171,1.22174,1.12,1.00
2014.12.23 12:21:05.804,1.2217,1.22174,1.87,1.50
2014.12.23 12:21:06.309,1.22169,1.22173,2.06,1.50
2014.12.23 12:21:06.824,1.22169,1.22172,1.12,1.00
2014.12.23 12:21:07.344,1.22169,1.22173,1.12,1.50
2014.12.23 12:21:09.793,1.2217,1.22173,1.37,1.00
2014.12.23 12:21:10.297,1.2217,1.22175,3.00,12.94
2014.12.23 12:21:10.821,1.2217,1.22175,3.94,12.19
2014.12.23 12:21:11.455,1.2217,1.22172,2.44,1.00
2014.12.23 12:21:11.606,1.22168,1.22173,1.10,4.69
2014.12.23 12:21:11.913,1.22167,1.2217,1.69,1.50
2014.12.23 12:21:12.422,1.22168,1.2217,1.00,1.50
2014.12.23 12:21:16.381,1.22168,1.2217,2.92,1.12
2014.12.23 12:21:16.684,1.22175,1.22178,1.00,1.76
2014.12.23 12:21:16.735,1.22175,1.22178,1.50,1.25
2014.12.23 12:21:17.240,1.22176,1.22179,1.00,1.00
2014.12.23 12:21:18.545,1.22174,1.22176,2.32,3.75
2014.12.23 12:21:18.698,1.22173,1.22175,1.27,2.25
2014.12.23 12:21:18.901,1.22171,1.22175,1.00,8.06
2014.12.23 12:21:19.763,1.2217,1.22175,2.81,6.56
2014.12.23 12:21:19.914,1.22172,1.22175,1.00,5.81
2014.12.23 12:21:22.686,1.22171,1.22174,1.50,1.00
2014.12.23 12:21:27.010,1.22172,1.22174,1.00,1.00
2014.12.23 12:21:27.214,1.2217,1.22174,2.25,1.50
2014.12.23 12:21:28.340,1.22172,1.22174,1.00,1.00
2014.12.23 12:21:28.594,1.22172,1.22176,1.50,3.00
2014.12.23 12:21:29.101,1.22173,1.22176,1.00,3.00
2014.12.23 12:21:29.636,1.22174,1.22177,1.00,2.25
2014.12.23 12:21:29.839,1.22174,1.22175,1.00,3.00
2014.12.23 12:21:29.990,1.22171,1.22174,1.57,1.00
2014.12.23 12:21:31.212,1.22171,1.22175,1.50,7.87
2014.12.23 12:21:31.717,1.22172,1.22176,1.00,1.50
2014.12.23 12:21:32.290,1.22172,1.22175,1.25,3.00
2014.12.23 12:21:33.048,1.22172,1.22174,1.50,1.00
2014.12.23 12:21:33.099,1.22168,1.22171,4.42,2.50
2014.12.23 12:21:33.252,1.22167,1.22169,1.76,1.00
2014.12.23 12:21:33.555,1.2217,1.22172,1.00,3.37
2014.12.23 12:21:34.079,1.2217,1.22172,1.50,1.00
2014.12.23 12:21:34.584,1.2217,1.22173,1.50,1.12
2014.12.23 12:21:35.991,1.22171,1.22174,1.00,2.44
2014.12.23 12:21:36.594,1.2217,1.22174,1.50,2.44
2014.12.23 12:21:37.646,1.2217,1.22174,1.50,2.81
2014.12.23 12:21:38.843,1.2217,1.22174,1.50,3.19
2014.12.23 12:21:54.918,1.22171,1.22174,1.00,2.44
2014.12.23 12:21:55.512,1.2217,1.22173,1.87,1.31
2014.12.23 12:21:56.172,1.22171,1.22174,1.00,2.44
2014.12.23 12:21:56.678,1.2217,1.22173,1.00,1.31
2014.12.23 12:21:59.993,1.2217,1.22173,1.00,2.81
2014.12.23 12:22:01.981,1.2217,1.22173,1.00,2.06
2014.12.23 12:22:03.423,1.2217,1.22172,1.00,1.00
2014.12.23 12:22:03.929,1.2217,1.22171,1.00,1.00
2014.12.23 12:22:04.334,1.22166,1.22169,1.42,2.10
2014.12.23 12:22:04.384,1.22166,1.22168,2.17,2.29
2014.12.23 12:22:04.435,1.22164,1.22165,3.37,1.00
2014.12.23 12:22:04.486,1.22164,1.22165,3.37,1.50
2014.12.23 12:22:04.587,1.22163,1.22165,1.50,1.50
2014.12.23 12:22:05.094,1.22164,1.22166,2.85,1.00
2014.12.23 12:22:05.346,1.22165,1.22167,2.10,2.06
2014.12.23 12:22:05.499,1.22167,1.22169,1.00,1.00
2014.12.23 12:22:07.142,1.22166,1.22169,1.50,1.50
2014.12.23 12:22:07.213,1.22165,1.22169,1.31,3.75
2014.12.23 12:22:07.819,1.22164,1.22168,2.85,1.75
2014.12.23 12:22:08.173,1.22166,1.22168,1.00,1.37
2014.12.23 12:22:08.224,1.22166,1.22168,1.00,1.00
2014.12.23 12:22:11.162,1.22166,1.2217,2.25,1.31
2014.12.23 12:22:11.517,1.22166,1.22169,1.50,2.44
2014.12.23 12:22:11.770,1.22166,1.22169,1.00,1.69
2014.12.23 12:22:13.614,1.22165,1.2217,2.81,4.31
2014.12.23 12:22:14.321,1.22165,1.22166,1.50,1.00
2014.12.23 12:22:14.473,1.22163,1.22167,1.12,1.69
2014.12.23 12:22:14.978,1.22163,1.22165,1.00,8.06
2014.12.23 12:22:15.485,1.22162,1.22165,1.00,9.19
2014.12.23 12:22:15.991,1.22163,1.22165,1.00,6.75
2014.12.23 12:22:16.495,1.22162,1.22164,1.00,1.00
2014.12.23 12:22:17.003,1.22162,1.22165,1.00,9.75
2014.12.23 12:22:17.775,1.22162,1.22164,1.00,1.00
2014.12.23 12:22:17.826,1.2216,1.22164,1.12,1.19
2014.12.23 12:22:21.310,1.2216,1.22162,1.00,1.00
2014.12.23 12:22:23.169,1.2216,1.22163,1.00,3.19
2014.12.23 12:22:25.583,1.22158,1.2216,1.76,1.00
2014.12.23 12:22:25.735,1.22157,1.2216,1.12,2.25
2014.12.23 12:22:25.937,1.22155,1.2216,6.07,3.94
2014.12.23 12:22:26.089,1.22158,1.2216,1.00,1.69
2014.12.23 12:22:26.594,1.22158,1.22161,1.00,1.12
2014.12.23 12:22:27.247,1.22158,1.22162,1.00,1.25
2014.12.23 12:22:32.327,1.22158,1.22163,2.25,3.56
2014.12.23 12:22:34.136,1.22158,1.22163,2.25,2.81
2014.12.23 12:22:35.034,1.22159,1.22163,1.35,2.25
2014.12.23 12:22:35.338,1.22162,1.22164,1.00,1.00
2014.12.23 12:22:35.845,1.2216,1.22163,1.00,1.00
2014.12.23 12:22:36.356,1.22162,1.22164,1.00,1.00
2014.12.23 12:22:39.913,1.22162,1.22164,1.00,1.00
2014.12.23 12:22:40.752,1.22162,1.22165,1.00,9.56
2014.12.23 12:22:41.308,1.22163,1.22167,1.31,5.25
2014.12.23 12:22:41.358,1.22165,1.22167,1.00,1.50
2014.12.23 12:22:41.460,1.22165,1.22169,1.00,2.44
2014.12.23 12:22:45.332,1.22166,1.22169,1.00,1.00
2014.12.23 12:22:45.859,1.22165,1.22169,3.56,1.00
2014.12.23 12:22:46.504,1.22166,1.22169,1.00,1.00
2014.12.23 12:22:47.723,1.22165,1.22169,2.81,1.00
2014.12.23 12:22:51.981,1.22165,1.22169,1.50,2.81
2014.12.23 12:22:52.486,1.22166,1.22169,1.00,1.41
2014.12.23 12:22:52.991,1.22166,1.22169,1.00,1.25
2014.12.23 12:22:54.324,1.22166,1.22168,1.00,1.00
2014.12.23 12:22:54.829,1.22165,1.22167,1.00,1.00
2014.12.23 12:22:54.930,1.22164,1.22165,1.57,6.00
2014.12.23 12:22:55.082,1.22162,1.22164,1.12,1.00
2014.12.23 12:22:55.236,1.2216,1.22162,1.87,4.12
2014.12.23 12:22:55.390,1.22154,1.22156,1.50,1.00
2014.12.23 12:22:55.467,1.22149,1.22151,2.50,1.00
2014.12.23 12:22:55.518,1.22146,1.22148,1.00,1.87
2014.12.23 12:22:55.673,1.22144,1.22146,1.50,1.00
2014.12.23 12:22:55.774,1.22144,1.22148,2.25,1.12
2014.12.23 12:22:59.897,1.22144,1.22148,7.61,1.00
2014.12.23 12:23:01.421,1.22144,1.22149,6.19,1.50
2014.12.23 12:23:02.244,1.22144,1.2215,8.44,5.81
2014.12.23 12:23:02.396,1.22145,1.2215,3.45,5.62
2014.12.23 12:23:03.476,1.22145,1.2215,8.28,2.25
2014.12.23 12:23:04.002,1.22147,1.2215,2.25,3.00
2014.12.23 12:23:04.897,1.22148,1.2215,1.00,3.00
2014.12.23 12:23:08.854,1.22149,1.2215,1.00,1.50
2014.12.23 12:23:09.410,1.22149,1.22151,3.19,1.50
2014.12.23 12:23:09.512,1.22151,1.22154,1.25,3.37
2014.12.23 12:23:09.564,1.22153,1.22154,1.00,2.25
2014.12.23 12:23:09.615,1.22154,1.22156,1.00,3.90
2014.12.23 12:23:09.817,1.22154,1.22158,1.00,2.25
2014.12.23 12:23:11.232,1.22153,1.22158,2.51,2.25
2014.12.23 12:23:11.953,1.22154,1.22158,1.00,1.50
2014.12.23 12:23:13.162,1.22155,1.22158,1.00,1.00
2014.12.23 12:23:15.023,1.22156,1.22158,1.00,1.00
2014.12.23 12:23:16.353,1.22155,1.22158,1.00,1.00
2014.12.23 12:23:17.236,1.22156,1.22158,1.00,1.00
2014.12.23 12:23:17.741,1.22155,1.22158,1.25,1.00
2014.12.23 12:23:18.482,1.22155,1.22159,2.62,1.00
2014.12.23 12:23:18.633,1.22157,1.22159,1.00,1.00
2014.12.23 12:23:19.139,1.22157,1.2216,1.50,1.00
2014.12.23 12:23:24.657,1.22157,1.22159,1.69,1.00
2014.12.23 12:23:32.474,1.22157,1.2216,1.25,1.00
2014.12.23 12:23:32.676,1.22157,1.22162,3.19,2.44
2014.12.23 12:23:36.158,1.22157,1.22161,1.69,1.50
2014.12.23 12:23:36.517,1.22157,1.2216,1.50,1.19
2014.12.23 12:23:36.719,1.22148,1.22151,1.10,3.75
2014.12.23 12:23:36.872,1.22146,1.22149,1.20,1.00
2014.12.23 12:23:37.377,1.22145,1.22148,3.19,1.00
2014.12.23 12:23:38.438,1.22145,1.22148,1.57,1.00
2014.12.23 12:23:38.979,1.22145,1.22149,1.76,1.00
2014.12.23 12:23:39.663,1.22145,1.22149,1.01,2.50
2014.12.23 12:23:45.641,1.22144,1.22147,1.00,1.00
2014.12.23 12:23:46.173,1.22143,1.22147,3.00,1.00
2014.12.23 12:23:47.334,1.22144,1.22147,1.72,1.00
2014.12.23 12:23:47.486,1.22145,1.22149,1.00,2.44
2014.12.23 12:23:48.342,1.22145,1.22148,3.00,1.00
2014.12.23 12:23:48.646,1.22145,1.22146,1.50,3.00
2014.12.23 12:23:48.848,1.22143,1.22147,1.87,1.00
2014.12.23 12:23:49.353,1.22143,1.22145,1.12,3.00
2014.12.23 12:23:51.687,1.22143,1.22146,2.59,3.00
2014.12.23 12:23:52.193,1.22144,1.22147,1.00,1.00
2014.12.23 12:23:53.657,1.22143,1.22147,2.06,2.25
2014.12.23 12:23:54.852,1.22143,1.22147,3.34,1.00
2014.12.23 12:23:57.911,1.22143,1.22146,1.69,3.75
2014.12.23 12:23:58.063,1.22141,1.22145,2.06,8.70
2014.12.23 12:24:00.323,1.22143,1.22145,1.00,5.25
2014.12.23 12:24:00.425,1.22144,1.22147,1.00,1.50
2014.12.23 12:24:00.578,1.22146,1.22148,1.00,1.00
2014.12.23 12:24:01.083,1.22146,1.22149,1.25,1.00
2014.12.23 12:24:01.638,1.22145,1.22149,2.81,1.00
2014.12.23 12:24:02.143,1.22146,1.22149,1.00,1.00
2014.12.23 12:24:05.276,1.22147,1.22149,1.00,1.00
2014.12.23 12:24:06.272,1.22146,1.22149,1.69,1.00
2014.12.23 12:24:16.473,1.22146,1.22149,3.19,1.00
2014.12.23 12:24:17.290,1.22146,1.22149,3.00,1.00
2014.12.23 12:24:17.594,1.22143,1.22145,1.00,9.94
2014.12.23 12:24:18.098,1.22142,1.22144,1.87,2.44
2014.12.23 12:24:18.604,1.22142,1.22145,3.37,7.39
2014.12.23 12:24:19.141,1.22143,1.22145,1.12,8.96
2014.12.23 12:24:19.645,1.22142,1.22144,1.00,4.76
2014.12.23 12:24:20.457,1.22142,1.22144,1.00,1.50
2014.12.23 12:24:23.629,1.22143,1.22144,1.00,1.00
2014.12.23 12:24:30.449,1.22142,1.22144,1.00,1.00
2014.12.23 12:24:30.975,1.22143,1.22144,1.00,1.00
2014.12.23 12:24:31.484,1.22142,1.22144,1.00,1.00
2014.12.23 12:24:32.006,1.22141,1.22143,1.00,1.00
2014.12.23 12:24:32.511,1.22139,1.22144,1.12,3.19
2014.12.23 12:24:33.176,1.22141,1.22143,1.00,1.25
2014.12.23 12:24:35.729,1.2214,1.22142,1.00,2.44
2014.12.23 12:24:36.034,1.22139,1.22142,1.00,1.69
2014.12.23 12:24:36.085,1.2214,1.22142,1.00,1.69
2014.12.23 12:24:36.186,1.22138,1.22142,1.50,2.06
2014.12.23 12:24:37.297,1.22138,1.22142,1.50,3.19
2014.12.23 12:24:39.769,1.2214,1.22142,1.00,3.19
2014.12.23 12:24:41.334,1.2214,1.22142,1.00,1.00
2014.12.23 12:24:41.839,1.2214,1.22142,1.00,1.50
2014.12.23 12:24:44.306,1.2214,1.22142,1.00,2.25
2014.12.23 12:24:44.457,1.2214,1.22144,2.25,4.50
2014.12.23 12:24:44.970,1.2214,1.22143,1.00,1.00
2014.12.23 12:24:45.777,1.22141,1.22143,1.00,1.00
2014.12.23 12:24:47.970,1.2214,1.22143,1.00,1.00
2014.12.23 12:24:48.475,1.2214,1.22143,3.75,1.00
2014.12.23 12:24:54.463,1.2214,1.22143,1.00,2.25
2014.12.23 12:24:54.564,1.22139,1.22142,1.50,2.47
2014.12.23 12:24:55.069,1.22138,1.2214,1.00,1.00
2014.12.23 12:24:55.988,1.22137,1.2214,2.25,1.87
2014.12.23 12:24:56.503,1.22137,1.22141,2.25,6.19
2014.12.23 12:24:57.110,1.22137,1.22139,2.25,1.00
2014.12.23 12:24:58.153,1.22138,1.22139,1.30,1.00
2014.12.23 12:24:58.255,1.2214,1.22143,1.50,1.50
2014.12.23 12:24:58.761,1.22139,1.22143,1.25,1.50
2014.12.23 12:24:59.592,1.22139,1.22142,1.00,1.00
2014.12.23 12:25:00.136,1.22138,1.22142,2.06,1.50
2014.12.23 12:25:00.339,1.22137,1.22139,1.31,1.00
2014.12.23 12:25:00.611,1.22134,1.22135,1.25,3.00
2014.12.23 12:25:00.864,1.22135,1.22139,1.50,2.44
2014.12.23 12:25:01.066,1.22137,1.2214,1.00,3.94
2014.12.23 12:25:01.635,1.22137,1.2214,1.00,1.12
2014.12.23 12:25:02.924,1.22138,1.2214,1.00,1.80
2014.12.23 12:25:03.946,1.22134,1.22136,3.37,1.00
2014.12.23 12:25:04.048,1.22134,1.22135,1.50,3.00
2014.12.23 12:25:04.099,1.22134,1.22135,1.50,3.00
2014.12.23 12:25:04.604,1.22132,1.22134,1.37,1.00
2014.12.23 12:25:05.462,1.22132,1.22134,1.37,1.00
2014.12.23 12:25:05.766,1.22135,1.22136,1.12,1.50
2014.12.23 12:25:05.817,1.22134,1.22136,3.56,1.00
2014.12.23 12:25:05.969,1.22135,1.22138,1.25,1.00
2014.12.23 12:25:06.020,1.22136,1.22138,1.00,1.00
2014.12.23 12:25:06.172,1.22134,1.22136,1.10,5.10
2014.12.23 12:25:06.577,1.22133,1.22135,1.12,5.25
2014.12.23 12:25:07.284,1.22132,1.22135,1.87,8.44
2014.12.23 12:25:07.789,1.22133,1.22135,1.12,8.06
2014.12.23 12:25:08.344,1.22134,1.22135,1.00,1.50
2014.12.23 12:25:09.960,1.22133,1.22134,1.00,1.00
2014.12.23 12:25:10.062,1.22129,1.22132,1.80,3.00
2014.12.23 12:25:10.113,1.22126,1.22127,3.37,1.00
2014.12.23 12:25:10.226,1.22121,1.22124,3.75,1.37
2014.12.23 12:25:10.378,1.2212,1.22123,5.25,3.22
2014.12.23 12:25:10.630,1.22123,1.22124,1.00,1.00
2014.12.23 12:25:10.782,1.22123,1.22124,1.00,1.00
2014.12.23 12:25:11.086,1.22121,1.22123,1.00,1.00
2014.12.23 12:25:11.137,1.22119,1.22122,2.25,1.00
2014.12.23 12:25:11.642,1.22122,1.22125,1.12,5.36
2014.12.23 12:25:12.396,1.2212,1.22122,2.25,1.37
2014.12.23 12:25:12.547,1.22118,1.22121,1.37,3.79
2014.12.23 12:25:12.598,1.22116,1.22118,2.25,1.00
2014.12.23 12:25:13.103,1.22115,1.22118,3.00,1.00
2014.12.23 12:25:14.643,1.22115,1.22119,5.25,1.50
2014.12.23 12:25:15.152,1.22116,1.22119,1.25,1.50
2014.12.23 12:25:15.657,1.22116,1.22118,1.25,1.00
2014.12.23 12:25:15.968,1.22121,1.22122,1.00,1.00
2014.12.23 12:25:16.486,1.22121,1.22123,1.00,1.00
2014.12.23 12:25:16.791,1.22118,1.2212,1.00,1.00
2014.12.23 12:25:16.842,1.22118,1.22122,1.19,1.00
2014.12.23 12:25:17.094,1.22118,1.22121,1.76,1.00
2014.12.23 12:25:17.601,1.22118,1.2212,1.00,1.00
2014.12.23 12:25:17.855,1.22116,1.2212,1.25,1.00
2014.12.23 12:25:18.310,1.22116,1.22118,1.10,1.00
2014.12.23 12:25:18.815,1.22116,1.22118,1.00,1.87
2014.12.23 12:25:19.068,1.2211,1.22113,2.62,3.60
2014.12.23 12:25:20.069,1.2211,1.22114,2.62,4.01
2014.12.23 12:25:20.724,1.22112,1.22114,2.10,2.06
2014.12.23 12:25:20.826,1.22114,1.22115,1.00,4.95
2014.12.23 12:25:20.927,1.22115,1.22116,1.18,1.50
2014.12.23 12:25:20.978,1.22115,1.22118,1.18,7.42
2014.12.23 12:25:21.332,1.22114,1.22115,1.00,1.50
2014.12.23 12:25:21.433,1.22112,1.22114,1.00,2.25
2014.12.23 12:25:22.612,1.22111,1.22114,1.12,1.00
2014.12.23 12:25:23.132,1.2211,1.22113,2.51,1.00
2014.12.23 12:25:23.688,1.2211,1.22112,2.25,1.00
2014.12.23 12:25:24.344,1.2211,1.22113,2.25,1.50
2014.12.23 12:25:24.800,1.22112,1.22113,1.00,1.00
2014.12.23 12:25:26.549,1.22112,1.22114,1.00,1.50
2014.12.23 12:25:27.975,1.22111,1.22114,1.00,1.50
2014.12.23 12:25:30.413,1.22113,1.22115,1.00,1.87
2014.12.23 12:25:30.516,1.22114,1.22116,1.00,1.39
2014.12.23 12:25:31.258,1.22114,1.22117,1.50,1.50
2014.12.23 12:25:31.511,1.22114,1.22115,1.25,1.00
2014.12.23 12:25:32.270,1.22114,1.22117,1.00,2.25
2014.12.23 12:25:32.322,1.22115,1.22118,1.00,1.87
2014.12.23 12:25:32.827,1.22116,1.22119,1.00,1.00
2014.12.23 12:25:33.131,1.22116,1.22118,1.00,2.10
2014.12.23 12:25:33.386,1.22116,1.22119,1.00,4.35
2014.12.23 12:25:33.899,1.22115,1.22118,1.00,1.00
2014.12.23 12:25:34.773,1.22115,1.22116,1.00,1.00
2014.12.23 12:25:35.228,1.22111,1.22114,1.10,1.00
2014.12.23 12:25:36.138,1.22115,1.22117,1.00,1.00
2014.12.23 12:25:36.643,1.22116,1.22117,1.00,1.00
2014.12.23 12:25:37.098,1.22117,1.22119,1.00,1.00
2014.12.23 12:25:37.604,1.22117,1.2212,1.25,1.00
2014.12.23 12:25:38.110,1.22117,1.22121,1.69,1.50
2014.12.23 12:25:38.651,1.22117,1.22121,3.94,1.00
2014.12.23 12:25:39.107,1.22116,1.22119,1.12,1.00
2014.12.23 12:25:39.616,1.22117,1.22122,1.50,2.89
2014.12.23 12:25:40.526,1.22116,1.2212,1.50,1.00
2014.12.23 12:25:41.587,1.22116,1.2212,1.00,5.06
2014.12.23 12:25:41.891,1.22114,1.22116,1.00,4.50
2014.12.23 12:25:42.297,1.22113,1.22116,1.00,1.69
2014.12.23 12:25:42.802,1.22113,1.22115,1.00,2.25
2014.12.23 12:25:44.366,1.22113,1.22114,1.00,1.00
2014.12.23 12:25:44.872,1.22113,1.22116,1.50,3.00
2014.12.23 12:25:45.226,1.22114,1.22116,1.00,2.25
2014.12.23 12:25:45.582,1.22115,1.22118,1.00,4.69
2014.12.23 12:25:47.316,1.22115,1.22119,1.31,1.50
2014.12.23 12:25:47.467,1.22118,1.2212,1.00,2.44
2014.12.23 12:25:47.770,1.2212,1.22122,1.87,3.00
2014.12.23 12:25:48.066,1.22118,1.22122,1.12,4.01
2014.12.23 12:25:48.673,1.22116,1.2212,1.62,1.87
2014.12.23 12:25:48.724,1.22116,1.2212,1.00,2.62
2014.12.23 12:25:48.876,1.22115,1.22118,1.12,1.00
2014.12.23 12:25:49.180,1.22114,1.22116,1.10,1.50
2014.12.23 12:25:49.636,1.22113,1.22114,1.00,1.00
2014.12.23 12:25:49.888,1.22113,1.22116,1.00,2.44
2014.12.23 12:25:50.091,1.22114,1.22117,2.62,1.50
2014.12.23 12:25:50.142,1.22114,1.22117,2.62,1.00
2014.12.23 12:25:52.402,1.22116,1.22118,1.00,1.00
2014.12.23 12:25:52.505,1.22117,1.22119,1.00,1.10
2014.12.23 12:25:53.011,1.22117,1.2212,1.00,1.12
2014.12.23 12:25:53.516,1.22117,1.22121,1.50,1.00
2014.12.23 12:25:53.920,1.22119,1.22121,1.00,1.00
2014.12.23 12:25:54.425,1.22118,1.22121,1.50,1.00
2014.12.23 12:25:54.728,1.2212,1.22121,1.00,1.00
2014.12.23 12:25:54.930,1.22118,1.22121,1.50,1.00
2014.12.23 12:25:55.486,1.22119,1.22121,1.00,1.00
2014.12.23 12:25:55.991,1.22118,1.22121,1.00,1.00
2014.12.23 12:25:56.344,1.22117,1.22119,3.40,1.00
2014.12.23 12:25:56.901,1.22118,1.22119,1.00,1.00
2014.12.23 12:25:57.432,1.22117,1.22119,2.06,1.00
2014.12.23 12:25:57.937,1.22118,1.2212,1.00,1.00
2014.12.23 12:25:58.641,1.22117,1.22119,1.00,1.00
2014.12.23 12:25:58.792,1.22116,1.22118,1.25,1.00
2014.12.23 12:25:59.348,1.22117,1.22118,1.00,1.00
2014.12.23 12:26:00.082,1.22115,1.22118,1.00,1.25
2014.12.23 12:26:00.596,1.22116,1.22118,1.00,1.25
2014.12.23 12:26:01.943,1.22116,1.22117,1.00,1.00
2014.12.23 12:26:03.258,1.22114,1.22117,1.10,1.00
2014.12.23 12:26:03.310,1.22113,1.22115,4.61,1.00
2014.12.23 12:26:03.412,1.22113,1.22114,1.05,1.50
2014.12.23 12:26:03.614,1.22111,1.22113,1.62,1.50
2014.12.23 12:26:03.817,1.22114,1.22116,1.00,2.25
2014.12.23 12:26:04.322,1.22114,1.22115,1.00,1.00
2014.12.23 12:26:08.362,1.22114,1.22116,1.00,1.00
2014.12.23 12:26:08.463,1.22115,1.22117,1.00,1.69
2014.12.23 12:26:11.086,1.22115,1.22117,1.00,1.50
2014.12.23 12:26:12.822,1.22113,1.22115,1.65,1.00
2014.12.23 12:26:12.976,1.2211,1.22112,7.50,1.00
2014.12.23 12:26:13.481,1.2211,1.22112,2.25,1.00
2014.12.23 12:26:13.986,1.22111,1.22113,1.00,1.10
2014.12.23 12:26:14.848,1.2211,1.22112,2.25,1.50
2014.12.23 12:26:15.443,1.2211,1.22111,2.25,1.00
2014.12.23 12:26:15.848,1.2211,1.22113,2.25,3.37
2014.12.23 12:26:15.949,1.22109,1.22113,2.89,1.50
2014.12.23 12:26:16.353,1.22111,1.22113,1.00,1.50
2014.12.23 12:26:16.801,1.22109,1.22113,3.56,1.50
2014.12.23 12:26:18.031,1.22112,1.22113,1.87,1.50
2014.12.23 12:26:18.335,1.22116,1.22118,1.50,1.00
2014.12.23 12:26:18.839,1.22117,1.22119,1.00,1.50
2014.12.23 12:26:19.365,1.22116,1.22119,1.25,2.25
2014.12.23 12:26:19.910,1.22116,1.22118,1.00,1.00
2014.12.23 12:26:21.066,1.22115,1.22118,2.06,1.00
2014.12.23 12:26:22.932,1.22115,1.22116,1.00,1.00
2014.12.23 12:26:23.439,1.22115,1.22117,1.00,1.50
2014.12.23 12:26:25.038,1.22114,1.22115,1.00,1.12
2014.12.23 12:26:25.190,1.22113,1.22115,1.00,6.00
2014.12.23 12:26:25.746,1.2211,1.22115,10.69,2.25
2014.12.23 12:26:28.972,1.22111,1.22115,1.00,10.31
2014.12.23 12:26:29.477,1.22112,1.22115,1.00,3.56
2014.12.23 12:26:30.037,1.22111,1.22115,1.87,13.69
2014.12.23 12:26:31.189,1.22111,1.22114,1.12,1.00
2014.12.23 12:26:33.267,1.2211,1.22115,5.92,14.81
2014.12.23 12:26:33.772,1.22111,1.22115,1.50,9.56
2014.12.23 12:26:34.176,1.22113,1.22115,1.00,1.00
2014.12.23 12:26:35.277,1.22113,1.22114,1.00,1.00
2014.12.23 12:26:35.783,1.22112,1.22115,1.10,2.81
2014.12.23 12:26:36.288,1.22113,1.22115,1.00,1.00
2014.12.23 12:26:36.793,1.22114,1.22117,1.00,3.37
2014.12.23 12:26:36.845,1.22114,1.22117,1.00,3.00
2014.12.23 12:26:37.047,1.22113,1.22115,1.00,1.50
2014.12.23 12:26:37.350,1.2211,1.22113,2.44,1.00
2014.12.23 12:26:37.754,1.22113,1.22115,1.00,8.62
2014.12.23 12:26:41.434,1.22113,1.22115,1.00,10.12
2014.12.23 12:26:41.962,1.22114,1.22117,1.00,3.56
2014.12.23 12:26:42.683,1.22115,1.22117,1.00,1.87
2014.12.23 12:26:43.188,1.22114,1.22117,1.00,1.87
2014.12.23 12:26:44.098,1.22115,1.22117,1.00,1.37
2014.12.23 12:26:49.681,1.22116,1.22117,1.00,1.00
2014.12.23 12:26:51.657,1.22116,1.22117,1.00,1.00
2014.12.23 12:26:51.911,1.22118,1.2212,1.00,2.62
2014.12.23 12:26:52.215,1.2212,1.22122,1.00,2.62
2014.12.23 12:26:52.756,1.2212,1.22122,1.00,1.00
2014.12.23 12:26:54.447,1.2212,1.22122,1.00,1.50
2014.12.23 12:26:54.774,1.22119,1.22121,1.00,1.00
2014.12.23 12:26:55.380,1.22119,1.22122,1.00,2.06
2014.12.23 12:26:55.885,1.2212,1.22122,1.00,2.25
2014.12.23 12:26:58.042,1.22117,1.22121,3.94,1.37
2014.12.23 12:26:58.195,1.22118,1.2212,1.00,2.62
2014.12.23 12:26:58.700,1.22117,1.2212,1.00,2.62
2014.12.23 12:26:59.255,1.22118,1.2212,1.00,2.62
2014.12.23 12:27:00.272,1.22118,1.2212,1.25,2.25
2014.12.23 12:27:00.374,1.22119,1.22121,1.00,1.50
2014.12.23 12:27:00.628,1.2212,1.22122,1.00,1.50
2014.12.23 12:27:02.548,1.2212,1.22123,1.00,3.37
2014.12.23 12:27:03.987,1.22121,1.22123,1.00,1.87
2014.12.23 12:27:04.492,1.22122,1.22124,2.44,1.50
2014.12.23 12:27:04.593,1.22124,1.22125,1.87,2.85
2014.12.23 12:27:04.796,1.2212,1.22125,2.25,11.06
2014.12.23 12:27:05.419,1.22121,1.22125,1.00,5.51
2014.12.23 12:27:05.977,1.22122,1.22125,1.00,6.19
2014.12.23 12:27:06.482,1.22121,1.22125,1.00,6.94
2014.12.23 12:27:07.412,1.22122,1.22125,1.00,4.69
2014.12.23 12:27:09.692,1.22123,1.22125,3.25,2.81
2014.12.23 12:27:09.947,1.22122,1.22124,1.69,1.37
2014.12.23 12:27:10.099,1.22121,1.22125,1.69,9.75
2014.12.23 12:27:10.201,1.22122,1.22124,1.00,1.72
2014.12.23 12:27:10.251,1.2212,1.22123,1.00,1.37
2014.12.23 12:27:10.756,1.22119,1.22122,1.00,2.06
2014.12.23 12:27:11.211,1.22121,1.22123,1.00,1.50
2014.12.23 12:27:11.363,1.22122,1.22125,2.25,3.45
2014.12.23 12:27:11.869,1.22121,1.22125,1.50,5.81
2014.12.23 12:27:12.273,1.22121,1.22123,1.00,1.00
2014.12.23 12:27:12.778,1.2212,1.22122,3.37,1.00
2014.12.23 12:27:13.302,1.2212,1.22122,3.37,1.00
2014.12.23 12:27:13.454,1.2212,1.22124,3.37,2.44
2014.12.23 12:27:14.010,1.2212,1.22123,3.33,1.00
2014.12.23 12:27:14.514,1.2212,1.22124,2.60,2.44
2014.12.23 12:27:14.616,1.2212,1.22123,3.33,1.87
2014.12.23 12:27:15.146,1.22119,1.22121,1.87,1.50
2014.12.23 12:27:19.743,1.22119,1.22121,1.00,2.44
2014.12.23 12:27:20.259,1.22117,1.22121,2.70,2.44
2014.12.23 12:27:21.734,1.22117,1.22121,2.70,1.69
2014.12.23 12:27:22.766,1.22118,1.22121,1.37,1.69
2014.12.23 12:27:23.573,1.22118,1.22121,1.12,1.69
2014.12.23 12:27:24.088,1.22118,1.2212,1.12,1.50
2014.12.23 12:27:24.593,1.22118,1.22121,1.12,3.19
2014.12.23 12:27:25.110,1.22118,1.22121,1.12,4.54
2014.12.23 12:27:25.767,1.22119,1.22121,1.00,1.25
2014.12.23 12:27:26.272,1.22118,1.22121,1.87,1.25
2014.12.23 12:27:26.777,1.22118,1.2212,1.87,1.50
2014.12.23 12:27:27.747,1.22118,1.22121,1.87,1.00
2014.12.23 12:27:29.489,1.22118,1.22122,1.87,3.00
2014.12.23 12:27:29.994,1.22119,1.22121,1.00,1.00
2014.12.23 12:27:30.617,1.22118,1.22121,1.87,1.50
2014.12.23 12:27:31.544,1.22118,1.2212,1.87,1.50
2014.12.23 12:27:32.346,1.22118,1.22121,1.87,1.50
2014.12.23 12:27:32.882,1.22118,1.2212,1.87,1.00
2014.12.23 12:27:34.123,1.22119,1.2212,1.00,1.00
2014.12.23 12:27:35.919,1.22119,1.22121,1.50,2.44
2014.12.23 12:27:36.424,1.22119,1.2212,1.50,1.50
2014.12.23 12:27:39.186,1.22119,1.22121,1.50,1.69
2014.12.23 12:27:42.885,1.22117,1.2212,1.00,2.29
2014.12.23 12:27:42.935,1.22117,1.22118,1.00,1.00
2014.12.23 12:27:43.037,1.22114,1.22115,1.50,1.50
2014.12.23 12:27:43.543,1.22111,1.22114,1.10,1.00
2014.12.23 12:27:44.073,1.22113,1.22115,1.00,5.81
2014.12.23 12:27:45.860,1.22113,1.22114,1.00,1.00
2014.12.23 12:27:46.380,1.22114,1.22115,1.00,3.56
2014.12.23 12:27:47.575,1.22113,1.22114,1.00,1.00
2014.12.23 12:27:48.105,1.22114,1.22115,1.00,2.44
2014.12.23 12:27:58.019,1.22112,1.22115,1.50,4.00
2014.12.23 12:27:58.807,1.22114,1.22115,1.87,2.25
2014.12.23 12:28:01.096,1.22115,1.22116,1.12,3.19
2014.12.23 12:28:01.197,1.22117,1.22118,1.00,1.00
2014.12.23 12:28:01.349,1.22117,1.22121,1.50,1.00
2014.12.23 12:28:01.652,1.22118,1.22122,1.75,1.25
2014.12.23 12:28:02.225,1.22118,1.22123,3.56,2.44
2014.12.23 12:28:03.233,1.2212,1.22124,1.12,2.44
2014.12.23 12:28:03.739,1.22121,1.22124,1.00,1.69
2014.12.23 12:28:05.861,1.22122,1.22124,1.00,3.94
2014.12.23 12:28:06.877,1.22122,1.22125,3.75,4.01
2014.12.23 12:28:07.080,1.22125,1.22128,1.50,1.00
2014.12.23 12:28:07.434,1.22125,1.2213,3.81,3.75
2014.12.23 12:28:07.686,1.22125,1.22127,1.00,1.00
2014.12.23 12:28:07.788,1.22125,1.22128,1.12,1.87
2014.12.23 12:28:08.498,1.22125,1.22128,1.12,1.27
2014.12.23 12:28:08.689,1.22125,1.22126,1.12,1.00
2014.12.23 12:28:08.943,1.22125,1.22128,1.00,1.00
2014.12.23 12:28:08.994,1.22125,1.22128,1.00,1.00
2014.12.23 12:28:09.095,1.22126,1.2213,1.12,4.69
2014.12.23 12:28:09.399,1.22127,1.2213,1.61,1.50
2014.12.23 12:28:09.450,1.22129,1.22132,1.12,1.00
2014.12.23 12:28:10.310,1.22132,1.22133,1.00,1.00
2014.12.23 12:28:10.852,1.22132,1.22134,1.00,2.44
2014.12.23 12:28:14.593,1.22129,1.22133,5.77,1.00
2014.12.23 12:28:14.696,1.2213,1.22134,2.25,2.81
2014.12.23 12:28:14.747,1.2213,1.22132,1.12,1.19
2014.12.23 12:28:15.201,1.2213,1.22133,1.12,1.25
2014.12.23 12:28:15.607,1.22136,1.22138,1.00,1.67
2014.12.23 12:28:15.658,1.22136,1.22138,1.19,1.00
2014.12.23 12:28:15.709,1.2214,1.22141,1.00,1.12
2014.12.23 12:28:15.913,1.22148,1.22149,1.12,1.00
2014.12.23 12:28:15.964,1.22148,1.2215,2.25,3.00
2014.12.23 12:28:16.066,1.22153,1.22154,1.00,1.00
2014.12.23 12:28:16.117,1.22153,1.22157,5.10,1.19
2014.12.23 12:28:16.218,1.22153,1.22155,2.70,3.00
2014.12.23 12:28:16.723,1.22154,1.22156,1.00,6.37
2014.12.23 12:28:18.042,1.22155,1.22157,1.00,3.00
2014.12.23 12:28:18.145,1.22157,1.22159,1.00,1.50
2014.12.23 12:28:18.650,1.22158,1.2216,1.00,2.25
2014.12.23 12:28:20.345,1.22157,1.22159,1.00,1.25
2014.12.23 12:28:20.449,1.22155,1.22157,3.00,1.00
2014.12.23 12:28:20.753,1.22152,1.22156,2.62,9.19
2014.12.23 12:28:21.258,1.22154,1.22156,1.50,1.19
2014.12.23 12:28:21.461,1.22152,1.22155,1.00,1.19
2014.12.23 12:28:22.002,1.22151,1.22154,1.00,1.25
2014.12.23 12:28:22.582,1.22151,1.22153,1.00,1.00
2014.12.23 12:28:23.099,1.2215,1.22154,1.50,2.44
2014.12.23 12:28:25.436,1.2215,1.22152,1.20,1.00
2014.12.23 12:28:25.588,1.22148,1.2215,1.00,1.00
2014.12.23 12:28:25.690,1.22148,1.22153,1.00,3.19
2014.12.23 12:28:26.196,1.22149,1.22153,1.00,1.69
2014.12.23 12:28:26.348,1.22148,1.22151,1.00,1.00
2014.12.23 12:28:26.853,1.22149,1.22152,1.00,1.50
2014.12.23 12:28:29.450,1.22149,1.22153,1.00,1.50
2014.12.23 12:28:29.993,1.22149,1.22153,1.00,1.69
2014.12.23 12:28:30.498,1.22149,1.22152,1.00,1.19
2014.12.23 12:28:31.103,1.22148,1.22152,1.00,1.19
2014.12.23 12:28:32.197,1.22147,1.22152,1.50,1.69
2014.12.23 12:28:34.281,1.22147,1.22152,2.25,1.69
2014.12.23 12:28:34.686,1.22146,1.22148,2.32,1.00
2014.12.23 12:28:34.838,1.22141,1.22146,2.32,8.06
2014.12.23 12:28:35.343,1.22141,1.22143,1.00,1.25
2014.12.23 12:28:35.873,1.2214,1.22143,1.00,1.25
2014.12.23 12:28:35.924,1.22141,1.22143,1.00,1.25
2014.12.23 12:28:36.479,1.2214,1.22144,1.50,1.19
2014.12.23 12:28:36.732,1.22142,1.22144,1.00,1.19
2014.12.23 12:28:37.237,1.22141,1.22144,1.00,1.19
2014.12.23 12:28:37.288,1.22139,1.22144,1.57,1.69
2014.12.23 12:28:37.793,1.2214,1.22142,1.00,1.25
2014.12.23 12:28:39.345,1.22138,1.22142,1.10,1.25
2014.12.23 12:28:39.598,1.2214,1.22142,1.00,1.25
2014.12.23 12:28:40.103,1.22139,1.22142,1.00,1.25
2014.12.23 12:28:40.557,1.22137,1.22142,1.50,2.44
2014.12.23 12:28:41.919,1.22137,1.22142,1.50,1.69
2014.12.23 12:28:42.222,1.22137,1.22142,1.50,1.69
2014.12.23 12:28:45.195,1.22137,1.22141,1.00,1.25
2014.12.23 12:28:46.192,1.22137,1.22141,1.00,1.19
2014.12.23 12:28:47.005,1.22137,1.22141,1.50,1.25
2014.12.23 12:28:47.612,1.22137,1.22142,1.50,1.50
2014.12.23 12:28:48.141,1.22137,1.22141,1.10,1.00
2014.12.23 12:28:51.799,1.22138,1.22141,1.00,1.00
2014.12.23 12:28:52.873,1.22138,1.2214,1.00,1.00
2014.12.23 12:28:53.429,1.22136,1.22139,1.10,1.00
2014.12.23 12:28:53.934,1.22136,1.2214,1.10,1.00
2014.12.23 12:28:54.491,1.22136,1.2214,1.37,1.00
2014.12.23 12:28:54.997,1.22136,1.22141,2.44,2.25
2014.12.23 12:28:57.747,1.22139,1.22143,1.01,2.62
2014.12.23 12:28:57.899,1.22139,1.22143,1.62,1.00
2014.12.23 12:28:58.404,1.2214,1.22144,1.12,3.19
2014.12.23 12:29:00.253,1.2214,1.22144,1.24,1.19
2014.12.23 12:29:00.766,1.22139,1.22143,1.50,1.25
2014.12.23 12:29:01.637,1.22139,1.22143,1.50,1.69
2014.12.23 12:29:02.784,1.22139,1.22143,1.00,3.19
2014.12.23 12:29:03.661,1.22139,1.22142,1.00,1.00
2014.12.23 12:29:04.748,1.22139,1.22143,1.00,2.44
2014.12.23 12:29:05.655,1.22139,1.22143,1.25,2.25
2014.12.23 12:29:05.756,1.22139,1.22143,1.25,3.00
2014.12.23 12:29:06.618,1.22141,1.22143,1.00,4.50
2014.12.23 12:29:07.127,1.2214,1.22143,1.00,3.60
2014.12.23 12:29:07.733,1.2214,1.22143,1.00,3.00
2014.12.23 12:29:08.038,1.22129,1.22131,1.00,4.87
2014.12.23 12:29:08.191,1.22127,1.2213,1.00,4.01
2014.12.23 12:29:08.293,1.22125,1.22128,1.00,2.44
2014.12.23 12:29:08.344,1.22123,1.22125,1.80,6.25
2014.12.23 12:29:08.446,1.22121,1.22122,1.12,1.87
2014.12.23 12:29:08.497,1.22121,1.22123,1.00,5.85
2014.12.23 12:29:08.700,1.2212,1.22121,1.12,2.62
2014.12.23 12:29:08.801,1.22121,1.22123,1.00,2.25
2014.12.23 12:29:08.953,1.22126,1.22127,1.00,1.00
2014.12.23 12:29:09.054,1.22126,1.22129,1.00,4.31
2014.12.23 12:29:15.722,1.22126,1.2213,1.25,6.97
2014.12.23 12:29:15.874,1.22127,1.22129,1.00,1.00
2014.12.23 12:29:16.026,1.22126,1.22129,1.69,1.00
2014.12.23 12:29:16.873,1.22126,1.22129,2.51,1.00
2014.12.23 12:29:17.400,1.22126,1.2213,2.51,4.72
2014.12.23 12:29:18.782,1.22126,1.22129,1.69,1.00
2014.12.23 12:29:19.691,1.22126,1.2213,1.50,3.41
2014.12.23 12:29:20.904,1.22126,1.2213,1.50,2.66
2014.12.23 12:29:22.575,1.22126,1.22128,1.50,1.87
2014.12.23 12:29:25.006,1.22125,1.22128,1.57,2.62
2014.12.23 12:29:28.636,1.22125,1.22129,2.32,1.91
2014.12.23 12:29:32.926,1.22127,1.2213,1.00,6.04
2014.12.23 12:29:36.350,1.22126,1.2213,1.25,3.00
2014.12.23 12:29:37.535,1.22126,1.2213,1.25,4.87
2014.12.23 12:29:38.072,1.22126,1.2213,1.00,5.44
2014.12.23 12:29:39.767,1.22126,1.22128,1.00,1.00
2014.12.23 12:29:40.947,1.22125,1.22128,1.50,1.00
2014.12.23 12:29:46.578,1.22126,1.22128,1.00,1.00
2014.12.23 12:29:47.096,1.22124,1.22128,3.19,1.12
2014.12.23 12:29:47.601,1.22126,1.22128,1.00,1.00
2014.12.23 12:29:49.321,1.22124,1.22126,1.19,1.00
2014.12.23 12:29:49.573,1.22116,1.22118,1.00,1.12
2014.12.23 12:29:49.624,1.22115,1.22117,1.50,1.00
2014.12.23 12:29:50.129,1.22115,1.22118,1.00,2.06
2014.12.23 12:29:50.735,1.22116,1.22118,1.00,1.50
2014.12.23 12:29:51.241,1.22118,1.22119,1.00,1.00
2014.12.23 12:29:52.267,1.22116,1.22119,2.51,1.00
2014.12.23 12:29:52.520,1.22115,1.22118,2.62,1.87
2014.12.23 12:29:53.025,1.22115,1.22118,1.00,2.85
2014.12.23 12:29:53.353,1.22114,1.22117,1.50,1.37
2014.12.23 12:29:53.859,1.22114,1.22116,1.01,1.00
2014.12.23 12:29:54.163,1.22116,1.22118,1.00,3.75
2014.12.23 12:29:54.620,1.22117,1.2212,1.00,8.47
2014.12.23 12:29:55.144,1.22116,1.2212,1.01,3.97
2014.12.23 12:29:55.604,1.22116,1.22118,1.10,1.00
2014.12.23 12:29:56.115,1.22114,1.22118,1.69,2.85
2014.12.23 12:29:56.673,1.22114,1.22118,1.69,2.85
2014.12.23 12:29:58.640,1.22115,1.22118,1.00,2.85
2014.12.23 12:29:59.255,1.22115,1.22117,1.00,1.00
2014.12.23 12:29:59.761,1.22114,1.22117,1.50,2.29
2014.12.23 12:30:00.367,1.22112,1.22115,8.14,2.10
2014.12.23 12:30:00.521,1.22115,1.22117,1.00,1.69
2014.12.23 12:30:00.572,1.22115,1.22117,1.00,1.00
2014.12.23 12:30:01.077,1.22115,1.22118,1.00,3.60
2014.12.23 12:30:01.634,1.22115,1.22118,1.00,3.97
2014.12.23 12:30:02.145,1.22114,1.22117,2.44,1.12
2014.12.23 12:30:02.246,1.22113,1.22115,1.10,2.10
2014.12.23 12:30:02.398,1.22113,1.22117,1.69,4.72
2014.12.23 12:30:03.335,1.22113,1.22117,10.76,4.91
2014.12.23 12:30:03.638,1.22115,1.22118,1.00,5.81
2014.12.23 12:30:04.362,1.22113,1.22116,12.19,2.10
2014.12.23 12:30:04.879,1.22113,1.22115,10.50,2.47
2014.12.23 12:30:05.493,1.22113,1.22114,10.50,3.37
2014.12.23 12:30:07.594,1.22113,1.22114,9.00,2.85
2014.12.23 12:30:08.654,1.22112,1.22114,1.00,1.00
2014.12.23 12:30:08.960,1.22113,1.22116,2.77,2.25
2014.12.23 12:30:09.467,1.22114,1.22116,1.00,2.10
2014.12.23 12:30:09.972,1.22114,1.22117,1.00,3.37
2014.12.23 12:30:11.308,1.22114,1.22117,1.19,3.37
2014.12.23 12:30:11.813,1.22114,1.22116,1.19,2.85
2014.12.23 12:30:12.117,1.22113,1.22116,1.46,4.72
2014.12.23 12:30:12.269,1.22112,1.22114,1.01,2.10
2014.12.23 12:30:12.573,1.22111,1.22113,1.10,2.47
2014.12.23 12:30:13.539,1.22111,1.22113,1.29,5.10
2014.12.23 12:30:14.044,1.22111,1.22114,3.04,1.50
2014.12.23 12:30:14.610,1.22111,1.22113,1.76,3.60
2014.12.23 12:30:16.004,1.22111,1.22114,2.51,4.50
2014.12.23 12:30:16.509,1.22111,1.22114,2.51,2.10
2014.12.23 12:30:17.014,1.22111,1.22113,2.51,2.10
2014.12.23 12:30:18.121,1.22112,1.22114,1.25,2.10
2014.12.23 12:30:18.637,1.22111,1.22113,1.76,1.00
2014.12.23 12:30:19.923,1.22111,1.22113,1.01,5.85
2014.12.23 12:30:20.859,1.22111,1.22114,1.76,6.97
2014.12.23 12:30:21.364,1.2211,1.22113,3.19,2.85
2014.12.23 12:30:23.015,1.2211,1.22113,2.62,5.10
2014.12.23 12:30:24.168,1.2211,1.22113,3.56,2.85
2014.12.23 12:30:27.066,1.2211,1.22113,2.81,7.35
2014.12.23 12:30:28.198,1.2211,1.22114,1.87,7.35
2014.12.23 12:30:28.728,1.22112,1.22114,1.00,6.60
2014.12.23 12:30:29.278,1.2211,1.22113,2.06,2.10
2014.12.23 12:30:29.946,1.22112,1.22114,1.00,1.50
2014.12.23 12:30:30.452,1.2211,1.22113,4.69,2.10
2014.12.23 12:30:30.961,1.22113,1.22114,1.00,1.12
2014.12.23 12:30:31.466,1.22113,1.22115,5.95,2.25
2014.12.23 12:30:32.740,1.22112,1.22114,1.50,3.22
2014.12.23 12:30:33.310,1.22112,1.22114,1.25,3.97
2014.12.23 12:30:33.636,1.22112,1.22114,1.69,1.87
2014.12.23 12:30:34.178,1.22112,1.22114,1.50,4.72
2014.12.23 12:30:36.221,1.22112,1.22114,1.50,5.47
2014.12.23 12:30:36.424,1.22114,1.22115,1.00,4.12
2014.12.23 12:30:37.030,1.22113,1.22115,1.00,2.87
2014.12.23 12:30:37.561,1.22114,1.22115,1.00,1.87
2014.12.23 12:30:38.066,1.22114,1.22116,1.00,3.79
2014.12.23 12:30:38.571,1.22114,1.22117,2.25,2.47
2014.12.23 12:30:38.874,1.22116,1.22118,1.00,3.79
2014.12.23 12:30:39.413,1.22116,1.22118,1.00,1.50
2014.12.23 12:30:39.516,1.22115,1.22116,1.00,2.10
2014.12.23 12:30:40.022,1.22114,1.22116,1.00,8.29
2014.12.23 12:30:40.526,1.22113,1.22115,1.00,2.25
2014.12.23 12:30:40.627,1.22111,1.22113,1.76,2.10
2014.12.23 12:30:41.133,1.22111,1.22113,1.00,5.85
2014.12.23 12:30:41.639,1.22111,1.22113,1.00,5.85
2014.12.23 12:30:46.665,1.22112,1.22113,1.00,2.10
2014.12.23 12:30:47.174,1.22111,1.22113,1.00,2.10
2014.12.23 12:30:48.003,1.22112,1.22113,1.00,2.10
2014.12.23 12:30:48.535,1.22112,1.22114,1.00,2.25
2014.12.23 12:30:49.073,1.22112,1.22114,1.00,8.85
2014.12.23 12:30:49.805,1.22113,1.22115,8.32,1.20
2014.12.23 12:30:49.909,1.22115,1.22117,1.25,1.00
2014.12.23 12:30:50.010,1.22115,1.22119,3.19,1.87
2014.12.23 12:30:50.163,1.22117,1.22119,1.00,3.22
2014.12.23 12:30:51.324,1.22117,1.22121,1.50,5.66
2014.12.23 12:30:51.829,1.22117,1.2212,1.50,2.92
2014.12.23 12:30:57.165,1.22117,1.22119,1.00,3.75
2014.12.23 12:30:57.569,1.22116,1.22118,1.50,7.35
2014.12.23 12:30:58.074,1.22115,1.22118,1.00,7.72
2014.12.23 12:30:58.580,1.22113,1.22116,3.00,2.10
2014.12.23 12:30:59.109,1.22115,1.22117,1.00,3.22
2014.12.23 12:30:59.631,1.22114,1.22116,1.00,2.10
2014.12.23 12:31:01.027,1.22115,1.22116,1.50,2.85
2014.12.23 12:31:01.535,1.22114,1.22117,1.00,4.05
2014.12.23 12:31:01.636,1.22115,1.22117,1.00,2.06
2014.12.23 12:31:02.386,1.22115,1.22118,1.00,2.62
2014.12.23 12:31:04.340,1.22114,1.22117,1.00,1.00
2014.12.23 12:31:05.949,1.22113,1.22117,1.87,2.44
2014.12.23 12:31:06.454,1.22113,1.22117,1.50,4.54
2014.12.23 12:31:07.060,1.22113,1.22116,1.50,2.17
2014.12.23 12:31:08.548,1.22113,1.22116,1.00,1.25
2014.12.23 12:31:09.052,1.22113,1.22115,1.00,1.24
2014.12.23 12:31:09.813,1.22113,1.22117,1.00,3.49
2014.12.23 12:31:10.352,1.22113,1.22117,1.00,4.24
2014.12.23 12:31:11.303,1.22114,1.22117,1.00,4.24
2014.12.23 12:31:11.354,1.22114,1.22117,1.00,3.75
2014.12.23 12:31:11.861,1.22115,1.22119,1.69,2.62
2014.12.23 12:31:14.265,1.22115,1.22119,3.94,1.50
2014.12.23 12:31:14.982,1.22115,1.22119,3.94,1.50
2014.12.23 12:31:17.857,1.22115,1.22119,3.94,1.87
2014.12.23 12:31:19.173,1.22116,1.22119,1.00,1.87
2014.12.23 12:31:20.890,1.22117,1.22119,1.00,3.37
2014.12.23 12:31:20.992,1.22126,1.22129,1.19,1.00
2014.12.23 12:31:21.043,1.22129,1.2213,2.62,1.00
2014.12.23 12:31:21.095,1.22132,1.22135,3.45,1.00
2014.12.23 12:31:21.146,1.22132,1.22133,1.35,1.00
2014.12.23 12:31:21.349,1.22136,1.2214,1.25,1.50
2014.12.23 12:31:21.400,1.22139,1.2214,1.00,1.00
2014.12.23 12:31:21.552,1.22139,1.22142,1.00,1.39
2014.12.23 12:31:22.058,1.2214,1.22141,1.00,1.00
2014.12.23 12:31:22.411,1.2214,1.22143,1.00,2.32
2014.12.23 12:31:22.916,1.22141,1.22143,1.00,1.00
2014.12.23 12:31:23.624,1.22143,1.22145,1.00,2.25
2014.12.23 12:31:23.928,1.22145,1.22146,1.12,1.12
2014.12.23 12:31:24.030,1.22143,1.22145,3.75,1.50
2014.12.23 12:31:25.445,1.22145,1.22147,1.50,3.60
2014.12.23 12:31:25.547,1.22147,1.22148,1.00,1.05
2014.12.23 12:31:25.673,1.22152,1.22153,1.00,1.00
2014.12.23 12:31:25.876,1.22154,1.22156,1.12,7.12
2014.12.23 12:31:26.028,1.22156,1.22157,1.00,1.00
2014.12.23 12:31:26.533,1.22157,1.22158,1.00,1.00
2014.12.23 12:31:27.241,1.22154,1.22158,1.50,2.06
2014.12.23 12:31:27.747,1.22156,1.22158,1.00,3.75
2014.12.23 12:31:28.253,1.22157,1.22159,1.00,1.00
2014.12.23 12:31:28.758,1.22157,1.22158,1.00,1.12
2014.12.23 12:31:30.288,1.22157,1.22159,1.00,1.00
2014.12.23 12:31:30.793,1.22157,1.22158,1.00,1.12
2014.12.23 12:31:31.725,1.22156,1.22158,1.50,1.87
2014.12.23 12:31:32.232,1.22156,1.22158,1.00,1.69
2014.12.23 12:31:32.283,1.22155,1.22157,1.00,1.50
2014.12.23 12:31:32.637,1.22156,1.22158,1.00,1.12
2014.12.23 12:31:33.608,1.22156,1.22158,1.00,3.81
2014.12.23 12:31:34.114,1.22157,1.2216,1.00,1.75
2014.12.23 12:31:35.320,1.22156,1.22158,1.50,1.25
2014.12.23 12:31:35.371,1.22154,1.22156,1.00,1.00
2014.12.23 12:31:35.573,1.22156,1.22159,1.00,3.56
2014.12.23 12:31:36.700,1.22156,1.22159,1.00,3.56
2014.12.23 12:31:36.953,1.22157,1.22159,1.00,1.50
2014.12.23 12:31:37.004,1.22159,1.2216,1.50,4.72
2014.12.23 12:31:37.156,1.22157,1.2216,1.69,3.37
2014.12.23 12:31:37.307,1.22157,1.2216,1.50,5.91
2014.12.23 12:31:37.359,1.22155,1.22159,1.50,1.12
2014.12.23 12:31:37.460,1.22157,1.22159,1.00,2.12
2014.12.23 12:31:37.712,1.22155,1.22159,1.50,4.37
2014.12.23 12:31:38.226,1.22155,1.22159,1.00,7.14
2014.12.23 12:31:40.648,1.22155,1.22159,1.00,4.84
2014.12.23 12:31:41.153,1.22154,1.22159,1.50,10.69
2014.12.23 12:31:41.711,1.22154,1.22158,1.50,2.40
2014.12.23 12:31:42.429,1.22154,1.22158,1.50,4.50
2014.12.23 12:31:42.966,1.22154,1.22158,1.87,6.37
2014.12.23 12:31:43.275,1.22154,1.22157,1.87,3.52
2014.12.23 12:31:43.376,1.22154,1.22157,1.87,3.71
2014.12.23 12:31:44.085,1.22155,1.22157,1.00,1.25
2014.12.23 12:31:46.329,1.22155,1.22156,1.00,1.12
2014.12.23 12:31:46.834,1.22154,1.22155,1.12,1.00
2014.12.23 12:31:47.343,1.22154,1.22157,1.87,1.57
2014.12.23 12:31:50.666,1.22153,1.22156,1.50,1.12
2014.12.23 12:31:51.177,1.22153,1.22155,1.00,1.00
2014.12.23 12:31:52.561,1.22154,1.22157,1.00,1.69
2014.12.23 12:31:53.167,1.22154,1.22157,1.00,3.00
2014.12.23 12:31:54.329,1.22152,1.22155,1.00,4.50
2014.12.23 12:31:54.381,1.2215,1.22152,4.20,1.00
2014.12.23 12:31:54.432,1.2215,1.22152,1.00,2.25
2014.12.23 12:31:54.483,1.2215,1.22152,1.00,6.00
2014.12.23 12:31:54.534,1.22146,1.22149,2.25,1.00
2014.12.23 12:31:55.040,1.22144,1.22149,1.25,2.51
2014.12.23 12:31:55.242,1.22143,1.22144,3.00,1.00
2014.12.23 12:31:55.343,1.2214,1.22142,1.87,1.00
2014.12.23 12:31:55.445,1.22139,1.2214,1.00,1.87
2014.12.23 12:31:55.950,1.22138,1.2214,1.12,1.00
2014.12.23 12:31:57.257,1.22138,1.22142,1.12,1.50
2014.12.23 12:31:57.565,1.2214,1.22142,1.00,1.20
2014.12.23 12:31:58.073,1.2214,1.22142,1.00,1.20
2014.12.23 12:31:59.022,1.22141,1.22145,1.00,4.31
2014.12.23 12:31:59.174,1.22142,1.22145,1.00,1.57
2014.12.23 12:32:00.445,1.22142,1.22146,2.25,1.57
2014.12.23 12:32:00.899,1.22144,1.22147,1.50,1.12
2014.12.23 12:32:01.152,1.22147,1.2215,1.00,1.00
2014.12.23 12:32:01.909,1.22147,1.22151,1.00,2.25
2014.12.23 12:32:02.966,1.22146,1.22151,3.94,2.25
2014.12.23 12:32:03.521,1.22146,1.22151,4.56,1.50
2014.12.23 12:32:04.072,1.22146,1.22151,4.25,2.25
2014.12.23 12:32:05.575,1.22146,1.22151,3.19,1.50
2014.12.23 12:32:07.395,1.22146,1.22151,2.25,2.44
2014.12.23 12:32:09.553,1.22146,1.22151,3.37,2.44
2014.12.23 12:32:10.059,1.22146,1.22151,6.94,1.87
2014.12.23 12:32:12.061,1.22146,1.22151,1.50,2.81
2014.12.23 12:32:14.756,1.22146,1.22151,1.00,1.87
2014.12.23 12:32:16.308,1.22146,1.22151,2.31,1.55
2014.12.23 12:32:16.922,1.22146,1.22151,2.91,1.31
2014.12.23 12:32:19.933,1.22147,1.22151,1.00,2.06
2014.12.23 12:32:20.136,1.22145,1.22149,1.31,1.10
2014.12.23 12:32:23.424,1.22145,1.22149,2.50,1.10
2014.12.23 12:32:25.951,1.22145,1.22148,3.81,1.00
2014.12.23 12:32:29.939,1.22145,1.22148,2.37,1.00
2014.12.23 12:32:30.605,1.22145,1.2215,1.50,1.31
2014.12.23 12:32:30.909,1.22146,1.2215,1.50,1.69
2014.12.23 12:32:31.426,1.22146,1.22151,2.50,2.25
2014.12.23 12:32:40.394,1.2215,1.22152,1.50,1.61
2014.12.23 12:32:40.912,1.22149,1.2215,1.00,1.00
2014.12.23 12:32:41.619,1.22147,1.2215,1.54,1.00
2014.12.23 12:32:42.716,1.22146,1.22149,1.69,1.00
2014.12.23 12:32:42.920,1.22146,1.22148,1.00,1.00
2014.12.23 12:32:43.679,1.22146,1.22149,1.50,1.00
2014.12.23 12:32:44.344,1.22146,1.2215,2.25,1.31
2014.12.23 12:32:46.411,1.22146,1.22148,2.25,1.00
2014.12.23 12:32:46.917,1.22147,1.2215,1.00,1.87
2014.12.23 12:32:47.450,1.22147,1.2215,1.69,1.10
2014.12.23 12:32:48.113,1.22148,1.2215,1.00,1.10
2014.12.23 12:32:48.618,1.22149,1.2215,1.00,1.00
2014.12.23 12:32:50.302,1.22148,1.2215,1.69,1.00
2014.12.23 12:32:51.164,1.22148,1.22151,1.69,1.10
2014.12.23 12:32:57.436,1.22148,1.2215,2.44,1.00
2014.12.23 12:32:57.689,1.2214,1.22143,3.75,1.00
2014.12.23 12:32:57.791,1.2214,1.22144,1.12,6.01
2014.12.23 12:32:57.892,1.2214,1.22142,1.00,1.10
2014.12.23 12:32:58.673,1.22139,1.22142,1.00,1.10
2014.12.23 12:32:59.178,1.22138,1.22142,2.25,1.20
2014.12.23 12:32:59.681,1.22138,1.22141,1.50,1.00
2014.12.23 12:33:00.953,1.22138,1.2214,1.50,1.00
2014.12.23 12:33:04.364,1.22138,1.22141,1.50,1.50
2014.12.23 12:33:05.957,1.22138,1.22141,1.50,2.96
2014.12.23 12:33:12.549,1.22138,1.22141,1.50,1.69
2014.12.23 12:33:13.712,1.22138,1.22141,1.00,2.96
2014.12.23 12:33:14.265,1.22138,1.22141,1.00,3.71
2014.12.23 12:33:14.806,1.22138,1.22141,1.00,3.71
2014.12.23 12:33:15.311,1.22138,1.22141,1.00,2.44
2014.12.23 12:33:17.725,1.22137,1.22141,2.44,1.50
2014.12.23 12:33:18.231,1.22138,1.2214,2.10,1.84
2014.12.23 12:33:18.766,1.22138,1.22141,1.50,2.44
2014.12.23 12:33:27.442,1.22138,1.22141,1.87,3.00
2014.12.23 12:33:36.258,1.22138,1.22141,5.06,1.00
2014.12.23 12:33:38.887,1.22139,1.22141,2.06,1.00
2014.12.23 12:33:42.721,1.22139,1.22141,1.62,1.00
2014.12.23 12:33:43.393,1.22139,1.22143,3.81,1.00
2014.12.23 12:33:43.797,1.22139,1.22143,5.06,1.50
2014.12.23 12:33:44.727,1.22139,1.22143,3.94,1.50
2014.12.23 12:33:52.401,1.22139,1.22143,1.31,1.50
2014.12.23 12:34:00.038,1.22139,1.22142,1.25,1.00
2014.12.23 12:34:02.143,1.22139,1.22141,1.25,1.00
2014.12.23 12:34:03.507,1.22139,1.2214,1.00,1.00
2014.12.23 12:34:03.658,1.22136,1.2214,1.69,1.50
2014.12.23 12:34:13.007,1.22136,1.2214,1.25,4.27
2014.12.23 12:34:13.311,1.22136,1.2214,1.25,3.82
2014.12.23 12:34:15.627,1.22134,1.22138,6.37,1.37
2014.12.23 12:34:16.133,1.22134,1.22138,1.69,1.87
2014.12.23 12:34:17.115,1.22134,1.22138,2.69,1.50
2014.12.23 12:34:18.030,1.22134,1.22138,1.00,1.87
2014.12.23 12:34:18.535,1.22134,1.22138,2.69,4.87
2014.12.23 12:34:20.602,1.22136,1.22138,1.00,4.50
2014.12.23 12:34:21.164,1.22136,1.22137,1.00,3.00
2014.12.23 12:34:23.637,1.22135,1.22136,1.00,2.10
2014.12.23 12:34:23.790,1.22132,1.22134,1.50,4.23
2014.12.23 12:34:23.992,1.2213,1.22133,2.62,2.25
2014.12.23 12:34:24.513,1.22131,1.22133,1.00,1.50
2014.12.23 12:34:27.177,1.2213,1.22131,3.00,1.00
2014.12.23 12:34:27.682,1.2213,1.22132,1.12,1.50
2014.12.23 12:34:30.080,1.22129,1.22132,1.87,1.50
2014.12.23 12:34:32.465,1.22129,1.22132,1.37,1.50
2014.12.23 12:34:32.970,1.2213,1.22132,2.62,1.00
2014.12.23 12:34:36.011,1.22132,1.22133,1.00,1.00
2014.12.23 12:34:36.168,1.22134,1.22137,1.00,6.37
2014.12.23 12:34:36.219,1.22134,1.22137,1.12,4.87
2014.12.23 12:34:36.523,1.22134,1.22135,1.00,2.25
2014.12.23 12:34:36.725,1.22131,1.22133,1.00,1.00
2014.12.23 12:34:40.534,1.22131,1.22134,2.06,1.00
2014.12.23 12:34:40.585,1.22132,1.22135,1.37,1.00
2014.12.23 12:34:40.737,1.22134,1.22137,1.12,1.57
2014.12.23 12:34:41.342,1.22133,1.22137,1.31,1.50
2014.12.23 12:34:41.797,1.22134,1.22137,2.62,1.50
2014.12.23 12:34:42.101,1.22134,1.22137,1.87,1.50
2014.12.23 12:34:42.152,1.22133,1.22134,1.00,1.50
2014.12.23 12:34:42.657,1.22132,1.22133,1.87,1.00
2014.12.23 12:34:43.186,1.22132,1.22134,1.87,1.00
2014.12.23 12:34:43.237,1.2213,1.22135,4.12,4.35
2014.12.23 12:34:43.388,1.2213,1.22131,1.50,1.00
2014.12.23 12:34:43.439,1.22128,1.2213,1.57,1.00
2014.12.23 12:34:43.692,1.22128,1.22132,3.97,1.69
2014.12.23 12:34:44.197,1.22128,1.22133,2.66,1.69
2014.12.23 12:34:44.550,1.22128,1.22133,3.56,1.69
2014.12.23 12:34:45.055,1.2213,1.22134,2.62,2.44
2014.12.23 12:34:45.711,1.22131,1.22135,1.31,1.95
2014.12.23 12:34:46.675,1.22131,1.22135,6.04,1.00
2014.12.23 12:34:46.928,1.22135,1.22139,1.87,1.69
2014.12.23 12:34:47.437,1.22135,1.2214,2.62,2.81
2014.12.23 12:34:47.943,1.22135,1.2214,2.81,1.50
2014.12.23 12:34:48.931,1.22136,1.2214,1.00,1.69
2014.12.23 12:34:49.929,1.22136,1.22141,3.00,2.51
2014.12.23 12:34:50.454,1.22137,1.22141,1.00,2.51
2014.12.23 12:34:51.684,1.22136,1.22138,3.94,1.00
2014.12.23 12:34:52.037,1.22137,1.2214,1.00,1.10
2014.12.23 12:34:52.543,1.22137,1.22141,1.87,1.10
2014.12.23 12:34:53.107,1.22139,1.22141,1.00,1.10
2014.12.23 12:34:53.411,1.2214,1.22143,1.50,1.25
2014.12.23 12:34:54.067,1.2214,1.22145,1.50,9.19
2014.12.23 12:34:54.573,1.22141,1.22143,1.00,1.00
2014.12.23 12:34:54.927,1.2214,1.22141,1.00,1.00
2014.12.23 12:34:55.381,1.22137,1.2214,1.00,2.44
2014.12.23 12:34:58.832,1.22138,1.2214,1.00,1.31
2014.12.23 12:34:59.037,1.22139,1.22142,1.50,2.14
2014.12.23 12:34:59.543,1.2214,1.22142,1.50,1.00
2014.12.23 12:35:02.915,1.2214,1.22143,1.00,1.00
2014.12.23 12:35:03.421,1.2214,1.22142,1.00,3.37
2014.12.23 12:35:03.472,1.22137,1.2214,4.87,1.50
2014.12.23 12:35:03.523,1.22137,1.2214,1.50,1.50
2014.12.23 12:35:04.028,1.22138,1.22143,2.47,3.94
2014.12.23 12:35:04.079,1.2214,1.22143,1.00,3.26
2014.12.23 12:35:06.574,1.2214,1.22142,1.00,1.12
2014.12.23 12:35:06.625,1.22138,1.22142,2.44,1.87
2014.12.23 12:35:06.777,1.22138,1.2214,1.50,2.25
2014.12.23 12:35:07.285,1.22137,1.2214,1.00,5.06
2014.12.23 12:35:07.995,1.22137,1.2214,1.00,4.39
2014.12.23 12:35:08.163,1.22135,1.2214,3.75,4.39
2014.12.23 12:35:08.365,1.22137,1.2214,1.00,2.81
2014.12.23 12:35:08.568,1.22137,1.22141,1.00,1.87
2014.12.23 12:35:08.669,1.22139,1.22143,1.00,3.26
2014.12.23 12:35:09.206,1.22138,1.22142,2.44,1.00
2014.12.23 12:35:11.264,1.22138,1.22141,1.50,1.00
2014.12.23 12:35:11.770,1.22138,1.2214,1.00,1.87
2014.12.23 12:35:12.074,1.2214,1.22144,4.87,1.12
2014.12.23 12:35:12.327,1.22142,1.22144,1.37,1.00
2014.12.23 12:35:12.831,1.22142,1.22145,1.87,4.12
2014.12.23 12:35:13.368,1.22142,1.22143,1.50,1.00
2014.12.23 12:35:20.169,1.22144,1.22145,1.87,1.69
2014.12.23 12:35:20.321,1.22147,1.22149,1.00,1.30
2014.12.23 12:35:20.473,1.22147,1.2215,1.50,1.00
2014.12.23 12:35:20.777,1.22148,1.22153,3.60,2.06
2014.12.23 12:35:20.979,1.22151,1.22153,1.00,2.81
2014.12.23 12:35:22.661,1.22149,1.22152,1.00,1.87
2014.12.23 12:35:23.166,1.22148,1.22151,1.50,2.51
2014.12.23 12:35:23.767,1.22148,1.22151,1.50,2.81
2014.12.23 12:35:24.402,1.22148,1.22151,2.25,1.00
2014.12.23 12:35:26.643,1.22149,1.22151,1.00,1.00
2014.12.23 12:35:27.265,1.22149,1.22152,1.00,1.25
2014.12.23 12:35:27.922,1.2215,1.22153,1.00,1.76
2014.12.23 12:35:28.428,1.2215,1.22153,1.00,1.10
2014.12.23 12:35:30.384,1.22149,1.22151,1.50,1.00
2014.12.23 12:35:30.587,1.22148,1.2215,1.50,1.00
2014.12.23 12:35:37.909,1.22149,1.22152,1.00,2.06
2014.12.23 12:35:38.062,1.2215,1.22154,4.12,2.06
2014.12.23 12:35:38.216,1.22154,1.22155,1.50,1.12
2014.12.23 12:35:38.368,1.22156,1.22159,1.50,1.10
2014.12.23 12:35:38.874,1.22157,1.2216,1.00,1.50
2014.12.23 12:35:39.379,1.22156,1.2216,1.00,1.69
2014.12.23 12:35:40.007,1.22155,1.2216,6.90,2.44
2014.12.23 12:35:40.160,1.22155,1.22158,1.87,1.00
2014.12.23 12:35:40.261,1.22155,1.2216,3.37,3.94
2014.12.23 12:35:40.766,1.22156,1.22159,1.00,1.00
2014.12.23 12:35:41.944,1.22155,1.22156,1.12,1.00
2014.12.23 12:35:42.248,1.22153,1.22155,1.00,2.81
2014.12.23 12:35:42.351,1.22152,1.22154,1.50,1.00
2014.12.23 12:35:44.073,1.22152,1.22154,1.50,1.19
2014.12.23 12:35:45.060,1.22152,1.22154,1.50,1.25
2014.12.23 12:35:48.074,1.22151,1.22154,1.50,1.69
2014.12.23 12:35:48.882,1.22151,1.22152,1.00,1.00
2014.12.23 12:35:49.035,1.22149,1.22152,1.12,1.00
2014.12.23 12:35:49.438,1.22147,1.22149,1.87,1.00
2014.12.23 12:35:49.591,1.22145,1.22146,1.00,1.00
2014.12.23 12:35:49.692,1.22143,1.22146,3.37,2.06
2014.12.23 12:35:49.894,1.22146,1.22148,3.60,3.37
2014.12.23 12:35:50.097,1.2215,1.22153,1.12,1.01
2014.12.23 12:35:50.249,1.22149,1.22152,1.00,1.31
2014.12.23 12:35:50.553,1.22148,1.2215,1.00,1.00
2014.12.23 12:35:51.059,1.22149,1.22151,1.00,1.01
2014.12.23 12:35:51.363,1.22149,1.22151,1.00,1.10
2014.12.23 12:35:51.515,1.22148,1.22149,1.00,1.00
2014.12.23 12:35:51.616,1.22146,1.22149,2.25,1.00
2014.12.23 12:35:52.121,1.22146,1.22148,2.25,1.00
2014.12.23 12:35:55.036,1.22146,1.22149,1.50,1.00
2014.12.23 12:35:55.894,1.22146,1.22148,1.50,1.00
2014.12.23 12:35:56.877,1.22146,1.22148,1.50,1.00
2014.12.23 12:35:57.860,1.22146,1.22148,1.50,1.00
2014.12.23 12:35:59.068,1.22146,1.22148,1.00,1.00
2014.12.23 12:36:08.738,1.22145,1.22147,6.15,1.00
2014.12.23 12:36:09.041,1.22145,1.22148,6.90,1.50
2014.12.23 12:36:15.534,1.22147,1.22148,1.00,1.00
2014.12.23 12:36:20.931,1.22145,1.22148,3.19,1.00
2014.12.23 12:36:24.550,1.22145,1.22147,2.62,2.10
2014.12.23 12:36:24.854,1.22143,1.22144,1.50,1.00
2014.12.23 12:36:27.319,1.22141,1.22143,1.12,1.00
2014.12.23 12:36:27.421,1.2214,1.22141,2.62,1.00
2014.12.23 12:36:27.674,1.22138,1.2214,1.50,1.00
2014.12.23 12:36:30.745,1.22138,1.2214,1.00,1.19
2014.12.23 12:36:31.250,1.22138,1.2214,1.00,1.25
2014.12.23 12:36:34.155,1.22137,1.2214,1.00,1.25
2014.12.23 12:36:36.664,1.22135,1.22138,1.31,1.00
2014.12.23 12:36:36.919,1.22134,1.22135,1.00,1.00
2014.12.23 12:36:37.020,1.22133,1.22137,4.87,2.25
2014.12.23 12:36:37.071,1.22133,1.22135,4.69,1.00
2014.12.23 12:36:37.172,1.22131,1.22134,1.50,1.00
2014.12.23 12:36:37.677,1.22131,1.22133,1.00,1.00
2014.12.23 12:36:38.183,1.2213,1.22133,1.50,1.50
2014.12.23 12:36:42.894,1.2213,1.22132,1.50,1.00
2014.12.23 12:36:45.016,1.2213,1.22133,2.47,2.25
2014.12.23 12:36:45.168,1.22132,1.22134,3.00,1.00
2014.12.23 12:36:45.421,1.2213,1.22133,1.12,2.25
2014.12.23 12:36:45.957,1.2213,1.22132,1.00,3.00
2014.12.23 12:36:48.428,1.22129,1.22132,1.12,3.00
2014.12.23 12:36:48.985,1.2213,1.22132,1.00,3.00
2014.12.23 12:36:49.540,1.22129,1.22132,1.12,2.25
2014.12.23 12:36:50.592,1.22129,1.22131,1.12,1.00
2014.12.23 12:36:53.402,1.22129,1.22131,1.00,1.50
2014.12.23 12:36:55.796,1.2213,1.22132,1.00,2.25
2014.12.23 12:36:59.179,1.22131,1.22132,1.00,1.00
2014.12.23 12:36:59.684,1.22131,1.22133,1.00,1.50
2014.12.23 12:36:59.787,1.22134,1.22136,1.00,2.25
2014.12.23 12:37:00.090,1.22134,1.22135,1.00,1.00
2014.12.23 12:37:00.544,1.22134,1.22136,1.00,1.25
2014.12.23 12:37:00.746,1.22135,1.22138,3.37,1.57
2014.12.23 12:37:00.898,1.22137,1.2214,1.50,3.52
2014.12.23 12:37:01.908,1.22137,1.22139,1.50,1.00
2014.12.23 12:37:04.230,1.22137,1.2214,1.50,2.40
2014.12.23 12:37:04.734,1.22137,1.22139,1.87,1.50
2014.12.23 12:37:06.986,1.22137,1.22138,1.87,2.10
2014.12.23 12:37:07.087,1.22135,1.22136,3.07,3.00
2014.12.23 12:37:07.391,1.2213,1.22132,1.00,1.00
2014.12.23 12:37:07.695,1.22129,1.22131,1.10,1.00
2014.12.23 12:37:07.746,1.2213,1.22132,1.00,1.69
2014.12.23 12:37:08.302,1.22128,1.22129,1.00,1.00
2014.12.23 12:37:08.404,1.22126,1.22129,1.50,1.00
2014.12.23 12:37:09.095,1.22127,1.22129,1.00,1.50
2014.12.23 12:37:09.618,1.22128,1.2213,1.00,3.56
2014.12.23 12:37:10.746,1.22128,1.2213,1.00,2.62
2014.12.23 12:37:11.891,1.22128,1.2213,1.00,2.25
2014.12.23 12:37:13.057,1.22128,1.2213,1.00,4.31
2014.12.23 12:37:13.562,1.22128,1.2213,1.00,4.31
2014.12.23 12:37:13.980,1.22129,1.22131,1.00,1.25
2014.12.23 12:37:14.537,1.2213,1.22132,1.00,3.07
2014.12.23 12:37:14.739,1.22128,1.2213,1.19,1.00
2014.12.23 12:37:15.244,1.2213,1.22131,1.00,1.50
2014.12.23 12:37:16.754,1.22131,1.22132,1.00,1.57
2014.12.23 12:37:17.057,1.22131,1.22132,1.00,1.00
2014.12.23 12:37:17.563,1.22132,1.22133,1.00,1.00
2014.12.23 12:37:26.590,1.22132,1.22133,1.00,1.50
2014.12.23 12:37:33.689,1.22132,1.22134,2.81,1.00
2014.12.23 12:37:33.740,1.22134,1.22135,1.00,1.12
2014.12.23 12:37:34.094,1.22132,1.22134,1.00,1.00
2014.12.23 12:37:34.602,1.22129,1.22131,1.87,1.00
2014.12.23 12:37:38.403,1.2213,1.22132,1.00,1.50
2014.12.23 12:37:39.900,1.22131,1.22133,1.50,1.01
2014.12.23 12:37:41.727,1.22132,1.22134,1.00,3.82
2014.12.23 12:37:41.929,1.22135,1.22136,1.50,1.00
2014.12.23 12:37:46.051,1.22135,1.22138,1.37,5.92
2014.12.23 12:37:46.203,1.22139,1.2214,1.00,2.25
2014.12.23 12:37:46.254,1.22139,1.2214,1.00,1.50
2014.12.23 12:37:46.356,1.22137,1.22139,1.12,1.00
2014.12.23 12:37:46.509,1.22136,1.22138,1.50,1.00
2014.12.23 12:37:47.014,1.22135,1.22137,1.00,1.00
2014.12.23 12:37:47.526,1.22136,1.22137,1.00,1.00
2014.12.23 12:37:48.031,1.22135,1.22137,1.00,1.00
2014.12.23 12:37:48.552,1.22136,1.22137,1.00,1.00
2014.12.23 12:37:49.470,1.22136,1.22138,1.00,1.10
2014.12.23 12:37:56.848,1.22134,1.22137,1.50,1.00
2014.12.23 12:37:57.621,1.22134,1.22136,1.50,1.00
2014.12.23 12:38:00.083,1.22134,1.22136,2.25,1.00
2014.12.23 12:38:00.659,1.22134,1.22137,2.25,1.00
2014.12.23 12:38:01.212,1.22134,1.22137,2.44,1.00
2014.12.23 12:38:01.729,1.22134,1.22137,2.44,1.00
2014.12.23 12:38:02.275,1.22134,1.22136,1.50,1.00
2014.12.23 12:38:03.778,1.22136,1.22138,1.00,1.50
2014.12.23 12:38:04.081,1.22136,1.22138,1.50,1.00
2014.12.23 12:38:04.132,1.22137,1.22139,2.50,1.50
2014.12.23 12:38:04.335,1.2214,1.22142,1.50,1.50
2014.12.23 12:38:04.437,1.22139,1.2214,1.00,1.00
2014.12.23 12:38:04.640,1.22138,1.2214,1.00,1.00
2014.12.23 12:38:05.719,1.22138,1.22139,1.00,1.00
2014.12.23 12:38:05.972,1.22136,1.22139,1.50,1.00
2014.12.23 12:38:07.084,1.22136,1.22138,1.50,1.00
2014.12.23 12:38:08.180,1.22136,1.22137,1.50,1.00
2014.12.23 12:38:13.351,1.22135,1.22136,1.00,1.00
2014.12.23 12:38:13.554,1.22131,1.22133,1.00,1.00
2014.12.23 12:38:13.807,1.22133,1.22135,1.00,2.25
2014.12.23 12:38:14.313,1.22132,1.22135,1.00,5.25
2014.12.23 12:38:14.364,1.2213,1.22133,1.00,1.50
2014.12.23 12:38:14.415,1.2213,1.22133,1.00,1.50
2014.12.23 12:38:14.920,1.2213,1.22132,1.00,1.00
2014.12.23 12:38:15.425,1.22129,1.22132,1.12,1.00
2014.12.23 12:38:16.771,1.2213,1.22132,1.00,2.25
2014.12.23 12:38:17.287,1.2213,1.22132,1.00,2.25
2014.12.23 12:38:18.725,1.2213,1.22131,1.00,1.00
2014.12.23 12:38:19.240,1.22128,1.2213,1.00,1.00
2014.12.23 12:38:21.500,1.22128,1.22129,1.00,1.00
2014.12.23 12:38:22.006,1.22127,1.22129,1.50,2.25
2014.12.23 12:38:23.152,1.22128,1.22129,1.00,1.50
2014.12.23 12:38:23.667,1.22128,1.2213,1.00,4.87
2014.12.23 12:38:25.183,1.22128,1.22129,1.00,1.00
2014.12.23 12:38:25.688,1.22127,1.22129,1.50,1.00
2014.12.23 12:38:31.516,1.22127,1.22128,1.00,1.00
2014.12.23 12:38:32.843,1.22126,1.22128,1.00,1.00
2014.12.23 12:38:37.903,1.22126,1.22129,1.00,2.25
2014.12.23 12:38:38.672,1.22126,1.22128,1.00,1.00
2014.12.23 12:38:39.177,1.22127,1.22128,1.00,1.00
2014.12.23 12:38:45.181,1.22127,1.22129,1.00,2.25
2014.12.23 12:38:48.918,1.22127,1.2213,1.00,5.81
2014.12.23 12:38:55.367,1.22127,1.22129,1.00,1.00
2014.12.23 12:38:55.569,1.22127,1.22129,1.87,1.50
2014.12.23 12:38:55.721,1.22131,1.22133,1.00,2.25
2014.12.23 12:38:55.772,1.22131,1.22133,1.00,2.25
2014.12.23 12:38:56.276,1.22131,1.22132,1.00,1.00
2014.12.23 12:38:56.794,1.22131,1.22133,1.00,2.25
2014.12.23 12:39:04.456,1.22131,1.22132,1.00,1.00
2014.12.23 12:39:04.960,1.22131,1.22133,1.00,2.25
2014.12.23 12:39:08.883,1.2213,1.22133,1.50,1.50
2014.12.23 12:39:10.665,1.2213,1.22133,1.50,1.50
2014.12.23 12:39:10.767,1.22128,1.22129,1.50,1.00
2014.12.23 12:39:11.627,1.22128,1.2213,1.50,3.67
2014.12.23 12:39:19.024,1.2213,1.22131,1.00,1.00
2014.12.23 12:39:19.540,1.22131,1.22132,1.50,1.00
2014.12.23 12:39:19.882,1.22131,1.22134,1.50,2.44
2014.12.23 12:39:20.186,1.22133,1.22135,1.00,1.00
2014.12.23 12:39:20.705,1.22133,1.22134,1.50,1.00
2014.12.23 12:39:21.214,1.22133,1.22135,1.50,3.00
2014.12.23 12:39:26.129,1.22134,1.22135,1.00,1.50
2014.12.23 12:39:27.687,1.22134,1.22136,1.00,1.50
2014.12.23 12:39:27.991,1.22135,1.22138,1.00,1.50
2014.12.23 12:39:28.900,1.22135,1.22137,1.00,1.00
2014.12.23 12:39:29.585,1.22135,1.22138,1.69,2.25
2014.12.23 12:39:29.788,1.22137,1.22141,1.50,9.94
2014.12.23 12:39:30.595,1.22137,1.22139,1.50,1.00
2014.12.23 12:39:31.121,1.22137,1.2214,1.00,2.36
2014.12.23 12:39:33.015,1.22137,1.22139,1.00,1.00
2014.12.23 12:39:34.143,1.22137,1.2214,1.00,2.92
2014.12.23 12:39:36.741,1.22137,1.22139,1.00,1.50
2014.12.23 12:39:37.823,1.22137,1.2214,1.00,3.00
2014.12.23 12:39:41.657,1.22136,1.2214,1.69,1.50
2014.12.23 12:39:41.960,1.22135,1.22137,1.50,1.50
2014.12.23 12:39:42.925,1.22135,1.22138,1.50,1.69
2014.12.23 12:39:43.431,1.22135,1.22137,1.50,1.00
2014.12.23 12:39:44.038,1.22135,1.22138,1.00,2.44
2014.12.23 12:39:46.087,1.22135,1.22139,1.87,3.94
2014.12.23 12:39:47.854,1.22133,1.22137,6.04,1.00
2014.12.23 12:39:48.108,1.22127,1.2213,1.00,2.25
2014.12.23 12:39:48.260,1.22128,1.2213,1.00,3.37
2014.12.23 12:39:48.513,1.22127,1.2213,1.50,2.36
2014.12.23 12:39:49.169,1.22127,1.22129,1.12,1.00
2014.12.23 12:39:49.674,1.22127,1.2213,1.12,2.44
2014.12.23 12:39:50.179,1.22126,1.22128,1.62,1.00
2014.12.23 12:39:54.460,1.22125,1.22128,8.89,1.00
2014.12.23 12:39:55.570,1.22127,1.22129,1.12,1.00
2014.12.23 12:39:56.179,1.22127,1.22128,1.12,1.00
2014.12.23 12:39:57.777,1.22127,1.22129,1.50,1.00
2014.12.23 12:39:58.283,1.22125,1.22127,2.62,1.00
2014.12.23 12:39:58.814,1.22126,1.22127,1.00,1.50
2014.12.23 12:39:59.739,1.22124,1.22127,2.14,1.00
2014.12.23 12:40:00.397,1.22125,1.22126,1.12,1.00
2014.12.23 12:40:02.583,1.22125,1.22127,1.00,1.00
2014.12.23 12:40:04.237,1.22124,1.22125,1.87,1.00
2014.12.23 12:40:04.641,1.22124,1.22127,1.87,1.50
2014.12.23 12:40:06.585,1.22124,1.22126,1.87,1.50
2014.12.23 12:40:06.787,1.22124,1.22125,1.00,1.87
2014.12.23 12:40:06.888,1.22122,1.22123,1.12,1.00
2014.12.23 12:40:07.393,1.22122,1.22124,1.12,1.50
2014.12.23 12:40:12.115,1.22122,1.22123,1.00,1.00
2014.12.23 12:40:13.694,1.2212,1.22122,5.32,1.00
2014.12.23 12:40:13.745,1.2212,1.22122,3.45,1.00
2014.12.23 12:40:13.846,1.22118,1.22121,3.67,1.00
2014.12.23 12:40:13.949,1.22118,1.2212,1.87,1.00
2014.12.23 12:40:14.790,1.22118,1.2212,1.31,1.00
2014.12.23 12:40:15.317,1.22117,1.22121,3.64,1.80
2014.12.23 12:40:15.829,1.22117,1.22121,2.06,1.80
2014.12.23 12:40:19.645,1.22117,1.2212,2.06,1.80
2014.12.23 12:40:20.150,1.22116,1.2212,3.82,1.50
2014.12.23 12:40:20.201,1.22119,1.2212,1.00,1.50
2014.12.23 12:40:20.706,1.22118,1.2212,1.00,1.50
2014.12.23 12:40:21.399,1.22118,1.22119,1.00,1.00
2014.12.23 12:40:23.728,1.22118,1.2212,1.00,2.25
2014.12.23 12:40:29.112,1.22119,1.2212,1.12,2.25
2014.12.23 12:40:32.078,1.22119,1.22121,1.00,1.50
2014.12.23 12:40:32.735,1.22119,1.2212,1.00,2.25
2014.12.23 12:40:36.189,1.22117,1.2212,1.25,2.62
2014.12.23 12:40:36.695,1.22118,1.2212,1.00,3.00
2014.12.23 12:40:43.255,1.22119,1.22121,1.12,1.00
2014.12.23 12:40:43.812,1.2212,1.22121,1.00,1.00
2014.12.23 12:40:44.234,1.22121,1.22124,5.12,1.57
2014.12.23 12:40:44.386,1.22123,1.22125,4.12,5.06
2014.12.23 12:40:44.488,1.22125,1.22126,1.00,1.00
2014.12.23 12:40:44.791,1.22127,1.2213,1.25,1.00
2014.12.23 12:40:45.044,1.22127,1.22131,1.25,1.00
2014.12.23 12:40:45.196,1.22127,1.22129,2.44,1.00
2014.12.23 12:40:45.401,1.22128,1.2213,1.00,1.50
2014.12.23 12:40:45.907,1.22129,1.2213,1.12,1.00
2014.12.23 12:40:46.427,1.22128,1.2213,1.25,1.00
2014.12.23 12:40:52.082,1.22127,1.22129,1.50,1.00
2014.12.23 12:40:52.593,1.22127,1.22128,1.00,1.50
2014.12.23 12:40:52.899,1.22125,1.22128,1.50,1.69
2014.12.23 12:40:53.002,1.22125,1.22126,1.00,1.00
2014.12.23 12:40:53.963,1.22123,1.22125,6.75,1.00
2014.12.23 12:40:54.064,1.22125,1.22126,1.00,1.00
2014.12.23 12:40:54.974,1.22125,1.22127,1.12,1.50
2014.12.23 12:40:55.277,1.22125,1.22127,1.00,2.25
2014.12.23 12:40:55.429,1.22123,1.22124,1.10,1.00
2014.12.23 12:40:55.935,1.22122,1.22123,1.00,1.50
2014.12.23 12:40:56.288,1.22124,1.22125,1.00,2.25
2014.12.23 12:40:56.491,1.22125,1.22127,3.37,1.50
2014.12.23 12:40:56.794,1.22123,1.22126,1.50,1.00
2014.12.23 12:40:56.845,1.22122,1.22125,1.50,1.00
2014.12.23 12:40:56.948,1.22124,1.22125,1.00,1.00
2014.12.23 12:40:57.453,1.22123,1.22126,1.12,2.62
2014.12.23 12:40:57.555,1.22121,1.22124,1.10,1.00
2014.12.23 12:40:57.910,1.22123,1.22125,1.50,3.00
2014.12.23 12:40:58.113,1.22125,1.22128,1.25,2.32
2014.12.23 12:40:58.629,1.22126,1.22128,1.00,1.00
2014.12.23 12:40:58.781,1.22124,1.22127,1.12,2.25
2014.12.23 12:40:58.831,1.22123,1.22125,5.25,1.00
2014.12.23 12:40:59.337,1.22124,1.22126,1.00,1.00
2014.12.23 12:40:59.872,1.22123,1.22125,1.00,1.31
2014.12.23 12:41:00.176,1.22121,1.22123,1.25,1.50
2014.12.23 12:41:00.379,1.22124,1.22126,1.50,1.12
2014.12.23 12:41:00.884,1.22123,1.22124,1.00,1.00
2014.12.23 12:41:01.239,1.22124,1.22126,1.00,2.25
2014.12.23 12:41:01.744,1.22122,1.22124,1.25,1.00
2014.12.23 12:41:02.047,1.22121,1.22124,2.06,1.00
2014.12.23 12:41:02.249,1.22124,1.22126,1.00,1.00
2014.12.23 12:41:02.753,1.22125,1.22127,2.06,1.00
2014.12.23 12:41:03.158,1.22125,1.22128,2.44,1.00
2014.12.23 12:41:06.451,1.22123,1.22125,2.32,1.00
2014.12.23 12:41:06.553,1.22119,1.22122,2.62,1.50
2014.12.23 12:41:06.604,1.22119,1.22121,1.50,1.50
2014.12.23 12:41:07.111,1.22118,1.22121,1.87,1.00
2014.12.23 12:41:07.263,1.22118,1.22121,1.50,1.50
2014.12.23 12:41:07.414,1.22118,1.22123,1.50,5.06
2014.12.23 12:41:08.056,1.22119,1.22121,1.00,1.00
2014.12.23 12:41:08.560,1.2212,1.22123,1.00,2.06
2014.12.23 12:41:09.079,1.22119,1.22122,1.00,1.00
2014.12.23 12:41:09.595,1.22119,1.22121,1.00,1.50
2014.12.23 12:41:09.697,1.22117,1.2212,2.25,2.25
2014.12.23 12:41:14.867,1.22117,1.22119,1.00,1.00
2014.12.23 12:41:15.395,1.22117,1.2212,1.00,5.44
2014.12.23 12:41:20.491,1.22117,1.22119,1.00,1.00
2014.12.23 12:41:24.174,1.22117,1.22118,1.00,1.00
2014.12.23 12:41:24.276,1.22115,1.22117,3.19,1.00
2014.12.23 12:41:25.083,1.22116,1.22117,1.00,1.50
2014.12.23 12:41:25.740,1.22117,1.22119,1.00,1.50
2014.12.23 12:41:25.841,1.22117,1.2212,1.00,7.39
2014.12.23 12:41:26.043,1.22115,1.22118,2.44,1.00
2014.12.23 12:41:26.807,1.22117,1.22118,1.00,1.00
2014.12.23 12:41:27.825,1.22117,1.2212,1.00,8.59
2014.12.23 12:41:28.345,1.22117,1.22119,1.00,1.00
2014.12.23 12:41:28.851,1.22117,1.22118,1.00,1.00
2014.12.23 12:41:30.801,1.22117,1.2212,1.69,4.46
2014.12.23 12:41:30.902,1.22119,1.2212,1.00,1.46
2014.12.23 12:41:31.508,1.22119,1.22121,1.00,2.59
2014.12.23 12:41:31.710,1.22117,1.2212,1.25,1.00
2014.12.23 12:41:31.862,1.22117,1.22119,1.00,1.50
2014.12.23 12:41:32.216,1.22117,1.22119,1.00,1.00
2014.12.23 12:41:32.751,1.22117,1.2212,1.00,5.21
2014.12.23 12:41:33.760,1.22118,1.2212,1.00,3.71
2014.12.23 12:41:34.277,1.22118,1.22121,1.50,2.62
2014.12.23 12:41:34.783,1.22118,1.2212,1.00,2.25
2014.12.23 12:41:39.115,1.22118,1.22121,1.50,1.50
2014.12.23 12:41:39.645,1.22119,1.22121,1.00,1.50
2014.12.23 12:41:40.150,1.22118,1.22121,1.00,2.25
2014.12.23 12:41:41.652,1.22117,1.2212,2.44,1.00
2014.12.23 12:41:42.321,1.22117,1.22119,2.06,1.50
2014.12.23 12:41:43.048,1.22117,1.2212,1.00,3.19
2014.12.23 12:41:43.251,1.22116,1.22117,1.00,1.00
2014.12.23 12:41:43.404,1.22113,1.22115,2.44,1.50
2014.12.23 12:41:43.759,1.22115,1.22118,1.87,2.44
2014.12.23 12:41:43.861,1.22116,1.22119,1.00,2.44
2014.12.23 12:41:44.366,1.22117,1.22119,1.50,1.50
2014.12.23 12:41:44.569,1.22116,1.22118,1.25,1.00
2014.12.23 12:41:44.903,1.22116,1.22119,1.00,3.00
2014.12.23 12:41:45.156,1.22116,1.22117,1.00,1.00
2014.12.23 12:41:45.863,1.22116,1.22119,1.50,2.25
2014.12.23 12:41:46.015,1.22116,1.22117,1.00,1.00
2014.12.23 12:41:46.419,1.22117,1.2212,1.00,3.00
2014.12.23 12:41:46.928,1.22117,1.22119,1.00,1.00
2014.12.23 12:41:48.268,1.22116,1.22118,1.25,1.00
2014.12.23 12:41:48.774,1.22115,1.22118,1.31,1.50
2014.12.23 12:41:50.375,1.22115,1.22119,3.75,3.00
2014.12.23 12:41:50.426,1.22115,1.22117,3.00,1.00
2014.12.23 12:41:50.780,1.22115,1.22119,3.00,2.25
2014.12.23 12:41:53.020,1.22116,1.22119,1.00,2.25
2014.12.23 12:41:53.615,1.22116,1.22118,1.00,1.00
2014.12.23 12:41:54.957,1.22117,1.22118,1.00,1.00
2014.12.23 12:41:55.499,1.22117,1.22119,1.00,1.00
2014.12.23 12:41:59.822,1.22116,1.22119,1.69,1.00
2014.12.23 12:41:59.923,1.22116,1.22118,1.50,1.50
2014.12.23 12:42:00.429,1.22115,1.22116,1.12,1.00
2014.12.23 12:42:02.937,1.22116,1.22118,1.00,1.00
2014.12.23 12:42:02.988,1.22116,1.22119,3.00,1.00
2014.12.23 12:42:03.090,1.22117,1.2212,1.69,1.00
2014.12.23 12:42:03.393,1.2212,1.22121,1.00,1.00
2014.12.23 12:42:03.899,1.22119,1.22121,1.69,1.00
2014.12.23 12:42:04.102,1.22119,1.22122,1.69,1.00
2014.12.23 12:42:04.673,1.22118,1.22121,2.25,1.00
2014.12.23 12:42:05.179,1.22118,1.2212,1.00,1.00
2014.12.23 12:42:05.432,1.22116,1.2212,2.62,1.25
2014.12.23 12:42:05.634,1.22118,1.2212,1.00,1.50
2014.12.23 12:42:06.191,1.22119,1.22121,1.00,1.31
2014.12.23 12:42:06.494,1.22117,1.22118,1.00,1.00
2014.12.23 12:42:06.798,1.22117,1.2212,1.00,3.56
2014.12.23 12:42:10.132,1.22117,1.22118,1.00,1.00
2014.12.23 12:42:11.031,1.22117,1.22119,1.00,1.00
2014.12.23 12:42:11.543,1.22117,1.2212,1.00,4.12
2014.12.23 12:42:11.869,1.22117,1.22118,1.00,1.00
2014.12.23 12:42:20.912,1.22117,1.2212,1.00,3.00
2014.12.23 12:42:21.417,1.22117,1.22119,1.00,2.25
2014.12.23 12:42:22.246,1.22117,1.22118,1.00,1.00
2014.12.23 12:42:24.249,1.22117,1.2212,1.00,2.25
2014.12.23 12:42:24.364,1.22117,1.22118,1.00,1.00
2014.12.23 12:42:26.880,1.22117,1.22119,1.00,1.50
2014.12.23 12:42:30.069,1.22117,1.2212,1.00,1.50
2014.12.23 12:42:31.135,1.22117,1.22119,1.00,1.00
2014.12.23 12:42:31.638,1.22117,1.22119,1.50,1.00
2014.12.23 12:42:32.043,1.22118,1.2212,1.00,1.00
2014.12.23 12:42:32.297,1.2212,1.22121,1.00,1.00
2014.12.23 12:42:32.801,1.2212,1.22122,1.00,1.50
2014.12.23 12:42:42.242,1.2212,1.22123,1.00,4.69
2014.12.23 12:42:43.759,1.22121,1.22123,1.00,1.00
2014.12.23 12:42:44.264,1.2212,1.22123,2.62,1.00
2014.12.23 12:42:44.942,1.2212,1.22123,1.37,1.00
2014.12.23 12:42:45.195,1.22122,1.22125,2.25,1.25
2014.12.23 12:42:48.017,1.22121,1.22125,2.25,2.06
2014.12.23 12:42:48.867,1.22122,1.22125,1.00,1.31
2014.12.23 12:42:49.422,1.22122,1.22126,1.50,1.69
2014.12.23 12:42:50.547,1.22122,1.22127,2.25,2.51
2014.12.23 12:42:51.834,1.22122,1.22126,1.00,1.00
2014.12.23 12:42:51.976,1.22121,1.22124,1.00,1.50
2014.12.23 12:42:53.839,1.2212,1.22124,1.50,1.31
2014.12.23 12:42:54.344,1.2212,1.22124,2.12,2.06
2014.12.23 12:42:54.849,1.2212,1.22124,1.00,3.94
2014.12.23 12:42:55.759,1.2212,1.22124,2.62,2.81
2014.12.23 12:43:01.901,1.22123,1.22126,1.37,3.67
2014.12.23 12:43:02.053,1.22123,1.22126,1.37,1.00
2014.12.23 12:43:03.970,1.22123,1.22126,1.37,5.25
2014.12.23 12:43:05.390,1.22124,1.22127,3.97,1.12
2014.12.23 12:43:05.491,1.22125,1.22128,1.00,1.10
2014.12.23 12:43:05.744,1.22125,1.2213,2.25,4.39
2014.12.23 12:43:09.505,1.22125,1.2213,2.81,3.07
2014.12.23 12:43:10.484,1.22125,1.2213,2.81,4.01
2014.12.23 12:43:11.957,1.22126,1.2213,1.50,2.14
2014.12.23 12:43:12.468,1.22127,1.2213,1.50,1.39
2014.12.23 12:43:27.189,1.22127,1.22129,1.00,1.00
2014.12.23 12:43:27.701,1.22127,1.2213,1.50,1.87
2014.12.23 12:43:28.209,1.22127,1.22129,1.50,1.00
2014.12.23 12:43:31.596,1.22127,1.22129,1.00,1.00
2014.12.23 12:43:31.647,1.22124,1.22126,3.37,3.60
2014.12.23 12:43:31.801,1.22122,1.22125,2.81,3.75
2014.12.23 12:43:32.256,1.22124,1.22127,1.00,1.57
2014.12.23 12:43:33.139,1.22123,1.22127,1.00,1.47
2014.12.23 12:43:33.241,1.22125,1.22128,1.50,2.25
2014.12.23 12:43:35.999,1.22124,1.22128,2.44,2.32
2014.12.23 12:43:38.175,1.22125,1.22127,1.00,1.87
2014.12.23 12:43:41.993,1.22124,1.22127,1.69,1.37
2014.12.23 12:43:42.512,1.22124,1.22128,2.44,1.95
2014.12.23 12:43:43.261,1.22124,1.22128,2.44,1.57
2014.12.23 12:43:47.082,1.22124,1.22127,2.25,1.00
2014.12.23 12:43:50.963,1.22124,1.22126,1.50,1.50
2014.12.23 12:43:51.066,1.22122,1.22125,2.44,1.50
2014.12.23 12:43:51.420,1.22123,1.22126,1.62,3.00
2014.12.23 12:43:52.026,1.22124,1.22127,1.69,1.57
2014.12.23 12:43:52.582,1.22124,1.22126,1.25,1.00
2014.12.23 12:43:53.087,1.22122,1.22126,1.69,4.12
2014.12.23 12:43:53.188,1.22124,1.22127,1.00,2.32
2014.12.23 12:43:53.543,1.22126,1.22129,1.00,1.87
2014.12.23 12:43:53.645,1.22126,1.22129,1.50,1.57
2014.12.23 12:43:54.150,1.22126,1.2213,2.81,3.37
2014.12.23 12:43:55.301,1.22125,1.22127,2.62,1.00
2014.12.23 12:43:55.453,1.22123,1.22125,1.00,1.00
2014.12.23 12:43:55.554,1.22124,1.22128,1.25,2.70
2014.12.23 12:43:55.706,1.22124,1.22129,1.69,5.62
2014.12.23 12:43:56.210,1.22125,1.22129,2.44,1.87
2014.12.23 12:43:57.620,1.22126,1.22129,1.50,1.12
2014.12.23 12:43:59.947,1.22126,1.22128,1.69,1.00
2014.12.23 12:44:01.164,1.22126,1.22127,1.50,1.00
2014.12.23 12:44:01.701,1.22124,1.22126,2.25,2.25
2014.12.23 12:44:02.208,1.22124,1.22127,1.00,1.50
2014.12.23 12:44:02.713,1.22123,1.22126,1.69,2.25
2014.12.23 12:44:03.218,1.22125,1.22127,1.00,1.50
2014.12.23 12:44:03.919,1.22125,1.22126,1.00,1.00
2014.12.23 12:44:05.012,1.22125,1.22127,1.00,1.50
2014.12.23 12:44:06.878,1.22125,1.22126,1.00,1.50
2014.12.23 12:44:06.979,1.22123,1.22126,2.44,2.25
2014.12.23 12:44:07.182,1.22124,1.22126,1.00,3.00
2014.12.23 12:44:07.691,1.22125,1.22127,1.00,1.50
2014.12.23 12:44:08.196,1.22125,1.22126,1.00,1.00
2014.12.23 12:44:08.718,1.22125,1.22127,1.00,1.50
2014.12.23 12:44:12.078,1.22125,1.22127,1.62,1.00
2014.12.23 12:44:12.331,1.22127,1.2213,1.25,3.82
2014.12.23 12:44:23.679,1.22125,1.22128,4.87,1.12
2014.12.23 12:44:23.982,1.22125,1.22126,1.00,1.12
2014.12.23 12:44:24.487,1.22124,1.22125,1.00,1.00
2014.12.23 12:44:25.985,1.22123,1.22125,1.00,2.25
2014.12.23 12:44:26.490,1.22122,1.22125,1.69,3.00
2014.12.23 12:44:27.024,1.22122,1.22124,1.69,2.85
2014.12.23 12:44:27.226,1.2212,1.22124,2.44,1.12
2014.12.23 12:44:27.904,1.22122,1.22124,1.00,1.00
2014.12.23 12:44:28.436,1.22122,1.22125,1.69,1.00
2014.12.23 12:44:28.941,1.22123,1.22126,1.00,1.50
2014.12.23 12:44:29.446,1.22124,1.22127,1.00,1.50
2014.12.23 12:44:29.750,1.22123,1.22125,1.25,1.00
2014.12.23 12:44:30.255,1.22123,1.22126,1.00,1.50
2014.12.23 12:44:30.558,1.22122,1.22124,1.00,1.00
2014.12.23 12:44:31.062,1.22122,1.22125,1.00,3.00
2014.12.23 12:44:31.971,1.22121,1.22125,2.44,4.50
2014.12.23 12:44:33.610,1.22121,1.22125,1.12,3.56
2014.12.23 12:44:34.141,1.2212,1.22124,1.25,3.37
2014.12.23 12:44:34.652,1.2212,1.22123,1.00,1.00
2014.12.23 12:44:35.156,1.2212,1.22124,1.00,3.19
2014.12.23 12:44:37.131,1.22119,1.22122,1.00,1.87
2014.12.23 12:44:37.637,1.22118,1.22121,1.76,1.00
2014.12.23 12:44:39.305,1.22118,1.2212,1.76,1.00
2014.12.23 12:44:39.610,1.22116,1.2212,1.69,1.87
2014.12.23 12:44:41.470,1.22116,1.22121,1.69,3.56
2014.12.23 12:44:51.054,1.22116,1.22121,1.57,4.12
2014.12.23 12:44:52.947,1.22116,1.22121,1.10,4.12
2014.12.23 12:44:53.485,1.22116,1.22121,1.10,4.12
2014.12.23 12:44:54.120,1.22116,1.22121,1.10,2.25
2014.12.23 12:44:54.628,1.22116,1.22121,1.10,4.12
2014.12.23 12:44:56.363,1.22116,1.22121,1.01,3.94
2014.12.23 12:44:56.873,1.22116,1.2212,1.01,1.00
2014.12.23 12:44:57.943,1.22117,1.22121,1.00,3.56
2014.12.23 12:44:58.986,1.22117,1.22121,1.00,2.44
2014.12.23 12:45:00.026,1.22117,1.2212,1.00,2.10
2014.12.23 12:45:03.093,1.22117,1.22121,1.25,4.35
2014.12.23 12:45:03.944,1.22117,1.22121,1.00,3.97
2014.12.23 12:45:04.363,1.22117,1.22121,1.00,4.35
2014.12.23 12:45:04.566,1.22114,1.22115,2.25,1.87
2014.12.23 12:45:04.667,1.22114,1.22118,1.25,2.32
2014.12.23 12:45:05.185,1.22115,1.22118,1.00,1.00
2014.12.23 12:45:07.168,1.22115,1.2212,1.25,9.04
2014.12.23 12:45:07.673,1.22115,1.22119,1.25,1.00
2014.12.23 12:45:08.181,1.22115,1.22118,1.00,2.85
2014.12.23 12:45:09.395,1.22115,1.22117,1.00,1.00
2014.12.23 12:45:13.303,1.22115,1.22118,1.00,1.25
2014.12.23 12:45:13.757,1.22116,1.2212,1.25,3.75
2014.12.23 12:45:15.656,1.22116,1.2212,2.44,2.25
2014.12.23 12:45:17.159,1.22116,1.22119,2.44,1.00
2014.12.23 12:45:18.466,1.22116,1.22121,3.79,3.75
2014.12.23 12:45:18.984,1.22118,1.22121,1.00,1.00
2014.12.23 12:45:21.457,1.22118,1.22122,1.25,3.82
2014.12.23 12:45:22.308,1.22118,1.22121,1.25,1.00
2014.12.23 12:45:22.854,1.22118,1.22121,1.25,2.62
2014.12.23 12:45:25.559,1.22118,1.22121,1.25,2.62
2014.12.23 12:45:26.161,1.22118,1.22121,1.25,2.62
2014.12.23 12:45:26.926,1.22118,1.22121,1.25,2.62
2014.12.23 12:45:27.414,1.22116,1.2212,1.25,4.50
2014.12.23 12:45:29.482,1.22117,1.2212,1.00,1.00
2014.12.23 12:45:32.444,1.22117,1.22121,1.00,6.75
2014.12.23 12:45:32.959,1.22117,1.22121,1.00,7.87
2014.12.23 12:45:33.947,1.22117,1.22119,1.00,1.00
2014.12.23 12:45:36.442,1.22117,1.2212,1.87,1.12
2014.12.23 12:45:36.949,1.22118,1.22121,2.44,1.00
2014.12.23 12:45:39.814,1.2212,1.22123,1.00,2.81
2014.12.23 12:45:40.320,1.2212,1.22123,1.00,1.31
2014.12.23 12:45:41.096,1.2212,1.22123,1.00,2.06
2014.12.23 12:45:41.148,1.22118,1.22123,1.50,2.06
2014.12.23 12:45:41.451,1.22117,1.22121,4.39,1.87
2014.12.23 12:45:43.566,1.22117,1.22121,3.37,2.51
2014.12.23 12:45:45.677,1.22117,1.22121,2.70,2.81
2014.12.23 12:45:46.385,1.22116,1.2212,3.00,2.44
2014.12.23 12:45:48.297,1.22116,1.22119,1.50,1.00
2014.12.23 12:45:49.213,1.22116,1.22121,1.69,7.31
2014.12.23 12:45:49.674,1.22117,1.22122,2.25,2.32
2014.12.23 12:45:50.188,1.22118,1.22122,1.00,1.10
2014.12.23 12:45:50.931,1.22119,1.22123,1.00,2.81
2014.12.23 12:45:51.483,1.22119,1.22123,1.12,2.44
2014.12.23 12:45:52.684,1.2212,1.22123,1.00,1.25
2014.12.23 12:45:53.189,1.2212,1.22124,1.50,1.25
2014.12.23 12:45:56.757,1.22121,1.22124,1.00,1.00
2014.12.23 12:45:57.265,1.22119,1.22124,5.44,1.69
2014.12.23 12:46:02.843,1.2212,1.22124,1.20,1.69
2014.12.23 12:46:07.243,1.22119,1.22123,4.50,1.62
2014.12.23 12:46:07.446,1.22119,1.22124,4.50,5.06
2014.12.23 12:46:08.575,1.22119,1.22124,2.25,1.69
2014.12.23 12:46:08.677,1.22121,1.22124,1.00,2.81
2014.12.23 12:46:10.364,1.22121,1.22124,1.00,2.81
2014.12.23 12:46:10.869,1.2212,1.22124,1.00,2.44
2014.12.23 12:46:13.943,1.2212,1.22124,3.15,1.25
2014.12.23 12:46:14.447,1.2212,1.22124,3.33,1.25
2014.12.23 12:46:14.950,1.2212,1.22124,3.33,1.69
2014.12.23 12:46:15.707,1.2212,1.22124,2.81,1.50
2014.12.23 12:46:19.471,1.2212,1.22124,3.56,1.50
2014.12.23 12:46:19.985,1.2212,1.22125,5.81,2.62
2014.12.23 12:46:20.715,1.2212,1.22122,6.75,1.50
2014.12.23 12:46:20.867,1.22118,1.22121,1.69,2.62
2014.12.23 12:46:21.322,1.2212,1.22121,1.00,1.00
2014.12.23 12:46:21.626,1.2212,1.22124,4.31,1.87
2014.12.23 12:46:21.727,1.22121,1.22125,1.12,5.44
2014.12.23 12:46:24.627,1.22121,1.22124,1.31,1.00
2014.12.23 12:46:26.441,1.22121,1.22123,1.12,1.00
2014.12.23 12:46:26.856,1.2212,1.22122,1.87,1.00
2014.12.23 12:46:33.039,1.22119,1.22121,1.31,1.00
2014.12.23 12:46:33.344,1.22115,1.22117,3.82,1.12
2014.12.23 12:46:33.497,1.22113,1.22115,1.00,5.25
2014.12.23 12:46:33.598,1.22111,1.22113,2.25,1.00
2014.12.23 12:46:36.489,1.22113,1.22115,1.87,3.07
2014.12.23 12:46:37.045,1.22112,1.22114,1.37,1.00
2014.12.23 12:46:37.552,1.22111,1.22114,1.87,1.57
2014.12.23 12:46:38.793,1.22111,1.22114,2.62,1.50
2014.12.23 12:46:39.470,1.22113,1.22115,1.37,5.89
2014.12.23 12:46:39.976,1.22113,1.22114,1.00,1.00
2014.12.23 12:46:41.981,1.22112,1.22114,1.12,1.00
2014.12.23 12:46:44.193,1.22111,1.22114,1.12,1.00
2014.12.23 12:46:44.700,1.22111,1.22114,1.37,1.00
2014.12.23 12:46:45.204,1.22111,1.22113,1.37,1.00
2014.12.23 12:46:46.429,1.22111,1.22113,1.12,1.00
2014.12.23 12:46:47.930,1.2211,1.22113,3.07,1.00
2014.12.23 12:46:49.132,1.22111,1.22113,1.00,1.00
2014.12.23 12:46:49.435,1.22113,1.22114,1.00,1.00
2014.12.23 12:46:49.537,1.22113,1.22117,2.25,3.75
2014.12.23 12:46:49.789,1.22114,1.22115,1.25,1.00
2014.12.23 12:46:50.371,1.22113,1.22115,1.25,1.00
2014.12.23 12:46:52.979,1.22113,1.22114,1.00,1.00
2014.12.23 12:46:53.484,1.22111,1.22113,1.31,1.00
2014.12.23 12:46:54.030,1.22111,1.22113,1.01,1.00
2014.12.23 12:46:55.321,1.22112,1.22113,1.00,1.00
2014.12.23 12:46:55.474,1.22112,1.22115,3.26,1.00
2014.12.23 12:46:59.378,1.22112,1.22115,1.76,1.00
2014.12.23 12:47:00.405,1.22111,1.22115,2.81,1.50
2014.12.23 12:47:01.216,1.22111,1.22115,4.47,1.50
2014.12.23 12:47:01.914,1.22111,1.22115,4.31,1.00
2014.12.23 12:47:04.451,1.22111,1.22115,3.06,2.25
2014.12.23 12:47:04.956,1.22111,1.22114,1.76,1.00
2014.12.23 12:47:06.491,1.22112,1.22115,1.19,1.50
2014.12.23 12:47:06.996,1.2211,1.22114,8.06,1.37
2014.12.23 12:47:07.501,1.22111,1.22113,1.69,1.00
2014.12.23 12:47:08.006,1.2211,1.22113,1.39,1.00
2014.12.23 12:47:08.721,1.22112,1.22113,1.00,1.00
2014.12.23 12:47:08.822,1.22112,1.22115,1.25,2.25
2014.12.23 12:47:10.220,1.22111,1.22114,1.76,1.00
2014.12.23 12:47:10.739,1.22111,1.22114,1.01,1.00
2014.12.23 12:47:10.992,1.22112,1.22115,1.19,3.00
2014.12.23 12:47:14.168,1.22111,1.22115,3.26,1.00
2014.12.23 12:47:14.883,1.22112,1.22115,1.00,1.12
2014.12.23 12:47:15.388,1.22112,1.22116,1.37,2.44
2014.12.23 12:47:16.267,1.22111,1.22115,3.64,1.00
2014.12.23 12:47:16.912,1.22111,1.22115,1.76,1.50
2014.12.23 12:47:18.959,1.22111,1.22115,1.57,1.87
2014.12.23 12:47:19.487,1.22111,1.22114,1.57,1.00
2014.12.23 12:47:20.140,1.22111,1.22114,2.06,1.00
2014.12.23 12:47:20.645,1.22113,1.22115,1.25,1.87
2014.12.23 12:47:21.575,1.22112,1.22116,2.89,1.87
2014.12.23 12:47:22.157,1.22113,1.22115,1.31,1.87
2014.12.23 12:47:25.679,1.22113,1.22116,1.46,3.37
2014.12.23 12:47:28.282,1.22112,1.22115,1.81,1.50
2014.12.23 12:47:28.686,1.22111,1.22114,1.01,2.25
2014.12.23 12:47:29.343,1.22111,1.22114,3.26,1.00
2014.12.23 12:47:29.847,1.2211,1.22114,3.00,3.00
2014.12.23 12:47:33.362,1.2211,1.22115,2.44,9.00
2014.12.23 12:47:37.808,1.2211,1.22115,2.06,10.69
2014.12.23 12:47:38.860,1.2211,1.22114,2.06,1.50
2014.12.23 12:47:40.306,1.2211,1.22114,2.31,1.00
2014.12.23 12:47:40.825,1.2211,1.22115,7.01,2.25
2014.12.23 12:47:42.339,1.22112,1.22115,1.00,1.50
2014.12.23 12:47:44.344,1.2211,1.22115,4.39,1.50
2014.12.23 12:47:49.926,1.22113,1.22115,1.00,1.00
2014.12.23 12:47:50.439,1.22111,1.22116,4.31,1.87
2014.12.23 12:47:50.947,1.22111,1.22115,4.31,1.00
2014.12.23 12:47:51.470,1.22111,1.22116,5.81,2.62
2014.12.23 12:47:59.146,1.22114,1.22116,1.00,1.87
2014.12.23 12:48:02.136,1.22114,1.22116,2.44,1.00
2014.12.23 12:48:04.656,1.22116,1.22118,1.00,3.07
2014.12.23 12:48:05.011,1.22114,1.22116,1.31,1.12
2014.12.23 12:48:05.617,1.22114,1.22116,1.92,1.00
2014.12.23 12:48:07.819,1.22115,1.22117,1.15,1.12
2014.12.23 12:48:09.105,1.22113,1.22117,1.54,1.87
2014.12.23 12:48:14.738,1.22113,1.22117,1.54,2.62
2014.12.23 12:48:15.243,1.22113,1.22117,1.12,4.12
2014.12.23 12:48:16.288,1.22113,1.22116,1.31,1.00
2014.12.23 12:48:17.147,1.22113,1.22117,1.46,5.62
2014.12.23 12:48:17.767,1.22112,1.22116,1.77,1.00
2014.12.23 12:48:20.750,1.22113,1.22117,1.31,7.12
2014.12.23 12:48:22.407,1.22113,1.22116,1.46,1.00
2014.12.23 12:48:23.737,1.22112,1.22116,3.34,1.00
2014.12.23 12:48:24.242,1.22112,1.22115,2.59,1.00
2014.12.23 12:48:29.431,1.22112,1.22116,3.34,1.50
2014.12.23 12:48:40.650,1.22112,1.22115,3.34,1.00
2014.12.23 12:48:46.916,1.22113,1.22115,1.46,1.00
2014.12.23 12:48:48.891,1.22113,1.22115,1.46,1.00
2014.12.23 12:48:57.711,1.22113,1.22116,1.46,1.00
2014.12.23 12:48:58.927,1.22113,1.22116,2.21,1.00
2014.12.23 12:49:00.955,1.22113,1.22116,1.46,1.00
2014.12.23 12:49:01.940,1.22113,1.22116,1.46,1.00
2014.12.23 12:49:03.048,1.22115,1.22116,1.31,1.00
2014.12.23 12:49:03.149,1.22118,1.2212,3.37,1.87
2014.12.23 12:49:03.453,1.22116,1.2212,2.44,1.00
2014.12.23 12:49:03.958,1.22116,1.22119,1.25,1.00
2014.12.23 12:49:04.311,1.22116,1.22117,1.25,1.00
2014.12.23 12:49:04.817,1.22114,1.22118,2.81,1.00
2014.12.23 12:49:05.322,1.22114,1.22119,2.81,2.25
2014.12.23 12:49:05.726,1.22116,1.22117,1.00,1.00
2014.12.23 12:49:06.080,1.22116,1.22119,1.00,1.50
2014.12.23 12:49:07.589,1.22116,1.22117,1.00,1.00
2014.12.23 12:49:07.943,1.22116,1.22119,1.00,1.50
2014.12.23 12:49:08.708,1.22116,1.22117,1.00,1.00
2014.12.23 12:49:09.213,1.22114,1.22118,2.06,1.00
2014.12.23 12:49:09.719,1.22114,1.22117,1.62,1.00
2014.12.23 12:49:10.231,1.22114,1.22118,1.69,1.50
2014.12.23 12:49:10.891,1.22115,1.22117,1.31,1.00
2014.12.23 12:49:11.407,1.22115,1.22118,1.31,1.00
2014.12.23 12:49:11.915,1.22115,1.22117,1.99,1.00
2014.12.23 12:49:12.117,1.22115,1.22119,1.31,3.00
2014.12.23 12:49:12.737,1.22115,1.22118,1.99,1.00
2014.12.23 12:49:13.646,1.22114,1.22117,1.56,1.00
2014.12.23 12:49:14.151,1.22114,1.22118,2.44,1.50
2014.12.23 12:49:14.657,1.22114,1.22117,1.69,1.00
2014.12.23 12:49:15.198,1.22114,1.22118,2.44,2.25
2014.12.23 12:49:15.703,1.22114,1.22119,2.44,6.19
2014.12.23 12:49:16.157,1.22114,1.22117,2.06,1.00
2014.12.23 12:49:16.664,1.22114,1.22118,3.86,1.50
2014.12.23 12:49:17.168,1.22114,1.22117,2.44,1.00
2014.12.23 12:49:17.673,1.22116,1.22118,1.00,1.50
2014.12.23 12:49:18.182,1.22116,1.22119,1.25,1.00
2014.12.23 12:49:18.699,1.22116,1.22118,1.25,1.00
2014.12.23 12:49:18.903,1.22116,1.22119,1.00,1.00
2014.12.23 12:49:19.792,1.22116,1.22118,1.00,1.00
2014.12.23 12:49:20.147,1.22116,1.2212,1.00,6.19
2014.12.23 12:49:20.501,1.22116,1.22117,1.00,1.00
2014.12.23 12:49:23.805,1.22115,1.22119,2.81,1.50
2014.12.23 12:49:27.793,1.22115,1.22117,3.56,1.00
2014.12.23 12:49:28.650,1.22114,1.22116,3.75,2.50
2014.12.23 12:49:28.753,1.22114,1.22115,1.00,1.50
2014.12.23 12:49:28.955,1.22113,1.22117,2.06,2.25
2014.12.23 12:49:29.309,1.22112,1.22115,1.69,1.00
2014.12.23 12:49:29.562,1.22113,1.22117,2.06,5.25
2014.12.23 12:49:31.322,1.22113,1.22117,2.21,3.75
2014.12.23 12:49:35.073,1.22113,1.22117,2.02,2.25
2014.12.23 12:49:35.427,1.22114,1.22117,1.87,1.00
2014.12.23 12:49:35.932,1.22115,1.22116,1.12,1.00
2014.12.23 12:49:36.084,1.22112,1.22114,1.00,1.00
2014.12.23 12:49:36.235,1.2211,1.22114,5.81,1.10
2014.12.23 12:49:36.841,1.22111,1.22114,1.00,1.50
2014.12.23 12:49:50.953,1.2211,1.22114,7.50,4.12
2014.12.23 12:49:51.719,1.2211,1.22113,6.19,1.00
2014.12.23 12:49:52.225,1.22111,1.22113,1.00,1.00
2014.12.23 12:49:52.752,1.2211,1.22113,4.69,1.00
2014.12.23 12:49:53.256,1.22111,1.22113,1.50,1.00
2014.12.23 12:49:53.762,1.22112,1.22113,1.00,1.00
2014.12.23 12:49:56.188,1.22111,1.22113,2.25,1.00
2014.12.23 12:49:56.670,1.22111,1.22115,2.25,7.31
2014.12.23 12:49:57.223,1.22111,1.22114,1.69,1.00
2014.12.23 12:49:57.780,1.22111,1.22115,2.44,7.12
2014.12.23 12:49:58.288,1.2211,1.22114,4.39,1.00
2014.12.23 12:49:58.794,1.22111,1.22114,1.50,1.00
2014.12.23 12:50:04.266,1.2211,1.22114,4.39,2.25
2014.12.23 12:50:06.111,1.22111,1.22114,1.00,3.00
2014.12.23 12:50:12.030,1.22112,1.22114,1.50,1.50
2014.12.23 12:50:12.081,1.22114,1.22116,2.62,7.87
2014.12.23 12:50:12.133,1.22118,1.22119,1.87,4.50
2014.12.23 12:50:12.184,1.22117,1.22119,1.87,5.50
2014.12.23 12:50:12.336,1.2212,1.22124,2.06,2.25
2014.12.23 12:50:12.387,1.2212,1.22124,2.06,2.25
2014.12.23 12:50:12.892,1.2212,1.22123,2.44,1.00
2014.12.23 12:50:13.399,1.2212,1.22124,2.25,3.19
2014.12.23 12:50:14.142,1.2212,1.22122,1.87,1.00
2014.12.23 12:50:14.647,1.2212,1.22122,1.10,1.00
2014.12.23 12:50:15.161,1.2212,1.22124,1.50,2.81
2014.12.23 12:50:15.718,1.2212,1.22122,1.00,1.00
2014.12.23 12:50:23.847,1.2212,1.22121,1.00,1.12
2014.12.23 12:50:23.999,1.22117,1.2212,4.50,4.12
2014.12.23 12:50:24.252,1.22116,1.22118,1.12,1.00
2014.12.23 12:50:24.555,1.22114,1.22118,1.57,4.50
2014.12.23 12:50:25.061,1.22115,1.22119,1.00,3.19
2014.12.23 12:50:26.409,1.22116,1.22119,1.00,1.50
2014.12.23 12:50:29.026,1.22115,1.22119,2.81,2.25
2014.12.23 12:50:29.732,1.22115,1.2212,4.31,4.31
2014.12.23 12:50:30.262,1.22115,1.22119,3.56,1.00
2014.12.23 12:50:30.978,1.22115,1.2212,4.31,4.31
2014.12.23 12:50:32.019,1.22115,1.2212,4.31,4.87
2014.12.23 12:50:38.068,1.22115,1.2212,5.14,4.31
2014.12.23 12:50:39.051,1.22115,1.2212,4.76,3.00
2014.12.23 12:50:39.577,1.22115,1.22119,3.64,1.00
2014.12.23 12:50:40.120,1.22115,1.22119,3.64,1.00
2014.12.23 12:50:46.643,1.22117,1.22119,1.00,1.69
2014.12.23 12:50:49.741,1.22116,1.22119,1.00,1.00
2014.12.23 12:50:50.457,1.22115,1.22119,4.31,1.00
2014.12.23 12:50:51.828,1.22116,1.22119,1.00,1.00
2014.12.23 12:50:52.827,1.22115,1.22119,4.31,1.00
2014.12.23 12:51:00.384,1.22115,1.22119,3.56,1.00
2014.12.23 12:51:02.684,1.22117,1.22119,1.00,1.00
2014.12.23 12:51:04.226,1.22117,1.2212,1.00,3.75
2014.12.23 12:51:09.087,1.22116,1.2212,1.00,3.94
2014.12.23 12:51:09.593,1.22115,1.2212,5.06,3.94
2014.12.23 12:51:10.536,1.22115,1.22119,3.94,1.50
2014.12.23 12:51:12.286,1.22115,1.2212,3.94,4.31
2014.12.23 12:51:13.795,1.22115,1.22119,4.12,1.50
2014.12.23 12:51:15.699,1.22115,1.2212,4.69,5.44
2014.12.23 12:51:16.203,1.22115,1.22119,4.69,1.00
2014.12.23 12:51:17.583,1.22115,1.2212,5.06,5.44
2014.12.23 12:51:18.187,1.22115,1.22119,5.06,1.00
2014.12.23 12:51:19.517,1.22115,1.2212,6.94,5.25
2014.12.23 12:51:22.117,1.22117,1.2212,1.00,3.75
2014.12.23 12:51:22.622,1.22116,1.2212,1.69,1.12
2014.12.23 12:51:24.612,1.22117,1.2212,1.00,1.00
2014.12.23 12:51:25.161,1.22117,1.22121,6.19,1.12
2014.12.23 12:51:25.712,1.22117,1.22121,6.19,1.12
2014.12.23 12:51:26.737,1.22117,1.22121,5.51,1.12
2014.12.23 12:51:27.263,1.22118,1.22121,1.00,1.12
2014.12.23 12:51:29.512,1.22117,1.22121,3.26,1.87
2014.12.23 12:51:29.865,1.22117,1.22119,1.69,1.00
2014.12.23 12:51:30.547,1.22116,1.22119,1.25,1.00
2014.12.23 12:51:32.528,1.22116,1.22119,1.69,1.00
2014.12.23 12:51:33.807,1.22116,1.2212,1.69,1.12
2014.12.23 12:51:34.319,1.22118,1.2212,1.69,1.12
2014.12.23 12:51:34.824,1.22119,1.22122,1.00,1.37
2014.12.23 12:51:40.754,1.22118,1.22122,3.19,1.37
2014.12.23 12:51:41.059,1.22123,1.22124,1.27,1.00
2014.12.23 12:51:41.110,1.22122,1.22124,3.52,1.00
2014.12.23 12:51:41.767,1.22122,1.22124,2.25,1.37
2014.12.23 12:51:43.434,1.22121,1.22123,8.44,1.00
2014.12.23 12:51:43.636,1.22124,1.22125,1.00,1.00
2014.12.23 12:51:43.738,1.22124,1.22125,1.50,1.00
2014.12.23 12:51:47.974,1.22125,1.22128,1.00,1.62
2014.12.23 12:51:48.479,1.22124,1.22126,6.60,1.00
2014.12.23 12:51:48.897,1.22122,1.22124,2.25,1.00
2014.12.23 12:51:49.302,1.22124,1.22127,2.85,1.39
2014.12.23 12:51:50.060,1.22124,1.22126,5.10,1.00
2014.12.23 12:51:50.364,1.22121,1.22125,1.87,2.62
2014.12.23 12:51:51.276,1.22121,1.22123,1.00,1.00
2014.12.23 12:51:51.528,1.22121,1.22125,2.10,3.64
2014.12.23 12:51:51.630,1.22124,1.22125,2.85,2.32
2014.12.23 12:51:52.186,1.22124,1.22126,4.54,1.00
2014.12.23 12:51:52.641,1.22122,1.22125,4.35,1.12
2014.12.23 12:51:53.274,1.22122,1.22125,2.85,1.87
2014.12.23 12:51:53.824,1.22122,1.22125,1.35,2.62
2014.12.23 12:51:57.624,1.22123,1.22125,1.25,1.00
2014.12.23 12:51:57.726,1.22124,1.22126,2.81,1.10
2014.12.23 12:52:02.840,1.22125,1.22127,3.19,1.12
2014.12.23 12:52:04.479,1.22125,1.22127,3.19,1.00
2014.12.23 12:52:05.568,1.22125,1.22127,3.00,1.12
2014.12.23 12:52:08.987,1.22125,1.22126,1.00,1.00
2014.12.23 12:52:10.758,1.22123,1.22126,3.00,1.00
2014.12.23 12:52:11.061,1.22123,1.22125,3.19,1.00
2014.12.23 12:52:12.083,1.22123,1.22126,3.94,1.00
2014.12.23 12:52:15.821,1.22123,1.22126,4.69,1.00
2014.12.23 12:52:16.850,1.22123,1.22126,3.94,1.00
2014.12.23 12:52:19.615,1.22124,1.22126,1.00,1.00
2014.12.23 12:52:20.446,1.22123,1.22126,4.69,1.00
2014.12.23 12:52:21.030,1.22125,1.22126,1.00,1.00
2014.12.23 12:52:22.365,1.22126,1.22129,1.00,1.76
2014.12.23 12:52:22.874,1.22126,1.22127,1.00,1.12
2014.12.23 12:52:30.108,1.22125,1.22127,1.00,1.00
2014.12.23 12:52:30.612,1.22126,1.2213,1.00,6.56
2014.12.23 12:52:31.125,1.22125,1.22127,3.75,1.00
2014.12.23 12:52:34.414,1.22127,1.2213,1.00,3.56
2014.12.23 12:52:42.347,1.22127,1.22129,1.00,1.00
2014.12.23 12:52:42.658,1.22127,1.22128,1.00,1.00
2014.12.23 12:52:43.385,1.22126,1.22128,1.00,1.00
2014.12.23 12:52:43.890,1.22126,1.22128,1.50,1.00
2014.12.23 12:52:44.395,1.22127,1.22128,1.00,1.00
2014.12.23 12:52:44.899,1.22126,1.22128,1.50,1.00
2014.12.23 12:52:45.764,1.22126,1.22128,1.69,1.00
2014.12.23 12:52:46.385,1.22127,1.2213,1.00,3.00
2014.12.23 12:52:47.504,1.22128,1.2213,2.25,1.12
2014.12.23 12:52:47.807,1.2213,1.22132,1.12,1.00
2014.12.23 12:52:48.615,1.22129,1.22132,2.06,1.00
2014.12.23 12:52:49.148,1.2213,1.22132,1.00,1.00
2014.12.23 12:52:50.360,1.22129,1.22132,2.81,1.00
2014.12.23 12:52:51.064,1.2213,1.22132,1.00,1.00
2014.12.23 12:52:52.207,1.22129,1.22132,3.56,1.00
2014.12.23 12:52:52.713,1.2213,1.22132,1.00,1.00
2014.12.23 12:52:53.718,1.22129,1.22132,3.56,1.00
2014.12.23 12:52:54.325,1.2213,1.22132,1.00,1.00
2014.12.23 12:52:55.903,1.22129,1.22132,4.31,1.00
2014.12.23 12:52:56.407,1.2213,1.22132,1.00,1.00
2014.12.23 12:52:59.506,1.2213,1.22132,3.00,1.00
2014.12.23 12:53:03.461,1.22131,1.22134,1.00,1.39
2014.12.23 12:53:03.966,1.2213,1.22132,2.44,1.00
2014.12.23 12:53:13.681,1.22131,1.22134,1.00,1.57
2014.12.23 12:53:13.782,1.22131,1.22133,1.00,1.00
2014.12.23 12:53:14.756,1.2213,1.22132,2.25,1.00
2014.12.23 12:53:29.705,1.2213,1.22132,2.25,1.00
2014.12.23 12:53:30.315,1.2213,1.22132,2.25,1.00
2014.12.23 12:53:30.820,1.2213,1.22132,1.50,1.00
2014.12.23 12:53:32.075,1.2213,1.22132,2.25,1.00
2014.12.23 12:53:34.241,1.2213,1.22132,1.50,1.00
2014.12.23 12:53:40.098,1.2213,1.22132,1.50,1.00
2014.12.23 12:53:40.603,1.2213,1.22132,1.50,1.00
2014.12.23 12:53:41.108,1.2213,1.22132,2.25,1.00
2014.12.23 12:53:41.627,1.2213,1.22132,2.25,1.00
2014.12.23 12:53:42.167,1.2213,1.22132,3.75,1.00
2014.12.23 12:53:44.784,1.2213,1.22132,2.25,1.00
2014.12.23 12:53:59.566,1.2213,1.22132,3.00,1.00
2014.12.23 12:54:02.305,1.2213,1.22131,3.00,1.00
2014.12.23 12:54:02.457,1.22128,1.2213,1.00,1.00
2014.12.23 12:54:26.736,1.22128,1.22129,1.00,1.00
2014.12.23 12:54:29.664,1.22128,1.22131,1.00,3.19
2014.12.23 12:54:31.882,1.22128,1.22132,2.81,1.00
2014.12.23 12:54:32.739,1.2213,1.22132,1.00,1.00
2014.12.23 12:54:33.243,1.22129,1.22132,1.25,1.00
2014.12.23 12:54:33.760,1.2213,1.22132,1.00,1.00
2014.12.23 12:54:34.421,1.22129,1.22132,2.44,1.00
2014.12.23 12:54:35.011,1.2213,1.22132,1.00,1.00
2014.12.23 12:54:35.743,1.2213,1.22132,1.00,1.37
2014.12.23 12:54:36.332,1.22129,1.22132,2.44,1.87
2014.12.23 12:54:36.915,1.2213,1.22132,1.00,1.87
2014.12.23 12:54:41.121,1.22129,1.22132,1.69,1.87
2014.12.23 12:54:41.923,1.2213,1.22132,1.00,1.87
2014.12.23 12:54:43.157,1.22129,1.22132,1.69,1.87
2014.12.23 12:54:43.664,1.2213,1.22132,1.00,1.87
2014.12.23 12:54:44.835,1.22128,1.22132,4.69,1.87
2014.12.23 12:54:45.843,1.22128,1.22132,5.44,1.87
2014.12.23 12:54:48.282,1.2213,1.22132,1.00,1.37
2014.12.23 12:54:48.830,1.2213,1.22132,1.00,1.12
2014.12.23 12:54:56.961,1.2213,1.22132,1.50,1.00
2014.12.23 12:54:57.604,1.22131,1.22134,1.00,1.25
2014.12.23 12:54:58.130,1.22131,1.22133,1.50,1.00
2014.12.23 12:55:13.149,1.22131,1.22133,1.50,1.00
2014.12.23 12:55:37.755,1.22131,1.22135,1.69,7.50
2014.12.23 12:55:39.693,1.22132,1.22135,1.00,6.07
2014.12.23 12:56:00.544,1.22133,1.22135,1.00,3.82
2014.12.23 12:56:02.060,1.22132,1.22135,2.62,3.64
2014.12.23 12:56:02.212,1.22136,1.22138,1.00,2.81
2014.12.23 12:56:02.315,1.22137,1.22139,1.00,1.10
2014.12.23 12:56:02.517,1.22135,1.22138,5.96,1.00
2014.12.23 12:56:03.072,1.22137,1.22138,1.50,1.00
2014.12.23 12:56:06.290,1.22135,1.22138,2.62,1.00
2014.12.23 12:56:11.091,1.22135,1.22137,4.87,1.00
2014.12.23 12:56:11.616,1.22135,1.22137,4.12,1.00
2014.12.23 12:56:12.327,1.22136,1.22137,1.00,1.00
2014.12.23 12:56:12.873,1.22135,1.22137,3.00,1.00
2014.12.23 12:56:26.172,1.22136,1.22137,1.50,1.00
2014.12.23 12:56:26.677,1.22137,1.22139,1.00,1.00
2014.12.23 12:56:29.913,1.22135,1.22137,5.62,1.00
2014.12.23 12:56:35.848,1.22136,1.22138,1.00,1.00
2014.12.23 12:56:36.413,1.22136,1.22137,1.50,1.00
2014.12.23 12:56:38.164,1.22135,1.22137,1.50,1.00
2014.12.23 12:56:41.380,1.22136,1.22138,1.00,1.00
2014.12.23 12:56:55.095,1.22135,1.22138,3.60,1.00
2014.12.23 12:56:56.637,1.22136,1.22138,1.50,1.00
2014.12.23 12:56:56.940,1.22138,1.2214,1.00,1.12
2014.12.23 12:57:01.486,1.22138,1.2214,1.00,1.00
2014.12.23 12:57:01.991,1.22138,1.2214,1.00,1.50
2014.12.23 12:57:08.744,1.22135,1.22138,4.72,1.00
2014.12.23 12:57:09.619,1.22138,1.22139,1.00,1.00
2014.12.23 12:57:12.275,1.22137,1.22139,1.50,1.00
2014.12.23 12:57:12.789,1.22138,1.2214,1.00,1.50
2014.12.23 12:57:27.241,1.22138,1.22139,1.00,1.00
2014.12.23 12:57:27.754,1.22137,1.22138,1.00,1.00
2014.12.23 12:57:30.480,1.22139,1.2214,1.00,1.25
2014.12.23 12:57:32.480,1.22138,1.2214,1.00,1.00
2014.12.23 12:57:39.255,1.22141,1.22142,1.00,1.00
2014.12.23 12:57:39.306,1.22144,1.22145,1.50,6.37
2014.12.23 12:57:39.357,1.22145,1.22148,1.00,3.56
2014.12.23 12:57:39.508,1.22147,1.22148,1.00,1.00
2014.12.23 12:57:39.776,1.22145,1.22146,2.25,1.00
2014.12.23 12:57:39.928,1.22147,1.2215,1.00,1.50
2014.12.23 12:57:40.182,1.22147,1.2215,1.12,1.35
2014.12.23 12:57:40.333,1.22146,1.22149,1.50,1.00
2014.12.23 12:57:41.091,1.22147,1.22151,1.00,1.25
2014.12.23 12:57:42.587,1.22148,1.22151,1.00,1.25
2014.12.23 12:57:43.092,1.22148,1.2215,1.00,1.25
2014.12.23 12:57:44.986,1.22148,1.2215,1.00,1.00
2014.12.23 12:57:46.139,1.22148,1.22149,1.00,1.00
2014.12.23 12:57:48.394,1.22147,1.22149,1.00,2.06
2014.12.23 12:57:48.445,1.22145,1.22147,10.12,1.00
2014.12.23 12:57:48.496,1.22145,1.22147,10.50,1.00
2014.12.23 12:57:48.648,1.22147,1.22148,1.00,1.00
2014.12.23 12:57:48.851,1.22145,1.22146,1.00,1.00
2014.12.23 12:57:49.581,1.22145,1.22147,1.37,2.25
2014.12.23 12:57:49.683,1.22147,1.22148,1.00,3.00
2014.12.23 12:57:49.835,1.22149,1.22151,1.00,2.55
2014.12.23 12:57:50.099,1.22149,1.22151,2.06,1.00
2014.12.23 12:57:50.605,1.22151,1.22154,1.00,1.62
2014.12.23 12:57:53.185,1.22151,1.22153,1.00,1.31
2014.12.23 12:57:53.692,1.22149,1.2215,1.00,1.00
2014.12.23 12:57:53.794,1.22149,1.22151,1.50,1.00
2014.12.23 12:57:56.281,1.22147,1.2215,1.69,1.00
2014.12.23 12:57:58.256,1.22149,1.22151,1.12,1.00
2014.12.23 12:58:01.872,1.22149,1.22151,1.12,1.00
2014.12.23 12:58:10.143,1.22149,1.22151,1.12,1.00
2014.12.23 12:58:16.111,1.2215,1.22152,1.87,1.00
2014.12.23 12:58:16.265,1.2215,1.22153,3.37,1.00
2014.12.23 12:58:16.770,1.2215,1.22153,4.50,1.00
2014.12.23 12:58:18.640,1.2215,1.22153,3.75,1.00
2014.12.23 12:58:18.691,1.2215,1.22152,3.75,1.00
2014.12.23 12:58:26.556,1.2215,1.22154,3.37,1.19
2014.12.23 12:58:26.607,1.22152,1.22153,1.00,1.25
2014.12.23 12:58:27.112,1.22152,1.22154,1.00,1.25
2014.12.23 12:58:27.779,1.22151,1.22154,1.12,1.25
2014.12.23 12:58:28.296,1.22151,1.22153,1.12,1.00
2014.12.23 12:58:31.132,1.2215,1.22152,2.62,1.00
2014.12.23 12:58:32.551,1.22151,1.22152,1.00,1.25
2014.12.23 12:58:34.519,1.22149,1.22151,1.50,1.00
2014.12.23 12:58:40.273,1.2215,1.22151,1.50,1.00
2014.12.23 12:58:40.811,1.22148,1.2215,1.12,1.00
2014.12.23 12:58:50.589,1.22149,1.22151,1.00,2.25
2014.12.23 12:58:57.638,1.2215,1.22152,1.00,2.25
2014.12.23 12:58:58.143,1.22151,1.22152,1.00,1.00
2014.12.23 12:59:08.180,1.22153,1.22155,1.00,5.81
2014.12.23 12:59:10.164,1.2215,1.22153,2.06,1.00
2014.12.23 12:59:22.699,1.22152,1.22154,1.00,1.50
2014.12.23 12:59:23.721,1.2215,1.22153,2.06,1.00
2014.12.23 12:59:23.830,1.22151,1.22153,1.00,1.00
2014.12.23 12:59:24.718,1.2215,1.22152,1.00,1.50
2014.12.23 12:59:25.224,1.2215,1.22151,1.00,1.50
2014.12.23 12:59:26.068,1.2215,1.22153,2.31,1.87
2014.12.23 12:59:31.738,1.22151,1.22152,1.00,1.00
2014.12.23 12:59:32.251,1.22151,1.22153,1.00,1.00
2014.12.23 12:59:32.765,1.22151,1.22152,1.00,1.00
2014.12.23 12:59:36.160,1.22151,1.22154,1.00,2.25
2014.12.23 12:59:40.213,1.22151,1.22152,1.00,1.00
2014.12.23 12:59:41.172,1.22152,1.22154,1.00,1.50
2014.12.23 12:59:45.719,1.2215,1.22152,1.00,1.00
2014.12.23 12:59:53.692,1.22151,1.22154,1.00,1.97
2014.12.23 12:59:53.996,1.2215,1.22151,1.01,1.00
2014.12.23 12:59:54.501,1.2215,1.22151,1.01,1.00
2014.12.23 12:59:55.780,1.22149,1.2215,1.00,1.00
