2012.08.29 23:00:01.358,1.25334,1.25344,1.50,2.25
2012.08.29 23:00:01.926,1.25332,1.25344,3.00,3.00
2012.08.29 23:00:03.024,1.25332,1.25343,1.50,2.10
2012.08.29 23:00:04.472,1.2533,1.25343,3.00,2.85
2012.08.29 23:00:05.922,1.25331,1.25343,1.50,2.85
2012.08.29 23:00:06.543,1.25331,1.25343,1.50,3.60
2012.08.29 23:00:06.675,1.25329,1.25342,1.50,2.25
2012.08.29 23:00:06.998,1.25328,1.2534,2.48,1.50
2012.08.29 23:00:07.554,1.25327,1.25339,3.08,1.50
2012.08.29 23:00:08.620,1.25327,1.25338,1.58,1.50
2012.08.29 23:00:22.520,1.25327,1.25338,1.58,3.00
2012.08.29 23:00:27.086,1.25327,1.25338,1.58,3.00
2012.08.29 23:00:40.284,1.25327,1.25336,1.58,3.00
2012.08.29 23:00:42.307,1.25327,1.25336,1.58,1.50
2012.08.29 23:00:45.162,1.25327,1.25336,1.58,1.50
2012.08.29 23:00:52.085,1.25326,1.25336,3.08,1.50
2012.08.29 23:00:54.087,1.25327,1.25336,1.58,2.25
2012.08.29 23:00:54.612,1.25326,1.25336,1.73,1.50
2012.08.29 23:01:14.303,1.25327,1.2534,2.48,1.50
2012.08.29 23:01:14.373,1.25327,1.2534,3.23,1.50
2012.08.29 23:01:15.122,1.25328,1.2534,1.73,1.50
2012.08.29 23:01:23.774,1.25332,1.25342,2.25,1.65
2012.08.29 23:01:23.907,1.25336,1.25343,2.25,1.50
2012.08.29 23:01:23.984,1.25337,1.25348,1.50,1.80
2012.08.29 23:01:27.742,1.25337,1.25347,1.73,3.00
2012.08.29 23:01:28.267,1.25337,1.25347,1.73,2.25
2012.08.29 23:01:29.263,1.25338,1.25349,1.50,3.00
2012.08.29 23:01:34.712,1.25338,1.25349,1.73,2.25
2012.08.29 23:01:37.738,1.25338,1.25349,2.48,2.25
2012.08.29 23:01:38.344,1.25338,1.25349,1.73,2.25
2012.08.29 23:01:43.169,1.25338,1.25349,1.73,2.25
2012.08.29 23:01:47.823,1.25338,1.25349,1.73,1.50
2012.08.29 23:01:48.332,1.25338,1.25349,2.48,1.50
2012.08.29 23:01:48.874,1.25338,1.2535,2.48,3.00
2012.08.29 23:01:57.912,1.25338,1.2535,2.48,2.25
2012.08.29 23:01:58.334,1.25338,1.2535,1.73,1.50
2012.08.29 23:01:58.887,1.25337,1.25348,2.25,2.25
2012.08.29 23:01:59.443,1.25337,1.25348,1.50,1.50
2012.08.29 23:02:10.662,1.25338,1.25349,1.50,1.50
2012.08.29 23:02:14.092,1.25337,1.25349,3.75,2.25
2012.08.29 23:02:14.163,1.25337,1.25348,3.00,1.50
2012.08.29 23:02:14.714,1.25337,1.25348,2.25,2.25
2012.08.29 23:02:16.584,1.25337,1.25348,2.48,1.50
2012.08.29 23:02:16.833,1.25338,1.25349,1.73,1.50
2012.08.29 23:02:20.453,1.25337,1.25349,2.48,1.50
2012.08.29 23:02:36.806,1.25336,1.25348,1.73,1.50
2012.08.29 23:02:36.876,1.25336,1.25348,1.73,1.50
2012.08.29 23:02:37.385,1.25336,1.25347,1.73,1.58
2012.08.29 23:02:38.287,1.25334,1.25347,1.73,1.58
2012.08.29 23:02:38.794,1.25336,1.25347,1.73,1.50
2012.08.29 23:02:39.345,1.25336,1.25348,1.73,2.25
2012.08.29 23:02:39.903,1.25335,1.25348,2.25,1.50
2012.08.29 23:02:42.206,1.25335,1.25348,2.25,2.25
2012.08.29 23:02:42.516,1.25332,1.25344,3.75,1.50
2012.08.29 23:02:43.074,1.25332,1.25344,2.25,2.25
2012.08.29 23:03:04.866,1.25334,1.25344,1.50,2.25
2012.08.29 23:03:05.198,1.25334,1.25344,1.73,2.25
2012.08.29 23:03:05.336,1.25334,1.25344,1.50,2.25
2012.08.29 23:03:05.843,1.25332,1.25344,1.50,3.00
2012.08.29 23:03:07.325,1.25333,1.25344,1.50,3.00
2012.08.29 23:03:07.873,1.25332,1.25344,1.50,1.05
2012.08.29 23:03:08.444,1.25332,1.25344,1.50,1.80
2012.08.29 23:03:16.963,1.25332,1.25344,1.50,2.55
2012.08.29 23:03:27.905,1.25332,1.25343,2.25,1.65
2012.08.29 23:03:28.455,1.25332,1.25343,1.50,1.65
2012.08.29 23:03:30.373,1.25332,1.25343,1.50,2.40
2012.08.29 23:03:38.235,1.25332,1.25344,1.50,2.40
2012.08.29 23:03:38.366,1.25333,1.25344,1.50,1.65
2012.08.29 23:03:40.330,1.25331,1.25345,3.75,5.40
2012.08.29 23:03:40.865,1.25331,1.25344,2.25,1.50
2012.08.29 23:03:48.711,1.25332,1.25345,2.25,5.40
2012.08.29 23:03:49.554,1.25333,1.25345,1.50,5.10
2012.08.29 23:03:56.234,1.25333,1.25344,1.50,1.50
2012.08.29 23:03:56.944,1.25333,1.25344,1.50,1.50
2012.08.29 23:03:57.614,1.25333,1.25344,1.50,2.25
2012.08.29 23:04:03.867,1.25332,1.25343,1.50,1.50
2012.08.29 23:04:07.402,1.25331,1.25343,2.25,1.50
2012.08.29 23:04:08.052,1.2533,1.25342,3.00,2.25
2012.08.29 23:04:57.125,1.2533,1.25342,1.73,2.48
2012.08.29 23:04:57.735,1.25328,1.25339,1.50,2.33
2012.08.29 23:04:57.806,1.25327,1.25339,1.50,3.08
2012.08.29 23:04:59.285,1.25326,1.25337,3.23,1.50
2012.08.29 23:04:59.833,1.25326,1.25339,1.73,3.68
2012.08.29 23:05:00.085,1.25326,1.25339,1.73,3.68
2012.08.29 23:05:10.224,1.25325,1.25335,1.73,1.50
2012.08.29 23:05:10.784,1.25325,1.25335,1.50,1.50
2012.08.29 23:05:16.294,1.25322,1.25335,2.48,2.25
2012.08.29 23:05:16.674,1.25321,1.25333,1.50,3.00
2012.08.29 23:05:17.235,1.25321,1.25333,1.50,3.00
2012.08.29 23:05:17.305,1.25321,1.25333,1.50,3.00
2012.08.29 23:05:18.569,1.25321,1.25333,1.50,3.00
2012.08.29 23:05:19.134,1.25324,1.25334,2.63,1.50
2012.08.29 23:05:19.204,1.25324,1.25335,3.60,1.50
2012.08.29 23:05:19.714,1.25325,1.25336,1.50,1.50
2012.08.29 23:05:21.438,1.25324,1.25336,2.48,2.10
2012.08.29 23:05:21.749,1.25321,1.25332,3.00,1.05
2012.08.29 23:05:23.183,1.2532,1.25332,3.75,3.60
2012.08.29 23:05:24.174,1.2532,1.25332,2.25,3.60
2012.08.29 23:05:24.306,1.25319,1.25331,1.50,1.50
2012.08.29 23:05:24.744,1.25318,1.2533,3.00,1.50
2012.08.29 23:05:25.396,1.25318,1.2533,2.25,3.60
2012.08.29 23:05:25.773,1.25318,1.2533,4.50,3.75
2012.08.29 23:05:25.847,1.25322,1.25331,2.25,1.80
2012.08.29 23:05:26.288,1.25325,1.25335,1.50,3.30
2012.08.29 23:05:26.794,1.25324,1.25335,1.50,2.25
2012.08.29 23:05:29.754,1.25326,1.25336,1.50,1.50
2012.08.29 23:05:30.136,1.25328,1.2534,2.25,3.15
2012.08.29 23:05:30.514,1.25331,1.25341,2.25,1.50
2012.08.29 23:05:30.647,1.25332,1.25343,1.50,2.25
2012.08.29 23:05:31.823,1.25332,1.25343,1.50,2.85
2012.08.29 23:05:32.483,1.25331,1.25342,2.48,1.13
2012.08.29 23:05:32.615,1.25331,1.25342,2.48,2.63
2012.08.29 23:05:32.945,1.25326,1.25336,1.50,1.35
2012.08.29 23:05:33.017,1.25325,1.25336,1.50,1.35
2012.08.29 23:05:33.085,1.25324,1.25334,2.25,2.25
2012.08.29 23:05:33.288,1.25324,1.25334,1.73,1.50
2012.08.29 23:05:33.356,1.25323,1.25334,1.73,1.50
2012.08.29 23:05:33.665,1.25321,1.25333,2.48,1.50
2012.08.29 23:05:33.736,1.25321,1.25333,3.23,1.50
2012.08.29 23:05:34.293,1.25322,1.25334,1.50,2.40
2012.08.29 23:05:35.455,1.25322,1.25334,3.00,1.50
2012.08.29 23:05:35.527,1.25323,1.25335,2.25,2.40
2012.08.29 23:05:36.038,1.25326,1.25338,1.73,1.50
2012.08.29 23:05:36.109,1.25326,1.25338,1.73,1.50
2012.08.29 23:05:45.003,1.25326,1.25338,1.73,2.25
2012.08.29 23:05:45.194,1.25323,1.25335,2.25,1.50
2012.08.29 23:05:45.685,1.25323,1.25336,2.29,2.55
2012.08.29 23:05:45.825,1.25326,1.25341,5.85,3.15
2012.08.29 23:05:48.093,1.2533,1.25341,1.73,1.50
2012.08.29 23:05:49.155,1.2533,1.25343,1.73,2.25
2012.08.29 23:05:51.884,1.25331,1.25341,1.50,1.50
2012.08.29 23:05:52.018,1.2533,1.25337,2.25,1.50
2012.08.29 23:05:52.146,1.25328,1.25337,1.50,1.50
2012.08.29 23:05:53.114,1.25327,1.25339,2.25,3.75
2012.08.29 23:05:53.316,1.25328,1.25341,2.25,1.73
2012.08.29 23:05:53.906,1.25329,1.25341,1.50,1.50
2012.08.29 23:05:55.828,1.25329,1.2534,1.50,1.50
2012.08.29 23:05:56.017,1.25328,1.25339,1.50,2.25
2012.08.29 23:05:56.144,1.25327,1.25339,1.50,2.25
2012.08.29 23:06:03.394,1.25326,1.25337,1.50,2.25
2012.08.29 23:06:03.585,1.25323,1.25334,2.48,2.25
2012.08.29 23:06:03.655,1.25323,1.25334,2.25,1.50
2012.08.29 23:06:03.786,1.25324,1.25337,1.50,2.63
2012.08.29 23:06:03.917,1.25325,1.25338,1.50,2.63
2012.08.29 23:06:06.475,1.25324,1.25336,1.73,1.50
2012.08.29 23:06:06.738,1.25324,1.25336,1.50,2.93
2012.08.29 23:06:09.175,1.25323,1.25336,4.35,1.65
2012.08.29 23:06:09.316,1.25326,1.25337,2.25,2.25
2012.08.29 23:06:10.455,1.25326,1.25337,3.00,1.50
2012.08.29 23:06:10.596,1.25329,1.2534,1.50,1.50
2012.08.29 23:06:12.426,1.25328,1.2534,2.48,1.50
2012.08.29 23:06:13.037,1.25328,1.2534,1.73,1.50
2012.08.29 23:06:20.035,1.25328,1.2534,1.73,1.50
2012.08.29 23:06:29.286,1.25329,1.25341,2.48,2.25
2012.08.29 23:06:31.884,1.25329,1.25341,1.73,2.25
2012.08.29 23:06:32.019,1.25328,1.25339,1.58,1.50
2012.08.29 23:06:32.165,1.25327,1.25339,1.50,1.50
2012.08.29 23:06:33.487,1.25329,1.25339,1.50,1.50
2012.08.29 23:06:33.687,1.25328,1.2534,3.60,1.50
2012.08.29 23:06:36.175,1.25329,1.2534,1.73,2.25
2012.08.29 23:06:36.247,1.25328,1.25337,1.73,1.50
2012.08.29 23:06:36.805,1.25326,1.25337,2.25,2.85
2012.08.29 23:06:37.366,1.25324,1.25335,2.25,3.60
2012.08.29 23:06:37.436,1.25323,1.25334,1.50,1.35
2012.08.29 23:06:37.953,1.25323,1.25333,1.50,1.35
2012.08.29 23:06:38.768,1.25322,1.25336,2.25,1.05
2012.08.29 23:06:39.085,1.25324,1.25337,3.00,1.50
2012.08.29 23:06:39.217,1.25324,1.25338,2.25,1.50
2012.08.29 23:06:39.744,1.25325,1.25339,2.48,2.25
2012.08.29 23:06:40.276,1.25325,1.25339,3.23,2.25
2012.08.29 23:06:42.577,1.25326,1.25339,3.00,2.25
2012.08.29 23:06:51.435,1.25328,1.25338,1.50,1.50
2012.08.29 23:06:51.808,1.25329,1.25341,1.50,1.50
2012.08.29 23:06:51.875,1.2533,1.25342,1.50,3.38
2012.08.29 23:06:52.378,1.25331,1.25343,2.25,1.50
2012.08.29 23:06:53.007,1.25331,1.25343,3.00,1.50
2012.08.29 23:07:01.447,1.25332,1.2534,2.74,1.50
2012.08.29 23:07:03.563,1.2533,1.2534,2.85,1.50
2012.08.29 23:07:04.179,1.25328,1.2534,3.51,4.13
2012.08.29 23:07:04.638,1.25322,1.25332,4.35,4.73
2012.08.29 23:07:05.526,1.25324,1.25334,1.50,3.38
2012.08.29 23:07:05.595,1.25324,1.25334,1.26,4.28
2012.08.29 23:07:05.874,1.2532,1.25332,1.50,3.75
2012.08.29 23:07:05.947,1.25323,1.25333,1.73,1.50
2012.08.29 23:07:06.418,1.2532,1.2533,4.91,1.50
2012.08.29 23:07:06.980,1.25326,1.25336,1.73,4.88
2012.08.29 23:07:07.496,1.25324,1.25334,4.91,1.50
2012.08.29 23:07:08.057,1.25327,1.25337,1.50,3.00
2012.08.29 23:07:08.395,1.2532,1.25332,1.50,1.35
2012.08.29 23:07:08.864,1.25322,1.25332,1.73,5.33
2012.08.29 23:07:09.069,1.25322,1.2533,1.50,1.50
2012.08.29 23:07:11.823,1.25321,1.25331,2.25,1.73
2012.08.29 23:07:12.155,1.25324,1.25332,1.58,1.73
2012.08.29 23:07:13.766,1.25321,1.25331,2.74,1.73
2012.08.29 23:07:14.346,1.2532,1.2533,1.73,5.33
2012.08.29 23:07:15.916,1.25321,1.25331,5.76,3.15
2012.08.29 23:07:16.428,1.25322,1.25332,1.50,3.38
2012.08.29 23:07:16.766,1.25323,1.25335,1.73,5.33
2012.08.29 23:07:16.895,1.25325,1.25333,2.76,1.65
2012.08.29 23:07:17.453,1.25328,1.25336,1.73,1.73
2012.08.29 23:07:17.904,1.25325,1.25335,1.73,3.23
2012.08.29 23:07:20.630,1.25321,1.25331,1.50,3.98
2012.08.29 23:07:23.457,1.25324,1.25334,1.73,1.50
2012.08.29 23:07:24.732,1.25322,1.25332,1.73,1.88
2012.08.29 23:07:26.044,1.25328,1.25336,4.91,1.50
2012.08.29 23:07:26.570,1.25328,1.25336,1.73,2.93
2012.08.29 23:07:27.227,1.25326,1.25336,2.25,2.10
2012.08.29 23:07:27.297,1.25323,1.25333,3.00,1.50
2012.08.29 23:07:27.857,1.25325,1.25333,3.08,3.38
2012.08.29 23:07:28.105,1.25322,1.25332,1.50,3.75
2012.08.29 23:07:28.546,1.25321,1.25331,2.76,1.65
2012.08.29 23:07:29.068,1.25321,1.25331,1.73,1.50
2012.08.29 23:07:30.038,1.25322,1.25332,1.05,4.13
2012.08.29 23:07:30.872,1.25325,1.25333,2.74,1.73
2012.08.29 23:07:32.031,1.25322,1.25332,2.01,4.28
2012.08.29 23:07:32.927,1.25329,1.25337,1.50,1.73
2012.08.29 23:07:33.473,1.25326,1.25336,1.50,3.00
2012.08.29 23:07:33.867,1.25324,1.25334,1.26,1.73
2012.08.29 23:07:34.153,1.25325,1.25335,2.76,1.65
2012.08.29 23:07:34.865,1.25326,1.25332,1.80,3.38
2012.08.29 23:07:34.937,1.25326,1.25332,1.50,1.50
2012.08.29 23:07:35.477,1.25327,1.25335,3.64,1.73
2012.08.29 23:07:36.007,1.25324,1.25334,2.25,2.63
2012.08.29 23:07:36.090,1.25328,1.25336,1.50,3.98
2012.08.29 23:07:36.747,1.25325,1.25333,2.25,1.50
2012.08.29 23:07:36.955,1.25327,1.25334,1.50,1.50
2012.08.29 23:07:37.163,1.25324,1.25334,2.25,1.50
2012.08.29 23:07:37.575,1.25326,1.25334,2.76,3.90
2012.08.29 23:07:37.924,1.25327,1.25337,3.08,3.38
2012.08.29 23:07:38.065,1.25329,1.25339,1.50,1.50
2012.08.29 23:07:38.276,1.25328,1.25338,4.63,2.48
2012.08.29 23:07:38.490,1.25326,1.25336,2.98,1.50
2012.08.29 23:07:38.573,1.25322,1.25332,3.75,1.88
2012.08.29 23:07:38.646,1.25324,1.25336,3.00,1.13
2012.08.29 23:07:39.164,1.25324,1.25334,2.01,2.10
2012.08.29 23:07:39.305,1.25327,1.25334,1.76,2.48
2012.08.29 23:07:39.452,1.2532,1.25332,2.25,7.20
2012.08.29 23:07:39.846,1.25323,1.25335,3.00,1.50
2012.08.29 23:07:39.917,1.25323,1.25333,1.50,2.48
2012.08.29 23:07:40.046,1.25323,1.25333,4.50,1.73
2012.08.29 23:07:40.627,1.25323,1.25333,1.24,3.23
2012.08.29 23:07:41.150,1.25321,1.25331,1.50,4.80
2012.08.29 23:07:41.497,1.25323,1.25335,1.50,1.50
2012.08.29 23:07:42.035,1.25328,1.25336,4.91,1.50
2012.08.29 23:07:42.317,1.25323,1.25335,3.51,4.13
2012.08.29 23:07:42.957,1.25327,1.25335,1.50,3.60
2012.08.29 23:07:43.288,1.25321,1.25331,1.50,2.48
2012.08.29 23:07:43.818,1.25324,1.25334,1.73,1.50
2012.08.29 23:07:44.157,1.25326,1.25336,1.50,3.38
2012.08.29 23:07:44.666,1.25322,1.25336,1.73,1.50
2012.08.29 23:07:45.215,1.25327,1.25337,1.50,3.23
2012.08.29 23:07:45.285,1.25327,1.25337,2.85,1.50
2012.08.29 23:07:46.886,1.25321,1.25333,3.13,1.73
2012.08.29 23:07:47.317,1.2532,1.25332,5.76,3.15
2012.08.29 23:07:47.388,1.25321,1.25333,1.50,2.48
2012.08.29 23:07:47.455,1.25324,1.25334,1.50,1.50
2012.08.29 23:07:47.986,1.25326,1.25336,1.05,4.13
2012.08.29 23:07:49.287,1.25325,1.25333,4.16,1.50
2012.08.29 23:07:49.738,1.2532,1.2533,1.73,1.50
2012.08.29 23:07:50.747,1.25325,1.25335,1.73,4.88
2012.08.29 23:07:51.216,1.25324,1.25334,2.74,1.50
2012.08.29 23:07:51.292,1.25327,1.25335,4.16,1.50
2012.08.29 23:07:51.916,1.25321,1.25334,1.73,1.50
2012.08.29 23:07:52.784,1.25321,1.25333,1.26,2.48
2012.08.29 23:07:53.428,1.25324,1.25334,2.51,1.73
2012.08.29 23:07:54.066,1.2532,1.25332,1.50,3.98
2012.08.29 23:07:54.395,1.25324,1.25332,2.85,4.35
2012.08.29 23:07:54.605,1.25321,1.25329,1.80,5.10
2012.08.29 23:07:55.257,1.25327,1.25337,1.73,1.73
2012.08.29 23:07:55.327,1.2532,1.2533,2.01,4.28
2012.08.29 23:07:55.846,1.25322,1.25334,2.48,1.88
2012.08.29 23:07:56.133,1.2532,1.25332,2.01,2.25
2012.08.29 23:07:56.413,1.25324,1.25334,1.26,1.73
2012.08.29 23:07:56.486,1.2532,1.25328,1.50,1.50
2012.08.29 23:07:56.957,1.25322,1.25332,2.74,1.50
2012.08.29 23:07:57.094,1.25324,1.25334,1.73,4.88
2012.08.29 23:07:57.346,1.25323,1.25335,3.75,1.88
2012.08.29 23:07:57.626,1.25321,1.25333,1.50,3.38
2012.08.29 23:07:57.695,1.25321,1.25333,1.50,5.25
2012.08.29 23:07:58.226,1.25322,1.25332,2.10,2.85
2012.08.29 23:07:58.358,1.2532,1.25332,1.50,3.38
2012.08.29 23:07:58.754,1.2532,1.2533,1.50,4.88
2012.08.29 23:07:59.391,1.25321,1.25331,1.73,2.25
2012.08.29 23:07:59.606,1.25326,1.25334,1.50,4.80
2012.08.29 23:08:00.354,1.25324,1.25337,2.25,2.25
2012.08.29 23:08:02.425,1.25331,1.25344,2.25,2.25
2012.08.29 23:08:11.494,1.25331,1.25344,3.75,2.25
2012.08.29 23:08:14.133,1.25331,1.25344,2.25,3.00
2012.08.29 23:08:16.694,1.25331,1.25344,2.25,3.00
2012.08.29 23:08:16.763,1.25331,1.25343,2.25,1.50
2012.08.29 23:08:17.493,1.25331,1.2534,1.50,1.50
2012.08.29 23:08:17.996,1.25329,1.2534,1.50,1.50
2012.08.29 23:08:50.296,1.25329,1.25342,2.25,2.25
2012.08.29 23:08:50.844,1.2533,1.25342,2.25,1.50
2012.08.29 23:08:51.403,1.25331,1.25343,1.50,2.25
2012.08.29 23:09:00.166,1.25331,1.25344,1.50,2.25
2012.08.29 23:09:05.133,1.25331,1.25343,1.50,1.50
2012.08.29 23:09:10.794,1.25331,1.25343,1.50,1.50
2012.08.29 23:09:20.873,1.25331,1.25343,1.50,1.50
2012.08.29 23:09:21.396,1.2533,1.25343,1.50,1.50
2012.08.29 23:09:26.062,1.2533,1.25343,2.25,1.50
2012.08.29 23:09:50.924,1.25329,1.25344,1.73,1.50
2012.08.29 23:09:51.542,1.25329,1.25344,1.73,2.25
2012.08.29 23:09:59.224,1.25331,1.25342,1.50,1.50
2012.08.29 23:10:11.343,1.25331,1.25342,1.50,1.50
2012.08.29 23:10:33.793,1.2533,1.25342,2.25,1.50
2012.08.29 23:10:35.636,1.25332,1.25342,1.50,3.75
2012.08.29 23:11:35.905,1.2533,1.25343,1.50,1.50
2012.08.29 23:11:49.104,1.2533,1.25343,2.25,1.50
2012.08.29 23:11:58.813,1.25331,1.25344,1.50,3.00
2012.08.29 23:11:59.415,1.25332,1.25343,2.25,1.50
2012.08.29 23:11:59.725,1.25333,1.25343,1.50,1.50
2012.08.29 23:12:00.156,1.25332,1.25342,1.50,2.25
2012.08.29 23:12:36.785,1.25334,1.25343,1.50,1.50
2012.08.29 23:12:37.305,1.25332,1.25342,1.50,1.50
2012.08.29 23:12:37.517,1.25334,1.25344,1.50,1.50
2012.08.29 23:12:37.970,1.25332,1.25343,3.00,2.25
2012.08.29 23:12:38.050,1.25332,1.25342,3.00,2.25
2012.08.29 23:12:38.328,1.25333,1.25343,1.50,1.50
2012.08.29 23:12:38.877,1.25333,1.25344,2.25,3.00
2012.08.29 23:12:39.886,1.25333,1.25342,1.50,1.50
2012.08.29 23:12:42.704,1.25333,1.25344,2.25,2.25
2012.08.29 23:12:45.396,1.25333,1.25342,1.50,1.50
2012.08.29 23:13:45.403,1.25332,1.25344,1.50,1.50
2012.08.29 23:14:06.764,1.25332,1.25344,1.50,1.50
2012.08.29 23:14:08.353,1.25332,1.25344,1.50,1.50
2012.08.29 23:15:08.405,1.25332,1.25344,1.50,1.50
2012.08.29 23:15:22.925,1.25331,1.25344,2.48,1.50
2012.08.29 23:15:36.704,1.25331,1.25342,2.85,2.25
2012.08.29 23:15:38.326,1.25331,1.25342,2.85,2.25
2012.08.29 23:16:03.476,1.25332,1.25341,1.50,1.50
2012.08.29 23:16:04.276,1.25332,1.2534,1.50,1.50
2012.08.29 23:16:04.820,1.25331,1.2534,3.23,2.25
2012.08.29 23:16:08.395,1.25331,1.2534,1.73,2.25
2012.08.29 23:16:09.107,1.25332,1.2534,1.50,2.25
2012.08.29 23:16:22.896,1.25332,1.25341,2.25,1.50
2012.08.29 23:16:47.427,1.25332,1.25341,1.50,1.50
2012.08.29 23:16:53.095,1.25332,1.25342,2.25,1.50
2012.08.29 23:16:53.654,1.25332,1.25342,1.50,1.50
2012.08.29 23:17:53.434,1.25332,1.25344,1.50,1.13
2012.08.29 23:18:40.402,1.25331,1.25344,1.50,2.25
2012.08.29 23:18:43.845,1.25331,1.25344,2.63,1.50
2012.08.29 23:18:50.272,1.25332,1.25344,1.50,3.38
2012.08.29 23:18:51.364,1.25331,1.25342,1.50,2.25
2012.08.29 23:18:51.435,1.25331,1.25342,1.50,3.75
2012.08.29 23:18:51.744,1.25331,1.2534,1.50,2.25
2012.08.29 23:18:52.056,1.25331,1.25341,2.25,1.50
2012.08.29 23:18:52.606,1.25331,1.25342,2.25,3.00
2012.08.29 23:18:57.943,1.25331,1.25342,4.13,1.50
2012.08.29 23:19:03.135,1.25331,1.25342,4.13,1.50
2012.08.29 23:19:05.635,1.25331,1.25342,3.00,2.25
2012.08.29 23:19:06.999,1.25331,1.25341,2.25,1.50
2012.08.29 23:19:17.064,1.25331,1.25341,2.25,2.25
2012.08.29 23:19:17.686,1.25332,1.25342,1.50,2.25
2012.08.29 23:19:26.933,1.25332,1.2534,1.88,2.25
2012.08.29 23:19:28.385,1.25332,1.25342,2.63,1.50
2012.08.29 23:19:35.476,1.25332,1.2534,2.63,1.50
2012.08.29 23:19:38.757,1.25332,1.25342,2.63,2.25
2012.08.29 23:19:39.895,1.25332,1.25342,2.63,1.50
2012.08.29 23:19:46.314,1.25332,1.25342,2.25,1.50
2012.08.29 23:19:48.759,1.25336,1.25344,2.25,2.25
2012.08.29 23:19:48.829,1.25336,1.25346,2.25,3.75
2012.08.29 23:19:49.028,1.25337,1.25346,1.50,1.50
2012.08.29 23:19:49.548,1.25337,1.25347,1.50,2.25
2012.08.29 23:19:54.975,1.25337,1.25347,2.25,2.25
2012.08.29 23:20:17.435,1.25338,1.25348,1.50,1.50
2012.08.29 23:20:19.901,1.25337,1.25347,2.25,1.50
2012.08.29 23:20:29.705,1.25337,1.25347,1.50,1.50
2012.08.29 23:20:29.905,1.25339,1.25349,1.50,2.25
2012.08.29 23:20:30.049,1.25341,1.25351,1.50,1.88
2012.08.29 23:20:30.597,1.25342,1.25351,1.73,2.25
2012.08.29 23:20:31.107,1.25341,1.25349,1.50,1.50
2012.08.29 23:20:31.967,1.25341,1.25351,2.63,1.50
2012.08.29 23:20:32.527,1.25341,1.25352,3.60,2.25
2012.08.29 23:20:42.377,1.25342,1.25354,1.50,3.00
2012.08.29 23:20:42.915,1.25342,1.25353,1.50,1.50
2012.08.29 23:20:43.479,1.25343,1.25353,1.50,1.50
2012.08.29 23:20:57.336,1.25341,1.25353,3.98,3.00
2012.08.29 23:21:00.377,1.25343,1.25353,1.50,1.50
2012.08.29 23:21:03.170,1.25343,1.25354,1.50,2.25
2012.08.29 23:21:03.239,1.25344,1.25354,2.25,2.25
2012.08.29 23:21:03.307,1.25344,1.25354,1.50,2.25
2012.08.29 23:21:03.451,1.25342,1.25353,1.88,1.50
2012.08.29 23:21:17.686,1.25342,1.25353,2.63,2.25
2012.08.29 23:21:21.048,1.25341,1.2535,1.50,2.25
2012.08.29 23:21:25.217,1.2534,1.2535,2.25,2.25
2012.08.29 23:21:25.502,1.25339,1.25349,1.50,3.75
2012.08.29 23:21:26.007,1.25339,1.25349,2.25,2.25
2012.08.29 23:21:38.297,1.25338,1.25348,2.48,2.25
2012.08.29 23:21:38.856,1.25338,1.25348,3.00,1.50
2012.08.29 23:21:40.859,1.25338,1.25348,3.00,1.50
2012.08.29 23:21:41.003,1.25336,1.25347,2.25,1.50
2012.08.29 23:21:41.666,1.25337,1.25348,2.25,2.25
2012.08.29 23:21:43.538,1.25337,1.25348,1.50,2.25
2012.08.29 23:22:03.297,1.25337,1.25348,2.25,2.25
2012.08.29 23:22:08.868,1.25337,1.25348,1.50,1.50
2012.08.29 23:22:09.565,1.25338,1.25348,1.50,2.25
2012.08.29 23:22:21.788,1.25338,1.25349,2.25,1.50
2012.08.29 23:22:21.857,1.25339,1.2535,2.25,2.40
2012.08.29 23:22:22.049,1.2534,1.2535,3.75,1.65
2012.08.29 23:22:43.057,1.25342,1.25352,2.25,2.85
2012.08.29 23:22:44.878,1.25342,1.25352,2.25,3.75
2012.08.29 23:23:22.029,1.2534,1.25351,1.88,1.50
2012.08.29 23:24:21.594,1.25338,1.25352,3.00,1.50
2012.08.29 23:24:22.584,1.25338,1.25353,2.25,2.93
2012.08.29 23:24:23.315,1.25338,1.25353,2.25,2.03
2012.08.29 23:24:23.873,1.25338,1.25353,2.25,2.93
2012.08.29 23:24:28.013,1.25338,1.25353,2.25,2.03
2012.08.29 23:24:28.883,1.25338,1.25353,2.25,2.18
2012.08.29 23:24:29.396,1.25338,1.25353,2.25,2.03
2012.08.29 23:24:29.925,1.25338,1.25353,2.25,2.18
2012.08.29 23:24:30.554,1.25338,1.25353,2.25,2.03
2012.08.29 23:24:32.864,1.25338,1.25353,2.25,2.18
2012.08.29 23:24:33.393,1.25338,1.25353,2.25,2.03
2012.08.29 23:24:35.903,1.25338,1.25352,3.00,1.65
2012.08.29 23:24:37.915,1.25338,1.25352,2.25,1.50
2012.08.29 23:24:42.262,1.25338,1.25352,2.25,1.65
2012.08.29 23:24:43.262,1.25338,1.25352,2.25,1.50
2012.08.29 23:24:45.113,1.25338,1.25352,3.38,2.40
2012.08.29 23:24:45.436,1.25339,1.25351,1.13,2.25
2012.08.29 23:24:57.036,1.25339,1.2535,1.50,2.25
2012.08.29 23:25:09.982,1.2534,1.2535,3.00,2.25
2012.08.29 23:25:57.608,1.25341,1.25352,3.00,1.65
2012.08.29 23:25:58.768,1.25341,1.25352,2.25,2.40
2012.08.29 23:26:58.884,1.25339,1.25354,2.25,2.03
2012.08.29 23:27:00.278,1.2534,1.25353,1.50,1.05
2012.08.29 23:27:05.056,1.25339,1.25354,2.25,2.03
2012.08.29 23:27:05.694,1.2534,1.25353,2.25,1.05
2012.08.29 23:27:06.292,1.2534,1.25354,1.50,2.03
2012.08.29 23:27:07.403,1.2534,1.25353,2.25,1.05
2012.08.29 23:27:12.313,1.25339,1.25354,2.25,1.28
2012.08.29 23:27:13.523,1.2534,1.25353,1.50,1.05
2012.08.29 23:27:16.163,1.25339,1.25354,2.25,1.28
2012.08.29 23:27:16.825,1.2534,1.25353,1.50,1.05
2012.08.29 23:27:17.683,1.25339,1.25354,2.25,1.28
2012.08.29 23:27:22.274,1.2534,1.25353,1.50,1.05
2012.08.29 23:27:25.055,1.25339,1.25354,2.25,1.28
2012.08.29 23:27:25.123,1.2534,1.25351,1.54,1.13
2012.08.29 23:27:44.015,1.25339,1.2535,2.66,1.13
2012.08.29 23:27:44.575,1.25339,1.2535,3.41,1.13
2012.08.29 23:27:46.538,1.2534,1.2535,1.50,1.13
2012.08.29 23:27:46.867,1.2534,1.25349,1.50,1.50
2012.08.29 23:27:53.466,1.2534,1.2535,2.25,2.63
2012.08.29 23:28:22.476,1.2534,1.2535,2.25,2.63
2012.08.29 23:28:25.451,1.2534,1.25348,1.50,1.50
2012.08.29 23:28:26.717,1.2534,1.2535,1.50,1.88
2012.08.29 23:28:27.542,1.2534,1.25348,1.50,1.50
2012.08.29 23:28:30.144,1.2534,1.2535,2.25,2.63
2012.08.29 23:28:40.608,1.25339,1.25349,4.91,1.50
2012.08.29 23:28:40.812,1.25341,1.2535,1.50,1.50
2012.08.29 23:28:41.367,1.25342,1.2535,1.50,1.50
2012.08.29 23:28:41.881,1.2534,1.2535,5.29,1.50
2012.08.29 23:28:42.417,1.2534,1.25351,6.79,2.18
2012.08.29 23:28:55.176,1.25342,1.2535,1.50,1.50
2012.08.29 23:29:04.205,1.25343,1.25351,2.25,1.88
2012.08.29 23:29:04.713,1.25343,1.25353,3.00,1.50
2012.08.29 23:29:05.058,1.25343,1.25352,1.50,3.38
2012.08.29 23:29:08.578,1.25343,1.25352,1.50,2.25
2012.08.29 23:29:09.086,1.25344,1.25352,1.50,1.50
2012.08.29 23:29:09.837,1.25344,1.25352,1.50,1.50
2012.08.29 23:29:17.670,1.25344,1.25354,1.50,3.38
2012.08.29 23:29:30.097,1.25344,1.25352,1.50,1.50
2012.08.29 23:29:40.767,1.25344,1.25352,1.50,1.50
2012.08.29 23:29:44.509,1.25342,1.25352,1.50,1.50
2012.08.29 23:30:01.828,1.25342,1.25352,1.54,1.50
2012.08.29 23:30:01.898,1.25342,1.2535,1.91,1.50
2012.08.29 23:30:02.818,1.25342,1.2535,1.91,1.50
2012.08.29 23:30:03.459,1.25342,1.25352,1.13,1.88
2012.08.29 23:30:06.226,1.25341,1.25352,4.91,1.88
2012.08.29 23:30:08.398,1.25342,1.25352,1.13,1.88
2012.08.29 23:30:12.036,1.25343,1.25352,1.50,1.88
2012.08.29 23:30:12.227,1.25343,1.25352,1.50,1.88
2012.08.29 23:30:14.378,1.25342,1.25352,2.10,2.10
2012.08.29 23:30:15.611,1.25343,1.25352,1.73,2.10
2012.08.29 23:30:15.978,1.25342,1.25352,2.10,2.10
2012.08.29 23:30:17.384,1.25343,1.25352,1.73,2.10
2012.08.29 23:30:17.642,1.25343,1.25352,1.73,2.10
2012.08.29 23:30:18.378,1.25343,1.25353,1.73,1.73
2012.08.29 23:30:50.597,1.25341,1.25351,4.01,1.73
2012.08.29 23:30:51.116,1.25341,1.25351,4.01,1.73
2012.08.29 23:30:54.418,1.25343,1.25352,2.48,2.10
2012.08.29 23:31:16.377,1.25343,1.25352,1.73,2.85
2012.08.29 23:31:17.042,1.25342,1.25352,2.48,3.60
2012.08.29 23:31:54.516,1.25341,1.25352,2.89,1.35
2012.08.29 23:31:54.587,1.25343,1.25352,3.00,1.35
2012.08.29 23:32:02.278,1.25342,1.25352,1.73,2.85
2012.08.29 23:32:02.832,1.25341,1.25352,3.26,2.85
2012.08.29 23:32:13.666,1.25342,1.25352,2.48,2.85
2012.08.29 23:32:13.738,1.25343,1.25352,2.25,2.10
2012.08.29 23:32:15.266,1.25342,1.25352,1.73,2.85
2012.08.29 23:32:15.786,1.25342,1.25352,1.73,2.85
2012.08.29 23:32:23.686,1.25342,1.25352,3.23,2.10
2012.08.29 23:32:24.817,1.25342,1.25352,2.48,2.85
2012.08.29 23:32:39.928,1.25341,1.25351,4.39,2.48
2012.08.29 23:32:56.238,1.25341,1.25351,3.23,2.25
2012.08.29 23:32:58.896,1.25341,1.25351,3.23,1.50
2012.08.29 23:33:16.440,1.25342,1.25352,2.48,2.85
2012.08.29 23:33:16.988,1.25342,1.25352,2.48,2.63
2012.08.29 23:33:31.079,1.25343,1.25351,1.73,1.13
2012.08.29 23:33:31.149,1.25343,1.25351,1.50,1.13
2012.08.29 23:33:31.657,1.25342,1.25351,1.50,1.88
2012.08.29 23:33:35.741,1.25342,1.2535,1.50,1.50
2012.08.29 23:33:35.930,1.2534,1.25349,2.89,1.50
2012.08.29 23:33:35.998,1.2534,1.25349,2.14,1.50
2012.08.29 23:33:38.120,1.2534,1.2535,4.76,1.13
2012.08.29 23:33:38.627,1.25342,1.2535,1.73,1.50
2012.08.29 23:33:56.347,1.25341,1.2535,1.50,2.25
2012.08.29 23:34:04.112,1.25337,1.25345,2.18,3.00
2012.08.29 23:34:04.262,1.25341,1.2535,1.50,2.25
2012.08.29 23:34:04.639,1.25339,1.2535,3.26,2.25
2012.08.29 23:34:06.769,1.25338,1.25346,2.25,1.13
2012.08.29 23:34:06.840,1.25338,1.25348,2.51,3.00
2012.08.29 23:34:06.911,1.25338,1.25348,3.04,4.13
2012.08.29 23:34:07.040,1.25338,1.25348,3.79,1.13
2012.08.29 23:34:07.310,1.25338,1.25345,2.29,1.50
2012.08.29 23:34:07.439,1.25338,1.25348,4.54,1.13
2012.08.29 23:34:08.245,1.2534,1.25348,2.29,1.13
2012.08.29 23:34:09.272,1.2534,1.25346,1.73,1.13
2012.08.29 23:34:09.623,1.25337,1.25345,1.73,1.50
2012.08.29 23:34:09.700,1.25338,1.25349,1.54,4.88
2012.08.29 23:34:09.829,1.25339,1.25349,1.50,3.38
2012.08.29 23:34:10.029,1.25338,1.25349,3.04,2.63
2012.08.29 23:34:11.367,1.25338,1.25348,1.54,1.50
2012.08.29 23:34:12.051,1.25337,1.25345,1.76,1.50
2012.08.29 23:34:12.580,1.25335,1.25344,2.48,1.50
2012.08.29 23:34:15.837,1.25334,1.25344,1.35,2.25
2012.08.29 23:34:28.847,1.25334,1.25343,1.73,2.25
2012.08.29 23:34:36.838,1.25335,1.25344,2.25,1.50
2012.08.29 23:34:39.068,1.25334,1.25343,2.29,1.50
2012.08.29 23:34:44.877,1.25334,1.25342,2.29,2.25
2012.08.29 23:34:46.817,1.25335,1.25344,1.50,3.38
2012.08.29 23:34:51.650,1.25333,1.25341,1.73,2.25
2012.08.29 23:34:51.720,1.25335,1.25343,1.73,3.00
2012.08.29 23:34:52.098,1.25332,1.25343,4.54,3.00
2012.08.29 23:35:03.709,1.25333,1.25342,1.73,1.73
2012.08.29 23:35:03.848,1.25333,1.25343,1.73,3.00
2012.08.29 23:35:05.668,1.25333,1.25342,1.73,2.48
2012.08.29 23:35:09.689,1.25333,1.25341,1.73,1.50
2012.08.29 23:35:09.758,1.25333,1.2534,1.50,1.73
2012.08.29 23:35:10.229,1.25329,1.25338,1.73,2.10
2012.08.29 23:35:10.571,1.25331,1.25339,1.76,1.50
2012.08.29 23:35:11.043,1.25329,1.25338,1.73,1.35
2012.08.29 23:35:11.119,1.25329,1.25337,2.51,1.73
2012.08.29 23:35:11.458,1.25329,1.25338,2.48,1.35
2012.08.29 23:35:11.979,1.25329,1.25338,1.73,1.13
2012.08.29 23:35:12.299,1.25331,1.25341,1.76,3.98
2012.08.29 23:35:12.918,1.25331,1.25339,1.76,2.25
2012.08.29 23:35:17.657,1.25331,1.25339,1.01,1.50
2012.08.29 23:35:21.409,1.25331,1.25341,1.76,2.25
2012.08.29 23:35:51.959,1.25331,1.2534,1.76,2.25
2012.08.29 23:35:52.028,1.25331,1.25339,1.54,2.25
2012.08.29 23:35:52.218,1.25329,1.25338,2.48,3.00
2012.08.29 23:35:52.347,1.25329,1.25338,1.73,3.98
2012.08.29 23:35:52.739,1.25329,1.25338,1.73,1.73
2012.08.29 23:36:12.638,1.25328,1.25337,1.76,2.25
2012.08.29 23:36:13.187,1.25328,1.25337,2.51,3.23
2012.08.29 23:36:23.357,1.25327,1.25337,3.64,3.23
2012.08.29 23:36:29.279,1.25327,1.25335,1.76,1.50
2012.08.29 23:36:29.489,1.25327,1.25334,1.01,1.50
2012.08.29 23:36:59.179,1.25326,1.25336,1.73,1.50
2012.08.29 23:36:59.721,1.25326,1.25336,1.73,1.50
2012.08.29 23:37:05.009,1.25326,1.25337,1.73,2.85
2012.08.29 23:37:05.568,1.25329,1.25337,1.50,2.10
2012.08.29 23:37:19.869,1.25328,1.25337,1.73,1.73
2012.08.29 23:37:20.538,1.25328,1.25337,1.73,1.73
2012.08.29 23:37:21.811,1.25327,1.25337,3.23,1.73
2012.08.29 23:37:22.348,1.25327,1.25338,2.48,2.48
2012.08.29 23:37:32.878,1.25326,1.25337,2.85,1.73
2012.08.29 23:37:33.499,1.25326,1.25337,2.10,2.48
2012.08.29 23:37:34.049,1.25327,1.25336,1.73,1.73
2012.08.29 23:37:34.601,1.25326,1.25335,1.73,1.73
2012.08.29 23:37:35.158,1.25326,1.25335,1.73,1.50
2012.08.29 23:37:35.718,1.25326,1.25335,1.73,1.50
2012.08.29 23:37:36.227,1.25326,1.25335,2.48,1.50
2012.08.29 23:37:36.601,1.25325,1.25334,3.26,1.50
2012.08.29 23:37:37.661,1.25325,1.25336,3.26,2.48
2012.08.29 23:37:38.158,1.25327,1.25337,1.73,2.85
2012.08.29 23:37:38.802,1.25326,1.25336,2.48,1.73
2012.08.29 23:37:39.142,1.25325,1.25334,2.51,1.73
2012.08.29 23:37:39.649,1.25323,1.25334,4.01,2.85
2012.08.29 23:37:42.469,1.25323,1.25334,3.26,3.60
2012.08.29 23:37:46.300,1.25323,1.25332,1.73,2.85
2012.08.29 23:37:46.852,1.25322,1.25332,1.73,3.60
2012.08.29 23:37:47.119,1.25322,1.25329,1.50,2.10
2012.08.29 23:37:48.640,1.25322,1.2533,1.76,2.48
2012.08.29 23:37:50.808,1.2532,1.2533,5.51,1.73
2012.08.29 23:37:52.671,1.2532,1.2533,3.26,1.73
2012.08.29 23:37:56.441,1.2532,1.25326,1.50,1.20
2012.08.29 23:37:56.591,1.25313,1.25322,2.89,1.50
2012.08.29 23:37:56.663,1.25313,1.25323,1.16,1.50
2012.08.29 23:37:56.940,1.2531,1.25321,3.26,2.10
2012.08.29 23:37:57.411,1.25309,1.25319,2.25,1.50
2012.08.29 23:38:17.403,1.25308,1.25318,3.23,2.85
2012.08.29 23:38:28.178,1.25308,1.25318,1.73,2.48
2012.08.29 23:38:28.729,1.25307,1.25318,3.23,1.50
2012.08.29 23:38:29.283,1.25307,1.25316,1.73,1.73
2012.08.29 23:38:29.620,1.25307,1.25317,2.48,1.73
2012.08.29 23:38:29.808,1.25307,1.25319,2.48,4.20
2012.08.29 23:38:30.131,1.25306,1.25317,2.51,1.73
2012.08.29 23:38:30.767,1.25307,1.25318,1.73,2.25
2012.08.29 23:38:30.953,1.25307,1.25318,1.73,2.25
2012.08.29 23:38:34.121,1.25307,1.25316,1.73,1.73
2012.08.29 23:38:34.731,1.25306,1.25316,2.25,1.73
2012.08.29 23:38:34.861,1.25306,1.25315,1.50,1.50
2012.08.29 23:38:35.962,1.25305,1.25315,1.50,2.25
2012.08.29 23:38:36.762,1.25304,1.25315,1.73,2.63
2012.08.29 23:38:41.062,1.25303,1.25311,2.25,1.35
2012.08.29 23:38:41.271,1.25302,1.25311,2.48,2.10
2012.08.29 23:38:41.863,1.25301,1.25312,1.73,2.85
2012.08.29 23:38:42.412,1.25302,1.25312,1.13,2.25
2012.08.29 23:38:43.358,1.25299,1.25311,4.01,1.50
2012.08.29 23:38:44.710,1.25299,1.2531,3.26,1.13
2012.08.29 23:38:46.829,1.25299,1.25309,2.51,1.73
2012.08.29 23:38:47.429,1.25299,1.25309,1.73,1.80
2012.08.29 23:38:47.718,1.25297,1.25309,1.50,1.13
2012.08.29 23:38:47.791,1.25291,1.25303,1.73,3.00
2012.08.29 23:38:47.930,1.2529,1.25302,2.85,3.38
2012.08.29 23:38:48.130,1.25289,1.253,2.89,2.48
2012.08.29 23:39:05.837,1.2529,1.25299,1.73,1.73
2012.08.29 23:39:06.359,1.25291,1.25301,2.48,1.73
2012.08.29 23:39:09.577,1.25292,1.25303,1.73,1.13
2012.08.29 23:39:33.079,1.25292,1.25303,1.73,3.60
2012.08.29 23:39:37.038,1.25292,1.25303,1.73,3.60
2012.08.29 23:39:38.263,1.25291,1.25299,1.50,2.48
2012.08.29 23:39:38.344,1.25288,1.25299,2.51,3.38
2012.08.29 23:39:38.889,1.25287,1.25297,1.13,1.50
2012.08.29 23:39:40.145,1.25287,1.25297,1.13,1.50
2012.08.29 23:39:40.660,1.25286,1.25297,2.48,1.50
2012.08.29 23:39:42.437,1.25286,1.25298,3.23,2.63
2012.08.29 23:39:46.649,1.25286,1.25295,1.50,2.10
2012.08.29 23:39:47.211,1.25284,1.25296,1.73,1.50
2012.08.29 23:40:02.428,1.25282,1.25292,3.26,2.48
2012.08.29 23:40:02.802,1.25281,1.25292,2.10,1.95
2012.08.29 23:40:03.252,1.25279,1.2529,1.88,2.63
2012.08.29 23:40:04.429,1.25278,1.2529,2.48,3.38
2012.08.29 23:40:20.248,1.25277,1.25286,1.76,2.25
2012.08.29 23:40:21.209,1.25277,1.25288,1.54,1.73
2012.08.29 23:40:21.493,1.25272,1.25282,1.76,3.98
2012.08.29 23:40:22.042,1.25267,1.25279,4.46,1.73
2012.08.29 23:40:22.183,1.25267,1.25276,1.31,1.50
2012.08.29 23:40:22.978,1.25267,1.25277,1.76,1.50
2012.08.29 23:40:23.520,1.25267,1.25278,1.76,3.60
2012.08.29 23:40:25.309,1.25267,1.25277,1.76,2.25
2012.08.29 23:40:25.867,1.25267,1.25277,1.76,3.23
2012.08.29 23:40:27.230,1.25267,1.25277,2.51,2.48
2012.08.29 23:40:27.480,1.25267,1.25277,1.76,2.48
2012.08.29 23:40:28.038,1.25267,1.25277,1.76,3.00
2012.08.29 23:40:28.466,1.25268,1.25278,2.48,2.85
2012.08.29 23:40:28.659,1.2527,1.2528,2.25,3.38
2012.08.29 23:40:28.999,1.25272,1.25282,1.73,5.48
2012.08.29 23:40:29.558,1.2527,1.25281,3.23,1.73
2012.08.29 23:40:30.773,1.25272,1.25282,1.73,2.48
2012.08.29 23:40:31.039,1.25272,1.25284,1.73,3.75
2012.08.29 23:40:33.090,1.25272,1.25283,1.73,1.50
2012.08.29 23:40:33.610,1.2527,1.25281,1.73,2.25
2012.08.29 23:40:34.169,1.25269,1.25281,3.04,3.00
2012.08.29 23:40:35.598,1.25269,1.25281,4.01,2.63
2012.08.29 23:40:36.128,1.25269,1.25282,4.76,2.70
2012.08.29 23:40:37.238,1.25269,1.2528,3.98,1.05
2012.08.29 23:40:37.383,1.25268,1.25277,1.50,3.38
2012.08.29 23:40:37.858,1.25267,1.25277,1.50,2.70
2012.08.29 23:40:38.353,1.25262,1.25275,1.73,1.73
2012.08.29 23:40:39.014,1.25266,1.25275,1.50,1.50
2012.08.29 23:40:39.889,1.25266,1.25275,1.73,1.50
2012.08.29 23:40:40.911,1.25264,1.25274,1.73,2.63
2012.08.29 23:40:41.695,1.25262,1.25272,1.35,2.10
2012.08.29 23:40:42.228,1.25261,1.25272,2.51,3.60
2012.08.29 23:40:42.578,1.25261,1.25272,2.51,3.60
2012.08.29 23:40:45.456,1.25261,1.25272,2.51,3.60
2012.08.29 23:40:46.761,1.25262,1.25274,2.25,3.08
2012.08.29 23:40:46.959,1.25261,1.25273,4.01,2.25
2012.08.29 23:40:50.078,1.25262,1.25272,1.73,2.85
2012.08.29 23:40:53.118,1.25262,1.25272,1.73,3.60
2012.08.29 23:40:53.677,1.25261,1.25271,2.51,1.73
2012.08.29 23:40:54.559,1.25262,1.25272,1.50,1.13
2012.08.29 23:40:56.700,1.25264,1.25273,1.54,1.50
2012.08.29 23:40:56.772,1.25264,1.25273,1.54,1.50
2012.08.29 23:41:05.127,1.25264,1.25271,1.54,1.73
2012.08.29 23:41:05.641,1.25262,1.25272,2.51,1.58
2012.08.29 23:41:05.889,1.25262,1.25272,1.50,1.20
2012.08.29 23:41:05.959,1.2526,1.25272,5.14,1.13
2012.08.29 23:41:06.221,1.25261,1.25272,1.73,3.38
2012.08.29 23:41:06.938,1.25261,1.25272,3.23,1.50
2012.08.29 23:41:10.651,1.2526,1.2527,2.51,3.23
2012.08.29 23:41:10.850,1.25258,1.2527,3.04,4.73
2012.08.29 23:41:11.393,1.25258,1.2527,2.25,4.73
2012.08.29 23:41:13.400,1.2526,1.2527,1.73,3.23
2012.08.29 23:41:13.958,1.2526,1.25271,1.73,2.25
2012.08.29 23:41:14.595,1.2526,1.25271,1.73,2.25
2012.08.29 23:41:15.149,1.2526,1.2527,2.48,3.23
2012.08.29 23:41:15.659,1.25261,1.2527,1.01,2.10
2012.08.29 23:41:15.801,1.25261,1.25271,4.01,3.98
2012.08.29 23:41:16.475,1.25263,1.25272,1.73,2.85
2012.08.29 23:41:16.621,1.25263,1.25272,1.73,1.88
2012.08.29 23:41:20.748,1.25263,1.25271,2.25,1.73
2012.08.29 23:41:22.361,1.25263,1.25272,1.50,1.13
2012.08.29 23:41:22.432,1.25263,1.25273,2.48,1.50
2012.08.29 23:41:22.581,1.25262,1.25274,1.73,3.83
2012.08.29 23:41:23.941,1.25261,1.25273,3.26,1.13
2012.08.29 23:41:35.206,1.25261,1.25271,2.51,1.05
2012.08.29 23:41:35.550,1.25256,1.25264,1.73,1.50
2012.08.29 23:41:35.942,1.25254,1.25264,3.00,3.08
2012.08.29 23:41:36.030,1.25253,1.25264,2.10,1.50
2012.08.29 23:41:36.429,1.25255,1.25264,1.50,1.50
2012.08.29 23:41:36.990,1.25254,1.25265,2.33,2.70
2012.08.29 23:41:37.953,1.25256,1.25265,1.43,1.50
2012.08.29 23:41:38.510,1.25256,1.25266,1.65,1.88
2012.08.29 23:41:39.131,1.25256,1.25266,1.65,3.60
2012.08.29 23:41:39.979,1.25256,1.25266,2.40,3.60
2012.08.29 23:41:40.481,1.25256,1.25266,2.40,3.60
2012.08.29 23:41:40.687,1.25256,1.25268,1.65,1.58
2012.08.29 23:41:48.501,1.25257,1.25267,1.76,2.25
2012.08.29 23:41:49.444,1.25256,1.25268,2.29,3.60
2012.08.29 23:41:53.567,1.25257,1.25266,1.01,1.50
2012.08.29 23:41:54.899,1.25257,1.25268,1.01,4.13
2012.08.29 23:41:55.741,1.25257,1.25268,1.01,4.13
2012.08.29 23:41:56.267,1.25257,1.25266,1.01,2.25
2012.08.29 23:41:58.856,1.25257,1.25266,1.76,1.50
2012.08.29 23:41:59.179,1.25253,1.25266,4.76,1.50
2012.08.29 23:42:01.708,1.25254,1.25266,1.73,2.25
2012.08.29 23:42:02.449,1.25253,1.25264,4.01,4.73
2012.08.29 23:42:02.661,1.25249,1.2526,6.26,2.25
2012.08.29 23:42:03.191,1.25253,1.25261,1.01,1.50
2012.08.29 23:42:03.270,1.25255,1.25263,2.25,2.85
2012.08.29 23:42:03.343,1.25254,1.25264,1.73,2.63
2012.08.29 23:42:03.901,1.25253,1.25264,1.76,2.78
2012.08.29 23:42:04.789,1.25253,1.25266,2.51,1.58
2012.08.29 23:42:04.861,1.25253,1.25266,1.01,2.33
2012.08.29 23:42:05.201,1.25248,1.2526,1.73,1.73
2012.08.29 23:42:05.975,1.25249,1.2526,3.26,1.35
2012.08.29 23:42:06.053,1.25252,1.25262,1.50,1.50
2012.08.29 23:42:06.438,1.25251,1.25262,1.73,1.50
2012.08.29 23:42:06.880,1.25253,1.25264,1.50,2.63
2012.08.29 23:42:10.208,1.25253,1.25262,1.50,2.85
2012.08.29 23:42:11.528,1.25254,1.25263,1.50,1.13
2012.08.29 23:42:12.079,1.25252,1.25262,1.50,1.88
2012.08.29 23:42:12.620,1.25254,1.25262,1.50,1.88
2012.08.29 23:42:12.951,1.25256,1.25265,2.25,2.10
2012.08.29 23:42:13.031,1.25256,1.25266,2.25,1.50
2012.08.29 23:42:13.478,1.25254,1.25266,3.23,1.50
2012.08.29 23:42:14.498,1.25254,1.25265,3.23,1.73
2012.08.29 23:42:15.061,1.25254,1.25263,2.25,2.85
2012.08.29 23:42:15.568,1.25254,1.25263,1.50,2.85
2012.08.29 23:42:35.190,1.25255,1.25264,1.50,2.10
2012.08.29 23:42:36.502,1.25255,1.25265,2.29,1.73
2012.08.29 23:42:36.778,1.25256,1.25266,1.73,3.60
2012.08.29 23:42:38.810,1.25255,1.25266,1.76,5.85
2012.08.29 23:42:44.080,1.25256,1.25266,4.76,2.48
2012.08.29 23:42:51.569,1.25255,1.25265,2.03,2.48
2012.08.29 23:42:53.807,1.25255,1.25267,2.48,3.75
2012.08.29 23:43:01.990,1.25258,1.25266,2.25,1.73
2012.08.29 23:43:02.691,1.25258,1.25268,2.48,3.00
2012.08.29 23:43:07.908,1.25258,1.25266,1.73,2.48
2012.08.29 23:43:08.191,1.25257,1.25266,1.73,1.73
2012.08.29 23:43:08.471,1.25256,1.25265,1.50,1.50
2012.08.29 23:43:08.794,1.25255,1.25265,2.40,2.25
2012.08.29 23:43:09.118,1.25253,1.25265,2.48,3.00
2012.08.29 23:43:09.591,1.25252,1.25264,3.38,1.50
2012.08.29 23:43:11.473,1.25245,1.25257,2.48,1.73
2012.08.29 23:43:16.999,1.25246,1.25256,1.73,1.50
2012.08.29 23:43:20.102,1.25245,1.25257,3.98,1.50
2012.08.29 23:43:20.666,1.25245,1.25257,3.98,3.00
2012.08.29 23:43:20.860,1.25245,1.25256,1.73,3.00
2012.08.29 23:43:21.408,1.25246,1.25255,2.48,1.50
2012.08.29 23:43:26.567,1.25246,1.25256,2.48,1.50
2012.08.29 23:43:27.150,1.2525,1.25258,1.73,1.88
2012.08.29 23:43:33.912,1.25248,1.25256,1.80,1.50
2012.08.29 23:43:34.055,1.25246,1.25257,1.50,2.25
2012.08.29 23:43:34.262,1.25244,1.25254,1.73,1.50
2012.08.29 23:43:34.719,1.25244,1.25255,1.73,1.73
2012.08.29 23:43:36.498,1.25244,1.25255,1.73,1.73
2012.08.29 23:43:37.319,1.25245,1.25256,2.48,1.88
2012.08.29 23:43:46.450,1.25245,1.25255,3.23,2.48
2012.08.29 23:43:47.199,1.25245,1.25256,3.23,1.88
2012.08.29 23:44:13.277,1.25246,1.25256,2.48,2.85
2012.08.29 23:44:30.492,1.25248,1.25256,1.73,1.50
2012.08.29 23:44:30.620,1.25249,1.25258,1.73,3.38
2012.08.29 23:44:30.892,1.25253,1.25261,2.25,1.50
2012.08.29 23:44:30.975,1.25255,1.25264,1.73,2.85
2012.08.29 23:44:31.191,1.25256,1.25265,1.73,2.25
2012.08.29 23:44:31.692,1.25253,1.25265,3.26,2.25
2012.08.29 23:44:32.199,1.25253,1.25265,2.51,1.50
2012.08.29 23:44:32.759,1.25254,1.25265,1.73,1.50
2012.08.29 23:44:33.919,1.25254,1.25264,1.73,2.63
2012.08.29 23:44:42.548,1.25253,1.25264,3.26,3.38
2012.08.29 23:44:43.269,1.25254,1.25266,1.73,2.85
2012.08.29 23:44:48.823,1.25253,1.25264,3.26,3.38
2012.08.29 23:44:49.512,1.25253,1.25264,2.48,4.35
2012.08.29 23:44:56.671,1.25253,1.25263,3.23,1.50
2012.08.29 23:45:23.301,1.25253,1.25263,2.48,3.00
2012.08.29 23:45:23.439,1.25252,1.25263,2.48,2.25
2012.08.29 23:45:28.020,1.25252,1.25262,1.50,1.73
2012.08.29 23:45:28.149,1.25251,1.25262,1.73,3.23
2012.08.29 23:45:28.363,1.25251,1.25259,1.50,5.33
2012.08.29 23:45:28.689,1.25249,1.25257,1.73,1.50
2012.08.29 23:45:29.209,1.25247,1.25257,1.01,2.25
2012.08.29 23:45:29.771,1.2525,1.25258,2.48,1.50
2012.08.29 23:45:36.979,1.25248,1.25259,4.39,1.88
2012.08.29 23:45:37.054,1.25251,1.2526,1.73,1.50
2012.08.29 23:45:37.570,1.25252,1.25261,1.73,3.00
2012.08.29 23:45:37.642,1.25252,1.25262,2.48,1.13
2012.08.29 23:45:37.789,1.25252,1.25262,1.73,1.13
2012.08.29 23:45:38.060,1.25252,1.25262,2.48,1.88
2012.08.29 23:45:39.479,1.25253,1.25264,1.73,2.48
2012.08.29 23:45:39.980,1.25254,1.25264,1.73,2.48
2012.08.29 23:45:45.749,1.25255,1.25262,2.48,1.13
2012.08.29 23:45:46.308,1.25255,1.25264,2.48,2.85
2012.08.29 23:45:50.438,1.25256,1.25266,2.48,3.60
2012.08.29 23:45:50.968,1.25256,1.25265,1.73,2.25
2012.08.29 23:46:05.659,1.25255,1.25263,1.50,1.50
2012.08.29 23:46:06.220,1.25255,1.25265,1.73,1.73
2012.08.29 23:46:18.851,1.25256,1.25265,1.73,1.35
2012.08.29 23:46:18.996,1.25259,1.25267,1.73,1.50
2012.08.29 23:46:19.856,1.25258,1.25268,2.48,3.60
2012.08.29 23:46:27.182,1.25258,1.25268,3.23,2.85
2012.08.29 23:46:29.823,1.25258,1.2527,2.48,1.88
2012.08.29 23:46:31.293,1.25258,1.25268,2.48,3.60
2012.08.29 23:46:33.038,1.25258,1.25268,2.48,3.60
2012.08.29 23:46:34.080,1.25258,1.2527,3.23,1.13
2012.08.29 23:46:34.152,1.25258,1.2527,3.23,1.13
2012.08.29 23:46:34.338,1.25258,1.2527,3.23,2.63
2012.08.29 23:46:34.907,1.25258,1.2527,3.23,1.88
2012.08.29 23:46:35.469,1.25258,1.2527,3.23,2.63
2012.08.29 23:46:36.032,1.2526,1.2527,3.23,1.88
2012.08.29 23:46:45.932,1.25262,1.25271,1.50,1.73
2012.08.29 23:47:11.172,1.25262,1.25269,2.25,1.13
2012.08.29 23:47:13.261,1.25261,1.25271,2.85,1.73
2012.08.29 23:47:20.588,1.25262,1.25269,2.25,1.13
2012.08.29 23:47:23.558,1.2526,1.25269,1.73,1.13
2012.08.29 23:47:23.928,1.25259,1.25266,3.00,1.50
2012.08.29 23:47:25.538,1.2526,1.25269,2.48,1.13
2012.08.29 23:47:32.210,1.25261,1.25271,1.73,2.85
2012.08.29 23:47:32.759,1.25262,1.25273,1.73,3.00
2012.08.29 23:47:33.819,1.25262,1.25273,1.73,3.00
2012.08.29 23:47:34.379,1.25262,1.25273,2.48,1.73
2012.08.29 23:47:35.470,1.25264,1.25273,1.50,1.73
2012.08.29 23:47:38.338,1.25262,1.25271,2.48,1.13
2012.08.29 23:47:46.587,1.25262,1.25272,2.48,2.10
2012.08.29 23:47:52.152,1.25266,1.25274,1.50,1.50
2012.08.29 23:47:52.481,1.25268,1.25278,1.73,3.38
2012.08.29 23:47:55.187,1.25268,1.25278,1.73,3.23
2012.08.29 23:47:55.388,1.25267,1.25276,1.73,2.63
2012.08.29 23:47:55.639,1.25266,1.25275,1.73,1.50
2012.08.29 23:47:55.831,1.25267,1.25276,1.73,2.63
2012.08.29 23:47:57.689,1.25267,1.25276,1.73,2.63
2012.08.29 23:48:00.838,1.25266,1.25275,1.73,1.50
2012.08.29 23:48:01.420,1.25267,1.25276,1.73,1.88
2012.08.29 23:48:01.688,1.25267,1.25277,1.73,1.50
2012.08.29 23:48:02.660,1.25271,1.25278,1.50,1.73
2012.08.29 23:48:02.731,1.25271,1.25279,2.25,2.85
2012.08.29 23:48:02.942,1.25273,1.25285,1.73,2.63
2012.08.29 23:48:03.140,1.25273,1.25283,2.48,1.35
2012.08.29 23:48:03.800,1.25273,1.25285,2.48,1.95
2012.08.29 23:48:03.939,1.25273,1.25285,2.48,1.95
2012.08.29 23:48:04.420,1.25268,1.25278,1.73,1.35
2012.08.29 23:48:05.763,1.25272,1.2528,1.50,3.68
2012.08.29 23:48:05.899,1.25272,1.2528,1.73,1.88
2012.08.29 23:48:06.112,1.25273,1.25283,2.48,3.00
2012.08.29 23:48:06.630,1.25273,1.25283,1.73,3.23
2012.08.29 23:48:06.898,1.25273,1.25281,1.73,1.88
2012.08.29 23:48:07.560,1.25271,1.25281,3.23,1.88
2012.08.29 23:48:08.132,1.2527,1.2528,3.26,2.25
2012.08.29 23:48:08.201,1.2527,1.2528,3.26,2.48
2012.08.29 23:48:09.930,1.25272,1.2528,2.48,1.73
2012.08.29 23:48:10.431,1.25272,1.25281,2.48,2.85
2012.08.29 23:48:14.700,1.25272,1.25281,2.48,2.10
2012.08.29 23:48:15.250,1.25274,1.25281,1.73,1.35
2012.08.29 23:48:21.079,1.25274,1.25281,2.48,1.13
2012.08.29 23:48:21.638,1.25274,1.25281,1.73,1.13
2012.08.29 23:48:26.271,1.25271,1.25281,3.60,3.60
2012.08.29 23:48:26.798,1.25271,1.25281,4.35,2.10
2012.08.29 23:48:28.283,1.25275,1.25283,1.50,2.25
2012.08.29 23:48:28.353,1.25278,1.25285,1.73,1.50
2012.08.29 23:48:28.481,1.25278,1.25287,1.73,3.60
2012.08.29 23:48:28.802,1.25279,1.25288,2.48,1.50
2012.08.29 23:48:28.881,1.25281,1.25291,2.10,2.85
2012.08.29 23:48:30.060,1.25282,1.25291,1.73,2.10
2012.08.29 23:48:30.130,1.25282,1.25291,1.73,2.85
2012.08.29 23:48:30.259,1.25283,1.25291,1.73,1.35
2012.08.29 23:48:30.805,1.25283,1.25294,2.48,2.25
2012.08.29 23:48:31.603,1.25283,1.25291,1.50,2.10
2012.08.29 23:48:31.681,1.25282,1.2529,1.73,1.73
2012.08.29 23:48:31.890,1.25279,1.25288,2.10,1.50
2012.08.29 23:48:32.091,1.25279,1.25289,2.85,1.35
2012.08.29 23:48:33.178,1.25279,1.2529,2.85,2.10
2012.08.29 23:48:33.930,1.25281,1.25291,1.50,5.48
2012.08.29 23:48:34.248,1.25281,1.25291,3.23,1.35
2012.08.29 23:48:35.608,1.25284,1.25294,2.25,2.48
2012.08.29 23:48:36.190,1.25284,1.25291,2.25,1.13
2012.08.29 23:48:37.119,1.25283,1.25291,1.50,2.10
2012.08.29 23:48:39.246,1.25282,1.25288,1.73,1.13
2012.08.29 23:48:39.325,1.25281,1.25288,1.35,1.88
2012.08.29 23:48:39.462,1.25279,1.25287,1.50,1.50
2012.08.29 23:48:39.531,1.25279,1.25288,1.50,2.10
2012.08.29 23:48:39.603,1.25279,1.25288,2.25,1.88
2012.08.29 23:48:39.672,1.2528,1.25288,1.50,1.13
2012.08.29 23:48:40.238,1.25281,1.25289,2.29,1.50
2012.08.29 23:48:43.000,1.25282,1.25291,1.54,1.50
2012.08.29 23:48:43.072,1.25281,1.25291,2.29,2.25
2012.08.29 23:48:43.388,1.25281,1.25291,2.29,3.23
2012.08.29 23:48:46.259,1.25281,1.2529,1.50,2.10
2012.08.29 23:48:46.882,1.25281,1.2529,1.50,2.85
2012.08.29 23:48:48.451,1.25281,1.2529,1.50,2.10
2012.08.29 23:48:49.012,1.25279,1.25288,1.50,3.60
2012.08.29 23:48:49.289,1.25278,1.25287,2.25,1.73
2012.08.29 23:48:50.700,1.25277,1.25285,1.50,1.73
2012.08.29 23:48:52.858,1.25276,1.25283,1.50,1.13
2012.08.29 23:48:53.001,1.25273,1.25283,4.73,2.85
2012.08.29 23:48:53.070,1.25273,1.25283,3.98,4.35
2012.08.29 23:48:55.869,1.25273,1.25283,2.48,4.35
2012.08.29 23:48:57.462,1.25275,1.25283,1.50,3.60
2012.08.29 23:48:57.612,1.25276,1.25285,2.10,1.73
2012.08.29 23:49:06.870,1.25275,1.25284,1.50,3.60
2012.08.29 23:49:08.239,1.25274,1.25284,2.48,3.60
2012.08.29 23:49:08.309,1.25274,1.25284,2.48,2.85
2012.08.29 23:49:08.441,1.25275,1.25285,1.50,1.73
2012.08.29 23:49:20.087,1.25274,1.25282,3.75,1.35
2012.08.29 23:49:20.229,1.25274,1.25282,3.00,1.35
2012.08.29 23:49:23.187,1.25274,1.25282,1.73,1.13
2012.08.29 23:49:28.639,1.25274,1.25282,1.73,1.13
2012.08.29 23:49:32.611,1.25275,1.25284,1.50,1.73
2012.08.29 23:49:32.738,1.25275,1.25284,1.73,1.50
2012.08.29 23:49:33.266,1.25275,1.25286,3.23,3.60
2012.08.29 23:49:38.108,1.25276,1.25286,1.73,2.85
2012.08.29 23:49:38.420,1.25278,1.25286,1.73,1.13
2012.08.29 23:49:38.611,1.25279,1.25288,1.73,2.48
2012.08.29 23:49:39.128,1.25279,1.25288,1.73,2.85
2012.08.29 23:49:44.798,1.25279,1.25288,3.23,1.35
2012.08.29 23:49:45.215,1.25281,1.25288,2.48,1.13
2012.08.29 23:49:57.950,1.25281,1.25289,2.48,1.35
2012.08.29 23:50:09.799,1.25283,1.25291,1.50,2.63
2012.08.29 23:50:10.059,1.25284,1.25291,1.73,1.13
2012.08.29 23:50:18.610,1.25284,1.25293,1.73,2.85
2012.08.29 23:50:19.159,1.25284,1.25293,2.48,3.60
2012.08.29 23:50:20.441,1.25286,1.25293,1.73,1.13
2012.08.29 23:50:24.517,1.25286,1.25295,2.48,3.75
2012.08.29 23:50:25.549,1.25286,1.25295,1.73,4.13
2012.08.29 23:50:26.321,1.25285,1.25294,1.73,1.50
2012.08.29 23:50:33.111,1.25285,1.25295,1.73,3.60
2012.08.29 23:50:39.227,1.25284,1.25295,4.01,5.10
2012.08.29 23:50:53.881,1.25284,1.25293,1.73,3.00
2012.08.29 23:50:54.414,1.25284,1.25293,1.73,5.10
2012.08.29 23:50:59.058,1.25283,1.25293,3.26,3.23
2012.08.29 23:50:59.501,1.25284,1.25294,2.25,1.13
2012.08.29 23:51:02.579,1.25285,1.25294,1.73,2.63
2012.08.29 23:51:03.492,1.25286,1.25295,1.76,2.48
2012.08.29 23:51:04.049,1.25286,1.25293,1.73,1.13
2012.08.29 23:51:04.551,1.25286,1.25293,1.73,1.13
2012.08.29 23:51:33.103,1.25287,1.25297,3.26,2.48
2012.08.29 23:51:33.229,1.25287,1.25297,4.01,2.25
2012.08.29 23:51:33.569,1.25289,1.25298,1.73,2.10
2012.08.29 23:51:34.141,1.25289,1.25298,1.73,1.88
2012.08.29 23:51:34.682,1.25289,1.25298,1.73,1.88
2012.08.29 23:51:35.241,1.25289,1.25298,1.73,2.63
2012.08.29 23:51:35.383,1.25289,1.25298,1.73,1.13
2012.08.29 23:51:38.451,1.25292,1.253,2.25,2.10
2012.08.29 23:51:38.520,1.25292,1.25301,2.25,2.48
2012.08.29 23:51:38.663,1.25293,1.25302,5.14,1.73
2012.08.29 23:51:38.870,1.25295,1.25305,1.73,2.10
2012.08.29 23:51:39.374,1.25296,1.25306,2.48,3.23
2012.08.29 23:51:47.001,1.25298,1.25306,1.73,1.35
2012.08.29 23:51:47.573,1.25298,1.25308,2.48,2.71
2012.08.29 23:51:48.110,1.253,1.25308,1.73,1.96
2012.08.29 23:51:48.380,1.25299,1.25308,2.48,4.21
2012.08.29 23:51:50.281,1.253,1.25308,1.73,4.81
2012.08.29 23:51:51.699,1.25299,1.25308,1.73,4.81
2012.08.29 23:51:53.598,1.25299,1.25307,1.73,1.50
2012.08.29 23:51:53.670,1.25298,1.25306,1.50,2.25
2012.08.29 23:51:53.743,1.25296,1.25306,4.35,2.48
2012.08.29 23:51:53.951,1.25297,1.25307,3.23,1.35
2012.08.29 23:51:54.582,1.25298,1.25308,3.23,2.10
2012.08.29 23:51:57.961,1.253,1.25308,1.73,1.96
2012.08.29 23:51:58.211,1.25301,1.2531,1.73,1.50
2012.08.29 23:51:58.280,1.25301,1.2531,1.73,1.50
2012.08.29 23:52:05.029,1.25303,1.25311,2.48,1.50
2012.08.29 23:52:05.582,1.25303,1.25313,2.48,3.60
2012.08.29 23:52:07.404,1.25303,1.2531,1.50,1.13
2012.08.29 23:52:07.600,1.25301,1.2531,2.48,2.85
2012.08.29 23:52:07.949,1.25301,1.25309,1.73,1.73
2012.08.29 23:52:08.460,1.25301,1.2531,2.48,3.60
2012.08.29 23:52:08.770,1.25301,1.25309,1.73,1.73
2012.08.29 23:52:09.442,1.253,1.25308,2.48,1.88
2012.08.29 23:52:12.700,1.25301,1.25309,1.50,1.73
2012.08.29 23:52:13.152,1.25301,1.2531,1.50,2.85
2012.08.29 23:52:13.341,1.25301,1.25309,1.73,1.13
2012.08.29 23:52:13.650,1.253,1.25309,3.04,2.63
2012.08.29 23:52:14.173,1.253,1.25309,3.04,1.50
2012.08.29 23:52:15.196,1.25302,1.25311,1.65,1.73
2012.08.29 23:52:15.750,1.25302,1.25311,1.65,1.50
2012.08.29 23:52:17.574,1.25301,1.2531,1.50,2.25
2012.08.29 23:52:17.842,1.253,1.25308,1.73,1.73
2012.08.29 23:52:18.940,1.253,1.25308,1.73,1.50
2012.08.29 23:52:22.370,1.25301,1.2531,2.51,2.25
2012.08.29 23:52:22.444,1.25303,1.25311,1.73,2.25
2012.08.29 23:52:22.960,1.25303,1.25312,2.48,3.23
2012.08.29 23:52:23.522,1.25303,1.25312,1.73,4.73
2012.08.29 23:52:24.573,1.25301,1.25309,1.76,1.50
2012.08.29 23:52:24.654,1.25299,1.25309,3.23,2.63
2012.08.29 23:52:24.802,1.25299,1.25309,2.48,4.35
2012.08.29 23:52:25.270,1.25301,1.25309,2.48,1.88
2012.08.29 23:52:27.040,1.253,1.25309,1.73,2.63
2012.08.29 23:52:27.541,1.253,1.25309,3.23,2.63
2012.08.29 23:52:28.082,1.253,1.25309,1.50,2.25
2012.08.29 23:52:30.591,1.25299,1.25308,2.51,2.25
2012.08.29 23:52:30.719,1.25299,1.25308,2.51,1.50
2012.08.29 23:52:43.180,1.253,1.25309,1.73,3.00
2012.08.29 23:52:43.622,1.25301,1.25311,2.51,1.73
2012.08.29 23:52:44.180,1.25301,1.25312,3.26,5.10
2012.08.29 23:52:47.851,1.25301,1.25309,1.54,1.50
2012.08.29 23:52:48.389,1.25299,1.2531,1.73,1.50
2012.08.29 23:52:48.649,1.25298,1.25307,2.10,1.50
2012.08.29 23:52:51.588,1.25299,1.25307,1.73,2.25
2012.08.29 23:53:00.302,1.25299,1.25308,3.23,1.35
2012.08.29 23:53:03.831,1.25299,1.25308,1.73,2.85
2012.08.29 23:53:04.089,1.25299,1.25308,1.73,5.10
2012.08.29 23:53:06.382,1.25297,1.25305,2.48,1.35
2012.08.29 23:53:07.096,1.25297,1.25305,1.73,2.10
2012.08.29 23:53:13.523,1.25295,1.25305,1.73,4.35
2012.08.29 23:53:24.969,1.25298,1.25305,2.48,2.10
2012.08.29 23:53:26.510,1.25296,1.25305,1.73,2.85
2012.08.29 23:53:40.902,1.25295,1.25305,2.48,2.85
2012.08.29 23:54:07.610,1.25295,1.25305,1.73,1.73
2012.08.29 23:54:13.590,1.25298,1.25307,2.48,2.63
2012.08.29 23:54:13.912,1.25298,1.25307,1.50,2.10
2012.08.29 23:54:14.040,1.25298,1.25307,1.73,1.35
2012.08.29 23:54:14.359,1.25297,1.25307,4.43,2.85
2012.08.29 23:54:14.490,1.25298,1.25308,1.73,2.10
2012.08.29 23:54:23.199,1.25299,1.25307,1.50,2.85
2012.08.29 23:54:27.119,1.25297,1.25307,3.98,3.60
2012.08.29 23:54:42.810,1.25298,1.25307,1.73,2.63
2012.08.29 23:55:07.610,1.25299,1.25307,1.73,1.88
2012.08.29 23:55:13.320,1.25298,1.25307,2.48,2.63
2012.08.29 23:55:13.829,1.25298,1.25307,1.73,2.10
2012.08.29 23:55:25.078,1.25298,1.25306,1.73,1.73
2012.08.29 23:55:37.914,1.25295,1.25305,3.23,3.00
2012.08.29 23:56:17.811,1.25295,1.25301,1.50,1.13
2012.08.29 23:56:18.070,1.25293,1.25301,1.73,1.13
2012.08.29 23:56:18.603,1.25292,1.253,1.73,1.50
2012.08.29 23:56:22.391,1.25291,1.25297,2.25,1.13
2012.08.29 23:56:22.670,1.2529,1.25298,2.48,2.63
2012.08.29 23:56:23.191,1.25287,1.25297,3.23,2.63
2012.08.29 23:56:23.703,1.25287,1.25297,1.73,1.88
2012.08.29 23:56:24.980,1.25287,1.25297,3.23,1.88
2012.08.29 23:56:26.720,1.25287,1.25297,3.98,2.10
2012.08.29 23:56:26.790,1.25287,1.25297,1.73,2.85
2012.08.29 23:56:27.051,1.25287,1.25297,3.23,1.88
2012.08.29 23:56:27.179,1.25287,1.25297,3.23,1.88
2012.08.29 23:56:27.322,1.25287,1.25297,2.48,2.63
2012.08.29 23:56:27.881,1.25287,1.25294,1.73,1.13
2012.08.29 23:56:28.275,1.25288,1.25298,1.73,1.73
2012.08.29 23:56:37.543,1.25288,1.25298,2.48,2.85
2012.08.29 23:56:37.672,1.2529,1.25298,1.73,1.88
2012.08.29 23:56:38.375,1.25289,1.253,3.23,1.50
2012.08.29 23:56:45.243,1.25289,1.25297,2.25,1.13
2012.08.29 23:56:45.383,1.25288,1.25297,2.48,1.13
2012.08.29 23:57:10.660,1.25288,1.25299,4.73,2.85
2012.08.29 23:57:15.311,1.2529,1.253,1.73,1.73
2012.08.29 23:57:15.813,1.25291,1.25301,1.73,2.10
2012.08.29 23:57:16.123,1.25294,1.25302,1.50,1.73
2012.08.29 23:57:16.192,1.25292,1.25302,3.26,2.25
2012.08.29 23:57:17.801,1.25292,1.253,1.73,1.13
2012.08.29 23:57:18.330,1.25294,1.25305,1.73,4.73
2012.08.29 23:57:18.460,1.25294,1.25303,1.73,1.13
2012.08.29 23:57:20.287,1.25294,1.25301,1.73,1.13
2012.08.29 23:57:54.788,1.25293,1.25302,1.73,1.88
2012.08.29 23:58:04.122,1.25298,1.25305,1.50,2.48
2012.08.29 23:58:04.193,1.25298,1.25306,2.25,2.10
2012.08.29 23:58:04.402,1.25298,1.25306,2.48,1.50
2012.08.29 23:58:04.920,1.25299,1.25307,1.73,1.88
2012.08.29 23:58:38.760,1.253,1.25308,1.73,3.38
2012.08.29 23:58:40.182,1.25299,1.25308,1.50,1.88
2012.08.29 23:58:40.720,1.25298,1.25308,1.35,3.38
2012.08.29 23:58:42.199,1.25301,1.25308,1.73,2.63
2012.08.29 23:58:58.749,1.253,1.25307,1.73,1.13
2012.08.29 23:59:00.210,1.253,1.25309,1.73,2.63
2012.08.29 23:59:00.769,1.253,1.25309,1.50,1.13
2012.08.29 23:59:09.280,1.25301,1.25308,1.73,1.13
2012.08.29 23:59:26.859,1.25301,1.2531,1.73,1.13
2012.08.29 23:59:27.051,1.25301,1.2531,1.73,1.13
2012.08.29 23:59:32.020,1.25301,1.2531,1.73,1.88
2012.08.29 23:59:34.859,1.25301,1.25311,1.73,1.88
2012.08.29 23:59:35.180,1.25301,1.25311,1.73,1.88
2012.08.29 23:59:43.790,1.25302,1.25311,1.50,2.63
2012.08.29 23:59:52.519,1.25302,1.25311,3.23,1.88
2012.08.29 23:59:58.651,1.25302,1.25311,1.50,3.38
