2012.06.27 13:00:00.293,1.24711,1.2472,4.22,2.25
2012.06.27 13:00:00.435,1.24711,1.24718,1.22,1.50
2012.06.27 13:00:01.207,1.24711,1.24721,1.22,3.30
2012.06.27 13:00:01.285,1.24712,1.24721,1.22,3.00
2012.06.27 13:00:01.789,1.24714,1.24723,1.22,5.77
2012.06.27 13:00:02.352,1.24715,1.24724,2.72,4.65
2012.06.27 13:00:02.913,1.24715,1.24722,1.22,1.50
2012.06.27 13:00:03.465,1.24714,1.24722,1.22,1.50
2012.06.27 13:00:03.550,1.24713,1.24721,3.00,1.13
2012.06.27 13:00:03.698,1.24713,1.24719,2.25,1.13
2012.06.27 13:00:03.919,1.24709,1.24717,1.97,1.50
2012.06.27 13:00:04.905,1.2471,1.24719,1.22,2.63
2012.06.27 13:00:05.533,1.2471,1.24719,1.22,3.38
2012.06.27 13:00:06.082,1.2471,1.24719,1.22,3.38
2012.06.27 13:00:06.777,1.24708,1.24718,5.72,1.50
2012.06.27 13:00:08.312,1.24709,1.24718,3.00,2.25
2012.06.27 13:00:08.664,1.24709,1.24717,3.47,1.50
2012.06.27 13:00:09.304,1.24709,1.24717,1.97,2.25
2012.06.27 13:00:09.866,1.24709,1.24717,1.22,2.25
2012.06.27 13:00:10.014,1.2471,1.24718,1.22,1.50
2012.06.27 13:00:10.435,1.24708,1.24718,3.47,3.00
2012.06.27 13:00:10.996,1.24711,1.24719,1.22,2.55
2012.06.27 13:00:11.354,1.24712,1.2472,1.22,3.30
2012.06.27 13:00:11.994,1.24715,1.2472,4.97,1.50
2012.06.27 13:00:12.158,1.24715,1.24724,4.22,4.13
2012.06.27 13:00:12.516,1.24714,1.24722,2.27,3.00
2012.06.27 13:00:13.073,1.24713,1.24721,2.35,1.50
2012.06.27 13:00:14.113,1.24713,1.24722,3.10,3.00
2012.06.27 13:00:14.673,1.24714,1.24723,4.22,1.88
2012.06.27 13:00:15.026,1.24713,1.24722,1.60,1.50
2012.06.27 13:00:15.093,1.24713,1.24723,2.35,4.13
2012.06.27 13:00:15.791,1.24713,1.24723,3.10,4.88
2012.06.27 13:00:15.871,1.24712,1.24722,3.47,2.25
2012.06.27 13:00:16.084,1.24712,1.24721,1.97,3.00
2012.06.27 13:00:16.284,1.24712,1.2472,1.97,1.50
2012.06.27 13:00:16.843,1.24712,1.2472,1.22,1.50
2012.06.27 13:00:17.402,1.24712,1.24718,1.22,2.25
2012.06.27 13:00:18.354,1.24712,1.2472,1.22,3.00
2012.06.27 13:00:18.705,1.24709,1.24721,3.83,3.00
2012.06.27 13:00:18.996,1.24707,1.24717,3.62,3.00
2012.06.27 13:00:19.565,1.24707,1.24713,2.72,1.50
2012.06.27 13:00:20.197,1.24707,1.24713,2.72,1.50
2012.06.27 13:00:20.628,1.24709,1.24715,1.97,2.25
2012.06.27 13:00:20.989,1.24711,1.24718,1.22,3.00
2012.06.27 13:00:21.070,1.24712,1.24718,2.72,1.50
2012.06.27 13:00:21.422,1.24712,1.2472,3.47,2.25
2012.06.27 13:00:21.985,1.24712,1.24721,3.47,2.25
2012.06.27 13:00:22.053,1.24712,1.24721,3.47,2.25
2012.06.27 13:00:22.476,1.2471,1.24719,4.88,2.25
2012.06.27 13:00:22.636,1.2471,1.24718,1.88,3.00
2012.06.27 13:00:22.784,1.2471,1.24718,1.88,2.25
2012.06.27 13:00:22.994,1.2471,1.24718,1.88,3.00
2012.06.27 13:00:23.557,1.2471,1.24718,1.88,4.13
2012.06.27 13:00:24.163,1.2471,1.24718,4.13,2.63
2012.06.27 13:00:24.717,1.2471,1.24718,4.13,1.88
2012.06.27 13:00:25.462,1.2471,1.24718,3.38,1.88
2012.06.27 13:00:27.596,1.24711,1.24719,1.60,2.25
2012.06.27 13:00:28.161,1.2471,1.2472,2.35,3.75
2012.06.27 13:00:29.161,1.2471,1.24718,1.60,1.50
2012.06.27 13:00:29.445,1.24714,1.2472,1.50,2.25
2012.06.27 13:00:29.657,1.24714,1.24723,2.72,3.60
2012.06.27 13:00:29.737,1.24716,1.24724,1.97,2.63
2012.06.27 13:00:29.818,1.24718,1.24725,1.50,5.85
2012.06.27 13:00:29.967,1.24716,1.24725,2.72,4.43
2012.06.27 13:00:30.531,1.24716,1.24725,4.22,4.13
2012.06.27 13:00:31.072,1.24716,1.24725,2.72,3.38
2012.06.27 13:00:31.614,1.24716,1.24725,4.22,3.38
2012.06.27 13:00:33.388,1.24717,1.24726,3.00,1.50
2012.06.27 13:00:33.917,1.24717,1.24727,4.50,3.38
2012.06.27 13:00:34.482,1.24718,1.24727,2.25,1.88
2012.06.27 13:00:35.184,1.24718,1.24726,1.50,1.50
2012.06.27 13:00:35.711,1.24717,1.24726,4.88,1.50
2012.06.27 13:00:36.935,1.24718,1.24727,1.50,2.63
2012.06.27 13:00:37.600,1.24717,1.24726,4.13,1.88
2012.06.27 13:00:38.213,1.24718,1.24726,3.00,2.63
2012.06.27 13:00:38.730,1.24718,1.24726,3.00,1.88
2012.06.27 13:00:39.911,1.24718,1.24726,2.78,2.63
2012.06.27 13:00:40.772,1.24718,1.24727,4.28,2.63
2012.06.27 13:00:41.273,1.24718,1.24727,3.75,3.38
2012.06.27 13:00:41.615,1.24718,1.24727,3.53,3.38
2012.06.27 13:00:41.894,1.24716,1.24724,5.03,1.13
2012.06.27 13:00:42.174,1.24717,1.24726,3.25,2.63
2012.06.27 13:00:42.585,1.24718,1.24726,1.28,1.13
2012.06.27 13:00:42.731,1.24717,1.24726,2.72,1.13
2012.06.27 13:00:43.433,1.24719,1.24726,1.50,1.13
2012.06.27 13:00:44.753,1.24719,1.24728,2.78,2.63
2012.06.27 13:00:44.894,1.24722,1.24728,1.50,1.88
2012.06.27 13:00:45.258,1.2472,1.24728,1.50,2.18
2012.06.27 13:00:45.346,1.24722,1.24728,1.50,1.43
2012.06.27 13:00:45.564,1.2472,1.24728,1.50,2.18
2012.06.27 13:00:47.054,1.2472,1.24728,1.50,2.93
2012.06.27 13:00:47.483,1.24717,1.24727,2.50,1.50
2012.06.27 13:00:47.554,1.24717,1.24723,1.09,1.50
2012.06.27 13:00:47.625,1.24716,1.24726,7.62,3.68
2012.06.27 13:00:48.199,1.2472,1.24726,1.50,1.13
2012.06.27 13:00:48.763,1.24719,1.24727,2.78,1.88
2012.06.27 13:00:49.321,1.2472,1.24727,1.50,1.13
2012.06.27 13:00:50.097,1.2472,1.24727,1.50,2.10
2012.06.27 13:00:50.247,1.24718,1.24725,2.25,1.88
2012.06.27 13:00:50.815,1.24717,1.24725,1.50,1.88
2012.06.27 13:00:51.107,1.24717,1.24722,1.50,1.13
2012.06.27 13:00:51.399,1.24713,1.24721,4.75,1.50
2012.06.27 13:00:51.546,1.24712,1.24719,2.40,1.13
2012.06.27 13:00:51.698,1.24711,1.24719,4.28,1.88
2012.06.27 13:00:52.264,1.24711,1.24719,3.53,1.88
2012.06.27 13:00:53.035,1.24711,1.24718,3.00,1.88
2012.06.27 13:00:53.992,1.24711,1.24719,1.50,2.18
2012.06.27 13:00:55.177,1.24707,1.24715,4.73,1.80
2012.06.27 13:00:55.326,1.24707,1.24715,3.00,7.05
2012.06.27 13:00:55.408,1.24707,1.24714,1.75,1.50
2012.06.27 13:00:55.835,1.24709,1.24718,3.53,2.55
2012.06.27 13:00:58.937,1.2471,1.24718,1.22,2.55
2012.06.27 13:00:59.505,1.24709,1.24718,2.50,2.93
2012.06.27 13:01:00.107,1.24709,1.24718,1.97,2.93
2012.06.27 13:01:01.213,1.24709,1.24718,3.25,2.18
2012.06.27 13:01:01.716,1.24709,1.24718,3.25,2.18
2012.06.27 13:01:02.520,1.24712,1.24718,1.50,1.05
2012.06.27 13:01:02.943,1.24709,1.24718,5.50,1.05
2012.06.27 13:01:03.483,1.24709,1.24717,1.75,2.25
2012.06.27 13:01:04.373,1.2471,1.24718,2.72,1.05
2012.06.27 13:01:04.735,1.24715,1.24723,2.10,1.80
2012.06.27 13:01:05.243,1.24715,1.24723,3.47,1.05
2012.06.27 13:01:05.455,1.24716,1.24724,1.22,1.50
2012.06.27 13:01:05.746,1.24717,1.24726,1.97,5.18
2012.06.27 13:01:05.828,1.24717,1.24725,1.50,1.88
2012.06.27 13:01:05.976,1.24717,1.24725,1.50,3.22
2012.06.27 13:01:06.542,1.24714,1.24725,3.47,5.47
2012.06.27 13:01:07.089,1.24714,1.24725,4.00,4.72
2012.06.27 13:01:08.562,1.24714,1.24725,4.00,4.72
2012.06.27 13:01:09.055,1.24717,1.24725,1.50,3.22
2012.06.27 13:01:09.263,1.24714,1.24725,6.47,5.02
2012.06.27 13:01:09.652,1.24714,1.24721,3.75,1.13
2012.06.27 13:01:10.006,1.24712,1.24718,2.25,1.50
2012.06.27 13:01:10.165,1.24708,1.24716,1.50,3.30
2012.06.27 13:01:10.248,1.24707,1.24716,1.97,3.30
2012.06.27 13:01:10.400,1.24706,1.24714,2.40,1.13
2012.06.27 13:01:10.946,1.24705,1.24713,2.25,2.63
2012.06.27 13:01:11.383,1.24705,1.24715,4.97,2.18
2012.06.27 13:01:11.924,1.24707,1.24716,1.22,3.68
2012.06.27 13:01:12.451,1.24707,1.24716,1.97,2.93
2012.06.27 13:01:14.415,1.24709,1.24716,1.22,1.80
2012.06.27 13:01:14.556,1.24709,1.24718,3.47,1.80
2012.06.27 13:01:14.902,1.24711,1.24718,1.50,1.43
2012.06.27 13:01:16.873,1.2471,1.24718,2.78,2.18
2012.06.27 13:01:20.831,1.2471,1.24719,3.00,2.25
2012.06.27 13:01:21.384,1.24711,1.2472,4.65,1.13
2012.06.27 13:01:23.313,1.24711,1.24721,4.65,2.93
2012.06.27 13:01:25.915,1.24711,1.24721,5.12,2.93
2012.06.27 13:01:26.512,1.24713,1.24721,1.50,2.18
2012.06.27 13:01:29.022,1.24711,1.24721,5.12,2.18
2012.06.27 13:01:31.473,1.24711,1.24721,4.13,2.18
2012.06.27 13:01:31.955,1.2471,1.24718,1.97,1.80
2012.06.27 13:01:32.625,1.24708,1.24718,1.60,4.43
2012.06.27 13:01:33.171,1.2471,1.24718,1.50,2.18
2012.06.27 13:01:33.793,1.2471,1.24718,1.50,2.18
2012.06.27 13:01:37.013,1.2471,1.24718,1.50,2.18
2012.06.27 13:01:37.482,1.2471,1.24718,1.50,2.18
2012.06.27 13:01:37.965,1.24709,1.24718,1.97,1.05
2012.06.27 13:01:38.036,1.24712,1.24718,1.50,1.05
2012.06.27 13:01:38.596,1.24709,1.24718,2.50,1.80
2012.06.27 13:01:39.614,1.24709,1.24718,2.50,2.93
2012.06.27 13:01:40.142,1.24709,1.24718,2.72,2.93
2012.06.27 13:01:42.654,1.24709,1.24718,1.97,2.18
2012.06.27 13:01:43.249,1.24709,1.24718,1.97,2.93
2012.06.27 13:01:43.911,1.24709,1.24718,1.97,2.18
2012.06.27 13:01:44.412,1.24709,1.24718,2.50,1.05
2012.06.27 13:01:44.954,1.24709,1.24719,1.97,3.52
2012.06.27 13:01:45.512,1.24711,1.24718,1.97,1.05
2012.06.27 13:01:48.481,1.24711,1.24718,1.97,1.05
2012.06.27 13:01:49.251,1.24711,1.24719,1.97,1.05
2012.06.27 13:01:51.783,1.24713,1.24718,1.50,1.05
2012.06.27 13:01:52.135,1.24711,1.2472,4.00,1.05
2012.06.27 13:01:52.692,1.24713,1.2472,1.50,1.05
2012.06.27 13:01:53.252,1.24712,1.2472,1.50,2.93
2012.06.27 13:01:54.008,1.24712,1.2472,1.50,2.93
2012.06.27 13:01:56.704,1.24712,1.2472,1.50,4.43
2012.06.27 13:01:57.241,1.24709,1.24719,4.00,1.80
2012.06.27 13:01:57.962,1.24712,1.24719,1.50,1.80
2012.06.27 13:01:58.513,1.24712,1.24719,1.50,1.50
2012.06.27 13:02:01.731,1.24712,1.2472,1.97,3.00
2012.06.27 13:02:02.003,1.24714,1.2472,1.50,3.00
2012.06.27 13:02:02.543,1.24714,1.24721,1.50,3.68
2012.06.27 13:02:03.409,1.24714,1.24721,2.72,1.13
2012.06.27 13:02:03.559,1.24715,1.24723,3.25,1.50
2012.06.27 13:02:03.640,1.24718,1.24724,2.50,3.75
2012.06.27 13:02:03.722,1.24718,1.24726,2.50,1.43
2012.06.27 13:02:03.798,1.24722,1.24728,1.50,4.43
2012.06.27 13:02:03.878,1.24723,1.24728,1.50,1.05
2012.06.27 13:02:04.514,1.24723,1.24729,1.50,1.05
2012.06.27 13:02:05.074,1.24722,1.24728,1.50,1.50
2012.06.27 13:02:06.862,1.24722,1.24728,1.50,1.50
2012.06.27 13:02:07.415,1.24722,1.24728,1.50,1.50
2012.06.27 13:02:08.612,1.24722,1.24729,1.50,1.80
2012.06.27 13:02:09.396,1.24722,1.24729,1.50,2.55
2012.06.27 13:02:10.694,1.24724,1.24729,1.50,1.50
2012.06.27 13:02:12.385,1.2472,1.24729,1.50,1.50
2012.06.27 13:02:13.103,1.24718,1.24729,5.35,1.50
2012.06.27 13:02:14.522,1.24718,1.24727,4.13,1.88
2012.06.27 13:02:14.888,1.24715,1.2472,1.50,1.13
2012.06.27 13:02:15.261,1.2471,1.24718,1.88,1.13
2012.06.27 13:02:15.826,1.24711,1.24718,1.97,1.13
2012.06.27 13:02:16.524,1.24713,1.2472,1.50,5.18
2012.06.27 13:02:16.873,1.24713,1.24719,1.50,1.50
2012.06.27 13:02:17.443,1.24711,1.24719,1.97,1.50
2012.06.27 13:02:17.988,1.24711,1.2472,1.97,5.55
2012.06.27 13:02:18.523,1.24709,1.24716,3.00,1.50
2012.06.27 13:02:19.075,1.2471,1.24716,1.22,1.50
2012.06.27 13:02:19.634,1.24709,1.24717,4.97,1.50
2012.06.27 13:02:20.193,1.24709,1.24717,4.22,1.50
2012.06.27 13:02:20.858,1.24709,1.24718,4.97,2.25
2012.06.27 13:02:21.392,1.2471,1.24718,1.97,1.50
2012.06.27 13:02:21.912,1.2471,1.24718,3.47,1.50
2012.06.27 13:02:24.384,1.2471,1.24718,2.35,2.25
2012.06.27 13:02:24.745,1.24707,1.24716,2.35,5.25
2012.06.27 13:02:24.825,1.24707,1.24714,2.35,1.50
2012.06.27 13:02:25.319,1.24703,1.2471,2.18,1.88
2012.06.27 13:02:25.539,1.24701,1.24709,1.54,3.68
2012.06.27 13:02:25.620,1.24699,1.24708,2.10,1.50
2012.06.27 13:02:26.003,1.24698,1.24706,3.85,1.50
2012.06.27 13:02:26.312,1.24706,1.24711,1.22,2.25
2012.06.27 13:02:26.536,1.24708,1.24714,1.97,4.80
2012.06.27 13:02:26.759,1.24711,1.24716,1.50,1.05
2012.06.27 13:02:26.976,1.24711,1.24717,2.25,1.43
2012.06.27 13:02:27.543,1.24711,1.24719,2.25,3.04
2012.06.27 13:02:27.618,1.24707,1.24713,5.25,1.13
2012.06.27 13:02:27.777,1.24709,1.24714,1.50,2.55
2012.06.27 13:02:28.345,1.24706,1.24712,1.50,1.50
2012.06.27 13:02:28.414,1.24704,1.24712,1.97,1.50
2012.06.27 13:02:29.246,1.24705,1.24713,1.50,3.68
2012.06.27 13:02:32.332,1.24705,1.24713,1.50,2.55
2012.06.27 13:02:33.216,1.24708,1.24716,1.50,4.05
2012.06.27 13:02:33.649,1.24708,1.24716,3.00,1.50
2012.06.27 13:02:34.677,1.24708,1.24715,2.25,1.50
2012.06.27 13:02:34.760,1.24708,1.24715,1.50,3.52
2012.06.27 13:02:35.046,1.24704,1.24711,1.09,2.25
2012.06.27 13:02:35.195,1.24702,1.24711,3.00,2.25
2012.06.27 13:02:35.734,1.24702,1.24711,3.75,2.25
2012.06.27 13:02:36.297,1.24704,1.24711,1.50,1.13
2012.06.27 13:02:36.378,1.24704,1.2471,1.50,1.88
2012.06.27 13:02:36.598,1.24698,1.24707,1.97,1.88
2012.06.27 13:02:36.955,1.24697,1.24706,1.97,2.25
2012.06.27 13:02:37.598,1.24697,1.24706,1.22,2.25
2012.06.27 13:02:37.957,1.247,1.24707,3.00,1.13
2012.06.27 13:02:38.105,1.24701,1.2471,2.25,3.22
2012.06.27 13:02:38.664,1.24701,1.2471,2.18,3.22
2012.06.27 13:02:39.174,1.24701,1.24709,1.43,1.50
2012.06.27 13:02:39.736,1.247,1.24709,3.75,1.50
2012.06.27 13:02:40.306,1.24702,1.24709,1.43,1.50
2012.06.27 13:02:40.864,1.24701,1.2471,2.65,1.88
2012.06.27 13:02:41.384,1.24701,1.2471,1.15,1.88
2012.06.27 13:02:42.313,1.24701,1.2471,1.15,1.13
2012.06.27 13:02:42.892,1.24701,1.2471,1.15,1.13
2012.06.27 13:02:43.405,1.247,1.2471,4.60,4.13
2012.06.27 13:02:46.485,1.247,1.24708,3.10,1.50
2012.06.27 13:02:48.434,1.24701,1.24708,1.22,1.50
2012.06.27 13:02:48.774,1.24702,1.2471,1.50,2.63
2012.06.27 13:02:49.333,1.24701,1.2471,3.47,3.38
2012.06.27 13:02:49.616,1.24703,1.24712,1.22,4.05
2012.06.27 13:02:49.696,1.24703,1.24711,1.22,1.50
2012.06.27 13:02:49.917,1.24705,1.24714,2.72,4.28
2012.06.27 13:02:50.344,1.24704,1.24712,1.22,1.50
2012.06.27 13:02:52.584,1.24707,1.24714,2.25,2.25
2012.06.27 13:02:52.943,1.24712,1.24719,1.22,3.00
2012.06.27 13:02:53.026,1.24712,1.24719,1.22,3.75
2012.06.27 13:02:53.594,1.24712,1.24721,2.72,4.13
2012.06.27 13:02:54.102,1.24712,1.24721,3.47,4.13
2012.06.27 13:02:54.446,1.24713,1.24721,1.22,2.55
2012.06.27 13:02:55.015,1.24714,1.24723,1.97,4.80
2012.06.27 13:02:57.204,1.24713,1.24722,1.97,3.75
2012.06.27 13:02:57.873,1.24713,1.24722,1.22,3.00
2012.06.27 13:02:58.220,1.24716,1.24724,2.72,5.25
2012.06.27 13:02:58.297,1.24716,1.24724,2.72,5.25
2012.06.27 13:02:58.726,1.24713,1.24719,3.68,1.13
2012.06.27 13:02:58.805,1.24713,1.24719,1.13,1.13
2012.06.27 13:02:59.085,1.2471,1.24719,3.10,1.13
2012.06.27 13:02:59.643,1.24709,1.24718,4.60,2.63
2012.06.27 13:03:00.144,1.2471,1.24718,1.13,2.63
2012.06.27 13:03:00.703,1.24709,1.24718,3.85,2.63
2012.06.27 13:03:01.691,1.24709,1.24717,2.63,1.13
2012.06.27 13:03:02.965,1.24709,1.24716,1.88,1.13
2012.06.27 13:03:03.187,1.24709,1.24716,1.50,1.88
2012.06.27 13:03:03.405,1.24707,1.24715,3.47,1.50
2012.06.27 13:03:03.684,1.24708,1.24717,1.22,2.25
2012.06.27 13:03:04.246,1.24709,1.24718,3.47,3.68
2012.06.27 13:03:08.114,1.24708,1.24717,3.47,1.50
2012.06.27 13:03:09.095,1.24708,1.24717,4.97,1.13
2012.06.27 13:03:09.772,1.24708,1.24718,4.97,1.88
2012.06.27 13:03:10.974,1.24709,1.24719,2.72,3.30
2012.06.27 13:03:11.533,1.24709,1.24719,3.10,2.55
2012.06.27 13:03:12.705,1.24709,1.24719,3.10,2.55
2012.06.27 13:03:13.274,1.2471,1.24718,1.22,1.50
2012.06.27 13:03:14.032,1.2471,1.2472,3.47,5.48
2012.06.27 13:03:14.581,1.2471,1.2472,3.47,3.68
2012.06.27 13:03:15.052,1.2471,1.24718,1.97,1.50
2012.06.27 13:03:15.943,1.2471,1.24718,1.22,1.50
2012.06.27 13:03:17.280,1.24708,1.24717,3.10,1.50
2012.06.27 13:03:18.161,1.24708,1.24719,4.60,4.43
2012.06.27 13:03:18.491,1.24708,1.24716,2.35,1.50
2012.06.27 13:03:19.154,1.24709,1.24719,1.13,6.23
2012.06.27 13:03:19.692,1.24709,1.24717,1.13,2.63
2012.06.27 13:03:23.204,1.24709,1.24718,1.60,1.13
2012.06.27 13:03:24.006,1.2471,1.24718,1.13,1.13
2012.06.27 13:03:24.154,1.2471,1.24718,2.63,1.13
2012.06.27 13:03:24.297,1.24709,1.24718,5.35,2.63
2012.06.27 13:03:24.902,1.2471,1.24718,1.50,1.13
2012.06.27 13:03:25.876,1.2471,1.2472,3.38,2.93
2012.06.27 13:03:25.957,1.2471,1.24718,2.63,1.50
2012.06.27 13:03:26.038,1.2471,1.2472,3.75,3.38
2012.06.27 13:03:26.253,1.2471,1.2472,3.00,3.68
2012.06.27 13:03:26.654,1.24709,1.24718,5.35,1.50
2012.06.27 13:03:30.492,1.24709,1.24718,4.22,1.50
2012.06.27 13:03:33.239,1.24708,1.24717,3.47,1.13
2012.06.27 13:03:33.736,1.24709,1.24719,2.25,1.88
2012.06.27 13:03:34.263,1.24709,1.24719,1.50,1.88
2012.06.27 13:03:34.816,1.24712,1.2472,1.50,3.68
2012.06.27 13:03:35.513,1.24711,1.2472,1.50,5.18
2012.06.27 13:03:37.029,1.24711,1.24718,6.53,1.13
2012.06.27 13:03:37.180,1.24711,1.24718,1.50,1.13
2012.06.27 13:03:37.326,1.24712,1.2472,1.50,2.18
2012.06.27 13:03:37.405,1.2471,1.24719,3.34,2.25
2012.06.27 13:03:37.966,1.2471,1.24719,3.00,2.55
2012.06.27 13:03:43.121,1.2471,1.24718,2.25,1.13
2012.06.27 13:03:43.672,1.2471,1.24718,1.50,1.13
2012.06.27 13:03:44.796,1.24708,1.24718,4.13,3.38
2012.06.27 13:03:45.343,1.24708,1.24718,4.13,4.13
2012.06.27 13:03:45.873,1.24708,1.24718,4.60,4.13
2012.06.27 13:03:46.435,1.2471,1.2472,1.22,3.30
2012.06.27 13:03:46.506,1.24712,1.2472,1.50,1.05
2012.06.27 13:03:46.655,1.2471,1.2472,1.22,2.55
2012.06.27 13:03:48.203,1.2471,1.2472,1.22,4.05
2012.06.27 13:03:50.652,1.24709,1.24719,3.47,1.13
2012.06.27 13:03:51.453,1.24709,1.24719,3.75,1.88
2012.06.27 13:03:52.161,1.24709,1.24719,4.50,1.13
2012.06.27 13:03:52.691,1.24711,1.24719,1.50,1.13
2012.06.27 13:03:54.294,1.24711,1.24719,1.50,1.88
2012.06.27 13:03:54.844,1.24709,1.24719,3.47,3.38
2012.06.27 13:03:55.955,1.24709,1.24718,3.38,1.05
2012.06.27 13:03:57.967,1.24709,1.24719,4.13,2.93
2012.06.27 13:03:58.044,1.2471,1.2472,1.22,1.80
2012.06.27 13:03:58.407,1.24718,1.24724,1.97,3.38
2012.06.27 13:03:58.626,1.24718,1.24725,4.60,1.50
2012.06.27 13:03:59.197,1.2472,1.24726,1.50,3.00
2012.06.27 13:03:59.277,1.2472,1.24725,1.50,7.50
2012.06.27 13:03:59.355,1.2472,1.24727,1.50,2.48
2012.06.27 13:04:00.113,1.24718,1.24727,3.85,2.48
2012.06.27 13:04:00.619,1.24718,1.24726,1.13,1.88
2012.06.27 13:04:01.123,1.24717,1.24726,3.47,1.13
2012.06.27 13:04:01.473,1.2472,1.24727,1.50,2.40
2012.06.27 13:04:04.816,1.2472,1.24725,1.50,1.65
2012.06.27 13:04:04.888,1.24718,1.24724,1.50,1.50
2012.06.27 13:04:05.460,1.24715,1.24724,1.50,4.57
2012.06.27 13:04:05.541,1.24717,1.24724,1.50,3.82
2012.06.27 13:04:07.066,1.24714,1.24724,3.47,3.15
2012.06.27 13:04:07.488,1.24716,1.24724,1.22,1.80
2012.06.27 13:04:07.705,1.24716,1.24725,1.22,2.55
2012.06.27 13:04:07.788,1.24719,1.24726,1.50,2.93
2012.06.27 13:04:07.938,1.24719,1.24727,2.25,5.03
2012.06.27 13:04:08.102,1.2472,1.24727,1.50,6.53
2012.06.27 13:04:08.180,1.24718,1.24724,1.22,3.75
2012.06.27 13:04:08.259,1.24717,1.24724,3.47,4.50
2012.06.27 13:04:08.822,1.24718,1.24725,1.50,1.73
2012.06.27 13:04:09.406,1.24718,1.24725,1.50,1.73
2012.06.27 13:04:09.982,1.24718,1.24725,1.50,1.73
2012.06.27 13:04:10.625,1.24718,1.24727,1.97,4.35
2012.06.27 13:04:10.768,1.24719,1.24727,1.50,3.68
2012.06.27 13:04:11.753,1.24719,1.24727,1.50,1.88
2012.06.27 13:04:12.295,1.24719,1.24727,1.50,1.88
2012.06.27 13:04:14.747,1.24719,1.24728,2.72,2.63
2012.06.27 13:04:14.895,1.24721,1.24728,1.50,1.88
2012.06.27 13:04:15.443,1.24721,1.24728,1.50,1.88
2012.06.27 13:04:16.142,1.24721,1.24727,1.50,1.13
2012.06.27 13:04:16.333,1.24719,1.24727,3.75,1.13
2012.06.27 13:04:16.614,1.24719,1.24727,1.50,1.88
2012.06.27 13:04:16.823,1.24719,1.24727,1.50,1.88
2012.06.27 13:04:17.375,1.24719,1.24727,1.50,1.13
2012.06.27 13:04:18.544,1.24719,1.24728,1.50,2.25
2012.06.27 13:04:20.194,1.24719,1.24728,1.50,4.13
2012.06.27 13:04:20.415,1.24719,1.24728,1.50,4.13
2012.06.27 13:04:20.965,1.2472,1.24728,1.50,4.73
2012.06.27 13:04:21.502,1.24719,1.24726,1.50,1.50
2012.06.27 13:04:22.253,1.24719,1.24727,1.50,1.50
2012.06.27 13:04:24.272,1.24719,1.24728,1.50,5.18
2012.06.27 13:04:24.815,1.24719,1.24728,1.50,5.48
2012.06.27 13:04:24.956,1.24723,1.24728,1.50,1.35
2012.06.27 13:04:25.244,1.24723,1.24729,1.50,3.00
2012.06.27 13:04:25.793,1.24723,1.24731,1.50,2.18
2012.06.27 13:04:26.420,1.24723,1.24731,1.50,1.43
2012.06.27 13:04:26.955,1.24721,1.24728,2.25,1.13
2012.06.27 13:04:27.177,1.24719,1.24728,4.60,1.13
2012.06.27 13:04:27.468,1.24718,1.24725,1.88,1.13
2012.06.27 13:04:27.824,1.24715,1.24721,1.50,1.13
2012.06.27 13:04:27.897,1.24712,1.24721,5.35,2.63
2012.06.27 13:04:28.406,1.24712,1.24721,1.50,3.38
2012.06.27 13:04:28.798,1.24713,1.24721,1.22,1.50
2012.06.27 13:04:29.155,1.24714,1.24721,1.97,1.50
2012.06.27 13:04:29.237,1.24716,1.24725,2.72,6.15
2012.06.27 13:04:29.811,1.24716,1.24725,2.72,4.88
2012.06.27 13:04:31.516,1.24716,1.24725,3.47,1.50
2012.06.27 13:04:31.883,1.24716,1.24725,3.47,1.50
2012.06.27 13:04:32.735,1.24716,1.24725,3.47,3.00
2012.06.27 13:04:33.014,1.24714,1.24723,3.47,2.25
2012.06.27 13:04:33.563,1.24714,1.24723,2.72,1.80
2012.06.27 13:04:34.186,1.24717,1.24725,1.50,2.55
2012.06.27 13:04:34.542,1.2472,1.24725,1.50,1.05
2012.06.27 13:04:35.396,1.2472,1.24726,1.50,1.05
2012.06.27 13:04:37.947,1.2472,1.24725,1.50,1.13
2012.06.27 13:04:38.304,1.24718,1.24725,1.50,1.13
2012.06.27 13:04:38.825,1.24718,1.24725,1.50,1.88
2012.06.27 13:04:39.365,1.24718,1.24723,1.50,1.13
2012.06.27 13:04:39.577,1.24716,1.24721,1.50,1.13
2012.06.27 13:04:39.655,1.24713,1.24721,2.25,1.13
2012.06.27 13:04:40.222,1.24713,1.24721,1.50,1.13
2012.06.27 13:04:41.284,1.24713,1.24719,1.50,1.13
2012.06.27 13:04:41.844,1.24712,1.24719,1.50,1.88
2012.06.27 13:04:42.646,1.24712,1.2472,1.50,2.63
2012.06.27 13:04:42.998,1.24712,1.2472,2.72,1.50
2012.06.27 13:04:43.301,1.24719,1.24725,1.50,3.79
2012.06.27 13:04:43.376,1.2472,1.24725,1.50,4.92
2012.06.27 13:04:43.667,1.2472,1.24727,1.50,1.50
2012.06.27 13:04:43.887,1.24722,1.24728,1.50,1.88
2012.06.27 13:04:44.236,1.2472,1.24728,1.50,1.88
2012.06.27 13:04:44.502,1.2472,1.24728,1.50,2.63
2012.06.27 13:04:45.737,1.2472,1.24725,1.50,1.35
2012.06.27 13:04:46.097,1.24714,1.24719,1.50,2.63
2012.06.27 13:04:46.687,1.24709,1.24718,2.72,3.75
2012.06.27 13:04:47.247,1.24709,1.24718,2.25,2.25
2012.06.27 13:04:47.322,1.24709,1.24718,2.25,2.25
2012.06.27 13:04:47.394,1.24709,1.24718,2.25,1.50
2012.06.27 13:04:47.813,1.24709,1.24718,2.25,3.30
2012.06.27 13:04:48.315,1.24709,1.24718,2.25,3.30
2012.06.27 13:04:48.653,1.24708,1.24717,1.50,3.38
2012.06.27 13:04:48.722,1.24708,1.24717,1.50,2.63
2012.06.27 13:04:48.934,1.24706,1.24716,4.22,1.50
2012.06.27 13:04:49.343,1.24707,1.24717,1.50,2.63
2012.06.27 13:04:49.905,1.24709,1.24717,1.50,1.13
2012.06.27 13:04:51.971,1.24706,1.24711,5.10,1.13
2012.06.27 13:04:52.116,1.24707,1.24714,1.50,1.50
2012.06.27 13:04:52.615,1.24702,1.24712,2.25,3.75
2012.06.27 13:04:53.115,1.24701,1.24709,2.35,1.50
2012.06.27 13:04:54.156,1.24701,1.24707,1.13,1.13
2012.06.27 13:04:54.805,1.24696,1.24703,1.56,1.50
2012.06.27 13:04:55.364,1.24696,1.24703,1.97,1.50
2012.06.27 13:04:55.715,1.24701,1.24706,1.43,2.55
2012.06.27 13:04:56.006,1.24701,1.24709,1.43,2.93
2012.06.27 13:04:56.632,1.24701,1.24709,1.43,1.13
2012.06.27 13:04:57.193,1.24701,1.2471,2.65,3.68
2012.06.27 13:04:57.732,1.24701,1.2471,2.18,3.68
2012.06.27 13:04:58.424,1.24701,1.24709,2.25,1.13
2012.06.27 13:05:00.728,1.24701,1.24708,1.50,1.88
2012.06.27 13:05:00.942,1.24699,1.24708,2.72,3.38
2012.06.27 13:05:01.474,1.24699,1.24708,2.72,3.38
2012.06.27 13:05:02.013,1.24699,1.24708,1.50,4.13
2012.06.27 13:05:02.573,1.24699,1.24708,2.25,4.13
2012.06.27 13:05:03.360,1.24699,1.24707,1.50,1.50
2012.06.27 13:05:03.508,1.24699,1.24704,1.50,1.13
2012.06.27 13:05:03.657,1.24695,1.24702,1.22,1.80
2012.06.27 13:05:03.809,1.24692,1.247,1.50,3.38
2012.06.27 13:05:04.029,1.24692,1.24698,2.25,1.50
2012.06.27 13:05:05.099,1.24691,1.24698,2.35,1.50
2012.06.27 13:05:05.460,1.24691,1.24696,2.35,1.50
2012.06.27 13:05:05.607,1.24691,1.24698,1.13,1.50
2012.06.27 13:05:06.154,1.2469,1.24699,1.60,4.43
2012.06.27 13:05:07.174,1.2469,1.24699,1.22,2.93
2012.06.27 13:05:07.794,1.2469,1.24699,1.22,2.63
2012.06.27 13:05:08.433,1.2469,1.24699,1.22,2.63
2012.06.27 13:05:08.967,1.2469,1.24699,1.97,2.63
2012.06.27 13:05:09.531,1.2469,1.24699,1.97,2.63
2012.06.27 13:05:10.328,1.2469,1.24699,1.97,2.63
2012.06.27 13:05:11.415,1.24691,1.24699,1.88,2.63
2012.06.27 13:05:11.801,1.24691,1.24699,1.88,2.63
2012.06.27 13:05:13.706,1.24692,1.247,1.22,2.25
2012.06.27 13:05:14.066,1.24696,1.24705,3.47,8.63
2012.06.27 13:05:14.837,1.24696,1.24705,1.97,2.93
2012.06.27 13:05:14.921,1.24693,1.24702,2.97,3.38
2012.06.27 13:05:14.998,1.24693,1.24701,3.72,1.50
2012.06.27 13:05:15.378,1.24691,1.24698,2.72,1.50
2012.06.27 13:05:15.461,1.24691,1.247,4.22,2.25
2012.06.27 13:05:16.025,1.24691,1.247,3.47,2.25
2012.06.27 13:05:16.303,1.24691,1.24698,1.97,1.50
2012.06.27 13:05:16.858,1.24692,1.24698,1.97,1.50
2012.06.27 13:05:17.009,1.24695,1.24702,1.97,3.00
2012.06.27 13:05:17.161,1.24696,1.24705,1.22,2.55
2012.06.27 13:05:17.240,1.24697,1.24705,2.72,1.05
2012.06.27 13:05:17.385,1.24697,1.24706,1.97,5.18
2012.06.27 13:05:18.003,1.24696,1.24704,1.22,1.50
2012.06.27 13:05:18.295,1.24697,1.24706,1.97,5.18
2012.06.27 13:05:18.853,1.24697,1.24706,1.97,5.93
2012.06.27 13:05:18.999,1.24698,1.24706,2.25,2.55
2012.06.27 13:05:19.546,1.24699,1.24707,1.50,1.05
2012.06.27 13:05:20.606,1.24699,1.24707,2.25,1.05
2012.06.27 13:05:21.163,1.24698,1.24707,2.25,1.05
2012.06.27 13:05:21.711,1.24698,1.24707,2.25,1.05
2012.06.27 13:05:22.055,1.24696,1.24703,2.25,1.13
2012.06.27 13:05:22.265,1.24696,1.24703,2.25,1.43
2012.06.27 13:05:22.803,1.24697,1.24703,1.50,1.43
2012.06.27 13:05:23.084,1.24695,1.24703,2.63,1.43
2012.06.27 13:05:23.233,1.24697,1.24703,1.50,1.43
2012.06.27 13:05:24.272,1.24693,1.24699,1.50,2.63
2012.06.27 13:05:24.375,1.24689,1.24697,1.60,1.50
2012.06.27 13:05:24.943,1.24689,1.24699,4.60,5.48
2012.06.27 13:05:25.493,1.24689,1.24698,3.85,1.88
2012.06.27 13:05:25.914,1.24691,1.24698,2.25,1.13
2012.06.27 13:05:26.059,1.24693,1.247,1.97,1.80
2012.06.27 13:05:26.346,1.24694,1.24702,1.50,1.13
2012.06.27 13:05:27.173,1.24694,1.24703,1.22,2.18
2012.06.27 13:05:27.459,1.24694,1.24701,1.22,1.50
2012.06.27 13:05:27.743,1.24691,1.247,1.22,2.93
2012.06.27 13:05:28.302,1.2469,1.24699,1.56,1.88
2012.06.27 13:05:28.794,1.2469,1.24697,2.31,1.50
2012.06.27 13:05:29.005,1.2469,1.24699,2.72,2.63
2012.06.27 13:05:31.906,1.2469,1.24699,3.00,2.63
2012.06.27 13:05:32.474,1.2469,1.24699,3.75,2.63
2012.06.27 13:05:33.342,1.2469,1.24698,1.22,1.50
2012.06.27 13:05:34.404,1.2469,1.24699,2.72,2.63
2012.06.27 13:05:36.663,1.24689,1.24697,3.10,1.50
2012.06.27 13:05:37.512,1.24689,1.24698,4.60,1.13
2012.06.27 13:05:37.872,1.24689,1.247,4.60,4.43
2012.06.27 13:05:38.012,1.24689,1.24699,4.60,1.50
2012.06.27 13:05:38.575,1.24689,1.24697,2.35,1.50
2012.06.27 13:05:41.062,1.2469,1.24698,1.50,1.43
2012.06.27 13:05:44.538,1.2469,1.24698,4.32,1.13
2012.06.27 13:05:45.108,1.24689,1.247,5.35,4.13
2012.06.27 13:05:46.343,1.2469,1.24699,1.13,1.50
2012.06.27 13:05:46.884,1.24691,1.24699,1.22,1.50
2012.06.27 13:05:49.325,1.24692,1.24699,4.37,1.50
2012.06.27 13:05:49.677,1.24696,1.24703,2.25,3.00
2012.06.27 13:05:49.965,1.24696,1.24703,1.50,2.25
2012.06.27 13:05:50.605,1.24696,1.24704,1.50,1.13
2012.06.27 13:05:51.164,1.24695,1.24704,1.97,1.88
2012.06.27 13:05:51.724,1.24695,1.24704,1.97,1.13
2012.06.27 13:05:52.285,1.24695,1.24704,3.47,1.88
2012.06.27 13:05:52.697,1.24695,1.24704,1.60,2.47
2012.06.27 13:05:52.915,1.24693,1.24702,5.35,2.25
2012.06.27 13:05:53.616,1.24693,1.24702,4.97,2.25
2012.06.27 13:05:54.295,1.24693,1.24702,3.47,2.25
2012.06.27 13:05:54.598,1.24698,1.24704,1.50,1.13
2012.06.27 13:05:55.095,1.24699,1.24706,2.25,2.63
2012.06.27 13:05:56.697,1.24699,1.24706,3.75,1.13
2012.06.27 13:05:57.794,1.24699,1.24708,3.00,3.38
2012.06.27 13:05:58.322,1.247,1.24708,1.50,3.38
2012.06.27 13:05:58.913,1.24699,1.24708,3.75,3.38
2012.06.27 13:05:59.443,1.24699,1.24708,3.75,3.38
2012.06.27 13:06:00.017,1.24699,1.24705,3.00,1.13
2012.06.27 13:06:00.522,1.24696,1.24707,5.72,4.43
2012.06.27 13:06:00.944,1.24697,1.24705,1.50,4.43
2012.06.27 13:06:01.436,1.24695,1.24704,1.13,1.50
2012.06.27 13:06:01.583,1.24694,1.24704,4.60,2.25
2012.06.27 13:06:02.275,1.24694,1.24703,3.85,1.50
2012.06.27 13:06:03.039,1.24694,1.24701,1.13,3.68
2012.06.27 13:06:03.191,1.24692,1.247,3.10,3.00
2012.06.27 13:06:03.808,1.24691,1.247,2.72,4.13
2012.06.27 13:06:06.453,1.24691,1.247,2.72,3.75
2012.06.27 13:06:07.333,1.24691,1.247,2.72,2.25
2012.06.27 13:06:07.547,1.24693,1.24702,3.75,2.55
2012.06.27 13:06:07.908,1.24694,1.24702,3.47,2.25
2012.06.27 13:06:07.986,1.24696,1.24704,2.25,2.55
2012.06.27 13:06:08.064,1.24696,1.24702,2.25,1.13
2012.06.27 13:06:08.414,1.24692,1.24699,2.25,6.75
2012.06.27 13:06:09.007,1.2469,1.24698,1.22,3.00
2012.06.27 13:06:09.093,1.24689,1.24698,1.22,3.00
2012.06.27 13:06:10.514,1.24688,1.24698,1.22,5.63
2012.06.27 13:06:14.932,1.24688,1.24698,1.97,4.80
2012.06.27 13:06:16.518,1.24689,1.24698,1.22,4.80
2012.06.27 13:06:17.119,1.24689,1.24698,1.22,4.80
2012.06.27 13:06:17.686,1.2469,1.24698,1.22,2.55
2012.06.27 13:06:17.836,1.24691,1.247,1.22,4.13
2012.06.27 13:06:19.427,1.24692,1.24701,3.47,3.30
2012.06.27 13:06:21.272,1.24692,1.24701,2.72,1.50
2012.06.27 13:06:21.986,1.24691,1.247,1.22,3.30
2012.06.27 13:06:22.135,1.24689,1.24699,4.00,2.63
2012.06.27 13:06:22.636,1.2469,1.24699,1.22,1.88
2012.06.27 13:06:23.165,1.24689,1.24699,3.25,1.43
2012.06.27 13:06:26.024,1.24689,1.24699,3.10,2.18
2012.06.27 13:06:26.793,1.24689,1.24699,3.85,2.18
2012.06.27 13:06:27.363,1.24689,1.24699,3.10,2.18
2012.06.27 13:06:28.345,1.24688,1.24697,4.60,1.50
2012.06.27 13:06:28.913,1.24688,1.24697,4.60,2.25
2012.06.27 13:06:31.421,1.24689,1.24697,1.13,1.50
2012.06.27 13:06:31.983,1.2469,1.24698,3.00,1.50
2012.06.27 13:06:35.273,1.24691,1.24699,1.50,3.75
2012.06.27 13:06:35.782,1.24692,1.24699,2.25,2.25
2012.06.27 13:06:36.334,1.2469,1.24699,1.97,3.30
2012.06.27 13:06:36.885,1.2469,1.24699,1.97,2.55
2012.06.27 13:06:38.763,1.2469,1.24699,1.97,2.55
2012.06.27 13:06:45.473,1.24691,1.24699,1.50,1.88
2012.06.27 13:06:45.619,1.24692,1.24701,3.47,5.77
2012.06.27 13:06:46.185,1.24692,1.24701,3.47,3.68
2012.06.27 13:06:49.214,1.24692,1.24701,2.72,2.55
2012.06.27 13:06:49.764,1.24692,1.247,2.72,1.05
2012.06.27 13:06:50.368,1.24692,1.24701,2.72,3.68
2012.06.27 13:06:51.399,1.24692,1.24701,2.25,3.68
2012.06.27 13:06:53.636,1.24692,1.24701,2.25,2.18
2012.06.27 13:06:54.164,1.24692,1.24701,3.00,2.93
2012.06.27 13:06:55.444,1.24692,1.247,2.25,1.13
2012.06.27 13:06:56.645,1.24692,1.247,1.50,1.88
2012.06.27 13:06:57.206,1.24689,1.24698,2.72,1.88
2012.06.27 13:06:57.580,1.24689,1.24698,2.35,1.13
2012.06.27 13:06:57.796,1.24692,1.24698,1.50,1.13
2012.06.27 13:06:58.299,1.24691,1.247,3.00,1.50
2012.06.27 13:06:58.863,1.24691,1.247,2.25,2.25
2012.06.27 13:06:59.482,1.24691,1.247,3.00,2.25
2012.06.27 13:07:00.032,1.2469,1.24699,1.22,3.00
2012.06.27 13:07:04.559,1.2469,1.24699,3.47,2.93
2012.06.27 13:07:05.395,1.2469,1.24699,2.72,1.88
2012.06.27 13:07:05.755,1.24689,1.24695,2.63,1.13
2012.06.27 13:07:06.144,1.24684,1.2469,2.25,1.73
2012.06.27 13:07:06.439,1.24682,1.24688,1.50,1.88
2012.06.27 13:07:06.800,1.24679,1.24688,4.15,3.38
2012.06.27 13:07:07.307,1.2468,1.24689,2.18,3.30
2012.06.27 13:07:07.857,1.24679,1.24689,4.97,3.00
2012.06.27 13:07:08.425,1.2468,1.24689,1.22,1.50
2012.06.27 13:07:08.973,1.24682,1.2469,1.22,1.80
2012.06.27 13:07:10.187,1.2468,1.24689,1.22,2.25
2012.06.27 13:07:10.789,1.2468,1.24689,1.22,1.50
2012.06.27 13:07:11.323,1.24681,1.2469,2.65,5.63
2012.06.27 13:07:11.827,1.24681,1.2469,1.22,3.38
2012.06.27 13:07:12.365,1.24681,1.2469,1.22,4.13
2012.06.27 13:07:12.912,1.24681,1.2469,1.22,3.38
2012.06.27 13:07:13.423,1.2468,1.24689,3.47,1.13
2012.06.27 13:07:14.533,1.2468,1.24689,3.47,5.63
2012.06.27 13:07:14.898,1.24681,1.24686,1.50,1.13
2012.06.27 13:07:14.981,1.24677,1.24682,1.50,5.18
2012.06.27 13:07:15.061,1.24671,1.24678,3.00,1.13
2012.06.27 13:07:15.136,1.24671,1.24678,3.00,1.13
2012.06.27 13:07:15.793,1.24671,1.24678,1.50,1.13
2012.06.27 13:07:16.237,1.24671,1.2468,3.00,1.88
2012.06.27 13:07:16.796,1.24671,1.24679,3.00,1.13
2012.06.27 13:07:16.865,1.2467,1.24676,1.50,1.35
2012.06.27 13:07:17.008,1.24669,1.24674,1.50,1.13
2012.06.27 13:07:17.156,1.24669,1.24676,1.50,5.63
2012.06.27 13:07:17.713,1.2467,1.24676,1.50,1.13
2012.06.27 13:07:18.223,1.2467,1.24678,3.00,2.18
2012.06.27 13:07:18.753,1.2467,1.24678,3.00,1.88
2012.06.27 13:07:19.273,1.24669,1.24678,1.22,4.13
2012.06.27 13:07:19.781,1.24669,1.24674,2.25,1.13
2012.06.27 13:07:19.883,1.24668,1.24677,2.72,4.88
2012.06.27 13:07:19.957,1.2467,1.24677,1.50,2.63
2012.06.27 13:07:20.528,1.2467,1.24679,1.50,3.30
2012.06.27 13:07:21.515,1.2467,1.24679,3.00,1.50
2012.06.27 13:07:21.655,1.24671,1.24679,1.22,1.50
2012.06.27 13:07:21.794,1.24674,1.24681,1.50,1.50
2012.06.27 13:07:22.074,1.24672,1.24681,1.50,2.63
2012.06.27 13:07:22.342,1.24672,1.24681,1.50,3.38
2012.06.27 13:07:22.919,1.24672,1.24681,1.43,9.52
2012.06.27 13:07:22.995,1.2467,1.24679,3.40,2.25
2012.06.27 13:07:24.624,1.2467,1.24676,1.43,1.13
2012.06.27 13:07:25.037,1.24672,1.24679,1.43,1.50
2012.06.27 13:07:25.323,1.2467,1.24676,1.43,1.13
2012.06.27 13:07:25.825,1.24668,1.24676,7.28,1.13
2012.06.27 13:07:26.385,1.24669,1.24675,2.93,1.13
2012.06.27 13:07:26.953,1.24669,1.24675,2.93,1.13
2012.06.27 13:07:28.515,1.24668,1.24676,3.00,1.13
2012.06.27 13:07:29.044,1.24667,1.24676,4.88,1.13
2012.06.27 13:07:29.678,1.24666,1.24676,1.50,4.88
2012.06.27 13:07:29.758,1.24665,1.24676,6.47,4.88
2012.06.27 13:07:30.048,1.24665,1.24674,3.75,3.23
2012.06.27 13:07:30.409,1.2466,1.24669,1.09,4.13
2012.06.27 13:07:30.771,1.24657,1.24667,2.25,1.88
2012.06.27 13:07:31.336,1.2466,1.24666,2.25,2.25
2012.06.27 13:07:31.810,1.24655,1.24666,1.50,6.00
2012.06.27 13:07:31.966,1.24659,1.24667,1.28,3.30
2012.06.27 13:07:32.202,1.24658,1.24667,5.35,3.00
2012.06.27 13:07:32.841,1.24658,1.24667,3.47,3.75
2012.06.27 13:07:33.404,1.24658,1.24667,2.72,3.00
2012.06.27 13:07:34.103,1.24658,1.24665,2.25,1.50
2012.06.27 13:07:35.744,1.24658,1.24666,1.50,1.50
2012.06.27 13:07:36.303,1.24659,1.24666,1.50,1.50
2012.06.27 13:07:38.275,1.24659,1.24665,1.50,2.25
2012.06.27 13:07:38.846,1.24658,1.24666,1.50,2.25
2012.06.27 13:07:40.175,1.24658,1.24666,2.25,2.25
2012.06.27 13:07:40.687,1.24658,1.24666,2.25,2.25
2012.06.27 13:07:40.836,1.2466,1.24668,2.25,1.88
2012.06.27 13:07:41.036,1.2466,1.24668,2.25,1.88
2012.06.27 13:07:42.024,1.2466,1.24668,2.25,2.63
2012.06.27 13:07:43.005,1.2466,1.24668,3.00,1.88
2012.06.27 13:07:43.159,1.24663,1.2467,1.97,5.25
2012.06.27 13:07:43.526,1.24664,1.24672,2.25,1.88
2012.06.27 13:07:43.749,1.24664,1.24672,2.25,1.88
2012.06.27 13:07:43.826,1.24664,1.2467,2.25,1.13
2012.06.27 13:07:44.175,1.24661,1.24668,1.50,1.13
2012.06.27 13:07:44.315,1.2466,1.24668,3.34,1.13
2012.06.27 13:07:44.454,1.2466,1.24668,2.59,1.13
2012.06.27 13:07:45.234,1.2466,1.24668,3.34,1.88
2012.06.27 13:07:45.793,1.2466,1.24668,2.25,1.88
2012.06.27 13:07:47.196,1.24658,1.24667,5.25,1.50
2012.06.27 13:07:47.752,1.2466,1.24668,2.25,1.13
2012.06.27 13:07:48.341,1.2466,1.24669,3.00,1.80
2012.06.27 13:07:48.989,1.2466,1.24669,3.00,1.50
2012.06.27 13:07:49.399,1.24665,1.24672,1.50,1.05
2012.06.27 13:07:49.498,1.24665,1.24673,4.50,1.13
2012.06.27 13:07:50.064,1.24668,1.24674,1.50,1.13
2012.06.27 13:07:50.556,1.24666,1.24674,1.50,1.13
2012.06.27 13:07:50.846,1.24666,1.24672,3.00,1.13
2012.06.27 13:07:51.495,1.24666,1.24675,2.25,2.63
2012.06.27 13:07:52.526,1.24665,1.2467,3.00,1.13
2012.06.27 13:07:52.617,1.24661,1.24667,1.97,1.50
2012.06.27 13:07:52.840,1.24661,1.24669,1.97,1.50
2012.06.27 13:07:53.403,1.24661,1.2467,3.47,2.93
2012.06.27 13:07:53.965,1.24661,1.24669,2.85,1.13
2012.06.27 13:07:57.325,1.24662,1.2467,1.50,1.05
2012.06.27 13:07:57.886,1.24663,1.24671,1.22,2.25
2012.06.27 13:07:58.257,1.24666,1.24673,1.50,2.25
2012.06.27 13:08:00.297,1.24666,1.24674,1.50,2.18
2012.06.27 13:08:00.377,1.24666,1.24673,1.50,2.93
2012.06.27 13:08:00.525,1.24666,1.24672,1.50,1.50
2012.06.27 13:08:00.600,1.24664,1.24672,3.47,1.50
2012.06.27 13:08:01.381,1.24662,1.24671,4.13,1.13
2012.06.27 13:08:01.466,1.24664,1.24671,3.00,1.88
2012.06.27 13:08:02.466,1.24666,1.24671,1.50,1.13
2012.06.27 13:08:02.815,1.24667,1.24677,3.75,2.63
2012.06.27 13:08:03.095,1.24669,1.24677,2.25,1.50
2012.06.27 13:08:05.634,1.24667,1.24678,4.13,4.05
2012.06.27 13:08:05.913,1.24667,1.24678,4.13,4.05
2012.06.27 13:08:07.979,1.24667,1.24673,2.63,1.13
2012.06.27 13:08:08.481,1.24665,1.24673,1.50,1.13
2012.06.27 13:08:09.036,1.24666,1.24673,2.25,1.13
2012.06.27 13:08:09.118,1.24668,1.24673,1.50,1.13
2012.06.27 13:08:09.273,1.2467,1.24676,1.50,1.13
2012.06.27 13:08:09.488,1.24668,1.24676,2.25,1.13
2012.06.27 13:08:10.399,1.24669,1.24676,2.25,1.13
2012.06.27 13:08:10.964,1.24669,1.24678,3.47,2.18
2012.06.27 13:08:12.226,1.24671,1.24678,2.25,1.43
2012.06.27 13:08:12.587,1.24674,1.24681,1.50,1.50
2012.06.27 13:08:13.153,1.24674,1.24682,1.50,3.75
2012.06.27 13:08:13.714,1.24673,1.24682,1.22,1.50
2012.06.27 13:08:14.124,1.24675,1.24681,2.10,1.13
2012.06.27 13:08:14.668,1.24676,1.24681,1.50,1.50
2012.06.27 13:08:14.759,1.24679,1.24689,1.22,5.03
2012.06.27 13:08:15.185,1.24679,1.24687,2.72,1.50
2012.06.27 13:08:15.463,1.24679,1.24689,1.97,5.63
2012.06.27 13:08:21.571,1.2468,1.24689,1.97,2.93
2012.06.27 13:08:22.133,1.24679,1.24688,2.25,5.25
2012.06.27 13:08:22.487,1.24678,1.24684,1.13,3.68
2012.06.27 13:08:22.848,1.24677,1.24683,1.05,4.50
2012.06.27 13:08:23.204,1.24675,1.24684,1.50,1.05
2012.06.27 13:08:23.273,1.24675,1.24682,1.50,3.00
2012.06.27 13:08:23.835,1.24674,1.24681,1.50,2.55
2012.06.27 13:08:24.621,1.24673,1.2468,6.10,5.10
2012.06.27 13:08:25.232,1.24672,1.24679,1.22,1.50
2012.06.27 13:08:25.322,1.24671,1.24679,2.72,1.50
2012.06.27 13:08:25.537,1.24667,1.24674,1.50,1.88
2012.06.27 13:08:25.895,1.24664,1.24674,2.72,3.38
2012.06.27 13:08:26.373,1.24665,1.24674,2.72,1.88
2012.06.27 13:08:26.727,1.24668,1.24677,4.22,2.63
2012.06.27 13:08:26.946,1.24671,1.24677,1.50,1.13
2012.06.27 13:08:27.615,1.24671,1.24678,1.50,1.13
2012.06.27 13:08:30.633,1.24671,1.24679,1.50,1.43
2012.06.27 13:08:30.932,1.24674,1.24682,4.50,5.25
2012.06.27 13:08:31.289,1.24681,1.24689,1.22,2.93
2012.06.27 13:08:31.370,1.24682,1.2469,1.50,3.90
2012.06.27 13:08:31.517,1.24683,1.2469,1.50,1.50
2012.06.27 13:08:31.950,1.24681,1.24689,2.63,2.03
2012.06.27 13:08:32.030,1.2468,1.24688,1.28,2.85
2012.06.27 13:08:32.248,1.24679,1.24685,2.03,1.13
2012.06.27 13:08:32.466,1.24679,1.24685,1.50,1.13
2012.06.27 13:08:32.747,1.24674,1.24679,8.33,1.13
2012.06.27 13:08:33.049,1.24673,1.24679,1.50,2.40
2012.06.27 13:08:33.126,1.24671,1.24679,1.50,3.90
2012.06.27 13:08:33.206,1.2467,1.24678,1.50,1.05
2012.06.27 13:08:33.633,1.24671,1.24676,1.50,1.80
2012.06.27 13:08:33.734,1.24664,1.24669,9.00,1.50
2012.06.27 13:08:33.878,1.2466,1.24669,1.13,1.50
2012.06.27 13:08:33.957,1.2466,1.2467,2.48,7.80
2012.06.27 13:08:34.037,1.2466,1.24669,1.50,1.05
2012.06.27 13:08:34.887,1.2466,1.24669,4.50,1.80
2012.06.27 13:08:34.972,1.24661,1.2467,2.48,1.13
2012.06.27 13:08:35.188,1.24665,1.24671,1.50,1.13
2012.06.27 13:08:35.755,1.24662,1.2467,2.25,2.63
2012.06.27 13:08:35.884,1.24662,1.2467,1.09,3.38
2012.06.27 13:08:36.657,1.24664,1.24673,1.50,3.68
2012.06.27 13:08:36.735,1.24664,1.24673,2.25,2.93
2012.06.27 13:08:37.297,1.24664,1.24675,3.47,10.80
2012.06.27 13:08:37.774,1.24663,1.24672,1.22,2.18
2012.06.27 13:08:37.844,1.24663,1.24672,1.22,2.18
2012.06.27 13:08:38.627,1.24664,1.24672,1.50,2.18
2012.06.27 13:08:39.194,1.24664,1.24673,3.47,1.50
2012.06.27 13:08:41.224,1.24664,1.24673,1.97,1.50
2012.06.27 13:08:41.366,1.24664,1.24675,2.72,4.95
2012.06.27 13:08:41.927,1.24664,1.24674,1.97,1.13
2012.06.27 13:08:42.442,1.24664,1.24674,2.25,1.88
2012.06.27 13:08:43.183,1.24665,1.24674,1.22,1.88
2012.06.27 13:08:43.954,1.24664,1.24673,2.72,1.88
2012.06.27 13:08:44.097,1.24664,1.24673,1.22,3.38
2012.06.27 13:08:44.633,1.24666,1.24673,1.22,2.25
2012.06.27 13:08:44.775,1.24666,1.24674,1.22,1.43
2012.06.27 13:08:45.335,1.24666,1.24675,1.22,3.38
2012.06.27 13:08:46.294,1.24666,1.24674,1.22,1.13
2012.06.27 13:08:46.905,1.24666,1.24674,1.22,1.13
2012.06.27 13:08:47.424,1.24666,1.24674,1.22,1.13
2012.06.27 13:08:48.189,1.24666,1.24674,1.22,1.13
2012.06.27 13:08:48.872,1.24665,1.24674,1.22,2.25
2012.06.27 13:08:49.426,1.24664,1.24671,1.50,1.88
2012.06.27 13:08:49.635,1.24662,1.2467,1.97,2.25
2012.06.27 13:08:49.856,1.24661,1.2467,2.63,5.47
2012.06.27 13:08:50.217,1.2466,1.24668,1.50,2.25
2012.06.27 13:08:50.735,1.24659,1.24666,1.22,1.50
2012.06.27 13:08:50.944,1.24658,1.24666,3.10,1.50
2012.06.27 13:08:51.795,1.24658,1.24666,2.35,1.50
2012.06.27 13:08:52.349,1.24659,1.24666,2.25,1.88
2012.06.27 13:08:52.685,1.24658,1.24666,1.60,2.25
2012.06.27 13:08:53.244,1.24659,1.24667,1.50,2.18
2012.06.27 13:08:54.006,1.2466,1.24668,1.22,1.50
2012.06.27 13:08:54.145,1.24659,1.24668,5.63,1.80
2012.06.27 13:08:54.217,1.24662,1.24669,1.50,1.88
2012.06.27 13:08:54.788,1.24665,1.24672,1.22,5.18
2012.06.27 13:08:54.870,1.24666,1.24673,1.22,1.50
2012.06.27 13:08:55.025,1.24668,1.24675,1.50,2.25
2012.06.27 13:08:55.178,1.24669,1.24676,1.50,1.50
2012.06.27 13:08:56.385,1.24668,1.24676,2.25,1.13
2012.06.27 13:08:57.302,1.24668,1.24675,1.50,1.13
2012.06.27 13:08:57.444,1.24668,1.24673,1.50,1.13
2012.06.27 13:08:57.796,1.24666,1.24673,3.00,1.13
2012.06.27 13:08:58.343,1.24667,1.24673,1.50,1.13
2012.06.27 13:08:58.808,1.24664,1.24671,4.84,1.13
2012.06.27 13:08:58.889,1.24663,1.24671,4.47,1.13
2012.06.27 13:08:59.040,1.24663,1.24669,1.50,1.13
2012.06.27 13:08:59.400,1.24659,1.24666,3.60,2.63
2012.06.27 13:08:59.619,1.24657,1.24664,1.84,1.50
2012.06.27 13:09:00.367,1.2465,1.24664,4.22,1.05
2012.06.27 13:09:01.126,1.24654,1.24662,1.97,1.50
2012.06.27 13:09:01.475,1.24654,1.24662,1.97,1.50
2012.06.27 13:09:01.686,1.24654,1.24662,2.72,1.50
2012.06.27 13:09:01.756,1.24654,1.2466,2.25,1.13
2012.06.27 13:09:02.108,1.24653,1.24658,1.50,2.25
2012.06.27 13:09:02.472,1.2465,1.24656,1.50,1.50
2012.06.27 13:09:02.978,1.24645,1.24656,4.90,1.50
2012.06.27 13:09:03.453,1.24646,1.24654,2.25,1.35
2012.06.27 13:09:03.817,1.24645,1.24651,1.77,1.13
2012.06.27 13:09:04.130,1.2464,1.24655,1.50,1.50
2012.06.27 13:09:04.214,1.2464,1.24653,1.22,2.25
2012.06.27 13:09:04.371,1.24642,1.24649,1.43,1.88
2012.06.27 13:09:04.682,1.24641,1.24648,1.50,7.17
2012.06.27 13:09:04.975,1.2464,1.24648,1.50,12.71
2012.06.27 13:09:05.047,1.24636,1.2465,1.82,5.06
2012.06.27 13:09:05.136,1.24637,1.24647,1.07,2.63
2012.06.27 13:09:05.225,1.24637,1.24646,1.82,3.00
2012.06.27 13:09:05.711,1.24636,1.24646,1.22,2.18
2012.06.27 13:09:05.967,1.24633,1.24647,1.22,1.88
2012.06.27 13:09:06.048,1.24632,1.24646,2.31,3.19
2012.06.27 13:09:06.274,1.24633,1.24643,2.54,1.50
2012.06.27 13:09:06.514,1.24633,1.24641,1.22,6.15
2012.06.27 13:09:06.606,1.24626,1.24634,1.97,1.73
2012.06.27 13:09:06.759,1.24627,1.24635,1.22,3.75
2012.06.27 13:09:06.908,1.24626,1.24635,1.50,5.70
2012.06.27 13:09:07.412,1.24626,1.24633,1.50,2.25
2012.06.27 13:09:07.555,1.24626,1.24634,1.97,3.60
2012.06.27 13:09:07.697,1.24626,1.24635,1.22,4.13
2012.06.27 13:09:08.197,1.24626,1.24635,1.97,2.18
2012.06.27 13:09:08.275,1.24625,1.24635,1.97,2.93
2012.06.27 13:09:08.806,1.24626,1.24633,1.97,2.18
2012.06.27 13:09:08.888,1.24626,1.24635,3.47,3.30
2012.06.27 13:09:09.455,1.24627,1.24635,1.50,3.30
2012.06.27 13:09:09.737,1.24629,1.24637,1.50,4.80
2012.06.27 13:09:10.306,1.24629,1.24637,1.50,3.30
2012.06.27 13:09:10.388,1.24628,1.24637,1.50,2.55
2012.06.27 13:09:10.756,1.24623,1.24634,3.00,4.35
2012.06.27 13:09:11.538,1.24621,1.24631,3.30,5.10
2012.06.27 13:09:11.626,1.24621,1.24631,3.30,2.85
2012.06.27 13:09:11.787,1.2462,1.2463,3.75,1.80
2012.06.27 13:09:12.347,1.24622,1.2463,2.25,1.80
2012.06.27 13:09:13.197,1.2462,1.24631,3.47,3.75
2012.06.27 13:09:13.698,1.24622,1.2463,2.72,1.05
2012.06.27 13:09:14.057,1.24628,1.24635,2.25,1.65
2012.06.27 13:09:14.211,1.24629,1.24637,2.25,2.55
2012.06.27 13:09:14.744,1.2463,1.24637,1.50,1.13
2012.06.27 13:09:15.354,1.2463,1.24638,1.50,1.43
2012.06.27 13:09:15.781,1.24628,1.24639,3.75,6.90
2012.06.27 13:09:16.141,1.24624,1.24634,5.55,1.43
2012.06.27 13:09:16.222,1.24624,1.24633,2.25,3.00
2012.06.27 13:09:16.303,1.24623,1.24631,1.50,1.88
2012.06.27 13:09:16.382,1.24622,1.24631,1.22,5.18
2012.06.27 13:09:16.806,1.24621,1.2463,1.97,2.63
2012.06.27 13:09:17.172,1.24623,1.24631,1.22,2.63
2012.06.27 13:09:17.249,1.24624,1.24631,1.97,2.63
2012.06.27 13:09:17.330,1.24624,1.24632,1.50,2.40
2012.06.27 13:09:17.858,1.24627,1.24634,2.72,1.50
2012.06.27 13:09:18.006,1.24627,1.24634,2.72,1.50
2012.06.27 13:09:18.509,1.24628,1.24634,1.97,1.13
2012.06.27 13:09:18.656,1.2463,1.24635,1.50,2.93
2012.06.27 13:09:19.007,1.24633,1.24638,1.50,2.93
2012.06.27 13:09:19.088,1.24633,1.24639,1.50,3.00
2012.06.27 13:09:19.869,1.2463,1.24639,3.47,1.50
2012.06.27 13:09:20.643,1.2463,1.24639,1.22,3.00
2012.06.27 13:09:21.188,1.24628,1.24639,5.72,3.00
2012.06.27 13:09:21.276,1.24625,1.24636,3.06,3.90
2012.06.27 13:09:21.635,1.24628,1.24636,1.50,1.50
2012.06.27 13:09:21.777,1.24626,1.24637,3.47,4.13
2012.06.27 13:09:22.141,1.24626,1.24634,1.50,4.88
2012.06.27 13:09:22.287,1.24625,1.24634,1.22,11.43
2012.06.27 13:09:22.363,1.24625,1.24632,1.22,3.38
2012.06.27 13:09:22.922,1.24623,1.24632,2.72,1.88
2012.06.27 13:09:23.546,1.24623,1.24632,1.50,1.13
2012.06.27 13:09:23.708,1.24623,1.24632,1.22,3.38
2012.06.27 13:09:24.277,1.24623,1.24632,1.97,2.63
2012.06.27 13:09:24.887,1.24624,1.24632,2.72,2.18
2012.06.27 13:09:25.050,1.24627,1.24633,1.22,2.55
2012.06.27 13:09:25.200,1.24625,1.24633,1.97,2.25
2012.06.27 13:09:25.757,1.24622,1.24631,2.25,2.25
2012.06.27 13:09:25.975,1.24623,1.24632,1.22,3.38
2012.06.27 13:09:26.258,1.24624,1.24632,2.72,1.88
2012.06.27 13:09:26.475,1.24624,1.24633,3.47,1.13
2012.06.27 13:09:26.687,1.24625,1.24633,1.50,1.13
2012.06.27 13:09:26.976,1.24624,1.24633,1.97,2.63
2012.06.27 13:09:27.617,1.24624,1.24633,1.22,4.13
2012.06.27 13:09:27.835,1.24623,1.24632,1.50,2.85
2012.06.27 13:09:27.908,1.24623,1.24632,1.50,3.60
2012.06.27 13:09:28.266,1.24622,1.24631,3.00,2.55
2012.06.27 13:09:28.837,1.24622,1.24631,3.00,1.80
2012.06.27 13:09:29.171,1.24627,1.24634,3.00,1.88
2012.06.27 13:09:29.250,1.24627,1.24636,3.75,5.40
2012.06.27 13:09:29.475,1.24627,1.24636,3.75,3.60
2012.06.27 13:09:30.035,1.24628,1.24638,2.25,3.90
2012.06.27 13:09:30.598,1.24631,1.24638,1.50,3.68
2012.06.27 13:09:30.959,1.24628,1.24636,3.75,1.57
2012.06.27 13:09:31.038,1.2463,1.24637,1.50,3.82
2012.06.27 13:09:31.606,1.24629,1.24638,1.50,5.02
2012.06.27 13:09:32.183,1.24628,1.24638,3.48,2.85
2012.06.27 13:09:32.796,1.24628,1.24638,1.98,2.10
2012.06.27 13:09:32.950,1.24625,1.24635,2.25,1.79
2012.06.27 13:09:33.515,1.24627,1.24635,1.23,3.00
2012.06.27 13:09:34.014,1.24627,1.24637,4.23,2.77
2012.06.27 13:09:34.159,1.24627,1.24637,2.73,1.72
2012.06.27 13:09:35.163,1.24627,1.24636,2.73,3.30
2012.06.27 13:09:36.015,1.24627,1.24636,5.28,3.00
2012.06.27 13:09:36.520,1.2463,1.24636,1.50,1.50
2012.06.27 13:09:37.084,1.2463,1.24638,2.25,2.25
2012.06.27 13:09:37.428,1.24632,1.24638,1.50,1.50
2012.06.27 13:09:37.716,1.2463,1.24638,1.50,1.50
2012.06.27 13:09:38.265,1.24629,1.24639,4.50,4.12
2012.06.27 13:09:38.803,1.2463,1.2464,2.28,4.88
2012.06.27 13:09:39.916,1.24629,1.2464,2.73,6.67
2012.06.27 13:09:40.195,1.24629,1.24638,3.48,1.50
2012.06.27 13:09:40.755,1.24632,1.2464,2.73,1.43
2012.06.27 13:09:40.972,1.24632,1.24641,4.98,2.25
2012.06.27 13:09:41.261,1.24636,1.24643,1.98,2.18
2012.06.27 13:09:41.688,1.24638,1.24645,1.23,2.25
2012.06.27 13:09:41.905,1.24638,1.24647,1.23,2.55
2012.06.27 13:09:42.469,1.2464,1.24648,1.23,2.25
2012.06.27 13:09:42.830,1.24639,1.24648,1.50,4.50
2012.06.27 13:09:43.329,1.24638,1.24648,1.50,4.13
2012.06.27 13:09:44.072,1.24637,1.24646,2.73,1.50
2012.06.27 13:09:44.426,1.24634,1.24644,3.07,3.00
2012.06.27 13:09:45.328,1.24635,1.24643,1.50,2.25
2012.06.27 13:09:45.690,1.24642,1.2465,2.73,3.75
2012.06.27 13:09:45.837,1.24645,1.24652,1.50,1.58
2012.06.27 13:09:45.917,1.24643,1.24652,2.73,3.08
2012.06.27 13:09:46.067,1.24641,1.24652,4.53,4.50
2012.06.27 13:09:46.149,1.24641,1.24652,5.28,5.02
2012.06.27 13:09:46.717,1.24643,1.24652,1.50,6.15
2012.06.27 13:09:47.242,1.24641,1.24651,1.23,3.00
2012.06.27 13:09:47.747,1.2464,1.24648,1.50,3.00
2012.06.27 13:09:48.248,1.24644,1.24651,1.50,3.30
2012.06.27 13:09:48.329,1.24641,1.24647,1.68,1.50
2012.06.27 13:09:48.544,1.2464,1.24645,1.50,1.50
2012.06.27 13:09:48.627,1.24641,1.24647,1.23,1.50
2012.06.27 13:09:49.136,1.24641,1.24646,2.25,1.13
2012.06.27 13:09:50.414,1.24641,1.24649,2.25,3.00
2012.06.27 13:09:50.605,1.24641,1.24649,2.25,3.00
2012.06.27 13:09:53.382,1.2464,1.24649,3.75,3.75
2012.06.27 13:09:56.989,1.24639,1.24645,2.25,2.63
2012.06.27 13:09:57.139,1.24638,1.24645,1.88,3.38
2012.06.27 13:09:57.288,1.24638,1.24645,1.50,2.25
2012.06.27 13:09:57.855,1.24637,1.24644,1.50,1.50
2012.06.27 13:09:58.207,1.24632,1.24639,2.25,1.50
2012.06.27 13:09:58.427,1.2463,1.24639,3.75,2.25
2012.06.27 13:09:58.939,1.2463,1.24639,3.00,2.63
2012.06.27 13:09:59.495,1.2463,1.24638,3.00,1.13
2012.06.27 13:10:00.057,1.24629,1.24636,2.63,1.13
2012.06.27 13:10:01.946,1.24631,1.24637,1.09,2.63
2012.06.27 13:10:02.308,1.24632,1.24638,1.09,1.50
2012.06.27 13:10:02.384,1.24632,1.24641,1.57,4.43
2012.06.27 13:10:03.807,1.24632,1.2464,1.09,1.13
2012.06.27 13:10:06.534,1.24631,1.24638,1.23,1.50
2012.06.27 13:10:06.943,1.24629,1.24638,1.61,1.13
2012.06.27 13:10:07.485,1.24629,1.24638,1.61,1.13
2012.06.27 13:10:08.043,1.24628,1.24638,1.61,1.88
2012.06.27 13:10:08.605,1.24628,1.24638,2.36,1.88
2012.06.27 13:10:09.241,1.24629,1.24639,1.61,1.88
2012.06.27 13:10:09.603,1.24628,1.24636,1.98,1.05
2012.06.27 13:10:10.376,1.24632,1.24638,2.85,1.13
2012.06.27 13:10:10.739,1.24635,1.24643,2.73,2.03
2012.06.27 13:10:11.304,1.24636,1.24643,1.23,2.03
2012.06.27 13:10:11.864,1.24636,1.24643,1.23,2.25
2012.06.27 13:10:12.459,1.24635,1.24643,2.73,2.63
2012.06.27 13:10:13.305,1.24635,1.24643,2.73,1.88
2012.06.27 13:10:13.518,1.24633,1.24642,2.10,3.00
2012.06.27 13:10:13.669,1.24633,1.2464,1.50,1.50
2012.06.27 13:10:13.755,1.24634,1.2464,1.50,1.50
2012.06.27 13:10:13.838,1.24633,1.2464,1.23,1.50
2012.06.27 13:10:14.201,1.24631,1.2464,3.00,3.23
2012.06.27 13:10:14.276,1.24631,1.24641,3.00,3.00
2012.06.27 13:10:14.360,1.2463,1.24638,1.23,2.10
2012.06.27 13:10:14.438,1.24631,1.24638,1.50,2.55
2012.06.27 13:10:14.586,1.2463,1.24638,1.50,3.68
2012.06.27 13:10:14.657,1.24628,1.24638,3.00,5.93
2012.06.27 13:10:15.214,1.24626,1.24636,1.50,1.88
2012.06.27 13:10:15.920,1.24626,1.24636,1.50,1.88
2012.06.27 13:10:16.209,1.24625,1.24635,1.61,8.10
2012.06.27 13:10:16.848,1.24624,1.24634,1.23,3.30
2012.06.27 13:10:17.405,1.24625,1.24634,1.23,3.30
2012.06.27 13:10:20.085,1.24624,1.24632,2.25,1.88
2012.06.27 13:10:20.606,1.24625,1.24632,2.73,1.50
2012.06.27 13:10:20.695,1.24627,1.24634,1.50,1.50
2012.06.27 13:10:21.046,1.24625,1.24635,3.48,1.50
2012.06.27 13:10:21.584,1.24625,1.24635,4.23,1.50
2012.06.27 13:10:21.797,1.24627,1.24636,1.50,3.30
2012.06.27 13:10:22.154,1.24625,1.24635,2.73,6.15
2012.06.27 13:10:22.833,1.24625,1.24634,1.98,7.80
2012.06.27 13:10:23.394,1.24623,1.24633,1.98,3.70
2012.06.27 13:10:24.423,1.24623,1.24632,1.98,2.55
2012.06.27 13:10:24.777,1.24626,1.24635,1.98,6.68
2012.06.27 13:10:24.856,1.24626,1.24635,2.73,6.30
2012.06.27 13:10:25.405,1.24626,1.24635,2.73,1.80
2012.06.27 13:10:25.827,1.24626,1.24635,1.23,2.55
2012.06.27 13:10:26.255,1.24626,1.24636,1.23,6.30
2012.06.27 13:10:26.749,1.24622,1.24632,3.75,4.80
2012.06.27 13:10:26.825,1.2462,1.2463,2.36,1.13
2012.06.27 13:10:27.247,1.24619,1.24627,1.23,1.50
2012.06.27 13:10:28.235,1.2462,1.24628,1.98,2.55
2012.06.27 13:10:28.386,1.2462,1.24629,1.98,3.38
2012.06.27 13:10:29.033,1.24621,1.24629,1.50,1.50
2012.06.27 13:10:29.119,1.24624,1.24631,1.23,1.80
2012.06.27 13:10:29.198,1.24623,1.24632,1.23,2.25
2012.06.27 13:10:29.763,1.24624,1.24633,1.50,2.55
2012.06.27 13:10:29.976,1.24623,1.2463,2.25,1.50
2012.06.27 13:10:30.196,1.24622,1.24629,2.73,1.50
2012.06.27 13:10:31.154,1.24622,1.24627,1.23,1.50
2012.06.27 13:10:31.987,1.24621,1.2463,1.98,2.63
2012.06.27 13:10:32.688,1.24621,1.2463,1.23,5.18
2012.06.27 13:10:32.905,1.24621,1.2463,1.98,5.18
2012.06.27 13:10:33.422,1.24621,1.2463,3.48,3.38
2012.06.27 13:10:34.727,1.24621,1.2463,3.00,2.25
2012.06.27 13:10:35.087,1.2462,1.24629,1.23,4.80
2012.06.27 13:10:35.645,1.24619,1.24627,1.98,1.50
2012.06.27 13:10:36.013,1.24622,1.24629,1.08,4.05
2012.06.27 13:10:36.506,1.24622,1.2463,1.50,1.13
2012.06.27 13:10:37.268,1.24623,1.24632,1.50,6.38
2012.06.27 13:10:37.696,1.24621,1.24631,3.07,2.25
2012.06.27 13:10:38.128,1.24622,1.24631,1.50,3.68
2012.06.27 13:10:38.208,1.24622,1.24631,1.50,2.63
2012.06.27 13:10:38.355,1.24622,1.24631,4.50,2.63
2012.06.27 13:10:39.423,1.24624,1.24631,2.25,1.13
2012.06.27 13:10:39.706,1.24625,1.24633,2.73,1.50
2012.06.27 13:10:39.785,1.24625,1.24635,4.23,3.00
2012.06.27 13:10:40.348,1.24626,1.24636,1.50,4.05
2012.06.27 13:10:40.706,1.24628,1.24637,1.61,2.55
2012.06.27 13:10:41.255,1.24635,1.2464,1.50,1.50
2012.06.27 13:10:41.420,1.24635,1.24645,4.50,3.00
2012.06.27 13:10:41.854,1.24635,1.24641,3.75,1.13
2012.06.27 13:10:42.071,1.24633,1.2464,1.35,1.80
2012.06.27 13:10:42.148,1.2463,1.24639,3.19,2.18
2012.06.27 13:10:42.302,1.24629,1.24638,4.92,3.00
2012.06.27 13:10:42.865,1.24627,1.24638,2.10,1.50
2012.06.27 13:10:43.313,1.24627,1.24638,1.50,4.05
2012.06.27 13:10:44.363,1.24627,1.24638,1.50,3.30
2012.06.27 13:10:44.874,1.2463,1.24639,2.25,3.00
2012.06.27 13:10:45.180,1.24631,1.24639,1.23,4.43
2012.06.27 13:10:45.397,1.24633,1.24639,2.82,1.13
2012.06.27 13:10:45.481,1.24633,1.2464,1.98,5.25
2012.06.27 13:10:45.628,1.24633,1.24642,3.67,4.50
2012.06.27 13:10:45.709,1.24635,1.24642,3.00,4.50
2012.06.27 13:10:46.001,1.24635,1.24643,2.25,2.25
2012.06.27 13:10:46.079,1.24636,1.24644,2.48,1.50
2012.06.27 13:10:46.576,1.24636,1.24646,2.96,2.63
2012.06.27 13:10:47.134,1.24636,1.24647,4.08,5.85
2012.06.27 13:10:47.857,1.24639,1.24645,1.23,1.50
2012.06.27 13:10:48.229,1.24639,1.24647,3.75,2.25
2012.06.27 13:10:48.307,1.2464,1.24647,1.08,1.50
2012.06.27 13:10:48.460,1.2464,1.24649,2.58,3.00
2012.06.27 13:10:49.028,1.24641,1.2465,3.33,1.50
2012.06.27 13:10:49.108,1.24643,1.2465,5.10,1.50
2012.06.27 13:10:49.395,1.24643,1.24651,1.46,2.25
2012.06.27 13:10:50.476,1.24643,1.24652,3.60,1.88
2012.06.27 13:10:50.836,1.24644,1.24653,2.85,1.88
2012.06.27 13:10:50.978,1.24645,1.24653,4.88,1.13
2012.06.27 13:10:51.419,1.24652,1.24659,1.80,1.13
2012.06.27 13:10:52.548,1.24652,1.24661,3.98,1.50
2012.06.27 13:10:53.376,1.24652,1.24662,3.38,4.13
2012.06.27 13:10:54.533,1.24653,1.24662,1.13,3.38
2012.06.27 13:10:55.072,1.24653,1.24661,1.13,1.13
2012.06.27 13:10:55.664,1.24652,1.24662,2.48,3.38
2012.06.27 13:10:56.017,1.24654,1.24661,2.25,1.88
2012.06.27 13:10:56.376,1.24653,1.24661,1.73,4.13
2012.06.27 13:10:56.664,1.24653,1.24661,1.61,1.50
2012.06.27 13:10:57.224,1.24653,1.24663,3.11,2.25
2012.06.27 13:10:57.784,1.24653,1.24661,1.13,1.50
2012.06.27 13:10:58.196,1.24653,1.24661,1.13,1.50
2012.06.27 13:10:58.616,1.24653,1.24662,3.38,1.13
2012.06.27 13:10:59.162,1.24653,1.24661,1.13,1.50
2012.06.27 13:11:00.325,1.24653,1.24661,1.98,1.50
2012.06.27 13:11:00.469,1.24655,1.24664,2.25,1.13
2012.06.27 13:11:00.969,1.24655,1.24662,2.25,1.13
2012.06.27 13:11:01.187,1.24653,1.24662,2.25,2.63
2012.06.27 13:11:01.756,1.24652,1.24661,4.13,2.25
2012.06.27 13:11:01.967,1.24654,1.24661,1.23,1.50
2012.06.27 13:11:02.257,1.24654,1.24663,4.08,4.13
2012.06.27 13:11:02.617,1.24656,1.24665,2.73,4.13
2012.06.27 13:11:03.185,1.24656,1.24665,2.73,3.00
2012.06.27 13:11:03.691,1.24657,1.24667,2.25,3.68
2012.06.27 13:11:05.389,1.24657,1.24667,3.00,1.50
2012.06.27 13:11:06.756,1.24658,1.24667,1.50,2.63
2012.06.27 13:11:07.306,1.24657,1.24666,1.88,2.25
2012.06.27 13:11:07.773,1.24658,1.24667,3.00,3.38
2012.06.27 13:11:08.311,1.24658,1.24667,3.00,3.38
2012.06.27 13:11:08.387,1.24658,1.24667,3.00,3.38
2012.06.27 13:11:08.665,1.24659,1.24667,1.35,3.38
2012.06.27 13:11:09.201,1.24663,1.2467,1.50,1.50
2012.06.27 13:11:09.747,1.24663,1.24671,1.50,1.13
2012.06.27 13:11:10.317,1.2466,1.24667,3.34,1.88
2012.06.27 13:11:10.540,1.24659,1.24667,1.09,2.63
2012.06.27 13:11:11.505,1.24658,1.24665,2.25,1.13
2012.06.27 13:11:12.064,1.24658,1.24666,2.25,1.13
2012.06.27 13:11:13.003,1.24658,1.24666,3.00,1.13
2012.06.27 13:11:13.553,1.24657,1.24666,2.73,3.00
2012.06.27 13:11:14.841,1.24657,1.24665,2.25,1.13
2012.06.27 13:11:15.973,1.24657,1.24666,3.48,2.63
2012.06.27 13:11:16.766,1.24657,1.24666,2.73,1.88
2012.06.27 13:11:17.113,1.24657,1.24665,1.23,2.25
2012.06.27 13:11:18.043,1.24656,1.24665,2.73,2.18
2012.06.27 13:11:19.085,1.24656,1.24664,1.50,1.80
2012.06.27 13:11:19.457,1.24653,1.24658,1.50,1.43
2012.06.27 13:11:20.031,1.24649,1.24655,3.68,2.25
2012.06.27 13:11:20.114,1.24648,1.24656,2.25,1.43
2012.06.27 13:11:20.676,1.24648,1.24657,2.25,2.63
2012.06.27 13:11:21.224,1.24648,1.24657,2.25,3.30
2012.06.27 13:11:21.977,1.24648,1.24657,2.25,3.30
2012.06.27 13:11:22.873,1.24648,1.24657,2.25,4.05
2012.06.27 13:11:23.424,1.24647,1.24657,3.38,2.93
2012.06.27 13:11:23.563,1.24647,1.24657,3.38,2.93
2012.06.27 13:11:24.245,1.24647,1.24657,3.38,3.60
2012.06.27 13:11:24.812,1.24647,1.24657,4.13,3.60
2012.06.27 13:11:25.363,1.24647,1.24657,3.38,2.18
2012.06.27 13:11:25.895,1.24647,1.24657,3.38,2.77
2012.06.27 13:11:25.968,1.24647,1.24654,3.38,1.13
2012.06.27 13:11:26.328,1.24643,1.2465,2.25,1.13
2012.06.27 13:11:26.476,1.24641,1.2465,6.78,2.63
2012.06.27 13:11:27.024,1.24641,1.2465,3.75,2.63
2012.06.27 13:11:27.915,1.24641,1.2465,4.50,1.50
2012.06.27 13:11:29.074,1.24641,1.24648,5.25,1.13
2012.06.27 13:11:29.285,1.24641,1.2465,7.61,1.50
2012.06.27 13:11:29.355,1.24641,1.2465,7.98,1.50
2012.06.27 13:11:29.425,1.24643,1.24652,1.50,2.93
2012.06.27 13:11:30.033,1.24642,1.24652,2.25,2.18
2012.06.27 13:11:30.693,1.24641,1.2465,3.75,1.13
2012.06.27 13:11:31.374,1.24641,1.2465,2.25,1.88
2012.06.27 13:11:31.655,1.24641,1.2465,3.00,1.13
2012.06.27 13:11:32.073,1.24643,1.24652,1.50,3.30
2012.06.27 13:11:35.480,1.24641,1.2465,2.25,1.80
2012.06.27 13:11:35.903,1.24641,1.24646,3.00,1.13
2012.06.27 13:11:36.457,1.24639,1.24646,1.50,1.13
2012.06.27 13:11:37.025,1.24637,1.24646,4.98,2.63
2012.06.27 13:11:37.777,1.24637,1.24646,3.75,2.63
2012.06.27 13:11:38.403,1.24638,1.24646,1.50,1.13
2012.06.27 13:11:38.532,1.24638,1.24646,2.25,1.88
2012.06.27 13:11:38.605,1.24638,1.24646,2.25,1.88
2012.06.27 13:11:38.887,1.24635,1.24646,2.73,4.13
2012.06.27 13:11:38.966,1.24635,1.24645,1.98,1.05
2012.06.27 13:11:39.933,1.24635,1.24644,2.73,2.55
2012.06.27 13:11:40.513,1.2463,1.24643,1.98,1.88
2012.06.27 13:11:41.073,1.24634,1.24643,2.73,1.13
2012.06.27 13:11:41.615,1.24635,1.24644,1.50,1.50
2012.06.27 13:11:43.272,1.24635,1.24644,2.25,1.50
2012.06.27 13:11:43.844,1.24635,1.24644,1.50,1.50
2012.06.27 13:11:45.327,1.24635,1.24644,1.50,2.25
2012.06.27 13:11:46.028,1.24635,1.24644,1.50,3.00
2012.06.27 13:11:46.105,1.24635,1.24642,1.50,1.50
2012.06.27 13:11:46.176,1.24636,1.24644,2.25,1.50
2012.06.27 13:11:46.765,1.24636,1.24644,2.25,1.80
2012.06.27 13:11:47.426,1.24636,1.24645,4.13,1.50
2012.06.27 13:11:47.495,1.24637,1.24645,1.50,1.50
2012.06.27 13:11:47.846,1.24637,1.24645,2.25,1.50
2012.06.27 13:11:47.918,1.24637,1.24645,3.00,1.50
2012.06.27 13:11:48.067,1.24638,1.24646,1.88,1.13
2012.06.27 13:11:48.208,1.2464,1.24648,1.50,2.63
2012.06.27 13:11:48.358,1.24641,1.24648,1.50,1.88
2012.06.27 13:11:48.716,1.24643,1.24651,1.50,2.25
2012.06.27 13:11:49.143,1.24645,1.24653,1.50,2.55
2012.06.27 13:11:49.290,1.24647,1.24653,1.23,2.55
2012.06.27 13:11:49.368,1.2465,1.24655,1.23,1.88
2012.06.27 13:11:49.760,1.24653,1.2466,2.73,3.38
2012.06.27 13:11:49.856,1.24653,1.2466,4.61,2.63
2012.06.27 13:11:50.294,1.24652,1.2466,4.09,1.88
2012.06.27 13:11:50.855,1.24648,1.24659,1.77,4.50
2012.06.27 13:11:51.275,1.24649,1.24656,1.50,1.13
2012.06.27 13:11:51.487,1.24647,1.24654,4.61,1.50
2012.06.27 13:11:51.625,1.24649,1.24656,2.25,2.63
2012.06.27 13:11:52.584,1.24649,1.24656,3.75,1.13
2012.06.27 13:11:53.430,1.24649,1.24656,3.00,1.13
2012.06.27 13:11:53.715,1.2465,1.24658,2.25,1.88
2012.06.27 13:11:55.456,1.2465,1.24658,2.25,1.88
2012.06.27 13:11:56.073,1.24654,1.2466,1.50,1.43
2012.06.27 13:11:56.430,1.24657,1.24665,2.25,3.38
2012.06.27 13:11:56.578,1.24657,1.24663,1.50,1.50
2012.06.27 13:11:56.661,1.24659,1.24665,2.25,1.13
2012.06.27 13:11:56.874,1.24657,1.24665,3.00,1.13
2012.06.27 13:11:57.752,1.24659,1.24665,1.50,1.13
2012.06.27 13:11:57.835,1.24657,1.24665,1.50,1.88
2012.06.27 13:11:58.036,1.24657,1.24665,2.25,2.63
2012.06.27 13:11:58.467,1.24657,1.24664,1.50,1.13
2012.06.27 13:11:58.618,1.24655,1.24664,1.88,3.75
2012.06.27 13:11:58.767,1.24652,1.24662,3.00,3.30
2012.06.27 13:11:58.848,1.24652,1.24661,1.50,1.50
2012.06.27 13:11:59.344,1.2465,1.24658,1.50,1.50
2012.06.27 13:11:59.759,1.2465,1.24658,1.50,1.50
2012.06.27 13:11:59.979,1.24648,1.24656,1.13,2.25
2012.06.27 13:12:00.410,1.24646,1.24654,2.25,1.50
2012.06.27 13:12:00.483,1.24646,1.24654,2.25,1.50
2012.06.27 13:12:00.893,1.24647,1.24654,1.50,1.50
2012.06.27 13:12:01.492,1.24653,1.24658,3.75,2.63
2012.06.27 13:12:01.781,1.24652,1.24659,3.75,1.50
2012.06.27 13:12:01.857,1.24653,1.24663,1.50,2.55
2012.06.27 13:12:01.935,1.24653,1.24663,1.50,2.55
2012.06.27 13:12:02.919,1.24653,1.24662,5.48,1.50
2012.06.27 13:12:03.137,1.24655,1.24662,2.63,1.50
2012.06.27 13:12:03.567,1.24652,1.2466,1.50,1.50
2012.06.27 13:12:03.645,1.24653,1.2466,1.50,1.50
2012.06.27 13:12:03.988,1.24651,1.2466,3.00,3.00
2012.06.27 13:12:04.841,1.24651,1.24661,2.25,4.43
2012.06.27 13:12:05.636,1.24651,1.24661,1.50,3.68
2012.06.27 13:12:06.273,1.24652,1.24661,2.25,3.38
2012.06.27 13:12:06.625,1.2465,1.24659,2.25,1.50
2012.06.27 13:12:07.184,1.24651,1.2466,3.38,2.63
2012.06.27 13:12:08.359,1.24653,1.24662,1.50,5.40
2012.06.27 13:12:08.903,1.24653,1.24662,2.25,3.90
2012.06.27 13:12:09.491,1.24653,1.24662,2.25,3.30
2012.06.27 13:12:10.808,1.24653,1.2466,1.50,1.50
2012.06.27 13:12:11.165,1.24651,1.24656,1.50,1.50
2012.06.27 13:12:11.306,1.24649,1.24656,4.50,1.50
2012.06.27 13:12:11.517,1.24649,1.24654,4.50,1.50
2012.06.27 13:12:11.947,1.24646,1.24654,1.50,1.50
2012.06.27 13:12:12.235,1.24646,1.24656,3.00,2.10
2012.06.27 13:12:12.449,1.24646,1.24656,3.00,2.10
2012.06.27 13:12:12.836,1.24647,1.24656,1.50,1.35
2012.06.27 13:12:12.998,1.24651,1.2466,5.25,5.03
2012.06.27 13:12:13.359,1.24653,1.24661,1.50,2.25
2012.06.27 13:12:13.927,1.24652,1.24663,4.69,6.90
2012.06.27 13:12:14.358,1.24651,1.24658,1.47,1.50
2012.06.27 13:12:14.646,1.24649,1.24658,4.50,2.55
2012.06.27 13:12:15.043,1.24647,1.24656,8.07,1.50
2012.06.27 13:12:15.921,1.24645,1.24651,6.60,1.50
2012.06.27 13:12:15.998,1.24645,1.24651,2.85,1.50
2012.06.27 13:12:16.078,1.24646,1.24653,2.25,1.50
2012.06.27 13:12:16.157,1.24647,1.24656,1.50,1.43
2012.06.27 13:12:16.238,1.24647,1.24656,2.63,1.13
2012.06.27 13:12:16.591,1.24649,1.24657,2.25,1.05
2012.06.27 13:12:18.209,1.24649,1.24658,3.23,3.68
2012.06.27 13:12:18.357,1.24649,1.2466,5.63,2.55
2012.06.27 13:12:18.437,1.24651,1.2466,1.50,1.80
2012.06.27 13:12:18.807,1.24655,1.24661,4.50,1.80
2012.06.27 13:12:19.096,1.24656,1.24664,1.50,1.43
2012.06.27 13:12:19.655,1.24655,1.24663,3.75,1.50
2012.06.27 13:12:21.426,1.24654,1.24663,6.75,1.50
2012.06.27 13:12:22.174,1.24654,1.24663,6.00,3.00
2012.06.27 13:12:22.902,1.24654,1.24663,6.00,3.00
2012.06.27 13:12:23.557,1.24655,1.24666,6.75,5.25
2012.06.27 13:12:23.833,1.24656,1.24666,1.50,3.75
2012.06.27 13:12:24.382,1.24655,1.24666,7.88,3.75
2012.06.27 13:12:24.926,1.24655,1.24666,8.63,3.75
2012.06.27 13:12:25.454,1.24655,1.24666,7.13,3.75
2012.06.27 13:12:25.793,1.24657,1.24666,1.77,2.25
2012.06.27 13:12:26.214,1.24659,1.24667,1.09,3.15
2012.06.27 13:12:26.306,1.24664,1.24673,1.50,1.88
2012.06.27 13:12:26.387,1.24664,1.24673,2.25,1.13
2012.06.27 13:12:26.535,1.24663,1.24673,6.00,2.63
2012.06.27 13:12:27.084,1.24662,1.24672,2.63,1.50
2012.06.27 13:12:27.949,1.24662,1.24671,1.50,1.50
2012.06.27 13:12:28.304,1.2466,1.24668,5.63,2.25
2012.06.27 13:12:30.442,1.24661,1.24669,1.50,1.50
2012.06.27 13:12:31.281,1.24664,1.2467,1.50,3.75
2012.06.27 13:12:31.378,1.24666,1.24675,1.50,1.80
2012.06.27 13:12:31.462,1.24667,1.24677,7.50,2.63
2012.06.27 13:12:31.816,1.2467,1.24678,1.50,2.55
2012.06.27 13:12:32.152,1.24668,1.24678,4.50,4.05
2012.06.27 13:12:33.345,1.24668,1.24678,4.50,3.00
2012.06.27 13:12:33.887,1.24669,1.24678,3.75,3.00
2012.06.27 13:12:39.124,1.24669,1.2468,6.38,5.93
2012.06.27 13:12:39.193,1.2467,1.2468,1.50,5.18
2012.06.27 13:12:39.953,1.2467,1.2468,1.50,4.43
2012.06.27 13:12:40.517,1.24671,1.2468,2.25,2.93
2012.06.27 13:12:40.654,1.24671,1.24679,2.25,4.50
2012.06.27 13:12:41.320,1.24668,1.24674,6.00,1.50
2012.06.27 13:12:41.410,1.24668,1.24677,4.50,1.50
2012.06.27 13:12:41.965,1.24669,1.24677,5.25,1.50
2012.06.27 13:12:42.035,1.24669,1.24677,3.75,2.25
2012.06.27 13:12:42.563,1.24669,1.24677,3.75,2.25
2012.06.27 13:12:44.447,1.24666,1.24673,3.75,1.43
2012.06.27 13:12:44.596,1.24665,1.24673,1.50,1.43
2012.06.27 13:12:45.283,1.24665,1.24674,2.25,3.60
2012.06.27 13:12:47.121,1.24665,1.24674,2.25,3.00
2012.06.27 13:12:48.023,1.24665,1.24673,5.25,1.50
2012.06.27 13:12:48.304,1.24665,1.24673,5.25,1.50
2012.06.27 13:12:50.119,1.24665,1.2467,5.25,1.50
2012.06.27 13:12:50.269,1.24661,1.24669,1.50,1.50
2012.06.27 13:12:50.770,1.2466,1.24666,3.75,1.50
2012.06.27 13:12:51.054,1.2466,1.24668,3.75,3.00
2012.06.27 13:12:51.265,1.2466,1.24666,3.75,1.50
2012.06.27 13:12:52.815,1.2466,1.24666,3.75,2.25
2012.06.27 13:12:53.362,1.2466,1.24666,3.75,1.50
2012.06.27 13:12:55.084,1.2466,1.24669,3.75,4.80
2012.06.27 13:12:55.825,1.2466,1.24667,3.75,1.50
2012.06.27 13:12:55.968,1.24658,1.24667,5.25,2.25
2012.06.27 13:12:56.117,1.24656,1.24666,6.00,1.05
2012.06.27 13:12:56.334,1.24656,1.24664,4.50,2.25
2012.06.27 13:12:56.873,1.24656,1.24664,4.50,2.25
2012.06.27 13:12:57.854,1.24656,1.24664,5.25,2.25
2012.06.27 13:12:58.280,1.24658,1.24666,3.75,3.75
2012.06.27 13:12:58.923,1.24658,1.24666,3.75,3.00
2012.06.27 13:12:59.453,1.24659,1.24666,1.50,1.50
2012.06.27 13:13:01.105,1.24659,1.24666,3.00,1.50
2012.06.27 13:13:01.443,1.24661,1.24669,3.75,1.50
2012.06.27 13:13:01.725,1.24661,1.24669,5.25,1.50
2012.06.27 13:13:01.795,1.24661,1.24669,3.75,1.50
2012.06.27 13:13:02.353,1.24661,1.24668,1.50,1.50
2012.06.27 13:13:03.994,1.24661,1.24669,1.50,4.80
2012.06.27 13:13:04.543,1.24661,1.24669,1.50,5.55
2012.06.27 13:13:06.561,1.24661,1.24669,1.50,3.30
2012.06.27 13:13:07.074,1.24661,1.2467,1.50,4.50
2012.06.27 13:13:07.875,1.24661,1.2467,1.50,5.25
2012.06.27 13:13:08.565,1.24661,1.2467,1.50,4.50
2012.06.27 13:13:08.642,1.24661,1.2467,1.50,4.50
2012.06.27 13:13:09.397,1.24661,1.2467,1.50,4.50
2012.06.27 13:13:10.433,1.24661,1.2467,1.50,4.50
2012.06.27 13:13:11.034,1.24661,1.2467,1.50,5.25
2012.06.27 13:13:11.586,1.24662,1.2467,5.25,3.30
2012.06.27 13:13:11.985,1.24662,1.2467,1.50,2.55
2012.06.27 13:13:12.607,1.24663,1.2467,1.50,1.50
2012.06.27 13:13:15.455,1.24663,1.24669,1.50,2.44
2012.06.27 13:13:15.526,1.24661,1.24667,2.25,2.25
2012.06.27 13:13:15.681,1.24656,1.24665,1.50,3.75
2012.06.27 13:13:15.756,1.24657,1.24665,3.75,2.25
2012.06.27 13:13:15.897,1.24657,1.24664,3.75,1.50
2012.06.27 13:13:16.047,1.24654,1.24662,1.88,2.25
2012.06.27 13:13:16.605,1.24654,1.24662,2.25,1.50
2012.06.27 13:13:16.884,1.24656,1.24664,1.50,2.93
2012.06.27 13:13:16.955,1.24656,1.24664,1.50,2.18
2012.06.27 13:13:17.378,1.24657,1.24666,1.50,2.93
2012.06.27 13:13:17.456,1.24659,1.24666,1.50,2.93
2012.06.27 13:13:17.910,1.24657,1.24666,5.25,2.25
2012.06.27 13:13:18.435,1.24657,1.24666,5.25,3.00
2012.06.27 13:13:18.997,1.24658,1.24665,1.50,2.85
2012.06.27 13:13:19.351,1.2466,1.24666,1.50,2.55
2012.06.27 13:13:19.775,1.24658,1.24667,5.25,3.75
2012.06.27 13:13:19.914,1.24658,1.24667,5.25,4.50
2012.06.27 13:13:21.128,1.24658,1.24667,5.25,3.00
2012.06.27 13:13:21.754,1.24658,1.24667,1.50,4.05
2012.06.27 13:13:22.274,1.24658,1.24667,1.50,4.50
2012.06.27 13:13:22.343,1.24658,1.24667,1.50,4.50
2012.06.27 13:13:22.412,1.24658,1.24667,1.50,3.75
2012.06.27 13:13:22.994,1.24658,1.24667,2.25,3.75
2012.06.27 13:13:23.063,1.24658,1.24667,2.25,5.25
2012.06.27 13:13:23.654,1.24658,1.24667,2.25,5.25
2012.06.27 13:13:27.622,1.24658,1.24665,1.50,1.50
2012.06.27 13:13:28.707,1.24658,1.24666,2.25,1.50
2012.06.27 13:13:29.233,1.24658,1.24666,1.50,1.50
2012.06.27 13:13:31.316,1.24658,1.24666,1.50,1.50
2012.06.27 13:13:36.063,1.24658,1.24667,2.25,4.05
2012.06.27 13:13:36.134,1.24661,1.24667,3.75,2.25
2012.06.27 13:13:36.631,1.24662,1.2467,6.75,1.50
2012.06.27 13:13:37.185,1.24663,1.24671,1.50,1.50
2012.06.27 13:13:38.456,1.24662,1.24671,6.00,3.00
2012.06.27 13:13:38.875,1.24662,1.2467,5.25,1.50
2012.06.27 13:13:39.433,1.24663,1.24669,1.50,1.50
2012.06.27 13:13:43.665,1.24663,1.24671,1.50,3.00
2012.06.27 13:13:44.224,1.24663,1.24671,1.50,3.00
2012.06.27 13:13:46.806,1.24661,1.2467,3.75,1.50
2012.06.27 13:13:47.157,1.24659,1.24667,1.13,2.25
2012.06.27 13:13:47.657,1.24658,1.24665,6.00,1.50
2012.06.27 13:13:48.536,1.24659,1.24667,1.50,1.50
2012.06.27 13:13:49.183,1.24659,1.24668,1.50,3.00
2012.06.27 13:13:49.674,1.24661,1.24668,1.50,1.50
2012.06.27 13:13:49.749,1.24659,1.24668,2.25,1.50
2012.06.27 13:13:50.425,1.24659,1.24669,6.00,1.50
2012.06.27 13:13:50.965,1.24659,1.24669,6.75,1.50
2012.06.27 13:13:51.475,1.2466,1.24669,1.50,1.50
2012.06.27 13:13:52.202,1.24659,1.24669,6.75,3.00
2012.06.27 13:13:52.764,1.24659,1.24669,6.75,3.00
2012.06.27 13:13:53.323,1.24659,1.24669,6.75,2.25
2012.06.27 13:13:54.493,1.24659,1.24669,6.75,2.25
2012.06.27 13:13:54.879,1.24666,1.24671,3.75,3.90
2012.06.27 13:13:55.097,1.24666,1.24671,3.75,2.25
2012.06.27 13:13:55.237,1.24664,1.24674,1.50,5.85
2012.06.27 13:13:55.803,1.24666,1.24674,3.75,1.50
2012.06.27 13:13:56.347,1.24667,1.24675,3.75,3.00
2012.06.27 13:13:56.924,1.24667,1.24675,3.75,2.25
2012.06.27 13:13:57.988,1.24667,1.24675,3.75,2.25
2012.06.27 13:13:58.533,1.24667,1.24675,3.75,2.25
2012.06.27 13:13:59.511,1.24667,1.24673,3.75,1.50
2012.06.27 13:13:59.865,1.24666,1.24674,1.50,2.10
2012.06.27 13:14:00.216,1.24665,1.24674,3.75,2.25
2012.06.27 13:14:00.346,1.24667,1.24674,3.75,2.25
2012.06.27 13:14:00.898,1.24668,1.24676,4.50,1.50
2012.06.27 13:14:01.047,1.2467,1.24677,1.50,1.50
2012.06.27 13:14:01.127,1.2467,1.24679,1.50,4.13
2012.06.27 13:14:01.757,1.2467,1.24679,2.25,2.63
2012.06.27 13:14:02.263,1.2467,1.24679,2.25,3.38
2012.06.27 13:14:03.585,1.2467,1.24678,1.50,1.50
2012.06.27 13:14:03.655,1.24669,1.24675,4.50,1.50
2012.06.27 13:14:04.084,1.24666,1.24676,4.88,4.05
2012.06.27 13:14:04.158,1.24668,1.24676,1.50,2.55
2012.06.27 13:14:04.674,1.24668,1.24676,1.50,1.50
2012.06.27 13:14:05.734,1.24668,1.24677,1.50,3.75
2012.06.27 13:14:06.798,1.24665,1.24675,3.75,4.27
2012.06.27 13:14:06.948,1.24668,1.24675,1.50,2.55
2012.06.27 13:14:07.164,1.24666,1.24675,6.00,1.50
2012.06.27 13:14:07.576,1.24667,1.24675,1.50,2.25
2012.06.27 13:14:07.649,1.24669,1.24677,1.50,2.85
2012.06.27 13:14:08.685,1.24664,1.24671,1.13,3.75
2012.06.27 13:14:08.837,1.24662,1.24669,1.95,1.50
2012.06.27 13:14:09.126,1.24661,1.24669,5.25,1.50
2012.06.27 13:14:09.666,1.24661,1.24669,3.75,1.88
2012.06.27 13:14:10.195,1.24661,1.24669,3.75,3.38
2012.06.27 13:14:11.327,1.24661,1.24669,3.75,3.38
2012.06.27 13:14:11.805,1.24661,1.24669,3.75,3.75
2012.06.27 13:14:12.214,1.24661,1.24668,3.75,1.65
2012.06.27 13:14:12.707,1.24658,1.24668,3.75,1.05
2012.06.27 13:14:12.866,1.2466,1.24668,1.50,2.25
2012.06.27 13:14:13.494,1.2466,1.24669,2.25,3.30
2012.06.27 13:14:14.035,1.2466,1.24669,6.00,2.55
2012.06.27 13:14:15.097,1.24661,1.24669,1.50,2.55
2012.06.27 13:14:15.655,1.24663,1.24672,1.50,4.05
2012.06.27 13:14:16.065,1.24661,1.24672,8.25,4.80
2012.06.27 13:14:16.557,1.24663,1.24672,2.25,2.55
2012.06.27 13:14:17.099,1.24664,1.24674,2.25,3.38
2012.06.27 13:14:17.654,1.24666,1.24675,6.00,3.90
2012.06.27 13:14:18.205,1.24666,1.24674,5.25,4.32
2012.06.27 13:14:18.484,1.24663,1.24673,6.75,2.55
2012.06.27 13:14:19.944,1.24663,1.24673,3.00,1.80
2012.06.27 13:14:20.226,1.24665,1.24674,7.50,1.80
2012.06.27 13:14:20.297,1.24666,1.24675,1.50,2.25
2012.06.27 13:14:20.514,1.24667,1.24677,7.50,3.75
2012.06.27 13:14:21.054,1.24668,1.24677,1.50,1.50
2012.06.27 13:14:21.125,1.24668,1.24677,1.50,1.50
2012.06.27 13:14:23.410,1.24667,1.24677,6.75,1.80
2012.06.27 13:14:23.951,1.24668,1.24677,1.50,1.80
2012.06.27 13:14:26.527,1.24669,1.24678,1.13,3.30
2012.06.27 13:14:26.745,1.24669,1.24678,1.50,2.55
2012.06.27 13:14:26.883,1.24669,1.24678,1.47,3.30
2012.06.27 13:14:27.086,1.2467,1.24678,1.50,2.25
2012.06.27 13:14:29.698,1.24669,1.24678,1.50,1.50
2012.06.27 13:14:30.214,1.2467,1.24678,1.50,1.50
2012.06.27 13:14:30.774,1.2467,1.24678,1.50,1.50
2012.06.27 13:14:31.116,1.24668,1.24675,3.75,3.68
2012.06.27 13:14:31.677,1.24667,1.24674,1.50,2.25
2012.06.27 13:14:31.963,1.24667,1.24677,2.25,4.05
2012.06.27 13:14:33.494,1.24667,1.24677,3.00,3.00
2012.06.27 13:14:34.146,1.24667,1.24677,3.00,2.25
2012.06.27 13:14:34.714,1.24667,1.24677,3.00,3.75
2012.06.27 13:14:35.346,1.24667,1.24677,2.25,5.63
2012.06.27 13:14:37.604,1.24666,1.24675,6.75,2.25
2012.06.27 13:14:37.956,1.24662,1.24668,4.50,1.50
2012.06.27 13:14:38.315,1.24661,1.24666,1.50,1.50
2012.06.27 13:14:38.389,1.2466,1.24668,1.50,3.00
2012.06.27 13:14:38.536,1.24659,1.24669,6.00,4.05
2012.06.27 13:14:38.615,1.24659,1.24669,5.25,3.30
2012.06.27 13:14:39.175,1.24659,1.24669,6.75,3.30
2012.06.27 13:14:39.806,1.24659,1.24669,6.75,2.55
2012.06.27 13:14:40.025,1.24659,1.24669,9.60,1.50
2012.06.27 13:14:40.377,1.24664,1.24672,1.50,4.05
2012.06.27 13:14:42.407,1.24662,1.2467,5.25,1.80
2012.06.27 13:14:42.546,1.24661,1.24669,2.59,1.05
2012.06.27 13:14:42.835,1.2466,1.24669,2.63,2.55
2012.06.27 13:14:43.602,1.2466,1.24669,2.63,2.55
2012.06.27 13:14:44.134,1.2466,1.24669,2.63,2.55
2012.06.27 13:14:45.748,1.2466,1.24669,1.88,3.30
2012.06.27 13:14:47.063,1.24658,1.24668,7.50,3.00
2012.06.27 13:14:47.575,1.24658,1.24667,6.00,1.50
2012.06.27 13:14:48.057,1.24656,1.24666,4.88,4.80
2012.06.27 13:14:48.606,1.24656,1.24666,1.50,5.55
2012.06.27 13:14:49.142,1.24657,1.24666,1.50,3.00
2012.06.27 13:14:50.537,1.24657,1.24666,2.25,3.00
2012.06.27 13:14:51.063,1.24657,1.24666,2.25,3.00
2012.06.27 13:14:53.404,1.24658,1.24666,1.50,1.50
2012.06.27 13:14:53.548,1.24655,1.24664,2.25,1.50
2012.06.27 13:14:53.626,1.24655,1.24664,1.50,3.15
2012.06.27 13:14:53.850,1.24656,1.24662,2.25,1.50
2012.06.27 13:14:54.206,1.24654,1.24663,3.00,3.00
2012.06.27 13:14:54.745,1.24655,1.24663,1.50,1.50
2012.06.27 13:14:57.230,1.24652,1.24658,3.00,1.50
2012.06.27 13:14:58.066,1.24654,1.24662,1.50,3.00
2012.06.27 13:14:58.691,1.24654,1.24662,1.50,3.00
2012.06.27 13:14:59.222,1.24654,1.24661,1.50,1.50
2012.06.27 13:14:59.755,1.24654,1.24662,1.50,3.00
2012.06.27 13:15:00.535,1.24652,1.24661,1.50,3.00
2012.06.27 13:15:00.605,1.24651,1.24661,2.25,3.00
2012.06.27 13:15:00.680,1.24651,1.24659,2.25,1.50
2012.06.27 13:15:01.223,1.2465,1.24659,2.25,2.25
2012.06.27 13:15:02.245,1.2465,1.24657,2.25,1.50
2012.06.27 13:15:02.387,1.24649,1.24658,1.50,1.50
2012.06.27 13:15:02.669,1.24649,1.24654,1.50,1.50
2012.06.27 13:15:03.136,1.24647,1.24655,2.25,1.50
2012.06.27 13:15:03.206,1.24647,1.24653,1.50,1.50
2012.06.27 13:15:03.347,1.24645,1.24653,1.88,1.50
2012.06.27 13:15:03.419,1.24646,1.24655,1.50,3.75
2012.06.27 13:15:03.495,1.24647,1.24655,1.50,3.00
2012.06.27 13:15:03.927,1.24645,1.24653,3.75,1.50
2012.06.27 13:15:04.132,1.24645,1.24656,5.25,4.50
2012.06.27 13:15:04.696,1.24645,1.24655,4.50,3.30
2012.06.27 13:15:05.316,1.24645,1.24653,3.75,1.50
2012.06.27 13:15:05.988,1.24645,1.24653,1.50,1.50
2012.06.27 13:15:06.488,1.24644,1.24651,2.25,1.50
2012.06.27 13:15:07.532,1.24641,1.24647,1.50,1.35
2012.06.27 13:15:07.890,1.2464,1.24647,1.65,3.75
2012.06.27 13:15:07.968,1.24639,1.24647,2.40,1.50
2012.06.27 13:15:08.049,1.24637,1.24648,3.00,3.23
2012.06.27 13:15:08.613,1.24637,1.24646,1.50,2.10
2012.06.27 13:15:08.754,1.2463,1.24639,1.50,1.50
2012.06.27 13:15:08.828,1.2463,1.24639,2.25,1.50
2012.06.27 13:15:09.401,1.24635,1.24641,2.85,2.55
2012.06.27 13:15:09.617,1.24636,1.24642,2.25,1.50
2012.06.27 13:15:10.321,1.24634,1.24643,3.75,1.50
2012.06.27 13:15:10.526,1.24634,1.24643,4.50,1.50
2012.06.27 13:15:11.063,1.24635,1.24643,1.50,2.85
2012.06.27 13:15:11.415,1.24634,1.24643,3.00,3.60
2012.06.27 13:15:11.699,1.24635,1.24643,1.50,2.10
2012.06.27 13:15:11.915,1.24635,1.24643,2.25,1.50
2012.06.27 13:15:12.339,1.24639,1.24645,1.13,1.13
2012.06.27 13:15:12.710,1.24643,1.24648,1.50,2.25
2012.06.27 13:15:12.790,1.24644,1.24651,1.50,3.75
2012.06.27 13:15:13.843,1.24643,1.24652,3.00,2.25
2012.06.27 13:15:14.197,1.24642,1.24652,1.58,3.60
2012.06.27 13:15:14.407,1.2464,1.24649,3.75,1.35
2012.06.27 13:15:14.486,1.2464,1.2465,2.25,3.60
2012.06.27 13:15:15.415,1.24639,1.2465,4.80,4.50
2012.06.27 13:15:15.625,1.2464,1.24649,1.50,2.25
2012.06.27 13:15:16.382,1.24639,1.24648,2.25,1.50
2012.06.27 13:15:16.915,1.24639,1.24648,1.50,2.18
2012.06.27 13:15:17.570,1.24638,1.24645,3.75,1.35
2012.06.27 13:15:18.219,1.24636,1.24642,1.50,1.50
2012.06.27 13:15:18.332,1.24633,1.24642,1.50,4.80
2012.06.27 13:15:18.615,1.2463,1.2464,2.25,1.50
2012.06.27 13:15:19.174,1.24629,1.2464,7.13,2.70
2012.06.27 13:15:19.725,1.24629,1.2464,5.63,1.50
2012.06.27 13:15:19.795,1.24629,1.24636,3.00,1.50
2012.06.27 13:15:20.149,1.24625,1.24634,1.09,9.75
2012.06.27 13:15:20.301,1.24624,1.24633,1.50,2.40
2012.06.27 13:15:20.379,1.2462,1.24631,2.97,4.50
2012.06.27 13:15:20.878,1.24614,1.24628,4.88,3.00
2012.06.27 13:15:21.437,1.24617,1.24627,1.50,1.80
2012.06.27 13:15:22.282,1.24616,1.24625,4.13,1.50
2012.06.27 13:15:22.835,1.24617,1.24625,1.50,1.50
2012.06.27 13:15:23.189,1.24617,1.24622,2.25,1.05
2012.06.27 13:15:23.409,1.2461,1.24622,3.00,1.05
2012.06.27 13:15:23.946,1.24613,1.24624,2.25,1.50
2012.06.27 13:15:24.158,1.24616,1.24625,2.93,3.30
2012.06.27 13:15:24.667,1.24616,1.24625,2.93,3.00
2012.06.27 13:15:24.945,1.24616,1.24625,1.50,2.55
2012.06.27 13:15:25.159,1.24616,1.24626,1.50,3.68
2012.06.27 13:15:25.374,1.24615,1.24625,2.25,1.50
2012.06.27 13:15:26.087,1.24617,1.24625,1.50,1.50
2012.06.27 13:15:26.592,1.24617,1.24627,2.25,2.55
2012.06.27 13:15:26.945,1.24617,1.24624,2.25,1.50
2012.06.27 13:15:27.487,1.24617,1.24625,1.50,1.50
2012.06.27 13:15:28.084,1.24617,1.24625,1.50,1.50
2012.06.27 13:15:28.612,1.24617,1.24626,3.00,2.55
2012.06.27 13:15:29.106,1.24616,1.24624,1.13,4.80
2012.06.27 13:15:29.325,1.24614,1.24624,3.00,4.05
2012.06.27 13:15:29.469,1.24615,1.24625,3.00,5.55
2012.06.27 13:15:30.328,1.24616,1.24625,1.50,7.05
2012.06.27 13:15:30.415,1.24614,1.24623,1.50,1.13
2012.06.27 13:15:30.962,1.24613,1.24623,1.50,1.13
2012.06.27 13:15:32.808,1.24612,1.24622,3.75,1.20
2012.06.27 13:15:32.890,1.24612,1.24621,3.75,1.50
2012.06.27 13:15:33.108,1.2461,1.24621,1.50,2.55
2012.06.27 13:15:33.188,1.24609,1.2462,1.50,7.50
2012.06.27 13:15:34.036,1.24608,1.24619,1.84,1.43
2012.06.27 13:15:34.393,1.24615,1.24621,1.50,2.25
2012.06.27 13:15:34.485,1.24615,1.24623,2.25,1.05
2012.06.27 13:15:34.627,1.24615,1.24624,3.00,2.55
2012.06.27 13:15:35.197,1.24615,1.24624,2.25,4.80
2012.06.27 13:15:35.770,1.24615,1.24624,1.50,1.80
2012.06.27 13:15:35.987,1.24614,1.24624,1.50,1.13
2012.06.27 13:15:36.209,1.24613,1.24621,1.09,2.25
2012.06.27 13:15:36.293,1.2461,1.2462,1.50,3.26
2012.06.27 13:15:36.441,1.24609,1.24618,2.25,6.00
2012.06.27 13:15:36.658,1.24608,1.24618,1.50,9.38
2012.06.27 13:15:37.217,1.24608,1.24617,1.88,1.50
2012.06.27 13:15:37.658,1.24612,1.24618,1.50,1.50
2012.06.27 13:15:37.748,1.24612,1.24619,1.50,1.50
2012.06.27 13:15:37.897,1.24614,1.24622,1.50,4.13
2012.06.27 13:15:37.980,1.24613,1.24622,3.38,1.88
2012.06.27 13:15:38.406,1.24612,1.24623,2.25,6.00
2012.06.27 13:15:38.828,1.24614,1.24623,2.25,2.25
2012.06.27 13:15:39.186,1.24614,1.24621,1.50,1.05
2012.06.27 13:15:39.266,1.24612,1.24621,2.25,2.55
2012.06.27 13:15:39.826,1.24611,1.24621,3.00,1.80
2012.06.27 13:15:40.037,1.2461,1.2462,1.84,1.50
2012.06.27 13:15:40.254,1.24611,1.24621,1.50,1.80
2012.06.27 13:15:40.885,1.24611,1.24621,2.25,1.50
2012.06.27 13:15:40.962,1.24612,1.24622,1.50,2.63
2012.06.27 13:15:41.108,1.24612,1.2462,1.50,1.05
2012.06.27 13:15:41.257,1.24612,1.24622,1.50,4.43
2012.06.27 13:15:41.408,1.24614,1.24622,1.50,2.93
2012.06.27 13:15:41.968,1.24614,1.24622,1.50,3.38
2012.06.27 13:15:42.535,1.24614,1.24622,1.50,2.63
2012.06.27 13:15:42.984,1.24613,1.24621,1.50,2.25
2012.06.27 13:15:43.124,1.24613,1.24621,2.25,2.25
2012.06.27 13:15:43.476,1.2461,1.24619,2.25,1.05
2012.06.27 13:15:43.559,1.2461,1.24619,1.50,1.05
2012.06.27 13:15:44.055,1.2461,1.24619,2.25,3.30
2012.06.27 13:15:44.475,1.24613,1.2462,1.50,1.05
2012.06.27 13:15:44.825,1.24613,1.24619,1.50,1.80
2012.06.27 13:15:45.314,1.24611,1.24619,1.50,2.25
2012.06.27 13:15:46.073,1.24611,1.24621,3.00,2.55
2012.06.27 13:15:46.631,1.24611,1.2462,2.25,1.80
2012.06.27 13:15:47.189,1.24611,1.2462,1.50,1.50
2012.06.27 13:15:47.466,1.24609,1.2462,1.50,3.00
2012.06.27 13:15:47.759,1.24607,1.24619,5.18,3.30
2012.06.27 13:15:50.165,1.24607,1.24618,3.75,5.18
2012.06.27 13:15:50.520,1.246,1.24613,2.25,5.25
2012.06.27 13:15:50.877,1.24601,1.24609,1.50,6.38
2012.06.27 13:15:51.092,1.24602,1.24609,1.50,2.25
2012.06.27 13:15:51.381,1.24603,1.24612,3.94,3.38
2012.06.27 13:15:52.027,1.24604,1.24612,1.50,2.25
2012.06.27 13:15:52.127,1.24599,1.2461,4.50,2.85
2012.06.27 13:15:52.275,1.24599,1.24609,4.50,3.30
2012.06.27 13:15:53.576,1.24599,1.24609,1.50,1.43
2012.06.27 13:15:53.645,1.24599,1.24608,1.50,2.25
2012.06.27 13:15:53.999,1.24598,1.24607,2.44,1.50
2012.06.27 13:15:54.081,1.24597,1.24606,1.69,1.50
2012.06.27 13:15:54.717,1.24591,1.24602,3.75,5.18
2012.06.27 13:15:54.786,1.24592,1.24602,1.50,4.43
2012.06.27 13:15:55.639,1.24591,1.24598,1.50,2.18
2012.06.27 13:15:55.966,1.24588,1.24596,1.50,6.75
2012.06.27 13:15:56.290,1.24589,1.24596,1.50,1.50
2012.06.27 13:15:56.617,1.24592,1.24598,1.50,1.50
2012.06.27 13:15:57.114,1.24592,1.246,1.50,1.50
2012.06.27 13:15:57.227,1.24594,1.24602,1.50,1.80
2012.06.27 13:15:57.346,1.24594,1.24603,2.25,2.93
2012.06.27 13:15:57.417,1.24594,1.24603,3.00,1.80
2012.06.27 13:15:57.983,1.24594,1.24603,2.25,1.80
2012.06.27 13:15:58.163,1.24595,1.24603,1.80,2.18
2012.06.27 13:15:58.515,1.246,1.24609,1.50,4.80
2012.06.27 13:15:58.881,1.246,1.24607,3.00,1.13
2012.06.27 13:15:59.435,1.24598,1.24607,3.00,1.50
2012.06.27 13:15:59.577,1.24601,1.24609,1.50,1.88
2012.06.27 13:15:59.774,1.24599,1.24609,2.25,1.13
2012.06.27 13:16:00.117,1.24601,1.24609,1.09,1.13
2012.06.27 13:16:00.436,1.246,1.2461,1.50,1.50
2012.06.27 13:16:00.869,1.24598,1.24607,4.05,2.25
2012.06.27 13:16:01.427,1.24598,1.24607,4.80,2.25
2012.06.27 13:16:01.964,1.24598,1.24607,3.00,2.25
2012.06.27 13:16:02.753,1.24601,1.24607,1.50,1.50
2012.06.27 13:16:03.116,1.24601,1.24609,1.50,1.50
2012.06.27 13:16:03.673,1.24602,1.2461,1.50,1.50
2012.06.27 13:16:04.028,1.24605,1.24612,1.50,1.13
2012.06.27 13:16:04.177,1.24603,1.24612,2.25,2.63
2012.06.27 13:16:04.678,1.24601,1.2461,3.75,1.50
2012.06.27 13:16:05.245,1.24601,1.24611,1.50,3.00
2012.06.27 13:16:05.805,1.24604,1.24612,1.50,1.13
2012.06.27 13:16:06.579,1.24604,1.24613,1.50,1.72
2012.06.27 13:16:07.524,1.24604,1.24613,1.50,1.72
2012.06.27 13:16:08.436,1.24604,1.24615,3.00,4.43
2012.06.27 13:16:08.587,1.24604,1.24615,3.75,4.43
2012.06.27 13:16:08.666,1.24604,1.24615,3.00,4.43
2012.06.27 13:16:09.214,1.24604,1.24614,3.00,1.50
2012.06.27 13:16:09.750,1.24608,1.24615,1.50,1.43
2012.06.27 13:16:10.114,1.24613,1.24621,2.25,1.80
2012.06.27 13:16:10.260,1.24613,1.24619,3.75,1.35
2012.06.27 13:16:10.659,1.24616,1.24622,1.50,1.50
2012.06.27 13:16:10.742,1.24616,1.24622,1.50,1.50
2012.06.27 13:16:10.823,1.24613,1.24621,2.25,1.50
2012.06.27 13:16:10.969,1.24611,1.2462,4.80,1.35
2012.06.27 13:16:11.187,1.24611,1.24618,1.50,1.50
2012.06.27 13:16:11.340,1.24609,1.24617,2.25,3.00
2012.06.27 13:16:12.215,1.24609,1.24619,3.75,2.63
2012.06.27 13:16:12.638,1.24609,1.2462,5.25,2.55
2012.06.27 13:16:12.997,1.24608,1.24615,1.50,1.35
2012.06.27 13:16:13.145,1.24606,1.24614,1.50,1.88
2012.06.27 13:16:13.216,1.24604,1.24614,3.75,1.88
2012.06.27 13:16:13.289,1.24604,1.24614,2.25,3.38
2012.06.27 13:16:13.646,1.24603,1.24611,1.50,2.63
2012.06.27 13:16:14.026,1.24601,1.24611,1.50,6.75
2012.06.27 13:16:14.175,1.246,1.24609,4.50,2.25
2012.06.27 13:16:14.529,1.24603,1.24609,1.50,1.50
2012.06.27 13:16:14.818,1.24602,1.24607,3.75,3.00
2012.06.27 13:16:15.246,1.24601,1.2461,1.50,3.75
2012.06.27 13:16:15.318,1.24602,1.2461,1.50,1.50
2012.06.27 13:16:15.674,1.24601,1.24608,2.25,1.50
2012.06.27 13:16:15.887,1.24602,1.24611,2.25,2.25
2012.06.27 13:16:16.426,1.24602,1.24611,3.00,1.50
2012.06.27 13:16:17.004,1.24602,1.24612,3.00,1.88
2012.06.27 13:16:17.533,1.24602,1.24612,3.00,1.13
2012.06.27 13:16:18.147,1.24602,1.2461,1.50,1.50
2012.06.27 13:16:18.535,1.246,1.24609,1.50,3.00
2012.06.27 13:16:18.623,1.24598,1.24607,2.48,1.50
2012.06.27 13:16:19.185,1.24599,1.24608,3.00,1.50
2012.06.27 13:16:20.633,1.24601,1.2461,1.50,5.25
2012.06.27 13:16:21.135,1.24599,1.24608,3.00,1.50
2012.06.27 13:16:21.664,1.24599,1.24608,2.25,2.25
2012.06.27 13:16:22.017,1.24598,1.24606,1.50,2.25
2012.06.27 13:16:26.026,1.24597,1.24606,1.50,2.85
2012.06.27 13:16:26.377,1.24594,1.24603,2.25,1.50
2012.06.27 13:16:26.565,1.24595,1.24605,2.25,2.63
2012.06.27 13:16:26.825,1.24598,1.24605,1.50,1.13
2012.06.27 13:16:27.365,1.24597,1.24605,1.50,1.13
2012.06.27 13:16:28.975,1.24596,1.24605,1.50,3.38
2012.06.27 13:16:29.527,1.24597,1.24605,2.25,1.13
2012.06.27 13:16:29.876,1.24598,1.24606,1.50,1.50
2012.06.27 13:16:30.226,1.24598,1.24608,3.75,1.43
2012.06.27 13:16:30.378,1.24598,1.24607,3.75,4.80
2012.06.27 13:16:30.459,1.24598,1.24607,3.00,1.05
2012.06.27 13:16:30.959,1.24596,1.24603,2.25,1.50
2012.06.27 13:16:31.075,1.24596,1.24605,3.00,1.50
2012.06.27 13:16:31.764,1.24598,1.24605,1.50,1.50
2012.06.27 13:16:32.117,1.24603,1.24609,1.50,2.18
2012.06.27 13:16:32.197,1.24603,1.2461,2.25,1.50
2012.06.27 13:16:32.924,1.24605,1.24614,1.50,3.38
2012.06.27 13:16:33.625,1.24605,1.24614,3.30,1.88
2012.06.27 13:16:34.114,1.24606,1.24614,3.00,4.50
2012.06.27 13:16:34.395,1.24604,1.24613,3.00,2.85
2012.06.27 13:16:34.465,1.24604,1.24613,3.00,2.85
2012.06.27 13:16:35.005,1.24604,1.24612,2.25,1.13
2012.06.27 13:16:35.963,1.24604,1.24613,3.00,1.72
2012.06.27 13:16:36.647,1.24606,1.24615,1.50,2.93
2012.06.27 13:16:37.149,1.24607,1.24616,1.50,1.88
2012.06.27 13:16:37.693,1.24607,1.24616,2.25,1.88
2012.06.27 13:16:38.245,1.24607,1.24616,3.00,1.50
2012.06.27 13:16:38.904,1.24607,1.24616,3.75,1.50
2012.06.27 13:16:39.673,1.24607,1.24616,3.75,1.50
2012.06.27 13:16:40.953,1.24608,1.24617,1.50,1.43
2012.06.27 13:16:43.432,1.24607,1.24617,1.50,2.63
2012.06.27 13:16:44.107,1.24609,1.24617,1.50,1.13
2012.06.27 13:16:44.483,1.24607,1.24616,4.50,1.50
2012.06.27 13:16:45.044,1.24607,1.24616,4.50,1.50
2012.06.27 13:16:47.113,1.24608,1.24619,2.25,4.35
2012.06.27 13:16:47.254,1.24612,1.24619,1.50,1.88
2012.06.27 13:16:47.401,1.24615,1.24622,1.50,1.35
2012.06.27 13:16:47.478,1.24616,1.24623,1.50,1.50
2012.06.27 13:16:47.696,1.24616,1.24624,1.50,1.50
2012.06.27 13:16:48.603,1.24616,1.24624,1.50,1.50
2012.06.27 13:16:49.492,1.24618,1.24624,1.50,4.62
2012.06.27 13:16:49.709,1.24618,1.24625,1.50,3.75
2012.06.27 13:16:49.792,1.24619,1.24626,1.50,1.50
2012.06.27 13:16:49.938,1.24626,1.24633,1.50,1.50
2012.06.27 13:16:50.091,1.24628,1.24636,1.50,1.50
2012.06.27 13:16:50.517,1.24626,1.24634,1.50,1.43
2012.06.27 13:16:51.020,1.24625,1.24634,1.50,3.52
2012.06.27 13:16:51.575,1.24625,1.24634,1.50,4.05
2012.06.27 13:16:52.114,1.24625,1.24634,1.50,4.05
2012.06.27 13:16:54.050,1.24625,1.24634,2.25,1.80
2012.06.27 13:16:54.406,1.24626,1.24635,3.00,1.50
2012.06.27 13:16:54.476,1.24626,1.24635,2.25,1.88
2012.06.27 13:16:55.034,1.24625,1.24634,1.50,2.25
2012.06.27 13:16:55.803,1.24625,1.24634,3.00,1.50
2012.06.27 13:16:55.873,1.24625,1.24634,3.00,1.50
2012.06.27 13:16:56.364,1.24625,1.2463,1.50,1.50
2012.06.27 13:16:56.727,1.24622,1.2463,2.63,2.25
2012.06.27 13:16:58.419,1.24619,1.24625,1.54,1.50
2012.06.27 13:16:58.568,1.24616,1.24624,2.25,1.50
2012.06.27 13:16:58.722,1.24613,1.2462,6.90,1.50
2012.06.27 13:16:59.284,1.24614,1.24621,1.50,1.50
2012.06.27 13:16:59.566,1.24614,1.24622,1.50,1.50
2012.06.27 13:16:59.649,1.24614,1.24619,1.50,1.50
2012.06.27 13:17:00.005,1.24612,1.24621,3.00,1.50
2012.06.27 13:17:00.143,1.24612,1.24619,3.00,1.50
2012.06.27 13:17:00.705,1.24612,1.24621,3.00,1.50
2012.06.27 13:17:01.045,1.24612,1.24621,3.00,1.50
2012.06.27 13:17:02.443,1.24612,1.24621,1.50,2.25
2012.06.27 13:17:02.655,1.24611,1.24621,3.34,3.60
2012.06.27 13:17:03.404,1.24612,1.24621,1.50,1.50
2012.06.27 13:17:03.943,1.24612,1.24621,1.50,1.50
2012.06.27 13:17:08.573,1.24611,1.24622,2.59,3.60
2012.06.27 13:17:09.094,1.24611,1.24622,2.07,4.35
2012.06.27 13:17:10.385,1.24612,1.24621,1.73,1.50
2012.06.27 13:17:10.737,1.24611,1.24617,1.84,1.50
2012.06.27 13:17:11.222,1.24609,1.24617,2.97,1.50
2012.06.27 13:17:11.835,1.24609,1.24618,3.87,1.50
2012.06.27 13:17:12.465,1.2461,1.24618,1.50,1.50
2012.06.27 13:17:13.176,1.24611,1.24618,1.50,1.50
2012.06.27 13:17:13.314,1.24611,1.2462,1.50,4.50
2012.06.27 13:17:13.876,1.24611,1.2462,3.00,1.50
2012.06.27 13:17:14.983,1.24612,1.2462,2.25,1.50
2012.06.27 13:17:15.846,1.24611,1.2462,3.00,1.50
2012.06.27 13:17:16.354,1.24611,1.24621,3.00,3.75
2012.06.27 13:17:16.764,1.24612,1.24621,2.25,3.00
2012.06.27 13:17:17.286,1.24612,1.24621,1.50,3.00
2012.06.27 13:17:17.498,1.24611,1.24619,3.00,1.50
2012.06.27 13:17:18.330,1.24613,1.24619,1.50,1.50
2012.06.27 13:17:18.699,1.24619,1.24625,1.50,1.50
2012.06.27 13:17:19.265,1.24618,1.24627,1.50,3.75
2012.06.27 13:17:19.828,1.24617,1.24626,4.50,1.50
2012.06.27 13:17:20.737,1.24619,1.24628,2.25,5.18
2012.06.27 13:17:21.293,1.24619,1.24628,2.25,1.88
2012.06.27 13:17:21.803,1.24619,1.24628,2.25,1.88
2012.06.27 13:17:22.017,1.24618,1.24626,2.25,1.50
2012.06.27 13:17:22.707,1.24618,1.24626,1.50,1.50
2012.06.27 13:17:23.285,1.24618,1.24626,1.50,1.50
2012.06.27 13:17:24.365,1.24618,1.24626,2.25,1.50
2012.06.27 13:17:24.716,1.2462,1.24626,1.50,1.50
2012.06.27 13:17:24.927,1.24622,1.24631,2.10,1.88
2012.06.27 13:17:25.216,1.24622,1.24631,1.88,1.88
2012.06.27 13:17:28.016,1.24621,1.24631,2.25,3.00
2012.06.27 13:17:28.556,1.24618,1.24627,4.80,1.50
2012.06.27 13:17:29.127,1.24618,1.24627,3.00,1.50
2012.06.27 13:17:29.737,1.24619,1.24628,1.50,3.00
2012.06.27 13:17:31.085,1.24618,1.24627,3.00,1.50
2012.06.27 13:17:31.623,1.24618,1.24627,2.25,1.50
2012.06.27 13:17:32.593,1.24618,1.24628,4.50,1.50
2012.06.27 13:17:33.174,1.24618,1.24629,4.50,3.68
2012.06.27 13:17:33.313,1.24618,1.24629,5.55,3.68
2012.06.27 13:17:33.786,1.24623,1.24629,1.50,2.18
2012.06.27 13:17:35.425,1.24623,1.24629,1.50,1.43
2012.06.27 13:17:35.969,1.24624,1.24631,1.50,1.43
2012.06.27 13:17:36.331,1.24626,1.24633,2.25,1.35
2012.06.27 13:17:36.405,1.24626,1.24634,2.25,2.02
2012.06.27 13:17:37.528,1.24626,1.24635,1.50,2.33
2012.06.27 13:17:39.134,1.24626,1.24634,1.50,1.88
2012.06.27 13:17:39.692,1.24626,1.24634,1.50,1.13
2012.06.27 13:17:41.565,1.24627,1.24634,1.50,2.25
2012.06.27 13:17:41.707,1.24625,1.24631,1.50,1.13
2012.06.27 13:17:41.791,1.24624,1.24631,1.50,1.88
2012.06.27 13:17:42.007,1.24621,1.24628,1.50,2.10
2012.06.27 13:17:42.078,1.24619,1.24628,2.25,3.60
2012.06.27 13:17:42.156,1.24619,1.24628,2.25,2.85
2012.06.27 13:17:42.707,1.24619,1.24626,1.50,2.25
2012.06.27 13:17:42.786,1.24619,1.24628,1.50,1.50
2012.06.27 13:17:43.068,1.24622,1.24629,1.50,3.00
2012.06.27 13:17:43.145,1.24622,1.24629,1.50,3.00
2012.06.27 13:17:44.113,1.24619,1.24627,2.25,1.50
2012.06.27 13:17:44.397,1.24617,1.24622,2.63,1.50
2012.06.27 13:17:46.299,1.24619,1.24626,1.50,2.25
2012.06.27 13:17:46.376,1.24617,1.24626,4.13,1.50
2012.06.27 13:17:46.528,1.24619,1.24626,2.85,1.50
2012.06.27 13:17:46.607,1.24622,1.24628,1.13,2.25
2012.06.27 13:17:46.690,1.24622,1.2463,2.63,1.50
2012.06.27 13:17:46.978,1.24622,1.24632,4.50,1.50
2012.06.27 13:17:47.060,1.24623,1.24633,6.00,4.58
2012.06.27 13:17:47.346,1.24623,1.24633,3.60,1.50
2012.06.27 13:17:47.488,1.24623,1.24633,1.50,3.30
2012.06.27 13:17:47.568,1.24623,1.24633,1.50,4.05
2012.06.27 13:17:47.718,1.24624,1.24632,3.00,1.50
2012.06.27 13:17:48.231,1.24625,1.24631,1.50,1.50
2012.06.27 13:17:49.076,1.24625,1.24631,1.50,1.50
2012.06.27 13:17:49.425,1.24624,1.24634,3.15,1.50
2012.06.27 13:17:49.916,1.24624,1.24631,2.25,1.50
2012.06.27 13:17:49.987,1.24624,1.24631,1.50,1.50
2012.06.27 13:17:50.756,1.24625,1.24631,2.25,1.50
2012.06.27 13:17:50.897,1.24626,1.24635,1.50,1.50
2012.06.27 13:17:51.604,1.24627,1.24634,2.25,1.50
2012.06.27 13:17:52.016,1.24626,1.24634,1.50,1.50
2012.06.27 13:17:53.275,1.24626,1.24634,1.50,1.50
2012.06.27 13:17:53.486,1.24627,1.24635,3.00,1.50
2012.06.27 13:17:53.770,1.24629,1.24637,2.25,1.50
2012.06.27 13:17:54.186,1.24629,1.24635,1.50,1.50
2012.06.27 13:17:54.605,1.24626,1.24635,2.25,3.00
2012.06.27 13:17:55.788,1.24626,1.24635,1.50,2.25
2012.06.27 13:17:55.926,1.24626,1.24633,2.25,1.50
2012.06.27 13:17:56.277,1.24623,1.24632,1.50,1.50
2012.06.27 13:17:56.646,1.24624,1.24632,1.50,2.25
2012.06.27 13:17:57.077,1.24624,1.24634,2.25,2.10
2012.06.27 13:17:57.496,1.24623,1.24632,4.50,1.50
2012.06.27 13:17:58.043,1.24623,1.24632,3.75,1.50
2012.06.27 13:17:59.377,1.24625,1.24632,1.50,1.50
2012.06.27 13:17:59.738,1.24627,1.24635,2.25,1.50
2012.06.27 13:17:59.806,1.24628,1.24637,2.25,1.50
2012.06.27 13:18:01.224,1.24628,1.24638,2.25,1.50
2012.06.27 13:18:01.782,1.24628,1.24638,3.00,2.25
2012.06.27 13:18:02.324,1.24628,1.24638,3.75,2.25
2012.06.27 13:18:03.226,1.24628,1.24638,2.25,2.25
2012.06.27 13:18:03.796,1.24628,1.24636,1.50,1.50
2012.06.27 13:18:04.327,1.24627,1.24636,4.50,2.63
2012.06.27 13:18:04.537,1.24627,1.24634,3.00,1.13
2012.06.27 13:18:04.904,1.24621,1.24628,1.73,1.50
2012.06.27 13:18:05.325,1.24617,1.24626,3.38,1.50
2012.06.27 13:18:06.095,1.24617,1.24625,1.50,1.50
2012.06.27 13:18:06.378,1.24618,1.24627,2.25,3.38
2012.06.27 13:18:06.739,1.24619,1.24629,3.00,1.50
2012.06.27 13:18:08.456,1.24619,1.2463,3.00,2.63
2012.06.27 13:18:08.528,1.24621,1.2463,1.73,1.88
2012.06.27 13:18:08.815,1.24623,1.24633,2.25,3.45
2012.06.27 13:18:08.890,1.24626,1.24633,1.50,2.70
2012.06.27 13:18:09.445,1.24623,1.24634,2.25,4.72
2012.06.27 13:18:10.144,1.24623,1.24634,2.25,3.97
2012.06.27 13:18:11.187,1.24623,1.24634,2.25,3.97
2012.06.27 13:18:12.245,1.24624,1.24634,2.40,3.22
2012.06.27 13:18:12.319,1.24625,1.24634,1.65,1.88
2012.06.27 13:18:12.875,1.24625,1.24636,4.88,4.50
2012.06.27 13:18:13.997,1.24626,1.24634,1.50,1.50
2012.06.27 13:18:14.138,1.24624,1.24634,2.25,2.25
2012.06.27 13:18:14.215,1.24624,1.24634,2.25,3.00
2012.06.27 13:18:14.979,1.2462,1.2463,1.50,3.00
2012.06.27 13:18:15.058,1.24619,1.24629,4.88,1.50
2012.06.27 13:18:15.615,1.24619,1.24629,3.00,1.50
2012.06.27 13:18:16.137,1.24619,1.2463,3.75,1.50
2012.06.27 13:18:16.487,1.24624,1.24633,1.50,1.05
2012.06.27 13:18:17.056,1.24625,1.24633,1.50,1.80
2012.06.27 13:18:17.563,1.24624,1.24633,3.00,2.25
2012.06.27 13:18:18.225,1.24626,1.24635,1.50,4.43
2012.06.27 13:18:18.893,1.24626,1.24635,1.50,3.38
2012.06.27 13:18:19.503,1.24622,1.24631,4.88,2.25
2012.06.27 13:18:20.064,1.24624,1.24633,1.50,3.00
2012.06.27 13:18:20.654,1.24624,1.24633,1.50,3.75
2012.06.27 13:18:21.047,1.24625,1.24631,1.50,1.50
2012.06.27 13:18:21.125,1.24626,1.24634,2.25,4.35
2012.06.27 13:18:21.405,1.24626,1.24636,3.00,1.13
2012.06.27 13:18:21.828,1.24627,1.24637,2.25,4.65
2012.06.27 13:18:21.910,1.24627,1.24637,2.25,3.38
2012.06.27 13:18:22.465,1.24628,1.24637,2.25,2.63
2012.06.27 13:18:23.028,1.24629,1.24637,1.50,1.50
2012.06.27 13:18:23.109,1.2463,1.24639,3.00,2.25
2012.06.27 13:18:23.188,1.2463,1.24639,4.88,2.25
2012.06.27 13:18:23.338,1.24632,1.24641,2.25,2.85
2012.06.27 13:18:23.417,1.2463,1.24639,3.00,2.25
2012.06.27 13:18:23.933,1.24629,1.24639,1.13,5.55
2012.06.27 13:18:24.348,1.24628,1.24636,1.50,1.50
2012.06.27 13:18:24.549,1.24628,1.24639,3.00,7.05
2012.06.27 13:18:25.103,1.24628,1.24638,3.00,2.25
2012.06.27 13:18:25.633,1.24628,1.24639,3.00,5.93
2012.06.27 13:18:27.293,1.24628,1.24638,3.00,2.25
2012.06.27 13:18:27.825,1.24628,1.24638,3.75,1.50
2012.06.27 13:18:28.354,1.24629,1.24639,1.50,5.25
2012.06.27 13:18:28.424,1.24632,1.2464,4.50,5.25
2012.06.27 13:18:28.570,1.24634,1.2464,1.50,1.05
2012.06.27 13:18:28.715,1.24634,1.24642,3.00,2.25
2012.06.27 13:18:29.246,1.24631,1.24642,5.25,3.30
2012.06.27 13:18:29.716,1.24633,1.24643,1.50,3.75
2012.06.27 13:18:30.259,1.24633,1.24642,1.50,3.30
2012.06.27 13:18:30.615,1.24633,1.24642,1.50,3.00
2012.06.27 13:18:31.124,1.24633,1.24642,1.50,3.75
2012.06.27 13:18:31.476,1.24633,1.2464,1.50,1.50
2012.06.27 13:18:31.824,1.24631,1.24639,1.50,1.50
2012.06.27 13:18:32.437,1.24631,1.2464,1.50,2.25
2012.06.27 13:18:33.315,1.24631,1.2464,1.50,3.75
2012.06.27 13:18:33.386,1.24633,1.2464,1.50,2.25
2012.06.27 13:18:34.154,1.24632,1.24641,1.50,2.55
2012.06.27 13:18:34.506,1.24632,1.24642,1.50,3.00
2012.06.27 13:18:35.058,1.24632,1.24642,1.50,3.00
2012.06.27 13:18:35.546,1.2463,1.24641,4.50,3.75
2012.06.27 13:18:36.524,1.2463,1.24641,3.00,5.25
2012.06.27 13:18:36.807,1.24632,1.24641,2.25,1.50
2012.06.27 13:18:37.333,1.24632,1.24642,2.25,1.50
2012.06.27 13:18:37.758,1.24635,1.24642,1.50,1.80
2012.06.27 13:18:38.293,1.24632,1.24642,3.00,1.80
2012.06.27 13:18:38.856,1.24632,1.24642,3.75,1.05
2012.06.27 13:18:38.925,1.24635,1.24642,1.50,1.05
2012.06.27 13:18:40.007,1.24635,1.24644,2.25,4.43
2012.06.27 13:18:40.096,1.24638,1.24648,2.25,5.18
2012.06.27 13:18:40.386,1.24637,1.24648,3.00,5.93
2012.06.27 13:18:41.163,1.24638,1.24648,2.25,3.68
2012.06.27 13:18:41.658,1.2464,1.24648,2.25,2.18
2012.06.27 13:18:42.018,1.24644,1.24653,2.25,1.35
2012.06.27 13:18:42.096,1.24644,1.24653,2.25,1.35
2012.06.27 13:18:42.644,1.24644,1.24653,2.25,1.35
2012.06.27 13:18:43.174,1.24645,1.24654,1.50,2.40
2012.06.27 13:18:43.317,1.24646,1.24655,2.25,3.38
2012.06.27 13:18:44.170,1.24648,1.24657,2.25,3.60
2012.06.27 13:18:44.724,1.24646,1.24656,3.00,3.00
2012.06.27 13:18:45.077,1.24649,1.24655,2.10,1.50
2012.06.27 13:18:45.437,1.24654,1.24662,1.50,3.68
2012.06.27 13:18:45.586,1.24654,1.24662,1.50,2.63
2012.06.27 13:18:46.155,1.24654,1.24664,1.50,3.30
2012.06.27 13:18:46.706,1.24653,1.24663,3.00,2.10
2012.06.27 13:18:46.778,1.24653,1.24662,2.25,3.38
2012.06.27 13:18:46.999,1.24648,1.24658,6.72,2.93
2012.06.27 13:18:47.223,1.24649,1.24657,3.00,4.72
2012.06.27 13:18:47.753,1.24648,1.24657,3.00,5.02
2012.06.27 13:18:47.830,1.24646,1.24657,3.00,5.02
2012.06.27 13:18:48.320,1.24649,1.24656,1.50,1.50
2012.06.27 13:18:48.674,1.24651,1.24657,1.50,2.85
2012.06.27 13:18:48.749,1.24651,1.2466,1.50,5.77
2012.06.27 13:18:49.313,1.2465,1.24659,2.25,1.50
2012.06.27 13:18:50.816,1.24648,1.24659,3.75,2.25
2012.06.27 13:18:50.887,1.24648,1.24658,3.00,2.55
2012.06.27 13:18:51.445,1.24647,1.24657,4.35,2.25
2012.06.27 13:18:52.323,1.24649,1.24658,1.50,2.25
2012.06.27 13:18:54.045,1.24649,1.24658,1.50,2.25
2012.06.27 13:18:54.604,1.24647,1.24656,4.35,1.50
2012.06.27 13:18:55.337,1.24649,1.24658,1.50,3.00
2012.06.27 13:18:55.955,1.24647,1.24656,5.85,1.50
2012.06.27 13:18:57.562,1.24647,1.24656,3.00,3.30
2012.06.27 13:18:57.635,1.24647,1.24654,1.50,1.50
2012.06.27 13:18:57.988,1.24645,1.24654,2.25,3.00
2012.06.27 13:18:58.138,1.24643,1.24652,2.59,2.55
2012.06.27 13:18:58.359,1.2464,1.24648,1.88,1.50
2012.06.27 13:18:58.438,1.24638,1.24646,4.47,1.50
2012.06.27 13:18:58.726,1.2464,1.24646,1.50,1.50
2012.06.27 13:18:59.075,1.24642,1.24648,2.25,1.50
2012.06.27 13:18:59.220,1.24642,1.24648,3.75,1.50
2012.06.27 13:18:59.295,1.24642,1.24652,4.13,1.50
2012.06.27 13:18:59.366,1.24645,1.24652,1.50,1.50
2012.06.27 13:18:59.925,1.24645,1.24653,1.50,4.27
2012.06.27 13:19:00.577,1.24645,1.24654,2.25,2.18
2012.06.27 13:19:01.150,1.24645,1.24654,2.25,1.80
2012.06.27 13:19:01.646,1.24646,1.24656,3.75,3.22
2012.06.27 13:19:01.924,1.24649,1.24657,1.50,1.80
2012.06.27 13:19:02.935,1.24649,1.24657,1.50,1.80
2012.06.27 13:19:03.151,1.24646,1.24657,4.50,3.90
2012.06.27 13:19:03.368,1.24649,1.24657,1.50,1.50
2012.06.27 13:19:03.448,1.24647,1.24657,1.50,3.00
2012.06.27 13:19:03.877,1.24646,1.24656,1.50,1.05
2012.06.27 13:19:06.209,1.24645,1.24656,4.80,1.05
2012.06.27 13:19:06.626,1.24648,1.24656,1.50,1.80
2012.06.27 13:19:07.696,1.24648,1.24657,1.50,1.80
2012.06.27 13:19:08.219,1.24647,1.24656,2.25,2.25
2012.06.27 13:19:08.785,1.24646,1.24656,2.25,1.80
2012.06.27 13:19:09.135,1.24648,1.24657,1.50,1.50
2012.06.27 13:19:09.663,1.24646,1.24657,3.00,3.00
2012.06.27 13:19:10.978,1.24646,1.24656,1.50,1.05
2012.06.27 13:19:11.533,1.24646,1.24656,2.25,2.25
2012.06.27 13:19:12.054,1.24645,1.24654,4.50,1.50
2012.06.27 13:19:12.574,1.24646,1.24656,1.50,2.55
2012.06.27 13:19:14.356,1.24646,1.24656,2.25,4.65
2012.06.27 13:19:14.703,1.24645,1.24654,3.75,1.50
2012.06.27 13:19:15.165,1.24646,1.24656,2.25,4.65
2012.06.27 13:19:15.306,1.24648,1.24656,1.50,4.65
2012.06.27 13:19:15.833,1.24647,1.24656,1.50,6.15
2012.06.27 13:19:18.072,1.24647,1.24656,1.50,6.15
2012.06.27 13:19:18.142,1.24647,1.24656,1.50,5.40
2012.06.27 13:19:18.997,1.24647,1.24654,1.50,1.50
2012.06.27 13:19:19.288,1.24647,1.24656,2.25,2.25
2012.06.27 13:19:19.435,1.24646,1.24654,2.25,1.50
2012.06.27 13:19:19.506,1.24648,1.24657,1.50,4.88
2012.06.27 13:19:20.067,1.24647,1.24656,3.00,2.25
2012.06.27 13:19:20.146,1.24649,1.24657,1.50,2.25
2012.06.27 13:19:20.496,1.24647,1.24652,2.25,1.50
2012.06.27 13:19:22.709,1.24647,1.24654,1.50,1.50
2012.06.27 13:19:24.306,1.24647,1.24655,3.38,1.50
2012.06.27 13:19:24.517,1.24648,1.24657,1.50,1.50
2012.06.27 13:19:24.584,1.24647,1.24655,1.88,1.50
2012.06.27 13:19:26.015,1.24647,1.24657,1.50,1.50
2012.06.27 13:19:28.283,1.24647,1.24656,2.25,1.50
2012.06.27 13:19:28.354,1.24647,1.24654,2.25,1.50
2012.06.27 13:19:29.717,1.24648,1.24656,2.25,1.50
2012.06.27 13:19:31.065,1.24646,1.24656,7.13,1.80
2012.06.27 13:19:31.196,1.24646,1.24654,2.63,1.50
2012.06.27 13:19:31.533,1.24646,1.24656,4.13,2.55
2012.06.27 13:19:32.089,1.24647,1.24655,1.35,1.50
2012.06.27 13:19:32.714,1.24647,1.24656,1.35,1.80
2012.06.27 13:19:33.755,1.24647,1.24657,2.10,4.05
2012.06.27 13:19:34.236,1.24647,1.24656,2.10,1.50
2012.06.27 13:19:34.706,1.24646,1.24653,5.63,1.80
2012.06.27 13:19:35.255,1.24644,1.24653,1.50,3.60
2012.06.27 13:19:35.340,1.24643,1.24651,1.50,1.50
2012.06.27 13:19:35.608,1.24643,1.24653,1.50,4.35
2012.06.27 13:19:35.946,1.24643,1.24651,1.50,1.50
2012.06.27 13:19:37.178,1.24643,1.24652,1.50,1.50
2012.06.27 13:19:37.569,1.24644,1.24652,2.25,1.50
2012.06.27 13:19:37.649,1.24646,1.24655,2.25,1.88
2012.06.27 13:19:37.939,1.24646,1.24656,5.25,3.75
2012.06.27 13:19:39.249,1.24648,1.24657,3.75,4.35
2012.06.27 13:19:39.607,1.24651,1.24661,2.25,3.90
2012.06.27 13:19:39.745,1.24652,1.24661,3.00,2.25
2012.06.27 13:19:40.315,1.24652,1.24661,1.50,2.25
2012.06.27 13:19:40.386,1.24651,1.24659,1.50,1.50
2012.06.27 13:19:40.728,1.24651,1.24659,1.50,1.50
2012.06.27 13:19:41.185,1.2465,1.24659,5.97,1.50
2012.06.27 13:19:41.769,1.24648,1.24654,1.88,1.50
2012.06.27 13:19:42.058,1.24645,1.24653,1.77,2.25
2012.06.27 13:19:42.138,1.24645,1.2465,1.02,1.50
2012.06.27 13:19:42.496,1.24643,1.24648,1.02,1.05
2012.06.27 13:19:43.057,1.24641,1.24647,1.02,1.50
2012.06.27 13:19:43.141,1.24638,1.24645,1.13,1.50
2012.06.27 13:19:43.760,1.24637,1.24645,1.50,1.50
2012.06.27 13:19:44.086,1.24636,1.24645,2.25,1.50
2012.06.27 13:19:44.613,1.24636,1.24645,2.25,1.50
2012.06.27 13:19:45.157,1.24636,1.24645,2.25,2.25
2012.06.27 13:19:45.713,1.24637,1.24646,1.50,1.80
2012.06.27 13:19:47.415,1.24636,1.24646,3.75,2.55
2012.06.27 13:19:47.744,1.24636,1.24647,3.00,6.30
2012.06.27 13:19:48.358,1.24636,1.24644,1.50,1.50
2012.06.27 13:19:48.577,1.24634,1.24645,3.38,4.05
2012.06.27 13:19:48.659,1.24634,1.24642,1.88,3.49
2012.06.27 13:19:49.019,1.24631,1.24638,2.25,3.30
2012.06.27 13:19:49.165,1.24628,1.24638,2.63,2.55
2012.06.27 13:19:49.307,1.24628,1.24636,1.13,2.25
2012.06.27 13:19:49.878,1.24627,1.24636,3.08,1.50
2012.06.27 13:19:50.168,1.24627,1.24636,3.00,1.50
2012.06.27 13:19:50.724,1.24628,1.24638,2.25,4.35
2012.06.27 13:19:51.276,1.24627,1.24636,4.50,1.50
2012.06.27 13:19:53.545,1.24627,1.24636,3.75,3.00
2012.06.27 13:19:54.083,1.24627,1.24636,3.75,3.00
2012.06.27 13:19:54.626,1.24629,1.24637,1.50,2.55
2012.06.27 13:19:55.685,1.24629,1.24637,1.50,1.50
2012.06.27 13:19:56.026,1.24629,1.24636,1.50,1.50
2012.06.27 13:19:56.169,1.24626,1.24635,4.35,4.05
2012.06.27 13:19:56.795,1.24629,1.24636,1.50,1.50
2012.06.27 13:19:57.748,1.24629,1.24637,1.50,2.55
2012.06.27 13:19:58.186,1.24629,1.24634,1.50,2.25
2012.06.27 13:19:58.400,1.24626,1.24634,1.50,2.55
2012.06.27 13:19:59.685,1.24626,1.24634,1.50,1.80
2012.06.27 13:20:00.225,1.24626,1.24633,1.50,1.80
2012.06.27 13:20:01.267,1.24626,1.24633,3.75,1.05
2012.06.27 13:20:01.659,1.24632,1.24637,2.55,1.88
2012.06.27 13:20:01.887,1.24635,1.24643,1.50,1.43
2012.06.27 13:20:02.238,1.24637,1.24646,1.50,5.40
2012.06.27 13:20:02.795,1.24636,1.24644,1.50,2.25
2012.06.27 13:20:03.217,1.24634,1.24642,1.50,1.50
2012.06.27 13:20:03.826,1.24635,1.24642,1.50,1.50
2012.06.27 13:20:04.375,1.24635,1.24642,1.50,1.50
2012.06.27 13:20:04.513,1.24635,1.24642,1.50,1.50
2012.06.27 13:20:05.087,1.24637,1.24645,1.50,1.05
2012.06.27 13:20:05.380,1.24637,1.24647,3.00,1.05
2012.06.27 13:20:05.671,1.24637,1.24645,2.25,1.50
2012.06.27 13:20:05.885,1.24638,1.24647,2.25,2.55
2012.06.27 13:20:06.167,1.24638,1.24647,2.25,3.30
2012.06.27 13:20:06.519,1.2464,1.24646,2.25,1.50
2012.06.27 13:20:06.599,1.2464,1.24648,1.50,1.65
2012.06.27 13:20:07.160,1.2464,1.24648,1.80,2.25
2012.06.27 13:20:07.446,1.24638,1.24648,1.50,3.00
2012.06.27 13:20:07.986,1.24637,1.24648,4.80,3.00
2012.06.27 13:20:08.523,1.24637,1.24648,5.55,2.25
2012.06.27 13:20:09.285,1.24637,1.24648,5.55,3.00
2012.06.27 13:20:09.823,1.24637,1.24648,5.55,2.25
2012.06.27 13:20:15.083,1.24638,1.24648,2.25,3.00
2012.06.27 13:20:15.643,1.24638,1.24648,3.00,2.25
2012.06.27 13:20:17.362,1.24638,1.24648,3.00,2.25
2012.06.27 13:20:17.903,1.24639,1.24648,1.50,1.50
2012.06.27 13:20:18.374,1.24638,1.24647,1.50,1.50
2012.06.27 13:20:18.447,1.24637,1.24646,4.80,1.50
2012.06.27 13:20:19.535,1.24636,1.24646,2.55,3.00
2012.06.27 13:20:20.355,1.24636,1.24646,3.30,3.00
2012.06.27 13:20:22.234,1.24636,1.24646,1.50,3.00
2012.06.27 13:20:22.715,1.24636,1.24645,1.50,1.50
2012.06.27 13:20:22.784,1.24636,1.24645,1.50,1.50
2012.06.27 13:20:24.006,1.24637,1.24646,1.50,2.25
2012.06.27 13:20:24.527,1.24636,1.24645,1.50,1.50
2012.06.27 13:20:25.296,1.24635,1.24645,5.55,1.50
2012.06.27 13:20:26.483,1.24636,1.24645,1.50,1.50
2012.06.27 13:20:27.014,1.24637,1.24646,1.50,1.50
2012.06.27 13:20:27.283,1.24637,1.24647,2.25,2.40
2012.06.27 13:20:27.845,1.24637,1.24647,3.00,1.65
2012.06.27 13:20:28.257,1.24637,1.24647,2.25,1.65
2012.06.27 13:20:28.338,1.24636,1.24646,1.50,3.00
2012.06.27 13:20:28.417,1.24636,1.24645,1.50,1.50
2012.06.27 13:20:28.974,1.24635,1.24645,2.25,2.55
2012.06.27 13:20:29.748,1.24635,1.24645,3.75,1.80
2012.06.27 13:20:30.304,1.24636,1.24645,2.25,2.55
2012.06.27 13:20:31.414,1.24636,1.24645,2.25,2.25
2012.06.27 13:20:33.254,1.24636,1.24645,4.50,1.50
2012.06.27 13:20:33.466,1.24638,1.24647,2.25,1.80
2012.06.27 13:20:34.244,1.24638,1.24647,1.50,1.80
2012.06.27 13:20:34.529,1.24638,1.24647,3.00,1.50
2012.06.27 13:20:35.170,1.2464,1.24647,1.50,1.50
2012.06.27 13:20:35.634,1.24643,1.24651,2.25,2.25
2012.06.27 13:20:35.716,1.24644,1.24654,3.00,2.77
2012.06.27 13:20:36.244,1.24644,1.24653,3.00,1.05
2012.06.27 13:20:37.010,1.24643,1.24653,1.50,3.30
2012.06.27 13:20:37.162,1.24642,1.24651,1.50,1.50
2012.06.27 13:20:37.518,1.2464,1.2465,3.00,1.50
2012.06.27 13:20:38.075,1.2464,1.2465,3.00,1.50
2012.06.27 13:20:38.578,1.24642,1.24651,1.50,3.00
2012.06.27 13:20:39.114,1.24642,1.24651,1.50,2.25
2012.06.27 13:20:39.787,1.24642,1.24651,1.50,2.25
2012.06.27 13:20:40.525,1.24642,1.24651,1.50,2.25
2012.06.27 13:20:41.076,1.24642,1.24652,3.75,2.25
2012.06.27 13:20:41.501,1.24643,1.24653,2.25,2.25
2012.06.27 13:20:42.032,1.24643,1.24653,2.25,2.25
2012.06.27 13:20:43.107,1.24642,1.24653,3.75,3.75
2012.06.27 13:20:43.469,1.24641,1.2465,3.00,3.30
2012.06.27 13:20:43.896,1.24643,1.24652,2.25,2.25
2012.06.27 13:20:44.457,1.24643,1.24652,3.75,1.50
2012.06.27 13:20:44.995,1.24643,1.24652,3.75,1.50
2012.06.27 13:20:45.515,1.24644,1.24652,1.50,1.50
2012.06.27 13:20:46.186,1.24644,1.24652,1.50,2.25
2012.06.27 13:20:46.470,1.24641,1.2465,2.36,3.00
2012.06.27 13:20:46.689,1.2464,1.24649,3.30,2.25
2012.06.27 13:20:46.767,1.2464,1.24649,1.80,2.25
2012.06.27 13:20:46.977,1.2464,1.24649,2.55,2.25
2012.06.27 13:20:47.258,1.2464,1.24646,1.80,2.25
2012.06.27 13:20:47.475,1.2464,1.24649,1.80,3.30
2012.06.27 13:20:47.688,1.2464,1.24649,4.05,2.25
2012.06.27 13:20:47.838,1.24643,1.24651,1.50,2.93
2012.06.27 13:20:48.127,1.24645,1.24652,2.55,2.25
2012.06.27 13:20:48.544,1.24646,1.24655,2.25,2.85
2012.06.27 13:20:49.029,1.24644,1.24653,3.75,1.50
2012.06.27 13:20:49.974,1.24644,1.24653,3.00,2.25
2012.06.27 13:20:50.537,1.24644,1.24653,3.00,2.25
2012.06.27 13:20:51.026,1.24646,1.24655,4.35,3.38
2012.06.27 13:20:51.308,1.24648,1.24658,4.13,3.98
2012.06.27 13:20:51.388,1.24649,1.24658,2.25,3.23
2012.06.27 13:20:51.609,1.2465,1.24659,1.50,4.05
2012.06.27 13:20:51.828,1.24648,1.24657,3.75,2.25
2012.06.27 13:20:52.349,1.24648,1.24657,2.25,2.25
2012.06.27 13:20:53.387,1.24648,1.24657,3.75,1.50
2012.06.27 13:20:53.526,1.2465,1.24659,1.50,2.25
2012.06.27 13:20:53.947,1.2465,1.24659,3.75,1.50
2012.06.27 13:20:54.088,1.24652,1.24661,2.25,2.93
2012.06.27 13:20:54.236,1.24652,1.24661,2.25,2.18
2012.06.27 13:20:54.376,1.24652,1.24661,2.25,2.55
2012.06.27 13:20:54.696,1.24651,1.2466,3.00,1.50
2012.06.27 13:20:55.224,1.24651,1.2466,2.25,2.25
2012.06.27 13:20:55.731,1.24649,1.2466,4.88,2.25
2012.06.27 13:20:55.877,1.24649,1.24658,3.38,1.50
2012.06.27 13:20:56.755,1.2465,1.24659,1.50,1.50
2012.06.27 13:20:57.376,1.24659,1.24664,2.25,1.50
2012.06.27 13:20:57.466,1.2466,1.24666,1.50,2.10
2012.06.27 13:20:57.819,1.2466,1.24669,1.50,2.10
2012.06.27 13:20:58.378,1.24659,1.24668,3.75,1.50
2012.06.27 13:20:58.865,1.24659,1.24668,1.50,3.75
2012.06.27 13:20:59.426,1.24657,1.24666,2.25,2.25
2012.06.27 13:20:59.767,1.24656,1.24664,1.50,1.50
2012.06.27 13:20:59.918,1.24654,1.24662,2.70,2.25
2012.06.27 13:21:01.717,1.24654,1.24662,1.50,1.50
2012.06.27 13:21:01.999,1.24653,1.24661,2.25,1.50
2012.06.27 13:21:02.147,1.2465,1.24661,2.25,4.05
2012.06.27 13:21:02.495,1.2465,1.24658,1.88,1.50
2012.06.27 13:21:02.852,1.24652,1.24661,2.25,1.50
2012.06.27 13:21:03.209,1.24655,1.24662,2.25,3.00
2012.06.27 13:21:03.711,1.24654,1.24662,1.50,2.10
2012.06.27 13:21:03.927,1.24652,1.2466,3.38,1.50
2012.06.27 13:21:04.359,1.24653,1.24662,2.25,2.85
2012.06.27 13:21:05.466,1.24653,1.24662,3.00,2.85
2012.06.27 13:21:05.608,1.24655,1.24662,1.50,2.25
2012.06.27 13:21:06.590,1.24656,1.24665,3.00,1.35
2012.06.27 13:21:06.738,1.24657,1.24667,2.25,3.60
2012.06.27 13:21:07.239,1.24658,1.24667,2.25,1.50
2012.06.27 13:21:07.806,1.24659,1.24668,1.50,1.05
2012.06.27 13:21:08.266,1.24657,1.24666,4.50,1.50
2012.06.27 13:21:08.610,1.24656,1.24664,3.00,1.50
2012.06.27 13:21:09.228,1.24655,1.24664,4.50,2.25
2012.06.27 13:21:09.795,1.24655,1.24664,3.00,1.50
2012.06.27 13:21:11.214,1.24655,1.24664,4.50,1.50
2012.06.27 13:21:13.455,1.24657,1.24666,3.75,1.50
2012.06.27 13:21:13.987,1.24655,1.24662,5.10,1.50
2012.06.27 13:21:14.487,1.24656,1.24666,2.25,4.50
2012.06.27 13:21:15.035,1.24655,1.24665,1.35,1.50
2012.06.27 13:21:15.455,1.24657,1.24666,1.50,5.25
2012.06.27 13:21:18.285,1.24657,1.24665,1.50,1.50
2012.06.27 13:21:18.621,1.24657,1.24664,1.50,2.62
2012.06.27 13:21:18.701,1.24654,1.24662,1.88,2.10
2012.06.27 13:21:19.175,1.24651,1.2466,1.50,1.50
2012.06.27 13:21:19.738,1.2465,1.2466,2.25,3.00
2012.06.27 13:21:20.312,1.24651,1.24661,1.50,4.05
2012.06.27 13:21:20.875,1.2465,1.2466,2.25,2.25
2012.06.27 13:21:22.128,1.2465,1.2466,1.50,2.55
2012.06.27 13:21:22.396,1.2465,1.2466,2.10,3.30
2012.06.27 13:21:22.731,1.24652,1.2466,1.50,1.05
2012.06.27 13:21:23.294,1.24652,1.24661,1.50,4.05
2012.06.27 13:21:23.916,1.24652,1.2466,1.50,1.05
2012.06.27 13:21:24.455,1.24652,1.2466,1.50,1.05
2012.06.27 13:21:25.384,1.24652,1.24661,1.50,3.75
2012.06.27 13:21:26.526,1.24652,1.24661,2.25,3.75
2012.06.27 13:21:27.115,1.24652,1.24661,2.25,3.75
2012.06.27 13:21:27.187,1.24652,1.24661,2.25,3.00
2012.06.27 13:21:27.904,1.24654,1.24662,1.50,5.55
2012.06.27 13:21:28.434,1.24654,1.24662,1.50,4.05
2012.06.27 13:21:29.157,1.24654,1.24662,1.50,2.55
2012.06.27 13:21:29.806,1.24654,1.24662,1.50,2.25
2012.06.27 13:21:30.335,1.24654,1.24662,1.50,3.00
2012.06.27 13:21:32.293,1.24654,1.24662,1.50,2.25
2012.06.27 13:21:34.560,1.24654,1.24662,2.25,1.05
2012.06.27 13:21:34.848,1.24654,1.24663,2.25,2.63
2012.06.27 13:21:35.369,1.24654,1.24663,2.25,2.63
2012.06.27 13:21:35.904,1.24654,1.24663,2.25,2.25
2012.06.27 13:21:37.155,1.24654,1.24663,3.75,2.55
2012.06.27 13:21:37.567,1.24654,1.24663,3.75,1.80
2012.06.27 13:21:38.965,1.24654,1.24663,3.75,1.50
2012.06.27 13:21:39.494,1.24655,1.24663,1.50,1.50
2012.06.27 13:21:40.038,1.24655,1.24663,1.50,1.50
2012.06.27 13:21:40.323,1.24654,1.24663,3.75,2.55
2012.06.27 13:21:40.535,1.24654,1.24663,2.25,2.55
2012.06.27 13:21:41.009,1.24651,1.24662,3.00,3.30
2012.06.27 13:21:41.545,1.24651,1.24662,3.00,8.18
2012.06.27 13:21:41.620,1.24651,1.24662,1.50,7.05
2012.06.27 13:21:44.007,1.24651,1.24662,2.25,6.75
2012.06.27 13:21:46.408,1.24651,1.24662,3.75,6.75
2012.06.27 13:21:47.574,1.24651,1.24662,3.75,7.80
2012.06.27 13:21:48.107,1.24651,1.24662,3.00,7.05
2012.06.27 13:21:48.434,1.24654,1.24662,1.50,5.55
2012.06.27 13:21:49.056,1.24654,1.24662,1.50,4.05
2012.06.27 13:21:49.656,1.24653,1.24662,2.25,2.25
2012.06.27 13:21:50.218,1.24654,1.24664,2.25,5.63
2012.06.27 13:21:50.957,1.24654,1.24665,3.00,3.30
2012.06.27 13:21:51.324,1.24663,1.2467,2.25,2.10
2012.06.27 13:21:51.395,1.24662,1.24671,1.05,1.80
2012.06.27 13:21:51.538,1.24662,1.24672,1.80,3.75
2012.06.27 13:21:53.122,1.24662,1.24672,3.30,1.50
2012.06.27 13:21:53.618,1.24662,1.24672,1.96,1.50
2012.06.27 13:21:55.425,1.24662,1.24672,2.55,3.00
2012.06.27 13:21:55.974,1.24663,1.24672,2.25,2.55
2012.06.27 13:21:56.815,1.24663,1.24672,3.00,1.80
2012.06.27 13:21:59.727,1.24663,1.24672,1.50,1.50
2012.06.27 13:22:01.577,1.24663,1.24672,3.00,2.25
2012.06.27 13:22:03.602,1.24664,1.24672,1.50,3.00
2012.06.27 13:22:04.157,1.24663,1.24672,2.25,1.50
2012.06.27 13:22:04.519,1.24665,1.24672,3.00,1.13
2012.06.27 13:22:04.869,1.24663,1.24672,2.25,1.80
2012.06.27 13:22:04.957,1.24662,1.24672,1.50,2.18
2012.06.27 13:22:05.032,1.24661,1.24672,3.00,1.50
2012.06.27 13:22:05.599,1.24661,1.24672,4.09,1.50
2012.06.27 13:22:06.095,1.24662,1.24672,2.25,1.50
2012.06.27 13:22:07.797,1.24663,1.24672,1.13,3.00
2012.06.27 13:22:08.228,1.24668,1.24674,2.25,1.50
2012.06.27 13:22:08.659,1.24669,1.24678,3.30,1.50
2012.06.27 13:22:08.809,1.24669,1.24679,4.05,3.00
2012.06.27 13:22:09.031,1.24669,1.24678,2.55,2.25
2012.06.27 13:22:09.181,1.2467,1.2468,1.43,6.30
2012.06.27 13:22:09.892,1.24671,1.24681,1.05,1.80
2012.06.27 13:22:10.458,1.24671,1.24682,1.05,1.80
2012.06.27 13:22:12.535,1.24672,1.24682,2.93,1.80
2012.06.27 13:22:13.017,1.24672,1.24683,2.18,6.97
2012.06.27 13:22:13.801,1.24674,1.24684,2.48,2.93
2012.06.27 13:22:14.357,1.24674,1.24684,1.88,1.05
2012.06.27 13:22:14.777,1.24676,1.24685,1.65,1.80
2012.06.27 13:22:15.132,1.24676,1.24684,1.80,1.87
2012.06.27 13:22:15.211,1.24675,1.24684,3.45,1.58
2012.06.27 13:22:15.293,1.24676,1.24685,3.38,2.33
2012.06.27 13:22:15.650,1.2468,1.24688,3.00,1.05
2012.06.27 13:22:15.726,1.2468,1.24691,3.34,5.92
2012.06.27 13:22:16.337,1.2468,1.24691,3.53,5.02
2012.06.27 13:22:16.687,1.24679,1.2469,1.28,3.75
2012.06.27 13:22:17.188,1.24678,1.24689,7.65,1.95
2012.06.27 13:22:17.836,1.2468,1.2469,2.78,2.25
2012.06.27 13:22:18.397,1.24684,1.24692,1.50,2.63
2012.06.27 13:22:18.466,1.24684,1.24692,1.50,2.63
2012.06.27 13:22:19.015,1.24684,1.24691,1.50,1.13
2012.06.27 13:22:19.288,1.24682,1.24691,2.85,2.63
2012.06.27 13:22:20.369,1.24683,1.24692,1.50,2.25
2012.06.27 13:22:21.304,1.24683,1.24691,1.35,2.25
2012.06.27 13:22:21.447,1.24684,1.24693,2.10,4.43
2012.06.27 13:22:21.995,1.24684,1.24693,1.50,3.68
2012.06.27 13:22:22.497,1.24682,1.24691,3.00,1.50
2012.06.27 13:22:22.858,1.24682,1.24691,2.40,2.25
2012.06.27 13:22:23.429,1.24683,1.24692,2.10,2.55
2012.06.27 13:22:25.219,1.24682,1.24691,3.75,1.50
2012.06.27 13:22:25.576,1.24682,1.24689,3.15,1.50
2012.06.27 13:22:25.718,1.24682,1.24691,4.65,1.50
2012.06.27 13:22:26.069,1.24683,1.24693,8.10,1.80
2012.06.27 13:22:26.430,1.24688,1.24697,7.35,3.30
2012.06.27 13:22:26.799,1.24693,1.24699,1.35,1.50
2012.06.27 13:22:27.017,1.24692,1.24702,1.35,3.00
2012.06.27 13:22:27.230,1.24692,1.24701,1.13,3.60
2012.06.27 13:22:27.589,1.24687,1.24694,7.35,2.25
2012.06.27 13:22:28.050,1.24687,1.24696,5.10,3.75
2012.06.27 13:22:28.134,1.2469,1.24697,2.10,1.50
2012.06.27 13:22:28.206,1.2469,1.24697,1.50,1.50
2012.06.27 13:22:28.757,1.2469,1.24697,1.50,2.25
2012.06.27 13:22:29.517,1.24686,1.24696,3.75,2.25
2012.06.27 13:22:29.728,1.24686,1.24695,1.50,3.75
2012.06.27 13:22:30.234,1.24687,1.24697,2.25,4.50
2012.06.27 13:22:30.309,1.24687,1.24698,1.65,5.93
2012.06.27 13:22:30.596,1.24688,1.24697,1.50,1.50
2012.06.27 13:22:30.817,1.2469,1.24698,1.50,8.85
2012.06.27 13:22:30.894,1.24687,1.24698,3.90,9.60
2012.06.27 13:22:30.976,1.24687,1.24697,3.15,1.50
2012.06.27 13:22:31.654,1.24685,1.24695,4.50,1.50
2012.06.27 13:22:31.748,1.24685,1.24694,1.13,3.00
2012.06.27 13:22:32.728,1.24686,1.24695,1.50,1.50
2012.06.27 13:22:33.157,1.24686,1.24695,1.50,6.00
2012.06.27 13:22:33.369,1.24684,1.24695,1.35,5.85
2012.06.27 13:22:33.767,1.24685,1.24695,1.62,5.63
2012.06.27 13:22:33.842,1.24687,1.24695,1.35,3.38
2012.06.27 13:22:34.408,1.24688,1.24695,1.50,2.25
2012.06.27 13:22:35.149,1.24688,1.24698,2.10,3.30
2012.06.27 13:22:35.697,1.24689,1.24698,1.50,6.30
2012.06.27 13:22:35.979,1.24688,1.24698,1.50,6.00
2012.06.27 13:22:36.058,1.24687,1.24698,4.20,8.25
2012.06.27 13:22:36.199,1.24688,1.24697,2.10,3.75
2012.06.27 13:22:36.354,1.2469,1.24695,1.50,1.50
2012.06.27 13:22:36.566,1.24688,1.24698,3.45,3.30
2012.06.27 13:22:36.828,1.24687,1.24695,3.23,1.50
2012.06.27 13:22:37.178,1.24685,1.24694,1.47,2.25
2012.06.27 13:22:37.531,1.24684,1.24689,1.13,1.50
2012.06.27 13:22:37.879,1.24684,1.24692,1.13,1.50
2012.06.27 13:22:38.676,1.24688,1.24693,1.20,1.50
2012.06.27 13:22:38.760,1.24688,1.24695,2.85,1.50
2012.06.27 13:22:39.259,1.24691,1.24697,1.02,3.30
2012.06.27 13:22:39.622,1.24692,1.24697,1.50,2.93
2012.06.27 13:22:39.700,1.2469,1.247,2.25,3.38
2012.06.27 13:22:39.779,1.24689,1.24703,2.25,5.32
2012.06.27 13:22:39.859,1.24694,1.24699,1.84,3.75
2012.06.27 13:22:39.939,1.24692,1.24702,2.85,1.35
2012.06.27 13:22:40.229,1.24695,1.24701,9.75,1.50
2012.06.27 13:22:40.309,1.24695,1.24702,9.75,1.50
2012.06.27 13:22:40.390,1.24694,1.24705,2.63,2.85
2012.06.27 13:22:41.696,1.24696,1.24705,3.00,5.69
2012.06.27 13:22:41.795,1.24697,1.24706,1.13,1.35
2012.06.27 13:22:42.233,1.24697,1.24707,1.50,1.80
2012.06.27 13:22:42.379,1.24695,1.2471,2.25,2.55
2012.06.27 13:22:42.736,1.24699,1.24708,2.25,4.13
2012.06.27 13:22:43.089,1.247,1.24708,3.00,1.50
2012.06.27 13:22:43.237,1.24701,1.24708,1.50,1.13
2012.06.27 13:22:43.809,1.24701,1.2471,2.25,1.88
2012.06.27 13:22:44.520,1.24701,1.24711,5.55,2.25
2012.06.27 13:22:45.021,1.24702,1.24711,1.09,3.75
2012.06.27 13:22:45.105,1.24702,1.24712,1.50,4.88
2012.06.27 13:22:45.316,1.24703,1.24712,1.50,1.50
2012.06.27 13:22:45.392,1.24704,1.24714,5.22,1.88
2012.06.27 13:22:45.542,1.24705,1.24715,1.50,1.50
2012.06.27 13:22:45.897,1.24707,1.24714,1.50,1.50
2012.06.27 13:22:46.466,1.24706,1.24716,2.25,2.18
2012.06.27 13:22:46.752,1.24708,1.24716,2.25,2.67
2012.06.27 13:22:47.318,1.24709,1.24717,1.50,2.18
2012.06.27 13:22:47.539,1.24709,1.24718,1.50,2.85
2012.06.27 13:22:48.053,1.24716,1.24725,5.44,1.50
2012.06.27 13:22:48.137,1.24718,1.24727,2.25,2.63
2012.06.27 13:22:48.346,1.24718,1.24727,2.25,3.00
2012.06.27 13:22:48.488,1.24718,1.24726,1.50,2.63
2012.06.27 13:22:48.567,1.24718,1.24726,1.50,2.63
2012.06.27 13:22:49.132,1.2472,1.24728,2.18,1.43
2012.06.27 13:22:49.207,1.2472,1.24729,2.93,2.51
2012.06.27 13:22:49.708,1.24721,1.2473,2.93,5.63
2012.06.27 13:22:49.918,1.24723,1.24731,2.25,2.25
2012.06.27 13:22:50.071,1.24727,1.24733,1.43,1.13
2012.06.27 13:22:50.150,1.24725,1.24733,1.43,1.13
2012.06.27 13:22:50.298,1.24723,1.24733,1.43,1.13
2012.06.27 13:22:50.379,1.24723,1.24733,1.43,2.18
2012.06.27 13:22:50.739,1.24724,1.24733,2.85,6.60
2012.06.27 13:22:51.306,1.24724,1.24734,3.00,3.30
2012.06.27 13:22:51.403,1.24724,1.24734,2.25,2.63
2012.06.27 13:22:51.475,1.24724,1.24734,2.25,2.25
2012.06.27 13:22:51.548,1.24726,1.24735,1.43,4.50
2012.06.27 13:22:52.507,1.24726,1.24735,1.43,2.63
2012.06.27 13:22:52.574,1.24726,1.24735,1.43,3.38
2012.06.27 13:22:52.997,1.24724,1.24734,1.43,1.50
2012.06.27 13:22:53.556,1.24725,1.24733,4.50,2.25
2012.06.27 13:22:53.700,1.24728,1.24735,2.18,4.88
2012.06.27 13:22:54.338,1.24729,1.24737,2.25,2.25
2012.06.27 13:22:54.417,1.24729,1.24735,2.25,1.50
2012.06.27 13:22:55.137,1.2473,1.24739,1.88,2.25
2012.06.27 13:22:55.222,1.24733,1.2474,2.25,1.50
2012.06.27 13:22:55.509,1.24734,1.24742,2.25,2.25
2012.06.27 13:22:55.937,1.24734,1.24742,1.50,1.50
2012.06.27 13:22:56.476,1.24734,1.2474,1.50,1.50
2012.06.27 13:22:56.965,1.24733,1.24743,1.88,3.00
2012.06.27 13:22:57.566,1.24733,1.24742,4.13,1.50
2012.06.27 13:22:57.826,1.24733,1.24743,3.38,6.00
2012.06.27 13:22:58.230,1.24731,1.24741,1.50,1.13
2012.06.27 13:22:58.330,1.24729,1.24738,2.25,4.50
2012.06.27 13:22:58.885,1.24729,1.24738,2.25,3.75
2012.06.27 13:22:58.957,1.24731,1.24738,1.50,2.25
2012.06.27 13:22:59.155,1.24729,1.24738,2.25,2.25
2012.06.27 13:22:59.697,1.24728,1.24738,4.50,2.25
2012.06.27 13:23:00.216,1.2473,1.24739,1.50,3.00
2012.06.27 13:23:00.431,1.24731,1.24739,3.00,3.75
2012.06.27 13:23:00.721,1.24733,1.24742,3.00,1.50
2012.06.27 13:23:01.006,1.24733,1.24743,2.25,1.13
2012.06.27 13:23:01.565,1.24733,1.24742,1.50,1.50
2012.06.27 13:23:02.999,1.24733,1.24742,2.25,1.50
2012.06.27 13:23:03.578,1.24732,1.24741,2.25,1.50
2012.06.27 13:23:04.066,1.24733,1.24741,1.50,2.25
2012.06.27 13:23:04.347,1.24734,1.24741,1.50,1.50
2012.06.27 13:23:04.570,1.24733,1.24742,2.25,2.25
2012.06.27 13:23:04.650,1.24734,1.24743,10.35,2.25
2012.06.27 13:23:05.218,1.24737,1.24743,1.50,1.50
2012.06.27 13:23:05.708,1.24737,1.2475,1.50,3.75
2012.06.27 13:23:06.265,1.24737,1.2475,3.00,1.50
2012.06.27 13:23:06.866,1.24737,1.2475,3.75,1.50
2012.06.27 13:23:07.426,1.24737,1.2475,3.75,4.80
2012.06.27 13:23:08.133,1.24737,1.2475,3.00,4.05
2012.06.27 13:23:10.926,1.24736,1.24747,3.75,2.25
2012.06.27 13:23:11.537,1.24738,1.24747,1.50,4.50
2012.06.27 13:23:11.680,1.24739,1.24747,1.50,1.50
2012.06.27 13:23:11.760,1.24741,1.24747,1.50,2.25
2012.06.27 13:23:11.910,1.24741,1.24749,1.09,1.50
2012.06.27 13:23:11.991,1.24741,1.2475,1.09,1.50
2012.06.27 13:23:12.068,1.24742,1.24755,3.30,1.05
2012.06.27 13:23:12.503,1.24741,1.2475,7.84,1.50
2012.06.27 13:23:12.662,1.2474,1.24748,4.13,1.50
2012.06.27 13:23:13.218,1.24738,1.24747,3.00,2.25
2012.06.27 13:23:13.785,1.24738,1.24748,1.50,1.50
2012.06.27 13:23:13.858,1.24738,1.24748,1.50,1.50
2012.06.27 13:23:14.436,1.24738,1.24748,1.50,2.25
2012.06.27 13:23:14.975,1.24737,1.24748,3.75,1.50
2012.06.27 13:23:16.346,1.24738,1.24747,2.25,2.25
2012.06.27 13:23:17.976,1.24738,1.24746,2.25,1.50
2012.06.27 13:23:18.049,1.24738,1.24746,1.50,1.50
2012.06.27 13:23:18.594,1.24737,1.24746,2.25,1.50
2012.06.27 13:23:19.126,1.24737,1.24748,3.75,4.80
2012.06.27 13:23:19.809,1.24738,1.24748,1.50,4.50
2012.06.27 13:23:20.087,1.24736,1.24745,5.93,2.25
2012.06.27 13:23:20.907,1.24735,1.24744,1.88,1.50
2012.06.27 13:23:21.117,1.24736,1.24744,1.50,1.50
2012.06.27 13:23:21.326,1.24736,1.24744,1.50,1.50
2012.06.27 13:23:21.538,1.24736,1.24744,1.50,2.25
2012.06.27 13:23:22.086,1.24736,1.24744,3.00,2.25
2012.06.27 13:23:22.696,1.24731,1.24739,2.25,3.53
2012.06.27 13:23:23.057,1.24733,1.24739,2.85,3.00
2012.06.27 13:23:23.194,1.24732,1.24737,1.13,3.00
2012.06.27 13:23:23.465,1.24733,1.2474,2.63,1.50
2012.06.27 13:23:23.735,1.24733,1.24743,2.25,1.50
2012.06.27 13:23:24.016,1.2473,1.24737,1.09,3.75
2012.06.27 13:23:24.092,1.24728,1.24735,2.18,1.50
2012.06.27 13:23:24.168,1.24726,1.24734,4.09,1.80
2012.06.27 13:23:24.248,1.24726,1.24734,4.09,2.55
2012.06.27 13:23:24.840,1.24724,1.24733,2.44,3.00
2012.06.27 13:23:25.198,1.24726,1.24734,2.25,3.60
2012.06.27 13:23:25.747,1.24726,1.24733,1.50,1.50
2012.06.27 13:23:26.468,1.24723,1.24733,3.75,2.55
2012.06.27 13:23:27.037,1.24723,1.24733,1.50,7.80
2012.06.27 13:23:27.377,1.24724,1.24733,1.50,7.80
2012.06.27 13:23:27.464,1.24727,1.24733,4.35,4.50
2012.06.27 13:23:27.820,1.24725,1.24734,1.09,2.10
2012.06.27 13:23:28.177,1.24724,1.24734,3.75,1.13
2012.06.27 13:23:28.457,1.24727,1.24734,1.50,1.50
2012.06.27 13:23:28.528,1.24725,1.24734,2.25,2.25
2012.06.27 13:23:29.085,1.24723,1.24734,2.63,4.05
2012.06.27 13:23:29.651,1.24722,1.24732,2.25,1.50
2012.06.27 13:23:30.074,1.24721,1.24731,2.25,2.25
2012.06.27 13:23:30.859,1.2472,1.24729,2.59,2.10
2012.06.27 13:23:31.216,1.24719,1.24725,3.75,1.50
2012.06.27 13:23:31.285,1.24716,1.24725,1.88,1.50
2012.06.27 13:23:31.845,1.24715,1.24724,2.25,1.50
2012.06.27 13:23:32.126,1.24716,1.24727,1.50,3.00
2012.06.27 13:23:32.628,1.24717,1.24726,1.50,2.55
2012.06.27 13:23:33.545,1.24716,1.24726,1.50,2.55
2012.06.27 13:23:33.753,1.24717,1.24725,1.50,1.50
2012.06.27 13:23:34.348,1.24716,1.24723,1.50,3.00
2012.06.27 13:23:34.436,1.24713,1.24722,2.25,2.25
2012.06.27 13:23:35.407,1.24711,1.24721,2.40,1.50
2012.06.27 13:23:35.479,1.2471,1.24721,7.13,3.00
2012.06.27 13:23:36.819,1.2471,1.24721,3.75,2.25
2012.06.27 13:23:37.355,1.24711,1.24721,1.50,3.00
2012.06.27 13:23:37.980,1.24711,1.24721,2.25,3.00
2012.06.27 13:23:38.548,1.24711,1.24721,4.13,2.25
2012.06.27 13:23:39.117,1.24712,1.24719,1.50,1.50
2012.06.27 13:23:39.676,1.24712,1.24718,2.25,1.50
2012.06.27 13:23:40.079,1.24709,1.24718,3.15,3.75
2012.06.27 13:23:40.156,1.24709,1.24717,3.15,1.50
2012.06.27 13:23:40.369,1.24707,1.24718,2.25,2.93
2012.06.27 13:23:40.969,1.24707,1.24717,1.50,1.50
2012.06.27 13:23:41.536,1.24707,1.24718,1.50,4.43
2012.06.27 13:23:41.605,1.24706,1.24717,5.85,1.50
2012.06.27 13:23:42.145,1.24706,1.24716,5.10,1.50
2012.06.27 13:23:42.845,1.24706,1.24718,5.10,4.05
2012.06.27 13:23:43.378,1.24705,1.24717,3.68,5.85
2012.06.27 13:23:43.737,1.24707,1.24713,6.00,1.50
2012.06.27 13:23:44.159,1.24705,1.24714,2.25,1.13
2012.06.27 13:23:44.238,1.24704,1.24714,4.84,1.13
2012.06.27 13:23:44.529,1.24703,1.24714,2.25,1.50
2012.06.27 13:23:44.611,1.24699,1.24707,2.85,2.25
2012.06.27 13:23:44.757,1.24699,1.24707,3.54,2.25
2012.06.27 13:23:44.900,1.24702,1.24709,2.25,1.50
2012.06.27 13:23:45.121,1.24702,1.24711,3.19,1.50
2012.06.27 13:23:45.613,1.24706,1.24715,2.55,1.50
2012.06.27 13:23:46.310,1.24707,1.24715,2.25,1.50
2012.06.27 13:23:46.658,1.24706,1.24716,2.25,6.75
2012.06.27 13:23:47.366,1.24706,1.24715,1.50,3.00
2012.06.27 13:23:47.918,1.24705,1.24715,1.50,3.00
2012.06.27 13:23:48.897,1.24705,1.24714,1.50,2.55
2012.06.27 13:23:49.988,1.24703,1.24712,2.25,3.75
2012.06.27 13:23:50.070,1.24701,1.2471,1.50,1.05
2012.06.27 13:23:50.147,1.247,1.2471,3.00,1.80
2012.06.27 13:23:50.290,1.247,1.2471,2.25,1.80
2012.06.27 13:23:50.649,1.24698,1.24708,2.25,1.50
2012.06.27 13:23:51.216,1.247,1.24708,1.50,1.50
2012.06.27 13:23:52.618,1.24699,1.24706,1.50,1.50
2012.06.27 13:23:54.135,1.24698,1.24706,1.84,1.50
2012.06.27 13:23:54.640,1.24698,1.24706,1.84,1.50
2012.06.27 13:23:54.999,1.24696,1.24705,1.84,2.25
2012.06.27 13:23:55.218,1.24694,1.24703,2.48,4.50
2012.06.27 13:23:55.774,1.24693,1.24703,2.25,4.05
2012.06.27 13:23:56.305,1.24693,1.24703,1.50,3.30
2012.06.27 13:23:56.517,1.24694,1.24703,1.50,2.55
2012.06.27 13:23:56.865,1.24692,1.24703,6.98,2.25
2012.06.27 13:23:57.425,1.24694,1.24703,2.25,2.55
2012.06.27 13:23:57.566,1.24694,1.24703,3.00,3.30
2012.06.27 13:23:58.126,1.24695,1.24703,2.25,1.50
2012.06.27 13:23:59.007,1.24695,1.24703,3.38,1.50
2012.06.27 13:23:59.439,1.24696,1.24706,2.03,7.20
2012.06.27 13:23:59.656,1.24697,1.24708,2.78,4.35
2012.06.27 13:24:00.076,1.24698,1.24708,3.30,1.50
2012.06.27 13:24:00.428,1.24701,1.24707,1.50,1.50
2012.06.27 13:24:00.650,1.24702,1.24708,2.85,1.50
2012.06.27 13:24:00.733,1.24703,1.24709,1.88,1.50
2012.06.27 13:24:00.810,1.24703,1.24711,2.63,1.50
2012.06.27 13:24:01.032,1.24704,1.24712,1.65,1.50
2012.06.27 13:24:01.316,1.2471,1.24719,2.97,5.40
2012.06.27 13:24:01.390,1.2471,1.24719,3.00,1.80
2012.06.27 13:24:01.539,1.2471,1.24719,1.28,4.73
2012.06.27 13:24:02.104,1.24709,1.24718,1.50,1.80
2012.06.27 13:24:02.554,1.24707,1.24717,2.25,2.10
2012.06.27 13:24:03.052,1.24707,1.24714,1.50,1.73
2012.06.27 13:24:03.127,1.24704,1.24713,1.50,1.43
2012.06.27 13:24:03.268,1.24704,1.24713,1.50,1.43
2012.06.27 13:24:03.758,1.24708,1.24714,1.28,1.43
2012.06.27 13:24:03.841,1.24708,1.24717,3.53,1.43
2012.06.27 13:24:04.057,1.24711,1.24718,1.50,1.88
2012.06.27 13:24:04.614,1.24709,1.24719,2.78,2.55
2012.06.27 13:24:05.116,1.2471,1.24719,1.28,1.43
2012.06.27 13:24:05.714,1.2471,1.24719,1.28,1.43
2012.06.27 13:24:06.505,1.2471,1.24718,1.28,1.50
2012.06.27 13:24:06.799,1.24706,1.24715,1.80,3.00
2012.06.27 13:24:07.355,1.24706,1.24715,3.30,2.25
2012.06.27 13:24:07.636,1.24706,1.24715,3.42,3.00
2012.06.27 13:24:07.986,1.24705,1.24713,1.28,2.55
2012.06.27 13:24:08.528,1.24704,1.24713,6.00,1.50
2012.06.27 13:24:08.682,1.24706,1.24716,3.34,4.13
2012.06.27 13:24:09.192,1.24707,1.24717,2.25,1.50
2012.06.27 13:24:09.724,1.24707,1.24717,2.03,1.50
2012.06.27 13:24:10.267,1.24707,1.24717,1.28,2.25
2012.06.27 13:24:10.954,1.24706,1.24717,6.68,2.25
2012.06.27 13:24:11.922,1.24708,1.24719,1.50,4.43
2012.06.27 13:24:12.678,1.24708,1.24719,2.25,4.43
2012.06.27 13:24:12.971,1.24714,1.24721,1.88,2.40
2012.06.27 13:24:13.053,1.24715,1.24722,2.55,4.20
2012.06.27 13:24:13.199,1.24716,1.24724,1.13,2.55
2012.06.27 13:24:13.278,1.24717,1.24724,3.00,1.05
2012.06.27 13:24:13.709,1.24719,1.24726,1.50,1.50
2012.06.27 13:24:13.857,1.24717,1.24726,5.25,2.25
2012.06.27 13:24:13.940,1.24719,1.24727,1.50,1.05
2012.06.27 13:24:14.090,1.24717,1.24727,1.50,2.55
2012.06.27 13:24:14.297,1.24716,1.24727,3.00,3.30
2012.06.27 13:24:14.656,1.24716,1.24726,1.50,1.50
2012.06.27 13:24:15.168,1.24715,1.24724,3.38,1.50
2012.06.27 13:24:16.324,1.24715,1.24724,1.50,2.25
2012.06.27 13:24:16.739,1.24716,1.24724,1.50,1.50
2012.06.27 13:24:17.030,1.24717,1.24726,3.00,1.50
2012.06.27 13:24:17.586,1.24719,1.24726,1.50,1.50
2012.06.27 13:24:17.935,1.24718,1.24729,3.75,2.93
2012.06.27 13:24:18.734,1.24721,1.24731,3.60,3.30
2012.06.27 13:24:18.890,1.24726,1.24735,1.50,5.02
2012.06.27 13:24:19.457,1.24726,1.24735,1.50,2.25
2012.06.27 13:24:20.158,1.24723,1.24733,3.75,10.16
2012.06.27 13:24:20.307,1.24721,1.2473,1.84,1.50
2012.06.27 13:24:20.808,1.2472,1.2473,1.80,2.55
2012.06.27 13:24:21.088,1.24719,1.2473,3.38,3.30
2012.06.27 13:24:21.297,1.24719,1.2473,3.38,2.55
2012.06.27 13:24:21.648,1.24727,1.24732,1.50,1.50
2012.06.27 13:24:21.926,1.24727,1.24738,3.00,4.28
2012.06.27 13:24:24.165,1.24726,1.24737,2.63,4.73
2012.06.27 13:24:24.704,1.24726,1.24737,3.00,3.23
2012.06.27 13:24:25.344,1.24726,1.24736,3.00,1.50
2012.06.27 13:24:25.688,1.24726,1.24735,1.50,1.05
2012.06.27 13:24:26.109,1.24723,1.24732,1.50,2.25
2012.06.27 13:24:26.191,1.24723,1.24731,1.50,1.05
2012.06.27 13:24:26.548,1.24719,1.24726,1.69,1.50
2012.06.27 13:24:26.625,1.24717,1.24726,3.75,1.50
2012.06.27 13:24:27.153,1.24718,1.24728,1.50,1.50
2012.06.27 13:24:28.087,1.24718,1.24729,1.50,9.68
2012.06.27 13:24:28.225,1.24717,1.24726,3.75,1.50
2012.06.27 13:24:28.787,1.24716,1.24725,1.88,1.50
2012.06.27 13:24:29.476,1.24715,1.24725,1.13,2.25
2012.06.27 13:24:29.828,1.24713,1.24722,1.50,1.50
2012.06.27 13:24:30.835,1.24713,1.24722,3.00,1.50
2012.06.27 13:24:31.257,1.24715,1.24725,2.25,1.13
2012.06.27 13:24:31.692,1.24718,1.24726,1.50,4.80
2012.06.27 13:24:31.997,1.24719,1.24729,1.50,1.88
2012.06.27 13:24:32.209,1.24722,1.24729,1.50,1.13
2012.06.27 13:24:32.781,1.24722,1.24731,3.75,2.55
2012.06.27 13:24:32.926,1.24724,1.24733,2.25,8.55
2012.06.27 13:24:33.464,1.24724,1.24733,1.50,4.05
2012.06.27 13:24:33.746,1.24726,1.24733,1.50,2.55
2012.06.27 13:24:34.299,1.24726,1.24735,3.00,5.55
2012.06.27 13:24:34.451,1.24729,1.24738,2.25,2.18
2012.06.27 13:24:34.878,1.24729,1.24739,3.00,1.80
2012.06.27 13:24:35.543,1.24734,1.24743,6.15,1.13
2012.06.27 13:24:35.697,1.24737,1.24747,1.50,1.88
2012.06.27 13:24:35.767,1.24737,1.24748,1.50,8.93
2012.06.27 13:24:36.328,1.24738,1.24748,1.50,1.88
2012.06.27 13:24:36.867,1.24738,1.24748,1.50,2.63
2012.06.27 13:24:37.136,1.24738,1.24748,1.50,3.38
2012.06.27 13:24:37.814,1.24738,1.24748,1.50,4.13
2012.06.27 13:24:38.376,1.24737,1.24748,2.25,4.13
2012.06.27 13:24:38.895,1.24737,1.24748,1.50,4.43
2012.06.27 13:24:40.620,1.24737,1.24744,1.50,1.80
2012.06.27 13:24:40.848,1.24731,1.24741,3.00,1.80
2012.06.27 13:24:41.406,1.2473,1.24739,2.25,3.75
2012.06.27 13:24:44.470,1.2473,1.24739,1.50,1.50
2012.06.27 13:24:45.535,1.2473,1.24739,2.25,1.50
2012.06.27 13:24:45.682,1.24731,1.2474,3.75,1.50
2012.06.27 13:24:46.083,1.24735,1.24742,1.50,3.38
2012.06.27 13:24:46.166,1.24736,1.24745,1.50,1.05
2012.06.27 13:24:51.484,1.24736,1.24745,1.50,9.49
2012.06.27 13:24:51.566,1.24732,1.24743,5.55,3.30
2012.06.27 13:24:51.921,1.24734,1.24744,2.25,1.80
2012.06.27 13:24:52.476,1.24735,1.24744,3.00,4.05
2012.06.27 13:24:52.827,1.24732,1.24743,5.55,4.05
2012.06.27 13:24:53.354,1.24732,1.24743,4.80,4.80
2012.06.27 13:24:53.894,1.24732,1.24743,4.50,3.30
2012.06.27 13:24:54.734,1.24732,1.24743,4.50,4.05
2012.06.27 13:24:55.394,1.24732,1.24743,5.25,4.05
2012.06.27 13:24:56.254,1.24732,1.24743,5.25,4.05
2012.06.27 13:24:56.766,1.24732,1.24743,4.50,5.78
2012.06.27 13:24:56.837,1.24732,1.2474,3.00,1.50
2012.06.27 13:24:57.048,1.24733,1.24742,1.50,1.50
2012.06.27 13:24:57.127,1.24733,1.24742,1.50,2.25
2012.06.27 13:24:57.620,1.2473,1.2474,2.25,1.05
2012.06.27 13:24:58.177,1.2473,1.24739,2.25,1.50
2012.06.27 13:24:58.648,1.24728,1.24739,3.75,8.25
2012.06.27 13:24:58.721,1.24728,1.24736,2.25,1.05
2012.06.27 13:24:59.287,1.24726,1.24737,3.75,3.75
2012.06.27 13:24:59.839,1.24728,1.24737,2.25,1.50
2012.06.27 13:25:00.471,1.24727,1.24737,1.50,2.25
2012.06.27 13:25:00.629,1.24728,1.24737,1.50,1.50
2012.06.27 13:25:00.708,1.24728,1.24739,4.50,4.80
2012.06.27 13:25:01.616,1.24728,1.24739,3.75,4.43
2012.06.27 13:25:01.759,1.24728,1.24737,2.25,2.55
2012.06.27 13:25:01.840,1.24727,1.24734,1.50,1.50
2012.06.27 13:25:01.916,1.24727,1.24736,3.00,6.00
2012.06.27 13:25:02.432,1.24728,1.24737,3.00,1.80
2012.06.27 13:25:02.704,1.24728,1.24738,3.00,1.05
2012.06.27 13:25:03.838,1.24728,1.24738,2.25,1.05
2012.06.27 13:25:04.051,1.24729,1.24739,3.75,4.72
2012.06.27 13:25:04.715,1.24731,1.24736,1.50,3.90
2012.06.27 13:25:04.794,1.24725,1.24735,3.75,1.50
2012.06.27 13:25:05.325,1.24725,1.24736,2.25,8.40
2012.06.27 13:25:06.077,1.24724,1.24736,3.00,3.90
2012.06.27 13:25:06.637,1.24724,1.24736,2.25,4.08
2012.06.27 13:25:07.154,1.24724,1.24736,3.00,4.08
2012.06.27 13:25:07.716,1.24724,1.24736,3.00,4.08
2012.06.27 13:25:07.969,1.24724,1.24734,2.40,1.80
2012.06.27 13:25:08.328,1.24725,1.24734,3.00,3.75
2012.06.27 13:25:08.410,1.24724,1.24734,5.40,1.05
2012.06.27 13:25:08.491,1.24723,1.24734,1.84,2.55
2012.06.27 13:25:08.571,1.24725,1.24734,1.50,3.75
2012.06.27 13:25:09.290,1.24724,1.24733,1.50,1.80
2012.06.27 13:25:10.277,1.24724,1.24735,2.25,8.78
2012.06.27 13:25:10.835,1.24724,1.24735,3.00,2.63
2012.06.27 13:25:11.336,1.24724,1.24735,3.00,1.88
2012.06.27 13:25:11.875,1.24724,1.24735,3.00,3.38
2012.06.27 13:25:14.296,1.24724,1.24735,2.25,4.13
2012.06.27 13:25:14.834,1.24723,1.24729,3.00,2.10
2012.06.27 13:25:14.928,1.24719,1.24729,1.50,5.18
2012.06.27 13:25:15.009,1.24718,1.24729,2.25,5.18
2012.06.27 13:25:15.508,1.24717,1.24729,4.50,4.43
2012.06.27 13:25:15.717,1.24719,1.24729,1.50,3.68
2012.06.27 13:25:16.406,1.24719,1.24729,1.50,1.88
2012.06.27 13:25:17.306,1.24718,1.24729,2.55,2.25
2012.06.27 13:25:17.847,1.2472,1.24729,1.50,2.25
2012.06.27 13:25:19.270,1.2472,1.24729,1.50,2.25
2012.06.27 13:25:19.805,1.24719,1.24729,2.25,1.50
2012.06.27 13:25:20.317,1.24719,1.2473,3.00,2.25
2012.06.27 13:25:20.875,1.24719,1.2473,3.00,2.25
2012.06.27 13:25:21.385,1.24719,1.2473,3.00,1.50
2012.06.27 13:25:22.867,1.2472,1.24728,2.55,1.50
2012.06.27 13:25:23.216,1.24719,1.24726,1.50,1.50
2012.06.27 13:25:24.318,1.24719,1.24725,1.50,1.50
2012.06.27 13:25:24.671,1.24717,1.24723,4.50,1.50
2012.06.27 13:25:25.285,1.24717,1.24724,3.75,1.50
2012.06.27 13:25:26.358,1.24717,1.24724,2.25,1.50
2012.06.27 13:25:27.378,1.24717,1.24725,2.25,2.25
2012.06.27 13:25:27.939,1.24715,1.24725,1.13,2.25
2012.06.27 13:25:28.486,1.24716,1.24725,1.13,2.25
2012.06.27 13:25:28.907,1.24713,1.24723,2.63,4.35
2012.06.27 13:25:29.187,1.24711,1.24718,2.25,1.50
2012.06.27 13:25:29.715,1.24711,1.24718,1.50,1.50
2012.06.27 13:25:30.071,1.24713,1.2472,1.50,1.80
2012.06.27 13:25:30.634,1.24712,1.2472,1.50,3.30
2012.06.27 13:25:31.715,1.24712,1.2472,1.50,1.50
2012.06.27 13:25:32.985,1.24711,1.2472,4.50,1.50
2012.06.27 13:25:33.317,1.24711,1.2472,3.75,2.25
2012.06.27 13:25:33.527,1.2471,1.2472,2.25,4.35
2012.06.27 13:25:34.066,1.24709,1.24719,2.63,3.75
2012.06.27 13:25:35.611,1.2471,1.24719,1.50,1.50
2012.06.27 13:25:36.249,1.2471,1.2472,2.25,2.25
2012.06.27 13:25:36.329,1.2471,1.24721,4.13,4.05
2012.06.27 13:25:36.409,1.2471,1.24721,3.38,3.75
2012.06.27 13:25:37.306,1.2471,1.24721,2.25,7.05
2012.06.27 13:25:39.541,1.24708,1.24718,2.25,3.30
2012.06.27 13:25:40.287,1.24708,1.24718,1.50,1.80
2012.06.27 13:25:41.277,1.24707,1.24718,2.85,1.80
2012.06.27 13:25:41.838,1.24707,1.24718,2.10,1.13
2012.06.27 13:25:42.343,1.24706,1.24716,2.63,1.05
2012.06.27 13:25:42.490,1.24704,1.24715,1.50,2.25
2012.06.27 13:25:42.707,1.24703,1.24714,4.50,2.25
2012.06.27 13:25:42.779,1.24705,1.24715,2.25,1.80
2012.06.27 13:25:43.137,1.2471,1.24718,1.50,2.10
2012.06.27 13:25:43.433,1.24717,1.24722,1.35,6.00
2012.06.27 13:25:43.576,1.24719,1.24725,1.80,1.50
2012.06.27 13:25:44.249,1.2472,1.24729,1.50,1.50
2012.06.27 13:25:44.612,1.24718,1.24728,2.25,3.52
2012.06.27 13:25:46.406,1.24718,1.24727,1.50,2.63
2012.06.27 13:25:46.966,1.24718,1.24726,1.50,2.25
2012.06.27 13:25:47.826,1.24718,1.24726,1.50,2.25
2012.06.27 13:25:48.259,1.24715,1.24724,5.25,1.50
2012.06.27 13:25:48.770,1.24715,1.24725,3.00,1.50
2012.06.27 13:25:49.337,1.24715,1.24725,3.75,2.25
2012.06.27 13:25:49.897,1.24715,1.24726,3.75,4.80
2012.06.27 13:25:50.415,1.24715,1.24725,3.75,1.50
2012.06.27 13:25:50.998,1.24715,1.24724,1.50,2.25
2012.06.27 13:25:51.554,1.24717,1.24725,1.50,1.50
2012.06.27 13:25:51.759,1.24715,1.24725,2.25,1.50
2012.06.27 13:25:51.836,1.24717,1.24725,2.25,1.50
2012.06.27 13:25:52.398,1.24715,1.24726,5.10,4.05
2012.06.27 13:25:52.480,1.24718,1.24727,1.50,6.98
2012.06.27 13:25:53.047,1.24719,1.24727,1.50,3.23
2012.06.27 13:25:53.471,1.24719,1.24729,2.63,1.80
2012.06.27 13:25:53.868,1.24723,1.24732,2.85,1.88
2012.06.27 13:25:54.017,1.24723,1.24734,5.85,2.55
2012.06.27 13:25:54.159,1.24723,1.24734,4.35,3.00
2012.06.27 13:25:54.240,1.24724,1.24734,2.25,2.55
2012.06.27 13:25:54.810,1.24724,1.24732,1.50,1.50
2012.06.27 13:25:54.888,1.24721,1.24731,4.88,1.05
2012.06.27 13:25:55.111,1.24719,1.24729,7.32,2.55
2012.06.27 13:25:55.193,1.24719,1.24727,3.60,1.50
2012.06.27 13:25:55.759,1.2472,1.24729,1.50,2.25
2012.06.27 13:25:56.259,1.24722,1.24731,2.25,3.38
2012.06.27 13:25:57.018,1.24724,1.24732,1.50,1.43
2012.06.27 13:25:57.584,1.24724,1.24732,1.50,2.18
2012.06.27 13:26:01.756,1.24722,1.24731,3.00,1.50
2012.06.27 13:26:03.097,1.24723,1.24731,1.50,1.50
2012.06.27 13:26:03.376,1.24725,1.24733,1.50,1.50
2012.06.27 13:26:03.449,1.24725,1.24735,3.75,1.50
2012.06.27 13:26:04.005,1.24725,1.24736,3.83,3.00
2012.06.27 13:26:04.426,1.24725,1.24736,3.08,3.75
2012.06.27 13:26:04.987,1.24725,1.24735,4.35,1.50
2012.06.27 13:26:10.815,1.24726,1.24736,1.50,3.75
2012.06.27 13:26:11.365,1.24726,1.24736,2.25,3.00
2012.06.27 13:26:11.901,1.24726,1.24736,1.50,4.50
2012.06.27 13:26:12.434,1.24727,1.24736,1.50,3.00
2012.06.27 13:26:13.396,1.24731,1.24736,1.50,1.50
2012.06.27 13:26:13.525,1.24729,1.24736,1.50,1.50
2012.06.27 13:26:15.836,1.24726,1.24736,2.25,2.25
2012.06.27 13:26:16.388,1.24726,1.24734,1.50,1.50
2012.06.27 13:26:16.998,1.24726,1.24733,1.50,1.50
2012.06.27 13:26:17.544,1.24726,1.24734,1.50,1.50
2012.06.27 13:26:18.095,1.24726,1.24734,1.50,1.50
2012.06.27 13:26:18.786,1.24723,1.24731,1.50,1.50
2012.06.27 13:26:18.869,1.24721,1.2473,2.25,3.00
2012.06.27 13:26:19.567,1.24721,1.2473,4.50,2.25
2012.06.27 13:26:20.108,1.24722,1.24731,2.25,1.13
2012.06.27 13:26:20.820,1.24722,1.24731,1.50,1.13
2012.06.27 13:26:20.902,1.24722,1.24731,1.50,2.18
2012.06.27 13:26:20.981,1.2472,1.24729,3.34,1.50
2012.06.27 13:26:21.545,1.24719,1.24728,1.50,3.75
2012.06.27 13:26:22.497,1.24719,1.24728,2.25,3.75
2012.06.27 13:26:22.849,1.24724,1.24731,1.50,3.75
2012.06.27 13:26:23.243,1.24728,1.24734,1.50,1.05
2012.06.27 13:26:23.400,1.24728,1.24735,2.25,1.50
2012.06.27 13:26:23.618,1.2473,1.24738,1.50,3.00
2012.06.27 13:26:24.154,1.2473,1.24738,1.50,3.00
2012.06.27 13:26:26.055,1.2473,1.24738,1.50,2.25
2012.06.27 13:26:26.428,1.2473,1.24735,1.50,1.50
2012.06.27 13:26:26.719,1.24722,1.24731,2.70,3.00
2012.06.27 13:26:27.075,1.24722,1.2473,1.50,1.50
2012.06.27 13:26:27.594,1.24722,1.2473,1.50,1.50
2012.06.27 13:26:28.098,1.24722,1.24731,1.50,3.75
2012.06.27 13:26:30.289,1.24722,1.24731,1.50,3.75
2012.06.27 13:26:31.166,1.24722,1.24731,1.50,3.00
2012.06.27 13:26:32.154,1.24722,1.24731,2.25,2.25
2012.06.27 13:26:32.878,1.24724,1.24731,1.50,1.50
2012.06.27 13:26:33.415,1.24724,1.24733,2.25,3.68
2012.06.27 13:26:33.943,1.24724,1.24733,2.25,2.63
2012.06.27 13:26:34.506,1.24724,1.24733,1.50,4.88
2012.06.27 13:26:34.925,1.24724,1.24731,1.50,1.50
2012.06.27 13:26:35.206,1.24721,1.24732,3.00,4.80
2012.06.27 13:26:35.560,1.24723,1.24732,1.50,7.05
2012.06.27 13:26:35.852,1.24724,1.24733,1.50,9.68
2012.06.27 13:26:36.417,1.2473,1.2474,1.50,5.18
2012.06.27 13:26:37.798,1.2473,1.24738,1.50,1.50
2012.06.27 13:26:38.344,1.24729,1.24738,1.50,2.25
2012.06.27 13:26:40.007,1.24729,1.24737,1.50,1.50
2012.06.27 13:26:41.066,1.24729,1.24738,1.50,3.00
2012.06.27 13:26:41.615,1.2473,1.24739,1.50,3.00
2012.06.27 13:26:41.757,1.2473,1.24738,1.50,1.50
2012.06.27 13:26:42.105,1.24726,1.24737,5.85,3.75
2012.06.27 13:26:42.317,1.24726,1.24736,5.85,1.50
2012.06.27 13:26:42.876,1.24726,1.24737,5.85,5.10
2012.06.27 13:26:43.556,1.24726,1.24737,5.10,6.60
2012.06.27 13:26:46.089,1.24726,1.24737,3.00,4.65
2012.06.27 13:26:46.634,1.24726,1.24735,3.75,1.50
2012.06.27 13:26:47.197,1.24726,1.24736,3.75,1.50
2012.06.27 13:26:49.365,1.24726,1.24735,3.00,1.80
2012.06.27 13:26:49.647,1.24723,1.24732,2.25,1.80
2012.06.27 13:26:49.790,1.24723,1.24731,1.50,1.50
2012.06.27 13:26:50.356,1.24722,1.24731,1.50,1.80
2012.06.27 13:26:52.299,1.24723,1.24733,1.50,3.68
2012.06.27 13:26:52.865,1.24724,1.24732,1.50,1.05
2012.06.27 13:26:54.546,1.24722,1.24732,2.25,1.05
2012.06.27 13:26:54.737,1.24725,1.24732,2.25,1.05
2012.06.27 13:26:55.028,1.24724,1.24733,4.50,3.30
2012.06.27 13:26:55.169,1.24722,1.24733,3.00,4.80
2012.06.27 13:26:56.127,1.24722,1.24732,2.25,1.43
2012.06.27 13:26:56.636,1.24722,1.24731,1.50,2.55
2012.06.27 13:26:57.573,1.24724,1.24732,4.35,1.50
2012.06.27 13:26:57.656,1.24726,1.24734,2.25,1.32
2012.06.27 13:26:57.730,1.24725,1.24733,3.00,1.80
2012.06.27 13:26:57.954,1.24722,1.24733,4.50,2.55
2012.06.27 13:26:58.658,1.24723,1.24732,2.25,1.80
2012.06.27 13:26:58.870,1.24724,1.24733,3.00,1.88
2012.06.27 13:26:59.425,1.24724,1.24733,1.50,1.88
2012.06.27 13:26:59.954,1.24723,1.24733,1.50,2.63
2012.06.27 13:27:00.519,1.24723,1.24733,1.50,1.88
2012.06.27 13:27:00.737,1.24722,1.24732,3.00,1.50
2012.06.27 13:27:01.428,1.24722,1.24733,3.75,2.18
2012.06.27 13:27:02.716,1.24725,1.24734,1.50,1.50
2012.06.27 13:27:03.217,1.24724,1.24733,1.50,3.00
2012.06.27 13:27:04.887,1.24724,1.24733,1.50,1.80
2012.06.27 13:27:05.438,1.24724,1.24733,3.00,1.50
2012.06.27 13:27:05.658,1.24725,1.24735,3.75,2.93
2012.06.27 13:27:05.742,1.24728,1.24735,3.00,2.18
2012.06.27 13:27:05.957,1.24728,1.24737,2.25,2.25
2012.06.27 13:27:06.031,1.24729,1.24738,3.00,1.05
2012.06.27 13:27:06.390,1.24736,1.24743,2.25,1.13
2012.06.27 13:27:06.964,1.24736,1.24744,1.50,1.65
2012.06.27 13:27:07.490,1.24734,1.24743,2.25,2.03
2012.06.27 13:27:07.991,1.24735,1.24744,1.50,1.13
2012.06.27 13:27:08.539,1.24733,1.24744,4.50,3.90
2012.06.27 13:27:09.599,1.24733,1.24744,3.75,3.90
2012.06.27 13:27:10.488,1.24733,1.24744,3.75,3.15
2012.06.27 13:27:12.635,1.24733,1.24744,3.00,2.63
2012.06.27 13:27:13.138,1.24733,1.24744,5.85,1.88
2012.06.27 13:27:13.568,1.24738,1.24747,2.25,3.08
2012.06.27 13:27:14.128,1.24738,1.24747,1.50,2.03
2012.06.27 13:27:14.765,1.24738,1.24747,3.00,2.03
2012.06.27 13:27:15.305,1.24738,1.24747,1.50,1.50
2012.06.27 13:27:18.756,1.24738,1.24747,1.50,2.03
2012.06.27 13:27:22.726,1.24738,1.24747,1.50,1.50
2012.06.27 13:27:24.054,1.24738,1.24747,3.00,1.50
2012.06.27 13:27:24.669,1.24739,1.2475,2.25,7.05
2012.06.27 13:27:25.678,1.24738,1.24747,3.34,1.50
2012.06.27 13:27:26.792,1.2474,1.24749,1.50,1.58
2012.06.27 13:27:27.147,1.24741,1.24755,2.25,2.25
2012.06.27 13:27:27.705,1.24743,1.24752,3.75,1.05
2012.06.27 13:27:27.917,1.24743,1.24752,3.00,1.05
2012.06.27 13:27:28.736,1.24743,1.24752,3.00,1.05
2012.06.27 13:27:29.378,1.24743,1.24752,3.00,1.05
2012.06.27 13:27:29.916,1.24743,1.24752,3.00,1.05
2012.06.27 13:27:30.056,1.24743,1.24752,3.00,1.05
2012.06.27 13:27:30.588,1.24743,1.24752,3.00,1.05
2012.06.27 13:27:31.146,1.24743,1.24751,1.50,1.50
2012.06.27 13:27:31.346,1.24742,1.24751,3.75,1.50
2012.06.27 13:27:31.975,1.24742,1.24751,3.75,1.50
2012.06.27 13:27:32.655,1.24742,1.24751,4.50,1.50
2012.06.27 13:27:33.457,1.2474,1.24749,4.50,1.50
2012.06.27 13:27:33.608,1.24742,1.24751,2.25,3.00
2012.06.27 13:27:34.458,1.24743,1.24753,3.00,1.88
2012.06.27 13:27:35.017,1.24744,1.24754,1.50,2.25
2012.06.27 13:27:35.299,1.24743,1.24754,4.13,1.50
2012.06.27 13:27:35.367,1.24744,1.24754,1.50,2.25
2012.06.27 13:27:36.625,1.24743,1.24754,4.13,1.50
2012.06.27 13:27:37.127,1.24744,1.24754,1.50,1.50
2012.06.27 13:27:37.644,1.24744,1.24754,1.50,1.50
2012.06.27 13:27:38.258,1.24743,1.24751,2.25,1.50
2012.06.27 13:27:38.515,1.24744,1.24753,2.25,1.50
2012.06.27 13:27:39.058,1.24744,1.24753,2.25,1.50
2012.06.27 13:27:39.616,1.24744,1.24753,1.50,1.50
2012.06.27 13:27:40.177,1.24744,1.24753,1.50,3.30
2012.06.27 13:27:40.709,1.24744,1.24753,1.50,1.80
2012.06.27 13:27:42.778,1.24744,1.24753,2.25,2.25
2012.06.27 13:27:43.131,1.24745,1.24755,2.25,4.50
2012.06.27 13:27:43.212,1.24746,1.24755,1.50,3.00
2012.06.27 13:27:43.711,1.24751,1.24761,2.55,1.05
2012.06.27 13:27:43.931,1.24754,1.24761,1.84,1.50
2012.06.27 13:27:44.359,1.24754,1.24763,2.59,1.50
2012.06.27 13:27:44.897,1.24755,1.24764,2.25,1.73
2012.06.27 13:27:45.876,1.24754,1.24763,2.74,1.43
2012.06.27 13:27:46.023,1.24753,1.24763,1.95,2.93
2012.06.27 13:27:46.589,1.24753,1.24762,3.00,1.43
2012.06.27 13:27:48.549,1.24749,1.24762,3.00,1.43
2012.06.27 13:27:48.770,1.24755,1.24764,1.50,1.73
2012.06.27 13:27:49.299,1.24754,1.24764,1.95,1.50
2012.06.27 13:27:49.732,1.24754,1.24765,4.20,4.05
2012.06.27 13:27:50.299,1.24754,1.24765,5.70,4.05
2012.06.27 13:27:50.730,1.24757,1.24766,1.50,4.05
2012.06.27 13:27:51.089,1.24754,1.24759,2.25,1.80
2012.06.27 13:27:51.173,1.24748,1.24757,10.80,2.25
2012.06.27 13:27:51.248,1.24749,1.24756,3.75,1.50
2012.06.27 13:27:51.817,1.24748,1.24756,1.50,3.30
2012.06.27 13:27:52.342,1.24747,1.24756,1.50,3.30
2012.06.27 13:27:52.643,1.24744,1.24753,5.67,3.60
2012.06.27 13:27:52.933,1.24744,1.24753,1.50,5.93
2012.06.27 13:27:53.080,1.24744,1.24752,1.50,1.88
2012.06.27 13:27:53.230,1.24744,1.2475,1.20,1.50
2012.06.27 13:27:53.310,1.24743,1.24754,4.43,5.93
2012.06.27 13:27:53.388,1.24743,1.24754,4.77,4.43
2012.06.27 13:27:53.936,1.24743,1.24754,4.58,3.30
2012.06.27 13:27:54.485,1.24744,1.24754,1.28,3.00
2012.06.27 13:27:55.019,1.24744,1.24754,1.28,3.00
2012.06.27 13:27:55.985,1.24744,1.24754,2.03,2.25
2012.06.27 13:27:56.128,1.24746,1.24755,3.53,3.30
2012.06.27 13:27:56.648,1.24748,1.24756,1.50,1.88
2012.06.27 13:27:57.277,1.24746,1.24755,5.78,1.50
2012.06.27 13:27:58.268,1.24746,1.24755,3.53,1.50
2012.06.27 13:27:59.109,1.24745,1.24756,5.03,2.63
2012.06.27 13:27:59.188,1.24745,1.24756,5.03,3.68
2012.06.27 13:27:59.986,1.24746,1.24755,2.25,2.25
2012.06.27 13:28:00.601,1.24746,1.24755,2.78,3.00
2012.06.27 13:28:01.141,1.24746,1.24755,3.53,2.25
2012.06.27 13:28:01.284,1.24747,1.24757,1.50,3.15
2012.06.27 13:28:01.576,1.24746,1.24755,5.03,1.50
2012.06.27 13:28:02.109,1.24746,1.24755,2.78,1.50
2012.06.27 13:28:02.469,1.2475,1.24759,1.48,4.13
2012.06.27 13:28:02.775,1.24752,1.24758,2.55,1.50
2012.06.27 13:28:02.926,1.24753,1.24759,3.00,1.05
2012.06.27 13:28:03.001,1.24753,1.24761,2.25,1.80
2012.06.27 13:28:03.152,1.24753,1.24763,6.30,1.35
2012.06.27 13:28:03.443,1.24756,1.24762,1.50,1.50
2012.06.27 13:28:04.189,1.24755,1.24764,3.00,2.25
2012.06.27 13:28:04.562,1.24757,1.24763,1.35,1.50
2012.06.27 13:28:04.782,1.24756,1.24766,3.60,1.88
2012.06.27 13:28:05.141,1.24757,1.24767,3.00,1.88
2012.06.27 13:28:05.706,1.24758,1.24768,1.50,2.63
2012.06.27 13:28:06.272,1.24759,1.24768,2.40,5.63
2012.06.27 13:28:06.419,1.2476,1.24769,2.10,3.00
2012.06.27 13:28:07.268,1.24761,1.24769,3.15,1.50
2012.06.27 13:28:07.357,1.24761,1.24772,4.43,8.47
2012.06.27 13:28:07.571,1.24762,1.24772,1.73,3.22
2012.06.27 13:28:07.931,1.24762,1.24773,1.73,2.63
2012.06.27 13:28:08.149,1.24764,1.24773,3.00,1.50
2012.06.27 13:28:08.234,1.24764,1.24775,2.25,3.00
2012.06.27 13:28:08.379,1.24766,1.24775,2.85,2.25
2012.06.27 13:28:08.742,1.24766,1.24776,4.58,1.50
2012.06.27 13:28:08.959,1.24773,1.24779,1.50,1.50
2012.06.27 13:28:09.320,1.24771,1.24779,1.20,8.63
2012.06.27 13:28:09.403,1.2477,1.24776,1.20,1.50
2012.06.27 13:28:09.547,1.24768,1.24775,1.80,3.00
2012.06.27 13:28:10.273,1.24768,1.24777,1.05,1.50
2012.06.27 13:28:10.420,1.24769,1.24778,3.00,5.40
2012.06.27 13:28:11.129,1.24769,1.24778,2.97,2.25
2012.06.27 13:28:11.490,1.24767,1.24775,1.73,1.50
2012.06.27 13:28:11.569,1.24766,1.24775,3.00,1.50
2012.06.27 13:28:11.791,1.24767,1.24773,1.50,1.50
2012.06.27 13:28:11.940,1.24763,1.24773,3.94,1.50
2012.06.27 13:28:12.507,1.24765,1.24774,1.50,2.25
2012.06.27 13:28:13.262,1.24765,1.24774,2.10,3.64
2012.06.27 13:28:13.622,1.24768,1.24777,2.85,2.25
2012.06.27 13:28:14.257,1.24769,1.24778,1.35,2.25
2012.06.27 13:28:14.399,1.2477,1.24779,1.50,4.05
2012.06.27 13:28:14.957,1.2477,1.24779,1.50,3.30
2012.06.27 13:28:15.465,1.2477,1.24779,1.50,3.30
2012.06.27 13:28:15.607,1.24768,1.24777,2.85,2.25
2012.06.27 13:28:16.165,1.24768,1.24777,1.50,3.00
2012.06.27 13:28:16.679,1.24768,1.24777,2.85,2.25
2012.06.27 13:28:16.769,1.24773,1.24779,1.35,1.50
2012.06.27 13:28:16.850,1.24771,1.24785,2.82,1.50
2012.06.27 13:28:16.930,1.24774,1.24784,1.50,2.18
2012.06.27 13:28:18.247,1.24772,1.24783,2.48,2.10
2012.06.27 13:28:19.478,1.24771,1.24782,8.33,1.43
2012.06.27 13:28:19.779,1.24773,1.24782,1.35,1.43
2012.06.27 13:28:20.485,1.24773,1.24782,1.35,1.43
2012.06.27 13:28:20.841,1.24771,1.2478,6.08,1.88
2012.06.27 13:28:21.060,1.24766,1.24776,1.35,2.18
2012.06.27 13:28:21.279,1.24765,1.24775,2.85,1.80
2012.06.27 13:28:21.851,1.24765,1.24774,1.35,1.43
2012.06.27 13:28:22.406,1.24767,1.24775,1.09,1.50
2012.06.27 13:28:24.531,1.24768,1.24776,1.50,2.55
2012.06.27 13:28:25.313,1.24766,1.24775,2.25,1.50
2012.06.27 13:28:25.877,1.24767,1.24776,3.00,1.05
2012.06.27 13:28:26.017,1.24767,1.24776,3.00,1.80
2012.06.27 13:28:26.419,1.24767,1.24778,3.75,3.30
2012.06.27 13:28:27.118,1.24767,1.24775,3.00,1.50
2012.06.27 13:28:27.659,1.24767,1.24778,5.25,3.30
2012.06.27 13:28:28.230,1.24767,1.24776,1.50,1.50
2012.06.27 13:28:28.937,1.24767,1.24777,3.75,2.25
2012.06.27 13:28:29.288,1.24769,1.24778,1.50,2.25
2012.06.27 13:28:29.649,1.24767,1.24775,3.23,1.50
2012.06.27 13:28:29.728,1.24766,1.24775,2.85,3.75
2012.06.27 13:28:29.796,1.24765,1.24773,3.60,1.50
2012.06.27 13:28:30.001,1.24765,1.24773,2.63,1.50
2012.06.27 13:28:30.079,1.24766,1.24775,1.88,3.75
2012.06.27 13:28:30.646,1.24766,1.24775,2.63,3.00
2012.06.27 13:28:30.778,1.24766,1.24774,1.88,2.25
2012.06.27 13:28:30.932,1.24769,1.24776,3.00,1.50
2012.06.27 13:28:31.359,1.24769,1.24775,1.50,2.25
2012.06.27 13:28:31.579,1.24763,1.24771,3.60,1.50
2012.06.27 13:28:31.801,1.24764,1.24773,3.75,1.50
2012.06.27 13:28:32.446,1.24763,1.24772,3.98,1.50
2012.06.27 13:28:33.000,1.24764,1.24773,2.25,1.80
2012.06.27 13:28:33.765,1.24763,1.24772,1.13,1.50
2012.06.27 13:28:34.308,1.24761,1.24772,4.88,2.25
2012.06.27 13:28:34.377,1.24761,1.24771,4.13,1.88
2012.06.27 13:28:34.661,1.24759,1.24767,1.50,1.05
2012.06.27 13:28:35.023,1.24757,1.24764,1.50,1.50
2012.06.27 13:28:35.377,1.24758,1.24767,1.50,1.50
2012.06.27 13:28:36.114,1.24758,1.24764,1.50,3.75
2012.06.27 13:28:36.552,1.24756,1.24765,2.25,2.25
2012.06.27 13:28:36.907,1.24754,1.24763,3.38,1.50
2012.06.27 13:28:37.048,1.24754,1.24763,3.00,1.50
2012.06.27 13:28:37.606,1.24754,1.24762,1.50,1.50
2012.06.27 13:28:38.170,1.24754,1.24763,3.00,2.55
2012.06.27 13:28:38.808,1.24754,1.24763,3.00,2.55
2012.06.27 13:28:39.094,1.24757,1.24763,1.50,1.50
2012.06.27 13:28:39.171,1.24757,1.24766,1.50,5.25
2012.06.27 13:28:39.677,1.24757,1.24767,3.75,3.00
2012.06.27 13:28:39.747,1.24757,1.24765,2.25,1.50
2012.06.27 13:28:40.096,1.24756,1.24763,1.50,1.50
2012.06.27 13:28:40.646,1.24755,1.24763,1.50,1.50
2012.06.27 13:28:41.268,1.24755,1.24763,1.50,1.50
2012.06.27 13:28:41.826,1.24754,1.24763,2.25,2.25
2012.06.27 13:28:42.306,1.24754,1.24763,2.25,2.25
2012.06.27 13:28:42.437,1.24754,1.24763,1.50,2.25
2012.06.27 13:28:44.358,1.24754,1.24762,1.50,1.50
2012.06.27 13:28:45.046,1.24754,1.24764,1.50,4.35
2012.06.27 13:28:47.164,1.24753,1.24763,5.18,1.05
2012.06.27 13:28:47.727,1.24756,1.24765,2.25,2.25
2012.06.27 13:28:48.076,1.24756,1.24765,1.50,4.05
2012.06.27 13:28:48.624,1.24755,1.24763,1.80,3.00
2012.06.27 13:28:49.178,1.24754,1.24763,3.00,2.55
2012.06.27 13:28:49.715,1.24753,1.24762,3.30,2.25
2012.06.27 13:28:50.265,1.24754,1.24763,3.75,2.55
2012.06.27 13:28:50.808,1.24754,1.24763,3.00,2.55
2012.06.27 13:28:51.347,1.24754,1.24763,3.00,2.55
2012.06.27 13:28:51.894,1.24754,1.24763,2.25,2.55
2012.06.27 13:28:54.836,1.24754,1.24763,4.05,2.55
2012.06.27 13:28:55.394,1.24754,1.24763,3.30,2.55
2012.06.27 13:28:57.286,1.24754,1.24763,4.80,2.55
2012.06.27 13:28:58.347,1.24754,1.24763,4.43,2.55
2012.06.27 13:28:59.086,1.24754,1.24763,4.05,2.55
2012.06.27 13:28:59.228,1.24757,1.24763,1.50,2.25
2012.06.27 13:28:59.368,1.24759,1.24766,3.30,1.80
2012.06.27 13:29:01.115,1.24757,1.24768,3.30,4.43
2012.06.27 13:29:01.657,1.24757,1.24768,4.05,4.43
2012.06.27 13:29:02.306,1.24757,1.24768,5.18,2.93
2012.06.27 13:29:02.591,1.24759,1.2477,6.30,2.63
2012.06.27 13:29:02.953,1.24763,1.24772,1.50,1.05
2012.06.27 13:29:03.308,1.24763,1.24773,3.72,2.18
2012.06.27 13:29:03.878,1.24763,1.24773,2.63,2.18
2012.06.27 13:29:04.293,1.24763,1.24773,4.88,1.88
2012.06.27 13:29:04.650,1.24767,1.24776,1.50,2.63
2012.06.27 13:29:04.732,1.24769,1.24776,2.25,1.13
2012.06.27 13:29:05.019,1.24769,1.24778,1.50,3.00
2012.06.27 13:29:05.241,1.24766,1.24777,5.89,3.00
2012.06.27 13:29:05.806,1.24764,1.24775,3.75,1.50
2012.06.27 13:29:07.068,1.24765,1.24777,1.50,2.25
2012.06.27 13:29:07.465,1.24764,1.24777,3.75,3.00
2012.06.27 13:29:07.565,1.24768,1.24774,3.30,1.50
2012.06.27 13:29:07.919,1.24767,1.24777,7.35,3.00
2012.06.27 13:29:09.049,1.24767,1.24778,4.80,3.00
2012.06.27 13:29:09.550,1.24768,1.24779,6.60,2.25
2012.06.27 13:29:10.250,1.24776,1.24785,4.80,1.50
2012.06.27 13:29:10.400,1.24775,1.24785,7.73,1.50
2012.06.27 13:29:11.059,1.24774,1.24783,1.50,2.25
2012.06.27 13:29:11.632,1.24774,1.24783,2.25,2.25
2012.06.27 13:29:12.198,1.24774,1.24783,2.25,1.50
2012.06.27 13:29:12.634,1.24776,1.24785,3.75,2.25
2012.06.27 13:29:13.059,1.24776,1.24786,3.68,1.50
2012.06.27 13:29:13.622,1.24776,1.24786,3.75,2.25
2012.06.27 13:29:14.407,1.24776,1.24786,3.75,1.50
2012.06.27 13:29:14.929,1.24776,1.24786,3.68,1.50
2012.06.27 13:29:16.121,1.24775,1.24786,2.85,3.23
2012.06.27 13:29:16.688,1.24777,1.24785,1.50,2.25
2012.06.27 13:29:17.245,1.24777,1.24786,3.38,1.50
2012.06.27 13:29:17.970,1.24777,1.24788,3.38,4.65
2012.06.27 13:29:18.538,1.24777,1.24788,3.00,3.68
2012.06.27 13:29:20.867,1.24778,1.24788,2.63,3.68
2012.06.27 13:29:21.500,1.24781,1.24788,1.13,1.43
2012.06.27 13:29:21.788,1.24784,1.24793,1.50,3.30
2012.06.27 13:29:21.859,1.24784,1.24793,2.63,2.55
2012.06.27 13:29:22.346,1.24785,1.24796,2.25,2.18
2012.06.27 13:29:22.917,1.24789,1.24798,1.50,3.68
2012.06.27 13:29:23.502,1.24789,1.24798,1.50,2.55
2012.06.27 13:29:24.016,1.24787,1.24798,2.63,3.30
2012.06.27 13:29:25.353,1.24787,1.24797,3.38,2.63
2012.06.27 13:29:25.844,1.24786,1.24796,3.38,1.05
2012.06.27 13:29:26.280,1.24786,1.24797,3.30,3.52
2012.06.27 13:29:26.429,1.24788,1.24797,1.50,1.50
2012.06.27 13:29:26.504,1.24789,1.24799,5.10,2.18
2012.06.27 13:29:26.583,1.24791,1.248,2.48,6.00
2012.06.27 13:29:27.148,1.24793,1.248,1.50,1.50
2012.06.27 13:29:27.577,1.24794,1.24803,2.70,3.30
2012.06.27 13:29:28.419,1.24794,1.24803,1.50,4.05
2012.06.27 13:29:28.938,1.24792,1.24802,1.50,2.85
2012.06.27 13:29:29.024,1.24789,1.24799,6.23,1.13
2012.06.27 13:29:29.099,1.24788,1.24799,2.59,1.13
2012.06.27 13:29:29.665,1.24789,1.248,2.63,2.55
2012.06.27 13:29:30.766,1.24789,1.248,3.38,4.05
2012.06.27 13:29:31.324,1.24788,1.248,2.85,3.30
2012.06.27 13:29:31.827,1.24789,1.24798,1.13,1.50
2012.06.27 13:29:33.304,1.2479,1.24799,2.25,2.25
2012.06.27 13:29:33.838,1.24789,1.24799,1.58,2.55
2012.06.27 13:29:34.310,1.24788,1.24795,1.54,1.50
2012.06.27 13:29:34.881,1.24785,1.24794,3.83,1.50
2012.06.27 13:29:35.437,1.24785,1.24795,3.83,2.25
2012.06.27 13:29:35.581,1.24785,1.24795,3.08,2.85
2012.06.27 13:29:35.939,1.24784,1.24791,1.95,1.50
2012.06.27 13:29:36.733,1.24782,1.24791,1.88,3.75
2012.06.27 13:29:37.318,1.24781,1.2479,2.03,1.13
2012.06.27 13:29:38.021,1.24783,1.24791,1.50,2.25
2012.06.27 13:29:38.576,1.24783,1.24792,3.38,1.50
2012.06.27 13:29:39.125,1.24784,1.24793,1.28,1.50
2012.06.27 13:29:39.411,1.24786,1.24794,1.28,2.63
2012.06.27 13:29:39.559,1.24787,1.24796,2.25,1.50
2012.06.27 13:29:40.390,1.24786,1.24796,2.03,2.25
2012.06.27 13:29:40.962,1.24787,1.24797,1.50,1.50
2012.06.27 13:29:41.386,1.24788,1.24798,2.03,2.25
2012.06.27 13:29:41.527,1.24786,1.24797,2.37,1.50
2012.06.27 13:29:42.076,1.24786,1.24796,3.72,1.50
2012.06.27 13:29:42.580,1.24786,1.24796,2.10,1.57
2012.06.27 13:29:42.800,1.24785,1.24794,5.63,1.50
2012.06.27 13:29:42.877,1.24784,1.24792,2.40,1.50
2012.06.27 13:29:43.435,1.24784,1.24791,2.40,1.50
2012.06.27 13:29:43.647,1.24784,1.24793,3.90,2.25
2012.06.27 13:29:43.789,1.24784,1.24791,2.40,1.50
2012.06.27 13:29:44.510,1.24784,1.24793,2.40,2.25
2012.06.27 13:29:45.065,1.24783,1.24794,3.00,2.25
2012.06.27 13:29:45.947,1.24783,1.24795,3.53,1.50
2012.06.27 13:29:46.816,1.24784,1.24796,1.50,3.75
2012.06.27 13:29:47.171,1.24787,1.24796,1.65,1.50
2012.06.27 13:29:47.251,1.24788,1.24798,2.03,3.30
2012.06.27 13:29:47.608,1.24789,1.24798,1.35,1.80
2012.06.27 13:29:47.890,1.24787,1.24795,2.48,1.50
2012.06.27 13:29:48.688,1.24786,1.24795,5.48,1.50
2012.06.27 13:29:49.117,1.24787,1.24795,2.48,1.50
2012.06.27 13:29:49.681,1.24788,1.24795,1.35,1.50
2012.06.27 13:29:50.248,1.24787,1.24795,1.13,3.75
2012.06.27 13:29:50.681,1.24785,1.24794,1.13,3.00
2012.06.27 13:29:51.246,1.24783,1.24792,2.10,2.25
2012.06.27 13:29:52.217,1.24783,1.24793,2.85,1.88
2012.06.27 13:29:52.787,1.24784,1.24793,2.48,1.13
2012.06.27 13:29:53.347,1.24784,1.24793,3.83,1.13
2012.06.27 13:29:53.687,1.24786,1.24795,2.85,2.93
2012.06.27 13:29:54.228,1.24785,1.24793,2.10,1.50
2012.06.27 13:29:54.426,1.24785,1.24795,3.60,1.43
2012.06.27 13:29:56.247,1.24786,1.24793,1.35,1.50
2012.06.27 13:29:56.456,1.24785,1.24795,1.50,3.68
2012.06.27 13:29:56.671,1.24784,1.24795,5.18,3.68
2012.06.27 13:29:57.197,1.24783,1.24794,2.85,3.00
2012.06.27 13:29:57.548,1.2478,1.2479,3.98,4.57
2012.06.27 13:29:57.908,1.24779,1.24785,4.35,1.50
2012.06.27 13:29:58.337,1.24779,1.24788,2.25,1.50
2012.06.27 13:29:58.411,1.24778,1.2479,4.12,4.88
2012.06.27 13:29:58.688,1.24778,1.24788,2.74,1.50
2012.06.27 13:29:59.029,1.24779,1.24788,4.13,1.50
2012.06.27 13:29:59.382,1.24777,1.24788,3.72,3.00
2012.06.27 13:29:59.949,1.24777,1.24787,4.13,1.50
2012.06.27 13:30:00.450,1.24777,1.24788,3.38,4.80
2012.06.27 13:30:01.020,1.24778,1.24788,2.63,2.55
2012.06.27 13:30:01.452,1.24782,1.24789,1.50,1.80
2012.06.27 13:30:01.740,1.24782,1.24791,1.88,3.00
2012.06.27 13:30:02.448,1.24782,1.24792,1.50,1.88
2012.06.27 13:30:03.008,1.24782,1.24793,4.50,2.63
2012.06.27 13:30:04.081,1.24783,1.24793,1.50,1.88
2012.06.27 13:30:04.582,1.24782,1.24792,4.50,1.80
2012.06.27 13:30:05.198,1.24782,1.24791,4.50,2.63
2012.06.27 13:30:05.338,1.24785,1.24793,2.25,2.25
2012.06.27 13:30:05.690,1.24789,1.24795,3.49,1.13
2012.06.27 13:30:06.049,1.24793,1.248,1.50,4.50
2012.06.27 13:30:06.132,1.24792,1.24799,5.29,1.13
2012.06.27 13:30:06.495,1.2479,1.24797,2.18,1.50
2012.06.27 13:30:06.643,1.24787,1.24794,2.78,1.50
2012.06.27 13:30:06.725,1.24786,1.24796,3.72,3.00
2012.06.27 13:30:07.160,1.24788,1.24799,2.85,3.30
2012.06.27 13:30:07.515,1.24788,1.24795,5.07,1.13
2012.06.27 13:30:07.858,1.24793,1.24799,1.43,1.13
2012.06.27 13:30:08.343,1.24791,1.24799,4.43,1.13
2012.06.27 13:30:08.489,1.2479,1.24799,2.55,1.13
2012.06.27 13:30:08.710,1.2479,1.24799,4.05,1.13
2012.06.27 13:30:09.268,1.24789,1.24799,1.88,2.63
2012.06.27 13:30:10.279,1.24793,1.24799,1.50,2.63
2012.06.27 13:30:10.810,1.24792,1.248,4.73,1.13
2012.06.27 13:30:11.906,1.24793,1.24801,1.43,1.13
2012.06.27 13:30:12.472,1.24791,1.24801,4.09,2.25
2012.06.27 13:30:12.901,1.2479,1.24797,5.48,1.13
2012.06.27 13:30:13.397,1.24791,1.24798,3.30,1.13
2012.06.27 13:30:14.242,1.24793,1.24802,1.05,2.25
2012.06.27 13:30:14.810,1.24792,1.24799,2.18,1.13
2012.06.27 13:30:15.028,1.24791,1.24799,4.84,1.13
2012.06.27 13:30:15.106,1.24792,1.24799,2.59,1.13
2012.06.27 13:30:15.666,1.24793,1.24799,1.43,1.13
2012.06.27 13:30:16.425,1.24793,1.24801,2.10,2.63
2012.06.27 13:30:16.779,1.24793,1.24803,4.69,1.88
2012.06.27 13:30:17.330,1.24795,1.24803,1.50,1.88
2012.06.27 13:30:17.549,1.24794,1.24803,1.20,1.88
2012.06.27 13:30:17.617,1.24793,1.24803,3.75,1.13
2012.06.27 13:30:18.182,1.24792,1.24799,3.34,1.13
2012.06.27 13:30:18.550,1.24798,1.24807,5.19,2.40
2012.06.27 13:30:18.780,1.24801,1.24807,1.80,3.00
2012.06.27 13:30:18.863,1.24801,1.24809,2.89,2.25
2012.06.27 13:30:19.219,1.24801,1.2481,5.37,1.13
2012.06.27 13:30:19.299,1.24802,1.2481,2.25,1.13
2012.06.27 13:30:19.450,1.24802,1.24813,5.25,2.25
2012.06.27 13:30:19.531,1.24804,1.24813,2.55,2.25
2012.06.27 13:30:19.749,1.24805,1.24815,2.85,1.50
2012.06.27 13:30:20.039,1.24801,1.24816,2.10,1.50
2012.06.27 13:30:20.703,1.24811,1.24817,2.48,1.50
2012.06.27 13:30:20.786,1.24815,1.24823,1.50,2.63
2012.06.27 13:30:21.348,1.24816,1.24824,3.38,2.25
2012.06.27 13:30:21.417,1.24818,1.24825,1.50,1.50
2012.06.27 13:30:21.966,1.24816,1.2483,5.25,2.63
2012.06.27 13:30:22.041,1.24816,1.24827,5.25,2.63
2012.06.27 13:30:22.256,1.24817,1.24827,1.13,2.63
2012.06.27 13:30:22.750,1.2482,1.24828,3.00,3.30
2012.06.27 13:30:22.969,1.2482,1.2483,5.59,1.88
2012.06.27 13:30:23.052,1.24823,1.24831,1.50,1.50
2012.06.27 13:30:23.861,1.24824,1.24832,1.50,1.50
2012.06.27 13:30:24.651,1.24824,1.24833,2.59,2.63
2012.06.27 13:30:25.020,1.24822,1.2483,3.00,1.50
2012.06.27 13:30:25.521,1.24822,1.24832,3.00,3.68
2012.06.27 13:30:25.601,1.24822,1.24831,2.25,1.50
2012.06.27 13:30:26.030,1.2482,1.24829,3.00,3.38
2012.06.27 13:30:26.674,1.24819,1.24828,1.88,2.25
2012.06.27 13:30:27.043,1.24817,1.24824,3.00,1.88
2012.06.27 13:30:27.608,1.24817,1.24822,1.50,1.88
2012.06.27 13:30:27.818,1.24817,1.24822,3.00,1.88
2012.06.27 13:30:28.034,1.24815,1.24822,1.50,1.88
2012.06.27 13:30:28.177,1.24813,1.24822,1.88,3.38
2012.06.27 13:30:29.215,1.24814,1.24822,1.50,1.88
2012.06.27 13:30:29.874,1.24812,1.24818,2.63,1.50
2012.06.27 13:30:30.032,1.24809,1.24814,2.59,1.13
2012.06.27 13:30:30.534,1.24807,1.24814,2.25,3.38
2012.06.27 13:30:31.076,1.24807,1.24816,4.73,3.38
2012.06.27 13:30:31.571,1.24807,1.24816,3.75,1.88
2012.06.27 13:30:31.859,1.24807,1.24816,5.63,1.88
2012.06.27 13:30:32.218,1.24813,1.24819,1.35,1.50
2012.06.27 13:30:32.501,1.24812,1.24821,3.75,5.63
2012.06.27 13:30:33.088,1.2481,1.24821,2.59,4.13
2012.06.27 13:30:33.175,1.2481,1.2482,1.84,1.50
2012.06.27 13:30:33.394,1.24809,1.24818,1.09,3.30
2012.06.27 13:30:33.610,1.24807,1.24815,2.63,2.25
2012.06.27 13:30:34.445,1.24807,1.24814,3.38,1.13
2012.06.27 13:30:34.798,1.24804,1.24814,5.55,2.55
2012.06.27 13:30:35.079,1.24803,1.24812,3.38,1.50
2012.06.27 13:30:35.445,1.24797,1.24806,2.55,2.47
2012.06.27 13:30:35.519,1.24796,1.24804,2.55,1.50
2012.06.27 13:30:35.811,1.24794,1.24803,4.39,2.25
2012.06.27 13:30:36.338,1.24792,1.24801,3.64,1.50
2012.06.27 13:30:36.827,1.24794,1.24803,1.80,3.75
2012.06.27 13:30:37.590,1.24792,1.24802,1.84,1.50
2012.06.27 13:30:37.887,1.24791,1.24802,4.13,1.50
2012.06.27 13:30:38.100,1.24792,1.24804,6.19,3.38
2012.06.27 13:30:38.250,1.24794,1.24804,2.10,2.63
2012.06.27 13:30:38.330,1.24795,1.24804,3.00,1.88
2012.06.27 13:30:38.479,1.24794,1.24804,1.58,1.13
2012.06.27 13:30:38.900,1.24793,1.24803,6.42,1.50
2012.06.27 13:30:39.256,1.24795,1.24804,2.25,3.38
2012.06.27 13:30:39.467,1.24794,1.24804,3.75,2.63
2012.06.27 13:30:39.822,1.24794,1.24802,2.25,1.50
2012.06.27 13:30:40.041,1.24793,1.24801,1.50,1.13
2012.06.27 13:30:40.538,1.24792,1.248,2.25,2.25
2012.06.27 13:30:40.889,1.24787,1.24793,2.63,1.13
2012.06.27 13:30:41.037,1.24785,1.24793,1.50,1.13
2012.06.27 13:30:41.387,1.24784,1.2479,1.50,1.50
2012.06.27 13:30:41.528,1.24783,1.2479,1.50,1.50
2012.06.27 13:30:41.941,1.24784,1.24792,2.85,1.50
2012.06.27 13:30:42.022,1.24785,1.24794,3.00,1.50
2012.06.27 13:30:42.242,1.24785,1.24791,2.82,1.50
2012.06.27 13:30:42.667,1.24786,1.24795,6.34,1.88
2012.06.27 13:30:43.328,1.24786,1.24795,6.00,1.88
2012.06.27 13:30:43.655,1.24783,1.2479,1.50,3.00
2012.06.27 13:30:43.868,1.24782,1.24791,4.50,2.25
2012.06.27 13:30:44.454,1.24783,1.24792,1.50,2.18
2012.06.27 13:30:44.528,1.24783,1.24792,2.25,2.93
2012.06.27 13:30:44.746,1.24783,1.24792,1.50,2.93
2012.06.27 13:30:46.129,1.24786,1.24792,1.50,1.13
2012.06.27 13:30:47.138,1.24786,1.24793,1.50,1.13
2012.06.27 13:30:47.909,1.24786,1.24793,2.25,1.13
2012.06.27 13:30:48.122,1.24786,1.24795,2.25,2.25
2012.06.27 13:30:48.629,1.24786,1.24795,2.25,3.30
2012.06.27 13:30:48.847,1.24786,1.24792,1.50,1.13
2012.06.27 13:30:49.058,1.24785,1.24792,2.25,1.13
2012.06.27 13:30:49.407,1.24784,1.24792,4.50,1.13
2012.06.27 13:30:49.947,1.24786,1.24792,2.25,1.13
2012.06.27 13:30:50.479,1.24786,1.24792,1.50,1.88
2012.06.27 13:30:51.036,1.24785,1.24792,2.25,1.88
2012.06.27 13:30:51.586,1.24785,1.24792,2.25,1.88
2012.06.27 13:30:51.940,1.24791,1.24796,1.35,1.80
2012.06.27 13:30:52.156,1.24792,1.24798,2.48,3.75
2012.06.27 13:30:52.510,1.24794,1.24802,1.50,1.50
2012.06.27 13:30:53.080,1.24789,1.24794,1.73,1.13
2012.06.27 13:30:53.299,1.24785,1.24795,2.25,1.80
2012.06.27 13:30:53.381,1.24785,1.24794,2.25,4.13
2012.06.27 13:30:53.598,1.24784,1.24794,1.50,4.13
2012.06.27 13:30:54.146,1.24785,1.24794,1.50,4.88
2012.06.27 13:30:54.498,1.24786,1.24792,4.09,1.13
2012.06.27 13:30:54.791,1.24784,1.24792,1.50,4.80
2012.06.27 13:30:55.148,1.24782,1.24792,1.80,2.25
2012.06.27 13:30:55.288,1.2478,1.24791,2.93,3.00
2012.06.27 13:30:55.369,1.2478,1.2479,3.30,1.50
2012.06.27 13:30:55.594,1.24781,1.24788,1.50,1.35
2012.06.27 13:30:55.674,1.2478,1.24788,3.00,1.50
2012.06.27 13:30:55.965,1.24779,1.24787,1.50,2.93
2012.06.27 13:30:56.110,1.24777,1.24787,1.50,3.23
2012.06.27 13:30:56.829,1.24777,1.24785,2.25,1.05
2012.06.27 13:30:57.132,1.24775,1.24785,1.50,1.50
2012.06.27 13:30:57.418,1.24775,1.24782,1.50,3.30
2012.06.27 13:30:57.704,1.24773,1.24782,1.50,1.88
2012.06.27 13:30:57.853,1.24773,1.2478,1.50,1.50
2012.06.27 13:30:58.215,1.24765,1.24774,3.75,2.25
2012.06.27 13:30:58.290,1.24769,1.24774,1.50,2.25
2012.06.27 13:30:58.510,1.24765,1.2477,1.50,1.50
2012.06.27 13:30:58.591,1.24764,1.2477,2.25,3.00
2012.06.27 13:30:58.670,1.24763,1.24768,5.25,2.25
2012.06.27 13:30:59.100,1.24764,1.24771,2.25,1.50
2012.06.27 13:30:59.182,1.24764,1.24772,2.25,1.13
2012.06.27 13:30:59.690,1.24767,1.24773,1.50,1.50
2012.06.27 13:30:59.787,1.24769,1.24775,3.13,1.50
2012.06.27 13:31:00.013,1.24773,1.24779,1.80,1.50
2012.06.27 13:31:00.096,1.24776,1.24781,1.50,1.20
2012.06.27 13:31:00.173,1.24776,1.24784,1.50,3.30
2012.06.27 13:31:00.459,1.24774,1.24782,1.50,2.25
2012.06.27 13:31:00.888,1.24774,1.24782,3.00,1.50
2012.06.27 13:31:01.320,1.24772,1.24782,1.50,2.25
2012.06.27 13:31:01.469,1.24771,1.2478,1.88,6.75
2012.06.27 13:31:01.621,1.24769,1.24777,1.50,1.50
2012.06.27 13:31:01.699,1.24767,1.24778,2.25,2.55
2012.06.27 13:31:01.906,1.24767,1.24777,1.50,1.80
2012.06.27 13:31:02.260,1.24763,1.24773,3.00,1.50
2012.06.27 13:31:02.925,1.24763,1.24771,2.25,2.25
2012.06.27 13:31:03.350,1.24763,1.24772,3.75,1.50
2012.06.27 13:31:03.722,1.24765,1.24772,1.50,3.30
2012.06.27 13:31:03.805,1.24766,1.24772,1.50,4.50
2012.06.27 13:31:04.233,1.24766,1.24773,2.25,1.50
2012.06.27 13:31:05.139,1.24766,1.24774,1.80,2.25
2012.06.27 13:31:05.219,1.24772,1.24781,3.00,2.25
2012.06.27 13:31:05.640,1.24774,1.24781,1.50,1.50
2012.06.27 13:31:05.788,1.24774,1.24783,2.25,2.25
2012.06.27 13:31:06.132,1.24777,1.24783,1.50,1.50
2012.06.27 13:31:06.501,1.24777,1.24784,1.50,2.18
2012.06.27 13:31:06.804,1.24774,1.24783,1.50,3.00
2012.06.27 13:31:07.230,1.24775,1.24784,2.25,2.93
2012.06.27 13:31:07.587,1.24777,1.24786,2.25,1.50
2012.06.27 13:31:08.509,1.24779,1.24786,2.25,1.05
2012.06.27 13:31:09.058,1.2478,1.24787,1.80,4.27
2012.06.27 13:31:09.494,1.24785,1.24791,1.13,4.02
2012.06.27 13:31:09.583,1.24788,1.24793,1.50,1.50
2012.06.27 13:31:09.730,1.24789,1.24797,1.50,3.30
2012.06.27 13:31:10.158,1.24787,1.24796,2.25,2.25
2012.06.27 13:31:10.577,1.2479,1.24796,1.50,1.50
2012.06.27 13:31:10.791,1.2479,1.24798,2.25,1.50
2012.06.27 13:31:10.871,1.24791,1.248,2.25,2.25
2012.06.27 13:31:11.369,1.24792,1.24801,3.38,1.80
2012.06.27 13:31:11.801,1.24791,1.24798,1.13,1.13
2012.06.27 13:31:12.160,1.24789,1.24794,1.50,1.88
2012.06.27 13:31:13.041,1.24787,1.24792,1.50,1.13
2012.06.27 13:31:13.128,1.24784,1.24792,2.25,1.13
2012.06.27 13:31:13.419,1.24784,1.24794,3.75,1.88
2012.06.27 13:31:13.782,1.24787,1.24794,1.50,1.88
2012.06.27 13:31:13.858,1.24785,1.24794,3.00,1.13
2012.06.27 13:31:13.927,1.24787,1.24794,1.50,1.13
2012.06.27 13:31:14.287,1.24789,1.24794,1.50,1.13
2012.06.27 13:31:14.921,1.24787,1.24794,2.25,1.88
2012.06.27 13:31:15.347,1.24789,1.24794,1.50,1.13
2012.06.27 13:31:15.688,1.24787,1.24794,3.75,1.13
2012.06.27 13:31:16.238,1.24787,1.24795,2.25,1.13
2012.06.27 13:31:16.867,1.24787,1.24795,3.38,1.13
2012.06.27 13:31:17.080,1.24789,1.24798,3.00,1.50
2012.06.27 13:31:17.159,1.24789,1.24799,3.00,4.13
2012.06.27 13:31:17.731,1.24792,1.24799,1.50,2.25
2012.06.27 13:31:18.086,1.24792,1.24799,3.00,1.13
2012.06.27 13:31:18.648,1.24793,1.24799,1.50,1.13
2012.06.27 13:31:19.009,1.24791,1.24799,4.50,1.13
2012.06.27 13:31:19.440,1.24789,1.24795,4.47,1.13
2012.06.27 13:31:19.589,1.24789,1.24795,2.97,1.13
2012.06.27 13:31:20.187,1.2479,1.24795,1.50,1.13
2012.06.27 13:31:20.689,1.24789,1.24795,1.50,1.88
2012.06.27 13:31:24.270,1.24788,1.24796,1.50,1.88
2012.06.27 13:31:24.826,1.24789,1.24796,1.50,1.13
2012.06.27 13:31:25.262,1.24792,1.24798,1.13,1.50
2012.06.27 13:31:25.340,1.24792,1.24798,1.13,1.50
2012.06.27 13:31:25.423,1.24792,1.248,4.13,1.50
2012.06.27 13:31:25.500,1.24794,1.248,2.25,1.50
2012.06.27 13:31:25.794,1.24795,1.24803,1.50,2.63
2012.06.27 13:31:26.012,1.24793,1.24803,1.13,3.38
2012.06.27 13:31:26.086,1.24793,1.24803,1.13,1.88
2012.06.27 13:31:26.666,1.24793,1.24804,1.13,1.50
2012.06.27 13:31:27.209,1.24793,1.24803,1.13,2.25
2012.06.27 13:31:27.749,1.24793,1.24803,1.13,2.25
2012.06.27 13:31:28.288,1.248,1.24808,1.50,1.80
2012.06.27 13:31:28.370,1.248,1.24806,3.00,1.13
2012.06.27 13:31:28.449,1.248,1.24807,2.25,1.88
2012.06.27 13:31:28.728,1.24798,1.24807,1.50,2.25
2012.06.27 13:31:29.011,1.24797,1.24804,2.63,1.13
2012.06.27 13:31:29.367,1.24794,1.248,1.13,1.50
2012.06.27 13:31:29.703,1.24791,1.24796,3.38,1.50
2012.06.27 13:31:30.199,1.24787,1.24794,4.13,1.13
2012.06.27 13:31:30.563,1.24786,1.24794,1.13,3.38
2012.06.27 13:31:30.710,1.24785,1.24792,5.63,1.13
2012.06.27 13:31:31.452,1.24782,1.24789,1.50,2.55
2012.06.27 13:31:31.879,1.24786,1.24792,2.48,1.65
2012.06.27 13:31:32.030,1.24787,1.24797,3.00,3.19
2012.06.27 13:31:32.111,1.24787,1.24797,3.00,3.19
2012.06.27 13:31:32.471,1.24789,1.24797,3.00,1.50
2012.06.27 13:31:32.551,1.2479,1.248,1.50,2.78
2012.06.27 13:31:32.632,1.24792,1.248,1.50,2.03
2012.06.27 13:31:32.849,1.24791,1.24801,1.88,3.00
2012.06.27 13:31:33.000,1.24793,1.24801,1.50,2.25
2012.06.27 13:31:33.503,1.24793,1.24802,2.25,3.30
2012.06.27 13:31:33.856,1.24793,1.248,1.50,2.25
2012.06.27 13:31:34.354,1.24791,1.24799,1.50,3.00
2012.06.27 13:31:34.568,1.24788,1.24797,3.38,2.25
2012.06.27 13:31:34.920,1.24787,1.24793,4.13,1.50
2012.06.27 13:31:35.003,1.24787,1.24796,4.88,1.50
2012.06.27 13:31:35.216,1.24791,1.24797,1.50,1.50
2012.06.27 13:31:35.638,1.24787,1.24796,4.13,1.50
2012.06.27 13:31:36.549,1.24787,1.24796,4.13,1.50
2012.06.27 13:31:37.360,1.24789,1.24797,1.73,1.50
2012.06.27 13:31:37.579,1.2479,1.248,2.22,3.00
2012.06.27 13:31:38.223,1.2479,1.24797,3.38,1.50
2012.06.27 13:31:38.619,1.24791,1.24799,2.25,1.50
2012.06.27 13:31:39.185,1.2479,1.24798,2.63,1.50
2012.06.27 13:31:39.259,1.24787,1.24798,7.50,2.85
2012.06.27 13:31:39.412,1.24785,1.24792,6.00,2.25
2012.06.27 13:31:39.631,1.24785,1.2479,1.50,1.50
2012.06.27 13:31:39.856,1.2478,1.24786,1.50,1.13
2012.06.27 13:31:39.944,1.24776,1.24787,3.00,3.00
2012.06.27 13:31:40.021,1.24776,1.24785,2.25,1.88
2012.06.27 13:31:40.377,1.24776,1.24784,1.50,1.13
2012.06.27 13:31:40.797,1.24773,1.24784,3.00,4.13
2012.06.27 13:31:40.943,1.24777,1.24784,1.50,1.50
2012.06.27 13:31:41.441,1.24777,1.24786,1.50,2.25
2012.06.27 13:31:41.910,1.24775,1.24787,2.25,6.30
2012.06.27 13:31:42.269,1.24777,1.24787,1.50,4.84
2012.06.27 13:31:42.837,1.24775,1.24784,3.75,1.50
2012.06.27 13:31:43.338,1.24775,1.24784,3.00,2.25
2012.06.27 13:31:43.907,1.24775,1.24784,2.25,2.25
2012.06.27 13:31:44.258,1.24777,1.24786,1.50,1.50
2012.06.27 13:31:44.608,1.24776,1.24786,6.23,1.50
2012.06.27 13:31:44.967,1.24776,1.24784,1.88,2.25
2012.06.27 13:31:45.553,1.24776,1.24784,1.50,5.10
2012.06.27 13:31:45.630,1.24774,1.24782,1.50,3.60
2012.06.27 13:31:45.781,1.24771,1.2478,2.55,3.75
2012.06.27 13:31:46.139,1.24768,1.24777,1.88,2.25
2012.06.27 13:31:46.217,1.24768,1.24777,2.63,2.25
2012.06.27 13:31:46.431,1.24768,1.24777,2.63,3.00
2012.06.27 13:31:46.648,1.24767,1.24777,2.93,2.25
2012.06.27 13:31:47.138,1.24768,1.24777,2.25,1.50
2012.06.27 13:31:47.897,1.24768,1.24777,3.00,2.25
2012.06.27 13:31:48.310,1.2477,1.24779,2.25,1.50
2012.06.27 13:31:48.847,1.2477,1.24779,2.25,2.55
2012.06.27 13:31:48.922,1.2477,1.24779,1.50,3.75
2012.06.27 13:31:49.487,1.24769,1.24778,1.50,1.80
2012.06.27 13:31:50.046,1.24768,1.24778,3.00,1.05
2012.06.27 13:31:50.397,1.24768,1.24778,2.48,1.80
2012.06.27 13:31:50.677,1.24768,1.24778,2.82,1.50
2012.06.27 13:31:51.265,1.24768,1.24778,2.25,1.50
2012.06.27 13:31:52.562,1.24768,1.24778,1.84,2.55
2012.06.27 13:31:53.588,1.24768,1.24777,1.50,3.00
2012.06.27 13:31:54.146,1.24766,1.24775,3.75,2.25
2012.06.27 13:31:54.707,1.24766,1.24775,2.25,2.25
2012.06.27 13:31:54.854,1.24766,1.24773,1.50,1.50
2012.06.27 13:31:54.997,1.24763,1.24772,3.38,1.50
2012.06.27 13:31:55.558,1.24764,1.24773,1.50,1.50
2012.06.27 13:31:56.167,1.24764,1.24773,1.50,1.50
2012.06.27 13:31:56.670,1.24761,1.24769,1.50,1.80
2012.06.27 13:31:57.031,1.24759,1.24769,2.25,2.55
2012.06.27 13:31:57.597,1.24759,1.24769,1.50,3.30
2012.06.27 13:31:57.947,1.24761,1.24769,1.50,1.80
2012.06.27 13:31:59.410,1.24761,1.2477,1.50,4.13
2012.06.27 13:31:59.968,1.24761,1.2477,3.03,1.88
2012.06.27 13:32:00.679,1.24762,1.2477,2.25,1.50
2012.06.27 13:32:00.766,1.24762,1.24772,2.25,1.05
2012.06.27 13:32:00.908,1.24762,1.24772,2.25,1.80
2012.06.27 13:32:01.467,1.24763,1.24772,1.50,2.55
2012.06.27 13:32:01.818,1.24761,1.24771,2.25,1.80
2012.06.27 13:32:02.099,1.24763,1.24771,1.50,2.55
2012.06.27 13:32:02.308,1.24761,1.24771,3.00,3.60
2012.06.27 13:32:02.598,1.24761,1.24771,1.50,2.55
2012.06.27 13:32:03.162,1.2476,1.2477,1.80,3.30
2012.06.27 13:32:03.726,1.2476,1.2477,1.80,3.30
2012.06.27 13:32:04.533,1.24761,1.2477,2.25,3.75
2012.06.27 13:32:06.627,1.24759,1.24768,3.00,1.50
2012.06.27 13:32:07.213,1.24761,1.2477,1.50,3.10
2012.06.27 13:32:08.637,1.24759,1.2477,3.00,1.50
2012.06.27 13:32:09.232,1.2476,1.2477,2.25,1.80
2012.06.27 13:32:09.590,1.24764,1.24772,2.25,1.05
2012.06.27 13:32:09.738,1.24764,1.24773,3.49,1.34
2012.06.27 13:32:10.788,1.24763,1.24773,2.74,3.68
2012.06.27 13:32:11.066,1.24763,1.24773,1.99,3.30
2012.06.27 13:32:11.417,1.24761,1.2477,5.25,1.50
2012.06.27 13:32:11.633,1.24762,1.24772,2.25,2.55
2012.06.27 13:32:12.058,1.24763,1.24772,1.50,1.05
2012.06.27 13:32:12.689,1.24763,1.24772,1.50,1.80
2012.06.27 13:32:13.257,1.24763,1.24772,1.50,3.30
2012.06.27 13:32:13.797,1.24763,1.24772,3.00,3.30
2012.06.27 13:32:14.336,1.24763,1.24772,1.50,3.30
2012.06.27 13:32:15.129,1.24762,1.24771,1.50,2.25
2012.06.27 13:32:15.206,1.24762,1.2477,1.50,1.50
2012.06.27 13:32:15.351,1.2476,1.24771,2.25,4.05
2012.06.27 13:32:15.501,1.24761,1.24769,1.99,2.25
2012.06.27 13:32:15.717,1.24762,1.24772,2.25,2.70
2012.06.27 13:32:15.929,1.24761,1.24771,2.25,3.30
2012.06.27 13:32:16.076,1.24759,1.24768,3.34,1.50
2012.06.27 13:32:16.618,1.24759,1.24768,2.25,1.50
2012.06.27 13:32:16.772,1.24759,1.24768,1.50,2.25
2012.06.27 13:32:16.850,1.24758,1.24764,3.00,1.50
2012.06.27 13:32:17.221,1.24757,1.24767,2.25,3.75
2012.06.27 13:32:17.299,1.24756,1.24767,2.25,5.25
2012.06.27 13:32:18.248,1.24756,1.24767,1.50,3.75
2012.06.27 13:32:19.447,1.24755,1.24767,1.88,7.73
2012.06.27 13:32:19.980,1.24756,1.24767,1.88,6.38
2012.06.27 13:32:20.408,1.24755,1.24764,1.50,2.03
2012.06.27 13:32:20.928,1.24753,1.24763,3.49,1.50
2012.06.27 13:32:21.500,1.24753,1.24763,2.74,4.13
2012.06.27 13:32:22.057,1.24753,1.24763,1.99,4.50
2012.06.27 13:32:22.617,1.24754,1.24764,3.00,2.25
2012.06.27 13:32:23.169,1.24754,1.24764,3.00,2.25
2012.06.27 13:32:23.498,1.24754,1.24764,1.50,2.55
2012.06.27 13:32:23.852,1.24749,1.2476,4.99,3.60
2012.06.27 13:32:24.411,1.24751,1.2476,1.50,1.80
2012.06.27 13:32:24.977,1.24751,1.24761,3.49,1.80
2012.06.27 13:32:25.402,1.2475,1.24759,2.25,2.63
2012.06.27 13:32:25.899,1.24749,1.24758,2.74,1.13
2012.06.27 13:32:26.466,1.24748,1.24757,3.49,6.00
2012.06.27 13:32:26.609,1.24748,1.24756,3.49,1.13
2012.06.27 13:32:26.833,1.24748,1.24755,1.50,1.50
2012.06.27 13:32:27.187,1.24745,1.2475,1.50,2.25
2012.06.27 13:32:27.627,1.24741,1.24749,1.50,2.25
2012.06.27 13:32:28.129,1.24737,1.24748,3.38,3.30
2012.06.27 13:32:28.700,1.24737,1.24748,4.88,2.55
2012.06.27 13:32:30.207,1.2474,1.24749,1.50,4.50
2012.06.27 13:32:30.565,1.2474,1.24746,1.50,1.80
2012.06.27 13:32:31.356,1.24737,1.24747,1.50,1.13
2012.06.27 13:32:31.986,1.24737,1.24747,1.50,1.13
2012.06.27 13:32:32.546,1.24737,1.24748,1.50,6.15
2012.06.27 13:32:32.757,1.24736,1.24745,4.99,1.50
2012.06.27 13:32:33.319,1.24736,1.24745,4.24,1.50
2012.06.27 13:32:33.810,1.24736,1.24743,1.99,1.50
2012.06.27 13:32:34.448,1.24736,1.24743,1.99,1.50
2012.06.27 13:32:35.296,1.24736,1.24744,1.50,1.50
2012.06.27 13:32:35.662,1.24739,1.24746,1.50,1.80
2012.06.27 13:32:35.963,1.24744,1.24751,4.24,5.22
2012.06.27 13:32:36.319,1.24746,1.24752,1.50,1.05
2012.06.27 13:32:36.678,1.24746,1.24754,1.50,4.99
2012.06.27 13:32:36.760,1.24744,1.24753,1.61,1.13
2012.06.27 13:32:36.993,1.24744,1.24754,3.11,3.00
2012.06.27 13:32:37.072,1.24746,1.24755,2.74,3.75
2012.06.27 13:32:37.501,1.24748,1.24758,1.99,5.10
2012.06.27 13:32:38.289,1.24746,1.24757,3.75,4.88
2012.06.27 13:32:38.953,1.24746,1.24756,1.88,1.80
2012.06.27 13:32:39.455,1.24745,1.24755,2.36,1.50
2012.06.27 13:32:39.813,1.24744,1.24753,1.50,2.25
2012.06.27 13:32:40.378,1.24744,1.24752,1.24,1.50
2012.06.27 13:32:41.005,1.24745,1.24754,1.24,1.50
2012.06.27 13:32:41.150,1.24747,1.24756,1.13,2.55
2012.06.27 13:32:41.440,1.2475,1.24756,1.24,1.80
2012.06.27 13:32:42.120,1.24754,1.24762,4.99,2.40
2012.06.27 13:32:42.206,1.24756,1.24763,2.74,1.50
2012.06.27 13:32:42.838,1.24756,1.24763,2.74,1.50
2012.06.27 13:32:43.396,1.24754,1.24762,3.86,1.32
2012.06.27 13:32:43.748,1.2475,1.24757,1.80,3.53
2012.06.27 13:32:43.963,1.24745,1.24753,1.50,1.50
2012.06.27 13:32:44.041,1.24743,1.24753,1.61,1.50
2012.06.27 13:32:44.869,1.24743,1.24753,3.11,1.50
2012.06.27 13:32:45.163,1.24746,1.24755,1.99,1.50
2012.06.27 13:32:45.677,1.24746,1.24756,2.74,1.80
2012.06.27 13:32:46.238,1.24746,1.24755,3.49,1.50
2012.06.27 13:32:46.797,1.24746,1.24757,5.36,4.05
2012.06.27 13:32:46.945,1.24746,1.24754,4.13,1.50
2012.06.27 13:32:47.302,1.24743,1.24752,1.99,2.25
2012.06.27 13:32:47.869,1.24743,1.24752,2.74,2.25
2012.06.27 13:32:48.087,1.24743,1.24752,2.74,2.25
2012.06.27 13:32:48.438,1.24746,1.24755,1.24,8.63
2012.06.27 13:32:48.722,1.24751,1.24758,1.50,2.25
2012.06.27 13:32:49.093,1.24747,1.24755,2.74,2.25
2012.06.27 13:32:49.439,1.24747,1.24753,3.11,1.50
2012.06.27 13:32:49.793,1.24743,1.2475,2.74,1.50
2012.06.27 13:32:50.357,1.24743,1.2475,1.61,1.50
2012.06.27 13:32:51.448,1.24743,1.2475,2.36,1.50
2012.06.27 13:32:51.728,1.24743,1.24754,5.96,3.00
2012.06.27 13:32:52.443,1.24744,1.24752,1.99,1.50
2012.06.27 13:32:52.947,1.24745,1.24752,1.50,1.50
2012.06.27 13:32:53.300,1.24742,1.2475,1.99,3.30
2012.06.27 13:32:53.379,1.2474,1.24749,1.54,2.25
2012.06.27 13:32:53.463,1.2474,1.24747,1.54,1.50
2012.06.27 13:32:53.820,1.24738,1.24746,1.50,2.25
2012.06.27 13:32:54.318,1.24738,1.24743,2.36,1.50
2012.06.27 13:32:54.877,1.24738,1.24746,2.74,2.25
2012.06.27 13:32:55.580,1.24739,1.24745,1.50,1.50
2012.06.27 13:32:56.710,1.24739,1.24746,1.50,3.00
2012.06.27 13:32:57.270,1.2474,1.24747,1.99,1.50
2012.06.27 13:32:57.699,1.24741,1.24749,1.50,1.88
2012.06.27 13:32:57.780,1.24743,1.24749,1.24,1.88
2012.06.27 13:32:57.930,1.24743,1.24751,1.24,1.50
2012.06.27 13:32:58.418,1.24742,1.24748,1.50,1.50
2012.06.27 13:32:58.769,1.2474,1.24745,1.99,1.50
2012.06.27 13:32:58.850,1.2474,1.24745,1.99,1.50
2012.06.27 13:32:59.417,1.24739,1.24745,3.00,1.50
2012.06.27 13:32:59.561,1.24739,1.24747,3.00,1.50
2012.06.27 13:33:00.095,1.2474,1.24746,1.50,1.50
2012.06.27 13:33:00.192,1.24737,1.24744,1.68,1.50
2012.06.27 13:33:00.760,1.24737,1.24744,1.50,1.50
2012.06.27 13:33:01.122,1.24736,1.24741,1.50,1.50
2012.06.27 13:33:01.560,1.24736,1.24743,1.50,1.50
2012.06.27 13:33:02.450,1.24736,1.24745,1.50,3.75
2012.06.27 13:33:03.017,1.24734,1.24744,2.74,2.63
2012.06.27 13:33:03.367,1.24733,1.24742,2.25,1.88
2012.06.27 13:33:03.508,1.24732,1.24742,3.00,2.63
2012.06.27 13:33:04.014,1.24732,1.24741,3.00,2.25
2012.06.27 13:33:04.367,1.24735,1.24742,1.50,1.13
2012.06.27 13:33:04.930,1.24735,1.24743,2.74,1.50
2012.06.27 13:33:05.430,1.24735,1.24743,1.24,2.25
2012.06.27 13:33:05.722,1.24736,1.24744,3.00,1.50
2012.06.27 13:33:06.151,1.24736,1.24746,4.50,2.25
2012.06.27 13:33:06.231,1.24736,1.24747,4.50,2.93
2012.06.27 13:33:06.797,1.24738,1.24747,1.50,1.50
2012.06.27 13:33:07.472,1.24736,1.24746,1.88,2.10
2012.06.27 13:33:07.832,1.24733,1.24743,3.04,2.25
2012.06.27 13:33:07.910,1.24733,1.2474,3.04,1.50
2012.06.27 13:33:08.483,1.24733,1.2474,1.99,1.50
2012.06.27 13:33:08.629,1.24734,1.24742,1.50,3.75
2012.06.27 13:33:09.468,1.24734,1.24743,1.50,2.55
2012.06.27 13:33:10.238,1.24732,1.24742,2.74,3.60
2012.06.27 13:33:11.365,1.24732,1.24742,3.49,2.40
2012.06.27 13:33:11.926,1.24732,1.24741,3.49,2.25
2012.06.27 13:33:12.491,1.24732,1.2474,1.99,1.05
2012.06.27 13:33:14.349,1.24733,1.24741,1.24,2.63
2012.06.27 13:33:15.183,1.24735,1.24743,1.50,3.68
2012.06.27 13:33:15.747,1.24732,1.24741,2.74,1.50
2012.06.27 13:33:16.657,1.24733,1.24743,2.55,3.60
2012.06.27 13:33:17.278,1.24733,1.24743,2.55,5.10
2012.06.27 13:33:17.792,1.24733,1.24743,2.55,5.10
2012.06.27 13:33:18.355,1.24733,1.24743,3.30,3.60
2012.06.27 13:33:19.019,1.24734,1.24743,1.50,3.60
2012.06.27 13:33:19.459,1.2474,1.24746,1.50,3.68
2012.06.27 13:33:19.829,1.24741,1.24746,3.30,1.50
2012.06.27 13:33:19.969,1.24743,1.2475,1.50,6.00
2012.06.27 13:33:20.261,1.24741,1.24749,1.80,1.88
2012.06.27 13:33:20.552,1.24738,1.24748,5.55,1.50
2012.06.27 13:33:21.119,1.24738,1.24747,3.30,1.50
2012.06.27 13:33:21.678,1.24738,1.24746,1.80,1.50
2012.06.27 13:33:23.950,1.24739,1.24746,4.54,1.50
2012.06.27 13:33:24.241,1.24741,1.2475,3.49,1.50
2012.06.27 13:33:24.732,1.24742,1.24752,3.00,3.00
2012.06.27 13:33:25.196,1.24742,1.24752,2.25,3.00
2012.06.27 13:33:25.599,1.24742,1.24752,3.75,2.25
2012.06.27 13:33:26.225,1.24742,1.24751,1.50,1.50
2012.06.27 13:33:27.309,1.24742,1.24751,2.25,1.50
2012.06.27 13:33:27.848,1.24741,1.24751,3.30,2.25
2012.06.27 13:33:28.680,1.24742,1.24752,4.05,1.05
2012.06.27 13:33:28.897,1.24742,1.24752,5.18,1.05
2012.06.27 13:33:29.457,1.24742,1.24751,3.30,3.30
2012.06.27 13:33:29.949,1.24744,1.24752,1.24,1.50
2012.06.27 13:33:30.310,1.24746,1.24754,2.74,1.35
2012.06.27 13:33:30.529,1.24746,1.24756,2.74,2.55
2012.06.27 13:33:30.610,1.24747,1.24754,1.50,1.50
2012.06.27 13:33:30.972,1.24755,1.2476,1.50,7.47
2012.06.27 13:33:31.190,1.24755,1.24761,1.50,1.95
2012.06.27 13:33:31.342,1.24753,1.24762,1.50,1.05
2012.06.27 13:33:31.894,1.24752,1.24763,2.74,6.52
2012.06.27 13:33:32.628,1.24752,1.24762,1.50,3.75
2012.06.27 13:33:32.699,1.24752,1.24759,1.50,1.50
2012.06.27 13:33:33.050,1.24748,1.24757,2.25,2.25
2012.06.27 13:33:33.131,1.24747,1.24757,2.89,3.00
2012.06.27 13:33:33.487,1.24746,1.24755,3.34,1.50
2012.06.27 13:33:34.106,1.24746,1.24755,4.47,1.50
2012.06.27 13:33:34.309,1.24747,1.24755,2.22,1.50
2012.06.27 13:33:34.598,1.24747,1.24756,3.38,2.25
2012.06.27 13:33:35.018,1.2475,1.24758,1.50,1.50
2012.06.27 13:33:35.566,1.24749,1.24758,2.25,1.50
2012.06.27 13:33:36.140,1.24747,1.24757,2.36,2.25
2012.06.27 13:33:37.786,1.24747,1.24757,1.99,2.25
2012.06.27 13:33:38.297,1.24747,1.24757,1.99,2.25
2012.06.27 13:33:39.037,1.24747,1.24757,2.74,2.25
2012.06.27 13:33:40.637,1.24747,1.24757,1.99,2.25
2012.06.27 13:33:42.009,1.24747,1.24754,1.99,1.50
2012.06.27 13:33:42.828,1.24747,1.24754,1.99,1.50
2012.06.27 13:33:43.781,1.24745,1.24751,2.59,1.50
2012.06.27 13:33:43.934,1.24742,1.24749,3.64,1.50
2012.06.27 13:33:44.017,1.24741,1.24748,2.44,1.05
2012.06.27 13:33:44.371,1.24739,1.24746,2.25,1.95
2012.06.27 13:33:44.449,1.24738,1.24746,2.44,1.50
2012.06.27 13:33:44.520,1.24738,1.24746,1.50,2.25
2012.06.27 13:33:44.598,1.24735,1.24745,1.99,3.00
2012.06.27 13:33:45.146,1.24735,1.24745,1.99,3.00
2012.06.27 13:33:45.287,1.24734,1.24743,2.63,2.25
2012.06.27 13:33:46.182,1.24735,1.24742,1.99,1.50
2012.06.27 13:33:46.470,1.24734,1.24741,1.99,1.50
2012.06.27 13:33:46.974,1.24733,1.24739,2.25,1.50
2012.06.27 13:33:47.059,1.2473,1.24737,1.09,2.25
2012.06.27 13:33:47.210,1.2473,1.24737,1.09,2.25
2012.06.27 13:33:47.499,1.24729,1.24738,1.99,2.55
2012.06.27 13:33:47.653,1.24731,1.24738,1.99,2.25
2012.06.27 13:33:48.216,1.24732,1.24739,1.24,1.50
2012.06.27 13:33:48.783,1.24731,1.2474,3.00,1.88
2012.06.27 13:33:50.527,1.24733,1.24739,1.24,1.50
2012.06.27 13:33:50.950,1.24735,1.24743,1.24,6.00
2012.06.27 13:33:51.030,1.24733,1.24744,2.74,2.93
2012.06.27 13:33:51.319,1.24733,1.24744,4.24,2.18
2012.06.27 13:33:51.596,1.24733,1.24743,4.24,1.50
2012.06.27 13:33:51.877,1.24733,1.24743,4.24,1.50
2012.06.27 13:33:52.428,1.24733,1.24743,3.49,1.50
2012.06.27 13:33:52.869,1.24733,1.24744,3.49,3.68
2012.06.27 13:33:53.426,1.24737,1.24742,1.24,1.50
2012.06.27 13:33:54.628,1.24735,1.24743,1.99,1.50
2012.06.27 13:33:55.468,1.24734,1.24742,1.99,1.50
2012.06.27 13:33:57.189,1.24734,1.2474,1.50,1.50
2012.06.27 13:33:57.757,1.24734,1.24741,1.24,1.50
2012.06.27 13:33:59.588,1.24733,1.24741,1.24,1.50
2012.06.27 13:33:59.673,1.24732,1.2474,1.31,1.50
2012.06.27 13:34:00.036,1.2473,1.24739,1.24,3.75
2012.06.27 13:34:00.671,1.24728,1.24737,3.11,3.30
2012.06.27 13:34:00.819,1.24728,1.24736,1.24,3.75
2012.06.27 13:34:04.251,1.24729,1.24738,1.24,5.10
2012.06.27 13:34:04.468,1.24728,1.24736,1.24,1.50
2012.06.27 13:34:05.095,1.24729,1.24738,4.84,1.50
2012.06.27 13:34:05.452,1.24733,1.24739,3.60,2.25
2012.06.27 13:34:05.811,1.24735,1.24742,1.24,2.25
2012.06.27 13:34:05.887,1.24735,1.24742,1.24,1.50
2012.06.27 13:34:06.311,1.24737,1.24744,1.24,3.00
2012.06.27 13:34:07.417,1.2474,1.24746,1.24,1.50
2012.06.27 13:34:07.979,1.2474,1.24747,1.99,1.50
2012.06.27 13:34:08.486,1.2474,1.24746,1.99,1.50
2012.06.27 13:34:08.837,1.24737,1.24745,2.74,3.00
2012.06.27 13:34:09.385,1.24737,1.24745,1.24,3.00
2012.06.27 13:34:09.939,1.24737,1.24745,1.99,3.00
2012.06.27 13:34:10.443,1.24737,1.24745,1.24,3.00
2012.06.27 13:34:11.000,1.24737,1.24745,1.24,3.30
2012.06.27 13:34:11.805,1.24736,1.24745,2.74,3.30
2012.06.27 13:34:12.304,1.24739,1.24745,1.24,1.50
2012.06.27 13:34:12.383,1.2474,1.24749,1.24,4.20
2012.06.27 13:34:12.532,1.2474,1.24749,2.36,1.50
2012.06.27 13:34:13.079,1.24742,1.24749,1.24,1.50
2012.06.27 13:34:13.646,1.24743,1.24749,1.13,1.50
2012.06.27 13:34:13.861,1.24743,1.24751,2.36,2.18
2012.06.27 13:34:14.225,1.24744,1.24752,2.36,2.55
2012.06.27 13:34:14.585,1.24748,1.24754,1.24,3.00
2012.06.27 13:34:15.073,1.24749,1.24755,1.13,2.10
2012.06.27 13:34:15.154,1.24748,1.24753,1.50,3.00
2012.06.27 13:34:15.511,1.24745,1.2475,1.24,1.50
2012.06.27 13:34:15.589,1.24745,1.2475,1.24,1.50
2012.06.27 13:34:15.878,1.24743,1.24748,3.00,1.50
2012.06.27 13:34:15.958,1.24745,1.24751,2.74,1.50
2012.06.27 13:34:16.662,1.24746,1.24753,1.24,3.00
2012.06.27 13:34:17.228,1.24746,1.24754,1.24,3.75
2012.06.27 13:34:17.580,1.24744,1.24754,1.88,2.55
2012.06.27 13:34:17.661,1.24744,1.24753,1.61,1.13
2012.06.27 13:34:17.744,1.24744,1.24752,1.24,1.80
2012.06.27 13:34:17.818,1.24742,1.24751,3.83,2.63
2012.06.27 13:34:18.217,1.24742,1.24751,1.24,2.93
2012.06.27 13:34:18.999,1.24743,1.24752,1.24,2.25
2012.06.27 13:34:19.432,1.24747,1.24753,1.24,1.50
2012.06.27 13:34:20.210,1.24746,1.24754,1.99,1.50
2012.06.27 13:34:20.558,1.24746,1.24757,1.99,4.50
2012.06.27 13:34:21.118,1.24747,1.24753,1.50,1.50
2012.06.27 13:34:21.940,1.24751,1.24757,1.24,2.25
2012.06.27 13:34:22.531,1.24753,1.24759,1.24,1.50
2012.06.27 13:34:23.102,1.2475,1.24756,4.69,1.50
2012.06.27 13:34:24.018,1.24752,1.24758,1.50,1.50
2012.06.27 13:34:24.301,1.2475,1.24756,3.75,1.50
2012.06.27 13:34:24.453,1.24749,1.24756,2.25,1.50
2012.06.27 13:34:24.674,1.24748,1.24755,1.13,1.50
2012.06.27 13:34:24.752,1.24745,1.24753,1.24,1.88
2012.06.27 13:34:24.831,1.24744,1.24753,1.99,2.63
2012.06.27 13:34:24.914,1.24743,1.24752,3.08,3.38
2012.06.27 13:34:25.132,1.2474,1.24747,2.10,1.50
2012.06.27 13:34:25.212,1.24738,1.24747,2.18,1.50
2012.06.27 13:34:25.295,1.24738,1.24749,4.43,3.30
2012.06.27 13:34:25.837,1.24741,1.24749,4.13,2.25
2012.06.27 13:34:25.926,1.24745,1.2475,1.99,2.25
2012.06.27 13:34:26.467,1.24745,1.24751,1.99,2.25
2012.06.27 13:34:26.754,1.24745,1.24753,1.24,4.05
2012.06.27 13:34:27.111,1.24743,1.24752,1.50,2.55
2012.06.27 13:34:27.677,1.24742,1.24749,1.50,1.50
2012.06.27 13:34:28.237,1.24743,1.24752,1.50,3.30
2012.06.27 13:34:28.977,1.24743,1.24752,1.24,1.50
2012.06.27 13:34:30.251,1.24742,1.24749,2.33,1.88
2012.06.27 13:34:30.336,1.24739,1.24746,1.13,1.80
2012.06.27 13:34:30.827,1.24737,1.24746,5.14,1.05
2012.06.27 13:34:31.111,1.24738,1.24747,1.24,3.38
2012.06.27 13:34:31.259,1.24738,1.24747,1.99,1.50
2012.06.27 13:34:31.805,1.24739,1.24748,2.74,3.00
2012.06.27 13:34:32.847,1.2474,1.24748,1.24,2.25
2012.06.27 13:34:33.408,1.24741,1.24749,2.25,2.55
2012.06.27 13:34:33.957,1.24739,1.24749,1.99,3.30
2012.06.27 13:34:34.508,1.24741,1.24749,2.25,1.50
2012.06.27 13:34:35.647,1.2474,1.24749,1.24,4.50
2012.06.27 13:34:36.198,1.24739,1.24749,1.99,6.00
2012.06.27 13:34:36.335,1.24739,1.24749,1.99,6.00
2012.06.27 13:34:37.076,1.24739,1.24748,1.99,1.13
2012.06.27 13:34:38.464,1.24739,1.24749,1.99,4.13
2012.06.27 13:34:38.537,1.24739,1.24749,1.24,4.13
2012.06.27 13:34:39.088,1.24738,1.24748,2.74,1.05
2012.06.27 13:34:39.616,1.24738,1.24748,2.74,1.05
2012.06.27 13:34:40.179,1.24738,1.24748,1.99,2.55
2012.06.27 13:34:40.608,1.24738,1.24746,1.99,1.50
2012.06.27 13:34:40.749,1.24739,1.24748,3.49,1.80
2012.06.27 13:34:41.278,1.24739,1.24748,1.99,1.80
2012.06.27 13:34:41.835,1.24738,1.24748,4.84,1.80
2012.06.27 13:34:42.571,1.24738,1.24746,1.24,1.50
2012.06.27 13:34:42.717,1.24738,1.24746,1.24,1.50
2012.06.27 13:34:43.280,1.24739,1.24748,1.50,2.55
2012.06.27 13:34:43.849,1.2474,1.24748,2.25,1.80
2012.06.27 13:34:44.351,1.24739,1.24747,2.55,1.50
2012.06.27 13:34:44.907,1.24739,1.24746,2.55,1.50
2012.06.27 13:34:45.048,1.24737,1.24746,5.29,1.50
2012.06.27 13:34:46.307,1.24736,1.24744,1.99,2.25
2012.06.27 13:34:47.468,1.24735,1.24744,2.74,1.80
2012.06.27 13:34:47.536,1.24735,1.24744,1.99,2.25
2012.06.27 13:34:47.888,1.24734,1.24743,1.24,1.50
2012.06.27 13:34:48.507,1.24733,1.24743,2.74,1.50
2012.06.27 13:34:48.654,1.24732,1.24742,3.49,5.25
2012.06.27 13:34:49.151,1.24729,1.24738,4.43,2.25
2012.06.27 13:34:49.227,1.24729,1.24739,4.91,3.30
2012.06.27 13:34:49.791,1.24731,1.24739,1.61,2.25
2012.06.27 13:34:50.011,1.24734,1.24741,1.24,1.05
2012.06.27 13:34:50.946,1.24735,1.24741,1.24,2.25
2012.06.27 13:34:51.582,1.24731,1.24739,1.50,4.50
2012.06.27 13:34:51.732,1.24729,1.24738,1.24,1.50
2012.06.27 13:34:52.087,1.2473,1.24738,1.99,1.13
2012.06.27 13:34:52.370,1.24728,1.24738,2.74,3.30
2012.06.27 13:34:52.871,1.24729,1.24738,1.24,1.05
2012.06.27 13:34:53.300,1.24728,1.24738,2.74,4.05
2012.06.27 13:34:53.382,1.24728,1.24737,1.50,3.00
2012.06.27 13:34:53.460,1.24728,1.24736,1.99,5.55
2012.06.27 13:34:53.938,1.24725,1.24733,1.24,2.55
2012.06.27 13:34:54.027,1.24721,1.24732,2.74,3.68
2012.06.27 13:34:54.102,1.24721,1.24732,2.74,4.95
2012.06.27 13:34:54.529,1.24721,1.24731,1.46,3.38
2012.06.27 13:34:54.820,1.24725,1.24731,1.24,1.80
2012.06.27 13:34:54.903,1.24727,1.24733,1.24,2.25
2012.06.27 13:34:54.985,1.24728,1.24735,1.24,2.18
2012.06.27 13:34:55.479,1.24731,1.24737,1.50,1.50
2012.06.27 13:34:55.624,1.24731,1.24739,1.50,6.00
2012.06.27 13:34:55.768,1.24731,1.24739,3.49,4.13
2012.06.27 13:34:56.119,1.24735,1.24741,1.24,3.98
2012.06.27 13:34:56.481,1.24736,1.24742,1.50,1.88
2012.06.27 13:34:56.866,1.24731,1.24741,3.49,1.88
2012.06.27 13:34:56.946,1.24732,1.24741,1.50,1.13
2012.06.27 13:34:57.851,1.24731,1.24741,3.00,2.25
2012.06.27 13:34:58.213,1.2473,1.2474,2.25,5.93
2012.06.27 13:34:58.292,1.2473,1.24739,1.50,1.88
2012.06.27 13:34:58.581,1.2473,1.24739,3.49,2.63
2012.06.27 13:34:58.731,1.24732,1.24739,1.24,1.50
2012.06.27 13:34:59.297,1.24732,1.24741,3.49,2.63
2012.06.27 13:35:00.807,1.24732,1.24741,3.00,2.63
2012.06.27 13:35:01.358,1.24732,1.24741,3.00,2.63
2012.06.27 13:35:02.170,1.24733,1.24741,1.50,1.88
2012.06.27 13:35:02.528,1.24734,1.24742,1.24,3.38
2012.06.27 13:35:03.018,1.24733,1.24742,1.99,4.50
2012.06.27 13:35:03.372,1.24733,1.24741,1.24,5.93
2012.06.27 13:35:03.521,1.2473,1.2474,1.24,3.00
2012.06.27 13:35:05.290,1.24731,1.24739,2.25,1.50
2012.06.27 13:35:05.594,1.24738,1.24746,1.24,3.68
2012.06.27 13:35:05.673,1.24738,1.24746,1.24,2.63
2012.06.27 13:35:06.031,1.24739,1.24748,1.99,1.13
2012.06.27 13:35:06.253,1.2474,1.24748,2.25,1.13
2012.06.27 13:35:06.624,1.24746,1.24754,1.99,7.13
2012.06.27 13:35:06.979,1.2475,1.24756,1.24,4.50
2012.06.27 13:35:07.502,1.24749,1.24758,3.49,2.25
2012.06.27 13:35:08.057,1.24749,1.24758,3.49,1.13
2012.06.27 13:35:08.341,1.24749,1.24754,1.50,1.50
2012.06.27 13:35:08.492,1.24746,1.24754,4.24,1.50
2012.06.27 13:35:08.643,1.24746,1.24754,2.36,5.25
2012.06.27 13:35:09.000,1.2475,1.24757,1.24,1.50
2012.06.27 13:35:10.838,1.24748,1.24756,1.24,4.50
2012.06.27 13:35:10.990,1.24748,1.24756,1.24,1.50
2012.06.27 13:35:11.209,1.24748,1.24756,2.74,1.63
2012.06.27 13:35:11.359,1.24748,1.24756,3.49,1.50
2012.06.27 13:35:11.579,1.24748,1.24757,3.49,4.50
2012.06.27 13:35:12.117,1.24748,1.24756,2.74,1.50
2012.06.27 13:35:12.190,1.24748,1.24756,2.25,5.25
2012.06.27 13:35:12.749,1.24747,1.24755,1.50,2.25
2012.06.27 13:35:13.091,1.24744,1.24753,2.25,5.25
2012.06.27 13:35:13.727,1.24746,1.24753,1.24,6.00
2012.06.27 13:35:13.872,1.24747,1.24753,1.99,1.50
2012.06.27 13:35:14.469,1.24748,1.24757,2.25,2.55
2012.06.27 13:35:15.236,1.24748,1.24757,2.74,2.55
2012.06.27 13:35:15.588,1.24747,1.24757,3.75,2.63
2012.06.27 13:35:17.026,1.24747,1.24757,3.00,3.38
2012.06.27 13:35:17.378,1.24747,1.24756,5.29,4.80
2012.06.27 13:35:17.936,1.24747,1.24754,2.25,1.50
2012.06.27 13:35:21.612,1.24744,1.24753,2.74,1.50
2012.06.27 13:35:21.834,1.24742,1.24747,2.25,2.25
2012.06.27 13:35:21.985,1.24738,1.24744,2.25,1.50
2012.06.27 13:35:22.061,1.24738,1.24746,1.50,2.85
2012.06.27 13:35:22.347,1.24736,1.24745,1.99,6.68
2012.06.27 13:35:22.988,1.24736,1.24744,1.24,5.63
2012.06.27 13:35:23.631,1.24736,1.24744,1.24,2.63
2012.06.27 13:35:24.197,1.24734,1.24744,1.24,2.63
2012.06.27 13:35:24.758,1.24736,1.24744,1.99,1.88
2012.06.27 13:35:25.307,1.24737,1.24744,1.99,1.13
2012.06.27 13:35:25.927,1.24739,1.24747,1.50,4.43
2012.06.27 13:35:26.068,1.2474,1.24747,1.24,1.50
2012.06.27 13:35:27.697,1.2474,1.24745,1.24,1.50
2012.06.27 13:35:28.180,1.24738,1.24745,2.74,1.50
2012.06.27 13:35:28.750,1.24736,1.24745,4.24,1.50
2012.06.27 13:35:28.830,1.24736,1.24745,3.49,1.50
2012.06.27 13:35:29.366,1.24735,1.24744,1.99,2.25
2012.06.27 13:35:29.779,1.24735,1.24744,1.99,4.13
2012.06.27 13:35:30.067,1.24737,1.24744,1.50,2.63
2012.06.27 13:35:30.781,1.24737,1.24744,1.50,2.63
2012.06.27 13:35:31.463,1.24734,1.24744,2.74,3.75
2012.06.27 13:35:32.029,1.24734,1.24742,1.24,2.55
2012.06.27 13:35:32.531,1.24736,1.24742,1.50,1.50
2012.06.27 13:35:32.748,1.24738,1.24744,1.50,1.88
2012.06.27 13:35:33.576,1.24737,1.24744,1.24,1.13
2012.06.27 13:35:34.129,1.24736,1.24745,1.99,2.63
2012.06.27 13:35:34.671,1.24738,1.24745,1.50,2.63
2012.06.27 13:35:36.829,1.24738,1.24748,4.09,3.30
2012.06.27 13:35:37.180,1.24745,1.24751,1.50,3.00
2012.06.27 13:35:37.542,1.24751,1.24756,1.24,2.80
2012.06.27 13:35:37.626,1.24749,1.24756,3.00,1.60
2012.06.27 13:35:38.177,1.24748,1.24757,1.24,1.13
2012.06.27 13:35:38.249,1.24747,1.24754,3.49,3.75
2012.06.27 13:35:38.390,1.24748,1.24757,1.24,1.13
2012.06.27 13:35:38.951,1.24748,1.24757,1.99,1.13
2012.06.27 13:35:39.519,1.2475,1.24758,1.50,2.25
2012.06.27 13:35:39.948,1.2475,1.24758,1.99,1.50
2012.06.27 13:35:40.297,1.24753,1.24761,1.24,1.50
2012.06.27 13:35:40.858,1.24751,1.2476,2.74,2.25
2012.06.27 13:35:41.419,1.24753,1.24761,1.99,1.50
2012.06.27 13:35:41.779,1.24753,1.24762,1.99,1.99
2012.06.27 13:35:41.920,1.24751,1.24759,2.74,1.50
2012.06.27 13:35:42.211,1.24751,1.24759,1.99,1.50
2012.06.27 13:35:43.344,1.24752,1.24761,1.50,3.75
2012.06.27 13:35:43.981,1.24752,1.24761,1.50,2.25
2012.06.27 13:35:44.538,1.24753,1.24761,1.24,2.55
2012.06.27 13:35:44.818,1.24751,1.24759,1.50,1.50
2012.06.27 13:35:45.030,1.24749,1.24757,3.75,1.50
2012.06.27 13:35:45.517,1.24746,1.24755,4.24,1.50
2012.06.27 13:35:45.943,1.24748,1.24757,2.25,4.13
2012.06.27 13:35:46.487,1.24748,1.24757,1.50,4.13
2012.06.27 13:35:47.064,1.2475,1.24759,1.50,5.18
2012.06.27 13:35:47.961,1.2475,1.24759,1.99,1.50
2012.06.27 13:35:48.451,1.24751,1.24759,1.24,1.50
2012.06.27 13:35:49.020,1.24752,1.24761,2.74,4.05
2012.06.27 13:35:49.366,1.24752,1.24761,4.24,3.30
2012.06.27 13:35:49.906,1.24752,1.24761,4.24,1.50
2012.06.27 13:35:50.332,1.24756,1.24763,1.99,1.13
2012.06.27 13:35:50.689,1.24756,1.24764,1.99,1.32
2012.06.27 13:35:51.192,1.24757,1.24765,1.24,1.62
2012.06.27 13:35:51.827,1.24755,1.24765,4.24,1.99
2012.06.27 13:35:53.545,1.24756,1.24765,1.99,1.69
2012.06.27 13:35:54.102,1.24756,1.24764,1.50,2.25
2012.06.27 13:35:54.666,1.24753,1.24764,4.99,4.80
2012.06.27 13:35:55.206,1.24755,1.24764,1.24,2.93
2012.06.27 13:35:55.562,1.24758,1.24767,1.24,3.57
2012.06.27 13:35:55.931,1.2476,1.24767,1.61,1.50
2012.06.27 13:35:56.153,1.2476,1.24769,3.11,3.00
2012.06.27 13:35:56.791,1.2476,1.24768,1.50,2.63
2012.06.27 13:35:57.149,1.24757,1.24767,4.99,3.00
2012.06.27 13:35:57.367,1.24757,1.24765,1.99,1.50
2012.06.27 13:35:57.578,1.24758,1.24767,1.50,3.00
2012.06.27 13:35:58.498,1.24758,1.24767,3.75,2.25
2012.06.27 13:35:58.706,1.2476,1.24769,1.50,5.25
2012.06.27 13:35:59.988,1.2476,1.24769,2.25,3.30
2012.06.27 13:36:01.623,1.24762,1.24769,1.50,2.18
2012.06.27 13:36:01.701,1.24763,1.24771,1.13,1.50
2012.06.27 13:36:01.991,1.24766,1.24774,1.24,3.38
2012.06.27 13:36:02.446,1.24766,1.24774,3.08,2.25
2012.06.27 13:36:02.535,1.24766,1.24773,4.50,1.50
2012.06.27 13:36:02.818,1.24766,1.24775,5.25,3.00
2012.06.27 13:36:03.159,1.24768,1.24775,1.24,1.50
2012.06.27 13:36:03.506,1.24773,1.24782,1.24,2.25
2012.06.27 13:36:03.930,1.24771,1.24777,1.09,1.50
2012.06.27 13:36:04.081,1.24771,1.24779,2.74,1.50
2012.06.27 13:36:04.169,1.24772,1.2478,1.99,1.50
2012.06.27 13:36:04.253,1.24774,1.2478,1.24,1.13
2012.06.27 13:36:04.539,1.24774,1.24785,1.24,2.93
2012.06.27 13:36:05.111,1.24774,1.24782,1.24,2.18
2012.06.27 13:36:05.629,1.24773,1.24779,2.25,1.13
2012.06.27 13:36:05.981,1.24769,1.24777,8.10,2.63
2012.06.27 13:36:06.546,1.24769,1.24777,1.50,3.38
2012.06.27 13:36:07.112,1.2477,1.24777,2.74,1.50
2012.06.27 13:36:07.191,1.24772,1.2478,1.50,3.68
2012.06.27 13:36:07.691,1.24772,1.24781,1.50,4.05
2012.06.27 13:36:08.062,1.2478,1.24786,2.33,2.29
2012.06.27 13:36:08.544,1.24786,1.24791,2.10,2.63
2012.06.27 13:36:08.783,1.24788,1.24794,1.35,3.83
2012.06.27 13:36:08.864,1.24788,1.24794,2.10,2.70
2012.06.27 13:36:08.940,1.24788,1.24795,2.85,2.25
2012.06.27 13:36:09.440,1.24791,1.24798,1.50,3.68
2012.06.27 13:36:09.524,1.24791,1.24798,1.50,2.25
2012.06.27 13:36:10.091,1.2479,1.24797,1.80,2.18
2012.06.27 13:36:10.172,1.24789,1.24797,3.00,2.18
2012.06.27 13:36:10.251,1.24789,1.24795,3.00,1.13
2012.06.27 13:36:10.679,1.24789,1.24797,1.50,1.43
2012.06.27 13:36:11.501,1.24789,1.24798,4.09,3.68
2012.06.27 13:36:12.007,1.2479,1.24798,2.25,1.13
2012.06.27 13:36:12.500,1.24791,1.24801,1.99,3.82
2012.06.27 13:36:12.583,1.24793,1.24801,1.28,2.18
2012.06.27 13:36:13.357,1.24794,1.24802,1.28,1.80
2012.06.27 13:36:13.569,1.24794,1.24804,3.49,1.43
2012.06.27 13:36:14.070,1.24797,1.24805,2.74,2.18
2012.06.27 13:36:14.219,1.248,1.24806,1.50,3.42
2012.06.27 13:36:14.758,1.24804,1.24811,1.24,4.35
2012.06.27 13:36:14.852,1.24805,1.24814,1.24,6.68
2012.06.27 13:36:15.831,1.24803,1.24813,2.74,2.25
2012.06.27 13:36:16.189,1.24803,1.2481,1.24,1.50
2012.06.27 13:36:16.612,1.24798,1.2481,3.75,3.00
2012.06.27 13:36:16.774,1.24799,1.24804,1.88,1.13
2012.06.27 13:36:16.859,1.24795,1.248,4.54,1.50
2012.06.27 13:36:17.081,1.24793,1.24799,1.73,4.13
2012.06.27 13:36:17.612,1.24794,1.24799,4.50,4.88
2012.06.27 13:36:17.702,1.24789,1.24797,1.95,1.88
2012.06.27 13:36:17.998,1.24787,1.24795,2.74,2.25
2012.06.27 13:36:18.359,1.24784,1.24793,4.99,1.50
2012.06.27 13:36:18.430,1.24786,1.24793,1.50,1.50
2012.06.27 13:36:18.789,1.24783,1.24789,1.24,1.50
2012.06.27 13:36:18.941,1.2478,1.24787,1.99,1.50
2012.06.27 13:36:19.020,1.2478,1.24789,4.99,3.38
2012.06.27 13:36:19.168,1.24781,1.24789,2.48,1.13
2012.06.27 13:36:19.522,1.24785,1.24792,3.00,1.50
2012.06.27 13:36:19.879,1.24787,1.24796,1.50,4.13
2012.06.27 13:36:19.962,1.24787,1.24796,1.50,2.63
2012.06.27 13:36:20.037,1.24787,1.24796,2.25,1.50
2012.06.27 13:36:20.498,1.24787,1.24794,2.25,1.13
2012.06.27 13:36:21.001,1.24786,1.24793,1.50,1.50
2012.06.27 13:36:21.567,1.24784,1.24793,3.79,4.13
2012.06.27 13:36:22.130,1.24784,1.24792,3.79,1.50
2012.06.27 13:36:22.676,1.24784,1.24793,2.74,1.13
2012.06.27 13:36:22.958,1.24786,1.24795,1.50,2.63
2012.06.27 13:36:23.237,1.24787,1.24795,1.50,1.88
2012.06.27 13:36:24.397,1.24787,1.24795,2.25,2.63
2012.06.27 13:36:24.492,1.24786,1.24795,1.24,1.88
2012.06.27 13:36:24.640,1.24785,1.24793,1.50,3.00
2012.06.27 13:36:25.186,1.24784,1.24792,1.50,1.50
2012.06.27 13:36:25.748,1.24784,1.24793,3.49,1.50
2012.06.27 13:36:25.820,1.24786,1.24795,3.00,5.18
2012.06.27 13:36:26.308,1.24784,1.24794,1.24,2.93
2012.06.27 13:36:26.712,1.24782,1.24788,4.35,1.13
2012.06.27 13:36:27.071,1.24781,1.24786,2.25,1.88
2012.06.27 13:36:27.443,1.24778,1.24784,1.69,1.50
2012.06.27 13:36:27.522,1.24776,1.24782,1.02,1.13
2012.06.27 13:36:27.905,1.24774,1.2478,1.50,3.97
2012.06.27 13:36:28.049,1.24776,1.24781,1.50,3.15
2012.06.27 13:36:28.192,1.24772,1.24777,1.50,1.13
2012.06.27 13:36:28.270,1.24772,1.24777,2.25,1.13
2012.06.27 13:36:28.771,1.24769,1.24778,3.00,2.63
2012.06.27 13:36:28.851,1.24768,1.24778,2.25,2.63
2012.06.27 13:36:30.346,1.24767,1.24778,5.96,3.38
2012.06.27 13:36:30.418,1.24767,1.24778,5.96,3.38
2012.06.27 13:36:31.515,1.24768,1.24776,1.50,1.13
2012.06.27 13:36:32.426,1.24767,1.24776,3.49,1.13
2012.06.27 13:36:32.936,1.24767,1.24776,3.83,1.13
2012.06.27 13:36:33.538,1.24767,1.24778,3.34,4.13
2012.06.27 13:36:33.999,1.2477,1.24779,2.40,3.38
2012.06.27 13:36:34.358,1.24773,1.24782,1.58,2.25
2012.06.27 13:36:34.498,1.24773,1.24782,1.24,2.25
2012.06.27 13:36:34.568,1.24772,1.24782,3.00,1.88
2012.06.27 13:36:34.781,1.24771,1.24779,1.50,1.13
2012.06.27 13:36:35.542,1.24769,1.24779,2.25,1.13
2012.06.27 13:36:36.107,1.24769,1.2478,2.74,2.63
2012.06.27 13:36:36.858,1.24769,1.24779,1.50,1.13
2012.06.27 13:36:37.407,1.24769,1.24776,1.50,1.13
2012.06.27 13:36:37.903,1.24768,1.24776,3.00,2.63
2012.06.27 13:36:39.597,1.24767,1.24776,2.74,1.88
2012.06.27 13:36:40.172,1.24768,1.24776,1.50,1.13
2012.06.27 13:36:40.320,1.2477,1.24776,1.50,1.80
2012.06.27 13:36:40.806,1.24765,1.24774,2.25,1.88
2012.06.27 13:36:41.326,1.24765,1.24774,2.25,1.13
2012.06.27 13:36:41.540,1.24765,1.24774,4.24,1.13
2012.06.27 13:36:42.253,1.24767,1.24775,1.50,1.13
2012.06.27 13:36:42.830,1.24766,1.24775,4.99,3.22
2012.06.27 13:36:43.309,1.24768,1.24776,2.25,1.80
2012.06.27 13:36:44.797,1.24767,1.24776,2.25,3.75
2012.06.27 13:36:46.806,1.24767,1.24776,2.33,3.00
2012.06.27 13:36:46.877,1.24768,1.24776,1.39,2.18
2012.06.27 13:36:47.284,1.24773,1.2478,1.24,1.88
2012.06.27 13:36:47.505,1.24775,1.24781,1.50,1.50
2012.06.27 13:36:47.582,1.24773,1.24778,3.00,1.13
2012.06.27 13:36:47.940,1.2477,1.24776,1.50,2.63
2012.06.27 13:36:48.021,1.24769,1.24776,1.88,2.63
2012.06.27 13:36:48.376,1.24768,1.24776,1.77,3.38
2012.06.27 13:36:48.798,1.24767,1.24776,1.99,3.38
2012.06.27 13:36:49.497,1.24769,1.24776,1.24,1.50
2012.06.27 13:36:50.059,1.2477,1.24779,1.99,1.88
2012.06.27 13:36:50.129,1.2477,1.24777,1.50,1.88
2012.06.27 13:36:50.760,1.2477,1.24776,1.50,1.13
2012.06.27 13:36:50.843,1.24766,1.24776,4.50,1.13
2012.06.27 13:36:51.409,1.24766,1.24776,3.75,2.63
2012.06.27 13:36:52.133,1.24766,1.24774,2.25,1.13
2012.06.27 13:36:52.502,1.24759,1.24767,2.25,1.50
2012.06.27 13:36:52.928,1.2476,1.24768,2.25,1.88
2012.06.27 13:36:53.210,1.24761,1.24769,1.24,2.25
2012.06.27 13:36:53.571,1.24768,1.24774,3.49,1.50
2012.06.27 13:36:53.927,1.24768,1.24774,2.70,3.00
2012.06.27 13:36:54.144,1.24768,1.24776,1.50,4.73
2012.06.27 13:36:54.525,1.24767,1.24774,1.99,1.50
2012.06.27 13:36:55.370,1.24765,1.24774,1.50,1.50
2012.06.27 13:36:56.346,1.24765,1.24774,1.50,1.50
2012.06.27 13:36:56.771,1.24767,1.24774,1.50,1.50
2012.06.27 13:36:57.338,1.24767,1.24775,1.50,3.68
2012.06.27 13:36:57.688,1.24766,1.24775,1.50,6.68
2012.06.27 13:36:57.973,1.24761,1.24771,3.49,1.50
2012.06.27 13:36:58.327,1.24763,1.2477,1.50,1.50
2012.06.27 13:36:58.493,1.24765,1.24773,1.24,1.50
2012.06.27 13:36:58.707,1.24766,1.24775,1.24,3.00
2012.06.27 13:36:59.270,1.24765,1.24774,4.24,1.13
2012.06.27 13:37:00.389,1.24764,1.24773,2.25,1.80
2012.06.27 13:37:00.751,1.24761,1.24768,1.84,1.88
2012.06.27 13:37:01.108,1.24759,1.24766,1.24,1.50
2012.06.27 13:37:01.769,1.24758,1.24766,1.99,1.50
2012.06.27 13:37:02.270,1.24759,1.24766,1.50,1.50
2012.06.27 13:37:03.280,1.24759,1.24766,2.25,1.50
2012.06.27 13:37:03.836,1.24759,1.24767,2.25,1.13
2012.06.27 13:37:05.009,1.24758,1.24767,4.99,1.13
2012.06.27 13:37:05.092,1.24757,1.24763,2.25,4.50
2012.06.27 13:37:05.453,1.24757,1.24762,1.50,1.50
2012.06.27 13:37:05.945,1.24756,1.24761,2.33,1.13
2012.06.27 13:37:06.233,1.24752,1.24762,1.92,1.35
2012.06.27 13:37:06.308,1.24752,1.24761,3.04,2.63
2012.06.27 13:37:06.523,1.24752,1.24759,2.59,1.50
2012.06.27 13:37:06.893,1.2475,1.24759,1.50,2.63
2012.06.27 13:37:06.970,1.24749,1.24758,1.50,3.38
2012.06.27 13:37:07.050,1.24747,1.24758,4.24,4.13
2012.06.27 13:37:07.130,1.24746,1.24757,4.99,4.13
2012.06.27 13:37:07.279,1.24745,1.24756,4.99,4.13
2012.06.27 13:37:07.828,1.24746,1.24754,2.25,1.50
2012.06.27 13:37:08.423,1.24745,1.24754,1.24,1.13
2012.06.27 13:37:08.812,1.24744,1.24754,4.84,1.13
2012.06.27 13:37:09.039,1.24744,1.24752,1.24,1.13
2012.06.27 13:37:09.611,1.24742,1.24752,2.59,1.88
2012.06.27 13:37:10.182,1.24737,1.24746,2.74,3.38
2012.06.27 13:37:10.749,1.24739,1.24747,2.25,1.13
2012.06.27 13:37:11.521,1.24739,1.24747,2.25,2.63
2012.06.27 13:37:12.255,1.24739,1.24747,2.25,1.13
2012.06.27 13:37:12.827,1.24738,1.24746,1.50,1.50
2012.06.27 13:37:13.377,1.24737,1.24747,2.25,1.88
2012.06.27 13:37:13.447,1.24737,1.24747,1.50,2.63
2012.06.27 13:37:14.980,1.24741,1.24749,1.24,4.88
2012.06.27 13:37:15.341,1.24744,1.24751,1.50,1.88
2012.06.27 13:37:15.487,1.24745,1.24753,1.99,1.50
2012.06.27 13:37:15.699,1.24744,1.24753,1.99,1.35
2012.06.27 13:37:16.386,1.24744,1.24752,1.13,2.63
2012.06.27 13:37:16.700,1.24743,1.24751,2.33,1.13
2012.06.27 13:37:16.921,1.24742,1.24751,1.24,3.68
2012.06.27 13:37:18.229,1.24742,1.24749,1.50,1.13
2012.06.27 13:37:18.520,1.2474,1.2475,1.13,2.25
2012.06.27 13:37:18.602,1.24739,1.2475,3.00,2.25
2012.06.27 13:37:19.100,1.24738,1.24749,2.25,3.00
2012.06.27 13:37:19.307,1.24737,1.24747,1.50,2.25
2012.06.27 13:37:20.791,1.24736,1.24747,5.36,3.38
2012.06.27 13:37:21.007,1.24737,1.24745,1.50,2.63
2012.06.27 13:37:21.566,1.24736,1.24745,2.25,1.80
2012.06.27 13:37:22.181,1.24736,1.24744,1.50,1.50
2012.06.27 13:37:22.541,1.24729,1.24738,3.49,3.00
2012.06.27 13:37:22.912,1.24733,1.24741,2.25,1.88
2012.06.27 13:37:23.140,1.24735,1.24744,2.74,4.43
2012.06.27 13:37:23.705,1.24735,1.24744,2.74,3.38
2012.06.27 13:37:23.785,1.24734,1.24744,1.24,2.63
2012.06.27 13:37:24.140,1.2473,1.24739,2.25,4.35
2012.06.27 13:37:24.917,1.24729,1.24739,3.71,1.50
2012.06.27 13:37:25.048,1.24734,1.2474,1.24,5.18
2012.06.27 13:37:25.260,1.24737,1.24743,1.24,5.59
2012.06.27 13:37:25.924,1.24738,1.24744,1.43,1.69
2012.06.27 13:37:26.283,1.24738,1.24747,1.91,1.50
2012.06.27 13:37:27.297,1.2474,1.24748,1.43,1.13
2012.06.27 13:37:27.846,1.24738,1.24747,3.41,2.25
2012.06.27 13:37:28.798,1.24739,1.24747,1.24,1.50
2012.06.27 13:37:30.497,1.24738,1.24747,3.41,1.50
2012.06.27 13:37:31.026,1.24738,1.24748,1.99,3.38
2012.06.27 13:37:31.802,1.24739,1.24748,1.24,3.38
2012.06.27 13:37:32.170,1.24741,1.24749,1.24,3.00
2012.06.27 13:37:32.596,1.2474,1.2475,1.24,6.30
2012.06.27 13:37:33.144,1.24741,1.2475,2.74,2.25
2012.06.27 13:37:33.290,1.24741,1.2475,2.74,2.18
2012.06.27 13:37:33.370,1.24741,1.24749,2.25,1.13
2012.06.27 13:37:33.594,1.2474,1.24747,1.50,1.13
2012.06.27 13:37:33.950,1.2474,1.24746,2.11,1.13
2012.06.27 13:37:34.171,1.24739,1.24745,2.11,1.13
2012.06.27 13:37:34.320,1.24734,1.2474,1.02,6.38
2012.06.27 13:37:34.402,1.24731,1.24739,1.50,7.80
2012.06.27 13:37:34.690,1.2473,1.24738,1.69,4.35
2012.06.27 13:37:35.216,1.24732,1.24741,3.49,1.13
2012.06.27 13:37:35.568,1.24733,1.24741,1.50,1.50
2012.06.27 13:37:36.200,1.24736,1.24743,1.50,2.93
2012.06.27 13:37:36.280,1.24736,1.24744,1.50,2.25
2012.06.27 13:37:36.360,1.24736,1.24745,1.50,4.05
2012.06.27 13:37:37.061,1.2474,1.24746,1.24,2.25
2012.06.27 13:37:37.427,1.24745,1.24752,1.24,1.88
2012.06.27 13:37:37.515,1.24745,1.24752,1.99,1.13
2012.06.27 13:37:37.658,1.24746,1.24754,1.50,2.93
2012.06.27 13:37:38.617,1.24744,1.2475,2.74,2.10
2012.06.27 13:37:38.919,1.24738,1.24743,1.88,1.50
2012.06.27 13:37:39.488,1.24737,1.24743,1.50,1.50
2012.06.27 13:37:39.559,1.24737,1.24745,1.50,1.13
2012.06.27 13:37:39.701,1.24738,1.24746,1.24,2.63
2012.06.27 13:37:40.059,1.2474,1.24748,1.24,1.13
2012.06.27 13:37:40.559,1.2474,1.2475,1.99,5.55
2012.06.27 13:37:40.699,1.24739,1.2475,3.49,5.18
2012.06.27 13:37:41.996,1.2474,1.2475,2.74,2.93
2012.06.27 13:37:43.172,1.2474,1.24749,3.49,2.63
2012.06.27 13:37:43.671,1.2474,1.24747,2.25,1.13
2012.06.27 13:37:44.248,1.24738,1.24747,1.50,3.38
2012.06.27 13:37:44.597,1.24738,1.24745,1.50,1.50
2012.06.27 13:37:44.671,1.24737,1.24745,1.13,1.50
2012.06.27 13:37:44.820,1.24736,1.24745,2.25,2.25
2012.06.27 13:37:45.369,1.24735,1.24744,5.10,1.88
2012.06.27 13:37:45.928,1.24735,1.24744,2.25,1.13
2012.06.27 13:37:46.486,1.24737,1.24744,2.25,1.13
2012.06.27 13:37:47.052,1.24738,1.24744,1.50,1.13
2012.06.27 13:37:47.132,1.24738,1.24747,3.00,3.68
2012.06.27 13:37:47.686,1.2474,1.24748,2.25,2.25
2012.06.27 13:37:48.250,1.24739,1.24748,3.75,1.13
2012.06.27 13:37:49.919,1.24739,1.24748,1.50,3.38
2012.06.27 13:37:50.551,1.24738,1.24748,1.50,8.10
2012.06.27 13:37:51.106,1.24738,1.24748,2.25,4.73
2012.06.27 13:37:51.916,1.24738,1.24748,1.50,5.48
2012.06.27 13:37:52.269,1.24737,1.24745,3.38,1.13
2012.06.27 13:37:52.621,1.24736,1.24745,4.84,1.88
2012.06.27 13:37:52.982,1.24736,1.24744,11.57,6.00
2012.06.27 13:37:53.062,1.24728,1.24738,11.63,1.43
2012.06.27 13:37:53.143,1.24725,1.24733,1.24,1.50
2012.06.27 13:37:53.362,1.24729,1.24734,6.00,4.87
2012.06.27 13:37:53.442,1.24723,1.24733,2.74,4.54
2012.06.27 13:37:53.524,1.24723,1.24732,3.49,4.13
2012.06.27 13:37:54.134,1.24724,1.24732,2.25,3.00
2012.06.27 13:37:54.990,1.24725,1.24733,2.25,2.25
2012.06.27 13:37:56.501,1.24723,1.24732,1.50,1.50
2012.06.27 13:37:56.794,1.2472,1.24727,1.50,4.13
2012.06.27 13:37:57.358,1.24719,1.24727,2.25,1.50
2012.06.27 13:37:57.815,1.24721,1.24729,1.50,1.88
2012.06.27 13:37:58.031,1.24721,1.24728,1.50,1.13
2012.06.27 13:37:58.247,1.24718,1.24727,1.50,2.25
2012.06.27 13:37:58.391,1.24715,1.24725,2.33,2.25
2012.06.27 13:37:58.749,1.2471,1.24723,2.55,1.43
2012.06.27 13:37:59.321,1.24715,1.24723,1.50,1.80
2012.06.27 13:37:59.891,1.24715,1.24723,1.24,5.63
2012.06.27 13:38:00.044,1.24712,1.24721,3.34,3.60
2012.06.27 13:38:00.612,1.24713,1.24721,1.61,2.10
2012.06.27 13:38:01.037,1.24715,1.24723,1.50,1.13
2012.06.27 13:38:01.127,1.24716,1.24723,1.24,1.13
2012.06.27 13:38:01.200,1.24717,1.24726,1.24,4.80
2012.06.27 13:38:01.559,1.24718,1.24726,1.50,1.13
2012.06.27 13:38:04.259,1.24718,1.24727,1.24,3.00
2012.06.27 13:38:04.610,1.24718,1.24724,1.24,1.50
2012.06.27 13:38:05.840,1.24718,1.24726,1.50,2.63
2012.06.27 13:38:06.406,1.24717,1.24726,2.74,3.38
2012.06.27 13:38:06.870,1.24717,1.24726,2.74,3.75
2012.06.27 13:38:08.273,1.24716,1.24727,1.99,4.35
2012.06.27 13:38:08.904,1.24717,1.24727,1.50,3.00
2012.06.27 13:38:09.446,1.24717,1.24727,1.99,1.88
2012.06.27 13:38:11.915,1.24718,1.24727,1.24,1.13
2012.06.27 13:38:12.140,1.24721,1.2473,1.99,1.50
2012.06.27 13:38:12.297,1.24722,1.2473,1.50,2.10
2012.06.27 13:38:12.722,1.24722,1.24729,1.50,1.13
2012.06.27 13:38:13.106,1.24719,1.24727,1.95,1.50
2012.06.27 13:38:13.186,1.24719,1.24727,1.20,2.63
2012.06.27 13:38:13.261,1.24718,1.24727,1.20,3.38
2012.06.27 13:38:13.338,1.24718,1.24727,1.69,2.55
2012.06.27 13:38:13.828,1.24717,1.24726,2.74,2.25
2012.06.27 13:38:14.809,1.24718,1.24726,2.25,3.60
2012.06.27 13:38:15.366,1.24717,1.24726,1.24,4.65
2012.06.27 13:38:16.306,1.24716,1.24725,1.50,1.50
2012.06.27 13:38:16.447,1.24716,1.24726,1.50,5.10
2012.06.27 13:38:17.108,1.24718,1.24726,2.74,2.47
2012.06.27 13:38:17.837,1.24722,1.24729,1.50,2.63
2012.06.27 13:38:17.992,1.24724,1.24733,1.24,2.93
2012.06.27 13:38:18.070,1.24726,1.24733,1.50,2.93
2012.06.27 13:38:18.151,1.24724,1.24733,2.74,2.93
2012.06.27 13:38:18.438,1.24724,1.24734,1.99,2.63
2012.06.27 13:38:18.651,1.24726,1.24735,2.25,5.02
2012.06.27 13:38:19.010,1.24726,1.24733,1.50,1.13
2012.06.27 13:38:19.651,1.24724,1.24733,2.74,3.97
2012.06.27 13:38:19.871,1.24721,1.24727,3.75,1.13
2012.06.27 13:38:20.018,1.24721,1.24727,2.25,1.13
2012.06.27 13:38:20.369,1.24718,1.24725,3.15,1.50
2012.06.27 13:38:20.581,1.24716,1.24725,4.50,1.50
2012.06.27 13:38:21.098,1.24716,1.24725,5.25,1.50
2012.06.27 13:38:21.781,1.24718,1.24725,1.50,1.50
2012.06.27 13:38:21.863,1.2472,1.24727,1.99,1.50
2012.06.27 13:38:22.359,1.24723,1.2473,1.24,1.50
2012.06.27 13:38:22.428,1.24723,1.24731,1.24,2.63
2012.06.27 13:38:22.990,1.24722,1.24732,2.25,4.80
2012.06.27 13:38:23.537,1.24721,1.24732,4.24,4.80
2012.06.27 13:38:25.226,1.24722,1.24732,1.24,2.93
2012.06.27 13:38:25.298,1.24721,1.24732,4.99,4.08
2012.06.27 13:38:25.508,1.24721,1.2473,3.49,1.05
2012.06.27 13:38:26.022,1.24719,1.24724,1.50,1.13
2012.06.27 13:38:26.117,1.24713,1.24722,2.74,2.25
2012.06.27 13:38:26.677,1.24713,1.24723,4.99,1.50
2012.06.27 13:38:26.880,1.24714,1.24724,2.74,2.63
2012.06.27 13:38:27.238,1.24717,1.24725,1.99,2.18
2012.06.27 13:38:27.658,1.24719,1.24727,1.50,2.63
2012.06.27 13:38:28.010,1.24725,1.24731,1.99,1.80
2012.06.27 13:38:28.167,1.24728,1.24733,1.50,2.25
2012.06.27 13:38:28.387,1.24728,1.24735,1.50,1.50
2012.06.27 13:38:28.462,1.24727,1.24733,2.25,1.50
2012.06.27 13:38:28.609,1.24726,1.24733,1.24,1.50
2012.06.27 13:38:29.251,1.24726,1.24733,1.50,1.50
2012.06.27 13:38:29.623,1.24727,1.24735,1.50,1.88
2012.06.27 13:38:29.839,1.24728,1.24735,1.99,1.88
2012.06.27 13:38:30.387,1.24728,1.24735,1.50,1.50
2012.06.27 13:38:30.600,1.24726,1.24734,3.00,1.88
2012.06.27 13:38:30.742,1.24724,1.24731,1.24,1.50
2012.06.27 13:38:31.098,1.24724,1.24731,1.99,1.50
2012.06.27 13:38:31.240,1.24724,1.24733,1.99,1.13
2012.06.27 13:38:33.093,1.24725,1.24735,3.49,2.18
2012.06.27 13:38:33.663,1.24726,1.24734,1.24,3.30
2012.06.27 13:38:33.741,1.24726,1.24732,1.24,1.50
2012.06.27 13:38:34.296,1.24726,1.24733,1.99,1.50
2012.06.27 13:38:34.848,1.24726,1.24733,1.99,1.50
2012.06.27 13:38:35.130,1.24732,1.2474,1.24,4.95
2012.06.27 13:38:35.279,1.24736,1.24742,1.80,2.25
2012.06.27 13:38:35.501,1.24737,1.24743,1.50,2.25
2012.06.27 13:38:35.720,1.24738,1.24744,1.50,4.05
2012.06.27 13:38:35.798,1.24738,1.24745,1.50,5.55
2012.06.27 13:38:36.302,1.24737,1.24745,2.25,1.88
2012.06.27 13:38:36.845,1.24736,1.24743,1.50,1.50
2012.06.27 13:38:37.408,1.24737,1.24745,1.50,1.13
2012.06.27 13:38:37.480,1.24739,1.24745,1.50,1.13
2012.06.27 13:38:38.052,1.24738,1.24745,2.25,1.13
2012.06.27 13:38:38.129,1.24738,1.24745,2.25,1.13
2012.06.27 13:38:39.237,1.24738,1.24745,2.25,1.13
2012.06.27 13:38:39.787,1.24737,1.24745,1.50,2.63
2012.06.27 13:38:39.857,1.24737,1.24745,1.50,2.63
2012.06.27 13:38:40.447,1.24737,1.24745,1.99,2.25
2012.06.27 13:38:40.986,1.24737,1.24743,1.99,1.50
2012.06.27 13:38:41.525,1.24737,1.24745,1.99,2.25
2012.06.27 13:38:42.046,1.24737,1.24745,1.50,3.38
2012.06.27 13:38:42.565,1.24737,1.24745,1.50,3.38
2012.06.27 13:38:43.177,1.24737,1.24745,1.50,3.38
2012.06.27 13:38:43.688,1.24737,1.24745,1.50,3.38
2012.06.27 13:38:44.277,1.24737,1.24745,1.50,3.38
2012.06.27 13:38:44.797,1.24737,1.24745,1.50,3.38
2012.06.27 13:38:45.666,1.24737,1.24745,1.50,2.25
2012.06.27 13:38:46.209,1.24737,1.24745,2.25,2.25
2012.06.27 13:38:50.245,1.24737,1.24745,2.25,2.25
2012.06.27 13:38:51.178,1.24737,1.24745,2.25,1.50
2012.06.27 13:38:51.695,1.24737,1.24745,2.25,2.25
2012.06.27 13:38:52.248,1.24737,1.24747,4.99,1.50
2012.06.27 13:38:52.815,1.24738,1.24748,1.50,6.00
2012.06.27 13:38:53.368,1.24737,1.24748,4.99,6.00
2012.06.27 13:38:53.906,1.24737,1.24746,4.99,1.13
2012.06.27 13:38:54.496,1.24737,1.24746,4.99,1.88
2012.06.27 13:38:55.077,1.24737,1.24746,5.74,1.88
2012.06.27 13:38:55.548,1.24737,1.24745,4.99,1.50
2012.06.27 13:38:55.903,1.24733,1.2474,1.54,1.50
2012.06.27 13:38:56.260,1.24729,1.24737,2.25,1.88
2012.06.27 13:38:56.413,1.24729,1.24737,2.25,2.18
2012.06.27 13:38:56.558,1.24729,1.24737,1.50,3.68
2012.06.27 13:38:56.633,1.24727,1.24736,1.50,2.25
2012.06.27 13:38:57.229,1.24729,1.24738,3.75,4.13
2012.06.27 13:38:57.798,1.2473,1.24739,1.24,1.50
2012.06.27 13:38:57.937,1.24731,1.2474,1.24,3.30
2012.06.27 13:38:58.155,1.24734,1.24741,1.24,2.63
2012.06.27 13:38:58.443,1.24735,1.24743,1.50,4.43
2012.06.27 13:38:58.524,1.24735,1.24743,1.50,4.43
2012.06.27 13:38:59.069,1.24735,1.24744,2.25,1.13
2012.06.27 13:38:59.703,1.24734,1.24739,2.25,2.63
2012.06.27 13:38:59.853,1.2473,1.24738,2.25,1.50
2012.06.27 13:39:00.002,1.24728,1.24736,2.25,3.38
2012.06.27 13:39:00.080,1.24727,1.24735,4.46,2.25
2012.06.27 13:39:00.570,1.24727,1.24736,4.09,4.13
2012.06.27 13:39:01.142,1.24727,1.24735,1.99,1.65
2012.06.27 13:39:01.501,1.24725,1.24731,1.50,1.88
2012.06.27 13:39:01.720,1.24722,1.24731,2.40,1.88
2012.06.27 13:39:02.288,1.24722,1.24731,2.25,1.88
2012.06.27 13:39:02.567,1.24722,1.24731,2.25,1.88
2012.06.27 13:39:03.080,1.24722,1.24731,1.99,2.63
2012.06.27 13:39:03.788,1.24722,1.24731,2.33,2.63
2012.06.27 13:39:05.408,1.24723,1.24733,3.83,2.93
2012.06.27 13:39:05.550,1.24724,1.24733,1.99,2.18
2012.06.27 13:39:05.700,1.24726,1.24735,3.49,7.20
2012.06.27 13:39:06.269,1.24728,1.24736,1.24,2.93
2012.06.27 13:39:06.546,1.24728,1.24736,1.24,2.93
2012.06.27 13:39:07.109,1.24728,1.24736,1.24,2.93
2012.06.27 13:39:07.976,1.24728,1.24735,1.24,1.50
2012.06.27 13:39:08.263,1.24728,1.24737,2.74,4.80
2012.06.27 13:39:08.478,1.24728,1.24734,2.25,1.72
2012.06.27 13:39:08.833,1.24725,1.24732,2.25,1.88
2012.06.27 13:39:08.909,1.24723,1.24732,2.59,3.00
2012.06.27 13:39:08.993,1.24723,1.24729,2.59,1.13
2012.06.27 13:39:09.143,1.24721,1.24729,1.50,2.63
2012.06.27 13:39:09.708,1.24721,1.24728,1.50,1.13
2012.06.27 13:39:10.700,1.24721,1.24728,2.25,1.13
2012.06.27 13:39:10.781,1.24721,1.2473,3.00,2.63
2012.06.27 13:39:10.861,1.24725,1.24731,1.24,1.13
2012.06.27 13:39:11.331,1.24727,1.24734,1.99,2.25
2012.06.27 13:39:11.416,1.24729,1.24736,1.50,3.00
2012.06.27 13:39:11.491,1.2473,1.24736,2.10,1.50
2012.06.27 13:39:11.646,1.24731,1.24737,1.24,1.80
2012.06.27 13:39:11.722,1.24731,1.24738,1.24,2.25
2012.06.27 13:39:11.873,1.24733,1.24742,2.74,3.30
2012.06.27 13:39:12.160,1.24735,1.24742,1.50,2.55
2012.06.27 13:39:12.381,1.24733,1.24741,1.50,1.20
2012.06.27 13:39:12.674,1.2473,1.24738,3.75,4.80
2012.06.27 13:39:12.752,1.24727,1.24737,1.24,3.75
2012.06.27 13:39:12.901,1.24726,1.24736,2.25,2.63
2012.06.27 13:39:12.979,1.24726,1.24736,2.25,2.63
2012.06.27 13:39:14.478,1.24727,1.24735,1.24,1.80
2012.06.27 13:39:14.552,1.24727,1.24736,1.24,2.63
2012.06.27 13:39:14.635,1.24731,1.24737,1.24,2.25
2012.06.27 13:39:14.934,1.24735,1.24744,1.24,5.18
2012.06.27 13:39:16.120,1.24736,1.24744,1.50,1.13
2012.06.27 13:39:18.443,1.24736,1.24745,1.50,3.00
2012.06.27 13:39:18.731,1.24736,1.24743,1.50,1.80
2012.06.27 13:39:19.291,1.24733,1.2474,3.38,1.80
2012.06.27 13:39:19.654,1.24731,1.24738,1.50,3.38
2012.06.27 13:39:20.080,1.24728,1.24737,1.50,1.50
2012.06.27 13:39:20.159,1.24728,1.24737,1.50,2.25
2012.06.27 13:39:20.796,1.24725,1.24732,2.25,1.13
2012.06.27 13:39:21.151,1.24724,1.2473,1.50,2.85
2012.06.27 13:39:21.374,1.24725,1.24731,2.74,1.88
2012.06.27 13:39:21.912,1.24726,1.24735,1.24,1.88
2012.06.27 13:39:22.482,1.24726,1.24735,1.24,2.63
2012.06.27 13:39:24.348,1.2473,1.24735,1.50,1.88
2012.06.27 13:39:26.628,1.2473,1.24736,1.50,3.38
2012.06.27 13:39:28.020,1.2473,1.24736,1.50,4.13
2012.06.27 13:39:29.147,1.24727,1.24736,1.50,4.43
2012.06.27 13:39:30.301,1.24729,1.24736,1.50,3.38
2012.06.27 13:39:30.826,1.24731,1.24736,1.50,1.50
2012.06.27 13:39:31.679,1.2473,1.24736,1.50,1.80
2012.06.27 13:39:32.237,1.2473,1.24735,1.50,1.13
2012.06.27 13:39:33.479,1.24727,1.24735,1.50,1.13
2012.06.27 13:39:33.898,1.24729,1.24736,1.50,3.38
2012.06.27 13:39:34.108,1.24727,1.24736,1.99,4.13
2012.06.27 13:39:34.767,1.24727,1.24736,1.99,3.97
2012.06.27 13:39:34.840,1.24727,1.24734,1.50,2.25
2012.06.27 13:39:35.395,1.24725,1.24733,1.99,1.50
2012.06.27 13:39:36.176,1.24725,1.24733,2.25,1.50
2012.06.27 13:39:36.662,1.24722,1.2473,3.49,2.25
2012.06.27 13:39:36.746,1.24722,1.24731,2.25,4.13
2012.06.27 13:39:37.038,1.2472,1.24729,1.50,4.13
2012.06.27 13:39:37.672,1.24722,1.24731,1.24,6.23
2012.06.27 13:39:37.819,1.24723,1.24731,1.50,5.48
2012.06.27 13:39:38.039,1.24725,1.24731,1.50,1.88
2012.06.27 13:39:38.247,1.24725,1.24733,1.50,5.40
2012.06.27 13:39:40.307,1.24725,1.24732,1.50,1.88
2012.06.27 13:39:40.520,1.24723,1.24732,1.24,1.88
2012.06.27 13:39:41.099,1.24722,1.24732,3.49,2.63
2012.06.27 13:39:42.342,1.2472,1.24729,4.91,1.13
2012.06.27 13:39:42.902,1.24723,1.2473,1.50,1.50
2012.06.27 13:39:43.466,1.24723,1.24732,1.50,5.55
2012.06.27 13:39:44.230,1.24724,1.24731,1.99,1.50
2012.06.27 13:39:44.727,1.24723,1.24731,2.25,2.55
2012.06.27 13:39:45.250,1.24721,1.2473,1.24,2.25
2012.06.27 13:39:45.816,1.24721,1.2473,1.24,2.25
2012.06.27 13:39:46.346,1.2472,1.2473,2.74,2.25
2012.06.27 13:39:46.899,1.24722,1.24731,1.24,4.28
2012.06.27 13:39:47.107,1.24723,1.24731,1.50,2.55
2012.06.27 13:39:47.320,1.24724,1.24733,1.99,4.80
2012.06.27 13:39:47.400,1.24725,1.24733,2.25,2.55
2012.06.27 13:39:47.623,1.24727,1.24735,1.99,2.55
2012.06.27 13:39:48.497,1.24725,1.24734,3.75,1.50
2012.06.27 13:39:49.413,1.24724,1.24734,1.24,5.25
2012.06.27 13:39:49.978,1.24723,1.24732,3.75,1.50
2012.06.27 13:39:50.178,1.24723,1.24734,4.24,3.75
2012.06.27 13:39:51.460,1.24724,1.24734,2.25,3.75
2012.06.27 13:39:51.747,1.24725,1.24736,3.00,2.55
2012.06.27 13:39:52.426,1.24731,1.24738,1.50,3.38
2012.06.27 13:39:52.733,1.24733,1.2474,1.24,1.50
2012.06.27 13:39:52.879,1.24733,1.24742,2.74,3.00
2012.06.27 13:39:53.029,1.24735,1.24743,1.50,4.35
2012.06.27 13:39:53.102,1.24733,1.24743,1.99,6.23
2012.06.27 13:39:53.391,1.24734,1.24743,1.24,5.55
2012.06.27 13:39:54.277,1.24734,1.24743,1.99,3.00
2012.06.27 13:39:55.030,1.24735,1.24743,2.74,1.50
2012.06.27 13:39:55.531,1.24737,1.24743,1.99,1.50
2012.06.27 13:39:55.610,1.24737,1.24746,1.99,1.50
2012.06.27 13:39:56.169,1.24739,1.24747,1.50,4.43
2012.06.27 13:39:56.545,1.24743,1.24749,2.10,2.25
2012.06.27 13:39:56.628,1.24745,1.24752,1.99,2.25
2012.06.27 13:39:56.845,1.24746,1.24754,1.24,2.25
2012.06.27 13:39:57.130,1.24746,1.24755,1.99,5.18
2012.06.27 13:39:57.626,1.24749,1.24756,1.50,1.13
2012.06.27 13:39:58.189,1.24748,1.24756,1.50,1.13
2012.06.27 13:39:58.679,1.24748,1.24754,1.50,1.50
2012.06.27 13:39:59.025,1.2475,1.24757,1.50,1.50
2012.06.27 13:39:59.173,1.24751,1.24761,1.50,8.78
2012.06.27 13:39:59.255,1.24753,1.24761,1.24,4.80
2012.06.27 13:39:59.540,1.24751,1.2476,3.49,1.88
2012.06.27 13:40:00.219,1.24753,1.24762,1.24,3.38
2012.06.27 13:40:00.307,1.24753,1.24762,1.24,1.50
2012.06.27 13:40:00.589,1.24754,1.24764,1.50,3.45
2012.06.27 13:40:00.870,1.24756,1.24764,1.73,1.20
2012.06.27 13:40:00.956,1.24757,1.24765,1.50,2.33
2012.06.27 13:40:01.313,1.24764,1.24771,1.24,5.48
2012.06.27 13:40:01.882,1.24765,1.24773,1.99,2.25
2012.06.27 13:40:02.171,1.24762,1.24769,1.50,1.13
2012.06.27 13:40:02.738,1.24763,1.24772,1.24,2.55
2012.06.27 13:40:03.267,1.24764,1.24772,1.24,3.60
2012.06.27 13:40:03.778,1.24763,1.24772,2.74,2.55
2012.06.27 13:40:04.133,1.24763,1.2477,1.50,1.88
2012.06.27 13:40:04.493,1.24759,1.24764,1.50,1.88
2012.06.27 13:40:04.573,1.24755,1.24762,1.50,1.50
2012.06.27 13:40:05.102,1.24754,1.24762,1.16,2.25
2012.06.27 13:40:05.790,1.24755,1.24762,1.24,2.25
2012.06.27 13:40:06.351,1.24755,1.24764,2.74,2.25
2012.06.27 13:40:06.720,1.24755,1.24764,2.74,2.25
2012.06.27 13:40:07.288,1.24755,1.24764,2.25,2.25
2012.06.27 13:40:07.856,1.24753,1.24762,6.49,1.50
2012.06.27 13:40:08.338,1.24755,1.24762,1.50,1.50
2012.06.27 13:40:08.694,1.24754,1.24761,1.50,2.25
2012.06.27 13:40:08.983,1.24752,1.24761,3.86,1.50
2012.06.27 13:40:10.127,1.24755,1.24761,1.99,2.25
2012.06.27 13:40:10.207,1.24756,1.24764,1.24,2.25
2012.06.27 13:40:11.309,1.24756,1.24764,1.24,2.25
2012.06.27 13:40:11.869,1.24756,1.24764,1.24,2.55
2012.06.27 13:40:12.009,1.24756,1.24764,1.24,2.25
2012.06.27 13:40:12.155,1.24754,1.24762,1.84,3.38
2012.06.27 13:40:12.721,1.24753,1.2476,2.25,1.50
2012.06.27 13:40:13.079,1.24753,1.2476,1.24,1.50
2012.06.27 13:40:13.656,1.24755,1.24762,1.50,1.88
2012.06.27 13:40:13.740,1.24755,1.24764,4.24,3.68
2012.06.27 13:40:14.313,1.24755,1.24762,1.24,1.50
2012.06.27 13:40:14.739,1.24753,1.24762,3.00,2.25
2012.06.27 13:40:15.160,1.24752,1.24759,2.63,1.13
2012.06.27 13:40:15.242,1.24752,1.24759,1.13,1.13
2012.06.27 13:40:15.329,1.24751,1.24758,3.00,1.88
2012.06.27 13:40:15.482,1.24749,1.24755,1.20,1.50
2012.06.27 13:40:15.772,1.24747,1.24754,1.80,1.50
2012.06.27 13:40:15.920,1.24746,1.24753,1.50,1.50
2012.06.27 13:40:16.349,1.24744,1.24753,1.50,2.25
2012.06.27 13:40:16.923,1.24745,1.24751,6.75,1.80
2012.06.27 13:40:17.018,1.24744,1.24751,3.23,2.63
2012.06.27 13:40:17.162,1.24743,1.2475,4.50,1.88
2012.06.27 13:40:17.242,1.24741,1.2475,3.75,2.63
2012.06.27 13:40:17.531,1.24741,1.24748,2.21,1.50
2012.06.27 13:40:17.892,1.24741,1.24747,1.50,2.25
2012.06.27 13:40:18.254,1.24736,1.24741,1.50,1.50
2012.06.27 13:40:18.823,1.24733,1.24739,3.60,1.50
2012.06.27 13:40:19.252,1.24732,1.24738,1.50,3.38
2012.06.27 13:40:19.774,1.2473,1.24737,5.55,2.93
2012.06.27 13:40:20.059,1.2473,1.24738,1.99,3.68
2012.06.27 13:40:20.146,1.2473,1.24739,1.99,3.00
2012.06.27 13:40:20.708,1.24732,1.24739,1.24,1.50
2012.06.27 13:40:21.266,1.24732,1.24739,1.24,1.50
2012.06.27 13:40:21.742,1.24731,1.2474,4.99,2.63
2012.06.27 13:40:22.312,1.24734,1.24744,1.99,5.18
2012.06.27 13:40:22.394,1.24735,1.24742,2.25,1.50
2012.06.27 13:40:22.475,1.24736,1.24744,1.99,1.50
2012.06.27 13:40:22.619,1.24738,1.24746,1.99,3.00
2012.06.27 13:40:22.832,1.24739,1.24748,1.46,3.68
2012.06.27 13:40:23.430,1.24743,1.2475,1.24,5.89
2012.06.27 13:40:23.652,1.24742,1.2475,1.50,1.35
2012.06.27 13:40:23.940,1.24742,1.24748,1.50,1.50
2012.06.27 13:40:24.300,1.24739,1.24749,1.99,3.75
2012.06.27 13:40:24.662,1.24737,1.24745,1.99,1.50
2012.06.27 13:40:24.740,1.24737,1.24745,1.24,1.50
2012.06.27 13:40:25.020,1.24739,1.24745,1.24,1.50
2012.06.27 13:40:25.313,1.24741,1.2475,1.99,7.73
2012.06.27 13:40:25.391,1.24741,1.24748,1.50,2.25
2012.06.27 13:40:25.545,1.24739,1.24746,1.09,1.80
2012.06.27 13:40:25.763,1.24737,1.24744,1.24,2.25
2012.06.27 13:40:26.332,1.24736,1.24742,1.99,1.50
2012.06.27 13:40:26.776,1.24736,1.24744,2.21,2.25
2012.06.27 13:40:28.481,1.24735,1.24741,3.34,1.50
2012.06.27 13:40:28.703,1.24733,1.24741,1.09,1.50
2012.06.27 13:40:28.918,1.24732,1.24739,2.25,1.50
2012.06.27 13:40:28.990,1.24732,1.24741,2.25,2.25
2012.06.27 13:40:29.268,1.24732,1.24742,4.73,1.50
2012.06.27 13:40:29.787,1.24735,1.24743,1.99,1.13
2012.06.27 13:40:30.657,1.24734,1.24743,3.30,2.25
2012.06.27 13:40:30.869,1.24734,1.24741,2.89,1.50
2012.06.27 13:40:32.387,1.24733,1.24741,1.24,1.50
2012.06.27 13:40:33.155,1.24733,1.24741,1.99,1.50
2012.06.27 13:40:33.297,1.24733,1.24743,1.99,2.25
2012.06.27 13:40:34.276,1.24734,1.24743,3.00,3.00
2012.06.27 13:40:34.424,1.24736,1.24745,1.20,6.60
2012.06.27 13:40:34.504,1.24736,1.24745,1.65,1.28
2012.06.27 13:40:35.069,1.24736,1.24747,2.74,2.93
2012.06.27 13:40:35.604,1.24739,1.24747,1.50,1.50
2012.06.27 13:40:35.687,1.24739,1.24748,1.50,3.30
2012.06.27 13:40:36.230,1.24738,1.24748,1.99,3.30
2012.06.27 13:40:36.709,1.24738,1.24746,1.88,1.13
2012.06.27 13:40:37.013,1.24736,1.24742,1.20,1.13
2012.06.27 13:40:37.230,1.24733,1.24741,2.25,2.25
2012.06.27 13:40:37.731,1.24732,1.2474,1.50,2.93
2012.06.27 13:40:37.810,1.24732,1.24738,1.50,1.88
2012.06.27 13:40:38.022,1.24728,1.24735,1.50,3.30
2012.06.27 13:40:38.240,1.24728,1.24733,1.50,1.43
2012.06.27 13:40:38.535,1.24722,1.24728,2.55,1.13
2012.06.27 13:40:39.094,1.24722,1.24729,1.16,2.25
2012.06.27 13:40:39.240,1.24722,1.24731,3.64,2.70
2012.06.27 13:40:39.334,1.24724,1.24731,4.13,1.20
2012.06.27 13:40:39.419,1.24726,1.24734,2.18,1.88
2012.06.27 13:40:39.493,1.24726,1.24734,3.30,1.88
2012.06.27 13:40:39.919,1.24725,1.24735,2.63,1.50
2012.06.27 13:40:40.476,1.24725,1.24735,2.18,1.43
2012.06.27 13:40:41.031,1.24724,1.24734,3.38,2.55
2012.06.27 13:40:41.602,1.24724,1.24732,1.88,2.18
2012.06.27 13:40:42.564,1.24723,1.24728,1.13,1.13
2012.06.27 13:40:42.650,1.24719,1.24727,2.40,2.93
2012.06.27 13:40:42.869,1.24719,1.24727,2.10,2.93
2012.06.27 13:40:43.431,1.24719,1.24727,2.18,1.43
2012.06.27 13:40:43.514,1.24723,1.24729,1.24,7.80
2012.06.27 13:40:43.942,1.24724,1.24733,2.18,3.30
2012.06.27 13:40:44.159,1.24724,1.24729,2.18,1.50
2012.06.27 13:40:44.510,1.24721,1.24727,2.93,1.50
2012.06.27 13:40:44.883,1.24719,1.24727,2.25,3.00
2012.06.27 13:40:44.965,1.24719,1.24726,1.50,1.13
2012.06.27 13:40:45.245,1.24718,1.24726,1.50,2.03
2012.06.27 13:40:45.821,1.24716,1.24721,2.25,1.13
2012.06.27 13:40:46.130,1.24713,1.24723,3.00,2.25
2012.06.27 13:40:46.207,1.24713,1.24721,1.50,1.13
2012.06.27 13:40:46.424,1.24712,1.24721,4.50,2.63
2012.06.27 13:40:47.131,1.24706,1.24714,2.25,2.63
2012.06.27 13:40:47.688,1.24707,1.24715,3.00,1.13
2012.06.27 13:40:48.238,1.24707,1.24716,3.00,1.80
2012.06.27 13:40:48.455,1.24708,1.24716,3.00,1.80
2012.06.27 13:40:48.602,1.2471,1.24718,2.25,1.13
2012.06.27 13:40:49.053,1.24715,1.24721,1.24,1.80
2012.06.27 13:40:49.139,1.24715,1.24721,1.99,1.50
2012.06.27 13:40:49.702,1.24715,1.24722,2.74,2.25
2012.06.27 13:40:49.993,1.24715,1.24722,1.50,3.75
2012.06.27 13:40:50.349,1.24709,1.24719,2.25,5.22
2012.06.27 13:40:50.488,1.24707,1.24715,1.50,1.50
2012.06.27 13:40:50.837,1.24707,1.24716,2.25,5.10
2012.06.27 13:40:50.907,1.24707,1.24716,2.25,5.10
2012.06.27 13:40:51.438,1.24707,1.24714,1.50,1.13
2012.06.27 13:40:51.997,1.24705,1.24714,2.25,2.63
2012.06.27 13:40:53.179,1.24707,1.24714,1.50,1.88
2012.06.27 13:40:53.250,1.24704,1.24714,2.74,2.63
2012.06.27 13:40:53.609,1.24698,1.24707,4.91,1.88
2012.06.27 13:40:53.681,1.24698,1.24707,5.66,1.88
2012.06.27 13:40:54.247,1.24697,1.24707,1.24,2.63
2012.06.27 13:40:54.752,1.247,1.24707,1.50,1.88
2012.06.27 13:40:54.829,1.24698,1.24707,1.99,3.38
2012.06.27 13:40:56.050,1.24697,1.24705,3.60,1.13
2012.06.27 13:40:57.660,1.24698,1.24707,3.00,2.63
2012.06.27 13:40:58.091,1.24698,1.24707,2.25,4.13
2012.06.27 13:40:58.451,1.24695,1.24702,3.00,3.38
2012.06.27 13:40:58.599,1.24693,1.24701,2.25,3.30
2012.06.27 13:40:58.675,1.24693,1.24699,1.50,1.50
2012.06.27 13:40:58.752,1.2469,1.24697,2.63,1.13
2012.06.27 13:40:59.251,1.24689,1.24696,1.13,2.63
2012.06.27 13:41:01.351,1.24687,1.24696,2.36,1.88
2012.06.27 13:41:01.990,1.24688,1.24696,1.50,1.88
2012.06.27 13:41:02.070,1.24689,1.24697,1.99,2.25
2012.06.27 13:41:02.152,1.24691,1.24698,1.50,3.38
2012.06.27 13:41:02.231,1.24692,1.24699,1.24,1.50
2012.06.27 13:41:02.523,1.24695,1.24702,2.06,1.50
2012.06.27 13:41:02.931,1.24695,1.24704,4.24,1.50
2012.06.27 13:41:03.019,1.24698,1.24705,1.24,1.50
2012.06.27 13:41:03.589,1.24697,1.24706,2.74,1.50
2012.06.27 13:41:04.692,1.24697,1.24706,2.74,1.50
2012.06.27 13:41:05.051,1.24696,1.24704,1.50,2.25
2012.06.27 13:41:05.570,1.24695,1.24705,9.71,3.00
2012.06.27 13:41:05.917,1.24694,1.24703,1.61,2.25
2012.06.27 13:41:07.250,1.24694,1.24703,2.36,4.05
2012.06.27 13:41:07.811,1.24692,1.247,1.24,1.50
2012.06.27 13:41:08.169,1.24689,1.24697,1.50,3.00
2012.06.27 13:41:08.390,1.24687,1.24696,1.24,2.25
2012.06.27 13:41:09.256,1.24686,1.24695,1.99,1.88
2012.06.27 13:41:09.402,1.24685,1.24691,1.84,1.50
2012.06.27 13:41:09.620,1.24686,1.24693,1.50,1.50
2012.06.27 13:41:10.421,1.24686,1.24694,1.50,2.55
2012.06.27 13:41:10.514,1.24687,1.24696,3.38,1.50
2012.06.27 13:41:11.081,1.24686,1.24695,1.24,2.63
2012.06.27 13:41:11.848,1.24687,1.24695,1.50,2.63
2012.06.27 13:41:12.338,1.24687,1.24695,1.50,2.63
2012.06.27 13:41:13.444,1.24689,1.24695,1.50,1.88
2012.06.27 13:41:13.520,1.24687,1.24695,3.00,2.63
2012.06.27 13:41:14.157,1.24688,1.24695,1.50,2.63
2012.06.27 13:41:14.366,1.24686,1.24694,2.25,1.88
2012.06.27 13:41:15.219,1.24687,1.24694,1.50,2.18
2012.06.27 13:41:17.618,1.24686,1.24695,1.50,1.80
2012.06.27 13:41:18.099,1.24685,1.24694,1.99,1.50
2012.06.27 13:41:18.458,1.24683,1.2469,1.50,3.68
2012.06.27 13:41:18.607,1.24683,1.2469,2.25,1.50
2012.06.27 13:41:19.195,1.24684,1.24691,2.74,2.25
2012.06.27 13:41:19.286,1.24682,1.24691,4.24,1.50
2012.06.27 13:41:19.989,1.24684,1.24693,1.99,4.50
2012.06.27 13:41:20.401,1.24683,1.24691,2.25,1.50
2012.06.27 13:41:20.761,1.24676,1.24689,1.24,1.88
2012.06.27 13:41:20.915,1.24671,1.24683,2.25,1.50
2012.06.27 13:41:20.999,1.2467,1.24677,2.63,1.50
2012.06.27 13:41:21.089,1.24665,1.24676,1.50,3.60
2012.06.27 13:41:21.176,1.24667,1.24676,1.50,3.22
2012.06.27 13:41:21.271,1.24663,1.24672,3.68,2.25
2012.06.27 13:41:21.560,1.24663,1.2467,2.25,2.25
2012.06.27 13:41:22.213,1.24663,1.2467,1.99,1.50
2012.06.27 13:41:22.305,1.2467,1.24675,1.50,7.05
2012.06.27 13:41:22.790,1.24671,1.2468,1.24,3.38
2012.06.27 13:41:22.874,1.24674,1.24681,1.24,2.25
2012.06.27 13:41:23.162,1.24675,1.24684,1.99,5.02
2012.06.27 13:41:23.316,1.24672,1.24682,1.13,1.88
2012.06.27 13:41:23.389,1.24673,1.24682,2.18,2.63
2012.06.27 13:41:23.614,1.24673,1.24681,1.43,3.15
2012.06.27 13:41:23.900,1.2467,1.2468,1.13,7.73
2012.06.27 13:41:24.470,1.24668,1.24677,1.99,3.00
2012.06.27 13:41:24.970,1.24668,1.24677,2.18,3.75
2012.06.27 13:41:25.492,1.24668,1.24677,2.18,2.25
2012.06.27 13:41:25.932,1.24669,1.24678,2.18,1.50
2012.06.27 13:41:26.010,1.24669,1.24679,2.18,5.10
2012.06.27 13:41:26.223,1.24669,1.24678,2.93,1.50
2012.06.27 13:41:26.922,1.24672,1.2468,1.35,4.13
2012.06.27 13:41:27.000,1.24675,1.2468,1.50,3.38
2012.06.27 13:41:27.302,1.24677,1.24683,1.24,2.25
2012.06.27 13:41:27.591,1.24675,1.24683,1.35,1.13
2012.06.27 13:41:27.670,1.24674,1.24681,3.75,1.13
2012.06.27 13:41:28.029,1.24672,1.24677,2.10,1.13
2012.06.27 13:41:28.256,1.24672,1.24678,1.35,3.30
2012.06.27 13:41:28.331,1.24673,1.2468,1.35,2.70
2012.06.27 13:41:28.705,1.2467,1.24677,1.35,2.63
2012.06.27 13:41:29.293,1.24668,1.24677,3.00,2.63
2012.06.27 13:41:29.800,1.24669,1.24677,1.50,1.13
2012.06.27 13:41:29.882,1.2467,1.24678,1.84,1.80
2012.06.27 13:41:30.242,1.24672,1.24678,2.36,1.50
2012.06.27 13:41:30.323,1.24675,1.24684,1.24,1.99
2012.06.27 13:41:30.540,1.24675,1.24684,2.74,5.03
2012.06.27 13:41:30.962,1.24673,1.24684,2.74,4.28
2012.06.27 13:41:31.672,1.24672,1.24683,3.86,2.55
2012.06.27 13:41:32.185,1.24671,1.24682,1.99,5.25
2012.06.27 13:41:32.689,1.24673,1.24681,1.50,1.50
2012.06.27 13:41:32.758,1.24673,1.24678,1.50,1.50
2012.06.27 13:41:32.898,1.24673,1.24683,2.25,4.20
2012.06.27 13:41:33.592,1.24673,1.24682,4.99,2.25
2012.06.27 13:41:33.813,1.24673,1.24679,1.50,1.13
2012.06.27 13:41:33.961,1.24671,1.24679,2.25,1.88
2012.06.27 13:41:34.533,1.2467,1.2468,2.74,2.25
2012.06.27 13:41:34.820,1.24672,1.2468,1.61,1.50
2012.06.27 13:41:35.412,1.24672,1.2468,1.99,1.50
2012.06.27 13:41:35.868,1.24672,1.2468,1.24,1.50
2012.06.27 13:41:36.708,1.24671,1.2468,2.74,2.63
2012.06.27 13:41:36.920,1.24669,1.24679,3.00,1.88
2012.06.27 13:41:37.481,1.24671,1.2468,1.99,2.25
2012.06.27 13:41:37.561,1.24673,1.24682,1.50,6.68
2012.06.27 13:41:37.638,1.24673,1.24682,1.50,5.93
2012.06.27 13:41:37.989,1.24666,1.24675,3.72,3.68
2012.06.27 13:41:38.494,1.24669,1.24677,1.61,2.25
2012.06.27 13:41:38.959,1.24668,1.24677,2.25,2.63
2012.06.27 13:41:39.046,1.24668,1.24677,2.25,1.88
2012.06.27 13:41:39.120,1.24669,1.24677,1.13,4.13
2012.06.27 13:41:39.273,1.24667,1.24677,1.50,4.50
2012.06.27 13:41:40.112,1.24668,1.24675,1.13,3.68
2012.06.27 13:41:40.679,1.24666,1.24675,1.24,5.93
2012.06.27 13:41:41.229,1.24665,1.24675,1.24,3.68
2012.06.27 13:41:41.846,1.24666,1.24675,1.24,4.43
2012.06.27 13:41:42.200,1.24667,1.24676,3.75,3.75
2012.06.27 13:41:42.701,1.24665,1.24674,1.13,1.50
2012.06.27 13:41:43.061,1.24663,1.24673,3.00,3.68
2012.06.27 13:41:43.209,1.24663,1.24672,2.25,3.00
2012.06.27 13:41:43.561,1.24659,1.24668,1.24,3.00
2012.06.27 13:41:44.138,1.24659,1.24668,1.24,1.50
2012.06.27 13:41:44.700,1.24657,1.24667,4.24,3.30
2012.06.27 13:41:45.058,1.24657,1.24667,4.99,2.55
2012.06.27 13:41:45.409,1.24657,1.24667,1.99,4.05
2012.06.27 13:41:46.063,1.2465,1.24662,2.25,2.63
2012.06.27 13:41:46.153,1.24649,1.24657,1.50,8.40
2012.06.27 13:41:46.656,1.24647,1.24655,1.50,2.10
2012.06.27 13:41:46.737,1.24647,1.24655,1.50,2.10
2012.06.27 13:41:47.094,1.24646,1.24654,2.74,1.50
2012.06.27 13:41:47.657,1.24646,1.24655,3.49,1.13
2012.06.27 13:41:48.197,1.24647,1.24655,2.03,1.13
2012.06.27 13:41:48.739,1.24646,1.24655,2.74,1.88
2012.06.27 13:41:49.018,1.24647,1.24656,1.50,3.00
2012.06.27 13:41:49.231,1.24647,1.24655,1.50,1.50
2012.06.27 13:41:49.311,1.24648,1.24657,2.25,3.38
2012.06.27 13:41:49.845,1.2465,1.24658,2.78,4.80
2012.06.27 13:41:49.926,1.24651,1.24658,1.24,2.25
2012.06.27 13:41:50.285,1.24653,1.24661,2.74,1.50
2012.06.27 13:41:50.643,1.24654,1.24662,6.00,2.25
2012.06.27 13:41:50.933,1.24653,1.24662,2.74,1.50
2012.06.27 13:41:51.443,1.24653,1.24659,1.50,1.13
2012.06.27 13:41:51.812,1.2465,1.24656,1.13,1.13
2012.06.27 13:41:51.959,1.24649,1.24656,1.50,1.88
2012.06.27 13:41:52.522,1.24648,1.24656,1.28,3.38
2012.06.27 13:41:54.012,1.24647,1.24656,3.00,2.25
2012.06.27 13:41:54.231,1.24645,1.24654,3.38,1.50
2012.06.27 13:41:54.798,1.24645,1.24654,3.00,3.30
2012.06.27 13:41:55.339,1.24645,1.24654,3.00,2.25
2012.06.27 13:41:55.480,1.24645,1.24652,2.25,1.88
2012.06.27 13:41:55.563,1.24643,1.24652,1.24,6.38
2012.06.27 13:41:55.925,1.24644,1.2465,2.25,1.05
2012.06.27 13:41:56.141,1.24643,1.24649,3.00,1.13
2012.06.27 13:41:56.222,1.2464,1.24651,1.50,1.13
2012.06.27 13:41:56.621,1.24642,1.24648,1.50,3.97
2012.06.27 13:41:56.707,1.2464,1.24648,1.50,1.13
2012.06.27 13:41:56.991,1.24639,1.24647,1.24,3.75
2012.06.27 13:41:57.562,1.24632,1.2464,2.25,2.63
2012.06.27 13:41:57.644,1.24632,1.24641,3.49,2.25
2012.06.27 13:41:57.790,1.24631,1.2464,4.99,1.88
2012.06.27 13:41:58.295,1.2463,1.24639,2.74,1.13
2012.06.27 13:41:58.441,1.24632,1.2464,1.24,3.00
2012.06.27 13:41:58.595,1.24633,1.24642,1.99,2.25
2012.06.27 13:41:58.810,1.24632,1.24641,1.24,1.50
2012.06.27 13:41:59.662,1.24634,1.24641,1.24,1.50
2012.06.27 13:41:59.893,1.24635,1.24644,2.74,2.93
2012.06.27 13:42:00.400,1.24635,1.24642,2.74,1.50
2012.06.27 13:42:00.901,1.24637,1.24642,1.50,1.50
2012.06.27 13:42:00.986,1.24639,1.24646,1.50,3.00
2012.06.27 13:42:01.622,1.24642,1.24648,1.50,1.50
2012.06.27 13:42:01.839,1.2464,1.24648,1.50,2.63
2012.06.27 13:42:01.984,1.24639,1.24648,7.46,3.30
2012.06.27 13:42:02.201,1.24639,1.24647,1.28,2.18
2012.06.27 13:42:02.802,1.24641,1.24647,1.50,1.43
2012.06.27 13:42:02.888,1.24641,1.24648,1.20,1.13
2012.06.27 13:42:03.452,1.24639,1.24648,1.73,1.13
2012.06.27 13:42:03.532,1.24639,1.24648,2.18,3.30
2012.06.27 13:42:03.890,1.24639,1.24648,2.21,2.18
2012.06.27 13:42:04.528,1.24639,1.24648,3.71,2.18
2012.06.27 13:42:05.087,1.24637,1.24646,1.24,1.50
2012.06.27 13:42:05.647,1.24636,1.24644,1.58,2.18
2012.06.27 13:42:06.351,1.24636,1.24646,1.58,4.50
2012.06.27 13:42:06.989,1.24636,1.24646,1.61,4.50
2012.06.27 13:42:07.334,1.24641,1.2465,2.36,5.03
2012.06.27 13:42:07.412,1.24641,1.24647,1.61,1.50
2012.06.27 13:42:07.913,1.24638,1.24646,1.88,1.50
2012.06.27 13:42:08.549,1.24639,1.24646,1.99,1.50
2012.06.27 13:42:08.693,1.24636,1.24646,4.61,2.25
2012.06.27 13:42:09.121,1.24636,1.24646,2.33,3.75
2012.06.27 13:42:09.653,1.24637,1.24646,2.70,1.50
2012.06.27 13:42:10.431,1.24637,1.24646,2.25,2.25
2012.06.27 13:42:11.001,1.24637,1.24646,2.74,4.13
2012.06.27 13:42:11.352,1.24637,1.24646,3.19,1.13
2012.06.27 13:42:11.777,1.24639,1.24648,2.25,5.63
2012.06.27 13:42:12.064,1.2464,1.24648,2.70,1.88
2012.06.27 13:42:12.209,1.24639,1.24648,3.00,3.38
2012.06.27 13:42:12.704,1.2464,1.24648,1.20,2.63
2012.06.27 13:42:13.295,1.24644,1.24651,3.49,3.30
2012.06.27 13:42:13.381,1.24646,1.24655,3.49,1.88
2012.06.27 13:42:13.737,1.24644,1.24653,3.38,1.88
2012.06.27 13:42:13.811,1.24644,1.2465,3.38,1.13
2012.06.27 13:42:14.380,1.24643,1.24651,1.50,1.13
2012.06.27 13:42:14.941,1.24643,1.24651,2.25,1.13
2012.06.27 13:42:15.302,1.24647,1.24655,2.25,4.13
2012.06.27 13:42:15.801,1.24646,1.24654,2.74,1.50
2012.06.27 13:42:16.368,1.24646,1.24654,2.25,2.63
2012.06.27 13:42:16.912,1.24649,1.24655,3.00,2.63
2012.06.27 13:42:17.282,1.24652,1.2466,3.49,2.55
2012.06.27 13:42:17.642,1.2465,1.24659,1.13,3.00
2012.06.27 13:42:17.791,1.24649,1.24659,1.13,4.72
2012.06.27 13:42:18.357,1.24647,1.24657,2.25,3.97
2012.06.27 13:42:18.568,1.24646,1.24657,3.11,5.10
2012.06.27 13:42:18.712,1.24646,1.24654,1.13,3.22
2012.06.27 13:42:19.399,1.24645,1.24654,2.74,6.60
2012.06.27 13:42:19.826,1.2465,1.24657,1.50,2.25
2012.06.27 13:42:20.243,1.24656,1.24662,1.80,1.62
2012.06.27 13:42:20.475,1.2466,1.24666,2.25,4.50
2012.06.27 13:42:20.557,1.24661,1.24667,2.55,1.50
2012.06.27 13:42:20.632,1.24663,1.2467,3.49,3.00
2012.06.27 13:42:20.853,1.24667,1.24673,1.24,1.50
2012.06.27 13:42:20.934,1.24669,1.24676,1.50,2.25
2012.06.27 13:42:21.290,1.2467,1.2468,3.49,3.00
2012.06.27 13:42:21.368,1.24673,1.2468,4.99,2.25
2012.06.27 13:42:21.931,1.24674,1.2468,7.09,1.50
2012.06.27 13:42:22.011,1.24674,1.24681,9.49,1.05
2012.06.27 13:42:22.160,1.24676,1.24685,1.50,1.95
2012.06.27 13:42:22.719,1.24677,1.24685,1.50,1.50
2012.06.27 13:42:23.154,1.24678,1.24687,2.25,2.25
2012.06.27 13:42:23.235,1.24676,1.24687,4.13,2.25
2012.06.27 13:42:23.802,1.24677,1.24687,2.25,4.20
2012.06.27 13:42:24.360,1.24678,1.24687,1.50,3.52
2012.06.27 13:42:24.569,1.24678,1.24686,1.50,3.00
2012.06.27 13:42:25.506,1.24676,1.24684,2.25,1.50
2012.06.27 13:42:26.036,1.24676,1.24686,2.25,3.38
2012.06.27 13:42:26.578,1.24676,1.24686,2.25,3.38
2012.06.27 13:42:26.779,1.24676,1.24685,1.50,1.50
2012.06.27 13:42:27.414,1.24674,1.24682,2.74,2.25
2012.06.27 13:42:27.941,1.24674,1.24681,2.25,2.10
2012.06.27 13:42:28.230,1.24671,1.24679,1.50,2.25
2012.06.27 13:42:28.369,1.24669,1.24679,1.13,2.25
2012.06.27 13:42:28.508,1.24668,1.24679,4.13,3.38
2012.06.27 13:42:28.929,1.24669,1.24679,1.88,2.25
2012.06.27 13:42:29.001,1.2467,1.24679,1.24,1.50
2012.06.27 13:42:29.558,1.24672,1.24682,2.25,1.50
2012.06.27 13:42:29.697,1.24672,1.24682,2.25,1.50
2012.06.27 13:42:30.236,1.24672,1.24682,2.25,1.50
2012.06.27 13:42:30.568,1.24672,1.24683,2.25,5.63
2012.06.27 13:42:30.921,1.24671,1.2468,1.50,2.25
2012.06.27 13:42:31.003,1.24669,1.24679,3.11,3.00
2012.06.27 13:42:31.438,1.24668,1.24675,2.25,1.50
2012.06.27 13:42:31.730,1.24665,1.24675,3.11,3.00
2012.06.27 13:42:32.779,1.24664,1.24674,3.00,3.08
2012.06.27 13:42:32.848,1.24664,1.24673,1.50,1.50
2012.06.27 13:42:33.063,1.24662,1.24671,2.74,2.25
2012.06.27 13:42:33.352,1.24661,1.24669,1.24,1.50
2012.06.27 13:42:33.992,1.24664,1.24671,1.24,3.00
2012.06.27 13:42:34.154,1.24664,1.24671,1.99,1.50
2012.06.27 13:42:34.230,1.24664,1.24673,3.49,2.25
2012.06.27 13:42:34.881,1.24664,1.24672,1.50,1.50
2012.06.27 13:42:35.039,1.24662,1.24669,1.13,1.50
2012.06.27 13:42:35.321,1.2466,1.24668,1.84,2.25
2012.06.27 13:42:35.879,1.2466,1.24668,1.09,2.25
2012.06.27 13:42:36.291,1.24658,1.24668,1.99,2.25
2012.06.27 13:42:36.793,1.24659,1.24668,1.24,2.25
2012.06.27 13:42:37.358,1.24659,1.24667,1.24,1.50
2012.06.27 13:42:37.921,1.24659,1.24669,2.74,1.50
2012.06.27 13:42:38.528,1.24659,1.24669,2.74,1.50
2012.06.27 13:42:39.358,1.24658,1.24668,1.50,3.00
2012.06.27 13:42:39.628,1.24658,1.24668,1.50,2.25
2012.06.27 13:42:40.186,1.24657,1.24668,7.46,2.25
2012.06.27 13:42:40.747,1.24657,1.24668,6.71,2.25
2012.06.27 13:42:41.230,1.24657,1.24665,3.71,2.25
2012.06.27 13:42:41.315,1.24656,1.24665,3.38,2.25
2012.06.27 13:42:41.392,1.24656,1.24663,1.88,1.50
2012.06.27 13:42:41.540,1.24654,1.24663,2.93,2.63
2012.06.27 13:42:41.623,1.24653,1.24662,2.18,2.25
2012.06.27 13:42:42.299,1.24651,1.2466,2.25,3.60
2012.06.27 13:42:42.461,1.24649,1.24658,1.50,2.25
2012.06.27 13:42:43.031,1.24648,1.24657,2.25,1.50
2012.06.27 13:42:43.179,1.24648,1.24657,2.25,3.00
2012.06.27 13:42:43.599,1.24646,1.24656,3.49,2.85
2012.06.27 13:42:43.880,1.24649,1.24659,2.25,2.25
2012.06.27 13:42:44.426,1.24649,1.24659,2.25,2.25
2012.06.27 13:42:44.760,1.24649,1.24659,3.60,1.50
2012.06.27 13:42:45.115,1.24655,1.24663,1.99,1.05
2012.06.27 13:42:45.333,1.24656,1.24664,4.24,1.50
2012.06.27 13:42:45.482,1.24658,1.24664,2.55,1.50
2012.06.27 13:42:45.558,1.24658,1.24667,4.05,1.58
2012.06.27 13:42:46.184,1.24663,1.2467,1.50,2.47
2012.06.27 13:42:46.545,1.24667,1.24675,2.25,1.50
2012.06.27 13:42:46.623,1.24666,1.24675,1.61,1.50
2012.06.27 13:42:46.701,1.24665,1.24675,6.71,2.25
2012.06.27 13:42:46.784,1.24671,1.24678,1.50,2.25
2012.06.27 13:42:47.348,1.24671,1.24679,1.50,3.30
2012.06.27 13:42:48.399,1.24671,1.24679,1.50,1.50
2012.06.27 13:42:49.820,1.24673,1.24684,2.25,2.78
2012.06.27 13:42:50.401,1.24672,1.24684,4.24,3.15
2012.06.27 13:42:50.678,1.24672,1.24684,4.24,3.15
2012.06.27 13:42:51.021,1.24672,1.2468,2.25,1.50
2012.06.27 13:42:51.379,1.24669,1.24679,3.38,2.25
2012.06.27 13:42:51.728,1.24668,1.24678,1.13,1.13
2012.06.27 13:42:52.278,1.2467,1.24678,1.50,1.13
2012.06.27 13:42:52.699,1.24668,1.24679,4.88,4.88
2012.06.27 13:42:52.768,1.24671,1.24679,1.50,3.38
2012.06.27 13:42:53.542,1.24671,1.24679,1.50,3.38
2012.06.27 13:42:54.049,1.24671,1.2468,1.50,4.05
2012.06.27 13:42:54.607,1.24671,1.24679,1.50,1.50
2012.06.27 13:42:55.148,1.24671,1.24679,1.50,1.50
2012.06.27 13:42:55.497,1.24669,1.24677,1.50,1.50
2012.06.27 13:42:56.071,1.24669,1.24678,1.50,3.00
2012.06.27 13:42:56.598,1.24669,1.24678,1.50,3.00
2012.06.27 13:42:57.509,1.24671,1.24679,1.50,3.00
2012.06.27 13:42:59.166,1.24671,1.24678,1.50,2.10
2012.06.27 13:42:59.580,1.24669,1.24678,1.50,4.05
2012.06.27 13:43:00.451,1.24669,1.24678,1.50,4.05
2012.06.27 13:43:00.867,1.24669,1.24677,1.50,2.25
2012.06.27 13:43:00.940,1.24667,1.24677,1.50,3.75
2012.06.27 13:43:01.365,1.24666,1.24674,1.50,1.50
2012.06.27 13:43:01.579,1.24664,1.24673,1.50,1.50
2012.06.27 13:43:02.139,1.24665,1.24673,1.50,1.50
2012.06.27 13:43:02.717,1.24663,1.24672,3.79,1.50
2012.06.27 13:43:02.928,1.24665,1.24674,2.25,2.85
2012.06.27 13:43:03.489,1.24665,1.24674,4.24,1.50
2012.06.27 13:43:03.769,1.24668,1.24676,1.50,1.50
2012.06.27 13:43:04.468,1.24668,1.24674,2.25,1.50
2012.06.27 13:43:04.612,1.24665,1.24672,1.99,1.05
2012.06.27 13:43:04.693,1.24664,1.2467,2.25,1.13
2012.06.27 13:43:05.055,1.24657,1.24665,3.38,6.72
2012.06.27 13:43:05.134,1.24658,1.24665,1.50,11.97
2012.06.27 13:43:05.687,1.24657,1.24664,1.50,1.50
2012.06.27 13:43:06.552,1.24657,1.24664,1.50,3.68
2012.06.27 13:43:06.775,1.24655,1.24664,1.50,5.18
2012.06.27 13:43:07.892,1.24655,1.24664,1.50,6.08
2012.06.27 13:43:08.111,1.24655,1.24663,1.50,4.65
2012.06.27 13:43:08.194,1.24653,1.24661,2.25,3.15
2012.06.27 13:43:08.274,1.24651,1.24659,1.50,1.13
2012.06.27 13:43:08.494,1.2465,1.24658,2.25,1.80
2012.06.27 13:43:08.711,1.2465,1.2466,2.25,4.27
2012.06.27 13:43:08.928,1.24652,1.24661,2.25,5.77
2012.06.27 13:43:09.258,1.24652,1.24661,2.25,4.27
2012.06.27 13:43:09.328,1.24652,1.24661,2.25,5.02
2012.06.27 13:43:09.542,1.24652,1.2466,1.50,2.25
2012.06.27 13:43:10.078,1.24651,1.24659,1.50,2.40
2012.06.27 13:43:10.511,1.24653,1.24659,1.50,3.15
2012.06.27 13:43:10.734,1.24653,1.2466,1.50,2.55
2012.06.27 13:43:11.022,1.24653,1.24662,3.75,3.38
2012.06.27 13:43:11.518,1.24654,1.24664,4.50,2.25
2012.06.27 13:43:12.071,1.24657,1.24665,1.50,6.30
2012.06.27 13:43:13.885,1.24657,1.2467,3.00,5.85
2012.06.27 13:43:13.978,1.24661,1.24667,1.50,3.90
2012.06.27 13:43:14.192,1.24661,1.24669,2.25,1.88
2012.06.27 13:43:14.408,1.24669,1.24675,1.50,3.90
2012.06.27 13:43:14.549,1.2467,1.24677,1.50,1.50
2012.06.27 13:43:14.630,1.24672,1.2468,2.25,1.13
2012.06.27 13:43:14.710,1.24672,1.24682,2.25,2.18
2012.06.27 13:43:15.471,1.24674,1.24683,2.25,1.50
2012.06.27 13:43:16.043,1.24673,1.24682,3.00,1.50
2012.06.27 13:43:16.992,1.24672,1.24683,3.75,4.32
2012.06.27 13:43:17.356,1.24672,1.2468,2.25,2.18
2012.06.27 13:43:17.711,1.24669,1.24677,1.50,1.88
2012.06.27 13:43:18.072,1.24666,1.24677,1.88,4.13
2012.06.27 13:43:18.360,1.24667,1.24677,2.63,4.13
2012.06.27 13:43:18.890,1.24668,1.24677,1.50,3.38
2012.06.27 13:43:19.441,1.2467,1.24677,1.50,1.13
2012.06.27 13:43:20.727,1.24669,1.24677,1.50,1.13
2012.06.27 13:43:21.362,1.24669,1.24677,3.30,1.13
2012.06.27 13:43:21.581,1.24671,1.2468,2.74,3.75
2012.06.27 13:43:21.663,1.24673,1.2468,1.50,1.50
2012.06.27 13:43:22.369,1.24673,1.24682,2.25,1.05
2012.06.27 13:43:22.928,1.24673,1.24683,3.38,2.40
2012.06.27 13:43:23.500,1.24673,1.24683,1.88,2.40
2012.06.27 13:43:23.853,1.24671,1.24681,3.11,1.88
2012.06.27 13:43:24.761,1.2467,1.24677,1.80,1.13
2012.06.27 13:43:25.099,1.24668,1.24676,1.50,3.30
2012.06.27 13:43:25.175,1.24669,1.24676,1.13,2.25
2012.06.27 13:43:25.739,1.24668,1.24677,2.63,2.25
2012.06.27 13:43:26.088,1.24668,1.24677,2.63,2.85
2012.06.27 13:43:26.370,1.24668,1.24677,2.36,5.25
2012.06.27 13:43:26.928,1.24668,1.24677,1.99,3.00
2012.06.27 13:43:27.144,1.24666,1.24675,2.25,7.13
2012.06.27 13:43:27.503,1.24663,1.2467,2.25,1.13
2012.06.27 13:43:28.104,1.24663,1.24671,1.50,4.13
2012.06.27 13:43:28.197,1.2466,1.2467,1.24,3.60
2012.06.27 13:43:28.748,1.2466,1.2467,1.24,3.00
2012.06.27 13:43:29.100,1.24659,1.2467,4.61,4.50
2012.06.27 13:43:29.523,1.24659,1.24669,4.13,2.93
2012.06.27 13:43:29.878,1.24658,1.24667,1.24,1.50
2012.06.27 13:43:30.228,1.24658,1.24668,1.24,5.10
2012.06.27 13:43:30.768,1.24658,1.24667,4.99,1.50
2012.06.27 13:43:31.050,1.24659,1.24669,3.94,1.80
2012.06.27 13:43:31.137,1.24664,1.2467,2.74,3.38
2012.06.27 13:43:31.216,1.24666,1.24672,1.50,1.50
2012.06.27 13:43:31.363,1.24668,1.24673,1.50,1.13
2012.06.27 13:43:31.817,1.24667,1.24675,1.50,5.18
2012.06.27 13:43:31.960,1.24665,1.24675,1.88,3.00
2012.06.27 13:43:32.583,1.24666,1.24675,1.50,1.50
2012.06.27 13:43:33.015,1.24665,1.24674,2.63,1.50
2012.06.27 13:43:33.319,1.24662,1.24668,1.50,2.10
2012.06.27 13:43:33.600,1.24661,1.24668,1.50,3.08
2012.06.27 13:43:33.682,1.24658,1.24667,1.50,1.50
2012.06.27 13:43:34.248,1.24659,1.24668,1.50,4.73
2012.06.27 13:43:37.358,1.24659,1.24668,1.50,2.25
2012.06.27 13:43:37.708,1.24657,1.24666,3.86,2.85
2012.06.27 13:43:38.059,1.24656,1.24664,1.99,1.50
2012.06.27 13:43:38.128,1.24655,1.24665,2.36,6.38
2012.06.27 13:43:38.721,1.24655,1.24665,1.99,4.50
2012.06.27 13:43:39.411,1.24655,1.24664,1.99,1.35
2012.06.27 13:43:40.729,1.24654,1.24665,2.74,3.68
2012.06.27 13:43:41.292,1.24655,1.24665,2.36,5.70
2012.06.27 13:43:41.651,1.24658,1.24666,1.24,2.25
2012.06.27 13:43:42.011,1.24659,1.24667,1.99,1.50
2012.06.27 13:43:42.577,1.24661,1.24668,1.99,1.80
2012.06.27 13:43:42.789,1.24661,1.2467,1.99,3.75
2012.06.27 13:43:43.642,1.24662,1.24671,1.99,1.35
2012.06.27 13:43:44.009,1.24666,1.24675,1.99,2.18
2012.06.27 13:43:44.408,1.24666,1.24675,1.99,2.63
2012.06.27 13:43:44.713,1.24667,1.24675,1.50,4.88
2012.06.27 13:43:45.073,1.24665,1.24672,1.50,2.25
2012.06.27 13:43:45.149,1.24663,1.24672,3.00,4.50
2012.06.27 13:43:45.291,1.24661,1.2467,5.21,2.25
2012.06.27 13:43:45.443,1.2466,1.24668,1.99,1.50
2012.06.27 13:43:46.598,1.2466,1.2467,3.49,1.50
2012.06.27 13:43:46.949,1.2466,1.24671,3.49,2.25
2012.06.27 13:43:47.019,1.24662,1.24671,1.24,2.25
2012.06.27 13:43:47.370,1.24667,1.24675,1.24,6.00
2012.06.27 13:43:47.452,1.24667,1.24673,1.24,1.50
2012.06.27 13:43:47.532,1.24669,1.24675,1.50,3.75
2012.06.27 13:43:47.820,1.24667,1.24676,2.74,3.75
2012.06.27 13:43:48.429,1.24667,1.24674,1.50,1.50
2012.06.27 13:43:48.639,1.24664,1.24674,3.00,1.50
2012.06.27 13:43:49.179,1.24664,1.24673,2.25,1.50
2012.06.27 13:43:49.319,1.24664,1.24674,3.00,1.50
2012.06.27 13:43:49.461,1.24664,1.24673,3.00,1.73
2012.06.27 13:43:49.752,1.2466,1.24671,4.99,3.23
2012.06.27 13:43:50.260,1.2466,1.24671,4.99,3.75
2012.06.27 13:43:50.460,1.24663,1.24671,1.99,2.25
2012.06.27 13:43:50.533,1.24663,1.24672,1.99,4.13
2012.06.27 13:43:51.029,1.24663,1.24672,1.99,4.13
2012.06.27 13:43:51.594,1.24662,1.2467,1.50,1.50
2012.06.27 13:43:52.239,1.24661,1.24671,2.25,3.75
2012.06.27 13:43:52.767,1.24661,1.24671,1.50,5.25
2012.06.27 13:43:53.518,1.2466,1.2467,4.24,1.50
2012.06.27 13:43:54.078,1.2466,1.2467,4.24,2.25
2012.06.27 13:43:54.620,1.2466,1.2467,4.99,2.25
2012.06.27 13:43:56.020,1.2466,1.2467,2.74,3.00
2012.06.27 13:43:56.848,1.2466,1.2467,2.74,2.25
2012.06.27 13:43:57.290,1.24663,1.24671,1.24,1.50
2012.06.27 13:43:57.514,1.24665,1.24674,1.50,2.63
2012.06.27 13:43:58.010,1.24666,1.24675,1.50,1.50
2012.06.27 13:43:58.288,1.24666,1.24676,2.74,1.80
2012.06.27 13:43:58.840,1.24669,1.24678,2.74,3.00
2012.06.27 13:43:59.131,1.2467,1.24679,2.74,2.63
2012.06.27 13:43:59.560,1.24669,1.24679,2.25,1.88
2012.06.27 13:43:59.765,1.24668,1.24675,2.55,2.63
2012.06.27 13:44:00.075,1.24664,1.2467,1.20,2.25
2012.06.27 13:44:00.620,1.2466,1.24669,1.58,1.50
2012.06.27 13:44:00.709,1.24659,1.24669,2.25,1.50
2012.06.27 13:44:00.859,1.24661,1.24669,1.13,1.50
2012.06.27 13:44:01.210,1.24665,1.24673,1.99,2.93
2012.06.27 13:44:01.560,1.24667,1.24674,1.50,1.50
2012.06.27 13:44:01.781,1.24667,1.24675,1.50,1.88
2012.06.27 13:44:02.339,1.24668,1.24677,1.50,3.00
2012.06.27 13:44:02.621,1.24666,1.24676,2.25,2.25
2012.06.27 13:44:04.115,1.24666,1.24676,2.25,1.50
2012.06.27 13:44:05.244,1.24666,1.24674,3.00,1.50
2012.06.27 13:44:05.461,1.24664,1.24673,1.99,2.48
2012.06.27 13:44:05.752,1.24663,1.24672,1.35,1.50
2012.06.27 13:44:06.041,1.24661,1.2467,1.50,3.38
2012.06.27 13:44:06.532,1.24663,1.2467,1.50,2.25
2012.06.27 13:44:06.838,1.24666,1.24671,1.24,1.05
2012.06.27 13:44:06.923,1.24666,1.24674,1.24,2.25
2012.06.27 13:44:07.426,1.24669,1.24675,1.50,2.10
2012.06.27 13:44:07.505,1.24667,1.24675,1.50,1.80
2012.06.27 13:44:09.220,1.24667,1.24675,1.50,1.50
2012.06.27 13:44:11.319,1.24667,1.24675,2.25,1.50
2012.06.27 13:44:12.049,1.24667,1.24676,2.25,3.00
2012.06.27 13:44:12.561,1.24668,1.24676,3.00,1.50
2012.06.27 13:44:12.925,1.24673,1.24679,2.63,1.50
2012.06.27 13:44:13.144,1.24679,1.24685,2.74,3.75
2012.06.27 13:44:13.222,1.24679,1.24687,3.11,5.25
2012.06.27 13:44:13.373,1.24679,1.24687,3.11,1.50
2012.06.27 13:44:13.735,1.24684,1.24692,1.99,1.50
2012.06.27 13:44:13.815,1.24685,1.24693,1.24,1.50
2012.06.27 13:44:13.960,1.24688,1.24695,1.50,2.18
2012.06.27 13:44:14.110,1.24686,1.24694,1.24,1.43
2012.06.27 13:44:14.391,1.24686,1.24691,1.50,1.43
2012.06.27 13:44:14.600,1.24686,1.24694,1.50,2.18
2012.06.27 13:44:15.228,1.24684,1.24694,3.49,2.18
2012.06.27 13:44:15.509,1.24683,1.24692,2.25,1.88
2012.06.27 13:44:15.858,1.24681,1.2469,1.24,2.18
2012.06.27 13:44:16.279,1.24681,1.24692,3.49,3.68
2012.06.27 13:44:16.479,1.24681,1.2469,1.50,1.43
2012.06.27 13:44:17.568,1.24679,1.2469,4.24,2.93
2012.06.27 13:44:18.180,1.2468,1.2469,3.49,2.93
2012.06.27 13:44:18.534,1.24686,1.24695,3.49,2.18
2012.06.27 13:44:19.087,1.24688,1.24698,5.25,1.50
2012.06.27 13:44:19.655,1.24691,1.24699,1.13,2.25
2012.06.27 13:44:19.940,1.24693,1.24699,1.50,2.25
2012.06.27 13:44:20.026,1.24693,1.24702,2.25,3.60
2012.06.27 13:44:20.579,1.24691,1.24701,3.00,1.50
2012.06.27 13:44:21.130,1.24691,1.24701,3.00,2.25
2012.06.27 13:44:22.301,1.24691,1.24701,1.50,2.25
2012.06.27 13:44:22.913,1.24691,1.24698,1.50,1.50
2012.06.27 13:44:23.132,1.24688,1.24697,1.24,1.50
2012.06.27 13:44:24.317,1.24686,1.24697,4.99,3.60
2012.06.27 13:44:24.459,1.24686,1.24695,4.24,1.73
2012.06.27 13:44:24.673,1.24686,1.24693,1.50,3.22
2012.06.27 13:44:24.822,1.24684,1.24689,1.50,1.13
2012.06.27 13:44:24.973,1.24679,1.24687,2.11,1.50
2012.06.27 13:44:25.193,1.24678,1.24684,1.50,1.50
2012.06.27 13:44:25.550,1.24678,1.24688,3.00,1.65
2012.06.27 13:44:25.700,1.24678,1.24688,2.63,2.40
2012.06.27 13:44:25.919,1.24678,1.24688,2.63,2.40
2012.06.27 13:44:26.433,1.2468,1.24688,1.44,2.10
2012.06.27 13:44:26.605,1.24681,1.24689,1.50,2.93
2012.06.27 13:44:26.681,1.24682,1.24689,1.50,1.50
2012.06.27 13:44:26.900,1.24689,1.24696,1.50,1.50
2012.06.27 13:44:27.111,1.24687,1.24696,2.36,4.05
2012.06.27 13:44:27.261,1.24687,1.24696,1.99,4.05
2012.06.27 13:44:27.827,1.24687,1.24696,1.99,4.05
2012.06.27 13:44:28.339,1.24685,1.24694,1.99,1.50
2012.06.27 13:44:29.002,1.24685,1.24694,2.74,1.50
2012.06.27 13:44:29.084,1.24686,1.24692,1.88,1.50
2012.06.27 13:44:29.302,1.24686,1.24696,1.88,3.00
2012.06.27 13:44:29.383,1.24686,1.24693,1.88,1.50
2012.06.27 13:44:29.745,1.24682,1.24691,1.50,4.50
2012.06.27 13:44:30.187,1.2468,1.24688,2.74,1.50
2012.06.27 13:44:30.739,1.2468,1.24688,1.50,1.50
2012.06.27 13:44:31.089,1.24678,1.24687,3.11,1.05
2012.06.27 13:44:31.374,1.24681,1.2469,1.99,3.60
2012.06.27 13:44:31.938,1.2468,1.24688,1.99,2.25
2012.06.27 13:44:32.877,1.2468,1.24688,3.11,1.50
2012.06.27 13:44:33.023,1.24682,1.24691,1.99,3.90
2012.06.27 13:44:34.071,1.24682,1.24691,3.49,1.50
2012.06.27 13:44:34.157,1.24685,1.24692,2.25,1.50
2012.06.27 13:44:35.239,1.24685,1.24693,1.24,1.80
2012.06.27 13:44:35.378,1.24685,1.24695,1.24,4.43
2012.06.27 13:44:35.519,1.24685,1.24695,1.24,4.43
2012.06.27 13:44:35.873,1.24692,1.24698,1.24,3.00
2012.06.27 13:44:36.229,1.24693,1.247,1.13,1.50
2012.06.27 13:44:36.443,1.24693,1.247,1.13,1.50
2012.06.27 13:44:36.802,1.24692,1.247,1.24,1.65
2012.06.27 13:44:37.092,1.24691,1.24697,1.88,1.50
2012.06.27 13:44:37.245,1.24691,1.24699,1.99,1.50
2012.06.27 13:44:37.602,1.24691,1.24697,1.50,1.50
2012.06.27 13:44:39.153,1.24691,1.24696,1.50,1.35
2012.06.27 13:44:39.441,1.24689,1.24696,1.88,1.50
2012.06.27 13:44:40.003,1.24689,1.24697,2.25,1.50
2012.06.27 13:44:40.292,1.24688,1.24695,1.61,1.50
2012.06.27 13:44:40.857,1.24686,1.24694,3.11,1.50
2012.06.27 13:44:41.060,1.24687,1.24696,1.99,3.30
2012.06.27 13:44:43.168,1.24687,1.24696,2.36,3.30
2012.06.27 13:44:45.286,1.24687,1.24696,1.99,2.25
2012.06.27 13:44:45.851,1.24685,1.24695,3.49,3.00
2012.06.27 13:44:46.420,1.24686,1.24695,1.99,1.50
2012.06.27 13:44:46.965,1.24686,1.24696,1.99,1.13
2012.06.27 13:44:48.017,1.24693,1.24699,1.99,1.05
2012.06.27 13:44:48.099,1.24694,1.24702,2.25,1.13
2012.06.27 13:44:48.730,1.24692,1.24702,5.74,1.13
2012.06.27 13:44:49.990,1.24692,1.24703,2.74,3.38
2012.06.27 13:44:53.050,1.24692,1.24701,2.25,1.73
2012.06.27 13:44:53.134,1.24692,1.24699,2.25,2.55
2012.06.27 13:44:53.282,1.2469,1.24698,1.50,1.50
2012.06.27 13:44:53.374,1.24688,1.24696,1.13,3.00
2012.06.27 13:44:53.454,1.24687,1.24696,3.11,4.50
2012.06.27 13:44:54.669,1.24687,1.24696,2.74,3.75
2012.06.27 13:44:55.199,1.24687,1.24696,2.74,4.50
2012.06.27 13:44:55.761,1.24685,1.24694,3.11,1.50
2012.06.27 13:44:56.317,1.24685,1.24694,3.11,1.50
2012.06.27 13:44:57.097,1.24685,1.24694,3.11,1.50
2012.06.27 13:44:59.699,1.24687,1.24696,2.74,3.75
2012.06.27 13:45:00.730,1.24687,1.24696,2.74,4.50
2012.06.27 13:45:01.431,1.24687,1.24696,3.00,4.50
2012.06.27 13:45:01.581,1.24689,1.24696,1.50,1.50
2012.06.27 13:45:02.218,1.24686,1.24692,2.25,2.85
2012.06.27 13:45:02.524,1.24681,1.24687,2.25,2.25
2012.06.27 13:45:02.600,1.24679,1.24687,4.20,1.50
2012.06.27 13:45:03.100,1.24676,1.24687,2.74,4.50
2012.06.27 13:45:03.320,1.24679,1.24687,1.50,3.00
2012.06.27 13:45:04.097,1.24679,1.24687,1.50,3.00
2012.06.27 13:45:04.711,1.24676,1.24687,4.24,4.50
2012.06.27 13:45:05.863,1.24679,1.24687,1.24,1.50
2012.06.27 13:45:06.228,1.24681,1.24689,2.25,1.50
2012.06.27 13:45:06.988,1.24681,1.2469,1.50,2.63
2012.06.27 13:45:09.668,1.24681,1.2469,1.50,4.13
2012.06.27 13:45:09.893,1.24679,1.24687,1.24,1.50
2012.06.27 13:45:10.432,1.24678,1.24687,2.74,1.80
2012.06.27 13:45:10.579,1.24678,1.24688,2.74,4.65
2012.06.27 13:45:10.720,1.24678,1.24686,2.74,1.50
2012.06.27 13:45:10.870,1.24678,1.24688,2.74,5.10
2012.06.27 13:45:11.428,1.24678,1.24688,2.74,4.35
2012.06.27 13:45:11.884,1.24678,1.24687,2.25,1.50
2012.06.27 13:45:12.254,1.24673,1.24679,1.50,1.80
2012.06.27 13:45:12.680,1.24671,1.24678,1.50,1.13
2012.06.27 13:45:12.972,1.24669,1.24678,1.99,1.50
2012.06.27 13:45:13.650,1.24667,1.24677,1.99,2.25
2012.06.27 13:45:14.181,1.24668,1.24678,2.25,1.80
2012.06.27 13:45:16.271,1.24667,1.24677,1.99,3.00
2012.06.27 13:45:16.899,1.24667,1.24677,1.99,3.75
2012.06.27 13:45:17.601,1.24667,1.24675,1.24,1.50
2012.06.27 13:45:18.331,1.24667,1.24676,1.24,2.55
2012.06.27 13:45:18.417,1.24667,1.24677,1.99,3.75
2012.06.27 13:45:19.048,1.24669,1.24678,1.99,2.25
2012.06.27 13:45:19.599,1.24669,1.24678,1.24,1.50
2012.06.27 13:45:19.738,1.24671,1.24679,1.99,3.75
2012.06.27 13:45:20.507,1.24669,1.24678,2.74,2.25
2012.06.27 13:45:21.177,1.24667,1.24676,5.36,1.50
2012.06.27 13:45:21.706,1.24668,1.24678,1.99,1.50
2012.06.27 13:45:22.218,1.24668,1.24678,2.74,1.50
2012.06.27 13:45:22.979,1.24669,1.24679,1.24,5.55
2012.06.27 13:45:23.679,1.24668,1.24679,3.75,5.55
2012.06.27 13:45:23.975,1.24671,1.24681,1.50,6.38
2012.06.27 13:45:24.123,1.24673,1.24682,3.00,3.75
2012.06.27 13:45:24.411,1.24674,1.24685,1.99,4.65
2012.06.27 13:45:24.559,1.24673,1.24684,3.00,2.25
2012.06.27 13:45:25.807,1.24673,1.24684,3.38,2.10
2012.06.27 13:45:26.350,1.24673,1.24684,3.38,2.85
2012.06.27 13:45:26.420,1.24673,1.24682,2.63,1.50
2012.06.27 13:45:26.784,1.2467,1.24678,1.61,1.50
2012.06.27 13:45:26.861,1.24669,1.2468,5.25,5.55
2012.06.27 13:45:27.429,1.24672,1.24681,2.25,1.05
2012.06.27 13:45:27.504,1.24672,1.24682,2.25,1.50
2012.06.27 13:45:28.071,1.24673,1.24684,2.25,1.50
2012.06.27 13:45:28.572,1.24675,1.24685,1.24,5.10
2012.06.27 13:45:29.096,1.24675,1.24685,1.24,3.30
2012.06.27 13:45:30.339,1.24675,1.24683,1.99,1.50
2012.06.27 13:45:31.094,1.24674,1.24682,1.24,1.35
2012.06.27 13:45:31.452,1.24673,1.2468,1.24,2.25
2012.06.27 13:45:32.002,1.24672,1.2468,1.24,2.25
2012.06.27 13:45:32.289,1.24671,1.2468,1.50,5.10
2012.06.27 13:45:32.640,1.24669,1.24678,3.49,4.50
2012.06.27 13:45:33.188,1.24667,1.24677,2.36,2.48
2012.06.27 13:45:33.779,1.24667,1.24677,3.11,3.75
2012.06.27 13:45:34.410,1.24667,1.24677,1.88,2.25
2012.06.27 13:45:34.481,1.24666,1.24674,4.46,1.50
2012.06.27 13:45:34.702,1.24665,1.24674,4.13,2.25
2012.06.27 13:45:36.798,1.24665,1.24674,2.63,2.25
2012.06.27 13:45:39.357,1.24665,1.24674,3.38,2.25
2012.06.27 13:45:39.712,1.24663,1.24669,2.25,1.88
2012.06.27 13:45:40.072,1.24662,1.24668,1.50,3.38
2012.06.27 13:45:40.510,1.24658,1.24668,3.00,4.13
2012.06.27 13:45:41.080,1.24658,1.24668,2.25,2.63
2012.06.27 13:45:41.628,1.24658,1.24668,3.00,3.38
2012.06.27 13:45:42.297,1.24658,1.24668,2.25,2.63
2012.06.27 13:45:42.816,1.24658,1.24668,1.50,3.38
2012.06.27 13:45:43.677,1.24658,1.24668,3.75,2.63
2012.06.27 13:45:44.386,1.24658,1.24668,3.00,3.38
2012.06.27 13:45:46.949,1.24658,1.24664,1.50,1.50
2012.06.27 13:45:47.686,1.24658,1.24664,1.50,1.50
2012.06.27 13:45:48.098,1.24659,1.24666,1.50,1.50
2012.06.27 13:45:48.877,1.24659,1.24668,1.50,6.38
2012.06.27 13:45:48.948,1.24659,1.24666,1.50,1.50
2012.06.27 13:45:49.019,1.24659,1.24668,1.50,4.13
2012.06.27 13:45:49.588,1.2466,1.24668,1.50,4.13
2012.06.27 13:45:50.149,1.24659,1.24668,1.50,2.63
2012.06.27 13:45:50.859,1.24659,1.24667,1.50,1.50
2012.06.27 13:45:52.928,1.24657,1.24667,5.48,1.50
2012.06.27 13:45:53.132,1.24655,1.24661,1.28,2.10
2012.06.27 13:45:53.355,1.24654,1.24659,1.24,1.50
2012.06.27 13:45:53.504,1.24652,1.24657,1.13,1.50
2012.06.27 13:45:53.789,1.24649,1.24655,1.50,1.50
2012.06.27 13:45:53.861,1.24649,1.24655,1.50,1.50
2012.06.27 13:45:54.084,1.24647,1.24655,3.00,1.50
2012.06.27 13:45:54.375,1.24645,1.24654,1.50,1.35
2012.06.27 13:45:54.662,1.24645,1.24653,1.50,1.50
2012.06.27 13:45:54.880,1.24645,1.24652,1.50,1.50
2012.06.27 13:45:55.235,1.24643,1.24651,3.00,1.43
2012.06.27 13:45:55.769,1.24643,1.24651,2.25,4.35
2012.06.27 13:45:55.864,1.2464,1.24649,2.25,2.25
2012.06.27 13:45:55.943,1.2464,1.24649,2.25,2.25
2012.06.27 13:45:56.238,1.24637,1.24644,3.00,1.50
2012.06.27 13:45:56.466,1.24635,1.24644,1.50,2.25
2012.06.27 13:45:56.690,1.24634,1.24641,1.88,1.88
2012.06.27 13:45:56.774,1.24631,1.24641,4.13,1.88
2012.06.27 13:45:56.988,1.24628,1.24638,1.80,2.25
2012.06.27 13:45:57.497,1.2463,1.24638,1.50,6.38
2012.06.27 13:45:57.575,1.24627,1.24636,2.25,1.50
2012.06.27 13:45:58.140,1.24629,1.24638,1.50,3.38
2012.06.27 13:45:58.216,1.24629,1.24637,1.50,1.50
2012.06.27 13:45:58.295,1.2463,1.2464,1.50,2.16
2012.06.27 13:45:58.701,1.24631,1.2464,1.99,2.16
2012.06.27 13:45:58.792,1.24635,1.24645,3.00,5.16
2012.06.27 13:45:58.942,1.24635,1.24645,3.75,4.50
2012.06.27 13:45:59.363,1.24635,1.24646,4.88,4.79
2012.06.27 13:45:59.790,1.24635,1.24647,4.88,3.68
2012.06.27 13:46:00.300,1.24637,1.24645,1.50,2.25
2012.06.27 13:46:00.798,1.24637,1.24646,3.00,2.25
2012.06.27 13:46:02.042,1.24638,1.24646,1.50,1.50
2012.06.27 13:46:02.609,1.24637,1.24645,1.61,1.50
2012.06.27 13:46:03.168,1.24637,1.24646,2.63,1.50
2012.06.27 13:46:03.720,1.24637,1.24646,2.63,2.25
2012.06.27 13:46:03.802,1.24637,1.24644,1.13,1.50
2012.06.27 13:46:04.161,1.24637,1.24647,1.13,4.13
2012.06.27 13:46:05.049,1.2464,1.24647,1.50,3.38
2012.06.27 13:46:06.150,1.2464,1.24647,1.50,2.63
2012.06.27 13:46:06.361,1.2464,1.24647,1.50,2.63
2012.06.27 13:46:06.915,1.2464,1.24648,3.00,3.38
2012.06.27 13:46:07.002,1.2464,1.24648,2.25,3.66
2012.06.27 13:46:07.620,1.24639,1.24648,2.25,4.41
2012.06.27 13:46:08.179,1.24639,1.24647,2.25,1.50
2012.06.27 13:46:08.251,1.24637,1.24645,3.38,1.50
2012.06.27 13:46:09.348,1.24637,1.24645,2.63,1.50
2012.06.27 13:46:10.041,1.24637,1.24645,1.88,1.50
2012.06.27 13:46:10.177,1.24637,1.24645,1.88,1.50
2012.06.27 13:46:11.000,1.2464,1.24647,1.50,1.41
2012.06.27 13:46:11.456,1.24642,1.24647,2.25,1.88
2012.06.27 13:46:12.019,1.2464,1.24647,2.25,1.13
2012.06.27 13:46:12.528,1.24638,1.24648,2.25,2.25
2012.06.27 13:46:13.088,1.2464,1.24648,1.28,3.38
2012.06.27 13:46:13.513,1.24641,1.2465,1.28,2.25
2012.06.27 13:46:13.872,1.24644,1.24652,2.78,1.79
2012.06.27 13:46:14.090,1.24644,1.24652,3.00,2.27
2012.06.27 13:46:14.669,1.24644,1.24653,4.01,1.50
2012.06.27 13:46:14.949,1.24645,1.24655,2.25,3.02
2012.06.27 13:46:15.827,1.24645,1.24655,2.78,3.02
2012.06.27 13:46:16.393,1.24645,1.24655,2.25,3.77
2012.06.27 13:46:16.961,1.24645,1.24654,2.25,1.73
2012.06.27 13:46:17.043,1.24644,1.24653,3.00,3.75
2012.06.27 13:46:17.121,1.24644,1.24652,1.50,2.25
2012.06.27 13:46:17.340,1.24641,1.24648,2.25,1.98
2012.06.27 13:46:17.690,1.24639,1.24647,1.50,2.63
2012.06.27 13:46:18.859,1.24638,1.24647,1.50,3.86
2012.06.27 13:46:19.000,1.24637,1.24643,1.88,1.50
2012.06.27 13:46:19.560,1.24636,1.24643,1.13,1.50
2012.06.27 13:46:20.062,1.24637,1.24643,1.13,1.50
2012.06.27 13:46:20.425,1.24641,1.24647,3.00,2.25
2012.06.27 13:46:20.505,1.24641,1.24648,2.74,1.50
2012.06.27 13:46:20.793,1.24643,1.2465,2.74,2.18
2012.06.27 13:46:21.429,1.24643,1.24651,2.74,1.43
2012.06.27 13:46:22.489,1.24648,1.24653,1.24,1.43
2012.06.27 13:46:22.566,1.24648,1.24656,1.69,5.10
2012.06.27 13:46:22.713,1.24649,1.24659,1.20,4.16
2012.06.27 13:46:23.341,1.24649,1.24659,1.50,3.68
2012.06.27 13:46:24.808,1.24649,1.24659,1.50,3.68
2012.06.27 13:46:25.357,1.2465,1.24659,1.95,3.68
2012.06.27 13:46:27.309,1.2465,1.24658,1.50,2.25
2012.06.27 13:46:27.867,1.2465,1.24658,1.50,2.25
2012.06.27 13:46:28.837,1.2465,1.24658,1.50,3.00
2012.06.27 13:46:29.391,1.24649,1.24657,3.00,1.50
2012.06.27 13:46:29.680,1.24648,1.24655,3.11,1.50
2012.06.27 13:46:30.240,1.24649,1.24659,2.25,2.54
2012.06.27 13:46:30.962,1.24651,1.2466,1.20,5.93
2012.06.27 13:46:31.475,1.24652,1.24661,2.74,3.29
2012.06.27 13:46:32.040,1.24652,1.24661,2.74,3.29
2012.06.27 13:46:32.604,1.24652,1.24661,2.74,3.29
2012.06.27 13:46:33.169,1.2465,1.2466,3.00,2.54
2012.06.27 13:46:33.310,1.2465,1.24659,1.50,3.00
2012.06.27 13:46:33.848,1.24652,1.2466,1.50,5.54
2012.06.27 13:46:35.650,1.24652,1.2466,1.50,3.29
2012.06.27 13:46:35.789,1.24652,1.2466,1.50,2.54
2012.06.27 13:46:35.861,1.2465,1.24659,1.50,3.00
2012.06.27 13:46:36.007,1.24651,1.2466,2.25,4.79
2012.06.27 13:46:36.149,1.24649,1.24655,1.99,1.50
2012.06.27 13:46:38.499,1.2465,1.24658,1.99,2.25
2012.06.27 13:46:38.707,1.2465,1.24658,1.24,3.00
2012.06.27 13:46:39.262,1.2465,1.24658,1.99,3.00
2012.06.27 13:46:39.808,1.24649,1.24658,3.49,4.98
2012.06.27 13:46:40.346,1.2465,1.24658,1.24,3.00
2012.06.27 13:46:41.400,1.24651,1.24659,2.25,1.50
2012.06.27 13:46:41.468,1.24652,1.24659,1.24,1.50
2012.06.27 13:46:41.680,1.24653,1.24662,2.74,6.75
2012.06.27 13:46:41.897,1.24653,1.24662,1.24,2.25
2012.06.27 13:46:42.462,1.24651,1.24658,1.99,2.25
2012.06.27 13:46:43.029,1.24651,1.24658,1.99,1.50
2012.06.27 13:46:43.707,1.24651,1.2466,1.99,1.79
2012.06.27 13:46:44.303,1.24656,1.24664,2.25,9.12
2012.06.27 13:46:44.451,1.24656,1.24663,2.25,1.13
2012.06.27 13:46:44.741,1.24656,1.24664,2.63,3.75
2012.06.27 13:46:44.894,1.24656,1.24665,1.88,1.50
2012.06.27 13:46:45.458,1.24659,1.24667,2.25,3.60
2012.06.27 13:46:45.811,1.24654,1.24661,3.00,1.43
2012.06.27 13:46:46.089,1.24654,1.2466,3.00,1.13
2012.06.27 13:46:46.167,1.24648,1.24655,7.50,5.36
2012.06.27 13:46:46.312,1.24648,1.24653,5.25,1.50
2012.06.27 13:46:46.390,1.24648,1.24653,5.25,2.25
2012.06.27 13:46:46.768,1.24648,1.24655,1.50,7.14
2012.06.27 13:46:47.262,1.24644,1.24652,1.50,1.88
2012.06.27 13:46:47.339,1.24645,1.24652,1.50,1.88
2012.06.27 13:46:47.411,1.24645,1.24652,1.50,1.88
2012.06.27 13:46:47.979,1.24643,1.24653,3.00,3.00
2012.06.27 13:46:48.261,1.24646,1.24654,1.50,1.50
2012.06.27 13:46:48.341,1.24648,1.24655,1.50,4.88
2012.06.27 13:46:48.420,1.24645,1.24652,1.09,1.50
2012.06.27 13:46:48.928,1.24646,1.24653,1.50,2.25
2012.06.27 13:46:49.480,1.24645,1.24654,1.50,5.27
2012.06.27 13:46:49.959,1.24645,1.24654,1.09,2.64
2012.06.27 13:46:50.319,1.24644,1.24651,1.50,3.00
2012.06.27 13:46:50.781,1.24638,1.24648,4.13,3.00
2012.06.27 13:46:51.285,1.24636,1.24647,1.88,1.50
2012.06.27 13:46:51.849,1.24636,1.24645,1.13,3.02
2012.06.27 13:46:52.380,1.24636,1.24645,3.38,3.77
2012.06.27 13:46:53.299,1.24636,1.24644,3.38,1.23
2012.06.27 13:46:53.581,1.24635,1.24643,1.50,2.73
2012.06.27 13:46:54.130,1.24634,1.24643,3.38,1.98
2012.06.27 13:46:54.923,1.24636,1.24643,1.50,1.98
2012.06.27 13:46:55.838,1.24635,1.24643,1.50,1.50
2012.06.27 13:46:57.179,1.24634,1.24643,2.97,2.63
2012.06.27 13:46:57.462,1.24632,1.24638,2.25,1.04
2012.06.27 13:46:57.549,1.24629,1.24638,1.84,2.27
2012.06.27 13:46:57.901,1.24629,1.24638,1.50,5.36
2012.06.27 13:46:57.983,1.24628,1.24637,1.88,1.50
2012.06.27 13:46:58.061,1.24627,1.24636,3.00,1.36
2012.06.27 13:46:58.704,1.24627,1.24637,3.00,2.27
2012.06.27 13:46:58.924,1.24627,1.24636,2.25,2.38
2012.06.27 13:46:59.280,1.24626,1.24633,1.13,1.50
2012.06.27 13:46:59.420,1.24626,1.24635,2.63,2.25
2012.06.27 13:46:59.980,1.24626,1.24633,2.25,1.35
2012.06.27 13:47:00.264,1.24625,1.24632,2.25,1.23
2012.06.27 13:47:00.828,1.24625,1.24632,1.50,3.33
2012.06.27 13:47:00.901,1.24622,1.24632,3.49,3.33
2012.06.27 13:47:01.120,1.24625,1.24633,2.25,1.52
2012.06.27 13:47:04.439,1.24623,1.24632,2.25,3.48
2012.06.27 13:47:04.999,1.24623,1.24632,2.25,3.00
2012.06.27 13:47:05.547,1.24623,1.24632,2.25,2.25
2012.06.27 13:47:05.892,1.24621,1.2463,2.74,2.25
2012.06.27 13:47:06.045,1.2462,1.24628,2.25,1.73
2012.06.27 13:47:06.328,1.24617,1.24626,2.63,2.25
2012.06.27 13:47:06.672,1.24616,1.24622,2.36,1.35
2012.06.27 13:47:07.196,1.24613,1.24622,2.25,6.21
2012.06.27 13:47:07.626,1.24616,1.24622,1.50,1.50
2012.06.27 13:47:07.911,1.24618,1.24625,2.25,1.98
2012.06.27 13:47:09.190,1.24616,1.24625,2.33,2.73
2012.06.27 13:47:10.435,1.24619,1.24626,2.25,1.13
2012.06.27 13:47:10.999,1.24619,1.24628,1.50,5.64
2012.06.27 13:47:11.072,1.24617,1.24627,1.50,2.25
2012.06.27 13:47:11.289,1.24616,1.24627,3.11,5.11
2012.06.27 13:47:11.361,1.24616,1.24624,1.61,1.50
2012.06.27 13:47:11.933,1.24615,1.24624,4.05,2.73
2012.06.27 13:47:12.082,1.24613,1.24623,3.30,2.54
2012.06.27 13:47:12.579,1.24612,1.24621,1.99,3.39
2012.06.27 13:47:13.071,1.2461,1.24618,2.36,1.50
2012.06.27 13:47:13.668,1.2461,1.24618,2.36,1.50
2012.06.27 13:47:14.303,1.2461,1.24618,1.13,3.00
2012.06.27 13:47:14.869,1.2461,1.24618,1.13,3.75
2012.06.27 13:47:15.220,1.24607,1.2462,3.08,3.88
2012.06.27 13:47:15.520,1.24602,1.24612,2.25,1.35
2012.06.27 13:47:15.940,1.24601,1.2461,1.99,1.35
2012.06.27 13:47:16.230,1.24602,1.2461,1.24,2.58
2012.06.27 13:47:16.384,1.24602,1.24611,2.74,3.74
2012.06.27 13:47:16.897,1.24602,1.24611,2.74,3.89
2012.06.27 13:47:17.317,1.24601,1.24611,1.99,4.64
2012.06.27 13:47:17.869,1.24601,1.24611,3.49,2.39
2012.06.27 13:47:18.408,1.246,1.24611,3.00,2.39
2012.06.27 13:47:19.330,1.246,1.24611,3.00,1.64
2012.06.27 13:47:19.819,1.24601,1.24613,2.74,8.89
2012.06.27 13:47:20.171,1.24602,1.24613,2.06,3.60
2012.06.27 13:47:20.836,1.24606,1.24616,1.88,3.15
2012.06.27 13:47:21.333,1.24607,1.24617,2.48,3.08
2012.06.27 13:47:21.695,1.24607,1.24615,1.50,1.72
2012.06.27 13:47:21.981,1.24605,1.24613,1.50,5.39
2012.06.27 13:47:22.484,1.24604,1.24613,6.04,1.50
2012.06.27 13:47:22.562,1.24603,1.24613,1.13,2.25
2012.06.27 13:47:22.638,1.24604,1.24614,3.79,2.10
2012.06.27 13:47:22.991,1.24604,1.24613,1.50,1.23
2012.06.27 13:47:23.145,1.24604,1.24611,1.50,3.60
2012.06.27 13:47:23.223,1.24602,1.24611,2.25,3.75
2012.06.27 13:47:23.304,1.246,1.2461,2.36,1.23
2012.06.27 13:47:23.992,1.246,1.24608,1.50,1.05
2012.06.27 13:47:24.074,1.24598,1.24606,3.75,1.73
2012.06.27 13:47:24.296,1.24596,1.24603,2.25,1.73
2012.06.27 13:47:24.376,1.24594,1.24601,1.13,2.40
2012.06.27 13:47:24.454,1.24591,1.24601,2.25,1.80
2012.06.27 13:47:24.664,1.24591,1.24599,1.50,2.85
2012.06.27 13:47:24.851,1.24585,1.24597,2.36,1.80
2012.06.27 13:47:25.058,1.24589,1.24597,2.48,1.80
2012.06.27 13:47:25.172,1.24588,1.24597,6.90,1.80
2012.06.27 13:47:25.359,1.24588,1.24597,2.78,2.40
2012.06.27 13:47:25.818,1.24589,1.24597,2.18,1.80
2012.06.27 13:47:25.942,1.24589,1.24598,1.43,2.10
2012.06.27 13:47:26.373,1.24591,1.246,3.27,1.50
2012.06.27 13:47:26.936,1.24591,1.246,1.50,2.10
2012.06.27 13:47:27.276,1.24592,1.24602,1.99,1.80
2012.06.27 13:47:27.840,1.24593,1.24603,2.55,1.23
2012.06.27 13:47:28.124,1.24595,1.24603,1.50,2.73
2012.06.27 13:47:28.479,1.24594,1.24605,1.99,1.80
2012.06.27 13:47:28.812,1.24594,1.24605,2.06,2.28
2012.06.27 13:47:29.381,1.24594,1.24602,1.99,2.25
2012.06.27 13:47:29.947,1.24595,1.24602,1.99,3.75
2012.06.27 13:47:30.117,1.24596,1.24604,7.09,4.50
2012.06.27 13:47:30.266,1.24596,1.24604,2.81,2.25
2012.06.27 13:47:30.345,1.24598,1.24605,1.50,2.25
2012.06.27 13:47:30.700,1.24596,1.24605,1.50,3.00
2012.06.27 13:47:31.118,1.24597,1.24605,1.50,1.50
2012.06.27 13:47:31.187,1.24597,1.24605,1.50,1.50
2012.06.27 13:47:31.329,1.24597,1.24607,3.00,5.55
2012.06.27 13:47:31.673,1.24597,1.24607,3.75,4.53
2012.06.27 13:47:32.239,1.24597,1.24607,4.20,2.55
2012.06.27 13:47:32.873,1.24599,1.24607,2.25,1.50
2012.06.27 13:47:33.418,1.24599,1.24607,2.74,1.50
2012.06.27 13:47:33.781,1.24602,1.24609,1.58,1.50
2012.06.27 13:47:34.284,1.24601,1.24611,3.45,2.85
2012.06.27 13:47:34.640,1.24601,1.2461,1.99,3.75
2012.06.27 13:47:34.918,1.24601,1.2461,1.99,3.75
2012.06.27 13:47:35.130,1.24601,1.2461,4.31,3.00
2012.06.27 13:47:35.560,1.24604,1.24613,2.25,5.73
2012.06.27 13:47:35.770,1.24604,1.24613,1.50,5.88
2012.06.27 13:47:36.190,1.24603,1.24613,1.24,5.13
2012.06.27 13:47:36.765,1.24608,1.24614,1.50,1.88
2012.06.27 13:47:37.272,1.24608,1.24616,2.25,2.42
2012.06.27 13:47:37.773,1.2461,1.24617,1.50,2.25
2012.06.27 13:47:38.133,1.2461,1.24617,2.25,1.35
2012.06.27 13:47:38.351,1.24606,1.24614,2.63,1.65
2012.06.27 13:47:38.432,1.24604,1.24614,2.25,2.40
2012.06.27 13:47:38.990,1.24605,1.24614,1.50,2.81
2012.06.27 13:47:39.129,1.24605,1.24614,3.00,1.23
2012.06.27 13:47:39.482,1.24607,1.24615,2.74,3.30
2012.06.27 13:47:39.948,1.2461,1.24619,2.25,7.04
2012.06.27 13:47:40.395,1.24613,1.2462,1.50,3.00
2012.06.27 13:47:40.610,1.24613,1.24621,1.50,3.86
2012.06.27 13:47:40.683,1.24613,1.24621,1.50,4.83
2012.06.27 13:47:41.039,1.24612,1.24621,1.50,4.13
2012.06.27 13:47:41.291,1.24614,1.24621,1.50,1.88
2012.06.27 13:47:42.050,1.24612,1.24621,2.25,2.63
2012.06.27 13:47:43.018,1.24612,1.24621,1.50,3.38
2012.06.27 13:47:44.009,1.24614,1.24621,1.50,1.13
2012.06.27 13:47:44.559,1.24613,1.24621,2.25,1.13
2012.06.27 13:47:46.581,1.24613,1.24623,3.75,2.58
2012.06.27 13:47:46.801,1.24615,1.24623,1.99,1.23
2012.06.27 13:47:47.233,1.24619,1.24626,1.50,1.50
2012.06.27 13:47:47.898,1.24617,1.24628,3.00,4.74
2012.06.27 13:47:48.530,1.24622,1.2463,1.24,3.48
2012.06.27 13:47:48.884,1.24625,1.2463,2.44,2.55
2012.06.27 13:47:48.967,1.24625,1.2463,2.59,1.50
2012.06.27 13:47:49.041,1.24627,1.24633,2.25,1.50
2012.06.27 13:47:49.333,1.24627,1.24638,2.25,2.25
2012.06.27 13:47:49.413,1.24628,1.24638,1.50,4.88
2012.06.27 13:47:49.700,1.24627,1.24638,1.50,1.50
2012.06.27 13:47:50.201,1.24626,1.24638,2.63,1.50
2012.06.27 13:47:50.893,1.24623,1.2463,1.99,2.93
2012.06.27 13:47:50.978,1.24619,1.2463,2.63,7.05
2012.06.27 13:47:51.543,1.24619,1.24628,1.50,1.50
2012.06.27 13:47:52.108,1.24619,1.24627,1.50,1.13
2012.06.27 13:47:52.669,1.2462,1.24628,1.50,1.58
2012.06.27 13:47:53.231,1.24618,1.24627,3.68,1.50
2012.06.27 13:47:53.789,1.24618,1.24628,1.13,4.20
2012.06.27 13:47:54.558,1.24619,1.24628,1.50,4.58
2012.06.27 13:47:55.091,1.24619,1.24628,1.50,2.48
2012.06.27 13:47:55.243,1.24618,1.24627,2.25,3.60
2012.06.27 13:47:55.322,1.24618,1.24628,3.00,4.13
2012.06.27 13:47:55.880,1.24618,1.24627,3.00,1.28
2012.06.27 13:47:55.952,1.24617,1.24627,4.13,2.55
2012.06.27 13:47:56.030,1.24615,1.24627,4.61,3.30
2012.06.27 13:47:56.383,1.2461,1.24618,1.50,2.16
2012.06.27 13:47:56.461,1.24606,1.24617,2.74,2.40
2012.06.27 13:47:56.545,1.24607,1.24616,2.25,1.64
2012.06.27 13:47:56.622,1.24606,1.24615,1.50,1.05
2012.06.27 13:47:56.771,1.24605,1.24615,1.24,2.55
2012.06.27 13:47:56.920,1.24604,1.24615,1.99,3.13
2012.06.27 13:47:57.002,1.24604,1.24615,2.33,2.83
2012.06.27 13:47:57.362,1.24608,1.24616,1.99,1.50
2012.06.27 13:47:58.040,1.24609,1.24617,1.24,1.50
2012.06.27 13:47:58.128,1.24609,1.24618,4.43,1.50
2012.06.27 13:47:58.271,1.24612,1.24618,2.63,2.25
2012.06.27 13:47:58.433,1.24614,1.24622,2.85,1.50
2012.06.27 13:47:58.932,1.24613,1.24622,1.99,1.50
2012.06.27 13:47:59.017,1.24612,1.24623,3.00,4.35
2012.06.27 13:47:59.440,1.2461,1.2462,1.13,1.50
2012.06.27 13:48:00.200,1.24609,1.24618,2.63,2.25
2012.06.27 13:48:00.345,1.24608,1.24617,1.88,2.25
2012.06.27 13:48:00.635,1.24606,1.24615,1.99,3.75
2012.06.27 13:48:00.713,1.24606,1.24615,1.61,3.75
2012.06.27 13:48:00.791,1.24606,1.24615,2.36,2.25
2012.06.27 13:48:00.871,1.24606,1.24615,1.61,3.00
2012.06.27 13:48:01.457,1.24606,1.24615,1.61,3.00
2012.06.27 13:48:02.223,1.24605,1.24614,2.25,3.00
2012.06.27 13:48:02.372,1.24602,1.24614,3.75,2.83
2012.06.27 13:48:02.869,1.24601,1.24612,2.18,3.66
2012.06.27 13:48:03.426,1.24596,1.24609,1.99,1.13
2012.06.27 13:48:03.507,1.24595,1.24605,1.80,1.50
2012.06.27 13:48:03.723,1.24597,1.24605,1.50,2.25
2012.06.27 13:48:03.805,1.24596,1.24605,3.49,2.25
2012.06.27 13:48:03.949,1.24596,1.24605,3.86,2.25
2012.06.27 13:48:04.021,1.24596,1.24605,1.24,2.25
2012.06.27 13:48:04.522,1.24595,1.24602,1.50,1.20
2012.06.27 13:48:05.025,1.24591,1.24602,1.99,3.74
2012.06.27 13:48:05.502,1.24589,1.24597,3.34,5.18
2012.06.27 13:48:05.712,1.24588,1.24595,2.97,1.88
2012.06.27 13:48:06.042,1.24589,1.24599,1.50,4.50
2012.06.27 13:48:06.235,1.24589,1.24598,1.24,2.25
2012.06.27 13:48:06.491,1.2459,1.246,3.71,3.30
2012.06.27 13:48:06.999,1.24592,1.24598,1.24,1.50
2012.06.27 13:48:07.551,1.24593,1.24598,1.50,1.50
2012.06.27 13:48:07.630,1.24593,1.24601,1.99,3.00
2012.06.27 13:48:08.054,1.24591,1.24601,2.63,2.25
2012.06.27 13:48:08.588,1.24591,1.246,3.38,2.25
2012.06.27 13:48:09.261,1.24593,1.246,1.13,1.50
2012.06.27 13:48:09.760,1.24594,1.24603,2.25,3.30
2012.06.27 13:48:11.740,1.24595,1.24603,1.50,1.20
2012.06.27 13:48:12.088,1.24595,1.24604,1.50,2.55
2012.06.27 13:48:12.282,1.24594,1.24603,1.50,2.99
2012.06.27 13:48:12.570,1.24593,1.24602,1.50,3.00
2012.06.27 13:48:13.132,1.24594,1.24603,2.25,1.50
2012.06.27 13:48:13.633,1.24593,1.24603,2.25,3.30
2012.06.27 13:48:13.754,1.24594,1.24601,1.50,1.50
2012.06.27 13:48:14.113,1.24597,1.24603,1.88,1.13
2012.06.27 13:48:14.623,1.24596,1.24605,2.63,2.85
2012.06.27 13:48:14.701,1.24596,1.24605,3.00,3.60
2012.06.27 13:48:15.208,1.24595,1.24603,1.50,2.25
2012.06.27 13:48:15.422,1.24595,1.24604,4.13,3.38
2012.06.27 13:48:16.193,1.24593,1.24603,4.35,2.25
2012.06.27 13:48:16.588,1.24593,1.24602,3.00,2.25
2012.06.27 13:48:17.039,1.24595,1.24603,1.50,4.05
2012.06.27 13:48:17.840,1.2459,1.24595,3.68,1.13
2012.06.27 13:48:18.171,1.24588,1.24597,2.25,1.50
2012.06.27 13:48:18.294,1.24592,1.24597,2.25,1.13
2012.06.27 13:48:18.490,1.24593,1.246,2.25,1.50
2012.06.27 13:48:18.943,1.24595,1.246,1.50,1.13
2012.06.27 13:48:19.093,1.24593,1.24602,1.13,4.13
2012.06.27 13:48:19.381,1.24592,1.24602,2.25,3.96
2012.06.27 13:48:19.639,1.2459,1.24602,2.63,6.21
2012.06.27 13:48:19.971,1.24591,1.24601,1.35,4.04
2012.06.27 13:48:20.512,1.2459,1.24601,3.38,3.75
2012.06.27 13:48:20.980,1.24592,1.24601,1.50,2.25
2012.06.27 13:48:21.331,1.2459,1.246,3.75,6.22
2012.06.27 13:48:21.649,1.24588,1.24597,1.58,2.63
2012.06.27 13:48:21.833,1.24588,1.24597,1.20,3.22
2012.06.27 13:48:22.412,1.24587,1.24592,1.35,1.13
2012.06.27 13:48:22.601,1.24587,1.24594,1.35,1.13
2012.06.27 13:48:22.724,1.24591,1.24598,1.50,5.09
2012.06.27 13:48:23.264,1.24587,1.24592,4.39,1.43
2012.06.27 13:48:23.396,1.24586,1.24592,1.50,1.35
2012.06.27 13:48:23.662,1.24583,1.24594,5.85,2.10
2012.06.27 13:48:23.811,1.24583,1.24593,4.10,2.10
2012.06.27 13:48:24.411,1.24587,1.24595,2.25,1.50
2012.06.27 13:48:24.738,1.24588,1.24597,1.50,2.40
2012.06.27 13:48:25.070,1.24588,1.24598,1.50,3.75
2012.06.27 13:48:25.259,1.2459,1.24598,1.50,2.25
2012.06.27 13:48:25.384,1.24592,1.24598,2.25,1.50
2012.06.27 13:48:25.956,1.24592,1.24599,2.03,1.50
2012.06.27 13:48:26.411,1.24591,1.24597,1.88,1.50
2012.06.27 13:48:27.089,1.24592,1.24602,1.50,4.63
2012.06.27 13:48:27.581,1.24593,1.24599,1.50,1.50
2012.06.27 13:48:28.407,1.24594,1.24599,1.50,1.50
2012.06.27 13:48:28.946,1.24594,1.246,1.50,1.50
2012.06.27 13:48:31.239,1.24594,1.24601,1.35,1.50
2012.06.27 13:48:31.794,1.24595,1.24601,1.50,1.50
2012.06.27 13:48:32.153,1.24602,1.24608,1.88,1.35
2012.06.27 13:48:32.233,1.24603,1.24608,1.50,1.35
2012.06.27 13:48:32.485,1.24603,1.24611,3.75,3.75
2012.06.27 13:48:32.558,1.24603,1.24611,3.75,3.75
2012.06.27 13:48:33.098,1.24605,1.24611,2.25,3.00
2012.06.27 13:48:33.601,1.24605,1.24612,2.25,1.13
2012.06.27 13:48:34.168,1.24605,1.24613,1.50,1.50
2012.06.27 13:48:34.848,1.24604,1.24613,3.00,1.50
2012.06.27 13:48:35.349,1.24604,1.24613,2.25,1.50
2012.06.27 13:48:35.908,1.24604,1.24613,1.50,2.48
2012.06.27 13:48:36.438,1.24602,1.24612,1.50,2.48
2012.06.27 13:48:36.512,1.24602,1.24611,3.00,1.50
2012.06.27 13:48:36.658,1.24602,1.24611,3.75,3.30
2012.06.27 13:48:36.802,1.24602,1.24607,2.25,1.13
2012.06.27 13:48:38.141,1.246,1.24607,2.63,1.13
2012.06.27 13:48:38.573,1.24598,1.24604,3.75,1.13
2012.06.27 13:48:38.722,1.24597,1.24602,2.59,1.13
2012.06.27 13:48:39.239,1.24597,1.24603,3.75,1.13
2012.06.27 13:48:40.197,1.24597,1.24605,3.75,1.13
2012.06.27 13:48:41.089,1.24598,1.24605,1.50,1.13
2012.06.27 13:48:41.512,1.24602,1.24607,1.50,1.13
2012.06.27 13:48:43.180,1.24602,1.24609,2.25,1.13
2012.06.27 13:48:44.143,1.24602,1.24609,3.00,1.13
2012.06.27 13:48:44.371,1.24596,1.24603,2.25,1.95
2012.06.27 13:48:44.697,1.24591,1.24597,2.25,3.75
2012.06.27 13:48:44.914,1.24591,1.24596,1.10,1.50
2012.06.27 13:48:45.417,1.24583,1.2459,1.56,1.13
2012.06.27 13:48:45.492,1.24583,1.2459,1.56,1.13
2012.06.27 13:48:45.640,1.24583,1.24593,5.36,1.88
2012.06.27 13:48:45.707,1.24585,1.24594,1.50,3.83
2012.06.27 13:48:46.027,1.24587,1.24594,2.25,2.03
2012.06.27 13:48:46.559,1.24587,1.24595,3.75,1.13
2012.06.27 13:48:47.022,1.24586,1.24591,2.48,1.13
2012.06.27 13:48:47.155,1.24585,1.24591,1.09,2.55
2012.06.27 13:48:47.722,1.24583,1.24593,3.10,2.84
2012.06.27 13:48:47.942,1.24585,1.24594,3.00,1.04
2012.06.27 13:48:48.470,1.24587,1.24597,2.25,2.05
2012.06.27 13:48:48.590,1.2459,1.24598,1.50,1.38
2012.06.27 13:48:49.201,1.24588,1.24593,3.00,1.13
2012.06.27 13:48:49.562,1.24583,1.24591,2.10,3.81
2012.06.27 13:48:49.645,1.24583,1.24591,0.10,6.51
2012.06.27 13:48:49.864,1.24583,1.24587,0.10,2.55
2012.06.27 13:48:50.318,1.24583,1.24589,0.10,1.43
2012.06.27 13:48:51.161,1.24583,1.2459,0.10,1.41
2012.06.27 13:48:51.709,1.2458,1.24591,1.50,4.26
2012.06.27 13:48:52.248,1.24583,1.24591,1.50,4.26
2012.06.27 13:48:52.460,1.2458,1.2459,3.49,2.25
2012.06.27 13:48:52.541,1.24581,1.2459,1.50,1.50
2012.06.27 13:48:52.623,1.24584,1.24591,1.80,2.70
2012.06.27 13:48:52.708,1.24585,1.24592,3.00,1.50
2012.06.27 13:48:53.004,1.24582,1.24592,4.50,2.25
2012.06.27 13:48:53.432,1.24581,1.24591,4.24,1.49
2012.06.27 13:48:53.952,1.24581,1.24591,3.00,5.08
2012.06.27 13:48:54.520,1.2458,1.24589,2.74,1.50
2012.06.27 13:48:55.060,1.2458,1.24589,3.72,1.50
2012.06.27 13:48:55.279,1.2458,1.24589,2.22,2.25
2012.06.27 13:48:55.851,1.2458,1.24589,1.50,2.85
2012.06.27 13:48:56.072,1.24575,1.24586,2.25,2.25
2012.06.27 13:48:56.361,1.24579,1.24587,1.50,1.04
2012.06.27 13:48:57.223,1.24576,1.24586,2.25,6.58
2012.06.27 13:48:57.579,1.24574,1.24585,1.84,3.00
2012.06.27 13:48:57.792,1.24573,1.24584,1.35,6.21
2012.06.27 13:48:58.011,1.24574,1.24584,2.25,2.25
2012.06.27 13:48:58.081,1.24577,1.24584,1.50,1.50
2012.06.27 13:48:58.514,1.24575,1.24586,3.00,5.99
2012.06.27 13:48:58.658,1.24578,1.24586,1.50,4.20
2012.06.27 13:48:59.219,1.24578,1.24586,1.50,1.88
2012.06.27 13:48:59.778,1.24579,1.24586,1.13,1.13
2012.06.27 13:49:00.282,1.2458,1.24588,1.69,1.13
2012.06.27 13:49:00.429,1.24581,1.24586,2.10,1.13
2012.06.27 13:49:00.851,1.24584,1.2459,1.50,3.75
2012.06.27 13:49:00.945,1.24584,1.24592,2.25,1.13
2012.06.27 13:49:01.290,1.24584,1.24592,4.13,1.13
2012.06.27 13:49:01.637,1.24584,1.24593,2.63,1.13
2012.06.27 13:49:01.708,1.24584,1.24593,3.38,1.13
2012.06.27 13:49:02.598,1.24584,1.24593,4.50,1.13
2012.06.27 13:49:03.151,1.24587,1.24593,1.50,1.13
2012.06.27 13:49:03.304,1.24585,1.24595,4.05,3.00
2012.06.27 13:49:03.595,1.24587,1.24596,1.50,1.13
2012.06.27 13:49:04.080,1.2459,1.24597,2.25,3.60
2012.06.27 13:49:04.527,1.2459,1.24596,1.50,1.13
2012.06.27 13:49:04.834,1.24587,1.24593,4.47,1.13
2012.06.27 13:49:04.915,1.24585,1.24591,2.25,1.13
2012.06.27 13:49:04.994,1.24584,1.24589,1.77,3.75
2012.06.27 13:49:05.072,1.2458,1.24586,5.25,1.50
2012.06.27 13:49:05.227,1.24578,1.24584,2.48,2.16
2012.06.27 13:49:05.585,1.24573,1.24578,1.35,3.75
2012.06.27 13:49:05.662,1.24578,1.24583,1.20,1.95
2012.06.27 13:49:05.820,1.24573,1.24581,2.85,2.25
2012.06.27 13:49:06.257,1.24574,1.24582,1.50,2.93
2012.06.27 13:49:06.473,1.24575,1.24582,1.69,2.18
2012.06.27 13:49:06.551,1.24575,1.24582,1.69,1.43
2012.06.27 13:49:07.180,1.24575,1.24582,1.69,1.43
2012.06.27 13:49:07.567,1.24576,1.24584,2.85,1.43
2012.06.27 13:49:07.852,1.24577,1.24586,6.83,1.43
2012.06.27 13:49:08.422,1.24577,1.24586,5.82,1.80
2012.06.27 13:49:08.505,1.24577,1.24586,5.48,3.98
2012.06.27 13:49:08.858,1.24575,1.24586,2.25,4.20
2012.06.27 13:49:09.222,1.24574,1.24585,2.25,1.80
2012.06.27 13:49:09.301,1.24576,1.24582,1.50,1.80
2012.06.27 13:49:09.386,1.24575,1.24581,1.50,1.95
2012.06.27 13:49:09.954,1.24574,1.2458,1.24,1.80
2012.06.27 13:49:10.336,1.24574,1.24579,1.62,1.43
2012.06.27 13:49:10.434,1.24572,1.24579,1.84,1.43
2012.06.27 13:49:11.002,1.24571,1.24578,1.24,1.43
2012.06.27 13:49:11.082,1.24571,1.24576,1.24,1.43
2012.06.27 13:49:11.650,1.24569,1.24577,1.77,1.50
2012.06.27 13:49:11.788,1.24568,1.24576,1.77,3.00
2012.06.27 13:49:11.862,1.24569,1.24574,1.24,1.50
2012.06.27 13:49:11.940,1.24567,1.24574,1.39,1.50
2012.06.27 13:49:12.082,1.24566,1.24574,1.02,2.25
2012.06.27 13:49:12.161,1.24566,1.24573,1.77,1.50
2012.06.27 13:49:12.801,1.24565,1.24572,1.50,2.25
2012.06.27 13:49:13.094,1.24564,1.24572,1.50,2.25
2012.06.27 13:49:13.805,1.2456,1.24574,2.11,1.20
2012.06.27 13:49:14.061,1.24563,1.2457,1.84,1.73
2012.06.27 13:49:14.565,1.24562,1.2457,4.50,1.73
2012.06.27 13:49:14.643,1.24561,1.24569,4.50,1.73
2012.06.27 13:49:15.154,1.2456,1.24568,2.25,1.73
2012.06.27 13:49:15.509,1.24558,1.24568,1.24,1.43
2012.06.27 13:49:16.005,1.24559,1.24565,1.50,1.95
2012.06.27 13:49:16.223,1.24552,1.2456,2.44,3.21
2012.06.27 13:49:16.376,1.24553,1.2456,4.17,1.43
2012.06.27 13:49:16.777,1.24556,1.24564,1.39,1.50
2012.06.27 13:49:16.856,1.24558,1.24565,3.00,1.50
2012.06.27 13:49:17.423,1.24559,1.24567,1.13,3.53
2012.06.27 13:49:17.770,1.24557,1.24567,1.95,3.53
2012.06.27 13:49:18.040,1.24557,1.24564,1.58,1.50
2012.06.27 13:49:18.253,1.24557,1.24567,2.44,3.53
2012.06.27 13:49:18.476,1.24555,1.2456,7.35,1.50
2012.06.27 13:49:18.552,1.24555,1.2456,6.68,1.50
2012.06.27 13:49:18.775,1.24555,1.24563,1.32,1.50
2012.06.27 13:49:19.341,1.24552,1.24561,2.74,1.79
2012.06.27 13:49:19.425,1.24552,1.24561,2.74,2.54
2012.06.27 13:49:19.934,1.24551,1.24562,3.08,4.65
2012.06.27 13:49:20.013,1.24551,1.24562,3.68,4.28
2012.06.27 13:49:20.092,1.24551,1.24562,3.60,4.50
2012.06.27 13:49:20.172,1.24551,1.24562,4.77,3.83
2012.06.27 13:49:20.392,1.24553,1.24564,2.85,6.81
2012.06.27 13:49:20.727,1.24552,1.24562,1.35,1.50
2012.06.27 13:49:21.297,1.24551,1.24562,4.80,2.03
2012.06.27 13:49:21.368,1.24551,1.24562,4.05,2.03
2012.06.27 13:49:21.909,1.24552,1.24562,1.47,1.50
2012.06.27 13:49:22.181,1.24554,1.24563,2.74,2.31
2012.06.27 13:49:22.546,1.24554,1.24563,6.00,1.95
2012.06.27 13:49:23.112,1.24557,1.24565,1.24,7.65
2012.06.27 13:49:23.661,1.24558,1.24566,2.44,2.25
2012.06.27 13:49:23.759,1.24562,1.2457,2.74,2.25
2012.06.27 13:49:23.832,1.24562,1.2457,2.74,2.25
2012.06.27 13:49:24.189,1.24558,1.24564,2.44,1.50
2012.06.27 13:49:24.470,1.24556,1.24564,1.80,6.00
2012.06.27 13:49:24.543,1.24556,1.24561,4.05,1.43
2012.06.27 13:49:24.760,1.24558,1.24566,1.24,1.50
2012.06.27 13:49:24.832,1.2456,1.24567,1.50,1.50
2012.06.27 13:49:25.249,1.24559,1.24568,3.23,1.50
2012.06.27 13:49:25.322,1.24559,1.2457,3.98,4.63
2012.06.27 13:49:25.401,1.24559,1.24565,3.38,1.05
2012.06.27 13:49:25.910,1.24557,1.24566,3.23,1.88
2012.06.27 13:49:26.261,1.24556,1.24563,1.58,1.43
2012.06.27 13:49:26.798,1.24558,1.24567,1.73,2.63
2012.06.27 13:49:26.877,1.24559,1.24567,1.47,5.18
2012.06.27 13:49:27.233,1.24564,1.24573,3.83,3.00
2012.06.27 13:49:27.313,1.24566,1.24573,2.25,5.33
2012.06.27 13:49:27.533,1.24566,1.24576,1.95,3.21
2012.06.27 13:49:27.613,1.24566,1.24574,1.73,1.43
2012.06.27 13:49:27.761,1.24567,1.24576,1.73,3.60
2012.06.27 13:49:28.327,1.24565,1.24575,2.78,1.43
2012.06.27 13:49:28.919,1.24566,1.24576,2.25,2.85
2012.06.27 13:49:29.480,1.24566,1.24577,4.35,1.95
2012.06.27 13:49:30.072,1.24566,1.24577,4.58,3.45
2012.06.27 13:49:30.441,1.24566,1.24575,3.00,3.00
2012.06.27 13:49:30.591,1.24566,1.24574,3.00,1.50
2012.06.27 13:49:31.471,1.24567,1.24577,1.13,3.00
2012.06.27 13:49:32.039,1.24567,1.24577,3.98,2.25
2012.06.27 13:49:32.642,1.24567,1.24577,3.72,3.00
2012.06.27 13:49:33.209,1.24568,1.24577,1.50,1.50
2012.06.27 13:49:33.918,1.24568,1.24578,3.38,2.54
2012.06.27 13:49:34.271,1.24569,1.24578,1.13,2.10
2012.06.27 13:49:34.776,1.24569,1.24578,1.88,1.35
2012.06.27 13:49:34.988,1.24569,1.24579,1.88,6.36
2012.06.27 13:49:35.128,1.24569,1.24579,1.50,4.86
2012.06.27 13:49:35.538,1.24568,1.24576,1.50,1.50
2012.06.27 13:49:36.068,1.24567,1.24576,5.97,1.88
2012.06.27 13:49:36.422,1.24567,1.24574,1.50,2.25
2012.06.27 13:49:36.783,1.24561,1.24568,3.00,1.13
2012.06.27 13:49:36.864,1.2456,1.24566,3.75,1.88
2012.06.27 13:49:37.429,1.24558,1.24566,1.50,3.00
2012.06.27 13:49:37.988,1.24557,1.24566,2.25,3.38
2012.06.27 13:49:38.516,1.24555,1.24566,4.13,5.33
2012.06.27 13:49:39.022,1.24558,1.24566,2.25,1.04
2012.06.27 13:49:39.602,1.24558,1.24567,2.25,4.49
2012.06.27 13:49:40.170,1.24558,1.24567,3.00,3.45
2012.06.27 13:49:40.253,1.24559,1.24567,2.74,1.95
2012.06.27 13:49:40.473,1.24563,1.2457,1.50,1.50
2012.06.27 13:49:40.552,1.24563,1.2457,2.25,1.50
2012.06.27 13:49:40.631,1.24563,1.24569,1.50,1.88
2012.06.27 13:49:40.701,1.24566,1.24571,1.50,1.88
2012.06.27 13:49:40.991,1.24564,1.24569,1.50,1.88
2012.06.27 13:49:41.138,1.24562,1.24569,1.50,1.88
2012.06.27 13:49:41.349,1.24562,1.24569,1.50,2.63
2012.06.27 13:49:42.017,1.24562,1.24568,2.25,1.20
2012.06.27 13:49:42.108,1.2456,1.24568,1.24,1.50
2012.06.27 13:49:42.447,1.24554,1.2456,1.50,3.45
2012.06.27 13:49:42.949,1.24554,1.24562,2.78,1.58
2012.06.27 13:49:43.277,1.24558,1.24565,1.50,2.33
2012.06.27 13:49:43.347,1.24558,1.24565,1.50,1.58
2012.06.27 13:49:44.187,1.24555,1.24564,3.38,1.95
2012.06.27 13:49:44.493,1.24553,1.2456,2.03,6.30
2012.06.27 13:49:44.652,1.24551,1.2456,2.03,7.63
2012.06.27 13:49:45.201,1.24551,1.24559,1.50,1.80
2012.06.27 13:49:45.901,1.24551,1.24559,2.25,2.25
2012.06.27 13:49:46.469,1.24551,1.2456,2.25,2.99
2012.06.27 13:49:47.019,1.24551,1.2456,2.25,2.54
2012.06.27 13:49:47.235,1.24553,1.2456,1.28,1.50
2012.06.27 13:49:47.381,1.24556,1.24563,1.50,1.13
2012.06.27 13:49:47.953,1.24556,1.24565,2.25,3.30
2012.06.27 13:49:48.521,1.24556,1.24565,1.50,2.85
2012.06.27 13:49:49.988,1.24556,1.24565,2.78,1.50
2012.06.27 13:49:50.547,1.24556,1.24565,3.75,1.50
2012.06.27 13:49:51.112,1.24555,1.24566,6.00,6.96
2012.06.27 13:49:51.192,1.24554,1.24563,4.62,1.50
2012.06.27 13:49:51.343,1.24554,1.24563,1.99,1.50
2012.06.27 13:49:51.912,1.24555,1.24564,1.50,4.49
2012.06.27 13:49:52.263,1.24558,1.24564,1.50,1.13
2012.06.27 13:49:52.761,1.24558,1.24565,1.50,3.38
2012.06.27 13:49:52.909,1.24558,1.24564,1.50,1.13
2012.06.27 13:49:53.473,1.24557,1.24565,1.50,2.33
2012.06.27 13:49:53.550,1.24557,1.24566,1.50,4.05
2012.06.27 13:49:54.108,1.24558,1.24566,1.50,2.55
2012.06.27 13:49:54.709,1.24558,1.24566,3.12,2.55
2012.06.27 13:49:54.852,1.24559,1.24567,1.13,1.50
2012.06.27 13:49:55.002,1.24562,1.24569,1.50,3.68
2012.06.27 13:49:55.294,1.24563,1.24571,3.00,4.05
2012.06.27 13:49:55.865,1.24562,1.24571,4.84,1.20
2012.06.27 13:49:56.417,1.24567,1.24575,1.50,1.50
2012.06.27 13:49:56.781,1.24567,1.24573,5.63,1.50
2012.06.27 13:49:56.989,1.24567,1.24576,7.13,1.65
2012.06.27 13:49:57.272,1.24566,1.24573,2.85,1.50
2012.06.27 13:49:57.561,1.24568,1.24577,1.50,4.11
2012.06.27 13:49:58.075,1.2457,1.24579,1.50,4.20
2012.06.27 13:49:58.638,1.2457,1.24579,2.25,2.25
2012.06.27 13:49:59.202,1.2457,1.24578,1.50,2.25
2012.06.27 13:49:59.560,1.24567,1.24578,1.50,3.75
2012.06.27 13:50:00.088,1.24566,1.24576,2.63,3.00
2012.06.27 13:50:00.651,1.24566,1.24575,1.13,1.13
2012.06.27 13:50:00.789,1.24565,1.24576,3.75,3.29
2012.06.27 13:50:01.354,1.24564,1.24573,1.88,2.25
2012.06.27 13:50:01.498,1.24564,1.24573,2.63,3.00
2012.06.27 13:50:02.789,1.24565,1.24575,3.00,2.25
2012.06.27 13:50:03.353,1.24565,1.24573,3.75,1.50
2012.06.27 13:50:03.897,1.24567,1.24576,1.50,4.50
2012.06.27 13:50:04.401,1.24568,1.24575,1.50,1.50
2012.06.27 13:50:04.921,1.24567,1.24575,2.25,2.25
2012.06.27 13:50:05.212,1.24565,1.24573,1.13,1.50
2012.06.27 13:50:05.758,1.24565,1.24574,1.88,2.25
2012.06.27 13:50:06.989,1.24565,1.24574,6.23,1.50
2012.06.27 13:50:07.272,1.24567,1.24576,3.00,3.75
2012.06.27 13:50:07.967,1.24568,1.24578,2.25,2.63
2012.06.27 13:50:08.582,1.24568,1.24578,1.50,2.63
2012.06.27 13:50:09.759,1.24568,1.24577,1.50,2.25
2012.06.27 13:50:10.297,1.24568,1.24577,1.50,1.50
2012.06.27 13:50:11.513,1.24568,1.24578,2.25,1.50
2012.06.27 13:50:11.661,1.24569,1.24578,3.00,1.50
2012.06.27 13:50:12.242,1.24571,1.2458,1.50,4.41
2012.06.27 13:50:13.092,1.24569,1.24577,1.13,1.50
2012.06.27 13:50:13.441,1.24571,1.24579,3.38,1.50
2012.06.27 13:50:13.664,1.24572,1.24581,3.30,1.50
2012.06.27 13:50:13.949,1.24573,1.24584,1.50,2.25
2012.06.27 13:50:14.228,1.24573,1.24585,2.25,4.71
2012.06.27 13:50:14.801,1.24575,1.24585,1.50,1.88
2012.06.27 13:50:14.873,1.24575,1.24586,1.50,1.35
2012.06.27 13:50:15.438,1.24576,1.24587,1.50,2.85
2012.06.27 13:50:15.941,1.24575,1.24585,1.50,5.83
2012.06.27 13:50:16.369,1.24576,1.24586,1.50,2.24
2012.06.27 13:50:16.463,1.24576,1.24588,4.05,3.74
2012.06.27 13:50:17.031,1.24578,1.24588,2.25,2.93
2012.06.27 13:50:17.600,1.24578,1.24588,1.50,2.93
2012.06.27 13:50:17.879,1.24579,1.24588,2.25,2.63
2012.06.27 13:50:18.089,1.24579,1.24588,1.50,3.68
2012.06.27 13:50:18.378,1.24575,1.24585,2.25,6.67
2012.06.27 13:50:18.788,1.24576,1.24585,1.50,2.25
2012.06.27 13:50:19.604,1.24576,1.24585,2.25,1.95
2012.06.27 13:50:20.524,1.24576,1.24585,2.25,1.50
2012.06.27 13:50:20.753,1.24576,1.24585,4.35,1.50
2012.06.27 13:50:21.255,1.24576,1.24585,2.25,2.70
2012.06.27 13:50:21.749,1.24573,1.24578,1.80,1.50
2012.06.27 13:50:21.820,1.24574,1.2458,1.50,1.50
2012.06.27 13:50:22.191,1.24574,1.24584,2.25,1.95
2012.06.27 13:50:22.342,1.24574,1.24582,2.25,1.50
2012.06.27 13:50:22.421,1.24573,1.24581,1.50,1.50
2012.06.27 13:50:22.572,1.24571,1.24577,1.13,1.50
2012.06.27 13:50:23.139,1.24569,1.24578,1.88,3.00
2012.06.27 13:50:23.213,1.24569,1.24578,2.63,3.38
2012.06.27 13:50:23.294,1.24569,1.24578,1.88,5.63
2012.06.27 13:50:25.069,1.24569,1.24577,1.13,1.20
2012.06.27 13:50:25.848,1.24568,1.24577,1.13,1.95
2012.06.27 13:50:26.411,1.24567,1.24574,1.50,1.13
2012.06.27 13:50:26.634,1.24565,1.24572,1.13,1.95
2012.06.27 13:50:26.782,1.24563,1.24572,2.55,1.95
2012.06.27 13:50:26.862,1.24565,1.24572,1.50,1.95
2012.06.27 13:50:27.290,1.24563,1.24571,2.25,1.50
2012.06.27 13:50:27.857,1.2456,1.24568,1.50,2.25
2012.06.27 13:50:28.460,1.2456,1.24569,2.25,2.25
2012.06.27 13:50:29.003,1.24561,1.2457,3.00,1.20
2012.06.27 13:50:29.507,1.24561,1.2457,2.25,2.33
2012.06.27 13:50:30.755,1.2456,1.24569,2.25,4.86
2012.06.27 13:50:31.251,1.24558,1.24566,2.63,1.50
2012.06.27 13:50:31.848,1.24558,1.24566,1.50,1.20
2012.06.27 13:50:31.938,1.24555,1.24563,3.00,1.13
2012.06.27 13:50:32.013,1.24555,1.24563,2.25,1.58
2012.06.27 13:50:32.579,1.24556,1.24563,1.50,2.33
2012.06.27 13:50:33.071,1.24556,1.24561,1.50,1.88
2012.06.27 13:50:33.352,1.24551,1.24561,3.00,4.11
2012.06.27 13:50:33.979,1.24553,1.24561,1.50,3.36
2012.06.27 13:50:34.529,1.24553,1.2456,1.50,5.99
2012.06.27 13:50:34.600,1.24551,1.24556,1.50,1.50
2012.06.27 13:50:35.358,1.2455,1.24556,1.50,1.50
2012.06.27 13:50:35.878,1.24549,1.24557,2.63,1.50
2012.06.27 13:50:36.370,1.24549,1.24559,2.63,4.04
2012.06.27 13:50:36.572,1.24549,1.24559,2.63,1.79
2012.06.27 13:50:36.864,1.24552,1.2456,2.25,1.95
2012.06.27 13:50:37.161,1.24554,1.24562,1.50,3.36
2012.06.27 13:50:37.508,1.24554,1.24562,1.50,2.61
2012.06.27 13:50:37.929,1.24551,1.24562,3.00,7.42
2012.06.27 13:50:38.003,1.24551,1.24562,3.75,6.97
2012.06.27 13:50:38.363,1.24551,1.24562,3.75,7.50
2012.06.27 13:50:38.757,1.24551,1.2456,3.75,1.41
2012.06.27 13:50:39.261,1.24549,1.2456,3.00,4.04
2012.06.27 13:50:39.410,1.2455,1.2456,1.50,2.54
2012.06.27 13:50:39.830,1.24549,1.24558,2.25,2.63
2012.06.27 13:50:40.042,1.24549,1.24558,2.25,3.00
2012.06.27 13:50:40.188,1.24549,1.24557,1.50,1.13
2012.06.27 13:50:40.544,1.24548,1.24556,1.50,4.35
2012.06.27 13:50:40.764,1.24545,1.24558,2.10,1.50
2012.06.27 13:50:40.982,1.24547,1.24554,3.98,2.10
2012.06.27 13:50:41.642,1.24546,1.24554,4.80,1.35
2012.06.27 13:50:41.817,1.24541,1.2455,3.72,1.50
2012.06.27 13:50:42.104,1.24542,1.24553,1.58,2.70
2012.06.27 13:50:42.393,1.24548,1.24556,1.09,4.50
2012.06.27 13:50:42.541,1.24549,1.24558,1.24,1.35
2012.06.27 13:50:42.839,1.24552,1.24559,2.10,1.50
2012.06.27 13:50:42.914,1.24552,1.24562,2.10,2.25
2012.06.27 13:50:42.995,1.24553,1.24563,1.80,1.50
2012.06.27 13:50:43.423,1.24551,1.24559,6.00,2.10
2012.06.27 13:50:43.970,1.24549,1.2456,4.62,2.84
2012.06.27 13:50:44.613,1.24548,1.24557,1.50,1.05
2012.06.27 13:50:45.181,1.24546,1.24556,1.96,1.50
2012.06.27 13:50:45.751,1.24549,1.24558,1.50,2.39
2012.06.27 13:50:45.830,1.24549,1.24559,1.50,1.04
2012.06.27 13:50:46.250,1.24549,1.24558,1.50,1.35
2012.06.27 13:50:46.818,1.24549,1.24558,1.50,1.04
2012.06.27 13:50:47.582,1.24548,1.24557,2.25,1.50
2012.06.27 13:50:48.140,1.2455,1.24557,1.50,2.55
2012.06.27 13:50:48.289,1.2455,1.24558,1.50,2.09
2012.06.27 13:50:48.852,1.2455,1.2456,2.74,2.25
2012.06.27 13:50:48.930,1.24552,1.2456,1.50,3.14
2012.06.27 13:50:49.080,1.24552,1.24561,1.50,3.59
2012.06.27 13:50:49.609,1.24553,1.24562,1.50,4.41
2012.06.27 13:50:49.753,1.24558,1.24567,4.05,1.50
2012.06.27 13:50:49.832,1.24556,1.24566,2.97,3.45
2012.06.27 13:50:50.051,1.24555,1.24564,2.25,1.34
2012.06.27 13:50:50.410,1.24551,1.2456,1.13,7.05
2012.06.27 13:50:50.547,1.24549,1.2456,1.43,7.20
2012.06.27 13:50:51.134,1.24549,1.2456,2.93,4.73
2012.06.27 13:50:51.355,1.24549,1.24559,1.24,1.35
2012.06.27 13:50:51.640,1.24547,1.24557,1.62,2.10
2012.06.27 13:50:51.852,1.24546,1.24557,4.47,1.50
2012.06.27 13:50:52.130,1.24546,1.24556,4.47,2.25
2012.06.27 13:50:52.810,1.24547,1.24556,1.62,2.25
2012.06.27 13:50:53.093,1.24549,1.24556,2.59,2.25
2012.06.27 13:50:53.242,1.24548,1.24557,6.75,2.25
2012.06.27 13:50:53.813,1.24547,1.24557,2.25,1.20
2012.06.27 13:50:54.380,1.24547,1.24557,2.63,1.35
2012.06.27 13:50:55.152,1.24547,1.24555,1.13,1.50
2012.06.27 13:50:55.299,1.24547,1.24557,2.63,1.35
2012.06.27 13:50:56.041,1.24549,1.24558,1.50,3.45
2012.06.27 13:50:56.112,1.24549,1.24561,1.99,3.23
2012.06.27 13:50:56.475,1.24552,1.2456,1.17,5.25
2012.06.27 13:50:56.558,1.24557,1.24562,1.43,1.20
2012.06.27 13:50:56.703,1.2456,1.24567,1.17,2.25
2012.06.27 13:50:57.130,1.24559,1.2457,4.17,4.49
2012.06.27 13:50:57.342,1.24563,1.24571,1.50,3.00
2012.06.27 13:50:57.701,1.24561,1.24567,1.13,1.50
2012.06.27 13:50:58.062,1.24555,1.24561,1.02,2.25
2012.06.27 13:50:58.143,1.24555,1.24563,1.02,1.50
2012.06.27 13:50:58.515,1.24556,1.24561,1.02,4.41
2012.06.27 13:50:58.599,1.24554,1.2456,6.68,1.88
2012.06.27 13:50:58.669,1.24554,1.2456,6.68,4.41
2012.06.27 13:50:58.884,1.24549,1.24561,4.92,6.08
2012.06.27 13:50:59.174,1.24551,1.24559,1.35,1.05
2012.06.27 13:50:59.390,1.24551,1.2456,2.93,5.09
2012.06.27 13:50:59.741,1.24553,1.2456,1.43,1.50
2012.06.27 13:51:00.303,1.24553,1.2456,1.43,1.50
2012.06.27 13:51:00.453,1.24553,1.24562,2.93,2.25
2012.06.27 13:51:01.018,1.24553,1.24562,3.68,2.25
2012.06.27 13:51:01.090,1.24553,1.24562,3.68,2.25
2012.06.27 13:51:01.441,1.24552,1.24563,3.00,5.01
2012.06.27 13:51:01.933,1.24554,1.24563,2.74,2.38
2012.06.27 13:51:02.018,1.24556,1.24564,1.99,4.50
2012.06.27 13:51:02.092,1.24556,1.24564,2.74,4.50
2012.06.27 13:51:02.240,1.24557,1.24566,2.25,2.54
2012.06.27 13:51:03.011,1.24559,1.24568,1.24,3.08
2012.06.27 13:51:03.092,1.24559,1.24568,1.24,2.33
2012.06.27 13:51:03.590,1.24556,1.24567,4.24,3.45
2012.06.27 13:51:03.879,1.2456,1.24567,2.10,4.20
2012.06.27 13:51:04.301,1.24559,1.24568,1.84,1.50
2012.06.27 13:51:05.355,1.24559,1.24568,1.50,2.25
2012.06.27 13:51:05.918,1.24559,1.24569,1.50,3.96
2012.06.27 13:51:06.748,1.24559,1.24569,1.50,4.42
2012.06.27 13:51:06.820,1.24552,1.24568,2.25,1.50
2012.06.27 13:51:07.173,1.24556,1.24563,3.75,1.88
2012.06.27 13:51:07.254,1.2455,1.24555,1.50,1.77
2012.06.27 13:51:07.488,1.24543,1.24553,5.93,8.40
2012.06.27 13:51:07.565,1.24544,1.24552,2.25,4.34
2012.06.27 13:51:07.643,1.24542,1.24552,2.18,3.58
2012.06.27 13:51:08.702,1.24544,1.24549,1.43,1.88
2012.06.27 13:51:09.131,1.24541,1.24549,2.85,1.50
2012.06.27 13:51:09.273,1.24541,1.24549,1.43,1.50
2012.06.27 13:51:09.494,1.24541,1.2455,2.18,5.98
2012.06.27 13:51:09.579,1.24543,1.2455,1.43,1.95
2012.06.27 13:51:09.793,1.24543,1.24552,3.42,1.20
2012.06.27 13:51:09.873,1.24548,1.24553,1.43,1.13
2012.06.27 13:51:10.324,1.24549,1.24555,1.43,2.29
2012.06.27 13:51:10.879,1.2455,1.24557,1.43,2.25
2012.06.27 13:51:10.949,1.2455,1.24557,1.43,1.50
2012.06.27 13:51:11.729,1.2455,1.24558,2.18,3.22
2012.06.27 13:51:11.823,1.24553,1.2456,1.43,1.50
2012.06.27 13:51:11.904,1.24556,1.24561,1.43,1.58
2012.06.27 13:51:12.121,1.24556,1.24565,2.18,2.91
2012.06.27 13:51:12.271,1.24557,1.24566,2.18,1.13
2012.06.27 13:51:12.772,1.24558,1.24567,1.50,6.33
2012.06.27 13:51:12.852,1.24555,1.24567,3.00,4.80
2012.06.27 13:51:13.410,1.24555,1.24565,1.50,3.00
2012.06.27 13:51:13.692,1.24555,1.24565,3.00,2.25
2012.06.27 13:51:14.258,1.24555,1.24565,2.25,1.50
2012.06.27 13:51:14.404,1.24555,1.24561,2.25,1.13
2012.06.27 13:51:15.013,1.24553,1.24559,1.50,1.88
2012.06.27 13:51:15.110,1.2455,1.24559,1.50,3.38
2012.06.27 13:51:15.676,1.2455,1.24559,1.50,4.13
2012.06.27 13:51:17.148,1.2455,1.24559,2.25,2.63
2012.06.27 13:51:17.907,1.24547,1.24556,3.87,2.10
2012.06.27 13:51:17.986,1.24547,1.24555,3.12,2.25
2012.06.27 13:51:18.212,1.24543,1.24552,3.30,2.25
2012.06.27 13:51:18.362,1.24543,1.24552,1.80,7.88
2012.06.27 13:51:18.443,1.24541,1.2455,3.38,1.50
2012.06.27 13:51:18.660,1.24541,1.24552,2.25,10.88
2012.06.27 13:51:19.033,1.24541,1.24551,2.25,1.50
2012.06.27 13:51:19.195,1.24541,1.24551,2.25,2.25
2012.06.27 13:51:19.415,1.24546,1.24552,1.50,1.50
2012.06.27 13:51:19.773,1.24546,1.24554,3.49,1.50
2012.06.27 13:51:19.990,1.24548,1.24556,2.25,4.50
2012.06.27 13:51:20.272,1.24551,1.24559,2.25,2.55
2012.06.27 13:51:20.424,1.24551,1.24556,1.50,1.13
2012.06.27 13:51:20.643,1.24549,1.24557,1.50,1.73
2012.06.27 13:51:20.723,1.24549,1.24556,1.50,1.50
2012.06.27 13:51:20.877,1.24547,1.24555,1.88,1.50
2012.06.27 13:51:21.372,1.24547,1.24555,2.25,1.35
2012.06.27 13:51:21.520,1.24547,1.24554,1.50,1.50
2012.06.27 13:51:21.592,1.24549,1.24555,1.50,4.50
2012.06.27 13:51:21.668,1.24549,1.24557,1.50,1.50
2012.06.27 13:51:22.928,1.24547,1.24556,1.50,2.91
2012.06.27 13:51:23.290,1.24546,1.24557,4.35,3.45
2012.06.27 13:51:23.849,1.24549,1.24557,2.25,1.50
2012.06.27 13:51:24.121,1.24549,1.24558,3.00,3.08
2012.06.27 13:51:24.471,1.2455,1.24558,1.50,1.50
2012.06.27 13:51:24.910,1.24553,1.2456,1.50,2.25
2012.06.27 13:51:25.261,1.24555,1.24562,1.24,2.25
2012.06.27 13:51:25.483,1.24558,1.24564,1.50,1.50
2012.06.27 13:51:25.850,1.24556,1.24566,1.05,4.50
2012.06.27 13:51:25.999,1.24557,1.24565,2.25,3.60
2012.06.27 13:51:26.210,1.24556,1.24565,1.50,3.30
2012.06.27 13:51:26.350,1.24554,1.24563,2.25,3.00
2012.06.27 13:51:26.919,1.24553,1.24562,2.25,1.80
2012.06.27 13:51:27.472,1.24553,1.24562,3.75,3.30
2012.06.27 13:51:28.029,1.24556,1.24562,1.50,1.05
2012.06.27 13:51:28.620,1.24556,1.24563,2.25,3.75
2012.06.27 13:51:28.689,1.24556,1.24565,2.25,1.13
2012.06.27 13:51:28.833,1.24557,1.24567,1.50,2.25
2012.06.27 13:51:28.913,1.24562,1.24568,1.50,3.90
2012.06.27 13:51:29.437,1.24562,1.24568,1.50,1.88
2012.06.27 13:51:30.000,1.24561,1.24568,1.50,1.88
2012.06.27 13:51:30.292,1.24558,1.24566,2.25,1.13
2012.06.27 13:51:30.848,1.24557,1.24566,1.50,1.13
2012.06.27 13:51:31.409,1.24557,1.24567,1.50,1.20
2012.06.27 13:51:31.537,1.24558,1.24567,1.50,1.20
2012.06.27 13:51:32.088,1.24558,1.24567,1.50,1.20
2012.06.27 13:51:32.649,1.2456,1.24568,1.50,1.13
2012.06.27 13:51:33.075,1.24562,1.24569,3.00,1.50
2012.06.27 13:51:33.480,1.24566,1.24575,3.38,3.38
2012.06.27 13:51:33.571,1.2457,1.24576,1.50,6.60
2012.06.27 13:51:33.652,1.24567,1.24576,2.25,1.58
2012.06.27 13:51:34.292,1.24567,1.24576,2.70,1.95
2012.06.27 13:51:34.512,1.24568,1.24577,2.25,2.25
2012.06.27 13:51:34.869,1.24571,1.24577,1.50,2.25
2012.06.27 13:51:35.221,1.24572,1.24579,2.97,1.13
2012.06.27 13:51:35.301,1.24572,1.2458,2.97,1.50
2012.06.27 13:51:36.011,1.24574,1.24581,1.50,1.13
2012.06.27 13:51:36.849,1.24572,1.24581,3.00,1.88
2012.06.27 13:51:37.012,1.24573,1.24578,1.50,1.13
2012.06.27 13:51:37.176,1.2457,1.24578,1.50,2.63
2012.06.27 13:51:37.251,1.2457,1.24578,1.50,2.63
2012.06.27 13:51:37.608,1.24573,1.24578,1.50,1.88
2012.06.27 13:51:39.919,1.24572,1.24578,1.50,1.13
2012.06.27 13:51:40.271,1.24572,1.2458,1.50,1.50
2012.06.27 13:51:40.818,1.24573,1.2458,1.50,1.50
2012.06.27 13:51:41.339,1.24569,1.24581,3.83,4.88
2012.06.27 13:51:42.169,1.24569,1.24581,4.13,4.13
2012.06.27 13:51:42.649,1.2457,1.2458,1.50,1.50
2012.06.27 13:51:42.849,1.2457,1.2458,1.50,1.50
2012.06.27 13:51:42.921,1.2457,1.24581,3.49,2.25
2012.06.27 13:51:43.282,1.24573,1.24583,1.50,3.00
2012.06.27 13:51:43.920,1.24573,1.24583,3.75,2.63
2012.06.27 13:51:44.288,1.24574,1.24585,4.99,3.38
2012.06.27 13:51:44.645,1.24582,1.24587,1.50,1.80
2012.06.27 13:51:45.058,1.24581,1.24588,1.50,6.00
2012.06.27 13:51:45.347,1.24585,1.24595,1.50,11.18
2012.06.27 13:51:45.842,1.24585,1.24591,1.50,1.50
2012.06.27 13:51:46.130,1.24583,1.24589,1.50,1.13
2012.06.27 13:51:47.720,1.24581,1.24587,1.50,1.13
2012.06.27 13:51:48.004,1.24581,1.24587,1.50,1.88
2012.06.27 13:51:48.447,1.24579,1.24589,3.00,3.66
2012.06.27 13:51:48.526,1.24577,1.24588,2.25,3.29
2012.06.27 13:51:48.812,1.24579,1.24588,1.50,2.16
2012.06.27 13:51:49.208,1.24579,1.24585,1.50,3.44
2012.06.27 13:51:49.378,1.24576,1.24583,1.50,3.30
2012.06.27 13:51:49.591,1.24576,1.24584,1.50,3.75
2012.06.27 13:51:49.800,1.24577,1.24585,2.10,1.80
2012.06.27 13:51:50.231,1.24578,1.24588,2.63,1.73
2012.06.27 13:51:50.379,1.24578,1.24588,2.63,1.28
2012.06.27 13:51:50.730,1.24582,1.24591,4.05,5.63
2012.06.27 13:51:51.082,1.24586,1.24592,1.50,2.63
2012.06.27 13:51:51.551,1.24581,1.24589,1.50,6.08
2012.06.27 13:51:52.442,1.24581,1.24589,1.50,1.88
2012.06.27 13:51:52.589,1.24581,1.24589,1.50,1.88
2012.06.27 13:51:52.942,1.24581,1.24589,1.50,1.88
2012.06.27 13:51:54.003,1.24581,1.24589,1.50,4.13
2012.06.27 13:51:54.362,1.24576,1.24583,2.25,3.81
2012.06.27 13:51:54.441,1.24576,1.24581,1.50,2.25
2012.06.27 13:51:54.523,1.24573,1.24581,1.24,2.25
2012.06.27 13:51:54.671,1.24574,1.24583,1.99,1.56
2012.06.27 13:51:55.260,1.24576,1.24584,1.50,2.38
2012.06.27 13:51:55.613,1.24577,1.24586,1.50,1.88
2012.06.27 13:51:56.240,1.24577,1.24586,1.50,2.54
2012.06.27 13:51:56.800,1.24578,1.24586,1.50,3.88
2012.06.27 13:51:59.208,1.24576,1.2459,3.00,3.88
2012.06.27 13:51:59.562,1.24581,1.24587,1.50,1.50
2012.06.27 13:52:00.130,1.24582,1.24588,1.50,2.25
2012.06.27 13:52:00.410,1.24579,1.24586,1.88,1.13
2012.06.27 13:52:02.800,1.24579,1.24587,1.88,1.50
2012.06.27 13:52:03.758,1.24579,1.24587,1.13,4.13
2012.06.27 13:52:03.903,1.24578,1.24586,1.50,1.80
2012.06.27 13:52:04.054,1.24575,1.24583,3.00,1.50
2012.06.27 13:52:04.339,1.24575,1.24584,1.50,3.96
2012.06.27 13:52:05.028,1.24575,1.24584,1.50,3.96
2012.06.27 13:52:05.382,1.24575,1.24583,1.50,1.50
2012.06.27 13:52:05.740,1.24572,1.24578,1.50,2.63
2012.06.27 13:52:05.893,1.24569,1.24577,1.50,2.25
2012.06.27 13:52:06.686,1.24567,1.24577,1.50,4.88
2012.06.27 13:52:06.840,1.24567,1.24577,1.50,2.25
2012.06.27 13:52:07.262,1.24569,1.24578,3.00,2.25
2012.06.27 13:52:07.789,1.2457,1.24579,3.00,1.88
2012.06.27 13:52:08.143,1.24576,1.24584,3.00,2.25
2012.06.27 13:52:08.715,1.24576,1.24585,1.50,1.41
2012.06.27 13:52:09.289,1.24574,1.24584,1.50,2.91
2012.06.27 13:52:09.819,1.24573,1.24584,1.50,2.16
2012.06.27 13:52:10.044,1.24572,1.24582,2.63,1.88
2012.06.27 13:52:10.274,1.24569,1.24578,3.75,1.13
2012.06.27 13:52:10.776,1.24572,1.24581,3.00,3.21
2012.06.27 13:52:11.134,1.24576,1.24586,1.50,7.19
2012.06.27 13:52:11.699,1.24575,1.24586,3.00,4.79
2012.06.27 13:52:12.262,1.24575,1.24584,2.25,2.25
2012.06.27 13:52:12.484,1.24572,1.24581,1.50,3.21
2012.06.27 13:52:13.101,1.2457,1.2458,1.50,2.25
2012.06.27 13:52:13.532,1.24571,1.2458,1.50,2.25
2012.06.27 13:52:13.893,1.24574,1.24584,1.99,5.93
2012.06.27 13:52:14.112,1.24573,1.24581,2.63,2.25
2012.06.27 13:52:14.469,1.2457,1.2458,4.28,1.50
2012.06.27 13:52:15.920,1.2457,1.24577,2.25,1.50
2012.06.27 13:52:16.715,1.2457,1.24577,3.75,1.50
2012.06.27 13:52:17.521,1.24573,1.24579,3.75,1.50
2012.06.27 13:52:17.745,1.24573,1.24579,5.25,1.50
2012.06.27 13:52:17.893,1.24573,1.24584,1.50,3.96
2012.06.27 13:52:18.603,1.24573,1.24579,2.25,1.13
2012.06.27 13:52:18.685,1.24571,1.24579,4.05,1.88
2012.06.27 13:52:18.765,1.2457,1.24578,3.75,2.63
2012.06.27 13:52:18.982,1.24568,1.24577,1.50,3.81
2012.06.27 13:52:19.201,1.24566,1.24575,1.50,1.50
2012.06.27 13:52:19.702,1.24565,1.24574,2.37,1.13
2012.06.27 13:52:20.229,1.24562,1.24572,3.08,1.50
2012.06.27 13:52:20.581,1.24561,1.24568,2.25,1.50
2012.06.27 13:52:20.793,1.24561,1.24568,1.50,1.50
2012.06.27 13:52:21.079,1.24563,1.24571,1.50,3.21
2012.06.27 13:52:21.432,1.24563,1.24573,1.99,2.31
2012.06.27 13:52:22.001,1.24565,1.24574,2.25,4.72
2012.06.27 13:52:22.748,1.24565,1.24573,2.25,1.41
2012.06.27 13:52:23.243,1.24567,1.24576,2.25,4.06
2012.06.27 13:52:23.323,1.24567,1.24576,3.00,4.06
2012.06.27 13:52:23.893,1.24566,1.24574,2.44,1.71
2012.06.27 13:52:24.321,1.24568,1.24576,1.20,2.54
2012.06.27 13:52:24.541,1.24568,1.24574,1.20,1.50
2012.06.27 13:52:25.319,1.24567,1.24574,1.99,1.71
2012.06.27 13:52:25.532,1.24565,1.24573,1.20,2.84
2012.06.27 13:52:25.616,1.24563,1.24568,1.84,1.50
2012.06.27 13:52:25.979,1.24557,1.24562,1.50,1.50
2012.06.27 13:52:26.057,1.24559,1.24564,1.13,1.35
2012.06.27 13:52:26.413,1.24554,1.24562,3.75,1.50
2012.06.27 13:52:27.054,1.24554,1.24562,3.00,1.50
2012.06.27 13:52:27.620,1.24553,1.24562,2.74,2.10
2012.06.27 13:52:28.190,1.24553,1.24562,1.50,2.31
2012.06.27 13:52:28.760,1.24554,1.24564,1.50,2.38
2012.06.27 13:52:30.672,1.24554,1.24564,4.24,2.01
2012.06.27 13:52:30.894,1.24557,1.24565,1.50,2.55
2012.06.27 13:52:31.482,1.24557,1.24566,3.00,1.50
2012.06.27 13:52:32.969,1.24558,1.24566,1.50,1.50
2012.06.27 13:52:33.579,1.2456,1.24568,2.25,1.41
2012.06.27 13:52:33.931,1.24561,1.2457,2.74,1.20
2012.06.27 13:52:34.085,1.24565,1.24573,1.24,5.46
2012.06.27 13:52:34.233,1.24565,1.24573,1.24,4.50
2012.06.27 13:52:34.941,1.24564,1.24574,1.50,2.91
2012.06.27 13:52:35.600,1.24566,1.24575,3.49,3.81
2012.06.27 13:52:35.762,1.24565,1.24573,2.25,1.50
2012.06.27 13:52:35.973,1.24565,1.24575,3.49,1.50
2012.06.27 13:52:36.252,1.24566,1.24575,1.50,1.20
2012.06.27 13:52:36.614,1.24568,1.24578,2.25,3.00
2012.06.27 13:52:37.178,1.24568,1.24578,2.25,3.96
2012.06.27 13:52:37.861,1.24568,1.24577,2.25,1.50
2012.06.27 13:52:38.083,1.24567,1.24576,1.13,2.25
2012.06.27 13:52:38.629,1.24566,1.24576,1.50,3.00
2012.06.27 13:52:38.914,1.24566,1.24575,2.25,1.79
2012.06.27 13:52:38.996,1.24564,1.24574,2.55,3.30
2012.06.27 13:52:39.571,1.24565,1.24574,1.24,3.30
2012.06.27 13:52:40.040,1.24563,1.24574,3.49,5.10
2012.06.27 13:52:40.113,1.24563,1.24572,2.74,1.13
2012.06.27 13:52:40.260,1.24561,1.24569,2.74,1.50
2012.06.27 13:52:40.480,1.24561,1.24571,4.24,1.56
2012.06.27 13:52:41.302,1.24563,1.24571,1.99,2.31
2012.06.27 13:52:41.818,1.24565,1.24572,1.24,1.71
2012.06.27 13:52:41.963,1.24563,1.24571,4.54,1.50
2012.06.27 13:52:42.044,1.24563,1.24573,6.04,2.99
2012.06.27 13:52:42.123,1.24565,1.24573,1.50,1.71
2012.06.27 13:52:42.481,1.24563,1.24573,3.30,2.76
2012.06.27 13:52:43.042,1.24564,1.24573,1.50,5.76
2012.06.27 13:52:43.332,1.24566,1.24573,1.50,2.76
2012.06.27 13:52:43.691,1.24566,1.24573,1.50,1.71
2012.06.27 13:52:44.259,1.24564,1.24574,1.24,5.01
2012.06.27 13:52:45.859,1.24566,1.24574,1.80,5.01
2012.06.27 13:52:46.212,1.2457,1.24578,2.74,2.16
2012.06.27 13:52:46.291,1.2457,1.24578,2.25,2.16
2012.06.27 13:52:46.851,1.24568,1.24574,1.50,1.50
2012.06.27 13:52:47.001,1.24564,1.24575,1.62,3.66
2012.06.27 13:52:47.362,1.24562,1.24567,1.99,1.50
2012.06.27 13:52:47.723,1.24559,1.24565,1.24,1.20
2012.06.27 13:52:47.872,1.24558,1.24566,9.27,1.95
2012.06.27 13:52:48.440,1.24555,1.24564,2.78,1.95
2012.06.27 13:52:48.524,1.24555,1.24564,2.74,1.95
2012.06.27 13:52:49.025,1.24558,1.24565,2.25,1.35
2012.06.27 13:52:49.241,1.24558,1.24566,1.50,1.20
2012.06.27 13:52:49.380,1.2456,1.24567,1.50,2.38
2012.06.27 13:52:49.940,1.2456,1.24569,1.50,3.45
2012.06.27 13:52:50.292,1.24558,1.24565,1.50,1.35
2012.06.27 13:52:50.865,1.24557,1.24565,3.49,2.25
2012.06.27 13:52:51.082,1.24557,1.24568,5.37,4.20
2012.06.27 13:52:51.230,1.24557,1.24568,7.62,3.45
2012.06.27 13:52:51.504,1.24557,1.24568,5.37,4.71
2012.06.27 13:52:51.854,1.24557,1.24567,5.37,1.50
2012.06.27 13:52:52.362,1.24557,1.24566,2.37,3.00
2012.06.27 13:52:52.863,1.24555,1.24561,4.09,3.00
2012.06.27 13:52:53.221,1.24551,1.24556,1.50,1.80
2012.06.27 13:52:53.371,1.24547,1.24553,2.25,2.10
2012.06.27 13:52:53.451,1.24545,1.24554,1.50,1.80
2012.06.27 13:52:53.532,1.24546,1.24554,1.02,1.20
2012.06.27 13:52:54.099,1.24549,1.24558,2.74,2.25
2012.06.27 13:52:54.315,1.24551,1.24559,2.25,1.65
2012.06.27 13:52:54.740,1.24554,1.24559,1.50,2.85
2012.06.27 13:52:55.870,1.24554,1.24559,1.50,1.93
2012.06.27 13:52:55.941,1.24552,1.24559,1.50,2.47
2012.06.27 13:52:56.159,1.24553,1.24561,1.99,4.18
2012.06.27 13:52:56.306,1.24558,1.24564,1.50,1.05
2012.06.27 13:52:56.804,1.24554,1.24559,1.84,1.13
2012.06.27 13:52:57.093,1.24555,1.24561,1.50,2.46
2012.06.27 13:52:57.380,1.24551,1.24557,4.50,1.20
2012.06.27 13:52:57.814,1.24553,1.24559,2.25,1.50
2012.06.27 13:52:58.322,1.24553,1.24561,1.50,4.57
2012.06.27 13:52:58.616,1.24555,1.24564,2.74,1.95
2012.06.27 13:52:58.972,1.24559,1.24568,3.00,2.02
2012.06.27 13:52:59.473,1.2456,1.24568,1.50,1.05
2012.06.27 13:52:59.690,1.2456,1.24568,1.50,1.05
2012.06.27 13:53:00.248,1.2456,1.24568,2.25,1.05
2012.06.27 13:53:00.886,1.2456,1.24569,3.00,3.68
2012.06.27 13:53:01.428,1.2456,1.24569,2.25,3.68
2012.06.27 13:53:01.560,1.24563,1.24569,1.50,3.68
2012.06.27 13:53:02.442,1.24558,1.24564,1.84,1.80
2012.06.27 13:53:02.594,1.24558,1.24563,1.50,3.00
2012.06.27 13:53:02.744,1.24555,1.24562,3.00,1.41
2012.06.27 13:53:02.825,1.24553,1.24561,1.50,1.34
2012.06.27 13:53:03.254,1.24555,1.24562,2.59,1.95
2012.06.27 13:53:03.447,1.2456,1.24565,1.50,10.50
2012.06.27 13:53:03.571,1.2456,1.24565,1.50,6.00
2012.06.27 13:53:03.831,1.2456,1.24567,1.50,1.88
2012.06.27 13:53:04.025,1.24562,1.2457,1.35,3.00
2012.06.27 13:53:04.170,1.24563,1.24572,2.74,2.25
2012.06.27 13:53:04.384,1.24565,1.24573,1.50,1.50
2012.06.27 13:53:04.747,1.24566,1.24573,1.50,1.50
2012.06.27 13:53:05.378,1.24567,1.24573,1.35,1.50
2012.06.27 13:53:05.775,1.24567,1.24575,2.10,1.50
2012.06.27 13:53:06.284,1.24568,1.24575,2.10,1.50
2012.06.27 13:53:06.769,1.24568,1.24578,1.50,3.75
2012.06.27 13:53:07.065,1.24572,1.24578,6.60,2.25
2012.06.27 13:53:07.226,1.24575,1.24582,2.25,1.50
2012.06.27 13:53:07.512,1.24574,1.24584,3.87,3.59
2012.06.27 13:53:07.666,1.24574,1.24584,3.34,2.46
2012.06.27 13:53:08.221,1.24573,1.24582,2.74,1.50
2012.06.27 13:53:08.741,1.24573,1.24582,2.10,1.50
2012.06.27 13:53:09.732,1.24575,1.24583,1.99,1.86
2012.06.27 13:53:10.093,1.24576,1.24583,5.74,3.00
2012.06.27 13:53:10.241,1.24574,1.2458,1.43,1.50
2012.06.27 13:53:10.324,1.24574,1.2458,1.05,3.00
2012.06.27 13:53:10.404,1.24572,1.24579,6.01,1.50
2012.06.27 13:53:10.483,1.24572,1.2458,4.62,3.00
2012.06.27 13:53:11.264,1.2457,1.24579,1.99,3.00
2012.06.27 13:53:11.832,1.2457,1.24579,1.99,3.00
2012.06.27 13:53:12.426,1.24571,1.2458,1.50,1.20
2012.06.27 13:53:13.313,1.24573,1.24581,1.24,1.95
2012.06.27 13:53:13.600,1.24575,1.24583,1.99,2.40
2012.06.27 13:53:14.171,1.24574,1.24583,3.49,1.50
2012.06.27 13:53:15.092,1.24574,1.24583,4.24,1.50
2012.06.27 13:53:15.649,1.24574,1.24583,3.12,1.50
2012.06.27 13:53:16.518,1.24575,1.24582,1.24,1.50
2012.06.27 13:53:16.871,1.24577,1.24586,3.49,2.85
2012.06.27 13:53:17.357,1.24577,1.24586,3.49,2.25
2012.06.27 13:53:18.504,1.24578,1.24586,1.24,2.25
2012.06.27 13:53:18.790,1.24578,1.24588,3.49,1.50
2012.06.27 13:53:19.990,1.24579,1.24589,1.99,3.75
2012.06.27 13:53:20.531,1.24579,1.24589,1.99,3.00
2012.06.27 13:53:20.750,1.24582,1.24589,1.50,3.00
2012.06.27 13:53:21.259,1.24583,1.24589,1.50,1.50
2012.06.27 13:53:21.592,1.24581,1.24586,1.50,1.50
2012.06.27 13:53:21.885,1.24577,1.24586,1.50,1.95
2012.06.27 13:53:22.030,1.24577,1.24584,1.50,1.41
2012.06.27 13:53:22.378,1.24575,1.24583,1.50,2.88
2012.06.27 13:53:22.940,1.24574,1.24583,1.99,1.95
2012.06.27 13:53:24.383,1.24576,1.24585,1.99,4.19
2012.06.27 13:53:24.602,1.24577,1.24586,1.99,3.75
2012.06.27 13:53:25.750,1.24578,1.24587,1.99,3.51
2012.06.27 13:53:26.931,1.24578,1.24587,2.74,2.31
2012.06.27 13:53:27.281,1.24578,1.24586,1.24,2.25
2012.06.27 13:53:27.504,1.2458,1.24588,1.24,3.06
2012.06.27 13:53:27.653,1.24581,1.2459,1.50,4.50
2012.06.27 13:53:27.732,1.24581,1.2459,1.50,4.50
2012.06.27 13:53:28.304,1.24581,1.24586,1.50,2.47
2012.06.27 13:53:28.384,1.24579,1.24586,1.50,2.10
2012.06.27 13:53:28.602,1.24575,1.24584,2.74,1.50
2012.06.27 13:53:28.988,1.24575,1.24582,1.99,1.05
2012.06.27 13:53:29.077,1.24574,1.24581,1.50,1.20
2012.06.27 13:53:29.621,1.24573,1.24581,2.25,1.20
2012.06.27 13:53:31.092,1.24575,1.24583,1.50,2.16
2012.06.27 13:53:31.638,1.24575,1.24583,1.99,1.95
2012.06.27 13:53:32.170,1.24575,1.24581,1.50,1.50
2012.06.27 13:53:32.313,1.2457,1.2458,5.14,1.58
2012.06.27 13:53:32.870,1.2457,1.24579,4.24,1.50
2012.06.27 13:53:33.150,1.24573,1.24582,2.74,2.70
2012.06.27 13:53:33.718,1.24576,1.24582,1.24,1.50
2012.06.27 13:53:34.086,1.24572,1.24579,2.59,1.41
2012.06.27 13:53:34.164,1.24572,1.24579,1.50,2.25
2012.06.27 13:53:34.521,1.2457,1.24579,1.99,3.00
2012.06.27 13:53:34.674,1.24569,1.24577,1.62,1.58
2012.06.27 13:53:34.753,1.24568,1.24573,2.25,1.50
2012.06.27 13:53:34.901,1.24567,1.24574,1.50,1.50
2012.06.27 13:53:35.253,1.24564,1.2457,4.86,1.71
2012.06.27 13:53:35.335,1.24562,1.2457,1.24,2.91
2012.06.27 13:53:35.415,1.2456,1.24568,3.08,1.50
2012.06.27 13:53:35.632,1.24559,1.2457,9.08,1.50
2012.06.27 13:53:36.134,1.2456,1.2457,2.63,2.25
2012.06.27 13:53:37.243,1.2456,1.2457,2.63,1.50
2012.06.27 13:53:37.324,1.24562,1.24572,2.44,1.50
2012.06.27 13:53:37.404,1.24565,1.24574,1.50,3.19
2012.06.27 13:53:37.901,1.24567,1.24576,1.24,2.16
2012.06.27 13:53:37.983,1.24567,1.24576,1.99,1.41
2012.06.27 13:53:38.132,1.24569,1.24578,1.24,1.95
2012.06.27 13:53:38.280,1.24569,1.24578,1.24,1.20
2012.06.27 13:53:38.840,1.24571,1.2458,3.00,1.71
2012.06.27 13:53:39.400,1.24573,1.24582,1.50,3.45
2012.06.27 13:53:39.825,1.24575,1.24584,2.25,3.51
2012.06.27 13:53:40.378,1.24576,1.24583,1.50,1.20
2012.06.27 13:53:40.457,1.24573,1.24583,1.69,2.70
2012.06.27 13:53:40.674,1.24573,1.2458,1.50,1.50
2012.06.27 13:53:41.239,1.24571,1.2458,2.82,1.50
2012.06.27 13:53:41.800,1.24572,1.24581,2.25,1.20
2012.06.27 13:53:42.083,1.24574,1.24583,1.50,2.16
2012.06.27 13:53:42.663,1.24573,1.24582,3.49,1.50
2012.06.27 13:53:43.031,1.24575,1.24583,1.99,1.20
2012.06.27 13:53:43.382,1.24577,1.24584,1.24,2.25
2012.06.27 13:53:43.531,1.24578,1.24587,1.99,2.24
2012.06.27 13:53:44.301,1.24578,1.24586,1.24,1.50
2012.06.27 13:53:44.850,1.24579,1.24587,1.50,2.25
2012.06.27 13:53:44.922,1.24578,1.24584,1.24,1.50
2012.06.27 13:53:45.283,1.24576,1.24582,1.99,1.50
2012.06.27 13:53:45.363,1.24576,1.24585,1.99,4.05
2012.06.27 13:53:45.848,1.24577,1.24585,1.99,1.95
2012.06.27 13:53:46.410,1.24579,1.24588,2.25,3.00
2012.06.27 13:53:46.918,1.24579,1.24587,3.00,1.20
2012.06.27 13:53:47.471,1.24579,1.24587,1.50,1.20
2012.06.27 13:53:48.852,1.2458,1.24588,1.24,1.95
2012.06.27 13:53:49.143,1.24581,1.2459,3.49,1.50
2012.06.27 13:53:49.502,1.24586,1.24593,1.50,2.70
2012.06.27 13:53:50.068,1.24584,1.24594,4.80,1.05
2012.06.27 13:53:50.210,1.24585,1.24594,1.24,1.05
2012.06.27 13:53:50.778,1.24584,1.24594,5.67,1.05
2012.06.27 13:53:51.537,1.24588,1.24594,2.74,1.05
2012.06.27 13:53:51.900,1.24589,1.24598,1.50,3.75
2012.06.27 13:53:51.972,1.24589,1.24598,1.50,4.50
2012.06.27 13:53:52.120,1.24588,1.24598,1.24,3.75
2012.06.27 13:53:52.533,1.24588,1.24598,1.24,3.75
2012.06.27 13:53:53.088,1.2459,1.24598,1.50,2.25
2012.06.27 13:53:53.718,1.2459,1.24599,1.50,4.20
2012.06.27 13:53:54.261,1.2459,1.24599,1.50,4.20
2012.06.27 13:53:54.818,1.2459,1.24599,1.50,4.95
2012.06.27 13:53:55.173,1.24586,1.24591,2.25,3.22
2012.06.27 13:53:55.708,1.2458,1.24589,6.20,1.50
2012.06.27 13:53:55.796,1.24583,1.24591,1.50,1.41
2012.06.27 13:53:56.949,1.24583,1.24591,1.50,2.16
2012.06.27 13:53:57.508,1.24583,1.24591,1.50,4.34
2012.06.27 13:53:58.061,1.24583,1.24591,1.50,4.26
2012.06.27 13:53:58.808,1.24583,1.2459,1.50,1.71
2012.06.27 13:53:58.948,1.24581,1.2459,1.99,3.21
2012.06.27 13:53:59.087,1.24581,1.2459,1.99,3.21
2012.06.27 13:53:59.617,1.24581,1.2459,2.25,3.96
2012.06.27 13:54:00.617,1.2458,1.2459,3.38,2.91
2012.06.27 13:54:01.023,1.2458,1.24588,2.25,2.76
2012.06.27 13:54:01.240,1.2458,1.24588,1.50,2.25
2012.06.27 13:54:01.800,1.24581,1.24589,1.50,1.05
2012.06.27 13:54:02.434,1.24581,1.24588,1.50,1.50
2012.06.27 13:54:02.793,1.24575,1.2458,1.05,2.10
2012.06.27 13:54:03.014,1.24572,1.24578,1.80,2.01
2012.06.27 13:54:03.684,1.24569,1.24576,1.50,1.20
2012.06.27 13:54:03.769,1.24569,1.24576,1.50,1.20
2012.06.27 13:54:03.913,1.24568,1.24576,1.50,1.20
2012.06.27 13:54:04.831,1.24567,1.24576,2.74,1.20
2012.06.27 13:54:05.335,1.24568,1.24576,1.50,1.95
2012.06.27 13:54:05.415,1.24566,1.24574,3.49,1.80
2012.06.27 13:54:05.980,1.24565,1.24572,1.50,1.05
2012.06.27 13:54:06.192,1.24564,1.24573,2.55,1.05
2012.06.27 13:54:06.272,1.24564,1.24571,1.80,1.20
2012.06.27 13:54:06.355,1.24564,1.24571,2.55,1.80
2012.06.27 13:54:06.990,1.24566,1.24574,2.25,1.50
2012.06.27 13:54:07.076,1.2457,1.24577,2.25,1.80
2012.06.27 13:54:07.645,1.2457,1.24579,4.24,2.10
2012.06.27 13:54:08.004,1.24577,1.24584,1.50,3.23
2012.06.27 13:54:08.292,1.24576,1.24581,1.50,1.50
2012.06.27 13:54:08.374,1.24577,1.24584,1.24,1.50
2012.06.27 13:54:08.454,1.24578,1.24586,2.25,1.95
2012.06.27 13:54:09.024,1.24578,1.24584,1.50,1.35
2012.06.27 13:54:09.171,1.24575,1.24583,1.58,2.55
2012.06.27 13:54:09.257,1.24574,1.24582,1.84,1.35
2012.06.27 13:54:10.149,1.24573,1.24581,3.75,1.20
2012.06.27 13:54:10.721,1.24575,1.24583,2.25,1.79
2012.06.27 13:54:12.191,1.24575,1.24582,2.25,3.08
2012.06.27 13:54:12.553,1.2457,1.24579,3.75,1.95
2012.06.27 13:54:12.910,1.2457,1.2458,2.25,3.29
2012.06.27 13:54:13.181,1.24569,1.24578,1.88,1.50
2012.06.27 13:54:13.542,1.24566,1.24572,4.24,1.50
2012.06.27 13:54:14.121,1.24563,1.24572,2.74,1.95
2012.06.27 13:54:14.262,1.24563,1.24572,2.74,1.95
2012.06.27 13:54:14.344,1.24565,1.24573,2.25,2.01
2012.06.27 13:54:14.910,1.24565,1.24573,2.25,2.01
2012.06.27 13:54:15.122,1.24568,1.24577,1.50,4.41
2012.06.27 13:54:15.271,1.24569,1.24577,3.75,1.71
2012.06.27 13:54:15.420,1.2457,1.24579,1.50,1.34
2012.06.27 13:54:15.991,1.24572,1.2458,2.25,2.16
2012.06.27 13:54:16.631,1.24572,1.2458,1.50,3.29
2012.06.27 13:54:16.841,1.24572,1.2458,1.50,3.29
2012.06.27 13:54:16.980,1.24569,1.2458,3.00,7.04
2012.06.27 13:54:18.042,1.24571,1.2458,2.25,2.84
2012.06.27 13:54:18.740,1.2457,1.24578,1.50,1.50
2012.06.27 13:54:19.228,1.2457,1.2458,1.50,3.21
2012.06.27 13:54:19.551,1.24573,1.2458,1.24,2.25
2012.06.27 13:54:19.707,1.24574,1.24582,1.24,2.70
2012.06.27 13:54:19.853,1.24576,1.24583,1.50,2.55
2012.06.27 13:54:20.073,1.24575,1.24583,1.50,2.25
2012.06.27 13:54:20.290,1.24574,1.24583,2.74,1.50
2012.06.27 13:54:20.430,1.24574,1.24583,2.25,4.53
2012.06.27 13:54:20.513,1.24573,1.24582,2.25,3.60
2012.06.27 13:54:21.040,1.24573,1.24582,2.25,3.60
2012.06.27 13:54:21.570,1.24573,1.24582,1.50,4.35
2012.06.27 13:54:22.284,1.24572,1.24582,2.25,4.35
2012.06.27 13:54:23.150,1.24573,1.24582,1.99,2.85
2012.06.27 13:54:23.708,1.24574,1.24583,1.50,1.80
2012.06.27 13:54:24.321,1.24576,1.24583,1.50,1.80
2012.06.27 13:54:24.907,1.24576,1.24584,2.25,2.01
2012.06.27 13:54:25.260,1.24578,1.24585,2.25,1.20
2012.06.27 13:54:25.613,1.24581,1.24587,1.50,2.40
2012.06.27 13:54:26.262,1.2458,1.24587,1.50,2.70
2012.06.27 13:54:26.701,1.24582,1.24588,1.50,1.71
2012.06.27 13:54:27.888,1.24581,1.24588,1.50,1.71
2012.06.27 13:54:29.079,1.24581,1.24589,1.50,4.41
2012.06.27 13:54:29.641,1.24581,1.24591,1.50,3.66
2012.06.27 13:54:30.345,1.2458,1.24591,1.13,5.91
2012.06.27 13:54:31.067,1.24579,1.24589,2.74,1.41
2012.06.27 13:54:31.630,1.24579,1.24589,3.00,1.79
2012.06.27 13:54:32.331,1.2458,1.24589,1.50,1.79
2012.06.27 13:54:32.760,1.2458,1.24589,2.25,7.04
2012.06.27 13:54:33.179,1.24579,1.24589,3.00,3.29
2012.06.27 13:54:33.731,1.2458,1.24589,1.50,2.84
2012.06.27 13:54:34.277,1.2458,1.24589,1.50,2.84
2012.06.27 13:54:34.828,1.2458,1.24589,2.25,2.84
2012.06.27 13:54:34.899,1.24579,1.24589,1.50,3.59
2012.06.27 13:54:35.111,1.24579,1.24589,2.25,4.34
2012.06.27 13:54:36.979,1.2458,1.24589,2.25,4.56
2012.06.27 13:54:37.320,1.24581,1.24589,3.00,1.34
2012.06.27 13:54:37.534,1.24583,1.24592,2.25,1.13
2012.06.27 13:54:37.682,1.24586,1.24593,1.50,2.31
2012.06.27 13:54:37.976,1.24586,1.24595,2.25,3.00
2012.06.27 13:54:38.261,1.24588,1.24595,1.50,2.25
2012.06.27 13:54:38.621,1.2459,1.24598,1.50,1.50
2012.06.27 13:54:38.904,1.24592,1.246,1.50,1.34
2012.06.27 13:54:39.190,1.24592,1.24601,1.99,4.71
2012.06.27 13:54:39.717,1.24592,1.24599,1.24,1.50
2012.06.27 13:54:43.120,1.2459,1.24599,1.99,3.75
2012.06.27 13:54:43.669,1.2459,1.24599,1.99,3.96
2012.06.27 13:54:43.883,1.2459,1.24599,1.99,4.19
2012.06.27 13:54:43.961,1.2459,1.24599,1.99,4.94
2012.06.27 13:54:45.044,1.24589,1.24598,1.99,2.76
2012.06.27 13:54:45.264,1.2459,1.246,2.74,3.21
2012.06.27 13:54:45.486,1.24591,1.246,3.08,1.50
2012.06.27 13:54:45.630,1.24593,1.24604,2.74,6.06
2012.06.27 13:54:45.840,1.24593,1.24603,2.74,2.68
2012.06.27 13:54:46.413,1.24594,1.24603,1.24,1.78
2012.06.27 13:54:46.772,1.24593,1.24601,1.24,2.25
2012.06.27 13:54:47.262,1.24592,1.24601,3.00,1.50
2012.06.27 13:54:47.333,1.24592,1.24599,1.50,1.50
2012.06.27 13:54:48.345,1.24592,1.24601,2.25,4.50
2012.06.27 13:54:48.492,1.24593,1.24601,1.99,1.50
2012.06.27 13:54:48.840,1.24593,1.24604,1.24,3.66
2012.06.27 13:54:48.983,1.24594,1.24603,1.50,1.41
2012.06.27 13:54:49.062,1.24593,1.24603,1.24,3.48
2012.06.27 13:54:49.829,1.24593,1.24601,1.24,2.25
2012.06.27 13:54:49.977,1.24593,1.24602,3.49,3.75
2012.06.27 13:54:50.390,1.24593,1.24602,2.74,2.46
2012.06.27 13:54:50.939,1.24592,1.24601,1.99,2.25
2012.06.27 13:54:51.291,1.24597,1.24605,1.24,4.15
2012.06.27 13:54:51.364,1.24597,1.24605,1.24,5.65
2012.06.27 13:54:52.852,1.24598,1.24605,1.24,4.24
2012.06.27 13:54:53.073,1.246,1.24608,2.74,3.21
2012.06.27 13:54:53.432,1.246,1.24609,2.74,3.66
2012.06.27 13:54:53.501,1.246,1.24609,2.74,3.66
2012.06.27 13:54:54.062,1.24602,1.24609,1.24,2.91
2012.06.27 13:54:54.907,1.24602,1.2461,1.24,3.66
2012.06.27 13:54:55.712,1.24603,1.24611,1.24,1.95
2012.06.27 13:54:56.203,1.246,1.24607,2.37,2.25
2012.06.27 13:54:56.711,1.24598,1.24607,4.24,1.50
2012.06.27 13:54:57.271,1.24598,1.24607,4.24,1.50
2012.06.27 13:54:58.431,1.24598,1.24607,4.24,1.50
2012.06.27 13:55:00.524,1.24597,1.24607,4.35,7.65
2012.06.27 13:55:00.884,1.24593,1.24602,1.99,2.69
2012.06.27 13:55:00.964,1.24596,1.24602,3.00,1.94
2012.06.27 13:55:01.115,1.24591,1.24603,1.24,7.18
2012.06.27 13:55:01.263,1.24591,1.24601,2.74,2.25
2012.06.27 13:55:01.341,1.24591,1.24602,4.24,3.21
2012.06.27 13:55:01.480,1.24591,1.24602,3.49,2.46
2012.06.27 13:55:01.669,1.24591,1.24601,1.99,3.00
2012.06.27 13:55:04.271,1.2459,1.24599,3.12,1.50
2012.06.27 13:55:05.221,1.2459,1.24599,3.87,2.25
2012.06.27 13:55:05.434,1.2459,1.24598,1.62,2.25
2012.06.27 13:55:05.790,1.24587,1.24595,4.17,1.50
2012.06.27 13:55:06.351,1.24588,1.24595,1.24,1.50
2012.06.27 13:55:06.983,1.2459,1.24598,1.50,2.55
2012.06.27 13:55:07.499,1.2459,1.24599,1.99,3.96
2012.06.27 13:55:08.345,1.24588,1.24595,1.50,2.31
2012.06.27 13:55:08.561,1.24585,1.24592,1.50,2.84
2012.06.27 13:55:08.771,1.24583,1.24591,2.25,3.81
2012.06.27 13:55:09.122,1.24582,1.24587,2.59,1.50
2012.06.27 13:55:09.622,1.24582,1.24587,1.50,2.25
2012.06.27 13:55:09.691,1.24578,1.24587,3.38,2.25
2012.06.27 13:55:10.912,1.24578,1.24587,1.88,3.00
2012.06.27 13:55:10.984,1.24578,1.24587,2.63,3.00
2012.06.27 13:55:11.552,1.2458,1.24587,1.24,1.50
2012.06.27 13:55:11.969,1.2458,1.2459,1.99,7.71
2012.06.27 13:55:12.289,1.24587,1.24595,1.99,7.52
2012.06.27 13:55:12.364,1.24588,1.24595,2.25,3.70
2012.06.27 13:55:12.726,1.24588,1.24598,3.00,2.46
2012.06.27 13:55:13.363,1.24589,1.24597,1.50,1.71
2012.06.27 13:55:14.061,1.24589,1.24597,1.50,1.71
2012.06.27 13:55:14.136,1.24587,1.24596,2.74,2.25
2012.06.27 13:55:14.700,1.24587,1.24595,2.74,1.13
2012.06.27 13:55:15.311,1.24587,1.24594,1.50,1.50
2012.06.27 13:55:15.873,1.24586,1.24594,1.99,3.00
2012.06.27 13:55:16.421,1.24586,1.24596,3.49,2.09
2012.06.27 13:55:16.913,1.24586,1.24597,5.74,3.96
2012.06.27 13:55:16.997,1.24589,1.24598,1.50,4.71
2012.06.27 13:55:17.560,1.2459,1.24598,1.50,2.46
2012.06.27 13:55:17.919,1.24588,1.24598,1.50,2.46
2012.06.27 13:55:18.271,1.24584,1.2459,3.75,3.59
2012.06.27 13:55:18.555,1.2458,1.24588,1.24,1.34
2012.06.27 13:55:19.246,1.2458,1.24588,1.24,1.71
2012.06.27 13:55:19.809,1.24581,1.24588,1.24,1.71
2012.06.27 13:55:20.369,1.2458,1.24588,1.24,1.71
2012.06.27 13:55:20.440,1.2458,1.24588,1.24,1.71
2012.06.27 13:55:20.514,1.24578,1.24587,2.33,1.50
2012.06.27 13:55:21.071,1.24579,1.24588,2.74,1.71
2012.06.27 13:55:21.421,1.24579,1.24588,3.49,1.71
2012.06.27 13:55:21.776,1.24586,1.24593,2.25,1.50
2012.06.27 13:55:22.332,1.24585,1.24595,3.00,1.34
2012.06.27 13:55:23.146,1.24586,1.24594,2.25,1.95
2012.06.27 13:55:23.225,1.24585,1.24593,1.50,2.25
2012.06.27 13:55:23.300,1.24584,1.24593,2.37,3.06
2012.06.27 13:55:23.580,1.24582,1.2459,3.08,2.25
2012.06.27 13:55:24.071,1.24582,1.24589,1.99,1.50
2012.06.27 13:55:24.572,1.24581,1.2459,2.29,1.20
2012.06.27 13:55:24.709,1.24582,1.2459,2.18,2.70
2012.06.27 13:55:24.781,1.24581,1.24589,1.62,1.50
2012.06.27 13:55:25.048,1.24582,1.24589,2.18,1.50
2012.06.27 13:55:25.195,1.2458,1.24586,1.99,1.50
2012.06.27 13:55:25.273,1.24581,1.24588,1.16,3.75
2012.06.27 13:55:25.351,1.24581,1.24588,1.16,3.00
2012.06.27 13:55:26.423,1.24581,1.2459,2.74,1.41
2012.06.27 13:55:26.984,1.2458,1.24589,2.74,3.66
2012.06.27 13:55:27.439,1.2458,1.24589,2.74,4.41
2012.06.27 13:55:27.998,1.24579,1.24586,1.88,2.25
2012.06.27 13:55:28.283,1.24579,1.24588,3.87,3.66
2012.06.27 13:55:28.822,1.24579,1.24587,3.87,1.50
2012.06.27 13:55:29.078,1.24579,1.24588,3.87,2.91
2012.06.27 13:55:29.781,1.24579,1.24587,1.62,3.96
2012.06.27 13:55:30.123,1.24577,1.24586,1.50,2.61
2012.06.27 13:55:30.416,1.24576,1.24583,2.25,2.54
2012.06.27 13:55:30.635,1.24572,1.24579,1.13,1.50
2012.06.27 13:55:31.202,1.24569,1.24578,2.25,1.50
2012.06.27 13:55:31.712,1.24568,1.24578,1.88,2.63
2012.06.27 13:55:32.712,1.2457,1.24578,1.50,1.50
2012.06.27 13:55:32.929,1.2457,1.2458,1.50,4.79
2012.06.27 13:55:33.424,1.24575,1.24582,1.50,2.46
2012.06.27 13:55:33.785,1.24575,1.24585,3.00,2.91
2012.06.27 13:55:34.351,1.24576,1.24584,1.50,1.20
2012.06.27 13:55:34.900,1.24575,1.24583,1.50,1.50
2012.06.27 13:55:36.039,1.24575,1.24583,1.50,1.50
2012.06.27 13:55:38.028,1.24575,1.24583,1.50,1.50
2012.06.27 13:55:38.570,1.24576,1.24582,1.80,1.50
2012.06.27 13:55:38.923,1.24573,1.24579,1.13,1.50
2012.06.27 13:55:39.281,1.2457,1.24579,2.25,1.50
2012.06.27 13:55:39.831,1.2457,1.24579,2.25,2.46
2012.06.27 13:55:41.092,1.24569,1.24579,1.50,3.59
2012.06.27 13:55:41.640,1.24568,1.24579,3.38,3.96
2012.06.27 13:55:41.850,1.24569,1.24579,2.25,3.59
2012.06.27 13:55:42.390,1.24569,1.24579,1.50,4.34
2012.06.27 13:55:42.908,1.24569,1.24579,1.50,4.34
2012.06.27 13:55:43.752,1.24574,1.24579,1.50,2.63
2012.06.27 13:55:43.973,1.24577,1.24585,1.50,2.40
2012.06.27 13:55:44.543,1.24577,1.24586,3.75,5.91
2012.06.27 13:55:45.110,1.24577,1.24584,1.50,2.25
2012.06.27 13:55:45.621,1.24575,1.24583,1.50,1.50
2012.06.27 13:55:46.111,1.24574,1.24583,1.62,2.25
2012.06.27 13:55:46.185,1.24574,1.24583,1.50,4.05
2012.06.27 13:55:46.541,1.24576,1.24583,1.50,3.81
2012.06.27 13:55:46.882,1.24578,1.24584,1.50,1.20
2012.06.27 13:55:47.511,1.24578,1.24585,1.50,2.91
2012.06.27 13:55:47.855,1.24578,1.24585,1.50,2.09
2012.06.27 13:55:48.353,1.24578,1.24585,1.50,3.66
2012.06.27 13:55:48.432,1.24576,1.24584,1.80,3.66
2012.06.27 13:55:48.583,1.24573,1.24584,4.05,3.66
2012.06.27 13:55:49.009,1.24573,1.24579,1.80,2.25
2012.06.27 13:55:49.163,1.2457,1.24579,2.25,2.70
2012.06.27 13:55:49.672,1.2457,1.24579,2.25,5.33
2012.06.27 13:55:50.219,1.2457,1.24579,3.00,3.45
2012.06.27 13:55:50.779,1.2457,1.24579,3.00,3.45
2012.06.27 13:55:51.337,1.2457,1.24579,3.00,3.66
2012.06.27 13:55:51.899,1.2457,1.24578,1.50,1.50
2012.06.27 13:55:52.533,1.24569,1.24576,2.25,1.50
2012.06.27 13:55:53.101,1.24568,1.24576,1.13,1.88
2012.06.27 13:55:53.661,1.24567,1.24576,2.55,2.16
2012.06.27 13:55:54.191,1.24567,1.24576,2.55,1.41
2012.06.27 13:55:54.531,1.24566,1.24576,2.74,4.41
2012.06.27 13:55:54.932,1.24565,1.24573,1.62,1.88
2012.06.27 13:55:55.283,1.24561,1.2457,1.99,2.16
2012.06.27 13:55:55.850,1.24561,1.2457,2.74,1.95
2012.06.27 13:55:56.411,1.24562,1.24572,3.00,1.41
2012.06.27 13:55:56.972,1.24561,1.2457,5.29,1.50
2012.06.27 13:55:57.951,1.24563,1.2457,2.74,1.50
2012.06.27 13:55:58.022,1.24565,1.24573,1.50,2.54
2012.06.27 13:55:58.383,1.24565,1.2457,1.50,1.50
2012.06.27 13:55:58.730,1.24562,1.2457,1.50,2.16
2012.06.27 13:55:58.804,1.2456,1.24568,2.37,1.50
2012.06.27 13:55:59.433,1.24559,1.24568,1.13,2.25
2012.06.27 13:55:59.512,1.24558,1.24567,3.38,1.50
2012.06.27 13:56:00.069,1.24559,1.24568,1.50,3.00
2012.06.27 13:56:00.712,1.24559,1.24568,2.25,3.00
2012.06.27 13:56:00.799,1.24558,1.24567,1.88,2.25
2012.06.27 13:56:01.011,1.24558,1.24568,4.13,1.50
2012.06.27 13:56:01.349,1.24558,1.24568,4.13,1.50
2012.06.27 13:56:02.014,1.24558,1.24568,4.13,1.50
2012.06.27 13:56:02.571,1.2456,1.24569,2.74,2.10
2012.06.27 13:56:03.322,1.24563,1.24569,2.29,2.25
2012.06.27 13:56:03.684,1.24565,1.24573,2.25,1.50
2012.06.27 13:56:04.142,1.2457,1.24576,1.50,6.43
2012.06.27 13:56:04.237,1.24568,1.24577,1.50,2.40
2012.06.27 13:56:04.315,1.2457,1.24578,1.50,2.18
2012.06.27 13:56:04.883,1.2457,1.24578,1.50,1.13
2012.06.27 13:56:05.392,1.2457,1.24579,1.50,3.38
2012.06.27 13:56:05.742,1.24574,1.24581,1.50,1.50
2012.06.27 13:56:06.104,1.24574,1.24583,2.25,4.26
2012.06.27 13:56:06.320,1.24573,1.24583,3.75,2.76
2012.06.27 13:56:06.592,1.24574,1.24583,3.04,1.80
2012.06.27 13:56:06.942,1.24578,1.24586,4.50,1.95
2012.06.27 13:56:07.457,1.24578,1.24587,3.00,1.56
2012.06.27 13:56:08.302,1.2458,1.24589,1.50,1.04
2012.06.27 13:56:08.651,1.24584,1.24591,1.24,3.08
2012.06.27 13:56:08.736,1.24585,1.24591,1.99,1.88
2012.06.27 13:56:09.023,1.24585,1.24594,2.74,4.04
2012.06.27 13:56:09.824,1.24584,1.24592,4.50,1.50
2012.06.27 13:56:10.255,1.24584,1.24594,3.49,2.84
2012.06.27 13:56:10.827,1.24586,1.24594,2.25,1.20
2012.06.27 13:56:11.196,1.24591,1.246,3.38,3.66
2012.06.27 13:56:11.414,1.24591,1.246,2.63,1.50
2012.06.27 13:56:11.981,1.24593,1.24601,1.50,2.16
2012.06.27 13:56:12.510,1.24591,1.24601,3.87,2.16
2012.06.27 13:56:13.050,1.24591,1.24601,2.25,4.64
2012.06.27 13:56:13.545,1.24589,1.24597,2.63,1.50
2012.06.27 13:56:13.623,1.24589,1.24597,1.13,2.25
2012.06.27 13:56:14.363,1.24588,1.24596,1.80,2.25
2012.06.27 13:56:14.919,1.24588,1.24597,3.30,1.95
2012.06.27 13:56:15.814,1.24588,1.24597,4.80,1.50
2012.06.27 13:56:16.102,1.2459,1.24597,1.80,1.50
2012.06.27 13:56:16.300,1.24591,1.246,2.25,3.29
2012.06.27 13:56:17.071,1.24591,1.24599,1.50,1.71
2012.06.27 13:56:17.599,1.2459,1.24599,4.80,1.71
2012.06.27 13:56:19.472,1.24591,1.24599,1.99,2.91
2012.06.27 13:56:19.559,1.24593,1.24602,2.55,2.84
2012.06.27 13:56:20.091,1.24593,1.24602,2.55,3.29
2012.06.27 13:56:20.619,1.24593,1.24601,1.80,1.50
2012.06.27 13:56:21.335,1.24591,1.24601,1.50,5.25
2012.06.27 13:56:21.413,1.2459,1.24598,1.50,1.50
2012.06.27 13:56:21.629,1.24589,1.24598,5.97,1.50
2012.06.27 13:56:21.982,1.24589,1.24598,7.43,1.50
2012.06.27 13:56:22.111,1.24591,1.24601,1.50,5.54
2012.06.27 13:56:23.700,1.2459,1.24601,1.50,5.70
2012.06.27 13:56:24.449,1.24591,1.24601,3.00,3.38
2012.06.27 13:56:25.282,1.24591,1.24602,4.96,3.81
2012.06.27 13:56:25.499,1.24593,1.24602,1.24,1.04
2012.06.27 13:56:25.713,1.24594,1.24603,3.30,4.26
2012.06.27 13:56:26.272,1.24595,1.24603,2.25,1.26
2012.06.27 13:56:26.832,1.24595,1.24603,1.50,1.71
2012.06.27 13:56:26.982,1.24594,1.24605,5.55,2.25
2012.06.27 13:56:27.115,1.24594,1.24605,6.30,4.13
2012.06.27 13:56:27.680,1.24596,1.24604,2.55,1.50
2012.06.27 13:56:27.825,1.24597,1.24607,1.50,4.34
2012.06.27 13:56:28.349,1.24598,1.24608,1.50,1.56
2012.06.27 13:56:28.701,1.24599,1.24609,1.50,3.59
2012.06.27 13:56:29.262,1.24598,1.24609,5.25,4.13
2012.06.27 13:56:29.926,1.24598,1.24609,5.25,4.13
2012.06.27 13:56:30.221,1.24598,1.24609,5.25,4.13
2012.06.27 13:56:30.585,1.24597,1.24602,2.25,1.41
2012.06.27 13:56:30.799,1.24591,1.246,4.80,1.50
2012.06.27 13:56:31.350,1.24591,1.24601,3.30,3.45
2012.06.27 13:56:31.492,1.24591,1.24599,3.30,1.50
2012.06.27 13:56:32.550,1.24591,1.246,3.30,1.50
2012.06.27 13:56:33.312,1.24592,1.24601,1.50,2.63
2012.06.27 13:56:33.673,1.24595,1.24605,1.50,3.75
2012.06.27 13:56:34.220,1.24596,1.24602,2.55,1.50
2012.06.27 13:56:34.431,1.24596,1.24604,2.55,3.45
2012.06.27 13:56:34.503,1.24595,1.24604,3.00,4.05
2012.06.27 13:56:34.989,1.24594,1.24602,3.79,1.50
2012.06.27 13:56:35.412,1.24593,1.246,1.50,1.50
2012.06.27 13:56:35.761,1.24591,1.24598,2.55,1.50
2012.06.27 13:56:36.184,1.2459,1.24598,1.50,2.25
2012.06.27 13:56:36.952,1.2459,1.24598,2.25,3.45
2012.06.27 13:56:37.520,1.2459,1.24598,1.50,3.45
2012.06.27 13:56:38.419,1.2459,1.24598,1.50,2.25
2012.06.27 13:56:39.280,1.2459,1.24598,1.50,2.25
2012.06.27 13:56:39.808,1.2459,1.24598,1.50,2.25
2012.06.27 13:56:41.024,1.24589,1.24598,3.00,3.45
2012.06.27 13:56:41.102,1.24589,1.24596,1.50,2.25
2012.06.27 13:56:41.637,1.24585,1.24593,2.63,1.50
2012.06.27 13:56:42.199,1.24585,1.24593,1.50,1.50
2012.06.27 13:56:42.739,1.24586,1.24594,1.13,1.50
2012.06.27 13:56:42.881,1.24586,1.24596,3.38,2.63
2012.06.27 13:56:43.569,1.24587,1.24594,1.50,1.50
2012.06.27 13:56:44.254,1.24587,1.24594,1.50,1.50
2012.06.27 13:56:45.578,1.24586,1.24594,1.50,1.50
2012.06.27 13:56:46.824,1.24585,1.24594,3.00,1.50
2012.06.27 13:56:47.253,1.24584,1.24593,1.80,4.13
2012.06.27 13:56:47.821,1.24583,1.2459,2.25,1.50
2012.06.27 13:56:48.172,1.24585,1.24594,4.24,2.63
2012.06.27 13:56:48.454,1.24589,1.24597,2.25,4.56
2012.06.27 13:56:48.740,1.24589,1.24598,3.00,2.63
2012.06.27 13:56:49.090,1.24592,1.24598,1.50,1.50
2012.06.27 13:56:49.441,1.2459,1.24598,4.39,2.25
2012.06.27 13:56:49.720,1.2459,1.24598,5.55,1.88
2012.06.27 13:56:49.790,1.2459,1.24598,4.80,2.63
2012.06.27 13:56:50.320,1.2459,1.24598,3.30,1.88
2012.06.27 13:56:50.400,1.24591,1.24599,2.25,1.13
2012.06.27 13:56:51.171,1.2459,1.24599,2.25,1.88
2012.06.27 13:56:52.271,1.2459,1.246,1.50,4.71
2012.06.27 13:56:53.081,1.2459,1.246,6.00,5.46
2012.06.27 13:56:53.297,1.24596,1.24603,1.99,1.50
2012.06.27 13:56:53.375,1.24596,1.24605,1.24,1.71
2012.06.27 13:56:53.452,1.24596,1.24605,1.99,1.71
2012.06.27 13:56:53.604,1.24597,1.24607,1.50,3.08
2012.06.27 13:56:53.893,1.24602,1.2461,2.25,3.00
2012.06.27 13:56:54.575,1.24601,1.2461,2.63,1.50
2012.06.27 13:56:55.081,1.24599,1.24607,1.50,2.25
2012.06.27 13:56:55.224,1.24598,1.24607,1.88,3.38
2012.06.27 13:56:55.790,1.24599,1.24607,1.50,1.35
2012.06.27 13:56:56.328,1.24599,1.24608,1.50,3.00
2012.06.27 13:56:56.868,1.24599,1.24608,1.50,3.00
2012.06.27 13:56:57.433,1.246,1.24609,3.00,1.88
2012.06.27 13:56:57.654,1.246,1.24609,3.00,3.38
2012.06.27 13:56:58.644,1.246,1.24606,1.50,1.71
2012.06.27 13:56:58.935,1.24597,1.24606,4.05,3.21
2012.06.27 13:56:59.501,1.24597,1.24607,3.30,4.04
2012.06.27 13:56:59.573,1.24599,1.24606,1.50,1.50
2012.06.27 13:57:00.000,1.24601,1.24607,1.50,1.13
2012.06.27 13:57:00.512,1.24599,1.24608,2.25,2.63
2012.06.27 13:57:01.073,1.24601,1.24608,1.50,1.50
2012.06.27 13:57:01.433,1.24603,1.2461,1.50,1.95
2012.06.27 13:57:02.030,1.24603,1.2461,2.59,1.50
2012.06.27 13:57:02.110,1.24604,1.24612,1.50,1.95
2012.06.27 13:57:02.604,1.24606,1.24612,1.24,1.20
2012.06.27 13:57:03.023,1.24609,1.24615,1.80,1.50
2012.06.27 13:57:03.313,1.24609,1.24616,1.80,3.75
2012.06.27 13:57:03.395,1.24607,1.24615,2.59,1.50
2012.06.27 13:57:03.615,1.24605,1.24611,8.25,1.88
2012.06.27 13:57:03.697,1.24602,1.24608,1.50,1.95
2012.06.27 13:57:04.057,1.24599,1.24607,3.00,2.55
2012.06.27 13:57:04.624,1.24599,1.24608,3.75,2.93
2012.06.27 13:57:05.303,1.24601,1.24609,3.30,1.95
2012.06.27 13:57:05.590,1.24601,1.2461,4.05,3.66
2012.06.27 13:57:06.151,1.24601,1.24609,4.05,1.50
2012.06.27 13:57:07.542,1.24601,1.24609,4.05,2.25
2012.06.27 13:57:08.104,1.24599,1.24606,2.25,1.50
2012.06.27 13:57:08.818,1.24599,1.24609,3.00,3.83
2012.06.27 13:57:09.591,1.246,1.24609,1.50,3.83
2012.06.27 13:57:10.149,1.24599,1.24609,3.00,2.70
2012.06.27 13:57:11.535,1.246,1.24606,1.50,1.50
2012.06.27 13:57:11.751,1.246,1.2461,2.25,3.62
2012.06.27 13:57:12.511,1.24601,1.2461,3.49,1.16
2012.06.27 13:57:13.033,1.24601,1.2461,3.75,1.91
2012.06.27 13:57:13.545,1.24601,1.24609,1.50,1.50
2012.06.27 13:57:14.110,1.24601,1.24609,1.50,2.25
2012.06.27 13:57:14.802,1.246,1.24608,1.50,2.25
2012.06.27 13:57:15.855,1.24598,1.24607,2.63,1.50
2012.06.27 13:57:16.964,1.24598,1.24608,1.50,3.75
2012.06.27 13:57:17.043,1.246,1.24608,1.24,3.75
2012.06.27 13:57:17.402,1.24603,1.24608,1.24,1.50
2012.06.27 13:57:17.615,1.24603,1.24612,2.74,1.16
2012.06.27 13:57:18.181,1.24604,1.24611,1.50,1.91
2012.06.27 13:57:18.729,1.24601,1.2461,3.38,2.25
2012.06.27 13:57:19.291,1.24601,1.24609,1.88,2.25
2012.06.27 13:57:20.158,1.24601,1.2461,1.88,1.50
2012.06.27 13:57:21.400,1.24602,1.2461,1.99,1.16
2012.06.27 13:57:21.544,1.24603,1.24611,1.50,6.75
2012.06.27 13:57:22.110,1.24602,1.2461,2.25,1.50
2012.06.27 13:57:22.660,1.24603,1.24612,1.50,3.41
2012.06.27 13:57:23.425,1.24601,1.24608,2.25,1.50
2012.06.27 13:57:23.852,1.246,1.24608,1.13,1.50
2012.06.27 13:57:24.319,1.246,1.24608,1.88,1.50
2012.06.27 13:57:24.401,1.24603,1.24611,2.74,1.91
2012.06.27 13:57:24.825,1.24603,1.24612,3.75,2.25
2012.06.27 13:57:24.973,1.24602,1.24611,2.97,3.00
2012.06.27 13:57:25.332,1.24602,1.24611,2.25,1.71
2012.06.27 13:57:26.031,1.24604,1.24613,2.25,3.99
2012.06.27 13:57:26.902,1.24604,1.24613,2.25,3.99
2012.06.27 13:57:27.543,1.24605,1.24613,1.50,7.74
2012.06.27 13:57:27.896,1.24608,1.24615,1.24,2.07
2012.06.27 13:57:28.267,1.24608,1.24616,1.24,1.50
2012.06.27 13:57:28.929,1.24608,1.24617,3.00,1.50
2012.06.27 13:57:29.211,1.24608,1.24613,1.50,1.34
2012.06.27 13:57:29.564,1.24603,1.2461,3.45,2.21
2012.06.27 13:57:29.853,1.24601,1.2461,2.25,3.03
2012.06.27 13:57:30.482,1.24602,1.2461,1.50,1.16
2012.06.27 13:57:31.002,1.24602,1.2461,1.50,1.16
2012.06.27 13:57:31.560,1.24602,1.2461,2.25,1.16
2012.06.27 13:57:32.453,1.24607,1.24613,1.50,2.25
2012.06.27 13:57:32.534,1.24607,1.24613,1.50,1.50
2012.06.27 13:57:32.615,1.24609,1.24614,1.50,2.25
2012.06.27 13:57:32.695,1.24607,1.24615,3.00,3.00
2012.06.27 13:57:32.985,1.24606,1.24612,1.50,1.50
2012.06.27 13:57:33.132,1.24604,1.24612,2.25,3.00
2012.06.27 13:57:33.352,1.24603,1.2461,1.50,1.16
2012.06.27 13:57:33.575,1.24601,1.2461,2.25,3.41
2012.06.27 13:57:34.350,1.24601,1.2461,3.00,2.25
2012.06.27 13:57:34.971,1.24602,1.24611,1.50,3.03
2012.06.27 13:57:35.392,1.24602,1.2461,1.50,1.50
2012.06.27 13:57:35.652,1.24602,1.24611,1.50,4.91
2012.06.27 13:57:36.449,1.24602,1.24611,1.99,1.91
2012.06.27 13:57:36.523,1.24603,1.24611,7.09,1.16
2012.06.27 13:57:36.887,1.24604,1.24611,1.50,1.37
2012.06.27 13:57:37.105,1.24609,1.24618,3.00,2.25
2012.06.27 13:57:37.660,1.24609,1.24619,1.50,6.92
2012.06.27 13:57:38.221,1.24608,1.24618,2.63,3.83
2012.06.27 13:57:38.740,1.24608,1.24618,3.38,3.83
2012.06.27 13:57:39.232,1.24608,1.24613,3.38,1.13
2012.06.27 13:57:39.596,1.24602,1.24608,1.13,1.50
2012.06.27 13:57:39.883,1.24599,1.24608,5.33,1.91
2012.06.27 13:57:40.430,1.24601,1.24606,1.84,1.50
2012.06.27 13:57:40.725,1.24603,1.24612,1.24,1.74
2012.06.27 13:57:41.362,1.24603,1.24612,2.74,2.79
2012.06.27 13:57:41.775,1.24603,1.24612,2.25,4.29
2012.06.27 13:57:42.272,1.24602,1.24611,2.25,5.42
2012.06.27 13:57:42.692,1.246,1.24608,3.34,1.20
2012.06.27 13:57:42.902,1.246,1.24608,2.25,1.20
2012.06.27 13:57:43.778,1.246,1.24609,3.00,1.50
2012.06.27 13:57:44.281,1.24601,1.2461,1.50,2.25
2012.06.27 13:57:44.910,1.24601,1.2461,1.50,1.50
2012.06.27 13:57:45.474,1.24601,1.24611,3.00,1.71
2012.06.27 13:57:45.553,1.24604,1.24611,1.50,1.71
2012.06.27 13:57:45.842,1.24604,1.24612,1.50,4.46
2012.06.27 13:57:46.402,1.24603,1.24613,2.25,4.19
2012.06.27 13:57:46.962,1.24604,1.24614,1.24,8.12
2012.06.27 13:57:47.106,1.24606,1.24614,1.50,1.53
2012.06.27 13:57:47.652,1.24606,1.24615,3.00,2.25
2012.06.27 13:57:48.222,1.24606,1.24614,1.50,1.16
2012.06.27 13:57:48.703,1.24606,1.24612,1.50,1.50
2012.06.27 13:57:48.995,1.24601,1.24611,5.63,1.50
2012.06.27 13:57:49.421,1.24604,1.24614,2.25,6.01
2012.06.27 13:57:49.993,1.24606,1.24614,1.50,3.01
2012.06.27 13:57:51.064,1.24606,1.24613,1.50,2.63
2012.06.27 13:57:51.213,1.24604,1.24612,2.25,1.50
2012.06.27 13:57:51.575,1.24603,1.24612,2.25,2.46
2012.06.27 13:57:52.131,1.24602,1.24611,1.50,2.25
2012.06.27 13:57:52.691,1.24601,1.2461,4.13,1.50
2012.06.27 13:57:53.241,1.24601,1.2461,4.13,2.25
2012.06.27 13:57:53.793,1.24601,1.2461,4.13,1.50
2012.06.27 13:57:54.300,1.24603,1.24611,2.25,1.50
2012.06.27 13:57:54.847,1.24602,1.24612,1.50,3.99
2012.06.27 13:57:55.619,1.24601,1.24612,5.93,4.37
2012.06.27 13:57:56.129,1.24601,1.24611,5.18,1.50
2012.06.27 13:57:57.032,1.24601,1.24612,7.77,2.12
2012.06.27 13:57:57.114,1.24605,1.24613,1.50,7.40
2012.06.27 13:57:57.259,1.24603,1.24612,1.50,2.87
2012.06.27 13:57:57.400,1.24605,1.24612,1.50,1.37
2012.06.27 13:57:57.472,1.24603,1.24612,1.50,2.87
2012.06.27 13:57:57.676,1.24601,1.24606,4.02,1.50
2012.06.27 13:57:57.824,1.24601,1.24609,4.05,2.71
2012.06.27 13:57:57.907,1.24606,1.24612,1.50,1.13
2012.06.27 13:57:57.987,1.24606,1.24613,1.50,1.13
2012.06.27 13:57:58.139,1.24606,1.24615,3.00,2.25
2012.06.27 13:57:58.425,1.24608,1.24617,1.50,3.00
2012.06.27 13:57:58.979,1.24608,1.24618,1.50,2.31
2012.06.27 13:57:59.221,1.24607,1.24617,2.94,2.46
2012.06.27 13:57:59.572,1.2461,1.24616,1.80,1.50
2012.06.27 13:57:59.652,1.24611,1.24616,2.55,1.50
2012.06.27 13:57:59.735,1.24611,1.24618,1.24,2.10
2012.06.27 13:58:00.023,1.24611,1.2462,1.99,6.70
2012.06.27 13:58:00.176,1.24612,1.2462,2.37,1.62
2012.06.27 13:58:00.256,1.24614,1.2462,1.62,1.62
2012.06.27 13:58:00.478,1.24613,1.24622,1.50,7.14
2012.06.27 13:58:00.789,1.24612,1.24624,1.88,2.87
2012.06.27 13:58:01.005,1.24615,1.24623,1.99,2.25
2012.06.27 13:58:01.084,1.24617,1.24623,2.18,2.25
2012.06.27 13:58:01.303,1.24618,1.24624,4.05,1.16
2012.06.27 13:58:01.453,1.24618,1.24626,5.29,2.25
2012.06.27 13:58:02.033,1.24619,1.24627,4.54,1.50
2012.06.27 13:58:02.541,1.24619,1.24628,4.66,1.50
2012.06.27 13:58:02.608,1.2462,1.24629,3.91,1.50
2012.06.27 13:58:04.211,1.24621,1.2463,1.50,1.50
2012.06.27 13:58:04.629,1.24621,1.24631,4.80,1.13
2012.06.27 13:58:05.182,1.24622,1.24632,3.75,1.13
2012.06.27 13:58:05.639,1.24623,1.24633,4.50,2.25
2012.06.27 13:58:06.087,1.24625,1.24632,3.00,4.13
2012.06.27 13:58:06.513,1.24625,1.24633,1.50,2.46
2012.06.27 13:58:06.593,1.24625,1.24635,1.88,1.71
2012.06.27 13:58:06.674,1.24626,1.24636,1.13,3.21
2012.06.27 13:58:07.668,1.24627,1.24636,1.50,4.21
2012.06.27 13:58:08.033,1.24633,1.2464,2.25,1.16
2012.06.27 13:58:08.394,1.24632,1.24642,2.25,2.72
2012.06.27 13:58:09.058,1.24633,1.24643,1.24,3.41
2012.06.27 13:58:10.790,1.24632,1.24643,3.83,4.53
2012.06.27 13:58:10.919,1.24632,1.24643,3.49,3.41
2012.06.27 13:58:10.992,1.24632,1.24643,3.00,6.62
2012.06.27 13:58:11.062,1.24632,1.24642,3.00,1.50
2012.06.27 13:58:11.600,1.24632,1.24641,2.25,2.25
2012.06.27 13:58:11.740,1.24632,1.24641,2.25,2.25
2012.06.27 13:58:12.161,1.24632,1.24642,3.00,2.12
2012.06.27 13:58:12.778,1.24632,1.24642,4.24,1.37
2012.06.27 13:58:14.134,1.24632,1.24641,2.74,1.50
2012.06.27 13:58:14.438,1.24629,1.24636,3.00,1.88
2012.06.27 13:58:14.587,1.24629,1.24636,2.25,5.25
2012.06.27 13:58:15.292,1.24629,1.24638,4.24,1.50
2012.06.27 13:58:15.370,1.2463,1.24638,1.50,1.88
2012.06.27 13:58:15.723,1.24625,1.2463,2.25,1.50
2012.06.27 13:58:16.082,1.24628,1.24634,1.88,2.25
2012.06.27 13:58:16.225,1.24629,1.24634,2.25,1.50
2012.06.27 13:58:16.598,1.24629,1.24636,1.50,1.50
2012.06.27 13:58:17.991,1.24629,1.24639,2.37,1.91
2012.06.27 13:58:18.342,1.24636,1.24644,3.30,1.13
2012.06.27 13:58:18.481,1.24638,1.24646,1.99,1.13
2012.06.27 13:58:18.761,1.24639,1.24647,1.99,1.88
2012.06.27 13:58:18.832,1.24639,1.24647,1.99,1.50
2012.06.27 13:58:19.394,1.24639,1.24645,1.24,3.75
2012.06.27 13:58:19.965,1.24631,1.24639,3.34,1.50
2012.06.27 13:58:20.048,1.24631,1.24639,1.50,1.50
2012.06.27 13:58:20.335,1.24632,1.2464,1.50,1.71
2012.06.27 13:58:21.040,1.24633,1.24642,1.99,4.13
2012.06.27 13:58:21.594,1.24631,1.2464,3.00,1.50
2012.06.27 13:58:21.673,1.24631,1.2464,1.50,2.25
2012.06.27 13:58:21.745,1.2463,1.24638,1.99,1.50
2012.06.27 13:58:22.312,1.24629,1.24638,3.49,2.25
2012.06.27 13:58:22.615,1.2463,1.2464,3.75,1.50
2012.06.27 13:58:22.762,1.24633,1.24641,1.24,2.61
2012.06.27 13:58:22.974,1.24635,1.24644,2.25,4.64
2012.06.27 13:58:23.194,1.24637,1.24646,1.50,1.24
2012.06.27 13:58:23.741,1.24638,1.24647,2.25,1.83
2012.06.27 13:58:23.941,1.24638,1.24647,2.25,1.71
2012.06.27 13:58:24.602,1.24639,1.24647,1.50,1.50
2012.06.27 13:58:25.103,1.24639,1.24647,2.25,1.50
2012.06.27 13:58:25.650,1.24639,1.24648,3.75,3.38
2012.06.27 13:58:25.840,1.24639,1.24648,3.00,3.38
2012.06.27 13:58:25.980,1.24639,1.24648,3.00,3.38
2012.06.27 13:58:28.118,1.2464,1.24648,2.55,1.50
2012.06.27 13:58:29.021,1.24639,1.24648,3.75,1.50
2012.06.27 13:58:29.175,1.24638,1.24646,2.25,1.50
2012.06.27 13:58:29.742,1.24637,1.24646,3.00,2.25
2012.06.27 13:58:29.883,1.24637,1.24645,2.25,1.32
2012.06.27 13:58:30.105,1.24635,1.24645,3.49,4.88
2012.06.27 13:58:30.673,1.24635,1.24644,2.25,1.50
2012.06.27 13:58:30.962,1.24637,1.24646,2.25,1.91
2012.06.27 13:58:31.478,1.24637,1.24646,2.74,1.50
2012.06.27 13:58:31.762,1.24637,1.24644,1.24,1.50
2012.06.27 13:58:32.031,1.24636,1.24644,1.24,1.50
2012.06.27 13:58:32.730,1.24633,1.24642,1.99,1.50
2012.06.27 13:58:33.079,1.24632,1.24642,3.49,2.46
2012.06.27 13:58:34.071,1.24632,1.24642,3.00,3.21
2012.06.27 13:58:34.211,1.2463,1.24639,4.62,1.43
2012.06.27 13:58:34.560,1.24633,1.24641,1.24,1.88
2012.06.27 13:58:35.120,1.24634,1.24642,1.50,1.16
2012.06.27 13:58:35.741,1.24633,1.24642,1.24,2.66
2012.06.27 13:58:36.269,1.24633,1.24642,1.24,2.66
2012.06.27 13:58:36.625,1.24635,1.24644,1.50,2.25
2012.06.27 13:58:36.702,1.24635,1.24644,1.50,2.93
2012.06.27 13:58:37.239,1.24636,1.24644,2.25,1.43
2012.06.27 13:58:38.455,1.24634,1.24643,4.13,1.50
2012.06.27 13:58:39.010,1.24636,1.24645,1.50,2.84
2012.06.27 13:58:39.839,1.24636,1.24645,1.99,2.46
2012.06.27 13:58:40.382,1.24638,1.24645,1.50,1.50
2012.06.27 13:58:40.661,1.24639,1.24649,2.25,2.96
2012.06.27 13:58:40.732,1.24639,1.24649,2.25,3.63
2012.06.27 13:58:41.270,1.24638,1.24647,4.13,2.18
2012.06.27 13:58:42.182,1.24638,1.24647,3.38,2.18
2012.06.27 13:58:42.768,1.24638,1.24645,1.88,1.80
2012.06.27 13:58:43.266,1.24636,1.24642,1.50,3.46
2012.06.27 13:58:43.345,1.24633,1.24642,3.75,2.71
2012.06.27 13:58:43.703,1.24633,1.24639,1.50,1.05
2012.06.27 13:58:43.856,1.2463,1.24638,1.88,1.50
2012.06.27 13:58:44.422,1.2463,1.24638,1.50,1.50
2012.06.27 13:58:44.961,1.2463,1.24638,1.50,2.85
2012.06.27 13:58:46.000,1.2463,1.24638,1.50,2.85
2012.06.27 13:58:46.519,1.2463,1.24638,1.50,1.50
2012.06.27 13:58:47.234,1.2463,1.24639,3.00,1.50
2012.06.27 13:58:47.379,1.24631,1.24639,1.50,1.50
2012.06.27 13:58:47.909,1.24631,1.24639,1.50,1.50
2012.06.27 13:58:48.511,1.24631,1.24639,1.50,1.50
2012.06.27 13:58:48.848,1.24631,1.24639,1.50,1.50
2012.06.27 13:58:50.569,1.24631,1.24639,1.50,1.50
2012.06.27 13:58:51.344,1.24631,1.24639,1.13,2.31
2012.06.27 13:58:51.861,1.24628,1.24638,1.13,3.99
2012.06.27 13:58:52.082,1.24628,1.24636,1.13,1.50
2012.06.27 13:58:52.800,1.24625,1.24635,3.00,2.66
2012.06.27 13:58:53.302,1.24624,1.24634,1.88,2.18
2012.06.27 13:58:54.084,1.24624,1.24634,1.88,1.50
2012.06.27 13:58:54.649,1.24624,1.24634,1.50,3.68
2012.06.27 13:58:55.189,1.24624,1.24634,1.50,3.00
2012.06.27 13:58:55.471,1.24624,1.24634,1.13,3.21
2012.06.27 13:58:55.540,1.24624,1.24634,1.50,3.21
2012.06.27 13:58:55.891,1.24623,1.24631,1.50,1.50
2012.06.27 13:58:56.440,1.24623,1.24631,1.50,1.50
2012.06.27 13:58:57.190,1.24623,1.24634,3.49,8.31
2012.06.27 13:58:57.465,1.24623,1.24634,3.12,9.06
2012.06.27 13:58:57.940,1.24623,1.24634,3.12,8.31
2012.06.27 13:58:58.219,1.24624,1.24634,1.13,3.89
2012.06.27 13:58:58.501,1.24625,1.24634,1.13,3.21
2012.06.27 13:58:58.715,1.24627,1.24634,1.88,1.50
2012.06.27 13:58:58.929,1.24626,1.24635,1.50,1.80
2012.06.27 13:58:59.141,1.24626,1.24635,1.13,1.80
2012.06.27 13:58:59.211,1.24626,1.24635,1.13,1.80
2012.06.27 13:58:59.349,1.24626,1.24636,1.13,3.38
2012.06.27 13:58:59.702,1.24626,1.24634,1.13,1.24
2012.06.27 13:59:00.269,1.24626,1.24634,1.13,2.25
2012.06.27 13:59:00.623,1.24623,1.24632,1.95,1.50
2012.06.27 13:59:01.359,1.24623,1.24632,1.20,1.64
2012.06.27 13:59:01.781,1.24621,1.24631,1.20,2.93
2012.06.27 13:59:02.070,1.24621,1.2463,1.20,1.43
2012.06.27 13:59:02.210,1.24621,1.24631,1.20,6.23
2012.06.27 13:59:02.491,1.24621,1.24631,1.20,2.25
2012.06.27 13:59:03.031,1.24621,1.24632,1.65,4.64
2012.06.27 13:59:03.248,1.24623,1.24633,2.25,2.68
2012.06.27 13:59:03.326,1.24625,1.24633,1.24,1.34
2012.06.27 13:59:03.474,1.24625,1.24634,2.14,3.96
2012.06.27 13:59:03.830,1.24628,1.24636,1.20,2.63
2012.06.27 13:59:04.380,1.24627,1.24636,1.65,1.50
2012.06.27 13:59:05.046,1.24628,1.24637,1.20,2.66
2012.06.27 13:59:05.541,1.24627,1.24636,1.95,1.50
2012.06.27 13:59:06.100,1.24625,1.24635,1.39,1.91
2012.06.27 13:59:07.251,1.24625,1.24635,2.14,1.91
2012.06.27 13:59:07.396,1.24625,1.24634,2.14,1.75
2012.06.27 13:59:07.613,1.24623,1.24633,1.50,1.83
2012.06.27 13:59:07.893,1.24622,1.24629,2.63,1.50
2012.06.27 13:59:08.172,1.24623,1.24632,1.20,2.12
2012.06.27 13:59:08.743,1.24625,1.24633,1.69,2.12
2012.06.27 13:59:09.425,1.24625,1.24633,1.39,1.50
2012.06.27 13:59:09.784,1.24624,1.24633,3.19,1.50
2012.06.27 13:59:10.352,1.24624,1.24633,1.50,4.34
2012.06.27 13:59:10.713,1.24621,1.24628,1.35,1.50
2012.06.27 13:59:11.000,1.2462,1.24628,2.40,1.50
2012.06.27 13:59:11.410,1.2462,1.2463,3.68,2.25
2012.06.27 13:59:11.971,1.2462,1.2463,3.68,1.50
2012.06.27 13:59:13.694,1.24621,1.24632,2.55,7.21
2012.06.27 13:59:14.250,1.24621,1.24632,4.54,3.46
2012.06.27 13:59:16.273,1.24621,1.24632,3.27,5.26
2012.06.27 13:59:16.420,1.24621,1.2463,3.30,1.80
2012.06.27 13:59:16.493,1.24621,1.24629,1.50,2.25
2012.06.27 13:59:17.641,1.2462,1.24629,2.40,2.46
2012.06.27 13:59:19.460,1.24621,1.24631,3.30,1.71
2012.06.27 13:59:20.020,1.24621,1.24629,1.80,1.50
2012.06.27 13:59:20.502,1.24622,1.24631,2.10,3.96
2012.06.27 13:59:21.060,1.2462,1.2463,2.10,3.00
2012.06.27 13:59:21.609,1.2462,1.2463,2.10,3.00
2012.06.27 13:59:22.119,1.2462,1.2463,2.10,3.00
2012.06.27 13:59:22.889,1.2462,1.2463,1.35,3.21
2012.06.27 13:59:23.408,1.2462,1.2463,1.35,3.21
2012.06.27 13:59:23.622,1.24622,1.2463,2.10,1.71
2012.06.27 13:59:24.011,1.24621,1.24629,1.09,2.25
2012.06.27 13:59:25.392,1.2462,1.24628,1.09,1.50
2012.06.27 13:59:25.673,1.24618,1.24628,1.09,2.46
2012.06.27 13:59:25.824,1.24616,1.24626,1.62,2.63
2012.06.27 13:59:26.046,1.24614,1.2462,4.20,1.50
2012.06.27 13:59:26.195,1.24611,1.24618,1.35,1.50
2012.06.27 13:59:26.611,1.24608,1.24618,3.27,1.50
2012.06.27 13:59:27.169,1.2461,1.24618,1.35,1.50
2012.06.27 13:59:28.077,1.2461,1.24619,2.85,3.75
2012.06.27 13:59:28.155,1.2461,1.24619,3.23,3.75
2012.06.27 13:59:28.304,1.24614,1.24623,1.50,2.87
2012.06.27 13:59:28.594,1.24615,1.24625,2.10,5.46
2012.06.27 13:59:28.672,1.24616,1.24623,1.20,1.50
2012.06.27 13:59:28.744,1.24616,1.24625,3.45,5.25
2012.06.27 13:59:29.245,1.24618,1.24625,1.20,1.71
2012.06.27 13:59:31.907,1.24617,1.24625,2.25,1.50
2012.06.27 13:59:32.192,1.24619,1.24625,1.43,1.50
2012.06.27 13:59:32.413,1.24619,1.24627,1.43,3.75
2012.06.27 13:59:32.566,1.24619,1.24625,1.35,1.50
2012.06.27 13:59:33.131,1.2462,1.24625,1.50,1.50
2012.06.27 13:59:33.483,1.24622,1.24628,1.43,2.66
2012.06.27 13:59:33.567,1.24623,1.24628,1.43,3.41
2012.06.27 13:59:33.716,1.24623,1.2463,2.26,1.88
2012.06.27 13:59:34.068,1.24628,1.24634,1.43,1.50
2012.06.27 13:59:34.284,1.24629,1.24636,1.43,1.80
2012.06.27 13:59:34.432,1.2463,1.24638,2.93,2.01
2012.06.27 13:59:34.500,1.2463,1.24639,2.93,1.91
2012.06.27 13:59:34.640,1.24632,1.24641,2.93,5.93
2012.06.27 13:59:34.713,1.24632,1.24638,2.93,1.13
2012.06.27 13:59:35.158,1.24634,1.2464,1.50,1.74
2012.06.27 13:59:35.236,1.2463,1.24636,2.93,1.13
2012.06.27 13:59:35.453,1.2463,1.24636,2.10,1.13
2012.06.27 13:59:36.082,1.24629,1.24636,2.70,1.13
2012.06.27 13:59:36.301,1.24627,1.24636,2.93,1.74
2012.06.27 13:59:36.865,1.24626,1.24635,2.93,1.50
2012.06.27 13:59:36.943,1.24627,1.24641,1.43,4.88
2012.06.27 13:59:37.089,1.24633,1.24642,1.35,3.59
2012.06.27 13:59:37.163,1.24632,1.24642,3.68,1.13
2012.06.27 13:59:37.245,1.24632,1.24637,3.00,1.13
2012.06.27 13:59:37.754,1.2463,1.24638,2.25,1.50
2012.06.27 13:59:37.902,1.24631,1.24641,1.35,3.03
2012.06.27 13:59:38.856,1.24633,1.24642,1.50,2.21
2012.06.27 13:59:38.952,1.24635,1.24641,1.50,1.13
2012.06.27 13:59:39.105,1.2464,1.24647,1.50,1.50
2012.06.27 13:59:39.252,1.24642,1.24648,1.43,1.13
2012.06.27 13:59:39.962,1.24642,1.24649,1.43,1.50
2012.06.27 13:59:40.315,1.24639,1.24644,1.50,1.13
2012.06.27 13:59:40.465,1.24637,1.24644,2.52,1.13
2012.06.27 13:59:40.543,1.24636,1.24641,1.50,1.13
2012.06.27 13:59:41.044,1.24635,1.24641,2.25,1.50
2012.06.27 13:59:41.609,1.24634,1.24642,1.50,1.88
2012.06.27 13:59:42.212,1.24635,1.24642,3.00,1.13
2012.06.27 13:59:42.433,1.24635,1.2464,1.50,1.50
2012.06.27 13:59:42.657,1.24634,1.24642,3.00,1.88
2012.06.27 13:59:42.736,1.24632,1.24639,1.50,1.50
2012.06.27 13:59:42.951,1.24631,1.24639,1.50,1.50
2012.06.27 13:59:43.163,1.24628,1.24637,3.00,1.50
2012.06.27 13:59:43.724,1.2463,1.24637,1.50,1.50
2012.06.27 13:59:43.944,1.24629,1.24636,1.50,1.50
2012.06.27 13:59:44.093,1.24628,1.24634,2.25,1.50
2012.06.27 13:59:44.173,1.24626,1.24634,2.37,1.50
2012.06.27 13:59:44.391,1.24626,1.24634,1.62,1.50
2012.06.27 13:59:44.931,1.24627,1.24634,1.50,1.50
2012.06.27 13:59:45.511,1.24627,1.24634,2.25,1.50
2012.06.27 13:59:45.603,1.2463,1.24637,2.25,1.50
2012.06.27 13:59:47.382,1.2463,1.24635,1.50,1.50
2012.06.27 13:59:47.590,1.2463,1.24638,1.50,1.50
2012.06.27 13:59:48.352,1.24629,1.24636,2.25,1.13
2012.06.27 13:59:49.656,1.24627,1.24633,1.50,1.13
2012.06.27 13:59:49.733,1.24625,1.24633,3.87,2.63
2012.06.27 13:59:50.023,1.24623,1.24631,2.25,1.53
2012.06.27 13:59:50.316,1.24621,1.24627,3.12,1.50
2012.06.27 13:59:50.395,1.24619,1.24624,3.60,1.50
2012.06.27 13:59:50.552,1.2462,1.24626,1.24,1.50
2012.06.27 13:59:50.636,1.2462,1.24628,1.62,1.50
2012.06.27 13:59:50.851,1.24622,1.24631,2.74,3.00
2012.06.27 13:59:51.061,1.24624,1.24631,1.50,2.25
2012.06.27 13:59:51.623,1.24624,1.24631,1.50,1.50
2012.06.27 13:59:51.773,1.24625,1.24634,1.50,2.25
2012.06.27 13:59:52.342,1.24624,1.24633,1.88,1.50
2012.06.27 13:59:52.820,1.24622,1.24633,3.12,4.91
2012.06.27 13:59:52.902,1.24622,1.2463,1.24,1.50
2012.06.27 13:59:53.632,1.24622,1.24633,2.74,4.16
2012.06.27 13:59:54.136,1.24623,1.24632,1.50,4.49
2012.06.27 13:59:54.494,1.24619,1.24628,2.74,1.50
2012.06.27 13:59:56.053,1.24619,1.2463,2.37,2.76
2012.06.27 13:59:56.492,1.24624,1.24631,1.99,1.50
2012.06.27 13:59:57.061,1.24622,1.24632,1.99,1.50
2012.06.27 13:59:57.287,1.24619,1.24625,1.84,1.80
2012.06.27 13:59:57.585,1.24619,1.24625,1.50,2.76
2012.06.27 13:59:57.945,1.24613,1.24624,2.25,4.88
2012.06.27 13:59:58.027,1.24612,1.24622,1.50,1.71
2012.06.27 13:59:58.103,1.24614,1.24622,1.80,2.84
2012.06.27 13:59:58.189,1.2461,1.24619,1.50,1.50
2012.06.27 13:59:58.334,1.24611,1.24622,1.50,4.34
2012.06.27 13:59:58.695,1.24614,1.24623,1.50,1.50
2012.06.27 13:59:59.702,1.24616,1.24621,1.05,1.50
2012.06.27 13:59:59.785,1.24621,1.24628,1.65,3.00
2012.06.27 13:59:59.937,1.24622,1.24628,1.50,1.54
