2017.10.23 08:00:00.070,1.17558,1.17561,5.62,5.62
2017.10.23 08:00:00.123,1.17558,1.1756,1.50,3.00
2017.10.23 08:00:00.226,1.17559,1.17561,4.20,5.06
2017.10.23 08:00:00.383,1.17564,1.17566,3.60,1.00
2017.10.23 08:00:00.884,1.17564,1.17567,3.26,1.12
2017.10.23 08:00:01.242,1.17564,1.17567,3.56,1.12
2017.10.23 08:00:01.715,1.17564,1.17566,1.16,1.87
2017.10.23 08:00:02.308,1.17563,1.17565,1.20,4.87
2017.10.23 08:00:02.831,1.17562,1.17565,2.44,2.25
2017.10.23 08:00:03.345,1.17563,1.17565,5.92,1.12
2017.10.23 08:00:03.397,1.17565,1.17568,1.87,3.94
2017.10.23 08:00:03.898,1.17565,1.17568,1.50,1.25
2017.10.23 08:00:04.596,1.17565,1.17568,3.64,1.00
2017.10.23 08:00:07.769,1.17566,1.17567,1.12,1.12
2017.10.23 08:00:08.299,1.17565,1.17566,1.25,1.00
2017.10.23 08:00:10.193,1.17564,1.17566,1.00,1.12
2017.10.23 08:00:10.346,1.17563,1.17565,1.57,3.62
2017.10.23 08:00:10.893,1.17564,1.17565,1.50,1.50
2017.10.23 08:00:11.208,1.17565,1.17568,6.07,1.00
2017.10.23 08:00:11.466,1.17566,1.17568,1.00,2.62
2017.10.23 08:00:11.769,1.17568,1.1757,1.00,1.00
2017.10.23 08:00:12.079,1.17566,1.17567,2.25,2.91
2017.10.23 08:00:12.624,1.17568,1.1757,5.51,1.19
2017.10.23 08:00:12.677,1.1757,1.17572,1.12,1.50
2017.10.23 08:00:12.936,1.17571,1.17573,1.00,1.31
2017.10.23 08:00:13.526,1.1757,1.17574,2.32,3.19
2017.10.23 08:00:13.950,1.1757,1.17574,3.45,2.62
2017.10.23 08:00:15.064,1.17572,1.17574,1.00,2.25
2017.10.23 08:00:22.491,1.17571,1.17573,3.07,1.00
2017.10.23 08:00:28.894,1.1757,1.17573,1.00,4.87
2017.10.23 08:00:29.201,1.17567,1.17569,1.00,1.00
2017.10.23 08:00:31.318,1.17566,1.17569,2.51,1.00
2017.10.23 08:00:31.954,1.17566,1.17569,3.26,1.00
2017.10.23 08:00:33.635,1.17566,1.17568,2.51,1.00
2017.10.23 08:00:33.789,1.17568,1.1757,1.61,2.25
2017.10.23 08:00:34.341,1.17568,1.17569,1.30,1.00
2017.10.23 08:00:34.597,1.17569,1.17571,1.00,1.87
2017.10.23 08:00:35.187,1.17568,1.17571,2.92,1.12
2017.10.23 08:00:36.561,1.17569,1.17571,1.01,1.50
2017.10.23 08:00:39.055,1.17569,1.17571,1.10,1.00
2017.10.23 08:00:39.614,1.17568,1.17572,6.30,3.00
2017.10.23 08:00:41.580,1.17569,1.17571,1.20,1.50
2017.10.23 08:00:42.407,1.17568,1.17571,4.05,4.12
2017.10.23 08:00:44.077,1.17568,1.17571,1.57,3.75
2017.10.23 08:00:45.195,1.17568,1.1757,1.10,2.62
2017.10.23 08:00:46.241,1.17569,1.1757,1.00,2.62
2017.10.23 08:00:46.760,1.17568,1.1757,1.76,2.62
2017.10.23 08:00:48.495,1.17569,1.1757,1.00,3.37
2017.10.23 08:00:48.898,1.17567,1.17569,4.20,1.00
2017.10.23 08:00:49.406,1.17567,1.17568,1.12,1.00
2017.10.23 08:00:49.913,1.17567,1.17569,1.57,1.12
2017.10.23 08:00:52.220,1.17569,1.1757,1.50,3.75
2017.10.23 08:00:52.271,1.17568,1.17572,9.75,1.50
2017.10.23 08:00:52.323,1.1757,1.17572,3.94,1.50
2017.10.23 08:00:52.734,1.17571,1.17573,2.25,3.94
2017.10.23 08:00:54.549,1.17571,1.17573,1.00,6.00
2017.10.23 08:00:55.065,1.17571,1.17573,1.25,1.00
2017.10.23 08:00:56.043,1.17571,1.17573,2.06,1.00
2017.10.23 08:00:58.974,1.17571,1.17574,2.62,1.12
2017.10.23 08:01:06.054,1.17571,1.17574,1.50,1.87
2017.10.23 08:01:06.600,1.1757,1.17574,9.16,1.87
2017.10.23 08:01:07.191,1.1757,1.17574,9.16,1.87
2017.10.23 08:01:09.102,1.1757,1.17574,7.99,1.87
2017.10.23 08:01:10.199,1.1757,1.17574,7.24,1.87
2017.10.23 08:01:10.823,1.1757,1.17574,6.45,1.87
2017.10.23 08:01:11.433,1.17571,1.17574,1.00,2.06
2017.10.23 08:01:11.981,1.1757,1.17573,3.45,2.25
2017.10.23 08:01:23.799,1.17571,1.17574,1.00,1.31
2017.10.23 08:01:24.110,1.17576,1.17578,2.62,6.00
2017.10.23 08:01:25.399,1.17576,1.17578,1.12,1.00
2017.10.23 08:01:30.439,1.17576,1.17578,2.81,2.25
2017.10.23 08:01:30.947,1.17576,1.17578,2.62,2.25
2017.10.23 08:01:32.820,1.17575,1.17577,3.37,1.12
2017.10.23 08:01:33.130,1.17571,1.17573,3.75,1.00
2017.10.23 08:01:34.799,1.17571,1.17574,2.25,1.12
2017.10.23 08:01:35.578,1.17571,1.17574,1.87,1.62
2017.10.23 08:01:37.283,1.17569,1.17571,4.20,7.12
2017.10.23 08:01:37.335,1.17557,1.17564,1.25,11.91
2017.10.23 08:01:37.387,1.17551,1.17552,3.75,1.00
2017.10.23 08:01:37.490,1.17552,1.17554,1.00,1.00
2017.10.23 08:01:37.645,1.17554,1.17555,1.00,1.10
2017.10.23 08:01:37.972,1.17556,1.17558,1.31,1.00
2017.10.23 08:01:38.023,1.17557,1.17559,1.00,2.14
2017.10.23 08:01:38.539,1.17561,1.17562,1.31,1.95
2017.10.23 08:01:38.642,1.17563,1.17566,3.19,1.87
2017.10.23 08:01:39.151,1.17562,1.17565,4.12,1.12
2017.10.23 08:01:39.851,1.17562,1.17564,2.25,1.00
2017.10.23 08:01:40.399,1.17561,1.17564,4.84,1.00
2017.10.23 08:01:42.321,1.17561,1.17564,2.89,1.00
2017.10.23 08:01:44.065,1.17561,1.17564,3.64,1.00
2017.10.23 08:01:44.658,1.17561,1.17564,1.50,1.00
2017.10.23 08:01:45.197,1.17561,1.17565,1.50,4.50
2017.10.23 08:01:53.439,1.17562,1.17563,1.00,1.00
2017.10.23 08:01:53.696,1.17564,1.17565,1.12,3.00
2017.10.23 08:01:53.928,1.17565,1.17568,3.00,5.51
2017.10.23 08:01:54.717,1.17566,1.17568,1.12,1.00
2017.10.23 08:01:55.245,1.17566,1.17569,1.57,2.25
2017.10.23 08:01:57.269,1.17566,1.1757,3.37,2.62
2017.10.23 08:01:57.423,1.17569,1.17571,5.62,4.12
2017.10.23 08:01:57.687,1.1757,1.17572,1.87,1.50
2017.10.23 08:01:58.211,1.17568,1.17572,2.81,1.76
2017.10.23 08:01:58.873,1.1757,1.17572,1.87,1.50
2017.10.23 08:02:00.136,1.1757,1.17574,4.39,4.12
2017.10.23 08:02:00.740,1.17571,1.17574,1.39,2.62
2017.10.23 08:02:01.293,1.17571,1.17574,1.01,2.25
2017.10.23 08:02:02.719,1.1757,1.17574,7.61,1.12
2017.10.23 08:02:03.261,1.17571,1.17575,2.32,2.81
2017.10.23 08:02:04.499,1.17571,1.17574,2.32,1.00
2017.10.23 08:02:05.049,1.17571,1.17575,2.32,2.81
2017.10.23 08:02:06.074,1.17571,1.17574,2.32,1.00
2017.10.23 08:02:06.597,1.17571,1.17574,1.50,1.20
2017.10.23 08:02:07.896,1.17571,1.17575,1.50,3.19
2017.10.23 08:02:10.280,1.17571,1.17574,1.50,1.00
2017.10.23 08:02:11.205,1.17571,1.17575,1.50,4.87
2017.10.23 08:02:11.924,1.17571,1.17574,1.50,1.00
2017.10.23 08:02:12.431,1.17571,1.17575,1.50,4.12
2017.10.23 08:02:13.048,1.17572,1.17574,1.00,1.00
2017.10.23 08:02:21.044,1.17569,1.17571,4.49,1.31
2017.10.23 08:02:21.202,1.17572,1.17573,1.00,1.00
2017.10.23 08:02:21.738,1.17572,1.17574,1.00,4.69
2017.10.23 08:02:22.702,1.1757,1.17574,3.19,1.00
2017.10.23 08:02:24.467,1.17573,1.17575,3.56,1.00
2017.10.23 08:02:24.520,1.17574,1.17577,1.87,2.25
2017.10.23 08:02:24.572,1.17575,1.17577,1.50,1.00
2017.10.23 08:02:24.881,1.17574,1.17575,3.75,1.00
2017.10.23 08:02:25.129,1.17573,1.17575,2.06,1.12
2017.10.23 08:02:25.671,1.17572,1.17575,1.12,4.50
2017.10.23 08:02:26.294,1.17573,1.17575,1.00,1.00
2017.10.23 08:02:27.762,1.17574,1.17576,1.00,3.75
2017.10.23 08:02:27.916,1.17575,1.17577,1.00,1.00
2017.10.23 08:02:28.433,1.17575,1.17578,3.56,1.37
2017.10.23 08:02:28.946,1.17575,1.17578,2.62,4.31
2017.10.23 08:02:29.457,1.17575,1.17578,3.07,1.12
2017.10.23 08:02:29.966,1.17575,1.17579,3.26,3.82
2017.10.23 08:02:30.512,1.17576,1.17579,2.25,3.45
2017.10.23 08:02:31.843,1.17575,1.17579,10.76,3.45
2017.10.23 08:02:32.365,1.17576,1.17579,1.50,4.57
2017.10.23 08:02:34.969,1.17577,1.17578,1.00,1.00
2017.10.23 08:02:36.126,1.17576,1.17578,1.87,1.00
2017.10.23 08:02:36.638,1.17576,1.17579,1.87,1.87
2017.10.23 08:02:37.500,1.17576,1.17579,1.50,1.87
2017.10.23 08:02:38.043,1.17575,1.17578,3.56,1.00
2017.10.23 08:02:38.979,1.17575,1.17579,3.00,5.62
2017.10.23 08:02:39.397,1.17574,1.17575,1.10,1.50
2017.10.23 08:02:39.603,1.17575,1.17578,1.50,1.87
2017.10.23 08:02:39.859,1.17574,1.17576,3.94,1.00
2017.10.23 08:02:40.140,1.17572,1.17575,3.45,2.25
2017.10.23 08:02:41.060,1.17572,1.17575,1.00,4.12
2017.10.23 08:02:41.652,1.17573,1.17575,1.00,5.44
2017.10.23 08:02:42.202,1.17571,1.17575,3.67,4.57
2017.10.23 08:02:44.017,1.17571,1.17575,3.30,4.57
2017.10.23 08:02:49.944,1.17571,1.17574,1.00,2.25
2017.10.23 08:02:51.622,1.17571,1.17574,1.19,2.44
2017.10.23 08:02:53.054,1.17572,1.17574,5.48,1.50
2017.10.23 08:02:53.106,1.17574,1.17576,2.44,1.50
2017.10.23 08:02:53.621,1.17574,1.17577,2.32,1.57
2017.10.23 08:02:54.885,1.17574,1.17577,3.26,1.46
2017.10.23 08:02:55.430,1.17575,1.17577,2.70,1.20
2017.10.23 08:02:55.931,1.17576,1.17577,1.00,1.20
2017.10.23 08:02:57.151,1.17575,1.17578,4.20,2.40
2017.10.23 08:02:57.761,1.17576,1.17578,1.87,2.40
2017.10.23 08:02:58.474,1.17575,1.17578,4.20,1.65
2017.10.23 08:02:59.006,1.17576,1.17578,1.31,1.15
2017.10.23 08:02:59.508,1.17575,1.17579,5.14,3.94
2017.10.23 08:03:00.117,1.17576,1.17579,1.50,2.25
2017.10.23 08:03:00.640,1.17575,1.17578,5.44,1.27
2017.10.23 08:03:01.777,1.17575,1.17577,2.62,1.00
2017.10.23 08:03:02.929,1.17574,1.17575,2.62,1.00
2017.10.23 08:03:02.981,1.17572,1.17576,4.76,3.64
2017.10.23 08:03:03.514,1.17572,1.17576,5.89,5.51
2017.10.23 08:03:07.981,1.17572,1.17575,1.50,1.69
2017.10.23 08:03:09.004,1.17572,1.17575,1.87,4.50
2017.10.23 08:03:10.827,1.17574,1.17575,1.57,1.69
2017.10.23 08:03:12.172,1.17574,1.17576,1.57,3.75
2017.10.23 08:03:13.486,1.17573,1.17575,1.31,1.00
2017.10.23 08:03:13.997,1.17571,1.17575,4.69,1.69
2017.10.23 08:03:14.666,1.17572,1.17575,1.25,5.25
2017.10.23 08:03:20.054,1.17571,1.17574,1.25,1.69
2017.10.23 08:03:20.659,1.17572,1.17574,1.00,3.19
2017.10.23 08:03:27.924,1.17571,1.17574,1.37,6.00
2017.10.23 08:03:28.677,1.17572,1.17574,1.00,5.25
2017.10.23 08:03:29.144,1.17574,1.17577,9.41,4.01
2017.10.23 08:03:29.195,1.17575,1.17578,3.75,4.12
2017.10.23 08:03:29.726,1.17575,1.17579,4.12,3.00
2017.10.23 08:03:32.755,1.17576,1.17578,1.00,1.00
2017.10.23 08:03:34.622,1.17576,1.17579,1.00,3.19
2017.10.23 08:03:37.412,1.17576,1.17578,1.12,2.25
2017.10.23 08:03:38.472,1.17576,1.17577,1.12,1.12
2017.10.23 08:03:38.575,1.17572,1.17575,5.62,2.89
2017.10.23 08:03:39.866,1.17574,1.17576,2.25,2.89
2017.10.23 08:03:40.426,1.17574,1.17576,1.12,3.37
2017.10.23 08:03:43.112,1.17574,1.17576,1.12,1.00
2017.10.23 08:03:43.753,1.17575,1.17576,1.00,1.00
2017.10.23 08:03:44.265,1.17575,1.17578,1.50,3.07
2017.10.23 08:03:44.536,1.17575,1.17578,1.00,6.00
2017.10.23 08:03:44.588,1.17576,1.17578,1.00,2.62
2017.10.23 08:03:47.115,1.17575,1.17578,2.81,6.82
2017.10.23 08:03:47.169,1.17575,1.17578,5.25,3.00
2017.10.23 08:03:48.882,1.17577,1.1758,1.00,10.57
2017.10.23 08:03:49.650,1.17577,1.1758,2.06,1.57
2017.10.23 08:03:50.230,1.17577,1.17579,2.62,1.00
2017.10.23 08:03:51.970,1.17576,1.17579,2.44,1.37
2017.10.23 08:03:52.672,1.17576,1.17579,3.56,2.62
2017.10.23 08:03:53.108,1.17575,1.17578,4.12,1.00
2017.10.23 08:03:53.633,1.17575,1.17578,4.50,1.00
2017.10.23 08:03:54.175,1.17575,1.17578,5.62,1.95
2017.10.23 08:03:54.361,1.17575,1.17578,9.19,1.95
2017.10.23 08:03:55.136,1.17576,1.17578,1.25,1.95
2017.10.23 08:03:57.609,1.17575,1.17578,8.62,1.00
2017.10.23 08:03:57.916,1.17561,1.17562,4.12,6.21
2017.10.23 08:03:57.970,1.17558,1.1756,1.12,3.00
2017.10.23 08:03:58.022,1.17557,1.17559,3.00,1.37
2017.10.23 08:03:58.074,1.17559,1.17561,1.50,1.95
2017.10.23 08:03:58.373,1.17557,1.1756,1.69,1.50
2017.10.23 08:03:58.680,1.17556,1.17559,2.25,1.62
2017.10.23 08:04:01.286,1.17556,1.17559,2.51,3.00
2017.10.23 08:04:02.521,1.17556,1.1756,3.26,5.62
2017.10.23 08:04:02.573,1.17556,1.17559,2.25,1.50
2017.10.23 08:04:05.441,1.17556,1.17559,2.81,1.50
2017.10.23 08:04:09.280,1.17555,1.17559,4.50,1.50
2017.10.23 08:04:11.723,1.17555,1.17557,1.69,6.04
2017.10.23 08:04:12.030,1.17549,1.17551,1.69,5.44
2017.10.23 08:04:12.377,1.1755,1.17553,2.32,3.19
2017.10.23 08:04:13.733,1.1755,1.17553,6.64,1.12
2017.10.23 08:04:14.399,1.17552,1.17555,4.01,1.87
2017.10.23 08:04:14.553,1.17552,1.17554,3.19,1.00
2017.10.23 08:04:15.090,1.17552,1.17554,3.19,1.50
2017.10.23 08:04:15.731,1.17552,1.17554,1.00,1.87
2017.10.23 08:04:16.529,1.17552,1.17554,1.50,1.50
2017.10.23 08:04:17.251,1.17552,1.17554,1.00,1.87
2017.10.23 08:04:19.004,1.17552,1.17554,1.00,4.12
2017.10.23 08:04:22.724,1.17552,1.17554,1.00,1.12
2017.10.23 08:04:23.083,1.17553,1.17555,5.32,3.00
2017.10.23 08:04:23.135,1.17555,1.17557,1.00,1.57
2017.10.23 08:04:23.647,1.17555,1.17558,2.32,1.12
2017.10.23 08:04:24.158,1.17555,1.17558,3.64,1.00
2017.10.23 08:04:29.141,1.17555,1.17559,6.45,1.12
2017.10.23 08:04:30.214,1.17559,1.1756,3.00,3.07
2017.10.23 08:04:30.265,1.1756,1.17562,1.12,1.50
2017.10.23 08:04:31.324,1.17561,1.17564,1.50,5.89
2017.10.23 08:04:32.053,1.17561,1.17564,1.87,4.69
2017.10.23 08:04:35.461,1.17561,1.17565,1.31,7.57
2017.10.23 08:04:36.263,1.17561,1.17565,1.31,4.20
2017.10.23 08:04:37.050,1.1756,1.17563,4.87,1.13
2017.10.23 08:04:37.560,1.1756,1.17564,5.62,2.25
2017.10.23 08:04:37.926,1.17562,1.17565,2.25,1.50
2017.10.23 08:04:38.438,1.17562,1.17564,1.50,2.25
2017.10.23 08:04:39.149,1.17562,1.17564,1.50,2.25
2017.10.23 08:04:54.109,1.17562,1.17564,1.12,1.87
2017.10.23 08:04:54.622,1.17562,1.17564,1.50,1.12
2017.10.23 08:04:57.416,1.17562,1.17565,1.50,2.25
2017.10.23 08:04:57.924,1.17562,1.17565,1.10,5.25
2017.10.23 08:05:01.751,1.17562,1.17564,1.00,5.62
2017.10.23 08:05:01.906,1.17559,1.17562,4.01,3.00
2017.10.23 08:05:03.203,1.1756,1.17562,1.50,3.37
2017.10.23 08:05:04.164,1.1756,1.17562,1.50,1.00
2017.10.23 08:05:06.028,1.1756,1.17562,1.87,1.87
2017.10.23 08:05:09.152,1.1756,1.17563,2.25,1.00
2017.10.23 08:05:09.687,1.17561,1.17564,1.10,4.87
2017.10.23 08:05:10.214,1.17561,1.17564,1.10,3.00
2017.10.23 08:05:11.084,1.17561,1.17564,1.95,2.25
2017.10.23 08:05:15.394,1.17561,1.17564,4.01,3.94
2017.10.23 08:05:19.504,1.17561,1.17564,2.89,3.94
2017.10.23 08:05:20.050,1.17561,1.17563,2.89,1.00
2017.10.23 08:05:22.615,1.1756,1.17562,1.50,4.12
2017.10.23 08:05:22.667,1.17559,1.17561,1.10,4.87
2017.10.23 08:05:23.239,1.17557,1.1756,4.12,1.00
2017.10.23 08:05:24.000,1.17557,1.1756,1.20,1.12
2017.10.23 08:05:24.532,1.17557,1.17559,1.12,1.12
2017.10.23 08:05:33.262,1.17556,1.17558,1.25,1.12
2017.10.23 08:05:33.785,1.17556,1.17558,1.00,4.12
2017.10.23 08:05:34.290,1.17555,1.17557,1.50,5.66
2017.10.23 08:05:34.393,1.17552,1.17554,1.69,4.31
2017.10.23 08:05:34.943,1.17551,1.17553,3.00,1.00
2017.10.23 08:05:35.514,1.17551,1.17554,1.50,6.00
2017.10.23 08:05:36.180,1.1755,1.17554,6.26,7.87
2017.10.23 08:05:37.366,1.1755,1.17554,4.76,4.50
2017.10.23 08:05:37.979,1.1755,1.17553,3.07,1.62
2017.10.23 08:05:38.874,1.1755,1.17554,3.45,6.75
2017.10.23 08:05:48.428,1.1755,1.17552,1.25,1.12
2017.10.23 08:05:53.119,1.1755,1.17552,2.14,1.12
2017.10.23 08:05:55.295,1.1755,1.17554,4.01,4.80
2017.10.23 08:05:55.801,1.17551,1.17552,1.10,1.00
2017.10.23 08:06:07.091,1.1755,1.17552,4.01,8.70
2017.10.23 08:06:07.193,1.17547,1.17549,1.00,1.12
2017.10.23 08:06:09.248,1.17546,1.17549,3.26,3.75
2017.10.23 08:06:09.820,1.17546,1.17548,1.57,1.00
2017.10.23 08:06:10.542,1.17546,1.17548,1.31,1.12
2017.10.23 08:06:19.655,1.17546,1.17549,4.91,2.25
2017.10.23 08:06:19.707,1.17549,1.1755,1.54,1.00
2017.10.23 08:06:19.759,1.17549,1.17552,2.36,3.37
2017.10.23 08:06:20.360,1.17549,1.17551,2.74,1.12
2017.10.23 08:06:21.391,1.17549,1.17552,2.17,1.50
2017.10.23 08:06:22.607,1.1755,1.17552,1.76,1.12
2017.10.23 08:06:23.719,1.1755,1.17552,1.39,1.00
2017.10.23 08:06:24.267,1.1755,1.17552,1.70,1.00
2017.10.23 08:06:25.747,1.1755,1.17552,2.14,1.00
2017.10.23 08:06:28.437,1.17549,1.17551,4.12,1.00
2017.10.23 08:06:28.641,1.1755,1.17552,1.31,4.31
2017.10.23 08:06:31.063,1.17549,1.17553,9.45,4.39
2017.10.23 08:06:36.137,1.17549,1.1755,1.50,1.00
2017.10.23 08:06:36.702,1.17548,1.17551,10.39,1.12
2017.10.23 08:06:39.081,1.17549,1.17551,3.64,1.00
2017.10.23 08:06:39.987,1.17549,1.17552,3.82,1.87
2017.10.23 08:06:49.919,1.17549,1.17551,1.69,3.37
2017.10.23 08:06:49.973,1.17548,1.1755,1.35,1.00
2017.10.23 08:06:50.282,1.17549,1.17552,6.41,3.56
2017.10.23 08:06:50.795,1.1755,1.17552,1.10,16.31
2017.10.23 08:06:51.025,1.17549,1.1755,1.50,1.50
2017.10.23 08:06:51.537,1.17548,1.17549,1.87,1.00
2017.10.23 08:06:52.109,1.17546,1.17548,9.04,1.00
2017.10.23 08:06:52.213,1.17548,1.1755,1.60,1.00
2017.10.23 08:06:52.622,1.17547,1.17548,2.85,1.00
2017.10.23 08:06:52.776,1.17546,1.17548,3.75,1.00
2017.10.23 08:06:54.549,1.17546,1.17549,1.57,2.62
2017.10.23 08:06:55.066,1.17545,1.17549,4.12,3.37
2017.10.23 08:06:56.763,1.17546,1.17548,2.25,1.00
2017.10.23 08:06:57.440,1.17545,1.17548,11.14,1.00
2017.10.23 08:06:57.999,1.17545,1.17548,6.26,1.00
2017.10.23 08:06:58.532,1.17545,1.17548,3.56,1.00
2017.10.23 08:07:03.156,1.17545,1.17549,5.06,3.00
2017.10.23 08:07:04.423,1.17545,1.17547,6.75,1.50
2017.10.23 08:07:04.526,1.17544,1.17547,2.62,1.50
2017.10.23 08:07:06.556,1.17545,1.17547,1.25,1.00
2017.10.23 08:07:11.216,1.17545,1.17548,3.37,3.75
2017.10.23 08:07:11.756,1.17545,1.17548,4.50,1.50
2017.10.23 08:07:12.260,1.17545,1.17548,5.44,1.50
2017.10.23 08:07:13.862,1.17546,1.17548,2.62,1.87
2017.10.23 08:07:14.392,1.17545,1.17548,7.50,1.50
2017.10.23 08:07:14.904,1.17545,1.17546,1.50,3.37
2017.10.23 08:07:15.407,1.17544,1.17545,2.25,1.00
2017.10.23 08:07:15.928,1.17544,1.17546,2.25,3.75
2017.10.23 08:07:16.548,1.17543,1.17546,1.00,6.75
2017.10.23 08:07:17.082,1.17543,1.17545,1.00,1.00
2017.10.23 08:07:17.601,1.17543,1.17544,1.00,1.00
2017.10.23 08:07:18.438,1.17542,1.17545,3.94,2.62
2017.10.23 08:07:18.958,1.17542,1.17544,2.81,1.00
2017.10.23 08:07:20.769,1.17542,1.17544,1.69,1.00
2017.10.23 08:07:21.332,1.17542,1.17545,1.69,1.50
2017.10.23 08:07:21.842,1.17542,1.17544,1.31,1.12
2017.10.23 08:07:22.865,1.17543,1.17544,1.00,1.00
2017.10.23 08:07:24.342,1.17542,1.17545,4.50,5.70
2017.10.23 08:07:24.900,1.17542,1.17544,1.87,1.00
2017.10.23 08:07:25.869,1.17541,1.17545,3.07,4.20
2017.10.23 08:07:26.458,1.17541,1.17544,4.95,1.00
2017.10.23 08:07:29.470,1.17541,1.17543,1.12,1.00
2017.10.23 08:07:31.153,1.17542,1.17544,1.12,2.44
2017.10.23 08:07:32.161,1.17542,1.17545,3.75,6.00
2017.10.23 08:07:33.673,1.17546,1.17547,1.12,7.50
2017.10.23 08:07:34.081,1.17547,1.17549,1.12,1.12
2017.10.23 08:07:34.933,1.17548,1.1755,5.62,1.50
2017.10.23 08:07:34.987,1.1755,1.17551,1.50,2.25
2017.10.23 08:07:35.090,1.1755,1.17554,2.51,2.89
2017.10.23 08:07:37.403,1.1755,1.17554,4.69,5.25
2017.10.23 08:07:38.283,1.17552,1.17554,1.00,2.06
2017.10.23 08:07:40.168,1.17551,1.17554,3.00,1.87
2017.10.23 08:07:40.739,1.17551,1.17554,2.47,1.87
2017.10.23 08:07:41.306,1.17551,1.17554,1.72,5.70
2017.10.23 08:07:41.850,1.17551,1.17554,2.10,4.87
2017.10.23 08:07:44.822,1.17551,1.17554,1.31,2.62
2017.10.23 08:07:47.737,1.17551,1.17553,1.31,2.70
2017.10.23 08:07:48.259,1.17551,1.17553,1.31,1.00
2017.10.23 08:08:00.840,1.17551,1.17553,2.25,1.87
2017.10.23 08:08:02.358,1.17551,1.17553,2.25,1.12
2017.10.23 08:08:03.342,1.17551,1.17554,6.19,2.25
2017.10.23 08:08:03.850,1.17551,1.17554,3.37,2.62
2017.10.23 08:08:05.771,1.17552,1.17554,1.00,2.25
2017.10.23 08:08:07.322,1.17551,1.17554,3.19,1.87
2017.10.23 08:08:07.825,1.17552,1.17554,1.00,1.87
2017.10.23 08:08:08.690,1.17551,1.17554,3.94,1.87
2017.10.23 08:08:12.440,1.17551,1.17554,3.37,2.25
2017.10.23 08:08:13.814,1.17551,1.17554,5.06,1.12
2017.10.23 08:08:14.122,1.17557,1.1756,4.50,7.95
2017.10.23 08:08:14.429,1.1756,1.17562,1.00,1.37
2017.10.23 08:08:14.948,1.1756,1.17562,1.25,2.62
2017.10.23 08:08:16.130,1.1756,1.17562,1.62,1.50
2017.10.23 08:08:16.661,1.1756,1.17563,2.06,7.20
2017.10.23 08:08:17.450,1.1756,1.17563,2.44,4.20
2017.10.23 08:08:18.264,1.1756,1.17563,1.25,6.45
2017.10.23 08:08:20.246,1.1756,1.17563,1.25,5.89
2017.10.23 08:08:21.066,1.17561,1.17564,1.00,3.26
2017.10.23 08:08:21.614,1.17562,1.17563,1.30,1.25
2017.10.23 08:08:22.151,1.17562,1.17564,1.30,2.32
2017.10.23 08:08:23.105,1.17561,1.17563,3.94,1.00
2017.10.23 08:08:25.283,1.1756,1.17563,6.82,1.00
2017.10.23 08:08:26.333,1.1756,1.17564,3.75,5.40
2017.10.23 08:08:27.771,1.17562,1.17564,1.00,2.62
2017.10.23 08:08:30.162,1.17561,1.17564,2.51,1.87
2017.10.23 08:08:30.940,1.1756,1.17562,3.64,3.00
2017.10.23 08:08:31.196,1.17559,1.17562,1.00,4.31
2017.10.23 08:08:32.010,1.1756,1.17562,1.00,3.75
2017.10.23 08:08:32.164,1.17561,1.17563,1.50,3.37
2017.10.23 08:08:33.346,1.17561,1.17562,1.00,2.25
2017.10.23 08:08:33.892,1.17561,1.17563,2.81,1.00
2017.10.23 08:08:35.524,1.17563,1.17564,1.00,1.12
2017.10.23 08:08:45.223,1.1756,1.17561,2.14,1.50
2017.10.23 08:08:45.737,1.1756,1.17562,1.20,1.12
2017.10.23 08:08:46.244,1.17559,1.17562,5.06,3.00
2017.10.23 08:08:46.760,1.1756,1.17562,1.12,2.25
2017.10.23 08:08:47.067,1.17559,1.17561,3.75,2.25
2017.10.23 08:08:47.601,1.17558,1.1756,2.06,1.00
2017.10.23 08:08:48.115,1.17557,1.17559,2.85,1.00
2017.10.23 08:08:48.821,1.17557,1.17559,2.47,1.00
2017.10.23 08:08:51.702,1.17558,1.17559,1.00,2.25
2017.10.23 08:08:52.220,1.17559,1.17561,1.00,7.69
2017.10.23 08:08:52.745,1.17558,1.17561,1.87,6.94
2017.10.23 08:08:53.257,1.17557,1.1756,2.25,3.56
2017.10.23 08:08:53.810,1.17558,1.1756,1.10,2.06
2017.10.23 08:08:57.422,1.17557,1.17559,3.37,1.00
2017.10.23 08:08:59.011,1.17557,1.1756,2.89,2.25
2017.10.23 08:09:00.341,1.17557,1.1756,2.44,3.00
2017.10.23 08:09:00.864,1.17558,1.1756,1.00,1.00
2017.10.23 08:09:01.169,1.17557,1.17558,1.00,1.00
2017.10.23 08:09:01.221,1.17556,1.17557,1.00,1.50
2017.10.23 08:09:01.323,1.17555,1.17559,6.19,3.56
2017.10.23 08:09:03.390,1.17556,1.17559,1.62,2.14
2017.10.23 08:09:05.635,1.17557,1.1756,1.69,4.01
2017.10.23 08:09:06.779,1.17557,1.17559,1.25,1.00
2017.10.23 08:09:10.725,1.17556,1.17559,2.25,1.50
2017.10.23 08:09:11.293,1.17555,1.17557,1.50,2.44
2017.10.23 08:09:11.804,1.17555,1.17558,1.69,3.07
2017.10.23 08:09:17.333,1.17556,1.17558,5.06,1.00
2017.10.23 08:09:17.852,1.17556,1.17558,1.00,1.69
2017.10.23 08:09:30.938,1.17557,1.17559,2.25,1.50
2017.10.23 08:09:40.913,1.17557,1.17559,2.25,1.12
2017.10.23 08:09:42.391,1.17557,1.17559,1.54,1.50
2017.10.23 08:09:44.217,1.17557,1.17559,1.54,1.50
2017.10.23 08:09:50.556,1.17555,1.17559,9.26,2.70
2017.10.23 08:09:53.735,1.17554,1.17556,16.54,1.00
2017.10.23 08:09:53.838,1.17553,1.17555,1.69,1.25
2017.10.23 08:09:54.623,1.17554,1.17556,1.00,4.31
2017.10.23 08:09:54.940,1.17554,1.17557,2.00,1.50
2017.10.23 08:09:56.015,1.17556,1.17558,1.25,1.50
2017.10.23 08:09:56.814,1.17555,1.17558,2.62,1.62
2017.10.23 08:09:57.643,1.17555,1.17558,2.44,1.50
2017.10.23 08:10:07.364,1.17555,1.17558,6.52,1.50
2017.10.23 08:10:07.955,1.17556,1.17558,1.31,1.00
2017.10.23 08:10:18.770,1.17555,1.17558,7.95,1.00
2017.10.23 08:10:19.369,1.17555,1.17559,10.20,1.50
2017.10.23 08:10:19.885,1.17557,1.17559,3.56,2.62
2017.10.23 08:10:20.412,1.17557,1.17559,1.31,2.62
2017.10.23 08:10:23.961,1.17557,1.17559,1.25,1.00
2017.10.23 08:10:24.565,1.17558,1.17561,2.25,6.19
2017.10.23 08:10:25.103,1.17557,1.1756,5.14,3.00
2017.10.23 08:10:25.675,1.17558,1.1756,1.69,1.00
2017.10.23 08:10:30.198,1.17557,1.1756,2.81,3.82
2017.10.23 08:10:30.506,1.17557,1.17559,1.31,3.37
2017.10.23 08:10:32.203,1.17556,1.17557,3.00,1.00
2017.10.23 08:10:32.564,1.17553,1.17554,1.25,1.00
2017.10.23 08:10:33.080,1.17553,1.17555,1.69,6.64
2017.10.23 08:10:33.876,1.17552,1.17554,3.94,1.50
2017.10.23 08:10:34.390,1.17553,1.17555,1.00,3.00
2017.10.23 08:10:34.971,1.17553,1.17555,2.29,1.31
2017.10.23 08:10:35.482,1.17554,1.17555,2.10,1.50
2017.10.23 08:10:36.074,1.17555,1.17556,1.12,1.00
2017.10.23 08:10:36.125,1.17555,1.17558,2.81,6.49
2017.10.23 08:10:36.626,1.17556,1.17558,1.69,2.02
2017.10.23 08:10:37.224,1.17556,1.17558,1.69,2.02
2017.10.23 08:10:37.726,1.17556,1.17558,6.37,1.65
2017.10.23 08:10:38.290,1.17556,1.17558,4.12,1.65
2017.10.23 08:10:38.872,1.17556,1.17558,4.12,1.65
2017.10.23 08:10:39.398,1.17557,1.17558,1.12,1.00
2017.10.23 08:10:44.070,1.17556,1.17558,5.25,1.00
2017.10.23 08:10:44.615,1.17557,1.17558,1.25,1.00
2017.10.23 08:10:49.053,1.17556,1.17559,3.19,2.62
2017.10.23 08:10:49.462,1.17554,1.17558,6.19,3.07
2017.10.23 08:10:49.921,1.17555,1.17558,6.00,2.06
2017.10.23 08:10:50.431,1.17555,1.17559,6.00,3.94
2017.10.23 08:10:51.005,1.17555,1.17559,6.00,1.12
2017.10.23 08:10:51.689,1.17555,1.17558,4.87,2.25
2017.10.23 08:10:52.356,1.17555,1.17558,5.25,2.62
2017.10.23 08:10:53.054,1.17555,1.1756,4.87,12.49
2017.10.23 08:10:53.726,1.17555,1.17559,7.50,2.02
2017.10.23 08:10:59.764,1.17556,1.17558,1.01,1.10
2017.10.23 08:11:00.022,1.17554,1.17557,3.97,1.57
2017.10.23 08:11:00.179,1.17556,1.17558,2.25,1.50
2017.10.23 08:11:00.726,1.17556,1.17559,2.25,4.01
2017.10.23 08:11:01.286,1.17556,1.17559,2.44,1.95
2017.10.23 08:11:03.204,1.17556,1.17557,2.25,1.00
2017.10.23 08:11:03.714,1.17556,1.17559,1.00,13.20
2017.10.23 08:11:07.152,1.17556,1.17558,1.12,2.32
2017.10.23 08:11:07.892,1.17556,1.17558,1.00,1.20
2017.10.23 08:11:09.209,1.17556,1.17558,1.00,1.47
2017.10.23 08:11:12.291,1.17554,1.17556,5.14,3.00
2017.10.23 08:11:12.343,1.17552,1.17555,6.41,4.50
2017.10.23 08:11:14.058,1.17552,1.17554,3.49,1.87
2017.10.23 08:11:15.261,1.17554,1.17555,2.25,1.00
2017.10.23 08:11:15.517,1.17555,1.17556,1.25,2.06
2017.10.23 08:11:16.280,1.17554,1.17556,4.16,2.31
2017.10.23 08:11:16.435,1.17555,1.17558,1.19,8.14
2017.10.23 08:11:17.702,1.17555,1.17558,1.19,7.76
2017.10.23 08:11:18.303,1.17556,1.17558,1.25,4.20
2017.10.23 08:11:30.748,1.17553,1.17554,8.89,1.00
2017.10.23 08:11:30.852,1.17551,1.17554,11.06,1.95
2017.10.23 08:11:36.586,1.17553,1.17554,3.04,2.81
2017.10.23 08:11:36.638,1.17553,1.17556,7.91,6.07
2017.10.23 08:11:37.211,1.17554,1.17557,3.82,2.89
2017.10.23 08:11:38.910,1.17555,1.17557,1.00,1.95
2017.10.23 08:11:39.422,1.17555,1.17557,1.50,1.12
2017.10.23 08:11:42.475,1.17554,1.17556,3.82,2.69
2017.10.23 08:11:42.987,1.17553,1.17555,2.44,6.37
2017.10.23 08:11:44.261,1.17553,1.17555,1.50,6.37
2017.10.23 08:11:45.101,1.17553,1.17556,8.81,3.37
2017.10.23 08:11:45.154,1.17554,1.17557,2.25,2.81
2017.10.23 08:11:49.122,1.17556,1.17558,1.50,1.87
2017.10.23 08:11:49.530,1.17556,1.17559,2.06,4.12
2017.10.23 08:11:50.166,1.17557,1.17558,1.00,1.00
2017.10.23 08:11:50.694,1.17556,1.17559,1.50,1.25
2017.10.23 08:11:51.236,1.17556,1.17559,1.37,1.12
2017.10.23 08:11:54.882,1.17557,1.1756,1.50,1.87
2017.10.23 08:11:55.765,1.17559,1.1756,1.50,1.50
2017.10.23 08:11:56.300,1.1756,1.17561,1.20,1.00
2017.10.23 08:11:56.964,1.1756,1.17562,2.62,1.00
2017.10.23 08:11:57.519,1.17561,1.17562,3.26,1.00
2017.10.23 08:11:58.043,1.17561,1.17563,3.26,1.50
2017.10.23 08:11:59.763,1.17561,1.17563,3.00,1.50
2017.10.23 08:12:00.272,1.17561,1.17563,2.44,1.12
2017.10.23 08:12:00.784,1.17561,1.17563,2.06,1.50
2017.10.23 08:12:01.524,1.17561,1.17563,1.00,2.25
2017.10.23 08:12:01.629,1.17559,1.1756,5.29,1.50
2017.10.23 08:12:01.732,1.17558,1.17559,1.50,1.00
2017.10.23 08:12:02.281,1.17557,1.1756,7.80,6.00
2017.10.23 08:12:02.332,1.17558,1.1756,1.05,2.62
2017.10.23 08:12:02.486,1.17557,1.1756,2.70,5.25
2017.10.23 08:12:02.845,1.17559,1.1756,2.10,2.25
2017.10.23 08:12:03.384,1.17558,1.17559,1.00,1.50
2017.10.23 08:12:03.906,1.17557,1.17559,1.12,1.50
2017.10.23 08:12:05.821,1.17558,1.17559,4.72,1.00
2017.10.23 08:12:06.360,1.17559,1.1756,1.00,1.12
2017.10.23 08:12:06.618,1.1756,1.17562,2.14,1.12
2017.10.23 08:12:07.144,1.1756,1.17563,4.69,1.12
2017.10.23 08:12:08.962,1.1756,1.17563,3.94,1.00
2017.10.23 08:12:09.505,1.17561,1.17563,1.00,1.00
2017.10.23 08:12:10.058,1.1756,1.17563,3.94,1.00
2017.10.23 08:12:10.778,1.17561,1.17563,1.00,1.00
2017.10.23 08:12:11.311,1.1756,1.17564,4.35,2.32
2017.10.23 08:12:11.363,1.1756,1.17562,4.72,1.00
2017.10.23 08:12:11.912,1.1756,1.17563,1.31,1.50
2017.10.23 08:12:12.240,1.1756,1.17561,1.31,1.00
2017.10.23 08:12:12.928,1.17558,1.17559,1.12,3.00
2017.10.23 08:12:13.224,1.17556,1.17558,1.00,2.25
2017.10.23 08:12:13.328,1.17554,1.17556,1.57,1.00
2017.10.23 08:12:13.652,1.17555,1.17558,13.05,2.25
2017.10.23 08:12:14.174,1.17557,1.17559,3.30,2.62
2017.10.23 08:12:20.972,1.17556,1.17558,1.95,3.37
2017.10.23 08:12:21.242,1.17553,1.17555,4.91,1.12
2017.10.23 08:12:21.859,1.17552,1.17554,5.06,1.00
2017.10.23 08:12:22.485,1.17552,1.17554,1.50,1.00
2017.10.23 08:12:24.148,1.17554,1.17555,1.50,3.41
2017.10.23 08:12:24.661,1.17555,1.17556,2.44,1.31
2017.10.23 08:12:25.014,1.17557,1.17558,2.44,1.00
2017.10.23 08:12:26.000,1.17557,1.1756,5.29,3.90
2017.10.23 08:12:26.512,1.17557,1.17558,2.47,1.00
2017.10.23 08:12:28.714,1.17556,1.17558,3.94,1.00
2017.10.23 08:12:30.402,1.17556,1.17558,2.14,1.00
2017.10.23 08:12:30.737,1.17559,1.1756,1.50,3.00
2017.10.23 08:12:31.300,1.17559,1.17561,1.50,1.31
2017.10.23 08:12:31.823,1.1756,1.17561,1.50,1.31
2017.10.23 08:12:31.926,1.17557,1.1756,7.12,1.00
2017.10.23 08:12:32.436,1.17556,1.17559,7.91,1.69
2017.10.23 08:12:32.972,1.17556,1.17559,5.29,1.25
2017.10.23 08:12:33.651,1.17556,1.17559,7.54,1.25
2017.10.23 08:12:34.179,1.17556,1.17559,7.16,1.69
2017.10.23 08:12:35.416,1.17557,1.17559,1.35,2.62
2017.10.23 08:12:37.070,1.17556,1.17558,3.22,1.00
2017.10.23 08:12:37.957,1.17556,1.17558,2.66,1.87
2017.10.23 08:12:38.471,1.17555,1.17558,6.94,1.50
2017.10.23 08:12:39.016,1.17556,1.17558,1.12,2.25
2017.10.23 08:12:46.436,1.17555,1.17558,4.31,1.00
2017.10.23 08:12:47.358,1.17555,1.17557,3.56,1.00
2017.10.23 08:12:55.728,1.17554,1.17555,4.12,1.31
2017.10.23 08:12:55.831,1.17552,1.17554,5.62,1.00
2017.10.23 08:12:56.912,1.17552,1.17553,2.62,1.50
2017.10.23 08:12:57.423,1.17551,1.17553,4.16,1.87
2017.10.23 08:13:04.236,1.1755,1.17552,5.62,5.13
2017.10.23 08:13:04.752,1.1755,1.17553,15.41,2.25
2017.10.23 08:13:05.280,1.17551,1.17553,3.19,1.69
2017.10.23 08:13:05.811,1.17551,1.17553,3.94,1.00
2017.10.23 08:13:08.203,1.17551,1.17553,4.12,1.00
2017.10.23 08:13:08.728,1.17551,1.17554,3.75,2.14
2017.10.23 08:13:09.863,1.17551,1.17554,3.37,1.69
2017.10.23 08:13:13.150,1.17551,1.17554,8.29,1.69
2017.10.23 08:13:13.661,1.17551,1.17553,4.72,1.50
2017.10.23 08:13:14.340,1.17549,1.1755,4.50,1.87
2017.10.23 08:13:14.394,1.17548,1.1755,3.26,2.62
2017.10.23 08:13:14.907,1.17549,1.1755,4.05,1.00
2017.10.23 08:13:15.529,1.17549,1.17551,5.32,1.12
2017.10.23 08:13:19.406,1.17549,1.17551,6.22,1.00
2017.10.23 08:13:20.249,1.17549,1.1755,1.12,2.81
2017.10.23 08:13:20.302,1.17547,1.17549,6.26,1.00
2017.10.23 08:13:20.815,1.17546,1.17549,4.12,1.19
2017.10.23 08:13:21.396,1.17548,1.17549,1.00,1.25
2017.10.23 08:13:21.448,1.17549,1.1755,1.00,2.62
2017.10.23 08:13:23.894,1.17548,1.1755,3.75,6.25
2017.10.23 08:13:24.826,1.17547,1.1755,4.12,7.76
2017.10.23 08:13:30.266,1.17548,1.1755,1.25,5.62
2017.10.23 08:13:30.779,1.17546,1.17548,1.50,1.12
2017.10.23 08:13:31.290,1.17544,1.17548,5.62,2.44
2017.10.23 08:13:31.801,1.17544,1.17548,5.70,1.95
2017.10.23 08:13:32.712,1.17544,1.17547,9.26,1.12
2017.10.23 08:13:33.439,1.17544,1.17545,2.81,1.25
2017.10.23 08:13:33.743,1.17542,1.17543,2.62,1.00
2017.10.23 08:13:34.256,1.17541,1.17544,2.10,1.87
2017.10.23 08:13:34.720,1.1754,1.17544,4.57,3.00
2017.10.23 08:13:35.606,1.1754,1.17544,2.32,6.94
2017.10.23 08:13:37.403,1.1754,1.17543,4.84,2.25
2017.10.23 08:13:42.413,1.1754,1.17543,1.12,2.25
2017.10.23 08:13:45.459,1.1754,1.17543,5.06,2.25
2017.10.23 08:13:45.675,1.17543,1.17545,2.47,4.69
2017.10.23 08:13:46.116,1.17542,1.17545,2.81,3.64
2017.10.23 08:13:46.792,1.17543,1.17545,2.29,3.56
2017.10.23 08:13:47.312,1.17543,1.17545,2.66,1.69
2017.10.23 08:13:48.122,1.17543,1.17546,3.97,1.00
2017.10.23 08:13:48.580,1.17543,1.17544,1.25,1.50
2017.10.23 08:13:49.091,1.1754,1.17543,10.35,1.12
2017.10.23 08:13:49.933,1.1754,1.17543,9.11,1.00
2017.10.23 08:13:51.193,1.17542,1.17543,1.00,1.00
2017.10.23 08:13:51.949,1.1754,1.17542,1.00,2.06
2017.10.23 08:13:52.686,1.17541,1.17542,1.50,1.12
2017.10.23 08:13:53.241,1.17541,1.17543,1.00,2.81
2017.10.23 08:13:56.244,1.17543,1.17544,1.35,2.06
2017.10.23 08:13:56.352,1.17545,1.17546,1.50,1.31
2017.10.23 08:13:57.598,1.17545,1.17547,1.87,1.12
2017.10.23 08:13:58.172,1.17545,1.17547,1.87,3.75
2017.10.23 08:13:58.685,1.17546,1.17547,1.00,3.37
2017.10.23 08:13:59.207,1.17546,1.17547,1.00,5.81
2017.10.23 08:14:00.547,1.17545,1.17548,1.00,3.19
2017.10.23 08:14:01.058,1.17546,1.17548,1.00,3.37
2017.10.23 08:14:02.790,1.17546,1.17548,1.00,1.87
2017.10.23 08:14:10.045,1.17545,1.17547,1.31,2.25
2017.10.23 08:14:10.270,1.17543,1.17546,4.05,4.50
2017.10.23 08:14:11.301,1.17543,1.17545,1.12,3.00
2017.10.23 08:14:11.816,1.17543,1.17545,3.60,6.56
2017.10.23 08:14:12.124,1.17545,1.17546,1.00,1.12
2017.10.23 08:14:12.615,1.17543,1.17546,2.25,2.02
2017.10.23 08:14:13.121,1.17543,1.17546,3.37,2.25
2017.10.23 08:14:14.061,1.17545,1.17547,1.00,5.44
2017.10.23 08:14:14.918,1.17543,1.17546,2.32,6.19
2017.10.23 08:14:15.457,1.17542,1.17545,2.44,2.44
2017.10.23 08:14:16.003,1.17542,1.17545,2.81,4.31
2017.10.23 08:14:16.647,1.17542,1.17545,2.36,3.56
2017.10.23 08:14:17.127,1.17544,1.17546,1.20,3.37
2017.10.23 08:14:17.179,1.17545,1.17546,1.00,1.50
2017.10.23 08:14:18.774,1.17547,1.17548,1.00,1.50
2017.10.23 08:14:19.285,1.17547,1.17549,1.00,4.12
2017.10.23 08:14:19.791,1.17547,1.17549,1.00,1.00
2017.10.23 08:14:20.406,1.17547,1.1755,1.00,4.69
2017.10.23 08:14:20.918,1.17547,1.17549,1.00,1.00
2017.10.23 08:14:22.444,1.17547,1.17548,1.00,1.00
2017.10.23 08:14:22.953,1.17547,1.17549,1.00,1.87
2017.10.23 08:14:23.506,1.17545,1.17548,5.06,2.25
2017.10.23 08:14:23.559,1.17547,1.17548,1.00,2.06
2017.10.23 08:14:24.076,1.17547,1.17549,1.12,2.25
2017.10.23 08:14:30.116,1.17546,1.17549,5.70,2.25
2017.10.23 08:14:30.322,1.17542,1.17545,3.00,1.50
2017.10.23 08:14:30.830,1.17542,1.17545,3.00,2.62
2017.10.23 08:14:31.342,1.17542,1.17544,1.00,1.50
2017.10.23 08:14:32.858,1.17541,1.17544,3.94,3.00
2017.10.23 08:14:33.385,1.17542,1.17544,1.00,3.75
2017.10.23 08:14:34.910,1.17542,1.17544,1.87,1.12
2017.10.23 08:14:35.436,1.17542,1.17544,1.87,1.12
2017.10.23 08:14:36.634,1.17542,1.17544,1.00,1.50
2017.10.23 08:14:40.219,1.1754,1.17544,2.81,4.57
2017.10.23 08:14:41.651,1.1754,1.17542,10.80,1.00
2017.10.23 08:14:45.507,1.17541,1.17544,1.69,5.44
2017.10.23 08:14:45.611,1.17546,1.17548,1.95,1.12
2017.10.23 08:14:45.765,1.17547,1.1755,1.00,5.32
2017.10.23 08:14:46.307,1.17547,1.17549,2.25,1.12
2017.10.23 08:14:46.870,1.17547,1.1755,5.29,1.50
2017.10.23 08:14:47.405,1.17547,1.17549,2.44,1.00
2017.10.23 08:14:47.964,1.17546,1.17548,1.31,1.00
2017.10.23 08:14:48.481,1.17545,1.17548,5.06,3.75
2017.10.23 08:14:48.681,1.17544,1.17545,7.35,2.25
2017.10.23 08:14:48.733,1.17542,1.17545,4.50,8.89
2017.10.23 08:14:49.261,1.17542,1.17545,1.00,11.14
2017.10.23 08:14:49.764,1.17541,1.17544,6.19,1.50
2017.10.23 08:14:50.448,1.17542,1.17545,1.42,5.25
2017.10.23 08:14:50.552,1.17542,1.17545,3.11,3.37
2017.10.23 08:14:51.065,1.17542,1.17545,5.17,2.25
2017.10.23 08:14:51.846,1.17543,1.17544,1.00,1.50
2017.10.23 08:14:52.053,1.17541,1.17544,2.14,1.50
2017.10.23 08:14:52.983,1.17542,1.17544,1.00,1.00
2017.10.23 08:14:54.119,1.17541,1.17544,1.69,2.70
2017.10.23 08:14:54.626,1.17541,1.17544,3.19,1.50
2017.10.23 08:14:55.261,1.17543,1.17544,2.25,1.00
2017.10.23 08:14:55.364,1.17544,1.17546,9.64,2.62
2017.10.23 08:14:55.536,1.17543,1.17545,4.39,2.50
2017.10.23 08:14:55.702,1.17544,1.17546,1.31,2.81
2017.10.23 08:14:56.698,1.17544,1.17547,5.44,1.69
2017.10.23 08:14:57.226,1.17544,1.17547,3.75,1.12
2017.10.23 08:14:57.380,1.17544,1.17545,1.50,1.00
2017.10.23 08:14:57.895,1.17543,1.17544,1.12,1.50
2017.10.23 08:14:58.445,1.17542,1.17544,1.87,1.50
2017.10.23 08:14:59.740,1.17542,1.17544,1.12,3.75
2017.10.23 08:15:02.946,1.17541,1.17542,1.00,1.50
2017.10.23 08:15:03.102,1.17538,1.1754,3.00,2.06
2017.10.23 08:15:03.255,1.17537,1.17539,10.01,1.00
2017.10.23 08:15:03.358,1.17539,1.1754,1.00,2.81
2017.10.23 08:15:03.863,1.17538,1.1754,2.25,2.06
2017.10.23 08:15:04.290,1.17536,1.17538,5.25,1.50
2017.10.23 08:15:05.154,1.17537,1.17539,1.00,3.37
2017.10.23 08:15:05.715,1.17538,1.17539,1.00,3.37
2017.10.23 08:15:06.916,1.17537,1.17539,1.00,3.37
2017.10.23 08:15:07.223,1.17536,1.17538,3.64,1.00
2017.10.23 08:15:07.804,1.17538,1.17539,1.00,3.37
2017.10.23 08:15:08.318,1.17538,1.17539,1.00,1.12
2017.10.23 08:15:09.268,1.17537,1.17539,2.32,1.00
2017.10.23 08:15:10.398,1.17537,1.17538,1.00,1.12
2017.10.23 08:15:11.426,1.17537,1.17539,1.00,3.75
2017.10.23 08:15:11.478,1.17536,1.17537,1.12,1.00
2017.10.23 08:15:12.018,1.17536,1.17538,1.50,4.50
2017.10.23 08:15:17.776,1.17536,1.17538,1.95,1.12
2017.10.23 08:15:18.313,1.17536,1.17538,1.57,1.12
2017.10.23 08:15:20.495,1.17536,1.17539,1.25,3.56
2017.10.23 08:15:21.031,1.17535,1.17539,6.45,5.44
2017.10.23 08:15:21.969,1.17537,1.17539,1.00,5.06
2017.10.23 08:15:22.421,1.17539,1.17541,3.32,9.83
2017.10.23 08:15:22.576,1.17538,1.1754,1.00,1.50
2017.10.23 08:15:22.628,1.17537,1.1754,2.89,3.56
2017.10.23 08:15:23.699,1.17537,1.1754,2.89,2.06
2017.10.23 08:15:24.250,1.17536,1.17538,5.62,1.12
2017.10.23 08:15:24.888,1.17537,1.17538,1.00,1.12
2017.10.23 08:15:27.102,1.17538,1.17539,1.00,1.25
2017.10.23 08:15:27.408,1.17539,1.1754,1.00,6.19
2017.10.23 08:15:28.027,1.17538,1.17539,1.31,14.06
2017.10.23 08:15:28.638,1.17537,1.17538,3.45,13.87
2017.10.23 08:15:31.787,1.17539,1.1754,1.00,4.87
2017.10.23 08:15:31.944,1.17541,1.17542,1.00,1.50
2017.10.23 08:15:32.208,1.17541,1.17544,1.50,2.62
2017.10.23 08:15:40.436,1.17541,1.17543,1.12,1.12
2017.10.23 08:15:44.336,1.17541,1.17544,1.69,3.00
2017.10.23 08:15:44.795,1.17541,1.17543,3.75,1.50
2017.10.23 08:15:48.460,1.17541,1.17543,1.12,3.37
2017.10.23 08:15:49.341,1.17541,1.17543,1.31,3.37
2017.10.23 08:15:49.942,1.17541,1.17543,1.31,3.37
2017.10.23 08:15:50.846,1.17542,1.17543,1.00,4.50
2017.10.23 08:15:51.376,1.1754,1.17543,4.57,3.37
2017.10.23 08:15:51.891,1.17542,1.17543,1.00,1.87
2017.10.23 08:15:52.201,1.17543,1.17545,1.00,2.25
2017.10.23 08:15:55.265,1.17543,1.17546,1.20,2.25
2017.10.23 08:15:55.799,1.17543,1.17545,1.12,2.25
2017.10.23 08:15:56.857,1.17542,1.17545,2.32,3.00
2017.10.23 08:15:56.908,1.17542,1.17544,2.32,1.00
2017.10.23 08:15:59.438,1.17541,1.17543,3.00,2.50
2017.10.23 08:15:59.813,1.17548,1.1755,3.22,1.87
2017.10.23 08:15:59.866,1.1755,1.17552,2.80,3.56
2017.10.23 08:16:00.073,1.17552,1.17553,1.50,1.00
2017.10.23 08:16:00.588,1.17551,1.17554,1.12,6.37
2017.10.23 08:16:01.204,1.1755,1.17553,1.62,1.50
2017.10.23 08:16:03.877,1.17551,1.17553,1.00,2.14
2017.10.23 08:16:05.585,1.1755,1.17552,3.00,1.12
2017.10.23 08:16:07.092,1.17547,1.17549,10.69,1.00
2017.10.23 08:16:07.638,1.17547,1.17549,1.00,2.62
2017.10.23 08:16:10.334,1.17545,1.17549,5.06,3.75
2017.10.23 08:16:10.886,1.17545,1.17547,2.81,1.00
2017.10.23 08:16:11.407,1.17545,1.17547,3.19,1.00
2017.10.23 08:16:12.140,1.17542,1.17544,3.82,1.00
2017.10.23 08:16:12.345,1.17543,1.17545,1.00,2.70
2017.10.23 08:16:12.804,1.17541,1.17544,5.47,1.00
2017.10.23 08:16:13.330,1.1754,1.17543,6.00,1.00
2017.10.23 08:16:13.968,1.1754,1.17542,1.37,1.00
2017.10.23 08:16:14.486,1.1754,1.17544,1.12,6.82
2017.10.23 08:16:15.017,1.1754,1.17542,1.00,1.00
2017.10.23 08:16:15.670,1.17539,1.17542,5.06,1.10
2017.10.23 08:16:15.824,1.1754,1.17542,1.69,1.00
2017.10.23 08:16:16.080,1.17542,1.17545,5.62,2.32
2017.10.23 08:16:16.664,1.17541,1.17544,2.62,1.50
2017.10.23 08:16:17.179,1.17541,1.17543,1.50,2.32
2017.10.23 08:16:17.537,1.17539,1.17543,2.25,4.95
2017.10.23 08:16:18.070,1.1754,1.17543,2.25,1.95
2017.10.23 08:16:18.545,1.17541,1.17544,1.00,10.01
2017.10.23 08:16:18.597,1.17541,1.17544,1.00,10.01
2017.10.23 08:16:18.920,1.17542,1.17545,3.04,8.25
2017.10.23 08:16:19.439,1.17542,1.17545,2.47,2.62
2017.10.23 08:16:19.593,1.17544,1.17546,1.12,1.20
2017.10.23 08:16:20.138,1.17543,1.17546,1.72,2.92
2017.10.23 08:16:20.691,1.17543,1.17545,1.35,1.10
2017.10.23 08:16:21.404,1.17541,1.17545,4.31,2.70
2017.10.23 08:16:21.798,1.1754,1.17543,5.81,1.12
2017.10.23 08:16:22.422,1.17541,1.17543,1.50,1.12
2017.10.23 08:16:22.970,1.1754,1.17544,3.37,4.95
2017.10.23 08:16:23.511,1.17541,1.17544,1.00,4.95
2017.10.23 08:16:23.864,1.1754,1.17543,4.12,1.07
2017.10.23 08:16:24.458,1.1754,1.17543,4.31,1.00
2017.10.23 08:16:25.875,1.17541,1.17544,1.25,4.20
2017.10.23 08:16:25.978,1.17544,1.17545,1.87,2.32
2017.10.23 08:16:26.081,1.17545,1.17547,1.12,1.35
2017.10.23 08:16:27.072,1.17545,1.17548,2.25,4.80
2017.10.23 08:16:27.620,1.17545,1.17548,1.00,4.05
2017.10.23 08:16:28.121,1.17545,1.17546,3.37,1.30
2017.10.23 08:16:28.266,1.17542,1.17543,1.12,1.50
2017.10.23 08:16:28.370,1.1754,1.17542,2.25,1.00
2017.10.23 08:16:28.474,1.17538,1.17539,3.97,1.46
2017.10.23 08:16:28.725,1.17534,1.17536,1.12,1.12
2017.10.23 08:16:28.880,1.17533,1.17534,1.00,1.50
2017.10.23 08:16:28.983,1.17531,1.17534,1.00,1.50
2017.10.23 08:16:29.034,1.17534,1.17536,3.60,7.95
2017.10.23 08:16:29.188,1.17533,1.17534,1.50,1.00
2017.10.23 08:16:29.292,1.1753,1.17533,1.25,1.50
2017.10.23 08:16:30.291,1.17531,1.17534,2.85,2.14
2017.10.23 08:16:31.039,1.17531,1.17532,1.00,1.00
2017.10.23 08:16:31.193,1.17529,1.17531,3.19,2.50
2017.10.23 08:16:31.297,1.17528,1.1753,1.87,4.95
2017.10.23 08:16:31.833,1.17526,1.17529,4.31,1.00
2017.10.23 08:16:32.397,1.17527,1.17529,1.00,1.07
2017.10.23 08:16:32.956,1.17526,1.17528,2.81,1.00
2017.10.23 08:16:33.111,1.17528,1.1753,1.00,5.32
2017.10.23 08:16:33.522,1.17528,1.17532,9.22,1.12
2017.10.23 08:16:34.690,1.1753,1.17532,1.50,1.12
2017.10.23 08:16:34.970,1.17529,1.1753,1.00,1.00
2017.10.23 08:16:35.075,1.17529,1.17532,1.30,1.00
2017.10.23 08:16:35.738,1.1753,1.17532,1.50,1.00
2017.10.23 08:16:37.102,1.17531,1.17532,1.50,1.00
2017.10.23 08:16:37.749,1.1753,1.17534,6.04,3.37
2017.10.23 08:16:39.238,1.1753,1.17534,1.50,9.82
2017.10.23 08:16:39.290,1.1753,1.17532,1.12,1.00
2017.10.23 08:16:39.858,1.1753,1.17533,1.12,2.32
2017.10.23 08:16:40.390,1.17531,1.17533,1.00,1.95
2017.10.23 08:16:40.737,1.1753,1.17533,1.12,2.77
2017.10.23 08:16:41.017,1.1753,1.17533,1.12,1.20
2017.10.23 08:16:41.214,1.17532,1.17533,1.00,1.20
2017.10.23 08:16:41.319,1.17534,1.17536,1.72,1.00
2017.10.23 08:16:42.432,1.17534,1.17538,3.00,9.34
2017.10.23 08:16:42.967,1.17535,1.17537,1.00,1.12
2017.10.23 08:16:43.617,1.17536,1.17538,1.00,5.32
2017.10.23 08:16:44.655,1.17536,1.17539,1.87,2.32
2017.10.23 08:16:44.758,1.17539,1.17541,2.25,1.00
2017.10.23 08:16:44.809,1.1754,1.17542,1.00,3.82
2017.10.23 08:16:45.328,1.17539,1.17542,5.62,1.12
2017.10.23 08:16:45.635,1.17538,1.17541,3.00,4.12
2017.10.23 08:16:45.686,1.17538,1.17541,1.50,3.19
2017.10.23 08:16:45.941,1.17539,1.17542,3.19,1.50
2017.10.23 08:16:46.064,1.17539,1.17543,3.19,2.81
2017.10.23 08:16:47.398,1.17539,1.17542,3.00,1.25
2017.10.23 08:16:47.655,1.17538,1.1754,1.00,6.37
2017.10.23 08:16:47.973,1.17536,1.17537,1.00,1.00
2017.10.23 08:16:48.689,1.17536,1.17538,1.37,1.00
2017.10.23 08:16:48.946,1.17534,1.17538,6.37,1.12
2017.10.23 08:16:49.058,1.17534,1.17538,9.75,1.20
2017.10.23 08:16:49.575,1.17534,1.17538,7.50,3.34
2017.10.23 08:16:50.173,1.17534,1.17536,1.00,1.27
2017.10.23 08:16:50.696,1.17533,1.17536,1.50,2.40
2017.10.23 08:16:51.429,1.17533,1.17535,1.12,1.00
2017.10.23 08:16:51.943,1.17533,1.17534,1.12,1.00
2017.10.23 08:16:52.637,1.17532,1.17535,1.37,2.70
2017.10.23 08:16:53.149,1.17532,1.17534,1.37,1.12
2017.10.23 08:16:56.780,1.17533,1.17536,1.00,6.37
2017.10.23 08:16:57.830,1.17533,1.17536,1.00,4.31
2017.10.23 08:16:58.380,1.17532,1.17535,3.00,1.00
2017.10.23 08:16:59.456,1.17532,1.17536,2.81,3.75
2017.10.23 08:16:59.965,1.17532,1.17536,3.94,4.27
2017.10.23 08:17:00.498,1.17534,1.17537,2.06,3.26
2017.10.23 08:17:01.030,1.17535,1.17537,1.87,1.50
2017.10.23 08:17:08.185,1.17534,1.17538,5.62,4.57
2017.10.23 08:17:08.895,1.17534,1.17537,2.44,1.00
2017.10.23 08:17:09.431,1.17534,1.17537,1.25,2.44
2017.10.23 08:17:09.980,1.17534,1.17537,1.25,1.87
2017.10.23 08:17:10.560,1.17534,1.17537,1.31,5.70
2017.10.23 08:17:10.869,1.17532,1.17535,2.62,3.37
2017.10.23 08:17:11.177,1.17533,1.17535,3.56,1.12
2017.10.23 08:17:11.843,1.17532,1.17535,1.57,1.50
2017.10.23 08:17:11.946,1.17531,1.17533,3.19,1.00
2017.10.23 08:17:12.153,1.17532,1.17534,2.06,1.00
2017.10.23 08:17:13.164,1.17531,1.17533,6.00,1.00
2017.10.23 08:17:13.419,1.17533,1.17535,1.37,1.00
2017.10.23 08:17:13.579,1.17534,1.17537,2.81,4.12
2017.10.23 08:17:14.191,1.17534,1.17537,2.44,2.25
2017.10.23 08:17:14.786,1.17535,1.17538,1.50,8.06
2017.10.23 08:17:16.329,1.17535,1.17537,1.31,1.50
2017.10.23 08:17:19.908,1.17535,1.17537,2.44,1.12
2017.10.23 08:17:21.606,1.17535,1.17537,2.06,1.50
2017.10.23 08:17:22.114,1.17535,1.17537,2.06,1.00
2017.10.23 08:17:22.430,1.17537,1.17539,1.00,9.19
2017.10.23 08:17:22.584,1.17536,1.17539,2.66,1.00
2017.10.23 08:17:22.736,1.17536,1.17539,2.81,3.37
2017.10.23 08:17:22.840,1.17535,1.17538,1.69,2.51
2017.10.23 08:17:29.337,1.17535,1.17538,1.25,1.12
2017.10.23 08:17:29.885,1.17535,1.17538,1.25,3.00
2017.10.23 08:17:32.649,1.17537,1.17538,1.50,1.50
2017.10.23 08:17:33.162,1.17536,1.17539,2.44,7.20
2017.10.23 08:17:33.688,1.17535,1.17538,1.25,3.07
2017.10.23 08:17:36.039,1.17535,1.17538,3.56,5.25
2017.10.23 08:17:36.245,1.17537,1.17539,4.76,1.12
2017.10.23 08:17:36.814,1.17537,1.1754,4.50,4.50
2017.10.23 08:17:37.344,1.17538,1.1754,1.25,1.87
2017.10.23 08:17:37.855,1.17538,1.17539,1.25,1.00
2017.10.23 08:17:38.367,1.17536,1.17539,2.06,3.07
2017.10.23 08:17:38.907,1.17536,1.17539,2.06,3.07
2017.10.23 08:17:40.361,1.17536,1.17539,1.25,1.95
2017.10.23 08:17:43.004,1.17536,1.17539,1.25,3.70
2017.10.23 08:17:43.955,1.17536,1.17538,1.00,1.12
2017.10.23 08:17:44.877,1.17535,1.17538,3.37,3.00
2017.10.23 08:17:45.238,1.17534,1.17535,1.50,4.12
2017.10.23 08:17:45.549,1.17531,1.17534,5.44,4.57
2017.10.23 08:17:48.056,1.17531,1.17534,3.56,1.57
2017.10.23 08:17:51.592,1.17531,1.17535,2.62,3.82
2017.10.23 08:17:51.746,1.17534,1.17535,1.00,1.50
2017.10.23 08:17:52.310,1.17533,1.17536,1.31,4.01
2017.10.23 08:17:53.129,1.17533,1.17536,1.25,1.50
2017.10.23 08:17:53.674,1.17533,1.17536,1.87,1.12
2017.10.23 08:17:55.764,1.17534,1.17537,1.25,3.07
2017.10.23 08:17:56.443,1.17534,1.17537,1.62,4.20
2017.10.23 08:17:56.873,1.17536,1.17539,2.44,3.26
2017.10.23 08:17:57.079,1.17537,1.1754,2.25,4.20
2017.10.23 08:17:57.605,1.17537,1.17539,3.00,1.00
2017.10.23 08:17:58.602,1.17538,1.17539,1.00,1.12
2017.10.23 08:17:59.012,1.17536,1.17539,6.56,2.32
2017.10.23 08:18:01.754,1.17536,1.17538,2.81,2.25
2017.10.23 08:18:02.292,1.17535,1.17538,2.06,3.75
2017.10.23 08:18:03.814,1.17535,1.17538,1.25,3.07
2017.10.23 08:18:05.602,1.17533,1.17534,2.62,1.00
2017.10.23 08:18:05.707,1.17532,1.17534,1.12,1.50
2017.10.23 08:18:06.065,1.17534,1.17535,1.12,1.20
2017.10.23 08:18:06.573,1.17533,1.17535,1.87,2.62
2017.10.23 08:18:06.675,1.17533,1.17536,2.51,2.62
2017.10.23 08:18:06.829,1.17532,1.17534,1.57,1.00
2017.10.23 08:18:06.983,1.17531,1.17533,2.81,1.00
2017.10.23 08:18:07.484,1.17533,1.17535,1.10,4.12
2017.10.23 08:18:07.995,1.17531,1.17534,2.06,4.12
2017.10.23 08:18:08.556,1.17531,1.17533,1.25,1.12
2017.10.23 08:18:09.237,1.1753,1.17533,1.00,4.12
2017.10.23 08:18:09.886,1.1753,1.17533,1.20,4.50
2017.10.23 08:18:10.398,1.17529,1.17531,2.89,1.00
2017.10.23 08:18:11.153,1.17529,1.17532,2.51,1.12
2017.10.23 08:18:12.680,1.17529,1.17532,1.39,1.12
2017.10.23 08:18:15.000,1.1753,1.17532,1.00,1.12
2017.10.23 08:18:17.738,1.17528,1.1753,9.07,2.12
2017.10.23 08:18:17.840,1.17527,1.1753,3.82,3.00
2017.10.23 08:18:17.892,1.17529,1.1753,1.57,1.12
2017.10.23 08:18:18.355,1.17526,1.17528,5.06,1.00
2017.10.23 08:18:18.517,1.17528,1.17531,2.51,2.62
2017.10.23 08:18:21.982,1.17528,1.17531,5.40,1.87
2017.10.23 08:18:22.597,1.17528,1.17531,4.20,1.50
2017.10.23 08:18:23.103,1.17529,1.17532,2.25,1.50
2017.10.23 08:18:23.662,1.17529,1.17532,2.25,1.50
2017.10.23 08:18:24.214,1.17529,1.17533,4.39,4.12
2017.10.23 08:18:24.688,1.17529,1.17531,1.31,1.00
2017.10.23 08:18:25.588,1.17528,1.1753,1.57,1.20
2017.10.23 08:18:25.901,1.17527,1.1753,1.50,2.62
2017.10.23 08:18:26.913,1.17526,1.1753,6.37,1.50
2017.10.23 08:18:27.663,1.17527,1.1753,1.00,1.50
2017.10.23 08:18:29.968,1.17527,1.17528,3.00,1.00
2017.10.23 08:18:30.123,1.17529,1.17531,1.00,1.87
2017.10.23 08:18:30.698,1.17529,1.1753,1.00,1.00
2017.10.23 08:18:32.230,1.17527,1.17529,4.01,1.00
2017.10.23 08:18:32.281,1.17529,1.1753,1.00,1.87
2017.10.23 08:18:32.792,1.17529,1.17531,2.06,1.00
2017.10.23 08:18:33.199,1.17528,1.1753,2.89,1.12
2017.10.23 08:18:35.037,1.17528,1.1753,3.26,1.00
2017.10.23 08:18:35.548,1.17528,1.1753,1.95,1.12
2017.10.23 08:18:36.760,1.17528,1.1753,3.64,1.00
2017.10.23 08:18:37.865,1.1753,1.17531,1.25,2.25
2017.10.23 08:18:38.427,1.1753,1.17532,1.00,1.87
2017.10.23 08:18:38.970,1.17531,1.17532,1.00,1.12
2017.10.23 08:18:43.493,1.17531,1.17533,1.69,3.37
2017.10.23 08:18:43.801,1.17533,1.17534,2.85,3.37
2017.10.23 08:18:43.854,1.17534,1.17535,1.00,2.25
2017.10.23 08:18:44.377,1.17534,1.17537,1.95,4.12
2017.10.23 08:18:44.713,1.17533,1.17535,8.89,1.00
2017.10.23 08:18:44.867,1.17532,1.17534,2.66,1.00
2017.10.23 08:18:44.970,1.17532,1.17536,7.35,5.25
2017.10.23 08:18:45.478,1.17533,1.17535,1.20,1.00
2017.10.23 08:18:46.086,1.17533,1.17534,2.62,1.00
2017.10.23 08:18:46.571,1.17527,1.17528,2.51,1.12
2017.10.23 08:18:46.879,1.17522,1.17523,1.12,1.00
2017.10.23 08:18:47.085,1.17522,1.17525,1.76,2.25
2017.10.23 08:18:47.592,1.17522,1.17525,3.26,1.00
2017.10.23 08:18:48.104,1.17522,1.17525,1.69,2.06
2017.10.23 08:18:48.616,1.17522,1.17525,2.06,1.12
2017.10.23 08:18:48.882,1.17522,1.17524,1.25,1.00
2017.10.23 08:19:03.399,1.17522,1.17524,2.06,1.12
2017.10.23 08:19:04.022,1.17522,1.17524,1.69,1.12
2017.10.23 08:19:04.556,1.17521,1.17523,1.76,1.12
2017.10.23 08:19:05.965,1.17521,1.17523,1.25,2.06
2017.10.23 08:19:06.471,1.17519,1.17522,2.81,1.25
2017.10.23 08:19:06.830,1.17519,1.1752,1.87,2.44
2017.10.23 08:19:06.984,1.17515,1.17517,2.06,1.00
2017.10.23 08:19:07.201,1.17514,1.17515,1.00,1.50
2017.10.23 08:19:07.510,1.17511,1.17513,3.07,1.50
2017.10.23 08:19:07.988,1.1751,1.17512,2.08,1.12
2017.10.23 08:19:08.350,1.17509,1.1751,1.20,1.00
2017.10.23 08:19:08.403,1.17506,1.17508,1.87,1.50
2017.10.23 08:19:08.456,1.17505,1.17506,2.89,1.50
2017.10.23 08:19:08.509,1.17504,1.17505,3.37,1.00
2017.10.23 08:19:08.612,1.17505,1.17507,1.00,1.69
2017.10.23 08:19:08.793,1.17507,1.17508,2.62,1.69
2017.10.23 08:19:08.851,1.17509,1.17511,3.75,1.50
2017.10.23 08:19:08.902,1.17511,1.17513,1.00,5.44
2017.10.23 08:19:08.954,1.1751,1.17512,1.00,2.06
2017.10.23 08:19:09.632,1.17509,1.17512,1.00,5.25
2017.10.23 08:19:09.686,1.17506,1.17509,1.50,5.06
2017.10.23 08:19:10.097,1.17505,1.17508,2.90,1.00
2017.10.23 08:19:12.908,1.17505,1.17509,5.14,3.75
2017.10.23 08:19:13.849,1.17505,1.17508,1.31,1.12
2017.10.23 08:19:14.387,1.17505,1.17508,2.89,1.12
2017.10.23 08:19:17.283,1.17505,1.17508,4.39,1.87
2017.10.23 08:19:18.706,1.17505,1.17508,3.64,1.12
2017.10.23 08:19:19.256,1.17505,1.17508,1.76,1.12
2017.10.23 08:19:19.879,1.17506,1.17509,2.44,3.75
2017.10.23 08:19:20.270,1.17505,1.17508,1.69,1.87
2017.10.23 08:19:22.502,1.17505,1.17508,1.69,1.50
2017.10.23 08:19:23.442,1.17504,1.17507,6.75,1.00
2017.10.23 08:19:23.974,1.17505,1.17507,1.00,1.31
2017.10.23 08:19:24.716,1.17504,1.17507,1.01,1.31
2017.10.23 08:19:25.363,1.17503,1.17507,2.89,2.06
2017.10.23 08:19:26.423,1.17503,1.17507,3.07,2.06
2017.10.23 08:19:26.690,1.17505,1.17507,1.00,1.87
2017.10.23 08:19:26.844,1.17503,1.17506,1.12,4.69
2017.10.23 08:19:26.895,1.17502,1.17505,1.20,2.44
2017.10.23 08:19:27.202,1.17503,1.17505,1.00,1.69
2017.10.23 08:19:27.305,1.17502,1.17504,1.95,1.12
2017.10.23 08:19:27.607,1.17501,1.17502,1.76,1.00
2017.10.23 08:19:28.477,1.175,1.17501,1.12,1.00
2017.10.23 08:19:28.978,1.175,1.17502,1.57,1.12
2017.10.23 08:19:29.572,1.17499,1.17501,6.45,6.00
2017.10.23 08:19:29.777,1.17488,1.17489,1.87,1.00
2017.10.23 08:19:29.833,1.17485,1.17488,2.06,3.45
2017.10.23 08:19:29.936,1.17487,1.17489,4.31,1.87
2017.10.23 08:19:30.068,1.17485,1.17488,5.44,1.37
2017.10.23 08:19:30.120,1.17488,1.1749,6.37,2.81
2017.10.23 08:19:30.460,1.17485,1.17487,1.00,1.87
2017.10.23 08:19:30.722,1.17483,1.17486,2.10,1.12
2017.10.23 08:19:31.272,1.17482,1.17486,8.51,1.00
2017.10.23 08:19:31.324,1.17483,1.17486,1.95,1.00
2017.10.23 08:19:32.059,1.17484,1.17485,1.50,1.00
2017.10.23 08:19:32.577,1.17482,1.17486,7.76,2.62
2017.10.23 08:19:33.123,1.17483,1.17486,1.47,2.89
2017.10.23 08:19:33.651,1.17483,1.17485,2.70,1.87
2017.10.23 08:19:35.676,1.17483,1.17486,1.45,1.37
2017.10.23 08:19:36.188,1.17483,1.17486,3.00,1.39
2017.10.23 08:19:37.627,1.17483,1.17486,2.25,3.16
2017.10.23 08:19:38.271,1.17484,1.17485,1.00,1.12
2017.10.23 08:19:38.784,1.17484,1.17486,1.00,1.00
2017.10.23 08:19:39.287,1.17484,1.17487,1.12,2.59
2017.10.23 08:19:39.891,1.17485,1.17487,1.69,1.10
2017.10.23 08:19:39.946,1.17495,1.17497,1.00,7.31
2017.10.23 08:19:40.101,1.17498,1.175,2.25,3.82
2017.10.23 08:19:40.255,1.17496,1.17499,3.07,5.06
2017.10.23 08:19:40.634,1.17495,1.17497,2.70,3.37
2017.10.23 08:19:40.737,1.17489,1.17492,1.95,3.75
2017.10.23 08:19:40.790,1.17488,1.17491,1.95,4.69
2017.10.23 08:19:40.843,1.17489,1.17492,2.62,3.26
2017.10.23 08:19:41.359,1.1749,1.17493,1.57,2.62
2017.10.23 08:19:41.822,1.17489,1.17491,1.00,5.44
2017.10.23 08:19:42.137,1.17485,1.17486,1.50,1.12
2017.10.23 08:19:42.334,1.17487,1.17489,1.00,5.33
2017.10.23 08:19:42.849,1.17485,1.17488,4.24,1.12
2017.10.23 08:19:43.385,1.17486,1.17489,1.12,3.27
2017.10.23 08:19:43.970,1.17486,1.17489,1.95,4.96
2017.10.23 08:19:44.619,1.17485,1.17488,1.31,2.25
2017.10.23 08:19:44.978,1.17482,1.17485,1.25,2.32
2017.10.23 08:19:45.493,1.17482,1.17485,4.50,1.37
2017.10.23 08:19:45.647,1.17481,1.17484,3.37,1.37
2017.10.23 08:19:46.536,1.1748,1.17482,1.87,1.00
2017.10.23 08:19:47.582,1.1748,1.17482,1.00,1.50
2017.10.23 08:19:47.837,1.17479,1.17481,2.25,1.12
2017.10.23 08:19:48.548,1.17479,1.17482,1.50,1.96
2017.10.23 08:19:48.862,1.17478,1.1748,1.12,1.37
2017.10.23 08:19:49.170,1.17477,1.17478,7.20,2.25
2017.10.23 08:19:49.295,1.17478,1.17479,1.50,1.00
2017.10.23 08:19:49.655,1.17479,1.17481,1.12,1.69
2017.10.23 08:19:49.757,1.17478,1.17481,1.01,2.44
2017.10.23 08:19:50.376,1.17478,1.17481,3.09,4.57
2017.10.23 08:19:50.686,1.17475,1.17478,1.87,3.00
2017.10.23 08:19:51.257,1.17474,1.17476,1.00,3.07
2017.10.23 08:19:51.310,1.17471,1.17474,2.62,1.87
2017.10.23 08:19:51.855,1.17471,1.17474,2.25,1.00
2017.10.23 08:19:52.060,1.17474,1.17475,1.00,1.12
2017.10.23 08:19:52.206,1.17473,1.17476,3.37,1.00
2017.10.23 08:19:52.258,1.17474,1.17477,1.70,2.44
2017.10.23 08:19:52.361,1.17473,1.17476,3.94,1.00
2017.10.23 08:19:52.719,1.17471,1.17475,1.12,1.87
2017.10.23 08:19:53.248,1.17471,1.17474,1.25,1.87
2017.10.23 08:19:53.460,1.1747,1.17472,2.89,1.00
2017.10.23 08:19:53.767,1.17461,1.17463,6.94,3.25
2017.10.23 08:19:53.942,1.17453,1.17455,2.25,1.00
2017.10.23 08:19:53.994,1.17457,1.17458,2.25,4.12
2017.10.23 08:19:54.046,1.17463,1.17465,1.00,1.37
2017.10.23 08:19:54.098,1.17466,1.17468,1.87,3.19
2017.10.23 08:19:54.202,1.17468,1.17471,1.87,2.10
2017.10.23 08:19:54.487,1.17467,1.17469,1.10,2.62
2017.10.23 08:19:55.001,1.17466,1.17469,1.12,1.00
2017.10.23 08:19:55.338,1.17465,1.17467,1.00,1.12
2017.10.23 08:19:55.647,1.17463,1.17465,3.38,1.12
2017.10.23 08:19:56.243,1.17464,1.17465,2.06,1.12
2017.10.23 08:19:56.605,1.17464,1.17467,1.69,1.50
2017.10.23 08:19:57.054,1.17465,1.17468,3.82,1.87
2017.10.23 08:19:57.110,1.17468,1.17471,2.06,1.45
2017.10.23 08:19:57.214,1.17469,1.17471,3.64,1.50
2017.10.23 08:19:57.523,1.17473,1.17474,1.25,1.12
2017.10.23 08:19:57.728,1.17473,1.17476,1.12,2.25
2017.10.23 08:19:57.779,1.17471,1.17474,3.56,1.82
2017.10.23 08:19:57.949,1.17471,1.17474,1.95,2.25
2017.10.23 08:19:58.106,1.17473,1.17475,3.75,1.00
2017.10.23 08:19:58.210,1.17475,1.17478,1.00,1.50
2017.10.23 08:19:58.620,1.17473,1.17475,7.20,1.00
2017.10.23 08:19:58.724,1.17471,1.17475,6.26,1.87
2017.10.23 08:19:58.841,1.17474,1.17475,1.00,1.87
2017.10.23 08:19:58.995,1.17476,1.17479,1.50,3.75
2017.10.23 08:19:59.508,1.17476,1.17479,1.50,1.50
2017.10.23 08:20:00.010,1.17476,1.17478,1.50,1.12
2017.10.23 08:20:00.163,1.17478,1.17479,2.81,1.12
2017.10.23 08:20:00.572,1.17479,1.17481,1.00,3.19
2017.10.23 08:20:00.625,1.17478,1.17481,2.70,1.69
2017.10.23 08:20:00.778,1.17479,1.1748,1.87,1.00
2017.10.23 08:20:00.932,1.17478,1.1748,2.32,1.50
2017.10.23 08:20:01.086,1.17479,1.1748,1.00,1.00
2017.10.23 08:20:01.549,1.17481,1.17483,1.00,5.81
2017.10.23 08:20:01.660,1.17479,1.17482,1.50,1.25
2017.10.23 08:20:01.969,1.1748,1.17482,2.50,4.87
2017.10.23 08:20:02.482,1.17481,1.17483,1.12,2.25
2017.10.23 08:20:02.636,1.17481,1.17484,1.50,1.12
2017.10.23 08:20:02.687,1.17483,1.17484,1.00,1.00
2017.10.23 08:20:03.162,1.17481,1.17484,1.12,2.25
2017.10.23 08:20:03.675,1.17481,1.17483,1.00,1.12
2017.10.23 08:20:04.194,1.17479,1.17483,4.57,1.12
2017.10.23 08:20:04.347,1.17481,1.17483,1.50,1.87
2017.10.23 08:20:04.655,1.17484,1.17485,2.25,1.31
2017.10.23 08:20:04.758,1.17482,1.17485,1.50,3.94
2017.10.23 08:20:04.959,1.17483,1.17484,1.12,1.87
2017.10.23 08:20:05.471,1.17483,1.17485,2.32,11.44
2017.10.23 08:20:05.828,1.17481,1.17484,1.12,4.50
2017.10.23 08:20:05.880,1.1748,1.17482,1.00,1.00
2017.10.23 08:20:05.983,1.17479,1.17481,3.37,1.50
2017.10.23 08:20:06.535,1.17478,1.17481,1.00,1.50
2017.10.23 08:20:07.047,1.17479,1.1748,1.00,2.70
2017.10.23 08:20:08.146,1.17478,1.1748,2.25,1.10
2017.10.23 08:20:08.507,1.17476,1.17478,1.78,1.00
2017.10.23 08:20:08.841,1.17473,1.17475,7.87,2.25
2017.10.23 08:20:08.894,1.17471,1.17473,1.12,1.12
2017.10.23 08:20:08.946,1.17472,1.17474,5.12,4.57
2017.10.23 08:20:09.470,1.17473,1.17474,2.44,1.00
2017.10.23 08:20:09.825,1.17471,1.17473,3.00,3.75
2017.10.23 08:20:10.080,1.1747,1.17473,1.87,8.70
2017.10.23 08:20:10.439,1.17469,1.17472,5.81,3.37
2017.10.23 08:20:10.648,1.1747,1.17472,1.31,3.07
2017.10.23 08:20:10.861,1.17468,1.17471,7.97,1.12
2017.10.23 08:20:10.914,1.17467,1.1747,2.62,5.81
2017.10.23 08:20:11.428,1.17468,1.17471,5.06,3.82
2017.10.23 08:20:12.143,1.17468,1.17471,9.45,2.62
2017.10.23 08:20:12.696,1.17468,1.17471,9.45,2.62
2017.10.23 08:20:13.201,1.17469,1.17472,1.31,2.14
2017.10.23 08:20:13.252,1.17469,1.17472,1.87,3.07
2017.10.23 08:20:13.355,1.17469,1.17472,1.87,4.39
2017.10.23 08:20:13.508,1.1747,1.17472,1.00,1.50
2017.10.23 08:20:14.141,1.17469,1.17472,2.62,1.00
2017.10.23 08:20:14.542,1.17469,1.17472,2.62,4.57
2017.10.23 08:20:15.059,1.17471,1.17472,1.69,1.20
2017.10.23 08:20:15.671,1.17473,1.17474,1.50,3.19
2017.10.23 08:20:15.774,1.17474,1.17476,1.87,3.07
2017.10.23 08:20:16.284,1.17474,1.17476,1.87,1.95
2017.10.23 08:20:16.789,1.17475,1.17477,1.00,1.31
2017.10.23 08:20:17.316,1.17474,1.17477,3.52,1.87
2017.10.23 08:20:17.934,1.17474,1.17477,4.27,2.70
2017.10.23 08:20:18.138,1.17474,1.17477,3.15,7.20
2017.10.23 08:20:18.241,1.17473,1.17476,2.44,3.19
2017.10.23 08:20:18.346,1.17471,1.17472,3.75,1.00
2017.10.23 08:20:18.552,1.17468,1.17469,2.25,2.25
2017.10.23 08:20:19.011,1.17466,1.17468,1.95,1.00
2017.10.23 08:20:20.030,1.17464,1.17467,1.00,3.07
2017.10.23 08:20:20.238,1.17462,1.17465,7.12,1.00
2017.10.23 08:20:20.341,1.17464,1.17465,1.00,1.87
2017.10.23 08:20:20.853,1.17463,1.17466,5.06,3.64
2017.10.23 08:20:21.365,1.17463,1.17466,6.94,1.00
2017.10.23 08:20:21.893,1.17465,1.17467,1.00,1.47
2017.10.23 08:20:22.443,1.17464,1.17467,3.37,1.20
2017.10.23 08:20:22.969,1.17464,1.17466,2.23,1.12
2017.10.23 08:20:24.425,1.17464,1.17467,1.50,6.82
2017.10.23 08:20:25.032,1.17463,1.17466,2.25,4.50
2017.10.23 08:20:27.652,1.17463,1.17466,4.69,1.00
2017.10.23 08:20:28.172,1.17463,1.17467,3.37,2.62
2017.10.23 08:20:28.520,1.17464,1.17467,4.12,3.37
2017.10.23 08:20:28.980,1.17464,1.17468,6.37,5.25
2017.10.23 08:20:30.014,1.17467,1.1747,3.94,8.89
2017.10.23 08:20:30.066,1.17473,1.17474,1.50,1.00
2017.10.23 08:20:30.314,1.1747,1.17474,3.37,3.75
2017.10.23 08:20:30.725,1.17471,1.17473,2.81,1.12
2017.10.23 08:20:30.981,1.1747,1.17474,2.89,3.00
2017.10.23 08:20:31.032,1.17469,1.17472,9.37,1.45
2017.10.23 08:20:31.404,1.17469,1.17473,2.25,2.32
2017.10.23 08:20:31.506,1.17469,1.17474,3.37,7.57
2017.10.23 08:20:31.661,1.1747,1.17472,1.00,1.00
2017.10.23 08:20:32.187,1.17469,1.17472,1.50,4.87
2017.10.23 08:20:32.744,1.17469,1.17472,1.12,3.45
2017.10.23 08:20:35.316,1.17468,1.17472,1.69,6.44
2017.10.23 08:20:35.848,1.17468,1.17472,3.19,5.13
2017.10.23 08:20:36.426,1.17469,1.17472,1.00,7.38
2017.10.23 08:20:36.785,1.17468,1.17472,2.62,9.26
2017.10.23 08:20:37.757,1.17467,1.17469,2.06,4.68
2017.10.23 08:20:38.015,1.17465,1.17469,1.50,6.82
2017.10.23 08:20:38.375,1.17465,1.17466,1.50,1.00
2017.10.23 08:20:38.890,1.17464,1.17467,2.06,1.95
2017.10.23 08:20:39.738,1.17466,1.17467,1.00,1.95
2017.10.23 08:20:40.243,1.17465,1.17467,1.87,1.87
2017.10.23 08:20:40.971,1.17464,1.17467,2.06,1.00
2017.10.23 08:20:41.498,1.17463,1.17467,12.47,1.95
2017.10.23 08:20:41.805,1.17464,1.17465,1.50,1.00
2017.10.23 08:20:42.112,1.17464,1.17467,1.50,1.12
2017.10.23 08:20:42.695,1.17464,1.17467,1.50,1.57
2017.10.23 08:20:43.209,1.17465,1.17468,3.00,1.12
2017.10.23 08:20:43.313,1.17468,1.1747,2.44,1.50
2017.10.23 08:20:43.874,1.17468,1.1747,6.09,1.00
2017.10.23 08:20:44.212,1.17466,1.17469,4.76,1.50
2017.10.23 08:20:44.264,1.17465,1.17467,4.12,1.00
2017.10.23 08:20:44.316,1.17465,1.17468,2.25,3.37
2017.10.23 08:20:44.616,1.17465,1.17467,1.12,2.32
2017.10.23 08:20:45.242,1.17465,1.17467,1.12,1.87
2017.10.23 08:20:45.697,1.17463,1.17467,4.39,2.70
2017.10.23 08:20:46.311,1.17463,1.17467,8.34,3.07
2017.10.23 08:20:46.815,1.17464,1.17466,1.00,4.20
2017.10.23 08:20:46.919,1.17461,1.17464,1.87,3.90
2017.10.23 08:20:47.022,1.17463,1.17464,1.00,1.12
2017.10.23 08:20:47.280,1.17463,1.17466,3.07,1.12
2017.10.23 08:20:47.601,1.1746,1.17463,1.12,3.07
2017.10.23 08:20:48.158,1.1746,1.17461,1.00,1.50
2017.10.23 08:20:48.700,1.17458,1.17461,7.12,1.57
2017.10.23 08:20:49.250,1.1746,1.17462,1.00,1.50
2017.10.23 08:20:49.711,1.17461,1.17463,1.00,1.95
2017.10.23 08:20:49.814,1.17463,1.17464,1.00,1.00
2017.10.23 08:20:49.867,1.17462,1.17465,3.26,1.12
2017.10.23 08:20:49.969,1.17463,1.17465,2.06,1.00
2017.10.23 08:20:50.172,1.1746,1.17463,5.06,1.87
2017.10.23 08:20:50.427,1.17459,1.17462,1.25,1.57
2017.10.23 08:20:50.938,1.17458,1.17462,8.96,1.95
2017.10.23 08:20:51.251,1.17461,1.17464,1.00,3.64
2017.10.23 08:20:51.558,1.17459,1.17462,3.56,1.12
2017.10.23 08:20:51.712,1.17459,1.17462,1.12,1.00
2017.10.23 08:20:52.374,1.17459,1.17461,1.00,1.00
2017.10.23 08:20:52.895,1.17459,1.17462,1.12,2.70
2017.10.23 08:20:53.253,1.17458,1.17461,1.87,2.25
2017.10.23 08:20:53.774,1.17459,1.17461,1.00,1.12
2017.10.23 08:20:54.304,1.17458,1.17461,7.69,1.00
2017.10.23 08:20:55.005,1.17458,1.1746,1.12,1.00
2017.10.23 08:20:55.837,1.17459,1.1746,1.00,1.00
2017.10.23 08:20:57.193,1.17458,1.1746,7.84,1.00
2017.10.23 08:20:57.752,1.17458,1.1746,2.96,1.00
2017.10.23 08:20:58.559,1.17458,1.1746,4.46,1.00
2017.10.23 08:20:58.867,1.17457,1.1746,4.31,3.19
2017.10.23 08:20:58.919,1.17457,1.1746,10.50,1.25
2017.10.23 08:20:59.124,1.17456,1.17457,1.00,1.00
2017.10.23 08:20:59.638,1.17454,1.17456,3.07,1.00
2017.10.23 08:21:00.152,1.17453,1.17456,13.65,1.00
2017.10.23 08:21:00.411,1.17452,1.17454,7.76,1.00
2017.10.23 08:21:00.916,1.17453,1.17456,1.57,1.87
2017.10.23 08:21:01.427,1.17454,1.17457,4.57,1.00
2017.10.23 08:21:01.532,1.17456,1.17458,3.07,1.00
2017.10.23 08:21:02.073,1.17458,1.1746,1.20,2.25
2017.10.23 08:21:02.125,1.17458,1.1746,1.20,1.50
2017.10.23 08:21:02.854,1.17458,1.17461,1.10,3.00
2017.10.23 08:21:03.399,1.17458,1.1746,2.32,1.00
2017.10.23 08:21:03.553,1.17457,1.17458,1.10,1.00
2017.10.23 08:21:04.077,1.17457,1.17459,1.10,1.87
2017.10.23 08:21:04.384,1.17454,1.17457,1.95,1.00
2017.10.23 08:21:04.916,1.17454,1.17456,1.10,1.00
2017.10.23 08:21:05.614,1.17454,1.17455,1.00,1.00
2017.10.23 08:21:05.717,1.17451,1.17454,1.10,1.87
2017.10.23 08:21:05.769,1.17452,1.17454,1.50,1.00
2017.10.23 08:21:06.281,1.17451,1.17453,1.95,1.50
2017.10.23 08:21:06.777,1.1745,1.17453,1.57,1.87
2017.10.23 08:21:07.033,1.1745,1.17452,1.20,1.00
2017.10.23 08:21:07.187,1.1745,1.17453,1.65,6.37
2017.10.23 08:21:07.392,1.17449,1.17452,1.01,5.06
2017.10.23 08:21:08.445,1.17449,1.17451,1.00,1.00
2017.10.23 08:21:09.347,1.17449,1.17452,1.00,2.25
2017.10.23 08:21:09.951,1.1745,1.17452,1.00,2.81
2017.10.23 08:21:10.720,1.17448,1.17451,5.62,1.00
2017.10.23 08:21:11.314,1.17448,1.17451,6.19,2.62
2017.10.23 08:21:11.933,1.17449,1.17451,1.00,2.62
2017.10.23 08:21:12.344,1.17451,1.17452,1.00,2.25
2017.10.23 08:21:12.447,1.17451,1.17453,1.20,1.00
2017.10.23 08:21:14.138,1.1745,1.17453,3.19,1.12
2017.10.23 08:21:14.241,1.17449,1.17453,3.82,10.01
2017.10.23 08:21:14.752,1.17448,1.17451,6.94,1.50
2017.10.23 08:21:15.176,1.1745,1.17452,2.06,1.12
2017.10.23 08:21:15.706,1.1745,1.17451,1.95,1.00
2017.10.23 08:21:16.256,1.1745,1.17452,1.10,1.50
2017.10.23 08:21:16.902,1.1745,1.17452,1.10,1.50
2017.10.23 08:21:17.968,1.1745,1.17452,1.10,1.50
2017.10.23 08:21:18.474,1.17449,1.17452,2.44,1.50
2017.10.23 08:21:19.009,1.17449,1.17451,2.44,1.00
2017.10.23 08:21:19.612,1.17448,1.17451,6.94,1.00
2017.10.23 08:21:20.124,1.17448,1.17451,17.23,1.69
2017.10.23 08:21:21.283,1.17451,1.17453,1.12,4.12
2017.10.23 08:21:21.335,1.17451,1.17453,3.37,1.00
2017.10.23 08:21:21.913,1.1745,1.17453,2.44,1.00
2017.10.23 08:21:22.426,1.1745,1.17453,4.20,1.00
2017.10.23 08:21:22.579,1.17451,1.17454,5.62,1.00
2017.10.23 08:21:22.682,1.17451,1.17454,1.69,1.00
2017.10.23 08:21:23.209,1.17451,1.17453,1.00,1.87
2017.10.23 08:21:23.518,1.17449,1.17451,3.00,1.00
2017.10.23 08:21:23.889,1.17448,1.1745,6.28,1.12
2017.10.23 08:21:24.150,1.17448,1.17451,1.57,3.37
2017.10.23 08:21:24.510,1.17448,1.17451,1.25,2.62
2017.10.23 08:21:24.613,1.17449,1.17451,1.37,1.50
2017.10.23 08:21:24.716,1.17448,1.17451,1.87,1.50
2017.10.23 08:21:24.768,1.17448,1.17452,1.87,5.62
2017.10.23 08:21:24.872,1.17449,1.1745,1.00,1.00
2017.10.23 08:21:25.223,1.17451,1.17452,1.00,1.69
2017.10.23 08:21:25.276,1.17449,1.17452,2.32,3.00
2017.10.23 08:21:25.584,1.17449,1.1745,1.00,1.00
2017.10.23 08:21:26.183,1.17449,1.17451,1.12,1.31
2017.10.23 08:21:27.816,1.17449,1.17452,2.62,1.31
2017.10.23 08:21:28.382,1.17449,1.17453,1.12,8.51
2017.10.23 08:21:28.911,1.17449,1.17453,3.26,5.89
2017.10.23 08:21:29.423,1.17449,1.17452,1.31,1.25
2017.10.23 08:21:29.958,1.1745,1.17452,1.12,1.76
2017.10.23 08:21:30.621,1.1745,1.17453,1.12,4.39
2017.10.23 08:21:30.724,1.17454,1.17456,1.57,1.12
2017.10.23 08:21:30.826,1.17455,1.17457,1.00,2.06
2017.10.23 08:21:30.878,1.17454,1.17457,1.57,1.62
2017.10.23 08:21:30.980,1.17455,1.17457,1.00,2.06
2017.10.23 08:21:31.185,1.17454,1.17457,1.12,3.56
2017.10.23 08:21:31.694,1.17453,1.17454,1.50,1.25
2017.10.23 08:21:31.746,1.17451,1.17453,1.10,2.06
2017.10.23 08:21:32.205,1.17449,1.17452,1.87,1.50
2017.10.23 08:21:32.752,1.1745,1.17452,1.00,2.62
2017.10.23 08:21:32.804,1.17449,1.17452,1.50,2.25
2017.10.23 08:21:32.855,1.1745,1.17452,1.00,2.25
2017.10.23 08:21:33.009,1.17449,1.17452,1.50,1.50
2017.10.23 08:21:34.791,1.17449,1.17452,1.00,3.00
2017.10.23 08:21:35.369,1.17449,1.17452,1.00,2.62
2017.10.23 08:21:35.880,1.1745,1.17452,1.00,1.50
2017.10.23 08:21:36.646,1.17449,1.17451,1.25,1.60
2017.10.23 08:21:36.993,1.17437,1.17439,3.37,1.50
2017.10.23 08:21:37.045,1.17437,1.17439,1.00,2.25
2017.10.23 08:21:37.149,1.17435,1.17437,2.25,1.45
2017.10.23 08:21:37.603,1.17434,1.17437,1.25,3.07
2017.10.23 08:21:38.118,1.17433,1.17436,3.37,1.10
2017.10.23 08:21:38.640,1.17434,1.17437,1.12,2.70
2017.10.23 08:21:39.697,1.17434,1.17437,1.00,1.95
2017.10.23 08:21:39.800,1.17434,1.17437,1.31,1.95
2017.10.23 08:21:41.012,1.17433,1.17435,4.69,1.00
2017.10.23 08:21:42.516,1.17436,1.17438,1.50,5.59
2017.10.23 08:21:42.672,1.17435,1.17437,1.10,1.00
2017.10.23 08:21:43.185,1.17433,1.17436,2.06,1.12
2017.10.23 08:21:43.820,1.17433,1.17436,5.06,1.87
2017.10.23 08:21:44.027,1.17432,1.17433,1.00,3.00
2017.10.23 08:21:44.339,1.17428,1.1743,6.37,1.95
2017.10.23 08:21:44.801,1.17426,1.17429,2.25,2.32
2017.10.23 08:21:45.114,1.17427,1.1743,1.50,4.95
2017.10.23 08:21:45.618,1.17427,1.17428,1.50,1.12
2017.10.23 08:21:46.589,1.17426,1.17427,1.50,1.12
2017.10.23 08:21:47.103,1.17426,1.17428,7.83,2.20
2017.10.23 08:21:47.208,1.1743,1.17432,1.50,5.51
2017.10.23 08:21:47.637,1.17432,1.17434,3.75,3.26
2017.10.23 08:21:47.743,1.17434,1.17435,2.44,1.00
2017.10.23 08:21:47.796,1.17436,1.17437,1.50,2.81
2017.10.23 08:21:47.849,1.17435,1.17436,1.87,1.00
2017.10.23 08:21:47.901,1.17435,1.17437,1.50,2.44
2017.10.23 08:21:47.954,1.17434,1.17435,1.50,1.00
2017.10.23 08:21:48.006,1.17435,1.17437,1.50,2.81
2017.10.23 08:21:48.246,1.17434,1.17436,5.42,1.00
2017.10.23 08:21:48.778,1.17435,1.17436,3.00,1.00
2017.10.23 08:21:49.035,1.17431,1.17433,4.67,1.00
2017.10.23 08:21:49.319,1.17431,1.17432,1.50,1.00
2017.10.23 08:21:49.988,1.17428,1.1743,4.87,1.00
2017.10.23 08:21:50.341,1.17426,1.17428,3.94,1.00
2017.10.23 08:21:50.650,1.17425,1.17427,1.39,1.00
2017.10.23 08:21:51.195,1.17425,1.17427,1.91,2.51
2017.10.23 08:21:52.020,1.17424,1.17427,4.91,2.44
2017.10.23 08:21:53.326,1.17424,1.17427,1.73,3.26
2017.10.23 08:21:54.084,1.17425,1.17427,1.00,2.51
2017.10.23 08:21:54.136,1.17424,1.17427,1.69,2.89
2017.10.23 08:21:54.363,1.17424,1.17426,1.50,2.14
2017.10.23 08:21:54.473,1.17421,1.17424,1.12,10.76
2017.10.23 08:21:54.578,1.17423,1.17425,12.00,9.19
2017.10.23 08:21:55.114,1.17423,1.17424,5.91,6.37
2017.10.23 08:21:55.675,1.17423,1.17425,4.12,1.12
2017.10.23 08:21:56.186,1.17423,1.17426,3.56,5.32
2017.10.23 08:21:56.696,1.17424,1.17426,1.00,3.37
2017.10.23 08:21:57.095,1.17426,1.17428,1.00,2.44
2017.10.23 08:21:57.147,1.17424,1.17426,1.12,1.20
2017.10.23 08:21:58.203,1.17423,1.17426,1.31,1.12
2017.10.23 08:21:58.466,1.17422,1.17424,1.12,1.87
2017.10.23 08:21:58.519,1.17419,1.17422,1.57,10.39
2017.10.23 08:21:58.626,1.17417,1.1742,1.00,4.87
2017.10.23 08:21:58.678,1.17415,1.17419,1.50,6.56
2017.10.23 08:21:58.833,1.17418,1.17419,1.00,4.50
2017.10.23 08:21:59.379,1.17418,1.1742,1.37,1.57
2017.10.23 08:22:00.134,1.17419,1.17421,1.12,2.70
2017.10.23 08:22:00.492,1.17415,1.17419,4.39,1.50
2017.10.23 08:22:00.543,1.17417,1.17419,1.00,3.06
2017.10.23 08:22:01.079,1.17415,1.17419,1.12,8.44
2017.10.23 08:22:01.439,1.17417,1.17419,1.50,5.43
2017.10.23 08:22:01.647,1.17419,1.17422,1.00,5.25
2017.10.23 08:22:01.951,1.1742,1.17423,1.00,1.12
2017.10.23 08:22:02.362,1.17422,1.17423,1.00,1.12
2017.10.23 08:22:02.935,1.17421,1.17424,2.70,1.87
2017.10.23 08:22:03.244,1.17423,1.17424,1.00,3.00
2017.10.23 08:22:03.296,1.17421,1.17424,5.70,3.00
2017.10.23 08:22:03.503,1.17423,1.17425,1.00,3.00
2017.10.23 08:22:03.607,1.17425,1.17428,1.87,1.62
2017.10.23 08:22:03.766,1.17427,1.17429,3.56,1.87
2017.10.23 08:22:04.026,1.17428,1.17431,1.00,3.19
2017.10.23 08:22:04.593,1.17429,1.17431,1.20,1.00
2017.10.23 08:22:05.107,1.17429,1.17432,3.56,2.62
2017.10.23 08:22:05.686,1.17429,1.17431,1.00,1.00
2017.10.23 08:22:06.841,1.17429,1.17431,1.37,1.00
2017.10.23 08:22:07.456,1.17429,1.17432,1.87,1.50
2017.10.23 08:22:07.999,1.17429,1.17433,3.32,7.12
2017.10.23 08:22:08.459,1.17429,1.17433,14.14,6.82
2017.10.23 08:22:08.971,1.17429,1.17432,4.12,1.00
2017.10.23 08:22:09.946,1.1743,1.17432,2.25,1.12
2017.10.23 08:22:10.905,1.17429,1.17432,2.32,1.12
2017.10.23 08:22:11.478,1.17429,1.17432,1.57,1.50
2017.10.23 08:22:11.989,1.17429,1.1743,1.12,1.00
2017.10.23 08:22:12.186,1.17428,1.1743,3.00,3.00
2017.10.23 08:22:12.544,1.17427,1.17428,1.12,1.00
2017.10.23 08:22:13.056,1.17426,1.17428,2.44,1.00
2017.10.23 08:22:13.636,1.17426,1.17428,1.70,1.00
2017.10.23 08:22:14.149,1.17426,1.17429,1.45,1.12
2017.10.23 08:22:14.664,1.17426,1.17429,1.95,1.37
2017.10.23 08:22:15.872,1.17427,1.17429,1.00,1.00
2017.10.23 08:22:16.488,1.17427,1.17428,1.20,1.00
2017.10.23 08:22:16.999,1.17427,1.17429,1.87,1.00
2017.10.23 08:22:17.313,1.17429,1.1743,2.25,3.37
2017.10.23 08:22:17.973,1.17428,1.1743,11.32,2.25
2017.10.23 08:22:18.373,1.1743,1.17431,1.00,1.50
2017.10.23 08:22:18.979,1.17429,1.17431,2.70,1.00
2017.10.23 08:22:19.296,1.17432,1.17433,1.87,1.00
2017.10.23 08:22:19.451,1.17431,1.17435,2.32,9.72
2017.10.23 08:22:19.752,1.17431,1.17433,2.70,1.00
2017.10.23 08:22:20.258,1.17431,1.17433,1.00,1.50
2017.10.23 08:22:20.807,1.1743,1.17431,3.37,1.12
2017.10.23 08:22:21.611,1.1743,1.17432,3.37,1.87
2017.10.23 08:22:22.119,1.17432,1.17433,3.75,1.00
2017.10.23 08:22:22.171,1.17433,1.17434,2.44,1.00
2017.10.23 08:22:22.852,1.17434,1.17437,2.62,1.95
2017.10.23 08:22:23.554,1.17434,1.17436,5.25,1.00
2017.10.23 08:22:24.157,1.17434,1.17437,3.94,1.50
2017.10.23 08:22:24.886,1.17434,1.17436,1.50,2.25
2017.10.23 08:22:25.699,1.17434,1.17436,1.50,2.25
2017.10.23 08:22:26.334,1.17434,1.17436,2.25,2.25
2017.10.23 08:22:26.965,1.17433,1.17435,3.37,4.75
2017.10.23 08:22:27.470,1.17435,1.17436,1.00,1.20
2017.10.23 08:22:27.983,1.17434,1.17435,1.00,1.25
2017.10.23 08:22:28.466,1.17432,1.17434,1.50,1.00
2017.10.23 08:22:28.984,1.17432,1.17433,1.00,1.00
2017.10.23 08:22:29.497,1.17431,1.17433,1.31,1.00
2017.10.23 08:22:30.424,1.1743,1.17433,3.75,1.95
2017.10.23 08:22:30.651,1.17429,1.17433,2.89,7.76
2017.10.23 08:22:30.703,1.17429,1.17433,2.51,3.64
2017.10.23 08:22:30.805,1.17429,1.17433,1.69,5.89
2017.10.23 08:22:31.316,1.17428,1.17432,3.61,2.25
2017.10.23 08:22:31.848,1.17428,1.17431,4.31,1.00
2017.10.23 08:22:34.132,1.17428,1.1743,2.81,2.44
2017.10.23 08:22:34.805,1.17429,1.1743,1.25,1.50
2017.10.23 08:22:39.834,1.17429,1.17431,1.25,3.37
2017.10.23 08:22:40.738,1.17428,1.17429,1.25,2.25
2017.10.23 08:22:41.288,1.17427,1.17429,1.25,4.87
2017.10.23 08:22:41.393,1.17428,1.1743,2.06,1.12
2017.10.23 08:22:41.905,1.17427,1.1743,3.19,5.81
2017.10.23 08:22:42.431,1.17428,1.17429,3.37,1.12
2017.10.23 08:22:42.937,1.17428,1.17431,5.62,5.25
2017.10.23 08:22:46.537,1.17427,1.1743,4.69,1.50
2017.10.23 08:22:47.071,1.17426,1.17429,10.39,1.00
2017.10.23 08:22:48.707,1.17426,1.17428,4.57,2.62
2017.10.23 08:22:48.912,1.17426,1.17429,2.44,8.25
2017.10.23 08:22:49.168,1.17425,1.17427,1.76,1.00
2017.10.23 08:22:49.680,1.17425,1.17428,9.52,1.12
2017.10.23 08:22:50.536,1.17425,1.17428,13.92,1.00
2017.10.23 08:22:51.089,1.17426,1.1743,6.00,5.44
2017.10.23 08:22:51.599,1.17426,1.17428,1.00,1.50
2017.10.23 08:22:51.651,1.17425,1.17428,1.69,2.51
2017.10.23 08:22:52.241,1.17425,1.17428,1.12,7.01
2017.10.23 08:22:54.768,1.17426,1.17427,2.62,1.00
2017.10.23 08:22:54.936,1.17429,1.1743,1.00,1.00
2017.10.23 08:22:55.448,1.17428,1.1743,1.25,2.89
2017.10.23 08:22:55.956,1.17427,1.17429,2.14,1.00
2017.10.23 08:22:56.791,1.17427,1.17429,2.14,1.00
2017.10.23 08:22:57.150,1.17425,1.17427,1.00,1.00
2017.10.23 08:22:57.764,1.17423,1.17425,3.45,1.00
2017.10.23 08:22:57.815,1.17423,1.17425,3.56,1.00
2017.10.23 08:22:58.340,1.17423,1.17426,3.56,2.62
2017.10.23 08:23:00.332,1.17422,1.17424,6.47,1.67
2017.10.23 08:23:00.587,1.17419,1.17421,6.56,1.10
2017.10.23 08:23:00.793,1.17421,1.17423,1.25,3.00
2017.10.23 08:23:00.846,1.1742,1.17424,2.70,6.37
2017.10.23 08:23:00.898,1.1742,1.17424,2.70,4.12
2017.10.23 08:23:01.436,1.1742,1.17424,7.95,4.76
2017.10.23 08:23:01.977,1.17421,1.17423,1.57,1.00
2017.10.23 08:23:02.880,1.17421,1.17423,1.20,2.25
2017.10.23 08:23:03.391,1.1742,1.17422,3.37,1.12
2017.10.23 08:23:03.757,1.17419,1.17421,10.76,2.25
2017.10.23 08:23:03.860,1.17418,1.1742,1.00,1.69
2017.10.23 08:23:03.963,1.17417,1.1742,1.31,9.00
2017.10.23 08:23:04.066,1.17418,1.1742,5.06,2.62
2017.10.23 08:23:04.323,1.1742,1.17422,1.00,1.87
2017.10.23 08:23:04.990,1.17421,1.17422,1.50,1.50
2017.10.23 08:23:05.501,1.17419,1.17421,2.14,1.00
2017.10.23 08:23:05.759,1.17418,1.17421,2.89,1.50
2017.10.23 08:23:05.964,1.17419,1.17422,1.70,4.50
2017.10.23 08:23:06.477,1.17419,1.17422,1.76,2.25
2017.10.23 08:23:06.944,1.17418,1.1742,2.14,2.25
2017.10.23 08:23:07.458,1.17418,1.1742,1.57,1.00
2017.10.23 08:23:07.927,1.17417,1.17419,1.95,2.25
2017.10.23 08:23:08.492,1.17414,1.17417,1.57,1.50
2017.10.23 08:23:08.917,1.17413,1.17415,4.01,1.50
2017.10.23 08:23:09.124,1.17412,1.17414,3.37,1.00
2017.10.23 08:23:09.280,1.17412,1.17416,3.07,3.00
2017.10.23 08:23:09.384,1.17413,1.17416,4.31,1.50
2017.10.23 08:23:09.569,1.17414,1.17417,2.81,1.12
2017.10.23 08:23:10.086,1.17412,1.17415,3.94,1.00
2017.10.23 08:23:10.240,1.17411,1.17413,1.50,1.12
2017.10.23 08:23:10.774,1.17412,1.17413,1.00,1.00
2017.10.23 08:23:11.289,1.17411,1.17414,1.00,2.51
2017.10.23 08:23:11.813,1.1741,1.17413,3.75,1.37
2017.10.23 08:23:12.273,1.17408,1.17411,3.26,1.57
2017.10.23 08:23:12.324,1.17408,1.1741,5.36,1.00
2017.10.23 08:23:12.531,1.17407,1.17411,3.11,5.51
2017.10.23 08:23:13.036,1.17405,1.17409,5.17,1.00
2017.10.23 08:23:13.554,1.17404,1.17406,4.20,2.25
2017.10.23 08:23:14.089,1.17405,1.17407,1.12,4.12
2017.10.23 08:23:14.913,1.17405,1.17406,1.12,2.25
2017.10.23 08:23:15.016,1.17402,1.17404,1.95,1.00
2017.10.23 08:23:15.068,1.17404,1.17405,1.10,1.87
2017.10.23 08:23:15.171,1.17402,1.17404,1.87,1.50
2017.10.23 08:23:16.160,1.17402,1.17403,1.12,1.50
2017.10.23 08:23:17.807,1.17402,1.17404,5.14,1.50
2017.10.23 08:23:17.859,1.17404,1.17405,1.00,1.50
2017.10.23 08:23:17.962,1.17405,1.17407,1.00,4.12
2017.10.23 08:23:18.176,1.17404,1.17407,1.12,4.12
2017.10.23 08:23:19.523,1.17405,1.17407,1.00,1.25
2017.10.23 08:23:19.728,1.17407,1.17408,4.80,1.12
2017.10.23 08:23:19.780,1.17409,1.1741,1.00,2.81
2017.10.23 08:23:19.933,1.17407,1.1741,1.57,1.69
2017.10.23 08:23:20.452,1.17407,1.1741,1.12,3.00
2017.10.23 08:23:21.425,1.17406,1.1741,1.00,6.64
2017.10.23 08:23:21.477,1.17406,1.17409,1.00,1.87
2017.10.23 08:23:21.989,1.17406,1.17408,1.00,2.62
2017.10.23 08:23:25.274,1.17406,1.17408,4.01,2.25
2017.10.23 08:23:25.410,1.17406,1.1741,9.63,5.51
2017.10.23 08:23:25.921,1.17407,1.1741,6.45,1.50
2017.10.23 08:23:26.529,1.17407,1.1741,1.00,2.74
2017.10.23 08:23:26.734,1.17405,1.17409,1.50,3.82
2017.10.23 08:23:26.889,1.17406,1.17409,2.25,2.06
2017.10.23 08:23:27.405,1.17406,1.17409,1.57,3.00
2017.10.23 08:23:27.740,1.17409,1.1741,1.95,1.00
2017.10.23 08:23:28.252,1.1741,1.17412,1.00,3.00
2017.10.23 08:23:28.962,1.17411,1.17412,1.00,1.50
2017.10.23 08:23:29.473,1.17411,1.17413,1.57,1.00
2017.10.23 08:23:29.987,1.1741,1.17412,1.95,1.50
2017.10.23 08:23:30.502,1.1741,1.17412,1.95,1.50
2017.10.23 08:23:31.041,1.17411,1.17413,1.20,1.00
2017.10.23 08:23:31.398,1.17414,1.17415,1.50,4.50
2017.10.23 08:23:31.605,1.17416,1.17417,1.00,2.62
2017.10.23 08:23:33.392,1.17416,1.17418,1.12,1.12
2017.10.23 08:23:33.610,1.17414,1.17415,1.95,1.00
2017.10.23 08:23:34.123,1.17411,1.17414,3.19,3.00
2017.10.23 08:23:34.634,1.17411,1.17413,1.31,1.00
2017.10.23 08:23:36.319,1.17411,1.17414,1.00,3.45
2017.10.23 08:23:36.821,1.17411,1.17413,1.87,2.25
2017.10.23 08:23:37.708,1.17413,1.17414,3.00,4.12
2017.10.23 08:23:37.885,1.17416,1.17418,1.50,1.69
2017.10.23 08:23:38.398,1.17417,1.17418,1.00,1.25
2017.10.23 08:23:39.145,1.17416,1.17418,1.00,1.87
2017.10.23 08:23:40.682,1.17416,1.1742,1.87,14.51
2017.10.23 08:23:41.193,1.17416,1.17419,2.62,1.37
2017.10.23 08:23:42.682,1.17416,1.17419,5.06,1.12
2017.10.23 08:23:43.335,1.17418,1.17419,1.50,1.00
2017.10.23 08:23:44.674,1.17419,1.1742,1.00,1.00
2017.10.23 08:23:45.192,1.17418,1.1742,1.87,1.00
2017.10.23 08:23:45.644,1.17419,1.1742,1.00,1.00
2017.10.23 08:23:46.003,1.17421,1.17423,1.00,1.31
2017.10.23 08:23:46.557,1.17421,1.17423,1.69,2.25
2017.10.23 08:23:47.105,1.1742,1.17423,4.69,1.31
2017.10.23 08:23:47.514,1.17421,1.17423,3.19,1.00
2017.10.23 08:23:47.667,1.17421,1.17425,3.26,5.89
2017.10.23 08:23:47.866,1.17421,1.17424,2.06,1.19
2017.10.23 08:23:47.970,1.17422,1.17425,1.00,1.69
2017.10.23 08:23:48.174,1.17421,1.17424,3.75,2.44
2017.10.23 08:23:48.851,1.17421,1.17423,3.07,1.12
2017.10.23 08:23:49.761,1.1742,1.17422,2.44,1.00
2017.10.23 08:23:50.068,1.17419,1.1742,1.50,1.00
2017.10.23 08:23:50.613,1.17417,1.17419,2.89,1.00
2017.10.23 08:23:51.876,1.17417,1.17418,1.50,1.00
2017.10.23 08:23:52.908,1.17416,1.17418,2.89,1.12
2017.10.23 08:23:53.445,1.17413,1.17415,2.81,3.56
2017.10.23 08:23:53.498,1.17412,1.17414,2.25,1.00
2017.10.23 08:23:53.549,1.1741,1.17414,6.64,1.12
2017.10.23 08:23:53.908,1.17412,1.17414,10.01,3.37
2017.10.23 08:23:54.062,1.17414,1.17417,1.19,3.82
2017.10.23 08:23:54.964,1.17414,1.17417,2.44,6.94
2017.10.23 08:23:56.628,1.17418,1.17419,1.50,1.50
2017.10.23 08:23:56.680,1.17418,1.1742,3.64,1.12
2017.10.23 08:23:56.937,1.17417,1.17419,2.44,1.50
2017.10.23 08:23:57.468,1.17417,1.1742,1.25,4.69
2017.10.23 08:23:57.776,1.17416,1.17417,1.12,1.00
2017.10.23 08:23:58.294,1.17414,1.17418,6.64,2.25
2017.10.23 08:24:00.958,1.17416,1.17418,1.12,1.37
2017.10.23 08:24:01.470,1.17417,1.17419,9.07,1.12
2017.10.23 08:24:01.523,1.17417,1.17421,7.01,1.87
2017.10.23 08:24:03.101,1.17417,1.1742,6.64,1.00
2017.10.23 08:24:03.537,1.17416,1.17418,1.57,1.00
2017.10.23 08:24:03.793,1.17414,1.17417,1.31,2.81
2017.10.23 08:24:03.897,1.17414,1.17415,1.12,1.00
2017.10.23 08:24:04.112,1.17412,1.17415,1.57,2.25
2017.10.23 08:24:04.623,1.17412,1.17416,2.20,7.50
2017.10.23 08:24:05.135,1.17412,1.17416,13.61,3.00
2017.10.23 08:24:05.644,1.17412,1.17415,5.70,1.31
2017.10.23 08:24:06.157,1.17412,1.17414,1.95,1.12
2017.10.23 08:24:07.973,1.17412,1.17415,1.45,1.69
2017.10.23 08:24:08.434,1.17412,1.17413,1.50,1.00
2017.10.23 08:24:08.893,1.1741,1.17412,3.82,1.00
2017.10.23 08:24:09.983,1.1741,1.17412,3.07,1.00
2017.10.23 08:24:10.505,1.1741,1.17412,3.45,1.00
2017.10.23 08:24:11.023,1.1741,1.17413,6.64,1.50
2017.10.23 08:24:11.964,1.17413,1.17414,1.00,1.69
2017.10.23 08:24:12.118,1.17413,1.17415,1.20,3.19
2017.10.23 08:24:12.632,1.17413,1.17414,1.00,1.50
2017.10.23 08:24:13.145,1.17413,1.17415,1.00,4.12
2017.10.23 08:24:13.459,1.17411,1.17413,1.19,1.50
2017.10.23 08:24:13.512,1.1741,1.17412,1.69,2.06
2017.10.23 08:24:13.768,1.17409,1.17411,1.50,2.25
2017.10.23 08:24:14.315,1.17409,1.17411,1.69,1.50
2017.10.23 08:24:14.623,1.17412,1.17415,14.76,2.25
2017.10.23 08:24:14.675,1.17414,1.17417,2.32,6.00
2017.10.23 08:24:15.248,1.17415,1.17416,1.25,1.00
2017.10.23 08:24:17.119,1.17415,1.17417,1.01,1.00
2017.10.23 08:24:17.851,1.17414,1.17418,7.01,3.75
2017.10.23 08:24:18.055,1.17411,1.17414,3.75,4.12
2017.10.23 08:24:18.566,1.17412,1.17415,1.57,3.75
2017.10.23 08:24:18.901,1.1741,1.17413,3.19,1.95
2017.10.23 08:24:19.414,1.1741,1.17412,1.31,1.57
2017.10.23 08:24:20.723,1.17409,1.17412,3.26,1.00
2017.10.23 08:24:22.014,1.17409,1.17412,5.51,1.00
2017.10.23 08:24:22.169,1.17407,1.1741,7.20,2.81
2017.10.23 08:24:22.681,1.17408,1.17411,1.39,1.50
2017.10.23 08:24:23.191,1.17409,1.17411,1.87,1.50
2017.10.23 08:24:23.717,1.17408,1.1741,1.00,4.50
2017.10.23 08:24:23.821,1.17406,1.17409,2.51,2.62
2017.10.23 08:24:24.272,1.17404,1.17407,1.57,1.00
2017.10.23 08:24:24.374,1.17404,1.17406,1.12,4.12
2017.10.23 08:24:24.682,1.17403,1.17404,1.00,1.00
2017.10.23 08:24:25.116,1.17401,1.17403,5.32,1.00
2017.10.23 08:24:25.645,1.17402,1.17403,1.12,1.50
2017.10.23 08:24:25.750,1.17403,1.17406,3.75,3.00
2017.10.23 08:24:25.802,1.17404,1.17407,3.07,1.00
2017.10.23 08:24:26.259,1.17402,1.17404,1.69,1.00
2017.10.23 08:24:26.777,1.17402,1.17405,1.19,1.50
2017.10.23 08:24:27.146,1.17401,1.17405,3.49,1.50
2017.10.23 08:24:28.817,1.17403,1.17405,1.00,1.12
2017.10.23 08:24:29.330,1.17404,1.17407,1.57,2.25
2017.10.23 08:24:30.894,1.17404,1.17407,1.12,1.87
2017.10.23 08:24:31.204,1.17406,1.1741,4.39,3.07
2017.10.23 08:24:31.746,1.17406,1.17409,5.14,1.50
2017.10.23 08:24:32.720,1.17409,1.1741,1.35,2.62
2017.10.23 08:24:32.823,1.17411,1.17413,1.39,1.00
2017.10.23 08:24:32.926,1.17412,1.17415,1.50,3.00
2017.10.23 08:24:33.050,1.17413,1.17416,3.37,3.94
2017.10.23 08:24:33.513,1.17411,1.17415,3.56,3.94
2017.10.23 08:24:34.056,1.17411,1.17415,2.81,1.50
2017.10.23 08:24:34.198,1.17414,1.17415,1.12,4.87
2017.10.23 08:24:34.356,1.17417,1.17419,1.00,2.44
2017.10.23 08:24:34.818,1.17417,1.1742,1.05,8.06
2017.10.23 08:24:35.899,1.17416,1.17419,3.37,1.39
2017.10.23 08:24:36.002,1.17416,1.17419,1.69,1.57
2017.10.23 08:24:37.253,1.17416,1.17419,2.75,4.12
2017.10.23 08:24:37.778,1.17416,1.17419,3.19,1.00
2017.10.23 08:24:38.291,1.17416,1.1742,1.69,8.51
2017.10.23 08:24:38.838,1.17416,1.17419,1.62,2.62
2017.10.23 08:24:39.744,1.17416,1.17418,2.06,1.00
2017.10.23 08:24:40.261,1.17416,1.17418,1.31,1.00
2017.10.23 08:24:42.055,1.17415,1.17419,6.64,5.32
2017.10.23 08:24:42.905,1.17416,1.17417,1.31,1.00
2017.10.23 08:24:43.406,1.17415,1.17418,4.31,3.45
2017.10.23 08:24:43.924,1.17415,1.17417,4.31,1.00
2017.10.23 08:24:44.444,1.17416,1.17418,1.25,1.50
2017.10.23 08:24:45.261,1.17415,1.17417,5.81,1.00
2017.10.23 08:24:45.363,1.17416,1.17418,1.25,1.12
2017.10.23 08:24:46.287,1.17415,1.17419,3.64,4.01
2017.10.23 08:24:46.491,1.17415,1.17418,5.51,1.50
2017.10.23 08:24:47.575,1.17415,1.17418,5.81,1.50
2017.10.23 08:24:48.106,1.17415,1.17417,2.44,3.94
2017.10.23 08:24:48.210,1.17413,1.17415,4.31,1.50
2017.10.23 08:24:48.448,1.17416,1.17417,1.25,3.00
2017.10.23 08:24:48.551,1.17415,1.17417,1.69,1.87
2017.10.23 08:24:49.061,1.17415,1.17417,2.44,2.25
2017.10.23 08:24:50.762,1.17415,1.17419,9.64,9.19
2017.10.23 08:24:53.074,1.17415,1.17417,1.76,2.81
2017.10.23 08:24:53.616,1.17415,1.17417,1.31,3.56
2017.10.23 08:24:54.323,1.17414,1.17417,2.70,1.69
2017.10.23 08:24:54.477,1.17414,1.17416,1.10,2.06
2017.10.23 08:24:55.413,1.17414,1.17416,1.20,1.12
2017.10.23 08:24:55.762,1.17416,1.17418,1.00,1.12
2017.10.23 08:24:57.304,1.17415,1.17417,2.62,1.50
2017.10.23 08:24:57.826,1.17415,1.17418,3.00,3.37
2017.10.23 08:24:58.948,1.17415,1.17418,3.82,2.25
2017.10.23 08:24:59.544,1.17415,1.17418,1.50,2.25
2017.10.23 08:25:00.054,1.17415,1.17417,1.95,1.87
2017.10.23 08:25:00.724,1.17416,1.17417,1.00,1.50
2017.10.23 08:25:01.234,1.17415,1.17418,1.50,2.25
2017.10.23 08:25:01.798,1.17415,1.17419,2.25,1.12
2017.10.23 08:25:02.209,1.17415,1.17418,1.50,2.06
2017.10.23 08:25:02.742,1.17415,1.17418,3.37,1.12
2017.10.23 08:25:03.844,1.17416,1.1742,1.95,10.57
2017.10.23 08:25:05.609,1.17418,1.1742,4.12,3.94
2017.10.23 08:25:06.223,1.17418,1.1742,3.75,2.85
2017.10.23 08:25:06.777,1.17417,1.17419,1.12,2.44
2017.10.23 08:25:08.109,1.17416,1.17419,1.00,3.64
2017.10.23 08:25:09.040,1.17415,1.17419,4.20,4.76
2017.10.23 08:25:09.587,1.17415,1.17419,3.07,4.95
2017.10.23 08:25:10.127,1.17416,1.17419,1.50,2.14
2017.10.23 08:25:10.739,1.17416,1.17419,1.00,1.39
2017.10.23 08:25:11.106,1.17418,1.1742,1.00,5.81
2017.10.23 08:25:11.836,1.17417,1.1742,1.50,5.32
2017.10.23 08:25:13.447,1.17417,1.1742,1.50,13.23
2017.10.23 08:25:13.977,1.17416,1.17419,2.25,1.62
2017.10.23 08:25:18.669,1.17416,1.17419,5.62,2.81
2017.10.23 08:25:18.874,1.17419,1.17421,1.00,2.06
2017.10.23 08:25:20.670,1.17419,1.17422,4.95,3.94
2017.10.23 08:25:21.206,1.17419,1.17422,5.32,3.19
2017.10.23 08:25:21.754,1.17419,1.17422,1.50,3.94
2017.10.23 08:25:22.826,1.17419,1.17422,3.07,6.00
2017.10.23 08:25:22.979,1.1742,1.17422,1.00,5.25
2017.10.23 08:25:23.489,1.1742,1.17421,1.00,1.12
2017.10.23 08:25:24.016,1.17419,1.17421,3.07,1.12
2017.10.23 08:25:28.163,1.17418,1.17419,1.50,1.00
2017.10.23 08:25:28.716,1.17414,1.17416,3.37,1.12
2017.10.23 08:25:28.972,1.17413,1.17415,8.81,1.00
2017.10.23 08:25:29.433,1.17411,1.17414,2.14,6.56
2017.10.23 08:25:30.124,1.17411,1.17414,1.95,6.75
2017.10.23 08:25:30.676,1.17411,1.17415,1.20,4.31
2017.10.23 08:25:31.384,1.17413,1.17414,1.00,3.37
2017.10.23 08:25:31.590,1.17414,1.17417,4.31,1.12
2017.10.23 08:25:32.363,1.17414,1.17417,1.25,1.00
2017.10.23 08:25:32.466,1.17416,1.17417,1.00,1.00
2017.10.23 08:25:32.989,1.17415,1.17417,1.50,1.50
2017.10.23 08:25:33.892,1.17415,1.17417,3.00,1.00
2017.10.23 08:25:34.403,1.17417,1.17418,1.00,1.00
2017.10.23 08:25:34.933,1.17417,1.17419,1.50,1.00
2017.10.23 08:25:35.449,1.17417,1.17419,1.00,3.19
2017.10.23 08:25:35.660,1.17416,1.17419,3.75,2.06
2017.10.23 08:25:35.884,1.17418,1.1742,1.12,3.37
2017.10.23 08:25:36.430,1.17417,1.1742,4.12,1.50
2017.10.23 08:25:38.253,1.17417,1.17421,5.44,1.69
2017.10.23 08:25:38.742,1.17419,1.17421,2.50,1.69
2017.10.23 08:25:39.036,1.17421,1.17424,1.95,2.25
2017.10.23 08:25:40.025,1.1742,1.17424,5.06,3.37
2017.10.23 08:25:40.571,1.1742,1.17424,5.81,3.00
2017.10.23 08:25:41.236,1.17421,1.17422,2.25,1.00
2017.10.23 08:25:41.774,1.17422,1.17424,1.00,4.31
2017.10.23 08:25:41.928,1.17426,1.17428,1.00,5.81
2017.10.23 08:25:42.134,1.17424,1.17426,3.00,1.50
2017.10.23 08:25:42.445,1.17421,1.17423,3.26,1.00
2017.10.23 08:25:43.515,1.1742,1.17423,8.25,1.87
2017.10.23 08:25:44.781,1.17421,1.17424,2.32,1.00
2017.10.23 08:25:45.291,1.17422,1.17425,3.04,3.00
2017.10.23 08:25:45.393,1.17424,1.17426,1.25,1.50
2017.10.23 08:25:45.905,1.17422,1.17425,2.25,1.87
2017.10.23 08:25:46.429,1.17422,1.17423,1.00,1.00
2017.10.23 08:25:47.151,1.17421,1.17422,1.00,1.00
2017.10.23 08:25:47.203,1.1742,1.17422,1.12,1.00
2017.10.23 08:25:47.732,1.17418,1.17422,7.31,2.81
2017.10.23 08:25:47.834,1.17419,1.1742,1.00,1.00
2017.10.23 08:25:47.939,1.17417,1.17419,1.87,2.25
2017.10.23 08:25:48.772,1.17416,1.17419,1.31,1.50
2017.10.23 08:25:49.286,1.17414,1.17418,4.87,1.69
2017.10.23 08:25:49.388,1.17415,1.17416,1.00,1.00
2017.10.23 08:25:49.695,1.17414,1.17418,3.00,1.50
2017.10.23 08:25:50.214,1.17415,1.17417,1.50,1.50
2017.10.23 08:25:50.726,1.17414,1.17417,1.50,1.87
2017.10.23 08:25:51.266,1.17413,1.17417,7.61,2.32
2017.10.23 08:25:51.780,1.17413,1.17416,3.56,1.00
2017.10.23 08:25:52.310,1.17414,1.17417,1.87,2.81
2017.10.23 08:25:53.710,1.17413,1.17415,1.20,1.12
2017.10.23 08:25:54.243,1.17412,1.17415,1.50,1.25
2017.10.23 08:25:56.036,1.17415,1.17416,1.00,3.37
2017.10.23 08:25:56.547,1.17415,1.17417,1.00,3.37
2017.10.23 08:25:57.061,1.17413,1.17416,6.07,1.00
2017.10.23 08:26:00.642,1.17414,1.17416,2.06,1.00
2017.10.23 08:26:01.152,1.17414,1.17416,3.56,1.00
2017.10.23 08:26:01.511,1.17413,1.17416,1.00,11.20
2017.10.23 08:26:02.016,1.17412,1.17415,1.50,3.19
2017.10.23 08:26:02.631,1.17412,1.17414,2.62,1.00
2017.10.23 08:26:03.346,1.17412,1.17415,4.50,1.50
2017.10.23 08:26:03.398,1.17414,1.17415,1.00,1.12
2017.10.23 08:26:03.450,1.17414,1.17417,1.00,2.06
2017.10.23 08:26:03.966,1.17414,1.17418,2.14,3.00
2017.10.23 08:26:04.271,1.17414,1.17416,3.75,1.12
2017.10.23 08:26:04.783,1.17414,1.17417,1.39,1.00
2017.10.23 08:26:05.349,1.17414,1.17417,3.94,1.12
2017.10.23 08:26:05.862,1.17414,1.17417,1.00,7.57
2017.10.23 08:26:05.967,1.17412,1.17415,1.31,2.32
2017.10.23 08:26:06.849,1.17413,1.17415,4.50,2.62
2017.10.23 08:26:07.005,1.17413,1.17416,5.89,1.31
2017.10.23 08:26:07.241,1.17413,1.17416,1.95,1.50
2017.10.23 08:26:07.769,1.17413,1.17415,4.50,1.00
2017.10.23 08:26:08.192,1.17414,1.17417,1.00,1.87
2017.10.23 08:26:08.708,1.17415,1.17416,1.10,1.00
2017.10.23 08:26:08.863,1.17413,1.17417,2.32,3.75
2017.10.23 08:26:09.120,1.17413,1.17417,4.95,2.62
2017.10.23 08:26:09.682,1.17414,1.17416,1.00,3.00
2017.10.23 08:26:09.734,1.17413,1.17415,1.50,3.94
2017.10.23 08:26:10.146,1.17414,1.17417,1.57,5.44
2017.10.23 08:26:10.761,1.17415,1.17417,1.57,4.69
2017.10.23 08:26:10.864,1.17418,1.17419,3.07,1.00
2017.10.23 08:26:10.968,1.17418,1.17422,4.98,6.37
2017.10.23 08:26:11.585,1.17418,1.1742,1.69,1.87
2017.10.23 08:26:11.944,1.17419,1.17423,4.95,4.12
2017.10.23 08:26:12.047,1.17419,1.17423,8.31,2.62
2017.10.23 08:26:12.579,1.17419,1.17423,5.14,3.37
2017.10.23 08:26:13.103,1.17419,1.17423,3.64,5.70
2017.10.23 08:26:13.462,1.1742,1.17423,1.50,3.00
2017.10.23 08:26:13.641,1.17419,1.17423,4.69,1.87
2017.10.23 08:26:14.164,1.1742,1.17422,1.12,1.87
2017.10.23 08:26:14.747,1.17419,1.17422,1.50,3.00
2017.10.23 08:26:15.664,1.17418,1.17422,1.00,7.69
2017.10.23 08:26:16.195,1.17419,1.17422,1.50,5.32
2017.10.23 08:26:16.840,1.17419,1.17422,3.00,3.37
2017.10.23 08:26:17.096,1.17419,1.1742,1.87,1.50
2017.10.23 08:26:17.577,1.17419,1.17422,1.20,4.87
2017.10.23 08:26:18.143,1.17419,1.17422,1.12,5.32
2017.10.23 08:26:18.650,1.17418,1.1742,7.05,1.50
2017.10.23 08:26:19.524,1.17418,1.17422,11.55,3.00
2017.10.23 08:26:20.056,1.17419,1.17422,2.25,3.75
2017.10.23 08:26:20.159,1.17418,1.17419,2.25,1.00
2017.10.23 08:26:20.670,1.17417,1.1742,1.87,4.57
2017.10.23 08:26:21.591,1.17416,1.17418,1.50,2.85
2017.10.23 08:26:21.849,1.17414,1.17417,1.12,1.69
2017.10.23 08:26:22.003,1.17414,1.17415,1.50,1.00
2017.10.23 08:26:22.054,1.17414,1.17417,2.25,6.97
2017.10.23 08:26:22.664,1.17414,1.17417,1.00,4.91
2017.10.23 08:26:24.074,1.17414,1.17416,5.12,1.50
2017.10.23 08:26:25.780,1.17414,1.17416,4.20,1.50
2017.10.23 08:26:28.365,1.17414,1.17415,2.62,1.50
2017.10.23 08:26:28.893,1.17413,1.17414,1.00,1.00
2017.10.23 08:26:29.308,1.17411,1.17413,3.37,1.50
2017.10.23 08:26:29.871,1.1741,1.17413,1.50,4.50
2017.10.23 08:26:30.421,1.1741,1.17413,7.95,2.62
2017.10.23 08:26:31.472,1.1741,1.17413,1.20,2.06
2017.10.23 08:26:32.002,1.1741,1.17413,3.07,1.12
2017.10.23 08:26:32.323,1.17413,1.17414,2.25,1.00
2017.10.23 08:26:32.375,1.17413,1.17416,2.81,5.81
2017.10.23 08:26:32.881,1.17414,1.17416,2.62,1.87
2017.10.23 08:26:33.341,1.17413,1.17414,1.00,1.00
2017.10.23 08:26:33.394,1.17412,1.17414,1.87,1.87
2017.10.23 08:26:33.704,1.1741,1.17413,2.06,3.82
2017.10.23 08:26:34.214,1.1741,1.17412,2.06,1.00
2017.10.23 08:26:34.759,1.1741,1.17414,3.45,2.62
2017.10.23 08:26:34.862,1.17413,1.17414,1.00,1.00
2017.10.23 08:26:34.914,1.17413,1.17416,2.70,2.25
2017.10.23 08:26:35.426,1.17412,1.17416,4.20,3.19
2017.10.23 08:26:35.961,1.17413,1.17416,1.39,3.00
2017.10.23 08:26:36.473,1.17412,1.17416,4.69,6.19
2017.10.23 08:26:37.002,1.17412,1.17416,3.94,5.44
2017.10.23 08:26:37.388,1.17412,1.17414,4.87,1.00
2017.10.23 08:26:37.901,1.17411,1.17412,1.87,1.50
2017.10.23 08:26:38.108,1.1741,1.17412,1.12,1.50
2017.10.23 08:26:38.315,1.17409,1.17413,11.32,4.57
2017.10.23 08:26:38.830,1.1741,1.17412,2.44,1.50
2017.10.23 08:26:39.789,1.17412,1.17414,3.56,1.50
2017.10.23 08:26:40.147,1.17412,1.17416,3.07,1.69
2017.10.23 08:26:40.949,1.17412,1.17416,4.01,2.44
2017.10.23 08:26:42.616,1.17413,1.17415,1.00,1.00
2017.10.23 08:26:43.148,1.17412,1.17416,8.32,3.82
2017.10.23 08:26:43.800,1.17413,1.17416,1.00,3.64
2017.10.23 08:26:44.312,1.17412,1.17415,4.01,2.10
2017.10.23 08:26:45.045,1.17412,1.17416,4.20,4.39
2017.10.23 08:26:45.897,1.17413,1.17415,1.47,2.25
2017.10.23 08:26:46.060,1.17412,1.17413,1.31,1.00
2017.10.23 08:26:46.589,1.17412,1.17414,3.75,1.00
2017.10.23 08:26:47.847,1.17412,1.17413,2.62,1.00
2017.10.23 08:26:48.740,1.17411,1.17413,1.00,2.25
2017.10.23 08:26:49.861,1.1741,1.17413,5.06,2.70
2017.10.23 08:26:50.371,1.17411,1.17413,1.00,2.25
2017.10.23 08:26:52.231,1.1741,1.17413,2.44,3.14
2017.10.23 08:26:52.744,1.1741,1.17413,2.06,1.95
2017.10.23 08:26:53.059,1.1741,1.17412,1.50,1.50
2017.10.23 08:26:53.576,1.1741,1.17412,1.00,1.50
2017.10.23 08:26:54.772,1.1741,1.17413,2.25,3.37
2017.10.23 08:26:54.925,1.1741,1.17412,2.25,1.00
2017.10.23 08:26:54.977,1.1741,1.17413,2.25,2.62
2017.10.23 08:26:55.761,1.1741,1.17412,2.44,1.00
2017.10.23 08:26:56.766,1.1741,1.17413,3.19,2.62
2017.10.23 08:26:57.245,1.17413,1.17415,1.47,2.81
2017.10.23 08:26:57.399,1.17412,1.17414,1.12,2.25
2017.10.23 08:26:57.916,1.17411,1.17413,1.69,3.67
2017.10.23 08:26:58.281,1.1741,1.17413,1.69,4.61
2017.10.23 08:26:59.512,1.17409,1.17411,8.89,1.00
2017.10.23 08:27:00.906,1.1741,1.17413,2.25,3.86
2017.10.23 08:27:04.213,1.1741,1.17414,6.56,5.44
2017.10.23 08:27:04.785,1.1741,1.17414,6.07,2.44
2017.10.23 08:27:05.767,1.1741,1.17415,33.56,3.19
2017.10.23 08:27:06.488,1.17411,1.17415,10.61,2.81
2017.10.23 08:27:07.059,1.17411,1.17416,13.05,2.81
2017.10.23 08:27:07.710,1.17413,1.17415,3.26,1.87
2017.10.23 08:27:08.238,1.17413,1.17416,7.87,2.25
2017.10.23 08:27:08.782,1.17414,1.17416,3.37,1.50
2017.10.23 08:27:12.376,1.17414,1.17416,1.00,1.50
2017.10.23 08:27:14.731,1.17414,1.17417,1.00,1.69
2017.10.23 08:27:15.254,1.17415,1.17417,1.00,1.50
2017.10.23 08:27:16.034,1.17417,1.17419,1.72,2.25
2017.10.23 08:27:16.600,1.17416,1.17418,1.50,1.00
2017.10.23 08:27:17.139,1.17416,1.17419,1.00,3.07
2017.10.23 08:27:17.652,1.17416,1.17418,1.00,1.00
2017.10.23 08:27:18.276,1.17415,1.17418,4.57,1.00
2017.10.23 08:27:18.803,1.17415,1.17419,3.82,2.32
2017.10.23 08:27:19.111,1.17418,1.17421,2.25,2.06
2017.10.23 08:27:19.424,1.17419,1.17421,1.87,1.00
2017.10.23 08:27:20.759,1.17419,1.17421,3.00,1.00
2017.10.23 08:27:21.478,1.17417,1.1742,5.70,1.87
2017.10.23 08:27:22.018,1.17419,1.1742,1.00,1.50
2017.10.23 08:27:22.072,1.17419,1.17421,5.32,1.31
2017.10.23 08:27:22.480,1.17421,1.17423,1.00,1.12
2017.10.23 08:27:25.551,1.17421,1.17424,1.00,5.62
2017.10.23 08:27:26.610,1.1742,1.17421,1.87,1.00
2017.10.23 08:27:27.565,1.17421,1.17422,1.00,1.12
2017.10.23 08:27:28.941,1.17419,1.17422,4.39,1.31
2017.10.23 08:27:29.451,1.17418,1.17422,9.75,3.56
2017.10.23 08:27:29.991,1.17418,1.1742,8.83,3.25
2017.10.23 08:27:30.094,1.17417,1.17419,1.00,1.69
2017.10.23 08:27:30.609,1.17418,1.17421,1.12,3.75
2017.10.23 08:27:31.200,1.17418,1.17421,1.00,2.62
2017.10.23 08:27:31.406,1.17419,1.17422,1.87,1.69
2017.10.23 08:27:31.938,1.17419,1.17422,1.87,1.57
2017.10.23 08:27:32.449,1.17419,1.17421,1.00,1.00
2017.10.23 08:27:33.068,1.17419,1.17422,3.75,1.31
2017.10.23 08:27:33.682,1.17419,1.17423,1.50,1.87
2017.10.23 08:27:34.192,1.17419,1.17423,2.62,3.56
2017.10.23 08:27:35.181,1.17418,1.17423,4.31,7.20
2017.10.23 08:27:35.830,1.17419,1.17422,1.50,1.31
2017.10.23 08:27:36.139,1.17418,1.1742,2.81,1.00
2017.10.23 08:27:37.167,1.17418,1.1742,2.81,1.50
2017.10.23 08:27:37.474,1.17419,1.17421,2.25,1.00
2017.10.23 08:27:38.215,1.17419,1.17422,1.61,4.12
2017.10.23 08:27:38.267,1.17419,1.17422,2.06,2.44
2017.10.23 08:27:38.781,1.17419,1.17422,1.10,4.31
2017.10.23 08:27:39.295,1.17419,1.17422,1.12,1.25
2017.10.23 08:27:39.806,1.17418,1.17421,7.87,1.00
2017.10.23 08:27:40.343,1.17419,1.17421,1.15,1.00
2017.10.23 08:27:40.962,1.17418,1.17422,7.31,1.20
2017.10.23 08:27:41.475,1.17418,1.17422,6.26,3.07
2017.10.23 08:27:41.528,1.17418,1.17421,2.51,2.62
2017.10.23 08:27:42.497,1.17417,1.17421,2.62,1.69
2017.10.23 08:27:43.113,1.17417,1.1742,1.00,5.81
2017.10.23 08:27:44.876,1.17416,1.17418,1.12,1.00
2017.10.23 08:27:46.117,1.17416,1.17418,1.87,1.00
2017.10.23 08:27:46.999,1.17416,1.17418,2.25,1.00
2017.10.23 08:27:49.334,1.17416,1.17418,1.87,1.00
2017.10.23 08:27:49.864,1.17416,1.17418,1.50,1.12
2017.10.23 08:27:50.373,1.17415,1.17417,3.19,1.00
2017.10.23 08:27:50.530,1.17414,1.17415,1.00,1.50
2017.10.23 08:27:50.840,1.1741,1.17412,3.00,1.00
2017.10.23 08:27:51.409,1.1741,1.17412,1.50,1.00
2017.10.23 08:27:52.105,1.1741,1.17411,1.25,1.00
2017.10.23 08:27:52.309,1.1741,1.17413,4.50,2.06
2017.10.23 08:27:52.835,1.17409,1.17412,4.39,1.12
2017.10.23 08:27:53.375,1.17409,1.17412,3.26,1.12
2017.10.23 08:27:55.630,1.17409,1.17411,3.56,1.31
2017.10.23 08:27:56.136,1.17409,1.17412,4.69,1.87
2017.10.23 08:27:58.726,1.1741,1.17413,3.37,1.00
2017.10.23 08:27:58.778,1.17412,1.17414,12.56,1.95
2017.10.23 08:27:58.962,1.17413,1.17417,10.35,3.45
2017.10.23 08:27:59.115,1.17413,1.17415,7.12,1.12
2017.10.23 08:27:59.321,1.17414,1.17417,4.87,1.00
2017.10.23 08:27:59.888,1.17414,1.17417,9.71,1.12
2017.10.23 08:28:00.297,1.17414,1.17417,3.37,1.12
2017.10.23 08:28:00.452,1.17413,1.17415,6.00,1.00
2017.10.23 08:28:00.844,1.17412,1.17416,1.12,2.81
2017.10.23 08:28:00.896,1.17412,1.17415,10.54,1.00
2017.10.23 08:28:01.202,1.17412,1.17413,1.50,1.10
2017.10.23 08:28:01.509,1.17412,1.17414,3.00,1.00
2017.10.23 08:28:02.937,1.17412,1.17414,1.12,1.00
2017.10.23 08:28:04.376,1.17413,1.17416,2.62,1.00
2017.10.23 08:28:04.428,1.17414,1.17416,2.44,1.00
2017.10.23 08:28:04.582,1.17415,1.17418,3.94,1.12
2017.10.23 08:28:04.685,1.17418,1.1742,6.19,1.12
2017.10.23 08:28:04.996,1.17416,1.17418,4.69,1.00
2017.10.23 08:28:08.483,1.17415,1.17417,3.56,2.50
2017.10.23 08:28:09.690,1.17414,1.17417,10.01,1.50
2017.10.23 08:28:10.217,1.17415,1.17417,1.69,1.00
2017.10.23 08:28:10.727,1.17415,1.17417,2.96,1.00
2017.10.23 08:28:11.492,1.17414,1.17416,8.89,1.00
2017.10.23 08:28:12.035,1.17414,1.17416,2.06,1.00
2017.10.23 08:28:14.183,1.17415,1.17416,1.25,1.50
2017.10.23 08:28:14.775,1.17414,1.17416,2.06,1.50
2017.10.23 08:28:15.287,1.17416,1.17417,1.00,1.50
2017.10.23 08:28:15.811,1.17415,1.17416,5.62,1.00
2017.10.23 08:28:16.168,1.17416,1.17418,1.00,1.20
2017.10.23 08:28:16.642,1.17415,1.17417,8.14,1.00
2017.10.23 08:28:16.897,1.17417,1.17419,1.00,3.07
2017.10.23 08:28:17.101,1.17415,1.17418,5.06,1.57
2017.10.23 08:28:17.613,1.17415,1.17418,6.00,2.70
2017.10.23 08:28:18.124,1.17415,1.17418,4.69,1.00
2017.10.23 08:28:18.638,1.17415,1.17418,5.70,1.95
2017.10.23 08:28:19.453,1.17415,1.17418,6.51,2.70
2017.10.23 08:28:19.964,1.17415,1.17418,6.56,2.14
2017.10.23 08:28:20.761,1.17415,1.17417,2.44,1.10
2017.10.23 08:28:21.289,1.17415,1.17417,2.06,1.10
2017.10.23 08:28:21.790,1.17415,1.17418,4.09,1.87
2017.10.23 08:28:22.481,1.17415,1.17418,4.39,1.12
2017.10.23 08:28:23.218,1.17415,1.17418,3.64,1.87
2017.10.23 08:28:24.436,1.17416,1.17418,1.31,1.00
2017.10.23 08:28:24.586,1.17418,1.1742,2.06,10.26
2017.10.23 08:28:24.643,1.1742,1.17422,1.87,1.12
2017.10.23 08:28:24.797,1.1742,1.17424,1.20,3.94
2017.10.23 08:28:25.299,1.1742,1.17423,1.95,1.00
2017.10.23 08:28:25.825,1.1742,1.17424,1.20,3.94
2017.10.23 08:28:26.396,1.17421,1.17424,1.00,2.89
2017.10.23 08:28:26.906,1.17421,1.17424,1.12,2.32
2017.10.23 08:28:28.711,1.17423,1.17424,1.30,3.94
2017.10.23 08:28:28.816,1.17428,1.1743,3.30,3.07
2017.10.23 08:28:29.075,1.1743,1.17432,1.50,1.12
2017.10.23 08:28:29.179,1.17428,1.1743,3.11,1.00
2017.10.23 08:28:29.378,1.17427,1.1743,1.00,5.06
2017.10.23 08:28:29.738,1.17426,1.17427,1.50,2.25
2017.10.23 08:28:30.097,1.17422,1.17424,4.95,1.00
2017.10.23 08:28:30.610,1.17421,1.17423,1.12,3.56
2017.10.23 08:28:31.119,1.1742,1.17423,2.32,1.50
2017.10.23 08:28:31.622,1.1742,1.17423,2.70,2.44
2017.10.23 08:28:32.239,1.1742,1.17423,1.95,3.56
2017.10.23 08:28:33.010,1.1742,1.17423,3.82,3.19
2017.10.23 08:28:33.547,1.1742,1.17423,2.70,4.31
2017.10.23 08:28:35.866,1.17421,1.17424,5.92,4.12
2017.10.23 08:28:36.375,1.17421,1.17424,3.07,3.00
2017.10.23 08:28:37.119,1.17421,1.17424,1.12,3.56
2017.10.23 08:28:38.229,1.17423,1.17424,1.87,4.12
2017.10.23 08:28:38.281,1.17425,1.17426,1.50,3.56
2017.10.23 08:28:38.785,1.17426,1.17428,2.12,4.69
2017.10.23 08:28:39.410,1.17426,1.17428,1.12,3.37
2017.10.23 08:28:39.924,1.17425,1.17427,3.07,2.44
2017.10.23 08:28:42.155,1.17427,1.17428,1.72,2.06
2017.10.23 08:28:42.207,1.17428,1.17429,1.87,1.00
2017.10.23 08:28:42.718,1.17427,1.1743,4.42,3.94
2017.10.23 08:28:43.245,1.17427,1.17429,4.65,2.06
2017.10.23 08:28:43.755,1.17429,1.17431,1.20,3.94
2017.10.23 08:28:44.522,1.17429,1.17431,6.07,3.19
2017.10.23 08:28:45.263,1.17431,1.17433,1.20,1.19
2017.10.23 08:28:45.315,1.17432,1.17434,1.00,3.37
2017.10.23 08:28:46.300,1.17432,1.17434,1.12,3.81
2017.10.23 08:28:46.869,1.17432,1.17434,1.12,2.81
2017.10.23 08:28:47.395,1.17431,1.17434,8.70,1.50
2017.10.23 08:28:47.923,1.17431,1.17434,3.07,2.44
2017.10.23 08:28:48.511,1.1743,1.17433,8.70,1.50
2017.10.23 08:28:49.077,1.1743,1.17434,9.07,3.94
2017.10.23 08:28:49.590,1.17431,1.17433,1.37,1.50
2017.10.23 08:28:50.156,1.17431,1.17433,1.12,1.37
2017.10.23 08:28:51.513,1.1743,1.17433,1.10,1.62
2017.10.23 08:28:52.091,1.17429,1.17431,3.15,1.00
2017.10.23 08:28:52.247,1.17427,1.17428,3.07,1.72
2017.10.23 08:28:52.402,1.17421,1.17424,1.00,2.06
2017.10.23 08:28:52.805,1.17423,1.17425,1.00,1.95
2017.10.23 08:28:52.857,1.17421,1.17424,1.50,1.01
2017.10.23 08:28:52.910,1.17421,1.17423,1.12,1.29
2017.10.23 08:28:54.204,1.17421,1.17423,1.12,1.20
2017.10.23 08:28:54.730,1.17421,1.17423,1.50,1.10
2017.10.23 08:28:55.176,1.17422,1.17426,4.20,1.31
2017.10.23 08:28:56.174,1.17422,1.17426,2.25,1.31
2017.10.23 08:28:57.156,1.17422,1.17426,3.07,1.31
2017.10.23 08:28:57.260,1.17425,1.17427,1.12,3.37
2017.10.23 08:28:57.763,1.17426,1.17429,1.00,7.31
2017.10.23 08:29:04.843,1.17425,1.17427,3.45,1.50
2017.10.23 08:29:04.946,1.17423,1.17427,2.25,1.50
2017.10.23 08:29:05.457,1.17423,1.17427,4.20,1.69
2017.10.23 08:29:05.968,1.17423,1.17426,1.50,3.75
2017.10.23 08:29:06.538,1.17422,1.17425,3.45,1.19
2017.10.23 08:29:07.051,1.17421,1.17424,4.50,1.25
2017.10.23 08:29:07.555,1.17421,1.17425,3.19,8.25
2017.10.23 08:29:08.086,1.17421,1.17425,1.69,6.37
2017.10.23 08:29:09.084,1.17422,1.17425,1.00,7.69
2017.10.23 08:29:10.989,1.17421,1.17425,1.87,7.12
2017.10.23 08:29:12.244,1.1742,1.17424,4.87,4.31
2017.10.23 08:29:12.836,1.17421,1.17424,1.20,2.12
2017.10.23 08:29:13.616,1.17422,1.17423,1.00,1.50
2017.10.23 08:29:31.918,1.17421,1.17423,1.25,1.12
2017.10.23 08:29:32.530,1.17421,1.17423,2.81,1.12
2017.10.23 08:29:32.836,1.17422,1.17426,16.61,1.50
2017.10.23 08:29:32.939,1.17422,1.17424,1.39,1.12
2017.10.23 08:29:33.484,1.17421,1.17424,2.06,3.00
2017.10.23 08:29:38.073,1.17424,1.17426,2.14,7.12
2017.10.23 08:29:38.183,1.17427,1.17429,1.25,6.00
2017.10.23 08:29:38.235,1.17426,1.17427,3.37,1.50
2017.10.23 08:29:38.474,1.17423,1.17424,1.00,3.75
2017.10.23 08:29:39.050,1.17422,1.17424,1.10,3.56
2017.10.23 08:29:40.762,1.17422,1.17424,1.20,2.62
2017.10.23 08:29:42.374,1.17421,1.17423,3.56,1.00
2017.10.23 08:29:42.920,1.17421,1.17424,1.25,3.00
2017.10.23 08:29:49.548,1.17424,1.17426,2.32,4.87
2017.10.23 08:29:49.651,1.17426,1.17429,1.25,8.06
2017.10.23 08:29:50.163,1.17425,1.17429,8.89,1.50
2017.10.23 08:29:50.815,1.17425,1.17429,6.37,10.35
2017.10.23 08:29:50.919,1.17421,1.17424,3.19,6.00
2017.10.23 08:29:52.061,1.17421,1.17424,14.92,5.32
2017.10.23 08:29:52.113,1.17425,1.17428,1.87,1.87
2017.10.23 08:29:52.688,1.17426,1.17428,1.31,2.62
2017.10.23 08:29:53.311,1.17426,1.17429,1.69,3.37
2017.10.23 08:29:54.785,1.17426,1.17429,1.99,1.50
2017.10.23 08:29:54.837,1.17429,1.1743,9.56,5.25
2017.10.23 08:29:55.043,1.17431,1.17432,1.12,2.62
2017.10.23 08:29:56.056,1.1743,1.17433,1.19,4.12
2017.10.23 08:29:57.463,1.1743,1.17432,2.44,1.00
2017.10.23 08:29:59.333,1.17429,1.17433,5.44,2.81
2017.10.23 08:30:00.247,1.1743,1.17433,2.06,1.87
2017.10.23 08:30:00.401,1.17438,1.1744,3.22,2.81
2017.10.23 08:30:00.452,1.17441,1.17443,1.47,3.00
2017.10.23 08:30:00.660,1.1744,1.17443,2.14,1.50
2017.10.23 08:30:00.713,1.1744,1.17443,4.69,1.50
2017.10.23 08:30:01.059,1.17441,1.17444,4.39,3.00
2017.10.23 08:30:01.699,1.17441,1.17443,1.25,1.25
2017.10.23 08:30:01.752,1.1744,1.17442,2.51,1.00
2017.10.23 08:30:01.955,1.17439,1.1744,1.00,3.75
2017.10.23 08:30:02.058,1.1744,1.17443,3.56,1.00
2017.10.23 08:30:03.491,1.1744,1.17443,3.18,1.20
2017.10.23 08:30:03.594,1.1744,1.17441,1.31,1.25
2017.10.23 08:30:04.133,1.17439,1.17442,2.25,1.20
2017.10.23 08:30:04.440,1.17437,1.17438,1.69,1.25
2017.10.23 08:30:04.543,1.17436,1.17439,1.69,1.87
2017.10.23 08:30:05.172,1.17434,1.17437,2.06,1.12
2017.10.23 08:30:06.153,1.17435,1.17437,1.00,2.62
2017.10.23 08:30:06.663,1.17434,1.17437,1.87,2.50
2017.10.23 08:30:07.127,1.17433,1.17436,6.75,1.12
2017.10.23 08:30:07.405,1.17433,1.17437,6.00,3.37
2017.10.23 08:30:07.457,1.17433,1.17436,1.00,12.94
2017.10.23 08:30:07.964,1.17432,1.17435,1.12,1.57
2017.10.23 08:30:08.579,1.17432,1.17435,2.25,1.69
2017.10.23 08:30:09.129,1.17432,1.17435,4.87,1.69
2017.10.23 08:30:09.742,1.17433,1.17434,1.00,1.00
2017.10.23 08:30:09.845,1.17431,1.17434,2.62,1.12
2017.10.23 08:30:10.351,1.1743,1.17434,7.80,1.62
2017.10.23 08:30:15.482,1.17431,1.17434,2.25,9.19
2017.10.23 08:30:16.004,1.17431,1.17434,1.00,6.19
2017.10.23 08:30:18.148,1.1743,1.17434,4.57,5.06
2017.10.23 08:30:18.792,1.1743,1.17432,4.20,1.00
2017.10.23 08:30:19.580,1.17432,1.17433,1.42,1.50
2017.10.23 08:30:19.631,1.17432,1.17434,2.70,3.19
2017.10.23 08:30:19.734,1.17431,1.17433,8.55,1.00
2017.10.23 08:30:19.785,1.17433,1.17435,1.95,13.12
2017.10.23 08:30:19.888,1.17435,1.17438,5.92,1.87
2017.10.23 08:30:20.419,1.17436,1.17437,1.20,1.00
2017.10.23 08:30:21.737,1.17436,1.17437,1.00,2.62
2017.10.23 08:30:21.884,1.17434,1.17436,3.22,3.75
2017.10.23 08:30:21.987,1.17433,1.17436,3.45,6.56
2017.10.23 08:30:23.108,1.17433,1.17435,3.82,1.12
2017.10.23 08:30:23.791,1.17433,1.17435,1.50,1.12
2017.10.23 08:30:24.746,1.17433,1.17435,5.95,1.25
2017.10.23 08:30:25.455,1.17433,1.17435,5.70,1.25
2017.10.23 08:30:25.981,1.17433,1.17435,8.32,1.00
2017.10.23 08:30:27.501,1.17433,1.17435,7.57,1.00
2017.10.23 08:30:27.604,1.17436,1.17439,1.50,5.06
2017.10.23 08:30:27.656,1.17435,1.17437,6.00,1.00
2017.10.23 08:30:28.389,1.17437,1.17438,1.00,1.00
2017.10.23 08:30:28.747,1.1744,1.17441,2.62,2.70
2017.10.23 08:30:28.850,1.17441,1.17443,1.00,2.06
2017.10.23 08:30:29.365,1.1744,1.17443,7.20,1.12
2017.10.23 08:30:30.063,1.17441,1.17444,1.37,4.76
2017.10.23 08:30:30.613,1.17441,1.17443,2.25,1.50
2017.10.23 08:30:32.309,1.1744,1.17442,1.00,1.31
2017.10.23 08:30:32.620,1.17438,1.17439,1.00,1.25
2017.10.23 08:30:33.132,1.17437,1.17438,1.00,1.25
2017.10.23 08:30:33.187,1.17439,1.1744,1.00,1.12
2017.10.23 08:30:33.718,1.17437,1.1744,4.20,2.51
2017.10.23 08:30:33.821,1.17439,1.1744,1.00,1.00
2017.10.23 08:30:34.026,1.17437,1.1744,5.32,2.44
2017.10.23 08:30:34.447,1.17438,1.1744,1.00,1.50
2017.10.23 08:30:34.651,1.17441,1.17443,1.00,4.20
2017.10.23 08:30:36.990,1.17441,1.17443,1.12,1.12
2017.10.23 08:30:37.697,1.17441,1.17443,2.25,1.12
2017.10.23 08:30:38.209,1.17441,1.17443,3.00,1.00
2017.10.23 08:30:40.025,1.17443,1.17445,1.00,2.67
2017.10.23 08:30:40.565,1.17443,1.17446,1.12,2.81
2017.10.23 08:30:41.251,1.17444,1.17446,1.00,4.12
2017.10.23 08:30:41.799,1.17444,1.17446,1.00,3.94
2017.10.23 08:30:42.769,1.17446,1.17447,1.00,3.00
2017.10.23 08:30:42.925,1.17446,1.17448,1.87,1.00
2017.10.23 08:30:43.432,1.17446,1.17448,1.87,1.00
2017.10.23 08:30:43.945,1.17446,1.17448,1.87,1.00
2017.10.23 08:30:46.012,1.17447,1.17448,2.25,1.00
2017.10.23 08:30:46.541,1.17446,1.17448,6.75,1.00
2017.10.23 08:30:47.118,1.17447,1.17448,2.25,2.06
2017.10.23 08:30:47.761,1.17446,1.17448,8.25,1.25
2017.10.23 08:30:48.271,1.17447,1.17448,1.00,1.00
2017.10.23 08:30:48.792,1.17446,1.17448,3.75,1.00
2017.10.23 08:30:49.427,1.17448,1.1745,2.81,1.12
2017.10.23 08:30:50.042,1.17448,1.1745,1.00,6.37
2017.10.23 08:30:50.574,1.17447,1.1745,1.00,1.37
2017.10.23 08:30:51.262,1.17448,1.1745,1.00,3.00
2017.10.23 08:30:51.785,1.17447,1.1745,1.00,9.94
2017.10.23 08:30:53.462,1.17448,1.1745,2.25,3.00
2017.10.23 08:30:53.920,1.17449,1.17451,1.12,4.39
2017.10.23 08:30:53.973,1.17448,1.1745,3.00,1.12
2017.10.23 08:30:54.230,1.17447,1.1745,3.82,8.25
2017.10.23 08:30:54.569,1.17449,1.1745,1.00,1.87
2017.10.23 08:30:55.757,1.17447,1.1745,2.92,7.12
2017.10.23 08:30:56.308,1.17447,1.1745,1.72,3.37
2017.10.23 08:30:56.809,1.17447,1.1745,1.10,2.06
2017.10.23 08:30:57.371,1.17447,1.1745,1.10,3.00
2017.10.23 08:30:57.878,1.17447,1.1745,4.20,1.69
2017.10.23 08:30:58.402,1.17447,1.1745,4.42,3.00
2017.10.23 08:30:58.506,1.17449,1.17451,1.00,1.00
2017.10.23 08:30:58.855,1.17451,1.17454,1.10,5.06
2017.10.23 08:30:59.365,1.1745,1.17453,5.62,1.00
2017.10.23 08:31:00.309,1.1745,1.17451,1.57,1.00
2017.10.23 08:31:00.515,1.17448,1.1745,1.00,1.12
2017.10.23 08:31:00.973,1.17446,1.17449,2.32,1.00
2017.10.23 08:31:01.559,1.17446,1.17449,2.32,1.69
2017.10.23 08:31:02.084,1.17446,1.17448,1.87,1.00
2017.10.23 08:31:02.614,1.17447,1.17449,1.00,1.12
2017.10.23 08:31:03.120,1.17447,1.17448,1.00,1.50
2017.10.23 08:31:03.377,1.17445,1.17448,1.01,1.25
2017.10.23 08:31:03.889,1.17444,1.17448,2.06,1.25
2017.10.23 08:31:04.145,1.17447,1.17448,1.00,1.31
2017.10.23 08:31:04.693,1.17446,1.17448,1.00,1.12
2017.10.23 08:31:05.263,1.17445,1.17449,3.37,4.50
2017.10.23 08:31:06.022,1.17444,1.17448,5.51,1.20
2017.10.23 08:31:06.353,1.17445,1.17448,3.60,1.12
2017.10.23 08:31:11.600,1.17445,1.17448,4.80,1.00
2017.10.23 08:31:15.705,1.17447,1.1745,2.10,7.57
2017.10.23 08:31:16.270,1.17447,1.1745,4.72,3.37
2017.10.23 08:31:16.853,1.17449,1.1745,1.30,3.37
2017.10.23 08:31:17.039,1.1745,1.17452,1.00,2.06
2017.10.23 08:31:19.797,1.1745,1.17451,1.00,2.25
2017.10.23 08:31:19.852,1.17448,1.17449,2.70,1.87
2017.10.23 08:31:20.111,1.17443,1.17446,1.87,2.81
2017.10.23 08:31:21.890,1.17442,1.17446,4.50,6.76
2017.10.23 08:31:22.044,1.17442,1.17445,6.37,1.12
2017.10.23 08:31:22.781,1.17442,1.17445,7.20,3.36
2017.10.23 08:31:23.426,1.17441,1.17445,4.35,6.00
2017.10.23 08:31:23.940,1.17442,1.17445,1.00,6.00
2017.10.23 08:31:26.388,1.17442,1.17445,1.00,5.62
2017.10.23 08:31:26.921,1.17444,1.17446,3.37,1.20
2017.10.23 08:31:26.972,1.17446,1.17448,1.00,2.02
2017.10.23 08:31:27.331,1.17444,1.17447,1.12,4.31
2017.10.23 08:31:28.551,1.17444,1.17447,1.00,2.06
2017.10.23 08:31:29.062,1.17444,1.17445,3.75,1.69
2017.10.23 08:31:29.114,1.17441,1.17444,7.60,1.57
2017.10.23 08:31:32.489,1.17443,1.17445,1.00,3.75
2017.10.23 08:31:32.661,1.17443,1.17446,2.62,1.50
2017.10.23 08:31:33.182,1.17445,1.17447,1.12,1.87
2017.10.23 08:31:34.010,1.17444,1.17447,2.25,12.64
2017.10.23 08:31:34.529,1.17444,1.17447,1.00,5.62
2017.10.23 08:31:35.281,1.17444,1.17447,1.00,3.64
2017.10.23 08:31:35.807,1.17443,1.17447,4.12,1.57
2017.10.23 08:31:36.356,1.17444,1.17447,2.62,2.81
2017.10.23 08:31:36.972,1.17444,1.17447,2.62,1.50
2017.10.23 08:31:37.804,1.17444,1.17445,1.12,1.00
2017.10.23 08:31:39.138,1.17443,1.17447,6.00,5.14
2017.10.23 08:31:39.984,1.17443,1.17445,6.00,1.00
2017.10.23 08:31:40.628,1.17443,1.17444,2.25,1.00
2017.10.23 08:31:42.512,1.17442,1.17444,3.00,1.00
2017.10.23 08:31:43.038,1.17441,1.17445,4.42,1.39
2017.10.23 08:31:43.663,1.17442,1.17445,7.12,4.76
2017.10.23 08:31:44.173,1.17442,1.17445,6.75,10.57
2017.10.23 08:31:44.676,1.17442,1.17445,8.62,3.37
2017.10.23 08:31:45.314,1.17442,1.17444,1.00,1.00
2017.10.23 08:31:45.621,1.17445,1.17446,6.37,1.00
2017.10.23 08:31:46.222,1.17445,1.17447,6.37,2.44
2017.10.23 08:31:46.749,1.17444,1.17446,1.80,1.87
2017.10.23 08:31:47.313,1.17443,1.17445,6.30,1.00
2017.10.23 08:31:48.381,1.17445,1.17446,1.00,1.00
2017.10.23 08:31:48.892,1.17444,1.17445,1.80,1.00
2017.10.23 08:31:49.421,1.17445,1.17447,6.37,1.50
2017.10.23 08:31:49.690,1.17444,1.17447,1.72,1.50
2017.10.23 08:31:50.248,1.17444,1.17447,1.72,1.50
2017.10.23 08:31:50.955,1.17444,1.17448,1.35,9.75
2017.10.23 08:31:54.845,1.17445,1.17447,2.25,3.37
2017.10.23 08:31:55.568,1.17444,1.17447,4.35,2.62
2017.10.23 08:31:56.329,1.17446,1.17447,3.75,1.12
2017.10.23 08:31:56.688,1.17446,1.17449,4.50,7.87
2017.10.23 08:31:59.164,1.17447,1.17448,1.00,1.12
2017.10.23 08:32:00.094,1.17447,1.17449,2.62,1.31
2017.10.23 08:32:00.692,1.17449,1.17451,2.25,1.31
2017.10.23 08:32:00.898,1.17448,1.1745,3.75,2.44
2017.10.23 08:32:01.433,1.17447,1.17449,2.62,1.12
2017.10.23 08:32:01.694,1.17448,1.17451,2.62,1.00
2017.10.23 08:32:01.849,1.1745,1.17452,2.25,3.75
2017.10.23 08:32:02.529,1.1745,1.17451,2.25,1.00
2017.10.23 08:32:02.683,1.17451,1.17453,1.50,2.25
2017.10.23 08:32:03.210,1.17451,1.17454,1.50,1.50
2017.10.23 08:32:03.790,1.17452,1.17454,1.12,1.27
2017.10.23 08:32:07.838,1.17453,1.17454,4.12,1.12
2017.10.23 08:32:07.941,1.17454,1.17457,2.62,3.19
2017.10.23 08:32:09.080,1.17455,1.17458,1.95,4.31
2017.10.23 08:32:10.484,1.17455,1.17458,2.62,1.25
2017.10.23 08:32:11.003,1.17456,1.17459,5.62,4.12
2017.10.23 08:32:11.870,1.17456,1.17459,7.50,3.56
2017.10.23 08:32:14.689,1.17456,1.17458,1.12,1.00
2017.10.23 08:32:15.647,1.17455,1.17459,3.37,5.32
2017.10.23 08:32:15.749,1.17455,1.17457,1.00,3.37
2017.10.23 08:32:16.058,1.17452,1.17455,5.62,3.75
2017.10.23 08:32:16.596,1.17453,1.17454,1.00,1.00
2017.10.23 08:32:16.804,1.17453,1.17456,1.50,6.79
2017.10.23 08:32:16.907,1.17453,1.17454,2.25,1.00
2017.10.23 08:32:17.470,1.17453,1.17455,1.00,3.00
2017.10.23 08:32:18.061,1.17452,1.17454,1.12,1.12
2017.10.23 08:32:19.213,1.17451,1.17455,2.25,7.01
2017.10.23 08:32:19.418,1.17452,1.17455,2.70,4.12
2017.10.23 08:32:19.951,1.17452,1.17454,2.25,1.50
2017.10.23 08:32:20.459,1.17452,1.17454,1.00,3.56
2017.10.23 08:32:21.364,1.17451,1.17453,5.25,1.12
2017.10.23 08:32:22.582,1.17452,1.17453,1.50,1.00
2017.10.23 08:32:23.089,1.17452,1.17454,1.50,2.25
2017.10.23 08:32:24.002,1.17451,1.17454,3.90,3.37
2017.10.23 08:32:25.879,1.17452,1.17454,1.69,3.00
2017.10.23 08:32:25.982,1.17454,1.17455,2.25,3.07
2017.10.23 08:32:26.546,1.17453,1.17454,1.50,1.87
2017.10.23 08:32:26.751,1.17454,1.17456,1.87,2.81
2017.10.23 08:32:27.262,1.17454,1.17456,1.50,4.01
2017.10.23 08:32:28.229,1.17454,1.17456,1.87,3.07
2017.10.23 08:32:29.870,1.17453,1.17456,3.22,1.57
2017.10.23 08:32:30.712,1.17453,1.17454,1.87,1.00
2017.10.23 08:32:32.239,1.17452,1.17455,3.22,9.94
2017.10.23 08:32:32.787,1.17452,1.17454,4.50,4.50
2017.10.23 08:32:42.033,1.17452,1.17454,1.00,5.06
2017.10.23 08:32:42.574,1.17451,1.17454,6.00,2.62
2017.10.23 08:32:42.881,1.17452,1.17454,1.00,2.62
2017.10.23 08:32:43.389,1.17452,1.17454,1.00,2.62
2017.10.23 08:32:44.015,1.17451,1.17454,6.00,2.62
2017.10.23 08:32:46.305,1.17451,1.17454,5.44,2.44
2017.10.23 08:32:46.890,1.17451,1.17454,7.12,2.62
2017.10.23 08:32:54.520,1.17451,1.17454,3.75,2.25
2017.10.23 08:32:57.665,1.17453,1.17455,2.55,6.69
2017.10.23 08:32:57.818,1.17457,1.17459,1.35,1.37
2017.10.23 08:32:57.921,1.17458,1.1746,1.00,1.50
2017.10.23 08:32:58.813,1.17458,1.17459,1.00,1.25
2017.10.23 08:33:00.109,1.17457,1.17459,2.62,1.12
2017.10.23 08:33:02.802,1.17457,1.17458,2.62,1.00
2017.10.23 08:33:05.640,1.17457,1.17459,2.25,1.00
2017.10.23 08:33:05.794,1.17459,1.17461,1.50,4.20
2017.10.23 08:33:05.948,1.17458,1.1746,1.50,1.69
2017.10.23 08:33:06.482,1.17458,1.17459,1.50,1.12
2017.10.23 08:33:07.203,1.17457,1.17459,2.25,1.87
2017.10.23 08:33:09.361,1.17456,1.17458,6.00,3.25
2017.10.23 08:33:09.517,1.17454,1.17455,3.37,1.00
2017.10.23 08:33:10.051,1.17454,1.17456,2.62,2.25
2017.10.23 08:33:10.963,1.17455,1.17456,1.00,1.69
2017.10.23 08:33:11.480,1.17454,1.17456,1.00,3.94
2017.10.23 08:33:11.996,1.17454,1.17455,1.00,2.62
2017.10.23 08:33:13.267,1.17454,1.17456,4.12,4.31
2017.10.23 08:33:13.791,1.17454,1.17455,1.50,3.19
2017.10.23 08:33:15.107,1.17454,1.17456,3.07,1.12
2017.10.23 08:33:15.676,1.17455,1.17456,1.50,1.25
2017.10.23 08:33:16.211,1.17456,1.17457,2.25,1.25
2017.10.23 08:33:18.011,1.17455,1.17457,5.25,1.25
2017.10.23 08:33:18.522,1.17455,1.17457,4.20,1.25
2017.10.23 08:33:18.625,1.17455,1.17459,6.30,6.82
2017.10.23 08:33:18.729,1.17455,1.17457,6.11,1.25
2017.10.23 08:33:20.786,1.17454,1.17456,7.39,1.25
2017.10.23 08:33:21.420,1.17455,1.17456,2.25,1.25
2017.10.23 08:33:22.086,1.17454,1.17456,7.57,1.00
2017.10.23 08:33:22.598,1.17455,1.17457,3.19,1.25
2017.10.23 08:33:23.155,1.17455,1.17457,3.19,1.25
2017.10.23 08:33:23.705,1.17455,1.17457,2.81,1.00
2017.10.23 08:33:24.523,1.17456,1.17457,1.00,1.25
2017.10.23 08:33:25.532,1.17455,1.17457,2.62,1.25
2017.10.23 08:33:28.964,1.17455,1.17457,4.69,1.25
2017.10.23 08:33:30.213,1.17457,1.17458,2.25,2.25
2017.10.23 08:33:30.521,1.1746,1.17461,1.50,1.87
2017.10.23 08:33:30.676,1.1746,1.17462,1.50,2.81
2017.10.23 08:33:30.829,1.17459,1.1746,4.87,1.50
2017.10.23 08:33:31.377,1.17459,1.1746,1.00,1.50
2017.10.23 08:33:33.352,1.17458,1.17459,1.50,1.25
2017.10.23 08:33:33.854,1.17459,1.1746,1.00,1.50
2017.10.23 08:33:34.442,1.17458,1.17459,1.50,1.00
2017.10.23 08:33:35.193,1.17459,1.1746,1.00,3.37
2017.10.23 08:33:35.993,1.17458,1.1746,1.00,2.62
2017.10.23 08:33:36.513,1.17457,1.17459,1.12,2.62
2017.10.23 08:33:37.097,1.17457,1.17459,1.00,4.12
2017.10.23 08:33:37.368,1.17455,1.17459,4.39,4.01
2017.10.23 08:33:37.906,1.17455,1.17458,4.69,1.50
2017.10.23 08:33:41.862,1.17455,1.17457,3.75,2.50
2017.10.23 08:33:42.128,1.17453,1.17455,5.62,1.95
2017.10.23 08:33:42.232,1.17452,1.17456,1.87,12.19
2017.10.23 08:33:42.285,1.17452,1.17454,1.87,1.00
2017.10.23 08:33:43.185,1.17452,1.17453,1.87,1.25
2017.10.23 08:33:43.698,1.17452,1.17454,1.50,2.14
2017.10.23 08:33:44.663,1.17452,1.17453,1.12,1.00
2017.10.23 08:33:44.970,1.17454,1.17455,1.50,1.50
2017.10.23 08:33:45.073,1.17452,1.17455,5.25,7.50
2017.10.23 08:33:45.585,1.17452,1.17455,3.37,1.69
2017.10.23 08:33:46.125,1.17452,1.17455,3.37,3.00
2017.10.23 08:33:47.104,1.17452,1.17454,1.87,1.00
2017.10.23 08:33:47.700,1.17452,1.17455,1.87,6.26
2017.10.23 08:33:48.850,1.17452,1.17454,1.87,1.00
2017.10.23 08:33:50.050,1.17452,1.17455,2.47,9.26
2017.10.23 08:33:51.053,1.17452,1.17454,2.47,1.50
2017.10.23 08:33:52.705,1.17452,1.17454,3.60,6.37
2017.10.23 08:33:53.683,1.17452,1.17454,2.47,3.37
2017.10.23 08:34:03.484,1.17452,1.17454,3.97,5.25
2017.10.23 08:34:28.550,1.17452,1.17454,1.00,2.81
2017.10.23 08:34:32.234,1.17452,1.17454,1.00,4.12
2017.10.23 08:34:33.126,1.17452,1.17454,1.00,4.69
2017.10.23 08:34:33.687,1.17452,1.17453,1.00,1.25
2017.10.23 08:34:34.312,1.17452,1.17454,1.00,1.69
2017.10.23 08:34:37.552,1.17452,1.17453,1.50,1.25
2017.10.23 08:34:41.154,1.17452,1.17454,1.50,5.62
2017.10.23 08:34:43.021,1.17452,1.17453,1.95,1.25
2017.10.23 08:34:43.556,1.17452,1.17454,2.70,6.94
2017.10.23 08:34:46.445,1.17452,1.17454,3.00,6.50
2017.10.23 08:34:48.739,1.17452,1.17454,1.50,8.44
2017.10.23 08:34:49.457,1.17452,1.17453,1.50,1.25
2017.10.23 08:34:49.899,1.17454,1.17455,1.95,1.25
2017.10.23 08:34:49.951,1.17455,1.17458,1.69,2.25
2017.10.23 08:34:50.455,1.17455,1.17459,1.25,4.50
2017.10.23 08:34:50.776,1.17457,1.17459,1.12,3.00
2017.10.23 08:34:51.280,1.17458,1.17459,1.00,1.12
2017.10.23 08:34:52.280,1.17458,1.1746,1.00,4.31
2017.10.23 08:34:53.858,1.17457,1.17459,4.42,1.25
2017.10.23 08:34:54.540,1.17459,1.1746,1.00,4.12
2017.10.23 08:34:54.917,1.1746,1.17463,1.50,4.12
2017.10.23 08:34:55.437,1.17461,1.17463,1.00,6.00
2017.10.23 08:34:57.387,1.17459,1.17461,4.20,1.00
2017.10.23 08:34:57.696,1.17458,1.17459,1.57,1.00
2017.10.23 08:34:58.284,1.17458,1.1746,1.57,3.00
2017.10.23 08:34:58.694,1.17457,1.17459,1.87,4.75
2017.10.23 08:34:58.797,1.17456,1.17458,3.00,1.00
2017.10.23 08:35:03.400,1.17456,1.17457,1.12,1.00
2017.10.23 08:35:04.334,1.17454,1.17455,3.82,1.50
2017.10.23 08:35:04.437,1.17452,1.17455,6.30,2.25
2017.10.23 08:35:04.489,1.17454,1.17455,1.69,1.69
2017.10.23 08:35:04.798,1.17456,1.17457,1.00,3.00
2017.10.23 08:35:05.310,1.17456,1.17457,1.00,1.00
2017.10.23 08:35:05.852,1.17455,1.17457,3.07,1.25
2017.10.23 08:35:06.459,1.17456,1.17458,1.00,2.62
2017.10.23 08:35:07.850,1.17455,1.17457,2.89,1.25
2017.10.23 08:35:08.742,1.17456,1.17458,1.95,2.62
2017.10.23 08:35:09.250,1.17456,1.17457,1.50,1.31
2017.10.23 08:35:10.786,1.17455,1.17457,3.37,1.00
2017.10.23 08:35:14.190,1.17454,1.17456,7.61,1.00
2017.10.23 08:35:15.867,1.17455,1.17456,1.12,1.25
2017.10.23 08:35:16.406,1.17454,1.17456,7.99,1.00
2017.10.23 08:35:18.451,1.17455,1.17456,1.57,1.25
2017.10.23 08:35:18.718,1.17453,1.17455,5.89,6.75
2017.10.23 08:35:18.923,1.17452,1.17453,1.12,1.00
2017.10.23 08:35:19.809,1.17452,1.17454,1.00,1.12
2017.10.23 08:35:20.335,1.17451,1.17453,2.25,1.00
2017.10.23 08:35:21.101,1.17451,1.17454,2.62,7.31
2017.10.23 08:35:22.857,1.17451,1.17453,2.25,1.12
2017.10.23 08:35:23.395,1.1745,1.17452,1.10,1.31
2017.10.23 08:35:23.779,1.17452,1.17453,1.00,1.31
2017.10.23 08:35:24.294,1.17451,1.17452,1.25,1.25
2017.10.23 08:35:24.828,1.1745,1.17452,7.76,1.25
2017.10.23 08:35:25.334,1.17451,1.17452,2.62,1.25
2017.10.23 08:35:25.845,1.17451,1.17453,4.05,1.25
2017.10.23 08:35:26.244,1.17453,1.17455,13.99,1.25
2017.10.23 08:35:26.450,1.17452,1.17454,5.66,1.69
2017.10.23 08:35:26.957,1.17452,1.17453,3.00,1.31
2017.10.23 08:35:27.690,1.17452,1.17454,1.87,1.31
2017.10.23 08:35:28.200,1.17452,1.17454,1.50,3.94
2017.10.23 08:35:29.023,1.17451,1.17452,1.12,1.50
2017.10.23 08:35:29.564,1.1745,1.17452,3.37,1.25
2017.10.23 08:35:30.103,1.17451,1.17452,1.00,1.25
2017.10.23 08:35:31.071,1.1745,1.17452,1.25,2.06
2017.10.23 08:35:31.621,1.17451,1.17452,1.00,1.31
2017.10.23 08:35:32.179,1.17453,1.17454,2.44,7.12
2017.10.23 08:35:32.541,1.1745,1.17452,3.00,1.00
2017.10.23 08:35:33.175,1.17451,1.17452,2.25,1.12
2017.10.23 08:35:35.188,1.1745,1.17452,4.50,1.25
2017.10.23 08:35:35.803,1.17451,1.17452,1.12,1.12
2017.10.23 08:35:39.213,1.1745,1.17452,5.70,1.00
2017.10.23 08:35:39.735,1.17451,1.17452,1.12,1.12
2017.10.23 08:35:40.943,1.17451,1.17453,9.60,5.06
2017.10.23 08:35:41.096,1.17453,1.17455,5.10,1.12
2017.10.23 08:35:41.607,1.17454,1.17456,1.50,3.94
2017.10.23 08:35:42.117,1.17453,1.17455,8.74,1.00
2017.10.23 08:35:42.297,1.17454,1.17456,1.69,1.12
2017.10.23 08:35:42.814,1.17454,1.17456,1.50,3.52
2017.10.23 08:35:43.197,1.17453,1.17454,3.11,1.69
2017.10.23 08:35:44.050,1.17451,1.17453,3.52,1.00
2017.10.23 08:35:45.009,1.17451,1.17454,2.17,5.44
2017.10.23 08:35:45.061,1.17451,1.17454,2.17,8.06
2017.10.23 08:35:47.597,1.1745,1.17452,7.69,1.25
2017.10.23 08:35:48.861,1.1745,1.17452,7.87,1.31
2017.10.23 08:35:49.386,1.1745,1.17452,4.12,1.31
2017.10.23 08:35:49.915,1.1745,1.17452,2.81,1.25
2017.10.23 08:35:51.601,1.1745,1.17452,8.25,1.00
2017.10.23 08:35:52.457,1.17451,1.17452,1.00,1.00
2017.10.23 08:35:53.362,1.1745,1.17452,8.25,1.31
2017.10.23 08:35:53.969,1.17451,1.17452,1.00,1.31
2017.10.23 08:35:54.488,1.1745,1.17451,1.00,1.25
2017.10.23 08:35:55.008,1.17449,1.17452,7.61,1.00
2017.10.23 08:35:59.078,1.17449,1.17451,4.39,1.09
2017.10.23 08:35:59.130,1.17447,1.17449,1.50,1.69
2017.10.23 08:35:59.284,1.17448,1.1745,3.26,1.31
2017.10.23 08:35:59.796,1.17449,1.17451,7.50,1.25
2017.10.23 08:36:00.358,1.17449,1.17451,8.81,1.25
2017.10.23 08:36:01.598,1.17449,1.17451,5.25,1.25
2017.10.23 08:36:02.198,1.17449,1.17451,4.69,1.25
2017.10.23 08:36:02.736,1.17449,1.17451,4.50,1.25
2017.10.23 08:36:04.454,1.1745,1.17452,1.00,2.25
2017.10.23 08:36:04.695,1.17449,1.17451,7.20,1.25
2017.10.23 08:36:06.950,1.17448,1.1745,11.55,1.00
2017.10.23 08:36:07.537,1.17448,1.1745,2.10,2.06
2017.10.23 08:36:08.049,1.17447,1.17449,6.67,1.50
2017.10.23 08:36:08.617,1.17447,1.17449,5.55,5.25
2017.10.23 08:36:09.134,1.17446,1.17448,8.47,1.00
2017.10.23 08:36:09.647,1.17447,1.17448,1.00,1.50
2017.10.23 08:36:10.180,1.17446,1.17448,9.97,1.87
2017.10.23 08:36:10.896,1.17447,1.17448,1.00,1.12
2017.10.23 08:36:11.575,1.17446,1.17448,7.80,1.12
2017.10.23 08:36:12.683,1.17446,1.17447,7.72,1.25
2017.10.23 08:36:13.225,1.17446,1.17448,7.97,4.31
2017.10.23 08:36:13.768,1.17446,1.17448,6.97,4.31
2017.10.23 08:36:16.284,1.17445,1.17448,1.25,5.44
2017.10.23 08:36:20.227,1.17444,1.17446,5.44,1.00
2017.10.23 08:36:21.654,1.17444,1.17446,4.69,1.00
2017.10.23 08:36:22.781,1.17444,1.17446,5.25,1.00
2017.10.23 08:36:23.296,1.17444,1.17446,1.69,1.25
2017.10.23 08:36:28.146,1.17445,1.17447,4.94,5.06
2017.10.23 08:36:28.672,1.17445,1.17446,4.69,1.31
2017.10.23 08:36:30.319,1.17443,1.17444,6.37,1.50
2017.10.23 08:36:30.371,1.17442,1.17443,1.12,1.25
2017.10.23 08:36:30.880,1.1744,1.17442,6.45,1.25
2017.10.23 08:36:33.828,1.17441,1.17443,1.25,5.25
2017.10.23 08:36:34.375,1.17441,1.17442,1.25,1.00
2017.10.23 08:36:35.273,1.17441,1.17443,1.25,5.25
2017.10.23 08:36:36.175,1.17441,1.17442,1.31,1.00
2017.10.23 08:36:39.105,1.1744,1.17442,1.00,1.00
2017.10.23 08:36:39.615,1.1744,1.17443,3.07,1.25
2017.10.23 08:36:40.285,1.17443,1.17444,1.91,1.25
2017.10.23 08:36:40.337,1.17444,1.17446,1.00,1.00
2017.10.23 08:36:40.853,1.17445,1.17446,1.87,1.25
2017.10.23 08:36:41.919,1.17446,1.17447,1.50,1.00
2017.10.23 08:36:44.244,1.17444,1.17446,11.89,1.00
2017.10.23 08:36:45.943,1.17445,1.17446,3.56,1.25
2017.10.23 08:36:46.499,1.17445,1.17447,1.87,1.00
2017.10.23 08:36:48.251,1.17446,1.17447,1.50,1.25
2017.10.23 08:36:49.748,1.17444,1.17447,12.07,1.25
2017.10.23 08:36:51.243,1.17445,1.17447,3.37,1.25
2017.10.23 08:36:59.009,1.17445,1.17447,2.44,1.25
2017.10.23 08:36:59.758,1.17445,1.17448,2.25,2.25
2017.10.23 08:37:02.008,1.17445,1.17447,2.70,1.00
2017.10.23 08:37:02.650,1.17445,1.17447,1.00,1.00
2017.10.23 08:37:05.940,1.17446,1.17447,1.00,1.00
2017.10.23 08:37:06.043,1.17442,1.17445,4.42,3.75
2017.10.23 08:37:06.364,1.17442,1.17444,2.47,1.50
2017.10.23 08:37:06.898,1.17442,1.17443,2.47,1.00
2017.10.23 08:37:07.431,1.17441,1.17443,8.47,1.00
2017.10.23 08:37:07.990,1.17442,1.17443,2.47,1.12
2017.10.23 08:37:08.519,1.17442,1.17444,3.22,6.37
2017.10.23 08:37:09.048,1.17441,1.17443,4.54,1.25
2017.10.23 08:37:09.410,1.17444,1.17446,3.94,1.25
2017.10.23 08:37:09.930,1.17444,1.17446,6.45,1.25
2017.10.23 08:37:10.581,1.17446,1.17448,1.00,6.37
2017.10.23 08:37:11.156,1.17445,1.17446,1.12,1.25
2017.10.23 08:37:12.279,1.17444,1.17445,1.50,2.62
2017.10.23 08:37:12.587,1.17442,1.17444,1.50,3.19
2017.10.23 08:37:13.106,1.17442,1.17444,1.20,3.94
2017.10.23 08:37:13.631,1.17442,1.17444,2.85,1.25
2017.10.23 08:37:14.145,1.17442,1.17443,3.30,1.31
2017.10.23 08:37:14.885,1.17442,1.17444,3.75,5.25
2017.10.23 08:37:15.039,1.17444,1.17446,1.76,1.25
2017.10.23 08:37:15.986,1.17445,1.17447,1.12,1.25
2017.10.23 08:37:16.504,1.17446,1.17447,1.00,1.25
2017.10.23 08:37:17.008,1.17445,1.17447,1.12,1.25
2017.10.23 08:37:17.635,1.17445,1.17447,3.75,1.25
2017.10.23 08:37:19.246,1.17444,1.17445,1.05,1.12
2017.10.23 08:37:19.451,1.17444,1.17447,2.36,1.87
2017.10.23 08:37:21.753,1.17446,1.17447,1.00,1.31
2017.10.23 08:37:24.050,1.17445,1.17447,1.00,3.19
2017.10.23 08:37:24.154,1.17443,1.17445,3.00,3.00
2017.10.23 08:37:24.257,1.17442,1.17445,1.42,10.12
2017.10.23 08:37:24.765,1.17442,1.17444,1.05,1.12
2017.10.23 08:37:25.075,1.17443,1.17445,5.10,7.69
2017.10.23 08:37:25.178,1.17444,1.17446,2.25,2.44
2017.10.23 08:37:25.689,1.17444,1.17445,5.81,1.25
2017.10.23 08:37:27.315,1.17445,1.17446,1.00,1.31
2017.10.23 08:37:28.236,1.17444,1.17446,4.01,1.25
2017.10.23 08:37:28.780,1.17445,1.17446,1.00,1.25
2017.10.23 08:37:29.045,1.17443,1.17445,1.95,2.77
2017.10.23 08:37:29.315,1.17442,1.17443,3.00,1.25
2017.10.23 08:37:29.418,1.17441,1.17443,4.91,1.31
2017.10.23 08:37:30.255,1.17441,1.17444,4.61,5.44
2017.10.23 08:37:30.359,1.17443,1.17445,4.12,4.50
2017.10.23 08:37:30.886,1.17444,1.17445,3.00,1.00
2017.10.23 08:37:31.396,1.17442,1.17445,8.55,1.87
2017.10.23 08:37:32.002,1.17443,1.17445,1.12,1.12
2017.10.23 08:37:32.310,1.17442,1.17443,1.95,1.00
2017.10.23 08:37:32.832,1.17442,1.17445,2.51,5.44
2017.10.23 08:37:33.233,1.17444,1.17445,1.35,1.00
2017.10.23 08:37:33.748,1.17444,1.17446,3.56,1.25
2017.10.23 08:37:34.298,1.17444,1.17446,1.87,1.25
2017.10.23 08:37:35.024,1.17444,1.17446,3.19,1.25
2017.10.23 08:37:36.312,1.17445,1.17446,1.12,1.25
2017.10.23 08:37:36.719,1.17448,1.17449,1.87,4.50
2017.10.23 08:37:36.772,1.1745,1.17451,1.87,2.25
2017.10.23 08:37:37.131,1.17447,1.17449,1.50,2.62
2017.10.23 08:37:37.420,1.17446,1.17447,1.20,1.87
2017.10.23 08:37:37.472,1.17442,1.17445,4.01,2.62
2017.10.23 08:37:37.524,1.17442,1.17445,2.70,3.56
2017.10.23 08:37:37.834,1.17444,1.17445,2.25,1.00
2017.10.23 08:37:37.999,1.17445,1.17447,2.25,1.69
2017.10.23 08:37:38.648,1.17445,1.17447,3.19,1.00
2017.10.23 08:37:39.193,1.17445,1.17448,3.19,1.50
2017.10.23 08:37:41.800,1.17444,1.17446,2.10,1.00
2017.10.23 08:37:42.828,1.17445,1.17446,1.00,2.25
2017.10.23 08:37:43.457,1.17444,1.17445,3.60,1.87
2017.10.23 08:37:44.397,1.17443,1.17446,3.22,1.50
2017.10.23 08:37:44.908,1.17444,1.17446,1.12,1.00
2017.10.23 08:37:45.412,1.17444,1.17447,2.62,1.57
2017.10.23 08:37:45.466,1.17442,1.17444,3.00,1.12
2017.10.23 08:37:46.185,1.17443,1.17444,1.20,2.25
2017.10.23 08:37:46.288,1.17444,1.17447,1.25,7.31
2017.10.23 08:37:46.815,1.17444,1.17447,5.32,1.00
2017.10.23 08:37:47.474,1.17445,1.17447,1.10,1.00
2017.10.23 08:37:48.289,1.17448,1.17449,2.10,3.37
2017.10.23 08:37:48.392,1.17449,1.17451,4.05,1.00
2017.10.23 08:37:48.905,1.1745,1.17453,1.00,1.37
2017.10.23 08:37:51.771,1.1745,1.17453,5.10,2.62
2017.10.23 08:37:52.278,1.1745,1.17453,5.47,2.25
2017.10.23 08:37:56.196,1.1745,1.17453,1.69,1.00
2017.10.23 08:37:58.464,1.17449,1.17451,3.75,3.25
2017.10.23 08:37:58.669,1.17448,1.17452,5.32,3.82
2017.10.23 08:37:59.036,1.17448,1.1745,2.62,1.00
2017.10.23 08:37:59.190,1.17446,1.17449,2.70,3.56
2017.10.23 08:37:59.708,1.17446,1.17449,1.12,11.51
2017.10.23 08:38:01.282,1.17445,1.17448,2.06,1.87
2017.10.23 08:38:02.336,1.17445,1.17448,1.50,1.57
2017.10.23 08:38:02.838,1.17446,1.17449,2.25,1.25
2017.10.23 08:38:04.742,1.17445,1.17449,3.60,2.81
2017.10.23 08:38:04.800,1.17445,1.17447,1.12,2.25
2017.10.23 08:38:05.110,1.17442,1.17444,1.00,2.81
2017.10.23 08:38:05.679,1.17441,1.17444,3.75,3.94
2017.10.23 08:38:06.208,1.17442,1.17444,1.87,1.69
2017.10.23 08:38:06.515,1.17444,1.17446,1.00,2.06
2017.10.23 08:38:07.450,1.17444,1.17446,1.00,1.12
2017.10.23 08:38:08.064,1.17444,1.17447,1.69,2.25
2017.10.23 08:38:08.600,1.17444,1.17448,2.44,9.07
2017.10.23 08:38:09.326,1.17444,1.17448,3.19,10.20
2017.10.23 08:38:10.051,1.17443,1.17444,3.00,1.69
2017.10.23 08:38:10.103,1.17442,1.17444,1.10,1.31
2017.10.23 08:38:10.686,1.17441,1.17444,1.50,2.70
2017.10.23 08:38:11.507,1.17441,1.17444,1.50,1.95
2017.10.23 08:38:12.027,1.17441,1.17443,1.50,1.50
2017.10.23 08:38:14.129,1.17441,1.17443,3.60,1.00
2017.10.23 08:38:17.017,1.17441,1.17444,2.29,2.62
2017.10.23 08:38:20.151,1.17441,1.17444,2.66,3.75
2017.10.23 08:38:21.313,1.17443,1.17444,1.00,2.25
2017.10.23 08:38:21.856,1.17442,1.17444,1.10,2.25
2017.10.23 08:38:24.890,1.17441,1.17444,4.05,2.44
2017.10.23 08:38:26.219,1.17441,1.17445,4.50,8.81
2017.10.23 08:38:26.741,1.17441,1.17445,4.95,6.94
2017.10.23 08:38:27.359,1.17441,1.17445,3.45,5.06
2017.10.23 08:38:27.894,1.17441,1.17445,3.45,5.06
2017.10.23 08:38:30.059,1.17441,1.17444,7.05,1.12
2017.10.23 08:38:32.283,1.17441,1.17445,4.95,7.69
2017.10.23 08:38:33.771,1.17442,1.17445,2.32,4.50
2017.10.23 08:38:34.471,1.17442,1.17445,1.95,1.12
2017.10.23 08:38:35.249,1.17442,1.17445,3.82,2.70
2017.10.23 08:38:35.854,1.17442,1.17445,1.50,5.81
2017.10.23 08:38:42.975,1.17442,1.17445,1.12,3.94
2017.10.23 08:38:43.522,1.17442,1.17445,1.57,3.19
2017.10.23 08:38:44.184,1.17442,1.17444,1.57,1.00
2017.10.23 08:38:44.695,1.17442,1.17445,1.95,6.19
2017.10.23 08:38:45.196,1.17442,1.17444,1.57,1.00
2017.10.23 08:38:45.834,1.17442,1.17445,1.57,3.19
2017.10.23 08:38:46.443,1.17442,1.17444,1.57,1.00
2017.10.23 08:38:47.256,1.17442,1.17445,1.57,4.69
2017.10.23 08:38:48.002,1.17442,1.17444,1.57,1.00
2017.10.23 08:38:48.804,1.17442,1.17445,1.57,3.56
2017.10.23 08:38:49.456,1.17442,1.17444,1.57,1.00
2017.10.23 08:38:50.177,1.17442,1.17445,1.57,4.13
2017.10.23 08:38:50.702,1.17442,1.17445,1.12,3.94
2017.10.23 08:38:51.935,1.17442,1.17444,1.12,1.00
2017.10.23 08:38:52.442,1.17442,1.17444,1.12,2.44
2017.10.23 08:38:54.315,1.17442,1.17444,1.12,1.25
2017.10.23 08:38:56.948,1.17441,1.17443,5.62,1.00
2017.10.23 08:39:00.070,1.17441,1.17443,1.12,1.00
2017.10.23 08:39:02.109,1.1744,1.17443,2.44,1.25
2017.10.23 08:39:02.332,1.17441,1.17444,4.12,5.62
2017.10.23 08:39:02.795,1.17442,1.17445,1.50,2.81
2017.10.23 08:39:03.711,1.17442,1.17444,2.25,1.00
2017.10.23 08:39:04.344,1.17442,1.17445,2.25,7.31
2017.10.23 08:39:05.005,1.17442,1.17444,3.00,1.00
2017.10.23 08:39:05.783,1.17442,1.17445,1.50,2.81
2017.10.23 08:39:06.324,1.17442,1.17444,3.00,1.00
2017.10.23 08:39:07.114,1.17442,1.17445,1.00,7.69
2017.10.23 08:39:07.631,1.17441,1.17445,5.47,11.44
2017.10.23 08:39:08.225,1.17441,1.17444,3.60,1.69
2017.10.23 08:39:09.753,1.17441,1.17444,3.60,1.69
2017.10.23 08:39:11.225,1.17441,1.17444,4.35,2.25
2017.10.23 08:39:17.420,1.17441,1.17444,4.72,2.06
2017.10.23 08:39:17.974,1.17442,1.17444,1.00,2.06
2017.10.23 08:39:18.587,1.17442,1.17444,1.12,4.01
2017.10.23 08:39:18.743,1.17439,1.17441,1.87,9.75
2017.10.23 08:39:19.051,1.17436,1.17439,3.75,2.89
2017.10.23 08:39:19.621,1.17436,1.17439,3.56,5.51
2017.10.23 08:39:20.185,1.17436,1.17439,1.12,4.01
2017.10.23 08:39:20.703,1.17436,1.17439,1.12,4.01
2017.10.23 08:39:22.815,1.17436,1.17439,1.12,4.01
2017.10.23 08:39:23.364,1.17437,1.17438,1.00,2.14
2017.10.23 08:39:25.132,1.17433,1.17435,1.00,6.07
2017.10.23 08:39:25.248,1.17434,1.17436,2.25,9.75
2017.10.23 08:39:25.760,1.17434,1.17436,2.44,1.00
2017.10.23 08:39:26.222,1.17435,1.17437,1.12,1.25
2017.10.23 08:39:26.749,1.17436,1.17438,1.00,8.74
2017.10.23 08:39:32.913,1.17434,1.17435,4.31,3.37
2017.10.23 08:39:33.017,1.17431,1.17433,3.56,1.12
2017.10.23 08:39:33.557,1.17431,1.17433,1.25,2.62
2017.10.23 08:39:40.747,1.17434,1.17435,3.37,4.50
2017.10.23 08:39:40.948,1.17434,1.17437,1.87,2.62
2017.10.23 08:39:41.461,1.17434,1.17437,1.12,4.50
2017.10.23 08:39:41.993,1.17435,1.17437,1.00,2.44
2017.10.23 08:39:43.135,1.17436,1.17438,1.00,3.75
2017.10.23 08:39:45.073,1.17435,1.17437,1.20,1.87
2017.10.23 08:39:45.177,1.17434,1.17435,1.35,1.87
2017.10.23 08:39:45.230,1.17432,1.17434,2.25,4.31
2017.10.23 08:39:45.375,1.1743,1.17434,6.22,5.25
2017.10.23 08:39:46.243,1.17431,1.17434,1.10,8.06
2017.10.23 08:39:46.481,1.1743,1.17432,4.95,1.00
2017.10.23 08:39:48.223,1.17429,1.1743,3.82,1.25
2017.10.23 08:39:48.326,1.17426,1.17429,3.97,2.25
2017.10.23 08:39:48.851,1.17426,1.17428,1.50,1.12
2017.10.23 08:39:49.376,1.17425,1.17428,7.42,1.12
2017.10.23 08:39:50.929,1.17424,1.17425,3.82,1.00
2017.10.23 08:39:51.136,1.17422,1.17425,1.20,3.00
2017.10.23 08:39:51.294,1.17421,1.17425,2.51,8.25
2017.10.23 08:39:51.601,1.17422,1.17425,1.00,5.44
2017.10.23 08:39:52.289,1.17422,1.17425,1.50,6.56
2017.10.23 08:39:52.745,1.17424,1.17425,1.00,3.00
2017.10.23 08:39:53.264,1.17423,1.17426,1.35,4.50
2017.10.23 08:39:53.389,1.17424,1.17426,1.00,1.12
2017.10.23 08:39:53.900,1.17425,1.17428,1.57,9.37
2017.10.23 08:39:54.002,1.17425,1.17428,1.00,5.81
2017.10.23 08:39:54.867,1.17425,1.17427,1.87,1.00
2017.10.23 08:39:56.230,1.17425,1.17428,3.45,1.87
2017.10.23 08:39:59.375,1.17425,1.17428,3.37,2.06
2017.10.23 08:39:59.530,1.17424,1.17426,1.72,1.00
2017.10.23 08:40:00.043,1.17425,1.17427,1.12,1.50
2017.10.23 08:40:00.554,1.17424,1.17427,7.80,1.37
2017.10.23 08:40:02.912,1.17423,1.17425,5.62,8.47
2017.10.23 08:40:03.014,1.17421,1.17423,3.75,1.00
2017.10.23 08:40:03.223,1.17422,1.17425,1.42,3.56
2017.10.23 08:40:03.536,1.17421,1.17423,1.12,1.31
2017.10.23 08:40:03.965,1.1742,1.17423,3.37,6.56
2017.10.23 08:40:04.282,1.17416,1.17418,2.70,1.00
2017.10.23 08:40:05.164,1.17415,1.17417,1.25,1.00
2017.10.23 08:40:05.760,1.17416,1.17418,1.30,1.87
2017.10.23 08:40:06.936,1.17415,1.17418,1.31,3.07
2017.10.23 08:40:07.944,1.17414,1.17417,1.30,1.12
2017.10.23 08:40:08.453,1.17413,1.17417,4.16,1.12
2017.10.23 08:40:09.434,1.17414,1.17417,1.50,2.51
2017.10.23 08:40:09.945,1.17415,1.17417,1.00,1.00
2017.10.23 08:40:10.456,1.17416,1.17419,2.85,1.69
2017.10.23 08:40:10.971,1.17417,1.1742,1.30,4.31
2017.10.23 08:40:12.151,1.17416,1.17419,1.25,1.00
2017.10.23 08:40:12.702,1.17414,1.17415,3.82,1.00
2017.10.23 08:40:13.259,1.17414,1.17417,1.00,8.44
2017.10.23 08:40:14.654,1.17415,1.17416,1.00,1.50
2017.10.23 08:40:15.215,1.17413,1.17416,2.25,1.12
2017.10.23 08:40:15.370,1.17412,1.17415,2.55,2.85
2017.10.23 08:40:15.729,1.17411,1.17415,2.66,3.75
2017.10.23 08:40:16.462,1.1741,1.17414,6.11,2.25
2017.10.23 08:40:16.974,1.1741,1.17413,3.90,1.37
2017.10.23 08:40:17.509,1.1741,1.17413,2.21,1.37
2017.10.23 08:40:18.921,1.17411,1.17413,1.00,3.37
2017.10.23 08:40:23.978,1.17411,1.17413,1.00,1.00
2017.10.23 08:40:24.519,1.17411,1.17414,1.12,4.01
2017.10.23 08:40:25.149,1.17412,1.17414,1.00,3.26
2017.10.23 08:40:25.662,1.17412,1.17414,1.00,5.70
2017.10.23 08:40:27.650,1.17412,1.17414,1.00,3.82
2017.10.23 08:40:28.213,1.17413,1.17414,1.00,1.95
2017.10.23 08:40:28.367,1.17414,1.17417,1.12,3.45
2017.10.23 08:40:28.787,1.17415,1.17417,1.00,1.87
2017.10.23 08:40:29.096,1.17413,1.17416,3.00,6.56
2017.10.23 08:40:29.251,1.17411,1.17414,5.81,1.00
2017.10.23 08:40:41.221,1.17412,1.17415,1.00,10.87
2017.10.23 08:40:41.948,1.17412,1.17414,1.00,1.00
2017.10.23 08:40:45.223,1.17412,1.17414,4.25,1.87
2017.10.23 08:40:46.454,1.17411,1.17414,5.62,1.00
2017.10.23 08:40:47.431,1.17413,1.17414,1.50,1.25
2017.10.23 08:40:47.935,1.17411,1.17415,4.12,6.94
2017.10.23 08:40:48.470,1.17413,1.17414,1.00,1.31
2017.10.23 08:40:55.780,1.17415,1.17416,1.50,4.50
2017.10.23 08:40:56.550,1.17415,1.17417,2.25,1.50
2017.10.23 08:40:57.812,1.17415,1.17417,1.50,1.00
2017.10.23 08:40:58.723,1.17415,1.17418,2.62,1.87
2017.10.23 08:41:01.708,1.17415,1.17417,4.87,1.12
2017.10.23 08:41:01.863,1.17412,1.17415,1.95,5.62
2017.10.23 08:41:04.259,1.17412,1.17414,2.70,1.50
2017.10.23 08:41:04.832,1.17411,1.17414,3.00,1.00
2017.10.23 08:41:05.738,1.17411,1.17414,4.57,2.25
2017.10.23 08:41:06.347,1.17411,1.17414,4.12,3.00
2017.10.23 08:41:08.903,1.17411,1.17414,5.40,1.50
2017.10.23 08:41:09.488,1.17411,1.17414,5.02,2.25
2017.10.23 08:41:10.276,1.17409,1.1741,7.39,1.87
2017.10.23 08:41:10.430,1.17413,1.17417,3.00,6.26
2017.10.23 08:41:10.481,1.17415,1.17416,1.00,3.00
2017.10.23 08:41:10.533,1.17413,1.17416,4.50,1.12
2017.10.23 08:41:10.586,1.17415,1.17417,1.00,2.70
2017.10.23 08:41:11.605,1.17415,1.17417,3.82,3.60
2017.10.23 08:41:12.116,1.17415,1.17417,2.70,2.10
2017.10.23 08:41:13.629,1.17416,1.17417,1.50,1.12
2017.10.23 08:41:21.674,1.17418,1.17419,1.00,7.31
2017.10.23 08:41:21.984,1.17421,1.17422,1.87,3.00
2017.10.23 08:41:22.200,1.1742,1.17421,1.87,1.50
2017.10.23 08:41:22.252,1.17418,1.1742,1.87,7.09
2017.10.23 08:41:22.767,1.17417,1.17419,5.14,1.00
2017.10.23 08:41:24.071,1.17419,1.1742,1.50,3.56
2017.10.23 08:41:24.124,1.17419,1.17421,2.25,3.37
2017.10.23 08:41:24.636,1.1742,1.17422,1.12,1.50
2017.10.23 08:41:25.645,1.1742,1.17423,3.00,1.87
2017.10.23 08:41:26.158,1.1742,1.17423,12.07,1.00
2017.10.23 08:41:27.327,1.1742,1.17424,6.82,9.68
2017.10.23 08:41:27.902,1.1742,1.17423,7.57,1.00
2017.10.23 08:41:29.318,1.17421,1.17424,1.95,6.41
2017.10.23 08:41:30.754,1.17421,1.17424,1.57,4.72
2017.10.23 08:41:33.698,1.17421,1.17424,1.20,7.42
2017.10.23 08:41:35.288,1.17421,1.17424,1.20,8.55
2017.10.23 08:41:37.293,1.17421,1.17424,1.00,6.22
2017.10.23 08:41:37.830,1.17421,1.17424,1.00,6.41
2017.10.23 08:41:38.291,1.17422,1.17424,3.64,1.00
2017.10.23 08:41:38.445,1.17423,1.17426,10.54,1.87
2017.10.23 08:41:38.958,1.17423,1.17427,14.36,1.87
2017.10.23 08:41:39.409,1.17423,1.17425,10.20,2.25
2017.10.23 08:41:39.512,1.17422,1.17425,3.07,1.50
2017.10.23 08:41:39.564,1.17423,1.17426,3.75,9.37
2017.10.23 08:41:39.843,1.17425,1.17427,3.82,2.81
2017.10.23 08:41:40.790,1.17425,1.17428,1.12,4.87
2017.10.23 08:41:41.625,1.17425,1.17427,1.12,1.00
2017.10.23 08:41:42.148,1.17425,1.17428,1.12,4.12
2017.10.23 08:41:43.713,1.17426,1.17428,1.50,2.62
2017.10.23 08:41:44.218,1.17425,1.17428,4.95,2.62
2017.10.23 08:41:45.273,1.17424,1.17428,5.32,1.69
2017.10.23 08:41:45.376,1.17424,1.17426,3.45,3.00
2017.10.23 08:41:45.479,1.17423,1.17425,3.45,2.62
2017.10.23 08:41:46.586,1.17423,1.17425,1.57,1.00
2017.10.23 08:41:47.141,1.17423,1.17426,2.70,1.12
2017.10.23 08:41:47.719,1.17423,1.17425,1.50,1.12
2017.10.23 08:41:48.077,1.17422,1.17425,6.07,3.19
2017.10.23 08:41:48.623,1.17422,1.17424,1.10,3.00
2017.10.23 08:41:49.767,1.17422,1.17424,1.10,4.50
2017.10.23 08:41:50.361,1.1742,1.17424,10.01,7.91
2017.10.23 08:41:52.695,1.1742,1.17423,5.32,1.35
2017.10.23 08:41:53.220,1.1742,1.17423,3.45,1.12
2017.10.23 08:41:53.745,1.1742,1.17423,3.00,3.37
2017.10.23 08:41:54.296,1.1742,1.17422,3.37,1.12
2017.10.23 08:41:56.868,1.17423,1.17424,1.00,6.37
2017.10.23 08:41:57.017,1.17424,1.17425,2.25,1.00
2017.10.23 08:41:58.303,1.17424,1.17427,2.25,3.00
2017.10.23 08:41:59.876,1.17423,1.17425,1.57,2.66
2017.10.23 08:42:00.415,1.17422,1.17425,1.95,9.41
2017.10.23 08:42:01.109,1.17422,1.17424,4.57,1.12
2017.10.23 08:42:01.419,1.17424,1.17425,1.25,1.00
2017.10.23 08:42:01.522,1.17425,1.17427,1.10,3.37
2017.10.23 08:42:03.485,1.17425,1.17428,2.70,3.79
2017.10.23 08:42:04.575,1.17424,1.17426,1.20,7.12
2017.10.23 08:42:05.089,1.17422,1.17425,11.70,1.50
2017.10.23 08:42:05.629,1.17422,1.17424,2.25,1.87
2017.10.23 08:42:06.162,1.17422,1.17424,2.32,1.87
2017.10.23 08:42:07.440,1.17422,1.17424,1.20,1.50
2017.10.23 08:42:09.705,1.17423,1.17424,1.12,1.00
2017.10.23 08:42:10.220,1.17424,1.17426,1.12,1.12
2017.10.23 08:42:11.700,1.17425,1.17427,1.87,1.87
2017.10.23 08:42:12.873,1.17425,1.17428,1.95,1.69
2017.10.23 08:42:13.757,1.17424,1.17428,8.70,1.69
2017.10.23 08:42:13.865,1.17424,1.17427,5.70,2.81
2017.10.23 08:42:14.122,1.17422,1.17426,3.45,7.87
2017.10.23 08:42:14.479,1.17423,1.17426,3.07,2.62
2017.10.23 08:42:15.063,1.17423,1.17425,3.82,1.00
2017.10.23 08:42:17.226,1.17424,1.17425,3.07,1.00
2017.10.23 08:42:17.849,1.17423,1.17425,2.32,1.00
2017.10.23 08:42:20.543,1.17423,1.17426,3.45,2.62
2017.10.23 08:42:20.852,1.17427,1.17428,1.00,1.00
2017.10.23 08:42:20.955,1.17428,1.1743,1.00,12.00
2017.10.23 08:42:21.161,1.17427,1.17428,1.00,1.00
2017.10.23 08:42:21.212,1.17426,1.17429,3.75,1.69
2017.10.23 08:42:21.730,1.17426,1.17428,3.45,1.12
2017.10.23 08:42:28.653,1.17425,1.17427,1.20,1.05
2017.10.23 08:42:28.809,1.17424,1.17425,1.95,3.00
2017.10.23 08:42:29.168,1.17425,1.17427,1.00,1.12
2017.10.23 08:42:29.931,1.17426,1.17428,1.00,4.12
2017.10.23 08:42:30.460,1.17425,1.17428,1.50,4.87
2017.10.23 08:42:32.961,1.17425,1.17428,3.64,1.76
2017.10.23 08:42:37.153,1.17425,1.17428,3.26,1.76
2017.10.23 08:42:37.666,1.17425,1.17428,4.20,2.06
2017.10.23 08:42:48.981,1.17426,1.17427,3.45,1.00
2017.10.23 08:42:50.405,1.17426,1.17428,2.62,2.10
2017.10.23 08:42:50.992,1.17426,1.17429,4.95,2.85
2017.10.23 08:42:52.410,1.17426,1.17429,9.45,1.50
2017.10.23 08:42:56.381,1.17427,1.17428,1.87,1.20
2017.10.23 08:42:56.977,1.17427,1.17429,2.25,4.42
2017.10.23 08:42:57.561,1.17427,1.17428,2.62,1.20
2017.10.23 08:43:00.596,1.17426,1.17428,2.25,2.25
2017.10.23 08:43:08.067,1.17425,1.17426,1.00,3.00
2017.10.23 08:43:08.374,1.17423,1.17425,3.75,1.00
2017.10.23 08:43:08.576,1.17423,1.17426,3.75,5.44
2017.10.23 08:43:09.211,1.17423,1.17425,3.00,1.00
2017.10.23 08:43:09.522,1.17426,1.17427,1.00,1.12
2017.10.23 08:43:10.035,1.17425,1.17427,2.62,1.12
2017.10.23 08:43:10.648,1.17425,1.17428,3.00,6.79
2017.10.23 08:43:11.158,1.17426,1.17427,1.00,1.50
2017.10.23 08:43:14.350,1.17426,1.17428,1.00,3.75
2017.10.23 08:43:16.244,1.17426,1.17427,1.00,1.00
2017.10.23 08:43:16.746,1.17426,1.17428,1.00,1.25
2017.10.23 08:43:21.389,1.17427,1.17429,1.87,5.25
2017.10.23 08:43:21.440,1.17428,1.1743,3.37,1.25
2017.10.23 08:43:21.950,1.17428,1.17431,7.20,6.19
2017.10.23 08:43:22.053,1.1743,1.17433,5.62,4.12
2017.10.23 08:43:22.565,1.1743,1.17432,1.87,1.31
2017.10.23 08:43:23.339,1.1743,1.17432,4.50,1.87
2017.10.23 08:43:23.950,1.1743,1.17432,1.87,1.00
2017.10.23 08:43:24.257,1.17428,1.1743,2.62,1.30
2017.10.23 08:43:26.199,1.17428,1.1743,3.45,2.17
2017.10.23 08:43:28.074,1.1743,1.17432,2.62,3.00
2017.10.23 08:43:28.177,1.17431,1.17433,1.12,1.87
2017.10.23 08:43:37.143,1.17435,1.17436,1.00,15.00
2017.10.23 08:43:37.351,1.17445,1.17446,1.00,3.19
2017.10.23 08:43:37.454,1.17443,1.17445,3.37,1.10
2017.10.23 08:43:37.506,1.17442,1.17443,4.87,1.00
2017.10.23 08:43:37.558,1.17441,1.17442,2.62,1.00
2017.10.23 08:43:38.070,1.17441,1.17443,1.00,1.05
2017.10.23 08:43:38.588,1.17441,1.17444,1.00,4.99
2017.10.23 08:43:39.115,1.17441,1.17443,2.70,1.00
2017.10.23 08:43:39.268,1.1744,1.17441,3.45,1.20
2017.10.23 08:43:39.818,1.17441,1.17443,1.00,1.25
2017.10.23 08:43:40.536,1.1744,1.17444,3.82,5.06
2017.10.23 08:43:41.062,1.1744,1.17443,3.45,1.12
2017.10.23 08:43:41.627,1.17441,1.17444,1.20,2.81
2017.10.23 08:43:44.181,1.17441,1.17444,4.57,5.81
2017.10.23 08:43:46.967,1.17442,1.17444,1.37,2.44
2017.10.23 08:43:47.871,1.17444,1.17446,1.12,1.37
2017.10.23 08:43:47.923,1.17444,1.17447,2.32,1.12
2017.10.23 08:43:48.233,1.17444,1.17445,3.00,1.50
2017.10.23 08:43:48.746,1.17445,1.17447,1.20,3.79
2017.10.23 08:43:48.798,1.17446,1.17448,3.07,2.06
2017.10.23 08:43:52.037,1.17447,1.1745,1.12,4.50
2017.10.23 08:43:53.417,1.17446,1.1745,8.70,3.37
2017.10.23 08:43:53.796,1.17448,1.1745,1.20,8.06
2017.10.23 08:43:54.104,1.1745,1.17451,1.00,1.69
2017.10.23 08:43:55.140,1.1745,1.17452,4.95,3.19
2017.10.23 08:43:56.412,1.17451,1.17454,1.00,1.69
2017.10.23 08:43:57.005,1.17451,1.17454,2.70,3.00
2017.10.23 08:43:57.803,1.17451,1.17454,1.65,1.00
2017.10.23 08:43:58.313,1.17451,1.17454,2.32,2.81
2017.10.23 08:44:01.100,1.17454,1.17456,1.00,1.87
2017.10.23 08:44:01.203,1.17455,1.17458,1.95,5.81
2017.10.23 08:44:01.255,1.17454,1.17455,3.07,1.20
2017.10.23 08:44:01.360,1.17453,1.17455,2.32,1.25
2017.10.23 08:44:01.874,1.17452,1.17455,1.00,5.62
2017.10.23 08:44:02.089,1.17452,1.17454,1.12,1.50
2017.10.23 08:44:03.191,1.17451,1.17453,2.25,1.00
2017.10.23 08:44:03.713,1.1745,1.17453,4.20,1.31
2017.10.23 08:44:04.019,1.17452,1.17454,1.12,4.69
2017.10.23 08:44:04.995,1.17452,1.17454,1.95,1.87
2017.10.23 08:44:05.508,1.17452,1.17454,1.12,1.37
2017.10.23 08:44:09.404,1.17451,1.17454,2.62,7.12
2017.10.23 08:44:10.894,1.17451,1.17454,1.07,1.62
2017.10.23 08:44:11.404,1.1745,1.17454,5.74,1.62
2017.10.23 08:44:13.559,1.1745,1.17455,5.92,14.06
2017.10.23 08:44:14.005,1.17451,1.17454,1.50,4.69
2017.10.23 08:44:14.445,1.17452,1.17454,1.20,1.87
2017.10.23 08:44:18.341,1.17452,1.17454,1.12,3.37
2017.10.23 08:44:25.227,1.17451,1.17453,3.37,1.00
2017.10.23 08:44:25.780,1.17452,1.17453,1.00,1.50
2017.10.23 08:44:26.290,1.17452,1.17454,1.00,5.44
2017.10.23 08:44:28.208,1.17452,1.17454,1.95,1.12
2017.10.23 08:44:28.711,1.17452,1.17455,4.57,13.69
2017.10.23 08:44:29.216,1.17452,1.17455,4.20,1.50
2017.10.23 08:44:29.750,1.17453,1.17454,1.10,1.00
2017.10.23 08:44:31.147,1.17454,1.17455,2.25,2.25
2017.10.23 08:44:31.683,1.17454,1.17456,2.55,1.31
2017.10.23 08:44:31.837,1.17454,1.17458,8.70,3.94
2017.10.23 08:44:32.716,1.17455,1.17458,1.57,1.00
2017.10.23 08:44:33.207,1.17454,1.17456,5.32,1.65
2017.10.23 08:44:33.657,1.17455,1.17459,3.07,6.37
2017.10.23 08:44:34.192,1.17455,1.17459,3.82,7.50
2017.10.23 08:44:34.614,1.17455,1.17459,2.25,10.87
2017.10.23 08:44:35.226,1.17455,1.17458,1.87,2.62
2017.10.23 08:44:35.747,1.17455,1.17458,7.57,1.00
2017.10.23 08:44:36.359,1.17457,1.17459,1.12,1.84
2017.10.23 08:44:36.887,1.17456,1.17459,3.82,1.20
2017.10.23 08:44:37.514,1.17457,1.1746,1.10,2.96
2017.10.23 08:44:39.157,1.17456,1.1746,3.07,2.96
2017.10.23 08:44:39.695,1.17456,1.1746,1.95,4.65
2017.10.23 08:44:42.106,1.17456,1.1746,5.02,6.90
2017.10.23 08:44:46.512,1.17456,1.17458,2.32,1.50
2017.10.23 08:44:47.013,1.17457,1.17459,1.20,1.31
2017.10.23 08:44:47.476,1.17453,1.17454,3.75,1.00
2017.10.23 08:44:47.578,1.17451,1.17454,4.95,1.12
2017.10.23 08:44:48.114,1.17451,1.17454,1.87,1.50
2017.10.23 08:44:50.850,1.17451,1.17454,1.50,2.06
2017.10.23 08:44:51.398,1.17451,1.17454,1.10,1.12
2017.10.23 08:44:51.950,1.17451,1.17453,1.20,2.25
2017.10.23 08:44:52.694,1.17451,1.17454,1.10,1.31
2017.10.23 08:44:54.694,1.1745,1.17454,6.45,2.44
2017.10.23 08:44:56.500,1.17451,1.17454,1.00,2.44
2017.10.23 08:44:57.047,1.1745,1.17454,7.76,2.44
2017.10.23 08:44:57.816,1.17451,1.17454,1.00,2.44
2017.10.23 08:44:58.358,1.1745,1.17454,7.39,2.44
2017.10.23 08:44:58.865,1.17451,1.17454,1.12,5.44
2017.10.23 08:45:03.008,1.17451,1.17453,11.17,1.00
2017.10.23 08:45:03.060,1.17454,1.17456,1.30,1.00
2017.10.23 08:45:03.165,1.17455,1.17458,3.75,3.00
2017.10.23 08:45:03.705,1.17456,1.17459,2.77,1.00
2017.10.23 08:45:04.345,1.17456,1.17458,1.00,1.00
2017.10.23 08:45:04.397,1.17454,1.17457,3.07,1.00
2017.10.23 08:45:04.932,1.17455,1.17457,1.10,2.62
2017.10.23 08:45:05.404,1.17456,1.17458,1.37,2.44
2017.10.23 08:45:05.456,1.17457,1.17459,1.20,1.27
2017.10.23 08:45:06.725,1.17458,1.1746,1.50,1.00
2017.10.23 08:45:07.136,1.1746,1.17464,1.87,6.19
2017.10.23 08:45:07.658,1.17461,1.17464,2.32,5.06
2017.10.23 08:45:08.169,1.17461,1.17464,3.45,1.00
2017.10.23 08:45:08.826,1.17461,1.17464,3.82,1.25
2017.10.23 08:45:11.836,1.17461,1.17465,4.57,3.56
2017.10.23 08:45:12.337,1.17465,1.17466,1.12,8.62
2017.10.23 08:45:12.442,1.17466,1.17469,2.70,1.00
2017.10.23 08:45:13.057,1.17466,1.17469,4.57,1.50
2017.10.23 08:45:13.212,1.17466,1.17469,7.20,1.00
2017.10.23 08:45:16.969,1.17468,1.17471,1.50,11.62
2017.10.23 08:45:17.480,1.17467,1.1747,3.37,3.75
2017.10.23 08:45:17.990,1.17467,1.1747,1.50,1.62
2017.10.23 08:45:19.292,1.17469,1.1747,1.05,2.25
2017.10.23 08:45:19.834,1.17469,1.17472,3.82,2.44
2017.10.23 08:45:20.508,1.1747,1.17474,1.10,5.62
2017.10.23 08:45:20.868,1.17471,1.17475,2.70,2.25
2017.10.23 08:45:21.024,1.1747,1.17474,4.01,5.51
2017.10.23 08:45:21.754,1.1747,1.17473,3.64,1.19
2017.10.23 08:45:22.323,1.1747,1.17473,3.00,3.94
2017.10.23 08:45:22.376,1.17469,1.1747,2.25,1.00
2017.10.23 08:45:22.481,1.17467,1.17471,3.94,4.01
2017.10.23 08:45:23.026,1.17468,1.17472,2.32,3.19
2017.10.23 08:45:23.442,1.17469,1.17472,1.47,2.06
2017.10.23 08:45:24.132,1.1747,1.17471,1.12,1.00
2017.10.23 08:45:25.711,1.17469,1.17472,3.45,1.12
2017.10.23 08:45:26.151,1.17468,1.1747,4.20,1.25
2017.10.23 08:45:26.458,1.17467,1.17469,1.20,1.87
2017.10.23 08:45:26.964,1.17466,1.17468,1.12,1.50
2017.10.23 08:45:27.222,1.17465,1.17466,1.69,1.00
2017.10.23 08:45:27.737,1.17464,1.17465,3.75,1.00
2017.10.23 08:45:28.712,1.17464,1.17467,1.20,5.06
2017.10.23 08:45:28.815,1.17464,1.17467,1.20,1.31
2017.10.23 08:45:28.917,1.17465,1.17468,1.87,2.62
2017.10.23 08:45:29.275,1.17464,1.17468,6.26,2.25
2017.10.23 08:45:29.780,1.17465,1.17468,1.00,3.75
2017.10.23 08:45:30.251,1.17463,1.17466,3.19,2.51
2017.10.23 08:45:30.764,1.17464,1.17466,1.87,1.69
2017.10.23 08:45:31.384,1.17465,1.17466,1.00,1.31
2017.10.23 08:45:31.909,1.17464,1.17466,1.50,1.00
2017.10.23 08:45:32.441,1.17465,1.17466,1.00,1.25
2017.10.23 08:45:32.758,1.17463,1.17466,1.00,1.69
2017.10.23 08:45:33.306,1.17463,1.17467,7.76,2.25
2017.10.23 08:45:33.816,1.17463,1.17466,1.69,1.00
2017.10.23 08:45:34.831,1.17463,1.17465,1.50,2.25
2017.10.23 08:45:35.188,1.17464,1.17466,1.50,1.50
2017.10.23 08:45:38.076,1.17464,1.17466,2.32,1.50
2017.10.23 08:45:38.647,1.17464,1.17465,1.50,1.50
2017.10.23 08:45:39.721,1.17463,1.17465,1.00,2.89
2017.10.23 08:45:39.772,1.17462,1.17463,1.57,1.50
2017.10.23 08:45:40.408,1.17462,1.17464,1.87,2.62
2017.10.23 08:45:40.918,1.17463,1.17465,1.00,1.31
2017.10.23 08:45:41.520,1.17462,1.17466,3.60,6.19
2017.10.23 08:45:42.057,1.17462,1.17466,7.87,2.25
2017.10.23 08:45:42.597,1.17464,1.17466,1.50,1.50
2017.10.23 08:45:43.355,1.17464,1.17466,3.37,1.50
2017.10.23 08:45:43.625,1.17463,1.17464,2.62,1.50
2017.10.23 08:45:43.677,1.17461,1.17464,5.06,1.50
2017.10.23 08:45:43.884,1.17463,1.17466,4.69,5.14
2017.10.23 08:45:44.397,1.17463,1.17466,1.87,2.44
2017.10.23 08:45:45.422,1.17464,1.17466,1.00,1.00
2017.10.23 08:45:46.152,1.17464,1.17467,1.62,2.62
2017.10.23 08:45:46.693,1.17464,1.17466,1.00,1.95
2017.10.23 08:45:49.118,1.17463,1.17466,1.72,2.44
2017.10.23 08:45:49.647,1.17463,1.17466,2.10,2.44
2017.10.23 08:45:51.507,1.17463,1.17466,6.41,1.00
2017.10.23 08:45:52.017,1.17464,1.17467,1.00,1.69
2017.10.23 08:45:52.571,1.17464,1.17467,1.69,1.87
2017.10.23 08:45:52.932,1.17464,1.17465,5.06,3.00
2017.10.23 08:45:53.036,1.17462,1.17463,1.00,1.50
2017.10.23 08:45:53.550,1.17461,1.17463,2.10,1.87
2017.10.23 08:45:54.069,1.17461,1.17464,2.47,2.89
2017.10.23 08:45:59.995,1.17461,1.17464,2.10,2.70
2017.10.23 08:46:00.977,1.17461,1.17464,1.50,2.51
2017.10.23 08:46:01.513,1.17461,1.17464,1.87,4.87
2017.10.23 08:46:02.055,1.17461,1.17464,2.10,5.62
2017.10.23 08:46:03.693,1.17463,1.17464,2.25,3.75
2017.10.23 08:46:03.747,1.17463,1.17465,1.00,2.62
2017.10.23 08:46:04.255,1.17462,1.17465,1.50,14.14
2017.10.23 08:46:04.781,1.17463,1.17466,1.69,1.76
2017.10.23 08:46:05.409,1.17463,1.17466,2.44,1.00
2017.10.23 08:46:07.874,1.17465,1.17467,1.00,1.37
2017.10.23 08:46:09.475,1.17466,1.17468,1.00,1.87
2017.10.23 08:46:10.095,1.17466,1.17468,1.12,1.50
2017.10.23 08:46:14.442,1.17465,1.17468,5.06,1.57
2017.10.23 08:46:16.245,1.17465,1.17468,5.44,1.20
2017.10.23 08:46:17.536,1.17465,1.17468,4.31,1.12
2017.10.23 08:46:20.343,1.17465,1.17468,3.37,1.00
2017.10.23 08:46:27.613,1.17467,1.17468,1.00,1.12
2017.10.23 08:46:28.130,1.17466,1.17467,1.12,1.00
2017.10.23 08:46:30.445,1.17466,1.17468,1.12,1.50
2017.10.23 08:46:32.156,1.17468,1.17469,5.25,5.25
2017.10.23 08:46:32.667,1.17468,1.1747,1.72,3.82
2017.10.23 08:46:33.208,1.17468,1.1747,1.72,1.50
2017.10.23 08:46:33.800,1.17467,1.17469,4.12,1.00
2017.10.23 08:46:34.319,1.17467,1.17468,1.00,1.00
2017.10.23 08:46:34.898,1.17466,1.17468,1.12,1.00
2017.10.23 08:46:34.950,1.17464,1.17466,1.00,2.25
2017.10.23 08:46:35.001,1.17462,1.17466,7.35,9.64
2017.10.23 08:46:35.515,1.17462,1.17465,2.85,1.87
2017.10.23 08:46:36.028,1.17461,1.17464,5.47,5.25
2017.10.23 08:46:37.347,1.17461,1.17464,1.12,3.82
2017.10.23 08:46:45.391,1.17461,1.17464,4.87,3.75
2017.10.23 08:46:59.921,1.17461,1.17463,2.25,1.50
2017.10.23 08:47:00.440,1.17461,1.17464,1.50,1.50
2017.10.23 08:47:06.588,1.17461,1.17464,1.00,3.75
2017.10.23 08:47:07.854,1.17461,1.17464,1.00,2.25
2017.10.23 08:47:11.084,1.17461,1.17462,1.00,1.50
2017.10.23 08:47:11.596,1.17461,1.17463,1.00,3.37
2017.10.23 08:47:12.529,1.1746,1.17464,2.62,5.25
2017.10.23 08:47:13.323,1.1746,1.17463,3.56,1.12
2017.10.23 08:47:13.825,1.1746,1.17463,3.37,1.57
2017.10.23 08:47:14.082,1.17462,1.17463,3.60,1.50
2017.10.23 08:47:14.289,1.17464,1.17467,1.00,3.00
2017.10.23 08:47:15.055,1.17463,1.17467,3.60,2.70
2017.10.23 08:47:15.644,1.17463,1.17466,5.47,1.00
2017.10.23 08:47:16.627,1.17465,1.17467,1.00,2.62
2017.10.23 08:47:16.987,1.17465,1.17468,1.50,7.31
2017.10.23 08:47:17.528,1.17465,1.17468,1.50,8.44
2017.10.23 08:47:18.374,1.17464,1.17467,3.22,7.69
2017.10.23 08:47:18.886,1.17463,1.17466,4.31,2.62
2017.10.23 08:47:19.418,1.17464,1.17466,1.12,1.12
2017.10.23 08:47:19.927,1.17465,1.17466,1.00,3.75
2017.10.23 08:47:20.462,1.17464,1.17466,3.37,1.12
2017.10.23 08:47:21.002,1.17464,1.17466,1.12,1.37
2017.10.23 08:47:23.327,1.17462,1.17465,3.56,2.44
2017.10.23 08:47:23.430,1.17461,1.17464,2.06,1.12
2017.10.23 08:47:31.087,1.17462,1.17464,2.25,1.00
2017.10.23 08:47:31.616,1.17463,1.17466,2.47,1.31
2017.10.23 08:47:33.479,1.17463,1.17466,2.44,5.70
2017.10.23 08:47:33.697,1.17461,1.17464,2.32,3.82
2017.10.23 08:47:34.213,1.1746,1.17463,2.44,4.76
2017.10.23 08:47:35.268,1.1746,1.17462,1.00,1.87
2017.10.23 08:47:39.080,1.17459,1.17461,3.37,1.20
2017.10.23 08:47:40.706,1.17457,1.1746,6.82,3.19
2017.10.23 08:47:41.217,1.17457,1.17459,1.31,1.76
2017.10.23 08:47:41.824,1.17456,1.17459,4.50,1.95
2017.10.23 08:47:42.356,1.17456,1.17459,4.50,2.51
2017.10.23 08:47:51.948,1.17453,1.17456,2.02,1.50
2017.10.23 08:47:52.052,1.17451,1.17454,8.51,1.12
2017.10.23 08:47:52.156,1.17453,1.17455,6.94,1.00
2017.10.23 08:47:53.118,1.17454,1.17456,1.00,1.00
2017.10.23 08:47:53.429,1.17455,1.17457,2.50,1.87
2017.10.23 08:47:54.106,1.17454,1.17456,2.25,1.00
2017.10.23 08:47:54.284,1.17452,1.17454,1.87,2.25
2017.10.23 08:47:54.795,1.17451,1.17454,3.19,1.87
2017.10.23 08:47:59.660,1.1745,1.17453,3.94,2.25
2017.10.23 08:48:01.006,1.1745,1.17453,3.19,5.25
2017.10.23 08:48:01.514,1.1745,1.17453,2.14,4.50
2017.10.23 08:48:03.655,1.1745,1.17453,1.76,5.25
2017.10.23 08:48:04.952,1.17449,1.1745,1.20,2.62
2017.10.23 08:48:05.260,1.17449,1.17453,5.81,2.25
2017.10.23 08:48:06.090,1.17451,1.17453,1.00,2.62
2017.10.23 08:48:06.628,1.1745,1.17453,1.57,1.87
2017.10.23 08:48:07.593,1.17451,1.17453,1.00,1.87
2017.10.23 08:48:13.601,1.17454,1.17455,1.00,1.00
2017.10.23 08:48:13.861,1.17456,1.17458,5.62,1.12
2017.10.23 08:48:14.371,1.17456,1.17459,2.25,2.92
2017.10.23 08:48:14.481,1.17459,1.1746,4.31,3.00
2017.10.23 08:48:14.586,1.1746,1.17463,3.19,1.37
2017.10.23 08:48:14.690,1.17462,1.17464,2.62,1.50
2017.10.23 08:48:14.742,1.17462,1.17465,5.10,2.25
2017.10.23 08:48:14.895,1.17464,1.17466,1.87,1.00
2017.10.23 08:48:15.203,1.17462,1.17464,2.70,1.00
2017.10.23 08:48:15.744,1.1746,1.17463,3.37,1.12
2017.10.23 08:48:16.456,1.1746,1.17464,3.00,4.57
2017.10.23 08:48:20.700,1.17461,1.17463,1.00,1.00
2017.10.23 08:48:22.536,1.1746,1.17463,6.37,1.00
2017.10.23 08:48:23.054,1.17461,1.17463,1.00,1.50
2017.10.23 08:48:23.729,1.1746,1.17463,5.06,2.25
2017.10.23 08:48:24.257,1.1746,1.17463,3.19,1.50
2017.10.23 08:48:24.415,1.17462,1.17464,3.44,5.06
2017.10.23 08:48:24.930,1.17463,1.17464,4.12,1.00
2017.10.23 08:48:25.442,1.17463,1.17464,3.56,1.25
2017.10.23 08:48:25.494,1.17463,1.17465,2.81,1.25
2017.10.23 08:48:26.026,1.17463,1.17466,1.87,2.06
2017.10.23 08:48:26.301,1.17461,1.17464,9.07,1.00
2017.10.23 08:48:26.822,1.17463,1.17466,1.10,4.50
2017.10.23 08:48:27.690,1.17463,1.17465,1.95,1.25
2017.10.23 08:48:28.202,1.17463,1.17465,2.44,1.25
2017.10.23 08:48:28.349,1.17464,1.17466,3.82,1.31
2017.10.23 08:48:28.707,1.17465,1.17467,3.45,1.25
2017.10.23 08:48:30.060,1.17465,1.17466,2.14,1.25
2017.10.23 08:48:31.204,1.17464,1.17466,3.64,1.00
2017.10.23 08:48:33.790,1.17464,1.17467,6.26,2.62
2017.10.23 08:48:35.306,1.17465,1.17467,1.00,2.62
2017.10.23 08:48:35.811,1.17465,1.17466,1.00,1.00
2017.10.23 08:48:36.344,1.17465,1.17467,1.12,2.62
2017.10.23 08:48:36.880,1.17465,1.17466,1.20,1.25
2017.10.23 08:48:37.443,1.17465,1.17467,1.57,2.81
2017.10.23 08:48:37.980,1.17465,1.17466,1.95,1.25
2017.10.23 08:48:38.538,1.17465,1.17466,1.87,1.25
2017.10.23 08:48:39.474,1.17465,1.17467,1.87,2.44
2017.10.23 08:48:40.785,1.17465,1.17466,1.12,1.00
2017.10.23 08:48:41.438,1.17465,1.17467,1.12,2.06
2017.10.23 08:48:43.245,1.17465,1.17467,1.50,2.62
2017.10.23 08:48:43.507,1.17459,1.17462,1.87,3.41
2017.10.23 08:48:44.862,1.17458,1.17461,11.98,1.25
2017.10.23 08:48:47.187,1.17459,1.17462,1.12,3.56
2017.10.23 08:48:47.968,1.17459,1.17462,2.62,4.16
2017.10.23 08:48:48.022,1.17458,1.17459,2.62,1.12
2017.10.23 08:48:48.128,1.17456,1.17458,2.44,1.00
2017.10.23 08:48:48.285,1.17458,1.17459,2.06,3.37
2017.10.23 08:48:48.338,1.17458,1.1746,2.06,1.31
2017.10.23 08:48:48.884,1.17459,1.1746,1.00,1.31
2017.10.23 08:48:50.446,1.1746,1.17461,1.00,1.00
2017.10.23 08:48:50.982,1.17459,1.17461,3.64,1.00
2017.10.23 08:48:51.360,1.17459,1.17462,3.07,2.81
2017.10.23 08:48:52.195,1.1746,1.17461,1.10,1.25
2017.10.23 08:48:52.605,1.17459,1.17461,5.32,1.25
2017.10.23 08:48:53.133,1.1746,1.17462,1.57,1.25
2017.10.23 08:48:53.653,1.17461,1.17462,2.44,1.25
2017.10.23 08:48:54.196,1.17461,1.17462,1.10,1.25
2017.10.23 08:48:54.719,1.17462,1.17464,1.00,3.19
2017.10.23 08:48:55.306,1.17461,1.17464,5.70,3.19
2017.10.23 08:48:56.540,1.17462,1.17464,1.45,2.81
2017.10.23 08:48:59.067,1.17461,1.17463,4.20,1.00
2017.10.23 08:49:00.323,1.17461,1.17463,3.07,1.00
2017.10.23 08:49:05.132,1.17461,1.17463,1.70,2.06
2017.10.23 08:49:05.645,1.17461,1.17463,1.12,1.00
2017.10.23 08:49:06.548,1.17462,1.17463,1.00,1.00
2017.10.23 08:49:06.652,1.17463,1.17465,1.29,1.31
2017.10.23 08:49:06.959,1.17462,1.17466,2.32,3.56
2017.10.23 08:49:07.467,1.17462,1.17465,2.89,1.25
2017.10.23 08:49:08.091,1.17462,1.17466,3.86,3.56
2017.10.23 08:49:08.449,1.17462,1.17465,2.14,6.94
2017.10.23 08:49:10.258,1.17461,1.17464,1.57,2.06
2017.10.23 08:49:10.584,1.17461,1.17464,7.99,2.06
2017.10.23 08:49:11.629,1.17463,1.17465,1.00,1.50
2017.10.23 08:49:12.414,1.17463,1.17466,1.00,2.81
2017.10.23 08:49:14.028,1.17463,1.17466,5.17,1.69
2017.10.23 08:49:14.541,1.17465,1.17466,1.00,2.06
2017.10.23 08:49:15.045,1.17463,1.17466,1.37,2.06
2017.10.23 08:49:16.000,1.17464,1.17465,1.12,1.25
2017.10.23 08:49:17.823,1.17463,1.17466,2.62,2.06
2017.10.23 08:49:18.131,1.17464,1.17465,2.14,1.25
2017.10.23 08:49:18.685,1.17464,1.17466,1.00,2.06
2017.10.23 08:49:19.259,1.17463,1.17465,4.95,1.25
2017.10.23 08:49:19.568,1.17462,1.17465,4.50,3.00
2017.10.23 08:49:20.080,1.17461,1.17463,1.95,1.00
2017.10.23 08:49:20.648,1.17461,1.17464,1.95,2.81
2017.10.23 08:49:21.591,1.1746,1.17464,6.04,3.00
2017.10.23 08:49:22.368,1.1746,1.17464,5.85,3.19
2017.10.23 08:49:23.029,1.17461,1.17463,6.00,1.25
2017.10.23 08:49:23.541,1.17462,1.17464,2.96,1.25
2017.10.23 08:49:24.159,1.17462,1.17464,7.72,1.25
2017.10.23 08:49:24.261,1.17462,1.17466,7.72,3.75
2017.10.23 08:49:28.140,1.17463,1.17465,2.14,1.25
2017.10.23 08:49:28.641,1.17463,1.17466,2.25,4.31
2017.10.23 08:49:29.290,1.17462,1.17465,9.11,1.00
2017.10.23 08:49:30.257,1.17463,1.17466,2.70,2.06
2017.10.23 08:49:30.793,1.17463,1.17465,2.70,1.25
2017.10.23 08:49:33.595,1.17463,1.17466,1.87,1.31
2017.10.23 08:49:34.175,1.17463,1.17466,1.37,4.12
2017.10.23 08:49:34.833,1.17462,1.17466,3.26,4.12
2017.10.23 08:49:35.353,1.17464,1.17466,1.25,1.25
2017.10.23 08:49:35.456,1.17465,1.17468,1.12,6.94
2017.10.23 08:49:35.970,1.17465,1.17468,4.50,3.56
2017.10.23 08:49:39.270,1.17465,1.17467,2.62,1.00
2017.10.23 08:49:40.396,1.17465,1.17468,2.62,3.75
2017.10.23 08:49:40.906,1.17464,1.17468,5.81,6.00
2017.10.23 08:49:44.336,1.17465,1.17468,1.00,3.37
2017.10.23 08:49:45.586,1.17464,1.17468,3.94,2.62
2017.10.23 08:49:46.150,1.17465,1.17467,1.00,1.00
2017.10.23 08:49:47.762,1.17464,1.17467,3.75,1.12
2017.10.23 08:49:50.221,1.17464,1.17468,1.87,3.37
2017.10.23 08:49:50.987,1.17464,1.17468,1.87,4.31
2017.10.23 08:49:52.407,1.17464,1.17468,2.25,3.19
2017.10.23 08:49:57.342,1.17464,1.17467,2.25,1.00
2017.10.23 08:49:58.490,1.17463,1.17465,6.30,3.94
2017.10.23 08:49:58.593,1.17461,1.17464,3.60,1.12
2017.10.23 08:49:58.765,1.17462,1.17464,3.94,1.12
2017.10.23 08:49:58.816,1.17463,1.17466,1.12,2.32
2017.10.23 08:50:00.193,1.17463,1.17466,1.20,6.07
2017.10.23 08:50:00.698,1.17463,1.17466,1.37,2.25
2017.10.23 08:50:01.425,1.17464,1.17465,1.10,1.00
2017.10.23 08:50:01.834,1.17464,1.17467,1.10,1.87
2017.10.23 08:50:02.617,1.17464,1.17467,4.20,1.87
2017.10.23 08:50:03.845,1.17464,1.17467,2.32,3.37
2017.10.23 08:50:04.669,1.17465,1.17467,1.12,2.62
2017.10.23 08:50:05.179,1.17464,1.17467,4.69,2.62
2017.10.23 08:50:05.683,1.17464,1.17468,6.37,4.69
2017.10.23 08:50:07.221,1.17465,1.17468,1.12,3.94
2017.10.23 08:50:08.149,1.17464,1.17468,4.50,2.62
2017.10.23 08:50:09.250,1.17465,1.17468,2.62,2.06
2017.10.23 08:50:09.354,1.17464,1.17467,4.76,2.62
2017.10.23 08:50:09.864,1.17465,1.17467,1.20,1.00
2017.10.23 08:50:10.960,1.17464,1.17468,5.51,3.37
2017.10.23 08:50:12.348,1.17464,1.17468,5.51,4.87
2017.10.23 08:50:13.468,1.17464,1.17467,4.39,2.25
2017.10.23 08:50:14.841,1.17464,1.17467,1.00,3.75
2017.10.23 08:50:16.076,1.17463,1.17465,9.67,1.00
2017.10.23 08:50:16.129,1.17462,1.17465,1.50,3.56
2017.10.23 08:50:16.692,1.17462,1.17465,5.92,1.87
2017.10.23 08:50:17.492,1.17462,1.17465,3.67,3.19
2017.10.23 08:50:18.001,1.17462,1.17466,7.61,6.56
2017.10.23 08:50:18.459,1.17462,1.17466,5.55,3.56
2017.10.23 08:50:18.784,1.17462,1.17465,5.74,2.62
2017.10.23 08:50:18.887,1.17462,1.17466,3.45,9.56
2017.10.23 08:50:19.856,1.17462,1.17465,3.67,1.00
2017.10.23 08:50:21.322,1.17463,1.17466,1.00,4.12
2017.10.23 08:50:21.526,1.17463,1.17464,1.00,1.00
2017.10.23 08:50:22.034,1.17462,1.17465,1.00,6.37
2017.10.23 08:50:22.188,1.17463,1.17466,1.20,6.04
2017.10.23 08:50:22.394,1.17461,1.17464,2.44,3.56
2017.10.23 08:50:23.725,1.17463,1.17464,1.50,1.00
2017.10.23 08:50:23.776,1.17463,1.17465,1.87,1.00
2017.10.23 08:50:24.728,1.17464,1.17466,1.50,1.95
2017.10.23 08:50:25.160,1.17462,1.17465,1.95,5.62
2017.10.23 08:50:25.673,1.17461,1.17464,5.40,4.20
2017.10.23 08:50:26.277,1.17462,1.17464,1.00,3.82
2017.10.23 08:50:26.808,1.17463,1.17465,2.25,4.20
2017.10.23 08:50:27.319,1.17462,1.17465,1.50,4.57
2017.10.23 08:50:27.945,1.17462,1.17464,1.00,1.00
2017.10.23 08:50:28.464,1.17462,1.17465,1.00,8.14
2017.10.23 08:50:29.015,1.17461,1.17464,2.85,1.57
2017.10.23 08:50:29.664,1.17461,1.17463,1.50,1.00
2017.10.23 08:50:30.522,1.17461,1.17464,2.02,1.57
2017.10.23 08:50:32.544,1.17461,1.17464,1.00,2.32
2017.10.23 08:50:33.122,1.17461,1.17462,1.00,1.00
2017.10.23 08:50:35.503,1.17461,1.17463,2.25,1.69
2017.10.23 08:50:36.185,1.17461,1.17463,2.62,1.50
2017.10.23 08:50:36.815,1.17461,1.17463,1.12,2.70
2017.10.23 08:50:37.530,1.1746,1.17462,3.75,1.87
2017.10.23 08:50:37.838,1.17458,1.17459,1.12,1.00
2017.10.23 08:50:39.100,1.17457,1.17458,2.62,1.00
2017.10.23 08:50:39.203,1.17456,1.17458,1.12,1.57
2017.10.23 08:50:39.754,1.17457,1.17458,1.00,1.20
2017.10.23 08:50:39.806,1.17457,1.1746,7.16,1.87
2017.10.23 08:50:40.362,1.17458,1.1746,1.87,1.95
2017.10.23 08:50:40.516,1.1746,1.17462,1.12,3.07
2017.10.23 08:50:42.786,1.1746,1.17462,2.62,1.20
2017.10.23 08:50:43.329,1.1746,1.17462,1.87,1.20
2017.10.23 08:50:44.213,1.1746,1.17462,2.06,2.14
2017.10.23 08:50:46.041,1.1746,1.17463,2.06,2.14
2017.10.23 08:50:46.384,1.17463,1.17464,1.50,4.12
2017.10.23 08:50:46.539,1.17463,1.17465,1.12,1.95
2017.10.23 08:50:47.051,1.17462,1.17465,3.75,1.20
2017.10.23 08:50:47.527,1.17464,1.17467,1.50,2.70
2017.10.23 08:50:48.774,1.17464,1.17467,2.25,2.14
2017.10.23 08:50:50.961,1.17464,1.17466,1.00,1.57
2017.10.23 08:50:51.267,1.17463,1.17465,1.12,2.62
2017.10.23 08:50:51.781,1.17464,1.17465,1.00,2.62
2017.10.23 08:50:51.832,1.17464,1.17466,1.00,1.20
2017.10.23 08:50:52.372,1.17463,1.17466,1.12,2.89
2017.10.23 08:50:52.806,1.17463,1.17466,1.00,5.51
2017.10.23 08:50:54.459,1.17462,1.17463,2.44,1.00
2017.10.23 08:50:54.561,1.17461,1.17463,1.50,1.12
2017.10.23 08:50:54.613,1.1746,1.17462,4.61,1.00
2017.10.23 08:50:55.549,1.17459,1.17462,5.55,1.00
2017.10.23 08:50:57.036,1.17458,1.1746,1.69,2.62
2017.10.23 08:50:57.647,1.17457,1.1746,8.62,1.50
2017.10.23 08:50:58.205,1.17458,1.1746,3.37,1.50
2017.10.23 08:50:59.153,1.17458,1.1746,1.87,1.50
2017.10.23 08:50:59.863,1.17458,1.17459,3.37,1.00
2017.10.23 08:51:00.171,1.1746,1.17461,1.00,1.00
2017.10.23 08:51:00.676,1.17458,1.1746,5.81,1.00
2017.10.23 08:51:01.138,1.17457,1.17458,4.12,1.10
2017.10.23 08:51:01.242,1.17456,1.17457,1.12,2.06
2017.10.23 08:51:01.550,1.17454,1.17456,3.00,1.00
2017.10.23 08:51:02.095,1.17453,1.17456,12.52,1.45
2017.10.23 08:51:02.668,1.17454,1.17456,1.00,1.50
2017.10.23 08:51:03.804,1.17454,1.17455,1.00,1.00
2017.10.23 08:51:04.320,1.17454,1.17456,1.00,4.31
2017.10.23 08:51:04.951,1.17453,1.17454,1.50,1.00
2017.10.23 08:51:05.003,1.17451,1.17453,4.39,1.50
2017.10.23 08:51:05.686,1.17452,1.17453,2.51,1.00
2017.10.23 08:51:06.255,1.17452,1.17454,2.44,1.12
2017.10.23 08:51:06.460,1.17453,1.17455,4.31,3.56
2017.10.23 08:51:07.119,1.17453,1.17454,4.12,1.00
2017.10.23 08:51:07.640,1.17452,1.17453,1.50,1.50
2017.10.23 08:51:08.171,1.17451,1.17453,3.07,1.50
2017.10.23 08:51:10.588,1.1745,1.17452,4.27,1.00
2017.10.23 08:51:11.882,1.17449,1.17452,7.91,1.12
2017.10.23 08:51:12.395,1.17449,1.17452,3.79,1.12
2017.10.23 08:51:13.320,1.17451,1.17453,3.94,2.25
2017.10.23 08:51:13.681,1.17453,1.17455,9.94,2.25
2017.10.23 08:51:13.732,1.17455,1.17457,1.12,6.07
2017.10.23 08:51:17.578,1.17456,1.17457,1.25,1.50
2017.10.23 08:51:18.116,1.17458,1.17459,1.12,2.44
2017.10.23 08:51:18.169,1.17459,1.1746,1.87,4.87
2017.10.23 08:51:20.298,1.17459,1.17461,2.06,2.44
2017.10.23 08:51:20.865,1.17459,1.1746,2.06,1.00
2017.10.23 08:51:21.494,1.1746,1.17461,1.00,1.50
2017.10.23 08:51:22.004,1.17459,1.1746,3.56,1.00
2017.10.23 08:51:22.056,1.1746,1.17462,1.50,1.69
2017.10.23 08:51:25.175,1.1746,1.17461,2.25,1.50
2017.10.23 08:51:25.681,1.1746,1.17461,2.62,2.25
2017.10.23 08:51:26.961,1.1746,1.17461,1.87,1.69
2017.10.23 08:51:30.647,1.17459,1.17461,3.37,4.97
2017.10.23 08:51:30.956,1.17456,1.17458,3.37,6.49
2017.10.23 08:51:41.310,1.17457,1.17458,2.62,2.51
2017.10.23 08:51:41.618,1.1746,1.17461,1.50,2.70
2017.10.23 08:51:45.209,1.17458,1.17459,4.87,2.25
2017.10.23 08:51:45.758,1.17458,1.1746,6.26,2.25
2017.10.23 08:51:46.286,1.1746,1.17461,7.12,1.00
2017.10.23 08:51:46.337,1.1746,1.17462,7.12,2.62
2017.10.23 08:51:46.565,1.17458,1.1746,6.73,9.00
2017.10.23 08:51:47.074,1.17459,1.17461,1.10,6.00
2017.10.23 08:51:47.450,1.1746,1.17461,5.25,1.00
2017.10.23 08:51:48.536,1.1746,1.17461,3.37,1.00
2017.10.23 08:51:56.840,1.1746,1.17462,6.19,2.81
2017.10.23 08:51:57.149,1.17458,1.17459,1.20,1.50
2017.10.23 08:51:57.669,1.17458,1.17459,1.00,4.95
2017.10.23 08:51:58.559,1.17456,1.17459,3.00,4.20
2017.10.23 08:51:59.069,1.17456,1.17459,1.87,6.26
2017.10.23 08:52:05.750,1.17457,1.17459,1.12,6.19
2017.10.23 08:52:06.061,1.17458,1.1746,2.29,5.51
2017.10.23 08:52:06.926,1.17459,1.17461,1.87,2.70
2017.10.23 08:52:08.324,1.17459,1.1746,1.50,1.25
2017.10.23 08:52:09.532,1.17459,1.17461,1.50,1.31
2017.10.23 08:52:10.902,1.17459,1.1746,1.50,1.00
2017.10.23 08:52:11.502,1.17458,1.1746,2.62,1.50
2017.10.23 08:52:12.976,1.17459,1.17461,1.50,5.06
2017.10.23 08:52:14.281,1.17458,1.1746,3.00,1.37
2017.10.23 08:52:14.817,1.17459,1.17462,3.00,2.06
2017.10.23 08:52:15.360,1.17459,1.17463,4.31,2.81
2017.10.23 08:52:16.408,1.17461,1.17462,1.50,1.25
2017.10.23 08:52:20.550,1.17461,1.17463,1.50,1.69
2017.10.23 08:52:21.094,1.17462,1.17463,1.50,1.69
2017.10.23 08:52:21.636,1.17461,1.17462,1.69,1.25
2017.10.23 08:52:22.416,1.17462,1.17463,1.50,1.69
2017.10.23 08:52:23.065,1.17461,1.17463,2.06,1.25
2017.10.23 08:52:23.383,1.17462,1.17464,7.16,1.50
2017.10.23 08:52:23.927,1.17464,1.17465,2.25,1.12
2017.10.23 08:52:24.468,1.17464,1.17466,2.25,1.69
2017.10.23 08:52:25.377,1.17464,1.17465,2.81,1.25
2017.10.23 08:52:27.022,1.17464,1.17467,3.94,2.44
2017.10.23 08:52:27.555,1.17464,1.17467,2.81,2.44
2017.10.23 08:52:28.065,1.17464,1.17467,3.75,1.50
2017.10.23 08:52:28.612,1.17464,1.17466,5.25,1.69
2017.10.23 08:52:30.984,1.17465,1.17466,1.39,1.25
2017.10.23 08:52:31.500,1.17465,1.17466,1.00,1.50
2017.10.23 08:52:32.609,1.17464,1.17468,7.01,3.75
2017.10.23 08:52:33.120,1.17466,1.17468,1.95,2.25
2017.10.23 08:52:33.759,1.17466,1.17467,1.95,1.00
2017.10.23 08:52:34.007,1.17467,1.17469,4.12,1.69
2017.10.23 08:52:34.058,1.17469,1.1747,1.50,1.12
2017.10.23 08:52:34.571,1.17469,1.17471,1.87,2.44
2017.10.23 08:52:37.011,1.17468,1.17471,1.87,3.68
2017.10.23 08:52:38.998,1.17468,1.17471,1.37,2.56
2017.10.23 08:52:39.535,1.17468,1.17471,1.00,5.93
2017.10.23 08:52:40.097,1.17467,1.17471,8.32,3.68
2017.10.23 08:52:41.318,1.17467,1.17471,8.32,3.68
2017.10.23 08:52:41.729,1.17466,1.17469,4.31,2.06
2017.10.23 08:52:42.328,1.17466,1.17468,1.50,1.50
2017.10.23 08:52:42.485,1.17463,1.17464,7.20,1.50
2017.10.23 08:52:42.588,1.17461,1.17463,2.62,1.12
2017.10.23 08:52:43.387,1.17461,1.17463,3.37,1.87
2017.10.23 08:52:43.908,1.1746,1.17463,4.31,2.81
2017.10.23 08:52:44.871,1.1746,1.17463,3.56,3.64
2017.10.23 08:52:45.419,1.1746,1.17463,5.81,4.01
2017.10.23 08:52:46.043,1.1746,1.17463,3.37,2.32
2017.10.23 08:52:46.679,1.17461,1.17463,1.50,2.32
2017.10.23 08:52:47.213,1.17461,1.17463,1.50,3.07
2017.10.23 08:52:49.792,1.17458,1.1746,4.12,13.54
2017.10.23 08:52:49.845,1.17457,1.17458,2.25,3.45
2017.10.23 08:52:50.002,1.17459,1.1746,1.50,1.12
2017.10.23 08:52:50.319,1.17456,1.17457,1.87,1.00
2017.10.23 08:52:50.861,1.17455,1.17457,2.62,1.00
2017.10.23 08:52:51.601,1.17455,1.17458,2.25,1.95
2017.10.23 08:52:52.272,1.17455,1.17458,2.44,3.26
2017.10.23 08:52:52.783,1.17455,1.17456,1.87,1.95
2017.10.23 08:52:54.464,1.17454,1.17455,1.50,1.87
2017.10.23 08:52:54.985,1.17452,1.17454,3.00,1.00
2017.10.23 08:52:55.291,1.17451,1.17454,5.62,2.25
2017.10.23 08:52:55.853,1.17452,1.17454,1.50,1.00
2017.10.23 08:52:56.394,1.17453,1.17454,1.50,1.00
2017.10.23 08:52:58.030,1.17453,1.17455,1.50,3.26
2017.10.23 08:52:58.586,1.17453,1.17455,1.50,2.14
2017.10.23 08:53:00.762,1.17453,1.17455,1.50,1.31
2017.10.23 08:53:01.375,1.17453,1.17454,1.50,1.25
2017.10.23 08:53:01.986,1.17451,1.17454,5.62,1.12
2017.10.23 08:53:03.053,1.17451,1.17454,2.44,2.51
2017.10.23 08:53:03.578,1.17451,1.17454,4.31,3.26
2017.10.23 08:53:04.038,1.17453,1.17454,1.50,1.50
2017.10.23 08:53:04.090,1.17453,1.17456,2.25,5.14
2017.10.23 08:53:04.625,1.17453,1.17456,4.69,4.76
2017.10.23 08:53:05.143,1.17455,1.17456,1.50,1.50
2017.10.23 08:53:06.764,1.17455,1.17457,1.50,1.31
2017.10.23 08:53:08.178,1.17454,1.17457,1.50,2.06
2017.10.23 08:53:10.142,1.17454,1.17456,1.50,1.00
2017.10.23 08:53:10.651,1.17454,1.17457,1.50,2.06
2017.10.23 08:53:11.282,1.17454,1.17456,1.12,1.12
2017.10.23 08:53:11.797,1.17453,1.17456,3.26,4.54
2017.10.23 08:53:12.379,1.17453,1.17456,2.89,2.10
2017.10.23 08:53:13.789,1.17453,1.17456,4.20,1.35
2017.10.23 08:53:15.576,1.17453,1.17456,6.37,1.72
2017.10.23 08:53:17.862,1.17454,1.17456,1.50,1.72
2017.10.23 08:53:20.287,1.17455,1.17456,3.19,1.00
2017.10.23 08:53:20.802,1.17455,1.17457,1.69,1.12
2017.10.23 08:53:23.300,1.17454,1.17456,1.95,1.12
2017.10.23 08:53:24.638,1.17454,1.17457,3.45,5.44
2017.10.23 08:53:25.222,1.17454,1.17457,3.26,6.19
2017.10.23 08:53:25.937,1.17454,1.17457,1.87,4.87
2017.10.23 08:53:26.460,1.17454,1.17456,2.06,2.06
2017.10.23 08:53:26.665,1.17453,1.17455,3.45,1.00
2017.10.23 08:53:26.768,1.17454,1.17456,2.25,1.50
2017.10.23 08:53:27.381,1.17454,1.17457,1.50,4.54
2017.10.23 08:53:27.883,1.17454,1.17457,1.50,4.91
2017.10.23 08:53:32.613,1.17454,1.17457,2.25,4.80
2017.10.23 08:53:33.126,1.17454,1.17456,2.25,1.25
2017.10.23 08:53:33.803,1.17453,1.17455,1.12,6.04
2017.10.23 08:53:34.017,1.17452,1.17454,1.50,2.25
2017.10.23 08:53:34.171,1.17454,1.17455,1.50,1.00
2017.10.23 08:53:34.830,1.17454,1.17457,1.50,6.04
2017.10.23 08:53:43.897,1.17454,1.17455,2.25,1.00
2017.10.23 08:53:44.412,1.17454,1.17456,1.69,1.50
2017.10.23 08:53:47.012,1.17454,1.17457,3.00,5.29
2017.10.23 08:53:48.068,1.17454,1.17457,3.00,5.66
2017.10.23 08:53:49.959,1.17454,1.17457,2.44,4.54
2017.10.23 08:53:54.256,1.17454,1.17457,6.56,4.91
2017.10.23 08:53:54.797,1.17454,1.17456,3.56,1.25
2017.10.23 08:53:55.431,1.17454,1.17457,3.56,4.91
2017.10.23 08:53:55.971,1.17455,1.17457,1.50,4.54
2017.10.23 08:53:56.647,1.17455,1.17456,1.50,1.25
2017.10.23 08:53:57.536,1.17455,1.17457,1.50,4.91
2017.10.23 08:53:58.238,1.17455,1.17457,1.50,6.04
2017.10.23 08:54:00.216,1.17455,1.17457,2.44,4.72
2017.10.23 08:54:00.726,1.17455,1.17457,2.25,4.72
2017.10.23 08:54:01.033,1.17456,1.17458,1.69,3.94
2017.10.23 08:54:01.725,1.17457,1.17458,1.50,1.00
2017.10.23 08:54:02.257,1.17457,1.17459,2.62,1.87
2017.10.23 08:54:09.607,1.17458,1.17459,1.87,1.00
2017.10.23 08:54:10.779,1.17457,1.1746,3.75,7.69
2017.10.23 08:54:11.313,1.17456,1.17459,3.75,1.87
2017.10.23 08:54:14.576,1.17456,1.17458,3.37,1.87
2017.10.23 08:54:15.077,1.17456,1.17459,2.62,2.44
2017.10.23 08:54:16.843,1.17457,1.17459,1.50,8.36
2017.10.23 08:54:17.354,1.17456,1.17458,1.50,3.60
2017.10.23 08:54:18.472,1.17455,1.17457,2.25,2.85
2017.10.23 08:54:18.990,1.17454,1.17456,3.56,1.00
2017.10.23 08:54:20.254,1.17453,1.17455,1.00,4.35
2017.10.23 08:54:20.306,1.17452,1.17454,5.25,1.00
2017.10.23 08:54:20.358,1.17454,1.17455,1.50,4.72
2017.10.23 08:54:21.235,1.17454,1.17455,1.50,1.72
2017.10.23 08:54:22.113,1.17455,1.17456,1.50,3.82
2017.10.23 08:54:22.663,1.17455,1.17456,1.69,1.00
2017.10.23 08:54:23.314,1.17454,1.17457,4.69,3.37
2017.10.23 08:54:23.498,1.17454,1.17458,2.44,8.55
2017.10.23 08:54:24.112,1.17454,1.17458,2.44,9.11
2017.10.23 08:54:24.621,1.17454,1.17458,4.31,5.66
2017.10.23 08:54:25.153,1.17454,1.17458,7.31,3.97
2017.10.23 08:54:25.689,1.17454,1.17458,6.19,5.85
2017.10.23 08:54:28.008,1.17455,1.17458,1.00,8.92
2017.10.23 08:54:30.160,1.17456,1.17458,1.50,4.35
2017.10.23 08:54:31.503,1.17456,1.17458,1.50,3.00
2017.10.23 08:54:36.179,1.17456,1.17457,1.50,1.00
2017.10.23 08:54:37.170,1.17456,1.17457,1.50,1.00
2017.10.23 08:54:37.691,1.17454,1.17457,4.12,7.72
2017.10.23 08:54:38.227,1.17454,1.17456,2.25,1.00
2017.10.23 08:54:38.747,1.17455,1.17456,1.50,1.12
2017.10.23 08:54:39.317,1.17454,1.17456,1.50,2.51
2017.10.23 08:54:39.858,1.17454,1.17456,1.50,4.69
2017.10.23 08:54:44.363,1.17454,1.17456,4.31,2.29
2017.10.23 08:54:45.113,1.17455,1.17457,1.00,2.85
2017.10.23 08:54:45.761,1.17454,1.17457,1.37,4.91
2017.10.23 08:54:46.070,1.17455,1.17456,1.00,1.00
2017.10.23 08:54:46.123,1.17455,1.17457,1.00,3.79
2017.10.23 08:54:46.661,1.17455,1.17457,1.00,8.92
2017.10.23 08:54:47.172,1.17453,1.17456,3.00,1.00
2017.10.23 08:54:47.224,1.17453,1.17455,1.50,13.54
2017.10.23 08:54:47.706,1.17451,1.17454,1.87,2.62
2017.10.23 08:54:48.620,1.17451,1.17455,2.25,10.91
2017.10.23 08:54:49.605,1.17451,1.17454,3.00,4.54
2017.10.23 08:54:50.108,1.17451,1.17453,2.62,1.35
2017.10.23 08:54:53.591,1.17449,1.1745,1.00,3.00
2017.10.23 08:54:53.901,1.17452,1.17453,1.50,2.81
2017.10.23 08:54:54.417,1.17454,1.17455,1.50,8.06
2017.10.23 08:54:54.577,1.17456,1.17458,1.87,3.82
2017.10.23 08:54:57.277,1.17455,1.17457,3.37,1.16
2017.10.23 08:54:57.329,1.17454,1.17456,4.31,2.47
2017.10.23 08:54:57.891,1.17453,1.17455,3.37,1.00
2017.10.23 08:54:58.646,1.17453,1.17455,1.12,7.69
2017.10.23 08:54:59.190,1.17452,1.17455,2.70,5.44
2017.10.23 08:54:59.759,1.17452,1.17455,5.51,2.62
2017.10.23 08:55:00.281,1.17452,1.17454,1.12,1.35
2017.10.23 08:55:00.435,1.17453,1.17456,3.75,1.50
2017.10.23 08:55:01.525,1.17454,1.17456,1.00,1.00
2017.10.23 08:55:03.137,1.17454,1.17457,1.00,3.04
2017.10.23 08:55:03.911,1.17453,1.17457,3.00,4.61
2017.10.23 08:55:04.225,1.17452,1.17454,1.00,2.44
2017.10.23 08:55:04.742,1.17452,1.17454,1.50,3.45
2017.10.23 08:55:06.156,1.17451,1.17454,1.12,3.82
2017.10.23 08:55:08.030,1.1745,1.17453,1.95,2.25
2017.10.23 08:55:09.124,1.1745,1.17453,1.87,2.32
2017.10.23 08:55:09.434,1.17455,1.17456,1.87,1.00
2017.10.23 08:55:09.486,1.17455,1.17457,1.87,2.44
2017.10.23 08:55:11.869,1.17454,1.17455,1.87,2.25
2017.10.23 08:55:11.972,1.17453,1.17455,1.87,1.57
2017.10.23 08:55:13.111,1.17452,1.17454,1.00,1.69
2017.10.23 08:55:13.267,1.17451,1.17453,2.25,1.87
2017.10.23 08:55:13.370,1.17454,1.17458,9.29,1.00
2017.10.23 08:55:13.422,1.17459,1.1746,2.62,1.87
2017.10.23 08:55:13.967,1.17459,1.17462,5.25,2.25
2017.10.23 08:55:14.326,1.17458,1.1746,1.87,3.04
2017.10.23 08:55:14.839,1.17457,1.17458,1.00,1.00
2017.10.23 08:55:15.086,1.17455,1.17459,4.12,7.99
2017.10.23 08:55:17.314,1.17456,1.17459,1.00,5.85
2017.10.23 08:55:17.987,1.17455,1.17459,1.87,5.85
2017.10.23 08:55:20.655,1.17456,1.17459,1.00,6.60
2017.10.23 08:55:21.782,1.17458,1.17459,3.00,1.12
2017.10.23 08:55:21.989,1.1746,1.17463,3.45,4.35
2017.10.23 08:55:22.816,1.1746,1.17462,4.87,1.50
2017.10.23 08:55:25.002,1.17461,1.17463,1.00,8.11
2017.10.23 08:55:25.580,1.1746,1.17463,4.12,8.86
2017.10.23 08:55:30.087,1.17461,1.17463,2.44,4.87
2017.10.23 08:55:30.294,1.17464,1.17466,1.50,1.00
2017.10.23 08:55:30.809,1.17465,1.17467,1.00,3.00
2017.10.23 08:55:31.321,1.17464,1.17467,3.00,1.87
2017.10.23 08:55:31.859,1.17464,1.17467,1.87,5.25
2017.10.23 08:55:35.732,1.17463,1.17465,1.00,3.00
2017.10.23 08:55:35.783,1.17462,1.17463,1.87,1.50
2017.10.23 08:55:36.344,1.1746,1.17463,5.51,1.50
2017.10.23 08:55:37.074,1.1746,1.17463,4.95,1.87
2017.10.23 08:55:38.495,1.17461,1.17463,1.50,1.87
2017.10.23 08:55:42.016,1.17461,1.17463,1.50,4.12
2017.10.23 08:55:42.726,1.17461,1.17463,1.50,2.25
2017.10.23 08:55:43.985,1.1746,1.17463,2.70,5.44
2017.10.23 08:55:44.609,1.17459,1.17461,4.69,1.50
2017.10.23 08:55:45.793,1.17459,1.17462,5.25,2.25
2017.10.23 08:55:49.048,1.17459,1.17462,6.37,5.62
2017.10.23 08:55:49.944,1.17459,1.17462,7.50,1.87
2017.10.23 08:55:53.849,1.1746,1.17461,1.87,1.50
2017.10.23 08:55:54.857,1.1746,1.17462,4.12,1.00
2017.10.23 08:55:55.250,1.17459,1.17461,3.75,4.12
2017.10.23 08:55:55.766,1.17459,1.17461,4.95,1.50
2017.10.23 08:55:56.351,1.17459,1.17462,3.45,2.25
2017.10.23 08:55:57.619,1.1746,1.17462,1.87,2.25
2017.10.23 08:55:57.927,1.17458,1.1746,10.39,4.00
2017.10.23 08:55:58.387,1.17459,1.17461,1.01,5.63
2017.10.23 08:55:58.981,1.17459,1.1746,1.10,1.50
2017.10.23 08:55:59.493,1.17458,1.1746,1.20,1.87
2017.10.23 08:55:59.925,1.17459,1.17461,1.50,3.00
2017.10.23 08:55:59.977,1.1746,1.17462,1.50,2.25
2017.10.23 08:56:00.135,1.17459,1.1746,4.95,2.25
2017.10.23 08:56:01.100,1.17461,1.17462,1.50,2.25
2017.10.23 08:56:02.113,1.17461,1.17463,1.95,3.22
2017.10.23 08:56:04.385,1.17461,1.17462,1.50,1.00
2017.10.23 08:56:04.913,1.17459,1.17462,14.32,1.00
2017.10.23 08:56:05.185,1.17462,1.17463,1.50,4.50
2017.10.23 08:56:06.847,1.17459,1.17462,5.70,1.50
2017.10.23 08:56:06.951,1.17462,1.17463,1.50,2.25
2017.10.23 08:56:07.465,1.17461,1.17463,2.25,1.50
2017.10.23 08:56:07.893,1.17461,1.17464,1.00,3.41
2017.10.23 08:56:08.910,1.17461,1.17463,1.00,1.50
2017.10.23 08:56:09.488,1.17462,1.17463,1.00,1.50
2017.10.23 08:56:13.435,1.17461,1.17464,1.95,4.16
2017.10.23 08:56:14.824,1.17459,1.17461,4.57,1.00
2017.10.23 08:56:14.927,1.17461,1.17462,1.50,1.87
2017.10.23 08:56:17.459,1.17462,1.17463,1.00,3.37
2017.10.23 08:56:18.048,1.17461,1.17463,2.32,3.00
2017.10.23 08:56:19.711,1.17461,1.17463,2.06,3.00
2017.10.23 08:56:20.313,1.1746,1.17461,1.00,4.31
2017.10.23 08:56:20.845,1.1746,1.17462,1.00,1.50
2017.10.23 08:56:21.388,1.17459,1.17463,5.44,2.44
2017.10.23 08:56:25.376,1.1746,1.17462,1.12,1.50
2017.10.23 08:56:27.378,1.1746,1.17462,1.50,1.87
2017.10.23 08:56:29.140,1.17461,1.17462,1.50,1.50
2017.10.23 08:56:29.658,1.1746,1.17462,1.50,1.00
2017.10.23 08:56:34.724,1.17459,1.17462,1.80,4.69
2017.10.23 08:56:35.272,1.17459,1.17462,2.55,3.94
2017.10.23 08:56:38.008,1.17459,1.17461,1.24,1.50
2017.10.23 08:56:38.572,1.1746,1.17463,1.00,5.85
2017.10.23 08:56:39.200,1.1746,1.17461,1.15,1.50
2017.10.23 08:56:42.095,1.17459,1.1746,3.11,3.56
2017.10.23 08:56:42.147,1.17457,1.1746,11.51,2.25
2017.10.23 08:56:42.198,1.17458,1.17461,1.50,9.19
2017.10.23 08:56:42.352,1.1746,1.17462,1.00,2.25
2017.10.23 08:56:45.019,1.1746,1.17462,3.37,2.25
2017.10.23 08:56:46.153,1.1746,1.17462,1.00,2.25
2017.10.23 08:56:46.660,1.17459,1.17462,5.32,2.25
2017.10.23 08:56:47.649,1.1746,1.17461,1.00,1.00
2017.10.23 08:56:48.160,1.17459,1.17462,1.87,1.87
2017.10.23 08:56:49.830,1.17459,1.17462,5.70,1.12
2017.10.23 08:56:50.342,1.17459,1.17462,2.62,2.62
2017.10.23 08:56:50.445,1.17459,1.1746,1.87,1.00
2017.10.23 08:56:50.975,1.17459,1.17461,2.62,1.00
2017.10.23 08:56:53.428,1.17459,1.17463,1.87,6.79
2017.10.23 08:56:54.222,1.17458,1.1746,8.32,5.25
2017.10.23 08:56:54.428,1.17459,1.17462,2.32,1.12
2017.10.23 08:56:54.684,1.17459,1.17462,8.14,2.06
2017.10.23 08:56:55.185,1.1746,1.17462,1.20,1.12
2017.10.23 08:56:58.066,1.1746,1.17463,1.20,3.00
2017.10.23 08:56:59.088,1.1746,1.17462,2.70,1.00
2017.10.23 08:56:59.825,1.1746,1.17463,2.70,4.87
2017.10.23 08:57:00.731,1.1746,1.17463,1.50,5.92
2017.10.23 08:57:01.268,1.1746,1.17461,1.00,1.00
2017.10.23 08:57:01.807,1.1746,1.17462,1.50,1.20
2017.10.23 08:57:02.926,1.1746,1.17462,1.87,1.20
2017.10.23 08:57:03.457,1.1746,1.17462,1.87,2.70
2017.10.23 08:57:04.551,1.1746,1.17462,2.25,3.45
2017.10.23 08:57:05.109,1.1746,1.17462,2.25,2.70
2017.10.23 08:57:06.469,1.17461,1.17462,1.00,2.70
2017.10.23 08:57:06.981,1.1746,1.17462,4.87,2.70
2017.10.23 08:57:10.899,1.17461,1.17463,1.00,4.20
2017.10.23 08:57:11.429,1.1746,1.17462,1.50,1.95
2017.10.23 08:57:12.500,1.1746,1.17462,2.62,2.25
2017.10.23 08:57:13.003,1.1746,1.17462,1.87,3.00
2017.10.23 08:57:17.465,1.17459,1.17462,6.45,3.00
2017.10.23 08:57:18.006,1.1746,1.17462,1.95,1.50
2017.10.23 08:57:19.208,1.1746,1.17463,1.95,3.37
2017.10.23 08:57:20.108,1.1746,1.17462,1.20,1.00
2017.10.23 08:57:20.836,1.1746,1.17463,1.00,5.62
2017.10.23 08:57:25.099,1.17461,1.17463,1.12,1.00
2017.10.23 08:57:25.633,1.17461,1.17465,2.25,8.44
2017.10.23 08:57:26.815,1.17461,1.17464,1.50,3.22
2017.10.23 08:57:27.326,1.17461,1.17464,1.00,5.55
2017.10.23 08:57:34.108,1.1746,1.17463,2.25,1.72
2017.10.23 08:57:37.208,1.1746,1.17463,1.50,3.22
2017.10.23 08:57:46.989,1.1746,1.17463,2.70,2.66
2017.10.23 08:57:47.812,1.1746,1.17462,2.51,1.25
2017.10.23 08:57:48.392,1.1746,1.17463,1.12,2.29
2017.10.23 08:57:50.657,1.17461,1.17463,1.25,1.35
2017.10.23 08:57:57.819,1.1746,1.17461,3.07,1.87
2017.10.23 08:57:57.871,1.17459,1.17461,1.50,1.00
2017.10.23 08:57:59.267,1.17459,1.17462,4.95,2.25
2017.10.23 08:58:05.744,1.1746,1.17462,4.87,1.50
2017.10.23 08:58:07.374,1.1746,1.17462,4.95,1.12
2017.10.23 08:58:08.548,1.17461,1.17462,2.25,1.69
2017.10.23 08:58:09.143,1.1746,1.17462,1.87,1.12
2017.10.23 08:58:09.971,1.1746,1.17462,3.75,1.50
2017.10.23 08:58:10.176,1.17463,1.17465,1.69,9.26
2017.10.23 08:58:10.479,1.17464,1.17468,5.25,10.20
2017.10.23 08:58:11.018,1.17465,1.17467,1.50,1.10
2017.10.23 08:58:11.325,1.17463,1.17465,2.62,1.00
2017.10.23 08:58:11.845,1.17463,1.17465,1.12,4.20
2017.10.23 08:58:12.154,1.17461,1.17463,1.12,1.12
2017.10.23 08:58:12.742,1.1746,1.17463,4.50,3.56
2017.10.23 08:58:13.254,1.1746,1.17463,4.50,4.95
2017.10.23 08:58:16.100,1.1746,1.17463,3.00,3.75
2017.10.23 08:58:16.728,1.1746,1.17463,3.37,2.25
2017.10.23 08:58:17.950,1.17461,1.17463,1.00,3.45
2017.10.23 08:58:18.460,1.1746,1.17463,3.00,1.39
2017.10.23 08:58:18.762,1.17458,1.1746,3.38,2.06
2017.10.23 08:58:19.278,1.1746,1.17462,1.87,1.12
2017.10.23 08:58:19.999,1.1746,1.17463,1.12,5.14
2017.10.23 08:58:20.669,1.17461,1.17464,1.00,6.07
2017.10.23 08:58:21.179,1.1746,1.17464,10.87,5.70
2017.10.23 08:58:21.754,1.1746,1.17462,7.31,1.50
2017.10.23 08:58:22.473,1.17459,1.17462,3.37,3.37
2017.10.23 08:58:22.577,1.17458,1.1746,14.62,1.00
2017.10.23 08:58:22.829,1.17459,1.17462,3.00,7.95
2017.10.23 08:58:24.977,1.17459,1.17462,5.81,2.81
2017.10.23 08:58:28.731,1.17459,1.1746,2.44,1.50
2017.10.23 08:58:28.975,1.17459,1.17462,5.25,1.50
2017.10.23 08:58:30.889,1.17459,1.17462,4.31,6.19
2017.10.23 08:58:31.401,1.17458,1.1746,4.31,3.26
2017.10.23 08:58:32.290,1.17458,1.1746,2.62,4.76
2017.10.23 08:58:34.377,1.17458,1.17459,1.00,1.50
2017.10.23 08:58:34.898,1.17458,1.1746,5.06,1.12
2017.10.23 08:58:36.122,1.17458,1.1746,1.50,2.06
2017.10.23 08:58:36.673,1.17458,1.1746,2.25,6.45
2017.10.23 08:58:39.007,1.17459,1.1746,1.12,4.57
2017.10.23 08:58:39.242,1.17459,1.17462,7.12,4.20
2017.10.23 08:58:40.994,1.17461,1.17462,1.00,3.07
2017.10.23 08:58:41.505,1.1746,1.17462,1.87,2.32
2017.10.23 08:58:42.202,1.17459,1.17461,3.37,1.12
2017.10.23 08:58:43.993,1.17459,1.17462,3.75,3.07
2017.10.23 08:58:44.571,1.17459,1.17462,2.44,2.32
2017.10.23 08:58:45.082,1.1746,1.17462,1.00,5.32
2017.10.23 08:58:45.441,1.17459,1.1746,1.00,1.12
2017.10.23 08:58:46.026,1.17459,1.17461,3.37,1.00
2017.10.23 08:58:46.542,1.17459,1.17462,5.25,2.70
2017.10.23 08:58:47.069,1.17459,1.17462,3.37,3.45
2017.10.23 08:58:47.474,1.17461,1.17463,1.00,14.32
2017.10.23 08:58:47.615,1.1746,1.17462,2.44,3.37
2017.10.23 08:58:48.704,1.17462,1.17464,3.97,8.32
2017.10.23 08:58:49.209,1.17462,1.17463,2.85,1.00
2017.10.23 08:58:51.739,1.17461,1.17463,10.72,2.25
2017.10.23 08:58:53.903,1.17462,1.17463,2.85,1.69
2017.10.23 08:58:54.544,1.17461,1.17463,6.60,1.87
2017.10.23 08:58:55.641,1.17462,1.17463,2.10,1.50
2017.10.23 08:58:58.229,1.17462,1.17464,2.10,5.44
2017.10.23 08:59:02.503,1.17461,1.17463,4.72,1.50
2017.10.23 08:59:03.945,1.17462,1.17464,1.72,3.07
2017.10.23 08:59:05.377,1.17462,1.17465,3.22,2.70
2017.10.23 08:59:06.281,1.17463,1.17465,1.00,7.57
2017.10.23 08:59:07.018,1.17462,1.17465,2.85,3.07
2017.10.23 08:59:07.576,1.17463,1.17465,1.00,3.82
2017.10.23 08:59:08.264,1.17462,1.17465,4.16,2.32
2017.10.23 08:59:08.838,1.17463,1.17465,1.00,5.32
2017.10.23 08:59:09.966,1.17462,1.17465,3.79,4.87
2017.10.23 08:59:10.467,1.17462,1.17465,5.47,6.00
2017.10.23 08:59:10.773,1.17464,1.17465,1.87,3.45
2017.10.23 08:59:10.978,1.17461,1.17464,3.97,1.12
2017.10.23 08:59:11.753,1.1746,1.17464,6.04,7.95
2017.10.23 08:59:12.276,1.17461,1.17464,1.00,8.25
2017.10.23 08:59:12.788,1.1746,1.17463,6.60,2.62
2017.10.23 08:59:13.961,1.1746,1.17464,5.47,7.76
2017.10.23 08:59:14.538,1.17461,1.17464,1.50,7.39
2017.10.23 08:59:15.076,1.17462,1.17464,1.00,10.20
2017.10.23 08:59:15.760,1.17461,1.17463,1.50,1.01
2017.10.23 08:59:18.090,1.1746,1.17463,8.10,4.95
2017.10.23 08:59:18.611,1.1746,1.17463,5.47,5.89
2017.10.23 08:59:19.576,1.17461,1.17463,1.00,4.76
2017.10.23 08:59:20.079,1.17461,1.17463,2.50,6.26
2017.10.23 08:59:20.582,1.17461,1.17462,1.12,1.00
2017.10.23 08:59:21.125,1.1746,1.17462,5.66,1.00
2017.10.23 08:59:23.191,1.1746,1.17462,6.77,1.00
2017.10.23 08:59:23.242,1.17459,1.17461,11.62,3.19
2017.10.23 08:59:23.396,1.17461,1.17464,1.50,3.75
2017.10.23 08:59:24.199,1.1746,1.17464,3.37,5.32
2017.10.23 08:59:24.661,1.17462,1.17464,2.25,4.12
2017.10.23 08:59:24.972,1.17467,1.17468,1.12,1.57
2017.10.23 08:59:25.479,1.17467,1.17468,1.00,2.06
2017.10.23 08:59:25.996,1.17466,1.17467,5.25,1.12
2017.10.23 08:59:26.509,1.17463,1.17465,2.25,4.20
2017.10.23 08:59:26.663,1.17466,1.17467,3.22,1.12
2017.10.23 08:59:27.176,1.17466,1.17468,5.85,1.50
2017.10.23 08:59:27.669,1.17467,1.17469,1.00,6.97
2017.10.23 08:59:27.772,1.17466,1.17468,5.10,1.12
2017.10.23 08:59:28.604,1.17467,1.17468,1.00,1.69
2017.10.23 08:59:28.763,1.17465,1.17468,5.25,1.31
2017.10.23 08:59:29.299,1.17466,1.17468,1.12,1.00
2017.10.23 08:59:29.669,1.17465,1.17466,1.12,4.69
2017.10.23 08:59:29.722,1.17464,1.17465,2.25,1.50
2017.10.23 08:59:30.174,1.17465,1.17468,1.50,6.45
2017.10.23 08:59:30.277,1.17464,1.17465,3.75,1.87
2017.10.23 08:59:30.635,1.17465,1.17467,1.35,1.50
2017.10.23 08:59:31.173,1.17465,1.17467,1.35,1.76
2017.10.23 08:59:31.831,1.17464,1.17467,8.47,1.95
2017.10.23 08:59:32.253,1.17462,1.17465,5.66,1.12
2017.10.23 08:59:32.765,1.17462,1.17464,1.12,1.25
2017.10.23 08:59:33.278,1.17461,1.17464,1.12,6.07
2017.10.23 08:59:33.812,1.17461,1.17464,1.00,6.64
2017.10.23 08:59:34.333,1.17461,1.17463,1.00,2.62
2017.10.23 08:59:35.546,1.1746,1.17463,1.00,1.95
2017.10.23 08:59:36.118,1.1746,1.17463,1.50,1.95
2017.10.23 08:59:36.685,1.17461,1.17462,1.12,1.25
2017.10.23 08:59:37.377,1.1746,1.17462,1.12,1.00
2017.10.23 08:59:37.960,1.17459,1.17462,7.54,1.00
2017.10.23 08:59:38.012,1.1746,1.17464,1.50,9.64
2017.10.23 08:59:38.595,1.17461,1.17463,1.00,1.00
2017.10.23 08:59:39.141,1.1746,1.17464,3.97,2.89
2017.10.23 08:59:39.348,1.1746,1.17462,1.50,1.00
2017.10.23 08:59:39.911,1.17461,1.17463,1.00,1.50
2017.10.23 08:59:40.424,1.1746,1.17463,2.25,2.51
2017.10.23 08:59:40.960,1.1746,1.17463,2.62,3.26
2017.10.23 08:59:41.473,1.1746,1.17462,2.25,1.31
2017.10.23 08:59:41.984,1.1746,1.17463,2.62,4.20
2017.10.23 08:59:42.332,1.1746,1.17462,1.50,1.95
2017.10.23 08:59:43.629,1.1746,1.17462,1.00,1.00
2017.10.23 08:59:44.139,1.1746,1.17463,1.50,5.25
2017.10.23 08:59:44.445,1.17459,1.1746,1.50,1.50
2017.10.23 08:59:44.701,1.1746,1.17463,3.37,3.07
2017.10.23 08:59:45.395,1.1746,1.17463,3.37,4.57
2017.10.23 08:59:46.088,1.17461,1.17463,1.00,2.25
2017.10.23 08:59:46.891,1.1746,1.17463,2.62,1.50
2017.10.23 08:59:47.426,1.17461,1.17463,1.00,1.50
2017.10.23 08:59:48.223,1.1746,1.17463,1.50,4.39
2017.10.23 08:59:48.326,1.17459,1.17461,2.10,3.75
2017.10.23 08:59:48.490,1.17459,1.17463,4.50,8.89
2017.10.23 08:59:49.036,1.17461,1.17464,1.12,3.26
2017.10.23 08:59:49.542,1.1746,1.17464,3.60,5.32
2017.10.23 08:59:50.093,1.1746,1.17463,3.60,1.50
2017.10.23 08:59:50.635,1.17461,1.17463,1.00,3.00
2017.10.23 08:59:51.159,1.1746,1.17463,6.22,2.14
2017.10.23 08:59:51.695,1.1746,1.17463,6.22,1.87
2017.10.23 08:59:53.612,1.17461,1.17463,1.12,1.87
2017.10.23 08:59:53.745,1.1746,1.17462,2.85,5.50
2017.10.23 08:59:53.851,1.1746,1.17463,2.62,3.00
2017.10.23 08:59:54.157,1.1746,1.17462,1.50,2.50
2017.10.23 08:59:54.260,1.1746,1.17463,3.00,5.70
2017.10.23 08:59:54.787,1.17461,1.17462,1.12,1.00
2017.10.23 08:59:55.314,1.1746,1.17462,2.62,1.10
2017.10.23 08:59:55.827,1.17461,1.17463,1.00,2.62
2017.10.23 08:59:56.358,1.1746,1.17463,3.37,3.64
2017.10.23 08:59:58.627,1.17461,1.17462,1.00,1.12
2017.10.23 08:59:58.906,1.17461,1.17464,2.25,4.61
2017.10.23 08:59:59.420,1.17462,1.17463,1.00,1.20
