2015.08.31 09:00:00.031,1.12011,1.12014,1.00,1.00
2015.08.31 09:00:00.082,1.12009,1.12015,1.00,1.12
2015.08.31 09:00:00.133,1.12033,1.12043,2.50,6.00
2015.08.31 09:00:00.236,1.1205,1.12051,1.27,1.10
2015.08.31 09:00:00.288,1.1205,1.12054,5.02,3.75
2015.08.31 09:00:00.391,1.1206,1.12063,1.00,3.37
2015.08.31 09:00:00.494,1.1206,1.12061,1.00,1.00
2015.08.31 09:00:00.596,1.12057,1.12062,1.37,1.00
2015.08.31 09:00:00.946,1.12055,1.12062,1.12,1.00
2015.08.31 09:00:01.100,1.1206,1.12069,1.00,1.05
2015.08.31 09:00:01.202,1.1206,1.12066,1.00,1.12
2015.08.31 09:00:01.304,1.12058,1.12068,1.00,1.87
2015.08.31 09:00:01.356,1.12056,1.1206,1.50,1.00
2015.08.31 09:00:01.458,1.12051,1.12058,1.00,1.00
2015.08.31 09:00:01.919,1.12059,1.1206,0.75,1.00
2015.08.31 09:00:01.971,1.12063,1.12067,1.00,1.50
2015.08.31 09:00:02.024,1.12059,1.12064,1.00,1.00
2015.08.31 09:00:02.127,1.12054,1.12065,1.00,1.50
2015.08.31 09:00:02.178,1.12058,1.12065,1.00,1.00
2015.08.31 09:00:02.230,1.12057,1.12068,1.00,1.50
2015.08.31 09:00:02.281,1.12056,1.12064,1.50,1.00
2015.08.31 09:00:02.588,1.12057,1.12059,1.00,6.00
2015.08.31 09:00:02.871,1.12059,1.12061,1.50,1.12
2015.08.31 09:00:02.922,1.12063,1.12065,2.25,1.00
2015.08.31 09:00:03.227,1.12067,1.12072,1.00,1.00
2015.08.31 09:00:03.330,1.12066,1.12076,1.50,1.00
2015.08.31 09:00:03.432,1.12075,1.1208,1.50,1.45
2015.08.31 09:00:03.484,1.12075,1.1208,3.00,1.00
2015.08.31 09:00:03.535,1.12075,1.12083,5.25,1.00
2015.08.31 09:00:03.976,1.12076,1.12083,2.25,1.00
2015.08.31 09:00:04.231,1.12074,1.12083,1.00,1.00
2015.08.31 09:00:04.688,1.12074,1.12077,1.00,1.00
2015.08.31 09:00:04.740,1.12071,1.12075,1.12,1.00
2015.08.31 09:00:04.791,1.1207,1.12073,2.24,2.06
2015.08.31 09:00:05.091,1.12063,1.12072,1.00,1.50
2015.08.31 09:00:05.142,1.12065,1.12072,3.75,1.00
2015.08.31 09:00:05.396,1.12066,1.12074,1.00,1.87
2015.08.31 09:00:05.448,1.12066,1.12074,1.00,1.87
2015.08.31 09:00:05.550,1.12066,1.12076,1.37,1.37
2015.08.31 09:00:05.652,1.12066,1.12075,4.00,1.00
2015.08.31 09:00:05.703,1.12068,1.12076,1.50,1.00
2015.08.31 09:00:06.077,1.12071,1.12074,1.12,1.50
2015.08.31 09:00:06.280,1.12075,1.12078,6.00,1.87
2015.08.31 09:00:06.535,1.12074,1.12078,1.12,1.00
2015.08.31 09:00:06.587,1.12074,1.12076,1.00,1.50
2015.08.31 09:00:07.176,1.12074,1.12076,1.00,1.00
2015.08.31 09:00:07.482,1.1208,1.12083,1.50,1.00
2015.08.31 09:00:07.687,1.1208,1.12082,1.00,1.00
2015.08.31 09:00:07.739,1.1208,1.12081,1.00,1.00
2015.08.31 09:00:07.790,1.12077,1.12078,1.50,1.00
2015.08.31 09:00:07.842,1.12072,1.12075,1.00,1.00
2015.08.31 09:00:07.893,1.12072,1.12075,1.00,2.25
2015.08.31 09:00:07.944,1.1207,1.12073,1.00,2.25
2015.08.31 09:00:08.255,1.1209,1.12092,1.00,1.00
2015.08.31 09:00:08.410,1.12095,1.121,4.12,3.00
2015.08.31 09:00:08.462,1.12095,1.12099,3.75,1.00
2015.08.31 09:00:08.565,1.12102,1.12109,1.00,7.12
2015.08.31 09:00:08.616,1.121,1.12104,1.87,1.00
2015.08.31 09:00:09.162,1.12097,1.12105,1.12,1.00
2015.08.31 09:00:09.213,1.12096,1.12105,6.00,1.00
2015.08.31 09:00:09.621,1.12096,1.12104,1.00,1.00
2015.08.31 09:00:09.723,1.12095,1.12101,2.62,1.00
2015.08.31 09:00:10.028,1.12094,1.12099,2.62,1.00
2015.08.31 09:00:10.353,1.12095,1.12097,2.24,1.50
2015.08.31 09:00:10.611,1.12098,1.12099,1.00,1.50
2015.08.31 09:00:10.714,1.12098,1.12099,1.87,1.50
2015.08.31 09:00:10.766,1.12099,1.12101,6.37,2.25
2015.08.31 09:00:10.868,1.12105,1.12106,1.50,1.50
2015.08.31 09:00:11.072,1.12108,1.1211,1.12,1.50
2015.08.31 09:00:11.394,1.12109,1.12111,1.12,2.25
2015.08.31 09:00:11.445,1.12109,1.12111,2.12,8.25
2015.08.31 09:00:11.547,1.12108,1.12109,2.25,2.25
2015.08.31 09:00:11.650,1.12108,1.12111,1.12,2.62
2015.08.31 09:00:11.751,1.12106,1.12111,1.87,3.00
2015.08.31 09:00:11.802,1.12106,1.12108,1.00,1.50
2015.08.31 09:00:11.904,1.12104,1.12108,1.00,1.50
2015.08.31 09:00:12.007,1.12102,1.12105,1.12,3.00
2015.08.31 09:00:12.059,1.121,1.12105,2.62,3.00
2015.08.31 09:00:12.393,1.12098,1.12102,1.37,1.50
2015.08.31 09:00:12.802,1.12099,1.121,1.00,1.00
2015.08.31 09:00:12.904,1.12096,1.121,1.50,3.00
2015.08.31 09:00:12.955,1.12096,1.12098,1.50,1.00
2015.08.31 09:00:13.107,1.12094,1.12097,1.50,1.00
2015.08.31 09:00:13.209,1.12093,1.12095,1.00,1.12
2015.08.31 09:00:13.514,1.1209,1.12094,4.50,1.00
2015.08.31 09:00:14.021,1.1209,1.12095,3.75,2.25
2015.08.31 09:00:14.123,1.12093,1.12095,2.50,1.87
2015.08.31 09:00:14.326,1.12095,1.12097,1.00,1.00
2015.08.31 09:00:14.827,1.12094,1.12098,1.00,1.00
2015.08.31 09:00:15.398,1.12094,1.12097,1.00,1.00
2015.08.31 09:00:15.956,1.12093,1.12096,1.00,1.00
2015.08.31 09:00:16.108,1.12091,1.12095,2.70,2.25
2015.08.31 09:00:16.614,1.1209,1.12095,4.12,2.25
2015.08.31 09:00:16.766,1.12093,1.12095,1.00,2.25
2015.08.31 09:00:16.968,1.12091,1.12095,1.87,3.00
2015.08.31 09:00:17.485,1.12091,1.12096,3.37,3.75
2015.08.31 09:00:17.638,1.12091,1.12094,2.62,1.00
2015.08.31 09:00:18.589,1.1209,1.12094,1.00,1.00
2015.08.31 09:00:19.097,1.12089,1.12091,1.00,1.50
2015.08.31 09:00:19.401,1.12086,1.12088,1.12,1.50
2015.08.31 09:00:19.879,1.12088,1.1209,1.00,3.37
2015.08.31 09:00:19.930,1.12089,1.12091,1.00,1.00
2015.08.31 09:00:20.031,1.1209,1.12094,1.50,1.00
2015.08.31 09:00:20.133,1.12092,1.12094,1.00,1.50
2015.08.31 09:00:20.438,1.12096,1.12101,1.00,1.00
2015.08.31 09:00:20.865,1.12104,1.12105,1.00,1.00
2015.08.31 09:00:20.916,1.12104,1.12107,1.00,1.12
2015.08.31 09:00:21.447,1.12103,1.12107,1.50,1.12
2015.08.31 09:00:21.903,1.12105,1.12107,1.00,1.12
2015.08.31 09:00:22.208,1.12109,1.1211,1.00,6.15
2015.08.31 09:00:22.361,1.12114,1.12116,1.00,1.00
2015.08.31 09:00:22.870,1.12115,1.12117,1.00,4.12
2015.08.31 09:00:23.353,1.12115,1.12118,1.00,7.20
2015.08.31 09:00:23.455,1.12113,1.12117,1.00,3.37
2015.08.31 09:00:23.556,1.12112,1.12116,1.50,2.25
2015.08.31 09:00:23.709,1.1211,1.12115,3.30,4.50
2015.08.31 09:00:23.861,1.1211,1.12115,1.50,5.57
2015.08.31 09:00:24.338,1.12113,1.12115,1.00,5.25
2015.08.31 09:00:24.397,1.12114,1.12115,1.00,2.25
2015.08.31 09:00:24.903,1.12113,1.12115,1.00,3.25
2015.08.31 09:00:25.639,1.12113,1.12115,1.00,2.25
2015.08.31 09:00:27.026,1.12112,1.12115,1.87,1.50
2015.08.31 09:00:27.886,1.12113,1.12115,1.05,1.87
2015.08.31 09:00:28.223,1.1212,1.12122,1.50,9.07
2015.08.31 09:00:28.287,1.1212,1.12122,1.50,1.00
2015.08.31 09:00:28.542,1.12121,1.12123,1.00,1.00
2015.08.31 09:00:28.745,1.12118,1.12123,1.87,2.25
2015.08.31 09:00:29.251,1.12119,1.12123,1.00,1.50
2015.08.31 09:00:29.854,1.12119,1.1212,1.00,1.50
2015.08.31 09:00:30.058,1.12118,1.12123,2.32,3.00
2015.08.31 09:00:30.413,1.12122,1.12123,1.00,1.00
2015.08.31 09:00:30.465,1.12122,1.12126,1.00,1.20
2015.08.31 09:00:30.999,1.12123,1.12126,1.00,1.00
2015.08.31 09:00:31.506,1.12122,1.12125,1.00,3.00
2015.08.31 09:00:32.040,1.12118,1.1212,1.00,1.00
2015.08.31 09:00:32.243,1.12119,1.12122,1.00,3.00
2015.08.31 09:00:32.294,1.12119,1.1212,1.00,1.45
2015.08.31 09:00:32.598,1.12117,1.1212,1.00,3.60
2015.08.31 09:00:32.649,1.12115,1.12118,3.00,1.95
2015.08.31 09:00:32.751,1.12116,1.12118,1.00,1.95
2015.08.31 09:00:32.853,1.12116,1.12117,3.75,1.50
2015.08.31 09:00:32.904,1.12122,1.12123,1.50,6.82
2015.08.31 09:00:32.955,1.12124,1.12126,2.12,3.75
2015.08.31 09:00:33.237,1.12122,1.12125,1.00,1.50
2015.08.31 09:00:34.535,1.12129,1.1213,1.00,5.32
2015.08.31 09:00:34.639,1.12132,1.12133,1.00,1.00
2015.08.31 09:00:34.691,1.12132,1.12135,1.00,1.00
2015.08.31 09:00:34.998,1.12131,1.12133,1.00,1.19
2015.08.31 09:00:35.151,1.12129,1.12133,1.12,2.25
2015.08.31 09:00:35.487,1.12134,1.12135,1.00,1.50
2015.08.31 09:00:35.538,1.12134,1.12138,1.50,1.57
2015.08.31 09:00:35.640,1.12134,1.12139,2.25,1.50
2015.08.31 09:00:35.944,1.12136,1.1214,1.00,1.50
2015.08.31 09:00:36.679,1.12133,1.12136,1.00,1.00
2015.08.31 09:00:37.187,1.12132,1.12134,1.37,1.00
2015.08.31 09:00:37.543,1.12134,1.12136,1.00,1.00
2015.08.31 09:00:37.949,1.12135,1.12139,1.00,1.00
2015.08.31 09:00:38.454,1.12135,1.1214,1.00,4.50
2015.08.31 09:00:38.556,1.12138,1.12141,1.00,5.62
2015.08.31 09:00:38.759,1.12141,1.12145,1.50,2.32
2015.08.31 09:00:39.052,1.12143,1.12146,3.00,3.07
2015.08.31 09:00:39.204,1.1215,1.12152,2.25,1.00
2015.08.31 09:00:39.457,1.12153,1.12155,1.00,1.50
2015.08.31 09:00:39.559,1.12154,1.12157,1.00,1.00
2015.08.31 09:00:40.282,1.12154,1.12159,1.50,4.72
2015.08.31 09:00:40.738,1.12156,1.12158,1.00,1.20
2015.08.31 09:00:41.042,1.12148,1.12151,2.25,1.00
2015.08.31 09:00:41.439,1.12151,1.12154,1.00,1.12
2015.08.31 09:00:41.946,1.1215,1.12151,1.00,1.00
2015.08.31 09:00:42.251,1.12148,1.1215,1.00,1.57
2015.08.31 09:00:43.039,1.12148,1.12151,1.50,1.00
2015.08.31 09:00:43.091,1.12148,1.12153,1.50,3.75
2015.08.31 09:00:43.243,1.12151,1.12153,1.00,3.00
2015.08.31 09:00:43.547,1.12153,1.12155,1.00,3.14
2015.08.31 09:00:43.935,1.1215,1.12152,1.00,1.12
2015.08.31 09:00:44.038,1.12149,1.1215,1.00,1.00
2015.08.31 09:00:44.343,1.12145,1.12149,1.00,3.00
2015.08.31 09:00:45.027,1.12144,1.12149,1.50,3.00
2015.08.31 09:00:45.890,1.12143,1.12148,1.50,3.07
2015.08.31 09:00:46.490,1.12143,1.12147,1.50,1.00
2015.08.31 09:00:46.541,1.12145,1.12147,1.00,1.00
2015.08.31 09:00:46.845,1.1214,1.12142,1.00,2.25
2015.08.31 09:00:46.896,1.12137,1.12142,1.12,4.50
2015.08.31 09:00:47.605,1.12137,1.12141,1.00,3.00
2015.08.31 09:00:48.111,1.12137,1.1214,1.00,3.00
2015.08.31 09:00:48.365,1.12135,1.12139,1.12,1.00
2015.08.31 09:00:48.770,1.12137,1.12139,1.00,1.50
2015.08.31 09:00:49.501,1.12137,1.12141,4.87,1.50
2015.08.31 09:00:49.552,1.1214,1.12142,1.00,2.25
2015.08.31 09:00:50.058,1.1214,1.12142,1.00,1.15
2015.08.31 09:00:50.161,1.12137,1.12138,1.00,1.57
2015.08.31 09:00:50.458,1.12135,1.12137,1.00,1.50
2015.08.31 09:00:50.510,1.12134,1.12136,1.12,1.50
2015.08.31 09:00:50.561,1.12133,1.12135,1.12,1.00
2015.08.31 09:00:50.664,1.1213,1.12131,1.00,1.00
2015.08.31 09:00:51.172,1.1213,1.12132,1.00,1.00
2015.08.31 09:00:51.224,1.12128,1.12129,1.00,1.00
2015.08.31 09:00:51.275,1.12125,1.12129,4.20,1.12
2015.08.31 09:00:51.622,1.12126,1.1213,1.37,2.62
2015.08.31 09:00:51.674,1.12125,1.1213,1.50,3.37
2015.08.31 09:00:53.249,1.12125,1.1213,1.12,2.25
2015.08.31 09:00:53.402,1.12125,1.12127,1.00,1.00
2015.08.31 09:00:55.272,1.12124,1.12127,1.00,1.50
2015.08.31 09:00:55.790,1.1212,1.12122,1.00,1.50
2015.08.31 09:00:56.296,1.1212,1.12123,1.00,1.50
2015.08.31 09:00:56.600,1.12117,1.12119,1.00,1.00
2015.08.31 09:00:57.034,1.12115,1.12117,1.00,2.62
2015.08.31 09:00:57.540,1.12114,1.12116,1.00,1.12
2015.08.31 09:00:57.894,1.12115,1.12118,1.50,2.25
2015.08.31 09:00:58.328,1.12117,1.12119,1.12,1.00
2015.08.31 09:00:58.835,1.12116,1.12119,1.00,1.50
2015.08.31 09:00:58.886,1.12115,1.12117,1.00,2.62
2015.08.31 09:00:59.190,1.12112,1.12117,1.12,2.25
2015.08.31 09:00:59.672,1.12114,1.12117,1.00,1.50
2015.08.31 09:00:59.977,1.12122,1.12123,1.00,1.00
2015.08.31 09:01:00.079,1.12122,1.12124,1.00,1.00
2015.08.31 09:01:00.383,1.1212,1.12121,1.00,1.00
2015.08.31 09:01:00.703,1.1212,1.12121,1.00,1.50
2015.08.31 09:01:00.755,1.12123,1.12125,1.00,2.62
2015.08.31 09:01:01.262,1.12123,1.12125,1.00,1.37
2015.08.31 09:01:01.518,1.12124,1.12126,1.00,1.00
2015.08.31 09:01:02.064,1.12125,1.12126,1.00,1.50
2015.08.31 09:01:03.515,1.12124,1.12126,1.00,1.50
2015.08.31 09:01:04.021,1.12123,1.12125,1.00,2.25
2015.08.31 09:01:04.074,1.1212,1.12125,1.00,2.25
2015.08.31 09:01:04.226,1.12121,1.12125,2.25,1.00
2015.08.31 09:01:04.735,1.12121,1.12124,1.00,1.00
2015.08.31 09:01:05.252,1.12121,1.12126,1.07,2.32
2015.08.31 09:01:05.882,1.12121,1.12126,1.95,1.50
2015.08.31 09:01:06.035,1.1212,1.12124,2.32,1.00
2015.08.31 09:01:06.137,1.1212,1.12124,1.00,1.00
2015.08.31 09:01:06.643,1.1212,1.12125,2.50,6.00
2015.08.31 09:01:06.897,1.1212,1.12122,1.50,1.00
2015.08.31 09:01:06.948,1.12118,1.12122,2.62,3.75
2015.08.31 09:01:07.294,1.12118,1.1212,1.00,1.00
2015.08.31 09:01:07.859,1.12118,1.1212,1.00,7.77
2015.08.31 09:01:07.910,1.12115,1.12116,4.95,1.50
2015.08.31 09:01:08.012,1.12113,1.12115,1.50,1.50
2015.08.31 09:01:08.214,1.12109,1.12111,2.62,1.50
2015.08.31 09:01:08.576,1.12105,1.12109,1.00,3.97
2015.08.31 09:01:08.780,1.12104,1.12105,1.00,1.00
2015.08.31 09:01:08.882,1.12102,1.12105,1.00,2.25
2015.08.31 09:01:09.389,1.12102,1.12104,1.00,1.00
2015.08.31 09:01:09.937,1.12101,1.12105,1.00,3.75
2015.08.31 09:01:10.291,1.12101,1.12103,1.00,1.00
2015.08.31 09:01:10.342,1.121,1.12103,1.00,1.00
2015.08.31 09:01:10.545,1.12096,1.121,1.00,2.25
2015.08.31 09:01:10.931,1.12095,1.12098,1.00,1.50
2015.08.31 09:01:11.437,1.12095,1.12097,1.00,1.00
2015.08.31 09:01:11.742,1.12091,1.12094,1.10,3.37
2015.08.31 09:01:12.046,1.1209,1.12092,2.32,2.25
2015.08.31 09:01:12.098,1.12088,1.1209,1.00,2.25
2015.08.31 09:01:12.505,1.12087,1.12089,1.00,1.50
2015.08.31 09:01:13.094,1.12087,1.12089,1.00,2.25
2015.08.31 09:01:13.248,1.12085,1.12087,1.00,1.00
2015.08.31 09:01:13.400,1.12083,1.12085,1.00,1.50
2015.08.31 09:01:13.452,1.1208,1.12084,1.07,3.00
2015.08.31 09:01:13.757,1.12081,1.12087,1.50,3.07
2015.08.31 09:01:14.291,1.12081,1.12087,3.37,1.50
2015.08.31 09:01:15.049,1.12082,1.12085,1.50,1.00
2015.08.31 09:01:15.589,1.12081,1.12085,1.87,1.50
2015.08.31 09:01:15.742,1.12081,1.12087,1.87,3.75
2015.08.31 09:01:15.793,1.12083,1.12087,1.37,3.00
2015.08.31 09:01:16.098,1.12089,1.1209,1.87,1.00
2015.08.31 09:01:16.352,1.12094,1.12095,1.00,1.00
2015.08.31 09:01:16.703,1.12087,1.1209,1.10,2.40
2015.08.31 09:01:16.754,1.12086,1.12087,1.10,1.50
2015.08.31 09:01:16.805,1.12085,1.12087,1.10,1.50
2015.08.31 09:01:16.908,1.12086,1.12087,1.50,1.50
2015.08.31 09:01:17.263,1.1209,1.12093,1.00,1.00
2015.08.31 09:01:17.364,1.1209,1.12091,1.00,1.00
2015.08.31 09:01:17.466,1.12088,1.12091,1.00,2.25
2015.08.31 09:01:17.568,1.12086,1.12088,1.00,2.25
2015.08.31 09:01:17.898,1.12077,1.12078,1.50,1.12
2015.08.31 09:01:18.202,1.12063,1.12068,1.75,7.12
2015.08.31 09:01:18.253,1.1206,1.12065,1.10,2.25
2015.08.31 09:01:18.355,1.1206,1.12062,1.00,1.00
2015.08.31 09:01:18.748,1.12056,1.12058,1.07,1.00
2015.08.31 09:01:18.799,1.12052,1.12058,2.70,2.25
2015.08.31 09:01:18.851,1.12052,1.12056,1.95,1.00
2015.08.31 09:01:19.156,1.12049,1.12053,1.07,1.50
2015.08.31 09:01:19.259,1.12048,1.12053,1.12,2.25
2015.08.31 09:01:19.411,1.12051,1.12053,1.00,2.25
2015.08.31 09:01:19.788,1.1206,1.12061,1.00,4.50
2015.08.31 09:01:19.842,1.12059,1.12061,1.12,2.50
2015.08.31 09:01:20.096,1.12061,1.12063,1.00,2.25
2015.08.31 09:01:20.351,1.12061,1.12062,1.50,1.50
2015.08.31 09:01:20.556,1.12059,1.1206,1.00,1.50
2015.08.31 09:01:20.607,1.12055,1.1206,1.20,1.50
2015.08.31 09:01:20.896,1.12054,1.12059,1.87,2.25
2015.08.31 09:01:20.998,1.12053,1.12057,1.95,1.00
2015.08.31 09:01:21.504,1.12052,1.12056,1.50,1.00
2015.08.31 09:01:21.657,1.12052,1.12057,1.50,1.50
2015.08.31 09:01:22.096,1.12052,1.12055,1.00,1.50
2015.08.31 09:01:22.502,1.12051,1.12053,1.12,1.00
2015.08.31 09:01:22.603,1.12049,1.12052,1.12,1.50
2015.08.31 09:01:22.654,1.12051,1.12053,1.00,1.50
2015.08.31 09:01:23.895,1.12051,1.12053,1.00,1.50
2015.08.31 09:01:23.998,1.12052,1.12055,1.00,4.50
2015.08.31 09:01:24.100,1.12051,1.12053,1.50,3.25
2015.08.31 09:01:24.304,1.12047,1.1205,1.50,1.00
2015.08.31 09:01:24.355,1.12046,1.12047,1.50,1.00
2015.08.31 09:01:24.685,1.12039,1.12041,1.10,6.75
2015.08.31 09:01:24.736,1.12038,1.1204,1.00,4.50
2015.08.31 09:01:25.043,1.1204,1.12042,1.00,1.10
2015.08.31 09:01:25.661,1.12042,1.12043,1.00,2.25
2015.08.31 09:01:25.969,1.12044,1.12045,1.00,3.00
2015.08.31 09:01:26.071,1.12045,1.12048,1.00,4.50
2015.08.31 09:01:26.223,1.12047,1.12049,1.00,2.25
2015.08.31 09:01:26.274,1.12044,1.12049,1.87,3.00
2015.08.31 09:01:26.376,1.12044,1.12046,1.50,1.00
2015.08.31 09:01:26.799,1.12039,1.1204,2.62,2.25
2015.08.31 09:01:27.103,1.12046,1.12047,1.00,1.50
2015.08.31 09:01:27.357,1.12037,1.12039,1.57,1.50
2015.08.31 09:01:27.844,1.12036,1.12039,1.00,2.25
2015.08.31 09:01:27.895,1.12035,1.12039,1.00,2.25
2015.08.31 09:01:28.351,1.12035,1.12037,1.50,1.50
2015.08.31 09:01:28.503,1.12033,1.12037,1.10,1.50
2015.08.31 09:01:29.157,1.12033,1.12038,1.12,1.50
2015.08.31 09:01:29.917,1.12034,1.12038,1.00,1.00
2015.08.31 09:01:30.547,1.12037,1.12038,1.50,3.00
2015.08.31 09:01:30.598,1.12039,1.12041,1.00,1.00
2015.08.31 09:01:30.650,1.12042,1.12044,1.00,4.50
2015.08.31 09:01:30.955,1.12044,1.12048,1.00,2.25
2015.08.31 09:01:31.463,1.12046,1.12048,1.00,2.25
2015.08.31 09:01:31.768,1.12047,1.1205,1.50,2.25
2015.08.31 09:01:31.870,1.12049,1.12051,1.00,3.75
2015.08.31 09:01:32.074,1.12048,1.12053,2.62,5.25
2015.08.31 09:01:32.125,1.12051,1.12053,1.00,2.25
2015.08.31 09:01:32.327,1.12053,1.12056,1.00,1.50
2015.08.31 09:01:32.429,1.12057,1.12059,1.00,3.82
2015.08.31 09:01:32.861,1.1206,1.12062,1.00,1.50
2015.08.31 09:01:33.368,1.1206,1.12061,1.00,1.50
2015.08.31 09:01:34.100,1.12059,1.12062,1.00,3.00
2015.08.31 09:01:34.611,1.1206,1.12062,1.00,1.50
2015.08.31 09:01:34.864,1.12057,1.12061,1.00,3.00
2015.08.31 09:01:34.966,1.12057,1.12058,1.00,1.50
2015.08.31 09:01:35.170,1.12055,1.12059,1.00,2.25
2015.08.31 09:01:35.702,1.12054,1.12059,1.50,3.00
2015.08.31 09:01:36.057,1.12056,1.12059,1.00,1.50
2015.08.31 09:01:36.513,1.12056,1.12061,1.50,2.25
2015.08.31 09:01:36.615,1.12059,1.12061,1.00,2.25
2015.08.31 09:01:36.666,1.12059,1.12063,2.25,3.07
2015.08.31 09:01:36.914,1.12061,1.12063,1.00,2.25
2015.08.31 09:01:36.975,1.12061,1.12066,1.50,6.00
2015.08.31 09:01:37.329,1.12061,1.12064,1.50,1.00
2015.08.31 09:01:38.334,1.12061,1.12063,1.50,1.00
2015.08.31 09:01:38.435,1.12061,1.12065,1.00,4.50
2015.08.31 09:01:38.942,1.12062,1.12065,1.50,1.50
2015.08.31 09:01:39.582,1.12064,1.12065,1.00,1.50
2015.08.31 09:01:43.199,1.12065,1.12068,1.50,1.00
2015.08.31 09:01:43.305,1.12066,1.1207,1.00,4.50
2015.08.31 09:01:43.609,1.12066,1.12068,1.00,1.00
2015.08.31 09:01:44.118,1.12066,1.12069,1.00,1.50
2015.08.31 09:01:44.691,1.12066,1.12068,1.00,1.00
2015.08.31 09:01:46.316,1.12065,1.12067,2.62,1.12
2015.08.31 09:01:46.822,1.12064,1.12067,1.00,1.12
2015.08.31 09:01:47.379,1.12063,1.12067,1.00,1.12
2015.08.31 09:01:47.906,1.12063,1.12068,1.00,2.25
2015.08.31 09:01:48.412,1.12064,1.12068,1.00,2.25
2015.08.31 09:01:49.082,1.12063,1.12068,2.25,3.00
2015.08.31 09:01:49.600,1.12063,1.12067,1.50,1.00
2015.08.31 09:01:50.848,1.12063,1.12068,2.25,4.50
2015.08.31 09:01:51.962,1.12063,1.12065,1.50,1.00
2015.08.31 09:01:53.331,1.12063,1.12065,1.00,1.50
2015.08.31 09:01:53.839,1.12065,1.12067,1.00,1.00
2015.08.31 09:01:54.674,1.12064,1.12067,1.50,1.00
2015.08.31 09:01:54.877,1.12063,1.12064,1.00,1.00
2015.08.31 09:01:54.979,1.12061,1.12064,1.00,1.00
2015.08.31 09:01:55.487,1.12062,1.12065,1.00,1.00
2015.08.31 09:01:56.286,1.12061,1.12063,1.00,1.00
2015.08.31 09:01:56.337,1.1206,1.12063,1.00,1.50
2015.08.31 09:01:56.692,1.1206,1.12065,1.12,7.50
2015.08.31 09:01:57.458,1.12058,1.12062,1.50,1.00
2015.08.31 09:01:57.765,1.12057,1.1206,1.50,1.12
2015.08.31 09:01:58.120,1.12056,1.12057,1.50,1.00
2015.08.31 09:01:58.222,1.12054,1.12057,1.50,2.62
2015.08.31 09:01:58.374,1.12055,1.12057,1.00,2.62
2015.08.31 09:01:58.906,1.12055,1.12057,1.00,3.75
2015.08.31 09:01:59.412,1.12054,1.12057,1.00,2.25
2015.08.31 09:01:59.717,1.12051,1.12053,1.00,4.50
2015.08.31 09:02:00.225,1.1205,1.12053,1.00,1.00
2015.08.31 09:02:00.378,1.12048,1.12052,1.12,1.50
2015.08.31 09:02:00.885,1.12048,1.12051,1.00,1.50
2015.08.31 09:02:01.305,1.12046,1.12048,1.50,2.06
2015.08.31 09:02:01.710,1.12044,1.12046,1.00,1.50
2015.08.31 09:02:03.020,1.12043,1.12046,1.00,1.50
2015.08.31 09:02:03.222,1.12041,1.12046,1.87,1.50
2015.08.31 09:02:03.476,1.12041,1.12044,1.00,1.00
2015.08.31 09:02:03.797,1.12038,1.12041,1.00,1.50
2015.08.31 09:02:04.100,1.12037,1.12039,1.00,1.00
2015.08.31 09:02:04.916,1.12036,1.12039,1.00,2.25
2015.08.31 09:02:04.968,1.12034,1.12039,1.95,3.00
2015.08.31 09:02:05.019,1.12036,1.12039,1.00,2.25
2015.08.31 09:02:05.527,1.12037,1.12038,1.00,1.50
2015.08.31 09:02:06.424,1.12037,1.12038,1.00,1.50
2015.08.31 09:02:06.728,1.12034,1.12036,1.10,1.50
2015.08.31 09:02:07.033,1.12033,1.12034,1.50,1.50
2015.08.31 09:02:07.544,1.12034,1.12036,1.00,3.75
2015.08.31 09:02:08.303,1.12033,1.12035,1.00,1.50
2015.08.31 09:02:09.841,1.12034,1.12036,1.00,4.50
2015.08.31 09:02:10.349,1.12034,1.12035,1.00,1.50
2015.08.31 09:02:11.128,1.12031,1.12035,1.10,1.50
2015.08.31 09:02:12.261,1.12033,1.12035,1.00,1.50
2015.08.31 09:02:13.048,1.12033,1.12036,1.00,1.00
2015.08.31 09:02:13.561,1.12032,1.12037,3.37,1.50
2015.08.31 09:02:13.865,1.12032,1.12035,1.00,1.50
2015.08.31 09:02:14.378,1.12032,1.12036,1.00,1.50
2015.08.31 09:02:15.239,1.12032,1.12037,1.50,7.87
2015.08.31 09:02:15.999,1.12033,1.12037,1.00,3.75
2015.08.31 09:02:16.524,1.12034,1.12037,1.00,1.00
2015.08.31 09:02:17.065,1.12035,1.12037,1.00,2.25
2015.08.31 09:02:18.650,1.12036,1.12038,1.00,2.70
2015.08.31 09:02:19.966,1.12035,1.12038,1.00,1.50
2015.08.31 09:02:20.271,1.12036,1.12037,1.00,1.00
2015.08.31 09:02:20.525,1.12036,1.12039,1.00,4.87
2015.08.31 09:02:20.931,1.12037,1.12039,1.00,1.00
2015.08.31 09:02:21.476,1.12038,1.1204,1.00,1.12
2015.08.31 09:02:21.780,1.12038,1.12042,1.00,3.37
2015.08.31 09:02:22.000,1.12039,1.12043,1.37,2.32
2015.08.31 09:02:22.431,1.12043,1.12045,1.00,1.00
2015.08.31 09:02:22.754,1.12044,1.12047,1.00,1.87
2015.08.31 09:02:23.262,1.12045,1.12047,1.00,1.50
2015.08.31 09:02:23.465,1.12042,1.12044,1.00,1.87
2015.08.31 09:02:23.799,1.1204,1.12044,2.25,1.00
2015.08.31 09:02:24.204,1.1204,1.12042,1.00,1.50
2015.08.31 09:02:24.305,1.1204,1.12044,1.00,2.62
2015.08.31 09:02:24.660,1.12042,1.12044,1.00,2.25
2015.08.31 09:02:25.209,1.12043,1.12045,1.00,1.00
2015.08.31 09:02:25.310,1.12043,1.12047,1.87,1.50
2015.08.31 09:02:25.362,1.12045,1.12047,1.00,1.00
2015.08.31 09:02:25.565,1.12044,1.12049,1.12,1.50
2015.08.31 09:02:27.139,1.12044,1.12049,2.25,1.00
2015.08.31 09:02:27.393,1.1205,1.12053,1.00,1.87
2015.08.31 09:02:27.792,1.12049,1.12051,1.00,1.50
2015.08.31 09:02:27.843,1.12046,1.12051,1.87,1.50
2015.08.31 09:02:28.097,1.12046,1.12049,1.00,1.50
2015.08.31 09:02:28.401,1.12045,1.12047,1.00,1.00
2015.08.31 09:02:28.705,1.12043,1.12045,1.00,1.50
2015.08.31 09:02:29.251,1.12043,1.12046,1.00,1.50
2015.08.31 09:02:30.009,1.12042,1.12046,1.50,1.50
2015.08.31 09:02:30.683,1.12042,1.12047,2.25,3.37
2015.08.31 09:02:31.189,1.12043,1.12047,1.00,3.37
2015.08.31 09:02:32.574,1.12044,1.12047,1.00,1.50
2015.08.31 09:02:34.599,1.12044,1.12048,1.00,4.12
2015.08.31 09:02:36.169,1.12045,1.12048,1.00,4.87
2015.08.31 09:02:37.061,1.12047,1.12048,2.62,3.00
2015.08.31 09:02:37.114,1.12049,1.1205,1.00,1.00
2015.08.31 09:02:37.217,1.12051,1.12053,1.00,2.25
2015.08.31 09:02:37.420,1.12052,1.12055,1.00,1.50
2015.08.31 09:02:37.925,1.12053,1.12056,1.00,1.12
2015.08.31 09:02:38.428,1.12052,1.12053,1.00,3.00
2015.08.31 09:02:38.529,1.12052,1.12055,1.00,3.00
2015.08.31 09:02:39.036,1.12052,1.12056,1.12,1.00
2015.08.31 09:02:39.137,1.12055,1.12057,1.00,2.25
2015.08.31 09:02:39.290,1.12056,1.12059,1.00,1.95
2015.08.31 09:02:39.836,1.12057,1.1206,1.00,1.50
2015.08.31 09:02:40.089,1.12052,1.12055,9.37,2.50
2015.08.31 09:02:40.141,1.12052,1.12053,3.75,3.00
2015.08.31 09:02:40.192,1.12051,1.12052,1.10,1.00
2015.08.31 09:02:40.395,1.12053,1.12055,1.00,3.75
2015.08.31 09:02:40.793,1.12054,1.12055,1.00,1.00
2015.08.31 09:02:40.845,1.12056,1.1206,1.50,4.87
2015.08.31 09:02:41.403,1.12056,1.12059,1.00,1.00
2015.08.31 09:02:42.048,1.12054,1.12058,1.00,3.75
2015.08.31 09:02:45.805,1.12054,1.12056,1.00,2.25
2015.08.31 09:02:45.906,1.12051,1.12053,1.00,2.25
2015.08.31 09:02:46.008,1.12052,1.12055,2.62,4.50
2015.08.31 09:02:46.311,1.12053,1.12057,1.00,3.07
2015.08.31 09:02:46.819,1.12053,1.12056,1.00,1.50
2015.08.31 09:02:47.123,1.12053,1.12058,2.25,3.82
2015.08.31 09:02:47.630,1.12054,1.12058,2.25,2.62
2015.08.31 09:02:48.839,1.12056,1.12058,1.12,3.37
2015.08.31 09:02:49.244,1.12057,1.1206,1.99,1.87
2015.08.31 09:02:50.547,1.12056,1.12058,2.25,1.00
2015.08.31 09:02:51.106,1.12057,1.1206,1.00,3.37
2015.08.31 09:02:54.651,1.12057,1.12059,1.00,1.00
2015.08.31 09:02:55.156,1.12056,1.1206,1.50,7.12
2015.08.31 09:02:55.697,1.12056,1.12059,1.50,1.00
2015.08.31 09:02:56.756,1.12056,1.1206,1.00,7.12
2015.08.31 09:02:57.009,1.12058,1.1206,1.00,7.12
2015.08.31 09:02:57.381,1.12068,1.12069,1.00,4.50
2015.08.31 09:02:57.642,1.12071,1.12073,3.37,1.37
2015.08.31 09:02:58.047,1.12073,1.12074,1.00,1.00
2015.08.31 09:02:58.580,1.12069,1.12071,3.75,1.00
2015.08.31 09:02:58.833,1.12073,1.12075,1.00,2.25
2015.08.31 09:02:59.643,1.12074,1.12075,1.00,1.00
2015.08.31 09:03:01.076,1.12073,1.12075,1.00,2.25
2015.08.31 09:03:01.606,1.12073,1.12075,1.00,2.06
2015.08.31 09:03:02.164,1.12074,1.12075,1.00,1.25
2015.08.31 09:03:02.656,1.12083,1.12085,1.50,3.75
2015.08.31 09:03:02.961,1.12085,1.12088,1.00,2.25
2015.08.31 09:03:03.366,1.12087,1.1209,2.25,1.00
2015.08.31 09:03:03.741,1.12091,1.12093,1.37,1.00
2015.08.31 09:03:03.998,1.12092,1.12096,1.00,1.22
2015.08.31 09:03:04.515,1.12093,1.12097,1.00,3.59
2015.08.31 09:03:04.617,1.12092,1.12093,1.00,3.00
2015.08.31 09:03:04.668,1.12088,1.12089,1.57,6.84
2015.08.31 09:03:04.893,1.12084,1.12086,7.50,1.00
2015.08.31 09:03:04.945,1.12083,1.12085,1.00,1.59
2015.08.31 09:03:05.706,1.1208,1.12082,4.12,1.00
2015.08.31 09:03:05.757,1.12078,1.1208,1.47,3.00
2015.08.31 09:03:06.026,1.12077,1.1208,3.07,3.60
2015.08.31 09:03:06.077,1.12077,1.12081,1.50,2.25
2015.08.31 09:03:07.087,1.12076,1.12081,2.62,4.12
2015.08.31 09:03:07.406,1.12078,1.1208,3.00,1.00
2015.08.31 09:03:08.588,1.12078,1.1208,2.25,1.00
2015.08.31 09:03:09.126,1.12078,1.12081,1.00,2.25
2015.08.31 09:03:09.743,1.12078,1.12079,1.00,1.00
2015.08.31 09:03:10.363,1.12078,1.1208,1.00,2.25
2015.08.31 09:03:11.808,1.12078,1.12081,1.00,2.25
2015.08.31 09:03:12.904,1.12077,1.1208,3.37,1.50
2015.08.31 09:03:14.216,1.12078,1.12081,2.62,2.25
2015.08.31 09:03:14.722,1.12079,1.12081,1.00,2.25
2015.08.31 09:03:15.983,1.12079,1.12082,1.50,2.25
2015.08.31 09:03:16.489,1.1208,1.12081,1.50,1.00
2015.08.31 09:03:16.816,1.12085,1.12087,1.00,1.00
2015.08.31 09:03:16.918,1.12085,1.12089,1.50,1.87
2015.08.31 09:03:17.438,1.12086,1.1209,1.19,5.06
2015.08.31 09:03:18.024,1.12086,1.1209,1.00,2.25
2015.08.31 09:03:18.541,1.12087,1.12091,1.12,3.00
2015.08.31 09:03:19.048,1.12087,1.12091,3.00,1.00
2015.08.31 09:03:21.461,1.12088,1.12092,1.00,4.50
2015.08.31 09:03:21.966,1.12088,1.12091,1.00,1.00
2015.08.31 09:03:22.499,1.12087,1.12091,3.00,1.50
2015.08.31 09:03:26.075,1.12087,1.1209,1.50,1.00
2015.08.31 09:03:26.632,1.12087,1.12089,1.00,1.20
2015.08.31 09:03:26.784,1.12085,1.12089,1.50,1.35
2015.08.31 09:03:27.320,1.12085,1.1209,1.50,8.47
2015.08.31 09:03:29.599,1.12086,1.1209,2.25,3.00
2015.08.31 09:03:30.694,1.12087,1.12091,2.25,1.50
2015.08.31 09:03:31.199,1.12088,1.12091,1.87,1.00
2015.08.31 09:03:32.705,1.12087,1.12092,7.50,3.00
2015.08.31 09:03:33.211,1.12087,1.12091,7.50,1.50
2015.08.31 09:03:34.104,1.12087,1.12092,6.00,3.75
2015.08.31 09:03:34.617,1.12088,1.12091,1.00,1.50
2015.08.31 09:03:35.673,1.12087,1.12091,7.87,2.25
2015.08.31 09:03:36.175,1.12088,1.12091,1.00,2.25
2015.08.31 09:03:37.461,1.12087,1.12091,7.87,2.25
2015.08.31 09:03:37.990,1.12084,1.12086,10.95,1.00
2015.08.31 09:03:38.041,1.12083,1.12085,1.50,1.00
2015.08.31 09:03:38.092,1.12082,1.12085,1.20,1.00
2015.08.31 09:03:38.600,1.12082,1.12086,2.62,1.00
2015.08.31 09:03:43.943,1.12081,1.12086,4.50,3.37
2015.08.31 09:03:45.321,1.12081,1.12085,4.50,1.00
2015.08.31 09:03:46.730,1.12082,1.12084,1.00,1.00
2015.08.31 09:03:48.132,1.12082,1.12085,1.00,1.50
2015.08.31 09:03:48.875,1.12082,1.12086,1.50,2.62
2015.08.31 09:03:50.915,1.12082,1.12087,1.87,5.77
2015.08.31 09:03:51.421,1.12083,1.12086,1.12,1.12
2015.08.31 09:03:51.573,1.12085,1.12087,1.00,1.87
2015.08.31 09:03:51.725,1.12085,1.12091,1.87,6.15
2015.08.31 09:03:52.079,1.12085,1.12091,1.87,3.75
2015.08.31 09:03:52.787,1.12086,1.12091,1.50,3.37
2015.08.31 09:03:54.106,1.12086,1.12091,3.75,2.25
2015.08.31 09:03:56.389,1.12084,1.12086,3.07,3.25
2015.08.31 09:03:56.744,1.12081,1.12085,1.50,1.00
2015.08.31 09:03:58.085,1.12081,1.12084,1.50,1.00
2015.08.31 09:03:59.581,1.12081,1.12085,1.00,3.75
2015.08.31 09:04:00.088,1.12082,1.12085,1.00,1.50
2015.08.31 09:04:01.085,1.12081,1.12085,1.50,1.50
2015.08.31 09:04:01.591,1.12082,1.12085,1.00,1.00
2015.08.31 09:04:04.941,1.12081,1.12085,1.50,1.00
2015.08.31 09:04:05.244,1.12082,1.12087,4.12,1.87
2015.08.31 09:04:14.432,1.12082,1.12087,4.12,1.50
2015.08.31 09:04:17.116,1.12084,1.12086,1.00,1.00
2015.08.31 09:04:17.874,1.12085,1.12086,1.00,1.00
2015.08.31 09:04:18.129,1.12085,1.12088,1.00,3.75
2015.08.31 09:04:18.666,1.12085,1.1209,2.62,13.20
2015.08.31 09:04:18.717,1.12088,1.1209,1.00,1.57
2015.08.31 09:04:19.226,1.12088,1.12091,1.87,1.00
2015.08.31 09:04:19.277,1.12089,1.12093,1.00,1.00
2015.08.31 09:04:19.578,1.12093,1.12094,1.00,1.50
2015.08.31 09:04:19.630,1.12093,1.12096,1.00,3.00
2015.08.31 09:04:19.934,1.12094,1.12098,1.00,3.07
2015.08.31 09:04:21.437,1.12094,1.12097,1.00,1.00
2015.08.31 09:04:21.942,1.12094,1.12098,1.00,7.50
2015.08.31 09:04:22.487,1.12095,1.12098,1.00,7.50
2015.08.31 09:04:24.326,1.12095,1.12096,1.00,1.00
2015.08.31 09:04:24.478,1.12092,1.12094,1.50,1.00
2015.08.31 09:04:24.681,1.12091,1.12096,2.62,3.07
2015.08.31 09:04:24.732,1.12093,1.12096,1.00,3.07
2015.08.31 09:04:25.261,1.12094,1.12097,1.00,1.00
2015.08.31 09:04:25.767,1.12094,1.12098,1.00,8.25
2015.08.31 09:04:26.559,1.12094,1.12097,1.00,1.00
2015.08.31 09:04:26.863,1.12092,1.12094,1.00,1.00
2015.08.31 09:04:27.368,1.12092,1.12095,1.00,2.25
2015.08.31 09:04:27.672,1.12091,1.12093,1.50,1.00
2015.08.31 09:04:27.988,1.12091,1.12095,1.50,1.50
2015.08.31 09:04:28.805,1.12092,1.12095,1.00,1.00
2015.08.31 09:04:28.906,1.12094,1.12096,1.00,1.00
2015.08.31 09:04:29.058,1.12095,1.12098,1.00,1.95
2015.08.31 09:04:37.073,1.12097,1.12098,1.00,2.25
2015.08.31 09:04:37.384,1.12101,1.12102,1.00,2.25
2015.08.31 09:04:37.637,1.12104,1.12105,1.00,1.00
2015.08.31 09:04:37.739,1.12104,1.12107,1.00,1.50
2015.08.31 09:04:38.315,1.12102,1.12106,2.25,1.00
2015.08.31 09:04:38.956,1.12103,1.12108,1.00,3.75
2015.08.31 09:04:39.159,1.12103,1.12106,1.00,1.00
2015.08.31 09:04:41.551,1.12103,1.12105,1.00,1.00
2015.08.31 09:04:42.686,1.12105,1.12106,1.00,1.50
2015.08.31 09:04:42.889,1.12107,1.12108,1.50,1.95
2015.08.31 09:04:43.041,1.12107,1.1211,1.87,1.57
2015.08.31 09:04:45.581,1.12107,1.12109,1.12,1.00
2015.08.31 09:04:50.751,1.12106,1.1211,1.37,2.25
2015.08.31 09:04:50.802,1.12105,1.12106,1.50,1.00
2015.08.31 09:04:50.854,1.12103,1.12104,1.00,2.25
2015.08.31 09:04:50.955,1.12101,1.12102,1.10,1.00
2015.08.31 09:04:51.668,1.121,1.12102,3.00,1.00
2015.08.31 09:04:52.177,1.121,1.12101,3.00,1.00
2015.08.31 09:04:53.640,1.121,1.12102,2.25,1.50
2015.08.31 09:04:54.149,1.121,1.12101,3.00,1.00
2015.08.31 09:04:54.352,1.12102,1.12104,1.00,4.50
2015.08.31 09:04:54.403,1.12102,1.12103,1.00,1.00
2015.08.31 09:04:54.454,1.12101,1.12103,1.12,1.00
2015.08.31 09:04:54.708,1.121,1.12101,2.25,1.00
2015.08.31 09:04:55.442,1.12102,1.12103,1.00,3.75
2015.08.31 09:04:55.544,1.12102,1.12103,1.00,1.50
2015.08.31 09:04:55.746,1.12103,1.12106,1.50,1.00
2015.08.31 09:04:56.253,1.12103,1.12107,1.50,3.00
2015.08.31 09:04:57.694,1.12103,1.12106,1.50,1.00
2015.08.31 09:04:58.236,1.12103,1.12107,1.50,2.25
2015.08.31 09:04:58.741,1.12103,1.12106,1.00,1.00
2015.08.31 09:04:59.348,1.121,1.12102,5.25,1.00
2015.08.31 09:04:59.399,1.121,1.12101,1.50,1.00
2015.08.31 09:05:00.120,1.12099,1.12102,1.00,1.50
2015.08.31 09:05:00.373,1.121,1.12101,1.50,1.00
2015.08.31 09:05:00.878,1.121,1.12102,1.50,1.00
2015.08.31 09:05:01.462,1.121,1.12102,1.00,1.50
2015.08.31 09:05:01.980,1.121,1.12101,1.50,1.00
2015.08.31 09:05:04.005,1.121,1.12101,1.00,1.00
2015.08.31 09:05:04.956,1.12099,1.12102,1.12,1.50
2015.08.31 09:05:05.500,1.121,1.12101,1.00,1.00
2015.08.31 09:05:07.777,1.12101,1.12103,1.00,3.00
2015.08.31 09:05:07.879,1.12103,1.12105,1.00,2.32
2015.08.31 09:05:07.981,1.12102,1.12105,1.00,1.10
2015.08.31 09:05:08.082,1.12101,1.12102,1.00,1.00
2015.08.31 09:05:08.966,1.121,1.12102,3.00,1.00
2015.08.31 09:05:09.471,1.121,1.12101,1.00,1.00
2015.08.31 09:05:10.189,1.121,1.12102,1.00,1.50
2015.08.31 09:05:10.736,1.121,1.12101,1.00,1.00
2015.08.31 09:05:11.494,1.121,1.12102,1.00,1.50
2015.08.31 09:05:12.016,1.121,1.12101,1.00,1.00
2015.08.31 09:05:13.570,1.121,1.12102,1.00,1.50
2015.08.31 09:05:14.074,1.121,1.12101,1.00,1.00
2015.08.31 09:05:14.797,1.121,1.12102,1.00,1.50
2015.08.31 09:05:15.343,1.121,1.12101,1.00,1.00
2015.08.31 09:05:15.849,1.121,1.12102,1.00,1.50
2015.08.31 09:05:16.152,1.121,1.12102,2.25,1.00
2015.08.31 09:05:16.304,1.12104,1.12105,2.25,1.00
2015.08.31 09:05:16.355,1.12105,1.12107,1.00,2.32
2015.08.31 09:05:16.666,1.12107,1.12109,1.00,7.87
2015.08.31 09:05:16.819,1.12109,1.1211,1.05,2.25
2015.08.31 09:05:17.223,1.12108,1.12113,1.50,7.12
2015.08.31 09:05:17.577,1.12108,1.1211,1.00,1.00
2015.08.31 09:05:17.780,1.12105,1.12108,1.00,4.50
2015.08.31 09:05:18.318,1.12104,1.12107,1.12,1.00
2015.08.31 09:05:20.323,1.12104,1.12108,1.12,3.75
2015.08.31 09:05:20.898,1.12104,1.12107,1.12,1.00
2015.08.31 09:05:21.583,1.12105,1.12107,1.00,1.00
2015.08.31 09:05:22.997,1.12105,1.12106,1.00,1.00
2015.08.31 09:05:25.113,1.12105,1.12107,1.00,2.25
2015.08.31 09:05:26.207,1.12104,1.12106,1.00,1.00
2015.08.31 09:05:30.628,1.12104,1.12106,1.00,2.25
2015.08.31 09:05:30.830,1.12103,1.12105,1.00,1.50
2015.08.31 09:05:30.982,1.12099,1.12101,2.25,1.87
2015.08.31 09:05:31.034,1.121,1.12101,1.00,1.50
2015.08.31 09:05:31.388,1.12101,1.12103,1.00,1.50
2015.08.31 09:05:31.439,1.12102,1.12105,1.00,6.07
2015.08.31 09:05:31.977,1.12102,1.12103,1.50,1.00
2015.08.31 09:05:35.241,1.12102,1.12104,1.00,1.50
2015.08.31 09:05:35.696,1.12104,1.12107,1.12,5.25
2015.08.31 09:05:35.993,1.12105,1.12107,1.00,3.00
2015.08.31 09:05:38.467,1.12106,1.12108,1.00,4.50
2015.08.31 09:05:41.308,1.12105,1.12107,1.00,1.00
2015.08.31 09:05:42.023,1.12106,1.12108,1.00,4.50
2015.08.31 09:05:42.530,1.12105,1.12107,1.00,1.00
2015.08.31 09:05:43.857,1.12106,1.12108,1.00,4.50
2015.08.31 09:05:44.359,1.12105,1.12107,1.00,1.00
2015.08.31 09:05:45.017,1.12106,1.12108,1.00,4.50
2015.08.31 09:05:45.528,1.12105,1.12107,1.00,1.00
2015.08.31 09:05:52.023,1.12105,1.12108,1.00,7.50
2015.08.31 09:05:52.427,1.12104,1.12106,1.37,1.00
2015.08.31 09:05:53.087,1.12105,1.12107,1.00,1.50
2015.08.31 09:05:58.572,1.12106,1.12108,2.25,1.12
2015.08.31 09:05:58.876,1.12109,1.1211,1.00,3.75
2015.08.31 09:05:59.523,1.12109,1.1211,1.50,3.00
2015.08.31 09:06:03.792,1.12109,1.12111,1.12,1.50
2015.08.31 09:06:04.298,1.12109,1.12112,1.12,3.00
2015.08.31 09:06:04.810,1.12109,1.1211,1.12,1.00
2015.08.31 09:06:06.988,1.12109,1.12111,1.12,1.50
2015.08.31 09:06:07.544,1.12109,1.12112,1.12,3.00
2015.08.31 09:06:08.049,1.12109,1.12111,1.12,1.50
2015.08.31 09:06:08.354,1.12107,1.12108,1.00,3.00
2015.08.31 09:06:08.656,1.12104,1.12106,3.75,1.00
2015.08.31 09:06:08.961,1.121,1.12102,1.00,1.00
2015.08.31 09:06:10.913,1.12099,1.12101,1.50,1.15
2015.08.31 09:06:11.252,1.12096,1.12098,1.00,1.87
2015.08.31 09:06:13.232,1.12095,1.12098,2.62,1.87
2015.08.31 09:06:14.307,1.12095,1.12097,1.87,1.00
2015.08.31 09:06:14.715,1.12096,1.12099,2.62,1.00
2015.08.31 09:06:14.818,1.12098,1.12101,1.37,1.00
2015.08.31 09:06:15.394,1.121,1.12104,1.00,1.50
2015.08.31 09:06:16.205,1.121,1.12103,4.12,1.50
2015.08.31 09:06:16.753,1.121,1.12103,1.00,1.00
2015.08.31 09:06:17.261,1.12099,1.12102,1.12,1.00
2015.08.31 09:06:17.768,1.12098,1.12101,1.37,1.50
2015.08.31 09:06:18.450,1.12098,1.12101,1.12,1.50
2015.08.31 09:06:19.109,1.12098,1.121,1.00,1.00
2015.08.31 09:06:19.643,1.12097,1.121,1.12,1.50
2015.08.31 09:06:20.149,1.12098,1.12101,1.00,1.00
2015.08.31 09:06:24.874,1.12098,1.121,1.00,1.00
2015.08.31 09:06:25.228,1.12096,1.121,1.00,2.25
2015.08.31 09:06:26.972,1.12096,1.12099,1.00,1.00
2015.08.31 09:06:28.724,1.12096,1.12098,1.00,1.00
2015.08.31 09:06:31.831,1.12096,1.121,1.00,4.50
2015.08.31 09:06:32.807,1.12096,1.12098,1.00,1.00
2015.08.31 09:06:37.247,1.12096,1.12098,6.37,1.00
2015.08.31 09:06:37.298,1.12097,1.12101,1.87,5.25
2015.08.31 09:06:38.636,1.12097,1.12099,1.50,1.00
2015.08.31 09:06:39.137,1.12096,1.12098,1.00,1.00
2015.08.31 09:06:40.549,1.12095,1.12097,1.50,1.00
2015.08.31 09:06:44.527,1.12097,1.12099,1.00,2.25
2015.08.31 09:06:45.034,1.12097,1.12098,1.00,2.25
2015.08.31 09:06:46.536,1.12097,1.12098,1.00,1.00
2015.08.31 09:06:47.046,1.12096,1.12098,1.00,1.00
2015.08.31 09:06:54.360,1.12096,1.12098,1.00,1.20
2015.08.31 09:06:55.560,1.12096,1.12098,1.00,2.25
2015.08.31 09:06:55.864,1.12088,1.1209,1.50,1.50
2015.08.31 09:06:56.240,1.12085,1.12087,3.00,1.00
2015.08.31 09:06:57.201,1.12086,1.12087,1.00,1.00
2015.08.31 09:06:57.303,1.12086,1.12089,1.00,1.50
2015.08.31 09:06:57.405,1.12086,1.12087,1.50,1.77
2015.08.31 09:06:57.703,1.12084,1.12087,1.37,2.00
2015.08.31 09:06:58.360,1.12085,1.12087,1.37,1.00
2015.08.31 09:06:58.411,1.12085,1.12089,1.37,2.25
2015.08.31 09:06:58.956,1.12086,1.12087,1.00,1.00
2015.08.31 09:06:59.564,1.12086,1.12087,1.00,1.00
2015.08.31 09:07:00.510,1.12086,1.12088,1.00,1.00
2015.08.31 09:07:01.028,1.12085,1.12088,1.00,1.00
2015.08.31 09:07:01.507,1.12084,1.12085,1.50,1.00
2015.08.31 09:07:02.038,1.12083,1.12085,1.37,1.00
2015.08.31 09:07:02.343,1.12081,1.12082,1.00,2.25
2015.08.31 09:07:02.446,1.12076,1.12078,1.50,2.25
2015.08.31 09:07:02.497,1.12075,1.12078,1.10,1.50
2015.08.31 09:07:02.548,1.12077,1.12078,1.00,1.00
2015.08.31 09:07:03.244,1.12075,1.12078,1.37,1.00
2015.08.31 09:07:03.615,1.12075,1.12077,1.12,1.82
2015.08.31 09:07:03.767,1.12073,1.12076,1.00,2.05
2015.08.31 09:07:03.870,1.12071,1.12075,3.37,1.00
2015.08.31 09:07:03.921,1.12071,1.12073,2.25,1.00
2015.08.31 09:07:04.176,1.12069,1.12072,1.87,1.00
2015.08.31 09:07:04.490,1.12071,1.12075,1.00,1.00
2015.08.31 09:07:05.148,1.12072,1.12075,1.37,1.00
2015.08.31 09:07:06.005,1.12072,1.12076,1.37,1.50
2015.08.31 09:07:06.984,1.12072,1.12077,1.87,4.30
2015.08.31 09:07:08.441,1.12072,1.12076,1.37,1.00
2015.08.31 09:07:08.746,1.12075,1.12077,1.00,3.55
2015.08.31 09:07:09.318,1.12074,1.12076,1.00,1.00
2015.08.31 09:07:09.825,1.12075,1.12077,1.00,1.30
2015.08.31 09:07:10.130,1.12071,1.12072,1.00,1.50
2015.08.31 09:07:10.283,1.12072,1.12074,1.00,2.25
2015.08.31 09:07:10.610,1.12069,1.12071,1.12,1.00
2015.08.31 09:07:10.713,1.1207,1.12073,1.12,1.50
2015.08.31 09:07:10.966,1.12069,1.1207,1.00,1.00
2015.08.31 09:07:11.474,1.12068,1.1207,1.00,1.00
2015.08.31 09:07:12.050,1.12068,1.12071,1.00,1.00
2015.08.31 09:07:12.557,1.12068,1.1207,1.00,1.00
2015.08.31 09:07:13.669,1.12068,1.12071,1.00,3.00
2015.08.31 09:07:14.174,1.12069,1.1207,1.00,1.50
2015.08.31 09:07:14.377,1.12067,1.12069,2.25,2.85
2015.08.31 09:07:14.754,1.12069,1.12071,1.00,3.00
2015.08.31 09:07:15.259,1.1207,1.12071,1.00,1.50
2015.08.31 09:07:16.861,1.1207,1.12072,1.00,1.50
2015.08.31 09:07:17.267,1.1207,1.12071,1.00,1.00
2015.08.31 09:07:17.520,1.12071,1.12073,1.00,1.00
2015.08.31 09:07:17.834,1.12073,1.12075,1.00,1.00
2015.08.31 09:07:17.935,1.12073,1.12077,1.50,2.80
2015.08.31 09:07:18.290,1.12075,1.12077,1.00,1.97
2015.08.31 09:07:18.797,1.12076,1.12077,1.00,1.23
2015.08.31 09:07:19.130,1.12072,1.12074,2.62,1.00
2015.08.31 09:07:19.434,1.12072,1.12073,1.00,1.00
2015.08.31 09:07:19.739,1.12045,1.12047,1.00,2.25
2015.08.31 09:07:19.790,1.12045,1.12047,1.00,1.50
2015.08.31 09:07:20.070,1.12044,1.12046,1.00,1.00
2015.08.31 09:07:20.584,1.12045,1.12047,1.00,3.07
2015.08.31 09:07:21.040,1.12044,1.12048,1.00,5.32
2015.08.31 09:07:21.322,1.12043,1.12045,1.00,1.72
2015.08.31 09:07:21.830,1.12043,1.12045,1.00,1.22
2015.08.31 09:07:22.387,1.12044,1.12046,1.00,2.50
2015.08.31 09:07:22.689,1.12047,1.12049,4.12,1.00
2015.08.31 09:07:22.743,1.1205,1.12051,1.00,1.00
2015.08.31 09:07:23.253,1.12049,1.12051,1.00,1.00
2015.08.31 09:07:23.355,1.12047,1.12051,3.00,2.32
2015.08.31 09:07:23.507,1.12046,1.12048,1.50,3.00
2015.08.31 09:07:23.988,1.12033,1.12035,6.75,2.25
2015.08.31 09:07:24.144,1.12033,1.12034,1.00,1.00
2015.08.31 09:07:24.195,1.12033,1.12037,1.00,3.00
2015.08.31 09:07:24.550,1.12035,1.12038,1.00,1.48
2015.08.31 09:07:25.015,1.12038,1.12041,1.12,2.25
2015.08.31 09:07:25.373,1.1204,1.12041,1.12,1.00
2015.08.31 09:07:25.476,1.12043,1.12044,1.12,2.25
2015.08.31 09:07:25.527,1.12044,1.12047,1.00,1.10
2015.08.31 09:07:27.084,1.12044,1.12048,2.25,3.75
2015.08.31 09:07:27.681,1.12045,1.12048,1.00,2.25
2015.08.31 09:07:28.694,1.12045,1.12048,1.37,3.00
2015.08.31 09:07:29.537,1.12047,1.12049,1.37,1.57
2015.08.31 09:07:30.043,1.12047,1.1205,1.87,1.57
2015.08.31 09:07:31.185,1.12047,1.12049,1.87,1.00
2015.08.31 09:07:31.979,1.12047,1.1205,1.87,1.57
2015.08.31 09:07:32.486,1.12047,1.12049,1.87,1.00
2015.08.31 09:07:33.304,1.12047,1.1205,1.50,1.55
2015.08.31 09:07:33.840,1.12048,1.1205,1.00,1.27
2015.08.31 09:07:36.403,1.12047,1.1205,1.50,1.10
2015.08.31 09:07:37.213,1.12048,1.1205,1.00,1.10
2015.08.31 09:07:37.720,1.12047,1.1205,1.50,1.10
2015.08.31 09:07:38.413,1.12047,1.12049,1.50,1.00
2015.08.31 09:07:38.717,1.12036,1.12037,1.50,1.00
2015.08.31 09:07:38.768,1.12034,1.12037,2.25,1.00
2015.08.31 09:07:39.249,1.12033,1.12035,1.00,1.00
2015.08.31 09:07:39.604,1.12033,1.12038,1.87,5.25
2015.08.31 09:07:40.111,1.12033,1.12037,1.50,1.00
2015.08.31 09:07:41.062,1.12034,1.12038,1.00,3.00
2015.08.31 09:07:41.701,1.12033,1.12035,4.87,1.50
2015.08.31 09:07:42.209,1.12033,1.12034,1.00,1.50
2015.08.31 09:07:42.855,1.12032,1.12034,1.00,1.50
2015.08.31 09:07:43.320,1.12033,1.12036,2.62,1.00
2015.08.31 09:07:44.538,1.12034,1.12036,1.37,1.00
2015.08.31 09:07:44.589,1.12034,1.12038,1.37,3.00
2015.08.31 09:07:45.704,1.12036,1.12038,1.00,3.75
2015.08.31 09:07:46.211,1.12036,1.12039,3.75,1.50
2015.08.31 09:07:46.724,1.12036,1.12039,3.00,1.00
2015.08.31 09:07:47.327,1.12034,1.12036,2.25,2.25
2015.08.31 09:07:47.732,1.12032,1.12034,2.62,1.00
2015.08.31 09:07:47.834,1.12032,1.12036,2.62,1.00
2015.08.31 09:07:48.344,1.12033,1.12037,1.00,2.25
2015.08.31 09:07:48.946,1.12033,1.12036,1.12,1.00
2015.08.31 09:07:49.705,1.12033,1.12035,1.87,1.00
2015.08.31 09:07:50.223,1.12032,1.12035,1.87,1.00
2015.08.31 09:07:50.728,1.12034,1.12036,1.00,1.00
2015.08.31 09:07:50.931,1.12034,1.12038,2.62,1.57
2015.08.31 09:07:54.856,1.12035,1.12038,1.37,3.00
2015.08.31 09:07:55.161,1.12039,1.12041,1.87,2.25
2015.08.31 09:07:56.345,1.1204,1.12041,1.12,1.00
2015.08.31 09:07:56.859,1.12041,1.12042,1.00,1.10
2015.08.31 09:07:57.391,1.1204,1.12042,2.25,1.00
2015.08.31 09:07:57.949,1.1204,1.12041,1.50,1.00
2015.08.31 09:07:58.537,1.12039,1.1204,2.25,1.00
2015.08.31 09:08:02.071,1.12039,1.12041,2.25,3.07
2015.08.31 09:08:02.801,1.12037,1.1204,2.62,5.70
2015.08.31 09:08:02.852,1.12037,1.1204,4.12,4.87
2015.08.31 09:08:03.459,1.12039,1.1204,1.00,1.00
2015.08.31 09:08:04.385,1.12039,1.12041,1.00,3.69
2015.08.31 09:08:04.892,1.12038,1.12041,1.00,2.25
2015.08.31 09:08:06.458,1.12038,1.12041,1.00,2.55
2015.08.31 09:08:06.979,1.12038,1.12041,1.00,2.25
2015.08.31 09:08:10.539,1.12038,1.1204,1.00,1.00
2015.08.31 09:08:12.489,1.12038,1.12041,1.00,3.00
2015.08.31 09:08:12.996,1.12039,1.12041,1.50,1.00
2015.08.31 09:08:13.744,1.12038,1.12042,1.87,2.25
2015.08.31 09:08:14.254,1.12039,1.12041,1.00,1.00
2015.08.31 09:08:16.627,1.12039,1.12042,1.00,2.25
2015.08.31 09:08:16.678,1.12041,1.12042,1.12,1.00
2015.08.31 09:08:17.016,1.12047,1.12048,1.12,1.00
2015.08.31 09:08:17.118,1.12047,1.12049,1.12,1.00
2015.08.31 09:08:17.675,1.12047,1.1205,1.12,1.00
2015.08.31 09:08:18.315,1.12048,1.1205,1.00,1.00
2015.08.31 09:08:19.421,1.12048,1.12049,1.00,1.00
2015.08.31 09:08:21.326,1.12046,1.12048,1.12,1.00
2015.08.31 09:08:21.618,1.1204,1.12042,1.00,2.25
2015.08.31 09:08:21.923,1.12043,1.12044,1.50,2.25
2015.08.31 09:08:22.024,1.12045,1.12046,1.87,1.00
2015.08.31 09:08:22.126,1.12045,1.12049,1.87,1.00
2015.08.31 09:08:22.707,1.12045,1.1205,7.12,1.10
2015.08.31 09:08:23.213,1.12045,1.1205,7.12,1.10
2015.08.31 09:08:23.264,1.12045,1.12047,4.87,1.00
2015.08.31 09:08:23.416,1.12043,1.12045,2.25,1.50
2015.08.31 09:08:23.518,1.12042,1.12043,1.00,1.00
2015.08.31 09:08:23.953,1.1204,1.12043,6.37,1.00
2015.08.31 09:08:24.311,1.12041,1.12045,1.12,2.32
2015.08.31 09:08:24.817,1.12041,1.12044,1.50,1.00
2015.08.31 09:08:25.403,1.1204,1.12044,5.62,3.00
2015.08.31 09:08:25.910,1.12041,1.12043,1.37,1.00
2015.08.31 09:08:26.451,1.12041,1.12043,1.12,1.00
2015.08.31 09:08:26.962,1.12041,1.12044,1.87,3.75
2015.08.31 09:08:27.373,1.12041,1.12042,1.87,3.75
2015.08.31 09:08:27.526,1.1204,1.12042,3.00,3.00
2015.08.31 09:08:28.206,1.1204,1.12043,3.00,2.25
2015.08.31 09:08:28.913,1.1204,1.12043,3.37,1.50
2015.08.31 09:08:30.041,1.1204,1.12043,3.37,1.50
2015.08.31 09:08:33.101,1.12041,1.12044,3.00,3.37
2015.08.31 09:08:33.203,1.12041,1.12045,4.87,3.00
2015.08.31 09:08:33.711,1.12042,1.12044,1.12,1.00
2015.08.31 09:08:34.217,1.12042,1.12045,1.87,3.37
2015.08.31 09:08:35.614,1.12041,1.12044,2.62,1.00
2015.08.31 09:08:36.139,1.12041,1.12043,2.62,1.00
2015.08.31 09:08:36.645,1.12041,1.12044,2.62,1.00
2015.08.31 09:08:38.746,1.12042,1.12044,1.00,1.00
2015.08.31 09:08:39.302,1.12042,1.12043,1.50,1.00
2015.08.31 09:08:39.832,1.12041,1.12044,4.12,1.00
2015.08.31 09:08:40.354,1.12041,1.12045,2.62,5.25
2015.08.31 09:08:40.901,1.12041,1.12044,4.12,1.00
2015.08.31 09:08:41.664,1.12042,1.12044,1.00,1.00
2015.08.31 09:08:42.169,1.12043,1.12044,1.00,1.00
2015.08.31 09:08:43.310,1.12043,1.12045,1.00,5.25
2015.08.31 09:08:43.853,1.12043,1.12044,1.00,1.00
2015.08.31 09:08:45.546,1.12043,1.12045,1.00,5.25
2015.08.31 09:08:46.001,1.12044,1.12045,1.12,2.25
2015.08.31 09:08:46.052,1.12044,1.12047,1.87,4.57
2015.08.31 09:08:46.103,1.12047,1.12049,1.71,10.12
2015.08.31 09:08:46.255,1.12048,1.1205,3.00,1.00
2015.08.31 09:08:46.306,1.12051,1.12052,2.25,5.25
2015.08.31 09:08:46.993,1.1205,1.12052,1.00,3.75
2015.08.31 09:08:47.297,1.12049,1.1205,1.12,1.00
2015.08.31 09:08:47.348,1.12049,1.1205,1.87,1.00
2015.08.31 09:08:47.399,1.12049,1.1205,1.87,1.50
2015.08.31 09:08:47.450,1.12049,1.1205,1.12,1.50
2015.08.31 09:08:47.502,1.12049,1.1205,1.12,1.00
2015.08.31 09:08:47.806,1.12049,1.1205,1.12,1.00
2015.08.31 09:08:48.573,1.1205,1.12052,1.00,4.50
2015.08.31 09:08:48.674,1.12049,1.1205,1.00,1.00
2015.08.31 09:08:49.383,1.12049,1.12051,1.00,1.00
2015.08.31 09:08:49.892,1.12049,1.12051,1.87,1.00
2015.08.31 09:08:51.303,1.12049,1.12051,2.62,1.00
2015.08.31 09:08:51.905,1.12049,1.12051,2.62,1.00
2015.08.31 09:08:54.708,1.12047,1.12048,6.75,3.00
2015.08.31 09:08:54.911,1.12047,1.12049,1.00,3.72
2015.08.31 09:08:55.218,1.12046,1.1205,1.87,6.75
2015.08.31 09:08:55.908,1.12048,1.1205,1.87,1.50
2015.08.31 09:08:56.424,1.12048,1.1205,2.62,1.00
2015.08.31 09:08:57.565,1.12048,1.12051,3.37,3.00
2015.08.31 09:08:58.075,1.12048,1.1205,3.37,1.00
2015.08.31 09:08:58.885,1.12048,1.12051,1.87,2.25
2015.08.31 09:08:59.469,1.12047,1.1205,1.87,3.75
2015.08.31 09:09:00.035,1.12047,1.1205,1.00,3.75
2015.08.31 09:09:01.804,1.12046,1.1205,2.62,2.25
2015.08.31 09:09:02.309,1.12047,1.1205,1.12,3.00
2015.08.31 09:09:03.222,1.12048,1.1205,1.00,3.00
2015.08.31 09:09:03.803,1.12047,1.1205,1.12,3.00
2015.08.31 09:09:04.308,1.12048,1.1205,1.00,1.00
2015.08.31 09:09:04.986,1.12047,1.1205,1.87,1.00
2015.08.31 09:09:05.500,1.12048,1.12051,1.00,1.00
2015.08.31 09:09:06.203,1.12047,1.12051,1.87,1.00
2015.08.31 09:09:06.723,1.12048,1.12051,1.00,1.00
2015.08.31 09:09:07.820,1.12047,1.12051,3.37,1.00
2015.08.31 09:09:08.616,1.12048,1.12051,1.00,1.00
2015.08.31 09:09:09.329,1.12047,1.12051,4.12,1.00
2015.08.31 09:09:10.265,1.12049,1.12051,1.12,1.00
2015.08.31 09:09:10.905,1.12049,1.12052,2.62,3.00
2015.08.31 09:09:16.683,1.12049,1.12052,1.87,3.75
2015.08.31 09:09:19.129,1.12049,1.12052,1.87,3.75
2015.08.31 09:09:19.434,1.12053,1.12055,1.12,1.50
2015.08.31 09:09:19.738,1.12056,1.12057,1.50,1.50
2015.08.31 09:09:19.789,1.12056,1.12059,1.87,2.25
2015.08.31 09:09:19.992,1.1206,1.12061,1.00,2.25
2015.08.31 09:09:20.297,1.12068,1.12069,1.00,3.07
2015.08.31 09:09:20.348,1.12068,1.12069,1.50,2.32
2015.08.31 09:09:20.450,1.12068,1.1207,4.12,1.00
2015.08.31 09:09:20.956,1.12068,1.12071,2.62,2.25
2015.08.31 09:09:22.046,1.12068,1.1207,2.62,1.00
2015.08.31 09:09:22.299,1.12067,1.12068,1.00,1.50
2015.08.31 09:09:22.401,1.12068,1.1207,2.25,6.75
2015.08.31 09:09:22.918,1.12068,1.1207,4.12,1.50
2015.08.31 09:09:23.427,1.12068,1.12069,1.87,1.00
2015.08.31 09:09:24.159,1.12067,1.12069,1.00,1.50
2015.08.31 09:09:24.317,1.1206,1.12062,31.27,1.00
2015.08.31 09:09:24.368,1.12063,1.12065,1.50,4.50
2015.08.31 09:09:24.471,1.12056,1.12058,13.57,1.00
2015.08.31 09:09:24.522,1.12056,1.12057,5.32,1.00
2015.08.31 09:09:24.675,1.12054,1.12056,1.12,1.50
2015.08.31 09:09:24.979,1.12052,1.12055,1.87,1.10
2015.08.31 09:09:25.521,1.12051,1.12055,2.62,1.00
2015.08.31 09:09:25.623,1.12051,1.12055,1.12,2.25
2015.08.31 09:09:25.674,1.12051,1.12053,1.12,1.00
2015.08.31 09:09:26.182,1.12052,1.12055,1.12,1.00
2015.08.31 09:09:26.886,1.12051,1.12053,3.00,1.00
2015.08.31 09:09:27.038,1.12049,1.12052,1.00,1.00
2015.08.31 09:09:27.090,1.12049,1.12051,1.50,1.00
2015.08.31 09:09:28.698,1.12048,1.12051,4.12,1.50
2015.08.31 09:09:29.001,1.12048,1.12051,4.12,1.50
2015.08.31 09:09:29.568,1.12048,1.12051,4.12,1.50
2015.08.31 09:09:30.131,1.12048,1.12052,3.37,1.00
2015.08.31 09:09:31.472,1.12048,1.12052,3.37,1.00
2015.08.31 09:09:32.040,1.12048,1.12053,3.37,4.50
2015.08.31 09:09:32.438,1.1205,1.12052,3.00,1.00
2015.08.31 09:09:32.642,1.12054,1.12057,1.00,3.75
2015.08.31 09:09:32.692,1.12054,1.12056,1.50,1.00
2015.08.31 09:09:32.996,1.12055,1.12058,1.37,1.00
2015.08.31 09:09:33.356,1.12056,1.12059,4.87,1.00
2015.08.31 09:09:34.378,1.12058,1.1206,1.00,1.00
2015.08.31 09:09:34.889,1.12058,1.1206,3.37,1.00
2015.08.31 09:09:35.397,1.12058,1.1206,3.37,1.00
2015.08.31 09:09:37.158,1.12059,1.12061,1.50,1.00
2015.08.31 09:09:37.209,1.12059,1.12062,1.87,1.00
2015.08.31 09:09:37.412,1.12061,1.12063,1.12,1.00
2015.08.31 09:09:38.290,1.12061,1.12063,1.12,1.00
2015.08.31 09:09:38.976,1.12061,1.12063,1.12,1.00
2015.08.31 09:09:40.181,1.1206,1.12064,4.87,1.00
2015.08.31 09:09:40.434,1.12061,1.12062,1.00,1.00
2015.08.31 09:09:40.739,1.12061,1.12062,1.12,1.50
2015.08.31 09:09:41.946,1.12059,1.12061,3.37,1.50
2015.08.31 09:09:42.098,1.12058,1.1206,4.12,1.00
2015.08.31 09:09:42.605,1.12058,1.1206,3.00,1.00
2015.08.31 09:09:45.003,1.12058,1.12061,3.00,1.50
2015.08.31 09:09:46.912,1.12058,1.12062,1.50,3.00
2015.08.31 09:09:47.886,1.12058,1.12061,2.25,1.50
2015.08.31 09:09:48.457,1.12058,1.12062,1.50,3.75
2015.08.31 09:09:49.015,1.12058,1.12061,2.25,1.50
2015.08.31 09:09:49.518,1.12058,1.12062,1.50,3.75
2015.08.31 09:09:50.069,1.12058,1.12061,2.25,2.25
2015.08.31 09:09:50.877,1.12058,1.1206,2.25,1.00
2015.08.31 09:09:52.672,1.12058,1.12061,2.25,3.00
2015.08.31 09:09:53.030,1.12057,1.12059,2.25,2.40
2015.08.31 09:09:53.498,1.12054,1.12056,3.75,1.00
2015.08.31 09:09:55.169,1.12054,1.12056,1.50,1.00
2015.08.31 09:09:56.742,1.12054,1.12057,1.50,3.00
2015.08.31 09:09:59.105,1.12053,1.12055,3.75,1.00
2015.08.31 09:10:01.040,1.12053,1.12056,2.25,1.00
2015.08.31 09:10:01.650,1.12052,1.12055,6.00,1.00
2015.08.31 09:10:02.076,1.12053,1.12054,1.12,1.00
2015.08.31 09:10:02.422,1.12049,1.12051,2.62,1.00
2015.08.31 09:10:02.473,1.12049,1.1205,1.00,1.00
2015.08.31 09:10:03.156,1.12049,1.1205,1.00,1.00
2015.08.31 09:10:04.377,1.12048,1.12049,1.00,1.50
2015.08.31 09:10:04.530,1.12045,1.12048,4.87,1.00
2015.08.31 09:10:05.052,1.12046,1.12048,1.00,1.00
2015.08.31 09:10:05.981,1.12045,1.12047,4.12,1.00
2015.08.31 09:10:06.032,1.12045,1.12046,2.62,1.50
2015.08.31 09:10:06.373,1.12036,1.12037,1.87,1.00
2015.08.31 09:10:06.425,1.12034,1.12036,2.25,1.00
2015.08.31 09:10:07.035,1.12034,1.12036,1.00,1.00
2015.08.31 09:10:07.577,1.12034,1.12036,1.50,1.50
2015.08.31 09:10:08.643,1.12034,1.12036,1.50,1.00
2015.08.31 09:10:09.420,1.12032,1.12034,5.25,1.00
2015.08.31 09:10:09.747,1.12032,1.12034,4.50,1.00
2015.08.31 09:10:09.949,1.12028,1.1203,2.25,1.00
2015.08.31 09:10:10.436,1.12026,1.12028,4.87,2.25
2015.08.31 09:10:10.538,1.12024,1.12026,2.25,1.00
2015.08.31 09:10:11.841,1.12026,1.12027,1.00,2.25
2015.08.31 09:10:12.659,1.12028,1.12029,1.00,1.00
2015.08.31 09:10:13.183,1.12028,1.1203,1.00,1.00
2015.08.31 09:10:13.284,1.1203,1.12031,2.25,3.00
2015.08.31 09:10:13.335,1.1203,1.12031,3.00,2.25
2015.08.31 09:10:13.488,1.12034,1.12035,3.75,1.50
2015.08.31 09:10:13.793,1.12036,1.12038,1.00,1.00
2015.08.31 09:10:13.844,1.12037,1.12038,1.00,1.00
2015.08.31 09:10:14.364,1.12038,1.12039,1.00,1.00
2015.08.31 09:10:15.223,1.12038,1.1204,1.37,1.00
2015.08.31 09:10:15.747,1.12038,1.1204,1.37,1.50
2015.08.31 09:10:15.798,1.12038,1.12039,1.00,1.50
2015.08.31 09:10:15.849,1.12034,1.12035,3.07,6.00
2015.08.31 09:10:15.901,1.12031,1.12035,10.87,10.50
2015.08.31 09:10:16.205,1.12031,1.12033,1.00,3.00
2015.08.31 09:10:16.256,1.12032,1.12033,1.00,2.25
2015.08.31 09:10:16.358,1.12031,1.12033,3.00,1.00
2015.08.31 09:10:18.407,1.12032,1.12035,2.25,1.00
2015.08.31 09:10:18.933,1.12034,1.12036,1.50,1.00
2015.08.31 09:10:19.441,1.12037,1.12038,1.50,4.27
2015.08.31 09:10:19.594,1.12038,1.12039,1.50,1.00
2015.08.31 09:10:19.969,1.12042,1.12043,1.00,2.25
2015.08.31 09:10:20.021,1.12041,1.12042,1.12,1.50
2015.08.31 09:10:20.174,1.12039,1.12041,1.50,1.00
2015.08.31 09:10:20.690,1.12039,1.12041,1.50,1.00
2015.08.31 09:10:22.743,1.12039,1.12041,2.25,1.00
2015.08.31 09:10:23.303,1.12038,1.1204,3.37,1.00
2015.08.31 09:10:23.455,1.12041,1.12043,1.00,2.50
2015.08.31 09:10:23.760,1.1204,1.12042,1.00,1.50
2015.08.31 09:10:24.300,1.12038,1.12041,3.37,1.00
2015.08.31 09:10:26.764,1.12038,1.12041,3.37,1.00
2015.08.31 09:10:28.195,1.12039,1.12043,1.87,1.50
2015.08.31 09:10:28.246,1.12039,1.12041,2.25,1.00
2015.08.31 09:10:28.550,1.1204,1.12042,1.00,1.00
2015.08.31 09:10:28.602,1.1204,1.12041,1.00,1.00
2015.08.31 09:10:29.026,1.12039,1.12041,2.25,1.00
2015.08.31 09:10:29.686,1.12039,1.12041,1.50,1.00
2015.08.31 09:10:30.098,1.12039,1.12041,1.50,1.00
2015.08.31 09:10:30.250,1.1204,1.12043,3.37,1.00
2015.08.31 09:10:30.564,1.12038,1.12041,1.87,1.00
2015.08.31 09:10:30.870,1.12035,1.12037,4.50,1.00
2015.08.31 09:10:31.377,1.12034,1.12036,1.00,1.00
2015.08.31 09:10:34.931,1.12034,1.12038,1.50,3.37
2015.08.31 09:10:39.958,1.12033,1.12035,1.50,1.00
2015.08.31 09:10:40.009,1.12032,1.12034,1.50,1.00
2015.08.31 09:10:41.674,1.12032,1.12034,1.00,1.00
2015.08.31 09:10:42.188,1.12032,1.12034,1.00,1.00
2015.08.31 09:10:42.693,1.12031,1.12033,3.75,1.00
2015.08.31 09:10:49.965,1.12034,1.12035,1.00,1.00
2015.08.31 09:10:50.117,1.12035,1.12036,6.00,1.50
2015.08.31 09:10:50.219,1.12036,1.12038,1.50,1.00
2015.08.31 09:10:50.371,1.12039,1.1204,1.00,1.00
2015.08.31 09:10:50.899,1.12039,1.12042,7.50,1.00
2015.08.31 09:10:51.770,1.1204,1.12042,2.62,1.00
2015.08.31 09:10:52.251,1.12042,1.12044,1.87,1.00
2015.08.31 09:10:52.758,1.12042,1.12045,1.87,1.00
2015.08.31 09:10:53.268,1.12042,1.12044,1.00,1.00
2015.08.31 09:10:54.744,1.12043,1.12045,1.00,1.00
2015.08.31 09:10:54.846,1.12045,1.12047,3.37,4.50
2015.08.31 09:10:54.947,1.12047,1.12048,1.87,1.00
2015.08.31 09:10:55.352,1.12046,1.12048,4.87,1.00
2015.08.31 09:10:55.505,1.12046,1.12049,1.12,1.00
2015.08.31 09:10:56.314,1.12046,1.12049,1.12,1.00
2015.08.31 09:10:58.188,1.12046,1.12048,1.50,1.00
2015.08.31 09:10:58.740,1.12044,1.12046,1.95,1.00
2015.08.31 09:10:59.242,1.12044,1.12046,1.50,1.00
2015.08.31 09:11:02.349,1.12045,1.12047,1.00,1.00
2015.08.31 09:11:02.866,1.12045,1.12046,1.00,1.00
2015.08.31 09:11:03.401,1.12044,1.12046,1.50,1.00
2015.08.31 09:11:03.907,1.12045,1.12047,1.50,1.00
2015.08.31 09:11:05.116,1.12043,1.12045,4.87,1.00
2015.08.31 09:11:05.625,1.12043,1.12045,1.50,1.00
2015.08.31 09:11:08.501,1.12042,1.12045,5.62,1.00
2015.08.31 09:11:12.192,1.12043,1.12045,4.12,1.00
2015.08.31 09:11:12.445,1.12044,1.12049,2.62,1.50
2015.08.31 09:11:13.375,1.12044,1.12047,2.62,1.00
2015.08.31 09:11:14.562,1.12044,1.12048,1.12,1.50
2015.08.31 09:11:15.100,1.12044,1.12047,1.87,1.00
2015.08.31 09:11:15.640,1.12044,1.12048,1.12,1.50
2015.08.31 09:11:16.196,1.12044,1.12047,1.87,1.00
2015.08.31 09:11:16.993,1.12044,1.12047,1.87,1.00
2015.08.31 09:11:17.997,1.12044,1.12047,1.12,1.00
2015.08.31 09:11:18.505,1.12043,1.12048,1.12,2.62
2015.08.31 09:11:18.885,1.12043,1.12046,1.87,1.00
2015.08.31 09:11:21.181,1.12043,1.12047,1.50,1.00
2015.08.31 09:11:22.671,1.12042,1.12046,2.25,1.00
2015.08.31 09:11:22.722,1.12042,1.12044,1.87,1.00
2015.08.31 09:11:23.232,1.12041,1.12043,1.37,1.00
2015.08.31 09:11:23.733,1.12041,1.12044,1.37,1.00
2015.08.31 09:11:24.242,1.12041,1.12043,1.37,1.00
2015.08.31 09:11:24.887,1.12041,1.12043,1.37,1.00
2015.08.31 09:11:25.535,1.12041,1.12044,2.62,1.00
2015.08.31 09:11:25.687,1.12041,1.12043,3.00,1.00
2015.08.31 09:11:26.279,1.12043,1.12045,1.00,1.00
2015.08.31 09:11:28.001,1.12039,1.1204,1.00,1.00
2015.08.31 09:11:28.509,1.12039,1.1204,1.00,1.00
2015.08.31 09:11:30.969,1.12039,1.12041,1.00,1.00
2015.08.31 09:11:31.417,1.12039,1.12043,1.00,2.25
2015.08.31 09:11:31.519,1.12038,1.12041,1.50,3.15
2015.08.31 09:11:31.570,1.12037,1.12041,1.87,5.10
2015.08.31 09:11:31.723,1.12036,1.12037,1.00,1.00
2015.08.31 09:11:31.876,1.12034,1.12037,1.57,1.00
2015.08.31 09:11:32.580,1.12033,1.12036,1.12,1.00
2015.08.31 09:11:33.095,1.12033,1.12036,1.00,1.00
2015.08.31 09:11:34.415,1.12032,1.12035,2.62,1.00
2015.08.31 09:11:34.587,1.12032,1.12034,2.62,1.00
2015.08.31 09:11:35.246,1.12031,1.12034,6.81,1.00
2015.08.31 09:11:36.974,1.12032,1.12034,2.62,1.00
2015.08.31 09:11:38.522,1.12032,1.12034,2.25,1.00
2015.08.31 09:11:38.725,1.12028,1.12029,1.00,1.00
2015.08.31 09:11:38.979,1.12026,1.12028,2.62,1.00
2015.08.31 09:11:39.340,1.12026,1.12029,1.37,1.00
2015.08.31 09:11:39.848,1.12026,1.12028,1.12,1.00
2015.08.31 09:11:40.001,1.12024,1.12027,1.87,1.00
2015.08.31 09:11:41.852,1.12025,1.12027,2.25,1.00
2015.08.31 09:11:46.007,1.12023,1.12025,4.12,1.00
2015.08.31 09:11:46.917,1.12023,1.12025,2.25,1.00
2015.08.31 09:11:49.261,1.12027,1.12028,4.50,4.50
2015.08.31 09:11:49.312,1.12027,1.12029,6.25,9.00
2015.08.31 09:11:49.666,1.12027,1.12029,1.12,1.00
2015.08.31 09:11:50.058,1.12026,1.12028,1.12,1.00
2015.08.31 09:11:51.597,1.12027,1.1203,3.00,1.50
2015.08.31 09:11:51.648,1.12031,1.12032,1.00,1.50
2015.08.31 09:11:51.901,1.12033,1.12034,1.00,1.00
2015.08.31 09:11:52.459,1.12032,1.12034,1.00,1.00
2015.08.31 09:11:53.690,1.12029,1.12031,8.62,3.00
2015.08.31 09:11:54.094,1.12014,1.12015,1.00,3.75
2015.08.31 09:11:54.155,1.12012,1.12013,1.00,1.00
2015.08.31 09:11:54.307,1.12009,1.12012,1.12,1.00
2015.08.31 09:11:54.814,1.1201,1.12012,1.00,1.00
2015.08.31 09:11:55.334,1.1201,1.12012,1.00,1.00
2015.08.31 09:11:55.692,1.1201,1.12014,1.00,1.00
2015.08.31 09:11:56.198,1.1201,1.12013,1.00,1.00
2015.08.31 09:11:57.455,1.1201,1.12012,1.00,1.00
2015.08.31 09:11:57.658,1.12007,1.12008,3.00,1.00
2015.08.31 09:11:57.972,1.12003,1.12005,14.25,5.62
2015.08.31 09:11:58.075,1.11998,1.12,1.50,2.25
2015.08.31 09:11:58.127,1.11998,1.11999,1.00,2.25
2015.08.31 09:11:58.229,1.11999,1.12001,1.12,1.50
2015.08.31 09:11:58.535,1.12001,1.12004,1.12,1.12
2015.08.31 09:11:58.636,1.12001,1.12005,2.87,1.12
2015.08.31 09:11:58.919,1.12002,1.12006,1.12,1.00
2015.08.31 09:11:59.374,1.12003,1.12009,1.87,3.82
2015.08.31 09:11:59.679,1.12003,1.12006,1.50,1.00
2015.08.31 09:12:00.188,1.12003,1.12007,1.00,2.32
2015.08.31 09:12:00.545,1.12002,1.12004,1.00,1.50
2015.08.31 09:12:00.851,1.11995,1.11999,1.50,4.50
2015.08.31 09:12:01.130,1.11992,1.11994,1.50,6.97
2015.08.31 09:12:01.233,1.11992,1.11993,8.25,1.00
2015.08.31 09:12:01.537,1.11986,1.11987,1.00,1.00
2015.08.31 09:12:01.638,1.11987,1.11989,10.12,1.00
2015.08.31 09:12:02.012,1.11992,1.11993,2.25,1.50
2015.08.31 09:12:02.367,1.11994,1.11995,1.50,5.25
2015.08.31 09:12:02.469,1.11995,1.11996,3.37,1.00
2015.08.31 09:12:02.571,1.11996,1.11998,3.00,4.50
2015.08.31 09:12:02.622,1.11993,1.11995,3.75,1.00
2015.08.31 09:12:02.673,1.11995,1.11996,1.12,1.50
2015.08.31 09:12:02.978,1.11999,1.12001,6.37,1.00
2015.08.31 09:12:03.282,1.12003,1.12004,2.25,1.00
2015.08.31 09:12:03.588,1.12003,1.12005,1.50,1.50
2015.08.31 09:12:04.077,1.12002,1.12004,1.50,1.50
2015.08.31 09:12:05.089,1.12004,1.12005,1.00,1.95
2015.08.31 09:12:05.340,1.12008,1.12009,1.00,2.25
2015.08.31 09:12:05.393,1.1201,1.12011,1.00,1.50
2015.08.31 09:12:05.898,1.12009,1.12011,1.87,1.50
2015.08.31 09:12:06.253,1.12008,1.1201,4.12,1.00
2015.08.31 09:12:06.598,1.12007,1.12009,2.25,3.37
2015.08.31 09:12:06.649,1.12004,1.12005,1.00,2.25
2015.08.31 09:12:07.206,1.12005,1.12006,1.00,2.25
2015.08.31 09:12:07.712,1.12004,1.12005,1.50,3.00
2015.08.31 09:12:08.227,1.12004,1.12006,2.50,3.00
2015.08.31 09:12:08.733,1.12004,1.12005,1.50,1.00
2015.08.31 09:12:09.273,1.12005,1.12006,1.00,1.50
2015.08.31 09:12:09.798,1.12004,1.12006,1.00,1.50
2015.08.31 09:12:11.441,1.12005,1.12007,1.00,2.25
2015.08.31 09:12:11.695,1.1201,1.12012,1.87,1.00
2015.08.31 09:12:11.847,1.12012,1.12014,1.00,1.50
2015.08.31 09:12:12.159,1.12015,1.12016,1.00,1.00
2015.08.31 09:12:12.211,1.12014,1.12019,1.12,1.50
2015.08.31 09:12:12.718,1.12015,1.1202,1.12,6.37
2015.08.31 09:12:12.769,1.12017,1.1202,1.00,4.12
2015.08.31 09:12:13.296,1.12016,1.12018,1.00,1.00
2015.08.31 09:12:13.600,1.12015,1.12017,3.00,1.00
2015.08.31 09:12:14.107,1.12013,1.12016,3.75,1.00
2015.08.31 09:12:14.158,1.12013,1.12018,3.75,2.25
2015.08.31 09:12:14.310,1.12015,1.12018,1.50,2.25
2015.08.31 09:12:14.612,1.12014,1.12016,1.87,1.00
2015.08.31 09:12:16.159,1.12013,1.12015,3.37,1.00
2015.08.31 09:12:16.718,1.12013,1.12016,1.12,1.00
2015.08.31 09:12:17.023,1.1202,1.12021,1.50,3.00
2015.08.31 09:12:17.385,1.12019,1.1202,2.25,1.00
2015.08.31 09:12:17.538,1.12018,1.12021,1.37,1.50
2015.08.31 09:12:18.044,1.1202,1.12023,1.87,1.00
2015.08.31 09:12:18.597,1.1202,1.12022,2.25,1.00
2015.08.31 09:12:19.935,1.12019,1.12021,4.50,1.00
2015.08.31 09:12:20.272,1.12017,1.12019,1.50,1.00
2015.08.31 09:12:20.576,1.1202,1.12021,1.50,3.00
2015.08.31 09:12:20.679,1.12019,1.1202,1.50,1.00
2015.08.31 09:12:20.831,1.12023,1.12024,1.20,1.00
2015.08.31 09:12:20.882,1.12025,1.12027,1.00,5.70
2015.08.31 09:12:20.984,1.12021,1.12023,2.62,1.00
2015.08.31 09:12:21.315,1.12022,1.12024,1.00,1.00
2015.08.31 09:12:22.749,1.12021,1.12023,1.50,1.00
2015.08.31 09:12:22.851,1.12021,1.12024,1.00,1.00
2015.08.31 09:12:23.509,1.12021,1.12023,1.00,1.00
2015.08.31 09:12:24.168,1.12025,1.12028,4.87,3.00
2015.08.31 09:12:24.222,1.12027,1.1203,3.37,2.25
2015.08.31 09:12:24.730,1.12027,1.12029,3.75,1.00
2015.08.31 09:12:25.505,1.12027,1.1203,4.00,1.50
2015.08.31 09:12:26.365,1.12027,1.1203,4.75,1.00
2015.08.31 09:12:27.021,1.1203,1.12032,1.37,1.50
2015.08.31 09:12:27.326,1.12027,1.12029,2.25,1.87
2015.08.31 09:12:27.479,1.12024,1.12025,1.00,9.75
2015.08.31 09:12:27.581,1.1202,1.12023,1.37,4.12
2015.08.31 09:12:27.632,1.12018,1.12022,3.37,2.62
2015.08.31 09:12:27.785,1.12015,1.12017,1.00,1.00
2015.08.31 09:12:27.836,1.12012,1.12014,4.50,1.00
2015.08.31 09:12:28.166,1.12009,1.12012,1.50,1.37
2015.08.31 09:12:28.217,1.12009,1.12011,1.00,1.37
2015.08.31 09:12:28.268,1.12008,1.12009,1.00,1.00
2015.08.31 09:12:28.775,1.12007,1.12008,1.00,1.00
2015.08.31 09:12:30.871,1.12006,1.12007,1.12,1.00
2015.08.31 09:12:30.923,1.12008,1.1201,2.24,3.00
2015.08.31 09:12:31.025,1.12009,1.1201,1.00,1.00
2015.08.31 09:12:31.128,1.12009,1.12012,1.95,1.00
2015.08.31 09:12:31.333,1.12007,1.12009,1.00,1.00
2015.08.31 09:12:31.673,1.12004,1.12005,1.10,1.00
2015.08.31 09:12:31.775,1.12002,1.12005,1.00,1.00
2015.08.31 09:12:32.129,1.12002,1.12004,1.00,1.00
2015.08.31 09:12:32.815,1.12005,1.12006,1.50,1.00
2015.08.31 09:12:32.867,1.12005,1.12008,3.37,1.00
2015.08.31 09:12:33.322,1.12006,1.12008,1.00,1.00
2015.08.31 09:12:33.829,1.12003,1.12006,1.95,1.00
2015.08.31 09:12:34.108,1.12003,1.12006,1.50,1.50
2015.08.31 09:12:34.211,1.12003,1.12005,1.87,3.75
2015.08.31 09:12:34.262,1.12006,1.12007,1.00,1.00
2015.08.31 09:12:34.313,1.12006,1.12007,1.50,1.50
2015.08.31 09:12:34.618,1.12008,1.12009,1.12,1.00
2015.08.31 09:12:35.023,1.12008,1.12009,1.00,1.00
2015.08.31 09:12:36.350,1.12004,1.12007,3.07,1.00
2015.08.31 09:12:36.401,1.12004,1.12005,2.25,1.50
2015.08.31 09:12:36.713,1.12,1.12002,1.87,1.00
2015.08.31 09:12:36.865,1.12003,1.12004,1.00,2.25
2015.08.31 09:12:37.068,1.12002,1.12004,3.75,1.00
2015.08.31 09:12:37.372,1.12,1.12004,6.45,2.25
2015.08.31 09:12:37.942,1.12,1.12003,1.95,1.00
2015.08.31 09:12:38.507,1.12,1.12002,1.95,1.00
2015.08.31 09:12:38.912,1.12,1.12004,1.20,3.00
2015.08.31 09:12:39.597,1.12002,1.12004,1.00,3.00
2015.08.31 09:12:39.901,1.12004,1.12006,3.00,1.00
2015.08.31 09:12:40.205,1.12002,1.12003,1.00,1.00
2015.08.31 09:12:40.504,1.12,1.12003,4.57,1.00
2015.08.31 09:12:41.731,1.12,1.12002,3.45,1.00
2015.08.31 09:12:42.242,1.12001,1.12002,1.00,1.00
2015.08.31 09:12:43.646,1.12001,1.12003,1.00,2.25
2015.08.31 09:12:44.984,1.12003,1.12005,1.00,3.00
2015.08.31 09:12:45.238,1.1201,1.12011,1.00,1.87
2015.08.31 09:12:45.289,1.1201,1.12012,1.00,1.50
2015.08.31 09:12:45.793,1.12009,1.12013,4.50,2.25
2015.08.31 09:12:46.300,1.1201,1.12013,1.50,2.25
2015.08.31 09:12:47.811,1.1201,1.12012,2.25,1.00
2015.08.31 09:12:48.516,1.12011,1.12013,1.50,1.00
2015.08.31 09:12:48.721,1.12015,1.12016,1.00,1.50
2015.08.31 09:12:48.925,1.12015,1.12018,1.50,2.25
2015.08.31 09:12:49.026,1.12015,1.12017,1.87,1.00
2015.08.31 09:12:49.573,1.12012,1.12016,2.70,2.25
2015.08.31 09:12:49.776,1.12012,1.12015,2.62,1.00
2015.08.31 09:12:50.383,1.12011,1.12015,1.95,3.00
2015.08.31 09:12:50.968,1.12011,1.12014,1.00,1.50
2015.08.31 09:12:52.133,1.1201,1.12014,3.45,1.50
2015.08.31 09:12:52.666,1.12011,1.12014,1.50,1.50
2015.08.31 09:12:53.657,1.12012,1.12014,1.00,1.00
2015.08.31 09:12:54.187,1.12011,1.12015,5.62,1.00
2015.08.31 09:12:54.689,1.12011,1.12014,4.87,1.00
2015.08.31 09:12:58.519,1.12011,1.12015,3.37,1.00
2015.08.31 09:12:59.478,1.12011,1.12014,4.12,1.00
2015.08.31 09:12:59.985,1.12011,1.12013,2.25,1.00
2015.08.31 09:13:00.492,1.12011,1.12014,3.37,1.00
2015.08.31 09:13:02.889,1.12011,1.12013,2.25,1.00
2015.08.31 09:13:03.396,1.12011,1.12013,1.00,1.00
2015.08.31 09:13:06.103,1.1201,1.12012,1.87,1.50
2015.08.31 09:13:06.306,1.12008,1.12009,1.00,1.50
2015.08.31 09:13:06.408,1.12005,1.12007,1.57,1.00
2015.08.31 09:13:06.459,1.12005,1.12008,10.20,1.00
2015.08.31 09:13:06.785,1.1201,1.12013,3.75,1.00
2015.08.31 09:13:07.291,1.12011,1.12014,1.20,1.00
2015.08.31 09:13:07.544,1.12011,1.12015,3.45,1.00
2015.08.31 09:13:08.418,1.12011,1.12014,1.37,1.50
2015.08.31 09:13:08.923,1.1201,1.12014,4.12,1.50
2015.08.31 09:13:09.435,1.12011,1.12013,1.12,1.00
2015.08.31 09:13:09.638,1.12015,1.12016,1.00,2.25
2015.08.31 09:13:09.740,1.12015,1.12016,2.25,1.00
2015.08.31 09:13:09.791,1.12015,1.12018,1.50,1.00
2015.08.31 09:13:09.843,1.12015,1.12017,1.50,1.00
2015.08.31 09:13:10.249,1.12013,1.12016,1.00,1.00
2015.08.31 09:13:10.775,1.12012,1.12015,1.87,1.00
2015.08.31 09:13:12.376,1.12011,1.12013,1.87,1.00
2015.08.31 09:13:12.882,1.1201,1.12013,4.50,1.00
2015.08.31 09:13:14.390,1.12012,1.12013,1.00,1.00
2015.08.31 09:13:14.441,1.12011,1.12015,1.00,1.00
2015.08.31 09:13:14.543,1.12011,1.12013,1.87,1.00
2015.08.31 09:13:16.826,1.12011,1.12014,2.62,1.00
2015.08.31 09:13:17.904,1.12011,1.12013,2.62,1.00
2015.08.31 09:13:18.455,1.12012,1.12014,1.00,1.00
2015.08.31 09:13:18.961,1.12011,1.12013,1.87,1.00
2015.08.31 09:13:19.416,1.12012,1.12014,1.00,1.00
2015.08.31 09:13:20.812,1.12011,1.12015,1.87,1.00
2015.08.31 09:13:21.293,1.12012,1.12014,1.50,1.00
2015.08.31 09:13:22.607,1.12012,1.12014,1.00,1.00
2015.08.31 09:13:23.343,1.12012,1.12014,1.37,1.00
2015.08.31 09:13:23.700,1.12015,1.12016,1.00,1.00
2015.08.31 09:13:24.005,1.12018,1.1202,1.00,3.00
2015.08.31 09:13:24.228,1.12019,1.12021,1.00,4.50
2015.08.31 09:13:24.742,1.1202,1.12021,1.00,1.00
2015.08.31 09:13:25.907,1.12019,1.12021,2.62,1.00
2015.08.31 09:13:26.412,1.1202,1.12021,1.00,1.00
2015.08.31 09:13:26.717,1.12017,1.12018,2.25,1.50
2015.08.31 09:13:27.018,1.12013,1.12015,2.70,1.00
2015.08.31 09:13:27.525,1.12013,1.12016,1.37,1.00
2015.08.31 09:13:27.879,1.12014,1.12018,4.87,1.00
2015.08.31 09:13:27.981,1.12014,1.12016,4.12,1.00
2015.08.31 09:13:29.317,1.12014,1.12016,1.12,1.00
2015.08.31 09:13:29.828,1.12015,1.12017,3.00,1.00
2015.08.31 09:13:30.637,1.12015,1.12017,1.37,1.00
2015.08.31 09:13:30.941,1.12017,1.12019,4.12,1.00
2015.08.31 09:13:31.463,1.12018,1.1202,1.87,1.00
2015.08.31 09:13:32.263,1.12018,1.12021,2.25,2.25
2015.08.31 09:13:32.910,1.1202,1.12021,1.00,1.00
2015.08.31 09:13:35.774,1.12019,1.12021,1.50,1.00
2015.08.31 09:13:36.330,1.1202,1.12021,1.00,1.00
2015.08.31 09:13:37.273,1.12019,1.12021,1.50,1.00
2015.08.31 09:13:37.832,1.1202,1.12021,1.00,1.00
2015.08.31 09:13:38.388,1.12021,1.12022,1.00,1.00
2015.08.31 09:13:41.168,1.12021,1.12022,1.00,1.00
2015.08.31 09:13:41.270,1.12019,1.1202,3.75,1.50
2015.08.31 09:13:41.974,1.12015,1.12019,6.37,1.50
2015.08.31 09:13:42.735,1.12015,1.12019,1.00,1.00
2015.08.31 09:13:42.937,1.12015,1.12017,1.00,1.00
2015.08.31 09:13:44.614,1.12016,1.1202,1.00,3.75
2015.08.31 09:13:44.920,1.12017,1.1202,1.50,1.50
2015.08.31 09:13:45.213,1.12019,1.12023,1.50,2.25
2015.08.31 09:13:47.279,1.12019,1.12022,1.37,1.00
2015.08.31 09:13:47.330,1.12018,1.1202,5.62,1.00
2015.08.31 09:13:47.633,1.1202,1.12022,1.00,1.00
2015.08.31 09:13:48.551,1.12021,1.12022,1.00,1.00
2015.08.31 09:13:49.568,1.1202,1.12022,3.75,1.00
2015.08.31 09:13:50.024,1.1202,1.12024,5.25,1.00
2015.08.31 09:13:50.075,1.12023,1.12025,1.00,2.25
2015.08.31 09:13:50.227,1.12022,1.12023,1.00,1.00
2015.08.31 09:13:52.302,1.12022,1.12024,1.87,1.00
2015.08.31 09:13:52.742,1.1202,1.12022,3.00,1.00
2015.08.31 09:13:53.046,1.12019,1.12021,1.12,1.00
2015.08.31 09:13:57.229,1.12019,1.12023,1.00,1.50
2015.08.31 09:13:58.331,1.12019,1.12022,1.00,1.00
2015.08.31 09:13:58.382,1.12019,1.1202,1.00,1.50
2015.08.31 09:13:58.687,1.12014,1.12015,1.00,1.50
2015.08.31 09:13:59.139,1.1201,1.12013,9.75,1.00
2015.08.31 09:14:01.864,1.12011,1.12013,1.12,1.00
2015.08.31 09:14:02.981,1.1201,1.12012,2.25,1.00
2015.08.31 09:14:03.487,1.1201,1.12012,2.25,1.00
2015.08.31 09:14:05.990,1.1201,1.12012,1.00,1.00
2015.08.31 09:14:08.588,1.1201,1.12013,1.50,1.00
2015.08.31 09:14:09.939,1.12009,1.12011,2.62,1.00
2015.08.31 09:14:10.293,1.12008,1.1201,1.00,1.00
2015.08.31 09:14:10.798,1.12009,1.12012,3.00,1.00
2015.08.31 09:14:11.305,1.1201,1.12012,1.00,1.00
2015.08.31 09:14:11.884,1.1201,1.12011,1.00,1.00
2015.08.31 09:14:12.390,1.12009,1.12011,3.00,1.00
2015.08.31 09:14:13.339,1.12008,1.1201,3.00,1.00
2015.08.31 09:14:13.795,1.12009,1.1201,1.00,1.00
2015.08.31 09:14:14.301,1.12006,1.12007,3.37,1.50
2015.08.31 09:14:14.622,1.12004,1.12006,3.00,1.00
2015.08.31 09:14:15.734,1.12007,1.12008,1.50,2.25
2015.08.31 09:14:16.094,1.12008,1.12009,2.25,1.00
2015.08.31 09:14:16.600,1.12008,1.1201,3.00,1.00
2015.08.31 09:14:16.853,1.12006,1.12008,3.00,1.00
2015.08.31 09:14:17.193,1.12004,1.12005,1.50,1.00
2015.08.31 09:14:17.396,1.12002,1.12004,3.00,1.00
2015.08.31 09:14:17.902,1.12002,1.12005,3.00,1.00
2015.08.31 09:14:18.539,1.12008,1.1201,1.00,3.00
2015.08.31 09:14:18.692,1.12007,1.12008,1.00,1.00
2015.08.31 09:14:18.743,1.12007,1.12008,1.00,1.50
2015.08.31 09:14:18.794,1.12004,1.12006,4.12,1.00
2015.08.31 09:14:19.301,1.12003,1.12005,1.12,1.00
2015.08.31 09:14:24.071,1.12007,1.12008,1.00,3.00
2015.08.31 09:14:24.349,1.12008,1.12011,1.50,1.37
2015.08.31 09:14:24.401,1.12008,1.12013,2.62,5.25
2015.08.31 09:14:24.756,1.12008,1.1201,1.12,1.50
2015.08.31 09:14:24.909,1.12005,1.12008,3.00,1.50
2015.08.31 09:14:25.011,1.12005,1.12006,1.00,1.50
2015.08.31 09:14:25.486,1.12003,1.12006,1.00,1.50
2015.08.31 09:14:25.992,1.12002,1.12006,2.62,1.50
2015.08.31 09:14:26.831,1.12002,1.12005,2.62,1.00
2015.08.31 09:14:28.166,1.12002,1.12005,3.25,1.00
2015.08.31 09:14:28.570,1.12004,1.12007,1.50,3.75
2015.08.31 09:14:28.723,1.12005,1.12007,6.00,1.00
2015.08.31 09:14:28.774,1.12005,1.12008,8.25,1.00
2015.08.31 09:14:28.826,1.12006,1.12012,3.25,15.45
2015.08.31 09:14:28.877,1.1201,1.12012,1.50,13.57
2015.08.31 09:14:29.288,1.1201,1.12011,2.25,1.00
2015.08.31 09:14:29.794,1.1201,1.12012,2.25,1.00
2015.08.31 09:14:30.532,1.1201,1.12012,2.50,1.00
2015.08.31 09:14:31.049,1.1201,1.12012,1.50,1.00
2015.08.31 09:14:32.048,1.12012,1.12014,1.37,2.25
2015.08.31 09:14:32.301,1.12017,1.12019,2.25,1.00
2015.08.31 09:14:32.353,1.12018,1.12019,1.00,3.37
2015.08.31 09:14:32.505,1.12014,1.12015,1.50,1.00
2015.08.31 09:14:32.809,1.12011,1.12013,2.25,1.00
2015.08.31 09:14:33.339,1.12012,1.12013,1.00,1.00
2015.08.31 09:14:33.643,1.12012,1.12013,1.00,1.00
2015.08.31 09:14:34.443,1.12012,1.12014,1.00,2.25
2015.08.31 09:14:35.201,1.12012,1.12014,1.00,2.25
2015.08.31 09:14:35.354,1.12018,1.12022,2.62,18.00
2015.08.31 09:14:35.747,1.12021,1.12023,2.62,6.37
2015.08.31 09:14:35.799,1.12026,1.12029,6.07,1.00
2015.08.31 09:14:36.305,1.1203,1.12033,2.25,4.87
2015.08.31 09:14:36.509,1.1203,1.12033,3.25,2.62
2015.08.31 09:14:37.052,1.1203,1.12033,2.50,2.62
2015.08.31 09:14:38.213,1.1203,1.12034,2.50,5.62
2015.08.31 09:14:38.264,1.1203,1.12034,3.75,2.25
2015.08.31 09:14:38.417,1.12033,1.12036,3.00,2.50
2015.08.31 09:14:38.468,1.12034,1.12037,2.62,1.00
2015.08.31 09:14:38.519,1.12034,1.12037,3.62,1.50
2015.08.31 09:14:38.824,1.12031,1.12033,2.62,1.00
2015.08.31 09:14:40.123,1.12031,1.12033,1.00,1.00
2015.08.31 09:14:40.629,1.12032,1.12033,1.00,1.00
2015.08.31 09:14:41.139,1.1203,1.12031,3.00,1.00
2015.08.31 09:14:41.241,1.12024,1.12028,19.27,3.75
2015.08.31 09:14:41.394,1.12018,1.1202,2.62,1.00
2015.08.31 09:14:41.725,1.12014,1.12016,3.00,1.00
2015.08.31 09:14:41.780,1.12015,1.12016,1.00,1.00
2015.08.31 09:14:41.882,1.12013,1.12015,1.00,1.00
2015.08.31 09:14:42.390,1.12012,1.12014,1.00,1.00
2015.08.31 09:14:43.616,1.12012,1.12014,1.00,1.00
2015.08.31 09:14:44.231,1.12012,1.12014,1.00,1.00
2015.08.31 09:14:46.450,1.12013,1.12016,1.12,1.00
2015.08.31 09:14:46.987,1.12013,1.12016,1.87,1.00
2015.08.31 09:14:48.068,1.12014,1.12016,1.00,1.00
2015.08.31 09:14:48.595,1.12015,1.12017,1.50,1.00
2015.08.31 09:14:50.296,1.12015,1.12016,1.00,1.00
2015.08.31 09:14:50.397,1.12012,1.12013,1.50,1.00
2015.08.31 09:14:50.853,1.12012,1.12013,1.00,1.00
2015.08.31 09:14:51.284,1.12008,1.1201,1.87,1.00
2015.08.31 09:14:51.790,1.12009,1.12011,1.00,1.00
2015.08.31 09:14:54.268,1.12009,1.12011,2.25,1.00
2015.08.31 09:14:56.691,1.12009,1.12012,1.87,1.00
2015.08.31 09:14:57.266,1.1201,1.12012,1.00,1.00
2015.08.31 09:14:57.795,1.12009,1.12011,1.50,1.00
2015.08.31 09:14:57.896,1.12007,1.1201,1.87,1.00
2015.08.31 09:14:58.200,1.12005,1.12008,3.75,1.00
2015.08.31 09:14:58.492,1.12005,1.12006,1.00,1.00
2015.08.31 09:14:58.695,1.12003,1.12006,2.40,1.00
2015.08.31 09:14:59.251,1.12003,1.12007,1.00,1.00
2015.08.31 09:14:59.659,1.12005,1.12008,1.00,3.37
2015.08.31 09:15:00.168,1.12005,1.12008,2.62,1.00
2015.08.31 09:15:01.423,1.12005,1.12008,2.25,1.50
2015.08.31 09:15:04.390,1.12005,1.12007,1.50,6.75
2015.08.31 09:15:04.442,1.12003,1.12005,1.00,1.00
2015.08.31 09:15:04.544,1.12001,1.12004,1.87,1.00
2015.08.31 09:15:05.100,1.12002,1.12004,1.00,1.00
2015.08.31 09:15:07.113,1.12002,1.12007,4.12,2.62
2015.08.31 09:15:07.772,1.12004,1.12007,1.00,1.00
2015.08.31 09:15:09.449,1.12004,1.12008,2.25,1.00
2015.08.31 09:15:12.526,1.12007,1.12008,1.00,1.00
2015.08.31 09:15:12.970,1.12009,1.12011,1.00,1.50
2015.08.31 09:15:19.138,1.12009,1.12011,1.37,1.00
2015.08.31 09:15:19.760,1.12009,1.1201,1.50,1.00
2015.08.31 09:15:20.804,1.12008,1.1201,1.00,1.00
2015.08.31 09:15:21.006,1.12005,1.12009,3.75,1.87
2015.08.31 09:15:21.513,1.12004,1.12009,1.50,3.37
2015.08.31 09:15:21.885,1.12003,1.12006,3.37,1.00
2015.08.31 09:15:22.138,1.12003,1.12008,2.50,3.00
2015.08.31 09:15:22.644,1.12005,1.12008,1.00,1.50
2015.08.31 09:15:23.655,1.12007,1.12009,1.00,1.87
2015.08.31 09:15:23.858,1.12009,1.12011,1.37,1.50
2015.08.31 09:15:24.365,1.1201,1.12012,1.00,1.00
2015.08.31 09:15:27.636,1.1201,1.12012,1.37,1.00
2015.08.31 09:15:28.891,1.12011,1.12014,1.50,3.75
2015.08.31 09:15:29.650,1.12011,1.12014,2.50,1.00
2015.08.31 09:15:30.698,1.12011,1.12015,2.50,1.00
2015.08.31 09:15:32.140,1.12013,1.12015,1.00,1.00
2015.08.31 09:15:32.648,1.12014,1.12016,1.00,1.00
2015.08.31 09:15:33.211,1.12013,1.12016,2.25,1.00
2015.08.31 09:15:36.790,1.12012,1.12016,1.00,1.50
2015.08.31 09:15:37.324,1.12012,1.12015,1.00,1.00
2015.08.31 09:15:40.925,1.12012,1.12014,1.00,1.00
2015.08.31 09:15:43.093,1.12011,1.12013,2.25,1.00
2015.08.31 09:15:44.766,1.12011,1.12013,1.00,1.50
2015.08.31 09:15:45.070,1.12009,1.1201,1.00,1.00
2015.08.31 09:15:46.077,1.12009,1.12011,1.00,1.00
2015.08.31 09:15:47.401,1.12009,1.12012,1.50,1.00
2015.08.31 09:15:47.907,1.12009,1.12013,2.25,2.25
2015.08.31 09:15:48.904,1.12009,1.12013,2.62,1.50
2015.08.31 09:15:49.410,1.1201,1.12014,1.00,1.00
2015.08.31 09:15:51.874,1.12011,1.12014,1.00,1.00
2015.08.31 09:15:52.381,1.12011,1.12015,2.62,1.00
2015.08.31 09:15:54.597,1.12013,1.12015,1.00,1.00
2015.08.31 09:15:55.252,1.12013,1.12016,1.00,1.12
2015.08.31 09:15:57.735,1.12012,1.12016,1.87,1.00
2015.08.31 09:15:58.139,1.12016,1.12017,1.00,2.25
2015.08.31 09:15:58.443,1.12016,1.12018,2.25,3.37
2015.08.31 09:15:58.494,1.12017,1.1202,1.00,3.00
2015.08.31 09:15:59.000,1.12016,1.1202,3.00,3.00
2015.08.31 09:16:00.623,1.12016,1.12021,4.87,4.04
2015.08.31 09:16:00.725,1.12018,1.12021,1.00,4.79
2015.08.31 09:16:00.928,1.12019,1.12023,1.12,3.00
2015.08.31 09:16:01.161,1.12023,1.12024,1.87,2.62
2015.08.31 09:16:01.215,1.12024,1.12028,1.87,1.00
2015.08.31 09:16:01.469,1.12025,1.1203,1.00,3.37
2015.08.31 09:16:02.853,1.12025,1.12027,1.00,1.00
2015.08.31 09:16:03.158,1.12019,1.1202,1.00,1.50
2015.08.31 09:16:03.209,1.12018,1.1202,1.50,1.50
2015.08.31 09:16:04.078,1.12018,1.12021,1.00,1.50
2015.08.31 09:16:04.584,1.12019,1.12021,1.00,1.00
2015.08.31 09:16:06.855,1.12019,1.12021,1.87,1.00
2015.08.31 09:16:07.615,1.12019,1.12021,2.25,1.00
2015.08.31 09:16:08.688,1.12021,1.12023,1.00,1.00
2015.08.31 09:16:09.144,1.12019,1.1202,3.37,4.50
2015.08.31 09:16:09.296,1.12017,1.12018,1.00,1.87
2015.08.31 09:16:09.347,1.12014,1.12017,1.87,1.00
2015.08.31 09:16:09.653,1.12012,1.12016,1.12,2.25
2015.08.31 09:16:09.985,1.12014,1.12016,1.00,2.25
2015.08.31 09:16:10.036,1.12016,1.12017,1.50,1.50
2015.08.31 09:16:10.088,1.12017,1.12019,3.00,2.25
2015.08.31 09:16:10.597,1.12016,1.1202,1.87,1.00
2015.08.31 09:16:11.583,1.12017,1.1202,1.00,1.00
2015.08.31 09:16:13.674,1.12017,1.12021,2.25,1.00
2015.08.31 09:16:14.915,1.12017,1.1202,1.00,1.00
2015.08.31 09:16:15.465,1.12018,1.1202,1.00,1.00
2015.08.31 09:16:15.617,1.1202,1.12021,1.00,1.50
2015.08.31 09:16:16.051,1.1202,1.12024,3.75,1.00
2015.08.31 09:16:16.557,1.1202,1.12025,2.25,1.50
2015.08.31 09:16:17.663,1.1202,1.12024,1.50,1.00
2015.08.31 09:16:18.169,1.1202,1.12023,1.50,1.00
2015.08.31 09:16:18.853,1.12021,1.12023,1.00,1.00
2015.08.31 09:16:19.982,1.12019,1.12023,1.87,1.00
2015.08.31 09:16:21.908,1.1202,1.12023,1.00,1.00
2015.08.31 09:16:25.705,1.12022,1.12024,1.00,1.50
2015.08.31 09:16:26.993,1.12022,1.12024,1.50,1.50
2015.08.31 09:16:27.197,1.12023,1.12024,1.50,1.00
2015.08.31 09:16:29.609,1.12023,1.12024,1.50,1.00
2015.08.31 09:16:29.811,1.12025,1.12026,1.00,2.25
2015.08.31 09:16:30.065,1.12026,1.12028,1.00,2.25
2015.08.31 09:16:32.767,1.12027,1.12028,1.00,2.25
2015.08.31 09:16:33.691,1.12026,1.12028,1.50,2.25
2015.08.31 09:16:34.198,1.12026,1.12027,1.50,1.00
2015.08.31 09:16:36.957,1.12025,1.12027,1.00,2.25
2015.08.31 09:16:37.009,1.12023,1.12025,1.50,1.00
2015.08.31 09:16:37.515,1.12025,1.12026,1.00,2.25
2015.08.31 09:16:37.819,1.1202,1.12022,7.50,2.50
2015.08.31 09:16:37.871,1.1202,1.12021,1.00,1.50
2015.08.31 09:16:37.922,1.12019,1.1202,1.50,2.25
2015.08.31 09:16:38.023,1.12017,1.12018,1.50,1.00
2015.08.31 09:16:38.886,1.12017,1.12018,1.50,1.50
2015.08.31 09:16:39.393,1.12017,1.12019,1.50,1.00
2015.08.31 09:16:41.941,1.12018,1.12019,1.00,2.25
2015.08.31 09:16:42.093,1.12019,1.1202,1.00,1.00
2015.08.31 09:16:42.195,1.12021,1.12022,1.00,1.50
2015.08.31 09:16:42.297,1.12022,1.12024,1.00,2.25
2015.08.31 09:16:42.398,1.12023,1.12025,1.00,5.25
2015.08.31 09:16:42.551,1.12024,1.12026,1.50,2.25
2015.08.31 09:16:43.100,1.12025,1.12026,1.50,1.00
2015.08.31 09:16:43.606,1.12025,1.12026,1.50,1.00
2015.08.31 09:16:44.704,1.12025,1.12026,1.50,1.00
2015.08.31 09:16:44.958,1.12024,1.12026,1.50,1.50
2015.08.31 09:16:45.213,1.12018,1.12019,1.50,1.00
2015.08.31 09:16:45.689,1.12016,1.12018,3.00,1.50
2015.08.31 09:16:45.740,1.12016,1.12017,1.50,1.50
2015.08.31 09:16:45.893,1.12017,1.12019,1.00,2.25
2015.08.31 09:16:49.204,1.12017,1.12018,1.00,1.50
2015.08.31 09:16:49.722,1.12017,1.12019,1.00,2.25
2015.08.31 09:16:51.377,1.12017,1.12018,1.00,1.50
2015.08.31 09:16:52.983,1.12016,1.12018,1.50,1.50
2015.08.31 09:16:53.491,1.12017,1.12018,1.00,1.50
2015.08.31 09:16:54.368,1.12017,1.12019,1.00,2.25
2015.08.31 09:16:55.118,1.12016,1.12019,1.50,2.25
2015.08.31 09:16:55.712,1.12017,1.12018,1.00,1.00
2015.08.31 09:16:59.326,1.12016,1.12018,1.50,1.00
2015.08.31 09:16:59.878,1.12017,1.12018,1.00,1.00
2015.08.31 09:17:00.384,1.12017,1.12019,1.00,1.00
2015.08.31 09:17:00.952,1.12016,1.12019,1.50,2.25
2015.08.31 09:17:01.485,1.12017,1.12019,1.00,1.00
2015.08.31 09:17:02.446,1.12015,1.12019,2.25,1.00
2015.08.31 09:17:06.641,1.12018,1.12019,1.00,1.00
2015.08.31 09:17:07.022,1.1202,1.12023,4.12,1.10
2015.08.31 09:17:07.073,1.1202,1.12025,11.62,2.25
2015.08.31 09:17:07.578,1.12022,1.12026,2.25,2.25
2015.08.31 09:17:07.933,1.12025,1.12026,1.00,2.25
2015.08.31 09:17:08.035,1.12025,1.12029,3.15,1.50
2015.08.31 09:17:08.290,1.12026,1.12029,3.37,1.50
2015.08.31 09:17:08.444,1.12027,1.12031,1.00,1.00
2015.08.31 09:17:08.968,1.12028,1.12031,1.00,1.00
2015.08.31 09:17:09.665,1.12028,1.12032,1.15,2.25
2015.08.31 09:17:10.020,1.1203,1.12034,1.00,1.50
2015.08.31 09:17:10.424,1.12029,1.12031,1.00,1.00
2015.08.31 09:17:10.961,1.12028,1.1203,1.00,3.00
2015.08.31 09:17:11.014,1.12024,1.12027,3.37,1.00
2015.08.31 09:17:11.217,1.12022,1.12026,1.12,2.25
2015.08.31 09:17:12.644,1.12021,1.12023,1.50,1.00
2015.08.31 09:17:12.951,1.12014,1.12015,1.00,1.00
2015.08.31 09:17:13.305,1.12012,1.12015,1.00,2.25
2015.08.31 09:17:15.220,1.12011,1.12015,1.12,1.50
2015.08.31 09:17:15.745,1.12012,1.12015,1.12,1.50
2015.08.31 09:17:16.432,1.12013,1.12015,1.00,1.50
2015.08.31 09:17:16.751,1.12013,1.12017,1.50,1.50
2015.08.31 09:17:17.536,1.12014,1.12017,1.00,1.50
2015.08.31 09:17:18.085,1.12014,1.12018,1.50,1.50
2015.08.31 09:17:18.390,1.12014,1.12016,1.00,1.00
2015.08.31 09:17:19.380,1.12014,1.12016,1.00,1.00
2015.08.31 09:17:20.345,1.12013,1.12016,1.12,1.00
2015.08.31 09:17:23.223,1.12014,1.12016,1.00,1.00
2015.08.31 09:17:29.831,1.12013,1.12016,1.50,1.00
2015.08.31 09:17:33.657,1.12013,1.12017,1.50,1.00
2015.08.31 09:17:34.610,1.12014,1.12017,1.00,1.00
2015.08.31 09:17:43.566,1.12014,1.12018,1.00,3.00
2015.08.31 09:17:44.123,1.12015,1.12018,2.62,1.00
2015.08.31 09:17:44.429,1.1202,1.12021,1.00,1.65
2015.08.31 09:17:44.835,1.12026,1.12027,1.12,1.50
2015.08.31 09:17:44.887,1.12026,1.12031,2.25,2.62
2015.08.31 09:17:45.039,1.12024,1.12029,1.87,1.87
2015.08.31 09:17:45.141,1.12024,1.12027,1.00,1.00
2015.08.31 09:17:45.647,1.12024,1.12026,1.00,1.00
2015.08.31 09:17:46.181,1.12024,1.12027,1.00,1.00
2015.08.31 09:17:46.536,1.12022,1.12025,1.00,2.62
2015.08.31 09:17:46.840,1.12018,1.12022,2.25,1.00
2015.08.31 09:17:47.378,1.12018,1.12021,1.50,1.00
2015.08.31 09:17:48.358,1.12019,1.12021,1.37,1.00
2015.08.31 09:17:49.583,1.12019,1.12021,1.00,1.00
2015.08.31 09:17:55.056,1.1202,1.12021,1.00,1.00
2015.08.31 09:17:55.583,1.1202,1.12022,1.00,1.00
2015.08.31 09:17:56.089,1.1202,1.12021,1.00,1.00
2015.08.31 09:17:56.190,1.12018,1.12021,1.50,1.00
2015.08.31 09:17:57.190,1.12019,1.12021,1.37,1.00
2015.08.31 09:17:57.847,1.12018,1.1202,1.12,2.25
2015.08.31 09:17:58.000,1.12015,1.12018,3.75,1.87
2015.08.31 09:17:58.282,1.12014,1.12016,1.00,1.00
2015.08.31 09:17:58.789,1.12013,1.12016,1.00,1.12
2015.08.31 09:17:59.295,1.12013,1.12015,1.00,1.00
2015.08.31 09:17:59.839,1.12013,1.12016,1.00,1.12
2015.08.31 09:18:00.800,1.12013,1.12015,1.50,1.00
2015.08.31 09:18:01.347,1.12014,1.12015,1.00,1.00
2015.08.31 09:18:01.853,1.12014,1.12016,1.00,1.00
2015.08.31 09:18:02.308,1.12013,1.12014,3.00,1.00
2015.08.31 09:18:02.647,1.12003,1.12005,1.00,1.00
2015.08.31 09:18:03.152,1.12003,1.12006,1.00,1.00
2015.08.31 09:18:04.901,1.12003,1.12005,1.00,1.00
2015.08.31 09:18:07.421,1.12002,1.12004,1.50,1.00
2015.08.31 09:18:08.870,1.12003,1.12004,1.00,1.00
2015.08.31 09:18:09.380,1.12005,1.12006,1.00,1.00
2015.08.31 09:18:09.886,1.12004,1.12006,1.12,1.00
2015.08.31 09:18:11.157,1.12005,1.12009,2.25,2.62
2015.08.31 09:18:11.209,1.12007,1.1201,1.00,4.12
2015.08.31 09:18:11.361,1.12009,1.12013,1.50,2.25
2015.08.31 09:18:12.085,1.1201,1.12013,1.00,1.50
2015.08.31 09:18:12.592,1.12009,1.12013,1.00,2.25
2015.08.31 09:18:13.761,1.12012,1.12013,1.50,1.00
2015.08.31 09:18:13.813,1.12015,1.12019,1.50,2.62
2015.08.31 09:18:14.220,1.12012,1.12017,2.25,3.00
2015.08.31 09:18:14.728,1.12012,1.12017,1.87,1.50
2015.08.31 09:18:15.111,1.12012,1.12013,1.12,1.50
2015.08.31 09:18:15.163,1.12008,1.12012,2.62,1.00
2015.08.31 09:18:15.216,1.12008,1.12011,1.00,1.00
2015.08.31 09:18:15.469,1.12007,1.12009,1.00,1.00
2015.08.31 09:18:15.722,1.12005,1.12009,1.50,2.25
2015.08.31 09:18:16.380,1.12005,1.1201,1.50,3.75
2015.08.31 09:18:16.786,1.12006,1.1201,1.37,1.00
2015.08.31 09:18:17.302,1.12006,1.1201,1.00,1.00
2015.08.31 09:18:17.606,1.12013,1.12014,1.00,1.00
2015.08.31 09:18:17.869,1.12013,1.12016,1.00,1.00
2015.08.31 09:18:18.376,1.12013,1.12017,1.00,1.50
2015.08.31 09:18:18.882,1.12012,1.12015,1.00,1.00
2015.08.31 09:18:19.224,1.12011,1.12012,1.50,1.00
2015.08.31 09:18:19.326,1.1201,1.12011,1.00,1.50
2015.08.31 09:18:19.479,1.12009,1.12013,1.00,2.25
2015.08.31 09:18:19.581,1.12013,1.12016,1.12,8.25
2015.08.31 09:18:19.784,1.12016,1.1202,3.37,1.50
2015.08.31 09:18:20.363,1.12016,1.1202,3.75,1.50
2015.08.31 09:18:20.868,1.12016,1.1202,5.25,1.50
2015.08.31 09:18:22.647,1.12017,1.1202,1.50,3.52
2015.08.31 09:18:22.800,1.12015,1.12017,3.75,1.00
2015.08.31 09:18:22.851,1.12014,1.12017,1.50,2.25
2015.08.31 09:18:22.902,1.12014,1.12015,1.12,1.00
2015.08.31 09:18:23.282,1.12014,1.12017,1.00,5.25
2015.08.31 09:18:23.333,1.12011,1.12015,1.12,1.00
2015.08.31 09:18:23.696,1.12014,1.12017,1.00,6.00
2015.08.31 09:18:24.051,1.12013,1.12015,1.00,1.87
2015.08.31 09:18:24.599,1.12017,1.12019,3.00,3.00
2015.08.31 09:18:24.650,1.12018,1.1202,3.00,3.22
2015.08.31 09:18:24.751,1.1202,1.12021,1.50,1.00
2015.08.31 09:18:25.157,1.1202,1.12023,1.00,1.12
2015.08.31 09:18:26.910,1.1202,1.12022,1.00,1.00
2015.08.31 09:18:27.534,1.1202,1.12021,1.00,1.00
2015.08.31 09:18:34.426,1.12019,1.12021,1.00,1.00
2015.08.31 09:18:36.353,1.12019,1.1202,1.00,1.00
2015.08.31 09:18:40.183,1.12019,1.12021,1.00,1.00
2015.08.31 09:18:53.820,1.12019,1.12023,1.50,1.95
2015.08.31 09:18:54.444,1.1202,1.12023,1.00,1.50
2015.08.31 09:18:56.702,1.12021,1.12023,1.00,1.50
2015.08.31 09:18:56.753,1.12023,1.12025,1.00,3.82
2015.08.31 09:18:56.805,1.12024,1.12025,1.00,1.00
2015.08.31 09:18:56.906,1.12022,1.12025,1.50,1.00
2015.08.31 09:18:57.578,1.12024,1.12026,1.50,1.00
2015.08.31 09:18:57.882,1.1202,1.12021,1.50,1.00
2015.08.31 09:18:58.136,1.12018,1.12021,1.00,7.12
2015.08.31 09:18:58.723,1.12018,1.12021,1.50,8.62
2015.08.31 09:18:58.776,1.12019,1.12022,1.50,1.50
2015.08.31 09:18:59.284,1.12019,1.12024,1.50,1.87
2015.08.31 09:18:59.791,1.12019,1.12024,4.00,1.87
2015.08.31 09:19:00.323,1.12019,1.12024,4.00,1.50
2015.08.31 09:19:03.618,1.12021,1.12025,1.00,2.62
2015.08.31 09:19:14.506,1.1202,1.12025,2.25,4.12
2015.08.31 09:19:14.964,1.12019,1.12023,2.25,1.00
2015.08.31 09:19:15.469,1.12019,1.12024,3.00,3.75
2015.08.31 09:19:16.119,1.12019,1.12023,1.50,1.00
2015.08.31 09:19:16.322,1.1202,1.12025,3.75,6.37
2015.08.31 09:19:17.233,1.12021,1.12025,1.00,2.62
2015.08.31 09:19:18.535,1.1202,1.12025,3.75,2.25
2015.08.31 09:19:19.070,1.12021,1.12025,1.00,2.25
2015.08.31 09:19:19.928,1.1202,1.12025,3.75,2.25
2015.08.31 09:19:20.444,1.12021,1.12025,1.00,2.25
2015.08.31 09:19:20.947,1.1202,1.12025,3.00,2.62
2015.08.31 09:19:21.886,1.12021,1.12025,1.00,2.25
2015.08.31 09:19:22.408,1.1202,1.12025,3.00,7.12
2015.08.31 09:19:22.910,1.1202,1.12024,2.25,1.00
2015.08.31 09:19:25.072,1.1202,1.12023,1.50,1.00
2015.08.31 09:19:28.941,1.1202,1.12022,1.50,1.00
2015.08.31 09:19:31.600,1.12019,1.12022,1.00,1.50
2015.08.31 09:19:31.651,1.12019,1.1202,1.00,1.00
2015.08.31 09:19:34.354,1.12018,1.1202,1.00,1.87
2015.08.31 09:19:36.421,1.12019,1.12021,1.50,1.00
2015.08.31 09:19:36.473,1.12019,1.12022,1.87,1.00
2015.08.31 09:19:37.284,1.12019,1.12021,1.37,1.00
2015.08.31 09:19:42.119,1.12019,1.12022,1.37,1.00
2015.08.31 09:19:42.664,1.12019,1.12023,1.37,1.12
2015.08.31 09:19:43.322,1.1202,1.12024,1.12,1.50
2015.08.31 09:19:43.627,1.12021,1.12023,1.50,1.00
2015.08.31 09:19:43.678,1.12022,1.12024,1.00,1.00
2015.08.31 09:19:44.185,1.12022,1.12025,1.00,1.00
2015.08.31 09:19:45.604,1.12022,1.12024,1.00,1.00
2015.08.31 09:19:46.549,1.12021,1.12025,1.37,1.00
2015.08.31 09:19:47.290,1.12021,1.12024,1.00,1.00
2015.08.31 09:19:47.829,1.12021,1.12024,1.37,1.00
2015.08.31 09:19:48.589,1.12021,1.12025,1.37,1.50
2015.08.31 09:19:50.502,1.12021,1.12024,1.37,1.00
2015.08.31 09:19:54.428,1.12021,1.12024,1.00,1.50
2015.08.31 09:19:57.780,1.12021,1.12023,1.00,1.50
2015.08.31 09:19:58.165,1.12018,1.12021,1.00,1.12
2015.08.31 09:19:58.726,1.12018,1.1202,1.00,1.00
2015.08.31 09:20:00.187,1.12018,1.12021,1.50,1.00
2015.08.31 09:20:00.697,1.12019,1.12021,1.00,1.00
2015.08.31 09:20:01.331,1.12019,1.12021,1.00,1.76
2015.08.31 09:20:01.432,1.12019,1.12021,1.00,1.00
2015.08.31 09:20:02.143,1.12019,1.1202,1.00,1.00
2015.08.31 09:20:02.296,1.12017,1.1202,1.12,1.00
2015.08.31 09:20:02.658,1.12016,1.12019,1.87,1.37
2015.08.31 09:20:02.962,1.12012,1.12014,1.00,1.12
2015.08.31 09:20:03.064,1.1201,1.12013,3.37,1.87
2015.08.31 09:20:03.368,1.12009,1.12011,2.62,1.37
2015.08.31 09:20:03.520,1.12007,1.12011,1.10,1.37
2015.08.31 09:20:04.059,1.12006,1.12009,1.10,1.26
2015.08.31 09:20:04.567,1.12006,1.1201,2.32,1.26
2015.08.31 09:20:04.921,1.12007,1.12011,2.62,1.00
2015.08.31 09:20:05.420,1.12008,1.12011,1.57,1.66
2015.08.31 09:20:05.471,1.12009,1.12011,1.00,1.00
2015.08.31 09:20:06.866,1.12009,1.12012,1.50,1.12
2015.08.31 09:20:07.137,1.1201,1.12014,1.00,2.25
2015.08.31 09:20:07.674,1.1201,1.12013,1.00,1.00
2015.08.31 09:20:14.161,1.1201,1.12015,6.00,5.25
2015.08.31 09:20:14.212,1.12012,1.12015,1.00,5.25
2015.08.31 09:20:15.699,1.12014,1.12015,1.50,3.37
2015.08.31 09:20:16.029,1.1202,1.12021,1.00,2.25
2015.08.31 09:20:16.082,1.1202,1.12024,3.00,1.50
2015.08.31 09:20:16.436,1.1202,1.12025,3.00,3.00
2015.08.31 09:20:16.942,1.12021,1.12025,1.00,1.87
2015.08.31 09:20:17.488,1.12021,1.12025,1.00,1.50
2015.08.31 09:20:18.701,1.12021,1.12023,1.00,1.00
2015.08.31 09:20:19.041,1.12019,1.12021,1.00,1.50
2015.08.31 09:20:19.602,1.12019,1.12022,1.50,1.12
2015.08.31 09:20:19.860,1.1202,1.12024,1.12,2.25
2015.08.31 09:20:19.962,1.12022,1.12025,1.00,2.25
2015.08.31 09:20:20.492,1.12022,1.12026,1.00,2.02
2015.08.31 09:20:22.067,1.12019,1.1202,3.00,1.00
2015.08.31 09:20:22.121,1.12017,1.1202,1.95,2.25
2015.08.31 09:20:22.172,1.12016,1.12019,1.50,1.00
2015.08.31 09:20:22.686,1.12015,1.12018,4.95,1.00
2015.08.31 09:20:22.990,1.12016,1.1202,2.25,1.00
2015.08.31 09:20:23.520,1.12016,1.12021,3.37,4.12
2015.08.31 09:20:23.571,1.12018,1.12021,1.50,3.37
2015.08.31 09:20:23.875,1.1202,1.12023,1.00,1.00
2015.08.31 09:20:24.028,1.1202,1.12025,2.25,4.87
2015.08.31 09:20:24.553,1.12021,1.12025,1.50,1.00
2015.08.31 09:20:26.404,1.12023,1.12025,1.00,2.25
2015.08.31 09:20:26.556,1.12024,1.12027,1.50,1.00
2015.08.31 09:20:26.913,1.12025,1.12029,1.00,3.00
2015.08.31 09:20:30.645,1.12027,1.12029,2.25,1.50
2015.08.31 09:20:31.159,1.12027,1.1203,2.25,2.25
2015.08.31 09:20:31.715,1.12027,1.12029,3.00,1.00
2015.08.31 09:20:32.282,1.12026,1.12028,1.00,1.50
2015.08.31 09:20:32.737,1.12027,1.12028,1.00,1.50
2015.08.31 09:20:33.041,1.12026,1.12027,5.25,1.00
2015.08.31 09:20:33.732,1.12027,1.12028,1.00,1.00
2015.08.31 09:20:36.263,1.12027,1.12029,1.87,1.00
2015.08.31 09:20:36.314,1.12028,1.1203,1.00,3.75
2015.08.31 09:20:38.919,1.1203,1.12031,1.50,1.50
2015.08.31 09:20:39.212,1.12041,1.12042,2.25,1.00
2015.08.31 09:20:39.263,1.12041,1.12044,1.50,1.37
2015.08.31 09:20:39.770,1.1204,1.12044,1.87,1.50
2015.08.31 09:20:40.318,1.1204,1.12042,1.87,1.00
2015.08.31 09:20:40.421,1.12038,1.12039,1.00,2.25
2015.08.31 09:20:40.928,1.12037,1.1204,1.00,1.50
2015.08.31 09:20:41.869,1.12036,1.12039,3.37,1.00
2015.08.31 09:20:42.174,1.12036,1.12038,1.12,1.00
2015.08.31 09:20:42.791,1.12035,1.12037,1.87,1.00
2015.08.31 09:20:43.199,1.12031,1.12033,12.37,2.50
2015.08.31 09:20:43.302,1.1203,1.12032,1.00,3.00
2015.08.31 09:20:43.353,1.12029,1.1203,2.25,1.00
2015.08.31 09:20:43.556,1.12025,1.12026,1.50,1.00
2015.08.31 09:20:43.658,1.12023,1.12026,1.50,1.12
2015.08.31 09:20:44.262,1.12024,1.12028,1.00,2.62
2015.08.31 09:20:44.771,1.12023,1.12028,4.50,2.25
2015.08.31 09:20:46.031,1.12023,1.12027,2.25,1.00
2015.08.31 09:20:46.697,1.12023,1.12027,1.87,1.00
2015.08.31 09:20:48.800,1.12023,1.12028,4.87,1.50
2015.08.31 09:20:49.334,1.12023,1.12028,3.37,1.50
2015.08.31 09:20:50.021,1.12023,1.12026,1.00,1.12
2015.08.31 09:20:50.527,1.12024,1.12027,1.00,2.62
2015.08.31 09:20:50.679,1.12024,1.12029,2.25,3.37
2015.08.31 09:20:51.185,1.12025,1.1203,3.75,4.12
2015.08.31 09:20:51.968,1.12025,1.1203,3.75,4.12
2015.08.31 09:20:52.497,1.12026,1.1203,1.00,3.37
2015.08.31 09:20:54.664,1.12025,1.1203,4.50,4.12
2015.08.31 09:20:55.211,1.12026,1.1203,1.00,4.87
2015.08.31 09:20:55.789,1.12025,1.1203,5.25,4.87
2015.08.31 09:20:57.115,1.12025,1.12027,3.75,1.00
2015.08.31 09:21:04.916,1.12025,1.12027,1.87,1.00
2015.08.31 09:21:08.374,1.12026,1.12029,1.50,1.00
2015.08.31 09:21:08.627,1.12028,1.1203,1.12,3.00
2015.08.31 09:21:08.931,1.1203,1.12032,1.00,1.00
2015.08.31 09:21:09.184,1.1203,1.12034,1.87,3.00
2015.08.31 09:21:09.692,1.1203,1.12033,2.62,1.00
2015.08.31 09:21:10.198,1.12031,1.12033,2.25,1.00
2015.08.31 09:21:12.221,1.12032,1.12033,1.00,1.00
2015.08.31 09:21:13.560,1.12031,1.12033,1.50,1.00
2015.08.31 09:21:14.065,1.12031,1.12034,1.00,1.00
2015.08.31 09:21:16.711,1.12031,1.12032,1.00,1.50
2015.08.31 09:21:16.866,1.12028,1.1203,1.87,1.12
2015.08.31 09:21:17.323,1.12027,1.12028,1.00,1.00
2015.08.31 09:21:17.628,1.12025,1.12026,1.50,1.00
2015.08.31 09:21:18.053,1.12025,1.12028,1.75,1.00
2015.08.31 09:21:18.577,1.12025,1.12027,2.62,1.00
2015.08.31 09:21:22.309,1.12025,1.12027,4.50,1.00
2015.08.31 09:21:29.547,1.12027,1.12029,1.00,1.00
2015.08.31 09:21:30.066,1.12029,1.1203,3.37,1.00
2015.08.31 09:21:30.371,1.12027,1.1203,1.12,1.00
2015.08.31 09:21:30.877,1.12026,1.1203,2.62,1.00
2015.08.31 09:21:30.929,1.12026,1.12028,2.62,1.00
2015.08.31 09:21:31.470,1.12025,1.12027,3.00,1.50
2015.08.31 09:21:31.983,1.12024,1.12027,1.87,4.12
2015.08.31 09:21:33.086,1.12024,1.12028,5.25,2.62
2015.08.31 09:21:33.138,1.12026,1.12028,1.00,3.37
2015.08.31 09:21:33.342,1.12027,1.1203,1.00,3.00
2015.08.31 09:21:33.848,1.12027,1.1203,5.62,1.00
2015.08.31 09:21:34.632,1.12027,1.1203,4.87,1.00
2015.08.31 09:21:35.147,1.12028,1.1203,1.00,1.00
2015.08.31 09:21:35.949,1.12028,1.12031,1.00,3.37
2015.08.31 09:21:37.056,1.12027,1.12031,2.25,3.37
2015.08.31 09:21:37.600,1.12027,1.1203,1.50,2.25
2015.08.31 09:21:39.468,1.12026,1.12028,1.50,2.25
2015.08.31 09:21:39.722,1.12024,1.12028,3.00,3.75
2015.08.31 09:21:40.227,1.12023,1.12027,1.50,2.62
2015.08.31 09:21:40.823,1.12023,1.12027,1.50,2.62
2015.08.31 09:21:41.776,1.12024,1.12027,1.00,2.62
2015.08.31 09:21:42.579,1.12023,1.12027,2.25,1.87
2015.08.31 09:21:43.084,1.12024,1.12027,1.00,1.87
2015.08.31 09:21:44.626,1.12024,1.12027,1.00,1.87
2015.08.31 09:21:46.992,1.12023,1.12027,2.25,1.87
2015.08.31 09:21:47.500,1.12024,1.12027,1.00,1.87
2015.08.31 09:21:48.662,1.12024,1.12026,1.00,4.12
2015.08.31 09:21:48.713,1.12022,1.12026,1.10,5.62
2015.08.31 09:21:48.966,1.1202,1.12025,6.00,6.37
2015.08.31 09:21:49.503,1.1202,1.12024,2.25,2.11
2015.08.31 09:21:50.011,1.12021,1.12024,1.00,1.47
2015.08.31 09:21:50.516,1.12021,1.12024,1.00,1.47
2015.08.31 09:21:51.889,1.12021,1.12022,1.00,1.00
2015.08.31 09:21:52.195,1.12015,1.12017,1.00,1.12
2015.08.31 09:21:52.484,1.12012,1.12016,1.50,1.12
2015.08.31 09:21:53.699,1.12013,1.12016,1.00,1.12
2015.08.31 09:21:54.541,1.12013,1.12017,1.50,1.12
2015.08.31 09:21:55.069,1.12013,1.12016,2.25,1.00
2015.08.31 09:21:56.186,1.12015,1.12016,1.00,1.00
2015.08.31 09:21:56.238,1.12015,1.12018,1.50,1.50
2015.08.31 09:21:56.695,1.12015,1.1202,1.87,1.87
2015.08.31 09:21:57.211,1.12017,1.1202,1.00,2.62
2015.08.31 09:22:00.290,1.12017,1.12019,1.00,1.00
2015.08.31 09:22:01.147,1.12019,1.12021,1.50,1.87
2015.08.31 09:22:01.453,1.12018,1.12019,1.00,1.00
2015.08.31 09:22:01.707,1.12019,1.12022,1.00,2.62
2015.08.31 09:22:01.961,1.1202,1.12024,1.00,2.97
2015.08.31 09:22:03.233,1.1202,1.12022,3.00,1.00
2015.08.31 09:22:03.385,1.1202,1.12024,3.00,2.22
2015.08.31 09:22:03.588,1.12023,1.12024,4.50,1.09
2015.08.31 09:22:03.973,1.12027,1.12028,1.00,1.00
2015.08.31 09:22:04.075,1.12026,1.1203,1.87,6.00
2015.08.31 09:22:04.378,1.12027,1.1203,1.87,1.00
2015.08.31 09:22:04.884,1.12027,1.1203,1.50,1.00
2015.08.31 09:22:08.858,1.12027,1.12029,2.25,1.00
2015.08.31 09:22:10.444,1.12026,1.12029,1.50,1.00
2015.08.31 09:22:10.950,1.12027,1.12029,2.25,1.00
2015.08.31 09:22:11.457,1.12027,1.1203,1.50,1.50
2015.08.31 09:22:12.627,1.12028,1.1203,1.00,1.00
2015.08.31 09:22:12.970,1.12036,1.12038,1.00,1.00
2015.08.31 09:22:13.275,1.12039,1.12041,2.25,1.27
2015.08.31 09:22:13.731,1.12039,1.12043,1.87,1.87
2015.08.31 09:22:14.274,1.12039,1.12043,1.87,1.87
2015.08.31 09:22:14.780,1.12039,1.12042,1.12,1.00
2015.08.31 09:22:14.831,1.12038,1.1204,1.87,1.00
2015.08.31 09:22:15.973,1.12033,1.12035,25.87,2.50
2015.08.31 09:22:16.126,1.12035,1.12037,1.00,6.00
2015.08.31 09:22:16.227,1.12034,1.12037,1.87,1.00
2015.08.31 09:22:16.582,1.12036,1.12039,1.00,3.90
2015.08.31 09:22:17.089,1.12037,1.12039,1.00,1.00
2015.08.31 09:22:21.214,1.12037,1.12039,1.00,1.87
2015.08.31 09:22:23.063,1.12036,1.12038,1.00,2.32
2015.08.31 09:22:23.421,1.1203,1.12032,3.37,1.00
2015.08.31 09:22:23.725,1.12033,1.12035,1.00,3.37
2015.08.31 09:22:23.877,1.12035,1.12037,1.00,3.37
2015.08.31 09:22:24.555,1.12035,1.12039,1.00,1.87
2015.08.31 09:22:25.062,1.12036,1.1204,1.50,2.62
2015.08.31 09:22:27.440,1.12036,1.12041,4.12,1.87
2015.08.31 09:22:28.128,1.12037,1.1204,2.62,3.90
2015.08.31 09:22:28.432,1.12034,1.12036,1.00,1.37
2015.08.31 09:22:28.937,1.12033,1.12035,1.00,1.87
2015.08.31 09:22:29.525,1.12034,1.12036,1.87,1.12
2015.08.31 09:22:29.830,1.12036,1.12039,1.37,1.87
2015.08.31 09:22:30.185,1.12036,1.1204,1.87,1.12
2015.08.31 09:22:31.035,1.12036,1.12041,1.87,1.87
2015.08.31 09:22:32.262,1.12036,1.12041,1.87,1.87
2015.08.31 09:22:34.276,1.12036,1.12041,2.62,1.12
2015.08.31 09:22:34.786,1.12038,1.12042,2.25,1.00
2015.08.31 09:22:34.837,1.12038,1.12043,2.62,4.12
2015.08.31 09:22:35.952,1.1204,1.12044,1.00,2.62
2015.08.31 09:22:36.895,1.1204,1.12043,1.00,1.00
2015.08.31 09:22:41.009,1.12039,1.12041,3.00,1.00
2015.08.31 09:22:41.349,1.1204,1.12044,1.00,1.00
2015.08.31 09:22:43.578,1.12041,1.12044,1.00,1.50
2015.08.31 09:22:44.083,1.12042,1.12045,3.37,1.12
2015.08.31 09:22:45.160,1.12041,1.12044,2.25,1.00
2015.08.31 09:22:49.317,1.12041,1.12044,1.87,1.12
2015.08.31 09:22:49.895,1.12041,1.12045,1.87,4.87
2015.08.31 09:22:52.834,1.12041,1.12044,2.25,1.50
2015.08.31 09:22:53.278,1.12043,1.12045,2.50,1.87
2015.08.31 09:22:53.329,1.12045,1.12047,1.12,1.00
2015.08.31 09:22:53.482,1.12046,1.1205,5.25,2.25
2015.08.31 09:22:53.737,1.12046,1.12048,1.50,1.00
2015.08.31 09:22:54.244,1.12045,1.12047,1.37,1.00
2015.08.31 09:22:54.751,1.12045,1.12048,1.37,2.25
2015.08.31 09:22:55.863,1.12045,1.12048,1.12,2.62
2015.08.31 09:22:56.409,1.12045,1.12048,1.37,2.62
2015.08.31 09:22:58.079,1.12046,1.12049,1.12,1.00
2015.08.31 09:22:58.334,1.12046,1.12051,2.25,4.12
2015.08.31 09:22:58.840,1.12047,1.12051,1.00,1.87
2015.08.31 09:22:59.396,1.12049,1.12051,1.00,1.87
2015.08.31 09:22:59.701,1.12054,1.12056,1.00,1.87
2015.08.31 09:23:00.255,1.12053,1.12055,1.00,2.25
2015.08.31 09:23:00.307,1.12052,1.12055,1.00,2.25
2015.08.31 09:23:00.461,1.1205,1.12053,1.37,1.00
2015.08.31 09:23:00.766,1.12047,1.12048,3.00,2.25
2015.08.31 09:23:00.817,1.12045,1.12048,1.50,3.00
2015.08.31 09:23:01.021,1.12047,1.12049,1.00,6.75
2015.08.31 09:23:01.347,1.12048,1.1205,1.87,1.00
2015.08.31 09:23:01.954,1.12048,1.1205,1.87,1.00
2015.08.31 09:23:02.005,1.1205,1.12052,1.87,1.00
2015.08.31 09:23:02.107,1.1205,1.12054,5.25,1.00
2015.08.31 09:23:02.537,1.12051,1.12054,1.50,1.00
2015.08.31 09:23:02.892,1.12051,1.12056,2.62,1.12
2015.08.31 09:23:03.512,1.12053,1.12057,1.50,3.75
2015.08.31 09:23:03.563,1.12054,1.12057,1.50,3.00
2015.08.31 09:23:03.911,1.12056,1.12057,1.00,1.00
2015.08.31 09:23:03.962,1.12055,1.12057,1.00,1.00
2015.08.31 09:23:04.215,1.12054,1.12055,1.00,1.00
2015.08.31 09:23:04.419,1.1205,1.12052,6.00,1.50
2015.08.31 09:23:04.672,1.12048,1.12051,3.00,1.00
2015.08.31 09:23:04.775,1.12048,1.12049,2.62,1.50
2015.08.31 09:23:05.114,1.12046,1.12047,6.37,1.50
2015.08.31 09:23:05.368,1.12044,1.12045,6.37,3.00
2015.08.31 09:23:05.572,1.12044,1.12047,7.87,2.32
2015.08.31 09:23:06.209,1.12042,1.12045,1.12,1.00
2015.08.31 09:23:06.261,1.12041,1.12045,4.27,1.50
2015.08.31 09:23:06.768,1.12042,1.12044,1.00,1.00
2015.08.31 09:23:06.819,1.12041,1.12043,1.50,1.00
2015.08.31 09:23:07.175,1.12043,1.12045,1.00,1.12
2015.08.31 09:23:07.505,1.12044,1.12047,1.37,1.00
2015.08.31 09:23:08.112,1.12043,1.12047,2.25,1.50
2015.08.31 09:23:09.029,1.12045,1.12047,6.37,1.00
2015.08.31 09:23:10.020,1.12045,1.12046,6.37,1.00
2015.08.31 09:23:12.173,1.12043,1.12046,10.12,1.00
2015.08.31 09:23:12.477,1.12041,1.12043,7.50,3.75
2015.08.31 09:23:12.781,1.12042,1.12044,6.37,1.12
2015.08.31 09:23:13.343,1.12043,1.12045,7.12,1.00
2015.08.31 09:23:13.931,1.12044,1.12045,6.37,1.00
2015.08.31 09:23:14.411,1.12042,1.12043,1.00,1.00
2015.08.31 09:23:14.841,1.12041,1.12045,1.00,1.00
2015.08.31 09:23:16.039,1.12042,1.12045,1.00,1.00
2015.08.31 09:23:16.842,1.12042,1.12044,1.00,1.20
2015.08.31 09:23:16.894,1.1204,1.12043,4.50,1.08
2015.08.31 09:23:17.400,1.12039,1.12041,1.37,1.10
2015.08.31 09:23:18.037,1.12037,1.1204,3.37,1.00
2015.08.31 09:23:18.089,1.12037,1.1204,1.12,1.00
2015.08.31 09:23:18.191,1.12038,1.1204,1.00,2.62
2015.08.31 09:23:18.293,1.12038,1.12039,1.00,1.00
2015.08.31 09:23:18.495,1.12036,1.12038,1.50,1.12
2015.08.31 09:23:19.178,1.12035,1.12038,2.25,1.12
2015.08.31 09:23:19.683,1.12031,1.12033,9.75,1.00
2015.08.31 09:23:19.836,1.1203,1.12032,3.75,1.00
2015.08.31 09:23:19.938,1.12028,1.12031,1.12,1.00
2015.08.31 09:23:20.465,1.12027,1.12032,3.37,1.50
2015.08.31 09:23:22.081,1.12027,1.12029,4.50,1.00
2015.08.31 09:23:22.183,1.12026,1.12028,2.62,5.25
2015.08.31 09:23:22.285,1.12024,1.12025,3.75,1.50
2015.08.31 09:23:22.437,1.12024,1.12025,1.50,2.25
2015.08.31 09:23:22.488,1.12021,1.12023,8.25,1.00
2015.08.31 09:23:22.821,1.12016,1.12017,2.25,1.00
2015.08.31 09:23:22.872,1.12015,1.12017,1.50,1.00
2015.08.31 09:23:23.277,1.12013,1.12016,1.00,2.25
2015.08.31 09:23:24.029,1.12013,1.12017,1.50,3.00
2015.08.31 09:23:24.535,1.12014,1.12017,1.00,3.00
2015.08.31 09:23:25.041,1.12015,1.12017,1.00,1.50
2015.08.31 09:23:26.758,1.12015,1.12018,1.00,1.20
2015.08.31 09:23:29.622,1.12015,1.12017,1.00,1.00
2015.08.31 09:23:29.774,1.12013,1.12017,1.12,1.00
2015.08.31 09:23:30.551,1.12012,1.12017,1.87,3.37
2015.08.31 09:23:32.046,1.12012,1.12016,1.87,1.00
2015.08.31 09:23:32.552,1.12012,1.12015,1.12,1.00
2015.08.31 09:23:33.102,1.12012,1.12016,1.12,1.00
2015.08.31 09:23:33.917,1.12012,1.12015,1.12,1.00
2015.08.31 09:23:34.462,1.12012,1.12016,1.12,1.00
2015.08.31 09:23:35.862,1.12012,1.12016,1.50,1.00
2015.08.31 09:23:39.785,1.12015,1.12016,1.00,1.00
2015.08.31 09:23:40.089,1.12016,1.12019,1.50,2.10
2015.08.31 09:23:40.140,1.12016,1.12019,1.87,1.20
2015.08.31 09:23:40.664,1.12017,1.1202,1.00,2.25
2015.08.31 09:23:41.473,1.12017,1.12021,1.00,1.50
2015.08.31 09:23:42.033,1.12017,1.12021,1.87,1.50
2015.08.31 09:23:42.539,1.12019,1.12021,2.25,1.00
2015.08.31 09:23:42.843,1.12019,1.12022,2.62,2.32
2015.08.31 09:23:42.945,1.12021,1.12022,1.00,1.50
2015.08.31 09:23:43.428,1.12021,1.12025,2.25,6.07
2015.08.31 09:23:43.480,1.12023,1.12025,1.00,3.82
2015.08.31 09:23:43.784,1.12027,1.12029,1.50,1.00
2015.08.31 09:23:43.835,1.12027,1.12031,1.87,1.87
2015.08.31 09:23:44.531,1.1203,1.12031,1.50,1.00
2015.08.31 09:23:46.243,1.1203,1.12032,2.25,1.00
2015.08.31 09:23:47.001,1.1203,1.12032,2.25,1.00
2015.08.31 09:23:48.093,1.1203,1.12032,2.25,1.00
2015.08.31 09:23:48.447,1.12029,1.12031,5.25,3.25
2015.08.31 09:23:48.875,1.12017,1.12018,5.40,1.12
2015.08.31 09:23:48.926,1.12015,1.12018,2.62,3.37
2015.08.31 09:23:48.977,1.12015,1.12018,1.50,3.75
2015.08.31 09:23:50.450,1.12014,1.12017,2.25,1.50
2015.08.31 09:23:51.070,1.12015,1.12018,1.00,3.75
2015.08.31 09:23:54.581,1.12014,1.12017,1.50,1.50
2015.08.31 09:23:55.467,1.12015,1.12017,1.00,1.50
2015.08.31 09:23:56.578,1.12014,1.12017,1.50,1.50
2015.08.31 09:23:57.404,1.12015,1.12017,1.00,1.50
2015.08.31 09:23:58.013,1.12015,1.12016,1.00,1.12
2015.08.31 09:23:58.793,1.12014,1.12016,1.00,1.50
2015.08.31 09:23:59.367,1.12013,1.12014,1.50,1.00
2015.08.31 09:23:59.621,1.12009,1.1201,1.12,1.00
2015.08.31 09:23:59.903,1.12005,1.12008,8.25,4.87
2015.08.31 09:23:59.955,1.12005,1.12008,1.50,4.87
2015.08.31 09:24:01.486,1.12003,1.12007,1.00,1.37
2015.08.31 09:24:02.111,1.12003,1.12007,1.00,1.42
2015.08.31 09:24:02.213,1.12002,1.12006,1.50,4.12
2015.08.31 09:24:02.737,1.12002,1.12006,1.50,3.37
2015.08.31 09:24:03.792,1.12002,1.12006,1.50,2.62
2015.08.31 09:24:04.307,1.12002,1.12006,1.12,2.62
2015.08.31 09:24:06.105,1.12,1.12002,5.62,1.00
2015.08.31 09:24:06.452,1.11989,1.1199,2.25,1.50
2015.08.31 09:24:06.554,1.11987,1.1199,1.37,8.32
2015.08.31 09:24:06.655,1.11987,1.1199,1.00,9.82
2015.08.31 09:24:06.706,1.11986,1.11988,1.87,1.00
2015.08.31 09:24:06.758,1.11985,1.11987,1.50,1.00
2015.08.31 09:24:06.809,1.11983,1.11985,3.00,1.00
2015.08.31 09:24:07.349,1.11984,1.11985,1.50,1.00
2015.08.31 09:24:07.661,1.11985,1.11986,1.00,1.00
2015.08.31 09:24:07.813,1.11989,1.11991,1.00,3.07
2015.08.31 09:24:08.016,1.1199,1.11993,1.50,1.00
2015.08.31 09:24:09.420,1.11992,1.11994,1.00,1.87
2015.08.31 09:24:09.957,1.11993,1.11994,1.00,1.00
2015.08.31 09:24:11.904,1.11992,1.11994,1.50,1.12
2015.08.31 09:24:13.299,1.11991,1.11993,1.50,1.00
2015.08.31 09:24:13.832,1.11991,1.11995,1.50,2.62
2015.08.31 09:24:14.345,1.11992,1.11994,1.50,1.12
2015.08.31 09:24:14.873,1.11991,1.11995,1.00,6.37
2015.08.31 09:24:15.480,1.11991,1.11994,1.00,1.37
2015.08.31 09:24:16.268,1.11991,1.11994,1.00,1.50
2015.08.31 09:24:16.926,1.1199,1.11995,2.62,4.12
2015.08.31 09:24:18.514,1.11991,1.11994,1.00,1.12
2015.08.31 09:24:19.718,1.1199,1.11992,2.25,1.00
2015.08.31 09:24:20.203,1.11982,1.11983,2.25,1.00
2015.08.31 09:24:20.255,1.11983,1.11986,1.50,1.87
2015.08.31 09:24:20.762,1.11982,1.11986,2.25,1.37
2015.08.31 09:24:21.878,1.11982,1.11984,2.25,1.00
2015.08.31 09:24:22.385,1.11982,1.11985,2.25,1.12
2015.08.31 09:24:22.921,1.11982,1.11984,1.00,1.12
2015.08.31 09:24:22.972,1.11979,1.11981,1.87,1.00
2015.08.31 09:24:23.074,1.11978,1.1198,1.50,1.50
2015.08.31 09:24:23.429,1.11976,1.11977,1.00,1.00
2015.08.31 09:24:23.480,1.11975,1.11977,2.25,1.00
2015.08.31 09:24:23.683,1.11972,1.11976,3.82,1.00
2015.08.31 09:24:24.199,1.11973,1.11976,2.25,1.00
2015.08.31 09:24:24.706,1.11972,1.11975,1.00,1.87
2015.08.31 09:24:25.638,1.11971,1.11975,1.12,2.62
2015.08.31 09:24:26.421,1.11971,1.11975,3.37,3.37
2015.08.31 09:24:26.574,1.11972,1.11975,1.12,2.25
2015.08.31 09:24:26.827,1.11975,1.11977,1.50,2.62
2015.08.31 09:24:26.879,1.11975,1.11978,1.87,2.25
2015.08.31 09:24:27.132,1.11975,1.11977,1.00,1.50
2015.08.31 09:24:27.183,1.11975,1.11977,1.37,1.87
2015.08.31 09:24:27.336,1.11974,1.11975,1.00,3.00
2015.08.31 09:24:27.884,1.11973,1.11975,1.12,2.25
2015.08.31 09:24:28.391,1.11972,1.11973,1.00,1.00
2015.08.31 09:24:29.268,1.11972,1.11974,1.37,2.25
2015.08.31 09:24:29.775,1.11974,1.11975,1.00,3.00
2015.08.31 09:24:30.711,1.11971,1.11973,4.12,1.00
2015.08.31 09:24:31.221,1.11971,1.11973,4.12,1.00
2015.08.31 09:24:31.903,1.11974,1.11976,1.50,1.00
2015.08.31 09:24:32.940,1.11974,1.11975,1.00,1.00
2015.08.31 09:24:33.484,1.11974,1.11975,1.00,1.00
2015.08.31 09:24:34.091,1.11972,1.11974,1.37,1.00
2015.08.31 09:24:34.596,1.11972,1.11974,1.00,1.00
2015.08.31 09:24:36.087,1.11972,1.11974,1.50,1.00
2015.08.31 09:24:36.724,1.11972,1.11975,1.50,1.00
2015.08.31 09:24:36.926,1.11973,1.11977,1.00,4.12
2015.08.31 09:24:38.918,1.11973,1.11976,1.50,1.00
2015.08.31 09:24:40.658,1.11972,1.11975,1.50,1.00
2015.08.31 09:24:41.349,1.11971,1.11975,2.25,1.00
2015.08.31 09:24:41.857,1.11972,1.11975,1.00,3.00
2015.08.31 09:24:42.322,1.1197,1.11972,4.87,1.00
2015.08.31 09:24:42.373,1.11971,1.11973,1.50,1.00
2015.08.31 09:24:42.424,1.1197,1.11971,1.12,1.50
2015.08.31 09:24:42.475,1.11968,1.11971,1.87,2.25
2015.08.31 09:24:42.981,1.11968,1.1197,1.00,1.00
2015.08.31 09:24:43.449,1.11967,1.11971,4.12,3.39
2015.08.31 09:24:43.855,1.11966,1.1197,1.87,3.16
2015.08.31 09:24:43.956,1.11966,1.1197,1.87,3.00
2015.08.31 09:24:44.209,1.11967,1.1197,1.50,1.50
2015.08.31 09:24:44.464,1.1197,1.11973,1.00,1.50
2015.08.31 09:24:44.804,1.11971,1.11975,1.00,2.62
2015.08.31 09:24:45.311,1.11971,1.11974,1.00,1.00
2015.08.31 09:24:47.495,1.11971,1.11974,1.87,1.00
2015.08.31 09:24:47.962,1.11972,1.11976,1.00,1.50
2015.08.31 09:24:48.505,1.11973,1.11976,1.00,1.50
2015.08.31 09:24:49.011,1.11974,1.11976,1.00,1.50
2015.08.31 09:24:49.390,1.11972,1.11976,1.50,3.00
2015.08.31 09:24:49.896,1.11973,1.11976,1.00,3.00
2015.08.31 09:24:50.610,1.11972,1.11976,1.50,2.25
2015.08.31 09:24:59.057,1.11971,1.11976,3.37,2.62
2015.08.31 09:24:59.589,1.11971,1.11976,2.25,3.37
2015.08.31 09:25:03.366,1.11972,1.11976,1.00,1.87
2015.08.31 09:25:03.620,1.11972,1.11977,2.25,1.87
2015.08.31 09:25:04.264,1.11972,1.11977,3.00,1.87
2015.08.31 09:25:08.974,1.11972,1.11977,1.50,3.00
2015.08.31 09:25:10.145,1.11973,1.11977,1.00,2.25
2015.08.31 09:25:10.196,1.11975,1.11977,1.00,1.50
2015.08.31 09:25:10.510,1.11981,1.11983,3.37,1.00
2015.08.31 09:25:10.763,1.11982,1.11985,1.00,1.50
2015.08.31 09:25:11.268,1.11982,1.11986,1.50,1.00
2015.08.31 09:25:12.366,1.11984,1.11987,1.00,2.25
2015.08.31 09:25:13.573,1.11984,1.11987,1.00,2.62
2015.08.31 09:25:14.996,1.11981,1.11986,3.75,2.62
2015.08.31 09:25:16.641,1.11981,1.11986,4.50,2.25
2015.08.31 09:25:16.692,1.11982,1.11986,3.37,1.50
2015.08.31 09:25:16.794,1.11983,1.11988,2.25,1.12
2015.08.31 09:25:17.198,1.11982,1.11987,2.25,3.00
2015.08.31 09:25:20.667,1.11982,1.11986,2.25,1.00
2015.08.31 09:25:21.308,1.11983,1.11986,1.00,1.00
2015.08.31 09:25:22.307,1.11982,1.11986,1.50,1.00
2015.08.31 09:25:24.019,1.11982,1.11984,1.50,1.00
2015.08.31 09:25:24.322,1.11978,1.11982,2.25,1.00
2015.08.31 09:25:24.373,1.1198,1.11983,1.00,1.00
2015.08.31 09:25:24.906,1.11981,1.11985,1.00,1.50
2015.08.31 09:25:30.297,1.11981,1.11982,1.00,1.50
2015.08.31 09:25:30.449,1.11978,1.11982,3.00,2.25
2015.08.31 09:25:30.969,1.11977,1.1198,4.12,1.00
2015.08.31 09:25:32.337,1.11977,1.11981,3.37,5.62
2015.08.31 09:25:32.641,1.11974,1.11976,2.25,1.00
2015.08.31 09:25:33.147,1.11976,1.11977,1.50,2.62
2015.08.31 09:25:33.427,1.11983,1.11985,2.25,1.00
2015.08.31 09:25:33.529,1.11983,1.11987,3.00,1.50
2015.08.31 09:25:33.630,1.11985,1.11987,13.97,1.50
2015.08.31 09:25:33.783,1.11988,1.11991,1.87,1.10
2015.08.31 09:25:34.443,1.1199,1.11994,1.00,1.50
2015.08.31 09:25:34.953,1.11991,1.11995,3.15,1.00
2015.08.31 09:25:35.651,1.11993,1.11996,1.00,1.50
2015.08.31 09:25:36.157,1.11993,1.11997,1.00,2.32
2015.08.31 09:25:36.887,1.11992,1.11996,1.65,1.50
2015.08.31 09:25:37.429,1.11992,1.11995,1.00,1.00
2015.08.31 09:25:38.260,1.11994,1.11996,1.00,1.00
2015.08.31 09:25:38.564,1.11996,1.12001,3.75,1.50
2015.08.31 09:25:38.918,1.11996,1.11999,3.00,1.00
2015.08.31 09:25:39.121,1.11996,1.12001,3.25,1.00
2015.08.31 09:25:39.664,1.11997,1.12001,1.50,1.00
2015.08.31 09:25:40.170,1.11997,1.12002,3.25,1.50
2015.08.31 09:25:40.475,1.11997,1.12002,5.24,1.00
2015.08.31 09:25:41.105,1.12,1.12004,2.25,3.00
2015.08.31 09:25:41.257,1.12002,1.12005,1.50,1.50
2015.08.31 09:25:41.763,1.12003,1.12006,1.00,1.00
2015.08.31 09:25:42.406,1.12003,1.12007,1.00,1.00
2015.08.31 09:25:42.915,1.12002,1.12007,3.75,3.75
2015.08.31 09:25:43.422,1.12002,1.12006,1.50,1.50
2015.08.31 09:25:44.620,1.12004,1.12006,1.00,1.00
2015.08.31 09:25:45.128,1.12003,1.12006,1.00,1.00
2015.08.31 09:25:45.634,1.12002,1.12006,1.50,2.25
2015.08.31 09:25:46.448,1.12001,1.12006,1.50,3.00
2015.08.31 09:25:47.233,1.12002,1.12006,1.00,4.12
2015.08.31 09:25:47.748,1.12002,1.12005,1.00,1.00
2015.08.31 09:25:48.651,1.12004,1.12006,1.00,2.25
2015.08.31 09:25:48.753,1.12004,1.12008,3.75,3.75
2015.08.31 09:25:49.262,1.12002,1.12007,2.25,2.25
2015.08.31 09:25:50.377,1.12002,1.12006,3.00,1.00
2015.08.31 09:25:51.489,1.12002,1.12007,3.00,3.37
2015.08.31 09:25:51.641,1.12005,1.12008,1.00,6.37
2015.08.31 09:25:52.032,1.12005,1.12007,1.12,1.00
2015.08.31 09:25:52.083,1.12005,1.12009,1.12,1.50
2015.08.31 09:25:52.590,1.12005,1.12008,1.50,1.00
2015.08.31 09:25:53.377,1.12005,1.12009,1.50,3.75
2015.08.31 09:25:53.630,1.12003,1.12004,1.00,2.25
2015.08.31 09:25:53.783,1.12001,1.12004,1.12,2.25
2015.08.31 09:25:54.389,1.12004,1.12005,1.00,2.25
2015.08.31 09:25:54.668,1.12005,1.12008,1.12,1.00
2015.08.31 09:25:55.174,1.12006,1.12009,1.00,1.00
2015.08.31 09:25:55.906,1.12006,1.12008,1.00,1.00
2015.08.31 09:25:55.957,1.12004,1.12008,1.00,1.00
2015.08.31 09:25:56.463,1.12003,1.12008,2.25,3.00
2015.08.31 09:25:59.785,1.12003,1.12005,2.25,2.25
2015.08.31 09:25:59.937,1.12001,1.12004,2.32,2.25
2015.08.31 09:26:00.443,1.12001,1.12003,1.00,1.00
2015.08.31 09:26:01.119,1.12,1.12003,1.00,1.50
2015.08.31 09:26:01.473,1.11999,1.12001,2.25,1.00
2015.08.31 09:26:01.777,1.12,1.12003,1.00,4.57
2015.08.31 09:26:06.628,1.12,1.12004,1.87,6.37
2015.08.31 09:26:12.969,1.12001,1.12004,1.00,2.25
2015.08.31 09:26:13.429,1.12003,1.12005,3.75,1.00
2015.08.31 09:26:13.950,1.12004,1.12006,3.75,1.50
2015.08.31 09:26:15.323,1.12003,1.12004,3.75,1.00
2015.08.31 09:26:15.475,1.12001,1.12004,1.50,1.00
2015.08.31 09:26:16.413,1.12001,1.12003,1.00,1.00
2015.08.31 09:26:16.918,1.12,1.12003,2.25,1.00
2015.08.31 09:26:17.322,1.12,1.12005,1.50,8.62
2015.08.31 09:26:18.030,1.12001,1.12005,2.25,10.12
2015.08.31 09:26:21.740,1.12,1.12004,2.25,1.00
2015.08.31 09:26:22.425,1.12,1.12003,2.25,1.00
2015.08.31 09:26:22.530,1.11998,1.11999,4.50,3.75
2015.08.31 09:26:22.733,1.11997,1.11999,2.62,2.40
2015.08.31 09:26:22.936,1.11995,1.11999,1.00,1.50
2015.08.31 09:26:22.987,1.11995,1.11997,1.50,1.00
2015.08.31 09:26:23.190,1.11994,1.11996,1.00,1.00
2015.08.31 09:26:23.553,1.11995,1.11997,1.00,2.25
2015.08.31 09:26:23.605,1.11996,1.11999,2.25,1.00
2015.08.31 09:26:23.925,1.11998,1.11999,1.00,1.00
2015.08.31 09:26:23.976,1.12,1.12001,1.00,2.32
2015.08.31 09:26:24.229,1.12,1.12004,1.50,1.10
2015.08.31 09:26:24.759,1.12001,1.12003,2.25,1.00
2015.08.31 09:26:24.962,1.12001,1.12005,2.25,5.62
2015.08.31 09:26:25.428,1.12001,1.12003,2.25,1.00
2015.08.31 09:26:25.885,1.12001,1.12005,3.00,3.75
2015.08.31 09:26:26.179,1.12003,1.12005,2.50,1.50
2015.08.31 09:26:26.787,1.12001,1.12005,1.12,1.00
2015.08.31 09:26:28.094,1.12002,1.12005,1.00,1.00
2015.08.31 09:26:28.700,1.12002,1.12004,1.00,1.00
2015.08.31 09:26:29.105,1.12,1.12003,7.12,1.00
2015.08.31 09:26:30.901,1.12001,1.12003,1.00,1.00
2015.08.31 09:26:32.015,1.12001,1.12003,1.00,1.00
2015.08.31 09:26:32.343,1.12003,1.12005,1.00,2.25
2015.08.31 09:26:32.598,1.12005,1.12006,1.00,2.25
2015.08.31 09:26:33.104,1.12005,1.12007,1.00,1.00
2015.08.31 09:26:33.639,1.12005,1.12007,1.00,1.00
2015.08.31 09:26:34.154,1.12004,1.12007,2.62,1.00
2015.08.31 09:26:35.148,1.12004,1.12007,1.87,1.00
2015.08.31 09:26:36.024,1.12004,1.12007,2.62,1.00
2015.08.31 09:26:36.800,1.12004,1.12006,2.62,1.00
2015.08.31 09:26:37.003,1.12003,1.12005,1.87,1.00
2015.08.31 09:26:37.054,1.12003,1.12005,2.62,1.00
2015.08.31 09:26:37.206,1.12009,1.1201,2.25,1.50
2015.08.31 09:26:37.514,1.12009,1.12011,1.00,1.00
2015.08.31 09:26:37.929,1.12007,1.12011,1.00,1.50
2015.08.31 09:26:38.462,1.12007,1.1201,1.00,1.00
2015.08.31 09:26:39.387,1.12007,1.12011,1.00,1.50
2015.08.31 09:26:39.488,1.12006,1.12009,2.25,1.00
2015.08.31 09:26:40.021,1.12009,1.1201,1.50,1.50
2015.08.31 09:26:40.122,1.1201,1.12013,1.00,1.50
2015.08.31 09:26:41.268,1.12009,1.12014,3.00,2.25
2015.08.31 09:26:41.774,1.12009,1.12014,1.50,2.50
2015.08.31 09:26:42.348,1.12009,1.12014,2.25,1.50
2015.08.31 09:26:43.757,1.12009,1.12014,2.62,4.50
2015.08.31 09:26:44.672,1.12009,1.12011,1.00,2.25
2015.08.31 09:26:44.724,1.12006,1.12011,3.37,3.25
2015.08.31 09:26:45.637,1.12005,1.1201,2.62,2.25
2015.08.31 09:26:49.595,1.12005,1.12009,1.00,1.50
2015.08.31 09:26:52.714,1.12004,1.12009,2.25,2.25
2015.08.31 09:26:53.219,1.12005,1.1201,1.50,4.50
2015.08.31 09:26:54.337,1.12004,1.12009,3.75,1.50
2015.08.31 09:26:55.766,1.12004,1.12008,1.00,1.50
2015.08.31 09:26:57.610,1.12003,1.12008,4.87,1.50
2015.08.31 09:26:58.065,1.12007,1.12008,1.50,1.50
2015.08.31 09:26:58.170,1.1201,1.12011,3.75,1.50
2015.08.31 09:26:58.515,1.12007,1.1201,1.00,1.12
2015.08.31 09:26:58.617,1.12005,1.1201,2.25,4.12
2015.08.31 09:26:58.972,1.12004,1.12008,2.25,2.32
2015.08.31 09:26:59.478,1.12003,1.12007,1.00,1.87
2015.08.31 09:27:01.492,1.12004,1.12008,1.21,5.47
2015.08.31 09:27:01.543,1.12003,1.12007,1.87,1.00
2015.08.31 09:27:02.049,1.12003,1.12007,1.00,2.62
2015.08.31 09:27:02.689,1.12003,1.12007,1.00,2.62
2015.08.31 09:27:03.694,1.12002,1.12007,2.62,4.12
2015.08.31 09:27:04.475,1.12002,1.12005,1.12,1.00
2015.08.31 09:27:04.677,1.12002,1.12007,1.50,4.12
2015.08.31 09:27:05.204,1.12001,1.12006,2.62,1.50
2015.08.31 09:27:05.912,1.12003,1.12006,1.00,1.00
2015.08.31 09:27:07.754,1.12002,1.12006,1.00,1.50
2015.08.31 09:27:08.515,1.12003,1.12006,1.00,1.50
2015.08.31 09:27:09.425,1.12003,1.12007,1.00,2.62
2015.08.31 09:27:12.221,1.12003,1.12006,1.00,1.00
2015.08.31 09:27:14.267,1.12004,1.12006,1.00,1.00
2015.08.31 09:27:14.974,1.12004,1.12008,2.25,1.00
2015.08.31 09:27:15.462,1.12006,1.12008,1.00,1.00
2015.08.31 09:27:15.970,1.12006,1.12009,1.00,1.00
2015.08.31 09:27:16.577,1.12007,1.1201,1.00,3.00
2015.08.31 09:27:17.117,1.12007,1.12011,1.00,3.00
2015.08.31 09:27:17.674,1.12008,1.12011,1.00,3.00
2015.08.31 09:27:17.978,1.12011,1.12013,1.00,1.00
2015.08.31 09:27:21.870,1.1201,1.12013,3.15,1.00
2015.08.31 09:27:22.478,1.1201,1.12012,1.00,1.00
2015.08.31 09:27:22.783,1.12009,1.1201,1.50,1.00
2015.08.31 09:27:23.142,1.12009,1.12012,1.50,2.25
2015.08.31 09:27:26.207,1.12009,1.12014,1.12,5.62
2015.08.31 09:27:30.351,1.12011,1.12014,1.00,4.50
2015.08.31 09:27:30.861,1.12012,1.12014,1.00,1.00
2015.08.31 09:27:31.377,1.12012,1.12015,1.00,3.00
2015.08.31 09:27:34.995,1.12012,1.12014,1.00,1.12
2015.08.31 09:27:35.046,1.1201,1.12014,5.25,1.12
2015.08.31 09:27:36.084,1.12011,1.12014,3.00,1.00
2015.08.31 09:27:36.136,1.12012,1.12016,1.50,2.70
2015.08.31 09:27:36.641,1.12013,1.12016,1.00,1.95
2015.08.31 09:27:42.684,1.12013,1.12015,1.00,1.00
2015.08.31 09:27:43.258,1.12013,1.12016,1.00,1.57
2015.08.31 09:27:46.588,1.12013,1.12015,1.00,1.00
2015.08.31 09:27:47.792,1.12013,1.12016,1.00,1.10
2015.08.31 09:27:51.019,1.12012,1.12016,1.87,1.10
2015.08.31 09:27:51.526,1.12013,1.12016,1.00,1.10
2015.08.31 09:27:52.726,1.12014,1.12016,6.37,1.57
2015.08.31 09:27:53.282,1.12013,1.12016,1.50,1.57
2015.08.31 09:27:54.761,1.12012,1.12016,2.62,1.57
2015.08.31 09:28:01.591,1.12011,1.12015,4.57,1.00
2015.08.31 09:28:02.097,1.12011,1.12015,6.45,1.00
2015.08.31 09:28:04.891,1.12011,1.12016,7.20,3.07
2015.08.31 09:28:05.677,1.12011,1.12013,6.45,1.00
2015.08.31 09:28:06.084,1.1201,1.12011,1.00,1.00
2015.08.31 09:28:06.482,1.1201,1.12013,1.00,1.50
2015.08.31 09:28:07.259,1.1201,1.12014,1.00,4.12
2015.08.31 09:28:07.945,1.1201,1.12013,1.00,1.50
2015.08.31 09:28:08.487,1.1201,1.12014,1.00,4.12
2015.08.31 09:28:09.030,1.1201,1.12013,1.00,1.00
2015.08.31 09:28:10.687,1.1201,1.12012,1.00,1.00
2015.08.31 09:28:12.678,1.1201,1.12011,1.00,1.00
2015.08.31 09:28:13.186,1.12009,1.1201,3.75,1.00
2015.08.31 09:28:13.768,1.12009,1.1201,1.00,1.00
2015.08.31 09:28:14.283,1.12009,1.12011,1.00,1.12
2015.08.31 09:28:14.890,1.12009,1.1201,1.00,1.00
2015.08.31 09:28:19.425,1.12009,1.12012,1.87,2.62
2015.08.31 09:28:19.477,1.12011,1.12013,3.00,1.12
2015.08.31 09:28:19.579,1.12011,1.12015,4.50,4.12
2015.08.31 09:28:20.878,1.12013,1.12015,2.50,1.50
2015.08.31 09:28:21.976,1.12011,1.12015,1.00,5.25
2015.08.31 09:28:24.175,1.12013,1.12015,2.50,3.00
2015.08.31 09:28:25.716,1.12014,1.12016,1.00,1.57
2015.08.31 09:28:30.748,1.12013,1.12015,2.50,1.00
2015.08.31 09:28:31.044,1.12011,1.12015,5.25,1.50
2015.08.31 09:28:36.306,1.12011,1.12014,2.25,1.00
2015.08.31 09:28:36.821,1.12011,1.12013,2.25,1.00
2015.08.31 09:28:38.027,1.12011,1.12014,2.25,5.32
2015.08.31 09:28:38.532,1.12011,1.12013,2.25,1.50
2015.08.31 09:28:39.327,1.12011,1.12014,2.25,5.70
2015.08.31 09:28:39.834,1.12011,1.12013,3.00,1.00
2015.08.31 09:28:42.839,1.12011,1.12014,3.00,1.00
2015.08.31 09:28:43.349,1.12011,1.12013,3.75,1.00
2015.08.31 09:28:47.889,1.12013,1.12015,2.50,2.25
2015.08.31 09:28:48.194,1.12014,1.12017,1.00,2.25
2015.08.31 09:28:49.776,1.12013,1.12015,4.12,1.00
2015.08.31 09:28:53.614,1.12015,1.12016,1.50,1.00
2015.08.31 09:28:54.001,1.12016,1.12018,3.00,4.50
2015.08.31 09:28:54.153,1.12015,1.12017,5.62,1.00
2015.08.31 09:28:55.078,1.12014,1.12016,1.50,1.00
2015.08.31 09:28:55.783,1.12014,1.12016,1.50,1.00
2015.08.31 09:29:04.480,1.12013,1.12015,3.37,1.00
2015.08.31 09:29:05.608,1.12013,1.12015,3.37,1.00
2015.08.31 09:29:07.691,1.12016,1.12017,1.00,1.00
2015.08.31 09:29:07.795,1.12018,1.1202,4.37,2.32
2015.08.31 09:29:07.948,1.1202,1.12023,1.50,2.25
2015.08.31 09:29:08.457,1.12021,1.12023,1.00,1.00
2015.08.31 09:29:09.254,1.12021,1.12024,1.50,1.00
2015.08.31 09:29:10.519,1.12021,1.12023,1.50,3.00
2015.08.31 09:29:11.027,1.12022,1.12023,1.00,3.00
2015.08.31 09:29:11.331,1.12033,1.12036,10.12,1.05
2015.08.31 09:29:11.602,1.12037,1.12039,4.12,2.25
2015.08.31 09:29:12.112,1.12037,1.12038,1.00,1.50
2015.08.31 09:29:12.168,1.12034,1.12037,3.52,1.50
2015.08.31 09:29:14.671,1.12034,1.12036,1.00,1.50
2015.08.31 09:29:14.926,1.12032,1.12034,3.37,1.50
2015.08.31 09:29:19.253,1.12033,1.12035,1.00,1.50
2015.08.31 09:29:20.641,1.12033,1.12036,1.00,1.00
2015.08.31 09:29:22.303,1.12033,1.12037,1.00,1.50
2015.08.31 09:29:25.310,1.12033,1.12035,1.00,1.00
2015.08.31 09:29:25.832,1.12033,1.12036,1.00,1.00
2015.08.31 09:29:26.935,1.12033,1.12037,1.00,1.87
2015.08.31 09:29:28.804,1.12033,1.12036,1.00,1.00
2015.08.31 09:29:29.107,1.12031,1.12034,1.50,1.00
2015.08.31 09:29:29.615,1.12031,1.12033,1.50,1.00
2015.08.31 09:29:33.750,1.12031,1.12036,1.87,5.25
2015.08.31 09:29:33.852,1.12034,1.12036,1.00,2.25
2015.08.31 09:29:34.155,1.12034,1.12038,1.50,4.50
2015.08.31 09:29:34.851,1.12034,1.12037,2.25,1.00
2015.08.31 09:29:37.795,1.12035,1.12037,1.00,1.00
2015.08.31 09:29:40.956,1.12035,1.12036,1.00,3.00
2015.08.31 09:29:41.007,1.12031,1.12034,1.57,4.50
2015.08.31 09:29:41.297,1.12029,1.1203,1.50,1.00
2015.08.31 09:29:41.449,1.12029,1.12031,1.00,1.50
2015.08.31 09:29:42.410,1.12029,1.12032,3.75,1.00
2015.08.31 09:29:42.461,1.1203,1.12034,2.62,1.00
2015.08.31 09:29:45.949,1.1203,1.12033,1.87,1.00
2015.08.31 09:29:46.614,1.12029,1.12032,1.87,1.00
2015.08.31 09:29:48.472,1.1203,1.12032,1.00,1.00
2015.08.31 09:29:48.725,1.1203,1.12032,1.00,1.00
2015.08.31 09:29:48.877,1.1203,1.12034,1.00,3.00
2015.08.31 09:29:49.384,1.12029,1.12034,3.00,3.00
2015.08.31 09:29:50.136,1.12029,1.12034,3.28,3.00
2015.08.31 09:29:50.440,1.1203,1.12034,1.41,2.25
2015.08.31 09:29:50.490,1.1203,1.12034,1.12,2.25
2015.08.31 09:29:50.700,1.12029,1.12031,3.00,1.00
2015.08.31 09:29:51.282,1.12029,1.12031,2.62,1.00
2015.08.31 09:29:51.790,1.12028,1.12031,6.00,1.00
2015.08.31 09:29:53.419,1.12029,1.12034,1.87,2.25
2015.08.31 09:29:54.201,1.12029,1.12031,1.87,1.00
2015.08.31 09:29:54.504,1.12031,1.12033,2.25,1.00
2015.08.31 09:29:54.656,1.12033,1.12035,1.00,1.00
2015.08.31 09:29:55.302,1.12033,1.12036,2.25,2.25
2015.08.31 09:29:55.959,1.12033,1.12035,1.00,1.00
2015.08.31 09:29:56.465,1.12032,1.12034,3.37,1.00
2015.08.31 09:29:58.094,1.12033,1.12035,2.25,1.00
2015.08.31 09:29:58.628,1.12033,1.12035,1.00,1.00
2015.08.31 09:29:59.146,1.12033,1.12035,1.00,1.00
2015.08.31 09:29:59.901,1.12032,1.12034,5.25,1.00
2015.08.31 09:30:00.583,1.12032,1.12035,6.00,1.00
2015.08.31 09:30:01.241,1.12034,1.12036,4.50,1.00
2015.08.31 09:30:01.545,1.12036,1.12038,2.25,1.00
2015.08.31 09:30:02.033,1.12035,1.12037,1.50,1.50
2015.08.31 09:30:02.136,1.12033,1.12035,1.00,1.00
2015.08.31 09:30:04.570,1.12033,1.12036,1.12,1.50
2015.08.31 09:30:07.752,1.12033,1.12036,2.25,1.00
2015.08.31 09:30:08.489,1.12035,1.12036,1.00,1.00
2015.08.31 09:30:08.998,1.12034,1.12036,2.25,1.00
2015.08.31 09:30:13.472,1.12033,1.12035,3.37,1.00
2015.08.31 09:30:13.906,1.12032,1.12034,1.10,1.00
2015.08.31 09:30:15.175,1.12031,1.12034,6.45,2.25
2015.08.31 09:30:15.712,1.12032,1.12034,1.00,2.25
2015.08.31 09:30:16.080,1.12033,1.12036,2.62,1.50
2015.08.31 09:30:18.181,1.12032,1.12035,4.12,1.00
2015.08.31 09:30:18.992,1.12033,1.12035,1.00,2.25
2015.08.31 09:30:19.499,1.12032,1.12034,1.12,1.00
2015.08.31 09:30:20.007,1.12031,1.12033,1.50,1.00
2015.08.31 09:30:20.824,1.12031,1.12034,1.50,3.00
2015.08.31 09:30:21.380,1.12031,1.12033,1.50,1.00
2015.08.31 09:30:22.029,1.12031,1.12034,3.00,2.25
2015.08.31 09:30:22.080,1.12031,1.12034,3.37,2.25
2015.08.31 09:30:22.586,1.1203,1.12032,5.70,1.50
2015.08.31 09:30:22.688,1.1203,1.12031,2.32,1.00
2015.08.31 09:30:22.740,1.1203,1.12031,1.10,1.00
2015.08.31 09:30:23.286,1.1203,1.12032,1.50,1.00
2015.08.31 09:30:26.242,1.1203,1.12031,1.00,1.00
2015.08.31 09:30:26.445,1.12028,1.1203,4.12,1.00
2015.08.31 09:30:26.749,1.12029,1.12031,1.50,1.50
2015.08.31 09:30:27.256,1.12029,1.1203,1.87,1.50
2015.08.31 09:30:28.303,1.12029,1.1203,1.00,1.00
2015.08.31 09:30:29.004,1.12029,1.1203,2.25,1.50
2015.08.31 09:30:29.511,1.1203,1.12031,1.50,1.00
2015.08.31 09:30:30.017,1.12029,1.1203,1.50,1.50
2015.08.31 09:30:30.563,1.12029,1.1203,1.00,1.50
2015.08.31 09:30:32.311,1.12029,1.12031,1.00,2.25
2015.08.31 09:30:32.413,1.12031,1.12032,1.00,2.25
2015.08.31 09:30:32.970,1.1203,1.12031,1.50,1.00
2015.08.31 09:30:33.665,1.12031,1.12032,1.00,1.00
2015.08.31 09:30:36.619,1.12027,1.12028,8.62,1.12
2015.08.31 09:30:36.670,1.12026,1.12028,1.50,3.37
2015.08.31 09:30:36.772,1.12023,1.12025,1.57,3.00
2015.08.31 09:30:36.874,1.12022,1.12023,1.00,2.25
2015.08.31 09:30:37.178,1.12022,1.12023,1.00,1.50
2015.08.31 09:30:38.215,1.12021,1.12022,1.50,1.00
2015.08.31 09:30:38.987,1.12022,1.12023,1.00,1.00
2015.08.31 09:30:39.587,1.12022,1.12025,1.00,1.50
2015.08.31 09:30:39.639,1.12024,1.12025,6.00,1.00
2015.08.31 09:30:39.791,1.12029,1.1203,1.00,6.75
2015.08.31 09:30:39.842,1.12034,1.1204,8.11,32.62
2015.08.31 09:30:39.945,1.12035,1.12036,6.75,1.80
2015.08.31 09:30:40.047,1.12035,1.12037,5.25,1.00
2015.08.31 09:30:40.148,1.12038,1.12039,1.00,1.00
2015.08.31 09:30:40.456,1.12037,1.1204,1.00,2.25
2015.08.31 09:30:40.964,1.12038,1.1204,1.00,3.00
2015.08.31 09:30:41.920,1.12039,1.12041,1.50,2.25
2015.08.31 09:30:42.072,1.1204,1.12043,2.25,1.57
2015.08.31 09:30:42.123,1.1204,1.12044,5.62,2.32
2015.08.31 09:30:43.161,1.12041,1.12042,3.37,1.50
2015.08.31 09:30:43.415,1.12039,1.1204,1.00,1.00
2015.08.31 09:30:43.922,1.12037,1.1204,5.25,1.00
2015.08.31 09:30:44.466,1.12038,1.1204,1.37,1.00
2015.08.31 09:30:44.997,1.12037,1.1204,3.75,1.00
2015.08.31 09:30:47.029,1.12037,1.12039,1.12,1.00
2015.08.31 09:30:47.537,1.12038,1.1204,1.50,1.00
2015.08.31 09:30:48.038,1.12036,1.12038,3.75,1.00
2015.08.31 09:30:48.241,1.12035,1.12037,1.12,1.50
2015.08.31 09:30:48.723,1.12034,1.12035,1.00,1.00
2015.08.31 09:30:48.774,1.12032,1.12035,1.87,1.50
2015.08.31 09:30:50.333,1.12032,1.12036,1.87,1.00
2015.08.31 09:30:50.638,1.12035,1.12039,1.75,7.95
2015.08.31 09:30:50.841,1.12039,1.1204,1.00,1.00
2015.08.31 09:30:51.486,1.12037,1.1204,1.00,1.50
2015.08.31 09:30:51.588,1.12035,1.1204,2.25,6.00
2015.08.31 09:30:51.942,1.12034,1.12038,1.00,1.00
2015.08.31 09:30:54.402,1.12033,1.12038,3.75,3.00
2015.08.31 09:30:54.858,1.12036,1.12038,1.00,2.25
2015.08.31 09:30:55.162,1.12039,1.1204,1.00,1.00
2015.08.31 09:30:55.365,1.12037,1.1204,1.50,1.00
2015.08.31 09:30:57.688,1.12039,1.12041,2.25,1.00
2015.08.31 09:30:58.194,1.12039,1.12041,1.00,1.00
2015.08.31 09:30:58.447,1.12037,1.1204,1.50,1.00
2015.08.31 09:30:59.224,1.12037,1.12041,1.50,1.00
2015.08.31 09:30:59.840,1.12037,1.1204,1.00,1.12
2015.08.31 09:31:00.123,1.12035,1.12039,1.00,3.00
2015.08.31 09:31:00.629,1.12034,1.12039,2.25,3.00
2015.08.31 09:31:01.681,1.12034,1.12038,1.50,1.00
2015.08.31 09:31:02.187,1.12034,1.12037,1.50,1.00
2015.08.31 09:31:02.441,1.12033,1.12035,1.50,1.50
2015.08.31 09:31:02.493,1.12032,1.12035,1.12,1.50
2015.08.31 09:31:03.961,1.12032,1.12034,1.12,1.00
2015.08.31 09:31:05.815,1.12032,1.12035,1.00,1.50
2015.08.31 09:31:10.706,1.12032,1.12036,1.00,3.37
2015.08.31 09:31:10.758,1.12032,1.12034,1.00,1.00
2015.08.31 09:31:13.399,1.12032,1.12033,1.00,1.00
2015.08.31 09:31:13.975,1.12031,1.12033,1.00,1.00
2015.08.31 09:31:14.741,1.12031,1.12034,1.00,1.00
2015.08.31 09:31:17.853,1.12031,1.12035,1.00,1.87
2015.08.31 09:31:19.338,1.12032,1.12036,1.50,3.37
2015.08.31 09:31:19.643,1.12036,1.12038,1.00,1.00
2015.08.31 09:31:20.105,1.12034,1.12037,1.50,1.00
2015.08.31 09:31:20.460,1.12031,1.12035,3.37,1.00
2015.08.31 09:31:20.511,1.12031,1.12035,3.00,1.00
2015.08.31 09:31:21.017,1.12031,1.12036,1.50,4.50
2015.08.31 09:31:21.561,1.12032,1.12035,1.50,1.00
2015.08.31 09:31:24.938,1.12032,1.12036,1.00,2.62
2015.08.31 09:31:27.804,1.12032,1.12036,2.62,1.00
2015.08.31 09:31:28.261,1.12032,1.12034,1.00,1.00
2015.08.31 09:31:28.952,1.12032,1.12037,2.25,3.37
2015.08.31 09:31:29.358,1.12032,1.12035,1.00,1.00
2015.08.31 09:31:29.713,1.12033,1.12037,1.00,3.00
2015.08.31 09:31:29.967,1.12034,1.12037,1.87,1.00
2015.08.31 09:31:30.492,1.12034,1.12037,1.00,1.00
2015.08.31 09:31:30.796,1.12037,1.12039,1.12,1.00
2015.08.31 09:31:30.898,1.12037,1.12041,1.50,1.00
2015.08.31 09:31:31.354,1.12035,1.1204,1.12,4.50
2015.08.31 09:31:31.859,1.12035,1.12039,1.12,1.00
2015.08.31 09:31:32.517,1.12035,1.1204,1.00,4.12
2015.08.31 09:31:33.481,1.12035,1.12039,1.00,1.00
2015.08.31 09:31:33.987,1.12035,1.1204,2.25,3.37
2015.08.31 09:31:34.616,1.12035,1.12039,3.00,1.00
2015.08.31 09:31:37.125,1.12035,1.1204,1.00,4.87
2015.08.31 09:31:37.775,1.12034,1.12039,4.12,1.37
2015.08.31 09:31:38.177,1.12033,1.12036,2.25,1.50
2015.08.31 09:31:38.229,1.12032,1.12035,1.00,1.00
2015.08.31 09:31:38.735,1.12032,1.12036,1.00,1.87
2015.08.31 09:31:39.240,1.12033,1.12036,1.00,1.87
2015.08.31 09:31:41.364,1.12032,1.12036,1.12,1.50
2015.08.31 09:31:41.971,1.12032,1.12036,3.37,1.00
2015.08.31 09:31:42.684,1.12032,1.12035,1.00,1.50
2015.08.31 09:31:43.191,1.12032,1.12036,1.00,1.00
2015.08.31 09:31:43.850,1.12032,1.12035,1.00,1.00
2015.08.31 09:31:44.245,1.12032,1.12037,1.50,3.75
2015.08.31 09:31:45.560,1.12032,1.12036,1.00,1.50
2015.08.31 09:31:50.135,1.12033,1.12036,1.00,1.00
2015.08.31 09:31:51.377,1.12032,1.12036,2.25,1.00
2015.08.31 09:31:53.484,1.12031,1.12034,6.37,2.25
2015.08.31 09:31:53.938,1.1203,1.12033,1.00,1.50
2015.08.31 09:31:54.445,1.12031,1.12033,1.00,1.00
2015.08.31 09:31:56.415,1.12031,1.12034,4.12,2.50
2015.08.31 09:31:56.668,1.12032,1.12036,1.87,2.62
2015.08.31 09:31:59.928,1.12034,1.12036,1.00,1.50
2015.08.31 09:32:00.418,1.1204,1.12042,8.25,4.50
2015.08.31 09:32:00.469,1.12041,1.12044,1.87,1.00
2015.08.31 09:32:00.521,1.12043,1.12045,1.37,3.75
2015.08.31 09:32:01.027,1.12043,1.12045,1.00,3.75
2015.08.31 09:32:01.230,1.12043,1.12047,1.50,1.00
2015.08.31 09:32:01.769,1.12043,1.12047,4.12,1.00
2015.08.31 09:32:03.491,1.12044,1.12048,1.00,4.50
2015.08.31 09:32:05.572,1.12044,1.12046,1.00,1.00
2015.08.31 09:32:08.970,1.12044,1.12047,1.00,1.00
2015.08.31 09:32:09.963,1.12044,1.12045,1.00,1.00
2015.08.31 09:32:10.014,1.12042,1.12045,1.00,1.00
2015.08.31 09:32:10.523,1.12041,1.12045,1.50,1.00
2015.08.31 09:32:11.604,1.12037,1.12039,4.57,3.74
2015.08.31 09:32:11.706,1.12037,1.12038,1.00,1.12
2015.08.31 09:32:11.757,1.12035,1.12038,2.25,1.87
2015.08.31 09:32:11.959,1.12033,1.12036,2.62,1.00
2015.08.31 09:32:12.263,1.12037,1.12038,1.00,3.37
2015.08.31 09:32:12.364,1.12037,1.1204,2.25,3.00
2015.08.31 09:32:12.696,1.12039,1.1204,1.00,1.00
2015.08.31 09:32:12.950,1.12039,1.12042,1.50,1.00
2015.08.31 09:32:14.023,1.1204,1.12044,1.50,3.37
2015.08.31 09:32:14.328,1.12041,1.12045,2.25,1.50
2015.08.31 09:32:14.834,1.1204,1.12045,5.62,4.50
2015.08.31 09:32:15.373,1.1204,1.12045,5.25,4.50
2015.08.31 09:32:15.881,1.12041,1.12045,1.00,3.00
2015.08.31 09:32:16.797,1.12041,1.12044,1.50,1.00
2015.08.31 09:32:17.304,1.1204,1.12044,3.37,1.00
2015.08.31 09:32:20.628,1.1204,1.12042,2.25,1.00
2015.08.31 09:32:21.220,1.1204,1.12044,2.25,1.50
2015.08.31 09:32:22.332,1.1204,1.12044,5.96,1.50
2015.08.31 09:32:22.890,1.12044,1.12046,1.00,1.50
2015.08.31 09:32:23.421,1.12043,1.12047,2.06,1.00
2015.08.31 09:32:27.427,1.12043,1.12048,2.25,4.12
2015.08.31 09:32:38.517,1.12045,1.12048,1.00,3.75
2015.08.31 09:32:38.719,1.12046,1.1205,1.00,3.75
2015.08.31 09:32:42.389,1.12047,1.1205,1.00,1.50
2015.08.31 09:32:47.562,1.12047,1.12051,1.50,3.00
2015.08.31 09:32:47.815,1.12048,1.12051,1.37,1.50
2015.08.31 09:32:48.135,1.12052,1.12055,1.00,1.50
2015.08.31 09:32:48.694,1.12052,1.12054,1.00,1.00
2015.08.31 09:32:49.976,1.12052,1.12055,1.50,1.50
2015.08.31 09:32:50.179,1.12055,1.12056,1.00,1.00
2015.08.31 09:32:50.331,1.12055,1.12058,1.00,6.37
2015.08.31 09:32:51.203,1.12053,1.12058,1.50,5.62
2015.08.31 09:32:53.385,1.12053,1.12057,2.25,1.00
2015.08.31 09:32:54.432,1.12053,1.12058,2.25,5.25
2015.08.31 09:32:54.739,1.12056,1.12058,1.00,5.25
2015.08.31 09:32:55.044,1.12057,1.12061,3.75,1.00
2015.08.31 09:32:55.750,1.12056,1.12061,2.62,1.87
2015.08.31 09:32:56.257,1.12057,1.12061,1.00,1.12
2015.08.31 09:32:58.144,1.12058,1.12061,1.00,1.50
2015.08.31 09:32:58.705,1.12059,1.12061,1.00,1.00
2015.08.31 09:33:00.509,1.12059,1.12062,1.00,2.25
2015.08.31 09:33:00.561,1.12057,1.12061,3.75,1.00
2015.08.31 09:33:01.089,1.12057,1.12062,3.00,3.00
2015.08.31 09:33:01.922,1.12058,1.12061,1.00,1.00
2015.08.31 09:33:02.452,1.12057,1.12061,1.50,1.00
2015.08.31 09:33:02.978,1.12058,1.1206,1.00,1.50
2015.08.31 09:33:03.534,1.12057,1.1206,2.25,1.00
2015.08.31 09:33:04.988,1.12057,1.12062,2.25,3.00
2015.08.31 09:33:05.533,1.12057,1.12061,2.62,1.45
2015.08.31 09:33:06.040,1.12056,1.1206,1.00,4.35
2015.08.31 09:33:06.495,1.12057,1.1206,1.00,2.25
2015.08.31 09:33:07.015,1.12057,1.12061,1.00,2.40
2015.08.31 09:33:07.730,1.12056,1.12061,3.00,3.15
2015.08.31 09:33:07.882,1.12058,1.12061,1.00,2.40
2015.08.31 09:33:08.187,1.1206,1.12062,1.00,1.00
2015.08.31 09:33:08.494,1.12061,1.12064,1.00,3.00
2015.08.31 09:33:08.699,1.12062,1.12067,1.50,4.87
2015.08.31 09:33:09.206,1.12063,1.12067,1.00,2.62
2015.08.31 09:33:09.791,1.12064,1.12067,1.00,1.50
2015.08.31 09:33:10.298,1.12065,1.12068,1.00,1.12
2015.08.31 09:33:11.693,1.12066,1.12068,1.00,1.57
2015.08.31 09:33:12.812,1.12066,1.12069,1.00,3.00
2015.08.31 09:33:14.226,1.12065,1.12069,3.00,3.00
2015.08.31 09:33:14.733,1.12066,1.12069,1.20,2.10
2015.08.31 09:33:15.238,1.12065,1.12069,3.37,1.87
2015.08.31 09:33:18.206,1.12066,1.12069,1.12,1.50
2015.08.31 09:33:19.824,1.12065,1.12069,1.87,1.00
2015.08.31 09:33:19.925,1.12065,1.12071,3.37,8.47
2015.08.31 09:33:20.481,1.12065,1.1207,4.12,1.00
2015.08.31 09:33:20.822,1.12065,1.1207,2.62,3.00
2015.08.31 09:33:23.198,1.12065,1.12069,1.00,3.00
2015.08.31 09:33:24.568,1.12064,1.12069,3.75,3.00
2015.08.31 09:33:25.076,1.12063,1.12068,1.87,3.75
2015.08.31 09:33:27.963,1.12063,1.12067,1.12,1.00
2015.08.31 09:33:29.728,1.12063,1.12068,1.87,3.37
2015.08.31 09:33:30.032,1.12065,1.12068,1.50,1.12
2015.08.31 09:33:30.689,1.12064,1.12068,3.75,1.12
2015.08.31 09:33:31.333,1.12064,1.12067,1.00,1.00
2015.08.31 09:33:33.783,1.12063,1.12068,1.12,5.25
2015.08.31 09:33:34.440,1.12063,1.12068,1.87,2.70
2015.08.31 09:33:35.208,1.12063,1.12067,1.87,1.00
2015.08.31 09:33:45.859,1.12064,1.12068,1.00,5.62
2015.08.31 09:33:46.361,1.12065,1.12068,1.50,1.00
2015.08.31 09:33:46.862,1.12064,1.12068,3.75,1.00
2015.08.31 09:33:48.672,1.12064,1.12066,1.50,1.00
2015.08.31 09:33:49.178,1.12063,1.12067,1.00,1.50
2015.08.31 09:33:51.282,1.12063,1.12066,1.00,1.00
2015.08.31 09:33:54.428,1.12063,1.12066,1.37,1.50
2015.08.31 09:34:01.211,1.12064,1.12066,1.28,1.50
2015.08.31 09:34:01.719,1.12064,1.12066,1.00,1.41
2015.08.31 09:34:02.372,1.12063,1.12066,1.50,1.41
2015.08.31 09:34:06.349,1.12063,1.12067,1.50,1.41
2015.08.31 09:34:07.642,1.12063,1.12066,1.50,1.00
2015.08.31 09:34:14.313,1.12063,1.12066,1.87,1.00
2015.08.31 09:34:23.285,1.12064,1.12066,1.00,1.00
2015.08.31 09:34:25.530,1.12065,1.12066,1.00,1.00
2015.08.31 09:34:26.036,1.12064,1.12066,1.50,1.00
2015.08.31 09:34:26.667,1.12064,1.12067,1.50,1.00
2015.08.31 09:34:36.344,1.12063,1.12067,1.50,1.00
2015.08.31 09:34:36.679,1.12061,1.12066,1.87,1.87
2015.08.31 09:34:54.712,1.12061,1.12066,3.00,4.50
2015.08.31 09:34:56.093,1.12062,1.12066,1.00,4.50
2015.08.31 09:34:56.772,1.12064,1.12066,1.00,2.62
2015.08.31 09:34:57.524,1.12064,1.12067,2.25,1.00
2015.08.31 09:34:59.701,1.12064,1.12069,3.00,3.75
2015.08.31 09:35:00.004,1.12064,1.12067,2.25,1.00
2015.08.31 09:35:00.519,1.12065,1.12067,1.00,1.00
2015.08.31 09:35:01.238,1.12065,1.12068,1.00,1.00
2015.08.31 09:35:01.976,1.12064,1.12068,2.25,1.00
2015.08.31 09:35:04.014,1.12065,1.12068,1.00,1.00
2015.08.31 09:35:04.318,1.12068,1.1207,1.00,2.62
2015.08.31 09:35:04.824,1.12068,1.1207,1.00,2.25
2015.08.31 09:35:07.186,1.12068,1.12071,1.00,1.50
2015.08.31 09:35:11.441,1.12068,1.1207,1.00,1.00
2015.08.31 09:35:11.747,1.12066,1.12067,1.87,1.50
2015.08.31 09:35:12.153,1.12063,1.12066,1.37,1.50
2015.08.31 09:35:12.406,1.12062,1.12065,1.00,1.00
2015.08.31 09:35:12.725,1.12061,1.12062,1.00,1.00
2015.08.31 09:35:13.535,1.12061,1.12063,1.31,1.00
2015.08.31 09:35:15.281,1.1206,1.12063,2.62,1.00
2015.08.31 09:35:15.786,1.1206,1.12063,4.12,1.00
2015.08.31 09:35:16.971,1.1206,1.12064,4.12,1.00
2015.08.31 09:35:17.477,1.12062,1.12065,1.00,1.00
2015.08.31 09:35:18.177,1.12061,1.12065,5.44,1.00
2015.08.31 09:35:23.373,1.12061,1.12064,3.04,2.25
2015.08.31 09:35:23.887,1.1206,1.12063,1.00,1.00
2015.08.31 09:35:27.432,1.12059,1.12063,1.12,1.50
2015.08.31 09:35:27.938,1.12058,1.12062,2.62,1.00
2015.08.31 09:35:35.488,1.12058,1.12063,5.62,2.25
2015.08.31 09:35:36.235,1.1206,1.12063,1.00,1.00
2015.08.31 09:35:36.387,1.1206,1.12065,3.75,3.00
2015.08.31 09:35:37.079,1.12061,1.12066,4.50,3.00
2015.08.31 09:35:37.837,1.12062,1.12066,1.00,1.65
2015.08.31 09:35:41.850,1.12062,1.12066,1.00,1.50
2015.08.31 09:35:43.217,1.12061,1.12065,4.50,1.00
2015.08.31 09:35:43.724,1.12061,1.12064,1.00,1.12
2015.08.31 09:35:44.231,1.12061,1.12063,1.00,1.00
2015.08.31 09:35:44.740,1.12061,1.12064,1.00,1.12
2015.08.31 09:35:50.072,1.12061,1.12063,1.00,1.00
2015.08.31 09:35:54.478,1.1206,1.12063,3.75,1.00
2015.08.31 09:35:56.864,1.12061,1.12065,1.00,2.62
2015.08.31 09:35:57.118,1.12064,1.12067,1.87,1.50
2015.08.31 09:35:59.637,1.12064,1.12066,1.87,1.00
2015.08.31 09:36:00.240,1.12063,1.12065,1.00,1.00
2015.08.31 09:36:00.764,1.12062,1.12065,1.00,1.00
2015.08.31 09:36:01.798,1.12063,1.12065,2.25,1.00
2015.08.31 09:36:01.849,1.12063,1.12067,2.25,1.50
2015.08.31 09:36:02.355,1.12064,1.12067,1.50,1.00
2015.08.31 09:36:04.250,1.12064,1.12068,2.25,1.12
2015.08.31 09:36:08.473,1.12064,1.12069,2.25,1.87
2015.08.31 09:36:09.023,1.12064,1.12068,3.00,1.00
2015.08.31 09:36:17.573,1.12064,1.12067,1.00,1.00
2015.08.31 09:36:24.930,1.12065,1.12067,1.00,1.00
2015.08.31 09:36:26.266,1.12064,1.12067,3.00,1.00
2015.08.31 09:36:27.342,1.12064,1.12069,2.25,3.37
2015.08.31 09:36:30.087,1.12065,1.12069,3.00,3.37
2015.08.31 09:36:31.104,1.12065,1.1207,2.62,5.25
2015.08.31 09:36:31.155,1.12067,1.1207,1.00,5.25
2015.08.31 09:36:33.379,1.12066,1.1207,4.50,1.50
2015.08.31 09:36:34.466,1.12067,1.12071,1.00,3.00
2015.08.31 09:36:35.043,1.12067,1.1207,1.50,1.00
2015.08.31 09:36:36.700,1.12067,1.12071,1.50,2.25
2015.08.31 09:36:41.364,1.12068,1.12071,2.25,2.25
2015.08.31 09:36:41.768,1.12069,1.12073,3.37,1.00
2015.08.31 09:36:42.325,1.1207,1.12074,2.25,1.00
2015.08.31 09:36:52.143,1.12071,1.12074,1.00,1.50
2015.08.31 09:36:54.347,1.1207,1.12074,2.25,1.50
2015.08.31 09:36:55.178,1.1207,1.12073,1.50,1.00
2015.08.31 09:36:56.728,1.1207,1.12074,1.00,7.12
2015.08.31 09:36:57.337,1.1207,1.12073,1.00,1.00
2015.08.31 09:36:58.292,1.1207,1.12074,1.00,4.12
2015.08.31 09:37:01.468,1.1207,1.12073,2.25,1.00
2015.08.31 09:37:05.084,1.12071,1.12075,1.00,4.12
2015.08.31 09:37:05.591,1.12072,1.12076,3.75,2.25
2015.08.31 09:37:06.097,1.12072,1.12075,3.00,1.00
2015.08.31 09:37:06.665,1.12071,1.12075,3.00,1.00
2015.08.31 09:37:09.923,1.12071,1.12074,2.25,1.00
2015.08.31 09:37:10.025,1.12071,1.12072,1.00,1.00
2015.08.31 09:37:10.560,1.1207,1.12071,3.00,1.00
2015.08.31 09:37:11.419,1.1207,1.12072,3.25,4.87
2015.08.31 09:37:12.053,1.1207,1.12071,1.00,1.00
2015.08.31 09:37:14.290,1.1207,1.12072,1.00,4.87
2015.08.31 09:37:14.745,1.12069,1.1207,1.00,1.00
2015.08.31 09:37:22.582,1.12068,1.12069,1.00,1.00
2015.08.31 09:37:22.836,1.12066,1.12069,1.50,1.12
2015.08.31 09:37:28.393,1.12066,1.12068,2.25,1.00
2015.08.31 09:37:31.263,1.12066,1.1207,2.25,2.62
2015.08.31 09:37:32.808,1.12066,1.1207,2.25,7.27
2015.08.31 09:37:33.343,1.12065,1.12068,1.00,1.12
2015.08.31 09:37:42.818,1.12065,1.12066,1.00,1.00
2015.08.31 09:37:43.072,1.12063,1.12065,1.00,1.00
2015.08.31 09:37:43.123,1.1206,1.12062,3.75,2.62
2015.08.31 09:37:43.225,1.12057,1.12059,3.75,2.50
2015.08.31 09:37:43.327,1.12058,1.1206,1.00,6.75
2015.08.31 09:37:43.828,1.12056,1.12059,1.37,1.00
2015.08.31 09:37:44.132,1.12056,1.12057,1.00,1.00
2015.08.31 09:37:44.639,1.12055,1.12057,1.00,1.00
2015.08.31 09:37:45.269,1.12054,1.12057,1.00,1.00
2015.08.31 09:37:51.159,1.12054,1.12056,1.00,1.00
2015.08.31 09:37:59.281,1.12053,1.12056,1.00,1.50
2015.08.31 09:37:59.586,1.12051,1.12054,1.50,1.00
2015.08.31 09:38:00.643,1.12051,1.12055,1.00,1.00
2015.08.31 09:38:01.250,1.12051,1.12053,1.00,1.54
2015.08.31 09:38:01.403,1.12049,1.1205,2.25,1.07
2015.08.31 09:38:01.947,1.1205,1.12051,1.00,1.29
2015.08.31 09:38:02.149,1.1205,1.12052,1.00,1.00
2015.08.31 09:38:02.665,1.1205,1.12053,1.00,1.00
2015.08.31 09:38:03.861,1.12049,1.1205,1.50,1.00
2015.08.31 09:38:03.912,1.12048,1.12049,1.50,1.00
2015.08.31 09:38:04.115,1.12046,1.12049,1.00,1.00
2015.08.31 09:38:04.624,1.12046,1.12047,1.00,1.00
2015.08.31 09:38:05.130,1.12046,1.12049,1.00,1.00
2015.08.31 09:38:05.637,1.12045,1.12049,1.54,1.00
2015.08.31 09:38:07.901,1.12045,1.12047,1.54,1.00
2015.08.31 09:38:09.986,1.12044,1.12046,1.91,1.00
2015.08.31 09:38:10.492,1.12044,1.12047,1.91,1.12
2015.08.31 09:38:16.106,1.12045,1.12048,1.05,1.00
2015.08.31 09:38:16.563,1.12047,1.1205,1.00,1.00
2015.08.31 09:38:17.161,1.12048,1.1205,1.00,1.00
2015.08.31 09:38:17.364,1.1205,1.12053,1.50,1.50
2015.08.31 09:38:17.415,1.12053,1.12054,1.50,3.00
2015.08.31 09:38:17.518,1.12055,1.12056,2.25,1.00
2015.08.31 09:38:17.722,1.12055,1.12058,4.12,1.87
2015.08.31 09:38:20.042,1.12053,1.12055,2.25,1.00
2015.08.31 09:38:20.547,1.12054,1.12055,1.00,1.00
2015.08.31 09:38:21.053,1.12053,1.12055,2.25,1.00
2015.08.31 09:38:23.205,1.12052,1.12055,3.00,1.00
2015.08.31 09:38:24.115,1.12052,1.12054,1.00,2.25
2015.08.31 09:38:24.849,1.12052,1.12055,1.00,2.25
2015.08.31 09:38:26.295,1.12052,1.12054,1.00,1.00
2015.08.31 09:38:26.801,1.12051,1.12054,1.50,1.50
2015.08.31 09:38:30.261,1.12051,1.12055,1.50,5.25
2015.08.31 09:38:30.767,1.12051,1.12054,1.50,1.00
2015.08.31 09:38:31.490,1.12051,1.12055,1.50,4.87
2015.08.31 09:38:32.734,1.12052,1.12055,1.12,2.25
2015.08.31 09:38:33.038,1.12054,1.12055,1.00,1.00
2015.08.31 09:38:40.265,1.12054,1.12056,1.00,3.00
2015.08.31 09:38:40.417,1.12051,1.12055,5.62,1.00
2015.08.31 09:38:41.158,1.12051,1.12055,1.87,2.25
2015.08.31 09:38:44.229,1.12051,1.12054,1.12,1.00
2015.08.31 09:38:48.250,1.12051,1.12054,2.16,1.00
2015.08.31 09:38:49.263,1.12051,1.12054,1.12,1.00
2015.08.31 09:38:53.929,1.12051,1.12055,1.12,3.75
2015.08.31 09:38:54.687,1.12053,1.12055,1.00,2.25
2015.08.31 09:38:59.099,1.12053,1.12054,1.00,1.00
2015.08.31 09:38:59.857,1.12053,1.12055,1.00,1.00
2015.08.31 09:39:04.214,1.12052,1.12055,1.50,1.00
2015.08.31 09:39:04.420,1.12052,1.12057,2.25,3.75
2015.08.31 09:39:04.471,1.12053,1.12057,1.50,3.00
2015.08.31 09:39:04.977,1.12055,1.12058,1.00,1.50
2015.08.31 09:39:05.484,1.12055,1.12057,1.00,1.00
2015.08.31 09:39:05.991,1.12055,1.12058,1.37,1.00
2015.08.31 09:39:08.923,1.12056,1.12059,1.50,1.00
2015.08.31 09:39:09.227,1.12058,1.12061,1.00,1.00
2015.08.31 09:39:10.457,1.1206,1.12064,1.50,3.75
2015.08.31 09:39:10.973,1.1206,1.12063,1.50,1.00
2015.08.31 09:39:12.329,1.12061,1.12063,1.00,1.00
2015.08.31 09:39:14.033,1.12063,1.12064,1.00,1.00
2015.08.31 09:39:14.185,1.12066,1.12068,7.87,2.25
2015.08.31 09:39:14.337,1.12068,1.12071,1.00,3.00
2015.08.31 09:39:14.388,1.12068,1.12071,1.87,2.25
2015.08.31 09:39:14.964,1.12069,1.1207,1.50,1.50
2015.08.31 09:39:15.015,1.12067,1.1207,2.25,1.95
2015.08.31 09:39:15.824,1.12066,1.1207,2.25,1.50
2015.08.31 09:39:16.469,1.12067,1.1207,1.00,1.50
2015.08.31 09:39:16.974,1.12067,1.12069,1.00,1.00
2015.08.31 09:39:17.488,1.12067,1.1207,1.00,1.87
2015.08.31 09:39:19.240,1.12066,1.1207,2.25,1.50
2015.08.31 09:39:22.274,1.12069,1.1207,1.00,1.50
2015.08.31 09:39:22.798,1.12067,1.1207,1.87,1.00
2015.08.31 09:39:25.777,1.12066,1.1207,3.00,2.25
2015.08.31 09:39:29.287,1.12067,1.1207,1.00,1.50
2015.08.31 09:39:29.958,1.12068,1.1207,1.00,1.50
2015.08.31 09:39:31.165,1.12066,1.1207,6.00,1.50
2015.08.31 09:39:31.689,1.12067,1.1207,1.00,1.50
2015.08.31 09:39:33.730,1.12066,1.1207,6.00,1.50
2015.08.31 09:39:34.303,1.12067,1.1207,1.00,1.50
2015.08.31 09:39:35.442,1.12066,1.1207,6.00,1.50
2015.08.31 09:39:35.947,1.12067,1.1207,1.00,1.50
2015.08.31 09:39:37.004,1.12066,1.1207,6.00,1.50
2015.08.31 09:39:37.605,1.12067,1.1207,1.00,1.50
2015.08.31 09:39:38.315,1.12066,1.1207,5.25,1.00
2015.08.31 09:39:38.920,1.12067,1.1207,1.00,1.00
2015.08.31 09:39:39.913,1.12066,1.1207,5.25,1.00
2015.08.31 09:39:40.867,1.12066,1.12069,3.75,1.00
2015.08.31 09:39:41.471,1.12066,1.1207,2.25,1.50
2015.08.31 09:39:41.573,1.12066,1.12068,1.50,1.00
2015.08.31 09:39:41.776,1.12064,1.12067,1.12,1.00
2015.08.31 09:39:42.336,1.12064,1.12068,1.87,1.50
2015.08.31 09:39:44.238,1.12064,1.12068,4.12,1.00
2015.08.31 09:39:49.419,1.12067,1.12068,1.00,1.12
2015.08.31 09:39:49.954,1.12066,1.12068,1.00,1.12
2015.08.31 09:40:08.451,1.12066,1.12069,1.00,1.50
2015.08.31 09:40:08.986,1.12066,1.1207,1.50,1.50
2015.08.31 09:40:10.685,1.12067,1.1207,1.00,3.00
2015.08.31 09:40:12.253,1.12069,1.12073,2.62,2.25
2015.08.31 09:40:12.406,1.12071,1.12074,1.12,1.50
2015.08.31 09:40:12.710,1.12073,1.12074,1.00,1.00
2015.08.31 09:40:13.441,1.12072,1.12074,2.25,1.00
2015.08.31 09:40:13.593,1.12071,1.12073,1.00,1.00
2015.08.31 09:40:14.724,1.1207,1.12074,3.75,1.00
2015.08.31 09:40:14.983,1.1207,1.12072,4.87,1.00
2015.08.31 09:40:15.490,1.12071,1.12073,1.00,1.00
2015.08.31 09:40:15.642,1.12071,1.12074,1.00,1.00
2015.08.31 09:40:16.176,1.12071,1.12074,1.50,1.00
2015.08.31 09:40:16.833,1.12071,1.12074,3.00,1.00
2015.08.31 09:40:21.396,1.12072,1.12074,1.50,1.00
2015.08.31 09:40:22.060,1.12075,1.12077,1.00,3.37
2015.08.31 09:40:22.263,1.12078,1.1208,1.00,1.50
2015.08.31 09:40:22.763,1.12076,1.12079,3.37,1.50
2015.08.31 09:40:23.578,1.12076,1.1208,7.87,1.00
2015.08.31 09:40:23.629,1.12076,1.1208,9.37,1.00
2015.08.31 09:40:23.832,1.12076,1.1208,4.50,1.00
2015.08.31 09:40:24.334,1.12075,1.12079,4.50,1.00
2015.08.31 09:40:26.644,1.12075,1.1208,5.25,4.87
2015.08.31 09:40:27.397,1.12075,1.12079,3.75,1.00
2015.08.31 09:40:27.906,1.12076,1.1208,1.00,4.12
2015.08.31 09:40:29.674,1.12076,1.12079,6.37,1.00
2015.08.31 09:40:31.083,1.12076,1.12078,6.37,1.00
2015.08.31 09:40:33.002,1.12076,1.12079,6.37,3.75
2015.08.31 09:40:33.520,1.12076,1.12078,6.37,1.50
2015.08.31 09:40:35.705,1.12075,1.12078,6.37,2.25
2015.08.31 09:40:44.457,1.12075,1.12079,6.37,3.00
2015.08.31 09:40:48.230,1.12076,1.12079,1.00,1.50
2015.08.31 09:40:48.772,1.12077,1.1208,2.25,1.00
2015.08.31 09:40:49.328,1.12077,1.12081,2.25,2.25
2015.08.31 09:40:49.875,1.12077,1.1208,2.25,1.00
2015.08.31 09:40:53.044,1.12078,1.1208,1.50,1.00
2015.08.31 09:40:53.146,1.1208,1.12081,1.00,1.00
2015.08.31 09:40:53.248,1.12081,1.12083,1.12,1.00
2015.08.31 09:40:53.770,1.12082,1.12084,1.12,1.00
2015.08.31 09:40:54.277,1.12082,1.12084,2.62,1.00
2015.08.31 09:40:54.864,1.12082,1.12085,2.62,1.00
2015.08.31 09:40:56.421,1.12081,1.12085,10.12,1.50
2015.08.31 09:40:56.523,1.12086,1.12087,1.00,3.00
2015.08.31 09:40:56.827,1.12095,1.12097,7.49,7.95
2015.08.31 09:40:56.878,1.12095,1.12096,1.00,2.25
2015.08.31 09:40:57.407,1.12096,1.12098,8.25,1.00
2015.08.31 09:40:57.461,1.12096,1.12099,6.37,4.87
2015.08.31 09:40:59.602,1.12096,1.12098,6.37,1.00
2015.08.31 09:40:59.704,1.12095,1.12097,7.12,1.00
2015.08.31 09:41:00.088,1.12096,1.12099,6.37,1.50
2015.08.31 09:41:00.603,1.12097,1.12101,1.10,1.50
2015.08.31 09:41:01.559,1.12098,1.12101,1.00,1.00
2015.08.31 09:41:03.801,1.12098,1.121,1.00,1.50
2015.08.31 09:41:04.521,1.12098,1.12099,6.37,1.00
2015.08.31 09:41:04.624,1.12092,1.12094,14.77,1.00
2015.08.31 09:41:04.675,1.12092,1.12094,11.10,2.50
2015.08.31 09:41:04.777,1.12093,1.12095,1.00,2.62
2015.08.31 09:41:04.828,1.1209,1.12095,4.12,1.87
2015.08.31 09:41:04.980,1.12094,1.12096,6.37,2.62
2015.08.31 09:41:05.268,1.12095,1.12098,7.12,2.62
2015.08.31 09:41:06.280,1.12094,1.12097,1.00,2.62
2015.08.31 09:41:07.699,1.12094,1.12098,1.00,2.25
2015.08.31 09:41:07.953,1.12096,1.12098,1.00,1.00
2015.08.31 09:41:08.487,1.12095,1.12099,8.62,5.62
2015.08.31 09:41:09.499,1.12095,1.12098,8.62,1.00
2015.08.31 09:41:10.092,1.12095,1.12097,7.12,1.00
2015.08.31 09:41:10.194,1.12093,1.12095,4.50,1.00
2015.08.31 09:41:10.700,1.12092,1.12095,7.87,1.00
2015.08.31 09:41:11.600,1.12092,1.12096,8.62,1.87
2015.08.31 09:41:13.413,1.12091,1.12093,10.12,1.00
2015.08.31 09:41:13.955,1.12079,1.12082,1.37,1.00
2015.08.31 09:41:14.057,1.12078,1.12081,1.50,1.00
2015.08.31 09:41:14.568,1.12077,1.1208,3.37,1.00
2015.08.31 09:41:15.244,1.12077,1.1208,2.25,1.00
2015.08.31 09:41:16.005,1.12075,1.1208,3.00,2.62
2015.08.31 09:41:16.258,1.12075,1.12078,3.00,1.00
2015.08.31 09:41:17.925,1.12074,1.12076,2.25,3.00
2015.08.31 09:41:18.244,1.12072,1.12075,9.37,1.50
2015.08.31 09:41:18.952,1.12072,1.12074,7.87,1.00
2015.08.31 09:41:19.634,1.12072,1.12075,7.12,5.25
2015.08.31 09:41:19.887,1.12074,1.12075,1.00,1.50
2015.08.31 09:41:20.192,1.12084,1.12085,1.00,2.25
2015.08.31 09:41:20.244,1.12084,1.12085,1.00,1.12
2015.08.31 09:41:20.547,1.12084,1.12089,3.07,6.37
2015.08.31 09:41:21.095,1.12085,1.12089,1.00,7.12
2015.08.31 09:41:23.363,1.12085,1.12089,6.37,11.02
2015.08.31 09:41:24.459,1.12085,1.12089,6.37,10.27
2015.08.31 09:41:24.965,1.12085,1.12087,6.37,1.00
2015.08.31 09:41:25.218,1.12082,1.12084,5.25,1.50
2015.08.31 09:41:25.320,1.12085,1.12086,6.37,1.50
2015.08.31 09:41:25.421,1.12085,1.12087,6.37,2.62
2015.08.31 09:41:29.402,1.12084,1.12087,3.75,1.87
2015.08.31 09:41:31.928,1.12084,1.12086,1.00,1.00
2015.08.31 09:41:33.358,1.12087,1.12089,5.25,4.65
2015.08.31 09:41:33.410,1.12088,1.12089,2.25,3.90
2015.08.31 09:41:33.612,1.1209,1.12091,2.25,1.50
2015.08.31 09:41:33.663,1.12088,1.12091,2.62,1.50
2015.08.31 09:41:33.765,1.1209,1.12092,2.25,1.00
2015.08.31 09:41:34.052,1.12091,1.12093,2.25,2.25
2015.08.31 09:41:34.204,1.12091,1.12095,2.25,6.00
2015.08.31 09:41:34.709,1.12091,1.12094,2.25,1.50
2015.08.31 09:41:37.121,1.12089,1.12092,11.25,1.00
2015.08.31 09:41:37.435,1.1209,1.12093,3.37,1.27
2015.08.31 09:41:37.538,1.12088,1.12091,1.87,1.00
2015.08.31 09:41:37.690,1.12086,1.1209,3.00,1.87
2015.08.31 09:41:37.742,1.12086,1.12089,1.87,1.37
2015.08.31 09:41:37.896,1.12083,1.12087,1.57,1.87
2015.08.31 09:41:38.402,1.12083,1.12086,1.00,1.50
2015.08.31 09:41:38.853,1.12083,1.12085,1.00,1.87
2015.08.31 09:41:39.360,1.12083,1.12084,2.25,3.75
2015.08.31 09:41:39.411,1.12081,1.12084,1.00,3.75
2015.08.31 09:41:39.665,1.12079,1.12083,3.00,1.12
2015.08.31 09:41:40.255,1.1208,1.12084,2.25,1.87
2015.08.31 09:41:41.266,1.12081,1.12085,1.50,1.12
2015.08.31 09:41:44.660,1.12081,1.12085,1.37,1.00
2015.08.31 09:41:45.168,1.12082,1.12084,1.00,1.00
2015.08.31 09:41:45.472,1.12089,1.1209,1.00,2.25
2015.08.31 09:41:45.523,1.12089,1.12091,2.25,3.00
2015.08.31 09:41:45.676,1.12087,1.1209,2.55,1.00
2015.08.31 09:41:46.225,1.12087,1.1209,1.00,1.50
2015.08.31 09:41:46.378,1.12087,1.12088,1.00,1.00
2015.08.31 09:41:46.530,1.12084,1.12087,4.12,1.00
2015.08.31 09:41:49.937,1.12084,1.12086,1.00,1.00
2015.08.31 09:41:50.561,1.12084,1.12087,1.00,3.00
2015.08.31 09:41:52.694,1.12084,1.12086,1.00,1.50
2015.08.31 09:41:54.952,1.12087,1.1209,1.00,26.25
2015.08.31 09:41:55.344,1.12091,1.12092,1.00,1.50
2015.08.31 09:41:55.850,1.1209,1.12092,1.50,1.00
2015.08.31 09:41:57.178,1.12091,1.12093,1.00,1.00
2015.08.31 09:41:57.279,1.1209,1.12092,5.25,1.00
2015.08.31 09:41:57.734,1.12091,1.12093,1.00,1.50
2015.08.31 09:41:58.240,1.1209,1.12093,6.00,1.00
2015.08.31 09:41:58.784,1.1209,1.12092,6.00,1.00
2015.08.31 09:42:04.231,1.12091,1.12092,1.00,1.00
2015.08.31 09:42:04.484,1.12092,1.12094,1.00,1.00
2015.08.31 09:42:05.445,1.12091,1.12094,1.00,1.00
2015.08.31 09:42:05.983,1.12092,1.12095,1.00,2.25
2015.08.31 09:42:07.532,1.12091,1.12095,1.00,5.25
2015.08.31 09:42:08.038,1.1209,1.12095,9.75,5.25
2015.08.31 09:42:08.530,1.1209,1.12093,9.00,1.00
2015.08.31 09:42:09.076,1.1209,1.12092,6.75,1.50
2015.08.31 09:42:09.581,1.1209,1.12093,6.75,1.00
2015.08.31 09:42:10.086,1.1209,1.12092,6.75,1.00
2015.08.31 09:42:10.858,1.1209,1.12093,7.50,1.00
2015.08.31 09:42:11.364,1.12091,1.12093,1.00,1.00
2015.08.31 09:42:11.892,1.12091,1.12094,3.00,1.00
2015.08.31 09:42:12.412,1.12091,1.12093,3.00,1.00
2015.08.31 09:42:13.154,1.12091,1.12094,3.00,1.00
2015.08.31 09:42:14.223,1.12091,1.12095,3.75,6.00
2015.08.31 09:42:14.738,1.12092,1.12095,2.25,6.00
2015.08.31 09:42:15.346,1.12096,1.12098,1.50,4.50
2015.08.31 09:42:15.599,1.12101,1.12102,1.50,2.62
2015.08.31 09:42:15.929,1.12103,1.12105,1.00,1.50
2015.08.31 09:42:16.233,1.12105,1.12108,1.50,3.00
2015.08.31 09:42:23.486,1.12104,1.12108,4.12,1.50
2015.08.31 09:42:24.222,1.12105,1.12108,1.00,1.50
2015.08.31 09:42:24.729,1.12104,1.12108,3.37,1.50
2015.08.31 09:42:26.668,1.12104,1.12107,1.00,1.00
2015.08.31 09:42:29.672,1.12104,1.12108,1.00,4.50
2015.08.31 09:42:35.573,1.12104,1.12106,1.00,1.00
2015.08.31 09:42:36.079,1.12103,1.12107,1.00,1.87
2015.08.31 09:42:37.322,1.12103,1.12106,1.00,1.00
2015.08.31 09:42:38.384,1.12103,1.12107,1.50,1.87
2015.08.31 09:42:38.914,1.12103,1.12106,1.50,1.00
2015.08.31 09:42:39.627,1.12103,1.12107,1.00,2.62
2015.08.31 09:42:40.162,1.12103,1.12106,1.00,1.00
2015.08.31 09:42:41.130,1.12103,1.12107,1.00,2.62
2015.08.31 09:42:41.434,1.12103,1.12105,1.00,1.50
2015.08.31 09:42:42.095,1.12103,1.12106,1.00,1.00
2015.08.31 09:42:44.206,1.12105,1.12106,1.00,1.00
2015.08.31 09:42:44.510,1.12106,1.12107,1.00,1.87
2015.08.31 09:42:45.256,1.12106,1.12107,4.50,1.00
2015.08.31 09:42:45.570,1.12108,1.12109,1.87,3.00
2015.08.31 09:42:47.360,1.12108,1.1211,2.25,9.37
2015.08.31 09:42:47.562,1.12112,1.12113,1.87,2.62
2015.08.31 09:42:47.815,1.12113,1.12116,1.87,20.40
2015.08.31 09:42:48.322,1.12112,1.12113,2.25,1.50
2015.08.31 09:42:48.828,1.12112,1.12113,2.25,1.50
2015.08.31 09:42:49.378,1.12112,1.12113,2.25,1.50
2015.08.31 09:42:49.732,1.12114,1.12115,3.75,3.75
2015.08.31 09:42:49.936,1.12119,1.12121,1.00,9.45
2015.08.31 09:42:50.089,1.1212,1.12122,5.87,4.68
2015.08.31 09:42:50.419,1.1212,1.12122,2.25,1.68
2015.08.31 09:42:50.773,1.12122,1.12123,1.50,1.00
2015.08.31 09:42:50.976,1.12123,1.12125,1.00,1.00
2015.08.31 09:42:51.670,1.12123,1.12125,1.00,3.75
2015.08.31 09:42:52.177,1.12123,1.12125,1.00,3.75
2015.08.31 09:42:52.635,1.12123,1.12125,1.50,3.75
2015.08.31 09:42:52.979,1.12131,1.12132,2.25,1.00
2015.08.31 09:42:53.081,1.12134,1.12135,1.00,2.62
2015.08.31 09:42:53.182,1.12135,1.12136,1.00,1.50
2015.08.31 09:42:53.487,1.12135,1.12139,1.00,7.87
2015.08.31 09:42:53.539,1.12134,1.12136,1.87,1.00
2015.08.31 09:42:53.641,1.12134,1.12137,2.25,1.10
2015.08.31 09:42:55.757,1.12135,1.12137,1.00,1.57
2015.08.31 09:42:56.263,1.12136,1.12139,1.00,6.07
2015.08.31 09:42:58.249,1.12136,1.12138,1.00,1.10
2015.08.31 09:42:58.554,1.12138,1.1214,3.62,13.50
2015.08.31 09:42:58.909,1.12142,1.12143,1.00,3.52
2015.08.31 09:42:59.011,1.12142,1.12143,1.00,2.40
2015.08.31 09:42:59.062,1.12142,1.12143,1.00,2.40
2015.08.31 09:42:59.645,1.12143,1.12144,1.00,1.00
2015.08.31 09:42:59.696,1.12143,1.12146,1.00,3.82
2015.08.31 09:43:00.354,1.12145,1.12147,1.00,2.32
2015.08.31 09:43:00.506,1.12146,1.12149,1.00,7.50
2015.08.31 09:43:00.608,1.12146,1.12147,1.00,1.00
2015.08.31 09:43:01.077,1.12146,1.12149,1.00,7.50
2015.08.31 09:43:01.592,1.12145,1.12149,1.00,7.50
2015.08.31 09:43:02.098,1.12145,1.12148,1.00,1.00
2015.08.31 09:43:02.456,1.12147,1.12149,1.00,6.00
2015.08.31 09:43:02.963,1.12147,1.12149,1.00,5.25
2015.08.31 09:43:04.941,1.12146,1.12149,1.00,6.75
2015.08.31 09:43:05.447,1.12146,1.12149,1.00,6.75
2015.08.31 09:43:07.442,1.12149,1.1215,2.62,2.25
2015.08.31 09:43:07.543,1.12152,1.12153,1.12,1.20
2015.08.31 09:43:07.746,1.12154,1.12155,1.00,1.50
2015.08.31 09:43:08.251,1.12153,1.12154,1.00,1.50
2015.08.31 09:43:10.051,1.12153,1.12155,1.00,2.25
2015.08.31 09:43:10.357,1.12155,1.12156,1.00,1.00
2015.08.31 09:43:10.863,1.12155,1.12157,1.00,3.00
2015.08.31 09:43:11.754,1.12155,1.12158,1.00,1.95
2015.08.31 09:43:12.058,1.12155,1.12158,1.00,1.95
2015.08.31 09:43:13.126,1.12155,1.12157,1.00,4.57
2015.08.31 09:43:13.531,1.12152,1.12157,3.75,3.00
2015.08.31 09:43:13.582,1.12152,1.12154,3.00,1.00
2015.08.31 09:43:14.036,1.12148,1.12149,1.00,3.00
2015.08.31 09:43:15.843,1.12147,1.12149,1.00,3.75
2015.08.31 09:43:16.350,1.12147,1.12148,1.00,1.00
2015.08.31 09:43:16.654,1.12149,1.1215,1.12,15.00
2015.08.31 09:43:16.955,1.12149,1.12151,1.00,18.00
2015.08.31 09:43:17.465,1.12148,1.1215,1.50,12.00
2015.08.31 09:43:17.720,1.12151,1.12152,1.50,1.10
2015.08.31 09:43:18.106,1.12152,1.12154,1.00,1.12
2015.08.31 09:43:18.612,1.12152,1.12153,1.00,12.75
2015.08.31 09:43:18.713,1.12152,1.12154,1.00,1.50
2015.08.31 09:43:19.313,1.12152,1.12153,1.00,1.00
2015.08.31 09:43:19.569,1.12152,1.12155,1.00,1.10
2015.08.31 09:43:19.620,1.12152,1.12153,1.00,1.50
2015.08.31 09:43:19.924,1.12147,1.12149,1.00,4.50
2015.08.31 09:43:20.485,1.12148,1.12149,1.00,3.75
2015.08.31 09:43:20.996,1.12148,1.12149,1.00,1.50
2015.08.31 09:43:21.502,1.12148,1.12149,1.00,4.50
2015.08.31 09:43:22.036,1.12148,1.1215,1.00,5.70
2015.08.31 09:43:22.341,1.12148,1.1215,1.00,1.20
2015.08.31 09:43:22.996,1.12149,1.12151,1.00,3.60
2015.08.31 09:43:24.563,1.12148,1.12149,1.00,1.50
2015.08.31 09:43:24.767,1.12147,1.12149,1.00,1.50
2015.08.31 09:43:25.315,1.12146,1.12148,1.00,1.00
2015.08.31 09:43:25.835,1.12146,1.12149,1.00,3.00
2015.08.31 09:43:27.274,1.12148,1.1215,2.50,10.50
2015.08.31 09:43:27.477,1.12147,1.12149,1.87,4.50
2015.08.31 09:43:27.682,1.12149,1.1215,1.00,4.50
2015.08.31 09:43:28.025,1.12147,1.12149,1.12,2.25
2015.08.31 09:43:28.127,1.12148,1.1215,2.87,12.00
2015.08.31 09:43:28.788,1.12149,1.12152,2.62,2.62
2015.08.31 09:43:28.838,1.12149,1.12152,3.37,1.00
2015.08.31 09:43:29.289,1.12151,1.12154,1.12,1.00
2015.08.31 09:43:29.797,1.12151,1.12155,1.12,2.25
2015.08.31 09:43:32.179,1.12152,1.12155,1.00,1.50
2015.08.31 09:43:36.663,1.12152,1.12154,1.00,1.00
2015.08.31 09:43:37.206,1.12152,1.12155,1.00,4.50
2015.08.31 09:43:38.208,1.12155,1.12157,3.25,3.07
2015.08.31 09:43:38.520,1.12161,1.12162,1.00,22.42
2015.08.31 09:43:38.572,1.12161,1.12162,1.00,1.00
2015.08.31 09:43:38.777,1.12163,1.12164,1.00,4.50
2015.08.31 09:43:38.930,1.12163,1.12165,2.25,2.29
2015.08.31 09:43:38.981,1.12165,1.12167,1.00,7.20
2015.08.31 09:43:39.234,1.12166,1.12167,1.00,1.00
2015.08.31 09:43:39.767,1.12165,1.12167,1.00,1.50
2015.08.31 09:43:41.429,1.12166,1.12168,1.00,1.50
2015.08.31 09:43:41.582,1.12168,1.12169,1.00,6.00
2015.08.31 09:43:41.886,1.12166,1.12169,1.12,6.75
2015.08.31 09:43:42.418,1.12165,1.12168,1.50,1.50
2015.08.31 09:43:43.851,1.12167,1.12168,1.00,1.00
2015.08.31 09:43:44.360,1.12167,1.12169,1.00,1.50
2015.08.31 09:43:46.731,1.12166,1.12169,1.50,5.25
2015.08.31 09:43:47.035,1.12169,1.1217,1.00,4.50
2015.08.31 09:43:47.542,1.12168,1.1217,2.25,3.75
2015.08.31 09:43:48.075,1.12168,1.12171,1.50,3.75
2015.08.31 09:43:49.916,1.12167,1.12169,2.25,3.75
2015.08.31 09:43:50.018,1.12165,1.12169,3.00,8.62
2015.08.31 09:43:50.530,1.12165,1.12168,1.50,1.87
2015.08.31 09:43:51.041,1.12164,1.12167,1.00,1.87
2015.08.31 09:43:51.296,1.12166,1.12169,1.45,4.12
2015.08.31 09:43:51.347,1.12168,1.12169,1.00,3.00
2015.08.31 09:43:51.652,1.1217,1.12171,1.87,3.00
2015.08.31 09:43:51.940,1.1217,1.12174,3.00,1.00
2015.08.31 09:43:52.449,1.1217,1.12175,2.25,4.87
2015.08.31 09:43:53.177,1.12171,1.12175,1.00,6.00
2015.08.31 09:43:53.229,1.12172,1.12175,1.00,4.50
2015.08.31 09:43:53.534,1.12186,1.12188,1.50,6.37
2015.08.31 09:43:53.585,1.12188,1.12189,1.00,9.07
2015.08.31 09:43:53.636,1.1219,1.12192,3.75,8.25
2015.08.31 09:43:53.841,1.12192,1.12193,1.12,1.00
2015.08.31 09:43:54.200,1.12194,1.12195,1.00,1.00
2015.08.31 09:43:54.708,1.12194,1.12197,1.00,1.37
2015.08.31 09:43:55.337,1.12194,1.12196,1.50,1.50
2015.08.31 09:43:55.842,1.12194,1.12196,1.50,1.00
2015.08.31 09:43:57.130,1.12194,1.12196,2.25,1.00
2015.08.31 09:43:57.281,1.12194,1.12197,3.00,1.50
2015.08.31 09:43:58.060,1.12194,1.12196,3.00,1.00
2015.08.31 09:43:58.662,1.12194,1.12197,3.00,1.00
2015.08.31 09:43:59.174,1.12194,1.12195,1.00,1.00
2015.08.31 09:43:59.506,1.1219,1.12194,3.00,3.00
2015.08.31 09:44:00.016,1.1219,1.12195,1.50,6.75
2015.08.31 09:44:00.371,1.1219,1.12192,1.00,2.50
2015.08.31 09:44:00.702,1.12189,1.12191,1.00,1.00
2015.08.31 09:44:01.157,1.12188,1.12189,1.00,1.50
2015.08.31 09:44:01.360,1.12185,1.12187,2.25,1.00
2015.08.31 09:44:04.329,1.12185,1.12186,1.00,1.00
2015.08.31 09:44:04.854,1.12184,1.12185,1.00,1.00
2015.08.31 09:44:05.360,1.12184,1.12185,1.00,1.00
2015.08.31 09:44:06.151,1.12185,1.12186,1.00,1.50
2015.08.31 09:44:06.816,1.12184,1.12185,1.00,1.00
2015.08.31 09:44:07.339,1.12185,1.12186,1.00,1.00
2015.08.31 09:44:07.744,1.12183,1.12185,1.00,5.62
2015.08.31 09:44:08.149,1.12185,1.12186,1.00,2.25
2015.08.31 09:44:09.114,1.12185,1.12187,1.00,1.00
2015.08.31 09:44:11.218,1.12185,1.12186,1.00,1.00
2015.08.31 09:44:11.723,1.12184,1.12186,1.00,1.00
2015.08.31 09:44:11.876,1.12182,1.12183,1.10,1.00
2015.08.31 09:44:12.180,1.12179,1.1218,1.50,9.00
2015.08.31 09:44:12.498,1.12175,1.12176,1.00,1.50
2015.08.31 09:44:12.651,1.12173,1.12176,1.50,1.00
2015.08.31 09:44:13.360,1.12174,1.12176,1.00,1.00
2015.08.31 09:44:13.766,1.12175,1.12178,1.00,3.75
2015.08.31 09:44:13.919,1.12174,1.12178,1.87,2.25
2015.08.31 09:44:14.323,1.12175,1.12176,1.00,1.00
2015.08.31 09:44:14.911,1.12174,1.12176,1.50,1.00
2015.08.31 09:44:16.074,1.12173,1.12176,1.50,1.00
2015.08.31 09:44:16.726,1.12174,1.12177,1.00,5.62
2015.08.31 09:44:17.030,1.12176,1.12179,3.00,3.75
2015.08.31 09:44:17.536,1.12178,1.12179,1.00,2.25
2015.08.31 09:44:18.079,1.12177,1.12179,1.50,2.25
2015.08.31 09:44:18.637,1.12177,1.12178,1.00,1.00
2015.08.31 09:44:18.941,1.12174,1.12176,2.25,1.00
2015.08.31 09:44:19.489,1.12175,1.12176,1.00,1.00
2015.08.31 09:44:19.742,1.12173,1.12176,2.25,1.00
2015.08.31 09:44:22.262,1.12174,1.12176,1.00,1.00
2015.08.31 09:44:23.879,1.12173,1.12176,1.50,1.00
2015.08.31 09:44:24.483,1.12171,1.12174,4.95,2.25
2015.08.31 09:44:24.788,1.12175,1.12176,1.50,3.75
2015.08.31 09:44:25.093,1.12173,1.12175,1.12,2.25
2015.08.31 09:44:25.937,1.12173,1.12176,1.00,1.00
2015.08.31 09:44:27.033,1.12174,1.12176,1.00,1.00
2015.08.31 09:44:28.179,1.12174,1.12176,1.00,1.00
2015.08.31 09:44:28.986,1.12175,1.12178,1.00,5.62
2015.08.31 09:44:29.289,1.12177,1.12178,1.00,1.00
2015.08.31 09:44:29.391,1.12179,1.1218,1.00,5.70
2015.08.31 09:44:30.118,1.12178,1.1218,1.00,6.45
2015.08.31 09:44:30.642,1.12177,1.12179,1.00,1.50
2015.08.31 09:44:30.846,1.12176,1.1218,1.00,7.20
2015.08.31 09:44:30.949,1.12176,1.12178,1.00,1.00
2015.08.31 09:44:31.471,1.12174,1.12176,1.00,2.25
2015.08.31 09:44:31.879,1.12172,1.12175,1.57,1.00
2015.08.31 09:44:32.878,1.12174,1.12175,1.00,1.50
2015.08.31 09:44:34.352,1.12174,1.12176,2.25,1.00
2015.08.31 09:44:40.293,1.12173,1.12176,1.00,1.50
2015.08.31 09:44:41.943,1.12171,1.12173,3.45,1.00
2015.08.31 09:44:42.097,1.1217,1.12172,4.87,1.00
2015.08.31 09:44:42.199,1.12169,1.1217,1.87,1.50
2015.08.31 09:44:42.455,1.12164,1.12167,1.87,1.00
2015.08.31 09:44:43.295,1.12164,1.12168,3.37,1.00
2015.08.31 09:44:43.802,1.12165,1.12169,1.00,1.00
2015.08.31 09:44:44.459,1.12168,1.1217,1.00,4.50
2015.08.31 09:44:44.749,1.1217,1.12174,1.50,4.95
2015.08.31 09:44:45.509,1.1217,1.12173,1.50,1.00
2015.08.31 09:44:48.448,1.12169,1.12173,3.75,2.25
2015.08.31 09:44:48.978,1.1217,1.12174,1.50,6.75
2015.08.31 09:44:49.483,1.12171,1.12174,1.00,6.00
2015.08.31 09:44:50.301,1.1217,1.12174,1.50,6.37
2015.08.31 09:44:50.815,1.1217,1.12173,1.50,1.00
2015.08.31 09:44:51.676,1.12169,1.12172,1.87,1.00
2015.08.31 09:44:52.152,1.12167,1.1217,1.50,1.00
2015.08.31 09:44:52.658,1.12166,1.1217,1.00,1.00
2015.08.31 09:44:53.180,1.12165,1.12169,1.20,1.00
2015.08.31 09:44:55.049,1.12166,1.12169,1.00,3.00
2015.08.31 09:44:55.375,1.12168,1.12169,1.00,2.25
2015.08.31 09:45:00.377,1.12167,1.12169,1.50,1.50
2015.08.31 09:45:00.681,1.12166,1.12168,1.50,3.00
2015.08.31 09:45:05.645,1.12165,1.12167,1.00,1.00
2015.08.31 09:45:05.875,1.1217,1.12171,1.00,10.12
2015.08.31 09:45:05.977,1.12172,1.12173,1.00,1.00
2015.08.31 09:45:06.079,1.12173,1.12175,1.00,1.50
2015.08.31 09:45:08.203,1.12174,1.12176,1.00,3.00
2015.08.31 09:45:09.902,1.12173,1.12175,1.00,5.25
2015.08.31 09:45:10.206,1.12172,1.12173,2.25,1.50
2015.08.31 09:45:11.807,1.12171,1.12172,3.00,1.00
2015.08.31 09:45:12.558,1.12172,1.12173,2.25,3.00
2015.08.31 09:45:13.018,1.1217,1.12171,1.50,1.00
2015.08.31 09:45:13.500,1.12166,1.12167,1.50,1.50
2015.08.31 09:45:16.579,1.12164,1.12167,1.50,2.25
2015.08.31 09:45:17.452,1.12167,1.12172,1.00,14.40
2015.08.31 09:45:18.015,1.12171,1.12172,1.50,1.00
2015.08.31 09:45:18.068,1.12171,1.12174,1.50,2.25
2015.08.31 09:45:19.015,1.12169,1.12174,4.50,3.75
2015.08.31 09:45:19.066,1.1217,1.12172,1.00,1.50
2015.08.31 09:45:19.578,1.1217,1.12171,1.50,1.00
2015.08.31 09:45:22.530,1.12168,1.12169,1.00,1.00
2015.08.31 09:45:23.036,1.12168,1.12169,1.00,1.50
2015.08.31 09:45:27.948,1.12167,1.12169,1.00,2.25
2015.08.31 09:45:28.482,1.12166,1.12168,1.00,3.75
2015.08.31 09:45:29.017,1.12165,1.12167,1.00,1.50
2015.08.31 09:45:29.322,1.12166,1.12167,1.00,1.50
2015.08.31 09:45:29.810,1.12165,1.12167,2.25,1.50
2015.08.31 09:45:30.234,1.12163,1.12167,2.32,2.25
2015.08.31 09:45:31.655,1.12166,1.12168,1.87,4.50
2015.08.31 09:45:31.807,1.12171,1.12172,1.00,3.75
2015.08.31 09:45:31.858,1.12171,1.12173,1.00,1.57
2015.08.31 09:45:32.414,1.12171,1.12174,1.00,2.62
2015.08.31 09:45:34.266,1.1217,1.12174,3.00,3.00
2015.08.31 09:45:34.317,1.12169,1.12171,4.50,1.00
2015.08.31 09:45:34.570,1.12165,1.12167,1.00,1.50
2015.08.31 09:45:34.874,1.12163,1.12166,1.00,1.50
2015.08.31 09:45:35.416,1.12162,1.12166,2.62,1.00
2015.08.31 09:45:35.924,1.12162,1.12167,4.12,3.75
2015.08.31 09:45:36.430,1.12164,1.12167,1.50,3.75
2015.08.31 09:45:36.859,1.12162,1.12167,4.12,3.00
2015.08.31 09:45:36.910,1.12164,1.12167,1.00,1.00
2015.08.31 09:45:39.034,1.12165,1.12167,1.50,1.50
2015.08.31 09:45:39.540,1.12164,1.12167,1.57,1.50
2015.08.31 09:45:40.771,1.12165,1.12167,1.00,1.50
2015.08.31 09:45:41.075,1.12168,1.12169,1.00,1.00
2015.08.31 09:45:41.626,1.12167,1.12169,1.10,1.00
2015.08.31 09:45:42.368,1.12167,1.1217,1.10,2.25
2015.08.31 09:45:42.912,1.12167,1.12171,1.57,1.50
2015.08.31 09:45:43.418,1.12167,1.1217,1.10,2.25
2015.08.31 09:45:43.928,1.12168,1.1217,1.00,1.50
2015.08.31 09:45:44.030,1.12166,1.12169,2.62,1.00
2015.08.31 09:45:44.568,1.12165,1.12168,1.50,1.50
2015.08.31 09:45:47.061,1.12166,1.12168,1.00,1.50
2015.08.31 09:45:48.471,1.12164,1.12168,1.50,1.50
2015.08.31 09:45:48.623,1.12166,1.12169,1.12,1.00
2015.08.31 09:45:48.776,1.12167,1.12171,1.12,3.00
2015.08.31 09:45:49.297,1.12166,1.1217,1.00,1.87
2015.08.31 09:45:49.803,1.12166,1.12169,1.00,1.00
2015.08.31 09:45:50.346,1.12165,1.12169,1.50,1.00
2015.08.31 09:45:51.883,1.12165,1.1217,1.50,7.87
2015.08.31 09:45:52.945,1.12166,1.12169,1.00,1.00
2015.08.31 09:45:53.097,1.12168,1.12169,1.00,1.00
2015.08.31 09:45:53.300,1.12169,1.12171,1.00,1.12
2015.08.31 09:45:54.032,1.12169,1.12172,1.00,1.87
2015.08.31 09:45:54.540,1.1217,1.12173,1.00,1.12
2015.08.31 09:45:56.695,1.1217,1.12174,1.00,5.62
2015.08.31 09:46:02.146,1.12169,1.12173,1.50,1.00
2015.08.31 09:46:02.657,1.12169,1.12174,1.50,4.12
2015.08.31 09:46:03.159,1.12169,1.12173,1.50,1.00
2015.08.31 09:46:03.660,1.12169,1.12174,1.50,5.62
2015.08.31 09:46:04.169,1.12169,1.12173,1.50,1.00
2015.08.31 09:46:06.176,1.12169,1.12174,1.50,5.62
2015.08.31 09:46:06.696,1.12169,1.12173,1.50,1.00
2015.08.31 09:46:07.543,1.1217,1.12173,1.00,1.00
2015.08.31 09:46:13.304,1.1217,1.12172,1.00,1.00
2015.08.31 09:46:13.457,1.12169,1.1217,1.00,1.00
2015.08.31 09:46:13.559,1.12169,1.12172,1.00,2.62
2015.08.31 09:46:14.504,1.12169,1.12173,1.00,5.25
2015.08.31 09:46:16.239,1.12168,1.12173,1.50,9.37
2015.08.31 09:46:16.543,1.12166,1.12172,1.87,6.75
2015.08.31 09:46:17.304,1.12166,1.12171,1.00,2.62
2015.08.31 09:46:19.559,1.12169,1.1217,2.25,2.25
2015.08.31 09:46:19.661,1.12171,1.12173,1.00,1.00
2015.08.31 09:46:19.964,1.12171,1.12175,1.00,4.50
2015.08.31 09:46:23.089,1.12171,1.12173,1.50,6.37
2015.08.31 09:46:23.595,1.1217,1.12172,1.50,6.37
2015.08.31 09:46:24.132,1.12169,1.12172,1.00,6.37
2015.08.31 09:46:24.436,1.12168,1.1217,2.17,6.37
2015.08.31 09:46:25.230,1.12168,1.12169,1.00,6.37
2015.08.31 09:46:25.577,1.12165,1.12166,1.00,7.12
2015.08.31 09:46:25.729,1.12162,1.12165,3.97,7.12
2015.08.31 09:46:26.249,1.12162,1.12165,3.82,7.12
2015.08.31 09:46:30.841,1.12164,1.12165,1.00,6.37
2015.08.31 09:46:30.892,1.12165,1.12167,2.70,3.00
2015.08.31 09:46:31.398,1.12166,1.12168,1.00,6.37
2015.08.31 09:46:31.961,1.12165,1.12168,3.37,6.37
2015.08.31 09:46:32.578,1.12165,1.12168,6.00,6.37
2015.08.31 09:46:32.679,1.12166,1.1217,1.00,1.50
2015.08.31 09:46:35.008,1.12166,1.12168,2.62,1.00
2015.08.31 09:46:37.339,1.12167,1.12169,1.00,1.00
2015.08.31 09:46:37.846,1.12169,1.1217,1.00,6.37
2015.08.31 09:46:38.494,1.1217,1.12171,1.50,6.37
2015.08.31 09:46:39.254,1.1217,1.12172,1.50,6.37
2015.08.31 09:46:41.064,1.12171,1.12172,1.00,6.37
2015.08.31 09:46:42.177,1.1217,1.12172,2.25,6.37
2015.08.31 09:46:42.581,1.12169,1.12171,2.62,6.37
2015.08.31 09:46:47.934,1.12169,1.12171,1.00,7.12
2015.08.31 09:46:48.266,1.12167,1.12171,1.50,8.62
2015.08.31 09:46:48.469,1.12169,1.12171,1.00,7.12
2015.08.31 09:46:48.773,1.12168,1.12169,1.50,3.75
2015.08.31 09:46:48.926,1.12165,1.12169,1.00,5.62
2015.08.31 09:46:49.078,1.12165,1.12167,1.00,1.00
2015.08.31 09:46:49.411,1.12164,1.12166,1.00,7.87
2015.08.31 09:46:49.462,1.12163,1.12165,1.00,6.37
2015.08.31 09:46:49.983,1.12162,1.12165,1.87,1.50
2015.08.31 09:46:59.017,1.12164,1.12165,1.00,1.50
2015.08.31 09:47:00.997,1.12164,1.12167,4.50,1.50
2015.08.31 09:47:01.503,1.12165,1.12167,1.00,3.00
2015.08.31 09:47:01.973,1.12163,1.12166,1.00,1.50
2015.08.31 09:47:02.474,1.12162,1.12165,1.00,1.50
2015.08.31 09:47:02.994,1.12162,1.12166,1.50,1.50
2015.08.31 09:47:03.501,1.12163,1.12166,1.00,5.25
2015.08.31 09:47:05.561,1.12163,1.12165,1.00,1.00
2015.08.31 09:47:09.999,1.12162,1.12165,1.00,2.25
2015.08.31 09:47:11.675,1.12161,1.12165,1.00,4.50
2015.08.31 09:47:12.182,1.1216,1.12164,3.37,1.00
2015.08.31 09:47:12.334,1.1216,1.12163,1.00,4.28
2015.08.31 09:47:12.655,1.12156,1.1216,1.95,1.00
2015.08.31 09:47:13.283,1.12156,1.12159,1.12,1.00
2015.08.31 09:47:15.620,1.12156,1.12158,1.00,1.00
2015.08.31 09:47:16.596,1.12157,1.12158,1.00,1.00
2015.08.31 09:47:16.798,1.12157,1.1216,1.00,4.50
2015.08.31 09:47:21.762,1.12156,1.12159,1.50,1.00
2015.08.31 09:47:21.813,1.12158,1.12159,1.00,1.00
2015.08.31 09:47:21.965,1.12159,1.12161,1.50,1.00
2015.08.31 09:47:22.502,1.12157,1.12161,1.87,2.25
2015.08.31 09:47:23.021,1.12157,1.12161,1.00,3.75
2015.08.31 09:47:24.318,1.12157,1.1216,1.00,1.00
2015.08.31 09:47:24.929,1.12157,1.12161,1.00,5.25
2015.08.31 09:47:25.648,1.12156,1.1216,1.00,2.25
2015.08.31 09:47:26.155,1.12155,1.12159,1.50,1.00
2015.08.31 09:47:26.662,1.12156,1.12159,1.00,1.00
2015.08.31 09:47:27.263,1.12157,1.12159,1.00,1.00
2015.08.31 09:47:27.568,1.12155,1.12157,2.25,1.00
2015.08.31 09:47:27.720,1.12153,1.12156,1.00,10.12
2015.08.31 09:47:27.923,1.12151,1.12155,1.50,2.25
2015.08.31 09:47:28.567,1.12152,1.12155,1.00,2.25
2015.08.31 09:47:29.447,1.12151,1.12155,2.25,1.00
2015.08.31 09:47:34.210,1.12151,1.12155,1.00,2.62
2015.08.31 09:47:34.715,1.12151,1.12155,1.50,4.87
2015.08.31 09:47:35.397,1.12151,1.12154,1.00,1.50
2015.08.31 09:47:36.571,1.1215,1.12154,1.50,1.87
2015.08.31 09:47:41.486,1.12149,1.12153,2.62,1.50
2015.08.31 09:47:41.589,1.12149,1.1215,1.00,1.00
2015.08.31 09:47:41.893,1.12143,1.12145,1.00,1.87
2015.08.31 09:47:41.945,1.12143,1.12145,1.00,2.62
2015.08.31 09:47:42.234,1.12141,1.12144,1.00,1.50
2015.08.31 09:47:43.600,1.12141,1.12145,1.30,4.87
2015.08.31 09:47:44.107,1.12141,1.12145,1.30,4.12
2015.08.31 09:47:46.777,1.12141,1.12145,1.30,2.62
2015.08.31 09:47:49.549,1.12141,1.12143,1.73,6.37
2015.08.31 09:47:50.004,1.12136,1.12138,4.87,1.87
2015.08.31 09:47:50.058,1.12135,1.12136,1.87,1.50
2015.08.31 09:47:50.564,1.12135,1.12137,1.00,1.87
2015.08.31 09:47:51.258,1.12135,1.12137,1.00,1.50
2015.08.31 09:47:51.816,1.12135,1.12137,1.00,1.50
2015.08.31 09:47:52.323,1.12135,1.12136,1.00,1.50
2015.08.31 09:47:52.881,1.12133,1.12136,1.50,2.25
2015.08.31 09:47:53.033,1.12132,1.12134,2.25,1.00
2015.08.31 09:47:53.742,1.12133,1.12134,1.00,1.00
2015.08.31 09:47:54.247,1.12132,1.12135,1.87,2.25
2015.08.31 09:47:55.316,1.12131,1.12135,2.25,3.75
2015.08.31 09:47:55.669,1.12133,1.12135,1.00,2.25
2015.08.31 09:47:56.174,1.12132,1.12135,1.50,3.00
2015.08.31 09:47:56.983,1.12131,1.12135,1.87,3.75
2015.08.31 09:47:57.523,1.12132,1.12135,1.50,2.25
2015.08.31 09:48:00.482,1.12132,1.12134,1.00,1.00
2015.08.31 09:48:00.990,1.12131,1.12134,1.00,1.00
2015.08.31 09:48:01.816,1.12131,1.12135,1.00,5.62
2015.08.31 09:48:02.330,1.12131,1.12134,1.00,1.00
2015.08.31 09:48:05.605,1.12131,1.12135,1.00,4.87
2015.08.31 09:48:06.530,1.12132,1.12135,1.50,1.87
2015.08.31 09:48:07.052,1.12132,1.12136,1.87,2.25
2015.08.31 09:48:11.226,1.12135,1.12136,1.50,1.00
2015.08.31 09:48:11.530,1.12135,1.12136,1.00,1.50
2015.08.31 09:48:11.878,1.12132,1.12133,1.12,2.62
2015.08.31 09:48:11.931,1.12129,1.12131,4.12,1.00
2015.08.31 09:48:12.438,1.12131,1.12132,1.00,1.00
2015.08.31 09:48:13.996,1.1213,1.12131,2.25,1.00
2015.08.31 09:48:14.534,1.12129,1.12131,5.25,1.00
2015.08.31 09:48:15.159,1.1213,1.12131,2.25,1.00
2015.08.31 09:48:16.445,1.12131,1.12132,1.00,1.50
2015.08.31 09:48:17.882,1.1213,1.12131,2.25,1.00
2015.08.31 09:48:20.961,1.12131,1.12132,1.00,1.50
2015.08.31 09:48:29.474,1.12131,1.12132,1.00,1.87
2015.08.31 09:48:30.133,1.1213,1.12131,3.00,1.00
2015.08.31 09:48:30.944,1.12131,1.12132,1.00,1.50
2015.08.31 09:48:31.450,1.1213,1.12131,3.75,1.00
2015.08.31 09:48:32.469,1.12131,1.12132,1.00,1.50
2015.08.31 09:48:33.250,1.1213,1.12131,3.75,1.00
2015.08.31 09:48:34.456,1.12131,1.12132,1.00,1.50
2015.08.31 09:48:35.265,1.1213,1.12131,3.75,1.00
2015.08.31 09:48:36.445,1.12129,1.12131,5.25,1.00
2015.08.31 09:48:37.520,1.1213,1.12132,3.00,1.00
2015.08.31 09:48:37.571,1.1213,1.12132,3.75,1.00
2015.08.31 09:48:37.622,1.1213,1.12132,2.25,1.00
2015.08.31 09:48:37.673,1.1213,1.12133,3.75,1.50
2015.08.31 09:48:37.775,1.12136,1.12138,4.49,7.20
2015.08.31 09:48:37.826,1.12137,1.12138,2.25,3.07
2015.08.31 09:48:38.331,1.12138,1.12139,1.00,1.50
2015.08.31 09:48:38.733,1.12136,1.12138,1.57,1.00
2015.08.31 09:48:39.239,1.12136,1.12137,1.00,1.00
2015.08.31 09:48:39.748,1.12135,1.12136,1.50,1.00
2015.08.31 09:48:40.391,1.12136,1.12137,3.82,1.00
2015.08.31 09:48:43.012,1.12136,1.12137,1.12,1.00
2015.08.31 09:48:43.357,1.1214,1.12141,6.37,1.00
2015.08.31 09:48:43.870,1.12139,1.12141,7.87,1.00
2015.08.31 09:48:44.377,1.12141,1.12142,1.00,1.50
2015.08.31 09:48:44.920,1.1214,1.12141,7.12,1.50
2015.08.31 09:48:45.426,1.1214,1.12141,7.12,1.50
2015.08.31 09:48:48.505,1.12138,1.12139,7.87,1.00
2015.08.31 09:48:49.063,1.12137,1.12139,1.00,1.00
2015.08.31 09:48:49.114,1.12136,1.12138,3.37,1.00
2015.08.31 09:48:49.621,1.12136,1.12137,1.00,2.25
2015.08.31 09:48:50.272,1.12136,1.12137,1.00,2.25
2015.08.31 09:48:51.149,1.12135,1.12136,1.50,1.50
2015.08.31 09:48:55.727,1.12135,1.12137,1.87,1.87
2015.08.31 09:48:57.315,1.12136,1.12138,4.00,3.75
2015.08.31 09:49:16.516,1.12135,1.12136,5.62,1.00
2015.08.31 09:49:16.568,1.12135,1.12136,1.00,1.00
2015.08.31 09:49:17.358,1.12135,1.12137,1.00,2.25
2015.08.31 09:49:19.435,1.12137,1.12139,6.75,3.00
2015.08.31 09:49:19.492,1.1214,1.12141,1.00,1.00
2015.08.31 09:49:19.998,1.1214,1.12142,1.00,2.25
2015.08.31 09:49:21.878,1.12141,1.12142,1.00,1.50
2015.08.31 09:49:27.585,1.12139,1.12141,6.00,1.00
2015.08.31 09:49:28.781,1.12139,1.1214,1.50,4.12
2015.08.31 09:49:28.832,1.12137,1.12138,1.12,1.50
2015.08.31 09:49:28.934,1.12135,1.12138,2.62,1.50
2015.08.31 09:49:37.936,1.12135,1.12137,1.50,1.00
2015.08.31 09:49:44.120,1.12135,1.12137,1.00,2.25
2015.08.31 09:49:44.930,1.12135,1.12136,1.00,1.00
2015.08.31 09:49:57.742,1.12135,1.12136,1.00,1.50
2015.08.31 09:50:03.923,1.12135,1.12137,1.00,3.00
2015.08.31 09:50:11.159,1.12136,1.12139,2.50,5.62
2015.08.31 09:50:11.311,1.12138,1.1214,1.00,7.12
2015.08.31 09:50:11.818,1.12138,1.1214,1.50,1.50
2015.08.31 09:50:12.327,1.12139,1.1214,2.25,2.25
2015.08.31 09:50:12.782,1.12139,1.1214,2.25,3.00
2015.08.31 09:50:13.036,1.12136,1.12138,1.00,1.50
2015.08.31 09:50:13.240,1.12135,1.12138,2.25,1.50
2015.08.31 09:50:14.310,1.12136,1.12138,1.00,1.50
2015.08.31 09:50:14.362,1.12138,1.1214,2.99,7.12
2015.08.31 09:50:14.716,1.12139,1.1214,1.50,2.25
2015.08.31 09:50:15.097,1.12139,1.12142,1.87,8.62
2015.08.31 09:50:18.147,1.12141,1.12142,1.50,2.25
2015.08.31 09:50:20.552,1.12142,1.12144,1.00,2.62
2015.08.31 09:50:20.754,1.12143,1.12145,1.00,2.25
2015.08.31 09:50:21.263,1.12144,1.12145,3.00,1.50
2015.08.31 09:50:22.827,1.12144,1.12146,2.25,2.62
2015.08.31 09:50:23.581,1.12144,1.12145,2.25,1.00
2015.08.31 09:50:23.735,1.12142,1.12145,1.00,2.62
2015.08.31 09:50:24.240,1.12142,1.12144,1.00,1.50
2015.08.31 09:50:24.771,1.12141,1.12144,3.00,2.25
2015.08.31 09:50:25.277,1.12141,1.12143,1.00,3.75
2015.08.31 09:50:25.328,1.12139,1.12143,2.25,3.75
2015.08.31 09:50:26.217,1.12139,1.12143,2.25,3.37
2015.08.31 09:50:29.249,1.12139,1.12142,2.25,1.37
2015.08.31 09:50:30.914,1.12139,1.12142,2.25,1.12
2015.08.31 09:50:32.206,1.12139,1.12142,1.00,1.37
2015.08.31 09:50:33.218,1.12139,1.12143,1.00,4.12
2015.08.31 09:50:33.724,1.12139,1.12142,1.00,1.00
2015.08.31 09:50:35.183,1.1214,1.12142,1.00,1.50
2015.08.31 09:50:44.314,1.12139,1.1214,1.50,1.00
2015.08.31 09:50:44.618,1.12134,1.12135,2.62,1.50
2015.08.31 09:50:45.124,1.12135,1.12136,2.25,1.12
2015.08.31 09:50:45.276,1.12133,1.12136,3.75,1.12
2015.08.31 09:50:45.794,1.12134,1.12137,1.00,2.62
2015.08.31 09:50:48.683,1.12137,1.1214,2.50,19.12
2015.08.31 09:50:49.058,1.12139,1.12141,2.62,1.00
2015.08.31 09:50:49.109,1.12139,1.12143,2.62,2.70
2015.08.31 09:50:51.355,1.12141,1.12143,1.00,1.87
2015.08.31 09:50:51.507,1.12142,1.12144,1.00,4.20
2015.08.31 09:50:51.609,1.12142,1.12144,3.00,1.00
2015.08.31 09:50:52.160,1.12143,1.12145,2.62,1.00
2015.08.31 09:50:52.211,1.12144,1.12146,1.00,1.00
2015.08.31 09:50:52.363,1.12148,1.12149,2.70,1.00
2015.08.31 09:50:52.667,1.12145,1.12149,3.00,4.12
2015.08.31 09:50:53.174,1.12143,1.12148,2.25,4.12
2015.08.31 09:50:54.680,1.12143,1.12148,1.00,4.87
2015.08.31 09:50:55.190,1.12144,1.12148,1.00,4.12
2015.08.31 09:50:55.595,1.12143,1.12146,1.00,1.37
2015.08.31 09:50:55.697,1.12141,1.12145,4.50,1.12
2015.08.31 09:50:55.950,1.12143,1.12145,1.00,1.12
2015.08.31 09:50:56.457,1.12143,1.12146,2.62,1.12
2015.08.31 09:50:56.999,1.12144,1.12147,2.25,3.37
2015.08.31 09:50:58.013,1.12144,1.12147,2.25,2.62
2015.08.31 09:51:00.809,1.12144,1.12147,3.00,1.87
2015.08.31 09:51:03.475,1.12142,1.12146,5.62,1.00
2015.08.31 09:51:03.526,1.12142,1.12146,1.87,2.25
2015.08.31 09:51:03.577,1.12142,1.12144,1.00,1.00
2015.08.31 09:51:03.678,1.1214,1.12141,1.00,2.25
2015.08.31 09:51:03.730,1.12138,1.1214,1.87,2.62
2015.08.31 09:51:04.049,1.12135,1.12136,1.50,1.00
2015.08.31 09:51:04.504,1.12133,1.12136,1.12,1.00
2015.08.31 09:51:05.112,1.12134,1.12136,1.00,1.00
2015.08.31 09:51:05.393,1.12137,1.12139,1.50,1.12
2015.08.31 09:51:05.900,1.12138,1.1214,2.50,2.25
2015.08.31 09:51:06.254,1.12139,1.12142,1.37,2.62
2015.08.31 09:51:08.490,1.12138,1.12141,1.50,1.50
2015.08.31 09:51:08.544,1.12138,1.1214,1.50,1.87
2015.08.31 09:51:09.051,1.12135,1.12139,1.12,4.87
2015.08.31 09:51:09.556,1.12134,1.12138,3.37,2.62
2015.08.31 09:51:11.080,1.12137,1.12138,1.50,1.12
2015.08.31 09:51:11.603,1.1214,1.12141,1.00,1.12
2015.08.31 09:51:11.654,1.1214,1.12143,1.00,1.12
2015.08.31 09:51:13.578,1.1214,1.12142,1.00,1.00
2015.08.31 09:51:14.085,1.12139,1.12141,2.62,1.00
2015.08.31 09:51:14.591,1.1214,1.12143,1.00,5.70
2015.08.31 09:51:15.137,1.1214,1.12143,1.50,1.00
2015.08.31 09:51:15.643,1.1214,1.12144,1.50,2.62
2015.08.31 09:51:16.266,1.12141,1.12144,1.50,1.87
2015.08.31 09:51:16.368,1.12143,1.12145,1.00,10.87
2015.08.31 09:51:16.622,1.12146,1.1215,4.95,3.45
2015.08.31 09:51:16.724,1.12148,1.12149,1.00,1.00
2015.08.31 09:51:16.926,1.12146,1.12148,1.00,1.12
2015.08.31 09:51:17.477,1.12145,1.12148,3.00,2.25
2015.08.31 09:51:17.983,1.12145,1.12147,1.12,1.87
2015.08.31 09:51:18.489,1.12144,1.12146,1.00,1.00
2015.08.31 09:51:19.016,1.12143,1.12146,2.25,1.00
2015.08.31 09:51:19.724,1.12143,1.12145,2.25,1.00
2015.08.31 09:51:19.775,1.12143,1.12144,1.12,1.50
2015.08.31 09:51:19.826,1.1214,1.12141,6.00,3.37
2015.08.31 09:51:19.877,1.12137,1.12138,10.50,1.00
2015.08.31 09:51:20.206,1.12136,1.12139,2.62,1.12
2015.08.31 09:51:20.459,1.12134,1.12138,3.82,1.12
2015.08.31 09:51:21.584,1.12134,1.12138,3.00,1.37
2015.08.31 09:51:25.319,1.12134,1.12138,2.62,2.62
2015.08.31 09:51:26.449,1.12135,1.12138,1.50,2.62
2015.08.31 09:51:27.863,1.12135,1.12139,1.87,2.62
2015.08.31 09:51:29.564,1.12135,1.12138,1.50,1.12
2015.08.31 09:51:30.071,1.12135,1.12139,3.00,3.75
2015.08.31 09:51:30.805,1.12138,1.1214,3.37,6.00
2015.08.31 09:51:30.907,1.1214,1.12142,2.25,1.50
2015.08.31 09:51:30.958,1.12141,1.12143,2.25,2.25
2015.08.31 09:51:31.161,1.12143,1.12146,1.00,1.37
2015.08.31 09:51:31.212,1.12144,1.12146,1.00,1.00
2015.08.31 09:51:31.567,1.12144,1.12148,1.50,2.62
2015.08.31 09:51:32.198,1.12144,1.12146,1.50,1.00
2015.08.31 09:51:32.351,1.12142,1.12146,1.12,2.25
2015.08.31 09:51:32.857,1.12143,1.12145,1.50,1.00
2015.08.31 09:51:33.588,1.12143,1.12146,1.50,1.00
2015.08.31 09:51:34.748,1.12143,1.12145,1.00,1.00
2015.08.31 09:51:37.560,1.12147,1.12148,1.50,6.75
2015.08.31 09:51:37.864,1.1215,1.12152,5.62,1.00
2015.08.31 09:51:38.169,1.12151,1.12155,2.62,1.00
2015.08.31 09:51:38.220,1.12154,1.12156,1.00,1.50
2015.08.31 09:51:38.517,1.12154,1.12158,1.50,1.00
2015.08.31 09:51:39.023,1.12154,1.12159,1.50,3.75
2015.08.31 09:51:41.269,1.12155,1.12159,2.25,2.25
2015.08.31 09:51:41.421,1.12155,1.12157,4.87,1.00
2015.08.31 09:51:41.736,1.12154,1.12158,1.50,1.50
2015.08.31 09:51:44.420,1.12154,1.12157,1.00,1.00
2015.08.31 09:51:45.431,1.12153,1.12157,1.50,1.00
2015.08.31 09:51:46.908,1.12153,1.12156,1.00,1.00
2015.08.31 09:51:47.972,1.12152,1.12156,1.42,3.37
2015.08.31 09:51:48.478,1.12151,1.12156,2.92,4.87
2015.08.31 09:51:49.092,1.12153,1.12156,3.67,1.00
2015.08.31 09:51:49.143,1.12154,1.12158,1.00,1.87
2015.08.31 09:51:49.700,1.12157,1.12159,1.00,2.25
2015.08.31 09:51:49.902,1.12159,1.12162,1.00,1.50
2015.08.31 09:51:53.147,1.1216,1.12162,1.00,1.00
2015.08.31 09:51:53.833,1.1216,1.12163,2.25,1.00
2015.08.31 09:51:54.349,1.12159,1.12162,2.25,1.00
2015.08.31 09:51:54.856,1.12159,1.12163,2.25,1.00
2015.08.31 09:51:55.656,1.1216,1.12163,1.00,1.00
2015.08.31 09:51:57.352,1.1216,1.12162,1.50,1.00
2015.08.31 09:51:57.605,1.1216,1.12162,1.50,1.00
2015.08.31 09:51:58.131,1.12159,1.12161,1.00,1.00
2015.08.31 09:51:59.141,1.12158,1.1216,1.12,1.00
2015.08.31 09:51:59.714,1.12157,1.12159,3.75,1.00
2015.08.31 09:52:01.192,1.12156,1.12158,3.45,1.00
2015.08.31 09:52:01.243,1.12157,1.12159,1.00,1.50
2015.08.31 09:52:01.751,1.12159,1.1216,1.00,1.50
2015.08.31 09:52:01.802,1.12159,1.12161,1.00,1.50
2015.08.31 09:52:02.106,1.12157,1.1216,1.12,1.00
2015.08.31 09:52:03.225,1.12156,1.12159,3.07,1.00
2015.08.31 09:52:03.326,1.12155,1.12159,2.25,2.25
2015.08.31 09:52:03.579,1.12154,1.12157,1.50,1.00
2015.08.31 09:52:04.317,1.12154,1.12158,1.50,3.00
2015.08.31 09:52:06.357,1.12154,1.12157,1.00,1.00
2015.08.31 09:52:06.661,1.12152,1.12156,2.25,1.00
2015.08.31 09:52:08.107,1.12153,1.12156,1.00,1.50
2015.08.31 09:52:10.105,1.12154,1.12156,1.00,1.00
2015.08.31 09:52:11.634,1.12153,1.12156,1.50,1.00
2015.08.31 09:52:12.145,1.12154,1.12156,1.00,1.00
2015.08.31 09:52:12.943,1.12153,1.12156,1.50,1.00
2015.08.31 09:52:13.472,1.12154,1.12156,1.00,1.00
2015.08.31 09:52:14.229,1.12153,1.12156,1.50,1.50
2015.08.31 09:52:20.790,1.12152,1.12156,1.50,2.25
2015.08.31 09:52:21.195,1.12152,1.12154,1.50,1.00
2015.08.31 09:52:21.501,1.12141,1.12142,4.50,2.25
2015.08.31 09:52:21.950,1.12133,1.12136,2.62,1.87
2015.08.31 09:52:22.106,1.12131,1.12134,1.37,1.12
2015.08.31 09:52:22.411,1.1213,1.12131,1.00,1.00
2015.08.31 09:52:22.917,1.12129,1.1213,1.50,1.00
2015.08.31 09:52:23.564,1.12128,1.1213,1.00,1.12
2015.08.31 09:52:23.666,1.12126,1.12129,1.00,3.75
2015.08.31 09:52:24.171,1.12125,1.12128,1.00,1.12
2015.08.31 09:52:24.682,1.12124,1.12128,2.25,1.12
2015.08.31 09:52:25.493,1.12124,1.12127,1.50,1.00
2015.08.31 09:52:25.746,1.12123,1.12124,1.00,1.00
2015.08.31 09:52:25.848,1.12121,1.12124,1.00,1.00
2015.08.31 09:52:26.376,1.1212,1.12124,1.00,1.00
2015.08.31 09:52:26.882,1.1212,1.12122,1.12,1.00
2015.08.31 09:52:32.311,1.12119,1.12121,1.87,1.50
2015.08.31 09:52:32.412,1.12117,1.12118,1.12,2.62
2015.08.31 09:52:32.463,1.12112,1.12114,5.25,1.00
2015.08.31 09:52:32.515,1.12112,1.12114,3.75,1.00
2015.08.31 09:52:32.819,1.12114,1.12115,1.00,1.00
2015.08.31 09:52:32.971,1.12111,1.12115,1.12,1.12
2015.08.31 09:52:34.440,1.1211,1.12115,5.62,1.12
2015.08.31 09:52:35.004,1.12111,1.12115,1.00,1.12
2015.08.31 09:52:35.308,1.1211,1.12113,1.12,1.00
2015.08.31 09:52:35.814,1.12109,1.12114,3.00,1.87
2015.08.31 09:52:36.316,1.12109,1.12113,2.25,1.00
2015.08.31 09:52:36.973,1.12109,1.12113,2.62,1.00
2015.08.31 09:52:37.479,1.12109,1.12113,2.25,1.00
2015.08.31 09:52:40.176,1.12109,1.12112,1.00,1.00
2015.08.31 09:52:41.688,1.12107,1.12109,12.00,1.00
2015.08.31 09:52:41.994,1.12103,1.12105,1.00,1.87
2015.08.31 09:52:42.096,1.12104,1.12106,1.00,4.50
2015.08.31 09:52:42.349,1.12102,1.12106,1.00,5.62
2015.08.31 09:52:42.838,1.121,1.12105,3.75,1.12
2015.08.31 09:52:43.344,1.121,1.12105,1.50,1.37
2015.08.31 09:52:46.444,1.121,1.12102,1.00,1.00
2015.08.31 09:52:47.587,1.12101,1.12102,1.00,1.00
2015.08.31 09:52:48.093,1.121,1.12102,1.00,1.00
2015.08.31 09:52:49.531,1.121,1.12103,1.00,1.00
2015.08.31 09:52:50.036,1.121,1.12102,1.00,1.00
2015.08.31 09:52:50.479,1.12102,1.12103,1.00,1.00
2015.08.31 09:52:51.497,1.121,1.12102,3.75,1.00
2015.08.31 09:52:51.851,1.121,1.12102,3.75,1.00
2015.08.31 09:52:52.405,1.121,1.12102,3.75,1.00
2015.08.31 09:52:52.588,1.12099,1.12102,4.57,1.00
2015.08.31 09:52:53.093,1.121,1.12102,3.75,1.00
2015.08.31 09:52:54.996,1.12099,1.12102,6.82,1.00
2015.08.31 09:52:56.555,1.121,1.12102,3.75,1.00
2015.08.31 09:52:58.166,1.12099,1.12101,3.82,2.25
2015.08.31 09:52:58.369,1.12097,1.12099,6.07,1.00
2015.08.31 09:52:58.622,1.12096,1.12098,1.07,1.00
2015.08.31 09:52:58.674,1.12095,1.12096,2.25,1.00
2015.08.31 09:52:58.776,1.12091,1.12094,4.57,1.00
2015.08.31 09:52:59.314,1.12091,1.12093,1.50,1.00
2015.08.31 09:53:01.137,1.1209,1.12092,1.00,1.00
2015.08.31 09:53:01.492,1.12089,1.12091,1.12,1.00
2015.08.31 09:53:02.028,1.12089,1.12092,3.00,1.00
2015.08.31 09:53:02.535,1.12089,1.12092,1.50,1.00
2015.08.31 09:53:06.086,1.12089,1.12092,1.37,1.00
2015.08.31 09:53:08.929,1.12088,1.12089,1.00,1.50
2015.08.31 09:53:08.980,1.12087,1.12089,5.62,1.50
2015.08.31 09:53:09.284,1.12086,1.12088,1.00,1.00
2015.08.31 09:53:09.385,1.12084,1.12087,4.50,1.00
2015.08.31 09:53:16.311,1.12083,1.12087,3.75,1.00
2015.08.31 09:53:16.841,1.12084,1.12087,1.00,1.00
2015.08.31 09:53:18.318,1.12083,1.12087,3.75,1.00
2015.08.31 09:53:18.960,1.12082,1.12087,4.87,1.00
2015.08.31 09:53:19.465,1.12083,1.12087,1.00,1.00
2015.08.31 09:53:19.814,1.12085,1.12087,10.87,1.00
2015.08.31 09:53:20.119,1.12091,1.12092,1.87,4.50
2015.08.31 09:53:20.170,1.12091,1.12093,1.87,1.00
2015.08.31 09:53:20.678,1.12091,1.12094,5.62,1.00
2015.08.31 09:53:21.206,1.12092,1.12094,1.00,1.00
2015.08.31 09:53:22.054,1.12094,1.12095,1.00,1.00
2015.08.31 09:53:22.563,1.12093,1.12095,1.00,1.00
2015.08.31 09:53:23.960,1.12094,1.12095,1.00,1.00
2015.08.31 09:53:24.466,1.12094,1.12095,1.00,1.00
2015.08.31 09:53:24.970,1.12093,1.12095,1.00,1.00
2015.08.31 09:53:25.477,1.12093,1.12095,1.00,1.00
2015.08.31 09:53:30.172,1.12093,1.12095,1.50,1.00
2015.08.31 09:53:33.471,1.12094,1.12095,1.00,1.00
2015.08.31 09:53:33.623,1.12096,1.12098,1.00,3.75
2015.08.31 09:53:33.826,1.12099,1.12101,4.50,3.00
2015.08.31 09:53:33.928,1.12103,1.12104,3.75,2.85
2015.08.31 09:53:33.979,1.12105,1.12106,1.50,1.50
2015.08.31 09:53:34.256,1.12106,1.12108,1.95,2.25
2015.08.31 09:53:34.357,1.12107,1.12109,2.62,1.00
2015.08.31 09:53:34.863,1.12106,1.1211,2.40,2.25
2015.08.31 09:53:35.550,1.12106,1.1211,2.25,1.00
2015.08.31 09:53:35.653,1.12106,1.12109,2.25,1.00
2015.08.31 09:53:37.349,1.12107,1.12109,1.00,1.00
2015.08.31 09:53:37.552,1.12108,1.1211,1.50,1.00
2015.08.31 09:53:39.846,1.12109,1.12111,1.00,1.00
2015.08.31 09:53:43.594,1.12108,1.1211,2.62,1.00
2015.08.31 09:53:44.684,1.12107,1.12109,2.62,1.00
2015.08.31 09:53:46.201,1.12108,1.1211,1.12,1.00
2015.08.31 09:53:46.706,1.12109,1.12111,1.00,1.00
2015.08.31 09:53:47.132,1.12112,1.12113,1.00,1.00
2015.08.31 09:53:47.335,1.12113,1.12115,1.50,1.00
2015.08.31 09:53:47.849,1.12114,1.12115,1.00,1.00
2015.08.31 09:53:48.533,1.12113,1.12115,1.00,1.00
2015.08.31 09:53:49.290,1.12112,1.12114,1.87,1.00
2015.08.31 09:53:51.370,1.12111,1.12113,6.37,1.00
2015.08.31 09:53:53.512,1.12111,1.12112,4.50,1.50
2015.08.31 09:53:53.816,1.12109,1.12111,1.87,1.00
2015.08.31 09:53:54.560,1.12109,1.12111,1.00,1.00
2015.08.31 09:53:54.864,1.12107,1.12108,2.62,3.75
2015.08.31 09:53:55.117,1.12105,1.12106,1.00,1.50
2015.08.31 09:53:55.219,1.12103,1.12105,1.00,1.00
2015.08.31 09:53:55.371,1.12104,1.12106,1.00,1.50
2015.08.31 09:53:55.524,1.12105,1.12107,1.00,3.75
2015.08.31 09:53:56.008,1.12105,1.12107,1.12,4.00
2015.08.31 09:53:56.515,1.12103,1.12105,1.87,1.00
2015.08.31 09:53:57.529,1.12102,1.12104,4.12,1.00
2015.08.31 09:53:58.345,1.12102,1.12104,3.37,1.00
2015.08.31 09:53:58.679,1.121,1.12101,2.25,1.00
2015.08.31 09:53:58.731,1.12098,1.12101,1.87,1.00
2015.08.31 09:53:58.883,1.12097,1.12098,11.62,1.50
2015.08.31 09:53:59.186,1.12095,1.12096,1.00,1.50
2015.08.31 09:53:59.687,1.12091,1.12094,3.37,1.50
2015.08.31 09:54:00.193,1.12092,1.12094,1.12,1.50
2015.08.31 09:54:01.967,1.12091,1.12094,3.31,1.00
2015.08.31 09:54:03.588,1.12091,1.12093,3.31,1.00
2015.08.31 09:54:03.812,1.1209,1.12092,7.14,1.00
2015.08.31 09:54:04.116,1.1209,1.12091,1.50,3.75
2015.08.31 09:54:07.631,1.12089,1.1209,4.12,1.00
2015.08.31 09:54:08.336,1.1209,1.12091,1.00,3.00
2015.08.31 09:54:08.709,1.12087,1.12089,12.37,1.50
2015.08.31 09:54:08.811,1.12085,1.12087,5.62,1.00
2015.08.31 09:54:09.784,1.12084,1.12085,1.00,1.50
2015.08.31 09:54:10.038,1.12082,1.12084,1.00,3.00
2015.08.31 09:54:11.604,1.1208,1.12082,9.52,1.00
2015.08.31 09:54:11.706,1.1208,1.12082,2.62,1.00
2015.08.31 09:54:11.807,1.12079,1.12081,1.00,1.00
2015.08.31 09:54:12.097,1.12075,1.12077,1.50,1.00
2015.08.31 09:54:12.249,1.12075,1.12077,1.12,1.00
2015.08.31 09:54:12.755,1.12073,1.12076,3.37,1.00
2015.08.31 09:54:13.305,1.12073,1.12076,3.37,1.50
2015.08.31 09:54:16.085,1.12074,1.12076,1.00,1.50
2015.08.31 09:54:16.593,1.12072,1.12076,4.87,1.50
2015.08.31 09:54:17.501,1.12072,1.12074,4.87,1.00
2015.08.31 09:54:18.210,1.12072,1.12074,1.12,1.00
2015.08.31 09:54:18.715,1.12073,1.12074,1.00,1.00
2015.08.31 09:54:19.059,1.12073,1.12075,1.50,1.50
2015.08.31 09:54:19.261,1.12072,1.12074,6.37,1.00
2015.08.31 09:54:20.501,1.12072,1.12074,3.37,1.00
2015.08.31 09:54:21.008,1.12071,1.12072,1.00,1.00
2015.08.31 09:54:21.514,1.12072,1.12073,1.00,1.50
2015.08.31 09:54:22.064,1.12071,1.12073,1.87,1.00
2015.08.31 09:54:23.119,1.12072,1.12073,1.00,1.50
2015.08.31 09:54:24.331,1.1207,1.12072,3.00,1.50
2015.08.31 09:54:26.880,1.1207,1.12072,3.00,1.00
2015.08.31 09:54:30.171,1.12071,1.12072,1.00,1.00
2015.08.31 09:54:30.273,1.12071,1.12073,1.00,1.00
2015.08.31 09:54:30.821,1.12071,1.12074,1.00,1.00
2015.08.31 09:54:33.947,1.12071,1.12073,1.50,1.00
2015.08.31 09:54:36.258,1.12071,1.12074,1.00,1.00
2015.08.31 09:54:40.036,1.1207,1.12074,4.87,2.25
2015.08.31 09:54:40.715,1.1207,1.12072,2.25,1.00
2015.08.31 09:54:41.576,1.12071,1.12073,1.00,1.00
2015.08.31 09:54:43.581,1.1207,1.12073,3.00,1.00
2015.08.31 09:54:44.115,1.12071,1.12073,1.00,1.00
2015.08.31 09:54:46.503,1.12072,1.12074,2.25,1.00
2015.08.31 09:54:46.706,1.12074,1.12076,1.00,1.50
2015.08.31 09:54:47.336,1.12074,1.12078,1.12,1.50
2015.08.31 09:54:50.109,1.12075,1.12079,1.37,1.00
2015.08.31 09:54:50.968,1.12075,1.12079,1.00,1.00
2015.08.31 09:54:51.272,1.12074,1.12077,2.62,1.00
2015.08.31 09:54:51.810,1.12072,1.12077,2.62,1.50
2015.08.31 09:54:52.316,1.12073,1.12076,1.00,1.00
2015.08.31 09:54:52.417,1.12073,1.12077,1.15,1.00
2015.08.31 09:54:53.138,1.12073,1.12077,5.25,1.00
2015.08.31 09:54:53.997,1.12073,1.12077,2.25,1.00
2015.08.31 09:54:54.502,1.12074,1.12077,1.00,1.00
2015.08.31 09:54:55.004,1.12073,1.12077,3.00,1.00
2015.08.31 09:54:55.543,1.12072,1.12077,3.37,1.00
2015.08.31 09:54:56.000,1.12074,1.12077,1.00,1.00
2015.08.31 09:54:58.355,1.12073,1.12077,1.00,1.00
2015.08.31 09:55:00.019,1.12074,1.12077,1.00,1.00
2015.08.31 09:55:00.930,1.12073,1.12077,1.00,1.00
2015.08.31 09:55:01.478,1.12074,1.12077,1.00,1.00
2015.08.31 09:55:03.294,1.12073,1.12077,2.25,1.00
2015.08.31 09:55:03.648,1.12073,1.12075,1.50,1.00
2015.08.31 09:55:04.154,1.12073,1.12075,1.00,1.00
2015.08.31 09:55:05.099,1.12073,1.12075,1.00,1.00
2015.08.31 09:55:08.693,1.12072,1.12075,2.25,1.00
2015.08.31 09:55:09.199,1.12073,1.12075,1.00,1.00
2015.08.31 09:55:09.704,1.12072,1.12075,2.25,1.00
2015.08.31 09:55:13.661,1.12072,1.12076,1.00,1.00
2015.08.31 09:55:14.187,1.12073,1.12076,1.00,1.00
2015.08.31 09:55:14.692,1.12072,1.12076,3.00,1.00
2015.08.31 09:55:15.690,1.12073,1.12076,1.00,1.00
2015.08.31 09:55:16.701,1.12072,1.12076,3.37,1.00
2015.08.31 09:55:17.206,1.12073,1.12076,1.00,1.00
2015.08.31 09:55:17.716,1.12072,1.12076,1.87,1.00
2015.08.31 09:55:18.230,1.12073,1.12076,1.00,1.00
2015.08.31 09:55:18.810,1.12072,1.12076,3.75,1.00
2015.08.31 09:55:19.398,1.12073,1.12076,1.00,1.00
2015.08.31 09:55:20.290,1.12072,1.12076,2.25,1.00
2015.08.31 09:55:20.800,1.12073,1.12076,1.00,1.00
2015.08.31 09:55:21.408,1.12072,1.12076,2.25,1.00
2015.08.31 09:55:21.946,1.12073,1.12076,1.00,1.00
2015.08.31 09:55:22.675,1.12073,1.12075,1.00,1.00
2015.08.31 09:55:31.047,1.12073,1.12074,1.00,1.00
2015.08.31 09:55:31.708,1.12072,1.12074,1.50,1.00
2015.08.31 09:55:32.017,1.12065,1.12066,1.00,1.00
2015.08.31 09:55:32.071,1.12065,1.12067,1.00,1.12
2015.08.31 09:55:32.426,1.12063,1.12067,1.00,1.12
2015.08.31 09:55:33.969,1.12064,1.12067,1.00,1.00
2015.08.31 09:55:34.774,1.12063,1.12067,1.50,1.00
2015.08.31 09:55:35.281,1.12064,1.12066,1.00,1.00
2015.08.31 09:55:35.562,1.12063,1.12064,1.50,1.00
2015.08.31 09:55:35.613,1.12062,1.12064,1.50,1.00
2015.08.31 09:55:36.128,1.12061,1.12063,3.00,1.00
2015.08.31 09:55:40.621,1.12061,1.12063,3.00,1.00
2015.08.31 09:55:41.700,1.1206,1.12062,3.00,1.00
2015.08.31 09:55:42.206,1.1206,1.12062,1.87,1.00
2015.08.31 09:55:42.956,1.1206,1.12061,1.87,1.00
2015.08.31 09:55:44.563,1.12059,1.12061,3.00,1.00
2015.08.31 09:55:46.941,1.12059,1.12061,1.12,1.00
2015.08.31 09:55:46.992,1.12059,1.12061,1.12,1.00
2015.08.31 09:55:48.542,1.12059,1.12061,1.12,1.00
2015.08.31 09:55:48.745,1.12059,1.12063,1.00,1.50
2015.08.31 09:55:48.999,1.12058,1.1206,1.00,1.00
2015.08.31 09:55:50.595,1.12057,1.12059,5.25,1.00
2015.08.31 09:55:52.217,1.12054,1.12055,1.50,1.50
2015.08.31 09:55:52.273,1.12053,1.12054,1.00,1.00
2015.08.31 09:55:52.796,1.12051,1.12053,3.07,1.00
2015.08.31 09:55:53.303,1.12051,1.12053,3.07,1.00
2015.08.31 09:55:53.836,1.12051,1.12053,3.07,1.00
2015.08.31 09:55:55.282,1.12052,1.12054,1.00,1.00
2015.08.31 09:55:55.789,1.12052,1.12054,1.00,1.00
2015.08.31 09:55:56.244,1.12052,1.12055,1.00,1.50
2015.08.31 09:55:56.636,1.1205,1.12052,1.50,4.50
2015.08.31 09:55:56.689,1.1205,1.12051,1.00,2.25
2015.08.31 09:55:57.954,1.1205,1.12052,1.00,2.25
2015.08.31 09:55:58.964,1.12047,1.12052,3.82,1.50
2015.08.31 09:55:59.533,1.12055,1.12056,1.00,1.12
2015.08.31 09:55:59.584,1.12056,1.12058,1.50,4.50
2015.08.31 09:55:59.989,1.12055,1.12057,1.00,1.00
2015.08.31 09:56:00.292,1.12054,1.12055,1.00,1.00
2015.08.31 09:56:00.625,1.12037,1.12039,2.50,1.87
2015.08.31 09:56:00.727,1.12035,1.12038,3.00,3.00
2015.08.31 09:56:00.931,1.12034,1.12036,1.00,1.50
2015.08.31 09:56:01.033,1.12032,1.12035,2.25,1.00
2015.08.31 09:56:01.574,1.12032,1.12036,1.50,1.12
2015.08.31 09:56:02.080,1.12032,1.12036,1.37,1.12
2015.08.31 09:56:02.667,1.12034,1.12037,1.00,1.00
2015.08.31 09:56:02.718,1.12033,1.12035,1.50,1.00
2015.08.31 09:56:03.479,1.12031,1.12034,1.20,1.50
2015.08.31 09:56:03.530,1.1203,1.12034,3.07,1.50
2015.08.31 09:56:03.844,1.12034,1.12035,1.12,2.62
2015.08.31 09:56:03.896,1.12035,1.12036,1.50,1.00
2015.08.31 09:56:04.048,1.12033,1.12034,1.00,1.00
2015.08.31 09:56:04.301,1.12029,1.12033,1.50,1.00
2015.08.31 09:56:04.807,1.12029,1.12034,2.25,1.00
2015.08.31 09:56:05.095,1.12028,1.12032,1.50,1.50
2015.08.31 09:56:05.399,1.12026,1.1203,1.95,1.00
2015.08.31 09:56:05.703,1.12023,1.12026,2.25,1.00
2015.08.31 09:56:05.755,1.12022,1.12024,1.12,1.00
2015.08.31 09:56:06.247,1.12022,1.12026,1.12,1.87
2015.08.31 09:56:06.602,1.12021,1.12023,1.50,1.00
2015.08.31 09:56:07.110,1.12021,1.12023,1.00,1.00
2015.08.31 09:56:07.601,1.1202,1.12024,3.90,1.00
2015.08.31 09:56:08.260,1.12024,1.12026,1.15,2.62
2015.08.31 09:56:08.362,1.12026,1.12027,2.70,2.25
2015.08.31 09:56:08.800,1.12029,1.1203,1.00,2.25
2015.08.31 09:56:08.952,1.12029,1.12031,1.00,1.00
2015.08.31 09:56:09.307,1.12029,1.1203,1.00,1.00
2015.08.31 09:56:13.629,1.12029,1.12031,1.00,1.00
2015.08.31 09:56:14.135,1.12029,1.1203,1.50,1.00
2015.08.31 09:56:14.563,1.12029,1.12032,1.00,3.75
2015.08.31 09:56:14.665,1.12029,1.1203,1.00,1.00
2015.08.31 09:56:15.121,1.12029,1.12032,1.00,2.25
2015.08.31 09:56:15.811,1.1203,1.12032,1.00,2.25
2015.08.31 09:56:16.318,1.1203,1.12031,1.50,1.00
2015.08.31 09:56:17.124,1.1203,1.12033,1.50,3.75
2015.08.31 09:56:17.478,1.12032,1.12034,1.00,1.50
2015.08.31 09:56:17.984,1.12032,1.12035,1.00,2.25
2015.08.31 09:56:18.964,1.12032,1.12036,1.00,4.50
2015.08.31 09:56:19.470,1.12033,1.12036,1.00,1.00
2015.08.31 09:56:22.275,1.12033,1.12037,1.00,1.50
2015.08.31 09:56:24.348,1.12033,1.12037,3.62,1.50
2015.08.31 09:56:24.654,1.12037,1.1204,4.50,1.00
2015.08.31 09:56:24.705,1.12038,1.12042,1.50,3.00
2015.08.31 09:56:25.212,1.12039,1.12043,2.25,2.62
2015.08.31 09:56:29.155,1.1204,1.12044,1.50,1.87
2015.08.31 09:56:29.307,1.12042,1.12045,1.00,3.75
2015.08.31 09:56:29.510,1.12043,1.12047,1.00,2.25
2015.08.31 09:56:30.017,1.12043,1.12046,1.00,1.00
2015.08.31 09:56:30.529,1.12044,1.12048,1.12,3.37
2015.08.31 09:56:31.035,1.12045,1.12049,4.12,1.00
2015.08.31 09:56:33.314,1.12045,1.12049,2.25,1.00
2015.08.31 09:56:33.707,1.12045,1.12046,2.25,1.50
2015.08.31 09:56:34.216,1.12044,1.12045,2.25,2.25
2015.08.31 09:56:34.972,1.12044,1.12046,2.62,1.00
2015.08.31 09:56:35.479,1.12044,1.12047,1.87,1.00
2015.08.31 09:56:39.949,1.12043,1.12045,1.87,1.00
2015.08.31 09:56:42.837,1.12044,1.12046,1.12,1.00
2015.08.31 09:56:43.147,1.12044,1.12046,1.00,1.00
2015.08.31 09:56:44.386,1.12043,1.12044,1.12,1.00
2015.08.31 09:56:45.007,1.12044,1.12045,1.00,1.00
2015.08.31 09:56:45.513,1.12044,1.12046,1.50,1.00
2015.08.31 09:56:50.273,1.12045,1.12046,1.00,1.00
2015.08.31 09:56:50.778,1.12045,1.12047,1.00,1.00
2015.08.31 09:56:51.836,1.12045,1.12048,1.50,1.50
2015.08.31 09:56:52.646,1.12044,1.12048,1.50,1.50
2015.08.31 09:56:54.538,1.12045,1.12048,2.25,1.00
2015.08.31 09:56:54.589,1.12048,1.12052,2.25,1.00
2015.08.31 09:56:54.691,1.1205,1.12052,1.00,1.00
2015.08.31 09:56:55.196,1.1205,1.12053,2.25,1.50
2015.08.31 09:56:56.266,1.1205,1.12052,1.50,1.00
2015.08.31 09:56:56.926,1.1205,1.12053,2.25,1.50
2015.08.31 09:56:58.250,1.1205,1.12052,3.00,1.00
2015.08.31 09:56:59.351,1.1205,1.12051,1.00,1.00
2015.08.31 09:56:59.867,1.12049,1.1205,1.00,1.00
2015.08.31 09:57:00.740,1.12049,1.1205,1.00,1.00
2015.08.31 09:57:01.736,1.12048,1.12049,1.00,1.00
2015.08.31 09:57:02.315,1.12048,1.1205,1.00,1.00
2015.08.31 09:57:08.437,1.12048,1.12049,1.00,1.00
2015.08.31 09:57:11.241,1.12047,1.12049,3.00,1.00
2015.08.31 09:57:11.445,1.12047,1.12048,1.50,2.25
2015.08.31 09:57:11.895,1.12044,1.12046,3.75,1.00
2015.08.31 09:57:12.402,1.12043,1.12045,1.00,1.00
2015.08.31 09:57:12.707,1.1204,1.12041,2.25,1.00
2015.08.31 09:57:13.189,1.12041,1.12042,1.00,1.00
2015.08.31 09:57:13.708,1.12041,1.12042,1.00,1.00
2015.08.31 09:57:14.548,1.1204,1.12041,1.50,1.00
2015.08.31 09:57:14.599,1.12041,1.12043,1.00,1.50
2015.08.31 09:57:15.463,1.1204,1.12043,1.00,1.50
2015.08.31 09:57:16.719,1.1204,1.12041,1.00,1.00
2015.08.31 09:57:17.225,1.1204,1.12042,1.00,1.00
2015.08.31 09:57:18.016,1.1204,1.12043,3.00,1.00
2015.08.31 09:57:21.711,1.12041,1.12043,2.25,1.00
2015.08.31 09:57:22.016,1.12043,1.12046,2.62,1.00
2015.08.31 09:57:22.117,1.12043,1.12047,3.37,1.00
2015.08.31 09:57:23.132,1.12044,1.12047,1.00,1.00
2015.08.31 09:57:26.791,1.12043,1.12047,3.07,1.00
2015.08.31 09:57:27.296,1.12043,1.12046,1.50,1.00
2015.08.31 09:57:32.652,1.12043,1.12047,3.07,1.00
2015.08.31 09:57:33.940,1.12044,1.12047,1.00,1.00
2015.08.31 09:57:34.446,1.12043,1.12046,2.70,1.00
2015.08.31 09:57:34.548,1.12047,1.12049,2.25,7.12
2015.08.31 09:57:34.882,1.12059,1.1206,1.00,21.97
2015.08.31 09:57:34.934,1.12057,1.12059,7.50,2.72
2015.08.31 09:57:35.036,1.12059,1.12061,1.50,2.50
2015.08.31 09:57:35.138,1.1206,1.12061,1.50,1.50
2015.08.31 09:57:35.342,1.12061,1.12063,1.00,1.00
2015.08.31 09:57:35.938,1.12061,1.12062,1.00,1.00
2015.08.31 09:57:36.597,1.12061,1.12063,1.00,1.00
2015.08.31 09:57:37.325,1.1206,1.12062,1.00,1.00
2015.08.31 09:57:39.727,1.1206,1.12063,1.00,1.50
2015.08.31 09:57:45.334,1.12061,1.12063,1.00,1.00
2015.08.31 09:57:45.856,1.12061,1.12062,1.00,1.00
2015.08.31 09:57:47.209,1.12061,1.12064,1.00,1.00
2015.08.31 09:57:47.715,1.12061,1.12065,1.00,1.00
2015.08.31 09:57:48.221,1.12062,1.12064,1.00,1.00
2015.08.31 09:57:48.728,1.12061,1.12065,1.00,1.00
2015.08.31 09:57:48.779,1.12061,1.12063,1.50,2.50
2015.08.31 09:57:49.034,1.12059,1.12062,1.87,1.50
2015.08.31 09:57:49.490,1.12059,1.12061,3.00,1.00
2015.08.31 09:57:50.133,1.12056,1.12057,1.00,1.00
2015.08.31 09:57:50.642,1.12055,1.12056,1.12,1.00
2015.08.31 09:57:51.148,1.12055,1.12057,1.12,1.00
2015.08.31 09:57:54.530,1.12054,1.12056,1.87,1.00
2015.08.31 09:57:56.313,1.12053,1.12054,2.25,1.00
2015.08.31 09:57:56.871,1.12053,1.12055,4.12,1.00
2015.08.31 09:57:56.922,1.12055,1.12057,1.00,1.00
2015.08.31 09:57:57.680,1.12054,1.12056,1.50,1.00
2015.08.31 09:57:57.832,1.12055,1.12059,1.00,2.25
2015.08.31 09:57:58.423,1.12056,1.12059,1.00,1.00
2015.08.31 09:57:58.981,1.12055,1.12058,3.75,1.00
2015.08.31 09:57:59.285,1.12055,1.12056,1.00,1.00
2015.08.31 09:57:59.336,1.12053,1.12056,2.25,1.00
2015.08.31 09:58:01.295,1.12053,1.12055,2.25,1.00
2015.08.31 09:58:01.801,1.12052,1.12055,3.00,1.00
2015.08.31 09:58:02.996,1.12053,1.12055,1.50,1.00
2015.08.31 09:58:03.855,1.12054,1.12056,1.00,1.00
2015.08.31 09:58:04.548,1.12054,1.12055,1.00,1.00
2015.08.31 09:58:05.659,1.12053,1.12055,1.50,1.00
2015.08.31 09:58:08.339,1.12053,1.12054,1.00,2.25
2015.08.31 09:58:08.542,1.12048,1.12049,3.97,1.87
2015.08.31 09:58:08.644,1.12045,1.12047,4.50,1.00
2015.08.31 09:58:08.847,1.12048,1.12049,1.00,1.00
2015.08.31 09:58:11.496,1.12048,1.12051,1.50,1.00
2015.08.31 09:58:11.598,1.12048,1.1205,1.50,1.00
2015.08.31 09:58:12.111,1.12048,1.1205,1.50,1.00
2015.08.31 09:58:16.974,1.12047,1.12049,1.50,1.00
2015.08.31 09:58:17.280,1.12036,1.12037,3.82,1.00
2015.08.31 09:58:17.332,1.12035,1.12037,2.25,1.50
2015.08.31 09:58:17.435,1.12034,1.12036,4.50,1.00
2015.08.31 09:58:18.068,1.12035,1.12036,2.25,1.00
2015.08.31 09:58:18.170,1.12033,1.12036,1.50,1.00
2015.08.31 09:58:19.407,1.12033,1.12035,1.00,1.00
2015.08.31 09:58:19.913,1.12032,1.12035,1.50,1.00
2015.08.31 09:58:20.209,1.12031,1.12034,4.50,1.00
2015.08.31 09:58:20.941,1.12032,1.12034,2.25,1.00
2015.08.31 09:58:21.531,1.12033,1.12034,1.00,1.00
2015.08.31 09:58:26.494,1.12033,1.12035,1.00,1.00
2015.08.31 09:58:36.106,1.12033,1.12036,1.90,1.00
2015.08.31 09:58:36.208,1.12036,1.12037,1.12,1.00
2015.08.31 09:58:36.512,1.12038,1.1204,1.00,1.00
2015.08.31 09:58:37.045,1.12037,1.1204,3.00,1.00
2015.08.31 09:58:37.813,1.12038,1.1204,1.37,1.00
2015.08.31 09:58:38.546,1.12038,1.1204,1.50,1.00
2015.08.31 09:58:39.613,1.12039,1.12042,1.87,1.00
2015.08.31 09:58:39.766,1.12041,1.12043,2.25,1.00
2015.08.31 09:58:40.075,1.12044,1.12046,1.00,1.00
2015.08.31 09:58:40.632,1.12043,1.12045,3.37,1.00
2015.08.31 09:58:40.835,1.12047,1.12048,1.00,1.00
2015.08.31 09:58:41.340,1.12046,1.12048,2.25,1.00
2015.08.31 09:58:43.955,1.12047,1.1205,1.00,1.50
2015.08.31 09:58:46.363,1.12046,1.1205,1.00,2.25
2015.08.31 09:58:46.869,1.12045,1.1205,4.12,2.25
2015.08.31 09:58:49.562,1.12045,1.12047,1.12,1.00
2015.08.31 09:58:52.438,1.12045,1.12047,1.37,1.00
2015.08.31 09:58:52.944,1.12045,1.12047,1.00,1.00
2015.08.31 09:58:58.954,1.12048,1.12049,1.00,1.00
2015.08.31 09:58:59.241,1.12049,1.12051,1.50,1.00
2015.08.31 09:58:59.342,1.12049,1.12053,1.87,1.00
2015.08.31 09:58:59.864,1.12052,1.12054,1.00,1.00
2015.08.31 09:59:00.452,1.12051,1.12053,1.87,1.00
2015.08.31 09:59:00.957,1.12051,1.12053,1.50,1.00
2015.08.31 09:59:01.564,1.12052,1.12054,1.37,1.00
2015.08.31 09:59:03.562,1.12052,1.12053,1.00,1.00
2015.08.31 09:59:06.691,1.12051,1.12053,2.25,1.00
2015.08.31 09:59:08.903,1.12052,1.12054,1.00,1.00
2015.08.31 09:59:25.528,1.1205,1.12052,1.87,1.87
2015.08.31 09:59:25.680,1.12048,1.12049,1.00,1.00
2015.08.31 09:59:26.289,1.12048,1.12049,1.00,1.00
2015.08.31 09:59:27.743,1.12046,1.12047,1.50,1.00
2015.08.31 09:59:27.795,1.12043,1.12044,2.25,1.12
2015.08.31 09:59:28.524,1.12042,1.12043,1.00,1.00
2015.08.31 09:59:33.810,1.12043,1.12044,1.00,1.00
2015.08.31 09:59:36.044,1.12041,1.12042,1.00,1.00
2015.08.31 09:59:36.552,1.12042,1.12043,1.00,1.00
2015.08.31 09:59:40.910,1.12042,1.12044,1.00,1.00
2015.08.31 09:59:41.213,1.12042,1.12045,2.62,1.00
2015.08.31 09:59:41.517,1.12047,1.1205,1.12,1.12
2015.08.31 09:59:41.618,1.12046,1.12047,1.00,1.00
2015.08.31 09:59:42.047,1.12043,1.12046,2.25,1.87
2015.08.31 09:59:42.098,1.12042,1.12044,1.87,1.00
2015.08.31 09:59:44.344,1.12043,1.12044,1.00,1.00
2015.08.31 09:59:45.754,1.12044,1.12045,1.00,1.00
2015.08.31 09:59:46.260,1.12044,1.12045,1.00,1.00
2015.08.31 09:59:47.480,1.12042,1.12044,1.37,1.12
2015.08.31 09:59:51.894,1.12042,1.12044,1.37,1.12
2015.08.31 09:59:52.047,1.1204,1.12042,3.37,1.00
2015.08.31 09:59:55.427,1.1204,1.12042,2.62,1.00
2015.08.31 09:59:55.731,1.12041,1.12045,1.12,1.37
2015.08.31 09:59:56.372,1.12043,1.12046,1.00,1.37
2015.08.31 09:59:56.676,1.12042,1.12044,1.00,1.00
2015.08.31 09:59:59.796,1.12041,1.12042,1.00,1.00
