2015.02.06 20:00:00.727,1.13188,1.1319,1.50,1.87
2015.02.06 20:00:00.783,1.13185,1.1319,3.00,1.12
2015.02.06 20:00:00.884,1.13187,1.13192,1.00,1.69
2015.02.06 20:00:01.389,1.13188,1.13193,1.00,1.31
2015.02.06 20:00:01.694,1.13187,1.13191,2.25,1.87
2015.02.06 20:00:02.504,1.13186,1.13192,6.75,5.06
2015.02.06 20:00:03.009,1.13187,1.1319,1.00,1.12
2015.02.06 20:00:03.535,1.13186,1.1319,9.00,1.12
2015.02.06 20:00:04.252,1.13186,1.1319,2.32,1.12
2015.02.06 20:00:05.462,1.13187,1.13191,1.57,1.50
2015.02.06 20:00:06.005,1.13187,1.13192,1.57,1.25
2015.02.06 20:00:07.172,1.13189,1.13192,1.00,1.00
2015.02.06 20:00:07.477,1.13187,1.1319,1.00,1.00
2015.02.06 20:00:07.729,1.13187,1.13192,1.00,2.44
2015.02.06 20:00:08.704,1.1319,1.13194,1.50,1.50
2015.02.06 20:00:08.806,1.13188,1.13195,1.12,5.44
2015.02.06 20:00:09.311,1.13189,1.13195,1.00,4.31
2015.02.06 20:00:10.211,1.1319,1.13195,1.00,2.81
2015.02.06 20:00:12.220,1.13189,1.13193,1.00,1.50
2015.02.06 20:00:12.746,1.13188,1.13193,1.00,1.50
2015.02.06 20:00:13.250,1.13187,1.13193,3.00,1.50
2015.02.06 20:00:14.181,1.13187,1.13192,1.50,1.50
2015.02.06 20:00:15.225,1.13188,1.13192,1.00,1.50
2015.02.06 20:00:15.879,1.13187,1.13192,1.00,1.50
2015.02.06 20:00:19.028,1.13189,1.13193,1.50,1.00
2015.02.06 20:00:19.535,1.13189,1.13194,1.50,1.69
2015.02.06 20:00:20.444,1.13188,1.13193,1.00,1.00
2015.02.06 20:00:21.053,1.13187,1.13193,2.25,1.00
2015.02.06 20:00:23.157,1.13188,1.13193,1.00,1.00
2015.02.06 20:00:23.662,1.13189,1.13193,1.00,1.00
2015.02.06 20:00:24.168,1.13188,1.13193,1.00,1.00
2015.02.06 20:00:25.010,1.13189,1.13193,1.00,1.00
2015.02.06 20:00:26.121,1.13189,1.13191,1.00,1.00
2015.02.06 20:00:26.374,1.13189,1.13193,1.66,1.00
2015.02.06 20:00:27.689,1.1319,1.13192,1.12,1.50
2015.02.06 20:00:27.841,1.13189,1.1319,1.00,1.50
2015.02.06 20:00:27.942,1.13189,1.13192,1.00,2.25
2015.02.06 20:00:28.447,1.13187,1.13192,1.69,2.25
2015.02.06 20:00:28.548,1.13187,1.1319,2.36,1.50
2015.02.06 20:00:29.185,1.13188,1.1319,1.00,1.50
2015.02.06 20:00:29.337,1.13188,1.13193,1.00,1.50
2015.02.06 20:00:29.843,1.13189,1.13193,1.00,1.50
2015.02.06 20:00:32.107,1.13189,1.1319,1.00,1.00
2015.02.06 20:00:32.259,1.13186,1.1319,6.45,1.87
2015.02.06 20:00:35.268,1.13186,1.13188,4.50,1.50
2015.02.06 20:00:35.421,1.13184,1.13186,1.00,1.50
2015.02.06 20:00:35.522,1.13186,1.13187,2.25,1.69
2015.02.06 20:00:35.624,1.13184,1.13188,3.82,3.19
2015.02.06 20:00:36.179,1.13184,1.13188,3.82,1.69
2015.02.06 20:00:36.432,1.13186,1.1319,1.00,4.69
2015.02.06 20:00:36.888,1.13184,1.13188,1.50,1.00
2015.02.06 20:00:37.463,1.13185,1.1319,1.50,6.56
2015.02.06 20:00:39.085,1.13186,1.13189,1.87,1.19
2015.02.06 20:00:39.187,1.13184,1.13186,3.82,1.00
2015.02.06 20:00:39.389,1.13184,1.13188,3.00,1.25
2015.02.06 20:00:39.895,1.13185,1.13189,1.50,7.31
2015.02.06 20:00:40.765,1.13184,1.13189,6.82,7.31
2015.02.06 20:00:41.412,1.13185,1.13189,3.00,6.56
2015.02.06 20:00:41.989,1.13185,1.13187,1.50,1.12
2015.02.06 20:00:42.191,1.13183,1.13187,6.52,1.12
2015.02.06 20:00:42.401,1.13185,1.13189,1.00,3.56
2015.02.06 20:00:43.018,1.13185,1.13189,1.00,1.56
2015.02.06 20:00:48.451,1.13187,1.1319,1.50,4.12
2015.02.06 20:00:48.552,1.13194,1.13195,1.50,3.75
2015.02.06 20:00:48.603,1.13195,1.13197,2.25,1.50
2015.02.06 20:00:59.479,1.13195,1.13199,11.62,1.62
2015.02.06 20:00:59.984,1.13195,1.13199,5.25,1.56
2015.02.06 20:01:00.832,1.13196,1.132,1.00,5.29
2015.02.06 20:01:01.115,1.13196,1.132,5.25,1.80
2015.02.06 20:01:03.833,1.13198,1.13201,1.00,10.12
2015.02.06 20:01:04.288,1.13196,1.13201,3.75,9.75
2015.02.06 20:01:04.339,1.13196,1.13201,1.00,10.68
2015.02.06 20:01:04.743,1.13194,1.13199,4.31,1.87
2015.02.06 20:01:05.248,1.13194,1.13199,2.25,4.31
2015.02.06 20:01:05.752,1.13195,1.13199,3.00,3.56
2015.02.06 20:01:05.853,1.13194,1.13196,5.62,1.87
2015.02.06 20:01:06.055,1.13195,1.13199,1.00,1.56
2015.02.06 20:01:07.820,1.13194,1.13196,3.45,1.00
2015.02.06 20:01:08.276,1.13195,1.13199,1.00,1.25
2015.02.06 20:01:08.781,1.13196,1.132,2.25,3.56
2015.02.06 20:01:09.286,1.13196,1.132,3.37,4.31
2015.02.06 20:01:09.795,1.13197,1.132,1.00,1.25
2015.02.06 20:01:09.997,1.13195,1.132,5.89,4.31
2015.02.06 20:01:11.951,1.13195,1.132,7.50,2.81
2015.02.06 20:01:12.153,1.13195,1.13196,5.25,1.00
2015.02.06 20:01:12.306,1.13192,1.13194,1.00,3.00
2015.02.06 20:01:12.408,1.13189,1.13194,2.25,2.25
2015.02.06 20:01:12.812,1.13187,1.13193,3.75,2.44
2015.02.06 20:01:13.735,1.13187,1.13193,3.00,3.94
2015.02.06 20:01:14.254,1.13188,1.13193,1.00,3.19
2015.02.06 20:01:15.115,1.13188,1.13191,1.00,2.25
2015.02.06 20:01:15.267,1.13186,1.13191,3.90,4.50
2015.02.06 20:01:15.789,1.13187,1.13191,1.00,4.12
2015.02.06 20:01:16.560,1.13187,1.13191,1.00,4.31
2015.02.06 20:01:17.074,1.13187,1.13191,1.00,4.31
2015.02.06 20:01:17.691,1.13187,1.13191,1.00,3.56
2015.02.06 20:01:18.194,1.13187,1.13191,1.00,3.56
2015.02.06 20:01:19.213,1.13187,1.13191,1.00,5.06
2015.02.06 20:01:19.716,1.13187,1.13191,1.00,10.69
2015.02.06 20:01:19.918,1.13185,1.1319,5.62,3.19
2015.02.06 20:01:20.714,1.13186,1.1319,1.00,2.06
2015.02.06 20:01:21.236,1.13185,1.1319,9.30,2.81
2015.02.06 20:01:21.743,1.13186,1.1319,1.00,1.25
2015.02.06 20:01:22.289,1.13185,1.1319,8.25,1.25
2015.02.06 20:01:22.895,1.13186,1.13191,1.00,2.62
2015.02.06 20:01:25.311,1.13186,1.13191,1.50,3.19
2015.02.06 20:01:26.403,1.13187,1.13191,1.00,2.25
2015.02.06 20:01:30.130,1.13188,1.13191,1.00,3.00
2015.02.06 20:01:30.682,1.13189,1.13191,1.00,1.50
2015.02.06 20:01:33.030,1.13186,1.13189,1.00,1.00
2015.02.06 20:01:33.131,1.13189,1.13191,1.00,2.25
2015.02.06 20:01:34.584,1.13189,1.13191,1.00,1.87
2015.02.06 20:01:34.902,1.13191,1.13192,1.00,1.00
2015.02.06 20:01:35.206,1.13194,1.13196,1.00,2.25
2015.02.06 20:01:35.310,1.13193,1.13194,1.00,1.00
2015.02.06 20:01:35.817,1.13192,1.13194,1.00,1.00
2015.02.06 20:01:36.756,1.13192,1.13193,1.00,1.00
2015.02.06 20:01:36.858,1.1319,1.13194,1.50,2.25
2015.02.06 20:01:37.624,1.13191,1.13195,1.00,5.62
2015.02.06 20:01:38.726,1.13191,1.13194,1.00,1.50
2015.02.06 20:01:39.131,1.1319,1.13195,3.19,2.81
2015.02.06 20:01:40.985,1.13191,1.13193,1.00,1.00
2015.02.06 20:01:41.502,1.13192,1.13194,1.00,1.00
2015.02.06 20:01:42.036,1.13192,1.13195,1.00,3.75
2015.02.06 20:01:42.543,1.13194,1.13196,1.00,3.00
2015.02.06 20:01:42.898,1.13195,1.13197,2.62,1.00
2015.02.06 20:01:42.999,1.13198,1.13199,1.00,1.00
2015.02.06 20:01:43.506,1.13197,1.13199,2.25,1.00
2015.02.06 20:01:43.708,1.13197,1.13201,2.25,1.50
2015.02.06 20:01:45.018,1.13198,1.13201,1.00,1.00
2015.02.06 20:01:46.757,1.13202,1.13203,1.25,1.50
2015.02.06 20:01:46.807,1.13206,1.13209,1.00,2.25
2015.02.06 20:01:47.461,1.13209,1.13214,1.50,1.69
2015.02.06 20:01:47.613,1.13212,1.13215,3.00,4.87
2015.02.06 20:01:47.765,1.13214,1.13218,2.25,1.25
2015.02.06 20:01:48.423,1.13215,1.13218,1.00,2.44
2015.02.06 20:01:49.950,1.13213,1.13218,1.00,3.75
2015.02.06 20:01:50.001,1.13213,1.13216,1.00,1.00
2015.02.06 20:01:50.153,1.13211,1.13215,1.00,3.00
2015.02.06 20:01:50.658,1.1321,1.13214,1.00,3.00
2015.02.06 20:01:52.692,1.13209,1.13213,1.00,1.00
2015.02.06 20:01:52.743,1.13208,1.1321,1.50,1.00
2015.02.06 20:01:52.793,1.13207,1.13209,1.00,1.50
2015.02.06 20:01:52.946,1.13205,1.13207,1.00,1.00
2015.02.06 20:01:53.098,1.13205,1.13209,2.25,1.00
2015.02.06 20:01:53.604,1.13205,1.1321,1.00,4.31
2015.02.06 20:01:54.262,1.13206,1.1321,1.50,2.06
2015.02.06 20:01:54.363,1.13207,1.13212,1.00,3.19
2015.02.06 20:01:54.667,1.13208,1.13214,3.00,2.44
2015.02.06 20:01:57.496,1.13209,1.13215,1.50,5.06
2015.02.06 20:01:58.134,1.13209,1.13215,2.25,2.81
2015.02.06 20:01:58.539,1.13212,1.13215,1.00,5.81
2015.02.06 20:01:58.843,1.13211,1.13213,1.50,1.50
2015.02.06 20:02:00.899,1.13211,1.13213,2.25,1.50
2015.02.06 20:02:02.286,1.13212,1.13214,1.00,2.25
2015.02.06 20:02:02.589,1.1321,1.13212,1.50,1.00
2015.02.06 20:02:02.640,1.1321,1.13214,1.50,1.00
2015.02.06 20:02:02.691,1.1321,1.13212,1.50,1.50
2015.02.06 20:02:02.843,1.13208,1.13211,1.00,1.00
2015.02.06 20:02:03.045,1.13206,1.1321,1.50,3.00
2015.02.06 20:02:03.096,1.13206,1.13208,1.00,1.00
2015.02.06 20:02:03.248,1.132,1.13206,3.37,2.44
2015.02.06 20:02:04.225,1.132,1.13205,2.25,1.12
2015.02.06 20:02:05.421,1.13204,1.13208,3.75,1.00
2015.02.06 20:02:05.968,1.13204,1.13209,9.75,1.00
2015.02.06 20:02:06.425,1.13205,1.13207,6.75,1.00
2015.02.06 20:02:06.678,1.13199,1.13205,1.50,3.75
2015.02.06 20:02:07.194,1.13199,1.13204,1.50,1.00
2015.02.06 20:02:07.708,1.13199,1.13203,1.50,1.00
2015.02.06 20:02:08.237,1.13199,1.13202,1.50,1.00
2015.02.06 20:02:08.595,1.13197,1.13201,1.50,1.50
2015.02.06 20:02:08.949,1.13198,1.13203,1.00,1.00
2015.02.06 20:02:10.689,1.13199,1.13203,1.00,1.50
2015.02.06 20:02:10.942,1.13199,1.13201,1.00,1.00
2015.02.06 20:02:11.415,1.13197,1.13198,2.25,1.00
2015.02.06 20:02:11.827,1.13194,1.13197,1.00,1.50
2015.02.06 20:02:12.355,1.13194,1.13198,1.00,1.00
2015.02.06 20:02:12.915,1.13194,1.13196,1.00,1.00
2015.02.06 20:02:14.935,1.13192,1.13196,1.50,3.00
2015.02.06 20:02:15.037,1.1319,1.13195,2.62,4.12
2015.02.06 20:02:15.541,1.13189,1.13194,3.00,1.25
2015.02.06 20:02:21.642,1.13189,1.13193,2.25,1.00
2015.02.06 20:02:22.147,1.13189,1.13194,1.50,2.44
2015.02.06 20:02:27.668,1.13189,1.13193,1.50,1.00
2015.02.06 20:02:28.875,1.13189,1.13194,1.50,3.94
2015.02.06 20:02:29.381,1.1319,1.13195,2.25,1.19
2015.02.06 20:02:30.045,1.1319,1.13195,3.00,1.00
2015.02.06 20:02:32.250,1.13189,1.13195,3.00,3.19
2015.02.06 20:02:36.710,1.13191,1.13195,1.50,4.50
2015.02.06 20:02:38.225,1.13192,1.13195,1.00,3.00
2015.02.06 20:02:38.377,1.1319,1.13195,3.00,3.00
2015.02.06 20:02:40.678,1.13189,1.13195,6.00,3.00
2015.02.06 20:02:41.201,1.1319,1.13195,1.00,3.00
2015.02.06 20:02:42.038,1.1319,1.13194,1.00,1.00
2015.02.06 20:02:42.843,1.1319,1.13193,1.00,1.00
2015.02.06 20:02:43.096,1.13188,1.13191,1.50,1.00
2015.02.06 20:02:43.198,1.13186,1.1319,4.50,1.00
2015.02.06 20:02:47.241,1.13185,1.13187,2.25,1.00
2015.02.06 20:02:47.762,1.13184,1.13187,5.02,1.50
2015.02.06 20:02:49.201,1.13184,1.13189,5.77,1.25
2015.02.06 20:02:49.408,1.13186,1.13189,1.50,1.00
2015.02.06 20:02:53.484,1.13186,1.1319,1.50,1.50
2015.02.06 20:02:54.681,1.13185,1.1319,6.37,1.50
2015.02.06 20:02:55.189,1.13186,1.1319,1.50,1.50
2015.02.06 20:03:01.835,1.13188,1.1319,1.00,1.50
2015.02.06 20:03:02.340,1.13188,1.13191,1.50,1.50
2015.02.06 20:03:02.744,1.13189,1.13193,1.50,1.50
2015.02.06 20:03:03.276,1.1319,1.13193,1.00,1.50
2015.02.06 20:03:03.726,1.13192,1.13195,4.12,4.12
2015.02.06 20:03:03.829,1.13195,1.13197,3.00,1.00
2015.02.06 20:03:03.982,1.13198,1.132,1.00,1.00
2015.02.06 20:03:05.623,1.13199,1.13201,1.00,1.00
2015.02.06 20:03:06.711,1.132,1.13203,1.00,1.00
2015.02.06 20:03:07.241,1.13199,1.132,1.50,1.60
2015.02.06 20:03:07.756,1.13198,1.132,2.25,1.13
2015.02.06 20:03:08.745,1.13198,1.132,2.25,1.13
2015.02.06 20:03:08.846,1.13195,1.13196,1.00,1.50
2015.02.06 20:03:08.898,1.13193,1.13194,1.00,1.00
2015.02.06 20:03:09.252,1.1319,1.13193,1.00,1.00
2015.02.06 20:03:09.757,1.13191,1.13193,1.00,1.00
2015.02.06 20:03:14.789,1.1319,1.13193,3.00,1.00
2015.02.06 20:03:17.719,1.1319,1.13192,1.00,1.00
2015.02.06 20:03:18.269,1.13189,1.13192,1.00,1.00
2015.02.06 20:03:24.592,1.13188,1.1319,1.00,1.00
2015.02.06 20:03:24.643,1.13186,1.1319,3.19,1.00
2015.02.06 20:03:25.048,1.13188,1.1319,1.00,1.00
2015.02.06 20:03:26.625,1.13188,1.13192,3.75,1.00
2015.02.06 20:03:26.726,1.13188,1.1319,2.25,1.00
2015.02.06 20:03:27.436,1.13189,1.13191,1.00,1.00
2015.02.06 20:03:28.835,1.13189,1.13192,1.50,1.00
2015.02.06 20:03:29.249,1.13189,1.13191,1.00,1.00
2015.02.06 20:03:29.402,1.13185,1.13189,7.65,1.00
2015.02.06 20:03:29.604,1.13184,1.13187,4.01,1.00
2015.02.06 20:03:30.234,1.13185,1.13187,1.00,1.00
2015.02.06 20:03:30.749,1.13185,1.13188,6.37,1.00
2015.02.06 20:03:36.716,1.13186,1.13188,1.00,1.00
2015.02.06 20:03:37.580,1.13186,1.13189,1.50,1.00
2015.02.06 20:03:43.762,1.13187,1.13189,1.50,1.00
2015.02.06 20:03:44.279,1.13187,1.1319,2.25,1.00
2015.02.06 20:03:45.354,1.13188,1.1319,1.00,1.00
2015.02.06 20:03:45.557,1.13191,1.13194,1.00,1.00
2015.02.06 20:03:46.297,1.13197,1.13198,1.50,1.50
2015.02.06 20:03:46.348,1.13197,1.132,2.25,1.00
2015.02.06 20:03:46.754,1.13195,1.13196,7.50,2.25
2015.02.06 20:03:46.805,1.13195,1.13196,2.62,2.25
2015.02.06 20:03:46.906,1.13195,1.13199,2.62,1.00
2015.02.06 20:03:47.412,1.13196,1.13199,1.00,1.00
2015.02.06 20:03:50.921,1.13195,1.13199,4.12,1.00
2015.02.06 20:03:51.438,1.13196,1.13199,1.00,1.00
2015.02.06 20:03:52.173,1.13197,1.13199,1.00,1.00
2015.02.06 20:03:54.066,1.13196,1.13199,1.00,1.00
2015.02.06 20:03:54.571,1.13195,1.13197,3.37,1.00
2015.02.06 20:03:55.076,1.13194,1.13197,5.02,1.50
2015.02.06 20:03:55.947,1.13195,1.13197,1.00,1.00
2015.02.06 20:03:56.201,1.13195,1.13199,5.25,2.25
2015.02.06 20:03:56.302,1.13198,1.13199,1.00,1.00
2015.02.06 20:03:56.827,1.132,1.13201,1.00,1.00
2015.02.06 20:03:58.244,1.13199,1.13201,1.00,1.00
2015.02.06 20:03:58.749,1.132,1.13201,1.00,1.00
2015.02.06 20:04:00.742,1.13199,1.13201,1.00,1.00
2015.02.06 20:04:02.104,1.13198,1.13201,1.50,1.00
2015.02.06 20:04:02.844,1.13199,1.13201,1.00,1.00
2015.02.06 20:04:05.374,1.13198,1.13201,1.50,1.00
2015.02.06 20:04:14.803,1.13197,1.132,3.00,1.00
2015.02.06 20:04:17.183,1.13193,1.13194,1.00,1.00
2015.02.06 20:04:17.235,1.1319,1.13192,2.25,1.00
2015.02.06 20:04:17.540,1.13188,1.13191,2.44,1.00
2015.02.06 20:04:18.113,1.1319,1.13193,1.00,1.00
2015.02.06 20:04:20.433,1.13192,1.13194,1.00,1.50
2015.02.06 20:04:22.533,1.13192,1.13194,1.00,1.00
2015.02.06 20:04:24.046,1.13191,1.13194,1.00,1.50
2015.02.06 20:04:24.198,1.13189,1.1319,1.00,1.00
2015.02.06 20:04:32.615,1.13184,1.13186,5.44,1.00
2015.02.06 20:04:33.121,1.13184,1.13186,3.82,1.00
2015.02.06 20:04:33.641,1.13184,1.13185,2.62,1.50
2015.02.06 20:04:34.493,1.13184,1.13186,4.27,1.50
2015.02.06 20:04:36.710,1.13185,1.13187,1.00,1.00
2015.02.06 20:04:37.232,1.13187,1.13188,1.00,1.00
2015.02.06 20:04:39.368,1.13188,1.1319,1.00,3.37
2015.02.06 20:04:39.876,1.13187,1.13189,1.00,1.00
2015.02.06 20:04:44.626,1.13187,1.13189,1.00,1.00
2015.02.06 20:04:44.677,1.13186,1.13188,1.00,1.50
2015.02.06 20:04:44.980,1.13183,1.13184,4.50,1.00
2015.02.06 20:04:45.031,1.13183,1.13184,3.75,1.00
2015.02.06 20:04:45.536,1.13182,1.13183,1.00,1.00
2015.02.06 20:04:52.970,1.13182,1.13184,1.00,1.50
2015.02.06 20:05:00.688,1.13182,1.13183,1.00,1.00
2015.02.06 20:05:00.992,1.13184,1.13185,1.00,1.00
2015.02.06 20:05:01.505,1.13185,1.13186,1.00,1.00
2015.02.06 20:05:02.032,1.13183,1.13185,1.00,1.20
2015.02.06 20:05:05.131,1.13184,1.13185,1.00,1.65
2015.02.06 20:05:05.675,1.13183,1.13185,1.00,1.10
2015.02.06 20:05:09.631,1.13187,1.13189,1.50,2.44
2015.02.06 20:05:12.223,1.13189,1.13191,1.00,4.50
2015.02.06 20:05:12.731,1.13189,1.1319,1.00,1.00
2015.02.06 20:05:13.460,1.13186,1.13188,6.00,1.00
2015.02.06 20:05:13.765,1.13183,1.13185,1.00,1.12
2015.02.06 20:05:16.751,1.13181,1.13182,1.00,1.00
2015.02.06 20:05:17.258,1.1318,1.13181,1.00,1.50
2015.02.06 20:05:34.851,1.1318,1.13183,1.19,1.00
2015.02.06 20:05:36.142,1.13182,1.13183,1.00,1.00
2015.02.06 20:05:36.296,1.13184,1.13186,1.00,3.37
2015.02.06 20:05:36.802,1.13184,1.13186,1.50,1.00
2015.02.06 20:05:38.413,1.13186,1.13187,1.00,1.00
2015.02.06 20:05:38.718,1.13186,1.13188,1.00,1.00
2015.02.06 20:05:38.871,1.13183,1.13184,1.00,1.00
2015.02.06 20:05:45.789,1.13181,1.13183,1.00,1.00
2015.02.06 20:05:46.300,1.1318,1.13183,1.00,1.00
2015.02.06 20:05:47.166,1.13181,1.13183,1.00,2.25
2015.02.06 20:05:47.671,1.13182,1.13184,1.00,1.00
2015.02.06 20:05:53.140,1.13185,1.13188,1.00,2.25
2015.02.06 20:05:53.242,1.13187,1.13188,1.00,1.50
2015.02.06 20:05:53.595,1.13189,1.13191,1.00,1.00
2015.02.06 20:05:54.101,1.13189,1.1319,1.00,1.00
2015.02.06 20:05:55.083,1.1319,1.13194,1.00,1.00
2015.02.06 20:05:55.440,1.1319,1.13192,1.00,1.00
2015.02.06 20:05:55.943,1.13189,1.13193,1.50,1.00
2015.02.06 20:05:58.225,1.13189,1.13194,1.00,1.50
2015.02.06 20:05:59.781,1.1319,1.13194,1.00,1.00
2015.02.06 20:05:59.832,1.1319,1.13196,1.00,3.94
2015.02.06 20:06:00.866,1.13191,1.13196,1.00,1.69
2015.02.06 20:06:03.004,1.13192,1.13196,1.00,1.00
2015.02.06 20:06:03.729,1.13192,1.13197,1.50,1.69
2015.02.06 20:06:03.779,1.13194,1.13198,1.00,1.69
2015.02.06 20:06:04.742,1.13194,1.13198,1.00,1.00
2015.02.06 20:06:05.046,1.13196,1.132,2.25,1.30
2015.02.06 20:06:05.248,1.13194,1.132,3.75,3.97
2015.02.06 20:06:06.498,1.13194,1.13198,3.00,1.00
2015.02.06 20:06:06.599,1.13195,1.132,1.50,5.29
2015.02.06 20:06:07.774,1.13197,1.132,1.00,1.35
2015.02.06 20:06:08.077,1.13198,1.132,1.50,1.30
2015.02.06 20:06:09.972,1.13197,1.13203,1.50,3.00
2015.02.06 20:06:10.074,1.13199,1.13203,1.00,2.25
2015.02.06 20:06:10.378,1.13202,1.13205,2.25,1.00
2015.02.06 20:06:10.682,1.13202,1.13207,2.25,2.25
2015.02.06 20:06:10.834,1.13204,1.13208,1.00,1.50
2015.02.06 20:06:11.538,1.13206,1.13208,1.00,1.00
2015.02.06 20:06:11.592,1.13206,1.1321,2.25,1.12
2015.02.06 20:06:12.098,1.13205,1.1321,1.50,2.62
2015.02.06 20:06:12.634,1.13205,1.13209,1.50,1.00
2015.02.06 20:06:13.690,1.13203,1.13209,1.50,1.50
2015.02.06 20:06:14.220,1.13203,1.13208,1.50,1.00
2015.02.06 20:06:14.738,1.13206,1.13208,1.00,1.00
2015.02.06 20:06:14.890,1.13203,1.13207,2.25,1.50
2015.02.06 20:06:15.093,1.13201,1.13206,2.25,1.50
2015.02.06 20:06:16.060,1.13202,1.13206,1.00,1.00
2015.02.06 20:06:16.737,1.13202,1.13207,2.25,3.94
2015.02.06 20:06:16.839,1.13202,1.13207,2.44,3.94
2015.02.06 20:06:18.886,1.13204,1.13208,1.69,1.25
2015.02.06 20:06:19.405,1.13205,1.13209,1.00,1.00
2015.02.06 20:06:19.918,1.13204,1.13208,2.44,1.00
2015.02.06 20:06:20.561,1.13204,1.13209,2.25,1.46
2015.02.06 20:06:20.965,1.13206,1.13209,1.50,1.00
2015.02.06 20:06:21.498,1.13205,1.13209,1.50,1.00
2015.02.06 20:06:23.058,1.13204,1.13209,3.00,1.00
2015.02.06 20:06:23.362,1.13204,1.13207,1.00,3.00
2015.02.06 20:06:23.464,1.13202,1.13207,1.50,3.00
2015.02.06 20:06:23.969,1.13203,1.13208,2.25,1.25
2015.02.06 20:06:25.865,1.13203,1.13209,1.50,3.19
2015.02.06 20:06:27.786,1.13204,1.13209,1.00,2.44
2015.02.06 20:06:29.068,1.13206,1.13209,1.00,1.69
2015.02.06 20:06:30.696,1.13207,1.13209,1.00,1.00
2015.02.06 20:06:31.203,1.13208,1.13211,1.00,1.50
2015.02.06 20:06:31.254,1.13208,1.13213,1.00,2.25
2015.02.06 20:06:31.305,1.1321,1.13213,2.25,1.00
2015.02.06 20:06:31.356,1.1321,1.13215,2.25,2.89
2015.02.06 20:06:34.057,1.1321,1.13216,1.50,2.44
2015.02.06 20:06:34.310,1.13212,1.13216,1.50,2.44
2015.02.06 20:06:34.767,1.13214,1.13217,2.32,1.69
2015.02.06 20:06:34.818,1.13214,1.13218,6.07,1.00
2015.02.06 20:06:34.971,1.13216,1.13218,1.00,1.00
2015.02.06 20:06:35.122,1.13215,1.13219,4.50,1.00
2015.02.06 20:06:35.325,1.13214,1.13217,1.50,2.25
2015.02.06 20:06:35.476,1.13212,1.13217,1.50,3.75
2015.02.06 20:06:35.679,1.13214,1.13217,1.00,3.00
2015.02.06 20:06:36.134,1.13216,1.13218,1.00,1.24
2015.02.06 20:06:36.688,1.13215,1.13218,2.62,1.00
2015.02.06 20:06:36.842,1.13212,1.13216,1.00,1.50
2015.02.06 20:06:37.613,1.13216,1.13217,2.25,3.00
2015.02.06 20:06:37.667,1.13218,1.1322,1.00,1.00
2015.02.06 20:06:40.108,1.13216,1.13218,2.25,1.00
2015.02.06 20:06:40.766,1.13216,1.1322,1.00,2.25
2015.02.06 20:06:42.121,1.13216,1.13218,1.50,1.00
2015.02.06 20:06:43.728,1.13216,1.13217,1.00,1.00
2015.02.06 20:06:43.880,1.13214,1.13217,2.25,3.75
2015.02.06 20:06:44.184,1.13217,1.1322,5.25,3.75
2015.02.06 20:06:44.285,1.13219,1.13222,2.25,2.25
2015.02.06 20:06:44.336,1.13221,1.13222,1.00,1.00
2015.02.06 20:06:44.387,1.13221,1.13224,1.00,3.00
2015.02.06 20:06:44.640,1.13219,1.13222,1.00,1.50
2015.02.06 20:06:44.742,1.13215,1.1322,1.87,1.50
2015.02.06 20:06:44.793,1.13215,1.13218,1.87,1.00
2015.02.06 20:06:44.844,1.13213,1.13218,1.00,2.25
2015.02.06 20:06:45.097,1.13215,1.13217,1.00,1.50
2015.02.06 20:06:45.300,1.1322,1.13225,2.25,3.56
2015.02.06 20:06:45.351,1.1322,1.13225,2.57,2.25
2015.02.06 20:06:45.856,1.13221,1.13225,1.00,1.50
2015.02.06 20:06:49.446,1.1322,1.13222,1.50,1.00
2015.02.06 20:06:49.547,1.1322,1.13225,2.25,3.19
2015.02.06 20:06:50.718,1.13223,1.13225,1.19,1.00
2015.02.06 20:06:50.921,1.13219,1.13225,2.25,2.25
2015.02.06 20:06:51.437,1.13219,1.13224,2.25,1.00
2015.02.06 20:06:55.277,1.13218,1.13224,3.00,1.50
2015.02.06 20:06:55.429,1.1322,1.13224,1.00,1.00
2015.02.06 20:07:01.028,1.13219,1.13224,2.25,1.12
2015.02.06 20:07:01.571,1.1322,1.13224,2.25,1.00
2015.02.06 20:07:10.767,1.1322,1.13223,1.00,1.50
2015.02.06 20:07:11.273,1.13219,1.13223,1.00,1.00
2015.02.06 20:07:11.779,1.13219,1.13224,1.00,3.75
2015.02.06 20:07:12.190,1.13219,1.13221,1.00,1.00
2015.02.06 20:07:12.293,1.13217,1.13219,2.25,2.25
2015.02.06 20:07:12.346,1.13215,1.13216,1.12,1.25
2015.02.06 20:07:12.498,1.13211,1.13216,1.00,1.69
2015.02.06 20:07:13.004,1.13213,1.13216,1.00,1.00
2015.02.06 20:07:13.530,1.13213,1.13218,1.00,3.56
2015.02.06 20:07:14.090,1.13214,1.13217,1.00,5.44
2015.02.06 20:07:14.394,1.13218,1.13222,1.50,1.50
2015.02.06 20:07:14.545,1.1322,1.13222,1.00,1.00
2015.02.06 20:07:15.252,1.1322,1.13223,2.25,1.00
2015.02.06 20:07:15.354,1.1322,1.13226,2.25,1.69
2015.02.06 20:07:16.725,1.1322,1.13223,1.00,1.00
2015.02.06 20:07:17.286,1.1322,1.13224,1.00,3.75
2015.02.06 20:07:17.800,1.13219,1.13223,1.00,1.50
2015.02.06 20:07:20.040,1.13217,1.13221,1.00,2.25
2015.02.06 20:07:21.254,1.13219,1.13221,1.00,2.25
2015.02.06 20:07:21.412,1.1322,1.13223,1.00,1.00
2015.02.06 20:07:21.918,1.13219,1.13222,1.00,2.25
2015.02.06 20:07:22.424,1.1322,1.13224,1.00,1.00
2015.02.06 20:07:22.577,1.13221,1.13222,1.00,1.00
2015.02.06 20:07:22.729,1.13221,1.13224,1.00,1.50
2015.02.06 20:07:22.831,1.13219,1.13224,1.00,1.50
2015.02.06 20:07:23.033,1.13224,1.13225,1.50,1.00
2015.02.06 20:07:23.135,1.13229,1.1323,1.00,3.00
2015.02.06 20:07:23.541,1.13229,1.13231,1.00,1.00
2015.02.06 20:07:26.770,1.13229,1.1323,1.00,1.00
2015.02.06 20:07:28.190,1.13227,1.1323,3.00,1.50
2015.02.06 20:07:29.152,1.13225,1.13228,4.50,2.50
2015.02.06 20:07:29.253,1.13225,1.13226,1.00,1.00
2015.02.06 20:07:29.985,1.13226,1.13228,1.50,1.00
2015.02.06 20:07:30.036,1.13226,1.1323,2.25,3.07
2015.02.06 20:07:30.850,1.13227,1.1323,1.00,1.09
2015.02.06 20:07:31.369,1.13226,1.13228,1.00,1.50
2015.02.06 20:07:31.470,1.13224,1.13228,1.00,1.69
2015.02.06 20:07:31.975,1.13224,1.13227,1.00,1.50
2015.02.06 20:07:35.231,1.13223,1.13227,1.19,3.56
2015.02.06 20:07:35.282,1.13223,1.13224,1.00,1.00
2015.02.06 20:07:35.384,1.1322,1.13224,1.00,1.88
2015.02.06 20:07:35.889,1.13219,1.1322,1.00,1.00
2015.02.06 20:07:37.568,1.13217,1.13218,1.00,1.00
2015.02.06 20:07:37.974,1.13214,1.13218,1.00,2.44
2015.02.06 20:07:38.024,1.13214,1.13216,1.00,1.50
2015.02.06 20:07:38.379,1.13211,1.13213,1.00,1.00
2015.02.06 20:07:38.894,1.13212,1.13215,1.00,1.00
2015.02.06 20:07:39.299,1.13213,1.13215,1.00,1.00
2015.02.06 20:07:39.400,1.13211,1.13213,1.00,1.00
2015.02.06 20:07:42.161,1.13212,1.13216,1.00,3.94
2015.02.06 20:07:42.414,1.1321,1.13212,2.62,1.00
2015.02.06 20:07:43.315,1.13209,1.13212,3.00,1.00
2015.02.06 20:07:45.092,1.13209,1.13211,3.00,1.00
2015.02.06 20:07:45.600,1.13208,1.1321,1.00,1.00
2015.02.06 20:07:47.988,1.13209,1.1321,1.00,1.00
2015.02.06 20:07:48.141,1.13209,1.13212,1.50,1.25
2015.02.06 20:07:48.192,1.13209,1.13211,1.00,1.00
2015.02.06 20:07:48.699,1.13208,1.1321,1.50,1.00
2015.02.06 20:07:53.778,1.13208,1.13212,2.25,1.00
2015.02.06 20:07:53.930,1.1321,1.13212,1.12,1.25
2015.02.06 20:07:54.032,1.13208,1.1321,1.00,1.00
2015.02.06 20:07:54.134,1.13208,1.13212,2.25,1.50
2015.02.06 20:07:54.236,1.13209,1.13211,1.00,1.00
2015.02.06 20:07:54.388,1.13209,1.13212,2.25,1.50
2015.02.06 20:07:54.439,1.13209,1.13211,2.25,1.00
2015.02.06 20:07:54.541,1.1321,1.13212,1.00,1.50
2015.02.06 20:07:54.895,1.13211,1.13214,1.00,1.00
2015.02.06 20:07:55.097,1.13211,1.13212,1.50,1.00
2015.02.06 20:07:55.620,1.1321,1.13212,1.87,1.00
2015.02.06 20:07:58.137,1.13209,1.13212,1.00,1.50
2015.02.06 20:07:58.441,1.13208,1.1321,1.00,1.00
2015.02.06 20:07:59.727,1.13208,1.13211,1.00,1.00
2015.02.06 20:08:01.062,1.13208,1.1321,1.00,1.00
2015.02.06 20:08:11.746,1.13208,1.13211,1.00,7.87
2015.02.06 20:08:12.403,1.13209,1.13211,1.00,2.25
2015.02.06 20:08:12.909,1.13209,1.13212,1.00,2.44
2015.02.06 20:08:13.983,1.13209,1.13211,1.00,1.00
2015.02.06 20:08:14.862,1.13209,1.13213,2.25,2.25
2015.02.06 20:08:15.384,1.1321,1.13213,1.50,1.00
2015.02.06 20:08:20.238,1.13209,1.13212,1.00,2.25
2015.02.06 20:08:20.743,1.13209,1.13211,1.00,1.50
2015.02.06 20:08:21.251,1.13209,1.13212,1.00,2.25
2015.02.06 20:08:21.758,1.13209,1.13211,1.00,1.00
2015.02.06 20:08:22.599,1.13209,1.1321,1.00,1.00
2015.02.06 20:08:23.177,1.13209,1.13211,1.00,1.50
2015.02.06 20:08:23.279,1.1321,1.13214,2.25,1.00
2015.02.06 20:08:23.331,1.13212,1.13214,1.00,1.00
2015.02.06 20:08:23.635,1.1321,1.13211,1.00,1.00
2015.02.06 20:08:23.736,1.1321,1.13213,1.50,1.50
2015.02.06 20:08:23.889,1.1321,1.13215,3.00,1.69
2015.02.06 20:08:24.547,1.1321,1.13216,3.75,3.19
2015.02.06 20:08:28.235,1.1321,1.13215,3.75,1.00
2015.02.06 20:08:28.893,1.1321,1.13212,3.00,1.00
2015.02.06 20:08:28.995,1.13208,1.13211,1.50,1.00
2015.02.06 20:08:29.779,1.13209,1.13211,1.00,1.50
2015.02.06 20:08:29.881,1.1321,1.13213,1.50,1.50
2015.02.06 20:08:30.033,1.13209,1.13211,1.50,1.50
2015.02.06 20:08:30.541,1.13208,1.13211,1.00,2.25
2015.02.06 20:08:32.546,1.13208,1.1321,1.00,1.00
2015.02.06 20:08:33.404,1.13208,1.13209,1.00,1.00
2015.02.06 20:08:33.910,1.13207,1.13209,3.00,1.50
2015.02.06 20:08:34.213,1.13206,1.13207,1.50,1.50
2015.02.06 20:08:34.579,1.13207,1.13209,1.00,1.00
2015.02.06 20:08:34.782,1.132,1.13201,12.37,1.50
2015.02.06 20:08:34.884,1.13201,1.13204,1.50,1.00
2015.02.06 20:08:34.935,1.13201,1.13206,1.50,1.50
2015.02.06 20:08:35.087,1.13205,1.13208,1.00,1.50
2015.02.06 20:08:35.138,1.13205,1.13207,1.50,1.00
2015.02.06 20:08:39.267,1.13204,1.13207,2.25,1.00
2015.02.06 20:08:40.354,1.13205,1.13207,1.00,1.00
2015.02.06 20:08:41.028,1.13204,1.13206,3.00,1.00
2015.02.06 20:08:41.130,1.13203,1.13205,1.50,1.50
2015.02.06 20:08:47.567,1.13203,1.13206,1.50,1.50
2015.02.06 20:08:48.073,1.13203,1.13205,1.50,1.50
2015.02.06 20:08:54.519,1.13205,1.13206,1.00,1.50
2015.02.06 20:08:54.976,1.13204,1.13206,2.25,1.50
2015.02.06 20:08:55.078,1.13204,1.13207,3.00,3.00
2015.02.06 20:08:55.230,1.13205,1.1321,2.25,5.13
2015.02.06 20:08:55.280,1.13205,1.13207,2.25,1.00
2015.02.06 20:08:56.516,1.13208,1.1321,2.25,2.25
2015.02.06 20:08:56.720,1.1321,1.13214,2.25,1.50
2015.02.06 20:08:57.124,1.13212,1.13215,1.50,1.00
2015.02.06 20:08:57.327,1.13217,1.13221,1.50,1.12
2015.02.06 20:08:57.379,1.13218,1.13223,1.00,1.25
2015.02.06 20:08:57.885,1.13219,1.13225,2.25,3.19
2015.02.06 20:08:58.340,1.13219,1.13225,2.25,2.81
2015.02.06 20:08:58.391,1.13221,1.13225,1.00,2.44
2015.02.06 20:08:58.695,1.13214,1.13217,1.00,3.75
2015.02.06 20:08:59.200,1.13213,1.13217,1.00,5.25
2015.02.06 20:09:00.200,1.13212,1.13217,2.25,5.25
2015.02.06 20:09:00.504,1.13212,1.13215,1.00,1.00
2015.02.06 20:09:01.865,1.13212,1.13216,1.00,1.69
2015.02.06 20:09:02.169,1.13209,1.13211,1.00,1.00
2015.02.06 20:09:02.814,1.13209,1.13212,1.00,1.50
2015.02.06 20:09:03.362,1.13209,1.13211,1.00,1.00
2015.02.06 20:09:04.000,1.13208,1.13211,1.50,1.00
2015.02.06 20:09:06.312,1.13214,1.13215,1.00,8.62
2015.02.06 20:09:06.364,1.13214,1.13216,1.00,1.25
2015.02.06 20:09:06.870,1.13214,1.13215,1.00,1.00
2015.02.06 20:09:09.274,1.13213,1.13214,1.50,1.50
2015.02.06 20:09:09.375,1.13212,1.13213,1.50,1.50
2015.02.06 20:09:09.577,1.13212,1.13214,3.00,1.00
2015.02.06 20:09:10.159,1.13213,1.13215,3.00,1.00
2015.02.06 20:09:11.805,1.13212,1.13215,1.50,4.69
2015.02.06 20:09:12.059,1.13209,1.13212,1.00,3.00
2015.02.06 20:09:12.161,1.13208,1.1321,1.00,1.50
2015.02.06 20:09:12.666,1.1321,1.13212,1.50,2.25
2015.02.06 20:09:12.768,1.13213,1.13215,1.00,3.56
2015.02.06 20:09:12.970,1.13211,1.13212,1.00,1.00
2015.02.06 20:09:13.122,1.13212,1.13214,1.50,1.00
2015.02.06 20:09:13.629,1.13213,1.13215,1.50,1.00
2015.02.06 20:09:15.886,1.13215,1.13217,1.50,1.50
2015.02.06 20:09:16.038,1.13218,1.13221,1.50,1.50
2015.02.06 20:09:16.089,1.1322,1.13221,1.50,1.50
2015.02.06 20:09:16.293,1.13218,1.1322,1.50,1.00
2015.02.06 20:09:16.798,1.13217,1.1322,3.00,1.00
2015.02.06 20:09:17.202,1.13221,1.13222,1.00,1.00
2015.02.06 20:09:17.455,1.13219,1.1322,2.25,1.00
2015.02.06 20:09:17.960,1.13218,1.1322,1.00,1.00
2015.02.06 20:09:19.502,1.13216,1.13218,1.00,3.00
2015.02.06 20:09:19.608,1.13217,1.1322,1.50,1.50
2015.02.06 20:09:24.584,1.13218,1.1322,1.00,1.00
2015.02.06 20:09:26.057,1.13219,1.1322,1.00,1.00
2015.02.06 20:09:26.561,1.13218,1.1322,1.00,1.00
2015.02.06 20:09:34.250,1.13217,1.1322,2.25,2.44
2015.02.06 20:09:34.301,1.13217,1.13218,1.50,1.68
2015.02.06 20:09:34.821,1.13215,1.13218,1.00,2.43
2015.02.06 20:09:38.318,1.13215,1.13219,1.00,2.44
2015.02.06 20:09:47.045,1.13216,1.13219,1.50,1.00
2015.02.06 20:09:47.906,1.13217,1.13219,1.00,1.00
2015.02.06 20:09:48.650,1.13217,1.1322,1.00,2.25
2015.02.06 20:09:49.006,1.13215,1.13217,2.25,1.00
2015.02.06 20:09:49.111,1.13214,1.13216,1.50,1.00
2015.02.06 20:09:51.296,1.13214,1.13217,1.50,5.25
2015.02.06 20:09:51.397,1.13216,1.13218,1.00,1.50
2015.02.06 20:09:51.701,1.13221,1.13223,1.00,1.00
2015.02.06 20:09:51.853,1.1322,1.13224,1.00,3.00
2015.02.06 20:09:55.377,1.13221,1.13225,2.25,1.25
2015.02.06 20:09:56.393,1.13222,1.13225,1.00,2.44
2015.02.06 20:09:57.660,1.13222,1.13226,3.75,1.25
2015.02.06 20:09:58.326,1.13224,1.13226,1.00,1.00
2015.02.06 20:09:59.395,1.1324,1.13247,4.50,7.50
2015.02.06 20:09:59.446,1.1325,1.13251,1.12,1.00
2015.02.06 20:09:59.749,1.13243,1.13245,3.25,1.50
2015.02.06 20:09:59.901,1.1324,1.13243,1.00,1.00
2015.02.06 20:10:00.255,1.13236,1.13239,1.00,1.87
2015.02.06 20:10:00.408,1.13234,1.13237,1.00,5.62
2015.02.06 20:10:00.914,1.13233,1.13234,2.25,1.00
2015.02.06 20:10:01.471,1.13233,1.13235,1.87,2.25
2015.02.06 20:10:01.624,1.13231,1.13235,1.00,5.25
2015.02.06 20:10:02.130,1.1323,1.13235,3.52,5.25
2015.02.06 20:10:02.646,1.1323,1.13234,3.15,1.00
2015.02.06 20:10:02.849,1.13232,1.13234,1.00,1.50
2015.02.06 20:10:03.354,1.13233,1.13234,1.00,1.00
2015.02.06 20:10:04.223,1.13233,1.13235,1.00,3.00
2015.02.06 20:10:04.728,1.13233,1.13234,1.00,1.00
2015.02.06 20:10:06.906,1.13233,1.13235,1.00,2.25
2015.02.06 20:10:07.411,1.13233,1.13234,1.00,1.00
2015.02.06 20:10:13.585,1.13232,1.13234,1.00,1.00
2015.02.06 20:10:14.091,1.13231,1.13234,1.50,1.00
2015.02.06 20:10:14.825,1.13231,1.13235,3.25,1.50
2015.02.06 20:10:15.128,1.13231,1.13233,3.00,1.50
2015.02.06 20:10:15.280,1.13231,1.13235,1.00,1.00
2015.02.06 20:10:15.735,1.13233,1.13237,2.25,1.00
2015.02.06 20:10:18.245,1.13233,1.13235,1.50,1.00
2015.02.06 20:10:19.003,1.13233,1.13235,1.00,1.50
2015.02.06 20:10:19.205,1.13234,1.13238,2.25,1.25
2015.02.06 20:10:19.723,1.13233,1.13236,1.00,2.25
2015.02.06 20:10:21.253,1.13235,1.13237,1.00,1.50
2015.02.06 20:10:21.304,1.13235,1.13237,1.00,2.25
2015.02.06 20:10:21.810,1.13233,1.13236,1.00,1.50
2015.02.06 20:10:22.315,1.13232,1.13235,1.50,1.00
2015.02.06 20:10:25.651,1.1323,1.13232,2.25,1.00
2015.02.06 20:10:25.854,1.1323,1.13234,3.00,1.00
2015.02.06 20:10:26.395,1.13231,1.13234,1.00,1.00
2015.02.06 20:10:27.606,1.13231,1.13235,1.00,1.00
2015.02.06 20:10:30.322,1.1323,1.13235,7.12,1.00
2015.02.06 20:10:30.980,1.13231,1.13235,1.00,1.00
2015.02.06 20:10:34.865,1.13233,1.13235,1.00,1.00
2015.02.06 20:10:35.371,1.13233,1.13235,1.19,1.00
2015.02.06 20:10:35.877,1.13233,1.13235,1.00,3.00
2015.02.06 20:10:38.864,1.13232,1.13234,1.00,1.25
2015.02.06 20:10:42.577,1.13231,1.13233,1.50,1.00
2015.02.06 20:10:48.881,1.1323,1.13232,3.56,1.00
2015.02.06 20:10:49.426,1.1323,1.13232,3.56,1.00
2015.02.06 20:10:53.509,1.1323,1.13232,3.00,1.00
2015.02.06 20:10:53.763,1.13228,1.13232,1.00,3.00
2015.02.06 20:10:54.285,1.13229,1.13233,1.00,3.00
2015.02.06 20:10:54.813,1.1323,1.13234,1.00,2.25
2015.02.06 20:10:58.517,1.13232,1.13234,1.00,1.50
2015.02.06 20:10:59.028,1.13232,1.13235,1.00,1.00
2015.02.06 20:11:01.661,1.1323,1.13232,3.37,1.00
2015.02.06 20:11:01.712,1.1323,1.13232,3.37,2.50
2015.02.06 20:11:01.814,1.13228,1.1323,1.00,1.00
2015.02.06 20:11:02.732,1.13229,1.1323,1.00,1.00
2015.02.06 20:11:02.884,1.1323,1.13233,1.50,2.25
2015.02.06 20:11:03.035,1.13233,1.13235,2.25,1.00
2015.02.06 20:11:03.339,1.13237,1.13241,1.00,3.75
2015.02.06 20:11:03.390,1.13237,1.13241,1.00,3.00
2015.02.06 20:11:03.693,1.13238,1.13244,3.00,1.69
2015.02.06 20:11:03.845,1.13239,1.13245,1.50,3.94
2015.02.06 20:11:06.071,1.13239,1.13243,2.25,1.00
2015.02.06 20:11:07.323,1.13239,1.13242,1.00,1.00
2015.02.06 20:11:07.627,1.13238,1.1324,1.00,1.00
2015.02.06 20:11:08.628,1.13238,1.13241,1.00,1.50
2015.02.06 20:11:09.120,1.13238,1.1324,1.00,1.19
2015.02.06 20:11:09.222,1.13235,1.13236,1.50,2.25
2015.02.06 20:11:09.526,1.13232,1.13236,1.00,4.50
2015.02.06 20:11:09.728,1.1323,1.13232,1.87,1.00
2015.02.06 20:11:10.234,1.13229,1.13232,1.00,1.00
2015.02.06 20:11:14.677,1.13228,1.13231,1.15,2.25
2015.02.06 20:11:15.182,1.13228,1.1323,1.15,1.00
2015.02.06 20:11:16.365,1.13228,1.13231,1.15,2.25
2015.02.06 20:11:16.872,1.13228,1.1323,1.15,1.00
2015.02.06 20:11:18.175,1.13229,1.13231,1.00,1.00
2015.02.06 20:11:24.589,1.13231,1.13232,1.00,1.00
2015.02.06 20:11:24.690,1.13231,1.13234,1.00,1.00
2015.02.06 20:11:25.197,1.13231,1.13235,1.00,1.69
2015.02.06 20:11:26.722,1.13232,1.13235,1.00,1.00
2015.02.06 20:11:28.551,1.1323,1.13235,7.12,1.00
2015.02.06 20:11:28.602,1.1323,1.13232,4.87,1.50
2015.02.06 20:11:28.925,1.13229,1.13231,1.50,1.00
2015.02.06 20:11:29.840,1.13231,1.13233,1.00,1.50
2015.02.06 20:11:29.891,1.13232,1.13233,1.00,1.00
2015.02.06 20:11:31.145,1.13231,1.13234,1.00,1.50
2015.02.06 20:11:32.091,1.13233,1.13235,1.19,1.00
2015.02.06 20:11:32.607,1.13233,1.13235,1.19,1.00
2015.02.06 20:11:38.855,1.13231,1.13235,1.69,2.50
2015.02.06 20:11:38.957,1.1323,1.13233,1.12,2.25
2015.02.06 20:11:39.802,1.1323,1.13233,1.00,3.25
2015.02.06 20:11:40.004,1.13229,1.13232,2.25,3.00
2015.02.06 20:11:45.914,1.1323,1.13231,1.00,1.00
2015.02.06 20:11:46.016,1.1323,1.13232,1.00,1.00
2015.02.06 20:11:46.522,1.13231,1.13233,1.00,1.00
2015.02.06 20:11:47.836,1.13231,1.13232,1.00,1.00
2015.02.06 20:11:49.425,1.1323,1.13232,1.87,1.50
2015.02.06 20:11:50.008,1.1323,1.13231,1.00,3.00
2015.02.06 20:11:53.166,1.13229,1.13231,1.50,3.37
2015.02.06 20:12:00.305,1.13227,1.13228,1.00,1.00
2015.02.06 20:12:00.812,1.13226,1.13229,2.25,1.00
2015.02.06 20:12:02.069,1.13226,1.13231,2.25,4.12
2015.02.06 20:12:06.176,1.13225,1.13228,1.00,1.00
2015.02.06 20:12:07.926,1.13226,1.13228,1.00,1.50
2015.02.06 20:12:10.598,1.13228,1.1323,1.00,1.00
2015.02.06 20:12:11.107,1.13228,1.13231,2.25,1.00
2015.02.06 20:12:11.612,1.13228,1.1323,1.00,1.00
2015.02.06 20:12:13.919,1.13227,1.1323,1.00,1.50
2015.02.06 20:12:14.223,1.13225,1.13228,1.87,1.00
2015.02.06 20:12:14.526,1.13225,1.13226,1.00,1.00
2015.02.06 20:12:15.318,1.13224,1.13226,2.40,1.00
2015.02.06 20:12:15.825,1.13222,1.13225,1.80,2.25
2015.02.06 20:12:19.431,1.13221,1.13224,1.00,1.00
2015.02.06 20:12:20.021,1.1322,1.13224,2.62,1.50
2015.02.06 20:12:20.172,1.1322,1.13222,1.00,1.00
2015.02.06 20:12:23.882,1.1322,1.13223,3.75,1.00
2015.02.06 20:12:34.541,1.13223,1.13224,1.00,1.00
2015.02.06 20:12:34.693,1.13225,1.13228,1.87,3.00
2015.02.06 20:12:34.845,1.13224,1.13226,1.50,1.00
2015.02.06 20:12:35.148,1.13222,1.13224,1.00,1.00
2015.02.06 20:12:35.617,1.13222,1.13225,1.19,1.00
2015.02.06 20:12:37.020,1.13222,1.13225,1.19,1.00
2015.02.06 20:12:41.323,1.13222,1.13224,1.00,1.00
2015.02.06 20:12:43.418,1.13224,1.13226,1.25,2.25
2015.02.06 20:12:43.570,1.13225,1.13228,1.00,1.00
2015.02.06 20:12:43.671,1.13226,1.1323,1.00,1.50
2015.02.06 20:12:44.177,1.13226,1.13231,1.00,2.25
2015.02.06 20:12:46.305,1.13227,1.13231,2.25,1.00
2015.02.06 20:12:46.457,1.13228,1.13233,1.00,3.19
2015.02.06 20:12:46.558,1.13227,1.1323,1.00,1.00
2015.02.06 20:12:47.122,1.13226,1.1323,2.25,1.00
2015.02.06 20:12:50.029,1.13225,1.13226,3.75,1.50
2015.02.06 20:12:50.535,1.13226,1.13227,1.00,1.00
2015.02.06 20:12:50.839,1.13225,1.13227,1.50,1.00
2015.02.06 20:12:51.142,1.13225,1.13227,1.50,1.00
2015.02.06 20:12:52.102,1.13226,1.13227,1.50,1.00
2015.02.06 20:12:52.153,1.13226,1.1323,3.75,1.69
2015.02.06 20:12:52.356,1.13226,1.13228,3.00,1.00
2015.02.06 20:12:53.374,1.13226,1.1323,5.25,1.00
2015.02.06 20:12:55.225,1.13226,1.13229,3.00,2.25
2015.02.06 20:12:55.277,1.13226,1.13227,2.25,1.50
2015.02.06 20:12:55.796,1.13225,1.13227,1.50,3.75
2015.02.06 20:12:57.084,1.13226,1.13227,1.00,1.00
2015.02.06 20:12:57.753,1.13226,1.1323,1.50,2.25
2015.02.06 20:12:59.396,1.13226,1.13228,1.50,1.00
2015.02.06 20:13:00.379,1.13226,1.13229,1.00,1.50
2015.02.06 20:13:00.884,1.13226,1.1323,1.50,4.69
2015.02.06 20:13:01.928,1.13226,1.13229,1.50,1.50
2015.02.06 20:13:03.266,1.13227,1.1323,1.00,2.96
2015.02.06 20:13:03.927,1.13227,1.1323,1.00,1.00
2015.02.06 20:13:04.458,1.13228,1.1323,1.00,1.00
2015.02.06 20:13:04.559,1.1323,1.13231,1.50,1.00
2015.02.06 20:13:04.610,1.13232,1.13233,1.50,1.50
2015.02.06 20:13:04.661,1.13232,1.13235,2.25,1.00
2015.02.06 20:13:04.712,1.13232,1.13235,3.75,1.50
2015.02.06 20:13:04.763,1.13232,1.13234,3.00,1.50
2015.02.06 20:13:04.865,1.13227,1.13231,1.00,1.00
2015.02.06 20:13:04.916,1.13227,1.13231,1.00,1.50
2015.02.06 20:13:05.633,1.13227,1.13232,1.00,3.00
2015.02.06 20:13:06.185,1.13227,1.13231,1.00,1.00
2015.02.06 20:13:06.338,1.1323,1.13232,1.00,1.00
2015.02.06 20:13:06.389,1.1323,1.13234,1.00,3.00
2015.02.06 20:13:06.440,1.13229,1.13231,1.00,1.00
2015.02.06 20:13:06.944,1.13228,1.1323,1.00,1.00
2015.02.06 20:13:10.981,1.13228,1.13229,1.00,1.00
2015.02.06 20:13:11.183,1.13226,1.13228,1.00,1.00
2015.02.06 20:13:11.234,1.13226,1.1323,1.00,3.00
2015.02.06 20:13:11.985,1.13225,1.1323,2.25,3.00
2015.02.06 20:13:12.624,1.13225,1.13228,3.75,1.00
2015.02.06 20:13:12.776,1.13226,1.1323,1.00,1.50
2015.02.06 20:13:17.013,1.13228,1.13232,1.00,3.00
2015.02.06 20:13:17.114,1.1323,1.13235,1.00,3.94
2015.02.06 20:13:23.146,1.13232,1.13235,1.00,2.25
2015.02.06 20:13:23.450,1.13237,1.13238,1.00,1.00
2015.02.06 20:13:23.502,1.13237,1.1324,1.00,1.00
2015.02.06 20:13:25.993,1.13236,1.1324,3.75,1.00
2015.02.06 20:13:29.795,1.13236,1.13239,1.50,1.00
2015.02.06 20:13:30.307,1.13235,1.13238,1.00,1.50
2015.02.06 20:13:30.815,1.13235,1.13237,1.00,1.00
2015.02.06 20:13:32.104,1.13235,1.13239,2.25,2.25
2015.02.06 20:13:32.206,1.13237,1.1324,1.00,1.00
2015.02.06 20:13:32.509,1.13228,1.1323,2.92,1.00
2015.02.06 20:13:32.560,1.13226,1.1323,2.25,1.00
2015.02.06 20:13:32.611,1.13226,1.13228,1.50,1.00
2015.02.06 20:13:32.915,1.13229,1.13233,1.00,1.69
2015.02.06 20:13:33.016,1.13229,1.13235,1.00,3.34
2015.02.06 20:13:34.162,1.13229,1.13232,1.00,1.00
2015.02.06 20:13:37.278,1.13229,1.13234,1.50,1.00
2015.02.06 20:13:37.329,1.13231,1.13234,1.00,1.00
2015.02.06 20:13:38.213,1.13231,1.13232,1.00,1.00
2015.02.06 20:13:39.135,1.13231,1.13235,1.00,1.25
2015.02.06 20:13:42.771,1.13229,1.13233,1.50,1.69
2015.02.06 20:13:43.276,1.13228,1.1323,1.00,1.00
2015.02.06 20:13:46.736,1.13228,1.13232,1.00,1.50
2015.02.06 20:13:47.243,1.13229,1.13232,2.25,1.50
2015.02.06 20:13:48.369,1.13227,1.1323,2.25,1.00
2015.02.06 20:13:48.876,1.13228,1.1323,1.00,3.00
2015.02.06 20:13:55.977,1.13229,1.13231,2.25,1.00
2015.02.06 20:13:56.332,1.13229,1.13232,3.03,1.50
2015.02.06 20:14:03.957,1.1323,1.13232,1.00,1.50
2015.02.06 20:14:09.261,1.13226,1.1323,2.81,3.75
2015.02.06 20:14:09.312,1.13226,1.13228,1.00,2.25
2015.02.06 20:14:10.559,1.13226,1.1323,1.00,4.50
2015.02.06 20:14:12.766,1.13226,1.13228,2.25,2.50
2015.02.06 20:14:13.294,1.13225,1.13227,1.12,2.25
2015.02.06 20:14:13.446,1.13223,1.13226,1.00,2.25
2015.02.06 20:14:13.951,1.13222,1.13224,3.00,1.00
2015.02.06 20:14:14.476,1.13223,1.13225,1.50,1.00
2015.02.06 20:14:14.527,1.13224,1.13227,1.00,1.50
2015.02.06 20:14:14.679,1.13223,1.13225,1.50,1.00
2015.02.06 20:14:15.198,1.13223,1.13224,1.00,1.00
2015.02.06 20:14:15.701,1.13222,1.13224,1.00,1.50
2015.02.06 20:14:16.223,1.13223,1.13225,1.69,1.50
2015.02.06 20:14:16.324,1.13225,1.13227,1.00,1.00
2015.02.06 20:14:21.345,1.13226,1.13227,1.00,1.00
2015.02.06 20:14:22.487,1.13225,1.13227,1.12,1.00
2015.02.06 20:14:24.463,1.13226,1.13227,1.00,1.00
2015.02.06 20:14:24.927,1.13224,1.13227,4.31,1.00
2015.02.06 20:14:29.682,1.13224,1.13227,4.84,1.00
2015.02.06 20:14:30.592,1.13226,1.13227,1.50,1.00
2015.02.06 20:14:34.053,1.13227,1.13231,1.00,1.10
2015.02.06 20:14:34.105,1.13228,1.13232,1.50,6.75
2015.02.06 20:14:34.206,1.13229,1.13234,1.00,1.50
2015.02.06 20:14:34.308,1.1323,1.13235,1.19,1.00
2015.02.06 20:14:34.611,1.13233,1.13236,1.50,1.50
2015.02.06 20:14:37.495,1.13231,1.13234,5.25,1.00
2015.02.06 20:14:37.546,1.13231,1.13233,3.75,3.75
2015.02.06 20:14:37.698,1.13228,1.13231,1.50,3.00
2015.02.06 20:14:38.207,1.13229,1.13231,1.00,1.00
2015.02.06 20:14:38.893,1.13229,1.13232,1.00,3.75
2015.02.06 20:14:39.437,1.13229,1.13231,1.00,1.00
2015.02.06 20:14:40.052,1.13229,1.13232,1.00,3.75
2015.02.06 20:14:40.562,1.13228,1.13231,1.00,1.00
2015.02.06 20:14:41.453,1.13228,1.13232,1.00,6.00
2015.02.06 20:14:42.001,1.13228,1.13231,1.50,1.00
2015.02.06 20:14:42.456,1.1323,1.13231,1.50,1.00
2015.02.06 20:14:42.507,1.1323,1.13234,1.50,1.00
2015.02.06 20:14:43.012,1.1323,1.13235,2.62,2.25
2015.02.06 20:14:44.982,1.1323,1.13235,3.56,1.87
2015.02.06 20:14:45.033,1.1323,1.13231,1.50,1.00
2015.02.06 20:14:45.441,1.13228,1.13231,2.25,1.00
2015.02.06 20:14:45.851,1.1323,1.13231,1.00,1.00
2015.02.06 20:14:45.952,1.1323,1.13234,1.50,1.00
2015.02.06 20:14:46.458,1.1323,1.13235,3.56,1.50
2015.02.06 20:14:47.111,1.1323,1.13236,5.81,2.25
2015.02.06 20:14:49.052,1.1323,1.13232,1.00,5.25
2015.02.06 20:14:49.587,1.13229,1.13231,1.00,1.00
2015.02.06 20:14:50.095,1.13229,1.13232,1.00,4.50
2015.02.06 20:14:50.654,1.13229,1.13231,1.00,1.00
2015.02.06 20:14:51.315,1.13229,1.13232,1.00,4.50
2015.02.06 20:14:51.826,1.13229,1.13231,1.00,1.00
2015.02.06 20:14:53.088,1.13229,1.13232,1.00,4.50
2015.02.06 20:14:53.600,1.13228,1.13232,1.50,4.50
2015.02.06 20:14:54.107,1.13228,1.13231,2.25,1.00
2015.02.06 20:14:54.768,1.13229,1.13231,2.06,1.00
2015.02.06 20:14:54.870,1.1323,1.13234,3.37,1.50
2015.02.06 20:14:55.282,1.13232,1.13234,1.00,1.00
2015.02.06 20:14:55.384,1.13233,1.13236,1.00,1.50
2015.02.06 20:14:56.200,1.13233,1.13237,1.00,1.50
2015.02.06 20:14:57.779,1.13231,1.13233,1.25,1.50
2015.02.06 20:14:58.299,1.13231,1.13234,1.00,1.50
2015.02.06 20:14:58.905,1.13231,1.13235,2.25,2.25
2015.02.06 20:14:59.209,1.13229,1.13231,1.50,1.00
2015.02.06 20:15:00.620,1.1323,1.13231,3.00,1.00
2015.02.06 20:15:00.772,1.13232,1.13235,2.25,1.00
2015.02.06 20:15:01.277,1.13232,1.13236,3.75,1.00
2015.02.06 20:15:05.774,1.13232,1.13234,2.25,1.50
2015.02.06 20:15:06.078,1.1323,1.13231,2.25,1.00
2015.02.06 20:15:06.584,1.13229,1.13231,1.00,1.00
2015.02.06 20:15:08.600,1.13228,1.13231,3.75,1.00
2015.02.06 20:15:09.384,1.13229,1.13231,1.00,1.00
2015.02.06 20:15:09.936,1.13229,1.13232,1.00,3.00
2015.02.06 20:15:10.475,1.13229,1.13231,1.00,1.00
2015.02.06 20:15:13.377,1.13229,1.13232,1.00,3.00
2015.02.06 20:15:13.957,1.13229,1.13231,1.00,1.00
2015.02.06 20:15:15.737,1.13229,1.1323,1.00,1.00
2015.02.06 20:15:16.448,1.13228,1.1323,2.25,1.50
2015.02.06 20:15:18.988,1.13228,1.13231,2.25,1.50
2015.02.06 20:15:19.637,1.13228,1.13232,1.50,3.00
2015.02.06 20:15:20.143,1.13228,1.13231,2.25,1.50
2015.02.06 20:15:20.698,1.13229,1.13231,1.00,1.50
2015.02.06 20:15:22.711,1.13228,1.13231,2.25,2.25
2015.02.06 20:15:23.220,1.13229,1.1323,1.00,1.00
2015.02.06 20:15:23.726,1.13228,1.13231,2.32,1.50
2015.02.06 20:15:25.489,1.13229,1.13232,1.00,4.50
2015.02.06 20:15:26.008,1.13229,1.13231,1.10,1.50
2015.02.06 20:15:26.620,1.13229,1.13232,1.00,4.50
2015.02.06 20:15:26.931,1.13227,1.1323,1.62,1.50
2015.02.06 20:15:27.441,1.13227,1.13231,2.12,1.50
2015.02.06 20:15:28.103,1.13227,1.13232,2.12,6.75
2015.02.06 20:15:29.212,1.13227,1.13231,2.12,1.00
2015.02.06 20:15:29.514,1.13227,1.13231,2.12,1.19
2015.02.06 20:15:29.616,1.13227,1.13231,2.12,1.00
2015.02.06 20:15:30.588,1.13227,1.13231,1.00,4.50
2015.02.06 20:15:30.740,1.13226,1.13229,3.00,2.25
2015.02.06 20:15:31.043,1.13222,1.13226,2.44,1.50
2015.02.06 20:15:32.081,1.13225,1.13226,2.25,1.50
2015.02.06 20:15:32.132,1.13227,1.13229,1.00,1.00
2015.02.06 20:15:32.183,1.13229,1.13231,1.50,1.00
2015.02.06 20:15:32.285,1.13232,1.13234,1.00,3.00
2015.02.06 20:15:32.809,1.13232,1.13235,2.25,1.50
2015.02.06 20:15:38.538,1.13234,1.13236,1.00,2.25
2015.02.06 20:15:38.589,1.13235,1.13238,1.00,3.00
2015.02.06 20:15:38.640,1.13233,1.13238,3.00,3.00
2015.02.06 20:15:38.691,1.13233,1.13236,1.50,1.00
2015.02.06 20:15:39.197,1.13232,1.13237,4.50,2.25
2015.02.06 20:15:40.615,1.13232,1.13235,3.75,1.00
2015.02.06 20:15:43.129,1.1323,1.13235,2.25,3.00
2015.02.06 20:15:44.493,1.13231,1.13235,1.00,3.75
2015.02.06 20:15:44.595,1.13231,1.13235,1.19,2.25
2015.02.06 20:15:45.163,1.13231,1.13236,1.69,2.25
2015.02.06 20:15:46.796,1.13231,1.13234,1.50,1.50
2015.02.06 20:15:46.847,1.13231,1.13234,1.00,3.75
2015.02.06 20:15:47.049,1.13228,1.13233,3.00,1.50
2015.02.06 20:15:49.119,1.13228,1.13234,3.75,5.25
2015.02.06 20:15:49.732,1.13229,1.13234,1.00,3.75
2015.02.06 20:15:53.478,1.1323,1.13234,1.00,1.50
2015.02.06 20:15:54.062,1.1323,1.13235,1.00,8.51
2015.02.06 20:15:54.673,1.1323,1.13234,1.00,1.50
2015.02.06 20:15:55.626,1.1323,1.13235,1.00,9.34
2015.02.06 20:15:57.471,1.1323,1.13234,1.00,1.00
2015.02.06 20:15:57.982,1.13229,1.13233,1.50,1.00
2015.02.06 20:15:58.597,1.13229,1.13234,1.50,3.07
2015.02.06 20:15:59.855,1.13232,1.13234,1.00,1.10
2015.02.06 20:16:00.270,1.13232,1.13235,1.00,3.19
2015.02.06 20:16:00.371,1.13227,1.13228,1.50,1.50
2015.02.06 20:16:00.473,1.13226,1.13227,1.00,1.00
2015.02.06 20:16:00.979,1.13225,1.13227,2.25,1.00
2015.02.06 20:16:01.500,1.13226,1.13227,1.00,1.00
2015.02.06 20:16:02.563,1.13225,1.13227,1.87,1.00
2015.02.06 20:16:03.238,1.13226,1.13227,1.00,1.00
2015.02.06 20:16:04.174,1.13225,1.13227,2.62,1.00
2015.02.06 20:16:04.703,1.13226,1.13227,1.00,1.00
2015.02.06 20:16:12.986,1.13225,1.13227,2.25,1.00
2015.02.06 20:16:13.539,1.13226,1.13227,1.00,1.00
2015.02.06 20:16:16.361,1.13225,1.13227,2.25,1.00
2015.02.06 20:16:17.220,1.13226,1.13227,1.00,1.00
2015.02.06 20:16:17.739,1.13226,1.13228,1.00,3.75
2015.02.06 20:16:18.500,1.13225,1.13228,2.25,1.50
2015.02.06 20:16:19.036,1.13226,1.13228,1.00,3.75
2015.02.06 20:16:21.695,1.13225,1.13228,1.50,1.50
2015.02.06 20:16:22.245,1.13226,1.13228,1.00,3.75
2015.02.06 20:16:26.055,1.13225,1.13228,1.50,1.50
2015.02.06 20:16:26.561,1.13226,1.13228,1.00,3.75
2015.02.06 20:16:27.610,1.13225,1.13228,1.50,1.50
2015.02.06 20:16:28.172,1.13226,1.13228,1.00,3.75
2015.02.06 20:16:29.697,1.13225,1.13228,1.50,1.50
2015.02.06 20:16:30.346,1.13226,1.13228,1.00,3.75
2015.02.06 20:16:30.852,1.13227,1.13229,1.00,1.00
2015.02.06 20:16:33.221,1.13227,1.1323,1.00,1.50
2015.02.06 20:16:34.821,1.13226,1.13228,1.50,3.75
2015.02.06 20:16:35.326,1.13225,1.13227,1.50,1.00
2015.02.06 20:16:35.974,1.13226,1.13227,1.00,1.00
2015.02.06 20:16:37.518,1.13225,1.13227,1.50,1.00
2015.02.06 20:16:38.103,1.13226,1.13227,1.00,1.00
2015.02.06 20:16:38.609,1.13225,1.13227,1.00,2.25
2015.02.06 20:16:38.812,1.13223,1.13227,1.50,3.00
2015.02.06 20:16:39.419,1.13223,1.13226,1.00,1.00
2015.02.06 20:16:39.951,1.13223,1.13227,1.00,3.00
2015.02.06 20:16:40.462,1.13223,1.13226,1.00,3.00
2015.02.06 20:16:40.968,1.13223,1.13225,1.00,2.25
2015.02.06 20:16:41.322,1.1322,1.13221,2.25,1.00
2015.02.06 20:16:41.423,1.13216,1.1322,3.00,1.87
2015.02.06 20:16:41.928,1.13215,1.1322,4.50,3.00
2015.02.06 20:16:42.383,1.13215,1.13218,3.75,3.00
2015.02.06 20:16:42.758,1.13215,1.1322,3.75,3.75
2015.02.06 20:16:43.381,1.13216,1.1322,1.50,2.25
2015.02.06 20:16:43.890,1.13215,1.13219,1.00,1.50
2015.02.06 20:16:46.531,1.13215,1.13218,1.00,1.00
2015.02.06 20:16:57.134,1.13215,1.13219,2.25,1.50
2015.02.06 20:16:59.950,1.13216,1.13219,1.00,1.00
2015.02.06 20:17:01.011,1.13216,1.1322,1.00,2.25
2015.02.06 20:17:01.977,1.13215,1.13218,1.00,1.00
2015.02.06 20:17:02.489,1.13216,1.13219,1.00,1.00
2015.02.06 20:17:03.027,1.13216,1.1322,1.00,1.50
2015.02.06 20:17:04.242,1.13216,1.13219,1.00,1.00
2015.02.06 20:17:04.761,1.13215,1.13218,1.50,1.00
2015.02.06 20:17:06.214,1.13215,1.1322,1.50,3.19
2015.02.06 20:17:16.738,1.13216,1.1322,1.00,1.50
2015.02.06 20:17:20.233,1.13216,1.13219,1.00,1.00
2015.02.06 20:17:20.384,1.13214,1.13219,3.75,1.00
2015.02.06 20:17:20.920,1.13214,1.13218,3.75,1.00
2015.02.06 20:17:29.067,1.13215,1.13218,1.00,1.00
2015.02.06 20:17:34.078,1.13215,1.13219,1.00,1.00
2015.02.06 20:17:34.179,1.13217,1.1322,1.00,2.25
2015.02.06 20:17:34.685,1.13218,1.13221,1.50,1.00
2015.02.06 20:17:34.736,1.13218,1.13223,1.50,1.50
2015.02.06 20:17:36.733,1.13219,1.13223,1.00,1.50
2015.02.06 20:17:36.835,1.13219,1.13225,3.75,2.44
2015.02.06 20:17:55.391,1.13219,1.13224,4.50,2.25
2015.02.06 20:17:55.442,1.13218,1.1322,1.00,9.37
2015.02.06 20:17:55.747,1.13213,1.13215,1.19,1.00
2015.02.06 20:17:56.627,1.13213,1.13215,1.19,1.00
2015.02.06 20:17:56.679,1.13211,1.13215,1.00,1.00
2015.02.06 20:17:57.185,1.1321,1.13215,2.25,1.00
2015.02.06 20:17:57.388,1.1321,1.13212,2.25,3.75
2015.02.06 20:17:57.539,1.13208,1.13211,1.00,5.25
2015.02.06 20:17:58.044,1.13207,1.1321,1.00,1.00
2015.02.06 20:17:58.635,1.13207,1.13209,1.00,1.00
2015.02.06 20:17:59.288,1.13203,1.13206,8.44,1.00
2015.02.06 20:17:59.442,1.13201,1.13202,1.00,1.00
2015.02.06 20:17:59.543,1.13202,1.13207,2.25,1.50
2015.02.06 20:18:01.751,1.13201,1.13202,1.00,7.50
2015.02.06 20:18:01.802,1.13201,1.13203,1.00,1.50
2015.02.06 20:18:01.955,1.13202,1.13205,1.00,1.00
2015.02.06 20:18:02.460,1.13202,1.13207,1.00,2.44
2015.02.06 20:18:05.145,1.13203,1.13207,1.19,1.00
2015.02.06 20:18:06.329,1.13206,1.13208,1.00,3.75
2015.02.06 20:18:06.383,1.13207,1.13209,1.00,1.00
2015.02.06 20:18:06.585,1.13209,1.13211,1.00,1.00
2015.02.06 20:18:06.691,1.13209,1.13215,1.00,4.69
2015.02.06 20:18:07.556,1.13209,1.13215,1.00,2.44
2015.02.06 20:18:08.068,1.13208,1.13214,2.25,1.00
2015.02.06 20:18:17.407,1.13208,1.13212,2.25,1.00
2015.02.06 20:18:17.710,1.13201,1.13203,1.00,1.50
2015.02.06 20:18:17.812,1.13202,1.13207,2.25,4.50
2015.02.06 20:18:18.317,1.13203,1.13207,1.00,1.50
2015.02.06 20:18:19.412,1.13202,1.13207,1.50,1.50
2015.02.06 20:18:22.176,1.13202,1.13205,3.00,1.00
2015.02.06 20:18:22.328,1.13202,1.13207,2.25,2.25
2015.02.06 20:18:28.262,1.13202,1.13207,2.44,2.25
2015.02.06 20:18:42.045,1.13202,1.13206,1.50,1.20
2015.02.06 20:18:54.610,1.13203,1.13206,1.00,1.00
2015.02.06 20:18:55.143,1.13203,1.13207,1.00,1.00
2015.02.06 20:19:10.520,1.13204,1.13207,1.00,1.00
2015.02.06 20:19:10.622,1.13207,1.13209,1.00,8.47
2015.02.06 20:19:10.876,1.13214,1.13217,3.00,3.00
2015.02.06 20:19:17.372,1.13214,1.13216,2.25,1.50
2015.02.06 20:19:17.828,1.13211,1.13215,1.00,1.00
2015.02.06 20:19:23.886,1.13213,1.13215,1.00,1.00
2015.02.06 20:19:25.120,1.13211,1.13215,1.00,1.00
2015.02.06 20:20:18.029,1.13213,1.13215,1.50,1.50
2015.02.06 20:20:18.130,1.13213,1.13217,1.50,3.19
2015.02.06 20:21:01.659,1.13215,1.13217,1.00,1.50
2015.02.06 20:21:01.761,1.13216,1.1322,1.50,7.12
2015.02.06 20:21:01.812,1.13218,1.1322,1.00,1.87
2015.02.06 20:21:01.913,1.13219,1.13222,2.25,2.25
2015.02.06 20:21:02.015,1.13219,1.13225,2.25,2.62
2015.02.06 20:21:02.807,1.1322,1.13225,1.00,1.00
2015.02.06 20:21:10.822,1.13219,1.13225,3.00,2.25
2015.02.06 20:21:18.020,1.1322,1.13225,1.00,2.25
2015.02.06 20:21:18.808,1.13219,1.13225,2.25,2.25
2015.02.06 20:21:19.361,1.1322,1.13225,1.00,2.25
2015.02.06 20:21:19.965,1.13219,1.13225,3.00,2.25
2015.02.06 20:21:20.482,1.1322,1.13225,1.50,2.25
2015.02.06 20:21:23.103,1.13221,1.13225,1.00,1.50
2015.02.06 20:21:35.737,1.1322,1.13225,3.00,2.25
2015.02.06 20:21:37.228,1.1322,1.13224,6.37,1.00
2015.02.06 20:21:37.740,1.1322,1.13223,6.37,1.00
2015.02.06 20:21:37.892,1.13222,1.13223,1.00,1.00
2015.02.06 20:21:38.044,1.13224,1.13228,1.50,5.51
2015.02.06 20:21:38.196,1.13222,1.13227,3.00,1.00
2015.02.06 20:21:38.247,1.13222,1.13225,2.25,1.00
2015.02.06 20:21:38.758,1.13221,1.13225,2.25,1.00
2015.02.06 20:21:39.696,1.13222,1.13225,1.19,1.00
2015.02.06 20:21:40.293,1.13224,1.13227,1.25,1.25
2015.02.06 20:21:40.648,1.13223,1.13225,1.69,1.00
2015.02.06 20:21:42.177,1.13222,1.13225,1.50,1.00
2015.02.06 20:21:45.641,1.13223,1.13225,1.00,1.00
2015.02.06 20:21:46.146,1.13223,1.13225,1.69,1.00
2015.02.06 20:21:48.688,1.13223,1.13228,1.69,3.19
2015.02.06 20:21:49.194,1.13223,1.13228,1.50,1.69
2015.02.06 20:21:50.793,1.13223,1.13227,1.50,1.00
2015.02.06 20:21:50.895,1.13221,1.13225,2.25,1.00
2015.02.06 20:21:53.077,1.13222,1.13225,1.00,1.00
2015.02.06 20:21:53.178,1.13223,1.13227,1.00,1.00
2015.02.06 20:21:53.380,1.13225,1.13228,1.00,1.00
2015.02.06 20:21:53.634,1.13229,1.13233,1.50,1.00
2015.02.06 20:21:53.735,1.13229,1.13235,1.50,3.56
2015.02.06 20:21:53.786,1.13231,1.13235,1.50,2.06
2015.02.06 20:21:57.430,1.13234,1.13237,1.00,2.44
2015.02.06 20:21:57.582,1.13237,1.13239,1.50,2.25
2015.02.06 20:21:57.683,1.13238,1.13242,1.00,1.00
2015.02.06 20:22:01.952,1.13241,1.13245,1.00,1.50
2015.02.06 20:22:02.569,1.13239,1.13245,4.12,1.50
2015.02.06 20:22:03.186,1.1324,1.13245,1.00,1.50
2015.02.06 20:22:07.437,1.13239,1.13245,3.37,2.25
2015.02.06 20:22:08.187,1.1324,1.13245,1.00,2.25
2015.02.06 20:22:09.232,1.1324,1.13244,1.00,1.00
2015.02.06 20:22:09.333,1.1324,1.13241,1.00,1.00
2015.02.06 20:22:09.384,1.13238,1.1324,2.25,1.50
2015.02.06 20:22:09.435,1.13237,1.13239,2.25,1.00
2015.02.06 20:22:09.842,1.13232,1.13237,1.00,1.00
2015.02.06 20:22:10.767,1.13231,1.13235,1.50,1.00
2015.02.06 20:22:13.173,1.13232,1.13235,1.00,1.00
2015.02.06 20:22:13.679,1.13232,1.13235,1.19,1.00
2015.02.06 20:22:13.729,1.13231,1.13235,1.50,1.00
2015.02.06 20:22:15.464,1.1323,1.13235,1.50,2.25
2015.02.06 20:22:16.628,1.13231,1.13235,1.00,2.25
2015.02.06 20:22:17.134,1.1323,1.13235,3.00,1.00
2015.02.06 20:22:23.031,1.13232,1.13235,1.00,1.00
2015.02.06 20:22:23.843,1.13232,1.13235,1.19,1.00
2015.02.06 20:22:38.248,1.13232,1.13235,1.19,1.00
2015.02.06 20:22:38.755,1.13232,1.13236,1.19,1.50
2015.02.06 20:22:42.145,1.13232,1.13237,1.69,1.50
2015.02.06 20:22:43.294,1.13232,1.13237,1.50,1.50
2015.02.06 20:22:44.910,1.13232,1.13236,1.50,1.00
2015.02.06 20:22:57.448,1.13235,1.13237,2.25,1.00
2015.02.06 20:22:57.600,1.13238,1.1324,1.00,1.87
2015.02.06 20:22:57.752,1.13236,1.13239,1.12,1.50
2015.02.06 20:22:57.904,1.13236,1.13241,1.12,2.25
2015.02.06 20:22:58.795,1.13235,1.13237,2.62,1.00
2015.02.06 20:22:58.896,1.13232,1.13237,1.00,2.44
2015.02.06 20:22:59.401,1.13231,1.13237,1.50,2.44
2015.02.06 20:23:00.858,1.13232,1.13237,1.00,1.69
2015.02.06 20:23:01.010,1.13232,1.13237,1.19,1.69
2015.02.06 20:23:17.551,1.13235,1.13238,1.00,1.50
2015.02.06 20:23:18.226,1.13235,1.13239,1.00,2.25
2015.02.06 20:23:18.721,1.13235,1.13237,1.00,1.00
2015.02.06 20:23:18.771,1.13233,1.13237,2.44,1.50
2015.02.06 20:23:20.981,1.13233,1.13237,1.69,1.00
2015.02.06 20:23:26.770,1.13235,1.13237,1.00,1.00
2015.02.06 20:23:27.277,1.13232,1.13237,2.44,1.25
2015.02.06 20:23:36.886,1.13233,1.13239,2.44,3.07
2015.02.06 20:23:37.899,1.13235,1.13239,1.00,2.32
2015.02.06 20:23:38.001,1.13238,1.13239,1.00,1.00
2015.02.06 20:23:38.153,1.13238,1.13243,3.37,1.00
2015.02.06 20:23:38.355,1.1324,1.13244,1.00,1.69
2015.02.06 20:23:44.173,1.13239,1.13244,1.00,1.50
2015.02.06 20:23:44.837,1.1324,1.13244,1.00,1.50
2015.02.06 20:23:46.405,1.13239,1.13244,1.00,1.50
2015.02.06 20:23:46.962,1.1324,1.13244,1.00,1.50
2015.02.06 20:23:47.475,1.13239,1.13244,1.00,1.50
2015.02.06 20:23:48.184,1.1324,1.13244,1.00,1.50
2015.02.06 20:23:49.695,1.13239,1.13244,1.00,1.50
2015.02.06 20:23:50.211,1.1324,1.13244,1.00,1.50
2015.02.06 20:23:50.842,1.13239,1.13244,1.50,1.50
2015.02.06 20:23:51.585,1.1324,1.13244,1.00,1.50
2015.02.06 20:23:52.626,1.13239,1.13244,1.50,1.50
2015.02.06 20:23:53.236,1.1324,1.13244,1.00,1.50
2015.02.06 20:23:59.934,1.13239,1.13244,2.44,1.50
2015.02.06 20:24:00.460,1.1324,1.13244,1.00,1.50
2015.02.06 20:24:02.588,1.13239,1.13244,1.50,1.50
2015.02.06 20:24:03.089,1.1324,1.13244,1.00,1.50
2015.02.06 20:24:04.211,1.13239,1.13244,2.25,1.50
2015.02.06 20:24:04.764,1.1324,1.13244,1.00,1.50
2015.02.06 20:24:05.961,1.13239,1.13244,2.25,1.50
2015.02.06 20:24:06.647,1.1324,1.13244,1.00,1.50
2015.02.06 20:24:09.763,1.13239,1.13244,2.25,1.50
2015.02.06 20:24:10.270,1.1324,1.13244,1.00,1.50
2015.02.06 20:24:11.014,1.13239,1.13244,2.25,1.50
2015.02.06 20:24:12.217,1.1324,1.13244,1.00,1.50
2015.02.06 20:24:12.884,1.13239,1.13244,2.25,1.50
2015.02.06 20:24:13.417,1.1324,1.13244,1.00,1.50
2015.02.06 20:24:13.721,1.1324,1.13242,1.00,1.00
2015.02.06 20:24:15.457,1.1324,1.13243,1.00,1.00
2015.02.06 20:24:16.078,1.1324,1.13244,1.00,1.50
2015.02.06 20:24:17.850,1.1324,1.13245,3.00,1.00
2015.02.06 20:24:18.386,1.1324,1.13244,2.25,1.00
2015.02.06 20:24:18.891,1.1324,1.13245,3.00,1.00
2015.02.06 20:24:19.533,1.1324,1.13244,1.50,1.00
2015.02.06 20:24:23.601,1.1324,1.13245,1.50,1.00
2015.02.06 20:24:42.193,1.13241,1.13245,1.50,1.00
2015.02.06 20:24:45.198,1.1324,1.13245,1.00,2.25
2015.02.06 20:24:45.746,1.13241,1.13245,1.00,1.00
2015.02.06 20:24:50.233,1.1324,1.13245,1.00,2.25
2015.02.06 20:24:50.792,1.13239,1.13245,3.37,2.25
2015.02.06 20:24:52.045,1.13239,1.13244,1.00,1.00
2015.02.06 20:24:52.550,1.13238,1.13244,3.00,1.00
2015.02.06 20:24:53.079,1.13238,1.13245,3.75,3.94
2015.02.06 20:24:59.209,1.1324,1.13245,1.50,2.25
2015.02.06 20:25:01.365,1.1324,1.13245,1.50,1.69
2015.02.06 20:25:01.669,1.13236,1.1324,2.55,1.50
2015.02.06 20:25:01.821,1.13239,1.13245,1.00,1.69
2015.02.06 20:25:02.339,1.1324,1.13245,1.00,1.69
2015.02.06 20:25:09.389,1.13239,1.13245,2.25,1.50
2015.02.06 20:25:09.950,1.1324,1.13245,1.00,1.50
2015.02.06 20:25:11.220,1.13239,1.13245,2.25,1.50
2015.02.06 20:25:11.800,1.1324,1.13245,1.00,1.50
2015.02.06 20:25:13.048,1.13239,1.13245,2.25,1.69
2015.02.06 20:25:13.902,1.1324,1.13245,1.00,1.50
2015.02.06 20:25:17.338,1.1324,1.13243,1.00,1.00
2015.02.06 20:25:17.439,1.13238,1.13242,1.65,1.50
2015.02.06 20:25:17.491,1.13238,1.13242,1.20,2.10
2015.02.06 20:25:23.939,1.1324,1.13243,1.00,2.25
2015.02.06 20:25:23.991,1.1324,1.13245,1.50,4.69
2015.02.06 20:25:25.416,1.1324,1.13245,1.50,1.25
2015.02.06 20:25:26.206,1.1324,1.13244,1.50,2.25
2015.02.06 20:25:26.257,1.1324,1.13242,1.50,1.00
2015.02.06 20:25:26.460,1.1324,1.13245,2.25,5.06
2015.02.06 20:25:26.562,1.13243,1.13246,1.00,3.00
2015.02.06 20:25:34.215,1.13243,1.13246,1.19,1.50
2015.02.06 20:25:44.679,1.13243,1.13247,1.19,3.00
2015.02.06 20:25:47.792,1.13243,1.13247,1.00,3.00
2015.02.06 20:25:54.102,1.13245,1.13247,1.00,1.00
2015.02.06 20:25:54.204,1.13246,1.13249,1.50,1.00
2015.02.06 20:25:54.722,1.13246,1.1325,1.50,2.25
2015.02.06 20:25:55.949,1.13248,1.1325,1.00,1.50
2015.02.06 20:25:56.101,1.13248,1.13252,3.00,4.50
2015.02.06 20:25:56.152,1.13248,1.13254,3.00,1.69
2015.02.06 20:25:56.203,1.13248,1.13254,4.12,1.25
2015.02.06 20:26:00.335,1.13248,1.13254,3.37,1.00
2015.02.06 20:26:00.880,1.13248,1.13254,3.37,1.00
2015.02.06 20:26:01.793,1.13248,1.13254,2.62,1.50
2015.02.06 20:26:02.311,1.13248,1.13254,2.62,2.25
2015.02.06 20:26:06.107,1.13248,1.13254,2.81,1.50
2015.02.06 20:26:06.761,1.13248,1.13254,2.81,1.50
2015.02.06 20:26:10.527,1.13244,1.13245,6.75,1.50
2015.02.06 20:26:10.580,1.13234,1.13238,2.02,4.50
2015.02.06 20:26:10.631,1.13233,1.13236,1.00,1.50
2015.02.06 20:26:10.682,1.13231,1.13235,1.50,1.00
2015.02.06 20:26:11.187,1.1323,1.13235,1.50,1.00
2015.02.06 20:26:13.944,1.1323,1.13235,2.44,1.69
2015.02.06 20:26:14.375,1.1323,1.13235,1.50,1.25
2015.02.06 20:26:19.341,1.13233,1.13236,1.00,2.44
2015.02.06 20:26:21.729,1.13232,1.13234,1.00,2.25
2015.02.06 20:26:21.780,1.13231,1.13234,1.00,3.00
2015.02.06 20:26:21.932,1.13228,1.13234,4.12,2.25
2015.02.06 20:26:22.437,1.13228,1.13232,3.00,1.00
2015.02.06 20:26:36.023,1.13228,1.13229,1.50,1.00
2015.02.06 20:26:36.831,1.13224,1.13226,1.00,1.00
2015.02.06 20:26:37.471,1.13224,1.13225,1.00,1.00
2015.02.06 20:26:37.989,1.13223,1.13225,1.50,1.00
2015.02.06 20:26:38.393,1.13224,1.13227,1.00,2.44
2015.02.06 20:26:38.964,1.13226,1.13227,1.50,1.00
2015.02.06 20:26:39.066,1.13228,1.1323,2.25,2.62
2015.02.06 20:26:39.217,1.13228,1.13233,2.25,1.69
2015.02.06 20:26:51.178,1.13228,1.13234,3.00,2.25
2015.02.06 20:26:52.078,1.13228,1.13233,2.25,1.00
2015.02.06 20:26:52.180,1.13228,1.1323,1.00,1.00
2015.02.06 20:26:52.231,1.13226,1.1323,4.50,1.00
2015.02.06 20:26:52.282,1.13228,1.1323,1.50,1.00
2015.02.06 20:26:52.383,1.13228,1.13233,3.00,1.25
2015.02.06 20:26:52.485,1.13228,1.1323,2.25,1.00
2015.02.06 20:26:52.637,1.13228,1.13233,3.00,1.69
2015.02.06 20:26:52.839,1.13226,1.1323,3.00,1.00
2015.02.06 20:27:07.546,1.13226,1.1323,2.44,1.00
2015.02.06 20:27:10.863,1.13226,1.1323,1.50,1.50
2015.02.06 20:27:11.792,1.13226,1.13227,1.00,1.00
2015.02.06 20:27:11.843,1.13223,1.13225,2.25,1.00
2015.02.06 20:27:12.096,1.13219,1.13224,1.87,1.00
2015.02.06 20:27:12.601,1.13219,1.13223,1.50,1.00
2015.02.06 20:27:13.594,1.13219,1.13224,1.50,1.00
2015.02.06 20:27:14.116,1.13219,1.13225,1.50,8.44
2015.02.06 20:27:45.558,1.1322,1.13225,2.25,3.19
2015.02.06 20:27:46.068,1.13219,1.13225,2.25,3.19
2015.02.06 20:27:53.458,1.13224,1.13226,1.00,1.69
2015.02.06 20:27:53.613,1.1323,1.13232,1.00,1.00
2015.02.06 20:27:53.715,1.1323,1.13234,3.75,2.25
2015.02.06 20:27:53.765,1.13233,1.13236,1.00,3.19
2015.02.06 20:27:53.917,1.13231,1.13236,1.00,3.00
2015.02.06 20:27:55.229,1.1324,1.13241,3.00,7.12
2015.02.06 20:27:55.735,1.1324,1.13243,4.87,1.00
2015.02.06 20:27:55.787,1.1324,1.13242,7.12,1.00
2015.02.06 20:27:56.293,1.13239,1.13242,1.50,1.00
2015.02.06 20:28:00.050,1.13239,1.13242,1.00,2.62
2015.02.06 20:28:00.101,1.13237,1.13242,1.50,3.37
2015.02.06 20:28:00.252,1.13235,1.1324,1.25,2.25
2015.02.06 20:28:00.556,1.13232,1.13236,1.00,1.00
2015.02.06 20:28:01.073,1.13232,1.13235,1.00,1.00
2015.02.06 20:28:04.157,1.13234,1.13237,1.00,1.69
2015.02.06 20:28:04.309,1.13238,1.13241,2.62,1.50
2015.02.06 20:28:04.360,1.1324,1.13241,1.00,1.00
2015.02.06 20:28:04.512,1.13245,1.13248,3.97,1.12
2015.02.06 20:28:04.664,1.13248,1.1325,1.00,1.00
2015.02.06 20:28:04.716,1.13248,1.13252,1.50,1.00
2015.02.06 20:28:04.818,1.13248,1.13254,2.25,3.19
2015.02.06 20:28:18.306,1.13248,1.13253,1.50,1.00
2015.02.06 20:28:18.869,1.13248,1.13252,1.00,1.00
2015.02.06 20:28:28.393,1.13248,1.13253,1.50,1.00
2015.02.06 20:28:29.003,1.13248,1.13254,2.25,3.75
2015.02.06 20:28:42.446,1.1325,1.13254,1.00,2.25
2015.02.06 20:28:42.764,1.1325,1.13255,1.19,2.25
2015.02.06 20:28:42.865,1.13248,1.13254,2.44,1.50
2015.02.06 20:28:48.762,1.13249,1.13254,1.00,1.00
2015.02.06 20:28:49.273,1.13249,1.13255,1.00,4.50
2015.02.06 20:28:52.846,1.13249,1.13253,1.00,1.00
2015.02.06 20:28:53.268,1.13249,1.13254,1.00,1.00
2015.02.06 20:28:53.369,1.13248,1.13254,1.25,1.50
2015.02.06 20:29:01.451,1.13247,1.1325,2.62,1.00
2015.02.06 20:29:01.604,1.13236,1.13238,1.50,1.12
2015.02.06 20:29:01.655,1.13235,1.13238,1.00,1.12
2015.02.06 20:29:01.706,1.13234,1.13236,1.20,1.00
2015.02.06 20:29:02.010,1.13231,1.13233,1.37,1.50
2015.02.06 20:29:02.162,1.1323,1.13233,1.50,1.50
2015.02.06 20:29:04.989,1.13227,1.1323,3.00,3.75
2015.02.06 20:29:05.192,1.13215,1.13217,7.50,1.00
2015.02.06 20:29:05.294,1.13213,1.13214,1.00,1.00
2015.02.06 20:29:05.446,1.13209,1.13211,1.00,2.25
2015.02.06 20:29:05.498,1.13208,1.13209,1.00,1.00
2015.02.06 20:29:05.650,1.13205,1.13208,2.06,1.00
2015.02.06 20:29:05.702,1.13204,1.13206,2.62,1.00
2015.02.06 20:29:05.753,1.132,1.13206,8.44,1.50
2015.02.06 20:29:06.160,1.13202,1.13206,1.50,1.50
2015.02.06 20:29:06.666,1.13207,1.13209,1.00,3.94
2015.02.06 20:29:07.131,1.13209,1.13212,1.12,1.50
2015.02.06 20:29:07.283,1.13208,1.13214,4.12,1.50
2015.02.06 20:29:07.384,1.1321,1.13214,1.00,1.50
2015.02.06 20:29:20.352,1.13209,1.13214,1.12,1.50
2015.02.06 20:29:27.817,1.13209,1.13215,1.87,1.50
2015.02.06 20:29:30.444,1.1321,1.13215,1.00,1.50
2015.02.06 20:29:32.857,1.13209,1.13215,2.25,1.50
2015.02.06 20:29:40.554,1.1321,1.13215,1.00,1.50
2015.02.06 20:29:42.714,1.13209,1.13215,1.50,1.50
2015.02.06 20:29:43.219,1.13209,1.13215,2.21,1.50
2015.02.06 20:29:45.143,1.13211,1.13215,1.00,1.50
2015.02.06 20:29:45.650,1.13214,1.13217,1.00,1.00
2015.02.06 20:29:45.751,1.13217,1.13218,1.00,1.00
2015.02.06 20:29:45.802,1.13217,1.1322,1.50,1.00
2015.02.06 20:29:46.005,1.13217,1.13223,3.00,1.50
2015.02.06 20:30:00.752,1.13218,1.13223,1.00,1.50
2015.02.06 20:30:03.555,1.1322,1.13225,1.00,4.50
2015.02.06 20:30:05.680,1.13221,1.13225,1.12,1.50
2015.02.06 20:30:07.086,1.13221,1.13227,1.50,3.94
2015.02.06 20:30:11.330,1.13224,1.13227,1.00,3.00
2015.02.06 20:30:11.633,1.13228,1.1323,2.25,1.00
2015.02.06 20:30:12.804,1.13228,1.13234,2.25,2.44
2015.02.06 20:30:13.594,1.13228,1.13234,5.17,1.50
2015.02.06 20:30:13.696,1.13228,1.13234,3.00,2.25
2015.02.06 20:30:17.164,1.13228,1.13231,2.25,1.00
2015.02.06 20:30:17.470,1.13223,1.13224,1.00,1.50
2015.02.06 20:30:18.296,1.1322,1.13224,1.25,1.50
2015.02.06 20:30:23.763,1.1322,1.13222,1.00,1.00
2015.02.06 20:30:26.543,1.13218,1.13222,1.50,1.50
2015.02.06 20:30:27.435,1.13219,1.13222,1.00,1.50
2015.02.06 20:30:27.942,1.13218,1.13222,2.25,1.50
2015.02.06 20:30:43.715,1.13218,1.13221,1.00,1.00
2015.02.06 20:30:45.046,1.13218,1.13222,1.00,1.00
2015.02.06 20:30:52.747,1.13218,1.13221,1.00,1.00
2015.02.06 20:31:05.028,1.1322,1.13221,1.00,1.50
2015.02.06 20:31:11.709,1.13218,1.13221,1.00,1.00
2015.02.06 20:31:13.816,1.13217,1.13219,1.50,1.00
2015.02.06 20:31:13.868,1.13215,1.13218,1.87,5.32
2015.02.06 20:31:13.919,1.13215,1.13216,1.00,3.00
2015.02.06 20:31:13.970,1.13213,1.13215,1.50,1.50
2015.02.06 20:31:14.072,1.13211,1.13213,1.00,1.50
2015.02.06 20:31:14.325,1.13209,1.13212,1.69,1.50
2015.02.06 20:31:14.733,1.13209,1.13211,1.25,1.50
2015.02.06 20:31:19.796,1.13211,1.13213,1.00,1.00
2015.02.06 20:31:20.568,1.13209,1.13212,2.92,1.50
2015.02.06 20:31:21.607,1.13209,1.13211,2.44,1.50
2015.02.06 20:31:22.113,1.13209,1.13212,3.11,1.50
2015.02.06 20:31:22.684,1.13209,1.13211,3.11,1.50
2015.02.06 20:31:24.197,1.13209,1.13212,3.11,1.50
2015.02.06 20:31:26.153,1.13208,1.13211,2.44,1.50
2015.02.06 20:31:26.659,1.13208,1.13211,4.69,1.50
2015.02.06 20:31:26.982,1.13208,1.13211,5.36,1.50
2015.02.06 20:31:29.560,1.13209,1.13213,1.67,1.50
2015.02.06 20:31:32.294,1.13209,1.13213,2.17,1.50
2015.02.06 20:31:33.686,1.13209,1.13213,2.17,1.50
2015.02.06 20:31:34.451,1.13209,1.13213,2.17,1.50
2015.02.06 20:31:34.960,1.1321,1.13213,1.50,1.50
2015.02.06 20:31:35.163,1.13213,1.13215,1.00,1.50
2015.02.06 20:31:38.934,1.13218,1.13219,1.00,1.50
2015.02.06 20:31:38.984,1.13218,1.1322,1.00,2.57
2015.02.06 20:32:00.928,1.13216,1.1322,2.25,3.32
2015.02.06 20:32:14.868,1.13216,1.13218,1.50,1.50
2015.02.06 20:32:15.121,1.13213,1.13216,1.00,1.50
2015.02.06 20:32:22.915,1.13211,1.13216,1.00,1.50
2015.02.06 20:32:25.824,1.1321,1.13216,5.55,1.50
2015.02.06 20:32:28.004,1.13211,1.13216,1.00,1.50
2015.02.06 20:32:28.055,1.13214,1.13216,1.00,1.50
2015.02.06 20:32:28.561,1.13214,1.13217,1.27,1.00
2015.02.06 20:32:29.091,1.13214,1.13217,1.95,1.00
2015.02.06 20:32:29.600,1.13215,1.13218,1.42,1.00
2015.02.06 20:32:30.146,1.13215,1.13219,1.42,3.19
2015.02.06 20:32:37.873,1.13215,1.13218,1.42,1.00
2015.02.06 20:32:38.177,1.1321,1.13213,1.00,2.25
2015.02.06 20:32:38.227,1.13208,1.1321,3.19,1.00
2015.02.06 20:32:38.682,1.13206,1.1321,5.14,1.00
2015.02.06 20:32:39.187,1.13207,1.1321,1.00,1.00
2015.02.06 20:32:40.476,1.13206,1.1321,5.89,1.00
2015.02.06 20:32:41.005,1.13206,1.13208,3.26,3.60
2015.02.06 20:32:41.528,1.13205,1.13207,1.00,1.12
2015.02.06 20:32:42.050,1.13204,1.13207,2.25,1.12
2015.02.06 20:32:42.604,1.13205,1.13207,1.00,1.00
2015.02.06 20:32:48.987,1.13204,1.13207,2.25,1.00
2015.02.06 20:32:49.508,1.13205,1.13207,1.00,1.00
2015.02.06 20:32:50.064,1.13204,1.13207,2.25,1.00
2015.02.06 20:32:50.638,1.13205,1.13207,1.00,1.00
2015.02.06 20:32:52.153,1.13204,1.13207,2.25,1.00
2015.02.06 20:32:52.661,1.13205,1.13207,1.00,1.00
2015.02.06 20:32:55.270,1.13205,1.13209,4.87,1.50
2015.02.06 20:32:56.235,1.13205,1.13207,1.42,1.00
2015.02.06 20:32:58.685,1.13208,1.1321,1.00,2.25
2015.02.06 20:32:58.787,1.13206,1.13212,1.50,2.25
2015.02.06 20:33:00.555,1.13208,1.13212,1.00,2.25
2015.02.06 20:33:01.275,1.13208,1.13211,1.50,1.00
2015.02.06 20:33:01.580,1.13197,1.13198,1.00,6.60
2015.02.06 20:33:01.682,1.13193,1.13196,2.62,3.00
2015.02.06 20:33:02.188,1.13193,1.13196,1.00,2.25
2015.02.06 20:33:06.732,1.13193,1.13198,1.00,3.82
2015.02.06 20:33:06.833,1.13195,1.13198,1.00,3.07
2015.02.06 20:33:06.935,1.13196,1.132,1.00,1.00
2015.02.06 20:33:07.037,1.13196,1.13202,1.50,5.44
2015.02.06 20:33:07.491,1.13198,1.13202,1.00,3.19
2015.02.06 20:33:07.592,1.13196,1.13202,2.62,3.19
2015.02.06 20:33:16.261,1.13198,1.13202,1.00,1.50
2015.02.06 20:33:16.363,1.13196,1.13202,1.87,4.50
2015.02.06 20:33:22.677,1.13196,1.132,1.12,1.00
2015.02.06 20:33:24.265,1.13214,1.13217,1.00,1.00
2015.02.06 20:33:24.317,1.13213,1.13215,1.00,1.50
2015.02.06 20:33:24.368,1.13211,1.13214,1.12,1.00
2015.02.06 20:33:24.884,1.13213,1.13214,1.00,1.50
2015.02.06 20:33:25.858,1.13211,1.13213,1.00,1.00
2015.02.06 20:33:25.961,1.13207,1.13208,3.75,1.00
2015.02.06 20:33:26.013,1.13204,1.13205,3.75,1.50
2015.02.06 20:33:26.114,1.13196,1.13202,3.19,1.50
2015.02.06 20:33:26.165,1.13198,1.13202,1.00,1.50
2015.02.06 20:33:26.267,1.13196,1.13201,5.44,1.50
2015.02.06 20:33:26.975,1.13196,1.132,1.50,1.00
2015.02.06 20:33:27.498,1.13196,1.13201,1.50,1.50
2015.02.06 20:33:43.100,1.13196,1.13201,1.50,2.04
2015.02.06 20:33:55.743,1.13195,1.132,4.87,2.42
2015.02.06 20:33:55.794,1.13195,1.13199,1.00,1.37
2015.02.06 20:33:55.895,1.13195,1.132,1.00,3.56
2015.02.06 20:33:56.198,1.13195,1.13198,1.00,1.12
2015.02.06 20:33:56.723,1.13194,1.13199,1.50,1.27
2015.02.06 20:33:57.257,1.13195,1.13198,1.00,1.00
2015.02.06 20:33:57.706,1.13195,1.132,1.50,3.36
2015.02.06 20:33:58.121,1.13195,1.13198,1.00,1.00
2015.02.06 20:33:58.930,1.13196,1.13201,2.25,2.37
2015.02.06 20:33:59.871,1.13196,1.13201,2.25,2.37
2015.02.06 20:34:04.992,1.13196,1.13197,1.50,1.00
2015.02.06 20:34:05.498,1.13195,1.13197,1.50,1.00
2015.02.06 20:34:18.525,1.13199,1.13201,1.50,1.12
2015.02.06 20:34:18.832,1.13205,1.13207,1.00,3.00
2015.02.06 20:34:18.985,1.13207,1.1321,1.00,1.50
2015.02.06 20:34:19.189,1.1321,1.13212,1.00,1.00
2015.02.06 20:34:19.291,1.13208,1.13212,1.00,1.00
2015.02.06 20:34:19.394,1.13207,1.1321,1.00,1.00
2015.02.06 20:34:19.899,1.13206,1.1321,1.50,1.00
2015.02.06 20:34:20.715,1.13207,1.1321,1.00,1.00
2015.02.06 20:34:21.270,1.13206,1.13212,2.25,2.44
2015.02.06 20:34:21.422,1.13206,1.1321,2.25,1.00
2015.02.06 20:34:21.725,1.13195,1.13197,3.00,1.00
2015.02.06 20:34:22.282,1.13194,1.13197,1.00,1.00
2015.02.06 20:34:22.738,1.13195,1.13197,1.00,2.25
2015.02.06 20:34:22.839,1.13194,1.13195,1.50,1.50
2015.02.06 20:34:22.890,1.13195,1.13197,1.00,1.00
2015.02.06 20:34:23.703,1.13193,1.13197,2.25,1.00
2015.02.06 20:34:23.804,1.13195,1.13197,1.00,1.00
2015.02.06 20:34:23.905,1.13193,1.13196,2.25,1.00
2015.02.06 20:34:23.956,1.13191,1.13193,1.00,1.00
2015.02.06 20:34:24.058,1.13186,1.1319,9.19,1.50
2015.02.06 20:34:24.109,1.13187,1.13192,1.50,1.00
2015.02.06 20:34:24.751,1.13187,1.13193,2.25,6.00
2015.02.06 20:34:25.357,1.1319,1.13193,1.00,5.25
2015.02.06 20:34:25.411,1.1319,1.13195,1.00,4.69
2015.02.06 20:34:26.169,1.1319,1.13193,1.00,1.00
2015.02.06 20:34:26.473,1.13189,1.13191,1.00,1.00
2015.02.06 20:34:26.676,1.13187,1.13191,1.25,1.00
2015.02.06 20:34:26.878,1.1319,1.13193,1.00,1.00
2015.02.06 20:34:26.979,1.1319,1.13195,1.00,6.94
2015.02.06 20:34:27.687,1.1319,1.13193,1.50,1.50
2015.02.06 20:34:27.789,1.13187,1.13192,1.50,3.00
2015.02.06 20:34:28.193,1.1319,1.13191,1.00,1.00
2015.02.06 20:34:28.294,1.1319,1.13193,1.00,1.00
2015.02.06 20:34:28.345,1.1319,1.13195,1.00,6.37
2015.02.06 20:34:30.125,1.13189,1.13195,1.00,2.25
2015.02.06 20:34:32.198,1.13188,1.13192,1.12,1.50
2015.02.06 20:34:32.502,1.13187,1.1319,1.50,1.00
2015.02.06 20:34:32.705,1.13189,1.13193,1.50,1.25
2015.02.06 20:34:33.883,1.13189,1.13194,1.50,1.00
2015.02.06 20:34:34.087,1.13189,1.13192,1.00,1.00
2015.02.06 20:34:34.593,1.13188,1.13192,1.00,3.00
2015.02.06 20:34:35.308,1.13188,1.13193,2.25,1.69
2015.02.06 20:34:35.864,1.13188,1.13189,2.25,1.00
2015.02.06 20:34:35.965,1.13186,1.1319,3.00,3.75
2015.02.06 20:34:36.066,1.13186,1.1319,4.50,2.62
2015.02.06 20:34:36.218,1.13188,1.13192,1.50,1.69
2015.02.06 20:34:36.950,1.13188,1.13192,1.50,1.00
2015.02.06 20:34:37.905,1.13187,1.13191,1.00,1.50
2015.02.06 20:34:38.760,1.13188,1.1319,1.50,1.00
2015.02.06 20:34:38.811,1.13188,1.13193,1.50,2.51
2015.02.06 20:34:40.144,1.13188,1.13192,1.50,1.00
2015.02.06 20:34:40.195,1.13188,1.13189,1.00,1.50
2015.02.06 20:34:40.246,1.13186,1.13189,3.37,1.50
2015.02.06 20:34:40.701,1.13188,1.13192,1.00,4.01
2015.02.06 20:34:44.172,1.13188,1.13191,1.00,1.00
2015.02.06 20:34:48.977,1.13188,1.13192,1.00,3.26
2015.02.06 20:34:50.837,1.13186,1.13192,2.25,6.26
2015.02.06 20:34:56.395,1.13186,1.1319,2.25,1.00
2015.02.06 20:34:57.031,1.13186,1.13189,1.50,1.00
2015.02.06 20:34:57.538,1.13186,1.1319,4.50,2.25
2015.02.06 20:35:09.334,1.13187,1.1319,1.00,1.00
2015.02.06 20:35:09.847,1.13186,1.1319,6.75,1.00
2015.02.06 20:35:15.893,1.13186,1.13189,1.00,1.00
2015.02.06 20:35:16.146,1.13184,1.13189,3.37,1.00
2015.02.06 20:35:16.247,1.13186,1.13189,1.00,1.00
2015.02.06 20:35:18.049,1.13186,1.13188,1.00,3.75
2015.02.06 20:35:18.353,1.13185,1.13188,1.00,10.08
2015.02.06 20:35:19.100,1.13185,1.13186,1.00,1.00
2015.02.06 20:35:19.625,1.13185,1.13188,1.00,9.26
2015.02.06 20:35:20.208,1.13185,1.13186,1.00,1.00
2015.02.06 20:35:20.755,1.13186,1.13188,1.00,4.31
2015.02.06 20:35:21.494,1.13185,1.13186,1.50,1.00
2015.02.06 20:35:22.383,1.13186,1.13188,1.00,1.00
2015.02.06 20:35:22.934,1.13186,1.13187,1.00,1.00
2015.02.06 20:35:26.078,1.13185,1.13187,1.00,1.00
2015.02.06 20:35:26.591,1.13186,1.13187,1.00,1.00
2015.02.06 20:35:27.600,1.13185,1.13187,1.50,1.00
2015.02.06 20:35:27.954,1.13186,1.1319,5.25,1.50
2015.02.06 20:35:29.014,1.13186,1.1319,8.21,1.00
2015.02.06 20:35:29.716,1.13186,1.1319,7.50,1.00
2015.02.06 20:35:30.996,1.13187,1.1319,1.00,1.00
2015.02.06 20:35:32.384,1.13186,1.1319,6.00,1.00
2015.02.06 20:35:37.483,1.13186,1.13188,1.00,1.50
2015.02.06 20:35:37.990,1.13186,1.1319,1.00,1.19
2015.02.06 20:35:38.515,1.13186,1.1319,1.00,1.00
2015.02.06 20:35:41.267,1.13185,1.1319,3.00,1.00
2015.02.06 20:35:41.577,1.13183,1.13186,2.25,1.00
2015.02.06 20:35:41.932,1.13183,1.13184,1.00,1.00
2015.02.06 20:35:42.454,1.13182,1.13184,1.00,1.50
2015.02.06 20:35:42.707,1.13182,1.13186,1.00,3.00
2015.02.06 20:35:44.132,1.13183,1.13186,1.00,3.00
2015.02.06 20:35:45.038,1.1318,1.13186,4.50,3.00
2015.02.06 20:35:45.411,1.13178,1.13181,1.69,1.00
2015.02.06 20:35:45.512,1.13177,1.13181,8.06,1.50
2015.02.06 20:35:48.654,1.13161,1.13165,1.25,2.25
2015.02.06 20:35:49.063,1.13163,1.13165,1.00,1.00
2015.02.06 20:35:49.113,1.13161,1.13165,2.44,1.00
2015.02.06 20:35:56.442,1.13164,1.13165,1.50,1.00
2015.02.06 20:35:56.543,1.13164,1.13167,3.00,1.00
2015.02.06 20:35:57.241,1.13165,1.13168,1.00,1.00
2015.02.06 20:35:57.292,1.13163,1.13168,1.00,1.12
2015.02.06 20:35:57.343,1.13165,1.13168,1.50,1.12
2015.02.06 20:36:00.674,1.13166,1.13168,2.25,1.00
2015.02.06 20:36:00.725,1.13167,1.13171,1.00,1.87
2015.02.06 20:36:00.826,1.13168,1.13173,1.00,2.25
2015.02.06 20:36:01.838,1.13169,1.13174,1.50,1.16
2015.02.06 20:36:04.213,1.13169,1.13172,1.00,1.00
2015.02.06 20:36:04.517,1.13167,1.1317,1.00,1.00
2015.02.06 20:36:24.364,1.13165,1.13169,1.00,1.00
2015.02.06 20:36:24.567,1.13163,1.13168,1.00,3.52
2015.02.06 20:36:24.618,1.13163,1.13166,1.00,1.00
2015.02.06 20:36:34.240,1.13163,1.13164,1.00,1.00
2015.02.06 20:36:51.392,1.13163,1.13166,1.00,1.50
2015.02.06 20:37:08.748,1.13163,1.13168,1.00,10.50
2015.02.06 20:37:15.719,1.13163,1.13168,2.77,9.75
2015.02.06 20:37:29.655,1.13163,1.13168,3.52,5.25
2015.02.06 20:37:30.428,1.13163,1.13168,4.27,8.25
2015.02.06 20:37:31.752,1.13163,1.13168,4.27,5.25
2015.02.06 20:37:33.178,1.13163,1.13168,5.02,8.25
2015.02.06 20:37:34.498,1.13163,1.13168,4.50,8.25
2015.02.06 20:37:35.118,1.13163,1.13167,1.72,1.50
2015.02.06 20:37:35.895,1.13163,1.13167,1.30,1.50
2015.02.06 20:37:36.401,1.13163,1.13167,1.72,1.50
2015.02.06 20:37:38.661,1.13163,1.13167,1.30,1.50
2015.02.06 20:37:39.449,1.13163,1.13167,1.72,1.50
2015.02.06 20:37:42.117,1.13163,1.13167,1.30,1.50
2015.02.06 20:37:42.694,1.13163,1.13167,1.72,1.50
2015.02.06 20:37:46.199,1.13163,1.13167,1.00,1.50
2015.02.06 20:38:00.563,1.13165,1.13167,1.00,1.50
2015.02.06 20:38:00.817,1.1317,1.13173,2.25,1.00
2015.02.06 20:38:01.322,1.1317,1.13175,2.25,2.89
2015.02.06 20:38:02.729,1.13171,1.13175,1.00,1.52
2015.02.06 20:38:05.788,1.13171,1.13175,1.00,1.20
2015.02.06 20:38:06.297,1.13171,1.13175,1.00,1.52
2015.02.06 20:38:14.871,1.13171,1.13175,2.02,1.00
2015.02.06 20:38:15.757,1.13171,1.13175,1.50,1.00
2015.02.06 20:38:16.262,1.13171,1.13175,2.02,1.00
2015.02.06 20:38:17.206,1.13171,1.13175,1.00,1.00
2015.02.06 20:38:22.760,1.1317,1.13175,2.25,1.00
2015.02.06 20:38:48.682,1.13172,1.13175,1.00,1.00
2015.02.06 20:38:49.848,1.1317,1.13175,1.50,1.00
2015.02.06 20:39:18.172,1.13169,1.13175,2.81,2.25
2015.02.06 20:39:18.716,1.1317,1.13175,1.00,3.00
2015.02.06 20:39:19.918,1.13169,1.13175,1.87,3.75
2015.02.06 20:39:20.443,1.1317,1.13175,1.05,3.75
2015.02.06 20:39:52.774,1.13173,1.13175,1.00,1.00
2015.02.06 20:39:52.926,1.13171,1.13175,1.50,1.00
2015.02.06 20:39:53.079,1.13173,1.13175,1.00,1.00
2015.02.06 20:40:00.508,1.13173,1.13177,2.25,1.69
2015.02.06 20:40:00.862,1.13171,1.13175,1.50,1.00
2015.02.06 20:40:06.228,1.13171,1.13174,2.25,1.00
2015.02.06 20:40:08.362,1.13173,1.13174,1.50,1.00
2015.02.06 20:40:11.317,1.13173,1.13175,1.50,1.00
2015.02.06 20:40:27.099,1.13172,1.13175,1.00,1.00
2015.02.06 20:40:29.195,1.13171,1.13175,1.50,1.00
2015.02.06 20:40:44.371,1.13171,1.13175,1.87,1.00
2015.02.06 20:40:44.423,1.13178,1.13181,4.69,1.12
2015.02.06 20:40:44.524,1.1318,1.13182,1.50,1.00
2015.02.06 20:40:44.828,1.1318,1.13185,1.50,1.95
2015.02.06 20:40:45.333,1.1318,1.13185,2.47,1.80
2015.02.06 20:40:46.852,1.1318,1.13185,2.47,1.80
2015.02.06 20:40:47.357,1.1318,1.13185,2.47,1.95
2015.02.06 20:40:50.786,1.1318,1.13185,2.47,1.95
2015.02.06 20:40:51.414,1.1318,1.13185,2.47,1.95
2015.02.06 20:40:53.336,1.1318,1.13185,2.47,1.95
2015.02.06 20:40:53.845,1.1318,1.13185,2.47,1.95
2015.02.06 20:40:55.366,1.1318,1.13185,1.50,1.95
2015.02.06 20:40:55.988,1.1318,1.13185,2.47,1.95
2015.02.06 20:40:56.685,1.1318,1.13185,2.47,1.80
2015.02.06 20:40:57.515,1.1318,1.13185,2.47,1.95
2015.02.06 20:40:58.656,1.1318,1.13185,2.47,1.95
2015.02.06 20:40:59.165,1.1318,1.13185,2.47,1.95
2015.02.06 20:40:59.456,1.13178,1.13184,4.69,1.65
2015.02.06 20:40:59.557,1.13178,1.13184,4.54,1.65
2015.02.06 20:41:00.288,1.13178,1.13184,4.54,1.65
2015.02.06 20:41:00.815,1.13178,1.13184,4.54,1.65
2015.02.06 20:41:01.755,1.13178,1.13184,3.75,1.65
2015.02.06 20:41:06.681,1.13178,1.13184,5.85,1.65
2015.02.06 20:41:11.466,1.13178,1.13184,5.29,1.65
2015.02.06 20:41:12.181,1.13178,1.13184,6.04,1.65
2015.02.06 20:41:13.493,1.13178,1.13184,5.29,1.65
2015.02.06 20:41:14.784,1.13178,1.13184,6.04,1.65
2015.02.06 20:41:14.837,1.13178,1.13184,3.94,1.65
2015.02.06 20:41:15.380,1.13178,1.13184,3.75,1.65
2015.02.06 20:41:15.925,1.13178,1.13184,3.75,1.65
2015.02.06 20:41:17.861,1.1318,1.13184,1.00,1.15
2015.02.06 20:41:21.532,1.1318,1.13185,2.10,1.95
2015.02.06 20:41:22.052,1.1318,1.13185,2.10,1.95
2015.02.06 20:41:23.806,1.1318,1.13185,2.10,1.95
2015.02.06 20:41:24.416,1.1318,1.13185,2.10,1.80
2015.02.06 20:41:27.977,1.1318,1.13185,2.10,1.95
2015.02.06 20:41:28.584,1.1318,1.13185,2.10,1.95
2015.02.06 20:41:31.878,1.1318,1.13185,2.10,1.65
2015.02.06 20:41:32.447,1.1318,1.13185,2.10,1.65
2015.02.06 20:41:33.614,1.1318,1.13185,2.10,1.65
2015.02.06 20:41:34.940,1.1318,1.13185,2.10,1.65
2015.02.06 20:41:41.196,1.1318,1.13185,1.50,1.65
2015.02.06 20:41:41.701,1.1318,1.13185,2.10,1.65
2015.02.06 20:41:42.211,1.1318,1.13185,1.50,1.57
2015.02.06 20:41:43.173,1.1318,1.13185,2.10,1.65
2015.02.06 20:41:44.288,1.1318,1.13185,2.10,1.76
2015.02.06 20:41:44.812,1.1318,1.13185,2.10,1.76
2015.02.06 20:41:45.362,1.1318,1.13185,2.10,1.84
2015.02.06 20:41:45.866,1.13178,1.13184,3.37,2.32
2015.02.06 20:41:49.672,1.13178,1.13184,2.62,1.57
2015.02.06 20:41:50.307,1.13178,1.13184,2.62,1.57
2015.02.06 20:41:51.902,1.13178,1.13184,2.62,1.57
2015.02.06 20:41:52.525,1.13178,1.13184,2.62,1.57
2015.02.06 20:42:07.470,1.13179,1.13185,1.87,3.34
2015.02.06 20:42:08.010,1.13179,1.13185,1.87,4.09
2015.02.06 20:42:09.685,1.13179,1.13185,1.87,3.34
2015.02.06 20:42:10.238,1.13179,1.13185,1.87,4.09
2015.02.06 20:42:13.259,1.13179,1.13185,1.87,3.34
2015.02.06 20:42:13.768,1.13179,1.13185,1.87,4.09
2015.02.06 20:42:15.304,1.13179,1.13185,1.50,3.34
2015.02.06 20:42:15.608,1.13179,1.13182,1.50,1.50
2015.02.06 20:42:17.905,1.13179,1.13185,1.50,5.59
2015.02.06 20:42:20.584,1.13179,1.13185,1.50,3.26
2015.02.06 20:42:21.355,1.13179,1.13185,1.50,5.59
2015.02.06 20:42:24.423,1.13179,1.13185,1.50,4.09
2015.02.06 20:42:24.926,1.13179,1.13185,1.50,5.59
2015.02.06 20:42:30.387,1.13179,1.1318,1.00,1.00
2015.02.06 20:42:30.438,1.13177,1.1318,1.69,1.50
2015.02.06 20:42:35.713,1.13176,1.1318,3.00,1.50
2015.02.06 20:42:36.225,1.13176,1.13179,3.00,1.00
2015.02.06 20:42:36.886,1.13176,1.1318,3.75,1.50
2015.02.06 20:42:39.037,1.13177,1.1318,1.00,1.50
2015.02.06 20:42:53.029,1.13179,1.1318,1.00,1.00
2015.02.06 20:42:53.231,1.13181,1.13184,1.00,1.57
2015.02.06 20:42:53.749,1.1318,1.13184,1.00,1.57
2015.02.06 20:42:57.627,1.13178,1.13181,2.44,1.00
2015.02.06 20:42:57.780,1.13178,1.1318,2.25,1.50
2015.02.06 20:43:08.370,1.1318,1.13182,1.50,1.00
2015.02.06 20:43:08.674,1.13178,1.1318,1.00,1.00
2015.02.06 20:43:25.018,1.13179,1.13182,1.00,2.25
2015.02.06 20:43:25.907,1.1318,1.13182,1.12,1.50
2015.02.06 20:43:26.564,1.1318,1.13183,1.00,1.50
2015.02.06 20:43:34.966,1.13179,1.13183,2.62,1.50
2015.02.06 20:43:45.385,1.13178,1.13181,1.62,1.00
2015.02.06 20:43:45.487,1.13177,1.1318,2.25,1.00
2015.02.06 20:43:55.376,1.13176,1.1318,9.75,1.00
2015.02.06 20:43:59.337,1.13178,1.1318,1.00,1.00
2015.02.06 20:43:59.439,1.13179,1.13182,1.00,1.50
2015.02.06 20:43:59.540,1.13181,1.13185,1.00,2.44
2015.02.06 20:44:19.515,1.1318,1.13185,1.00,2.25
2015.02.06 20:44:21.597,1.1318,1.13185,1.07,2.25
2015.02.06 20:44:31.461,1.13181,1.13187,2.32,4.69
2015.02.06 20:44:32.468,1.13181,1.13185,1.50,1.00
2015.02.06 20:44:37.510,1.13181,1.13185,2.32,1.00
2015.02.06 20:44:38.587,1.13181,1.13185,1.50,1.50
2015.02.06 20:44:41.495,1.13182,1.13185,1.00,1.25
2015.02.06 20:44:42.001,1.13181,1.13185,1.50,1.25
2015.02.06 20:44:42.804,1.1318,1.13185,1.50,1.25
2015.02.06 20:44:43.737,1.13178,1.13184,5.25,1.50
2015.02.06 20:44:44.243,1.1318,1.13184,1.00,1.00
2015.02.06 20:44:44.749,1.1318,1.13185,3.00,1.25
2015.02.06 20:44:46.692,1.13181,1.13185,1.00,1.00
2015.02.06 20:44:51.238,1.1318,1.13185,3.00,1.00
2015.02.06 20:44:52.702,1.1318,1.13183,2.25,1.00
2015.02.06 20:44:53.019,1.1318,1.13185,3.00,1.00
2015.02.06 20:44:53.272,1.13182,1.13185,1.00,1.00
2015.02.06 20:44:53.577,1.13182,1.13187,1.00,1.69
2015.02.06 20:44:59.261,1.13186,1.13187,2.25,1.00
2015.02.06 20:44:59.413,1.13186,1.1319,1.50,3.30
2015.02.06 20:44:59.767,1.13184,1.1319,5.44,2.55
2015.02.06 20:44:59.818,1.13184,1.1319,6.26,2.70
2015.02.06 20:45:00.149,1.13186,1.1319,2.25,4.20
2015.02.06 20:45:00.932,1.13186,1.1319,3.75,1.05
2015.02.06 20:45:09.291,1.13187,1.1319,1.00,1.20
2015.02.06 20:45:11.324,1.13187,1.13191,1.00,1.05
2015.02.06 20:45:11.834,1.13187,1.13191,1.00,1.80
2015.02.06 20:45:14.884,1.13187,1.13191,1.35,1.50
2015.02.06 20:45:15.651,1.13188,1.13191,1.00,1.50
2015.02.06 20:45:16.862,1.13187,1.13191,2.25,1.00
2015.02.06 20:45:28.589,1.13188,1.13191,1.00,1.50
2015.02.06 20:45:28.640,1.13189,1.13191,1.00,1.50
2015.02.06 20:45:28.843,1.13188,1.13191,1.50,1.00
2015.02.06 20:45:31.077,1.13187,1.13191,1.00,1.00
2015.02.06 20:45:33.875,1.13187,1.1319,1.00,1.00
2015.02.06 20:45:34.451,1.13188,1.13191,1.50,1.50
2015.02.06 20:45:35.076,1.13187,1.13191,1.00,1.50
2015.02.06 20:45:43.736,1.13188,1.13191,1.00,1.50
2015.02.06 20:45:43.837,1.1319,1.13192,3.00,1.50
2015.02.06 20:45:43.989,1.13191,1.13195,1.12,1.50
2015.02.06 20:45:46.212,1.1319,1.13195,5.25,1.00
2015.02.06 20:45:46.728,1.1319,1.13195,6.00,1.00
2015.02.06 20:45:54.649,1.1319,1.13195,4.87,1.00
2015.02.06 20:46:05.862,1.1319,1.13194,3.37,1.00
2015.02.06 20:46:05.913,1.13189,1.13192,2.25,3.00
2015.02.06 20:46:06.216,1.13188,1.1319,1.50,1.00
2015.02.06 20:46:06.974,1.13188,1.13191,1.50,1.50
2015.02.06 20:46:07.480,1.13188,1.1319,1.50,1.00
2015.02.06 20:46:09.305,1.13188,1.13191,2.25,1.50
2015.02.06 20:46:13.608,1.13187,1.13191,2.25,2.25
2015.02.06 20:46:15.017,1.13188,1.13191,1.50,2.25
2015.02.06 20:46:20.722,1.13189,1.13191,1.00,1.00
2015.02.06 20:46:20.874,1.1319,1.13193,1.00,1.00
2015.02.06 20:46:22.311,1.13191,1.13193,1.00,1.00
2015.02.06 20:46:24.555,1.13191,1.13194,1.00,1.50
2015.02.06 20:46:25.060,1.13191,1.13195,1.00,1.00
2015.02.06 20:46:26.281,1.1319,1.13195,3.00,1.00
2015.02.06 20:46:27.987,1.1319,1.13193,2.62,1.00
2015.02.06 20:46:29.088,1.13191,1.13193,1.00,1.00
2015.02.06 20:46:29.643,1.13191,1.13194,1.00,1.00
2015.02.06 20:46:32.233,1.13191,1.13193,1.00,1.00
2015.02.06 20:46:33.459,1.13191,1.13195,1.00,3.19
2015.02.06 20:46:33.965,1.13191,1.13196,2.81,1.50
2015.02.06 20:46:34.478,1.13192,1.13196,1.00,1.50
2015.02.06 20:46:36.357,1.13193,1.13196,1.50,1.00
2015.02.06 20:46:36.458,1.13194,1.13198,1.00,1.50
2015.02.06 20:46:36.982,1.13193,1.13198,1.12,1.87
2015.02.06 20:46:37.185,1.13193,1.13194,1.12,2.25
2015.02.06 20:46:37.856,1.1319,1.13194,1.00,1.50
2015.02.06 20:46:38.008,1.1319,1.13196,3.00,1.50
2015.02.06 20:46:42.945,1.13193,1.13196,1.00,1.50
2015.02.06 20:46:43.097,1.13194,1.13198,1.00,6.30
2015.02.06 20:46:43.350,1.13192,1.13197,3.19,1.00
2015.02.06 20:46:43.704,1.13192,1.13194,1.00,1.00
2015.02.06 20:46:43.907,1.13192,1.13196,1.00,1.50
2015.02.06 20:46:44.210,1.13194,1.13196,1.00,1.00
2015.02.06 20:46:44.261,1.13194,1.13198,1.00,3.19
2015.02.06 20:46:44.786,1.13193,1.13197,1.50,1.50
2015.02.06 20:46:44.888,1.13191,1.13197,2.62,2.25
2015.02.06 20:46:47.962,1.13192,1.13197,1.00,2.44
2015.02.06 20:46:57.811,1.13195,1.13197,1.00,1.50
2015.02.06 20:46:58.116,1.13197,1.13198,1.00,5.85
2015.02.06 20:46:58.520,1.13195,1.13198,1.00,3.52
2015.02.06 20:46:59.745,1.13193,1.13197,1.50,1.00
2015.02.06 20:47:00.048,1.13195,1.13197,1.00,1.00
2015.02.06 20:47:00.504,1.13194,1.13199,1.00,2.89
2015.02.06 20:47:01.139,1.13194,1.13199,1.00,2.89
2015.02.06 20:47:01.822,1.13193,1.13199,2.25,3.04
2015.02.06 20:47:02.336,1.13194,1.13199,1.00,3.04
2015.02.06 20:47:03.357,1.13195,1.13199,1.00,2.29
2015.02.06 20:47:04.286,1.13196,1.13199,1.00,1.39
2015.02.06 20:47:06.429,1.13197,1.132,1.00,1.45
2015.02.06 20:47:06.531,1.13199,1.13201,1.50,1.13
2015.02.06 20:47:06.834,1.13197,1.13201,1.00,1.28
2015.02.06 20:47:07.238,1.13199,1.13202,1.50,1.04
2015.02.06 20:47:08.769,1.13199,1.13203,2.25,1.20
2015.02.06 20:47:10.930,1.13199,1.13202,2.25,1.00
2015.02.06 20:47:11.440,1.13199,1.13202,2.62,1.15
2015.02.06 20:47:15.317,1.13199,1.13203,2.25,1.00
2015.02.06 20:47:15.520,1.13199,1.13202,2.25,1.15
2015.02.06 20:47:15.924,1.13199,1.13205,2.25,2.59
2015.02.06 20:47:16.026,1.13199,1.13205,2.25,3.34
2015.02.06 20:47:24.272,1.13199,1.13205,2.62,3.19
2015.02.06 20:47:24.778,1.13199,1.13205,2.25,2.44
2015.02.06 20:47:29.989,1.13201,1.13205,1.50,1.25
2015.02.06 20:47:34.911,1.13201,1.13204,1.50,1.00
2015.02.06 20:47:35.372,1.13201,1.13206,1.50,1.69
2015.02.06 20:47:46.276,1.13202,1.13207,1.00,1.69
2015.02.06 20:47:46.807,1.13202,1.13207,1.00,1.69
2015.02.06 20:47:48.685,1.13201,1.13207,2.25,1.69
2015.02.06 20:47:49.909,1.13201,1.13206,1.00,1.00
2015.02.06 20:47:50.423,1.132,1.13206,2.25,1.69
2015.02.06 20:47:55.406,1.13202,1.13206,1.00,1.69
2015.02.06 20:47:56.707,1.132,1.13206,3.37,2.25
2015.02.06 20:47:57.236,1.13201,1.13206,1.00,1.50
2015.02.06 20:47:57.741,1.132,1.13206,2.25,1.50
2015.02.06 20:47:59.664,1.13201,1.13206,1.00,1.50
2015.02.06 20:48:01.129,1.132,1.13206,2.25,1.50
2015.02.06 20:48:05.703,1.13201,1.13206,1.00,1.69
2015.02.06 20:48:08.820,1.132,1.13206,2.25,1.50
2015.02.06 20:48:21.568,1.13201,1.13206,1.00,2.44
2015.02.06 20:48:30.752,1.132,1.13203,1.50,1.00
2015.02.06 20:48:30.904,1.13196,1.13198,1.00,2.02
2015.02.06 20:48:31.409,1.13197,1.13199,1.00,1.00
2015.02.06 20:48:31.510,1.13195,1.13199,1.87,1.00
2015.02.06 20:48:32.015,1.13195,1.13198,3.37,1.12
2015.02.06 20:48:32.318,1.13197,1.13199,1.50,1.00
2015.02.06 20:48:32.421,1.13198,1.132,4.50,1.00
2015.02.06 20:48:32.724,1.13196,1.132,2.06,3.00
2015.02.06 20:48:33.430,1.13196,1.13198,1.87,1.12
2015.02.06 20:48:35.980,1.13196,1.132,1.87,3.75
2015.02.06 20:48:36.081,1.13198,1.132,1.00,3.00
2015.02.06 20:48:36.586,1.13197,1.132,1.00,1.50
2015.02.06 20:48:40.281,1.13196,1.132,3.37,2.25
2015.02.06 20:48:40.835,1.13197,1.132,1.00,2.25
2015.02.06 20:48:41.454,1.13199,1.132,1.00,1.00
2015.02.06 20:48:41.964,1.13197,1.13201,1.37,2.25
2015.02.06 20:48:59.397,1.13198,1.13202,1.87,1.50
2015.02.06 20:49:00.055,1.13199,1.132,1.12,1.00
2015.02.06 20:49:00.359,1.13197,1.13199,1.00,1.00
2015.02.06 20:49:00.511,1.13197,1.13198,1.00,1.12
2015.02.06 20:49:01.015,1.13197,1.13199,1.00,2.02
2015.02.06 20:49:01.682,1.13196,1.13198,1.00,6.52
2015.02.06 20:49:04.883,1.13195,1.13196,1.00,1.00
2015.02.06 20:49:04.934,1.13194,1.13196,1.50,1.00
2015.02.06 20:49:06.190,1.13194,1.13198,1.00,6.19
2015.02.06 20:49:06.705,1.13194,1.13198,1.50,9.75
2015.02.06 20:49:07.857,1.13194,1.13197,1.50,1.00
2015.02.06 20:49:08.383,1.13193,1.13196,1.50,1.00
2015.02.06 20:49:08.889,1.13193,1.13197,1.50,2.44
2015.02.06 20:49:09.466,1.13193,1.13197,1.50,1.69
2015.02.06 20:49:10.263,1.13193,1.13197,1.50,3.19
2015.02.06 20:49:12.389,1.13195,1.13198,1.00,2.96
2015.02.06 20:49:13.608,1.13196,1.13198,1.00,1.00
2015.02.06 20:49:14.724,1.13197,1.13199,1.00,1.60
2015.02.06 20:49:14.775,1.13196,1.132,1.00,1.00
2015.02.06 20:49:15.179,1.13198,1.13201,1.00,1.00
2015.02.06 20:49:15.281,1.13198,1.13203,1.00,3.19
2015.02.06 20:49:15.787,1.13197,1.13203,3.75,1.69
2015.02.06 20:49:15.889,1.132,1.13203,1.00,1.69
2015.02.06 20:49:16.141,1.13198,1.13202,1.00,1.50
2015.02.06 20:49:16.695,1.13197,1.13202,1.00,1.50
2015.02.06 20:49:18.126,1.13197,1.132,2.25,1.50
2015.02.06 20:49:18.228,1.13198,1.13202,1.50,1.50
2015.02.06 20:49:19.264,1.13198,1.13204,2.25,3.94
2015.02.06 20:49:20.076,1.13199,1.13204,1.00,3.19
2015.02.06 20:49:20.581,1.13198,1.13204,3.00,3.75
2015.02.06 20:49:21.131,1.13198,1.13203,3.00,1.00
2015.02.06 20:49:21.639,1.13199,1.13204,1.00,2.25
2015.02.06 20:49:22.156,1.132,1.13204,1.00,2.25
2015.02.06 20:49:23.364,1.13198,1.13204,1.50,3.19
2015.02.06 20:49:24.951,1.13198,1.13204,3.00,4.69
2015.02.06 20:49:27.395,1.13199,1.13204,1.00,4.69
2015.02.06 20:49:29.459,1.13198,1.13204,3.00,3.00
2015.02.06 20:49:29.560,1.132,1.13204,1.00,2.25
2015.02.06 20:49:30.066,1.13201,1.13204,1.00,2.25
2015.02.06 20:49:30.602,1.132,1.13203,1.00,1.00
2015.02.06 20:49:35.544,1.132,1.13204,1.50,1.00
2015.02.06 20:49:38.645,1.132,1.13203,2.25,1.00
2015.02.06 20:49:39.831,1.132,1.13205,2.25,3.00
2015.02.06 20:49:40.180,1.132,1.13203,2.62,1.00
2015.02.06 20:49:43.149,1.132,1.13204,1.50,1.00
2015.02.06 20:49:48.223,1.132,1.13201,1.50,1.00
2015.02.06 20:49:48.326,1.13198,1.13201,1.50,1.00
2015.02.06 20:49:54.148,1.13199,1.13201,1.00,1.00
2015.02.06 20:49:55.350,1.13199,1.13202,1.00,2.25
2015.02.06 20:49:55.561,1.13201,1.13203,1.00,1.50
2015.02.06 20:49:57.547,1.13201,1.13204,1.00,1.00
2015.02.06 20:49:59.571,1.13201,1.13205,1.00,2.44
2015.02.06 20:50:08.270,1.132,1.13205,1.00,1.12
2015.02.06 20:50:26.086,1.132,1.13204,1.00,1.00
2015.02.06 20:50:26.595,1.132,1.13205,1.00,6.94
2015.02.06 20:50:27.699,1.13201,1.13205,1.12,5.25
2015.02.06 20:50:28.003,1.13203,1.13205,1.00,3.00
2015.02.06 20:50:41.896,1.13201,1.13203,1.00,1.00
2015.02.06 20:50:42.049,1.13201,1.13203,1.00,1.00
2015.02.06 20:50:51.104,1.13201,1.13204,1.00,1.00
2015.02.06 20:50:56.171,1.13201,1.13203,1.00,1.00
2015.02.06 20:50:59.249,1.13201,1.13204,1.00,1.50
2015.02.06 20:51:02.229,1.13201,1.13203,1.00,1.00
2015.02.06 20:51:05.221,1.13201,1.13204,1.00,1.50
2015.02.06 20:51:06.941,1.13201,1.13203,1.00,1.00
2015.02.06 20:51:07.500,1.13201,1.13204,1.00,1.50
2015.02.06 20:51:13.522,1.13201,1.13205,1.00,4.36
2015.02.06 20:51:13.623,1.13203,1.13205,1.00,1.06
2015.02.06 20:51:40.871,1.13203,1.13206,1.00,1.65
2015.02.06 20:51:41.409,1.13203,1.13206,1.00,1.65
2015.02.06 20:51:57.685,1.13201,1.13203,1.00,1.00
2015.02.06 20:51:57.989,1.13201,1.13203,2.25,1.00
2015.02.06 20:52:01.862,1.13201,1.13205,1.00,4.09
2015.02.06 20:52:02.596,1.13203,1.13205,1.00,1.09
2015.02.06 20:52:03.052,1.132,1.13203,4.50,1.00
2015.02.06 20:52:03.153,1.13201,1.13203,1.00,1.00
2015.02.06 20:52:09.119,1.13202,1.13203,1.00,1.00
2015.02.06 20:52:17.772,1.132,1.13203,2.25,1.00
2015.02.06 20:52:18.913,1.132,1.13204,2.25,1.00
2015.02.06 20:52:21.153,1.132,1.13203,2.25,1.00
2015.02.06 20:52:29.404,1.132,1.13204,2.25,1.00
2015.02.06 20:52:29.556,1.13202,1.13204,1.00,1.00
2015.02.06 20:52:30.750,1.13202,1.13203,1.00,1.00
2015.02.06 20:52:37.260,1.13202,1.13204,1.00,1.00
2015.02.06 20:52:39.590,1.13202,1.13205,1.00,3.15
2015.02.06 20:52:45.547,1.13201,1.13206,1.50,2.32
2015.02.06 20:52:46.153,1.13202,1.13206,1.00,1.22
2015.02.06 20:52:54.086,1.13205,1.13207,3.00,2.06
2015.02.06 20:52:54.290,1.13207,1.13211,1.00,1.00
2015.02.06 20:52:54.796,1.13207,1.1321,1.00,1.00
2015.02.06 20:52:55.354,1.13207,1.1321,1.00,1.15
2015.02.06 20:52:55.860,1.13207,1.1321,1.00,1.00
2015.02.06 20:52:57.111,1.13207,1.13209,1.00,1.00
2015.02.06 20:52:57.629,1.13207,1.13208,1.00,1.00
2015.02.06 20:52:57.883,1.13204,1.13206,3.00,1.00
2015.02.06 20:52:57.935,1.13205,1.13208,1.00,5.32
2015.02.06 20:52:58.441,1.13203,1.13206,1.00,1.50
2015.02.06 20:52:59.444,1.13203,1.13206,1.00,2.25
2015.02.06 20:53:01.593,1.13203,1.13205,1.00,1.00
2015.02.06 20:53:06.142,1.132,1.13204,1.87,1.00
2015.02.06 20:53:06.648,1.13203,1.13205,1.00,1.00
2015.02.06 20:53:10.154,1.132,1.13203,1.87,1.00
2015.02.06 20:53:10.256,1.13202,1.13203,1.00,1.50
2015.02.06 20:53:14.554,1.132,1.13202,1.00,1.00
2015.02.06 20:53:19.369,1.132,1.13202,1.00,1.00
2015.02.06 20:53:19.420,1.13198,1.13202,3.00,1.07
2015.02.06 20:53:36.848,1.13203,1.13205,1.00,2.25
2015.02.06 20:53:36.950,1.13204,1.13205,1.50,1.00
2015.02.06 20:53:37.051,1.13204,1.13207,1.00,2.44
2015.02.06 20:53:38.589,1.13203,1.13206,1.00,1.00
2015.02.06 20:53:39.099,1.13203,1.13206,1.00,2.66
2015.02.06 20:53:48.711,1.13203,1.13206,1.00,2.66
2015.02.06 20:53:49.520,1.13203,1.13206,1.00,2.66
2015.02.06 20:53:52.210,1.13203,1.13206,1.00,3.04
2015.02.06 20:53:52.739,1.13203,1.13206,1.00,2.66
2015.02.06 20:53:59.508,1.13204,1.13206,1.50,1.41
2015.02.06 20:53:59.559,1.13205,1.13207,1.00,1.00
2015.02.06 20:53:59.712,1.13206,1.13209,1.00,4.50
2015.02.06 20:53:59.813,1.13205,1.13207,1.00,2.25
2015.02.06 20:53:59.864,1.13204,1.13207,1.00,2.25
2015.02.06 20:54:00.471,1.13204,1.13206,1.00,1.00
2015.02.06 20:54:01.501,1.13204,1.13205,1.00,1.00
2015.02.06 20:54:02.711,1.13204,1.13207,1.00,2.25
2015.02.06 20:54:02.813,1.13204,1.13205,1.00,1.00
2015.02.06 20:54:08.472,1.13205,1.13207,1.00,1.50
2015.02.06 20:54:08.624,1.13207,1.13208,1.00,1.00
2015.02.06 20:54:09.131,1.13207,1.13209,1.00,1.00
2015.02.06 20:54:12.474,1.13207,1.13208,1.00,1.00
2015.02.06 20:54:14.325,1.13207,1.13209,1.00,1.00
2015.02.06 20:54:18.285,1.13207,1.13211,1.07,1.87
2015.02.06 20:54:18.789,1.13207,1.13209,1.00,1.00
2015.02.06 20:54:22.372,1.13208,1.1321,1.00,1.30
2015.02.06 20:54:23.576,1.13208,1.1321,1.00,1.30
2015.02.06 20:54:23.831,1.13211,1.13212,1.00,1.00
2015.02.06 20:54:23.882,1.13211,1.13214,1.00,1.00
2015.02.06 20:54:25.260,1.13211,1.13215,1.00,3.90
2015.02.06 20:54:32.881,1.13211,1.13214,1.00,1.00
2015.02.06 20:54:39.964,1.13211,1.13215,1.00,5.44
2015.02.06 20:54:40.481,1.13212,1.13214,1.00,1.00
2015.02.06 20:54:41.411,1.13211,1.13214,1.00,1.00
2015.02.06 20:54:42.308,1.13211,1.13213,1.00,1.00
2015.02.06 20:54:42.835,1.13211,1.13212,1.00,1.00
2015.02.06 20:54:44.158,1.13211,1.13213,1.00,1.00
2015.02.06 20:54:45.943,1.13211,1.13215,1.00,4.69
2015.02.06 20:54:51.855,1.13211,1.13214,1.00,1.00
2015.02.06 20:54:54.545,1.13211,1.13213,1.00,1.00
2015.02.06 20:54:57.564,1.13211,1.13212,1.00,1.00
2015.02.06 20:54:59.356,1.13209,1.13212,1.50,1.00
2015.02.06 20:54:59.862,1.13211,1.13212,1.00,1.00
2015.02.06 20:55:01.756,1.13212,1.13215,1.00,1.25
2015.02.06 20:55:02.271,1.13212,1.13213,1.00,1.00
2015.02.06 20:55:04.941,1.13212,1.13214,1.00,1.00
2015.02.06 20:55:09.769,1.13212,1.13215,1.00,1.50
2015.02.06 20:55:12.182,1.13212,1.13217,1.00,3.19
2015.02.06 20:55:12.792,1.13212,1.13215,1.00,1.00
2015.02.06 20:55:13.641,1.13212,1.13216,1.00,1.00
2015.02.06 20:55:15.745,1.13212,1.13215,1.00,1.00
2015.02.06 20:55:20.998,1.13211,1.13213,1.00,1.00
2015.02.06 20:55:21.053,1.13212,1.13215,1.00,1.50
2015.02.06 20:55:26.640,1.13212,1.13214,1.00,1.00
2015.02.06 20:55:27.378,1.13212,1.13215,1.00,1.50
2015.02.06 20:55:27.916,1.13212,1.13214,1.00,1.00
2015.02.06 20:55:39.282,1.13212,1.13215,1.00,1.50
2015.02.06 20:55:42.736,1.13212,1.13217,1.00,3.19
2015.02.06 20:55:43.355,1.13212,1.13215,1.00,1.00
2015.02.06 20:55:47.063,1.13216,1.13219,4.50,3.15
2015.02.06 20:55:47.367,1.13218,1.1322,3.00,1.00
2015.02.06 20:55:47.418,1.13219,1.13224,1.00,2.59
2015.02.06 20:55:47.570,1.13218,1.13224,3.00,3.34
2015.02.06 20:55:47.874,1.13218,1.1322,1.00,1.00
2015.02.06 20:55:47.926,1.13217,1.1322,1.50,1.30
2015.02.06 20:55:48.281,1.13219,1.13222,1.00,1.00
2015.02.06 20:55:48.787,1.13219,1.13221,1.00,1.00
2015.02.06 20:55:48.939,1.1322,1.13221,1.00,1.00
2015.02.06 20:55:49.041,1.13218,1.13223,2.25,4.05
2015.02.06 20:55:49.142,1.13218,1.13223,3.00,1.65
2015.02.06 20:55:49.192,1.1322,1.13223,1.00,1.65
2015.02.06 20:55:49.698,1.1322,1.13222,1.00,1.00
2015.02.06 20:55:51.678,1.13218,1.13221,1.50,1.00
2015.02.06 20:55:56.339,1.1322,1.13221,1.00,1.00
2015.02.06 20:55:56.859,1.13218,1.13221,3.00,1.00
2015.02.06 20:56:00.520,1.13218,1.1322,3.00,1.00
2015.02.06 20:56:01.025,1.13218,1.1322,1.50,1.15
2015.02.06 20:56:04.724,1.13219,1.1322,1.00,1.00
2015.02.06 20:56:05.243,1.13218,1.1322,1.00,1.20
2015.02.06 20:56:06.237,1.13219,1.1322,1.00,1.65
2015.02.06 20:56:06.893,1.13218,1.13221,1.00,1.65
2015.02.06 20:56:07.438,1.13218,1.13221,1.00,1.65
2015.02.06 20:56:13.884,1.1322,1.13221,1.50,1.50
2015.02.06 20:56:13.936,1.13222,1.13224,1.50,1.50
2015.02.06 20:56:14.442,1.13222,1.13224,1.00,1.00
2015.02.06 20:56:14.495,1.1322,1.13224,2.25,1.00
2015.02.06 20:56:14.596,1.13219,1.13221,1.00,1.00
2015.02.06 20:56:14.799,1.13218,1.13221,3.00,1.00
2015.02.06 20:56:15.306,1.13219,1.13221,1.00,1.00
2015.02.06 20:56:15.689,1.13219,1.13222,1.00,1.50
2015.02.06 20:56:28.688,1.13219,1.13221,1.00,1.00
2015.02.06 20:56:31.270,1.13219,1.13222,1.00,1.50
2015.02.06 20:56:31.775,1.13218,1.13221,3.75,1.00
2015.02.06 20:56:32.942,1.13218,1.1322,1.00,6.37
2015.02.06 20:56:33.094,1.13217,1.13218,1.00,1.00
2015.02.06 20:56:33.600,1.13216,1.13218,6.75,1.00
2015.02.06 20:56:35.720,1.13216,1.13218,6.75,1.00
2015.02.06 20:56:36.379,1.13216,1.13218,6.75,1.00
2015.02.06 20:56:42.864,1.13216,1.13218,4.50,1.00
2015.02.06 20:56:43.372,1.13217,1.13218,1.00,1.00
2015.02.06 20:56:44.498,1.13216,1.13218,5.25,1.00
2015.02.06 20:56:45.937,1.13216,1.13219,6.75,1.00
2015.02.06 20:56:50.675,1.13217,1.13219,1.00,1.00
2015.02.06 20:56:54.434,1.13217,1.1322,1.00,1.00
2015.02.06 20:56:55.615,1.13216,1.1322,5.25,2.25
2015.02.06 20:57:00.597,1.13216,1.13219,2.25,1.00
2015.02.06 20:57:06.217,1.13216,1.13218,3.75,1.00
2015.02.06 20:57:06.521,1.13214,1.13217,2.25,1.00
2015.02.06 20:57:09.350,1.13213,1.13215,1.00,1.00
2015.02.06 20:57:10.712,1.13213,1.13215,1.00,1.00
2015.02.06 20:57:10.763,1.1321,1.13215,1.50,1.00
2015.02.06 20:57:11.307,1.13211,1.13215,1.00,1.50
2015.02.06 20:57:11.818,1.13211,1.13216,1.00,1.50
2015.02.06 20:57:19.782,1.13215,1.13218,1.00,6.22
2015.02.06 20:57:19.834,1.13216,1.13218,3.00,1.50
2015.02.06 20:57:20.395,1.13216,1.13219,3.75,1.50
2015.02.06 20:57:20.907,1.13216,1.13218,4.50,1.00
2015.02.06 20:57:21.419,1.13216,1.13219,4.50,1.00
2015.02.06 20:57:21.922,1.13216,1.1322,3.75,7.12
2015.02.06 20:57:25.343,1.13216,1.13219,5.25,1.00
2015.02.06 20:57:26.007,1.13214,1.13217,2.62,1.00
2015.02.06 20:57:26.514,1.13214,1.13216,1.50,1.00
2015.02.06 20:57:27.020,1.13214,1.13215,1.50,1.50
2015.02.06 20:57:30.360,1.13214,1.13216,1.69,1.00
2015.02.06 20:57:30.865,1.13214,1.13217,2.44,1.69
2015.02.06 20:57:31.369,1.13214,1.13216,3.37,1.00
2015.02.06 20:57:31.823,1.13216,1.13217,1.00,1.50
2015.02.06 20:57:32.621,1.13213,1.13218,2.25,1.50
2015.02.06 20:57:32.672,1.13213,1.13216,2.25,1.00
2015.02.06 20:57:33.480,1.13214,1.13216,1.00,1.00
2015.02.06 20:57:33.989,1.13215,1.13216,1.00,1.00
2015.02.06 20:57:34.342,1.13215,1.13217,1.00,1.00
2015.02.06 20:57:37.921,1.13217,1.13218,1.00,7.12
2015.02.06 20:57:38.325,1.13218,1.13222,1.57,3.94
2015.02.06 20:57:38.731,1.13216,1.13217,1.00,1.00
2015.02.06 20:57:38.782,1.13215,1.13216,1.00,1.50
2015.02.06 20:57:38.833,1.13213,1.13216,1.00,1.50
2015.02.06 20:57:39.338,1.13213,1.13215,1.00,2.25
2015.02.06 20:57:41.552,1.13212,1.13215,2.62,1.50
2015.02.06 20:57:42.938,1.13212,1.13217,1.50,1.69
2015.02.06 20:57:43.494,1.13212,1.13215,1.50,1.00
2015.02.06 20:57:44.461,1.13214,1.13215,1.00,1.00
2015.02.06 20:57:44.512,1.13214,1.13217,2.25,1.50
2015.02.06 20:57:44.613,1.13216,1.13218,2.25,1.50
2015.02.06 20:57:45.145,1.13216,1.13218,6.82,1.00
2015.02.06 20:57:45.962,1.13216,1.1322,6.07,7.87
2015.02.06 20:57:46.930,1.13216,1.1322,4.57,7.87
2015.02.06 20:57:47.456,1.13216,1.1322,6.07,7.87
2015.02.06 20:57:47.993,1.13216,1.13219,6.07,1.00
2015.02.06 20:57:50.292,1.13212,1.13216,1.50,1.50
2015.02.06 20:57:51.345,1.13212,1.13215,1.50,1.00
2015.02.06 20:57:52.782,1.13212,1.13214,1.00,1.00
2015.02.06 20:57:57.862,1.13211,1.13214,2.25,1.00
2015.02.06 20:57:59.087,1.13212,1.13215,1.00,1.50
2015.02.06 20:58:01.986,1.13213,1.13215,1.50,1.00
2015.02.06 20:58:02.189,1.13213,1.13217,2.25,1.50
2015.02.06 20:58:02.291,1.13215,1.13217,1.00,1.00
2015.02.06 20:58:03.595,1.13216,1.13217,3.00,1.50
2015.02.06 20:58:04.100,1.13215,1.13217,2.25,1.50
2015.02.06 20:58:04.616,1.13216,1.13217,3.00,1.00
2015.02.06 20:58:05.133,1.13215,1.13217,1.50,1.50
2015.02.06 20:58:05.590,1.13214,1.13215,1.00,1.50
2015.02.06 20:58:05.641,1.13213,1.13215,1.00,2.25
2015.02.06 20:58:06.596,1.13213,1.13216,1.00,1.50
2015.02.06 20:58:07.120,1.13213,1.13215,1.00,1.00
2015.02.06 20:58:07.625,1.13213,1.13216,1.00,1.00
2015.02.06 20:58:08.136,1.13213,1.13217,1.50,3.19
2015.02.06 20:58:09.429,1.13211,1.13213,3.79,1.50
2015.02.06 20:58:09.531,1.1321,1.13211,1.00,1.00
2015.02.06 20:58:09.632,1.13207,1.13211,2.25,1.50
2015.02.06 20:58:09.935,1.13209,1.13212,1.00,3.00
2015.02.06 20:58:10.238,1.13207,1.1321,2.25,1.00
2015.02.06 20:58:10.390,1.13207,1.13212,1.50,2.25
2015.02.06 20:58:10.441,1.1321,1.13212,2.25,2.25
2015.02.06 20:58:10.946,1.13207,1.13211,1.25,1.50
2015.02.06 20:58:11.677,1.13208,1.13211,1.50,1.00
2015.02.06 20:58:12.324,1.13207,1.13211,1.69,1.45
2015.02.06 20:58:12.475,1.13207,1.13211,1.44,1.45
2015.02.06 20:58:12.987,1.13208,1.13211,1.19,1.95
2015.02.06 20:58:13.525,1.13208,1.13211,1.19,1.95
2015.02.06 20:58:14.942,1.13208,1.13209,1.00,1.00
2015.02.06 20:58:15.305,1.13207,1.13209,1.00,1.00
2015.02.06 20:58:22.194,1.13206,1.13209,6.00,1.00
2015.02.06 20:58:23.657,1.13206,1.1321,4.50,1.00
2015.02.06 20:58:24.190,1.13206,1.13209,5.25,1.00
2015.02.06 20:58:25.269,1.13206,1.13211,6.00,2.25
2015.02.06 20:58:27.532,1.13206,1.1321,5.25,1.00
2015.02.06 20:58:27.582,1.13206,1.13208,4.50,2.50
2015.02.06 20:58:27.887,1.132,1.13202,2.25,1.00
2015.02.06 20:58:28.140,1.13205,1.13207,1.00,1.00
2015.02.06 20:58:28.494,1.13206,1.13208,4.50,1.00
2015.02.06 20:58:29.888,1.13206,1.13207,3.75,1.50
2015.02.06 20:58:30.394,1.13205,1.13207,1.87,1.00
2015.02.06 20:58:30.916,1.13206,1.13207,1.50,1.00
2015.02.06 20:58:31.321,1.13204,1.13207,3.37,1.00
2015.02.06 20:58:31.423,1.13206,1.13207,1.50,1.00
2015.02.06 20:58:31.928,1.13206,1.13208,3.00,1.00
2015.02.06 20:58:32.131,1.13208,1.13212,3.00,3.75
2015.02.06 20:58:32.384,1.1321,1.13212,1.00,1.00
2015.02.06 20:58:32.536,1.13206,1.13209,2.77,1.00
2015.02.06 20:58:32.639,1.13206,1.13211,3.75,3.75
2015.02.06 20:58:32.945,1.13209,1.13211,1.00,1.00
2015.02.06 20:58:33.046,1.13207,1.13211,1.50,1.00
2015.02.06 20:58:33.713,1.13206,1.13211,1.00,3.75
2015.02.06 20:58:33.764,1.13206,1.13208,1.50,1.00
2015.02.06 20:58:34.016,1.13204,1.13208,1.12,2.25
2015.02.06 20:58:34.067,1.13203,1.13206,1.50,1.00
2015.02.06 20:58:34.586,1.13202,1.13205,2.25,1.50
2015.02.06 20:58:35.499,1.13202,1.13206,2.25,1.00
2015.02.06 20:58:36.469,1.13203,1.13206,1.00,1.00
2015.02.06 20:58:36.830,1.13203,1.13208,1.00,2.25
2015.02.06 20:58:38.510,1.13203,1.13206,1.50,1.00
2015.02.06 20:58:38.915,1.13203,1.13208,1.50,2.25
2015.02.06 20:58:39.423,1.13204,1.13208,2.25,1.00
2015.02.06 20:58:39.927,1.13205,1.13208,1.00,1.00
2015.02.06 20:58:40.433,1.13206,1.13208,3.00,1.00
2015.02.06 20:58:41.834,1.13205,1.13207,1.87,1.00
2015.02.06 20:58:42.906,1.13206,1.13207,1.50,1.00
2015.02.06 20:58:43.161,1.13204,1.13208,3.52,1.00
2015.02.06 20:58:43.668,1.13204,1.13207,2.25,1.00
2015.02.06 20:58:44.123,1.13204,1.13209,2.62,1.50
2015.02.06 20:58:44.629,1.13204,1.13208,1.00,1.00
2015.02.06 20:58:45.196,1.13204,1.1321,1.00,6.19
2015.02.06 20:58:45.247,1.13202,1.13208,2.44,1.00
2015.02.06 20:58:45.552,1.13206,1.1321,1.50,1.00
2015.02.06 20:58:45.856,1.13203,1.13208,2.44,1.50
2015.02.06 20:58:47.370,1.13204,1.1321,1.69,2.25
2015.02.06 20:58:47.472,1.13206,1.1321,1.00,2.25
2015.02.06 20:58:47.977,1.13205,1.1321,1.00,1.50
2015.02.06 20:58:49.111,1.13206,1.1321,1.00,1.50
2015.02.06 20:58:50.174,1.13206,1.13209,1.00,1.00
2015.02.06 20:58:50.680,1.13206,1.13208,1.00,1.00
2015.02.06 20:58:50.781,1.13204,1.13208,2.74,1.00
2015.02.06 20:58:50.883,1.13206,1.13208,1.00,1.00
2015.02.06 20:58:51.585,1.13204,1.13208,2.25,1.00
2015.02.06 20:58:51.787,1.13206,1.13208,1.00,1.00
2015.02.06 20:58:51.889,1.13204,1.13208,2.25,1.00
2015.02.06 20:58:51.990,1.13206,1.13208,1.00,1.00
2015.02.06 20:58:53.812,1.13205,1.13208,1.00,1.00
2015.02.06 20:58:54.317,1.13204,1.13208,1.50,1.00
2015.02.06 20:58:54.830,1.13204,1.13207,1.50,1.00
2015.02.06 20:58:55.915,1.13204,1.13209,1.50,1.69
2015.02.06 20:58:56.957,1.13204,1.1321,1.50,4.69
2015.02.06 20:58:57.567,1.13205,1.1321,1.12,2.44
2015.02.06 20:58:57.770,1.13204,1.13207,1.00,1.50
2015.02.06 20:58:58.124,1.13206,1.13207,1.00,1.50
2015.02.06 20:58:58.175,1.13206,1.13209,1.00,1.50
2015.02.06 20:58:58.680,1.13204,1.13209,1.00,1.50
2015.02.06 20:58:59.209,1.13205,1.13209,1.00,1.00
2015.02.06 20:58:59.311,1.13207,1.13211,1.00,3.00
2015.02.06 20:59:00.069,1.13208,1.1321,1.00,1.00
2015.02.06 20:59:00.574,1.13207,1.13209,2.25,1.80
2015.02.06 20:59:00.877,1.13207,1.13211,1.00,3.00
2015.02.06 20:59:01.383,1.13208,1.13212,1.00,3.00
2015.02.06 20:59:01.585,1.13208,1.13209,1.00,1.50
2015.02.06 20:59:01.636,1.13206,1.13209,6.11,1.50
2015.02.06 20:59:02.894,1.13206,1.1321,3.75,1.50
2015.02.06 20:59:03.399,1.13207,1.1321,0.75,1.50
2015.02.06 20:59:03.875,1.13209,1.13211,0.75,1.50
2015.02.06 20:59:04.492,1.13207,1.1321,2.25,0.75
2015.02.06 20:59:04.544,1.13207,1.13212,3.00,1.12
2015.02.06 20:59:05.101,1.13207,1.1321,2.25,0.75
2015.02.06 20:59:05.620,1.13208,1.1321,1.50,0.75
2015.02.06 20:59:06.136,1.13208,1.13211,1.50,1.12
2015.02.06 20:59:11.375,1.13208,1.1321,0.75,0.75
2015.02.06 20:59:11.426,1.13206,1.1321,6.60,0.75
2015.02.06 20:59:15.790,1.13206,1.13209,6.00,0.75
2015.02.06 20:59:16.295,1.13206,1.1321,6.00,1.50
2015.02.06 20:59:18.334,1.13205,1.13206,3.00,2.25
2015.02.06 20:59:18.637,1.13199,1.132,1.50,0.75
2015.02.06 20:59:18.890,1.13199,1.132,1.50,0.75
2015.02.06 20:59:19.395,1.13199,1.13201,1.50,0.75
2015.02.06 20:59:19.899,1.13199,1.13202,1.50,0.75
2015.02.06 20:59:20.303,1.13199,1.132,1.50,0.75
2015.02.06 20:59:20.505,1.13199,1.13202,1.50,0.75
2015.02.06 20:59:22.183,1.13199,1.13201,1.50,0.75
2015.02.06 20:59:22.945,1.13197,1.13199,0.75,0.75
2015.02.06 20:59:23.248,1.13199,1.13201,1.50,1.50
2015.02.06 20:59:23.754,1.13198,1.132,3.00,0.75
2015.02.06 20:59:24.260,1.13199,1.13201,1.50,0.75
2015.02.06 20:59:24.565,1.13201,1.13204,0.75,0.75
2015.02.06 20:59:25.070,1.132,1.13204,4.87,0.75
2015.02.06 20:59:25.521,1.13204,1.13205,0.75,1.87
2015.02.06 20:59:25.825,1.13206,1.13208,3.00,0.75
2015.02.06 20:59:25.926,1.13206,1.13208,3.00,0.75
2015.02.06 20:59:26.559,1.13206,1.13209,3.00,0.75
2015.02.06 20:59:27.732,1.13206,1.13207,3.00,0.75
2015.02.06 20:59:28.100,1.13208,1.1321,0.75,0.37
2015.02.06 20:59:28.201,1.13208,1.13209,1.50,0.75
2015.02.06 20:59:28.774,1.13208,1.1321,1.50,0.37
2015.02.06 20:59:29.279,1.13208,1.13209,1.50,0.75
2015.02.06 20:59:29.381,1.13206,1.13207,4.50,0.21
2015.02.06 20:59:29.482,1.13206,1.13209,4.50,0.21
2015.02.06 20:59:29.533,1.13206,1.13208,5.25,0.75
2015.02.06 20:59:29.968,1.13206,1.13208,4.50,0.75
2015.02.06 20:59:30.171,1.13206,1.1321,3.00,3.00
2015.02.06 20:59:31.076,1.13206,1.13209,3.75,0.75
2015.02.06 20:59:31.935,1.13206,1.13208,4.50,0.75
2015.02.06 20:59:32.452,1.13206,1.13207,0.75,0.75
2015.02.06 20:59:32.957,1.13206,1.13208,3.75,0.75
2015.02.06 20:59:33.159,1.13204,1.13206,2.62,0.75
2015.02.06 20:59:34.203,1.13204,1.13205,2.62,0.52
2015.02.06 20:59:35.535,1.13202,1.13203,1.50,1.50
2015.02.06 20:59:35.586,1.132,1.13203,1.50,1.50
2015.02.06 20:59:36.244,1.13197,1.13199,4.69,0.75
2015.02.06 20:59:36.671,1.132,1.13202,0.75,1.50
2015.02.06 20:59:37.177,1.13201,1.13204,0.75,1.87
2015.02.06 20:59:37.652,1.13199,1.13203,4.50,0.75
2015.02.06 20:59:37.753,1.13201,1.13203,0.75,0.37
2015.02.06 20:59:38.006,1.13199,1.13203,1.50,1.50
2015.02.06 20:59:38.512,1.132,1.13204,0.37,0.94
2015.02.06 20:59:38.562,1.13199,1.132,2.25,0.75
2015.02.06 20:59:38.865,1.13195,1.13196,1.50,0.75
2015.02.06 20:59:38.966,1.13194,1.13196,1.50,0.75
2015.02.06 20:59:39.419,1.13196,1.13198,1.50,1.50
2015.02.06 20:59:39.521,1.13196,1.13198,2.25,1.50
2015.02.06 20:59:40.027,1.13196,1.13199,3.00,1.12
2015.02.06 20:59:41.930,1.13196,1.13198,0.75,0.75
2015.02.06 20:59:42.436,1.13195,1.13198,3.37,0.75
2015.02.06 20:59:42.537,1.13197,1.13198,0.75,0.75
2015.02.06 20:59:42.739,1.13195,1.13199,1.87,2.25
2015.02.06 20:59:42.840,1.13197,1.13199,0.75,2.62
2015.02.06 20:59:43.244,1.13195,1.13199,4.12,2.62
2015.02.06 20:59:43.345,1.13197,1.13199,0.75,2.25
2015.02.06 20:59:44.267,1.13196,1.13199,4.50,1.12
2015.02.06 20:59:44.974,1.13195,1.13196,1.87,0.75
2015.02.06 20:59:45.479,1.13196,1.13201,5.25,1.50
2015.02.06 20:59:46.088,1.13196,1.132,5.25,0.52
2015.02.06 20:59:46.618,1.13196,1.13199,6.00,0.75
2015.02.06 20:59:47.135,1.13196,1.132,6.00,1.27
2015.02.06 20:59:48.851,1.13197,1.13199,0.75,1.12
2015.02.06 20:59:49.362,1.13198,1.13202,2.25,1.12
2015.02.06 20:59:49.868,1.13199,1.13202,1.50,0.37
2015.02.06 20:59:50.129,1.13199,1.13205,2.25,4.12
2015.02.06 20:59:50.180,1.13199,1.13203,0.75,1.50
2015.02.06 20:59:50.533,1.13198,1.13201,2.25,0.75
2015.02.06 20:59:50.635,1.13196,1.13201,3.00,1.87
2015.02.06 20:59:50.787,1.13196,1.13198,1.50,1.57
2015.02.06 20:59:51.292,1.13196,1.13199,1.50,0.37
2015.02.06 20:59:51.800,1.13197,1.13199,0.75,0.37
2015.02.06 20:59:51.952,1.13195,1.13199,1.87,1.12
2015.02.06 20:59:52.362,1.13197,1.13199,0.75,1.87
2015.02.06 20:59:52.665,1.13195,1.13198,1.87,5.25
2015.02.06 20:59:52.867,1.13195,1.13196,1.12,1.87
2015.02.06 20:59:52.918,1.13193,1.13196,0.75,1.87
2015.02.06 20:59:53.070,1.13194,1.13198,2.25,6.75
2015.02.06 20:59:53.221,1.13196,1.13199,0.75,0.75
2015.02.06 20:59:53.524,1.13197,1.13201,0.75,1.50
2015.02.06 20:59:54.028,1.13197,1.132,0.75,0.49
2015.02.06 20:59:54.532,1.13198,1.13201,1.50,1.24
2015.02.06 20:59:55.087,1.13198,1.132,1.50,0.49
2015.02.06 20:59:56.703,1.13196,1.132,13.87,0.49
2015.02.06 20:59:57.606,1.13198,1.13201,2.25,0.75
2015.02.06 20:59:58.111,1.13198,1.13202,3.75,0.75
2015.02.06 20:59:58.616,1.13198,1.13201,4.50,0.75
2015.02.06 20:59:59.121,1.13198,1.132,3.75,0.75
2015.02.06 20:59:59.626,1.13197,1.132,1.50,0.75
