2022.02.01 20:00:00.069,1.12526,1.12528,0.90,0.12
2022.02.01 20:00:00.172,1.12528,1.12531,0.90,0.12
2022.02.01 20:00:00.528,1.12527,1.12531,0.72,0.12
2022.02.01 20:00:00.660,1.1253,1.12531,0.90,0.12
2022.02.01 20:00:00.886,1.12531,1.12533,0.90,0.12
2022.02.01 20:00:01.112,1.1253,1.12533,0.90,0.12
2022.02.01 20:00:01.733,1.12533,1.12535,0.90,0.12
2022.02.01 20:00:01.784,1.12533,1.12537,0.90,3.14
2022.02.01 20:00:02.039,1.12532,1.12536,0.90,1.34
2022.02.01 20:00:02.192,1.12532,1.12535,0.90,2.24
2022.02.01 20:00:02.295,1.12531,1.12534,0.90,0.44
2022.02.01 20:00:03.417,1.12532,1.12535,0.90,1.88
2022.02.01 20:00:03.519,1.12531,1.12534,0.90,0.44
2022.02.01 20:00:04.553,1.12531,1.12534,0.90,1.34
2022.02.01 20:00:04.656,1.12531,1.12533,0.90,0.12
2022.02.01 20:00:06.105,1.12531,1.12534,0.90,1.34
2022.02.01 20:00:06.309,1.12528,1.12532,0.67,0.12
2022.02.01 20:00:06.751,1.12527,1.12529,0.90,0.44
2022.02.01 20:00:06.803,1.12525,1.12527,2.15,0.12
2022.02.01 20:00:06.905,1.12523,1.12526,0.44,0.12
2022.02.01 20:00:07.008,1.12523,1.12527,0.54,0.12
2022.02.01 20:00:07.111,1.12528,1.1253,0.90,0.12
2022.02.01 20:00:07.315,1.12528,1.12532,0.90,1.34
2022.02.01 20:00:07.943,1.12529,1.12531,0.90,0.12
2022.02.01 20:00:08.078,1.12528,1.12532,2.78,0.12
2022.02.01 20:00:08.181,1.12529,1.12532,1.80,0.12
2022.02.01 20:00:08.283,1.12528,1.12532,1.67,0.12
2022.02.01 20:00:08.488,1.12532,1.12534,0.90,0.12
2022.02.01 20:00:08.745,1.12532,1.12535,0.90,2.93
2022.02.01 20:00:09.109,1.12533,1.12536,0.90,0.12
2022.02.01 20:00:09.212,1.12532,1.12537,1.88,0.12
2022.02.01 20:00:09.821,1.12533,1.12537,0.44,0.12
2022.02.01 20:00:10.319,1.12532,1.12537,1.88,0.12
2022.02.01 20:00:10.472,1.12532,1.12534,0.90,0.44
2022.02.01 20:00:11.084,1.12532,1.12535,0.90,1.80
2022.02.01 20:00:11.186,1.12533,1.12537,0.90,5.23
2022.02.01 20:00:11.289,1.12532,1.12535,0.90,2.70
2022.02.01 20:00:11.459,1.12532,1.12534,0.90,0.44
2022.02.01 20:00:12.721,1.12532,1.12535,0.90,2.70
2022.02.01 20:00:12.824,1.12531,1.12535,0.90,0.12
2022.02.01 20:00:12.926,1.1253,1.12534,1.34,0.12
2022.02.01 20:00:13.905,1.12529,1.12533,1.88,0.12
2022.02.01 20:00:14.516,1.1253,1.12533,0.90,0.12
2022.02.01 20:00:14.620,1.12532,1.12534,0.44,0.12
2022.02.01 20:00:14.671,1.1253,1.12534,0.98,0.12
2022.02.01 20:00:14.774,1.12532,1.12534,0.90,0.12
2022.02.01 20:00:15.761,1.12533,1.12535,0.90,0.12
2022.02.01 20:00:15.864,1.12534,1.12536,0.90,0.12
2022.02.01 20:00:18.246,1.12532,1.12534,0.90,0.12
2022.02.01 20:00:18.349,1.12531,1.12532,0.90,0.12
2022.02.01 20:00:20.282,1.12531,1.12534,0.90,1.80
2022.02.01 20:00:21.601,1.12528,1.12532,0.12,0.12
2022.02.01 20:00:23.236,1.12531,1.12534,0.90,1.80
2022.02.01 20:00:24.251,1.1253,1.12533,0.90,1.80
2022.02.01 20:00:26.215,1.12527,1.12531,0.44,0.12
2022.02.01 20:00:26.266,1.12526,1.12529,0.44,0.12
2022.02.01 20:00:26.420,1.12527,1.1253,0.90,0.12
2022.02.01 20:00:27.587,1.12527,1.12531,0.90,0.12
2022.02.01 20:00:28.278,1.12526,1.12531,2.24,0.12
2022.02.01 20:00:28.942,1.12527,1.12531,0.90,0.12
2022.02.01 20:00:29.066,1.12528,1.12531,1.80,0.12
2022.02.01 20:00:30.169,1.12528,1.1253,1.80,0.12
2022.02.01 20:00:30.272,1.12528,1.12531,0.44,0.12
2022.02.01 20:00:30.557,1.1253,1.12533,0.90,3.37
2022.02.01 20:00:32.177,1.12531,1.12534,0.90,3.14
2022.02.01 20:00:32.280,1.12529,1.12531,0.90,0.12
2022.02.01 20:00:32.805,1.12531,1.12533,0.90,7.26
2022.02.01 20:00:34.272,1.1253,1.12533,0.90,3.14
2022.02.01 20:00:36.238,1.12529,1.1253,0.90,0.12
2022.02.01 20:00:36.881,1.12527,1.1253,1.80,0.12
2022.02.01 20:00:37.228,1.12529,1.1253,0.90,0.80
2022.02.01 20:00:37.330,1.12527,1.12529,0.90,0.44
2022.02.01 20:00:37.432,1.12526,1.12528,0.90,0.12
2022.02.01 20:00:37.672,1.12526,1.12529,0.90,2.47
2022.02.01 20:00:37.998,1.12526,1.12528,0.90,0.90
2022.02.01 20:00:38.264,1.12523,1.12525,0.90,0.12
2022.02.01 20:00:38.366,1.12523,1.12526,0.90,2.03
2022.02.01 20:00:42.074,1.12523,1.12525,0.90,0.90
2022.02.01 20:00:42.125,1.12521,1.12523,0.90,0.12
2022.02.01 20:00:42.279,1.12522,1.12524,0.90,0.12
2022.02.01 20:00:42.859,1.12521,1.12525,1.80,0.12
2022.02.01 20:00:46.093,1.12524,1.12527,0.90,1.57
2022.02.01 20:00:46.276,1.12523,1.12526,0.90,0.90
2022.02.01 20:00:49.319,1.1252,1.12524,2.34,0.12
2022.02.01 20:00:49.555,1.12521,1.12525,1.88,0.12
2022.02.01 20:00:50.104,1.12523,1.12524,1.80,0.12
2022.02.01 20:00:50.950,1.12523,1.12526,1.80,0.12
2022.02.01 20:00:51.053,1.12525,1.12527,0.90,0.12
2022.02.01 20:00:51.532,1.12523,1.12527,1.88,0.12
2022.02.01 20:00:51.753,1.12524,1.12527,1.80,0.12
2022.02.01 20:00:51.805,1.12526,1.12528,0.90,0.12
2022.02.01 20:00:53.632,1.12526,1.12529,0.90,1.44
2022.02.01 20:00:53.734,1.12526,1.12528,0.90,0.12
2022.02.01 20:00:54.261,1.12522,1.12524,2.15,0.12
2022.02.01 20:00:54.364,1.12522,1.12523,0.90,0.12
2022.02.01 20:00:54.466,1.12523,1.12525,0.90,0.12
2022.02.01 20:00:54.569,1.12524,1.12525,0.90,0.12
2022.02.01 20:00:56.279,1.12523,1.12524,0.90,0.12
2022.02.01 20:00:57.000,1.12523,1.12526,0.90,0.98
2022.02.01 20:00:57.306,1.12524,1.12526,0.90,0.12
2022.02.01 20:00:57.560,1.12524,1.12527,0.90,0.98
2022.02.01 20:01:00.006,1.12525,1.12528,0.90,0.98
2022.02.01 20:01:00.272,1.12524,1.12526,0.90,0.12
2022.02.01 20:01:00.997,1.12523,1.12525,0.90,0.12
2022.02.01 20:01:02.317,1.12522,1.12524,0.90,0.12
2022.02.01 20:01:02.419,1.12521,1.12524,0.90,0.98
2022.02.01 20:01:03.397,1.12523,1.12525,0.90,0.12
2022.02.01 20:01:03.499,1.12523,1.12526,0.90,0.98
2022.02.01 20:01:03.847,1.12524,1.12526,0.90,0.90
2022.02.01 20:01:03.899,1.12528,1.1253,0.90,0.44
2022.02.01 20:01:04.007,1.12529,1.12531,0.90,0.12
2022.02.01 20:01:04.111,1.12527,1.12528,0.90,0.12
2022.02.01 20:01:04.213,1.12526,1.12528,0.90,0.12
2022.02.01 20:01:05.109,1.12528,1.12531,0.90,0.98
2022.02.01 20:01:05.365,1.12529,1.12532,0.90,0.98
2022.02.01 20:01:08.315,1.12528,1.12531,0.90,0.98
2022.02.01 20:01:10.313,1.1253,1.12532,0.90,0.12
2022.02.01 20:01:11.640,1.12529,1.12531,0.90,0.98
2022.02.01 20:01:14.306,1.12528,1.12531,0.90,0.98
2022.02.01 20:01:16.351,1.12527,1.1253,0.90,1.88
2022.02.01 20:01:16.453,1.12527,1.12528,0.98,0.90
2022.02.01 20:01:20.143,1.12527,1.1253,0.90,0.98
2022.02.01 20:01:20.693,1.12529,1.12531,0.90,0.12
2022.02.01 20:01:21.273,1.1253,1.12532,0.90,0.12
2022.02.01 20:01:23.700,1.12531,1.12533,0.90,0.12
2022.02.01 20:01:23.803,1.12531,1.12534,0.90,1.88
2022.02.01 20:01:24.646,1.12532,1.12534,0.90,0.12
2022.02.01 20:01:24.985,1.12532,1.12535,0.90,0.98
2022.02.01 20:01:25.088,1.12533,1.12535,0.90,0.12
2022.02.01 20:01:25.190,1.12533,1.12536,0.90,1.44
2022.02.01 20:01:26.297,1.12533,1.12535,0.90,0.12
2022.02.01 20:01:26.349,1.12531,1.12534,0.90,1.44
2022.02.01 20:01:27.017,1.12532,1.12535,0.90,1.88
2022.02.01 20:01:27.171,1.12532,1.12534,0.90,0.12
2022.02.01 20:01:28.332,1.12532,1.12535,0.90,1.44
2022.02.01 20:01:28.485,1.12533,1.12535,0.90,0.12
2022.02.01 20:01:29.159,1.12533,1.12536,0.90,5.17
2022.02.01 20:01:30.327,1.12531,1.12534,0.90,0.54
2022.02.01 20:01:30.429,1.12531,1.12533,0.90,0.12
2022.02.01 20:01:36.956,1.12531,1.12534,0.90,8.10
2022.02.01 20:01:37.253,1.12531,1.12532,0.90,0.12
2022.02.01 20:01:40.354,1.1253,1.12533,0.90,0.98
2022.02.01 20:01:44.078,1.12531,1.12533,0.90,0.12
2022.02.01 20:01:48.248,1.12531,1.12534,0.90,1.44
2022.02.01 20:01:48.351,1.12534,1.12536,0.90,0.54
2022.02.01 20:01:48.817,1.12535,1.12538,0.90,3.53
2022.02.01 20:01:52.985,1.12535,1.12537,0.90,0.12
2022.02.01 20:01:53.936,1.12535,1.12538,0.90,1.44
2022.02.01 20:01:54.354,1.12535,1.12537,0.90,0.12
2022.02.01 20:01:56.147,1.12535,1.12538,0.90,1.44
2022.02.01 20:01:56.331,1.12535,1.12537,0.90,0.12
2022.02.01 20:01:56.446,1.12535,1.12538,0.90,5.94
2022.02.01 20:01:58.353,1.12534,1.12536,0.90,0.12
2022.02.01 20:01:59.667,1.12535,1.12536,0.90,0.12
2022.02.01 20:02:02.353,1.12532,1.12536,3.05,0.31
2022.02.01 20:02:03.019,1.12535,1.12537,0.90,0.12
2022.02.01 20:02:04.436,1.12535,1.12538,0.90,4.76
2022.02.01 20:02:04.854,1.12535,1.12538,0.90,0.29
2022.02.01 20:02:05.371,1.12535,1.12538,0.90,5.22
2022.02.01 20:02:06.156,1.12532,1.12537,0.98,0.13
2022.02.01 20:02:06.258,1.12533,1.12535,1.16,0.12
2022.02.01 20:02:06.310,1.12535,1.12536,0.90,0.12
2022.02.01 20:02:06.412,1.12535,1.12538,0.90,7.46
2022.02.01 20:02:06.616,1.12535,1.12536,0.90,0.44
2022.02.01 20:02:07.043,1.12532,1.12536,0.44,0.54
2022.02.01 20:02:07.146,1.12535,1.12537,0.90,0.12
2022.02.01 20:02:09.647,1.12533,1.12537,1.16,0.54
2022.02.01 20:02:10.230,1.12536,1.12539,0.90,6.12
2022.02.01 20:02:10.380,1.12535,1.12538,0.90,4.32
2022.02.01 20:02:12.390,1.12535,1.12538,0.90,7.02
2022.02.01 20:02:12.492,1.12535,1.12537,0.90,2.53
2022.02.01 20:02:14.350,1.12534,1.12536,0.90,0.12
2022.02.01 20:02:14.901,1.12534,1.12537,0.90,0.98
2022.02.01 20:02:16.071,1.12536,1.12538,0.90,0.12
2022.02.01 20:02:17.212,1.1253,1.12532,5.86,0.12
2022.02.01 20:02:18.708,1.1253,1.12533,0.90,2.11
2022.02.01 20:02:19.576,1.12532,1.12534,0.90,0.44
2022.02.01 20:02:19.629,1.12534,1.12536,0.90,1.63
2022.02.01 20:02:19.731,1.12534,1.12537,0.90,2.34
2022.02.01 20:02:20.106,1.12535,1.12537,0.90,1.44
2022.02.01 20:02:24.324,1.12535,1.12537,0.90,0.90
2022.02.01 20:02:24.427,1.12534,1.12537,0.90,2.78
2022.02.01 20:02:25.674,1.12534,1.12538,0.90,1.49
2022.02.01 20:02:26.373,1.12535,1.12537,0.90,0.12
2022.02.01 20:02:27.570,1.12535,1.12538,0.90,2.60
2022.02.01 20:02:34.362,1.12534,1.12537,0.90,1.26
2022.02.01 20:02:34.871,1.12535,1.12538,0.90,1.03
2022.02.01 20:02:36.355,1.12532,1.12535,0.90,2.57
2022.02.01 20:02:36.508,1.12533,1.12535,0.90,0.44
2022.02.01 20:02:36.610,1.12533,1.12536,0.90,1.34
2022.02.01 20:02:37.453,1.12535,1.12538,0.90,0.98
2022.02.01 20:02:37.555,1.12536,1.12539,0.90,1.34
2022.02.01 20:02:38.081,1.12537,1.1254,0.90,1.57
2022.02.01 20:02:38.237,1.12538,1.12541,0.90,1.13
2022.02.01 20:02:38.339,1.12537,1.1254,0.90,1.13
2022.02.01 20:02:39.489,1.12539,1.12542,0.90,0.90
2022.02.01 20:02:39.592,1.1254,1.12543,0.90,2.53
2022.02.01 20:02:40.432,1.12539,1.12542,0.90,0.90
2022.02.01 20:02:44.422,1.12538,1.12541,0.90,0.90
2022.02.01 20:02:46.420,1.12539,1.12542,0.90,1.13
2022.02.01 20:02:48.906,1.1254,1.12542,0.90,0.90
2022.02.01 20:02:50.276,1.12539,1.12542,0.90,0.90
2022.02.01 20:02:53.300,1.1254,1.12543,0.90,0.95
2022.02.01 20:02:54.426,1.12539,1.12542,0.90,3.86
2022.02.01 20:02:55.515,1.1254,1.12543,0.90,4.09
2022.02.01 20:02:56.212,1.1254,1.12542,0.90,2.70
2022.02.01 20:02:56.314,1.1254,1.12543,0.90,5.66
2022.02.01 20:02:56.768,1.1254,1.12542,0.90,0.44
2022.02.01 20:02:58.110,1.12539,1.12542,0.98,0.90
2022.02.01 20:03:02.447,1.12538,1.12541,0.90,0.95
2022.02.01 20:03:03.486,1.12539,1.12542,0.90,0.90
2022.02.01 20:03:09.919,1.12541,1.12544,0.98,0.90
2022.02.01 20:03:10.123,1.12542,1.12545,0.90,0.90
2022.02.01 20:03:11.777,1.1254,1.12543,0.98,0.90
2022.02.01 20:03:14.332,1.1254,1.12542,0.90,2.70
2022.02.01 20:03:15.152,1.1254,1.12543,0.90,2.78
2022.02.01 20:03:16.483,1.1254,1.12542,0.90,1.80
2022.02.01 20:03:16.905,1.1254,1.12543,0.90,3.24
2022.02.01 20:03:19.846,1.1254,1.12542,0.90,1.80
2022.02.01 20:03:20.054,1.1254,1.12543,0.90,0.98
2022.02.01 20:03:21.165,1.1254,1.12542,0.90,1.80
2022.02.01 20:03:21.371,1.1254,1.12543,0.90,3.68
2022.02.01 20:03:21.488,1.1254,1.12542,0.90,1.80
2022.02.01 20:03:22.178,1.12537,1.1254,0.90,1.80
2022.02.01 20:03:22.281,1.12538,1.12541,0.90,0.90
2022.02.01 20:03:25.065,1.1254,1.12541,0.44,0.90
2022.02.01 20:03:25.167,1.12539,1.12542,1.34,0.90
2022.02.01 20:03:38.362,1.12538,1.12541,0.90,0.90
2022.02.01 20:03:40.396,1.12539,1.12542,0.90,0.90
2022.02.01 20:03:42.387,1.12539,1.12541,0.90,0.12
2022.02.01 20:03:42.976,1.12539,1.12542,0.90,0.98
2022.02.01 20:03:43.464,1.12539,1.12541,0.90,0.23
2022.02.01 20:03:43.516,1.12536,1.12539,1.34,2.78
2022.02.01 20:03:44.243,1.12536,1.12537,0.90,2.03
2022.02.01 20:03:44.294,1.12535,1.12536,0.90,0.98
2022.02.01 20:03:44.346,1.12533,1.12535,0.90,2.57
2022.02.01 20:03:44.397,1.12531,1.12533,0.90,0.12
2022.02.01 20:03:44.500,1.1253,1.12533,0.90,1.44
2022.02.01 20:03:44.602,1.1253,1.12531,1.34,0.12
2022.02.01 20:03:46.344,1.12529,1.12532,0.90,0.98
2022.02.01 20:03:48.330,1.12529,1.1253,0.90,2.11
2022.02.01 20:03:48.433,1.12526,1.12529,0.90,0.98
2022.02.01 20:03:48.535,1.12526,1.12528,0.90,0.12
2022.02.01 20:03:49.763,1.12526,1.12529,0.90,0.98
2022.02.01 20:03:50.161,1.12526,1.12528,0.90,0.12
2022.02.01 20:03:51.627,1.12525,1.12528,0.90,0.98
2022.02.01 20:03:56.686,1.12524,1.12525,1.34,0.12
2022.02.01 20:03:57.004,1.12526,1.12527,1.34,1.70
2022.02.01 20:03:57.259,1.12526,1.12529,0.90,0.98
2022.02.01 20:03:58.285,1.12528,1.12531,0.90,0.98
2022.02.01 20:04:00.301,1.12527,1.1253,0.90,0.98
2022.02.01 20:04:00.404,1.12525,1.12528,0.90,1.26
2022.02.01 20:04:01.587,1.12525,1.12527,3.49,1.26
2022.02.01 20:04:02.965,1.12525,1.12528,0.90,1.26
2022.02.01 20:04:03.068,1.12526,1.12528,0.44,0.90
2022.02.01 20:04:03.170,1.12526,1.12527,0.90,0.90
2022.02.01 20:04:03.575,1.12526,1.12529,0.90,0.98
2022.02.01 20:04:03.677,1.12526,1.12528,0.90,0.36
2022.02.01 20:04:03.831,1.12525,1.12528,0.90,0.98
2022.02.01 20:04:08.315,1.12523,1.12526,0.90,0.98
2022.02.01 20:04:08.807,1.12522,1.12525,0.90,0.90
2022.02.01 20:04:10.325,1.1252,1.12523,3.95,0.90
2022.02.01 20:04:17.821,1.12521,1.12524,0.90,0.90
2022.02.01 20:04:20.570,1.12522,1.12525,0.90,2.06
2022.02.01 20:04:20.672,1.12521,1.12524,0.90,0.90
2022.02.01 20:04:22.408,1.1252,1.12523,0.90,0.90
2022.02.01 20:04:30.160,1.12517,1.1252,5.75,0.90
2022.02.01 20:04:30.262,1.12519,1.12522,0.90,0.90
2022.02.01 20:04:30.365,1.1252,1.12523,0.90,0.90
2022.02.01 20:04:32.367,1.1252,1.12522,0.90,0.36
2022.02.01 20:04:33.500,1.1252,1.12523,0.90,1.57
2022.02.01 20:04:38.378,1.12519,1.12522,0.90,1.13
2022.02.01 20:04:54.177,1.1252,1.12521,0.90,0.36
2022.02.01 20:04:54.305,1.1252,1.12523,0.90,2.96
2022.02.01 20:04:59.469,1.12522,1.12524,0.90,1.63
2022.02.01 20:04:59.521,1.1252,1.12524,4.58,1.63
2022.02.01 20:04:59.572,1.12523,1.12526,0.90,1.34
2022.02.01 20:04:59.675,1.12524,1.12526,0.90,0.44
2022.02.01 20:04:59.777,1.12524,1.12527,0.90,0.98
2022.02.01 20:05:03.603,1.12525,1.12527,0.90,0.12
2022.02.01 20:05:04.021,1.12527,1.12529,0.90,0.90
2022.02.01 20:05:04.073,1.12529,1.12531,0.44,1.63
2022.02.01 20:05:04.124,1.12531,1.12534,0.90,3.53
2022.02.01 20:05:04.227,1.12531,1.12533,0.90,0.36
2022.02.01 20:05:05.274,1.1253,1.12533,0.90,1.34
2022.02.01 20:05:05.600,1.12531,1.12534,0.90,1.21
2022.02.01 20:05:07.911,1.12531,1.12533,0.90,0.36
2022.02.01 20:05:10.500,1.12527,1.12532,1.44,0.36
2022.02.01 20:05:10.725,1.1253,1.12533,0.90,0.90
2022.02.01 20:05:10.777,1.12527,1.12532,1.44,0.36
2022.02.01 20:05:11.084,1.1253,1.12532,0.90,0.36
2022.02.01 20:05:15.768,1.1253,1.12533,0.90,2.24
2022.02.01 20:05:16.114,1.1253,1.12532,0.90,0.36
2022.02.01 20:05:18.510,1.1253,1.12533,0.90,2.24
2022.02.01 20:05:21.048,1.12531,1.12532,1.34,0.36
2022.02.01 20:05:21.150,1.12531,1.12534,0.90,0.90
2022.02.01 20:05:23.127,1.12531,1.12533,0.90,0.80
2022.02.01 20:05:29.196,1.12531,1.12534,0.90,1.44
2022.02.01 20:05:29.457,1.12533,1.12535,0.90,2.09
2022.02.01 20:05:29.509,1.12534,1.12537,0.90,3.07
2022.02.01 20:05:32.378,1.12535,1.12537,0.90,1.70
2022.02.01 20:05:32.909,1.12531,1.12535,0.44,0.95
2022.02.01 20:05:32.961,1.12533,1.12535,0.90,1.39
2022.02.01 20:05:33.828,1.12533,1.12536,0.90,2.78
2022.02.01 20:05:34.919,1.12533,1.12534,0.90,0.44
2022.02.01 20:05:35.730,1.12532,1.12534,0.90,2.52
2022.02.01 20:05:35.833,1.12531,1.12533,0.90,0.44
2022.02.01 20:05:35.986,1.12531,1.12534,0.90,0.98
2022.02.01 20:05:43.591,1.12528,1.1253,0.90,2.11
2022.02.01 20:05:43.642,1.12526,1.12529,7.55,0.90
2022.02.01 20:05:44.983,1.12526,1.12528,0.90,0.18
2022.02.01 20:05:46.735,1.12526,1.12529,0.90,1.13
2022.02.01 20:05:46.837,1.12526,1.12528,0.90,0.18
2022.02.01 20:05:47.292,1.12526,1.12529,0.90,0.90
2022.02.01 20:05:52.850,1.12525,1.12528,0.90,0.90
2022.02.01 20:06:08.031,1.12525,1.12527,0.90,0.12
2022.02.01 20:06:08.133,1.12525,1.12528,0.90,3.01
2022.02.01 20:06:10.078,1.12524,1.12527,0.98,0.90
2022.02.01 20:06:13.700,1.12525,1.12527,0.12,0.90
2022.02.01 20:06:15.370,1.12523,1.12525,0.90,0.23
2022.02.01 20:06:15.524,1.12523,1.12526,0.98,1.34
2022.02.01 20:06:15.627,1.12524,1.12527,0.98,0.90
2022.02.01 20:06:16.091,1.12525,1.12528,0.98,0.90
2022.02.01 20:06:21.335,1.12528,1.1253,0.44,0.90
2022.02.01 20:06:21.386,1.12531,1.12533,0.12,0.90
2022.02.01 20:06:21.489,1.12531,1.12532,0.98,1.34
2022.02.01 20:06:21.958,1.1253,1.12532,0.90,0.26
2022.02.01 20:06:22.568,1.1253,1.12531,0.90,1.16
2022.02.01 20:06:25.491,1.12528,1.12531,0.98,0.90
2022.02.01 20:06:29.415,1.12529,1.12532,0.90,0.90
2022.02.01 20:06:32.129,1.1253,1.12532,0.90,0.72
2022.02.01 20:06:33.117,1.1253,1.12533,0.90,5.02
2022.02.01 20:06:33.219,1.12529,1.12531,0.90,0.26
2022.02.01 20:06:33.673,1.12529,1.12532,0.90,1.62
2022.02.01 20:06:34.736,1.1253,1.12532,0.90,0.26
2022.02.01 20:06:39.807,1.12529,1.12532,0.90,0.90
2022.02.01 20:06:42.435,1.1253,1.12533,0.90,2.24
2022.02.01 20:06:43.879,1.12531,1.12534,0.98,1.34
2022.02.01 20:06:44.398,1.12531,1.12533,0.98,0.12
2022.02.01 20:06:44.500,1.12531,1.12534,0.98,0.90
2022.02.01 20:06:45.901,1.12531,1.12533,0.90,0.12
2022.02.01 20:06:46.004,1.12531,1.12534,0.90,0.98
2022.02.01 20:06:46.106,1.12532,1.12534,0.12,0.90
2022.02.01 20:06:50.221,1.12531,1.12533,0.98,0.12
2022.02.01 20:06:52.795,1.12531,1.12534,0.90,1.34
2022.02.01 20:06:53.229,1.12531,1.12533,0.90,0.12
2022.02.01 20:06:56.606,1.1253,1.12532,0.90,0.12
2022.02.01 20:06:57.784,1.12528,1.1253,0.90,0.98
2022.02.01 20:06:57.988,1.12527,1.1253,0.98,0.98
2022.02.01 20:06:58.778,1.12528,1.12531,0.98,2.53
2022.02.01 20:06:58.880,1.12529,1.12531,0.12,0.90
2022.02.01 20:07:00.246,1.1253,1.12533,0.98,0.90
2022.02.01 20:07:03.143,1.1253,1.12532,0.90,0.12
2022.02.01 20:07:03.549,1.1253,1.12533,0.90,0.90
2022.02.01 20:07:03.977,1.12528,1.12531,0.98,0.90
2022.02.01 20:07:04.233,1.12529,1.12531,0.12,0.90
2022.02.01 20:07:04.820,1.12529,1.12532,0.98,0.90
2022.02.01 20:07:08.692,1.12528,1.12531,0.98,0.90
2022.02.01 20:07:11.258,1.12529,1.12532,0.90,0.90
2022.02.01 20:07:14.136,1.1253,1.12533,0.90,1.34
2022.02.01 20:07:16.157,1.1253,1.12532,0.90,0.44
2022.02.01 20:07:19.527,1.1253,1.12533,0.90,2.53
2022.02.01 20:07:20.053,1.1253,1.12531,0.90,0.44
2022.02.01 20:07:21.019,1.1253,1.12533,0.90,1.34
2022.02.01 20:07:21.776,1.12529,1.12532,0.90,0.90
2022.02.01 20:07:24.529,1.1253,1.12532,0.12,0.90
2022.02.01 20:07:24.632,1.12531,1.12534,0.98,0.90
2022.02.01 20:07:25.099,1.12532,1.12534,0.12,0.90
2022.02.01 20:07:25.150,1.12533,1.12536,0.90,1.34
2022.02.01 20:07:29.086,1.12532,1.12535,0.98,0.90
2022.02.01 20:07:30.944,1.12533,1.12536,0.98,0.90
2022.02.01 20:07:33.687,1.12534,1.12536,0.90,2.24
2022.02.01 20:07:37.962,1.12534,1.12536,0.90,0.90
2022.02.01 20:07:40.410,1.12534,1.12537,0.90,0.90
2022.02.01 20:07:44.859,1.12535,1.12538,0.90,0.90
2022.02.01 20:08:02.391,1.12535,1.12537,0.90,0.44
2022.02.01 20:08:02.662,1.12533,1.12536,0.98,0.90
2022.02.01 20:08:07.119,1.12532,1.12534,0.12,0.90
2022.02.01 20:08:07.234,1.12531,1.12534,0.98,0.90
2022.02.01 20:08:07.387,1.12532,1.12535,0.98,1.34
2022.02.01 20:08:14.565,1.12533,1.12535,1.04,1.34
2022.02.01 20:08:15.188,1.12533,1.12536,0.95,1.34
2022.02.01 20:08:20.182,1.12535,1.12537,0.12,0.90
2022.02.01 20:08:22.298,1.12535,1.12536,0.98,0.90
2022.02.01 20:08:23.476,1.12533,1.12536,0.98,0.90
2022.02.01 20:08:23.580,1.12532,1.12535,0.98,0.90
2022.02.01 20:08:23.835,1.12529,1.12532,6.14,0.90
2022.02.01 20:08:23.938,1.12529,1.1253,0.90,0.90
2022.02.01 20:08:25.955,1.12526,1.12529,0.90,0.90
2022.02.01 20:08:26.057,1.12524,1.12527,0.90,0.98
2022.02.01 20:08:26.160,1.12523,1.12526,0.98,0.90
2022.02.01 20:08:27.412,1.12524,1.12526,1.88,0.90
2022.02.01 20:08:35.527,1.12526,1.12527,1.88,0.90
2022.02.01 20:08:38.805,1.12525,1.12528,2.78,0.90
2022.02.01 20:08:38.907,1.12524,1.12527,2.78,0.90
2022.02.01 20:08:39.111,1.12525,1.12528,2.78,0.90
2022.02.01 20:08:41.590,1.12526,1.12529,0.90,0.90
2022.02.01 20:08:42.827,1.12529,1.1253,3.68,1.63
2022.02.01 20:08:42.930,1.12529,1.12532,0.90,1.34
2022.02.01 20:08:44.512,1.1253,1.12532,0.90,0.90
2022.02.01 20:08:47.365,1.12529,1.12532,2.78,0.90
2022.02.01 20:08:48.821,1.12528,1.12531,1.88,0.90
2022.02.01 20:08:55.737,1.12529,1.12532,0.98,0.90
2022.02.01 20:09:02.008,1.12528,1.12531,1.88,0.90
2022.02.01 20:09:04.418,1.12531,1.12533,0.12,0.90
2022.02.01 20:09:04.520,1.12531,1.12534,0.98,0.90
2022.02.01 20:09:06.120,1.12532,1.12535,0.98,1.13
2022.02.01 20:09:06.229,1.12533,1.12536,0.98,0.90
2022.02.01 20:09:11.713,1.12534,1.12536,0.12,0.90
2022.02.01 20:09:16.192,1.12534,1.12537,0.98,0.90
2022.02.01 20:09:25.675,1.12534,1.12536,0.12,0.90
2022.02.01 20:09:28.124,1.12534,1.12537,0.98,0.90
2022.02.01 20:09:29.086,1.12534,1.12536,0.98,0.90
2022.02.01 20:09:30.825,1.12532,1.12533,0.98,0.90
2022.02.01 20:09:30.927,1.1253,1.12533,1.88,0.90
2022.02.01 20:09:31.030,1.12531,1.12533,0.12,0.90
2022.02.01 20:09:31.134,1.12533,1.12536,0.98,0.90
2022.02.01 20:09:36.937,1.12535,1.12538,0.98,0.90
2022.02.01 20:09:45.618,1.12536,1.1254,0.90,4.73
2022.02.01 20:09:46.765,1.12538,1.12541,0.90,5.92
2022.02.01 20:09:46.919,1.12538,1.1254,0.90,0.23
2022.02.01 20:09:47.025,1.12538,1.12541,0.90,5.27
2022.02.01 20:09:47.127,1.12538,1.1254,0.90,0.67
2022.02.01 20:09:47.178,1.12536,1.1254,0.90,3.83
2022.02.01 20:09:47.282,1.12535,1.12539,0.98,0.90
2022.02.01 20:09:53.524,1.12536,1.12539,0.90,0.90
2022.02.01 20:09:56.135,1.12536,1.1254,0.90,5.63
2022.02.01 20:09:56.396,1.12536,1.12539,0.90,0.23
2022.02.01 20:09:56.908,1.12536,1.1254,0.90,4.73
2022.02.01 20:09:57.010,1.12536,1.12539,0.90,0.44
2022.02.01 20:09:58.007,1.12536,1.1254,0.90,4.73
2022.02.01 20:10:00.124,1.12536,1.12539,0.90,0.44
2022.02.01 20:10:00.333,1.12537,1.1254,0.90,1.13
2022.02.01 20:10:08.016,1.12538,1.12542,0.90,4.43
2022.02.01 20:10:08.119,1.12539,1.12542,0.90,1.80
2022.02.01 20:10:08.863,1.1254,1.12542,0.90,0.90
2022.02.01 20:10:08.914,1.12541,1.12544,0.90,2.53
2022.02.01 20:10:09.753,1.12541,1.12545,0.90,1.80
2022.02.01 20:10:10.765,1.12542,1.12545,0.90,1.80
2022.02.01 20:10:13.384,1.12544,1.12546,0.90,0.44
2022.02.01 20:10:13.486,1.12545,1.12548,0.90,6.23
2022.02.01 20:10:14.430,1.12545,1.12546,0.90,0.44
2022.02.01 20:10:16.453,1.12545,1.12548,0.90,4.87
2022.02.01 20:10:18.277,1.12549,1.12551,1.21,2.70
2022.02.01 20:10:18.328,1.1255,1.12553,0.90,6.40
2022.02.01 20:10:19.099,1.12549,1.12553,0.12,5.17
2022.02.01 20:10:19.201,1.12548,1.12552,0.98,0.12
2022.02.01 20:10:21.650,1.1255,1.12553,0.90,3.97
2022.02.01 20:10:27.743,1.1255,1.12552,0.90,0.44
2022.02.01 20:10:27.845,1.12549,1.12551,0.98,0.44
2022.02.01 20:10:28.049,1.12548,1.1255,0.98,0.44
2022.02.01 20:10:28.151,1.12549,1.12551,0.90,0.44
2022.02.01 20:10:28.770,1.12549,1.12551,0.98,2.34
2022.02.01 20:10:30.941,1.1255,1.12553,0.90,0.90
2022.02.01 20:10:36.841,1.12551,1.12553,0.98,1.80
2022.02.01 20:10:37.494,1.12553,1.12555,0.90,1.63
2022.02.01 20:10:37.596,1.12555,1.12557,0.90,0.12
2022.02.01 20:10:37.955,1.12555,1.12558,0.90,1.88
2022.02.01 20:10:38.057,1.12556,1.1256,0.12,2.24
2022.02.01 20:10:38.160,1.12557,1.1256,0.90,1.80
2022.02.01 20:10:38.415,1.12557,1.12559,0.90,0.44
2022.02.01 20:10:38.517,1.12556,1.12558,0.12,0.44
2022.02.01 20:10:38.619,1.12555,1.12558,0.98,0.44
2022.02.01 20:10:38.925,1.12554,1.12557,0.98,0.44
2022.02.01 20:10:40.025,1.12559,1.12561,0.23,3.89
2022.02.01 20:10:40.280,1.12556,1.1256,0.12,3.14
2022.02.01 20:10:40.433,1.12555,1.12559,0.98,0.12
2022.02.01 20:10:41.197,1.12556,1.1256,0.98,3.24
2022.02.01 20:10:41.886,1.12558,1.12561,0.90,1.44
2022.02.01 20:10:42.052,1.1256,1.12562,0.90,1.44
2022.02.01 20:10:42.434,1.12558,1.12561,0.98,0.23
2022.02.01 20:10:42.536,1.12556,1.1256,0.98,2.78
2022.02.01 20:10:43.042,1.12555,1.12559,0.98,2.78
2022.02.01 20:10:44.030,1.12554,1.12562,0.90,4.18
2022.02.01 20:10:44.081,1.12565,1.12568,0.90,0.90
2022.02.01 20:10:44.184,1.12563,1.12566,0.98,5.40
2022.02.01 20:10:44.440,1.12561,1.12565,0.98,1.34
2022.02.01 20:10:44.746,1.12562,1.12565,0.98,0.90
2022.02.01 20:10:45.994,1.12561,1.12564,0.98,0.90
2022.02.01 20:10:47.600,1.1256,1.12564,0.98,1.34
2022.02.01 20:10:50.190,1.1256,1.12562,0.90,0.12
2022.02.01 20:10:51.418,1.12559,1.12562,0.98,0.98
2022.02.01 20:10:51.537,1.1256,1.12562,0.90,0.12
2022.02.01 20:10:53.200,1.1256,1.12563,0.98,0.90
2022.02.01 20:10:56.091,1.12563,1.12565,0.90,2.99
2022.02.01 20:10:56.142,1.12567,1.1257,0.98,0.90
2022.02.01 20:10:56.245,1.12567,1.12569,0.98,0.90
2022.02.01 20:10:56.543,1.12567,1.1257,0.90,2.03
2022.02.01 20:10:56.645,1.12566,1.12568,0.90,0.90
2022.02.01 20:10:56.957,1.12566,1.12569,0.90,1.80
2022.02.01 20:10:57.110,1.12565,1.12567,0.90,0.90
2022.02.01 20:10:57.717,1.12564,1.12566,0.90,0.90
2022.02.01 20:10:57.820,1.12565,1.12566,0.90,1.88
2022.02.01 20:10:58.144,1.12564,1.12566,0.90,0.90
2022.02.01 20:10:58.399,1.12564,1.12567,0.90,2.78
2022.02.01 20:11:00.104,1.12568,1.12569,0.12,4.33
2022.02.01 20:11:00.206,1.12568,1.1257,0.90,2.53
2022.02.01 20:11:00.360,1.12567,1.1257,0.90,2.11
2022.02.01 20:11:00.462,1.12567,1.12569,0.90,0.98
2022.02.01 20:11:00.615,1.12565,1.12567,0.90,0.90
2022.02.01 20:11:01.184,1.12564,1.12567,0.90,1.80
2022.02.01 20:11:02.285,1.12565,1.12567,0.90,0.90
2022.02.01 20:11:04.925,1.12566,1.12569,0.98,0.90
2022.02.01 20:11:05.027,1.12566,1.12568,0.90,0.90
2022.02.01 20:11:07.011,1.12565,1.12568,0.90,1.70
2022.02.01 20:11:07.666,1.12564,1.12567,0.98,0.90
2022.02.01 20:11:07.768,1.12565,1.12568,0.90,0.90
2022.02.01 20:11:07.870,1.12566,1.12569,0.98,0.90
2022.02.01 20:11:08.935,1.12567,1.1257,0.90,1.26
2022.02.01 20:11:09.226,1.1257,1.12572,0.12,0.90
2022.02.01 20:11:09.328,1.1257,1.12573,0.98,0.90
2022.02.01 20:11:09.431,1.12573,1.12576,0.90,0.90
2022.02.01 20:11:09.533,1.12574,1.12577,0.90,0.90
2022.02.01 20:11:09.890,1.12575,1.12578,0.90,1.26
2022.02.01 20:11:12.269,1.12574,1.12577,0.98,0.90
2022.02.01 20:11:18.132,1.12576,1.12578,0.90,0.26
2022.02.01 20:11:18.285,1.12576,1.12579,0.90,1.16
2022.02.01 20:11:18.424,1.12576,1.12578,0.90,0.26
2022.02.01 20:11:19.152,1.12575,1.12578,0.98,1.16
2022.02.01 20:11:24.160,1.12575,1.12577,0.90,0.26
2022.02.01 20:11:27.742,1.12575,1.12578,0.90,1.34
2022.02.01 20:11:27.945,1.12575,1.12576,0.98,0.90
2022.02.01 20:11:28.487,1.12575,1.12577,0.12,0.90
2022.02.01 20:11:29.259,1.12574,1.12577,0.98,0.90
2022.02.01 20:11:33.170,1.12575,1.12578,0.90,0.90
2022.02.01 20:11:35.077,1.12576,1.12579,0.98,0.90
2022.02.01 20:11:36.814,1.12577,1.1258,0.90,0.90
2022.02.01 20:11:41.663,1.12575,1.12578,0.98,0.90
2022.02.01 20:11:45.344,1.12576,1.12579,0.90,0.90
2022.02.01 20:11:46.977,1.12576,1.12577,0.98,0.90
2022.02.01 20:11:58.637,1.12577,1.12579,0.90,0.44
2022.02.01 20:11:58.739,1.12577,1.1258,0.90,2.53
2022.02.01 20:11:58.994,1.12578,1.12581,0.90,1.34
2022.02.01 20:11:59.096,1.12578,1.12582,0.90,0.90
2022.02.01 20:12:02.723,1.12578,1.12581,0.90,0.44
2022.02.01 20:12:06.624,1.12577,1.1258,0.90,1.34
2022.02.01 20:12:08.274,1.12578,1.12581,0.23,1.86
2022.02.01 20:12:08.377,1.1258,1.12583,0.90,0.90
2022.02.01 20:12:08.480,1.12583,1.12586,0.90,1.34
2022.02.01 20:12:08.583,1.12585,1.12588,0.90,0.90
2022.02.01 20:12:08.993,1.12585,1.12587,0.90,0.12
2022.02.01 20:12:09.213,1.12585,1.12588,0.90,0.98
2022.02.01 20:12:10.403,1.12583,1.12586,0.90,0.98
2022.02.01 20:12:13.777,1.12581,1.12584,0.90,0.90
2022.02.01 20:12:14.259,1.12582,1.12584,0.90,0.98
2022.02.01 20:12:17.647,1.12582,1.12585,0.90,0.98
2022.02.01 20:12:17.800,1.12583,1.12586,0.90,0.90
2022.02.01 20:12:17.902,1.12585,1.12587,0.90,1.63
2022.02.01 20:12:18.004,1.12585,1.12588,0.90,0.90
2022.02.01 20:13:02.804,1.12583,1.12586,0.90,1.88
2022.02.01 20:13:02.966,1.12583,1.12584,0.90,0.90
2022.02.01 20:13:04.872,1.12581,1.12584,0.90,0.90
2022.02.01 20:13:07.826,1.12578,1.12582,2.93,1.34
2022.02.01 20:13:07.928,1.12579,1.12582,0.90,0.90
2022.02.01 20:13:08.234,1.12581,1.12582,0.90,0.90
2022.02.01 20:13:10.337,1.12581,1.12584,0.90,1.34
2022.02.01 20:13:12.928,1.12581,1.12585,0.90,2.24
2022.02.01 20:13:16.228,1.12581,1.12584,0.90,0.90
2022.02.01 20:13:16.331,1.12578,1.12581,4.85,0.98
2022.02.01 20:13:16.434,1.12576,1.12579,0.90,0.12
2022.02.01 20:13:17.030,1.12578,1.1258,1.57,2.99
2022.02.01 20:13:17.082,1.12581,1.12584,0.90,0.12
2022.02.01 20:13:17.134,1.12584,1.12587,1.80,0.98
2022.02.01 20:13:17.236,1.12586,1.12589,0.90,4.79
2022.02.01 20:13:17.797,1.12586,1.12587,0.98,0.44
2022.02.01 20:13:18.052,1.12585,1.12588,0.90,1.44
2022.02.01 20:13:18.653,1.12583,1.12586,0.90,0.90
2022.02.01 20:13:18.807,1.12582,1.12585,0.90,1.80
2022.02.01 20:13:18.909,1.12581,1.12584,0.90,1.88
2022.02.01 20:13:19.729,1.1258,1.12583,0.90,0.90
2022.02.01 20:13:23.443,1.12581,1.12584,0.90,0.90
2022.02.01 20:13:34.970,1.12588,1.1259,0.90,6.30
2022.02.01 20:13:35.124,1.12587,1.1259,0.12,5.63
2022.02.01 20:13:35.176,1.1259,1.12592,0.90,0.44
2022.02.01 20:13:35.472,1.1259,1.12592,0.90,1.80
2022.02.01 20:13:36.647,1.12587,1.1259,0.90,0.90
2022.02.01 20:13:36.750,1.12589,1.12592,0.90,2.53
2022.02.01 20:13:36.853,1.1259,1.12593,0.90,0.90
2022.02.01 20:13:40.503,1.12589,1.12592,0.90,0.90
2022.02.01 20:13:42.626,1.1259,1.12593,0.90,1.80
2022.02.01 20:13:43.144,1.12589,1.12592,0.90,1.80
2022.02.01 20:13:45.108,1.1259,1.12593,0.90,3.89
2022.02.01 20:13:45.850,1.12591,1.12594,0.90,2.70
2022.02.01 20:13:54.748,1.12593,1.12596,0.90,2.53
2022.02.01 20:13:55.780,1.12592,1.12595,0.90,2.57
2022.02.01 20:13:56.715,1.12592,1.12594,0.90,0.44
2022.02.01 20:13:56.817,1.12591,1.12594,0.90,1.34
2022.02.01 20:13:57.566,1.12591,1.12593,0.90,0.44
2022.02.01 20:14:00.266,1.12591,1.12594,0.90,3.89
2022.02.01 20:14:02.035,1.1259,1.12593,0.90,0.90
2022.02.01 20:14:05.691,1.12591,1.12594,0.90,0.90
2022.02.01 20:14:05.793,1.12593,1.12596,0.90,2.53
2022.02.01 20:14:06.205,1.12594,1.12597,0.90,1.34
2022.02.01 20:14:06.308,1.12594,1.12596,0.90,0.44
2022.02.01 20:14:07.061,1.12593,1.12596,0.90,1.34
2022.02.01 20:14:08.053,1.12592,1.12595,0.90,0.90
2022.02.01 20:14:22.968,1.1259,1.12592,0.90,0.44
2022.02.01 20:14:23.019,1.12588,1.12591,1.34,3.83
2022.02.01 20:14:23.122,1.12588,1.12589,2.15,2.57
2022.02.01 20:14:23.225,1.12586,1.12589,0.90,0.90
2022.02.01 20:14:26.284,1.12589,1.12591,0.90,0.44
2022.02.01 20:14:26.387,1.1259,1.12593,0.90,0.90
2022.02.01 20:14:27.404,1.12591,1.12593,0.90,2.24
2022.02.01 20:14:38.105,1.1259,1.12593,0.90,0.90
2022.02.01 20:14:43.197,1.12591,1.12594,0.90,1.80
2022.02.01 20:14:46.145,1.12591,1.12592,0.90,1.80
2022.02.01 20:14:48.090,1.12591,1.12593,0.90,0.44
2022.02.01 20:14:48.251,1.12591,1.12594,0.90,1.80
2022.02.01 20:14:51.906,1.12594,1.12596,1.34,0.44
2022.02.01 20:14:51.957,1.12596,1.12599,1.88,5.40
2022.02.01 20:14:52.060,1.12597,1.126,1.88,4.50
2022.02.01 20:14:52.111,1.126,1.12602,0.90,1.80
2022.02.01 20:14:54.388,1.12601,1.12604,0.90,3.14
2022.02.01 20:14:57.865,1.12599,1.12602,3.05,0.90
2022.02.01 20:14:59.638,1.12598,1.12601,0.90,0.90
2022.02.01 20:15:00.452,1.12599,1.12602,0.90,1.34
2022.02.01 20:15:00.697,1.126,1.12603,0.90,0.90
2022.02.01 20:15:04.745,1.12599,1.12602,0.90,0.90
2022.02.01 20:15:04.848,1.126,1.12603,0.90,3.14
2022.02.01 20:15:06.215,1.12601,1.12604,0.90,0.90
2022.02.01 20:15:11.086,1.12604,1.12607,0.90,4.12
2022.02.01 20:15:11.188,1.12605,1.12608,0.90,1.34
2022.02.01 20:15:15.634,1.12607,1.12611,0.90,5.40
2022.02.01 20:15:15.737,1.12607,1.1261,0.90,0.90
2022.02.01 20:15:18.463,1.12606,1.1261,0.90,3.14
2022.02.01 20:15:20.772,1.12608,1.12609,0.90,1.80
2022.02.01 20:15:21.063,1.12605,1.12607,0.90,0.90
2022.02.01 20:15:21.114,1.12603,1.12607,0.90,2.70
2022.02.01 20:15:21.216,1.12603,1.12606,0.90,0.90
2022.02.01 20:15:23.827,1.12604,1.12607,0.90,1.80
2022.02.01 20:15:37.696,1.12605,1.12608,0.90,1.88
2022.02.01 20:15:41.035,1.12604,1.12607,0.90,0.90
2022.02.01 20:15:54.928,1.12605,1.12608,0.90,1.44
2022.02.01 20:16:02.984,1.12601,1.12605,2.34,0.90
2022.02.01 20:16:03.035,1.12603,1.12606,0.90,1.34
2022.02.01 20:16:04.426,1.12605,1.12607,0.90,0.44
2022.02.01 20:16:04.896,1.12605,1.12608,0.90,1.44
2022.02.01 20:16:06.363,1.12605,1.12607,0.90,0.44
2022.02.01 20:16:07.230,1.12605,1.12608,0.90,1.34
2022.02.01 20:16:08.541,1.12605,1.12607,0.90,0.44
2022.02.01 20:16:09.037,1.12605,1.12608,0.90,1.34
2022.02.01 20:16:09.490,1.12605,1.12607,0.90,0.44
2022.02.01 20:16:10.077,1.12606,1.12608,0.90,0.44
2022.02.01 20:16:10.695,1.12603,1.12607,0.98,0.44
2022.02.01 20:16:10.848,1.12604,1.12607,0.90,1.34
2022.02.01 20:16:10.950,1.12603,1.12607,0.90,1.34
2022.02.01 20:16:11.205,1.12603,1.12606,0.90,0.44
2022.02.01 20:16:11.735,1.12603,1.12607,0.90,2.47
2022.02.01 20:16:11.969,1.12604,1.12607,0.90,1.34
2022.02.01 20:16:14.207,1.12606,1.12608,2.03,0.90
2022.02.01 20:16:14.259,1.12607,1.1261,5.27,2.09
2022.02.01 20:16:14.362,1.12607,1.12611,2.69,0.44
2022.02.01 20:16:14.617,1.1261,1.12612,0.90,0.44
2022.02.01 20:16:14.719,1.1261,1.12613,0.90,0.90
2022.02.01 20:16:15.127,1.12611,1.12614,0.90,0.90
2022.02.01 20:16:15.229,1.12614,1.12616,0.90,0.44
2022.02.01 20:16:15.281,1.12611,1.12615,0.90,0.90
2022.02.01 20:16:15.332,1.12613,1.12616,0.90,1.34
2022.02.01 20:16:19.929,1.12614,1.12617,1.13,0.90
2022.02.01 20:16:20.032,1.12615,1.12618,0.90,1.34
2022.02.01 20:16:20.134,1.12613,1.12616,0.90,0.23
2022.02.01 20:16:21.520,1.12616,1.12619,1.21,2.99
2022.02.01 20:16:21.623,1.12617,1.1262,0.90,1.34
2022.02.01 20:16:21.726,1.12618,1.12621,0.90,1.88
2022.02.01 20:16:23.201,1.12619,1.12621,0.90,0.98
2022.02.01 20:16:30.036,1.12619,1.12621,0.90,0.98
2022.02.01 20:16:30.357,1.12619,1.12622,0.90,0.98
2022.02.01 20:16:32.464,1.12618,1.12621,0.90,0.98
2022.02.01 20:16:37.534,1.12619,1.12622,0.90,0.90
2022.02.01 20:16:50.742,1.12616,1.1262,2.70,0.98
2022.02.01 20:16:50.844,1.12617,1.1262,0.90,0.90
2022.02.01 20:16:50.997,1.12616,1.12619,0.90,0.90
2022.02.01 20:16:51.100,1.12617,1.1262,0.90,0.90
2022.02.01 20:16:51.405,1.12619,1.1262,0.90,0.90
2022.02.01 20:16:54.940,1.1262,1.12623,0.90,1.34
2022.02.01 20:16:55.947,1.12621,1.12624,0.90,0.90
2022.02.01 20:17:04.633,1.12626,1.12629,1.80,1.80
2022.02.01 20:17:04.684,1.12629,1.12631,1.21,4.73
2022.02.01 20:17:04.844,1.12629,1.12632,0.98,0.90
2022.02.01 20:17:08.036,1.12631,1.12632,0.90,0.90
2022.02.01 20:17:11.305,1.12629,1.12632,0.90,1.88
2022.02.01 20:17:11.407,1.12629,1.1263,0.90,0.90
2022.02.01 20:17:14.078,1.12629,1.12632,0.90,0.98
2022.02.01 20:17:16.555,1.12629,1.12633,0.90,0.98
2022.02.01 20:17:16.658,1.1263,1.12633,0.90,0.90
2022.02.01 20:17:18.834,1.12633,1.12636,0.90,0.90
2022.02.01 20:17:18.937,1.12635,1.12637,0.90,0.12
2022.02.01 20:17:19.039,1.12635,1.12638,0.90,0.90
2022.02.01 20:17:19.141,1.12636,1.12639,0.90,0.98
2022.02.01 20:17:26.525,1.12635,1.12638,0.90,0.90
2022.02.01 20:17:28.531,1.12638,1.1264,0.90,0.98
2022.02.01 20:17:28.583,1.12636,1.1264,0.90,3.01
2022.02.01 20:17:28.634,1.12635,1.12637,0.90,0.12
2022.02.01 20:17:30.291,1.12631,1.12635,0.12,0.44
2022.02.01 20:17:30.394,1.12631,1.12636,0.12,0.12
2022.02.01 20:17:33.344,1.12635,1.12639,0.23,0.44
2022.02.01 20:17:33.446,1.12637,1.1264,0.90,2.78
2022.02.01 20:17:34.079,1.12638,1.12641,0.90,1.57
2022.02.01 20:17:35.113,1.12639,1.12641,0.90,0.23
2022.02.01 20:17:35.247,1.12641,1.12644,0.90,0.90
2022.02.01 20:17:35.401,1.12643,1.12646,0.90,0.90
2022.02.01 20:17:35.504,1.12647,1.12649,0.90,2.53
2022.02.01 20:17:35.606,1.12646,1.12649,0.90,0.12
2022.02.01 20:17:35.810,1.12645,1.12649,0.90,0.54
2022.02.01 20:17:39.228,1.12645,1.12648,0.90,0.90
2022.02.01 20:17:39.280,1.12642,1.12647,0.90,3.47
2022.02.01 20:17:39.382,1.12643,1.12647,0.90,3.01
2022.02.01 20:17:39.484,1.12643,1.12646,0.90,1.88
2022.02.01 20:17:39.586,1.12642,1.12646,0.90,1.88
2022.02.01 20:17:39.892,1.12642,1.12645,0.90,0.90
2022.02.01 20:17:41.445,1.12641,1.12644,0.90,1.44
2022.02.01 20:17:44.436,1.12638,1.12643,0.90,1.88
2022.02.01 20:17:44.538,1.1264,1.12643,0.90,2.34
2022.02.01 20:17:45.010,1.12639,1.12641,0.90,0.12
2022.02.01 20:17:45.113,1.1264,1.12642,0.90,0.54
2022.02.01 20:17:45.319,1.1264,1.12643,0.90,0.98
2022.02.01 20:17:49.838,1.12639,1.12642,0.98,0.90
2022.02.01 20:17:50.498,1.1264,1.12642,0.12,0.90
2022.02.01 20:17:51.015,1.1264,1.12643,0.98,0.90
2022.02.01 20:17:54.338,1.12639,1.12642,0.98,0.90
2022.02.01 20:17:54.441,1.12639,1.12641,0.12,0.90
2022.02.01 20:17:57.149,1.12641,1.12642,0.90,0.90
2022.02.01 20:17:59.505,1.12641,1.12644,0.90,0.90
2022.02.01 20:18:04.176,1.12639,1.12642,0.98,0.90
2022.02.01 20:18:07.629,1.12637,1.1264,0.90,1.34
2022.02.01 20:18:07.732,1.12637,1.12638,0.90,0.90
2022.02.01 20:18:10.042,1.12635,1.12638,0.90,0.90
2022.02.01 20:18:11.004,1.12636,1.12639,0.90,0.90
2022.02.01 20:18:11.609,1.12634,1.12636,0.90,0.90
2022.02.01 20:18:11.660,1.12633,1.12634,0.90,1.34
2022.02.01 20:18:11.764,1.12631,1.12634,0.90,0.90
2022.02.01 20:18:14.396,1.1263,1.12633,0.90,0.90
2022.02.01 20:18:14.447,1.12628,1.12631,0.90,0.90
2022.02.01 20:18:14.550,1.12625,1.12628,0.98,0.90
2022.02.01 20:18:16.086,1.12624,1.12625,0.98,0.90
2022.02.01 20:18:16.189,1.12624,1.12626,0.12,0.90
2022.02.01 20:18:16.291,1.12624,1.12627,0.98,0.90
2022.02.01 20:18:18.470,1.12628,1.12631,1.13,3.60
2022.02.01 20:18:18.573,1.12629,1.12632,0.98,2.53
2022.02.01 20:18:18.675,1.12631,1.12634,0.90,1.80
2022.02.01 20:18:23.598,1.12634,1.12637,0.90,2.53
2022.02.01 20:18:24.161,1.12635,1.12638,0.90,1.34
2022.02.01 20:18:28.837,1.12635,1.12637,0.90,0.44
2022.02.01 20:18:28.940,1.12636,1.12639,0.90,0.90
2022.02.01 20:18:29.042,1.12639,1.12641,0.90,1.34
2022.02.01 20:18:29.196,1.12639,1.12642,0.90,1.34
2022.02.01 20:18:29.740,1.12638,1.12641,0.90,1.80
2022.02.01 20:18:29.842,1.1264,1.12643,0.90,1.44
2022.02.01 20:18:29.944,1.12637,1.1264,0.98,0.90
2022.02.01 20:18:30.047,1.12639,1.12642,0.90,0.90
2022.02.01 20:18:30.836,1.12637,1.1264,0.90,0.90
2022.02.01 20:18:30.938,1.1264,1.12643,0.90,3.43
2022.02.01 20:18:33.692,1.12637,1.12641,0.90,3.60
2022.02.01 20:18:33.743,1.12636,1.12639,0.90,2.70
2022.02.01 20:18:43.737,1.12637,1.1264,0.90,2.70
2022.02.01 20:18:48.095,1.12637,1.12639,0.90,0.44
2022.02.01 20:18:48.220,1.12637,1.1264,0.90,2.70
2022.02.01 20:18:50.886,1.12637,1.12639,0.90,0.44
2022.02.01 20:18:50.989,1.12637,1.1264,0.90,3.14
2022.02.01 20:18:53.315,1.12639,1.12642,0.90,5.69
2022.02.01 20:18:54.786,1.1264,1.12643,0.90,0.90
2022.02.01 20:18:54.889,1.12641,1.12644,0.90,1.88
2022.02.01 20:18:55.143,1.12642,1.12643,0.90,0.90
2022.02.01 20:18:58.928,1.1264,1.12642,0.90,0.23
2022.02.01 20:18:59.030,1.12641,1.12643,0.90,0.90
2022.02.01 20:18:59.082,1.12638,1.12642,0.98,0.23
2022.02.01 20:18:59.133,1.1264,1.12643,0.90,1.88
2022.02.01 20:18:59.236,1.12641,1.12644,0.90,1.88
2022.02.01 20:19:02.929,1.1264,1.12643,0.90,0.90
2022.02.01 20:19:03.035,1.12641,1.12643,0.90,0.90
2022.02.01 20:19:07.985,1.12642,1.12644,0.98,2.70
2022.02.01 20:19:08.088,1.12644,1.12646,0.12,0.90
2022.02.01 20:19:08.139,1.12645,1.12649,0.90,7.49
2022.02.01 20:19:08.665,1.12646,1.12649,0.90,1.80
2022.02.01 20:19:16.952,1.12642,1.12645,0.90,1.34
2022.02.01 20:19:17.055,1.12642,1.12644,0.90,0.98
2022.02.01 20:19:17.106,1.1264,1.12643,0.90,0.90
2022.02.01 20:19:17.208,1.12641,1.12644,0.90,1.88
2022.02.01 20:19:22.252,1.12642,1.12643,0.90,0.90
2022.02.01 20:19:29.060,1.12641,1.12643,0.90,1.88
2022.02.01 20:19:31.500,1.12642,1.12644,0.90,1.34
2022.02.01 20:19:32.616,1.12643,1.12646,0.90,3.14
2022.02.01 20:19:32.667,1.12645,1.12648,0.90,2.70
2022.02.01 20:19:33.901,1.12645,1.12647,0.90,0.90
2022.02.01 20:19:34.004,1.12646,1.12648,0.90,1.34
2022.02.01 20:19:34.786,1.12646,1.12649,0.90,1.34
2022.02.01 20:19:35.215,1.12647,1.1265,0.90,1.88
2022.02.01 20:19:36.287,1.12653,1.12655,0.90,2.53
2022.02.01 20:19:36.389,1.12651,1.12656,0.31,0.44
2022.02.01 20:19:36.694,1.12653,1.12656,0.90,0.90
2022.02.01 20:19:38.251,1.12654,1.12657,0.90,2.78
2022.02.01 20:19:39.883,1.12652,1.12655,0.90,1.34
2022.02.01 20:19:43.313,1.12649,1.12652,0.90,0.90
2022.02.01 20:19:43.415,1.12651,1.12654,0.90,1.80
2022.02.01 20:19:45.656,1.12652,1.12655,0.90,0.90
2022.02.01 20:19:46.225,1.12651,1.12654,0.90,0.90
2022.02.01 20:20:02.896,1.12648,1.12651,0.90,1.80
2022.02.01 20:20:02.999,1.12651,1.12652,0.90,0.90
2022.02.01 20:20:03.780,1.12651,1.12654,0.90,0.90
2022.02.01 20:20:04.085,1.1265,1.12654,0.23,0.90
2022.02.01 20:20:05.116,1.12651,1.12654,0.90,0.90
2022.02.01 20:20:05.703,1.12649,1.12652,0.90,0.90
2022.02.01 20:20:05.806,1.1265,1.12653,0.90,1.34
2022.02.01 20:20:07.184,1.12651,1.12654,0.90,1.70
2022.02.01 20:20:13.403,1.12652,1.12655,0.90,0.90
2022.02.01 20:20:15.532,1.12651,1.12654,0.90,0.90
2022.02.01 20:20:17.424,1.1265,1.12653,0.90,0.90
2022.02.01 20:20:30.331,1.12651,1.12653,0.90,0.90
2022.02.01 20:20:40.378,1.12651,1.12653,0.90,1.34
2022.02.01 20:20:40.805,1.12658,1.1266,0.98,4.50
2022.02.01 20:20:40.959,1.12658,1.1266,4.37,4.50
2022.02.01 20:20:41.061,1.1266,1.12663,0.90,0.90
2022.02.01 20:20:44.999,1.12659,1.12662,0.90,0.90
2022.02.01 20:20:45.101,1.12658,1.12661,0.90,0.90
2022.02.01 20:20:45.553,1.12659,1.12662,0.90,0.90
2022.02.01 20:20:47.143,1.12657,1.1266,0.90,0.98
2022.02.01 20:20:47.450,1.12658,1.12661,0.90,0.90
2022.02.01 20:20:48.751,1.12658,1.12662,0.90,0.98
2022.02.01 20:20:49.891,1.1266,1.12663,0.90,0.98
2022.02.01 20:20:49.942,1.12658,1.12662,1.80,0.12
2022.02.01 20:20:52.071,1.12659,1.12662,2.24,0.90
2022.02.01 20:20:52.123,1.12662,1.12665,0.90,1.80
2022.02.01 20:20:52.277,1.12663,1.12666,0.90,0.98
2022.02.01 20:20:54.686,1.12665,1.12668,0.90,0.98
2022.02.01 20:20:55.440,1.12668,1.12671,0.90,1.44
2022.02.01 20:20:55.543,1.1267,1.12672,0.90,0.54
2022.02.01 20:20:55.646,1.1267,1.12673,0.90,1.44
2022.02.01 20:20:55.850,1.12669,1.12672,0.90,0.98
2022.02.01 20:20:56.054,1.12667,1.1267,1.80,0.90
2022.02.01 20:20:56.157,1.12666,1.12669,0.90,0.98
2022.02.01 20:21:00.145,1.12666,1.12668,0.90,0.12
2022.02.01 20:21:00.389,1.12665,1.12668,0.90,0.98
2022.02.01 20:21:08.799,1.12663,1.12666,0.90,0.90
2022.02.01 20:21:08.902,1.12661,1.12664,0.90,0.90
2022.02.01 20:21:10.006,1.1266,1.12663,0.90,0.90
2022.02.01 20:21:11.034,1.12657,1.1266,0.90,1.44
2022.02.01 20:21:13.641,1.12658,1.12661,0.90,0.98
2022.02.01 20:21:13.743,1.12656,1.12659,0.90,0.98
2022.02.01 20:21:13.845,1.12655,1.12658,0.90,0.98
2022.02.01 20:21:14.943,1.12658,1.12659,4.14,1.63
2022.02.01 20:21:14.994,1.1266,1.12663,0.90,0.90
2022.02.01 20:21:15.046,1.12662,1.12665,0.90,6.30
2022.02.01 20:21:15.199,1.12663,1.12666,0.90,1.80
2022.02.01 20:21:16.535,1.12665,1.12667,0.23,0.90
2022.02.01 20:21:16.637,1.12664,1.12667,0.90,0.90
2022.02.01 20:21:18.354,1.12663,1.12666,1.80,1.80
2022.02.01 20:21:18.457,1.12662,1.12665,0.90,0.98
2022.02.01 20:21:18.560,1.1266,1.12663,1.13,0.90
2022.02.01 20:21:18.713,1.12661,1.12664,0.90,1.80
2022.02.01 20:21:23.334,1.1266,1.12663,0.90,1.80
2022.02.01 20:21:23.538,1.12661,1.12664,0.90,1.80
2022.02.01 20:21:25.388,1.12658,1.1266,2.59,0.90
2022.02.01 20:21:25.491,1.12657,1.1266,0.90,0.90
2022.02.01 20:21:27.486,1.12655,1.12658,0.90,0.90
2022.02.01 20:21:35.411,1.12654,1.12657,0.90,0.90
2022.02.01 20:21:38.089,1.12652,1.12655,0.90,0.90
2022.02.01 20:21:43.984,1.12651,1.12654,0.90,2.03
2022.02.01 20:21:47.692,1.12651,1.12653,0.90,0.23
2022.02.01 20:21:48.135,1.12648,1.12651,0.90,0.90
2022.02.01 20:21:48.238,1.1265,1.12653,0.90,0.90
2022.02.01 20:21:50.193,1.12651,1.12654,0.90,1.13
2022.02.01 20:21:50.296,1.12655,1.12657,0.90,2.09
2022.02.01 20:21:50.399,1.12652,1.12655,0.90,0.90
2022.02.01 20:21:55.588,1.12655,1.12658,0.90,1.34
2022.02.01 20:22:04.191,1.12653,1.12656,0.90,1.80
2022.02.01 20:22:10.177,1.12652,1.12655,0.90,0.90
2022.02.01 20:22:11.194,1.12655,1.12656,1.88,1.63
2022.02.01 20:22:11.303,1.12655,1.12658,0.90,1.34
2022.02.01 20:22:11.816,1.12654,1.12656,0.90,0.23
2022.02.01 20:22:11.918,1.12654,1.12657,0.90,1.13
2022.02.01 20:22:12.982,1.12653,1.12656,0.90,0.90
2022.02.01 20:22:15.332,1.12652,1.12655,0.90,1.34
2022.02.01 20:22:15.435,1.12653,1.12656,0.90,1.80
2022.02.01 20:22:16.503,1.12652,1.12655,0.90,0.90
2022.02.01 20:22:16.606,1.12651,1.12654,0.90,0.90
2022.02.01 20:22:20.833,1.1265,1.12653,0.90,0.98
2022.02.01 20:22:21.523,1.12651,1.12653,0.90,0.90
2022.02.01 20:22:24.057,1.1265,1.12653,0.90,0.98
2022.02.01 20:22:24.830,1.12651,1.12653,0.90,0.90
2022.02.01 20:22:25.271,1.1265,1.12653,0.90,0.90
2022.02.01 20:22:25.909,1.12651,1.12653,0.90,0.90
2022.02.01 20:22:27.302,1.12651,1.12654,0.90,0.90
2022.02.01 20:22:34.165,1.12652,1.12655,0.90,3.91
2022.02.01 20:22:34.491,1.12652,1.12654,0.90,0.23
2022.02.01 20:22:34.961,1.12652,1.12654,0.90,3.01
2022.02.01 20:22:36.694,1.12652,1.12654,0.90,0.23
2022.02.01 20:22:36.804,1.1265,1.12653,0.90,0.90
2022.02.01 20:22:37.499,1.12651,1.12653,0.90,0.90
2022.02.01 20:22:38.806,1.12652,1.12655,0.90,1.88
2022.02.01 20:22:39.335,1.12652,1.12654,0.90,0.23
2022.02.01 20:22:42.764,1.12649,1.12651,0.90,0.12
2022.02.01 20:22:42.917,1.12649,1.12652,0.90,1.88
2022.02.01 20:22:43.876,1.12649,1.1265,0.98,0.90
2022.02.01 20:22:43.928,1.1265,1.12652,0.90,1.88
2022.02.01 20:22:44.030,1.1265,1.12653,0.90,0.98
2022.02.01 20:22:47.554,1.12647,1.1265,0.90,0.98
2022.02.01 20:22:47.656,1.12644,1.12646,0.90,1.80
2022.02.01 20:22:47.760,1.1264,1.12641,1.80,2.03
2022.02.01 20:22:48.066,1.1264,1.12643,0.90,1.80
2022.02.01 20:22:49.266,1.12642,1.12645,1.44,0.90
2022.02.01 20:22:49.369,1.12644,1.12646,0.90,1.63
2022.02.01 20:22:49.471,1.12644,1.12647,0.90,0.98
2022.02.01 20:22:49.814,1.12643,1.12646,0.90,2.78
2022.02.01 20:22:50.357,1.12643,1.12645,0.90,0.12
2022.02.01 20:22:50.460,1.12642,1.12645,0.90,2.57
2022.02.01 20:22:51.695,1.12642,1.12644,0.90,0.12
2022.02.01 20:22:52.043,1.1264,1.12643,0.90,0.90
2022.02.01 20:22:52.146,1.12641,1.12644,0.90,0.90
2022.02.01 20:22:52.248,1.12643,1.12646,0.90,0.98
2022.02.01 20:22:52.712,1.12645,1.12646,0.98,0.90
2022.02.01 20:22:52.866,1.12645,1.12648,0.90,1.88
2022.02.01 20:22:55.945,1.12643,1.12646,0.90,2.11
2022.02.01 20:22:56.047,1.12641,1.12644,0.98,0.90
2022.02.01 20:22:59.800,1.12643,1.12646,0.90,0.90
2022.02.01 20:23:03.209,1.12644,1.12647,0.98,0.90
2022.02.01 20:23:04.771,1.12647,1.12649,0.90,1.63
2022.02.01 20:23:04.823,1.1265,1.12653,0.90,6.30
2022.02.01 20:23:08.065,1.12651,1.12654,0.90,2.60
2022.02.01 20:23:20.718,1.12652,1.12655,0.90,1.80
2022.02.01 20:23:27.503,1.12651,1.12654,0.90,0.98
2022.02.01 20:23:33.155,1.1265,1.12653,0.90,0.90
2022.02.01 20:23:33.257,1.12651,1.12654,0.90,0.98
2022.02.01 20:23:37.008,1.12649,1.12651,0.90,1.13
2022.02.01 20:23:37.060,1.1265,1.12653,0.90,0.98
2022.02.01 20:23:37.162,1.12648,1.12652,5.39,0.90
2022.02.01 20:23:37.214,1.1265,1.12653,0.90,0.90
2022.02.01 20:23:41.041,1.12651,1.12653,0.90,0.12
2022.02.01 20:23:47.039,1.1265,1.12652,0.90,1.21
2022.02.01 20:23:47.141,1.1265,1.12653,0.90,3.47
2022.02.01 20:23:49.792,1.12649,1.12652,0.98,0.90
2022.02.01 20:23:49.894,1.12651,1.12653,0.90,0.12
2022.02.01 20:23:51.047,1.12651,1.12654,0.90,2.24
2022.02.01 20:24:01.267,1.12651,1.12653,0.90,0.31
2022.02.01 20:24:02.298,1.1265,1.12653,0.90,1.21
2022.02.01 20:24:02.527,1.12649,1.12651,0.90,1.80
2022.02.01 20:24:02.630,1.12651,1.12653,0.90,0.98
2022.02.01 20:24:03.829,1.12649,1.12653,0.12,0.98
2022.02.01 20:24:04.570,1.1265,1.12653,0.90,0.12
2022.02.01 20:24:04.825,1.12651,1.12652,0.90,0.12
2022.02.01 20:24:04.989,1.1265,1.12653,0.90,0.12
2022.02.01 20:24:05.091,1.12651,1.12653,0.90,0.12
2022.02.01 20:24:05.336,1.1265,1.12653,0.90,0.12
2022.02.01 20:24:05.706,1.12651,1.12652,0.90,0.12
2022.02.01 20:24:07.150,1.1265,1.12653,0.90,0.12
2022.02.01 20:24:07.281,1.12651,1.12653,0.90,0.12
2022.02.01 20:24:08.154,1.1265,1.12653,0.90,0.12
2022.02.01 20:24:08.384,1.12651,1.12653,0.90,0.12
2022.02.01 20:24:08.654,1.1265,1.12653,0.90,0.12
2022.02.01 20:24:08.755,1.12651,1.12653,0.90,0.12
2022.02.01 20:24:08.877,1.1265,1.12653,0.90,0.12
2022.02.01 20:24:08.986,1.12651,1.12653,0.90,0.12
2022.02.01 20:24:09.228,1.1265,1.12653,0.90,0.12
2022.02.01 20:24:10.762,1.1265,1.12651,0.90,0.12
2022.02.01 20:24:11.609,1.12649,1.12652,0.90,0.12
2022.02.01 20:24:11.939,1.1265,1.12652,0.90,0.12
2022.02.01 20:24:14.164,1.12651,1.12653,0.90,0.12
2022.02.01 20:24:15.400,1.12652,1.12653,1.88,1.80
2022.02.01 20:24:15.452,1.12653,1.12655,0.90,0.12
2022.02.01 20:24:15.554,1.12653,1.12654,0.90,0.54
2022.02.01 20:24:16.829,1.12654,1.12656,0.90,0.98
2022.02.01 20:24:17.650,1.12655,1.12656,1.21,1.34
2022.02.01 20:24:17.753,1.12655,1.12657,0.90,0.12
2022.02.01 20:24:17.804,1.12653,1.12655,0.90,0.12
2022.02.01 20:24:17.906,1.12652,1.12655,0.90,0.98
2022.02.01 20:24:19.141,1.12652,1.12654,0.90,0.90
2022.02.01 20:24:21.581,1.12652,1.12655,0.90,6.66
2022.02.01 20:24:21.778,1.12652,1.12654,0.90,0.90
2022.02.01 20:24:22.154,1.12649,1.12653,3.01,0.12
2022.02.01 20:24:23.083,1.12651,1.12653,0.90,0.12
2022.02.01 20:24:25.882,1.12649,1.12653,2.11,0.98
2022.02.01 20:24:25.985,1.12651,1.12654,0.90,2.78
2022.02.01 20:24:31.639,1.1265,1.12653,0.90,2.70
2022.02.01 20:24:31.741,1.1265,1.12652,0.90,2.16
2022.02.01 20:24:31.894,1.1265,1.12653,0.90,1.88
2022.02.01 20:24:36.059,1.1265,1.12652,0.90,0.80
2022.02.01 20:24:36.161,1.1265,1.12653,0.90,2.70
2022.02.01 20:24:36.400,1.1265,1.12652,0.90,0.80
2022.02.01 20:24:36.503,1.1265,1.12653,0.90,3.78
2022.02.01 20:24:36.606,1.1265,1.12652,0.90,0.80
2022.02.01 20:24:36.708,1.1265,1.12653,0.90,3.78
2022.02.01 20:24:37.147,1.1265,1.12652,0.90,0.80
2022.02.01 20:24:38.092,1.12648,1.1265,0.90,1.44
2022.02.01 20:24:39.097,1.12646,1.12648,0.90,0.80
2022.02.01 20:24:39.199,1.12646,1.12649,0.90,1.44
2022.02.01 20:24:39.515,1.12646,1.12648,0.90,0.80
2022.02.01 20:24:39.924,1.12646,1.12649,0.90,2.24
2022.02.01 20:24:41.364,1.12646,1.12647,0.90,0.80
2022.02.01 20:24:41.568,1.12645,1.12646,0.90,0.54
2022.02.01 20:24:41.671,1.12642,1.12646,0.90,0.90
2022.02.01 20:24:41.968,1.12645,1.12647,0.90,0.54
2022.02.01 20:24:42.071,1.12646,1.12648,0.90,0.12
2022.02.01 20:24:46.958,1.12645,1.12646,0.90,1.34
2022.02.01 20:24:47.688,1.12645,1.12648,0.90,1.44
2022.02.01 20:24:48.334,1.12644,1.12647,0.90,1.80
2022.02.01 20:24:48.538,1.12645,1.12648,0.90,1.88
2022.02.01 20:24:50.456,1.12646,1.12649,0.90,2.70
2022.02.01 20:24:51.449,1.12646,1.12648,0.90,0.12
2022.02.01 20:24:51.551,1.12644,1.12647,0.90,1.80
2022.02.01 20:24:56.036,1.12645,1.12647,0.90,2.78
2022.02.01 20:25:03.061,1.12645,1.12647,0.90,0.72
2022.02.01 20:25:03.163,1.12645,1.12648,0.90,1.62
2022.02.01 20:25:03.687,1.12646,1.12649,0.98,1.34
2022.02.01 20:25:03.891,1.12647,1.12649,0.12,0.90
2022.02.01 20:25:05.963,1.12646,1.12649,0.98,0.90
2022.02.01 20:25:07.114,1.12649,1.12652,0.90,1.34
2022.02.01 20:25:08.518,1.1265,1.12652,0.90,3.14
2022.02.01 20:25:08.784,1.1265,1.12652,0.90,0.44
2022.02.01 20:25:09.665,1.1265,1.12653,0.90,2.06
2022.02.01 20:25:10.223,1.12651,1.12654,0.98,1.34
2022.02.01 20:25:10.325,1.12652,1.12654,0.12,1.34
2022.02.01 20:25:10.377,1.12653,1.12656,0.90,4.04
2022.02.01 20:25:11.187,1.12653,1.12654,0.90,2.16
2022.02.01 20:25:11.303,1.12652,1.12654,0.90,0.72
2022.02.01 20:25:11.578,1.12652,1.12655,0.90,2.16
2022.02.01 20:25:22.702,1.12652,1.12654,0.90,0.72
2022.02.01 20:25:31.172,1.12651,1.12654,0.90,1.62
2022.02.01 20:25:31.731,1.12651,1.12653,0.90,1.16
2022.02.01 20:25:33.545,1.12649,1.12652,0.12,1.16
2022.02.01 20:25:33.647,1.1265,1.12652,0.90,0.44
2022.02.01 20:25:34.058,1.1265,1.12653,0.90,2.52
2022.02.01 20:25:36.151,1.12651,1.12654,0.90,2.24
2022.02.01 20:25:40.173,1.12651,1.12653,0.90,0.72
2022.02.01 20:25:40.818,1.12651,1.12652,0.12,0.72
2022.02.01 20:25:41.094,1.12651,1.12653,0.90,0.72
2022.02.01 20:25:42.359,1.1265,1.12653,0.90,2.06
2022.02.01 20:25:45.292,1.1265,1.12652,0.90,1.16
2022.02.01 20:25:46.304,1.12649,1.12652,0.90,1.62
2022.02.01 20:25:48.244,1.12649,1.1265,0.90,2.06
2022.02.01 20:25:48.346,1.12648,1.1265,0.90,1.16
2022.02.01 20:25:48.550,1.12648,1.12651,0.90,2.60
2022.02.01 20:25:48.653,1.12649,1.12651,0.90,0.44
2022.02.01 20:25:48.755,1.12649,1.12652,0.90,0.90
2022.02.01 20:25:50.387,1.12649,1.12651,0.90,1.16
2022.02.01 20:25:50.812,1.1265,1.12651,0.90,0.90
2022.02.01 20:25:53.584,1.1265,1.12653,0.90,2.24
2022.02.01 20:25:57.163,1.1265,1.12652,0.90,0.72
2022.02.01 20:25:57.316,1.1265,1.12653,0.90,3.42
2022.02.01 20:25:57.418,1.1265,1.12652,0.90,0.72
2022.02.01 20:25:57.622,1.1265,1.12653,0.90,2.52
2022.02.01 20:25:57.917,1.1265,1.12652,0.90,1.16
2022.02.01 20:25:58.760,1.1265,1.12653,0.90,2.52
2022.02.01 20:26:00.051,1.1265,1.12652,0.90,0.72
2022.02.01 20:26:01.200,1.1265,1.12653,0.90,2.06
2022.02.01 20:26:01.370,1.12649,1.12652,0.98,0.90
2022.02.01 20:26:06.151,1.1265,1.12653,0.98,0.90
2022.02.01 20:26:07.931,1.12652,1.12654,0.98,0.90
2022.02.01 20:26:07.983,1.12653,1.12659,0.54,8.68
2022.02.01 20:26:08.035,1.1266,1.12661,1.13,0.90
2022.02.01 20:26:08.087,1.12662,1.12665,0.12,4.33
2022.02.01 20:26:08.443,1.12661,1.12663,0.90,0.44
2022.02.01 20:26:08.546,1.1266,1.12663,0.98,2.24
2022.02.01 20:26:13.787,1.12659,1.12662,0.98,0.90
2022.02.01 20:26:15.141,1.1266,1.12663,0.90,1.80
2022.02.01 20:26:17.224,1.12659,1.12662,0.98,0.90
2022.02.01 20:26:17.529,1.1266,1.12662,0.12,0.90
2022.02.01 20:26:21.135,1.12663,1.12666,0.90,4.50
2022.02.01 20:26:21.238,1.12664,1.12667,0.98,0.90
2022.02.01 20:26:21.391,1.12664,1.12666,0.90,0.90
2022.02.01 20:26:21.493,1.12663,1.12666,0.98,1.80
2022.02.01 20:26:22.379,1.12661,1.12664,0.98,0.90
2022.02.01 20:26:23.066,1.12662,1.12664,0.12,0.90
2022.02.01 20:26:23.960,1.1267,1.12672,0.23,1.80
2022.02.01 20:26:24.063,1.12671,1.12673,0.90,0.90
2022.02.01 20:26:24.165,1.1267,1.12673,2.03,0.90
2022.02.01 20:26:24.420,1.1267,1.12672,0.12,0.90
2022.02.01 20:26:24.522,1.1267,1.12673,0.98,1.62
2022.02.01 20:26:24.644,1.1267,1.12672,0.98,0.72
2022.02.01 20:26:24.746,1.1267,1.12673,0.98,0.90
2022.02.01 20:26:28.654,1.12678,1.12681,0.98,4.50
2022.02.01 20:26:28.757,1.12682,1.12685,0.90,1.80
2022.02.01 20:26:28.859,1.1268,1.12683,3.01,0.90
2022.02.01 20:26:30.058,1.12678,1.12681,1.88,1.80
2022.02.01 20:26:30.160,1.12677,1.1268,0.90,1.98
2022.02.01 20:26:30.263,1.12678,1.12679,0.12,0.90
2022.02.01 20:26:30.314,1.12676,1.12679,0.90,0.90
2022.02.01 20:26:30.979,1.12679,1.12682,0.90,1.80
2022.02.01 20:26:31.612,1.1268,1.12683,0.90,2.70
2022.02.01 20:26:36.774,1.12677,1.1268,1.80,0.98
2022.02.01 20:26:36.876,1.12677,1.12679,0.90,0.90
2022.02.01 20:26:36.978,1.12676,1.12677,0.90,0.62
2022.02.01 20:26:37.900,1.12675,1.12678,0.90,0.62
2022.02.01 20:26:38.003,1.12674,1.12677,0.90,1.88
2022.02.01 20:26:39.135,1.12675,1.12678,0.90,4.87
2022.02.01 20:26:41.751,1.12676,1.12679,0.90,0.90
2022.02.01 20:26:42.477,1.12676,1.12678,0.90,0.18
2022.02.01 20:26:43.711,1.12675,1.12676,0.90,1.34
2022.02.01 20:26:44.310,1.12672,1.12675,0.90,0.18
2022.02.01 20:26:44.625,1.12672,1.12674,0.90,0.26
2022.02.01 20:26:45.169,1.12672,1.12675,0.90,4.81
2022.02.01 20:26:45.271,1.12672,1.12674,0.90,0.12
2022.02.01 20:26:49.583,1.12671,1.12674,0.90,0.98
2022.02.01 20:26:53.441,1.12672,1.12674,0.90,0.98
2022.02.01 20:26:56.142,1.12674,1.12677,0.90,3.43
2022.02.01 20:26:56.244,1.12677,1.12679,0.90,5.40
2022.02.01 20:26:56.397,1.12677,1.1268,0.90,4.14
2022.02.01 20:27:07.224,1.12676,1.12679,0.90,0.90
2022.02.01 20:27:11.087,1.12674,1.12676,2.70,0.90
2022.02.01 20:27:11.189,1.12674,1.12677,0.90,0.90
2022.02.01 20:27:13.515,1.12671,1.12673,0.54,0.90
2022.02.01 20:27:13.618,1.1267,1.12673,0.98,0.90
2022.02.01 20:27:21.787,1.12666,1.12669,1.34,0.90
2022.02.01 20:27:24.114,1.12664,1.12667,0.90,0.90
2022.02.01 20:27:28.366,1.12662,1.12665,0.90,0.98
2022.02.01 20:27:28.468,1.12662,1.12664,0.90,0.12
2022.02.01 20:27:28.638,1.1266,1.12663,0.98,0.90
2022.02.01 20:27:31.727,1.1266,1.12662,0.90,0.12
2022.02.01 20:27:32.612,1.1266,1.12663,0.90,0.98
2022.02.01 20:27:33.095,1.1266,1.12661,0.90,0.98
2022.02.01 20:27:38.036,1.1266,1.12663,0.90,0.98
2022.02.01 20:27:41.387,1.12658,1.12661,0.90,0.98
2022.02.01 20:27:43.884,1.12657,1.1266,0.98,0.90
2022.02.01 20:27:48.278,1.12655,1.12658,0.90,0.98
2022.02.01 20:27:48.383,1.12655,1.12657,0.90,0.90
2022.02.01 20:27:51.751,1.12653,1.12656,0.90,0.90
2022.02.01 20:27:53.192,1.12655,1.12657,0.90,0.90
2022.02.01 20:27:54.710,1.12654,1.12657,0.90,0.90
2022.02.01 20:28:06.151,1.12656,1.12659,0.90,2.53
2022.02.01 20:28:06.253,1.12656,1.12658,0.90,0.44
2022.02.01 20:28:06.575,1.12656,1.12659,0.90,2.63
2022.02.01 20:28:07.120,1.12655,1.12658,0.90,0.90
2022.02.01 20:28:14.928,1.12655,1.12656,0.90,0.90
2022.02.01 20:28:16.434,1.12652,1.12655,0.90,0.90
2022.02.01 20:28:16.536,1.12651,1.12654,0.98,0.90
2022.02.01 20:28:17.680,1.12652,1.12655,1.80,0.44
2022.02.01 20:28:17.795,1.12652,1.12656,0.90,0.98
2022.02.01 20:28:18.255,1.12653,1.12656,1.88,0.90
2022.02.01 20:28:21.724,1.12654,1.12657,0.90,0.90
2022.02.01 20:28:33.399,1.12658,1.12659,2.70,1.63
2022.02.01 20:28:33.501,1.12659,1.12661,0.12,4.50
2022.02.01 20:28:33.604,1.12659,1.12662,0.90,0.98
2022.02.01 20:28:35.413,1.12659,1.12661,0.90,0.44
2022.02.01 20:28:35.850,1.12659,1.12662,0.90,0.98
2022.02.01 20:28:40.868,1.1266,1.12663,0.90,1.80
2022.02.01 20:28:46.152,1.12662,1.12664,0.90,0.90
2022.02.01 20:28:46.254,1.12662,1.12665,0.90,0.90
2022.02.01 20:28:50.690,1.12661,1.12664,0.90,0.90
2022.02.01 20:28:51.246,1.1266,1.12663,0.90,0.90
2022.02.01 20:28:51.729,1.12658,1.12661,0.90,0.90
2022.02.01 20:28:54.380,1.12661,1.12663,0.98,4.33
2022.02.01 20:28:54.485,1.12661,1.12664,0.90,1.88
2022.02.01 20:29:00.258,1.12662,1.12665,0.90,2.24
2022.02.01 20:29:00.361,1.12663,1.12666,0.90,1.34
2022.02.01 20:29:02.021,1.12662,1.12664,0.90,0.44
2022.02.01 20:29:02.455,1.12662,1.12665,0.90,1.44
2022.02.01 20:29:04.282,1.12661,1.12664,0.90,0.90
2022.02.01 20:29:05.074,1.12663,1.12664,0.90,0.90
2022.02.01 20:29:08.242,1.12663,1.12666,0.90,0.90
2022.02.01 20:29:10.249,1.12661,1.12664,0.90,0.90
2022.02.01 20:29:14.761,1.12665,1.12668,0.98,2.99
2022.02.01 20:29:18.149,1.12666,1.12669,0.90,0.90
2022.02.01 20:29:38.771,1.12668,1.1267,0.31,1.63
2022.02.01 20:29:38.823,1.1267,1.12673,0.90,0.90
2022.02.01 20:29:43.615,1.12669,1.12672,0.90,0.90
2022.02.01 20:29:43.717,1.1267,1.12673,0.90,2.34
2022.02.01 20:29:45.637,1.12669,1.12672,0.90,0.90
2022.02.01 20:29:47.266,1.12666,1.12669,0.90,0.90
2022.02.01 20:29:49.606,1.12665,1.12668,0.90,0.90
2022.02.01 20:29:50.812,1.12666,1.12669,1.52,1.34
2022.02.01 20:29:50.914,1.12667,1.12669,0.90,0.44
2022.02.01 20:29:51.219,1.12668,1.12669,0.98,0.90
2022.02.01 20:29:52.794,1.12669,1.12672,0.98,0.90
2022.02.01 20:29:56.036,1.1267,1.12673,0.90,0.90
2022.02.01 20:30:04.752,1.12669,1.12671,0.23,1.80
2022.02.01 20:30:04.803,1.12667,1.1267,0.90,1.80
2022.02.01 20:30:04.905,1.12666,1.12669,0.90,0.90
2022.02.01 20:30:08.779,1.12668,1.12671,0.98,0.90
2022.02.01 20:30:09.152,1.12667,1.1267,0.90,0.90
2022.02.01 20:30:13.579,1.12666,1.12669,0.90,0.90
2022.02.01 20:30:18.370,1.12665,1.12668,0.90,0.90
2022.02.01 20:30:19.675,1.12669,1.12671,0.90,2.09
2022.02.01 20:30:19.879,1.12669,1.12672,0.90,0.90
2022.02.01 20:30:23.323,1.1267,1.12673,0.90,0.90
2022.02.01 20:30:34.229,1.12669,1.1267,0.90,0.90
2022.02.01 20:30:40.885,1.12667,1.1267,0.98,0.90
2022.02.01 20:30:40.987,1.12668,1.12671,0.90,2.34
2022.02.01 20:30:41.958,1.12669,1.12672,0.90,0.90
2022.02.01 20:30:48.466,1.1267,1.12673,0.90,1.34
2022.02.01 20:30:50.986,1.12672,1.12675,0.90,1.34
2022.02.01 20:30:51.089,1.12673,1.12675,0.90,0.44
2022.02.01 20:30:51.192,1.12672,1.12675,4.58,0.44
2022.02.01 20:30:51.294,1.12674,1.12677,0.90,0.90
2022.02.01 20:30:52.051,1.12674,1.12676,0.90,0.90
2022.02.01 20:30:52.103,1.12671,1.12674,0.90,2.24
2022.02.01 20:30:52.205,1.1267,1.12673,0.90,0.90
2022.02.01 20:31:08.880,1.12669,1.12672,0.98,0.90
2022.02.01 20:31:08.981,1.1267,1.12673,0.90,1.34
2022.02.01 20:31:13.094,1.12671,1.12673,0.12,0.90
2022.02.01 20:31:13.248,1.12671,1.12674,0.98,0.90
2022.02.01 20:31:21.960,1.12668,1.1267,1.80,0.44
2022.02.01 20:31:22.012,1.12668,1.12672,0.98,0.90
2022.02.01 20:31:22.534,1.12667,1.1267,1.13,0.90
2022.02.01 20:31:22.637,1.12666,1.12669,1.80,0.90
2022.02.01 20:31:22.790,1.12668,1.12671,0.90,4.87
2022.02.01 20:31:22.943,1.12669,1.12671,0.90,0.44
2022.02.01 20:31:23.147,1.12669,1.12672,0.90,0.90
2022.02.01 20:31:26.899,1.1267,1.12673,0.90,1.34
2022.02.01 20:31:31.364,1.12669,1.12672,1.03,0.90
2022.02.01 20:31:40.403,1.12667,1.1267,0.90,0.90
2022.02.01 20:31:40.505,1.12666,1.12669,0.98,0.90
2022.02.01 20:31:40.608,1.12666,1.12668,0.90,0.90
2022.02.01 20:31:40.710,1.12665,1.12668,0.90,0.90
2022.02.01 20:31:44.071,1.12664,1.12667,0.98,0.90
2022.02.01 20:31:56.858,1.1266,1.12662,1.34,0.90
2022.02.01 20:31:56.961,1.12658,1.1266,4.50,0.12
2022.02.01 20:31:57.063,1.12655,1.12658,0.90,0.90
2022.02.01 20:32:00.821,1.12652,1.12655,3.59,0.90
2022.02.01 20:32:01.076,1.12654,1.12657,0.98,0.90
2022.02.01 20:32:02.489,1.12653,1.12656,0.98,0.90
2022.02.01 20:32:04.231,1.12654,1.12656,0.90,0.90
2022.02.01 20:32:04.282,1.12657,1.12659,1.80,1.63
2022.02.01 20:32:04.334,1.12657,1.12661,1.88,0.90
2022.02.01 20:32:04.385,1.12659,1.12662,0.90,4.33
2022.02.01 20:32:06.861,1.12658,1.12661,0.90,0.90
2022.02.01 20:32:12.000,1.12658,1.12659,0.90,0.90
2022.02.01 20:32:12.821,1.12656,1.12659,0.90,0.90
2022.02.01 20:32:13.865,1.12656,1.12658,0.90,0.90
2022.02.01 20:32:13.967,1.12656,1.12659,0.90,0.90
2022.02.01 20:32:14.686,1.12655,1.12658,0.90,0.90
2022.02.01 20:32:14.788,1.12654,1.12657,0.90,1.44
2022.02.01 20:32:14.891,1.12657,1.12659,2.70,1.63
2022.02.01 20:32:14.993,1.1266,1.12663,0.90,0.90
2022.02.01 20:32:15.354,1.12661,1.12664,0.98,0.90
2022.02.01 20:32:15.405,1.12664,1.12667,0.90,2.53
2022.02.01 20:32:17.106,1.12662,1.12665,0.90,0.98
2022.02.01 20:32:17.209,1.12661,1.12664,0.90,0.90
2022.02.01 20:32:20.349,1.12663,1.12666,0.90,1.34
2022.02.01 20:32:20.797,1.12665,1.12668,0.90,1.34
2022.02.01 20:32:21.722,1.12664,1.12667,0.90,0.90
2022.02.01 20:32:21.825,1.12663,1.12665,0.90,0.90
2022.02.01 20:32:26.035,1.12663,1.12666,0.90,0.90
2022.02.01 20:32:27.403,1.12664,1.12667,0.90,0.90
2022.02.01 20:32:31.131,1.12665,1.12668,0.90,0.90
2022.02.01 20:32:32.304,1.12664,1.12667,0.90,1.88
2022.02.01 20:32:34.691,1.12669,1.12671,0.98,3.43
2022.02.01 20:32:34.847,1.1267,1.12673,0.90,0.90
2022.02.01 20:32:37.727,1.12667,1.1267,3.05,0.90
2022.02.01 20:32:37.829,1.12668,1.1267,0.90,0.90
2022.02.01 20:32:38.146,1.12669,1.12672,1.13,2.53
2022.02.01 20:32:42.107,1.12668,1.12672,0.90,0.90
2022.02.01 20:32:44.779,1.12669,1.12672,0.90,0.90
2022.02.01 20:32:56.551,1.12667,1.1267,0.90,0.90
2022.02.01 20:32:58.709,1.12665,1.12668,0.90,0.90
2022.02.01 20:33:00.856,1.12664,1.12667,0.90,0.90
2022.02.01 20:33:09.922,1.12663,1.12666,0.90,1.57
2022.02.01 20:33:10.025,1.12661,1.12664,0.90,0.90
2022.02.01 20:33:10.229,1.1266,1.12663,0.90,0.90
2022.02.01 20:33:17.450,1.12659,1.12662,0.90,0.90
2022.02.01 20:33:17.655,1.12657,1.1266,0.90,0.90
2022.02.01 20:33:18.650,1.12658,1.1266,3.20,0.90
2022.02.01 20:33:18.804,1.12658,1.12661,0.95,0.90
2022.02.01 20:33:19.631,1.1266,1.12661,0.90,0.90
2022.02.01 20:33:20.638,1.12658,1.12661,2.34,0.90
2022.02.01 20:33:21.446,1.12659,1.12662,2.70,0.90
2022.02.01 20:33:36.204,1.1266,1.12663,0.90,0.90
2022.02.01 20:33:46.460,1.12661,1.12664,0.90,0.90
2022.02.01 20:33:49.985,1.12662,1.12665,1.34,0.90
2022.02.01 20:33:50.037,1.12663,1.12667,0.90,0.90
2022.02.01 20:33:50.139,1.12664,1.12667,1.13,0.90
2022.02.01 20:33:51.396,1.12666,1.12669,0.90,0.90
2022.02.01 20:33:51.600,1.12665,1.12668,0.90,0.90
2022.02.01 20:34:12.077,1.12665,1.12669,1.80,0.90
2022.02.01 20:34:12.179,1.12668,1.12671,1.80,0.90
2022.02.01 20:34:15.808,1.12667,1.1267,0.90,0.90
2022.02.01 20:34:15.910,1.12668,1.1267,0.90,0.90
2022.02.01 20:34:16.398,1.12667,1.1267,0.90,0.90
2022.02.01 20:34:17.970,1.12668,1.12671,0.90,0.90
2022.02.01 20:34:18.586,1.12669,1.12672,0.90,0.90
2022.02.01 20:34:19.117,1.12668,1.12671,1.39,0.90
2022.02.01 20:34:29.833,1.12668,1.12669,0.90,0.90
2022.02.01 20:34:30.088,1.12667,1.1267,2.30,1.80
2022.02.01 20:34:31.143,1.12669,1.12672,1.80,0.90
2022.02.01 20:34:32.674,1.12668,1.12672,4.04,0.90
2022.02.01 20:34:33.824,1.12668,1.12671,1.80,0.90
2022.02.01 20:34:34.919,1.12667,1.1267,1.80,0.90
2022.02.01 20:34:35.490,1.12666,1.12669,1.34,0.90
2022.02.01 20:34:35.542,1.12664,1.12667,0.98,0.90
2022.02.01 20:34:35.644,1.12664,1.12666,0.12,0.90
2022.02.01 20:34:36.158,1.12663,1.12666,1.44,0.90
2022.02.01 20:34:36.261,1.12662,1.12666,0.44,0.54
2022.02.01 20:34:36.363,1.12661,1.12663,0.12,0.90
2022.02.01 20:34:37.240,1.1266,1.12663,0.54,0.90
2022.02.01 20:34:39.070,1.12661,1.12662,0.54,0.90
2022.02.01 20:34:41.063,1.1266,1.12661,0.12,0.90
2022.02.01 20:34:48.842,1.12659,1.12662,0.12,0.90
2022.02.01 20:34:53.628,1.12659,1.12661,0.12,0.90
2022.02.01 20:34:57.331,1.12656,1.12658,1.80,0.90
2022.02.01 20:34:57.382,1.12654,1.12657,2.34,0.90
2022.02.01 20:34:57.485,1.12654,1.12656,0.12,0.90
2022.02.01 20:34:57.587,1.12653,1.12656,0.98,0.90
2022.02.01 20:34:58.632,1.12651,1.12653,2.78,0.90
2022.02.01 20:34:58.735,1.12651,1.12653,0.98,0.90
2022.02.01 20:35:01.173,1.1265,1.12653,3.24,0.90
2022.02.01 20:35:01.935,1.12652,1.12655,1.80,0.90
2022.02.01 20:35:09.927,1.12652,1.12655,4.20,0.90
2022.02.01 20:35:10.209,1.12652,1.12655,4.19,0.90
2022.02.01 20:35:16.158,1.12655,1.12657,0.90,1.63
2022.02.01 20:35:16.260,1.12655,1.12658,0.98,1.80
2022.02.01 20:35:16.515,1.12656,1.12658,0.98,0.90
2022.02.01 20:35:17.696,1.12654,1.12657,0.90,0.12
2022.02.01 20:35:17.802,1.12653,1.12654,1.80,0.90
2022.02.01 20:35:19.736,1.12651,1.12654,0.98,0.90
2022.02.01 20:35:24.907,1.1265,1.12653,1.88,0.90
2022.02.01 20:35:31.105,1.1265,1.12653,1.04,0.90
2022.02.01 20:35:31.157,1.12652,1.12655,1.80,1.34
2022.02.01 20:35:32.619,1.12651,1.12655,0.98,1.34
2022.02.01 20:35:32.721,1.12651,1.12654,0.90,0.90
2022.02.01 20:35:33.820,1.1265,1.12653,3.24,0.90
2022.02.01 20:35:34.075,1.1265,1.12652,0.90,0.90
2022.02.01 20:35:34.177,1.12649,1.12652,1.93,0.90
2022.02.01 20:35:35.256,1.12648,1.12652,0.98,1.80
2022.02.01 20:35:35.358,1.12649,1.12652,0.12,0.90
2022.02.01 20:35:35.461,1.1265,1.12652,0.12,0.90
2022.02.01 20:35:36.198,1.12649,1.12652,0.13,0.90
2022.02.01 20:35:38.003,1.1265,1.12652,0.12,0.90
2022.02.01 20:35:38.106,1.12653,1.12654,0.98,1.80
2022.02.01 20:35:38.351,1.12653,1.12654,0.98,0.90
2022.02.01 20:35:38.611,1.12651,1.12653,0.12,0.90
2022.02.01 20:35:39.169,1.1265,1.12653,2.78,0.90
2022.02.01 20:35:41.530,1.12649,1.12652,4.58,0.90
2022.02.01 20:35:47.137,1.1265,1.12652,0.12,0.90
2022.02.01 20:35:47.367,1.1265,1.12653,0.98,0.90
2022.02.01 20:35:47.600,1.1265,1.12653,1.04,0.90
2022.02.01 20:35:50.365,1.12652,1.12655,1.93,0.90
2022.02.01 20:35:50.417,1.12655,1.12657,0.12,2.53
2022.02.01 20:35:50.775,1.12654,1.12657,0.98,0.90
2022.02.01 20:35:51.153,1.12655,1.12658,0.98,0.90
2022.02.01 20:35:51.303,1.12656,1.12658,0.12,0.90
2022.02.01 20:35:52.484,1.12657,1.1266,1.88,1.34
2022.02.01 20:35:52.586,1.12658,1.1266,0.12,1.34
2022.02.01 20:35:53.340,1.12657,1.1266,0.90,0.90
2022.02.01 20:35:53.391,1.12656,1.12658,0.12,0.90
2022.02.01 20:35:53.493,1.12655,1.12658,1.93,0.90
2022.02.01 20:35:53.915,1.12656,1.12658,0.12,0.90
2022.02.01 20:36:01.332,1.12658,1.1266,0.12,0.90
2022.02.01 20:36:07.857,1.12657,1.1266,1.88,0.90
2022.02.01 20:36:21.161,1.12658,1.12661,0.98,0.90
2022.02.01 20:36:36.159,1.1266,1.12662,0.90,0.90
2022.02.01 20:36:36.211,1.12662,1.12664,3.60,0.90
2022.02.01 20:36:36.319,1.12663,1.12666,0.98,0.90
2022.02.01 20:36:36.422,1.12663,1.12664,1.80,0.90
2022.02.01 20:36:38.336,1.12661,1.12664,0.98,0.90
2022.02.01 20:36:45.832,1.1266,1.12663,0.90,0.90
2022.02.01 20:36:46.112,1.12662,1.12665,2.78,1.34
2022.02.01 20:36:47.392,1.12663,1.12666,0.90,2.70
2022.02.01 20:36:47.444,1.1266,1.12662,2.23,0.90
2022.02.01 20:36:47.546,1.12659,1.12662,0.98,0.90
2022.02.01 20:36:47.649,1.12658,1.12661,0.90,0.90
2022.02.01 20:37:00.357,1.1266,1.12663,0.98,0.90
2022.02.01 20:37:00.510,1.12661,1.12664,0.98,0.90
2022.02.01 20:37:01.727,1.1266,1.12663,0.90,0.90
2022.02.01 20:37:02.924,1.12659,1.12662,0.98,0.90
2022.02.01 20:37:04.444,1.12658,1.12661,0.90,1.13
2022.02.01 20:37:06.450,1.12659,1.12662,0.95,0.90
2022.02.01 20:37:09.625,1.1266,1.12663,0.90,0.90
2022.02.01 20:37:10.970,1.12659,1.12662,3.18,0.90
2022.02.01 20:37:16.166,1.1266,1.12663,0.98,0.90
2022.02.01 20:37:16.271,1.12661,1.12663,0.12,0.90
2022.02.01 20:37:17.476,1.1266,1.12663,1.88,0.90
2022.02.01 20:37:17.578,1.12661,1.12663,0.12,0.90
2022.02.01 20:37:21.121,1.1266,1.12663,1.88,0.90
2022.02.01 20:37:21.361,1.12661,1.12664,0.90,0.90
2022.02.01 20:37:31.162,1.12662,1.12665,0.98,0.90
2022.02.01 20:37:34.715,1.12663,1.12665,0.12,0.90
2022.02.01 20:37:35.210,1.12662,1.12665,0.98,0.90
2022.02.01 20:37:50.974,1.12663,1.12665,0.90,0.90
2022.02.01 20:37:51.687,1.12662,1.12665,1.80,0.90
2022.02.01 20:37:53.213,1.12662,1.12663,0.98,0.90
2022.02.01 20:37:54.693,1.12662,1.12665,0.98,0.90
2022.02.01 20:37:56.766,1.12661,1.12664,0.12,0.90
2022.02.01 20:38:06.704,1.12662,1.12665,0.98,0.90
2022.02.01 20:38:08.376,1.12663,1.12666,0.90,0.90
2022.02.01 20:38:09.590,1.12662,1.12665,0.90,0.90
2022.02.01 20:38:12.259,1.1266,1.12662,0.12,0.90
2022.02.01 20:38:12.363,1.12659,1.12662,1.88,0.90
2022.02.01 20:38:15.634,1.12656,1.1266,3.68,0.98
2022.02.01 20:38:15.737,1.12657,1.1266,1.88,0.90
2022.02.01 20:38:17.329,1.12657,1.12659,0.12,0.90
2022.02.01 20:38:27.930,1.12656,1.12659,0.98,0.90
2022.02.01 20:38:36.148,1.12657,1.1266,0.90,0.12
2022.02.01 20:38:41.136,1.12657,1.12661,3.60,0.90
2022.02.01 20:38:41.238,1.12658,1.12661,0.90,0.90
2022.02.01 20:38:42.228,1.12656,1.12659,0.98,0.90
2022.02.01 20:38:47.372,1.12658,1.12659,0.90,0.98
2022.02.01 20:38:52.704,1.12657,1.12659,1.80,0.12
2022.02.01 20:38:52.806,1.12654,1.12657,3.13,0.90
2022.02.01 20:38:53.180,1.12654,1.12656,0.90,0.90
2022.02.01 20:38:53.232,1.12652,1.12655,0.90,0.12
2022.02.01 20:38:54.720,1.12653,1.12655,1.80,0.90
2022.02.01 20:38:57.274,1.12652,1.12655,1.80,0.12
2022.02.01 20:38:57.376,1.12651,1.12654,0.90,0.90
2022.02.01 20:38:59.967,1.12652,1.12656,0.90,2.63
2022.02.01 20:39:01.005,1.12653,1.12656,0.90,0.98
2022.02.01 20:39:01.107,1.12653,1.12654,0.90,0.90
2022.02.01 20:39:08.466,1.12653,1.12656,0.90,0.98
2022.02.01 20:39:31.467,1.12653,1.12655,2.15,0.12
2022.02.01 20:39:31.519,1.12651,1.12654,0.90,0.90
2022.02.01 20:39:33.789,1.12652,1.12655,0.90,0.98
2022.02.01 20:39:34.002,1.12654,1.12655,0.90,0.98
2022.02.01 20:39:41.204,1.12653,1.12655,0.90,0.12
2022.02.01 20:39:44.373,1.12649,1.12651,1.80,2.03
2022.02.01 20:39:47.061,1.12649,1.1265,0.90,0.90
2022.02.01 20:39:58.545,1.12649,1.12652,0.90,0.98
2022.02.01 20:39:59.935,1.1265,1.12652,0.90,0.12
2022.02.01 20:40:01.146,1.12651,1.12654,0.90,1.88
2022.02.01 20:40:01.350,1.12652,1.12655,0.90,0.98
2022.02.01 20:40:03.473,1.12653,1.12655,0.90,0.12
2022.02.01 20:40:04.137,1.12654,1.12657,1.21,0.98
2022.02.01 20:40:04.341,1.12655,1.12657,0.12,0.90
2022.02.01 20:40:04.444,1.12656,1.12658,0.90,0.98
2022.02.01 20:40:04.691,1.12655,1.12658,0.90,0.98
2022.02.01 20:40:05.459,1.12656,1.12658,0.90,0.12
2022.02.01 20:40:05.733,1.12655,1.12658,0.90,0.98
2022.02.01 20:40:05.835,1.12654,1.12657,0.90,0.98
2022.02.01 20:40:05.937,1.12654,1.12656,0.90,0.12
2022.02.01 20:40:06.040,1.12653,1.12656,0.90,0.98
2022.02.01 20:40:08.652,1.12654,1.12656,0.90,0.12
2022.02.01 20:40:09.058,1.12654,1.12657,2.88,0.90
2022.02.01 20:40:09.110,1.12656,1.12658,0.90,0.98
2022.02.01 20:40:10.888,1.12655,1.12659,0.98,0.98
2022.02.01 20:40:10.990,1.12655,1.12658,0.90,0.12
2022.02.01 20:40:16.496,1.12657,1.12659,0.90,0.12
2022.02.01 20:40:16.598,1.12657,1.1266,0.98,0.98
2022.02.01 20:40:16.701,1.12659,1.12662,1.80,0.90
2022.02.01 20:40:16.803,1.1266,1.12663,0.90,0.98
2022.02.01 20:40:17.072,1.12661,1.12664,0.98,0.98
2022.02.01 20:40:17.175,1.1266,1.12663,0.90,0.98
2022.02.01 20:40:20.101,1.12662,1.12665,0.98,0.90
2022.02.01 20:40:20.203,1.12664,1.12666,0.12,0.90
2022.02.01 20:40:20.306,1.12666,1.12667,0.90,0.98
2022.02.01 20:40:24.390,1.12665,1.12667,0.90,0.12
2022.02.01 20:40:28.194,1.12664,1.12667,0.90,0.98
2022.02.01 20:40:35.527,1.12665,1.12668,0.90,2.63
2022.02.01 20:40:35.630,1.12666,1.12669,0.90,0.98
2022.02.01 20:40:37.089,1.12664,1.12667,0.90,0.90
2022.02.01 20:40:38.087,1.12665,1.12667,0.90,0.12
2022.02.01 20:40:39.948,1.12664,1.12667,0.90,0.98
2022.02.01 20:40:41.776,1.12665,1.12667,0.90,0.12
2022.02.01 20:40:42.860,1.12664,1.12667,0.90,0.98
2022.02.01 20:40:48.066,1.12669,1.1267,0.90,2.99
2022.02.01 20:40:48.168,1.12671,1.12672,0.90,0.98
2022.02.01 20:40:49.707,1.12671,1.12674,0.90,0.98
2022.02.01 20:40:54.542,1.12672,1.12675,0.90,0.98
2022.02.01 20:40:54.644,1.1267,1.12673,0.90,0.98
2022.02.01 20:40:57.682,1.12669,1.12672,0.90,1.88
2022.02.01 20:41:00.290,1.12666,1.12668,0.90,0.12
2022.02.01 20:41:00.393,1.12665,1.12667,0.90,0.12
2022.02.01 20:41:00.495,1.12664,1.12667,0.90,0.98
2022.02.01 20:41:00.611,1.12663,1.12666,0.90,0.98
2022.02.01 20:41:03.546,1.12664,1.12666,0.90,0.12
2022.02.01 20:41:04.523,1.12664,1.12667,0.90,0.98
2022.02.01 20:41:04.854,1.1267,1.12672,1.44,0.44
2022.02.01 20:41:04.905,1.12671,1.12674,0.90,3.43
2022.02.01 20:41:05.110,1.12673,1.12675,0.90,0.90
2022.02.01 20:41:05.212,1.12672,1.12674,0.90,0.90
2022.02.01 20:41:05.264,1.1267,1.12673,0.90,0.98
2022.02.01 20:41:07.746,1.1267,1.12672,0.90,0.12
2022.02.01 20:41:07.848,1.12669,1.12672,0.90,0.98
2022.02.01 20:41:09.827,1.12668,1.12669,0.90,0.12
2022.02.01 20:41:09.929,1.12667,1.12669,0.90,0.12
2022.02.01 20:41:11.781,1.12663,1.12665,0.44,0.23
2022.02.01 20:41:11.884,1.1266,1.12662,5.40,0.12
2022.02.01 20:41:14.827,1.1266,1.12663,1.80,0.98
2022.02.01 20:41:14.879,1.12656,1.12659,3.49,0.98
2022.02.01 20:41:17.600,1.12657,1.1266,0.90,0.90
2022.02.01 20:41:17.703,1.12659,1.12662,0.90,0.98
2022.02.01 20:41:21.861,1.12661,1.12664,1.88,1.63
2022.02.01 20:41:21.963,1.12663,1.12666,0.90,1.44
2022.02.01 20:41:22.066,1.12664,1.12666,0.90,0.12
2022.02.01 20:41:22.486,1.12663,1.12666,0.90,1.88
2022.02.01 20:41:22.588,1.12662,1.12665,0.90,0.90
2022.02.01 20:41:26.155,1.12663,1.12666,0.90,0.98
2022.02.01 20:41:27.707,1.12664,1.12667,0.90,1.80
2022.02.01 20:41:28.373,1.12665,1.12668,0.90,1.88
2022.02.01 20:41:34.454,1.12665,1.12666,0.90,0.90
2022.02.01 20:41:41.159,1.12666,1.12668,0.90,2.99
2022.02.01 20:41:42.549,1.12665,1.12668,0.90,0.90
2022.02.01 20:41:42.938,1.12666,1.12668,0.18,0.90
2022.02.01 20:41:44.688,1.12665,1.12668,0.90,0.90
2022.02.01 20:41:49.640,1.12667,1.1267,0.90,1.88
2022.02.01 20:41:53.035,1.12668,1.12671,0.90,0.98
2022.02.01 20:41:55.039,1.1267,1.12671,1.88,0.90
2022.02.01 20:41:55.090,1.12671,1.12673,0.90,0.12
2022.02.01 20:41:55.192,1.12671,1.12674,0.90,0.98
2022.02.01 20:41:58.329,1.12673,1.12676,0.90,0.90
2022.02.01 20:41:59.213,1.12674,1.12677,0.90,0.90
2022.02.01 20:42:00.036,1.12677,1.12679,0.90,0.23
2022.02.01 20:42:00.138,1.12677,1.1268,0.90,0.90
2022.02.01 20:42:01.338,1.12679,1.12682,0.90,0.98
2022.02.01 20:42:01.441,1.12682,1.12684,0.90,1.73
2022.02.01 20:42:01.543,1.12681,1.12684,0.90,1.08
2022.02.01 20:42:02.593,1.12681,1.12682,0.90,0.90
2022.02.01 20:42:03.830,1.12678,1.12681,0.90,1.08
2022.02.01 20:42:04.714,1.12679,1.12682,0.90,2.63
2022.02.01 20:42:05.633,1.1268,1.12683,0.90,0.90
2022.02.01 20:42:09.675,1.12681,1.12684,0.98,0.90
2022.02.01 20:42:09.879,1.12682,1.12685,0.90,0.98
2022.02.01 20:42:11.733,1.12681,1.12684,0.90,0.98
2022.02.01 20:42:11.835,1.1268,1.12683,0.98,0.90
2022.02.01 20:42:14.075,1.12679,1.12682,0.90,0.90
2022.02.01 20:42:19.196,1.12679,1.12681,0.90,1.63
2022.02.01 20:42:19.595,1.12679,1.12682,0.90,2.53
2022.02.01 20:42:21.716,1.1268,1.12683,0.98,2.53
2022.02.01 20:42:29.034,1.12679,1.12682,0.90,0.90
2022.02.01 20:42:30.173,1.12677,1.12679,2.15,0.90
2022.02.01 20:42:30.225,1.12675,1.12678,3.05,0.90
2022.02.01 20:42:30.581,1.12674,1.12677,0.90,0.90
2022.02.01 20:42:34.088,1.12679,1.12681,4.58,2.70
2022.02.01 20:42:34.140,1.1268,1.12683,0.90,0.90
2022.02.01 20:42:34.242,1.12679,1.12682,0.90,0.90
2022.02.01 20:42:35.134,1.12677,1.1268,0.90,0.90
2022.02.01 20:42:36.352,1.12675,1.12677,2.15,0.90
2022.02.01 20:42:36.455,1.12674,1.12677,0.98,0.90
2022.02.01 20:42:37.133,1.12675,1.12677,2.15,0.90
2022.02.01 20:42:37.241,1.12674,1.12677,3.13,0.90
2022.02.01 20:42:40.352,1.12678,1.12679,0.90,0.90
2022.02.01 20:42:40.607,1.12679,1.12682,0.90,0.90
2022.02.01 20:42:44.770,1.1268,1.12683,0.90,0.90
2022.02.01 20:42:46.830,1.12678,1.1268,2.15,0.54
2022.02.01 20:42:46.933,1.12677,1.12678,0.90,0.90
2022.02.01 20:42:47.035,1.12675,1.12678,0.90,0.90
2022.02.01 20:42:47.393,1.12674,1.12677,0.90,0.90
2022.02.01 20:42:49.891,1.12672,1.12674,3.24,0.98
2022.02.01 20:42:49.943,1.12673,1.12676,0.90,0.98
2022.02.01 20:42:55.390,1.12673,1.12675,0.90,0.90
2022.02.01 20:42:56.383,1.12672,1.12675,0.90,0.90
2022.02.01 20:42:56.587,1.12671,1.12674,0.90,0.90
2022.02.01 20:42:57.703,1.12676,1.12679,0.98,1.80
2022.02.01 20:42:57.755,1.12679,1.12682,1.44,0.90
2022.02.01 20:42:58.829,1.12679,1.12681,0.90,0.12
2022.02.01 20:42:59.133,1.12678,1.12681,0.90,0.98
2022.02.01 20:43:00.184,1.12676,1.12679,0.90,0.98
2022.02.01 20:43:00.286,1.12674,1.12677,0.90,0.90
2022.02.01 20:43:01.453,1.12673,1.12676,0.90,0.98
2022.02.01 20:43:01.741,1.12672,1.12675,0.98,0.90
2022.02.01 20:43:03.900,1.12671,1.12674,0.98,0.90
2022.02.01 20:43:06.249,1.12672,1.12675,0.90,0.98
2022.02.01 20:43:06.410,1.12671,1.12672,3.13,0.90
2022.02.01 20:43:10.385,1.12672,1.12673,0.90,0.98
2022.02.01 20:43:10.853,1.12672,1.12674,0.90,0.98
2022.02.01 20:43:11.730,1.12672,1.12676,0.90,6.00
2022.02.01 20:43:12.084,1.12672,1.12675,0.90,1.63
2022.02.01 20:43:12.135,1.1267,1.12673,0.98,0.90
2022.02.01 20:43:12.958,1.12672,1.12673,0.90,0.90
2022.02.01 20:43:14.115,1.12671,1.12672,0.98,0.90
2022.02.01 20:43:17.188,1.12674,1.12676,0.90,1.73
2022.02.01 20:43:17.291,1.12676,1.12678,0.12,0.90
2022.02.01 20:43:17.343,1.12678,1.1268,0.90,4.50
2022.02.01 20:43:17.445,1.12678,1.12681,0.90,1.67
2022.02.01 20:43:17.548,1.12677,1.1268,0.90,0.98
2022.02.01 20:43:17.650,1.12676,1.12679,0.90,0.98
2022.02.01 20:43:20.719,1.12674,1.12677,0.90,0.90
2022.02.01 20:43:35.065,1.12675,1.12678,0.90,3.53
2022.02.01 20:43:36.161,1.12674,1.12677,0.90,0.90
2022.02.01 20:43:38.180,1.12678,1.12679,0.90,2.53
2022.02.01 20:43:38.709,1.12679,1.12682,0.90,0.90
2022.02.01 20:43:55.617,1.12677,1.1268,0.90,0.98
2022.02.01 20:43:55.720,1.12676,1.12679,0.90,0.98
2022.02.01 20:43:55.822,1.12674,1.12677,5.50,0.90
2022.02.01 20:43:56.516,1.12676,1.12677,0.98,0.90
2022.02.01 20:43:56.721,1.12678,1.12681,0.90,0.90
2022.02.01 20:44:01.708,1.12677,1.1268,0.90,0.98
2022.02.01 20:44:01.810,1.12677,1.12678,0.90,0.90
2022.02.01 20:44:09.214,1.12675,1.12678,0.98,0.90
2022.02.01 20:44:10.413,1.12676,1.12679,0.90,0.90
2022.02.01 20:44:10.955,1.12677,1.1268,0.98,0.90
2022.02.01 20:44:11.108,1.12678,1.12681,0.90,0.90
2022.02.01 20:44:19.441,1.12679,1.12681,0.90,0.90
2022.02.01 20:44:19.492,1.12681,1.12684,0.90,2.53
2022.02.01 20:44:19.594,1.1268,1.12683,0.90,0.90
2022.02.01 20:44:19.747,1.1268,1.12681,0.98,0.90
2022.02.01 20:44:21.543,1.12678,1.12681,0.90,0.90
2022.02.01 20:44:29.683,1.12679,1.12682,1.21,0.90
2022.02.01 20:44:31.878,1.1268,1.12683,3.01,0.90
2022.02.01 20:44:31.980,1.12681,1.12683,0.12,0.90
2022.02.01 20:44:32.133,1.1268,1.12683,1.21,0.90
2022.02.01 20:44:38.034,1.12681,1.12684,0.90,0.90
2022.02.01 20:44:39.262,1.12682,1.12685,0.90,0.90
2022.02.01 20:44:40.258,1.12683,1.12686,0.90,0.90
2022.02.01 20:44:40.411,1.12682,1.12685,1.80,0.90
2022.02.01 20:44:51.166,1.12683,1.12687,0.90,2.57
2022.02.01 20:44:52.261,1.12683,1.12686,0.90,0.90
2022.02.01 20:44:54.168,1.12688,1.1269,0.90,0.44
2022.02.01 20:44:54.220,1.12691,1.12693,0.90,0.90
2022.02.01 20:44:54.322,1.1269,1.12692,1.80,4.50
2022.02.01 20:44:54.425,1.1269,1.12693,1.80,0.90
2022.02.01 20:44:54.680,1.12691,1.12693,0.90,0.90
2022.02.01 20:44:54.782,1.12691,1.12694,1.80,0.90
2022.02.01 20:44:58.129,1.1269,1.12693,1.80,0.90
2022.02.01 20:44:58.745,1.12689,1.12692,0.90,0.90
2022.02.01 20:44:59.219,1.12688,1.12691,0.90,0.90
2022.02.01 20:45:00.712,1.12687,1.1269,0.90,1.34
2022.02.01 20:45:01.633,1.12686,1.12689,1.80,0.90
2022.02.01 20:45:05.653,1.12684,1.12687,0.90,0.90
2022.02.01 20:45:05.959,1.12686,1.12689,0.90,0.90
2022.02.01 20:45:06.169,1.12687,1.12689,0.90,0.90
2022.02.01 20:45:06.602,1.12687,1.1269,0.90,0.90
2022.02.01 20:45:07.573,1.12685,1.12688,0.90,0.90
2022.02.01 20:45:09.415,1.12684,1.12687,0.90,0.90
2022.02.01 20:45:10.996,1.12687,1.12688,0.90,0.90
2022.02.01 20:45:11.098,1.12687,1.1269,0.90,0.90
2022.02.01 20:45:11.415,1.12689,1.12692,0.90,1.34
2022.02.01 20:45:18.927,1.12688,1.12691,0.90,2.57
2022.02.01 20:45:19.030,1.12685,1.12688,0.90,0.90
2022.02.01 20:45:19.133,1.12686,1.12689,0.90,0.90
2022.02.01 20:45:19.393,1.12685,1.12688,0.90,0.90
2022.02.01 20:45:21.996,1.12687,1.1269,0.90,2.53
2022.02.01 20:45:22.098,1.12688,1.12691,0.90,0.90
2022.02.01 20:45:28.886,1.12689,1.12692,0.90,0.90
2022.02.01 20:45:29.146,1.12693,1.12695,0.44,5.23
2022.02.01 20:45:29.198,1.12697,1.12699,0.90,4.50
2022.02.01 20:45:29.351,1.12696,1.12699,0.12,4.50
2022.02.01 20:45:29.454,1.12698,1.12701,0.90,4.87
2022.02.01 20:45:29.912,1.12697,1.127,0.90,2.11
2022.02.01 20:45:29.964,1.12695,1.12696,0.90,0.90
2022.02.01 20:45:31.409,1.12693,1.12696,0.90,2.34
2022.02.01 20:45:33.553,1.12696,1.12699,0.90,3.43
2022.02.01 20:45:33.656,1.12697,1.127,0.98,0.90
2022.02.01 20:45:33.762,1.12699,1.12702,0.90,0.90
2022.02.01 20:45:35.204,1.12695,1.12698,5.39,0.90
2022.02.01 20:45:37.464,1.12696,1.12699,0.90,0.90
2022.02.01 20:45:38.013,1.12695,1.12698,0.90,0.90
2022.02.01 20:45:39.380,1.12699,1.127,1.88,1.63
2022.02.01 20:45:39.482,1.12701,1.12704,0.90,1.44
2022.02.01 20:45:39.788,1.12703,1.12705,0.90,1.63
2022.02.01 20:45:39.890,1.12703,1.12706,0.90,0.90
2022.02.01 20:45:40.344,1.12704,1.12707,0.90,0.90
2022.02.01 20:45:42.221,1.12701,1.12703,2.24,0.90
2022.02.01 20:45:42.323,1.127,1.12703,3.05,0.90
2022.02.01 20:45:48.895,1.12699,1.12702,0.90,4.14
2022.02.01 20:45:48.946,1.12696,1.12699,0.90,0.90
2022.02.01 20:45:53.763,1.12695,1.12698,0.90,0.90
2022.02.01 20:45:57.429,1.12694,1.12697,0.90,0.90
2022.02.01 20:46:00.044,1.12696,1.12697,0.90,0.90
2022.02.01 20:46:07.967,1.12694,1.12697,0.90,0.90
2022.02.01 20:46:11.384,1.12692,1.12695,0.90,1.13
2022.02.01 20:46:11.487,1.12691,1.12694,0.90,0.90
2022.02.01 20:46:12.482,1.1269,1.12693,0.90,0.90
2022.02.01 20:46:13.704,1.12689,1.12692,0.90,0.90
2022.02.01 20:46:14.457,1.12688,1.12691,0.90,0.90
2022.02.01 20:46:14.560,1.12686,1.12689,0.90,0.90
2022.02.01 20:46:15.413,1.12687,1.1269,0.90,1.80
2022.02.01 20:46:15.618,1.12688,1.12691,0.90,0.90
2022.02.01 20:46:15.826,1.12689,1.12692,0.90,0.90
2022.02.01 20:46:22.203,1.1269,1.12693,0.90,0.90
2022.02.01 20:46:28.582,1.12689,1.12692,0.98,0.90
2022.02.01 20:46:33.089,1.1269,1.12693,1.80,0.90
2022.02.01 20:46:36.773,1.12689,1.1269,0.90,0.90
2022.02.01 20:46:51.157,1.12691,1.12692,1.80,0.90
2022.02.01 20:47:02.771,1.12689,1.12692,2.11,0.90
2022.02.01 20:47:09.577,1.1269,1.12693,0.90,0.90
2022.02.01 20:47:11.560,1.12691,1.12694,0.90,0.90
2022.02.01 20:47:16.176,1.12693,1.12696,0.90,2.53
2022.02.01 20:47:20.084,1.12694,1.12697,0.90,0.98
2022.02.01 20:47:20.537,1.12696,1.12699,0.90,2.63
2022.02.01 20:47:20.639,1.12695,1.12698,0.90,0.90
2022.02.01 20:47:20.742,1.12694,1.12697,0.90,0.90
2022.02.01 20:47:21.125,1.12692,1.12694,0.44,0.90
2022.02.01 20:47:21.177,1.1269,1.12692,0.90,0.90
2022.02.01 20:47:21.279,1.12688,1.12691,0.90,1.44
2022.02.01 20:47:21.381,1.12687,1.1269,0.90,0.90
2022.02.01 20:47:22.725,1.12688,1.12691,0.90,0.90
2022.02.01 20:47:26.824,1.12686,1.12689,0.98,0.90
2022.02.01 20:47:37.583,1.12685,1.12688,0.90,0.90
2022.02.01 20:47:41.501,1.12687,1.1269,0.98,0.90
2022.02.01 20:47:48.090,1.12688,1.12691,0.90,0.90
2022.02.01 20:47:55.133,1.12687,1.1269,0.98,0.90
2022.02.01 20:47:57.045,1.1269,1.12693,0.90,2.53
2022.02.01 20:47:57.553,1.12691,1.12694,0.90,0.90
2022.02.01 20:48:04.952,1.12693,1.12696,0.90,0.90
2022.02.01 20:48:10.419,1.12692,1.12695,0.90,0.90
2022.02.01 20:48:10.684,1.12696,1.12698,3.14,2.09
2022.02.01 20:48:10.736,1.12697,1.127,0.90,0.90
2022.02.01 20:48:15.098,1.12698,1.12701,0.90,2.24
2022.02.01 20:48:16.093,1.12699,1.12702,0.90,0.90
2022.02.01 20:48:17.859,1.12698,1.12701,0.90,0.90
2022.02.01 20:48:21.971,1.12699,1.12702,0.90,0.90
2022.02.01 20:48:26.309,1.127,1.12703,0.90,2.53
2022.02.01 20:48:26.615,1.12698,1.12701,0.90,0.90
2022.02.01 20:48:32.370,1.12696,1.12699,0.90,0.90
2022.02.01 20:48:36.855,1.12697,1.127,1.34,0.90
2022.02.01 20:48:51.160,1.127,1.12702,3.68,0.90
2022.02.01 20:48:51.263,1.12701,1.12704,2.34,0.90
2022.02.01 20:48:52.790,1.127,1.12703,1.13,0.90
2022.02.01 20:49:01.385,1.12699,1.12702,0.90,0.90
2022.02.01 20:49:02.052,1.12697,1.127,0.90,0.90
2022.02.01 20:49:06.710,1.12698,1.12701,0.90,0.90
2022.02.01 20:49:07.726,1.12699,1.12702,3.01,0.90
2022.02.01 20:49:07.828,1.127,1.12703,0.90,0.90
2022.02.01 20:49:12.892,1.12698,1.12701,1.34,0.90
2022.02.01 20:49:14.085,1.12697,1.12701,3.83,0.90
2022.02.01 20:49:14.680,1.12697,1.127,0.90,0.90
2022.02.01 20:49:14.834,1.12696,1.12699,0.90,0.90
2022.02.01 20:49:15.326,1.12695,1.12697,0.23,0.90
2022.02.01 20:49:15.964,1.12692,1.12696,2.78,0.90
2022.02.01 20:49:16.066,1.12692,1.12695,1.80,0.90
2022.02.01 20:49:16.288,1.12691,1.12695,1.34,0.90
2022.02.01 20:49:20.067,1.12691,1.12694,2.24,0.90
2022.02.01 20:49:20.169,1.12691,1.12695,1.34,0.98
2022.02.01 20:49:21.659,1.12691,1.12694,1.34,0.90
2022.02.01 20:49:21.813,1.12691,1.12695,2.24,0.90
2022.02.01 20:49:22.272,1.1269,1.12692,0.90,0.90
2022.02.01 20:49:24.173,1.12689,1.12692,0.90,0.90
2022.02.01 20:49:26.969,1.12691,1.12694,1.34,0.12
2022.02.01 20:49:27.072,1.12691,1.12695,2.78,0.98
2022.02.01 20:49:28.611,1.12692,1.12695,0.90,0.98
2022.02.01 20:49:29.855,1.12691,1.12695,1.44,0.98
2022.02.01 20:49:29.958,1.12691,1.12694,0.98,0.90
2022.02.01 20:49:32.036,1.1269,1.12693,0.90,0.98
2022.02.01 20:49:32.088,1.12688,1.12692,0.98,0.98
2022.02.01 20:49:32.190,1.1269,1.12691,0.23,0.98
2022.02.01 20:49:47.923,1.12692,1.12693,6.74,1.63
2022.02.01 20:49:48.026,1.12692,1.12695,2.70,0.90
2022.02.01 20:49:48.321,1.12693,1.12697,0.90,0.98
2022.02.01 20:49:48.425,1.12693,1.12696,0.90,0.90
2022.02.01 20:49:51.301,1.12692,1.12695,0.90,0.98
2022.02.01 20:49:51.419,1.12691,1.12694,0.90,0.90
2022.02.01 20:49:52.206,1.12691,1.12692,1.80,0.90
2022.02.01 20:49:58.857,1.12689,1.12692,0.90,0.98
2022.02.01 20:49:59.163,1.12688,1.12692,0.90,0.98
2022.02.01 20:50:00.111,1.1269,1.12692,0.90,0.90
2022.02.01 20:50:00.162,1.12688,1.12692,0.98,0.90
2022.02.01 20:50:00.965,1.12689,1.12692,3.01,0.90
2022.02.01 20:50:01.067,1.1269,1.12693,0.90,0.90
2022.02.01 20:50:02.522,1.12689,1.12693,1.88,0.90
2022.02.01 20:50:03.063,1.12689,1.12692,1.80,0.90
2022.02.01 20:50:06.242,1.12688,1.12692,2.34,0.90
2022.02.01 20:50:09.252,1.12686,1.12688,2.59,2.24
2022.02.01 20:50:09.304,1.12683,1.12685,6.65,0.90
2022.02.01 20:50:09.508,1.12682,1.12685,2.34,0.90
2022.02.01 20:50:17.045,1.12681,1.12684,3.05,0.98
2022.02.01 20:50:17.147,1.1268,1.12683,0.90,0.98
2022.02.01 20:50:17.301,1.12679,1.12681,0.90,0.98
2022.02.01 20:50:20.201,1.12678,1.12681,0.90,0.98
2022.02.01 20:50:20.303,1.12677,1.1268,0.90,0.90
2022.02.01 20:50:22.496,1.12677,1.12681,2.70,0.90
2022.02.01 20:50:25.312,1.12677,1.1268,0.90,0.90
2022.02.01 20:50:36.041,1.12675,1.12678,4.39,0.98
2022.02.01 20:50:36.144,1.12675,1.12677,0.90,0.90
2022.02.01 20:50:36.398,1.12674,1.12677,0.90,0.98
2022.02.01 20:50:36.551,1.12672,1.12675,3.24,0.90
2022.02.01 20:50:37.102,1.1267,1.12673,0.90,0.90
2022.02.01 20:50:38.418,1.12669,1.12672,1.13,0.90
2022.02.01 20:50:39.964,1.12671,1.12674,0.90,0.90
2022.02.01 20:50:42.145,1.1267,1.12673,3.26,0.90
2022.02.01 20:50:44.544,1.12671,1.12674,1.80,0.90
2022.02.01 20:50:45.643,1.12672,1.12675,0.90,0.98
2022.02.01 20:50:53.309,1.12673,1.12676,0.90,0.98
2022.02.01 20:50:56.163,1.12674,1.12677,2.70,0.90
2022.02.01 20:50:58.322,1.12674,1.12676,0.90,0.12
2022.02.01 20:51:00.494,1.12674,1.12677,0.90,0.98
2022.02.01 20:51:01.040,1.12673,1.12676,1.80,0.90
2022.02.01 20:51:04.331,1.12675,1.12678,0.90,0.90
2022.02.01 20:51:04.493,1.12674,1.12677,0.90,0.90
2022.02.01 20:51:05.843,1.12673,1.12676,0.90,0.90
2022.02.01 20:51:15.784,1.12675,1.12678,0.90,0.98
2022.02.01 20:51:26.161,1.12677,1.1268,0.90,0.98
2022.02.01 20:51:26.369,1.12679,1.12682,0.90,5.40
2022.02.01 20:51:28.360,1.12681,1.12684,0.90,1.88
2022.02.01 20:51:28.463,1.12683,1.12684,0.90,2.53
2022.02.01 20:51:29.402,1.12681,1.12683,0.90,0.90
2022.02.01 20:51:29.504,1.12681,1.12684,0.90,0.98
2022.02.01 20:51:36.354,1.12682,1.12685,2.24,0.90
2022.02.01 20:51:36.456,1.12683,1.12686,0.90,0.98
2022.02.01 20:51:50.034,1.12682,1.12685,2.24,0.90
2022.02.01 20:51:50.797,1.12684,1.12687,1.13,0.90
2022.02.01 20:51:56.034,1.12683,1.12686,2.24,0.90
2022.02.01 20:51:57.295,1.12682,1.12685,0.90,0.90
2022.02.01 20:51:59.601,1.1268,1.12683,3.05,0.98
2022.02.01 20:52:01.163,1.12683,1.12684,0.90,3.07
2022.02.01 20:52:03.559,1.12683,1.12685,0.67,0.90
2022.02.01 20:52:03.611,1.12684,1.12687,2.93,0.90
2022.02.01 20:52:08.958,1.12683,1.12686,0.90,0.90
2022.02.01 20:52:17.035,1.12682,1.12685,2.34,0.90
2022.02.01 20:52:20.760,1.12681,1.12684,2.70,0.90
2022.02.01 20:52:23.036,1.12682,1.12684,0.90,0.90
2022.02.01 20:52:23.138,1.12681,1.12684,3.14,0.90
2022.02.01 20:52:41.035,1.12682,1.12685,0.90,0.98
2022.02.01 20:52:50.690,1.1268,1.12683,3.95,0.98
2022.02.01 20:52:51.466,1.12679,1.12682,0.90,0.98
2022.02.01 20:52:52.463,1.12681,1.12683,1.34,0.12
2022.02.01 20:52:52.570,1.12681,1.12684,2.24,0.90
2022.02.01 20:53:11.140,1.1268,1.12683,2.24,0.98
2022.02.01 20:53:11.242,1.1268,1.12682,1.80,0.90
2022.02.01 20:53:12.130,1.1268,1.12683,0.90,0.90
2022.02.01 20:53:12.232,1.12681,1.12684,2.24,0.90
2022.02.01 20:53:15.813,1.12682,1.12685,0.90,0.98
2022.02.01 20:53:16.933,1.12681,1.12684,0.90,0.90
2022.02.01 20:53:17.824,1.1268,1.12683,2.70,0.90
2022.02.01 20:53:18.876,1.1268,1.12682,0.90,0.12
2022.02.01 20:53:19.417,1.1268,1.12683,0.90,1.88
2022.02.01 20:53:19.571,1.1268,1.12682,0.90,0.12
2022.02.01 20:53:20.821,1.12679,1.12682,1.13,0.98
2022.02.01 20:53:23.915,1.12678,1.12682,0.90,1.44
2022.02.01 20:53:24.339,1.12679,1.12682,0.23,0.90
2022.02.01 20:53:25.536,1.1268,1.12683,1.80,0.90
2022.02.01 20:53:27.286,1.12682,1.12685,0.90,2.63
2022.02.01 20:53:28.702,1.12683,1.12686,0.90,1.34
2022.02.01 20:53:31.326,1.12682,1.12685,2.70,0.90
2022.02.01 20:53:37.786,1.12683,1.12686,1.80,0.90
2022.02.01 20:53:41.165,1.12685,1.12687,0.90,0.90
2022.02.01 20:53:41.318,1.12684,1.12687,2.24,0.90
2022.02.01 20:53:41.977,1.12685,1.12688,0.90,0.90
2022.02.01 20:53:42.604,1.12685,1.12687,0.90,0.90
2022.02.01 20:53:42.706,1.12684,1.12687,0.90,0.90
2022.02.01 20:53:44.760,1.12684,1.12686,0.90,0.44
2022.02.01 20:53:44.988,1.12683,1.12686,0.90,1.34
2022.02.01 20:53:46.741,1.12682,1.12685,0.90,0.90
2022.02.01 20:53:52.452,1.1268,1.12683,0.90,0.98
2022.02.01 20:53:52.555,1.12679,1.12682,0.90,0.90
2022.02.01 20:53:55.075,1.1268,1.12683,1.80,0.90
2022.02.01 20:53:59.034,1.12679,1.12682,0.90,0.90
2022.02.01 20:54:02.012,1.1268,1.12683,0.90,0.98
2022.02.01 20:54:03.024,1.1268,1.12684,0.90,1.44
2022.02.01 20:54:04.779,1.12681,1.12682,0.90,0.90
2022.02.01 20:54:08.815,1.12681,1.12684,3.14,0.90
2022.02.01 20:54:08.917,1.12682,1.12685,3.24,1.34
2022.02.01 20:54:10.099,1.12683,1.12685,2.15,0.90
2022.02.01 20:54:10.325,1.12682,1.12685,4.49,0.90
2022.02.01 20:54:16.176,1.12686,1.12689,1.80,1.44
2022.02.01 20:54:31.178,1.12686,1.1269,4.04,0.98
2022.02.01 20:54:31.280,1.12687,1.1269,0.90,0.98
2022.02.01 20:54:31.484,1.12686,1.1269,6.38,0.90
2022.02.01 20:54:32.799,1.12687,1.1269,0.90,0.98
2022.02.01 20:54:33.693,1.12686,1.1269,4.14,0.90
2022.02.01 20:54:38.035,1.12686,1.12689,2.70,0.90
2022.02.01 20:54:41.713,1.12685,1.12687,2.24,0.90
2022.02.01 20:54:41.764,1.12687,1.12688,0.44,5.48
2022.02.01 20:54:41.917,1.12686,1.12689,2.24,0.90
2022.02.01 20:54:51.757,1.12686,1.12688,0.44,0.90
2022.02.01 20:54:51.809,1.12684,1.12687,1.80,0.90
2022.02.01 20:54:57.241,1.12683,1.12686,0.90,0.90
2022.02.01 20:54:57.343,1.12682,1.12685,1.88,0.90
2022.02.01 20:55:00.135,1.12685,1.12688,3.68,1.63
2022.02.01 20:55:00.238,1.12686,1.12689,2.24,0.90
2022.02.01 20:55:06.758,1.12693,1.12695,1.34,0.90
2022.02.01 20:55:06.860,1.12692,1.12695,2.34,0.90
2022.02.01 20:55:07.064,1.12693,1.12695,0.90,0.90
2022.02.01 20:55:07.167,1.12693,1.12696,0.90,0.90
2022.02.01 20:55:07.269,1.12696,1.12698,1.44,1.63
2022.02.01 20:55:07.372,1.12696,1.12699,4.58,0.90
2022.02.01 20:55:07.731,1.12694,1.12697,2.70,0.90
2022.02.01 20:55:08.839,1.12696,1.12699,0.90,0.90
2022.02.01 20:55:11.517,1.12695,1.12698,0.90,0.90
2022.02.01 20:55:11.826,1.12696,1.12698,0.44,0.90
2022.02.01 20:55:13.441,1.12697,1.127,0.90,0.90
2022.02.01 20:55:15.393,1.12698,1.12702,1.80,1.44
2022.02.01 20:55:16.642,1.12698,1.12701,0.90,0.90
2022.02.01 20:55:18.923,1.12697,1.127,0.90,0.90
2022.02.01 20:55:19.228,1.12696,1.12699,0.90,0.90
2022.02.01 20:55:19.542,1.12695,1.12698,0.90,0.90
2022.02.01 20:55:20.705,1.12693,1.12696,0.90,0.90
2022.02.01 20:55:25.820,1.12695,1.12698,0.90,0.90
2022.02.01 20:55:27.988,1.12698,1.12701,1.44,2.81
2022.02.01 20:55:28.091,1.12698,1.12702,0.98,0.90
2022.02.01 20:55:29.478,1.12698,1.127,0.12,0.90
2022.02.01 20:55:29.705,1.12698,1.12699,1.34,0.90
2022.02.01 20:55:32.493,1.12696,1.12699,3.68,0.90
2022.02.01 20:55:41.176,1.12698,1.12702,0.98,3.53
2022.02.01 20:55:42.973,1.12698,1.12701,0.90,0.98
2022.02.01 20:55:43.103,1.12697,1.127,1.80,0.98
2022.02.01 20:55:57.047,1.12696,1.12699,0.90,1.44
2022.02.01 20:55:57.149,1.12696,1.12698,0.90,0.12
2022.02.01 20:56:00.087,1.12695,1.12698,0.90,0.98
2022.02.01 20:56:00.189,1.12694,1.12697,0.90,0.98
2022.02.01 20:56:12.742,1.12693,1.12696,0.90,0.90
2022.02.01 20:56:14.994,1.12694,1.12697,0.90,0.98
2022.02.01 20:56:15.677,1.12695,1.12698,0.90,2.63
2022.02.01 20:56:17.011,1.12694,1.12696,0.90,0.90
2022.02.01 20:56:20.885,1.12695,1.12696,0.90,0.98
2022.02.01 20:56:22.672,1.12694,1.12696,0.90,0.44
2022.02.01 20:56:23.370,1.12694,1.12697,0.90,0.98
2022.02.01 20:56:34.783,1.12693,1.12696,1.08,0.90
2022.02.01 20:56:37.107,1.12697,1.127,0.90,3.76
2022.02.01 20:56:37.210,1.12697,1.12699,0.90,0.44
2022.02.01 20:56:37.312,1.12696,1.12699,0.90,1.34
2022.02.01 20:56:43.287,1.12697,1.127,0.90,2.57
2022.02.01 20:56:43.655,1.12697,1.12699,0.90,0.44
2022.02.01 20:56:44.648,1.12697,1.127,0.90,3.19
2022.02.01 20:56:48.450,1.12702,1.12704,0.90,3.43
2022.02.01 20:56:48.553,1.12705,1.12706,0.90,9.29
2022.02.01 20:56:49.218,1.12705,1.12708,0.90,1.44
2022.02.01 20:56:49.533,1.12704,1.12707,0.90,0.90
2022.02.01 20:56:54.832,1.12702,1.12705,1.80,0.90
2022.02.01 20:56:54.934,1.12702,1.12704,0.90,0.44
2022.02.01 20:56:56.708,1.12701,1.12704,0.90,1.34
2022.02.01 20:56:58.369,1.127,1.12703,1.34,1.44
2022.02.01 20:56:58.472,1.12699,1.12702,0.90,1.34
2022.02.01 20:57:01.650,1.127,1.12703,1.80,0.90
2022.02.01 20:57:02.725,1.12701,1.12704,0.90,0.90
2022.02.01 20:57:06.275,1.127,1.12703,0.90,0.90
2022.02.01 20:57:06.924,1.127,1.12704,2.78,1.34
2022.02.01 20:57:07.027,1.127,1.12703,2.70,0.90
2022.02.01 20:57:07.180,1.127,1.12701,0.98,0.90
2022.02.01 20:57:07.943,1.12697,1.127,2.70,0.90
2022.02.01 20:57:10.505,1.12695,1.12697,1.34,1.88
2022.02.01 20:57:10.608,1.12692,1.12695,5.40,0.90
2022.02.01 20:57:23.823,1.1269,1.12692,4.85,0.12
2022.02.01 20:57:23.875,1.12687,1.1269,5.40,1.13
2022.02.01 20:57:30.080,1.12687,1.12692,3.83,0.98
2022.02.01 20:57:30.131,1.12687,1.1269,2.70,0.90
2022.02.01 20:57:34.045,1.12685,1.12687,2.34,0.98
2022.02.01 20:57:56.159,1.12686,1.12689,1.34,1.44
2022.02.01 20:57:59.128,1.12685,1.12689,2.78,0.98
2022.02.01 20:57:59.230,1.12687,1.12688,1.88,0.90
2022.02.01 20:58:00.874,1.12685,1.12688,0.90,0.98
2022.02.01 20:58:00.976,1.12684,1.12688,0.12,0.12
2022.02.01 20:58:04.051,1.12685,1.12689,0.98,0.12
2022.02.01 20:58:04.204,1.12683,1.12688,5.96,0.12
2022.02.01 20:58:06.109,1.12684,1.12688,0.90,0.12
2022.02.01 20:58:06.211,1.12683,1.12688,2.47,0.12
2022.02.01 20:58:07.050,1.12683,1.12689,5.52,0.12
2022.02.01 20:58:07.153,1.12683,1.12688,0.44,0.12
2022.02.01 20:58:07.702,1.12685,1.12687,0.90,0.12
2022.02.01 20:58:08.182,1.12684,1.12689,0.90,1.67
2022.02.01 20:58:08.300,1.12684,1.12688,0.90,0.12
2022.02.01 20:58:09.244,1.12682,1.12687,3.14,0.12
2022.02.01 20:58:09.447,1.12683,1.12687,0.23,0.12
2022.02.01 20:58:09.782,1.12682,1.12687,3.14,0.12
2022.02.01 20:58:09.966,1.12683,1.12685,0.98,0.12
2022.02.01 20:58:10.068,1.12684,1.12687,4.50,0.12
2022.02.01 20:58:10.124,1.12685,1.1269,1.88,1.73
2022.02.01 20:58:10.328,1.12686,1.1269,0.90,0.12
2022.02.01 20:58:10.430,1.12685,1.12688,7.99,0.12
2022.02.01 20:58:10.532,1.12685,1.1269,1.88,0.54
2022.02.01 20:58:10.991,1.12686,1.1269,3.14,0.12
2022.02.01 20:58:11.144,1.12687,1.12691,0.90,0.12
2022.02.01 20:58:11.246,1.12686,1.12691,3.24,0.31
2022.02.01 20:58:12.414,1.12687,1.12691,0.90,0.54
2022.02.01 20:58:12.701,1.12686,1.12691,6.38,0.54
2022.02.01 20:58:13.006,1.12688,1.12692,0.90,1.73
2022.02.01 20:58:13.108,1.12688,1.12693,0.12,0.54
2022.02.01 20:58:14.378,1.12688,1.12691,0.12,0.90
2022.02.01 20:58:14.481,1.12687,1.12691,0.12,0.12
2022.02.01 20:58:19.011,1.12686,1.1269,0.98,0.31
2022.02.01 20:58:19.113,1.12684,1.12688,2.23,0.12
2022.02.01 20:58:26.179,1.12685,1.12689,0.12,0.12
2022.02.01 20:58:31.120,1.12684,1.12688,0.90,0.12
2022.02.01 20:58:31.222,1.12686,1.12689,0.90,0.12
2022.02.01 20:58:31.324,1.12685,1.12689,1.88,0.12
2022.02.01 20:58:33.576,1.12686,1.1269,1.88,0.12
2022.02.01 20:58:33.679,1.12686,1.12689,1.34,0.12
2022.02.01 20:58:33.781,1.12686,1.1269,0.54,0.12
2022.02.01 20:58:34.849,1.12686,1.12689,1.34,0.12
2022.02.01 20:58:39.860,1.12685,1.12689,0.98,0.12
2022.02.01 20:58:48.468,1.12684,1.12688,0.98,0.12
2022.02.01 20:58:48.622,1.12683,1.12687,3.13,0.12
2022.02.01 20:58:49.070,1.12684,1.12687,0.90,0.12
2022.02.01 20:58:49.172,1.12683,1.12687,1.21,0.12
2022.02.01 20:58:51.280,1.12684,1.12688,0.98,0.54
2022.02.01 20:58:56.448,1.12683,1.12687,4.26,0.12
2022.02.01 20:59:03.366,1.12684,1.12688,0.98,0.09
2022.02.01 20:59:08.378,1.12685,1.12688,0.90,0.09
2022.02.01 20:59:08.479,1.12684,1.12688,0.98,0.09
2022.02.01 20:59:08.915,1.12684,1.12687,0.90,0.09
2022.02.01 20:59:15.740,1.12684,1.12688,0.98,0.09
2022.02.01 20:59:17.410,1.12685,1.12689,1.88,0.31
2022.02.01 20:59:17.513,1.12685,1.12687,0.90,0.09
2022.02.01 20:59:18.889,1.12685,1.12688,0.90,0.09
2022.02.01 20:59:21.707,1.12684,1.12688,0.90,0.09
2022.02.01 20:59:27.354,1.12684,1.12687,0.90,0.09
2022.02.01 20:59:29.380,1.12683,1.12687,1.13,0.09
2022.02.01 20:59:30.526,1.12684,1.12687,0.90,0.98
2022.02.01 20:59:33.240,1.12685,1.12687,0.23,0.09
2022.02.01 20:59:33.571,1.12685,1.12686,2.03,0.09
2022.02.01 20:59:37.179,1.12684,1.12688,1.21,0.09
2022.02.01 20:59:41.025,1.12685,1.12688,0.23,0.09
2022.02.01 20:59:42.360,1.12684,1.12688,0.98,0.09
2022.02.01 20:59:44.723,1.12685,1.12689,1.21,0.09
2022.02.01 20:59:46.057,1.12685,1.1269,3.47,0.54
2022.02.01 20:59:46.159,1.12686,1.12688,0.98,1.88
2022.02.01 20:59:47.007,1.12686,1.12689,1.34,2.34
2022.02.01 20:59:47.109,1.12686,1.12688,2.78,1.88
2022.02.01 20:59:47.211,1.12686,1.12689,1.34,1.88
2022.02.01 20:59:49.662,1.12686,1.1269,2.34,2.78
2022.02.01 20:59:50.049,1.12686,1.12691,1.44,1.21
2022.02.01 20:59:50.151,1.12686,1.1269,2.34,0.09
2022.02.01 20:59:51.111,1.12686,1.12689,3.14,0.09
2022.02.01 20:59:51.478,1.12687,1.12689,2.34,0.09
2022.02.01 20:59:52.111,1.12685,1.12689,0.98,0.09
2022.02.01 20:59:53.255,1.12685,1.12688,0.90,0.09
2022.02.01 20:59:55.104,1.12686,1.12689,0.44,0.09
2022.02.01 20:59:55.409,1.12685,1.12689,1.21,0.09
2022.02.01 20:59:56.126,1.12685,1.12688,0.90,0.09
2022.02.01 20:59:56.746,1.12685,1.12689,2.11,0.54
2022.02.01 20:59:56.848,1.12686,1.12689,1.34,0.09
2022.02.01 20:59:57.068,1.12685,1.12688,0.90,0.09
2022.02.01 20:59:58.105,1.12685,1.12689,1.88,0.09
2022.02.01 20:59:58.970,1.12686,1.12689,1.34,0.09
2022.02.01 20:59:59.129,1.12685,1.12689,2.11,0.09
2022.02.01 20:59:59.231,1.12686,1.12689,1.34,0.09
2022.02.01 20:59:59.333,1.12685,1.12689,2.11,0.09
2022.02.01 20:59:59.895,1.12686,1.12689,1.34,0.09
2022.02.01 20:59:59.997,1.12686,1.12688,1.44,0.09
