2022.01.03 23:00:00.176,1.12948,1.12964,0.37,0.75
2022.01.03 23:00:00.558,1.12949,1.12964,0.37,0.75
2022.01.03 23:00:00.762,1.12948,1.12964,0.37,0.75
2022.01.03 23:00:00.864,1.12947,1.12964,0.41,0.75
2022.01.03 23:00:01.075,1.12946,1.12964,0.42,0.75
2022.01.03 23:00:03.421,1.1295,1.12965,0.75,0.75
2022.01.03 23:00:04.620,1.12952,1.12965,0.19,0.75
2022.01.03 23:00:04.723,1.12953,1.12964,0.75,0.82
2022.01.03 23:00:04.825,1.1296,1.12973,0.37,3.75
2022.01.03 23:00:04.877,1.12964,1.12979,0.75,1.95
2022.01.03 23:00:04.928,1.12963,1.12982,0.75,0.75
2022.01.03 23:00:06.903,1.12962,1.12981,0.75,0.75
2022.01.03 23:00:10.712,1.12964,1.12981,0.75,0.75
2022.01.03 23:00:12.134,1.12964,1.12983,0.75,1.12
2022.01.03 23:00:12.757,1.12965,1.12983,0.75,2.25
2022.01.03 23:00:18.999,1.12964,1.12983,0.75,0.75
2022.01.03 23:00:20.969,1.12965,1.12983,0.75,1.12
2022.01.03 23:00:21.959,1.12965,1.12984,0.75,1.50
2022.01.03 23:00:22.350,1.12966,1.12982,0.75,2.25
2022.01.03 23:00:22.938,1.12965,1.12982,0.75,0.75
2022.01.03 23:00:23.188,1.12965,1.12983,0.75,3.00
2022.01.03 23:00:24.317,1.12964,1.12983,0.37,0.75
2022.01.03 23:00:25.259,1.12964,1.12984,0.37,1.12
2022.01.03 23:00:25.311,1.12966,1.12984,0.75,1.12
2022.01.03 23:00:26.914,1.12967,1.12982,0.75,0.75
2022.01.03 23:00:27.017,1.12965,1.12983,0.75,1.50
2022.01.03 23:00:27.743,1.12963,1.12979,0.75,0.37
2022.01.03 23:00:33.844,1.12964,1.12982,0.75,1.12
2022.01.03 23:00:33.947,1.12962,1.12983,1.31,4.88
2022.01.03 23:00:34.936,1.12965,1.12983,0.75,1.12
2022.01.03 23:00:36.312,1.12966,1.12983,0.75,0.37
2022.01.03 23:00:37.135,1.12966,1.12984,0.75,1.12
2022.01.03 23:00:37.441,1.12966,1.12983,0.75,0.37
2022.01.03 23:00:38.954,1.12966,1.12982,0.75,0.37
2022.01.03 23:00:41.105,1.12966,1.12981,0.75,0.37
2022.01.03 23:00:41.208,1.12965,1.12981,0.75,0.37
2022.01.03 23:00:45.176,1.12964,1.12981,0.75,0.37
2022.01.03 23:00:45.651,1.12964,1.12982,0.75,1.12
2022.01.03 23:00:45.804,1.12964,1.12981,0.75,0.37
2022.01.03 23:00:47.090,1.12964,1.1298,0.75,0.37
2022.01.03 23:00:48.137,1.12964,1.12979,0.75,0.37
2022.01.03 23:00:48.314,1.12963,1.12979,0.75,0.75
2022.01.03 23:00:49.190,1.12964,1.12976,0.37,0.37
2022.01.03 23:00:49.879,1.12963,1.12978,1.87,0.37
2022.01.03 23:00:50.083,1.12964,1.12978,0.37,0.37
2022.01.03 23:00:50.722,1.12964,1.12977,0.37,0.37
2022.01.03 23:00:50.825,1.12963,1.12977,1.87,0.37
2022.01.03 23:00:50.962,1.12964,1.12977,0.37,0.37
2022.01.03 23:00:51.091,1.12963,1.12977,1.87,0.37
2022.01.03 23:00:51.193,1.12964,1.12977,0.37,0.37
2022.01.03 23:00:53.213,1.12963,1.12977,1.87,0.37
2022.01.03 23:00:53.315,1.12964,1.12977,0.37,0.37
2022.01.03 23:00:53.417,1.12964,1.12976,0.37,0.37
2022.01.03 23:00:53.519,1.12963,1.12976,1.87,0.37
2022.01.03 23:00:53.621,1.12965,1.12975,0.37,0.37
2022.01.03 23:00:54.163,1.12963,1.12976,1.87,0.37
2022.01.03 23:00:54.265,1.12965,1.12975,0.37,0.37
2022.01.03 23:00:54.854,1.12963,1.12976,1.12,0.37
2022.01.03 23:00:55.007,1.12964,1.12976,0.37,0.37
2022.01.03 23:00:55.109,1.12963,1.12976,1.12,0.37
2022.01.03 23:00:55.211,1.12964,1.12976,0.37,0.37
2022.01.03 23:00:55.470,1.12963,1.12976,1.12,0.37
2022.01.03 23:00:56.437,1.12964,1.12976,1.12,0.37
2022.01.03 23:00:56.641,1.12962,1.12977,1.12,0.37
2022.01.03 23:00:56.743,1.1296,1.12977,1.12,0.37
2022.01.03 23:00:56.795,1.12963,1.12977,0.37,0.37
2022.01.03 23:00:59.393,1.12962,1.12977,0.37,0.37
2022.01.03 23:00:59.495,1.12962,1.12972,0.75,0.37
2022.01.03 23:01:00.034,1.12962,1.12973,0.37,0.37
2022.01.03 23:01:01.679,1.12962,1.12974,0.37,0.37
2022.01.03 23:01:02.388,1.12963,1.12974,0.37,0.37
2022.01.03 23:01:04.361,1.12962,1.12974,0.37,0.37
2022.01.03 23:01:05.444,1.12963,1.12975,0.37,0.37
2022.01.03 23:01:05.546,1.12963,1.12976,0.37,0.75
2022.01.03 23:01:07.305,1.12964,1.12976,0.37,0.37
2022.01.03 23:01:09.057,1.12962,1.12977,1.50,0.37
2022.01.03 23:01:14.767,1.12962,1.12976,0.37,0.37
2022.01.03 23:01:14.869,1.12962,1.12977,0.37,1.12
2022.01.03 23:01:16.250,1.12962,1.12976,0.37,1.12
2022.01.03 23:01:16.773,1.12962,1.12975,0.37,0.75
2022.01.03 23:01:17.210,1.12962,1.12976,0.37,1.12
2022.01.03 23:01:17.313,1.12962,1.12975,0.37,1.12
2022.01.03 23:01:17.517,1.12962,1.12975,1.31,0.39
2022.01.03 23:01:18.525,1.12962,1.12974,0.37,0.39
2022.01.03 23:01:18.814,1.12962,1.12973,0.37,0.39
2022.01.03 23:01:19.069,1.12963,1.12972,0.37,0.77
2022.01.03 23:01:19.171,1.12963,1.12973,0.94,0.77
2022.01.03 23:01:19.273,1.12962,1.12971,0.37,0.37
2022.01.03 23:01:19.375,1.12962,1.12972,0.37,0.39
2022.01.03 23:01:19.478,1.12963,1.12972,0.94,0.39
2022.01.03 23:01:19.686,1.12962,1.12972,0.37,0.39
2022.01.03 23:01:19.788,1.12962,1.12973,0.37,0.37
2022.01.03 23:01:20.320,1.12962,1.12973,0.37,0.39
2022.01.03 23:01:20.551,1.12962,1.12973,0.37,0.77
2022.01.03 23:01:20.821,1.12962,1.12972,0.37,0.39
2022.01.03 23:01:22.773,1.12964,1.12971,0.37,0.39
2022.01.03 23:01:22.876,1.12964,1.12971,2.06,0.39
2022.01.03 23:01:23.130,1.12965,1.12975,0.37,0.37
2022.01.03 23:01:23.233,1.12966,1.12975,0.37,0.37
2022.01.03 23:01:23.687,1.12965,1.12975,0.37,0.39
2022.01.03 23:01:23.929,1.12965,1.12975,0.37,0.37
2022.01.03 23:01:24.031,1.12966,1.12975,0.37,0.37
2022.01.03 23:01:24.450,1.12966,1.12975,0.37,0.39
2022.01.03 23:01:24.693,1.12966,1.12975,0.37,0.37
2022.01.03 23:01:25.186,1.12966,1.12975,0.37,0.39
2022.01.03 23:01:25.473,1.12967,1.12974,0.37,0.37
2022.01.03 23:01:25.977,1.12966,1.12975,0.37,0.39
2022.01.03 23:01:26.233,1.12966,1.12975,0.37,0.37
2022.01.03 23:01:26.466,1.12965,1.12975,0.37,0.39
2022.01.03 23:01:26.727,1.12965,1.12975,0.37,0.39
2022.01.03 23:01:26.994,1.12965,1.12975,0.37,0.77
2022.01.03 23:01:27.249,1.12965,1.12974,0.37,0.39
2022.01.03 23:01:27.467,1.12966,1.12975,0.37,0.37
2022.01.03 23:01:27.569,1.12966,1.12976,0.37,0.39
2022.01.03 23:01:27.773,1.12966,1.12976,0.37,0.39
2022.01.03 23:01:27.998,1.12966,1.12976,0.37,0.77
2022.01.03 23:01:28.222,1.12965,1.12975,0.37,0.39
2022.01.03 23:01:28.324,1.12965,1.12975,0.37,0.37
2022.01.03 23:01:28.765,1.12965,1.12975,0.37,0.39
2022.01.03 23:01:29.039,1.12965,1.12975,0.37,0.37
2022.01.03 23:01:29.522,1.12965,1.12975,0.37,0.39
2022.01.03 23:01:29.777,1.12965,1.12975,0.37,0.37
2022.01.03 23:01:30.220,1.12966,1.12976,0.37,0.84
2022.01.03 23:01:30.323,1.12966,1.12975,0.37,0.47
2022.01.03 23:01:30.541,1.12966,1.12975,0.37,0.82
2022.01.03 23:01:30.949,1.12966,1.12974,0.37,0.82
2022.01.03 23:01:31.552,1.12965,1.12974,0.37,0.47
2022.01.03 23:01:31.777,1.12966,1.12974,0.37,0.47
2022.01.03 23:01:31.880,1.12966,1.12974,0.37,0.82
2022.01.03 23:01:31.982,1.12966,1.12975,0.37,0.82
2022.01.03 23:01:32.559,1.12966,1.12975,0.37,0.47
2022.01.03 23:01:32.845,1.12966,1.12975,0.37,1.22
2022.01.03 23:01:33.098,1.12966,1.12975,0.37,0.82
2022.01.03 23:01:33.847,1.12966,1.12975,0.37,0.47
2022.01.03 23:01:34.112,1.12966,1.12975,0.37,1.22
2022.01.03 23:01:34.346,1.12967,1.12973,0.37,0.82
2022.01.03 23:01:35.398,1.12966,1.12974,0.37,0.47
2022.01.03 23:01:35.662,1.12967,1.12973,0.37,0.82
2022.01.03 23:01:36.612,1.12965,1.12974,0.37,0.84
2022.01.03 23:01:36.715,1.12965,1.12974,0.37,0.47
2022.01.03 23:01:36.888,1.12966,1.12973,0.37,0.84
2022.01.03 23:01:37.167,1.12965,1.12973,0.37,0.39
2022.01.03 23:01:37.389,1.12965,1.12972,0.37,0.39
2022.01.03 23:01:37.659,1.12965,1.12974,0.37,0.82
2022.01.03 23:01:38.202,1.12965,1.12975,0.37,0.82
2022.01.03 23:01:38.440,1.12965,1.12975,0.37,0.47
2022.01.03 23:01:38.695,1.12965,1.12975,0.37,1.22
2022.01.03 23:01:38.927,1.12965,1.12974,0.37,0.84
2022.01.03 23:01:39.205,1.12966,1.12974,0.37,0.82
2022.01.03 23:01:39.307,1.12966,1.12975,0.37,0.82
2022.01.03 23:01:40.208,1.12966,1.12975,0.37,0.47
2022.01.03 23:01:40.481,1.12966,1.12975,0.37,1.22
2022.01.03 23:01:40.736,1.12966,1.12974,0.37,0.84
2022.01.03 23:01:40.991,1.12966,1.12974,0.37,0.37
2022.01.03 23:01:41.296,1.12966,1.12975,0.37,0.82
2022.01.03 23:01:42.006,1.12966,1.12975,0.37,0.47
2022.01.03 23:01:42.261,1.12965,1.12975,0.75,1.22
2022.01.03 23:01:42.363,1.12966,1.12974,0.37,0.47
2022.01.03 23:01:42.518,1.12966,1.12974,0.37,0.84
2022.01.03 23:01:42.889,1.12965,1.12974,0.75,0.39
2022.01.03 23:01:43.026,1.12966,1.12972,0.75,0.39
2022.01.03 23:01:43.129,1.12966,1.12975,0.37,0.82
2022.01.03 23:01:44.655,1.12966,1.12975,0.37,0.47
2022.01.03 23:01:44.926,1.12966,1.12975,0.37,1.22
2022.01.03 23:01:45.143,1.12966,1.12975,0.37,0.82
2022.01.03 23:01:46.705,1.12966,1.12975,0.37,0.47
2022.01.03 23:01:46.959,1.12966,1.12974,0.37,0.47
2022.01.03 23:01:47.212,1.12966,1.12974,0.37,0.84
2022.01.03 23:01:47.315,1.12965,1.12974,1.50,0.84
2022.01.03 23:01:47.417,1.12966,1.12972,0.37,0.39
2022.01.03 23:01:47.519,1.12965,1.12973,1.50,0.39
2022.01.03 23:01:47.707,1.12965,1.12972,1.50,0.39
2022.01.03 23:01:47.945,1.12965,1.12971,1.50,0.39
2022.01.03 23:01:48.127,1.12965,1.12975,1.12,0.82
2022.01.03 23:01:48.229,1.12966,1.12975,0.37,0.82
2022.01.03 23:01:49.215,1.12969,1.12975,0.30,0.82
2022.01.03 23:01:49.619,1.12969,1.12974,0.22,0.82
2022.01.03 23:01:49.670,1.12966,1.12974,0.75,0.82
2022.01.03 23:01:49.975,1.12966,1.12975,0.37,0.77
2022.01.03 23:01:50.230,1.12966,1.12974,0.37,0.39
2022.01.03 23:01:50.443,1.12965,1.12972,1.50,0.39
2022.01.03 23:01:50.545,1.12966,1.12973,0.37,0.39
2022.01.03 23:01:50.704,1.12966,1.12972,0.37,0.39
2022.01.03 23:01:50.988,1.12966,1.12971,0.37,0.39
2022.01.03 23:01:51.243,1.12965,1.1297,1.12,0.39
2022.01.03 23:01:51.495,1.12965,1.12969,1.12,0.39
2022.01.03 23:01:51.736,1.12966,1.12975,0.37,0.82
2022.01.03 23:01:51.838,1.12966,1.12976,0.75,1.20
2022.01.03 23:01:53.019,1.12966,1.12976,0.75,0.84
2022.01.03 23:01:53.274,1.12966,1.12975,0.37,0.39
2022.01.03 23:01:53.377,1.12968,1.12976,0.37,0.77
2022.01.03 23:01:53.479,1.12969,1.12976,0.37,0.37
2022.01.03 23:01:53.581,1.12969,1.12978,0.37,0.37
2022.01.03 23:01:54.085,1.12968,1.12978,0.75,0.37
2022.01.03 23:01:54.237,1.12968,1.12979,0.37,0.37
2022.01.03 23:01:54.338,1.12968,1.12979,0.37,0.47
2022.01.03 23:01:54.516,1.12968,1.12979,0.37,0.84
2022.01.03 23:01:54.784,1.12969,1.12977,0.37,0.39
2022.01.03 23:01:55.038,1.12968,1.12977,0.37,0.39
2022.01.03 23:01:55.302,1.12968,1.12976,0.37,0.39
2022.01.03 23:01:55.517,1.12968,1.12975,0.37,0.39
2022.01.03 23:01:55.622,1.12969,1.12975,0.37,0.39
2022.01.03 23:01:55.775,1.12969,1.12974,0.37,0.39
2022.01.03 23:01:56.147,1.12969,1.12979,0.37,0.37
2022.01.03 23:01:56.661,1.12969,1.1298,0.37,0.82
2022.01.03 23:01:57.111,1.12969,1.12979,0.37,0.45
2022.01.03 23:01:57.438,1.12969,1.12979,0.37,0.47
2022.01.03 23:01:57.692,1.12969,1.12979,0.37,0.84
2022.01.03 23:01:57.944,1.12969,1.12978,0.37,0.39
2022.01.03 23:01:58.189,1.12969,1.12977,0.37,0.39
2022.01.03 23:01:58.445,1.12969,1.12976,0.37,0.77
2022.01.03 23:01:58.700,1.1297,1.12974,0.37,0.39
2022.01.03 23:01:58.944,1.12969,1.12974,0.37,0.39
2022.01.03 23:01:59.453,1.12969,1.12978,0.75,0.37
2022.01.03 23:02:00.254,1.12973,1.12978,0.30,0.37
2022.01.03 23:02:00.306,1.12969,1.12978,0.75,0.37
2022.01.03 23:02:00.973,1.12969,1.12977,0.37,0.39
2022.01.03 23:02:01.080,1.1297,1.12976,0.37,0.37
2022.01.03 23:02:01.284,1.1297,1.12975,0.37,0.39
2022.01.03 23:02:01.495,1.12969,1.12976,0.37,0.39
2022.01.03 23:02:01.750,1.12969,1.12976,0.37,0.39
2022.01.03 23:02:01.995,1.12969,1.12975,0.37,0.39
2022.01.03 23:02:02.276,1.12969,1.12974,0.37,0.39
2022.01.03 23:02:02.378,1.12968,1.12974,0.37,0.39
2022.01.03 23:02:02.533,1.12969,1.12972,0.37,0.75
2022.01.03 23:02:02.687,1.12968,1.12973,0.37,0.39
2022.01.03 23:02:02.789,1.12968,1.12972,0.37,0.39
2022.01.03 23:02:02.891,1.12967,1.12972,0.37,0.39
2022.01.03 23:02:03.044,1.12967,1.12971,0.37,0.39
2022.01.03 23:02:03.146,1.12966,1.12973,0.37,0.39
2022.01.03 23:02:03.198,1.12966,1.12975,0.37,0.37
2022.01.03 23:02:03.576,1.12966,1.12976,0.75,0.37
2022.01.03 23:02:04.246,1.12967,1.12974,0.75,0.37
2022.01.03 23:02:04.519,1.12967,1.12975,3.00,0.39
2022.01.03 23:02:04.621,1.12966,1.12975,0.75,0.39
2022.01.03 23:02:04.746,1.12967,1.12975,3.00,0.39
2022.01.03 23:02:04.874,1.12966,1.12975,0.75,0.39
2022.01.03 23:02:04.976,1.12968,1.12974,3.00,0.77
2022.01.03 23:02:05.095,1.12966,1.12975,0.75,0.77
2022.01.03 23:02:05.248,1.12966,1.12974,0.75,0.39
2022.01.03 23:02:05.529,1.12966,1.12973,0.37,0.39
2022.01.03 23:02:05.745,1.12966,1.12972,0.37,0.39
2022.01.03 23:02:06.024,1.12965,1.12971,0.37,0.39
2022.01.03 23:02:06.177,1.12966,1.12976,0.37,0.82
2022.01.03 23:02:08.520,1.12966,1.12976,0.75,0.39
2022.01.03 23:02:08.756,1.12967,1.12975,3.00,0.39
2022.01.03 23:02:08.928,1.12966,1.12975,0.75,0.39
2022.01.03 23:02:09.030,1.12967,1.12974,0.75,0.77
2022.01.03 23:02:09.256,1.12966,1.12974,0.75,0.77
2022.01.03 23:02:09.520,1.12966,1.12973,0.75,0.39
2022.01.03 23:02:09.755,1.12966,1.12972,0.37,0.39
2022.01.03 23:02:10.020,1.12967,1.1297,0.37,0.39
2022.01.03 23:02:10.122,1.12965,1.12971,0.75,0.39
2022.01.03 23:02:10.275,1.12965,1.12969,1.12,0.39
2022.01.03 23:02:10.428,1.12966,1.12969,0.75,0.39
2022.01.03 23:02:10.530,1.12967,1.12968,0.37,0.75
2022.01.03 23:02:10.780,1.12965,1.12968,0.75,0.37
2022.01.03 23:02:11.063,1.12966,1.12968,0.75,0.37
2022.01.03 23:02:11.114,1.12965,1.12973,0.75,0.37
2022.01.03 23:02:11.821,1.12966,1.12976,0.75,0.37
2022.01.03 23:02:11.872,1.12965,1.12974,1.12,0.37
2022.01.03 23:02:11.975,1.12964,1.12975,4.12,0.37
2022.01.03 23:02:12.559,1.12963,1.12974,1.50,0.37
2022.01.03 23:02:13.182,1.12965,1.12975,1.12,0.37
2022.01.03 23:02:13.284,1.12966,1.12975,0.37,0.37
2022.01.03 23:02:13.809,1.12965,1.12972,0.37,0.37
2022.01.03 23:02:14.893,1.12964,1.12972,0.37,0.39
2022.01.03 23:02:15.147,1.12964,1.12972,0.37,0.39
2022.01.03 23:02:15.198,1.12962,1.12972,1.50,0.39
2022.01.03 23:02:15.397,1.12962,1.12972,1.12,0.77
2022.01.03 23:02:15.648,1.12962,1.12971,1.50,0.39
2022.01.03 23:02:15.912,1.12963,1.12969,1.50,0.39
2022.01.03 23:02:16.147,1.12962,1.12969,1.50,0.39
2022.01.03 23:02:16.391,1.12963,1.12968,0.37,0.39
2022.01.03 23:02:16.493,1.12962,1.12968,1.50,0.39
2022.01.03 23:02:16.665,1.12962,1.12967,1.12,0.39
2022.01.03 23:02:16.920,1.12962,1.12966,1.12,0.39
2022.01.03 23:02:17.182,1.12962,1.12965,0.75,0.37
2022.01.03 23:02:17.425,1.12962,1.12964,0.75,0.37
2022.01.03 23:02:17.668,1.12962,1.12965,0.75,0.37
2022.01.03 23:02:17.881,1.12962,1.12967,0.75,0.37
2022.01.03 23:02:17.932,1.12962,1.12964,0.75,0.37
2022.01.03 23:02:17.984,1.12962,1.12967,0.75,0.37
2022.01.03 23:02:18.035,1.12962,1.12972,0.75,0.37
2022.01.03 23:02:18.137,1.12962,1.12973,0.75,4.13
2022.01.03 23:02:20.546,1.12962,1.12972,0.75,0.37
2022.01.03 23:02:20.915,1.12961,1.12972,1.50,0.39
2022.01.03 23:02:21.019,1.12963,1.12971,0.37,0.39
2022.01.03 23:02:21.121,1.12961,1.12972,1.50,0.39
2022.01.03 23:02:21.335,1.12963,1.12971,0.75,0.77
2022.01.03 23:02:21.571,1.12962,1.12971,0.37,0.39
2022.01.03 23:02:21.854,1.12962,1.1297,0.37,0.39
2022.01.03 23:02:22.090,1.12962,1.12969,0.75,0.39
2022.01.03 23:02:22.335,1.12962,1.12968,0.37,0.39
2022.01.03 23:02:22.613,1.12962,1.12967,0.37,0.39
2022.01.03 23:02:22.716,1.12963,1.12966,0.75,0.37
2022.01.03 23:02:22.869,1.12963,1.12965,0.75,0.37
2022.01.03 23:02:23.074,1.12962,1.12965,0.37,0.37
2022.01.03 23:02:23.335,1.12962,1.12967,1.12,0.37
2022.01.03 23:02:23.387,1.12963,1.12975,0.37,0.75
2022.01.03 23:02:23.489,1.12963,1.12974,1.12,0.37
2022.01.03 23:02:24.445,1.12962,1.12973,1.50,0.37
2022.01.03 23:02:24.597,1.12962,1.12976,1.12,1.50
2022.01.03 23:02:24.699,1.12962,1.12975,1.12,0.37
2022.01.03 23:02:25.644,1.12962,1.12974,1.12,0.37
2022.01.03 23:02:25.945,1.12962,1.12974,1.12,0.39
2022.01.03 23:02:26.200,1.12963,1.12973,1.12,0.77
2022.01.03 23:02:26.426,1.12963,1.12972,1.12,0.77
2022.01.03 23:02:26.676,1.12962,1.12972,1.12,0.39
2022.01.03 23:02:26.963,1.12962,1.12971,1.12,0.39
2022.01.03 23:02:27.217,1.12962,1.1297,1.12,0.39
2022.01.03 23:02:27.470,1.12962,1.12969,1.12,0.39
2022.01.03 23:02:27.724,1.12963,1.12967,1.12,0.39
2022.01.03 23:02:28.179,1.12962,1.12965,1.12,0.37
2022.01.03 23:02:28.433,1.12962,1.12965,1.12,0.37
2022.01.03 23:02:28.686,1.12962,1.12967,0.75,0.37
2022.01.03 23:02:28.788,1.12962,1.12966,0.75,0.37
2022.01.03 23:02:28.941,1.12962,1.12968,0.75,0.37
2022.01.03 23:02:28.993,1.12962,1.12971,0.75,4.13
2022.01.03 23:02:29.044,1.12961,1.12964,0.75,0.37
2022.01.03 23:02:29.197,1.12958,1.12963,0.75,0.37
2022.01.03 23:02:29.492,1.12961,1.12963,0.75,0.37
2022.01.03 23:02:29.728,1.12961,1.12965,0.75,0.37
2022.01.03 23:02:29.830,1.1296,1.12962,0.75,0.37
2022.01.03 23:02:29.932,1.1296,1.12964,0.75,0.75
2022.01.03 23:02:30.034,1.12959,1.12961,0.75,0.37
2022.01.03 23:02:30.085,1.1296,1.12963,0.75,0.37
2022.01.03 23:02:30.137,1.12961,1.12969,0.37,3.75
2022.01.03 23:02:30.239,1.12961,1.12971,0.75,0.37
2022.01.03 23:02:32.138,1.12961,1.1297,0.37,0.37
2022.01.03 23:02:32.944,1.12961,1.1297,0.37,0.39
2022.01.03 23:02:33.184,1.12961,1.12969,0.37,0.39
2022.01.03 23:02:33.451,1.12961,1.12969,0.37,0.77
2022.01.03 23:02:33.689,1.1296,1.12968,1.50,0.39
2022.01.03 23:02:33.961,1.1296,1.12967,4.50,0.39
2022.01.03 23:02:34.236,1.1296,1.12966,4.50,0.39
2022.01.03 23:02:34.342,1.12961,1.12966,0.37,0.39
2022.01.03 23:02:34.470,1.1296,1.12965,0.75,0.39
2022.01.03 23:02:34.731,1.12961,1.12963,0.37,0.37
2022.01.03 23:02:34.929,1.1296,1.12964,0.75,0.37
2022.01.03 23:02:35.031,1.12961,1.12963,0.75,0.37
2022.01.03 23:02:35.185,1.1296,1.12965,0.75,0.37
2022.01.03 23:02:35.287,1.1296,1.12964,0.75,0.37
2022.01.03 23:02:35.390,1.1296,1.12965,0.75,0.37
2022.01.03 23:02:35.492,1.1296,1.12963,0.75,0.37
2022.01.03 23:02:35.739,1.1296,1.12962,0.75,0.37
2022.01.03 23:02:35.790,1.12958,1.12961,0.75,0.37
2022.01.03 23:02:35.958,1.12958,1.12962,0.75,0.37
2022.01.03 23:02:36.095,1.12958,1.12963,0.75,0.37
2022.01.03 23:02:36.197,1.12959,1.12962,0.75,0.37
2022.01.03 23:02:36.454,1.12959,1.12963,0.75,0.37
2022.01.03 23:02:36.556,1.12959,1.12962,0.75,0.37
2022.01.03 23:02:36.760,1.12959,1.12962,0.75,0.37
2022.01.03 23:02:36.862,1.12958,1.12966,0.75,0.37
2022.01.03 23:02:36.964,1.12959,1.12966,0.75,3.75
2022.01.03 23:02:37.255,1.12959,1.12967,0.75,4.13
2022.01.03 23:02:46.888,1.12959,1.12965,0.75,0.37
2022.01.03 23:02:46.990,1.12959,1.12966,0.75,3.75
2022.01.03 23:02:47.143,1.12959,1.12965,0.75,3.75
2022.01.03 23:02:47.344,1.12959,1.12969,0.75,0.37
2022.01.03 23:02:58.405,1.12959,1.12968,0.75,0.37
2022.01.03 23:02:58.507,1.12958,1.12967,1.12,0.37
2022.01.03 23:03:00.961,1.12959,1.12968,0.75,0.37
2022.01.03 23:03:01.063,1.12959,1.12969,0.75,0.37
2022.01.03 23:03:01.174,1.1296,1.12967,0.75,0.37
2022.01.03 23:03:03.362,1.12959,1.12969,0.75,0.37
2022.01.03 23:03:03.464,1.1296,1.12969,0.75,0.37
2022.01.03 23:03:23.171,1.1296,1.1297,1.12,0.37
2022.01.03 23:03:39.378,1.1296,1.12967,0.75,0.37
2022.01.03 23:03:39.480,1.12959,1.12967,0.45,0.37
2022.01.03 23:03:39.582,1.12958,1.12967,1.20,0.37
2022.01.03 23:03:41.013,1.12958,1.12966,0.75,0.37
2022.01.03 23:03:41.115,1.12958,1.12967,0.75,0.37
2022.01.03 23:03:43.096,1.12961,1.12972,0.75,0.37
2022.01.03 23:03:45.190,1.12961,1.12971,0.75,0.37
2022.01.03 23:03:45.242,1.1296,1.12968,1.50,0.37
2022.01.03 23:03:45.852,1.12959,1.12972,4.12,0.99
2022.01.03 23:03:45.954,1.12959,1.12971,4.50,0.82
2022.01.03 23:03:46.411,1.1296,1.12972,1.50,0.75
2022.01.03 23:03:46.462,1.12959,1.12971,1.50,0.82
2022.01.03 23:03:47.151,1.1296,1.12971,3.00,0.82
2022.01.03 23:03:47.253,1.1296,1.12972,3.00,1.37
2022.01.03 23:03:47.684,1.12959,1.12973,1.50,1.12
2022.01.03 23:03:47.889,1.12959,1.12972,1.50,0.37
2022.01.03 23:03:48.094,1.12959,1.12971,1.50,0.82
2022.01.03 23:03:51.266,1.12959,1.1297,1.12,0.82
2022.01.03 23:03:51.431,1.1296,1.1297,1.12,1.20
2022.01.03 23:03:54.224,1.12959,1.1297,1.12,0.82
2022.01.03 23:03:54.377,1.12959,1.12971,1.12,0.82
2022.01.03 23:04:00.204,1.12959,1.1297,1.87,0.82
2022.01.03 23:04:01.498,1.12959,1.12971,1.12,1.20
2022.01.03 23:04:01.601,1.1296,1.1297,0.37,0.37
2022.01.03 23:04:04.062,1.1296,1.12968,0.75,0.19
2022.01.03 23:04:04.216,1.12961,1.12969,0.37,0.19
2022.01.03 23:04:04.318,1.1296,1.12969,0.37,0.82
2022.01.03 23:04:04.471,1.1296,1.1297,0.37,0.37
2022.01.03 23:04:07.607,1.12961,1.1297,0.37,0.82
2022.01.03 23:04:07.710,1.12962,1.12971,0.37,0.45
2022.01.03 23:04:07.824,1.12963,1.12971,0.37,1.20
2022.01.03 23:04:08.561,1.12962,1.12971,0.37,0.37
2022.01.03 23:04:08.664,1.1296,1.12971,0.37,1.20
2022.01.03 23:04:09.680,1.1296,1.1297,0.37,0.37
2022.01.03 23:04:10.258,1.12959,1.1297,1.50,0.37
2022.01.03 23:04:10.903,1.1296,1.1297,0.37,0.37
2022.01.03 23:04:12.537,1.1296,1.12969,0.37,0.37
2022.01.03 23:04:20.635,1.1296,1.12968,4.12,0.99
2022.01.03 23:04:32.189,1.12961,1.12968,0.37,0.99
2022.01.03 23:04:38.894,1.12961,1.1297,0.37,0.75
2022.01.03 23:04:39.382,1.1296,1.1297,4.12,0.75
2022.01.03 23:04:51.338,1.12961,1.1297,0.37,0.99
2022.01.03 23:04:54.262,1.12961,1.12969,3.37,0.99
2022.01.03 23:04:56.475,1.1296,1.12968,3.75,0.99
2022.01.03 23:05:02.139,1.12961,1.12968,0.37,0.99
2022.01.03 23:05:04.888,1.1296,1.12968,4.50,0.99
2022.01.03 23:05:11.924,1.1296,1.12969,1.50,0.99
2022.01.03 23:05:15.393,1.12961,1.12969,1.31,0.99
2022.01.03 23:05:15.495,1.12962,1.12969,0.37,0.99
2022.01.03 23:05:18.909,1.12962,1.12968,0.37,0.99
2022.01.03 23:05:20.124,1.12961,1.12968,3.00,0.99
2022.01.03 23:05:20.277,1.12961,1.12969,0.37,0.99
2022.01.03 23:05:20.532,1.12961,1.12968,3.37,0.99
2022.01.03 23:05:20.634,1.1296,1.12969,1.12,0.99
2022.01.03 23:05:20.787,1.12961,1.12971,0.37,0.37
2022.01.03 23:05:21.117,1.1296,1.12971,1.12,0.82
2022.01.03 23:05:21.590,1.1296,1.12969,1.12,0.99
2022.01.03 23:05:28.120,1.12962,1.12969,0.37,0.99
2022.01.03 23:05:29.113,1.12962,1.12968,0.37,0.99
2022.01.03 23:05:33.390,1.12961,1.12968,3.75,0.99
2022.01.03 23:05:43.236,1.12963,1.12969,3.00,0.99
2022.01.03 23:05:45.355,1.12963,1.1297,0.37,0.99
2022.01.03 23:05:45.457,1.12963,1.12969,3.37,0.99
2022.01.03 23:05:46.086,1.12963,1.1297,0.37,0.99
2022.01.03 23:05:46.188,1.12962,1.1297,3.75,0.99
2022.01.03 23:05:51.826,1.12961,1.1297,1.12,0.99
2022.01.03 23:05:52.081,1.1296,1.1297,0.75,0.75
2022.01.03 23:05:52.305,1.12959,1.12969,0.75,0.75
2022.01.03 23:05:52.408,1.12959,1.1297,0.75,0.75
2022.01.03 23:05:53.472,1.12961,1.12972,0.75,0.75
2022.01.03 23:05:53.575,1.12962,1.12972,0.37,0.75
2022.01.03 23:05:54.806,1.12964,1.12971,3.00,0.75
2022.01.03 23:05:55.523,1.12961,1.12972,4.50,1.12
2022.01.03 23:05:57.538,1.12962,1.12972,0.37,2.12
2022.01.03 23:05:57.589,1.12964,1.12973,0.75,1.12
2022.01.03 23:05:57.691,1.12964,1.12972,1.12,0.99
2022.01.03 23:05:57.945,1.12964,1.12973,4.12,2.12
2022.01.03 23:06:00.128,1.12964,1.12969,0.37,0.37
2022.01.03 23:06:00.179,1.12962,1.12969,0.37,0.37
2022.01.03 23:06:00.333,1.12961,1.12969,0.75,1.37
2022.01.03 23:06:00.384,1.12959,1.12969,0.75,1.37
2022.01.03 23:06:01.852,1.12959,1.12968,0.75,0.37
2022.01.03 23:06:03.755,1.12959,1.12969,1.12,1.12
2022.01.03 23:06:04.503,1.12959,1.12968,0.75,1.37
2022.01.03 23:06:04.679,1.12958,1.12968,4.87,1.37
2022.01.03 23:06:13.640,1.12959,1.12968,0.37,0.99
2022.01.03 23:06:14.641,1.12959,1.12967,3.00,0.99
2022.01.03 23:06:14.873,1.12958,1.12967,4.87,0.99
2022.01.03 23:06:17.711,1.12958,1.12968,4.87,1.12
2022.01.03 23:06:18.339,1.12959,1.12968,3.00,1.12
2022.01.03 23:06:18.842,1.12959,1.12967,0.37,0.99
2022.01.03 23:06:22.079,1.12958,1.12968,3.75,1.95
2022.01.03 23:06:23.225,1.12958,1.12967,3.75,0.37
2022.01.03 23:06:25.224,1.12957,1.12967,4.87,2.12
2022.01.03 23:06:26.301,1.12958,1.12967,2.62,2.12
2022.01.03 23:06:26.409,1.1296,1.12966,3.00,0.99
2022.01.03 23:06:34.651,1.1296,1.12967,3.00,1.74
2022.01.03 23:07:29.226,1.12964,1.12966,0.94,0.99
2022.01.03 23:07:29.328,1.12962,1.12968,3.19,1.74
2022.01.03 23:07:29.430,1.12963,1.12968,0.94,0.99
2022.01.03 23:07:29.738,1.12962,1.12968,3.94,0.99
2022.01.03 23:07:33.624,1.12964,1.12969,1.69,0.37
2022.01.03 23:07:34.126,1.12965,1.12969,0.19,0.19
2022.01.03 23:07:49.261,1.12966,1.12969,0.19,1.74
2022.01.03 23:07:49.431,1.12965,1.12971,0.19,1.74
2022.01.03 23:07:49.838,1.12964,1.1297,3.00,1.74
2022.01.03 23:07:50.051,1.12963,1.12969,4.57,1.74
2022.01.03 23:08:39.754,1.12965,1.1297,0.19,1.74
2022.01.03 23:08:39.857,1.12966,1.1297,0.19,1.74
2022.01.03 23:08:40.130,1.12965,1.1297,3.94,0.75
2022.01.03 23:08:50.466,1.12966,1.12971,3.00,0.75
2022.01.03 23:09:00.227,1.12965,1.12971,4.69,1.74
2022.01.03 23:09:00.681,1.12965,1.1297,3.94,0.75
2022.01.03 23:09:02.119,1.12964,1.1297,8.14,0.75
2022.01.03 23:09:27.174,1.12964,1.12969,3.00,0.75
2022.01.03 23:09:27.276,1.12964,1.12968,5.14,1.74
2022.01.03 23:09:27.734,1.12962,1.12968,5.14,0.75
2022.01.03 23:09:28.660,1.12962,1.12967,5.14,0.75
2022.01.03 23:09:51.225,1.12963,1.12967,0.75,0.75
2022.01.03 23:09:51.277,1.12964,1.12969,5.44,0.75
2022.01.03 23:09:51.379,1.12963,1.12968,0.75,0.75
2022.01.03 23:09:54.489,1.12962,1.12968,5.44,0.75
2022.01.03 23:10:03.205,1.12964,1.12969,0.19,1.50
2022.01.03 23:10:03.307,1.12963,1.12969,0.94,1.74
2022.01.03 23:10:08.011,1.12963,1.12968,0.94,0.75
2022.01.03 23:10:19.201,1.12964,1.1297,6.19,3.99
2022.01.03 23:10:19.252,1.12966,1.1297,3.00,1.12
2022.01.03 23:10:19.354,1.12965,1.1297,0.75,2.12
2022.01.03 23:10:31.968,1.12962,1.12967,4.69,0.75
2022.01.03 23:10:33.642,1.12961,1.12966,4.69,0.75
2022.01.03 23:10:51.712,1.12961,1.12967,4.69,0.75
2022.01.03 23:11:03.811,1.12962,1.12967,0.75,0.75
2022.01.03 23:11:12.292,1.12963,1.12965,0.75,0.12
2022.01.03 23:11:12.547,1.12962,1.12965,0.75,0.12
2022.01.03 23:11:12.813,1.12962,1.12964,0.75,0.37
2022.01.03 23:11:39.367,1.12962,1.12965,0.75,1.12
2022.01.03 23:11:39.419,1.12962,1.12967,4.50,1.50
2022.01.03 23:11:39.521,1.12964,1.12966,0.75,0.75
2022.01.03 23:11:44.011,1.12963,1.12968,0.75,1.74
2022.01.03 23:11:46.411,1.12963,1.12967,0.75,0.75
2022.01.03 23:11:52.549,1.12964,1.12968,0.75,0.99
2022.01.03 23:11:57.277,1.12965,1.12968,0.75,0.99
2022.01.03 23:11:59.545,1.12966,1.12969,0.75,0.37
2022.01.03 23:12:02.849,1.12962,1.12968,3.94,0.99
2022.01.03 23:12:03.561,1.12964,1.12968,0.75,0.75
2022.01.03 23:12:05.137,1.12965,1.12969,0.75,0.37
2022.01.03 23:12:05.240,1.12964,1.12969,0.75,2.12
2022.01.03 23:12:14.011,1.12966,1.12968,0.75,1.12
2022.01.03 23:12:19.909,1.12966,1.12971,0.75,1.50
2022.01.03 23:12:19.961,1.12968,1.12971,1.12,0.75
2022.01.03 23:12:20.012,1.12969,1.12974,0.75,5.63
2022.01.03 23:12:20.115,1.12969,1.12973,1.12,0.75
2022.01.03 23:12:22.716,1.12969,1.12974,0.75,2.87
2022.01.03 23:12:27.904,1.1297,1.12974,0.75,1.50
2022.01.03 23:12:29.132,1.12969,1.12974,1.12,2.49
2022.01.03 23:12:38.062,1.12969,1.12973,0.75,0.99
2022.01.03 23:12:40.070,1.12969,1.12974,0.75,1.50
2022.01.03 23:12:44.744,1.1297,1.12974,1.12,0.75
2022.01.03 23:12:45.002,1.1297,1.12973,1.12,0.99
2022.01.03 23:12:45.104,1.1297,1.12974,1.12,0.75
2022.01.03 23:12:45.393,1.1297,1.12973,1.12,0.99
2022.01.03 23:12:46.462,1.1297,1.12974,1.12,1.74
2022.01.03 23:12:51.794,1.1297,1.12973,1.12,0.99
2022.01.03 23:12:55.148,1.1297,1.12974,1.12,0.75
2022.01.03 23:13:01.150,1.1297,1.12973,1.12,0.99
2022.01.03 23:13:03.937,1.12973,1.12977,0.75,2.49
2022.01.03 23:13:04.039,1.12974,1.12978,0.75,3.07
2022.01.03 23:13:04.243,1.12975,1.12978,0.75,3.37
2022.01.03 23:13:04.294,1.12974,1.12977,0.75,0.99
2022.01.03 23:13:04.345,1.12974,1.12979,0.75,3.37
2022.01.03 23:13:04.498,1.12975,1.12979,0.75,3.00
2022.01.03 23:13:07.793,1.12974,1.12979,0.75,3.00
2022.01.03 23:13:15.816,1.12974,1.12977,0.75,0.99
2022.01.03 23:13:20.994,1.12974,1.12979,0.75,3.00
2022.01.03 23:13:31.161,1.12974,1.12977,0.75,0.99
2022.01.03 23:13:32.306,1.12974,1.12979,0.75,3.00
2022.01.03 23:13:42.942,1.12975,1.12976,0.75,0.99
2022.01.03 23:13:55.861,1.12974,1.12979,0.75,2.25
2022.01.03 23:13:57.818,1.12974,1.12977,0.75,0.99
2022.01.03 23:13:58.127,1.12974,1.12979,0.75,2.25
2022.01.03 23:13:59.004,1.12974,1.12977,0.75,0.99
2022.01.03 23:14:04.850,1.12974,1.12978,1.12,0.99
2022.01.03 23:14:21.823,1.12974,1.12979,0.75,0.37
2022.01.03 23:14:22.027,1.12974,1.12978,0.75,0.99
2022.01.03 23:14:22.129,1.12975,1.12978,0.75,1.12
2022.01.03 23:14:24.460,1.12974,1.12978,1.12,0.99
2022.01.03 23:14:36.107,1.12976,1.12979,0.75,0.75
2022.01.03 23:14:37.347,1.12975,1.1298,0.75,1.87
2022.01.03 23:15:01.685,1.12977,1.12981,0.75,0.37
2022.01.03 23:15:01.889,1.12977,1.12982,0.75,0.75
2022.01.03 23:15:01.992,1.12977,1.12983,0.75,3.00
2022.01.03 23:15:02.137,1.12977,1.12981,0.75,0.99
2022.01.03 23:15:02.239,1.12978,1.12982,0.75,0.99
2022.01.03 23:15:15.150,1.12978,1.12984,0.75,3.75
2022.01.03 23:15:15.353,1.12978,1.12982,0.75,0.99
2022.01.03 23:15:29.545,1.12978,1.12983,0.75,0.99
2022.01.03 23:15:35.011,1.12979,1.12983,0.75,0.99
2022.01.03 23:16:29.645,1.12979,1.12984,0.75,2.25
2022.01.03 23:17:15.478,1.12979,1.12983,1.12,0.75
2022.01.03 23:17:19.838,1.1298,1.12984,1.12,4.74
2022.01.03 23:17:25.258,1.1298,1.12986,0.75,2.62
2022.01.03 23:17:25.505,1.1298,1.12985,0.75,0.37
2022.01.03 23:17:28.324,1.12982,1.12986,0.75,3.00
2022.01.03 23:17:28.477,1.12982,1.12985,0.75,0.99
2022.01.03 23:17:28.579,1.12981,1.12985,0.75,3.24
2022.01.03 23:17:29.631,1.12981,1.12984,0.75,0.99
2022.01.03 23:17:31.959,1.12981,1.12986,1.12,2.25
2022.01.03 23:17:32.112,1.1298,1.12985,1.12,0.99
2022.01.03 23:17:39.697,1.1298,1.12984,1.12,0.99
2022.01.03 23:17:41.034,1.1298,1.12986,1.12,1.12
2022.01.03 23:17:44.262,1.1298,1.12984,1.12,0.99
2022.01.03 23:17:44.684,1.1298,1.12986,0.75,2.87
2022.01.03 23:17:49.139,1.1298,1.12984,1.12,0.99
2022.01.03 23:18:10.351,1.12981,1.12985,1.12,0.75
2022.01.03 23:18:10.453,1.1298,1.12985,0.75,0.75
2022.01.03 23:18:10.555,1.1298,1.12986,0.75,2.62
2022.01.03 23:18:10.658,1.12981,1.12986,0.75,3.00
2022.01.03 23:18:10.760,1.12981,1.12985,0.75,0.99
2022.01.03 23:18:13.997,1.1298,1.12985,0.75,1.74
2022.01.03 23:18:14.099,1.1298,1.12984,1.12,0.99
2022.01.03 23:18:20.584,1.1298,1.12985,1.12,0.75
2022.01.03 23:18:20.783,1.1298,1.12984,1.12,0.99
2022.01.03 23:18:20.885,1.12981,1.12985,1.12,0.99
2022.01.03 23:18:20.988,1.12981,1.12986,0.75,0.75
2022.01.03 23:18:21.090,1.12982,1.12984,0.75,0.99
2022.01.03 23:18:27.475,1.12981,1.12986,0.75,1.12
2022.01.03 23:18:27.804,1.12982,1.12985,0.75,0.75
2022.01.03 23:18:32.040,1.12981,1.12985,0.75,0.75
2022.01.03 23:18:36.734,1.12981,1.12986,0.75,2.12
2022.01.03 23:18:44.338,1.12982,1.12986,0.75,0.75
2022.01.03 23:18:44.491,1.12982,1.12987,0.75,1.87
2022.01.03 23:18:44.787,1.12983,1.12987,0.75,4.50
2022.01.03 23:18:45.642,1.12982,1.12986,0.75,0.99
2022.01.03 23:18:47.820,1.12982,1.12987,0.75,1.50
2022.01.03 23:18:47.973,1.12982,1.12986,0.75,0.37
2022.01.03 23:18:48.284,1.12981,1.12986,0.75,0.37
2022.01.03 23:18:50.531,1.12983,1.12985,0.75,0.99
2022.01.03 23:18:50.634,1.12982,1.12987,0.75,2.62
2022.01.03 23:18:50.863,1.12982,1.12986,0.75,0.99
2022.01.03 23:18:53.727,1.12982,1.12987,0.75,0.75
2022.01.03 23:18:54.033,1.12983,1.12987,0.75,0.75
2022.01.03 23:18:57.679,1.12984,1.12988,0.75,1.50
2022.01.03 23:19:03.434,1.12984,1.12987,0.75,3.00
2022.01.03 23:19:03.486,1.12982,1.12983,1.95,0.75
2022.01.03 23:19:03.589,1.12981,1.12985,0.75,0.99
2022.01.03 23:19:03.691,1.12981,1.12986,0.75,2.62
2022.01.03 23:19:10.041,1.12982,1.12986,0.75,1.12
2022.01.03 23:19:14.011,1.12981,1.12986,0.75,1.12
2022.01.03 23:19:21.578,1.12982,1.12987,0.75,1.12
2022.01.03 23:19:25.195,1.12982,1.12988,0.75,4.12
2022.01.03 23:19:25.384,1.12982,1.12987,0.75,0.99
2022.01.03 23:19:26.062,1.12982,1.12988,0.75,4.12
2022.01.03 23:19:27.811,1.12983,1.12988,0.75,3.37
2022.01.03 23:19:29.488,1.12984,1.12986,0.75,0.99
2022.01.03 23:19:30.286,1.12984,1.12987,0.75,0.75
2022.01.03 23:19:30.439,1.12983,1.12987,0.75,0.99
2022.01.03 23:19:30.947,1.12986,1.12988,0.75,0.75
2022.01.03 23:19:36.965,1.12985,1.12988,0.75,1.12
2022.01.03 23:19:37.067,1.12984,1.12988,0.75,2.12
2022.01.03 23:19:50.590,1.12984,1.12989,0.75,1.50
2022.01.03 23:19:50.757,1.12984,1.12988,0.75,0.99
2022.01.03 23:19:50.859,1.12984,1.12989,0.75,1.50
2022.01.03 23:19:50.965,1.12984,1.12988,0.75,0.99
2022.01.03 23:20:00.884,1.12985,1.12989,0.75,1.37
2022.01.03 23:20:01.281,1.12985,1.1299,0.75,2.49
2022.01.03 23:20:02.437,1.12986,1.12991,0.75,0.75
2022.01.03 23:20:02.540,1.12986,1.1299,0.75,0.99
2022.01.03 23:20:02.673,1.12986,1.12991,0.75,1.74
2022.01.03 23:20:08.011,1.12987,1.12991,0.75,1.74
2022.01.03 23:20:24.781,1.12987,1.12992,0.75,1.74
2022.01.03 23:20:32.403,1.12987,1.12993,1.87,4.57
2022.01.03 23:20:32.631,1.12987,1.12992,1.87,0.99
2022.01.03 23:20:34.828,1.12987,1.12993,1.69,3.99
2022.01.03 23:20:40.934,1.12988,1.12993,0.75,3.62
2022.01.03 23:21:20.741,1.12988,1.12991,0.75,0.75
2022.01.03 23:21:21.337,1.12988,1.12993,0.75,2.49
2022.01.03 23:21:24.260,1.12991,1.12994,0.75,1.12
2022.01.03 23:21:37.657,1.12991,1.12994,0.75,3.75
2022.01.03 23:21:37.810,1.12991,1.12995,0.75,0.75
2022.01.03 23:21:37.963,1.12993,1.12995,0.75,2.25
2022.01.03 23:21:38.316,1.12991,1.12995,0.75,0.75
2022.01.03 23:21:49.420,1.12989,1.12994,1.69,1.12
2022.01.03 23:21:49.522,1.1299,1.12994,2.06,0.75
2022.01.03 23:21:49.785,1.12989,1.12994,5.59,0.75
2022.01.03 23:21:51.366,1.12991,1.12995,0.94,0.75
2022.01.03 23:21:55.418,1.12992,1.12995,0.19,0.75
2022.01.03 23:22:17.905,1.12991,1.12995,3.94,0.75
2022.01.03 23:22:18.238,1.12991,1.12996,0.94,0.75
2022.01.03 23:22:33.761,1.12992,1.12996,0.19,0.75
2022.01.03 23:22:33.863,1.12992,1.12997,0.94,0.75
2022.01.03 23:22:44.011,1.12992,1.12996,0.75,0.75
2022.01.03 23:23:04.762,1.12993,1.12996,3.00,0.75
2022.01.03 23:23:05.235,1.12992,1.12996,0.19,0.75
2022.01.03 23:23:32.655,1.12993,1.12996,3.00,0.75
2022.01.03 23:23:33.350,1.12992,1.12996,0.94,0.75
2022.01.03 23:23:34.862,1.12991,1.12995,0.94,0.75
2022.01.03 23:23:34.964,1.12991,1.12992,0.75,1.50
2022.01.03 23:23:35.067,1.12988,1.12993,0.75,0.75
2022.01.03 23:23:35.169,1.12987,1.12992,0.75,1.12
2022.01.03 23:23:44.501,1.12987,1.12991,1.69,0.75
2022.01.03 23:23:52.165,1.12986,1.1299,4.69,0.75
2022.01.03 23:23:52.267,1.12984,1.12988,1.39,0.75
2022.01.03 23:23:52.420,1.12984,1.12987,0.19,0.75
2022.01.03 23:24:18.786,1.12985,1.12989,0.94,0.75
2022.01.03 23:24:25.705,1.12986,1.1299,1.69,0.75
2022.01.03 23:24:27.761,1.12987,1.1299,0.94,0.75
2022.01.03 23:24:28.214,1.12987,1.12992,1.69,0.75
2022.01.03 23:24:32.303,1.12988,1.12993,0.75,1.12
2022.01.03 23:24:32.405,1.12988,1.12992,0.75,0.75
2022.01.03 23:24:47.932,1.12987,1.12991,1.69,0.75
2022.01.03 23:24:57.179,1.12985,1.1299,3.19,0.75
2022.01.03 23:24:57.281,1.12985,1.12989,1.69,0.75
2022.01.03 23:25:04.602,1.12986,1.1299,1.69,0.75
2022.01.03 23:25:04.857,1.12987,1.12991,0.75,0.75
2022.01.03 23:25:04.909,1.12985,1.1299,2.59,0.75
2022.01.03 23:25:05.011,1.12985,1.12989,0.75,0.75
2022.01.03 23:25:11.044,1.12984,1.12989,6.34,0.75
2022.01.03 23:25:11.837,1.12985,1.12989,0.19,0.75
2022.01.03 23:25:11.888,1.12987,1.12991,0.75,0.75
2022.01.03 23:25:32.010,1.12987,1.12992,1.84,0.75
2022.01.03 23:25:36.190,1.12987,1.12991,1.84,0.75
2022.01.03 23:25:39.851,1.12986,1.12991,4.84,0.75
2022.01.03 23:25:45.810,1.12987,1.12991,1.09,1.12
2022.01.03 23:25:46.372,1.12989,1.12992,0.34,0.75
2022.01.03 23:25:46.526,1.12988,1.12992,1.09,0.75
2022.01.03 23:25:55.943,1.12989,1.12992,0.15,0.75
2022.01.03 23:25:56.136,1.1299,1.12992,0.15,0.75
2022.01.03 23:25:56.238,1.12989,1.12992,0.15,0.75
2022.01.03 23:25:56.340,1.1299,1.12992,0.15,0.75
2022.01.03 23:25:56.529,1.12989,1.12992,0.15,0.75
2022.01.03 23:25:56.682,1.12988,1.12992,0.94,0.75
2022.01.03 23:25:56.882,1.1299,1.12991,0.15,0.75
2022.01.03 23:26:05.988,1.1299,1.12992,0.15,0.75
2022.01.03 23:26:06.090,1.12989,1.12992,0.15,0.75
2022.01.03 23:26:18.589,1.12988,1.12992,0.94,0.75
2022.01.03 23:26:21.337,1.12989,1.12992,0.15,0.75
2022.01.03 23:26:25.656,1.1299,1.12992,0.15,0.75
2022.01.03 23:26:25.801,1.12988,1.12992,0.94,0.75
2022.01.03 23:26:26.521,1.12989,1.12993,0.94,0.75
2022.01.03 23:26:27.031,1.12991,1.12992,0.19,0.75
2022.01.03 23:26:32.663,1.12991,1.12995,0.94,0.75
2022.01.03 23:26:33.892,1.12991,1.12996,0.94,0.75
2022.01.03 23:26:43.165,1.12992,1.12996,0.75,0.75
2022.01.03 23:27:30.265,1.12993,1.12996,0.19,0.75
2022.01.03 23:27:34.411,1.12993,1.12997,0.19,0.75
2022.01.03 23:28:30.384,1.12993,1.12996,3.75,0.75
2022.01.03 23:29:53.085,1.12993,1.12997,0.75,0.75
2022.01.03 23:29:53.137,1.12995,1.12998,0.19,0.75
2022.01.03 23:29:53.239,1.12995,1.12999,0.19,0.75
2022.01.03 23:29:58.557,1.12994,1.12998,1.69,0.75
2022.01.03 23:29:58.660,1.12994,1.12997,3.19,0.75
2022.01.03 23:30:02.856,1.12993,1.12997,0.94,0.75
2022.01.03 23:30:29.907,1.12994,1.12998,0.94,0.75
2022.01.03 23:30:30.264,1.12993,1.12998,0.94,0.75
2022.01.03 23:30:45.454,1.12993,1.12997,0.94,0.75
2022.01.03 23:31:03.530,1.12995,1.12996,0.19,0.75
2022.01.03 23:31:11.984,1.12996,1.12998,0.37,0.75
2022.01.03 23:31:12.035,1.12997,1.13,0.19,0.75
2022.01.03 23:31:12.137,1.12996,1.13001,1.69,0.75
2022.01.03 23:31:15.861,1.12997,1.13001,0.75,0.75
2022.01.03 23:31:19.047,1.12996,1.13001,2.06,0.75
2022.01.03 23:31:21.967,1.12997,1.13001,1.50,0.75
2022.01.03 23:31:22.018,1.12999,1.13001,0.19,0.75
2022.01.03 23:31:22.070,1.12997,1.13001,1.50,0.75
2022.01.03 23:31:24.338,1.12996,1.13,1.12,0.75
2022.01.03 23:31:26.537,1.12996,1.13001,1.69,0.75
2022.01.03 23:31:32.032,1.12996,1.13,1.69,0.75
2022.01.03 23:31:32.605,1.12997,1.13,0.19,0.75
2022.01.03 23:31:35.486,1.12997,1.12999,2.06,0.75
2022.01.03 23:31:47.011,1.12996,1.13001,2.06,0.75
2022.01.03 23:31:57.526,1.12998,1.13002,0.75,0.75
2022.01.03 23:32:13.616,1.12997,1.13001,0.75,0.75
2022.01.03 23:32:16.631,1.12999,1.13001,0.75,0.75
2022.01.03 23:32:16.909,1.12998,1.13001,0.37,0.75
2022.01.03 23:32:17.011,1.12997,1.13001,1.12,0.75
2022.01.03 23:32:17.113,1.12998,1.13002,0.75,3.99
2022.01.03 23:32:23.923,1.12999,1.13002,0.75,1.74
2022.01.03 23:32:24.031,1.12998,1.13002,0.75,0.75
2022.01.03 23:32:24.177,1.12997,1.13002,0.94,0.75
2022.01.03 23:32:32.011,1.12998,1.13002,0.75,0.75
2022.01.03 23:32:55.126,1.12997,1.13001,0.94,0.75
2022.01.03 23:33:14.578,1.12999,1.13001,0.75,0.75
2022.01.03 23:33:15.082,1.12997,1.13001,0.94,0.75
2022.01.03 23:33:20.205,1.12999,1.13001,0.75,0.75
2022.01.03 23:33:20.695,1.12997,1.13001,0.94,0.75
2022.01.03 23:33:31.155,1.12999,1.13001,0.75,0.75
2022.01.03 23:33:31.624,1.12997,1.13001,0.94,0.75
2022.01.03 23:33:39.756,1.12998,1.13001,0.19,0.75
2022.01.03 23:33:39.858,1.12997,1.13001,1.31,0.75
2022.01.03 23:33:45.150,1.12999,1.13001,0.75,0.75
2022.01.03 23:33:45.619,1.12997,1.13001,0.94,0.75
2022.01.03 23:33:54.709,1.12999,1.13001,0.75,0.75
2022.01.03 23:33:55.176,1.12997,1.13001,1.69,0.75
2022.01.03 23:34:04.782,1.12998,1.13001,0.37,0.75
2022.01.03 23:34:07.161,1.12997,1.13001,1.50,0.75
2022.01.03 23:34:09.770,1.12999,1.13001,0.75,0.75
2022.01.03 23:34:10.239,1.12997,1.13001,1.50,0.75
2022.01.03 23:34:13.797,1.12998,1.13001,0.75,0.75
2022.01.03 23:34:14.082,1.12998,1.13002,0.75,0.75
2022.01.03 23:34:25.191,1.12999,1.13003,0.75,0.75
2022.01.03 23:34:26.281,1.12999,1.13002,0.75,0.75
2022.01.03 23:34:41.679,1.12998,1.13002,1.69,0.75
2022.01.03 23:36:45.862,1.12999,1.13003,0.75,0.75
2022.01.03 23:37:17.352,1.13,1.13004,0.94,0.37
2022.01.03 23:37:17.730,1.13,1.13003,0.75,0.37
2022.01.03 23:37:18.271,1.13001,1.13003,0.75,0.75
2022.01.03 23:37:29.706,1.13001,1.13005,0.75,1.12
2022.01.03 23:37:35.011,1.13002,1.13006,0.75,1.31
2022.01.03 23:37:35.800,1.13002,1.13005,0.75,0.19
2022.01.03 23:37:35.953,1.13,1.13004,0.75,1.12
2022.01.03 23:37:56.624,1.13002,1.13006,0.75,2.38
2022.01.03 23:37:56.777,1.13003,1.13006,0.75,0.56
2022.01.03 23:37:56.880,1.13004,1.13006,0.75,1.69
2022.01.03 23:38:24.541,1.13003,1.13005,0.75,1.50
2022.01.03 23:38:24.643,1.13003,1.13007,0.75,3.26
2022.01.03 23:38:27.405,1.13002,1.13005,0.75,0.94
2022.01.03 23:38:28.455,1.13001,1.13005,0.75,2.75
2022.01.03 23:38:31.706,1.13002,1.13005,0.75,0.99
2022.01.03 23:38:31.757,1.13003,1.13007,0.75,3.26
2022.01.03 23:38:32.013,1.13004,1.13008,0.75,1.69
2022.01.03 23:38:42.317,1.13007,1.13011,0.75,0.75
2022.01.03 23:38:42.420,1.1301,1.13012,0.75,0.75
2022.01.03 23:38:42.827,1.13012,1.13016,0.75,0.75
2022.01.03 23:38:46.802,1.13011,1.13015,0.75,0.82
2022.01.03 23:38:52.398,1.13012,1.13016,0.75,0.75
2022.01.03 23:38:52.653,1.13011,1.13015,0.75,0.75
2022.01.03 23:38:53.384,1.13012,1.13016,0.75,0.75
2022.01.03 23:38:53.487,1.13013,1.13017,0.75,1.50
2022.01.03 23:38:53.640,1.13015,1.13017,0.75,0.75
2022.01.03 23:38:53.742,1.13015,1.13019,0.75,0.75
2022.01.03 23:39:02.535,1.13013,1.13017,0.75,0.75
2022.01.03 23:39:02.739,1.13014,1.13018,2.25,1.50
2022.01.03 23:39:02.845,1.13016,1.1302,2.25,0.75
2022.01.03 23:39:02.947,1.13017,1.13021,0.94,0.75
2022.01.03 23:39:03.100,1.13018,1.13022,0.75,0.75
2022.01.03 23:39:08.017,1.1302,1.13024,2.06,2.70
2022.01.03 23:39:08.121,1.13021,1.13026,0.75,0.75
2022.01.03 23:39:08.376,1.13022,1.13026,0.75,0.75
2022.01.03 23:39:10.008,1.13021,1.13025,0.94,0.75
2022.01.03 23:39:10.291,1.13019,1.13023,1.76,0.75
2022.01.03 23:39:10.393,1.13018,1.13022,0.75,0.75
2022.01.03 23:39:10.496,1.13016,1.1302,0.75,0.75
2022.01.03 23:39:10.598,1.13013,1.13017,0.75,0.75
2022.01.03 23:39:10.701,1.13012,1.13016,0.75,0.75
2022.01.03 23:39:10.881,1.13011,1.13015,0.75,0.75
2022.01.03 23:39:10.983,1.13009,1.13013,1.50,0.19
2022.01.03 23:39:11.086,1.13007,1.13011,0.75,0.75
2022.01.03 23:39:11.239,1.13006,1.1301,0.75,0.75
2022.01.03 23:39:11.341,1.13005,1.13009,0.75,0.75
2022.01.03 23:39:11.444,1.13004,1.13006,1.50,0.75
2022.01.03 23:39:11.546,1.13001,1.13005,1.50,0.75
2022.01.03 23:39:11.649,1.13,1.13003,0.75,0.75
2022.01.03 23:39:11.955,1.12999,1.13003,0.75,0.75
2022.01.03 23:39:12.057,1.12996,1.13,2.70,0.75
2022.01.03 23:39:12.159,1.12994,1.12998,4.01,0.75
2022.01.03 23:39:12.262,1.12992,1.12995,2.32,0.75
2022.01.03 23:39:12.313,1.12992,1.12997,2.21,0.75
2022.01.03 23:39:12.416,1.12992,1.12996,0.75,0.75
2022.01.03 23:39:12.569,1.12991,1.12995,1.50,0.75
2022.01.03 23:39:12.620,1.12989,1.12993,5.62,0.75
2022.01.03 23:39:12.774,1.1299,1.12993,0.19,0.75
2022.01.03 23:39:12.927,1.12989,1.12993,2.32,0.75
2022.01.03 23:39:13.551,1.12986,1.1299,2.96,0.75
2022.01.03 23:39:13.654,1.12987,1.1299,0.52,0.75
2022.01.03 23:39:13.959,1.12987,1.12991,0.30,0.19
2022.01.03 23:39:14.062,1.12987,1.12989,0.37,0.75
2022.01.03 23:39:14.113,1.12983,1.12985,0.75,0.75
2022.01.03 23:39:14.215,1.12981,1.12984,1.50,0.75
2022.01.03 23:39:15.872,1.12981,1.12983,1.50,0.75
2022.01.03 23:39:16.403,1.1298,1.12983,0.75,0.75
2022.01.03 23:39:16.506,1.12979,1.12983,1.50,0.75
2022.01.03 23:39:16.659,1.12979,1.12982,1.57,0.75
2022.01.03 23:39:16.761,1.12979,1.12983,2.32,0.75
2022.01.03 23:39:16.936,1.12979,1.12982,1.57,0.75
2022.01.03 23:39:17.838,1.12975,1.12979,0.82,0.75
2022.01.03 23:39:17.890,1.12973,1.12977,1.20,2.81
2022.01.03 23:39:17.992,1.12972,1.12974,3.75,1.12
2022.01.03 23:39:18.044,1.12969,1.12973,1.50,0.75
2022.01.03 23:39:18.146,1.12968,1.12972,0.45,1.12
2022.01.03 23:39:18.249,1.12965,1.12969,1.27,0.75
2022.01.03 23:39:18.351,1.12965,1.12967,0.82,0.75
2022.01.03 23:39:18.454,1.12965,1.12967,1.57,0.75
2022.01.03 23:39:18.607,1.12961,1.12963,0.10,0.75
2022.01.03 23:39:18.710,1.1296,1.12962,0.10,0.75
2022.01.03 23:39:19.070,1.12959,1.12962,1.95,0.75
2022.01.03 23:39:19.225,1.12956,1.1296,0.10,0.37
2022.01.03 23:39:19.277,1.12955,1.12958,0.82,0.75
2022.01.03 23:39:19.532,1.12954,1.12957,1.57,0.75
2022.01.03 23:39:20.718,1.12956,1.12959,1.87,0.75
2022.01.03 23:39:20.821,1.12956,1.1296,2.32,0.75
2022.01.03 23:39:20.923,1.12955,1.12959,1.57,0.75
2022.01.03 23:39:21.264,1.12955,1.12958,1.50,0.19
2022.01.03 23:39:21.366,1.12954,1.12958,3.07,0.75
2022.01.03 23:39:21.723,1.12955,1.12958,0.10,0.75
2022.01.03 23:39:21.774,1.12958,1.1296,0.75,0.75
2022.01.03 23:39:21.877,1.12957,1.1296,1.95,0.75
2022.01.03 23:39:23.197,1.12957,1.12961,1.31,0.75
2022.01.03 23:39:25.133,1.12956,1.12961,1.76,0.75
2022.01.03 23:39:25.235,1.12957,1.12961,0.37,1.50
2022.01.03 23:39:25.348,1.12955,1.12959,0.60,0.75
2022.01.03 23:39:26.756,1.12956,1.12959,0.10,0.75
2022.01.03 23:39:26.858,1.12957,1.12961,1.39,0.75
2022.01.03 23:39:26.961,1.12958,1.12961,1.50,0.75
2022.01.03 23:39:27.012,1.1296,1.12964,0.37,0.75
2022.01.03 23:39:29.527,1.12961,1.12965,0.15,1.12
2022.01.03 23:39:29.629,1.1296,1.12964,0.52,0.75
2022.01.03 23:39:29.986,1.1296,1.12965,1.20,1.12
2022.01.03 23:39:31.491,1.1296,1.12964,1.87,0.75
2022.01.03 23:39:34.988,1.1296,1.12965,1.12,0.37
2022.01.03 23:39:36.243,1.1296,1.12966,1.95,1.12
2022.01.03 23:39:37.943,1.12963,1.12966,1.31,0.37
2022.01.03 23:39:38.333,1.12963,1.12968,0.41,0.37
2022.01.03 23:39:38.480,1.12964,1.12968,0.10,0.37
2022.01.03 23:39:38.719,1.12963,1.12968,1.16,1.12
2022.01.03 23:39:39.409,1.12964,1.12968,0.15,1.12
2022.01.03 23:39:39.639,1.12964,1.12967,1.16,1.12
2022.01.03 23:39:40.250,1.12964,1.12968,0.15,1.12
2022.01.03 23:39:40.352,1.12962,1.12968,2.51,0.37
2022.01.03 23:39:50.981,1.12963,1.12968,0.75,1.12
2022.01.03 23:39:51.426,1.12962,1.12968,0.34,1.12
2022.01.03 23:39:54.250,1.12964,1.12969,1.50,1.12
2022.01.03 23:39:54.403,1.12965,1.12969,0.64,0.75
2022.01.03 23:39:54.455,1.1297,1.12972,0.82,0.75
2022.01.03 23:39:54.506,1.12972,1.12976,0.37,0.75
2022.01.03 23:39:54.558,1.12975,1.12978,0.15,1.12
2022.01.03 23:39:54.660,1.12975,1.1298,0.37,2.89
2022.01.03 23:39:54.814,1.12972,1.12977,1.42,1.12
2022.01.03 23:39:54.916,1.12971,1.12976,3.22,0.37
2022.01.03 23:39:57.246,1.12972,1.12976,0.90,0.37
2022.01.03 23:39:59.362,1.12972,1.12977,0.15,2.12
2022.01.03 23:40:00.766,1.12972,1.12976,3.90,2.12
2022.01.03 23:40:07.866,1.12974,1.12978,0.56,1.74
2022.01.03 23:40:07.968,1.12975,1.1298,3.75,0.75
2022.01.03 23:40:08.071,1.12976,1.12981,3.00,2.06
2022.01.03 23:40:11.101,1.12975,1.12981,0.75,1.12
2022.01.03 23:40:15.617,1.12976,1.12981,3.00,1.12
2022.01.03 23:40:15.988,1.12977,1.12981,3.00,2.12
2022.01.03 23:40:24.207,1.12976,1.12981,3.75,0.37
2022.01.03 23:40:27.854,1.12976,1.12982,3.75,2.12
2022.01.03 23:40:35.611,1.12976,1.12981,3.75,0.75
2022.01.03 23:40:52.826,1.1298,1.12984,1.50,2.70
2022.01.03 23:40:52.928,1.12982,1.12986,0.19,1.20
2022.01.03 23:40:53.234,1.12982,1.12987,4.69,0.75
2022.01.03 23:40:53.337,1.12982,1.12988,8.44,2.30
2022.01.03 23:40:53.439,1.12983,1.12988,0.75,2.30
2022.01.03 23:40:55.723,1.12983,1.12989,4.69,1.31
2022.01.03 23:40:55.830,1.12985,1.12988,0.75,0.94
2022.01.03 23:41:01.206,1.12983,1.12989,2.44,1.93
2022.01.03 23:41:10.638,1.12984,1.12989,0.75,0.94
2022.01.03 23:41:20.494,1.12984,1.12988,3.00,0.37
2022.01.03 23:41:20.597,1.12985,1.12989,4.87,0.75
2022.01.03 23:41:20.699,1.12985,1.1299,4.87,0.75
2022.01.03 23:41:24.823,1.12986,1.1299,3.00,0.75
2022.01.03 23:41:25.475,1.12986,1.12989,5.25,0.75
2022.01.03 23:41:26.744,1.12986,1.1299,3.75,0.75
2022.01.03 23:41:34.854,1.12985,1.1299,8.25,0.75
2022.01.03 23:41:40.433,1.12986,1.1299,3.75,1.69
2022.01.03 23:41:40.560,1.12985,1.1299,8.25,1.69
2022.01.03 23:41:58.126,1.12986,1.1299,3.75,1.69
2022.01.03 23:42:31.119,1.12986,1.12991,3.94,0.75
2022.01.03 23:42:36.206,1.12986,1.1299,3.75,0.19
2022.01.03 23:42:36.309,1.12987,1.1299,3.94,1.74
2022.01.03 23:42:44.056,1.12987,1.12989,3.94,0.75
2022.01.03 23:42:50.298,1.12984,1.12988,3.75,0.19
2022.01.03 23:42:50.401,1.12983,1.12988,0.75,0.75
2022.01.03 23:42:50.503,1.12982,1.12987,6.75,0.94
2022.01.03 23:42:50.605,1.1298,1.12985,0.75,1.69
2022.01.03 23:42:50.708,1.12979,1.12984,0.75,0.94
2022.01.03 23:42:51.007,1.12978,1.12984,2.44,0.94
2022.01.03 23:42:52.234,1.12977,1.12982,0.75,0.75
2022.01.03 23:42:56.011,1.12976,1.12982,4.50,0.94
2022.01.03 23:42:57.222,1.12976,1.12981,3.75,0.75
2022.01.03 23:42:59.206,1.12975,1.12981,5.32,0.75
2022.01.03 23:42:59.315,1.12974,1.12979,6.07,0.75
2022.01.03 23:43:01.401,1.12975,1.1298,0.56,0.75
2022.01.03 23:43:01.503,1.12976,1.1298,3.75,0.75
2022.01.03 23:43:02.835,1.12977,1.1298,3.75,0.75
2022.01.03 23:43:05.011,1.12977,1.12981,3.75,0.75
2022.01.03 23:43:05.399,1.12976,1.12981,3.82,0.75
2022.01.03 23:43:19.338,1.12977,1.12981,3.75,0.75
2022.01.03 23:43:31.591,1.12976,1.12981,0.75,0.75
2022.01.03 23:43:40.606,1.12977,1.12981,3.75,0.75
2022.01.03 23:43:50.826,1.12979,1.12983,0.75,0.75
2022.01.03 23:44:17.055,1.12981,1.12983,3.75,0.75
2022.01.03 23:44:17.158,1.12985,1.12989,3.75,7.20
2022.01.03 23:44:17.260,1.12984,1.12987,3.75,0.75
2022.01.03 23:44:17.363,1.12985,1.12987,1.05,0.94
2022.01.03 23:44:17.617,1.12983,1.12988,3.75,0.94
2022.01.03 23:44:19.750,1.12982,1.12987,3.94,0.75
2022.01.03 23:44:21.705,1.12983,1.12988,7.69,0.75
2022.01.03 23:44:22.396,1.12984,1.12988,5.06,0.75
2022.01.03 23:44:22.498,1.12985,1.12989,0.75,0.75
2022.01.03 23:44:26.025,1.12985,1.1299,5.06,0.75
2022.01.03 23:44:59.747,1.12986,1.12991,3.00,0.94
2022.01.03 23:44:59.864,1.12991,1.12995,3.75,2.70
2022.01.03 23:44:59.966,1.12993,1.12994,3.75,0.75
2022.01.03 23:45:00.069,1.12992,1.12997,3.75,5.25
2022.01.03 23:45:00.293,1.12993,1.12997,3.75,0.75
2022.01.03 23:45:00.446,1.12993,1.12998,4.50,0.75
2022.01.03 23:45:01.147,1.12993,1.12999,3.75,0.56
2022.01.03 23:45:01.288,1.12993,1.12998,4.50,0.75
2022.01.03 23:45:01.828,1.12994,1.12998,3.75,0.75
2022.01.03 23:45:01.931,1.12996,1.12998,3.75,0.75
2022.01.03 23:45:02.338,1.12995,1.13,4.50,0.75
2022.01.03 23:45:03.533,1.12995,1.12999,0.75,0.19
2022.01.03 23:45:03.584,1.12993,1.12999,4.50,1.31
2022.01.03 23:45:03.687,1.12993,1.12998,0.75,0.75
2022.01.03 23:45:03.829,1.12992,1.12998,4.50,0.75
2022.01.03 23:45:04.182,1.12993,1.12998,3.75,0.75
2022.01.03 23:45:04.284,1.12994,1.12998,3.75,0.75
2022.01.03 23:45:04.647,1.12995,1.12998,4.69,0.75
2022.01.03 23:45:10.462,1.12992,1.12997,6.37,0.19
2022.01.03 23:45:50.925,1.12993,1.12997,0.75,0.94
2022.01.03 23:45:51.028,1.12993,1.12998,2.25,0.75
2022.01.03 23:45:57.293,1.12994,1.12998,1.50,1.74
2022.01.03 23:45:57.427,1.12993,1.12998,2.25,1.74
2022.01.03 23:46:29.020,1.12992,1.12998,3.56,3.00
2022.01.03 23:46:29.173,1.12992,1.12997,4.50,0.75
2022.01.03 23:46:31.767,1.12994,1.12996,1.50,0.75
2022.01.03 23:46:35.218,1.12992,1.12997,5.44,0.75
2022.01.03 23:46:35.371,1.12994,1.12996,1.50,0.75
2022.01.03 23:46:37.500,1.12992,1.12997,5.44,0.75
2022.01.03 23:46:37.602,1.12993,1.12997,1.50,0.75
2022.01.03 23:46:58.581,1.12992,1.12997,0.75,1.74
2022.01.03 23:46:58.842,1.12994,1.12997,1.50,1.74
2022.01.03 23:47:02.061,1.12993,1.12997,1.50,1.74
2022.01.03 23:47:06.484,1.12992,1.12997,2.25,1.74
2022.01.03 23:47:06.646,1.12993,1.12997,1.50,0.75
2022.01.03 23:47:12.390,1.12992,1.12997,5.25,0.75
2022.01.03 23:47:17.049,1.12992,1.12996,1.50,0.75
2022.01.03 23:47:27.613,1.12991,1.12996,4.50,0.75
2022.01.03 23:47:32.244,1.12993,1.12995,1.50,0.75
2022.01.03 23:47:48.386,1.12991,1.12996,5.25,0.75
2022.01.03 23:48:17.348,1.12992,1.12996,2.25,1.12
2022.01.03 23:48:17.863,1.12992,1.12997,1.50,0.75
2022.01.03 23:48:35.593,1.12992,1.12996,0.75,0.75
2022.01.03 23:48:42.250,1.12992,1.12997,1.50,0.75
2022.01.03 23:48:53.369,1.12992,1.12996,1.50,0.99
2022.01.03 23:48:58.532,1.12994,1.12997,2.25,2.49
2022.01.03 23:49:00.863,1.12995,1.12997,1.50,1.50
2022.01.03 23:49:00.965,1.12993,1.12998,2.25,0.37
2022.01.03 23:49:01.119,1.12992,1.12995,3.75,0.19
2022.01.03 23:49:01.221,1.12991,1.12996,3.00,1.74
2022.01.03 23:49:01.324,1.1299,1.12995,0.75,1.50
2022.01.03 23:49:01.426,1.12989,1.12994,0.75,0.75
2022.01.03 23:49:55.161,1.12988,1.12994,5.25,1.74
2022.01.03 23:49:58.315,1.12988,1.12993,4.50,0.75
2022.01.03 23:50:08.158,1.12989,1.12993,0.75,0.75
2022.01.03 23:50:08.261,1.1299,1.12995,4.87,0.75
2022.01.03 23:50:08.364,1.12991,1.12996,4.50,2.25
2022.01.03 23:50:08.466,1.12992,1.12996,1.50,0.75
2022.01.03 23:50:14.329,1.12993,1.12997,1.50,0.75
2022.01.03 23:50:14.431,1.12992,1.12997,5.25,0.75
2022.01.03 23:50:15.684,1.12993,1.12997,1.50,1.50
2022.01.03 23:50:28.584,1.12992,1.12997,3.75,0.75
2022.01.03 23:50:31.697,1.12993,1.12997,1.50,0.75
2022.01.03 23:50:32.594,1.12992,1.12997,5.25,0.75
2022.01.03 23:50:35.160,1.12993,1.12997,1.50,0.75
2022.01.03 23:50:47.582,1.12992,1.12997,3.00,0.75
2022.01.03 23:50:51.811,1.12993,1.12997,1.50,0.75
2022.01.03 23:50:52.166,1.12992,1.12997,4.50,0.75
2022.01.03 23:51:28.966,1.12992,1.12996,1.50,0.75
2022.01.03 23:51:29.287,1.12991,1.12996,5.25,1.69
2022.01.03 23:51:29.338,1.1299,1.12994,2.25,0.19
2022.01.03 23:51:29.441,1.12989,1.12994,5.25,0.19
2022.01.03 23:51:30.616,1.12989,1.12993,6.75,1.93
2022.01.03 23:51:33.967,1.12989,1.12994,1.50,1.93
2022.01.03 23:51:46.584,1.12989,1.12993,4.50,1.93
2022.01.03 23:51:49.102,1.12988,1.12993,6.00,0.19
2022.01.03 23:51:53.012,1.12987,1.12993,3.37,1.31
2022.01.03 23:51:59.338,1.12988,1.12993,1.50,1.31
2022.01.03 23:51:59.668,1.12987,1.12993,2.62,1.31
2022.01.03 23:52:00.118,1.12987,1.12992,2.62,0.37
2022.01.03 23:52:00.272,1.12986,1.12992,6.00,2.30
2022.01.03 23:52:01.313,1.12986,1.12991,6.00,0.75
2022.01.03 23:52:03.827,1.12987,1.12991,1.50,0.75
2022.01.03 23:52:04.621,1.12986,1.12991,6.00,0.75
2022.01.03 23:52:17.496,1.12987,1.12991,1.50,0.75
2022.01.03 23:52:41.465,1.12986,1.12991,5.25,1.12
2022.01.03 23:52:45.301,1.12985,1.12989,5.25,0.75
2022.01.03 23:52:45.406,1.12984,1.12989,2.25,0.75
2022.01.03 23:52:45.508,1.12983,1.12987,1.50,0.75
2022.01.03 23:52:46.153,1.12985,1.12986,0.75,0.75
2022.01.03 23:52:46.258,1.12984,1.12988,0.75,0.75
2022.01.03 23:52:50.268,1.12985,1.12989,3.37,0.75
2022.01.03 23:52:50.370,1.12987,1.1299,1.50,1.12
2022.01.03 23:52:50.793,1.12987,1.12991,1.50,0.75
2022.01.03 23:52:50.896,1.12986,1.12991,4.50,0.75
2022.01.03 23:52:50.998,1.12987,1.12991,1.50,0.75
2022.01.03 23:52:51.565,1.12986,1.12991,4.50,0.75
2022.01.03 23:52:54.928,1.12987,1.12991,1.50,0.75
2022.01.03 23:53:03.519,1.12987,1.1299,1.50,0.75
2022.01.03 23:53:06.456,1.12985,1.12988,1.50,0.75
2022.01.03 23:53:06.559,1.12982,1.12987,6.37,0.75
2022.01.03 23:53:06.661,1.12982,1.12986,1.50,0.75
2022.01.03 23:53:07.551,1.12981,1.12986,6.00,0.75
2022.01.03 23:53:08.029,1.12982,1.12986,1.50,0.75
2022.01.03 23:53:10.204,1.12982,1.12985,1.50,0.75
2022.01.03 23:53:10.306,1.1298,1.12985,6.75,0.94
2022.01.03 23:53:10.408,1.12981,1.12985,1.50,0.75
2022.01.03 23:53:11.816,1.1298,1.12985,5.62,0.75
2022.01.03 23:53:36.727,1.1298,1.12984,4.12,0.37
2022.01.03 23:53:37.006,1.1298,1.12985,4.12,1.50
2022.01.03 23:53:42.059,1.12981,1.12985,3.00,1.50
2022.01.03 23:53:48.405,1.12981,1.12986,3.00,1.50
2022.01.03 23:53:49.405,1.12981,1.12985,3.00,0.75
2022.01.03 23:54:00.824,1.12985,1.12987,0.75,0.75
2022.01.03 23:54:00.926,1.12984,1.12989,2.25,1.20
2022.01.03 23:54:01.182,1.12985,1.12989,1.50,0.75
2022.01.03 23:54:01.763,1.12987,1.12988,1.50,0.75
2022.01.03 23:54:01.925,1.12986,1.1299,1.50,0.94
2022.01.03 23:54:41.915,1.12986,1.12991,2.25,1.69
2022.01.03 23:55:02.063,1.12987,1.12991,1.50,0.75
2022.01.03 23:55:02.673,1.12987,1.12993,2.81,2.68
2022.01.03 23:55:02.775,1.12988,1.12993,1.50,2.68
2022.01.03 23:55:03.177,1.12989,1.12993,1.50,0.94
2022.01.03 23:55:03.484,1.1299,1.12995,1.50,2.14
2022.01.03 23:55:03.586,1.12992,1.12994,1.50,1.69
2022.01.03 23:55:03.689,1.12991,1.12995,1.50,1.69
2022.01.03 23:55:03.943,1.12989,1.12994,3.75,1.69
2022.01.03 23:55:20.180,1.1299,1.12994,1.50,2.68
2022.01.03 23:55:21.388,1.1299,1.12993,2.25,2.68
2022.01.03 23:55:32.285,1.12991,1.12995,1.50,0.75
2022.01.03 23:55:32.388,1.12992,1.12995,1.50,0.75
2022.01.03 23:55:33.264,1.12992,1.12996,1.50,1.69
2022.01.03 23:55:41.895,1.12993,1.12996,1.50,1.69
2022.01.03 23:55:43.081,1.12992,1.12996,1.50,1.69
2022.01.03 23:56:00.123,1.12993,1.12998,3.00,0.75
2022.01.03 23:56:00.226,1.12994,1.12998,1.50,0.75
2022.01.03 23:56:00.328,1.12995,1.12999,1.50,0.75
2022.01.03 23:56:00.430,1.12995,1.13,1.50,0.75
2022.01.03 23:56:00.685,1.12996,1.13,1.50,0.75
2022.01.03 23:56:00.864,1.12996,1.13001,1.50,1.69
2022.01.03 23:56:09.675,1.12995,1.13001,2.25,1.69
2022.01.03 23:56:10.040,1.12994,1.13,6.75,0.75
2022.01.03 23:56:20.361,1.12995,1.13,1.50,0.75
2022.01.03 23:56:24.665,1.12996,1.13,1.50,0.75
2022.01.03 23:56:24.767,1.12996,1.13001,1.50,1.69
2022.01.03 23:56:33.819,1.12998,1.13,1.50,1.69
2022.01.03 23:56:47.849,1.12997,1.13,1.50,1.69
2022.01.03 23:57:00.091,1.12997,1.13001,1.50,0.75
2022.01.03 23:57:00.244,1.12998,1.13001,1.50,0.75
2022.01.03 23:57:02.674,1.12998,1.13002,1.50,1.69
2022.01.03 23:57:06.890,1.12996,1.13002,0.75,1.69
2022.01.03 23:57:08.211,1.12996,1.13,0.75,1.16
2022.01.03 23:57:08.314,1.12992,1.12998,3.00,1.69
2022.01.03 23:57:08.416,1.12992,1.12997,1.50,0.75
2022.01.03 23:57:08.518,1.12992,1.12998,1.50,2.44
2022.01.03 23:57:14.011,1.12992,1.12997,1.50,0.75
2022.01.03 23:57:22.873,1.12991,1.12997,2.25,0.75
2022.01.03 23:57:23.026,1.12991,1.12996,1.50,0.37
2022.01.03 23:57:23.128,1.12992,1.12996,0.75,0.37
2022.01.03 23:57:23.404,1.12992,1.12997,0.75,3.43
2022.01.03 23:57:59.203,1.12991,1.12997,4.50,1.69
2022.01.03 23:58:14.369,1.12992,1.12997,0.75,1.12
2022.01.03 23:58:15.201,1.12992,1.12998,1.69,2.68
2022.01.03 23:58:16.367,1.12993,1.12998,1.69,0.75
2022.01.03 23:58:16.520,1.12994,1.12998,0.75,0.75
2022.01.03 23:58:18.347,1.12995,1.12998,1.95,0.75
2022.01.03 23:58:20.578,1.12995,1.12999,0.75,0.94
2022.01.03 23:58:22.756,1.12995,1.12998,1.95,0.94
2022.01.03 23:58:22.858,1.12995,1.12999,0.75,0.94
2022.01.03 23:58:23.191,1.12994,1.12999,0.75,0.94
2022.01.03 23:58:26.059,1.12996,1.12999,0.75,2.30
2022.01.03 23:58:26.162,1.12996,1.13,0.75,1.31
2022.01.03 23:58:28.578,1.12995,1.13,0.75,0.94
2022.01.03 23:58:36.178,1.12994,1.12999,5.25,0.19
2022.01.03 23:58:47.948,1.12995,1.12999,0.75,0.94
2022.01.03 23:58:48.050,1.12994,1.12999,0.75,0.94
2022.01.03 23:58:48.152,1.12995,1.12999,0.75,0.94
2022.01.03 23:58:52.348,1.12995,1.12998,0.75,0.94
2022.01.03 23:59:02.677,1.12993,1.12999,5.44,0.94
2022.01.03 23:59:09.454,1.12994,1.12999,0.19,0.75
2022.01.03 23:59:09.506,1.12997,1.12999,0.75,0.37
2022.01.03 23:59:09.609,1.12999,1.13002,0.75,0.37
2022.01.03 23:59:09.661,1.12999,1.13004,3.00,0.75
2022.01.03 23:59:09.763,1.13001,1.13003,0.75,0.75
2022.01.03 23:59:09.865,1.13001,1.13004,0.75,0.75
2022.01.03 23:59:09.967,1.13002,1.13005,0.75,0.75
2022.01.03 23:59:10.074,1.13001,1.13005,0.75,0.75
2022.01.03 23:59:10.797,1.13002,1.13005,0.75,0.75
2022.01.03 23:59:10.899,1.13001,1.13006,0.75,1.69
2022.01.03 23:59:15.831,1.13002,1.13006,0.75,1.69
2022.01.03 23:59:15.933,1.13004,1.13008,0.75,1.20
2022.01.03 23:59:16.036,1.13007,1.1301,0.75,3.75
2022.01.03 23:59:16.189,1.13007,1.13012,0.75,0.75
2022.01.03 23:59:20.432,1.13006,1.13012,2.25,1.50
2022.01.03 23:59:20.602,1.13006,1.13011,2.25,0.75
2022.01.03 23:59:21.652,1.13006,1.13012,2.25,1.50
2022.01.03 23:59:23.327,1.13007,1.13012,0.75,1.50
2022.01.03 23:59:24.073,1.13006,1.13012,2.25,1.50
2022.01.03 23:59:28.946,1.13007,1.13012,0.94,0.37
2022.01.03 23:59:29.048,1.13008,1.13013,0.75,0.75
2022.01.03 23:59:30.109,1.1301,1.13015,0.75,0.94
2022.01.03 23:59:30.212,1.13011,1.13015,0.75,0.75
2022.01.03 23:59:30.660,1.13011,1.13017,1.50,1.31
2022.01.03 23:59:30.895,1.13012,1.13017,0.75,1.31
2022.01.03 23:59:31.048,1.13011,1.13017,1.50,0.94
2022.01.03 23:59:32.549,1.13012,1.13017,0.75,1.50
2022.01.03 23:59:32.652,1.13012,1.13016,4.95,0.75
2022.01.03 23:59:33.296,1.13012,1.13017,1.50,0.75
2022.01.03 23:59:33.679,1.13012,1.13016,1.50,0.37
2022.01.03 23:59:33.934,1.13012,1.13017,1.50,0.75
2022.01.03 23:59:35.366,1.13013,1.13017,0.75,0.75
2022.01.03 23:59:35.490,1.13013,1.13018,0.75,0.75
2022.01.03 23:59:35.675,1.13012,1.13018,1.50,0.75
2022.01.03 23:59:37.217,1.13013,1.13018,0.75,2.49
2022.01.03 23:59:37.376,1.13012,1.13018,3.37,2.44
2022.01.03 23:59:37.647,1.13013,1.13018,0.75,2.44
2022.01.03 23:59:37.801,1.13015,1.13017,0.75,1.50
2022.01.03 23:59:37.903,1.13013,1.13018,3.00,1.50
2022.01.03 23:59:38.050,1.13014,1.13018,0.75,0.75
2022.01.03 23:59:38.801,1.13013,1.13018,3.19,0.75
2022.01.03 23:59:48.555,1.13015,1.13018,3.00,0.75
2022.01.03 23:59:48.810,1.13015,1.1302,0.75,0.75
2022.01.03 23:59:50.525,1.13016,1.1302,3.00,0.75
2022.01.03 23:59:52.618,1.13015,1.1302,0.75,1.50
2022.01.03 23:59:52.917,1.13015,1.13019,0.75,0.75
2022.01.03 23:59:55.601,1.13017,1.13022,3.00,2.06
2022.01.03 23:59:55.703,1.13016,1.13022,0.75,1.50
2022.01.03 23:59:55.907,1.13016,1.13021,0.75,0.19
2022.01.03 23:59:59.442,1.13016,1.13022,1.12,0.94
2022.01.03 23:59:59.630,1.13018,1.13023,0.75,2.51
2022.01.03 23:59:59.732,1.13017,1.13023,0.75,3.13
