2018.05.21 21:00:00.324,1.1791,1.1792,0.75,0.75
2018.05.21 21:00:00.747,1.17911,1.17923,0.75,2.62
2018.05.21 21:00:01.265,1.1791,1.17922,0.75,3.00
2018.05.21 21:00:01.812,1.1791,1.17923,0.75,3.75
2018.05.21 21:00:02.597,1.1791,1.17921,0.75,1.50
2018.05.21 21:00:03.216,1.17909,1.17921,2.25,1.50
2018.05.21 21:00:10.691,1.17904,1.17921,0.75,1.50
2018.05.21 21:00:10.742,1.17902,1.17922,0.75,1.50
2018.05.21 21:00:16.085,1.17902,1.17921,0.75,1.50
2018.05.21 21:00:25.022,1.17899,1.1792,1.50,0.75
2018.05.21 21:00:25.768,1.17898,1.1792,0.75,0.75
2018.05.21 21:00:36.106,1.17898,1.17917,0.75,0.75
2018.05.21 21:00:38.263,1.17895,1.17915,0.37,0.75
2018.05.21 21:00:53.816,1.17884,1.17915,0.75,0.75
2018.05.21 21:01:26.004,1.17884,1.17917,0.75,0.75
2018.05.21 21:01:33.164,1.17884,1.17911,0.75,0.67
2018.05.21 21:01:38.499,1.17881,1.17911,3.00,0.67
2018.05.21 21:01:39.161,1.17882,1.17911,1.50,0.67
2018.05.21 21:01:52.851,1.17884,1.17911,0.75,0.67
2018.05.21 21:02:10.176,1.17884,1.1791,0.75,0.75
2018.05.21 21:02:11.436,1.17884,1.17909,2.25,0.75
2018.05.21 21:02:11.487,1.17884,1.17914,0.75,0.75
2018.05.21 21:02:37.540,1.17883,1.17914,0.75,0.75
2018.05.21 21:03:00.502,1.17883,1.17916,0.75,0.75
2018.05.21 21:03:09.016,1.17882,1.17916,2.25,1.50
2018.05.21 21:03:09.068,1.17882,1.17912,2.25,0.75
2018.05.21 21:03:09.487,1.17882,1.17914,2.25,0.75
2018.05.21 21:03:10.849,1.17882,1.17912,3.00,0.75
2018.05.21 21:03:47.716,1.17884,1.17912,2.25,0.75
2018.05.21 21:04:05.375,1.17884,1.17912,2.25,1.19
2018.05.21 21:04:17.289,1.17882,1.17915,1.69,1.19
2018.05.21 21:04:19.077,1.17882,1.17915,1.69,1.19
2018.05.21 21:04:34.091,1.17882,1.17915,1.69,1.19
2018.05.21 21:04:38.122,1.17882,1.17915,1.69,1.19
2018.05.21 21:04:45.737,1.17883,1.17915,1.50,1.64
2018.05.21 21:04:46.932,1.17884,1.17911,2.25,1.19
2018.05.21 21:04:49.105,1.17884,1.17916,2.25,2.44
2018.05.21 21:04:49.838,1.17882,1.17916,3.19,2.44
2018.05.21 21:05:00.837,1.17884,1.17916,1.50,2.44
2018.05.21 21:05:02.921,1.17881,1.17914,1.69,1.19
2018.05.21 21:05:04.087,1.17884,1.17912,1.00,1.19
2018.05.21 21:05:04.695,1.17883,1.17915,1.50,2.44
2018.05.21 21:05:05.883,1.17885,1.1791,1.00,1.25
2018.05.21 21:05:08.079,1.17885,1.1791,1.00,1.19
2018.05.21 21:05:09.604,1.17897,1.1791,0.37,1.56
2018.05.21 21:05:14.012,1.17897,1.17915,0.37,1.56
2018.05.21 21:05:30.894,1.17898,1.17914,0.37,3.56
2018.05.21 21:05:32.328,1.17898,1.17908,0.37,1.00
2018.05.21 21:05:35.959,1.17898,1.17907,0.37,1.00
2018.05.21 21:05:47.135,1.17897,1.17907,3.57,1.00
2018.05.21 21:05:47.187,1.17897,1.17913,3.57,1.19
2018.05.21 21:06:00.136,1.17905,1.17916,1.00,3.75
2018.05.21 21:06:00.684,1.17904,1.17916,1.12,4.50
2018.05.21 21:06:01.111,1.17897,1.17915,1.87,1.87
2018.05.21 21:06:01.213,1.17899,1.17915,1.37,1.69
2018.05.21 21:06:06.388,1.17898,1.17917,4.87,2.44
2018.05.21 21:06:08.127,1.17899,1.17916,1.12,3.19
2018.05.21 21:06:15.133,1.17909,1.17916,1.37,3.19
2018.05.21 21:06:16.326,1.17909,1.17916,1.37,1.69
2018.05.21 21:06:19.101,1.17907,1.17917,1.37,1.19
2018.05.21 21:06:20.934,1.17911,1.17917,1.00,1.19
2018.05.21 21:06:22.731,1.17912,1.17919,1.37,1.00
2018.05.21 21:06:22.843,1.17911,1.17917,1.12,1.19
2018.05.21 21:06:23.122,1.17912,1.17919,1.12,1.00
2018.05.21 21:06:30.144,1.17903,1.17916,1.42,1.19
2018.05.21 21:06:30.247,1.17913,1.17919,0.37,1.00
2018.05.21 21:06:32.784,1.17912,1.17919,1.12,1.00
2018.05.21 21:06:33.320,1.179,1.17916,1.26,1.19
2018.05.21 21:06:34.092,1.179,1.17917,2.07,1.19
2018.05.21 21:06:34.197,1.17911,1.17917,1.00,1.19
2018.05.21 21:06:36.193,1.17912,1.17917,1.00,1.19
2018.05.21 21:06:38.697,1.17911,1.17917,1.00,1.19
2018.05.21 21:06:39.300,1.17912,1.17917,1.00,1.19
2018.05.21 21:06:39.985,1.17911,1.17917,1.00,1.19
2018.05.21 21:06:40.509,1.17912,1.17917,1.00,1.19
2018.05.21 21:06:41.073,1.17911,1.17917,1.00,1.19
2018.05.21 21:06:41.125,1.17911,1.17921,1.37,1.50
2018.05.21 21:06:41.917,1.17912,1.1792,1.37,1.00
2018.05.21 21:06:42.248,1.17912,1.17917,1.00,1.19
2018.05.21 21:06:42.300,1.17903,1.17917,2.25,1.19
2018.05.21 21:06:44.215,1.17904,1.17917,1.50,1.19
2018.05.21 21:06:47.372,1.17902,1.17917,3.19,1.69
2018.05.21 21:06:47.935,1.17903,1.17917,1.25,1.19
2018.05.21 21:06:50.518,1.17902,1.17917,1.51,1.19
2018.05.21 21:06:51.040,1.17903,1.17917,1.32,1.19
2018.05.21 21:06:51.591,1.17902,1.17917,1.41,1.19
2018.05.21 21:06:52.127,1.17902,1.17917,1.78,1.19
2018.05.21 21:06:55.531,1.17902,1.17917,1.41,1.19
2018.05.21 21:06:56.069,1.17903,1.17917,1.25,1.19
2018.05.21 21:06:56.121,1.17912,1.1792,0.37,3.00
2018.05.21 21:06:56.632,1.17912,1.17919,0.37,1.00
2018.05.21 21:06:58.658,1.17903,1.17917,1.37,1.19
2018.05.21 21:06:59.162,1.17911,1.17917,1.00,1.19
2018.05.21 21:07:00.584,1.17912,1.17917,1.00,1.19
2018.05.21 21:07:05.319,1.1791,1.17917,1.12,1.19
2018.05.21 21:07:06.342,1.17911,1.17917,1.00,1.19
2018.05.21 21:07:07.001,1.17912,1.17917,1.00,1.19
2018.05.21 21:07:07.527,1.17911,1.17917,1.00,1.19
2018.05.21 21:07:08.072,1.17912,1.17917,1.00,1.19
2018.05.21 21:07:08.748,1.17911,1.17917,1.00,1.19
2018.05.21 21:07:10.609,1.17911,1.17917,1.37,1.19
2018.05.21 21:07:12.753,1.1791,1.17917,1.37,1.19
2018.05.21 21:07:14.436,1.1791,1.17917,1.37,1.19
2018.05.21 21:07:22.102,1.17913,1.1792,1.00,1.00
2018.05.21 21:07:25.190,1.1791,1.17916,1.37,1.19
2018.05.21 21:07:34.104,1.1791,1.17917,1.37,1.19
2018.05.21 21:07:38.091,1.1791,1.17916,1.12,1.19
2018.05.21 21:07:41.144,1.17912,1.17921,1.00,3.19
2018.05.21 21:07:41.661,1.17911,1.17916,1.12,1.19
2018.05.21 21:07:41.803,1.17912,1.17921,1.00,3.00
2018.05.21 21:07:42.322,1.17911,1.17916,1.12,1.19
2018.05.21 21:07:42.813,1.17912,1.1792,1.00,1.50
2018.05.21 21:07:44.745,1.17911,1.17916,1.12,1.19
2018.05.21 21:07:45.404,1.17912,1.17921,1.37,1.50
2018.05.21 21:07:45.990,1.17912,1.1792,1.37,34.50
2018.05.21 21:07:48.130,1.17912,1.17918,1.37,1.00
2018.05.21 21:07:49.081,1.17911,1.17917,1.00,1.19
2018.05.21 21:07:49.237,1.17906,1.17917,1.50,1.19
2018.05.21 21:07:49.420,1.17912,1.17917,1.00,1.19
2018.05.21 21:07:49.886,1.17906,1.17917,1.50,1.19
2018.05.21 21:07:50.136,1.17912,1.17917,1.00,1.19
2018.05.21 21:07:50.647,1.17907,1.17917,1.50,1.19
2018.05.21 21:07:50.699,1.17912,1.17917,1.00,1.19
2018.05.21 21:07:51.149,1.17905,1.17917,1.50,1.19
2018.05.21 21:07:51.201,1.17912,1.17917,1.00,1.19
2018.05.21 21:07:51.397,1.17906,1.17917,1.50,1.19
2018.05.21 21:07:51.783,1.17912,1.17917,1.00,1.19
2018.05.21 21:07:52.396,1.17911,1.17918,1.37,1.00
2018.05.21 21:07:53.104,1.17912,1.17917,1.00,1.19
2018.05.21 21:07:57.634,1.17909,1.17917,1.37,1.19
2018.05.21 21:08:01.512,1.17909,1.17917,1.37,1.19
2018.05.21 21:08:05.132,1.17908,1.17917,1.37,1.19
2018.05.21 21:08:05.713,1.1791,1.17917,1.37,1.19
2018.05.21 21:08:11.965,1.17908,1.17917,1.37,1.19
2018.05.21 21:08:14.137,1.17908,1.17917,1.37,1.19
2018.05.21 21:08:14.596,1.1791,1.17917,1.12,1.19
2018.05.21 21:08:16.143,1.17906,1.17917,1.37,1.19
2018.05.21 21:08:21.086,1.17909,1.17917,1.37,1.19
2018.05.21 21:08:23.078,1.17909,1.17916,1.37,1.19
2018.05.21 21:08:38.076,1.17908,1.17917,1.37,1.19
2018.05.21 21:08:52.976,1.17908,1.17917,1.37,1.19
2018.05.21 21:08:53.505,1.17908,1.17916,1.37,1.19
2018.05.21 21:08:56.700,1.17908,1.17916,1.12,1.19
2018.05.21 21:08:58.059,1.17909,1.17916,1.37,1.19
2018.05.21 21:08:59.853,1.17908,1.17916,1.87,1.19
2018.05.21 21:09:00.094,1.17908,1.17916,1.37,1.19
2018.05.21 21:09:02.242,1.17908,1.17916,1.37,1.19
2018.05.21 21:09:04.120,1.17909,1.17917,1.37,1.19
2018.05.21 21:09:08.081,1.17907,1.17916,1.37,1.19
2018.05.21 21:09:15.887,1.17909,1.17916,1.12,1.19
2018.05.21 21:09:20.152,1.17905,1.17911,2.62,1.19
2018.05.21 21:09:21.087,1.17905,1.17911,2.62,1.19
2018.05.21 21:09:21.898,1.17906,1.17911,1.12,1.19
2018.05.21 21:09:36.186,1.17908,1.17911,1.37,1.19
2018.05.21 21:09:38.165,1.17908,1.17911,1.37,1.19
2018.05.21 21:09:38.776,1.17906,1.17911,1.37,1.19
2018.05.21 21:09:45.446,1.17906,1.17911,1.37,1.19
2018.05.21 21:09:48.320,1.17906,1.17911,1.37,1.19
2018.05.21 21:09:56.715,1.17905,1.17911,2.62,1.19
2018.05.21 21:10:00.183,1.17907,1.17911,1.37,1.25
2018.05.21 21:10:01.073,1.17906,1.17911,1.00,1.19
2018.05.21 21:10:01.663,1.17905,1.17911,1.50,1.19
2018.05.21 21:10:02.757,1.17902,1.17911,4.84,1.19
2018.05.21 21:10:04.096,1.17902,1.17911,4.84,1.19
2018.05.21 21:10:08.079,1.17903,1.1791,1.20,1.25
2018.05.21 21:10:23.090,1.17903,1.1791,1.20,1.19
2018.05.21 21:10:38.078,1.17903,1.1791,2.22,1.25
2018.05.21 21:11:01.177,1.17905,1.1791,1.50,1.25
2018.05.21 21:11:02.138,1.17904,1.17911,1.50,1.19
2018.05.21 21:11:04.484,1.17903,1.17911,2.56,1.19
2018.05.21 21:11:04.792,1.17905,1.17911,1.50,1.19
2018.05.21 21:11:07.847,1.17903,1.17911,2.37,1.19
2018.05.21 21:11:08.522,1.17903,1.17911,2.56,1.31
2018.05.21 21:11:08.575,1.17905,1.17911,1.50,1.31
2018.05.21 21:11:09.508,1.17904,1.17911,1.50,1.19
2018.05.21 21:11:10.766,1.17903,1.17911,2.37,1.19
2018.05.21 21:11:11.346,1.17904,1.17911,1.50,1.19
2018.05.21 21:11:11.872,1.17903,1.17911,2.56,1.19
2018.05.21 21:11:12.664,1.17904,1.17911,1.50,1.19
2018.05.21 21:11:14.235,1.17903,1.17911,2.37,1.31
2018.05.21 21:11:15.194,1.17904,1.17911,1.50,1.31
2018.05.21 21:11:15.783,1.17903,1.17911,2.37,1.19
2018.05.21 21:11:16.428,1.17904,1.17911,1.50,1.19
2018.05.21 21:11:17.092,1.17905,1.17911,1.50,1.19
2018.05.21 21:11:19.078,1.17905,1.17911,1.50,1.19
2018.05.21 21:11:29.215,1.17904,1.1791,2.25,1.25
2018.05.21 21:11:30.218,1.17905,1.1791,1.50,1.25
2018.05.21 21:11:30.859,1.17904,1.1791,1.00,1.25
2018.05.21 21:11:34.678,1.17905,1.1791,1.50,1.25
2018.05.21 21:11:44.215,1.17903,1.17911,1.62,1.19
2018.05.21 21:11:44.944,1.17904,1.17911,1.50,1.19
2018.05.21 21:11:46.646,1.17902,1.17911,2.37,1.88
2018.05.21 21:11:47.204,1.17902,1.17911,2.25,3.01
2018.05.21 21:11:48.353,1.17904,1.17911,1.50,3.38
2018.05.21 21:11:48.964,1.17903,1.17911,1.50,1.51
2018.05.21 21:11:49.896,1.17902,1.17911,1.00,1.31
2018.05.21 21:11:50.954,1.17903,1.17911,1.50,2.06
2018.05.21 21:11:51.482,1.17902,1.17911,2.25,1.69
2018.05.21 21:11:53.004,1.17903,1.17911,1.50,1.31
2018.05.21 21:11:53.540,1.17903,1.17911,1.50,1.88
2018.05.21 21:11:54.585,1.17902,1.17909,1.00,1.25
2018.05.21 21:11:59.569,1.17902,1.17909,2.25,1.88
2018.05.21 21:12:02.174,1.17902,1.17908,1.00,1.50
2018.05.21 21:12:11.533,1.17902,1.17908,1.00,1.87
2018.05.21 21:12:12.583,1.17902,1.1791,1.50,1.45
2018.05.21 21:12:18.781,1.17902,1.1791,3.00,1.13
2018.05.21 21:12:22.164,1.17902,1.17909,1.50,1.12
2018.05.21 21:12:22.697,1.17902,1.1791,3.00,1.13
2018.05.21 21:12:23.261,1.17902,1.17909,3.00,1.12
2018.05.21 21:12:26.564,1.17902,1.17908,1.50,1.12
2018.05.21 21:12:27.067,1.17902,1.17911,1.50,1.31
2018.05.21 21:12:55.079,1.17902,1.17911,1.50,1.56
2018.05.21 21:12:59.155,1.17903,1.17912,1.00,1.56
2018.05.21 21:13:13.126,1.17903,1.17911,1.00,1.56
2018.05.21 21:13:13.846,1.17902,1.17911,1.50,1.56
2018.05.21 21:13:19.078,1.17902,1.17912,1.50,1.82
2018.05.21 21:13:23.033,1.17905,1.17912,1.00,1.31
2018.05.21 21:13:23.546,1.17905,1.17913,1.00,1.39
2018.05.21 21:13:24.202,1.17902,1.17913,3.00,1.77
2018.05.21 21:13:39.895,1.17903,1.17912,1.50,1.66
2018.05.21 21:13:40.489,1.17902,1.17912,1.12,1.58
2018.05.21 21:13:51.132,1.17903,1.17912,1.50,1.66
2018.05.21 21:14:10.010,1.17902,1.17912,3.37,1.58
2018.05.21 21:14:10.433,1.17904,1.17912,1.50,1.77
2018.05.21 21:14:16.036,1.17902,1.17912,2.25,2.52
2018.05.21 21:14:19.701,1.17903,1.17913,1.00,1.58
2018.05.21 21:14:19.911,1.17903,1.17913,3.07,1.20
2018.05.21 21:14:29.019,1.17903,1.17914,1.50,2.32
2018.05.21 21:14:29.387,1.17903,1.17914,1.50,2.32
2018.05.21 21:14:33.560,1.17905,1.17914,1.00,3.45
2018.05.21 21:14:34.817,1.17905,1.17913,1.00,1.20
2018.05.21 21:14:35.325,1.17905,1.17914,1.00,2.52
2018.05.21 21:14:36.210,1.17904,1.17913,1.00,1.77
2018.05.21 21:14:41.972,1.17904,1.17913,1.00,1.30
2018.05.21 21:14:42.471,1.17903,1.17912,1.50,1.45
2018.05.21 21:14:45.343,1.17903,1.17914,1.50,4.77
2018.05.21 21:14:47.076,1.17903,1.17913,1.50,1.39
2018.05.21 21:14:48.331,1.17903,1.17913,1.50,1.30
2018.05.21 21:14:54.008,1.17903,1.17912,1.00,1.44
2018.05.21 21:15:00.603,1.17903,1.17913,1.00,2.52
2018.05.21 21:15:03.177,1.17903,1.17913,1.00,2.14
2018.05.21 21:15:04.712,1.17903,1.17911,1.00,1.45
2018.05.21 21:15:08.125,1.17903,1.17912,1.00,1.38
2018.05.21 21:15:08.648,1.17903,1.17912,1.00,2.26
2018.05.21 21:15:09.619,1.17903,1.17911,1.00,1.01
2018.05.21 21:15:10.191,1.17903,1.17912,1.00,2.26
2018.05.21 21:15:10.715,1.17903,1.17912,1.00,1.38
2018.05.21 21:15:11.148,1.17903,1.17912,1.00,2.26
2018.05.21 21:15:12.667,1.17903,1.17912,1.00,1.13
2018.05.21 21:15:13.210,1.17903,1.17912,1.00,1.88
2018.05.21 21:15:13.729,1.17903,1.17912,1.00,1.44
2018.05.21 21:15:15.606,1.17903,1.17912,1.00,1.38
2018.05.21 21:15:16.154,1.17903,1.17913,1.00,4.21
2018.05.21 21:15:17.954,1.17903,1.17913,1.00,3.76
2018.05.21 21:15:18.488,1.17903,1.17913,1.00,3.38
2018.05.21 21:15:21.231,1.17903,1.17913,1.00,2.26
2018.05.21 21:15:21.825,1.17903,1.17913,1.00,1.76
2018.05.21 21:15:22.583,1.17903,1.17913,1.00,4.51
2018.05.21 21:15:26.342,1.17903,1.17913,1.00,4.13
2018.05.21 21:15:26.895,1.17903,1.17912,1.00,1.88
2018.05.21 21:15:27.555,1.17903,1.17913,1.00,1.76
2018.05.21 21:15:28.216,1.17903,1.17912,1.00,2.26
2018.05.21 21:15:29.406,1.17903,1.17913,1.00,2.63
2018.05.21 21:15:30.042,1.17902,1.17913,2.32,1.85
2018.05.21 21:15:38.743,1.17902,1.17912,1.57,1.60
2018.05.21 21:15:43.489,1.17902,1.17913,1.57,1.98
2018.05.21 21:15:44.202,1.17903,1.17913,1.00,1.85
2018.05.21 21:15:45.102,1.17903,1.17912,1.00,1.60
2018.05.21 21:15:48.303,1.17903,1.17913,1.00,1.85
2018.05.21 21:15:56.690,1.17904,1.17913,1.00,1.85
2018.05.21 21:15:57.301,1.17903,1.17914,1.00,1.30
2018.05.21 21:15:57.732,1.17905,1.17912,1.00,1.60
2018.05.21 21:16:11.495,1.17905,1.17912,1.00,1.98
2018.05.21 21:16:14.032,1.17905,1.17912,1.00,1.98
2018.05.21 21:16:14.784,1.17905,1.17912,1.00,1.98
2018.05.21 21:16:16.128,1.17905,1.17912,1.00,1.98
2018.05.21 21:16:19.123,1.17903,1.17912,1.37,1.23
2018.05.21 21:16:19.693,1.17903,1.17912,1.37,1.98
2018.05.21 21:16:23.077,1.17904,1.17912,1.12,1.23
2018.05.21 21:16:24.183,1.17904,1.17912,1.12,1.51
2018.05.21 21:16:26.414,1.17904,1.17912,1.12,1.23
2018.05.21 21:16:30.352,1.17904,1.17912,1.12,1.51
2018.05.21 21:16:53.000,1.17904,1.17911,1.20,1.26
2018.05.21 21:16:55.029,1.17904,1.17911,1.20,1.32
2018.05.21 21:16:55.772,1.17904,1.17911,1.20,1.26
2018.05.21 21:16:56.332,1.17904,1.17911,1.20,1.32
2018.05.21 21:16:58.049,1.17904,1.17911,1.20,1.26
2018.05.21 21:17:00.083,1.17903,1.17912,1.57,1.98
2018.05.21 21:17:00.879,1.17903,1.17911,1.12,1.60
2018.05.21 21:17:04.079,1.17903,1.1791,1.12,1.01
2018.05.21 21:17:06.296,1.17903,1.1791,1.12,1.44
2018.05.21 21:17:06.820,1.17903,1.17908,1.12,1.00
2018.05.21 21:17:07.347,1.17903,1.1791,1.00,1.13
2018.05.21 21:17:11.349,1.17904,1.17911,1.00,1.89
2018.05.21 21:17:23.804,1.17901,1.17911,1.50,2.03
2018.05.21 21:17:24.064,1.17902,1.17911,1.87,2.78
2018.05.21 21:17:37.369,1.17901,1.17909,1.87,1.16
2018.05.21 21:17:37.958,1.17902,1.17908,1.00,1.41
2018.05.21 21:18:08.683,1.179,1.17909,2.62,1.66
2018.05.21 21:18:16.185,1.17901,1.17908,1.00,1.15
2018.05.21 21:18:16.781,1.17902,1.17909,1.00,1.16
2018.05.21 21:18:17.069,1.179,1.17909,3.75,1.34
2018.05.21 21:18:17.602,1.179,1.17909,2.81,1.34
2018.05.21 21:18:18.164,1.17901,1.1791,1.12,1.84
2018.05.21 21:18:22.972,1.17902,1.1791,1.00,1.09
2018.05.21 21:18:27.734,1.179,1.17909,2.70,1.34
2018.05.21 21:18:28.291,1.17902,1.17909,1.00,1.84
2018.05.21 21:18:30.100,1.17902,1.17909,1.00,1.47
2018.05.21 21:18:30.623,1.179,1.17909,2.62,1.34
2018.05.21 21:18:31.018,1.17905,1.1791,1.00,1.63
2018.05.21 21:18:31.524,1.17905,1.17912,1.00,1.37
2018.05.21 21:18:32.631,1.17905,1.17912,1.00,1.37
2018.05.21 21:18:34.977,1.17905,1.17912,1.00,1.50
2018.05.21 21:18:53.285,1.17903,1.17911,1.37,1.37
2018.05.21 21:18:53.819,1.17905,1.17912,1.00,1.50
2018.05.21 21:18:55.215,1.17902,1.17913,1.87,2.63
2018.05.21 21:18:55.790,1.17905,1.17913,1.00,2.26
2018.05.21 21:19:00.110,1.17904,1.17913,1.00,2.26
2018.05.21 21:19:00.626,1.17902,1.17912,1.87,2.07
2018.05.21 21:19:01.467,1.17905,1.17912,1.00,2.07
2018.05.21 21:19:01.620,1.17902,1.17912,1.87,2.07
2018.05.21 21:19:01.671,1.17905,1.17912,1.00,1.63
2018.05.21 21:19:01.723,1.17902,1.17912,1.87,2.07
2018.05.21 21:19:01.977,1.17905,1.17912,1.00,1.63
2018.05.21 21:19:02.028,1.17902,1.17912,1.87,2.07
2018.05.21 21:19:02.601,1.17906,1.17912,1.00,2.07
2018.05.21 21:19:02.653,1.17902,1.17912,1.87,1.63
2018.05.21 21:19:02.908,1.17905,1.17912,1.00,2.07
2018.05.21 21:19:03.111,1.17902,1.17912,1.87,1.63
2018.05.21 21:19:03.569,1.17905,1.17912,1.00,1.63
2018.05.21 21:19:04.083,1.17903,1.17912,1.37,1.51
2018.05.21 21:19:04.976,1.17905,1.17912,1.00,2.26
2018.05.21 21:19:05.491,1.17903,1.17912,1.37,1.88
2018.05.21 21:19:08.061,1.17903,1.17912,1.37,1.88
2018.05.21 21:19:08.791,1.17905,1.17912,1.00,1.19
2018.05.21 21:19:10.826,1.17905,1.17912,1.37,1.19
2018.05.21 21:19:12.236,1.17905,1.17913,1.12,1.69
2018.05.21 21:19:12.778,1.17905,1.17912,1.12,1.26
2018.05.21 21:19:15.438,1.17905,1.17912,1.37,1.32
2018.05.21 21:19:16.526,1.17903,1.17912,1.37,1.32
2018.05.21 21:19:16.733,1.17906,1.17913,1.00,2.14
2018.05.21 21:19:17.970,1.17906,1.17911,1.00,1.00
2018.05.21 21:19:21.181,1.17906,1.17913,1.00,2.14
2018.05.21 21:19:21.803,1.17906,1.17913,1.00,1.29
2018.05.21 21:19:22.332,1.17906,1.17913,1.00,1.11
2018.05.21 21:19:23.091,1.17906,1.17914,1.12,2.33
2018.05.21 21:19:26.527,1.17907,1.17914,1.00,1.96
2018.05.21 21:19:27.065,1.17907,1.17914,1.00,1.88
2018.05.21 21:19:28.805,1.17907,1.17914,1.00,1.32
2018.05.21 21:19:31.445,1.17907,1.17914,1.00,1.69
2018.05.21 21:19:32.052,1.17908,1.17915,1.00,1.47
2018.05.21 21:19:51.173,1.17907,1.17915,1.00,1.90
2018.05.21 21:19:54.078,1.17907,1.17916,1.00,2.65
2018.05.21 21:19:57.752,1.17907,1.17915,1.00,1.07
2018.05.21 21:19:58.522,1.17907,1.17916,1.00,3.03
2018.05.21 21:20:03.480,1.17907,1.17916,3.00,2.64
2018.05.21 21:20:06.462,1.17907,1.17915,3.00,1.01
2018.05.21 21:20:11.397,1.17907,1.17915,1.87,1.71
2018.05.21 21:20:28.344,1.17908,1.17915,1.00,1.47
2018.05.21 21:20:28.952,1.17908,1.17915,1.00,1.47
2018.05.21 21:20:49.722,1.17907,1.17916,1.00,1.57
2018.05.21 21:20:52.919,1.17907,1.17915,1.00,1.95
2018.05.21 21:20:53.868,1.17908,1.17915,1.00,1.95
2018.05.21 21:20:55.653,1.17907,1.17916,1.00,3.20
2018.05.21 21:21:00.583,1.17908,1.17915,1.00,1.47
2018.05.21 21:21:08.367,1.17907,1.17914,1.00,3.37
2018.05.21 21:21:11.449,1.17906,1.17915,1.69,1.47
2018.05.21 21:21:15.348,1.17907,1.17915,1.00,1.37
2018.05.21 21:21:17.451,1.17907,1.17915,1.50,1.62
2018.05.21 21:21:23.828,1.17907,1.17915,1.00,1.51
2018.05.21 21:21:24.640,1.17907,1.17915,1.00,1.88
2018.05.21 21:21:25.173,1.17906,1.17914,1.69,1.32
2018.05.21 21:21:27.758,1.17907,1.17914,1.12,1.59
2018.05.21 21:21:37.567,1.17907,1.17914,1.00,3.01
2018.05.21 21:21:38.078,1.17906,1.17914,1.50,1.14
2018.05.21 21:21:44.059,1.17906,1.17914,1.50,1.76
2018.05.21 21:22:03.588,1.17906,1.17914,1.50,1.81
2018.05.21 21:22:06.667,1.17906,1.17914,1.69,1.81
2018.05.21 21:22:12.076,1.17906,1.17914,1.50,1.81
2018.05.21 21:22:14.321,1.17906,1.17914,1.50,1.81
2018.05.21 21:22:15.152,1.17907,1.17914,1.00,2.27
2018.05.21 21:22:16.399,1.17907,1.17914,1.00,2.27
2018.05.21 21:22:17.400,1.17907,1.17914,1.00,2.27
2018.05.21 21:22:18.727,1.17907,1.17914,1.00,1.74
2018.05.21 21:22:22.324,1.17907,1.17914,1.00,1.74
2018.05.21 21:22:22.865,1.17907,1.17914,1.00,1.74
2018.05.21 21:22:23.929,1.17907,1.17914,1.00,1.84
2018.05.21 21:22:24.554,1.17907,1.17914,1.00,1.84
2018.05.21 21:22:25.385,1.17907,1.17914,1.00,1.84
2018.05.21 21:22:26.584,1.17907,1.17914,1.00,1.84
2018.05.21 21:22:27.589,1.17907,1.17914,1.50,2.21
2018.05.21 21:22:28.413,1.17907,1.17913,1.50,1.26
2018.05.21 21:22:29.689,1.17907,1.17914,1.50,2.27
2018.05.21 21:22:30.258,1.17907,1.17914,1.00,1.84
2018.05.21 21:22:31.554,1.17907,1.17914,1.00,1.84
2018.05.21 21:22:32.105,1.17907,1.17914,1.00,1.84
2018.05.21 21:22:33.986,1.17907,1.17914,1.00,1.90
2018.05.21 21:22:34.654,1.17907,1.17914,1.00,1.90
2018.05.21 21:22:36.234,1.17907,1.17914,1.00,1.90
2018.05.21 21:22:36.741,1.17907,1.17914,1.00,1.90
2018.05.21 21:22:40.426,1.17907,1.17914,1.00,1.90
2018.05.21 21:22:41.614,1.17907,1.17914,1.00,1.90
2018.05.21 21:22:42.703,1.17907,1.17913,1.50,1.26
2018.05.21 21:22:48.929,1.17907,1.17914,1.00,1.90
2018.05.21 21:22:54.754,1.17907,1.17914,1.00,2.27
2018.05.21 21:22:56.176,1.17906,1.17913,1.50,1.32
2018.05.21 21:22:58.867,1.17906,1.17913,1.50,1.87
2018.05.21 21:23:12.539,1.17906,1.17912,1.00,1.31
2018.05.21 21:23:12.592,1.17906,1.1791,1.00,1.00
2018.05.21 21:23:13.096,1.17905,1.1791,1.31,1.00
2018.05.21 21:23:20.265,1.17902,1.1791,1.37,1.87
2018.05.21 21:23:20.785,1.17902,1.17909,1.37,1.00
2018.05.21 21:23:21.488,1.17905,1.1791,1.00,1.63
2018.05.21 21:23:22.002,1.17905,1.1791,1.00,1.26
2018.05.21 21:23:23.850,1.17905,1.1791,1.00,1.69
2018.05.21 21:23:24.932,1.17905,1.1791,1.00,1.32
2018.05.21 21:23:26.031,1.17905,1.17909,1.00,1.00
2018.05.21 21:23:36.530,1.17903,1.17908,1.00,1.00
2018.05.21 21:23:37.227,1.17903,1.17911,1.00,1.69
2018.05.21 21:23:41.400,1.17906,1.17908,1.00,1.00
2018.05.21 21:23:43.881,1.17903,1.17908,1.00,1.12
2018.05.21 21:23:47.375,1.17905,1.17908,1.00,1.00
2018.05.21 21:23:47.427,1.17902,1.17908,1.87,1.00
2018.05.21 21:23:48.458,1.17905,1.17908,1.00,1.00
2018.05.21 21:23:49.078,1.17906,1.1791,1.00,1.63
2018.05.21 21:23:51.843,1.17902,1.17911,1.37,2.07
2018.05.21 21:23:52.655,1.17902,1.17909,1.12,1.12
2018.05.21 21:23:52.909,1.17905,1.17908,1.00,1.00
2018.05.21 21:23:53.419,1.17905,1.17909,1.00,1.12
2018.05.21 21:23:55.829,1.17902,1.17909,1.12,1.12
2018.05.21 21:23:59.457,1.17902,1.17911,1.37,2.07
2018.05.21 21:24:00.065,1.17905,1.1791,1.00,1.63
2018.05.21 21:24:17.818,1.17905,1.17908,1.00,1.00
2018.05.21 21:24:31.839,1.17901,1.17908,1.37,1.12
2018.05.21 21:24:33.661,1.17905,1.17908,1.00,1.12
2018.05.21 21:24:42.877,1.17905,1.17911,1.00,1.82
2018.05.21 21:24:58.011,1.17905,1.17909,1.00,1.12
2018.05.21 21:25:06.678,1.17905,1.17911,1.00,1.88
2018.05.21 21:25:07.235,1.17905,1.17911,1.00,3.38
2018.05.21 21:25:09.519,1.17905,1.17911,1.00,1.88
2018.05.21 21:25:14.454,1.17905,1.17911,1.12,1.51
2018.05.21 21:25:18.878,1.17906,1.17911,1.00,1.51
2018.05.21 21:25:23.082,1.17906,1.17911,1.00,1.88
2018.05.21 21:25:38.106,1.17906,1.17911,1.00,1.31
2018.05.21 21:25:49.078,1.17906,1.17911,1.00,1.31
2018.05.21 21:25:51.921,1.17905,1.17911,1.00,1.88
2018.05.21 21:25:52.540,1.17905,1.17911,1.00,1.88
2018.05.21 21:25:55.222,1.17905,1.17911,1.00,1.22
2018.05.21 21:25:59.448,1.17905,1.17912,1.12,1.31
2018.05.21 21:26:10.082,1.17905,1.17912,2.62,4.31
2018.05.21 21:26:12.101,1.17905,1.17912,2.25,1.69
2018.05.21 21:26:13.566,1.17905,1.17912,2.62,1.69
2018.05.21 21:26:21.201,1.17905,1.17912,2.70,3.19
2018.05.21 21:26:23.019,1.17906,1.17912,1.00,2.44
2018.05.21 21:26:23.556,1.17906,1.17912,1.00,2.06
2018.05.21 21:26:26.398,1.17906,1.17912,2.25,2.44
2018.05.21 21:26:29.013,1.17906,1.17912,1.00,1.31
2018.05.21 21:26:30.763,1.17906,1.17913,1.12,2.44
2018.05.21 21:26:32.396,1.17906,1.17912,1.12,1.00
2018.05.21 21:26:33.071,1.17906,1.17912,1.37,1.12
2018.05.21 21:26:35.633,1.17906,1.17912,1.00,1.12
2018.05.21 21:26:36.234,1.17906,1.17911,2.25,1.00
2018.05.21 21:26:38.584,1.17906,1.17912,1.00,1.12
2018.05.21 21:26:39.208,1.17906,1.17911,1.00,2.62
2018.05.21 21:26:40.332,1.17905,1.17912,1.87,3.19
2018.05.21 21:26:42.079,1.17905,1.17911,2.62,2.81
2018.05.21 21:26:51.532,1.17906,1.1791,1.50,1.12
2018.05.21 21:26:53.511,1.17906,1.17911,1.50,1.31
2018.05.21 21:26:59.448,1.17906,1.17912,1.50,2.00
2018.05.21 21:26:59.999,1.17905,1.17912,1.00,3.00
2018.05.21 21:27:06.160,1.17905,1.17911,1.00,1.50
2018.05.21 21:27:12.857,1.17905,1.17911,1.12,1.87
2018.05.21 21:27:13.398,1.17906,1.17912,1.00,2.25
2018.05.21 21:27:27.678,1.17906,1.17912,1.12,2.62
2018.05.21 21:27:30.883,1.17906,1.17912,1.50,1.50
2018.05.21 21:27:56.906,1.17907,1.17912,1.87,1.87
2018.05.21 21:27:57.494,1.17907,1.17912,1.87,2.25
2018.05.21 21:28:07.117,1.17907,1.17912,1.50,1.00
2018.05.21 21:28:23.271,1.17907,1.17912,1.87,3.00
2018.05.21 21:28:24.067,1.17907,1.17912,1.87,1.87
2018.05.21 21:28:24.896,1.17907,1.17912,1.87,3.00
2018.05.21 21:28:25.658,1.17907,1.17912,1.87,1.87
2018.05.21 21:28:28.068,1.17907,1.17912,1.87,3.00
2018.05.21 21:28:28.606,1.17907,1.17912,1.87,1.87
2018.05.21 21:28:32.870,1.17906,1.17912,1.50,3.00
2018.05.21 21:28:44.223,1.17906,1.17912,3.00,1.87
2018.05.21 21:28:44.783,1.17906,1.17912,3.00,3.00
2018.05.21 21:28:45.352,1.17906,1.17912,2.62,1.87
2018.05.21 21:28:52.097,1.17906,1.17912,3.00,1.87
2018.05.21 21:28:52.803,1.17906,1.17911,2.62,1.87
2018.05.21 21:29:15.073,1.17908,1.1791,1.00,1.50
2018.05.21 21:29:19.519,1.17908,1.17909,1.00,1.50
2018.05.21 21:29:23.950,1.17919,1.17923,1.00,3.07
2018.05.21 21:29:24.057,1.17923,1.17929,1.12,2.81
2018.05.21 21:29:24.608,1.17923,1.17928,1.12,3.75
2018.05.21 21:29:28.671,1.17922,1.17927,1.37,2.25
2018.05.21 21:29:29.352,1.17922,1.17927,1.37,1.87
2018.05.21 21:29:29.859,1.17918,1.17926,1.00,2.00
2018.05.21 21:29:29.912,1.17917,1.17924,1.10,1.87
2018.05.21 21:29:40.314,1.17917,1.1792,1.00,1.50
2018.05.21 21:29:41.452,1.17917,1.1792,1.00,1.37
2018.05.21 21:29:42.672,1.17917,1.17921,1.00,1.37
2018.05.21 21:29:49.416,1.17917,1.17921,1.00,1.75
2018.05.21 21:29:49.947,1.17916,1.17921,1.12,1.50
2018.05.21 21:29:50.291,1.17916,1.17925,1.00,1.87
2018.05.21 21:29:50.397,1.17916,1.17922,1.00,1.50
2018.05.21 21:29:50.708,1.17915,1.17923,1.69,1.75
2018.05.21 21:29:53.491,1.17914,1.17923,1.50,1.75
2018.05.21 21:29:55.537,1.17915,1.17923,1.00,2.06
2018.05.21 21:29:56.643,1.17913,1.17918,1.69,1.37
2018.05.21 21:29:57.169,1.17915,1.17918,1.00,1.37
2018.05.21 21:29:57.850,1.17911,1.17918,2.62,1.37
2018.05.21 21:29:59.790,1.17911,1.17917,3.37,1.12
2018.05.21 21:30:00.054,1.17912,1.17922,1.12,1.12
2018.05.21 21:30:00.276,1.17911,1.17923,2.00,1.12
2018.05.21 21:30:00.487,1.17913,1.17924,1.87,2.70
2018.05.21 21:30:00.592,1.17911,1.17918,1.75,1.12
2018.05.21 21:30:01.204,1.17913,1.17918,1.37,1.50
2018.05.21 21:30:01.687,1.17911,1.17918,1.50,1.50
2018.05.21 21:30:02.766,1.17911,1.17918,1.50,1.37
2018.05.21 21:30:04.034,1.17909,1.17918,1.92,1.50
2018.05.21 21:30:10.103,1.17909,1.17918,1.81,1.37
2018.05.21 21:30:11.140,1.17909,1.17917,1.63,1.12
2018.05.21 21:30:11.247,1.17911,1.17917,1.50,1.12
2018.05.21 21:30:12.518,1.17911,1.1792,2.00,3.37
2018.05.21 21:30:12.709,1.1791,1.1792,2.44,1.50
2018.05.21 21:30:14.230,1.1791,1.17921,4.69,2.32
2018.05.21 21:30:15.339,1.17911,1.17919,2.25,1.12
2018.05.21 21:30:19.848,1.17911,1.17921,2.25,2.62
2018.05.21 21:30:20.105,1.17913,1.1792,1.50,4.57
2018.05.21 21:30:20.831,1.17913,1.1792,1.50,3.75
2018.05.21 21:30:20.990,1.17909,1.17916,2.40,1.87
2018.05.21 21:30:21.501,1.17907,1.17916,1.50,1.95
2018.05.21 21:30:22.172,1.17907,1.17916,1.50,2.32
2018.05.21 21:30:22.840,1.17907,1.17916,1.50,1.95
2018.05.21 21:30:23.352,1.17907,1.17916,1.50,1.95
2018.05.21 21:30:25.004,1.17907,1.17915,1.50,2.62
2018.05.21 21:30:26.693,1.17907,1.17916,1.87,2.32
2018.05.21 21:30:27.123,1.17907,1.17916,1.50,3.82
2018.05.21 21:30:28.794,1.17904,1.17914,2.25,1.00
2018.05.21 21:30:29.950,1.17904,1.17914,1.87,2.70
2018.05.21 21:30:30.328,1.17906,1.17914,1.37,2.62
2018.05.21 21:30:30.380,1.17904,1.17914,1.87,1.87
2018.05.21 21:30:31.496,1.17904,1.17913,1.87,1.50
2018.05.21 21:30:31.602,1.17902,1.17912,2.25,4.11
2018.05.21 21:30:32.208,1.17901,1.17909,1.50,1.50
2018.05.21 21:30:32.827,1.17901,1.17909,1.37,1.87
2018.05.21 21:30:33.253,1.17903,1.17909,1.50,1.50
2018.05.21 21:30:33.879,1.17903,1.1791,1.37,1.00
2018.05.21 21:30:34.434,1.17901,1.17911,2.25,3.00
2018.05.21 21:30:35.103,1.17901,1.17909,1.87,1.50
2018.05.21 21:30:36.577,1.17903,1.1791,1.50,1.12
2018.05.21 21:30:37.186,1.17903,1.17911,1.12,2.62
2018.05.21 21:30:40.430,1.17903,1.17911,2.07,1.37
2018.05.21 21:30:40.953,1.17902,1.17911,2.44,1.47
2018.05.21 21:30:41.840,1.17903,1.17912,1.37,3.75
2018.05.21 21:30:48.887,1.17903,1.1791,1.12,1.12
2018.05.21 21:30:50.507,1.17903,1.1791,1.37,1.37
2018.05.21 21:30:52.029,1.17903,1.1791,1.37,1.00
2018.05.21 21:30:53.380,1.17903,1.1791,2.62,1.12
2018.05.21 21:30:55.517,1.17904,1.17912,1.50,2.44
2018.05.21 21:30:56.205,1.17902,1.17912,1.87,1.87
2018.05.21 21:31:00.938,1.17904,1.17913,1.87,2.06
2018.05.21 21:31:01.529,1.17904,1.17913,1.75,2.06
2018.05.21 21:31:02.178,1.17905,1.17914,2.25,2.14
2018.05.21 21:31:02.696,1.17905,1.17914,1.50,1.12
2018.05.21 21:31:03.538,1.17905,1.17914,1.69,1.50
2018.05.21 21:31:06.565,1.17905,1.17914,1.50,1.12
2018.05.21 21:31:07.975,1.17907,1.17914,1.00,1.87
2018.05.21 21:31:11.376,1.17907,1.17913,1.00,1.25
2018.05.21 21:31:12.123,1.17907,1.17914,1.00,2.06
2018.05.21 21:31:12.674,1.17907,1.17913,1.00,1.25
2018.05.21 21:31:13.285,1.17907,1.17914,1.00,2.06
2018.05.21 21:31:13.932,1.17907,1.17913,1.00,1.25
2018.05.21 21:31:14.469,1.17907,1.17914,1.00,2.06
2018.05.21 21:31:15.026,1.17907,1.17913,1.00,1.25
2018.05.21 21:31:17.719,1.17907,1.17914,1.00,2.06
2018.05.21 21:31:30.989,1.17907,1.17913,1.50,1.00
2018.05.21 21:31:31.535,1.17907,1.17914,1.00,2.25
2018.05.21 21:31:34.116,1.17907,1.17913,1.50,1.00
2018.05.21 21:31:34.651,1.17907,1.17914,1.50,1.87
2018.05.21 21:31:40.468,1.17907,1.17913,1.00,1.00
2018.05.21 21:31:42.133,1.17907,1.17914,1.00,1.50
2018.05.21 21:31:46.873,1.17907,1.17913,1.00,1.00
2018.05.21 21:31:47.419,1.17907,1.17914,1.00,1.50
2018.05.21 21:31:48.060,1.17907,1.17913,1.00,1.00
2018.05.21 21:31:53.110,1.17907,1.17914,1.00,1.00
2018.05.21 21:32:08.078,1.17906,1.17915,2.07,4.16
2018.05.21 21:32:08.954,1.17906,1.17914,2.07,1.00
2018.05.21 21:32:12.112,1.17906,1.17915,1.00,3.04
2018.05.21 21:32:12.164,1.17906,1.17914,1.00,1.50
2018.05.21 21:32:12.482,1.17906,1.17915,1.00,2.85
2018.05.21 21:32:13.123,1.17906,1.17914,1.00,1.00
2018.05.21 21:32:15.782,1.17906,1.17915,1.00,2.85
2018.05.21 21:32:18.150,1.17906,1.17914,1.00,1.87
2018.05.21 21:32:18.440,1.17906,1.17915,1.00,3.22
2018.05.21 21:32:30.376,1.17906,1.17914,1.50,1.00
2018.05.21 21:32:31.556,1.17906,1.17915,1.00,1.72
2018.05.21 21:32:32.188,1.17906,1.17915,1.00,1.72
2018.05.21 21:32:33.327,1.17906,1.17915,1.00,1.72
2018.05.21 21:32:42.724,1.17906,1.17914,1.50,1.00
2018.05.21 21:32:43.640,1.17906,1.17915,1.00,2.36
2018.05.21 21:32:44.196,1.17906,1.17914,1.50,1.00
2018.05.21 21:32:44.982,1.17906,1.17915,1.00,1.99
2018.05.21 21:32:45.504,1.17906,1.17914,1.00,1.35
2018.05.21 21:32:46.362,1.17906,1.17915,2.25,2.66
2018.05.21 21:32:46.960,1.17906,1.17915,1.50,4.16
2018.05.21 21:33:01.107,1.17906,1.17915,2.62,2.66
2018.05.21 21:33:01.756,1.17906,1.17914,1.50,1.00
2018.05.21 21:33:05.731,1.17906,1.17915,1.50,3.04
2018.05.21 21:33:11.779,1.17906,1.17915,2.25,3.30
2018.05.21 21:33:12.458,1.17906,1.17915,2.25,2.85
2018.05.21 21:33:21.729,1.17906,1.17914,2.07,1.00
2018.05.21 21:33:28.374,1.17905,1.17915,3.94,1.20
2018.05.21 21:33:29.070,1.17906,1.17915,1.32,1.95
2018.05.21 21:33:29.642,1.17905,1.17915,4.69,1.20
2018.05.21 21:33:31.483,1.17905,1.17915,3.57,1.12
2018.05.21 21:33:49.390,1.17906,1.17915,1.32,1.50
2018.05.21 21:33:54.482,1.17906,1.17914,2.07,1.00
2018.05.21 21:34:25.843,1.17906,1.17915,2.44,1.95
2018.05.21 21:34:31.299,1.17906,1.17915,2.25,1.57
2018.05.21 21:34:31.405,1.17906,1.17915,2.25,1.12
2018.05.21 21:34:31.509,1.17906,1.17915,2.25,1.57
2018.05.21 21:34:32.100,1.17906,1.17914,1.87,1.20
2018.05.21 21:34:35.722,1.17907,1.17916,1.00,2.89
2018.05.21 21:34:37.489,1.17906,1.17916,1.00,1.76
2018.05.21 21:34:41.860,1.17906,1.17914,1.12,1.25
2018.05.21 21:34:42.384,1.17906,1.17915,1.12,1.39
2018.05.21 21:35:13.663,1.17906,1.17914,2.82,1.00
2018.05.21 21:35:14.224,1.17906,1.17915,1.50,1.31
2018.05.21 21:35:15.044,1.17906,1.17914,1.50,1.00
2018.05.21 21:35:18.153,1.17906,1.17915,1.00,1.69
2018.05.21 21:35:20.991,1.1791,1.17916,1.00,1.10
2018.05.21 21:35:21.151,1.17912,1.17921,1.12,1.95
2018.05.21 21:35:21.653,1.17913,1.17921,1.00,1.00
2018.05.21 21:35:22.162,1.17913,1.17922,1.00,2.14
2018.05.21 21:35:29.744,1.17913,1.17921,1.00,2.47
2018.05.21 21:35:33.137,1.17913,1.17921,1.00,1.80
2018.05.21 21:35:35.437,1.17913,1.17921,1.00,1.00
2018.05.21 21:35:35.645,1.17913,1.17921,1.00,1.45
2018.05.21 21:35:36.199,1.17913,1.17921,1.00,1.00
2018.05.21 21:35:38.761,1.17913,1.1792,1.87,1.00
2018.05.21 21:35:39.272,1.17914,1.17922,1.00,1.57
2018.05.21 21:35:39.697,1.17914,1.17922,1.00,5.32
2018.05.21 21:35:40.211,1.17914,1.17921,1.00,1.00
2018.05.21 21:35:40.435,1.17914,1.17922,1.00,6.07
2018.05.21 21:35:40.539,1.17914,1.17922,1.00,5.70
2018.05.21 21:35:41.105,1.17914,1.17921,1.00,1.95
2018.05.21 21:35:42.596,1.17914,1.17921,1.00,2.55
2018.05.21 21:35:43.183,1.17914,1.17922,1.00,4.20
2018.05.21 21:35:45.748,1.17914,1.17921,1.00,1.95
2018.05.21 21:35:45.962,1.17914,1.17921,1.32,2.25
2018.05.21 21:35:49.564,1.17915,1.17921,1.00,1.35
2018.05.21 21:35:50.745,1.17915,1.17922,1.50,2.55
2018.05.21 21:35:53.343,1.17915,1.17922,1.87,1.95
2018.05.21 21:35:59.155,1.17915,1.17922,1.50,1.95
2018.05.21 21:35:59.378,1.17915,1.17922,1.50,1.20
2018.05.21 21:36:03.282,1.17915,1.17922,1.00,1.45
2018.05.21 21:36:08.795,1.17915,1.17922,1.00,1.45
2018.05.21 21:36:13.632,1.17915,1.17922,1.00,1.07
2018.05.21 21:36:15.379,1.17915,1.1792,1.00,1.00
2018.05.21 21:36:15.888,1.17915,1.17919,1.00,1.00
2018.05.21 21:36:22.156,1.17913,1.17919,1.00,1.00
2018.05.21 21:36:22.780,1.17912,1.17919,1.00,1.57
2018.05.21 21:36:23.477,1.17912,1.17919,1.69,1.57
2018.05.21 21:36:24.108,1.17912,1.17919,1.50,1.95
2018.05.21 21:36:25.466,1.17912,1.17919,1.87,1.95
2018.05.21 21:36:27.762,1.17912,1.1792,1.87,1.01
2018.05.21 21:36:37.675,1.17915,1.1792,1.00,1.00
2018.05.21 21:36:38.336,1.17916,1.1792,1.00,1.00
2018.05.21 21:36:48.845,1.17917,1.1792,1.00,1.00
2018.05.21 21:37:02.610,1.17917,1.17921,1.00,1.00
2018.05.21 21:37:21.881,1.17916,1.17921,1.00,1.00
2018.05.21 21:37:26.196,1.17915,1.17921,1.12,1.00
2018.05.21 21:37:42.611,1.17915,1.1792,1.50,1.00
2018.05.21 21:37:46.548,1.17914,1.1792,2.82,1.00
2018.05.21 21:37:59.238,1.17915,1.1792,1.50,1.00
2018.05.21 21:38:02.762,1.17914,1.1792,1.12,1.00
2018.05.21 21:38:03.643,1.17913,1.1792,1.51,1.95
2018.05.21 21:38:04.183,1.17913,1.1792,1.51,1.50
2018.05.21 21:38:34.961,1.17913,1.1792,1.37,1.50
2018.05.21 21:38:38.670,1.17913,1.1792,1.50,1.12
2018.05.21 21:38:46.926,1.17914,1.1792,1.12,1.00
2018.05.21 21:38:53.145,1.17916,1.17921,1.12,1.10
2018.05.21 21:38:53.405,1.17916,1.17924,3.19,1.20
2018.05.21 21:38:53.924,1.17917,1.17924,1.50,1.20
2018.05.21 21:38:56.323,1.17918,1.17925,1.31,1.57
2018.05.21 21:38:56.588,1.17921,1.1793,1.00,1.20
2018.05.21 21:38:57.112,1.17921,1.17929,2.25,1.00
2018.05.21 21:38:57.786,1.17922,1.17929,1.00,1.95
2018.05.21 21:39:00.046,1.17922,1.17928,1.00,1.07
2018.05.21 21:39:00.572,1.17922,1.17931,1.00,3.82
2018.05.21 21:39:03.524,1.17922,1.17931,1.00,3.82
2018.05.21 21:39:07.439,1.17922,1.1793,1.31,1.57
2018.05.21 21:39:11.683,1.17923,1.17931,1.94,2.32
2018.05.21 21:39:12.000,1.17924,1.17931,4.48,1.95
2018.05.21 21:39:12.104,1.17926,1.17931,1.00,2.02
2018.05.21 21:39:13.265,1.17925,1.1793,1.50,1.00
2018.05.21 21:39:13.777,1.17925,1.17931,1.50,1.87
2018.05.21 21:39:14.938,1.17925,1.1793,1.50,1.00
2018.05.21 21:39:15.536,1.17925,1.17931,1.50,1.20
2018.05.21 21:39:16.831,1.17925,1.1793,1.50,1.00
2018.05.21 21:39:17.378,1.17925,1.17931,1.50,1.95
2018.05.21 21:39:17.483,1.17925,1.1793,1.94,1.00
2018.05.21 21:39:18.137,1.17925,1.17931,1.94,2.02
2018.05.21 21:39:18.755,1.17925,1.1793,1.94,1.29
2018.05.21 21:39:19.258,1.17926,1.17932,2.00,1.50
2018.05.21 21:39:21.111,1.17926,1.17933,1.69,3.00
2018.05.21 21:39:22.942,1.17926,1.17932,1.69,1.37
2018.05.21 21:39:24.538,1.17926,1.17932,1.25,1.37
2018.05.21 21:39:25.163,1.17926,1.17932,2.00,1.37
2018.05.21 21:39:29.012,1.17926,1.17933,2.00,3.07
2018.05.21 21:39:29.067,1.17926,1.17932,1.25,1.87
2018.05.21 21:39:30.793,1.17926,1.17933,1.25,2.70
2018.05.21 21:39:30.845,1.17926,1.17933,2.00,2.70
2018.05.21 21:39:31.329,1.1793,1.17933,1.19,1.57
2018.05.21 21:39:31.433,1.17927,1.17933,1.50,1.57
2018.05.21 21:39:31.971,1.17927,1.17932,1.30,1.07
2018.05.21 21:39:32.489,1.17927,1.17933,1.12,1.57
2018.05.21 21:39:33.132,1.17927,1.17933,1.12,1.57
2018.05.21 21:39:33.502,1.17927,1.17933,1.50,1.57
2018.05.21 21:39:37.518,1.17927,1.17933,1.69,2.70
2018.05.21 21:39:39.133,1.17927,1.17933,1.69,1.57
2018.05.21 21:39:49.032,1.17928,1.17933,1.12,3.07
2018.05.21 21:39:49.300,1.17928,1.17933,2.81,2.70
2018.05.21 21:39:50.218,1.17928,1.17933,2.81,2.62
2018.05.21 21:39:50.427,1.1793,1.17935,1.75,3.55
2018.05.21 21:39:51.012,1.1793,1.17935,1.19,3.97
2018.05.21 21:39:51.517,1.1793,1.17935,1.19,1.97
2018.05.21 21:39:53.664,1.1793,1.17935,1.00,0.97
2018.05.21 21:39:54.185,1.17929,1.17935,1.00,2.97
2018.05.21 21:39:54.618,1.17929,1.17935,1.75,2.97
2018.05.21 21:39:55.200,1.17932,1.17935,1.25,0.60
2018.05.21 21:39:55.254,1.17934,1.17935,1.69,0.60
2018.05.21 21:39:59.648,1.17933,1.17935,1.25,0.10
2018.05.21 21:40:23.638,1.17931,1.17935,2.44,0.10
2018.05.21 21:40:25.224,1.17938,1.17943,1.50,1.39
2018.05.21 21:40:25.276,1.1794,1.17943,1.00,2.07
2018.05.21 21:40:25.426,1.17939,1.17948,2.14,1.32
2018.05.21 21:40:25.478,1.17938,1.17946,1.20,2.07
2018.05.21 21:40:25.992,1.17939,1.17946,1.89,1.32
2018.05.21 21:40:26.099,1.1794,1.17949,1.12,1.57
2018.05.21 21:40:26.205,1.1794,1.17946,1.00,1.32
2018.05.21 21:40:27.843,1.17939,1.17948,1.95,1.57
2018.05.21 21:40:27.946,1.1794,1.17949,1.00,1.29
2018.05.21 21:40:28.997,1.1794,1.17948,1.01,1.32
2018.05.21 21:40:29.102,1.17939,1.1795,2.89,1.32
2018.05.21 21:40:29.645,1.17939,1.1795,3.45,1.57
2018.05.21 21:40:29.752,1.17939,1.17947,2.25,1.32
2018.05.21 21:40:29.859,1.17938,1.17946,2.70,1.32
2018.05.21 21:40:29.912,1.17936,1.17945,2.70,1.32
2018.05.21 21:40:30.072,1.17937,1.17946,2.25,2.14
2018.05.21 21:40:30.533,1.17935,1.17944,1.87,1.77
2018.05.21 21:40:30.746,1.17936,1.17942,1.50,1.77
2018.05.21 21:40:30.904,1.17934,1.17942,1.50,1.77
2018.05.21 21:40:31.166,1.17934,1.17943,2.25,1.45
2018.05.21 21:40:31.323,1.17934,1.17942,2.63,1.50
2018.05.21 21:40:31.396,1.17936,1.17942,1.25,1.45
2018.05.21 21:40:31.450,1.17937,1.17946,2.25,1.57
2018.05.21 21:40:31.502,1.17937,1.17946,3.19,1.71
2018.05.21 21:40:31.607,1.17937,1.17947,4.51,1.64
2018.05.21 21:40:32.126,1.17937,1.17946,3.75,1.20
2018.05.21 21:40:32.774,1.17937,1.17946,3.75,1.45
2018.05.21 21:40:32.826,1.17937,1.17947,3.00,1.02
2018.05.21 21:40:33.326,1.17937,1.17947,2.44,2.14
2018.05.21 21:40:33.431,1.17937,1.17947,3.00,1.02
2018.05.21 21:40:34.089,1.17937,1.17945,3.19,1.10
2018.05.21 21:40:34.567,1.17938,1.17948,1.69,1.27
2018.05.21 21:40:35.085,1.17938,1.17948,1.69,1.02
2018.05.21 21:40:35.278,1.1794,1.17949,1.50,1.29
2018.05.21 21:40:35.330,1.1794,1.17949,1.50,1.02
2018.05.21 21:40:35.383,1.1794,1.17949,1.50,1.29
2018.05.21 21:40:36.098,1.1794,1.17948,1.50,1.27
2018.05.21 21:40:37.237,1.17943,1.17951,2.06,1.20
2018.05.21 21:40:37.344,1.17942,1.17952,4.13,2.14
2018.05.21 21:40:37.848,1.17943,1.17951,1.12,2.14
2018.05.21 21:40:39.514,1.17941,1.17949,2.81,1.10
2018.05.21 21:40:41.486,1.17941,1.17949,3.38,2.14
2018.05.21 21:40:42.129,1.17941,1.1795,2.81,1.77
2018.05.21 21:40:44.216,1.17942,1.17949,1.50,1.10
2018.05.21 21:40:45.118,1.17942,1.1795,1.50,2.14
2018.05.21 21:40:46.386,1.17942,1.1795,1.50,2.14
2018.05.21 21:40:48.097,1.17941,1.1795,2.81,1.77
2018.05.21 21:40:49.082,1.17941,1.1795,3.01,2.14
2018.05.21 21:40:49.637,1.17941,1.1795,3.01,2.14
2018.05.21 21:40:50.139,1.17941,1.1795,3.01,2.14
2018.05.21 21:40:50.191,1.1794,1.17949,1.69,1.50
2018.05.21 21:40:50.243,1.17938,1.17949,3.38,4.02
2018.05.21 21:40:50.296,1.17938,1.17948,3.38,1.50
2018.05.21 21:40:50.620,1.17941,1.17948,1.00,1.71
2018.05.21 21:40:54.994,1.17941,1.17948,1.00,1.71
2018.05.21 21:40:55.574,1.17941,1.17948,1.00,1.10
2018.05.21 21:41:02.372,1.17941,1.17948,1.00,3.27
2018.05.21 21:41:02.477,1.17939,1.17948,1.25,2.89
2018.05.21 21:41:02.588,1.17939,1.17947,1.25,1.95
2018.05.21 21:41:03.008,1.17939,1.17947,1.25,1.45
2018.05.21 21:41:06.428,1.17939,1.17948,1.25,4.77
2018.05.21 21:41:11.655,1.17939,1.17947,1.25,1.02
2018.05.21 21:41:22.052,1.17939,1.17948,1.00,3.27
2018.05.21 21:41:29.329,1.17939,1.17948,1.00,2.14
2018.05.21 21:41:29.845,1.17939,1.17948,1.19,2.89
2018.05.21 21:41:30.157,1.17939,1.17948,1.19,2.14
2018.05.21 21:41:30.767,1.17939,1.17948,1.19,2.89
2018.05.21 21:41:30.870,1.17939,1.17947,1.19,1.02
2018.05.21 21:41:31.384,1.17939,1.17948,1.19,2.14
2018.05.21 21:41:31.900,1.17939,1.17947,1.19,1.02
2018.05.21 21:41:31.952,1.17939,1.17947,1.19,1.02
2018.05.21 21:41:32.056,1.17939,1.17948,1.19,2.14
2018.05.21 21:41:32.571,1.17939,1.17948,1.19,2.14
2018.05.21 21:41:33.116,1.17939,1.17948,1.19,2.14
2018.05.21 21:41:33.168,1.17939,1.17948,1.19,2.89
2018.05.21 21:41:33.272,1.17939,1.17948,1.19,2.14
2018.05.21 21:41:33.530,1.17939,1.17948,1.19,2.89
2018.05.21 21:41:33.633,1.17939,1.17948,1.19,4.02
2018.05.21 21:41:33.737,1.17939,1.17948,1.19,4.02
2018.05.21 21:41:33.840,1.17939,1.17948,1.19,4.02
2018.05.21 21:41:33.944,1.17939,1.17948,1.19,2.89
2018.05.21 21:41:34.048,1.17939,1.17948,1.19,2.14
2018.05.21 21:41:34.152,1.17939,1.17948,1.19,3.64
2018.05.21 21:41:34.256,1.17939,1.17948,1.19,2.89
2018.05.21 21:41:34.776,1.17939,1.17948,1.19,2.14
2018.05.21 21:41:35.309,1.17939,1.17948,1.19,2.14
2018.05.21 21:41:35.830,1.17939,1.17947,1.19,1.95
2018.05.21 21:41:35.934,1.1794,1.17947,1.25,2.08
2018.05.21 21:41:36.696,1.1794,1.17947,1.25,2.32
2018.05.21 21:41:36.890,1.1794,1.17947,1.25,1.77
2018.05.21 21:41:48.934,1.1794,1.17947,1.12,2.32
2018.05.21 21:41:51.384,1.1794,1.17947,1.12,1.82
2018.05.21 21:41:51.436,1.1794,1.17947,1.12,2.32
2018.05.21 21:41:51.727,1.1794,1.17947,1.12,1.82
2018.05.21 21:41:51.779,1.1794,1.17947,1.12,3.07
2018.05.21 21:41:52.549,1.1794,1.17947,1.12,1.82
2018.05.21 21:42:01.926,1.1794,1.17947,1.12,1.82
2018.05.21 21:42:04.468,1.1794,1.17947,1.12,3.82
2018.05.21 21:42:04.768,1.1794,1.17947,1.12,1.45
2018.05.21 21:42:05.453,1.17939,1.17948,1.37,1.71
2018.05.21 21:42:06.566,1.1794,1.17947,1.12,1.57
2018.05.21 21:42:07.420,1.17939,1.17948,1.37,1.39
2018.05.21 21:42:07.749,1.17939,1.17947,1.37,1.20
2018.05.21 21:42:10.039,1.17939,1.17947,1.37,1.45
2018.05.21 21:42:10.143,1.1794,1.17947,1.00,2.14
2018.05.21 21:42:10.247,1.1794,1.17947,1.00,2.14
2018.05.21 21:42:10.790,1.1794,1.17947,1.00,2.95
2018.05.21 21:42:10.895,1.1794,1.17947,1.00,3.45
2018.05.21 21:42:10.999,1.1794,1.17947,1.00,2.70
2018.05.21 21:42:11.105,1.1794,1.17947,1.00,4.20
2018.05.21 21:42:11.208,1.1794,1.17947,1.00,2.95
2018.05.21 21:42:11.313,1.17938,1.17947,1.12,4.20
2018.05.21 21:42:11.416,1.17938,1.17947,1.31,2.95
2018.05.21 21:42:11.469,1.17938,1.17947,1.12,2.95
2018.05.21 21:42:11.572,1.17938,1.17947,1.31,2.95
2018.05.21 21:42:11.676,1.1794,1.17947,1.00,3.70
2018.05.21 21:42:11.728,1.17938,1.17947,1.31,2.95
2018.05.21 21:42:11.781,1.17938,1.17947,1.31,2.95
2018.05.21 21:42:11.833,1.1794,1.17947,1.00,1.45
2018.05.21 21:42:12.144,1.1794,1.17947,1.00,2.95
2018.05.21 21:42:12.259,1.1794,1.17947,1.00,2.95
2018.05.21 21:42:12.311,1.17939,1.17947,1.00,3.45
2018.05.21 21:42:12.413,1.17938,1.17947,1.12,1.95
2018.05.21 21:42:12.515,1.17938,1.17947,1.12,2.70
2018.05.21 21:42:12.566,1.17938,1.17947,1.12,3.44
2018.05.21 21:42:12.669,1.17939,1.17947,1.25,4.19
2018.05.21 21:42:12.771,1.17939,1.17947,1.00,1.95
2018.05.21 21:42:12.873,1.17939,1.17947,1.00,2.70
2018.05.21 21:42:12.976,1.17939,1.17947,1.00,1.95
2018.05.21 21:42:13.099,1.17939,1.17947,1.00,3.45
2018.05.21 21:42:13.201,1.17939,1.17947,1.00,1.95
2018.05.21 21:42:13.303,1.17939,1.17947,1.00,3.45
2018.05.21 21:42:13.405,1.17939,1.17947,1.00,1.57
2018.05.21 21:42:13.508,1.17939,1.17947,1.00,2.95
2018.05.21 21:42:13.612,1.17938,1.17947,1.12,1.45
2018.05.21 21:42:13.767,1.17938,1.17947,1.12,1.20
2018.05.21 21:42:14.298,1.17938,1.17947,1.12,1.20
2018.05.21 21:42:14.809,1.17938,1.17947,1.12,1.20
2018.05.21 21:42:15.576,1.1794,1.17947,1.00,2.19
2018.05.21 21:42:16.821,1.1794,1.17947,1.00,1.95
2018.05.21 21:42:17.381,1.1794,1.17947,1.00,2.19
2018.05.21 21:42:23.282,1.1794,1.17947,1.00,2.70
2018.05.21 21:42:23.387,1.17939,1.17946,1.00,2.44
2018.05.21 21:42:30.100,1.1794,1.17946,1.00,1.57
2018.05.21 21:42:30.204,1.1794,1.17945,1.00,1.07
2018.05.21 21:42:52.675,1.1794,1.17947,1.00,2.70
2018.05.21 21:42:53.382,1.1794,1.17947,1.00,1.95
2018.05.21 21:43:15.874,1.17936,1.17947,6.07,1.45
2018.05.21 21:43:24.141,1.17937,1.17947,1.69,1.45
2018.05.21 21:43:24.788,1.17937,1.17947,1.69,1.45
2018.05.21 21:43:34.085,1.17937,1.17947,1.69,1.45
2018.05.21 21:43:42.081,1.17937,1.17947,1.69,1.45
2018.05.21 21:43:43.120,1.17937,1.17947,1.69,1.45
2018.05.21 21:43:44.807,1.17937,1.17947,1.69,1.45
2018.05.21 21:43:44.909,1.17938,1.17944,1.12,1.10
2018.05.21 21:43:47.548,1.17938,1.17947,1.37,1.20
2018.05.21 21:43:55.900,1.17937,1.17947,4.00,2.70
2018.05.21 21:43:56.508,1.17937,1.17946,1.37,1.82
2018.05.21 21:44:05.266,1.17938,1.17945,1.00,1.45
2018.05.21 21:44:05.784,1.17938,1.17944,1.00,1.10
2018.05.21 21:44:21.490,1.17938,1.17944,1.58,1.10
2018.05.21 21:44:24.136,1.17938,1.17945,1.00,1.57
2018.05.21 21:44:24.456,1.17938,1.17944,1.00,1.64
2018.05.21 21:44:25.700,1.17938,1.17944,1.00,1.02
2018.05.21 21:44:26.211,1.17938,1.17944,1.00,1.64
2018.05.21 21:44:27.822,1.17938,1.17944,1.00,1.64
2018.05.21 21:44:30.078,1.17938,1.17944,1.00,1.64
2018.05.21 21:44:30.130,1.17938,1.17944,1.00,1.64
2018.05.21 21:44:30.977,1.17938,1.17942,1.00,1.07
2018.05.21 21:44:32.072,1.17938,1.17944,1.00,1.02
2018.05.21 21:44:32.623,1.17936,1.17945,1.62,5.52
2018.05.21 21:44:33.887,1.17935,1.17942,3.19,1.57
2018.05.21 21:44:34.606,1.17935,1.17942,3.76,1.57
2018.05.21 21:44:35.266,1.17935,1.17942,3.38,1.57
2018.05.21 21:44:38.670,1.17935,1.17942,1.50,1.57
2018.05.21 21:44:39.225,1.17935,1.17942,1.69,1.57
2018.05.21 21:44:45.308,1.17935,1.17942,1.63,1.57
2018.05.21 21:44:50.806,1.17935,1.17942,1.50,3.27
2018.05.21 21:44:51.442,1.17935,1.17941,1.50,1.10
2018.05.21 21:44:52.115,1.17934,1.17942,2.07,1.82
2018.05.21 21:44:52.218,1.17934,1.17942,1.37,1.82
2018.05.21 21:44:52.322,1.17934,1.17942,1.37,1.82
2018.05.21 21:44:58.578,1.17934,1.17941,1.00,2.14
2018.05.21 21:44:59.104,1.17934,1.17941,1.00,2.14
2018.05.21 21:45:00.076,1.17933,1.17941,5.44,1.10
2018.05.21 21:45:02.987,1.17934,1.17941,1.31,2.14
2018.05.21 21:45:10.572,1.17934,1.17941,1.62,3.64
2018.05.21 21:45:11.907,1.17934,1.1794,1.25,3.27
2018.05.21 21:45:12.924,1.17933,1.1794,1.12,1.57
2018.05.21 21:45:13.301,1.17932,1.1794,1.69,2.44
2018.05.21 21:45:13.479,1.17932,1.1794,1.69,2.32
2018.05.21 21:45:13.899,1.17932,1.1794,1.69,1.69
2018.05.21 21:45:14.214,1.17932,1.17938,1.62,1.12
2018.05.21 21:45:14.424,1.17931,1.17938,3.19,1.37
2018.05.21 21:45:17.935,1.1793,1.17938,2.25,3.27
2018.05.21 21:45:18.530,1.17929,1.17936,4.87,1.12
2018.05.21 21:45:20.049,1.17929,1.17936,3.19,1.37
2018.05.21 21:45:24.385,1.17929,1.17936,1.00,1.50
2018.05.21 21:45:24.927,1.17928,1.17936,3.00,1.12
2018.05.21 21:45:25.551,1.17929,1.17936,2.00,1.10
2018.05.21 21:45:25.919,1.17931,1.17939,1.50,1.77
2018.05.21 21:45:26.463,1.17931,1.17939,1.12,2.44
2018.05.21 21:45:28.514,1.17931,1.17939,2.44,1.69
2018.05.21 21:45:29.603,1.17932,1.17939,4.08,1.50
2018.05.21 21:45:30.425,1.17933,1.17939,1.19,1.37
2018.05.21 21:45:30.986,1.17932,1.1794,4.08,1.57
2018.05.21 21:45:31.635,1.17933,1.1794,1.25,1.00
2018.05.21 21:45:32.406,1.17932,1.1794,3.70,1.00
2018.05.21 21:45:45.574,1.17933,1.1794,1.19,1.00
2018.05.21 21:45:46.078,1.17932,1.1794,3.70,1.10
2018.05.21 21:45:47.101,1.17932,1.17941,3.70,1.87
2018.05.21 21:45:48.267,1.17932,1.17941,5.77,2.62
2018.05.21 21:45:49.263,1.17932,1.17941,3.70,1.87
2018.05.21 21:45:49.854,1.17933,1.1794,1.25,1.12
2018.05.21 21:45:49.907,1.17932,1.17938,1.64,1.12
2018.05.21 21:45:50.587,1.17931,1.17938,1.14,2.32
2018.05.21 21:45:55.663,1.17931,1.17938,1.19,2.25
2018.05.21 21:45:56.760,1.17933,1.17938,1.37,1.10
2018.05.21 21:45:56.871,1.17933,1.1794,1.37,1.95
2018.05.21 21:45:57.507,1.17933,1.1794,1.00,1.57
2018.05.21 21:45:57.974,1.17933,1.1794,1.00,1.47
2018.05.21 21:45:58.080,1.17933,1.1794,1.00,1.12
2018.05.21 21:45:58.584,1.17933,1.1794,1.50,1.37
2018.05.21 21:46:43.062,1.17933,1.1794,1.69,1.50
2018.05.21 21:46:48.438,1.17933,1.1794,1.69,1.50
2018.05.21 21:46:49.078,1.17933,1.1794,1.69,1.50
2018.05.21 21:46:54.842,1.17933,1.1794,1.69,2.44
2018.05.21 21:46:56.024,1.17933,1.1794,1.00,2.07
2018.05.21 21:47:03.039,1.17933,1.17941,1.25,5.51
2018.05.21 21:47:05.089,1.17932,1.17941,2.25,5.89
2018.05.21 21:47:14.299,1.17933,1.17939,1.25,1.00
2018.05.21 21:47:22.060,1.17933,1.17941,1.39,2.07
2018.05.21 21:47:27.117,1.17932,1.17941,3.07,2.07
2018.05.21 21:47:35.537,1.17933,1.17941,3.00,1.57
2018.05.21 21:47:43.689,1.17933,1.1794,1.00,1.69
2018.05.21 21:47:57.762,1.17933,1.17941,1.50,1.69
2018.05.21 21:48:00.087,1.17933,1.17941,1.95,1.69
2018.05.21 21:48:00.558,1.17933,1.17937,1.95,1.32
2018.05.21 21:48:00.818,1.17933,1.1794,1.95,1.32
2018.05.21 21:48:05.706,1.17933,1.1794,2.32,1.69
2018.05.21 21:48:06.450,1.17933,1.1794,1.20,1.32
2018.05.21 21:48:10.426,1.17932,1.17938,1.45,1.00
2018.05.21 21:48:10.637,1.1793,1.17937,1.20,1.00
2018.05.21 21:48:11.535,1.1793,1.17938,1.95,1.26
2018.05.21 21:48:14.266,1.1793,1.17938,1.20,2.44
2018.05.21 21:48:18.140,1.1793,1.17938,1.20,1.32
2018.05.21 21:48:18.711,1.17931,1.17938,1.00,2.44
2018.05.21 21:48:34.688,1.17931,1.17938,1.45,1.32
2018.05.21 21:48:36.040,1.17931,1.17938,1.00,1.12
2018.05.21 21:48:37.198,1.17932,1.17938,1.00,1.26
2018.05.21 21:48:37.356,1.1793,1.17938,1.76,1.00
2018.05.21 21:48:37.460,1.1793,1.17938,1.76,1.00
2018.05.21 21:48:38.381,1.17931,1.17939,1.45,1.69
2018.05.21 21:48:45.722,1.17931,1.17939,1.45,2.07
2018.05.21 21:48:47.066,1.17931,1.17939,1.00,1.33
2018.05.21 21:48:47.118,1.17931,1.17939,1.00,1.09
2018.05.21 21:48:47.770,1.17931,1.1794,1.47,3.37
2018.05.21 21:48:47.904,1.17932,1.1794,1.37,2.62
2018.05.21 21:48:49.406,1.17932,1.17939,1.57,1.42
2018.05.21 21:48:50.022,1.17932,1.1794,1.57,2.62
2018.05.21 21:48:50.534,1.17932,1.17939,1.57,1.42
2018.05.21 21:48:51.222,1.17932,1.1794,1.57,2.24
2018.05.21 21:48:57.032,1.17932,1.1794,1.57,2.88
2018.05.21 21:49:31.699,1.17935,1.17941,1.12,1.08
2018.05.21 21:49:32.233,1.17935,1.17941,1.57,1.08
2018.05.21 21:49:41.041,1.17936,1.17944,1.69,1.08
2018.05.21 21:49:41.201,1.17938,1.17945,1.32,1.83
2018.05.21 21:49:41.794,1.17939,1.17946,1.76,1.45
2018.05.21 21:49:42.417,1.17939,1.17945,1.47,1.37
2018.05.21 21:49:42.965,1.17939,1.17946,1.47,2.20
2018.05.21 21:49:44.360,1.17938,1.17945,1.57,3.57
2018.05.21 21:49:45.807,1.17938,1.17944,1.12,1.02
2018.05.21 21:49:47.295,1.17936,1.17944,2.89,1.39
2018.05.21 21:49:47.827,1.17936,1.17943,2.89,1.32
2018.05.21 21:49:48.721,1.17936,1.17944,2.14,1.45
2018.05.21 21:49:49.266,1.17936,1.17943,2.14,1.32
2018.05.21 21:49:50.451,1.17936,1.17945,3.26,4.08
2018.05.21 21:49:50.977,1.17936,1.17943,3.26,1.00
2018.05.21 21:49:51.489,1.17936,1.17943,2.51,1.26
2018.05.21 21:50:17.955,1.17937,1.17945,1.47,5.34
2018.05.21 21:50:19.767,1.17937,1.17944,1.76,1.36
2018.05.21 21:50:20.313,1.17938,1.17945,1.01,1.82
2018.05.21 21:50:21.336,1.17938,1.17945,1.25,2.57
2018.05.21 21:50:22.147,1.17938,1.17945,1.25,1.82
2018.05.21 21:50:25.065,1.17937,1.17946,2.51,2.52
2018.05.21 21:50:29.851,1.17941,1.17946,1.62,1.07
2018.05.21 21:50:29.903,1.17942,1.17949,1.37,2.52
2018.05.21 21:50:30.058,1.17942,1.17949,1.12,2.58
2018.05.21 21:50:30.365,1.17942,1.17949,1.12,1.00
2018.05.21 21:50:35.590,1.17942,1.17951,1.10,2.89
2018.05.21 21:50:38.583,1.17942,1.1795,1.00,1.39
2018.05.21 21:50:40.087,1.17942,1.17951,1.00,3.27
2018.05.21 21:50:40.893,1.17942,1.1795,1.00,1.77
2018.05.21 21:50:41.718,1.17942,1.1795,1.00,1.02
2018.05.21 21:50:43.026,1.17942,1.1795,1.00,1.67
2018.05.21 21:50:45.327,1.17942,1.17949,1.50,2.52
2018.05.21 21:50:46.093,1.17941,1.1795,1.50,4.77
2018.05.21 21:50:55.325,1.17941,1.1795,1.50,6.34
2018.05.21 21:50:55.563,1.17941,1.17949,1.50,1.64
2018.05.21 21:50:56.294,1.17942,1.17949,1.00,1.09
2018.05.21 21:50:56.883,1.17942,1.17949,1.00,1.84
2018.05.21 21:50:57.998,1.17942,1.17949,1.00,1.37
2018.05.21 21:51:00.447,1.17941,1.1795,1.50,3.72
2018.05.21 21:51:00.955,1.17941,1.1795,1.50,2.22
2018.05.21 21:51:01.480,1.17941,1.17949,1.50,1.09
2018.05.21 21:51:02.093,1.17941,1.1795,1.50,5.59
2018.05.21 21:51:02.621,1.17941,1.1795,1.50,2.35
2018.05.21 21:51:08.344,1.17941,1.1795,1.50,2.72
2018.05.21 21:51:08.970,1.17941,1.17949,1.00,1.22
2018.05.21 21:51:09.538,1.17942,1.17949,1.00,1.03
2018.05.21 21:51:10.338,1.17942,1.17949,1.00,1.60
2018.05.21 21:51:11.149,1.17942,1.17949,1.00,1.15
2018.05.21 21:51:14.441,1.17942,1.17949,1.00,1.15
2018.05.21 21:51:21.555,1.17942,1.17949,1.00,1.77
2018.05.21 21:51:22.095,1.17941,1.17949,1.00,1.77
2018.05.21 21:51:33.043,1.17942,1.17949,1.00,1.02
2018.05.21 21:51:40.257,1.17942,1.1795,1.00,1.77
2018.05.21 21:51:44.271,1.17942,1.17949,1.00,1.29
2018.05.21 21:51:44.937,1.17942,1.1795,1.00,1.77
2018.05.21 21:51:45.598,1.17942,1.17949,1.00,2.52
2018.05.21 21:51:50.441,1.17941,1.17948,1.12,1.39
2018.05.21 21:51:51.315,1.17941,1.17948,1.12,1.77
2018.05.21 21:51:52.985,1.17941,1.17948,1.12,1.77
2018.05.21 21:51:57.588,1.17941,1.17948,1.12,1.77
2018.05.21 21:51:59.273,1.17941,1.17948,1.12,2.14
2018.05.21 21:52:24.685,1.17941,1.17948,1.12,1.84
2018.05.21 21:52:25.217,1.17941,1.17948,1.12,1.88
2018.05.21 21:52:29.821,1.17941,1.17948,1.12,1.58
2018.05.21 21:52:33.853,1.17941,1.17948,1.12,1.96
2018.05.21 21:52:44.272,1.17941,1.17948,1.12,1.58
2018.05.21 21:52:45.088,1.17941,1.17948,1.12,1.96
2018.05.21 21:52:48.310,1.17941,1.17948,1.12,1.58
2018.05.21 21:52:49.423,1.17941,1.17948,1.57,1.58
2018.05.21 21:53:02.155,1.17938,1.1795,3.26,1.52
2018.05.21 21:53:10.078,1.17938,1.1795,5.14,1.27
2018.05.21 21:53:10.755,1.17938,1.1795,5.89,1.52
2018.05.21 21:53:19.076,1.17938,1.1795,5.14,1.27
2018.05.21 21:53:20.573,1.17939,1.1795,1.29,1.64
2018.05.21 21:53:29.226,1.17938,1.1795,4.01,1.77
2018.05.21 21:53:44.068,1.1794,1.17949,1.44,1.48
2018.05.21 21:53:44.624,1.1794,1.17949,1.56,1.11
2018.05.21 21:53:46.116,1.1794,1.17949,1.56,1.08
2018.05.21 21:53:47.185,1.1794,1.1795,1.69,2.71
2018.05.21 21:54:43.364,1.17941,1.1795,1.56,1.58
2018.05.21 21:54:43.915,1.17941,1.1795,1.56,1.86
2018.05.21 21:54:44.423,1.17943,1.1795,1.00,3.29
2018.05.21 21:54:45.301,1.17943,1.1795,1.12,2.51
2018.05.21 21:54:46.343,1.17944,1.17951,1.00,4.01
2018.05.21 21:54:54.706,1.17944,1.17951,2.06,1.37
2018.05.21 21:54:55.222,1.17944,1.17951,1.69,1.37
2018.05.21 21:54:57.812,1.17944,1.17951,2.06,1.50
2018.05.21 21:55:57.790,1.17943,1.17951,1.01,1.25
2018.05.21 21:56:05.843,1.17942,1.17951,2.67,1.00
2018.05.21 21:56:06.360,1.17942,1.17951,1.78,1.07
2018.05.21 21:56:20.940,1.17944,1.1795,1.00,1.37
2018.05.21 21:57:14.789,1.17941,1.17951,2.22,1.77
2018.05.21 21:57:37.154,1.17941,1.1795,2.22,1.37
2018.05.21 21:57:37.680,1.17941,1.1795,3.12,1.32
2018.05.21 21:57:38.362,1.17942,1.1795,1.09,1.57
2018.05.21 21:57:41.035,1.17941,1.1795,3.87,1.32
2018.05.21 21:57:43.428,1.17942,1.1795,1.09,1.57
2018.05.21 21:57:44.269,1.17941,1.1795,1.78,1.32
2018.05.21 21:57:44.974,1.17942,1.1795,1.09,1.57
2018.05.21 21:57:45.638,1.17941,1.17951,1.78,2.14
2018.05.21 21:57:46.601,1.17942,1.17951,1.09,3.27
2018.05.21 21:57:47.141,1.17941,1.17951,1.78,2.14
2018.05.21 21:57:50.188,1.17942,1.17949,1.02,1.26
2018.05.21 21:57:50.702,1.17942,1.17949,1.09,1.26
2018.05.21 21:57:51.270,1.17941,1.17949,1.05,1.26
2018.05.21 21:57:52.071,1.17942,1.17949,1.12,1.37
2018.05.21 21:57:53.022,1.17942,1.17949,1.20,1.37
2018.05.21 21:58:10.318,1.17942,1.1795,1.00,2.07
2018.05.21 21:58:12.131,1.17942,1.1795,1.45,2.07
2018.05.21 21:58:12.823,1.17942,1.1795,1.20,2.07
2018.05.21 21:58:15.985,1.17942,1.1795,1.00,1.57
2018.05.21 21:58:22.290,1.17942,1.1795,1.45,1.88
2018.05.21 21:58:23.050,1.17942,1.1795,1.20,1.96
2018.05.21 21:58:30.010,1.17942,1.1795,1.00,1.96
2018.05.21 21:58:31.963,1.17942,1.1795,1.95,1.38
2018.05.21 21:58:33.448,1.17941,1.1795,1.57,1.82
2018.05.21 21:58:33.938,1.17944,1.17953,1.20,2.82
2018.05.21 21:58:34.579,1.17944,1.17953,1.57,2.82
2018.05.21 21:58:35.592,1.17945,1.17953,1.10,2.07
2018.05.21 21:58:37.451,1.17946,1.17953,1.00,1.37
2018.05.21 21:58:37.963,1.17946,1.17953,1.20,1.37
2018.05.21 21:58:38.475,1.17946,1.17953,1.10,1.37
2018.05.21 21:58:39.199,1.17946,1.17953,1.20,1.12
2018.05.21 21:58:41.770,1.17946,1.17953,1.45,1.12
2018.05.21 21:58:45.918,1.17946,1.17953,1.20,1.00
2018.05.21 21:59:00.046,1.17946,1.17955,1.20,6.07
2018.05.21 21:59:02.679,1.17946,1.17953,1.20,1.67
2018.05.21 21:59:02.889,1.17942,1.17949,0.82,0.19
2018.05.21 21:59:03.654,1.17943,1.17949,0.82,0.19
2018.05.21 21:59:06.920,1.17943,1.1795,0.82,0.57
2018.05.21 21:59:09.160,1.17943,1.17949,0.82,0.19
2018.05.21 21:59:09.975,1.17943,1.1795,0.82,0.57
2018.05.21 21:59:13.065,1.17942,1.1795,0.10,0.75
2018.05.21 21:59:14.286,1.17941,1.1795,0.10,1.77
2018.05.21 21:59:19.795,1.17941,1.17949,0.10,1.02
2018.05.21 21:59:20.464,1.1794,1.17948,1.95,0.10
2018.05.21 21:59:21.554,1.17942,1.17948,0.75,0.10
2018.05.21 21:59:22.122,1.17942,1.17949,0.75,3.27
2018.05.21 21:59:22.743,1.17942,1.17948,0.75,0.10
2018.05.21 21:59:23.423,1.17942,1.17949,0.75,3.27
2018.05.21 21:59:23.945,1.17942,1.17948,0.75,0.10
2018.05.21 21:59:24.465,1.17942,1.17947,0.75,0.10
2018.05.21 21:59:24.620,1.17942,1.17949,0.75,3.27
2018.05.21 21:59:25.138,1.17942,1.17948,0.75,0.10
2018.05.21 21:59:25.665,1.17942,1.17949,0.75,3.27
2018.05.21 21:59:26.130,1.17942,1.17947,0.75,0.10
2018.05.21 21:59:26.283,1.17942,1.17949,0.75,3.27
2018.05.21 21:59:26.539,1.17942,1.17947,0.75,0.10
2018.05.21 21:59:26.590,1.17942,1.17949,0.75,3.27
2018.05.21 21:59:26.743,1.17942,1.17947,0.75,0.10
2018.05.21 21:59:26.795,1.17942,1.17949,0.75,3.27
2018.05.21 21:59:26.846,1.17942,1.17947,0.75,0.10
2018.05.21 21:59:26.999,1.17942,1.17949,0.75,3.27
2018.05.21 21:59:27.203,1.17942,1.17947,0.75,0.10
2018.05.21 21:59:27.356,1.17942,1.17949,0.75,3.27
2018.05.21 21:59:27.941,1.17942,1.17948,0.75,0.10
2018.05.21 21:59:28.502,1.17942,1.17949,0.75,3.27
2018.05.21 21:59:28.709,1.17942,1.17947,0.75,0.10
2018.05.21 21:59:28.760,1.17942,1.17949,0.75,3.27
2018.05.21 21:59:28.812,1.17942,1.17947,0.75,0.10
2018.05.21 21:59:29.327,1.17942,1.17948,0.75,0.64
2018.05.21 21:59:30.012,1.17942,1.17947,0.75,0.10
2018.05.21 21:59:30.631,1.17942,1.17949,0.75,3.27
2018.05.21 21:59:32.639,1.17941,1.17948,0.82,0.10
2018.05.21 21:59:33.413,1.17942,1.17948,0.10,0.10
2018.05.21 21:59:33.944,1.17941,1.17948,0.10,0.94
2018.05.21 21:59:34.105,1.17939,1.17948,1.57,1.02
2018.05.21 21:59:34.752,1.17939,1.17947,1.57,0.10
2018.05.21 21:59:38.520,1.1794,1.17947,0.10,0.10
2018.05.21 21:59:39.047,1.1794,1.17946,0.10,0.75
2018.05.21 21:59:44.212,1.1794,1.17947,0.10,1.32
2018.05.21 21:59:44.758,1.1794,1.17946,0.10,0.94
2018.05.21 21:59:44.812,1.17938,1.17945,0.10,0.19
2018.05.21 21:59:45.466,1.17938,1.17946,0.10,1.02
2018.05.21 21:59:45.971,1.17938,1.17944,0.10,0.37
2018.05.21 21:59:46.184,1.17932,1.1794,1.50,1.12
2018.05.21 21:59:46.692,1.17933,1.1794,0.10,1.12
2018.05.21 21:59:47.263,1.17932,1.1794,1.50,1.12
2018.05.21 21:59:49.987,1.17932,1.17941,0.82,0.37
2018.05.21 21:59:50.599,1.17932,1.1794,0.75,0.15
2018.05.21 21:59:51.311,1.17933,1.1794,0.75,0.15
2018.05.21 21:59:55.415,1.17932,1.1794,1.12,0.37
