2010.09.06 18:00:01.822,1.287,1.28712,3.00,1.50
2010.09.06 18:00:03.942,1.28693,1.28706,6.40,4.40
2010.09.06 18:00:06.522,1.28686,1.28697,2.10,1.50
2010.09.06 18:00:08.731,1.28677,1.28688,1.50,7.70
2010.09.06 18:00:09.064,1.28675,1.28683,1.40,2.30
2010.09.06 18:00:14.522,1.28676,1.28686,3.60,1.50
2010.09.06 18:00:17.362,1.2868,1.28691,2.30,3.60
2010.09.06 18:00:23.602,1.28684,1.28696,3.20,1.50
2010.09.06 18:00:27.141,1.2869,1.287,2.50,1.90
2010.09.06 18:00:28.182,1.28697,1.28706,1.20,2.30
2010.09.06 18:00:33.410,1.28703,1.28717,2.70,2.30
2010.09.06 18:00:35.513,1.28714,1.28724,1.20,1.50
2010.09.06 18:00:40.428,1.28716,1.28724,1.50,1.60
2010.09.06 18:00:40.544,1.28712,1.2872,3.00,2.50
2010.09.06 18:00:43.416,1.28705,1.28717,1.50,1.50
2010.09.06 18:00:45.437,1.28703,1.28712,4.70,1.50
2010.09.06 18:00:47.704,1.28701,1.28711,1.70,3.80
2010.09.06 18:00:52.754,1.28701,1.28713,1.70,2.70
2010.09.06 18:00:54.942,1.28703,1.28715,3.00,1.50
2010.09.06 18:01:00.352,1.2871,1.28722,1.50,1.50
2010.09.06 18:01:00.692,1.2872,1.28729,4.90,3.40
2010.09.06 18:01:03.659,1.28729,1.28743,2.70,1.50
2010.09.06 18:01:06.908,1.28745,1.28753,1.90,1.50
2010.09.06 18:01:09.601,1.28757,1.28767,4.20,1.50
2010.09.06 18:01:11.613,1.28764,1.28776,1.70,1.90
2010.09.06 18:01:14.381,1.28762,1.28771,6.60,2.70
2010.09.06 18:01:15.395,1.28754,1.2877,4.40,1.50
2010.09.06 18:01:17.611,1.28748,1.2876,1.50,1.90
2010.09.06 18:01:19.671,1.28738,1.28752,3.20,1.50
2010.09.06 18:01:21.755,1.28729,1.28741,2.30,1.90
2010.09.06 18:01:23.936,1.28719,1.28731,2.10,1.50
2010.09.06 18:01:24.654,1.28706,1.28718,1.90,3.20
2010.09.06 18:01:27.715,1.28693,1.28705,3.40,2.30
2010.09.06 18:01:30.455,1.28681,1.28693,1.70,4.20
2010.09.06 18:01:33.264,1.28678,1.28688,1.50,3.60
2010.09.06 18:01:37.332,1.28684,1.28696,1.50,1.50
2010.09.06 18:01:42.232,1.28697,1.28704,1.50,1.70
2010.09.06 18:01:47.194,1.28706,1.28716,2.10,1.50
2010.09.06 18:01:49.695,1.28714,1.28726,2.50,1.50
2010.09.06 18:01:51.964,1.28721,1.28734,1.50,1.90
2010.09.06 18:01:56.163,1.28728,1.28739,1.50,5.90
2010.09.06 18:01:56.829,1.2873,1.28743,1.50,1.70
2010.09.06 18:02:03.018,1.28726,1.28738,5.30,1.50
2010.09.06 18:02:06.786,1.2873,1.28741,3.40,1.50
2010.09.06 18:02:09.684,1.28734,1.28747,1.50,2.90
2010.09.06 18:02:12.011,1.28738,1.28751,1.50,1.50
2010.09.06 18:02:14.216,1.28741,1.28753,1.50,2.30
2010.09.06 18:02:17.307,1.28745,1.28759,1.40,2.30
2010.09.06 18:02:27.428,1.2875,1.28764,5.10,1.50
2010.09.06 18:02:31.055,1.28754,1.28768,1.50,5.70
2010.09.06 18:02:33.777,1.28756,1.28768,16.80,3.20
2010.09.06 18:02:34.330,1.2875,1.2876,1.50,1.50
2010.09.06 18:02:36.247,1.2874,1.28751,2.70,1.50
2010.09.06 18:02:38.277,1.28729,1.2874,1.40,1.50
2010.09.06 18:02:40.987,1.2872,1.28731,2.70,1.50
2010.09.06 18:02:43.286,1.28714,1.28726,2.30,3.20
2010.09.06 18:02:45.376,1.28713,1.28725,1.70,1.50
2010.09.06 18:02:47.404,1.28718,1.2873,2.30,2.50
2010.09.06 18:02:49.572,1.28726,1.28736,3.20,1.50
2010.09.06 18:02:49.692,1.28732,1.28736,1.90,1.50
2010.09.06 18:02:51.258,1.28729,1.28742,1.20,1.50
2010.09.06 18:02:53.337,1.28731,1.28744,1.50,1.50
2010.09.06 18:02:55.929,1.28732,1.28744,1.50,1.50
2010.09.06 18:02:58.285,1.28733,1.28745,2.30,1.70
2010.09.06 18:02:58.808,1.28734,1.28746,1.50,4.00
2010.09.06 18:03:00.037,1.28723,1.28736,1.50,2.50
2010.09.06 18:03:04.112,1.28724,1.2873,3.00,2.70
2010.09.06 18:03:06.065,1.28721,1.28731,2.30,2.30
2010.09.06 18:03:08.167,1.28715,1.28726,2.10,2.90
2010.09.06 18:03:11.087,1.28711,1.28722,2.10,1.50
2010.09.06 18:03:13.322,1.2871,1.28721,3.00,2.30
2010.09.06 18:03:15.598,1.28714,1.28726,4.50,2.30
2010.09.06 18:03:17.665,1.28717,1.28729,1.20,3.00
2010.09.06 18:03:20.136,1.28722,1.28734,1.90,2.30
2010.09.06 18:03:23.367,1.28725,1.28735,1.50,1.50
2010.09.06 18:03:27.317,1.28726,1.28736,2.30,7.00
2010.09.06 18:03:32.809,1.28729,1.28739,1.90,19.90
2010.09.06 18:03:32.924,1.28733,1.28743,1.50,3.20
2010.09.06 18:03:35.037,1.2874,1.2875,3.00,2.90
2010.09.06 18:03:37.861,1.28747,1.28753,1.30,1.50
2010.09.06 18:03:43.638,1.28749,1.28757,2.30,2.30
2010.09.06 18:03:46.636,1.28744,1.28752,2.30,5.10
2010.09.06 18:03:48.689,1.28738,1.28747,1.50,1.50
2010.09.06 18:03:50.734,1.28732,1.28744,4.70,1.50
2010.09.06 18:03:50.965,1.28736,1.28741,5.50,2.40
2010.09.06 18:03:51.308,1.28733,1.28747,2.30,4.00
2010.09.06 18:03:54.777,1.28736,1.28752,1.90,3.80
2010.09.06 18:03:57.246,1.28739,1.28755,1.50,2.50
2010.09.06 18:04:00.711,1.28743,1.28753,1.90,2.10
2010.09.06 18:04:01.581,1.28742,1.28749,3.80,4.50
2010.09.06 18:04:01.704,1.28738,1.28751,1.50,7.40
2010.09.06 18:04:03.718,1.28736,1.28745,1.50,2.50
2010.09.06 18:04:07.397,1.2873,1.28739,2.50,1.50
2010.09.06 18:04:10.394,1.28726,1.28734,1.50,4.60
2010.09.06 18:04:14.393,1.28719,1.28731,2.90,3.00
2010.09.06 18:04:16.519,1.28712,1.28725,1.50,3.00
2010.09.06 18:04:18.548,1.28713,1.28725,1.70,3.00
2010.09.06 18:04:21.011,1.2872,1.28734,1.50,3.20
2010.09.06 18:04:23.048,1.28733,1.28744,2.30,4.90
2010.09.06 18:04:25.788,1.28745,1.28754,1.50,1.50
2010.09.06 18:04:27.863,1.28754,1.28762,3.40,3.00
2010.09.06 18:04:27.974,1.28758,1.28765,1.50,2.90
2010.09.06 18:04:29.225,1.28752,1.2876,3.80,23.40
2010.09.06 18:04:32.028,1.28748,1.28755,1.20,1.50
2010.09.06 18:04:34.158,1.28742,1.28753,2.50,1.50
2010.09.06 18:04:36.348,1.28739,1.28747,3.20,2.50
2010.09.06 18:04:38.427,1.28737,1.28749,2.50,15.00
2010.09.06 18:04:39.871,1.28738,1.28746,2.70,1.70
2010.09.06 18:04:43.216,1.28736,1.28746,2.30,1.20
2010.09.06 18:04:45.908,1.28736,1.28745,1.40,10.50
2010.09.06 18:04:48.359,1.28734,1.28744,4.70,2.70
2010.09.06 18:04:50.448,1.28732,1.28741,1.50,2.30
2010.09.06 18:04:52.923,1.2873,1.28738,2.30,1.50
2010.09.06 18:04:56.589,1.28729,1.28735,2.70,1.50
2010.09.06 18:05:02.173,1.28726,1.28736,1.50,4.70
2010.09.06 18:05:07.151,1.28726,1.28739,2.30,2.70
2010.09.06 18:05:08.234,1.28728,1.28735,1.90,5.30
2010.09.06 18:05:11.003,1.28725,1.28735,1.50,1.70
2010.09.06 18:05:14.504,1.28721,1.2873,1.90,2.30
2010.09.06 18:05:17.789,1.28723,1.28732,3.40,2.10
2010.09.06 18:05:19.851,1.28728,1.2874,3.00,4.70
2010.09.06 18:05:21.891,1.28739,1.28748,1.90,1.50
2010.09.06 18:05:24.463,1.28749,1.28761,2.70,1.50
2010.09.06 18:05:24.583,1.28763,1.28767,3.60,3.40
2010.09.06 18:05:24.830,1.28765,1.28775,1.40,10.00
2010.09.06 18:05:26.509,1.28763,1.28769,1.70,2.50
2010.09.06 18:05:27.724,1.28754,1.28769,1.50,1.70
2010.09.06 18:05:30.106,1.28753,1.28762,2.50,1.50
2010.09.06 18:05:30.713,1.28753,1.28761,1.70,3.80
2010.09.06 18:05:33.813,1.2875,1.2876,1.20,1.70
2010.09.06 18:05:38.144,1.28752,1.28762,1.40,1.50
2010.09.06 18:05:53.094,1.28753,1.28763,1.70,3.00
2010.09.06 18:05:55.281,1.28754,1.28766,1.50,1.50
2010.09.06 18:06:00.124,1.28742,1.2875,2.90,1.50
2010.09.06 18:06:03.344,1.28748,1.28759,1.70,17.70
2010.09.06 18:06:05.355,1.28758,1.28771,4.70,1.50
2010.09.06 18:06:07.805,1.2877,1.28781,1.50,3.60
2010.09.06 18:06:10.621,1.28773,1.28785,1.50,1.70
2010.09.06 18:06:12.622,1.28767,1.28779,3.20,1.70
2010.09.06 18:06:16.666,1.28757,1.2877,1.70,1.50
2010.09.06 18:06:17.332,1.28747,1.28759,1.70,1.50
2010.09.06 18:06:19.456,1.28738,1.28747,6.80,1.40
2010.09.06 18:06:21.838,1.28728,1.28739,1.90,4.20
2010.09.06 18:06:28.598,1.28724,1.28736,3.00,2.90
2010.09.06 18:06:32.117,1.28729,1.28741,5.10,1.50
2010.09.06 18:06:34.424,1.28736,1.28748,1.50,1.70
2010.09.06 18:06:36.443,1.28745,1.28753,3.20,2.30
2010.09.06 18:06:37.357,1.28749,1.2876,1.50,5.90
2010.09.06 18:06:40.046,1.28752,1.28763,1.50,2.30
2010.09.06 18:06:45.566,1.28754,1.28764,1.50,3.60
2010.09.06 18:06:53.805,1.28753,1.28767,2.30,3.00
2010.09.06 18:07:02.199,1.28763,1.28779,1.90,1.50
2010.09.06 18:07:08.386,1.28766,1.28781,1.50,6.60
2010.09.06 18:07:23.478,1.28767,1.28781,4.70,1.50
2010.09.06 18:07:26.137,1.28769,1.28779,3.20,1.50
2010.09.06 18:07:30.130,1.2876,1.28772,1.50,2.50
2010.09.06 18:07:33.759,1.28749,1.28762,1.70,2.30
2010.09.06 18:07:35.857,1.28738,1.28752,1.50,1.40
2010.09.06 18:07:39.569,1.28732,1.28746,2.50,3.80
2010.09.06 18:07:42.018,1.28734,1.28748,2.30,3.20
2010.09.06 18:07:44.187,1.28739,1.28749,2.10,1.50
2010.09.06 18:07:44.847,1.28742,1.28752,2.50,14.10
2010.09.06 18:07:52.398,1.28744,1.28759,1.50,2.50
2010.09.06 18:07:54.776,1.28748,1.28764,2.10,1.50
2010.09.06 18:07:54.885,1.28752,1.28764,2.30,1.90
2010.09.06 18:08:07.575,1.28751,1.28759,3.00,1.50
2010.09.06 18:08:10.900,1.28741,1.28755,6.00,2.50
2010.09.06 18:08:13.170,1.28734,1.28747,1.70,3.80
2010.09.06 18:08:15.357,1.28725,1.28737,1.50,3.20
2010.09.06 18:08:17.280,1.28723,1.28736,2.30,2.50
2010.09.06 18:08:19.429,1.2873,1.28742,2.30,1.70
2010.09.06 18:08:21.448,1.2874,1.28753,2.30,5.70
2010.09.06 18:08:23.588,1.28751,1.28763,1.50,2.30
2010.09.06 18:08:26.969,1.2876,1.28774,1.50,3.60
2010.09.06 18:08:27.330,1.2877,1.28782,1.50,2.30
2010.09.06 18:08:29.549,1.28773,1.28787,1.90,19.90
2010.09.06 18:08:34.150,1.28768,1.28781,1.90,1.50
2010.09.06 18:08:36.319,1.28763,1.28775,1.50,1.70
2010.09.06 18:08:38.439,1.28759,1.28773,1.50,3.40
2010.09.06 18:08:39.610,1.28757,1.28772,2.30,4.00
2010.09.06 18:08:40.854,1.28758,1.2877,3.00,2.50
2010.09.06 18:08:44.559,1.28758,1.28772,3.60,3.00
2010.09.06 18:08:46.679,1.28761,1.28773,1.40,4.20
2010.09.06 18:08:54.808,1.2876,1.28775,2.30,5.30
2010.09.06 18:08:56.860,1.28763,1.28775,1.50,3.60
2010.09.06 18:09:01.689,1.2876,1.28772,1.50,1.50
2010.09.06 18:09:01.884,1.28757,1.28765,1.90,1.80
2010.09.06 18:09:08.927,1.2875,1.28762,1.50,1.50
2010.09.06 18:09:10.951,1.28746,1.28757,1.50,2.10
2010.09.06 18:09:12.986,1.28739,1.28751,3.00,5.10
2010.09.06 18:09:15.055,1.2873,1.28745,1.50,1.70
2010.09.06 18:09:15.323,1.2873,1.28742,3.10,5.30
2010.09.06 18:09:17.635,1.28732,1.28745,2.30,1.50
2010.09.06 18:09:19.940,1.28741,1.28746,3.80,3.80
2010.09.06 18:09:20.894,1.28742,1.28754,1.70,1.50
2010.09.06 18:09:22.782,1.28748,1.28757,2.70,3.40
2010.09.06 18:09:23.566,1.28749,1.28763,1.50,1.50
2010.09.06 18:09:25.874,1.2875,1.28764,3.00,1.70
2010.09.06 18:09:27.908,1.28749,1.28763,1.50,1.50
2010.09.06 18:09:28.204,1.28752,1.28757,3.00,7.40
2010.09.06 18:09:28.972,1.28751,1.2876,1.50,1.50
2010.09.06 18:09:31.218,1.28753,1.28764,2.70,1.50
2010.09.06 18:09:33.283,1.28757,1.28771,3.00,3.80
2010.09.06 18:09:35.366,1.28764,1.28776,1.50,3.60
2010.09.06 18:09:37.367,1.28765,1.28777,1.70,2.30
2010.09.06 18:09:37.655,1.28763,1.2877,6.00,1.50
2010.09.06 18:09:37.993,1.28753,1.28765,1.70,1.50
2010.09.06 18:09:39.806,1.28749,1.28763,19.70,3.60
2010.09.06 18:09:42.815,1.28748,1.2876,3.00,2.70
2010.09.06 18:09:44.634,1.28748,1.2876,1.40,1.90
2010.09.06 18:09:46.747,1.28749,1.2876,1.10,1.50
2010.09.06 18:09:46.863,1.28752,1.2876,4.90,2.70
2010.09.06 18:09:48.941,1.28752,1.28763,1.50,1.50
2010.09.06 18:09:51.004,1.28752,1.28766,1.90,1.50
2010.09.06 18:09:56.282,1.28753,1.28767,2.30,5.50
2010.09.06 18:10:02.099,1.28738,1.28752,1.90,3.40
2010.09.06 18:10:07.060,1.28748,1.28759,1.70,1.50
2010.09.06 18:10:12.108,1.28753,1.28767,2.70,1.70
2010.09.06 18:10:17.897,1.28756,1.28768,4.20,1.50
2010.09.06 18:10:20.140,1.2875,1.28762,1.20,3.20
2010.09.06 18:10:22.400,1.28739,1.28751,1.70,2.50
2010.09.06 18:10:25.114,1.28729,1.28741,1.50,1.50
2010.09.06 18:10:29.479,1.28724,1.28736,3.20,1.90
2010.09.06 18:10:40.150,1.28724,1.2874,1.70,2.70
2010.09.06 18:10:42.829,1.28732,1.28744,1.70,1.50
2010.09.06 18:10:44.901,1.28736,1.28752,3.40,5.70
2010.09.06 18:10:53.711,1.28744,1.2876,4.20,1.50
2010.09.06 18:10:57.261,1.28752,1.2876,2.30,1.50
2010.09.06 18:11:00.692,1.2875,1.28762,2.50,1.50
2010.09.06 18:11:04.703,1.28744,1.28757,2.30,2.90
2010.09.06 18:11:08.265,1.28738,1.28752,2.50,1.50
2010.09.06 18:11:10.865,1.28732,1.28746,3.60,1.50
2010.09.06 18:11:15.560,1.28732,1.28746,2.30,1.50
2010.09.06 18:11:17.691,1.28742,1.28751,1.20,1.70
2010.09.06 18:11:19.872,1.28749,1.28761,1.50,2.30
2010.09.06 18:11:22.545,1.28757,1.28767,3.60,1.50
2010.09.06 18:11:24.881,1.28757,1.28771,1.90,1.50
2010.09.06 18:11:39.290,1.28754,1.28766,2.30,1.50
2010.09.06 18:11:42.553,1.28749,1.28762,1.70,6.40
2010.09.06 18:11:46.120,1.28749,1.28759,3.00,3.60
2010.09.06 18:11:48.670,1.28747,1.28759,1.50,1.90
2010.09.06 18:11:54.274,1.28744,1.28759,4.90,1.50
2010.09.06 18:11:57.982,1.28745,1.28755,1.50,3.20
2010.09.06 18:12:02.299,1.28754,1.28768,3.00,5.50
2010.09.06 18:12:05.627,1.28758,1.28769,3.00,2.90
2010.09.06 18:12:07.678,1.2876,1.28773,1.20,1.70
2010.09.06 18:12:11.425,1.28766,1.28779,2.10,1.50
2010.09.06 18:12:13.069,1.28765,1.28778,1.50,1.50
2010.09.06 18:12:15.088,1.28755,1.28768,3.60,35.80
2010.09.06 18:12:21.855,1.28746,1.2876,1.50,4.20
2010.09.06 18:12:23.857,1.28746,1.28753,2.10,1.50
2010.09.06 18:12:29.375,1.28749,1.28757,2.50,5.50
2010.09.06 18:12:32.128,1.2875,1.2876,1.50,2.30
2010.09.06 18:12:35.104,1.2875,1.28764,1.50,2.50
2010.09.06 18:12:38.238,1.28749,1.28765,2.70,3.60
2010.09.06 18:12:41.589,1.28753,1.28764,3.00,1.90
2010.09.06 18:12:41.810,1.28756,1.28767,4.40,17.50
2010.09.06 18:12:43.829,1.28759,1.2877,1.30,1.20
2010.09.06 18:12:45.848,1.2876,1.28774,1.70,1.50
2010.09.06 18:13:03.904,1.28762,1.28776,8.10,1.50
2010.09.06 18:13:04.767,1.28761,1.28774,1.50,2.10
2010.09.06 18:13:16.585,1.28762,1.28778,1.90,1.70
2010.09.06 18:13:21.080,1.28766,1.28781,2.10,1.50
2010.09.06 18:13:21.413,1.28768,1.28778,2.30,1.70
2010.09.06 18:13:22.402,1.2876,1.28775,1.50,1.70
2010.09.06 18:13:25.082,1.28756,1.2877,1.10,1.50
2010.09.06 18:13:27.522,1.28754,1.28764,1.20,2.70
2010.09.06 18:13:30.822,1.2875,1.28762,1.50,1.50
2010.09.06 18:13:32.854,1.28748,1.28761,1.50,1.70
2010.09.06 18:13:35.054,1.28745,1.28758,1.50,1.90
2010.09.06 18:13:37.158,1.28741,1.28754,1.90,1.90
2010.09.06 18:13:39.285,1.28737,1.28753,1.50,2.30
2010.09.06 18:13:42.712,1.28739,1.28753,2.50,1.50
2010.09.06 18:13:45.418,1.28743,1.28755,1.50,3.00
2010.09.06 18:13:50.444,1.28742,1.28758,1.50,1.50
2010.09.06 18:13:54.860,1.28744,1.28756,1.40,4.20
2010.09.06 18:13:57.051,1.28742,1.28758,2.30,1.90
2010.09.06 18:14:04.256,1.28737,1.2875,4.20,1.50
2010.09.06 18:14:06.309,1.2874,1.28753,2.10,3.00
2010.09.06 18:14:09.288,1.28743,1.28756,1.50,1.50
2010.09.06 18:14:12.972,1.28745,1.28758,4.70,5.90
2010.09.06 18:14:16.274,1.28747,1.2876,1.50,1.50
2010.09.06 18:14:19.469,1.2875,1.28763,3.40,1.50
2010.09.06 18:14:21.768,1.28755,1.28767,3.20,1.90
2010.09.06 18:14:25.369,1.28757,1.2877,2.80,1.70
2010.09.06 18:14:27.751,1.28754,1.28766,3.40,4.50
2010.09.06 18:14:29.776,1.2875,1.28763,3.00,5.10
2010.09.06 18:14:37.596,1.2875,1.28762,6.00,1.50
2010.09.06 18:14:39.588,1.28749,1.28761,3.80,3.20
2010.09.06 18:14:40.798,1.28748,1.28762,1.50,1.50
2010.09.06 18:14:44.119,1.28749,1.28763,3.00,3.80
2010.09.06 18:14:52.220,1.28754,1.28762,1.70,1.50
2010.09.06 18:14:52.419,1.28752,1.28767,3.60,4.50
2010.09.06 18:14:55.228,1.28753,1.28769,1.90,1.50
2010.09.06 18:14:55.556,1.28753,1.28769,10.40,3.40
2010.09.06 18:14:57.562,1.28755,1.28765,1.50,3.20
2010.09.06 18:15:00.697,1.28762,1.28778,1.50,4.20
2010.09.06 18:15:02.780,1.28766,1.28776,3.80,1.50
2010.09.06 18:15:06.921,1.28768,1.28777,12.00,1.50
2010.09.06 18:15:10.981,1.2877,1.28779,1.50,1.70
2010.09.06 18:15:13.388,1.2877,1.28778,1.50,4.00
2010.09.06 18:15:15.662,1.28761,1.28769,1.50,3.40
2010.09.06 18:15:18.639,1.28754,1.28763,2.70,1.50
2010.09.06 18:15:23.352,1.28752,1.28762,1.90,1.50
2010.09.06 18:15:26.560,1.28753,1.28763,1.50,1.90
2010.09.06 18:15:28.931,1.28757,1.28767,2.30,1.50
2010.09.06 18:15:34.448,1.28757,1.28768,4.00,3.80
2010.09.06 18:15:38.339,1.28758,1.28771,4.90,1.70
2010.09.06 18:15:40.921,1.28759,1.28773,1.50,1.90
2010.09.06 18:15:43.021,1.28759,1.2877,2.30,1.90
2010.09.06 18:15:51.162,1.28758,1.28767,2.30,3.20
2010.09.06 18:15:56.792,1.28756,1.28768,2.10,1.90
2010.09.06 18:16:15.968,1.28723,1.28733,1.50,1.50
2010.09.06 18:16:30.769,1.28722,1.28731,3.80,1.50
2010.09.06 18:16:35.889,1.2873,1.2874,4.50,1.50
2010.09.06 18:16:39.018,1.28747,1.28761,1.70,2.50
2010.09.06 18:16:42.518,1.28761,1.28775,4.90,2.30
2010.09.06 18:16:44.828,1.28768,1.28775,1.50,1.50
2010.09.06 18:16:47.298,1.28765,1.28777,6.50,1.20
2010.09.06 18:16:49.650,1.28763,1.28777,1.50,8.30
2010.09.06 18:16:52.898,1.28762,1.28778,1.30,1.50
2010.09.06 18:17:25.574,1.28763,1.28779,1.20,3.20
2010.09.06 18:17:28.425,1.28766,1.2878,1.90,1.50
2010.09.06 18:17:31.726,1.28769,1.28781,2.80,2.10
2010.09.06 18:17:32.699,1.28766,1.28781,2.10,1.50
2010.09.06 18:17:38.051,1.28758,1.28772,4.90,2.70
2010.09.06 18:17:40.336,1.28747,1.28762,13.50,1.40
2010.09.06 18:17:46.016,1.28738,1.28752,1.50,6.60
2010.09.06 18:17:48.075,1.28734,1.28746,1.40,1.50
2010.09.06 18:17:50.344,1.28737,1.28751,1.50,3.80
2010.09.06 18:17:52.512,1.28744,1.28759,4.20,1.50
2010.09.06 18:17:54.618,1.28755,1.28765,2.50,16.00
2010.09.06 18:17:56.753,1.28758,1.28772,2.10,3.20
2010.09.06 18:18:06.460,1.28748,1.2876,1.50,3.00
2010.09.06 18:18:09.729,1.28755,1.28764,1.70,3.00
2010.09.06 18:18:12.880,1.28762,1.28775,1.30,3.60
2010.09.06 18:18:15.308,1.28769,1.28783,1.50,3.00
2010.09.06 18:18:17.636,1.28779,1.28794,2.90,1.50
2010.09.06 18:18:17.862,1.28792,1.28801,3.60,1.50
2010.09.06 18:18:20.161,1.2879,1.28802,1.40,4.20
2010.09.06 18:18:28.145,1.2878,1.2879,1.50,2.30
2010.09.06 18:18:30.607,1.28764,1.28777,1.20,1.70
2010.09.06 18:18:33.499,1.28747,1.28759,3.80,3.80
2010.09.06 18:18:35.911,1.28733,1.28744,3.40,2.30
2010.09.06 18:18:36.247,1.28727,1.28739,1.50,1.90
2010.09.06 18:18:40.318,1.28729,1.28741,3.00,3.60
2010.09.06 18:18:42.872,1.28736,1.28748,1.50,1.50
2010.09.06 18:18:46.626,1.28744,1.28756,3.00,3.00
2010.09.06 18:18:48.637,1.2875,1.28764,1.50,2.50
2010.09.06 18:18:55.435,1.28753,1.28768,3.40,4.90
2010.09.06 18:18:55.546,1.2876,1.28771,1.20,4.70
2010.09.06 18:18:59.058,1.28761,1.28775,1.20,1.50
2010.09.06 18:19:05.388,1.28774,1.28788,6.60,3.40
2010.09.06 18:19:07.054,1.28776,1.28791,2.10,2.70
2010.09.06 18:19:07.437,1.28782,1.28794,2.30,2.90
2010.09.06 18:19:14.995,1.28789,1.28797,1.70,1.90
2010.09.06 18:19:15.989,1.28797,1.28805,3.40,2.50
2010.09.06 18:19:18.916,1.288,1.2881,1.50,1.50
2010.09.06 18:19:20.245,1.28798,1.2881,1.50,1.90
2010.09.06 18:19:23.276,1.28796,1.28804,3.80,1.50
2010.09.06 18:19:24.168,1.28789,1.28801,1.50,2.50
2010.09.06 18:19:36.948,1.2878,1.28793,3.80,4.50
2010.09.06 18:19:38.767,1.28774,1.28783,2.30,2.80
2010.09.06 18:19:43.219,1.28764,1.28777,1.50,1.70
2010.09.06 18:19:45.288,1.28763,1.28773,2.70,1.50
2010.09.06 18:19:47.459,1.28766,1.2878,2.50,1.50
2010.09.06 18:19:50.626,1.28773,1.28785,1.50,2.30
2010.09.06 18:19:55.746,1.28778,1.28791,1.20,1.50
2010.09.06 18:19:58.124,1.28782,1.28792,1.50,2.30
2010.09.06 18:20:02.735,1.2877,1.28784,1.50,4.20
2010.09.06 18:20:05.056,1.28767,1.28778,4.70,3.00
2010.09.06 18:20:09.587,1.28761,1.28771,1.90,1.50
2010.09.06 18:20:13.677,1.28755,1.28765,2.30,1.70
2010.09.06 18:20:15.678,1.28757,1.2877,5.10,1.50
2010.09.06 18:20:18.658,1.2877,1.2878,3.00,6.20
2010.09.06 18:20:22.936,1.28784,1.28796,1.90,1.70
2010.09.06 18:20:26.078,1.28793,1.28807,3.20,1.90
2010.09.06 18:20:28.307,1.28794,1.28804,3.00,2.30
2010.09.06 18:20:33.334,1.28791,1.28801,8.10,2.70
2010.09.06 18:20:39.705,1.28786,1.28797,2.90,1.50
2010.09.06 18:20:42.784,1.28782,1.28794,1.50,5.50
2010.09.06 18:20:46.065,1.28779,1.28791,1.40,4.20
2010.09.06 18:20:49.086,1.28773,1.28787,1.50,2.70
2010.09.06 18:20:53.707,1.28771,1.28782,1.70,1.50
2010.09.06 18:20:56.048,1.28768,1.28778,7.50,1.20
2010.09.06 18:21:05.465,1.28766,1.28782,5.90,4.40
2010.09.06 18:21:08.715,1.28774,1.28783,1.50,1.90
2010.09.06 18:21:09.182,1.28777,1.28789,1.70,1.50
2010.09.06 18:21:12.027,1.28781,1.2879,3.00,4.20
2010.09.06 18:21:15.625,1.28781,1.28793,2.30,2.70
2010.09.06 18:21:17.783,1.28785,1.28798,2.90,1.50
2010.09.06 18:21:19.987,1.2879,1.28802,1.50,1.50
2010.09.06 18:21:22.036,1.28796,1.28808,1.50,1.90
2010.09.06 18:21:24.516,1.28798,1.28811,7.40,4.00
2010.09.06 18:21:29.733,1.28794,1.28806,2.70,2.30
2010.09.06 18:21:35.569,1.28789,1.28802,3.60,1.50
2010.09.06 18:21:39.006,1.28786,1.28798,5.40,1.20
2010.09.06 18:21:41.046,1.28783,1.28796,1.50,1.50
2010.09.06 18:21:43.524,1.28782,1.28795,1.90,3.20
2010.09.06 18:21:47.072,1.28783,1.28798,1.70,1.50
2010.09.06 18:21:47.444,1.28785,1.28799,1.50,1.50
2010.09.06 18:21:49.986,1.28785,1.28801,2.70,3.20
2010.09.06 18:21:51.992,1.28791,1.28798,4.40,1.50
2010.09.06 18:21:52.824,1.28791,1.28801,1.70,1.50
2010.09.06 18:21:53.245,1.28791,1.28805,1.70,1.50
2010.09.06 18:22:01.054,1.28766,1.2878,1.90,1.90
2010.09.06 18:22:06.118,1.2877,1.28785,1.50,1.90
2010.09.06 18:22:09.639,1.28774,1.28791,2.30,2.50
2010.09.06 18:22:12.757,1.28783,1.28798,1.70,2.10
2010.09.06 18:22:14.788,1.28788,1.28798,3.20,1.90
2010.09.06 18:22:20.413,1.28786,1.28796,1.50,4.20
2010.09.06 18:22:27.616,1.28781,1.28793,1.50,1.50
2010.09.06 18:22:30.368,1.28777,1.28787,1.40,2.40
2010.09.06 18:22:33.920,1.28771,1.28782,1.90,3.00
2010.09.06 18:22:37.488,1.28765,1.28776,6.80,1.40
2010.09.06 18:22:40.378,1.28762,1.28774,1.50,1.20
2010.09.06 18:22:42.355,1.28765,1.28777,1.90,1.50
2010.09.06 18:22:44.943,1.28767,1.28782,1.50,1.50
2010.09.06 18:22:49.368,1.28772,1.28786,1.50,1.50
2010.09.06 18:22:54.099,1.28772,1.28788,4.00,4.70
2010.09.06 18:22:56.525,1.28776,1.28787,1.90,1.70
2010.09.06 18:22:57.628,1.2878,1.28792,2.30,2.50
2010.09.06 18:22:57.958,1.28784,1.28792,6.60,44.90
2010.09.06 18:23:02.753,1.28782,1.28792,19.50,1.50
2010.09.06 18:23:07.056,1.28775,1.28791,7.90,1.70
2010.09.06 18:23:09.258,1.28772,1.28785,2.30,2.70
2010.09.06 18:23:11.374,1.28768,1.28778,5.10,2.30
2010.09.06 18:23:12.825,1.28761,1.28775,1.50,2.70
2010.09.06 18:23:12.943,1.28764,1.28772,1.50,1.50
2010.09.06 18:23:14.757,1.2877,1.28783,2.80,1.50
2010.09.06 18:23:18.077,1.28778,1.28789,1.20,2.70
2010.09.06 18:23:24.314,1.28788,1.28795,1.50,2.50
2010.09.06 18:23:26.385,1.28795,1.28802,2.30,2.50
2010.09.06 18:23:28.214,1.28798,1.28808,2.30,1.90
2010.09.06 18:23:28.593,1.28797,1.28811,9.20,1.50
2010.09.06 18:23:32.844,1.28795,1.28805,7.10,5.30
2010.09.06 18:23:43.335,1.28787,1.28805,3.80,7.70
2010.09.06 18:23:46.527,1.28784,1.28798,1.70,1.50
2010.09.06 18:23:48.637,1.2878,1.28796,1.50,2.70
2010.09.06 18:23:53.607,1.28776,1.2879,4.50,1.70
2010.09.06 18:23:56.677,1.28771,1.28785,6.40,4.40
2010.09.06 18:23:59.212,1.28767,1.28781,3.60,1.90
2010.09.06 18:24:03.114,1.28756,1.28769,1.20,1.70
2010.09.06 18:24:07.326,1.28761,1.28771,1.40,2.30
2010.09.06 18:24:08.543,1.28763,1.28773,4.00,1.90
2010.09.06 18:24:08.696,1.28762,1.28777,2.10,1.90
2010.09.06 18:24:09.068,1.28763,1.28771,1.70,1.50
2010.09.06 18:24:10.445,1.28755,1.28769,1.70,2.60
2010.09.06 18:24:11.406,1.28753,1.28763,1.10,1.50
2010.09.06 18:24:13.547,1.2875,1.28764,1.50,3.20
2010.09.06 18:24:16.486,1.28757,1.28769,5.10,1.50
2010.09.06 18:24:17.168,1.28763,1.28776,7.90,1.80
2010.09.06 18:24:19.283,1.28768,1.28778,1.50,1.40
2010.09.06 18:24:21.485,1.28772,1.28784,5.10,1.50
2010.09.06 18:24:24.623,1.28774,1.28788,5.40,1.20
2010.09.06 18:24:25.197,1.28776,1.28789,1.90,3.00
2010.09.06 18:24:27.258,1.28778,1.28791,1.50,1.20
2010.09.06 18:24:27.698,1.28785,1.28794,1.70,3.80
2010.09.06 18:24:29.758,1.2879,1.28799,1.50,3.80
2010.09.06 18:24:30.686,1.28795,1.28807,2.80,2.70
2010.09.06 18:24:31.131,1.28796,1.28808,2.30,2.30
2010.09.06 18:24:31.372,1.28793,1.28802,1.50,1.50
2010.09.06 18:24:33.528,1.28787,1.28794,2.70,1.50
2010.09.06 18:24:34.759,1.2878,1.28793,2.70,1.50
2010.09.06 18:24:38.099,1.28776,1.28789,2.30,1.70
2010.09.06 18:24:41.187,1.28775,1.28788,2.30,4.90
2010.09.06 18:24:45.249,1.28775,1.2879,1.50,4.50
2010.09.06 18:24:47.529,1.28776,1.28791,1.70,4.80
2010.09.06 18:24:49.659,1.28778,1.28792,2.50,1.20
2010.09.06 18:24:53.949,1.28781,1.28795,1.90,12.80
2010.09.06 18:25:04.616,1.28791,1.28801,1.70,1.90
2010.09.06 18:25:04.954,1.28786,1.28794,2.30,1.20
2010.09.06 18:25:05.403,1.2878,1.28791,9.20,2.30
2010.09.06 18:25:21.327,1.28773,1.28786,2.10,1.50
2010.09.06 18:25:27.073,1.28768,1.28781,1.90,1.50
2010.09.06 18:25:28.050,1.28758,1.28774,2.70,1.50
2010.09.06 18:25:28.895,1.28754,1.28765,2.30,2.30
2010.09.06 18:25:30.911,1.28752,1.28762,2.30,4.20
2010.09.06 18:25:32.963,1.28755,1.28765,2.10,2.10
2010.09.06 18:25:33.407,1.28758,1.28769,2.90,3.00
2010.09.06 18:25:33.527,1.28764,1.28772,1.50,3.60
2010.09.06 18:25:34.405,1.28763,1.28776,1.70,1.20
2010.09.06 18:25:36.784,1.28765,1.28778,1.30,2.30
2010.09.06 18:25:38.895,1.28764,1.28779,11.10,1.50
2010.09.06 18:25:41.467,1.28766,1.28779,3.00,1.70
2010.09.06 18:25:43.614,1.28766,1.28778,5.70,1.70
2010.09.06 18:25:45.765,1.28767,1.28779,1.90,1.50
2010.09.06 18:25:49.235,1.28769,1.28781,1.20,3.20
2010.09.06 18:25:51.255,1.28773,1.28782,1.50,3.40
2010.09.06 18:25:51.615,1.2877,1.28786,6.60,1.50
2010.09.06 18:26:06.720,1.28761,1.28779,1.50,3.00
2010.09.06 18:26:10.739,1.28775,1.28787,2.70,3.00
2010.09.06 18:26:12.781,1.28776,1.2879,14.30,4.50
2010.09.06 18:26:21.062,1.28764,1.28777,1.50,1.50
2010.09.06 18:26:26.201,1.28756,1.28768,1.50,3.60
2010.09.06 18:26:41.810,1.28758,1.28772,1.70,1.50
2010.09.06 18:26:45.729,1.28762,1.28778,2.10,2.10
2010.09.06 18:26:50.923,1.2877,1.28782,1.90,1.90
2010.09.06 18:26:55.708,1.28775,1.28789,3.20,6.20
2010.09.06 18:26:59.338,1.2878,1.28792,1.50,3.60
2010.09.06 18:27:01.019,1.28782,1.28795,1.90,1.50
2010.09.06 18:27:04.097,1.28779,1.28794,1.70,6.00
2010.09.06 18:27:06.219,1.28781,1.2879,1.40,1.50
2010.09.06 18:27:08.252,1.28779,1.28789,2.30,1.70
2010.09.06 18:27:10.272,1.28777,1.28789,1.50,1.50
2010.09.06 18:27:13.221,1.28777,1.28789,1.50,1.70
2010.09.06 18:27:15.240,1.28778,1.28787,4.50,4.50
2010.09.06 18:27:17.250,1.28779,1.28791,1.50,2.70
2010.09.06 18:27:19.840,1.28785,1.28794,5.90,3.00
2010.09.06 18:27:20.167,1.28785,1.288,3.20,1.50
2010.09.06 18:27:20.519,1.28791,1.28798,1.50,1.50
2010.09.06 18:27:20.629,1.28783,1.28794,1.70,1.50
2010.09.06 18:27:23.550,1.28775,1.28786,1.50,3.60
2010.09.06 18:27:26.040,1.28766,1.28778,1.50,1.50
2010.09.06 18:27:28.221,1.28758,1.28768,1.50,1.40
2010.09.06 18:27:30.274,1.28747,1.2876,1.20,2.50
2010.09.06 18:27:34.045,1.28745,1.28756,1.50,3.40
2010.09.06 18:27:36.231,1.28749,1.28762,3.20,1.90
2010.09.06 18:27:38.392,1.28756,1.28768,2.30,1.50
2010.09.06 18:27:40.708,1.28762,1.28776,3.80,3.80
2010.09.06 18:27:40.927,1.28771,1.28777,2.50,1.70
2010.09.06 18:27:41.212,1.28769,1.28785,1.90,1.70
2010.09.06 18:27:41.484,1.28774,1.28782,1.50,1.20
2010.09.06 18:27:44.677,1.28775,1.28783,4.20,4.90
2010.09.06 18:27:45.017,1.28773,1.28783,3.90,1.20
2010.09.06 18:27:45.137,1.28772,1.28781,3.40,1.50
2010.09.06 18:27:47.149,1.28768,1.28783,4.90,1.50
2010.09.06 18:27:49.211,1.28769,1.2878,1.90,2.00
2010.09.06 18:27:51.292,1.28768,1.28778,2.70,1.50
2010.09.06 18:27:54.340,1.28767,1.28778,1.50,2.10
2010.09.06 18:27:56.861,1.28766,1.28776,6.00,2.70
2010.09.06 18:28:01.366,1.28757,1.28773,1.80,1.70
2010.09.06 18:28:03.877,1.28764,1.28778,1.50,1.50
2010.09.06 18:28:05.124,1.28771,1.28786,1.50,7.50
2010.09.06 18:28:05.353,1.28784,1.28792,4.70,5.90
2010.09.06 18:28:05.886,1.28786,1.28796,23.10,1.90
2010.09.06 18:28:08.457,1.28782,1.28795,5.50,5.30
2010.09.06 18:28:10.789,1.28776,1.28788,10.20,5.10
2010.09.06 18:28:13.886,1.2877,1.28782,3.40,2.30
2010.09.06 18:28:16.198,1.28762,1.28775,2.70,1.50
2010.09.06 18:28:18.558,1.28754,1.28767,1.70,1.50
2010.09.06 18:28:23.138,1.28751,1.28765,5.10,3.20
2010.09.06 18:28:27.296,1.28758,1.28769,2.30,1.70
2010.09.06 18:28:28.419,1.28762,1.28774,1.50,4.20
2010.09.06 18:28:31.727,1.28766,1.28778,18.90,4.40
2010.09.06 18:28:34.508,1.28768,1.28781,1.50,1.20
2010.09.06 18:28:39.794,1.28769,1.28783,2.30,3.00
2010.09.06 18:28:50.388,1.28771,1.28785,1.50,1.70
2010.09.06 18:28:55.939,1.28772,1.28785,1.70,1.50
2010.09.06 18:29:04.154,1.28775,1.28789,2.30,4.70
2010.09.06 18:29:11.162,1.28777,1.28789,1.20,29.10
2010.09.06 18:29:22.542,1.28781,1.2879,1.80,1.50
2010.09.06 18:29:25.803,1.28784,1.28796,3.40,1.50
2010.09.06 18:29:28.154,1.28788,1.288,2.70,2.50
2010.09.06 18:29:31.593,1.2879,1.288,4.50,1.50
2010.09.06 18:29:35.033,1.28789,1.28797,1.70,1.50
2010.09.06 18:29:37.232,1.28784,1.28792,1.40,1.50
2010.09.06 18:29:39.441,1.28778,1.28787,1.90,1.50
2010.09.06 18:29:41.872,1.28771,1.2878,1.30,1.50
2010.09.06 18:29:43.883,1.28762,1.28775,1.50,1.40
2010.09.06 18:29:47.433,1.28762,1.2877,3.60,1.50
2010.09.06 18:29:49.553,1.28764,1.28772,1.50,1.50
2010.09.06 18:29:51.574,1.28768,1.28777,1.50,3.60
2010.09.06 18:29:53.603,1.28773,1.28783,1.50,4.50
2010.09.06 18:29:57.054,1.28778,1.28787,2.80,2.50
2010.09.06 18:29:59.207,1.2878,1.28792,1.50,1.50
2010.09.06 18:30:00.821,1.28766,1.28776,1.70,6.00
2010.09.06 18:30:01.040,1.28768,1.28778,1.90,12.80
2010.09.06 18:30:07.949,1.28771,1.28784,1.50,3.20
2010.09.06 18:30:15.690,1.28778,1.28789,4.20,2.70
2010.09.06 18:30:17.723,1.28784,1.28797,1.70,4.70
2010.09.06 18:30:21.237,1.28788,1.28796,1.50,1.50
2010.09.06 18:30:21.469,1.28785,1.28789,1.50,4.40
2010.09.06 18:30:24.023,1.28777,1.28787,1.50,1.50
2010.09.06 18:30:26.212,1.28772,1.28782,1.50,1.70
2010.09.06 18:30:29.084,1.28768,1.28778,1.50,2.70
2010.09.06 18:30:36.093,1.28767,1.28775,1.50,1.50
2010.09.06 18:30:38.123,1.28762,1.28772,1.50,3.40
2010.09.06 18:30:38.344,1.28761,1.2877,4.90,1.70
2010.09.06 18:30:38.454,1.28758,1.2877,2.30,1.90
2010.09.06 18:30:41.424,1.28759,1.28769,1.50,2.50
2010.09.06 18:30:43.741,1.28763,1.28773,2.50,1.50
2010.09.06 18:30:46.435,1.28767,1.28776,5.50,1.50
2010.09.06 18:30:48.914,1.28769,1.2878,3.00,2.50
2010.09.06 18:30:51.712,1.28769,1.28782,1.50,3.00
2010.09.06 18:30:53.781,1.28767,1.28779,28.00,1.70
2010.09.06 18:30:54.112,1.28769,1.28775,3.00,2.70
2010.09.06 18:30:55.253,1.28764,1.2878,1.50,3.40
2010.09.06 18:31:32.237,1.28768,1.28782,1.50,2.50
2010.09.06 18:31:42.575,1.28774,1.28786,1.40,1.50
2010.09.06 18:31:45.238,1.28771,1.28781,2.40,4.70
2010.09.06 18:31:48.482,1.28757,1.28767,1.90,3.00
2010.09.06 18:31:51.222,1.28747,1.28757,1.70,1.50
2010.09.06 18:31:53.653,1.28747,1.28757,4.70,1.50
2010.09.06 18:31:55.886,1.2875,1.28761,3.00,1.70
2010.09.06 18:31:58.136,1.28752,1.28762,1.90,4.40
2010.09.06 18:32:16.507,1.28747,1.28759,3.40,1.70
2010.09.06 18:32:22.001,1.28752,1.28763,8.10,1.20
2010.09.06 18:32:22.443,1.28757,1.2877,3.40,1.50
2010.09.06 18:32:23.167,1.28763,1.28775,1.20,9.80
2010.09.06 18:32:25.507,1.28761,1.28773,1.10,3.20
2010.09.06 18:32:32.336,1.28747,1.28759,14.30,4.50
2010.09.06 18:32:37.617,1.28732,1.28744,1.50,3.20
2010.09.06 18:32:38.367,1.28724,1.28735,2.50,3.80
2010.09.06 18:32:41.454,1.28724,1.28736,2.30,2.30
2010.09.06 18:32:43.858,1.28729,1.28739,1.70,1.50
2010.09.06 18:32:46.777,1.28732,1.28745,1.50,1.50
2010.09.06 18:32:49.577,1.28738,1.28752,3.80,4.40
2010.09.06 18:32:51.624,1.28746,1.28758,2.90,18.50
2010.09.06 18:32:56.938,1.2875,1.28762,1.50,2.30
2010.09.06 18:33:03.028,1.28747,1.28759,1.50,4.50
2010.09.06 18:33:05.186,1.2874,1.28751,2.70,1.50
2010.09.06 18:33:08.824,1.28729,1.28741,1.50,4.00
2010.09.06 18:33:10.833,1.28718,1.2873,1.50,1.90
2010.09.06 18:33:11.053,1.2871,1.28718,3.40,1.50
2010.09.06 18:33:11.875,1.28704,1.28717,1.50,1.20
2010.09.06 18:33:15.883,1.2871,1.28724,1.90,1.90
2010.09.06 18:33:19.835,1.2872,1.28733,1.50,1.90
2010.09.06 18:33:28.456,1.2873,1.28743,1.50,2.50
2010.09.06 18:33:33.222,1.28744,1.28757,2.30,2.90
2010.09.06 18:33:35.669,1.28759,1.28767,2.90,5.30
2010.09.06 18:33:37.813,1.28764,1.28774,1.50,1.90
2010.09.06 18:33:39.926,1.28761,1.28771,1.50,3.60
2010.09.06 18:33:40.817,1.28756,1.28763,1.70,1.50
2010.09.06 18:33:41.836,1.28745,1.28758,3.00,1.40
2010.09.06 18:33:45.056,1.28739,1.28751,3.00,4.50
2010.09.06 18:33:55.029,1.28737,1.28749,2.50,1.50
2010.09.06 18:34:01.375,1.28733,1.28745,1.50,1.70
2010.09.06 18:34:04.165,1.2873,1.28741,2.50,1.50
2010.09.06 18:34:10.384,1.28726,1.28735,1.40,1.50
2010.09.06 18:34:13.019,1.28719,1.28726,1.70,3.40
2010.09.06 18:34:15.603,1.28708,1.28719,1.90,3.80
2010.09.06 18:34:17.906,1.287,1.28712,3.00,2.90
2010.09.06 18:34:20.275,1.28702,1.28712,1.40,3.00
2010.09.06 18:34:22.486,1.28706,1.28718,1.50,2.30
2010.09.06 18:34:30.804,1.28712,1.28725,1.70,1.50
2010.09.06 18:34:38.764,1.28721,1.28734,13.30,1.50
2010.09.06 18:34:38.993,1.28736,1.28745,3.40,5.10
2010.09.06 18:34:39.117,1.28747,1.28759,1.50,1.50
2010.09.06 18:34:41.806,1.28753,1.28765,2.30,1.50
2010.09.06 18:34:44.021,1.28751,1.28763,1.70,2.30
2010.09.06 18:34:48.954,1.28749,1.28759,2.50,1.50
2010.09.06 18:34:52.982,1.28745,1.28754,2.50,3.00
2010.09.06 18:34:55.535,1.28743,1.28755,2.90,1.50
2010.09.06 18:34:55.653,1.28746,1.28752,3.00,1.50
2010.09.06 18:34:57.666,1.28745,1.28755,7.90,1.70
2010.09.06 18:35:04.069,1.28751,1.28761,1.50,2.50
2010.09.06 18:35:08.652,1.28746,1.2876,1.40,2.60
2010.09.06 18:35:16.843,1.28742,1.28754,1.40,11.70
2010.09.06 18:35:19.850,1.28738,1.28751,2.10,1.50
2010.09.06 18:35:20.000,1.28737,1.2875,4.50,2.50
2010.09.06 18:35:21.071,1.28736,1.28748,4.20,1.50
2010.09.06 18:35:21.297,1.28737,1.28744,3.60,1.50
2010.09.06 18:35:22.911,1.2873,1.28743,1.70,4.60
2010.09.06 18:35:25.298,1.28722,1.28735,3.80,5.30
2010.09.06 18:35:27.411,1.28721,1.28731,2.80,1.50
2010.09.06 18:35:28.070,1.28723,1.28734,2.50,1.50
2010.09.06 18:35:30.331,1.28726,1.28737,1.50,2.50
2010.09.06 18:35:32.652,1.28729,1.28742,2.30,1.50
2010.09.06 18:35:34.861,1.28731,1.28743,2.50,1.50
2010.09.06 18:35:39.892,1.28732,1.28742,3.00,2.70
2010.09.06 18:35:42.009,1.28731,1.28744,2.30,1.70
2010.09.06 18:35:43.552,1.28733,1.28745,4.00,2.70
2010.09.06 18:35:45.646,1.28735,1.28746,1.50,1.40
2010.09.06 18:35:45.762,1.28735,1.28749,1.50,1.50
2010.09.06 18:35:46.501,1.28739,1.28748,2.30,1.50
2010.09.06 18:35:53.941,1.28743,1.28749,3.80,3.80
2010.09.06 18:35:56.532,1.28742,1.28752,4.40,1.70
2010.09.06 18:35:58.631,1.28742,1.28754,2.90,1.50
2010.09.06 18:36:06.587,1.28736,1.28748,1.70,1.50
2010.09.06 18:36:09.848,1.2874,1.28751,1.50,19.80
2010.09.06 18:36:20.769,1.28742,1.28753,1.50,1.50
2010.09.06 18:36:22.779,1.28744,1.28755,3.00,4.40
2010.09.06 18:36:29.887,1.28744,1.28758,2.30,3.60
2010.09.06 18:36:30.645,1.28749,1.28761,1.50,2.30
2010.09.06 18:36:31.087,1.2875,1.2876,4.20,2.70
2010.09.06 18:36:31.930,1.28746,1.28756,1.50,1.70
2010.09.06 18:36:34.045,1.2874,1.2875,3.00,5.10
2010.09.06 18:36:37.755,1.28731,1.28746,1.50,1.70
2010.09.06 18:36:37.977,1.28733,1.2874,3.00,2.70
2010.09.06 18:36:39.166,1.28736,1.28743,1.50,3.40
2010.09.06 18:36:39.496,1.28736,1.28748,2.70,3.00
2010.09.06 18:36:39.610,1.28736,1.2875,1.50,1.50
2010.09.06 18:36:40.595,1.28741,1.28748,5.90,2.50
2010.09.06 18:36:42.478,1.28741,1.28751,1.40,1.50
2010.09.06 18:36:51.080,1.28742,1.28753,2.70,1.70
2010.09.06 18:36:54.758,1.28742,1.28756,1.90,1.50
2010.09.06 18:36:57.177,1.28742,1.28756,3.20,4.70
2010.09.06 18:37:04.406,1.28741,1.28755,2.70,3.80
2010.09.06 18:37:07.126,1.28741,1.28752,2.30,1.90
2010.09.06 18:37:09.195,1.28739,1.28752,2.10,1.50
2010.09.06 18:37:12.547,1.28738,1.28751,1.50,1.90
2010.09.06 18:37:16.065,1.28734,1.28747,1.50,1.50
2010.09.06 18:37:21.226,1.2873,1.28743,1.80,1.50
2010.09.06 18:37:24.593,1.28729,1.28742,1.50,1.50
2010.09.06 18:37:26.767,1.28733,1.28746,1.20,6.60
2010.09.06 18:37:29.276,1.28739,1.28752,1.50,2.70
2010.09.06 18:37:31.427,1.28745,1.28758,1.50,1.20
2010.09.06 18:37:34.996,1.28748,1.2876,2.70,1.50
2010.09.06 18:37:36.996,1.28745,1.28758,2.30,3.40
2010.09.06 18:37:39.035,1.28739,1.28755,1.40,1.50
2010.09.06 18:37:41.244,1.2874,1.28752,1.50,3.20
2010.09.06 18:37:44.971,1.28741,1.2875,3.40,3.00
2010.09.06 18:37:47.656,1.28737,1.28751,1.50,4.50
2010.09.06 18:37:49.756,1.28739,1.28749,1.50,2.50
2010.09.06 18:37:51.766,1.28738,1.28748,3.00,1.50
2010.09.06 18:37:53.825,1.28738,1.2875,2.30,1.90
2010.09.06 18:37:55.997,1.2874,1.28752,3.00,3.60
2010.09.06 18:37:58.404,1.28743,1.28753,3.60,1.50
2010.09.06 18:38:02.378,1.28732,1.28744,1.50,3.00
2010.09.06 18:38:04.597,1.2873,1.28741,3.00,2.50
2010.09.06 18:38:05.040,1.28729,1.28741,1.30,1.50
2010.09.06 18:38:07.049,1.28729,1.28741,4.00,1.50
2010.09.06 18:38:09.141,1.28732,1.28744,1.50,2.30
2010.09.06 18:38:11.490,1.28738,1.28747,3.00,3.00
2010.09.06 18:38:13.815,1.28743,1.28756,2.50,1.80
2010.09.06 18:38:15.551,1.28747,1.28757,1.90,2.30
2010.09.06 18:38:17.119,1.28745,1.28756,1.70,3.00
2010.09.06 18:38:19.071,1.2874,1.28752,3.40,2.30
2010.09.06 18:38:22.741,1.28735,1.28746,2.30,1.90
2010.09.06 18:38:25.660,1.2873,1.28741,1.50,3.60
2010.09.06 18:38:28.971,1.28723,1.28735,1.50,6.40
2010.09.06 18:38:32.600,1.2872,1.28732,3.60,1.90
2010.09.06 18:38:34.630,1.28725,1.28737,1.50,4.00
2010.09.06 18:38:36.639,1.2873,1.28742,4.90,2.30
2010.09.06 18:38:40.061,1.28734,1.28746,1.50,1.70
2010.09.06 18:38:42.296,1.28736,1.28748,3.00,4.50
2010.09.06 18:38:44.349,1.28737,1.28747,1.40,1.50
2010.09.06 18:38:46.488,1.28738,1.28746,4.20,1.50
2010.09.06 18:38:47.154,1.28736,1.28746,1.50,5.10
2010.09.06 18:38:47.275,1.28733,1.28746,3.00,4.50
2010.09.06 18:38:48.981,1.28737,1.28748,1.70,1.50
2010.09.06 18:38:52.531,1.2874,1.2875,1.50,1.20
2010.09.06 18:38:58.160,1.28743,1.28753,1.70,11.50
2010.09.06 18:39:02.169,1.28741,1.28751,1.50,9.80
2010.09.06 18:39:05.988,1.28734,1.28744,1.90,17.80
2010.09.06 18:39:08.488,1.28726,1.28738,1.70,1.90
2010.09.06 18:39:20.088,1.28723,1.28737,1.40,2.60
2010.09.06 18:39:22.598,1.28729,1.28743,23.10,1.90
2010.09.06 18:39:25.547,1.28737,1.2875,1.50,1.90
2010.09.06 18:39:37.129,1.28743,1.28757,1.90,2.30
2010.09.06 18:39:41.098,1.28748,1.28762,4.20,1.50
2010.09.06 18:39:57.469,1.2875,1.28764,1.50,5.50
2010.09.06 18:40:06.197,1.28725,1.28734,1.70,1.50
2010.09.06 18:40:08.568,1.28738,1.28751,1.50,1.50
2010.09.06 18:40:08.792,1.28758,1.28765,2.30,1.50
2010.09.06 18:40:09.855,1.28771,1.28784,1.20,3.80
2010.09.06 18:40:15.673,1.28772,1.28784,1.50,1.50
2010.09.06 18:40:17.943,1.28752,1.28765,3.80,1.50
2010.09.06 18:40:20.693,1.28731,1.28743,3.80,4.20
2010.09.06 18:40:33.843,1.2872,1.28732,8.70,3.80
2010.09.06 18:40:41.293,1.28722,1.28734,1.50,1.50
2010.09.06 18:40:41.392,1.2873,1.28742,1.50,21.50
2010.09.06 18:40:46.446,1.2874,1.28753,1.50,1.50
2010.09.06 18:40:53.301,1.28747,1.28759,1.20,4.90
2010.09.06 18:41:08.379,1.28752,1.28765,3.00,1.50
2010.09.06 18:41:10.100,1.28771,1.28784,3.10,5.30
2010.09.06 18:41:13.270,1.28774,1.28788,1.20,1.70
2010.09.06 18:41:24.989,1.28755,1.28767,1.70,2.30
2010.09.06 18:41:29.066,1.28745,1.28749,1.50,3.40
2010.09.06 18:41:30.899,1.28739,1.28751,1.50,1.50
2010.09.06 18:41:32.277,1.2874,1.28753,4.60,1.80
2010.09.06 18:41:42.680,1.28746,1.28751,1.90,1.70
2010.09.06 18:41:48.988,1.28742,1.28756,1.70,4.00
2010.09.06 18:42:10.905,1.28778,1.28788,3.00,2.90
2010.09.06 18:42:12.998,1.28767,1.28782,4.00,1.20
2010.09.06 18:42:21.808,1.28756,1.2877,1.50,1.70
2010.09.06 18:42:23.884,1.28749,1.28763,1.50,2.10
2010.09.06 18:42:26.028,1.28751,1.28764,1.50,2.50
2010.09.06 18:42:28.394,1.28769,1.28783,1.50,15.10
2010.09.06 18:42:29.068,1.28788,1.28802,1.90,1.50
2010.09.06 18:42:31.668,1.28799,1.28813,6.60,2.30
2010.09.06 18:42:34.578,1.28796,1.2881,1.20,1.50
2010.09.06 18:42:39.467,1.28789,1.28804,1.70,1.70
2010.09.06 18:42:41.556,1.28784,1.28796,6.80,4.20
2010.09.06 18:42:42.306,1.28778,1.28789,1.50,1.70
2010.09.06 18:42:50.908,1.2877,1.28785,2.30,1.70
2010.09.06 18:42:55.109,1.28768,1.2878,3.40,5.10
2010.09.06 18:43:02.547,1.28771,1.28783,5.90,8.10
2010.09.06 18:43:04.773,1.28779,1.2879,1.70,3.00
2010.09.06 18:43:07.040,1.28773,1.28785,1.50,1.70
2010.09.06 18:43:13.381,1.28755,1.28767,1.50,1.70
2010.09.06 18:43:13.689,1.28744,1.28754,4.50,1.50
2010.09.06 18:43:14.371,1.28749,1.28762,3.00,1.50
2010.09.06 18:43:26.788,1.28756,1.28774,3.60,1.50
2010.09.06 18:43:34.768,1.28766,1.28778,1.90,3.80
2010.09.06 18:44:07.640,1.28759,1.28771,4.00,4.20
2010.09.06 18:44:10.048,1.28752,1.28765,3.40,1.50
2010.09.06 18:44:13.899,1.28745,1.28758,1.50,1.50
2010.09.06 18:44:16.104,1.28746,1.28759,2.30,12.00
2010.09.06 18:44:18.139,1.28755,1.28768,2.10,2.30
2010.09.06 18:44:20.802,1.2877,1.28778,2.80,1.90
2010.09.06 18:44:22.926,1.2878,1.28793,1.50,5.50
2010.09.06 18:44:28.946,1.28781,1.28799,1.50,1.50
2010.09.06 18:44:31.750,1.28779,1.28792,2.50,1.50
2010.09.06 18:44:34.270,1.28775,1.28785,2.50,3.00
2010.09.06 18:44:43.747,1.28767,1.28777,4.70,1.50
2010.09.06 18:44:52.658,1.28759,1.28769,2.30,1.50
2010.09.06 18:44:54.910,1.28751,1.28763,4.90,1.40
2010.09.06 18:44:56.978,1.28748,1.28758,1.40,1.20
2010.09.06 18:45:03.736,1.28769,1.28781,1.70,1.50
2010.09.06 18:45:03.956,1.28775,1.28782,2.90,1.50
2010.09.06 18:45:21.864,1.28767,1.28775,1.50,3.80
2010.09.06 18:45:31.467,1.28744,1.28758,1.20,1.70
2010.09.06 18:45:41.094,1.28731,1.28743,1.50,1.50
2010.09.06 18:45:47.322,1.2873,1.28746,1.40,1.50
2010.09.06 18:45:47.586,1.2874,1.28748,1.50,4.50
2010.09.06 18:45:49.825,1.28745,1.28755,1.50,3.00
2010.09.06 18:45:54.385,1.28748,1.28762,1.50,3.20
2010.09.06 18:46:03.437,1.28745,1.28757,1.50,4.20
2010.09.06 18:46:07.521,1.28745,1.28756,1.50,4.00
2010.09.06 18:46:10.937,1.28746,1.28753,1.50,1.90
2010.09.06 18:46:14.024,1.28742,1.28751,6.40,1.50
2010.09.06 18:46:16.927,1.28743,1.28755,1.50,2.70
2010.09.06 18:46:19.047,1.28752,1.28762,1.50,1.90
2010.09.06 18:46:23.498,1.28762,1.28774,2.10,4.00
2010.09.06 18:46:29.251,1.28771,1.28784,4.70,7.50
2010.09.06 18:46:30.058,1.28775,1.28787,1.50,2.30
2010.09.06 18:46:38.838,1.28772,1.28785,3.80,2.70
2010.09.06 18:46:41.367,1.28767,1.28779,1.50,1.50
2010.09.06 18:46:43.537,1.28761,1.28772,1.50,1.70
2010.09.06 18:46:54.773,1.28758,1.28768,1.50,7.70
2010.09.06 18:47:02.619,1.28748,1.28758,8.10,4.70
2010.09.06 18:47:07.077,1.28753,1.28759,5.50,1.50
2010.09.06 18:47:09.157,1.28756,1.28767,1.50,1.50
2010.09.06 18:47:23.027,1.2876,1.28771,3.20,2.30
2010.09.06 18:47:26.079,1.28768,1.28779,1.50,1.90
2010.09.06 18:47:29.258,1.28773,1.28786,1.50,2.50
2010.09.06 18:47:32.569,1.28771,1.28784,1.50,2.30
2010.09.06 18:47:34.829,1.28757,1.28771,1.10,1.50
2010.09.06 18:47:37.577,1.28741,1.28754,4.40,1.20
2010.09.06 18:47:41.647,1.28725,1.28737,2.30,1.50
2010.09.06 18:47:44.079,1.28715,1.28727,3.00,1.50
2010.09.06 18:47:46.907,1.28718,1.2873,1.90,3.40
2010.09.06 18:47:48.765,1.28723,1.28735,1.70,4.20
2010.09.06 18:47:49.677,1.28728,1.28743,5.70,3.00
2010.09.06 18:47:51.817,1.28735,1.28747,1.50,7.90
2010.09.06 18:47:51.928,1.28739,1.28754,1.30,1.50
2010.09.06 18:47:54.067,1.28745,1.28756,1.50,1.70
2010.09.06 18:47:54.295,1.28751,1.28757,1.50,3.80
2010.09.06 18:47:56.388,1.2875,1.28764,1.20,1.40
2010.09.06 18:48:02.749,1.28734,1.28746,2.30,2.50
2010.09.06 18:48:03.179,1.28735,1.28747,3.80,2.90
2010.09.06 18:48:06.931,1.28732,1.28746,2.50,1.50
2010.09.06 18:48:09.202,1.28731,1.28743,9.40,5.30
2010.09.06 18:48:21.762,1.28725,1.28738,3.80,2.50
2010.09.06 18:48:23.767,1.28718,1.28733,7.40,4.20
2010.09.06 18:48:26.548,1.28713,1.28726,2.70,2.70
2010.09.06 18:48:27.641,1.28713,1.28725,1.50,4.00
2010.09.06 18:48:30.101,1.28718,1.2873,1.50,1.50
2010.09.06 18:48:32.201,1.28726,1.28736,1.70,1.50
2010.09.06 18:48:34.464,1.28731,1.28743,1.50,3.00
2010.09.06 18:48:34.860,1.28735,1.28748,1.50,5.90
2010.09.06 18:48:35.961,1.2874,1.28752,2.10,1.90
2010.09.06 18:48:36.469,1.28749,1.28755,4.20,2.30
2010.09.06 18:48:36.696,1.28754,1.28766,1.50,1.90
2010.09.06 18:48:36.923,1.28767,1.28771,1.70,1.90
2010.09.06 18:48:37.529,1.28763,1.28775,1.50,1.50
2010.09.06 18:48:39.530,1.28757,1.28771,1.90,1.20
2010.09.06 18:48:43.123,1.28751,1.28765,3.00,2.50
2010.09.06 18:48:45.457,1.28747,1.28761,3.60,1.70
2010.09.06 18:48:56.950,1.28747,1.28758,3.00,4.50
2010.09.06 18:48:58.971,1.28745,1.28757,2.50,5.30
2010.09.06 18:49:02.165,1.28737,1.28749,1.50,1.50
2010.09.06 18:49:04.626,1.28731,1.28739,2.30,7.00
2010.09.06 18:49:06.838,1.28718,1.28732,3.00,2.90
2010.09.06 18:49:10.626,1.2871,1.28722,1.20,1.50
2010.09.06 18:49:13.347,1.28703,1.28716,11.10,1.50
2010.09.06 18:49:19.933,1.28702,1.28714,4.20,1.50
2010.09.06 18:49:20.663,1.28708,1.28721,1.50,1.70
2010.09.06 18:49:24.316,1.28717,1.2873,1.50,5.10
2010.09.06 18:49:27.816,1.2873,1.2874,2.10,3.40
2010.09.06 18:49:31.405,1.28739,1.28752,1.70,4.20
2010.09.06 18:49:33.525,1.2875,1.28762,6.00,1.40
2010.09.06 18:49:35.657,1.28756,1.28764,3.40,1.40
2010.09.06 18:49:39.805,1.28749,1.28763,1.50,4.80
2010.09.06 18:49:42.156,1.28746,1.28754,1.90,2.30
2010.09.06 18:49:42.280,1.28741,1.28747,1.50,1.40
2010.09.06 18:49:43.963,1.28735,1.28747,2.30,1.20
2010.09.06 18:49:46.047,1.28734,1.28745,4.40,17.50
2010.09.06 18:49:54.796,1.28734,1.28745,1.50,1.40
2010.09.06 18:49:58.126,1.28735,1.28745,1.90,3.00
2010.09.06 18:50:04.363,1.28716,1.28729,1.70,1.50
2010.09.06 18:50:07.369,1.28722,1.2873,4.50,2.70
2010.09.06 18:50:09.379,1.28724,1.28734,1.40,1.50
2010.09.06 18:50:11.391,1.28726,1.28733,1.50,1.20
2010.09.06 18:50:11.500,1.28728,1.28733,4.50,1.50
2010.09.06 18:50:13.322,1.28724,1.28735,4.70,1.50
2010.09.06 18:50:13.540,1.28722,1.28732,2.50,7.20
2010.09.06 18:50:17.392,1.28715,1.28729,3.40,6.60
2010.09.06 18:50:17.504,1.28712,1.28724,2.10,4.50
2010.09.06 18:50:20.283,1.28712,1.28719,1.50,1.50
2010.09.06 18:50:23.623,1.28714,1.28725,1.50,1.50
2010.09.06 18:50:25.638,1.28718,1.28728,6.50,4.50
2010.09.06 18:50:27.076,1.28721,1.28733,5.70,1.50
2010.09.06 18:50:27.194,1.28725,1.28738,1.90,1.50
2010.09.06 18:50:27.572,1.28726,1.2874,1.50,1.50
2010.09.06 18:50:28.821,1.28732,1.28741,2.30,1.70
2010.09.06 18:50:30.061,1.28731,1.28743,1.50,2.90
2010.09.06 18:50:30.283,1.28737,1.28741,3.00,5.10
2010.09.06 18:50:31.732,1.28733,1.28742,4.00,2.30
2010.09.06 18:50:34.357,1.28731,1.28742,5.30,3.60
2010.09.06 18:50:34.911,1.28733,1.28739,1.20,1.50
2010.09.06 18:50:35.277,1.28732,1.28738,2.10,3.10
2010.09.06 18:50:35.723,1.2873,1.28742,1.50,3.80
2010.09.06 18:50:36.210,1.28734,1.28742,5.70,2.50
2010.09.06 18:50:36.900,1.28738,1.2875,3.00,3.60
2010.09.06 18:50:38.230,1.28744,1.28757,2.10,1.50
2010.09.06 18:50:38.344,1.28747,1.28755,1.50,3.60
2010.09.06 18:50:38.471,1.28742,1.28751,3.60,1.70
2010.09.06 18:50:39.153,1.28736,1.28742,1.70,3.20
2010.09.06 18:50:41.298,1.28728,1.28739,3.00,1.50
2010.09.06 18:50:41.411,1.28727,1.28732,3.80,1.50
2010.09.06 18:50:42.129,1.28724,1.28734,1.70,1.50
2010.09.06 18:50:42.467,1.28723,1.28736,1.50,1.20
2010.09.06 18:50:44.771,1.28725,1.28738,3.80,3.20
2010.09.06 18:50:47.521,1.28729,1.28739,2.30,1.70
2010.09.06 18:50:49.531,1.28731,1.28744,1.50,4.00
2010.09.06 18:50:54.290,1.28731,1.28745,1.50,3.40
2010.09.06 18:51:02.204,1.28743,1.28757,1.50,2.50
2010.09.06 18:51:08.554,1.28744,1.28752,1.70,2.70
2010.09.06 18:51:10.793,1.28742,1.28751,2.30,2.60
2010.09.06 18:51:13.473,1.28738,1.28749,2.10,1.50
2010.09.06 18:51:15.493,1.28734,1.28745,3.00,4.40
2010.09.06 18:51:18.343,1.28729,1.28745,1.10,5.30
2010.09.06 18:51:18.671,1.28735,1.28741,3.80,1.50
2010.09.06 18:51:20.769,1.28736,1.28749,1.80,2.70
2010.09.06 18:51:22.863,1.2874,1.28752,1.50,1.50
2010.09.06 18:51:25.503,1.28743,1.28755,1.50,1.50
2010.09.06 18:51:27.923,1.28746,1.28758,7.00,3.40
2010.09.06 18:51:30.083,1.28749,1.28763,2.30,3.60
2010.09.06 18:51:32.173,1.28749,1.28761,1.50,1.50
2010.09.06 18:51:41.744,1.28748,1.28758,1.20,1.50
2010.09.06 18:51:44.437,1.28745,1.28755,1.50,3.80
2010.09.06 18:51:44.559,1.28743,1.28755,1.50,2.50
2010.09.06 18:51:44.909,1.28743,1.28752,2.10,3.20
2010.09.06 18:51:50.119,1.28739,1.28751,1.30,1.70
2010.09.06 18:51:50.748,1.28737,1.2875,3.60,2.30
2010.09.06 18:51:56.767,1.28735,1.28749,2.30,1.70
2010.09.06 18:52:02.864,1.28735,1.28747,1.40,1.50
2010.09.06 18:52:04.912,1.28739,1.28748,1.50,1.70
2010.09.06 18:52:05.509,1.28742,1.28753,1.50,1.70
2010.09.06 18:52:05.842,1.28747,1.28757,1.50,3.40
2010.09.06 18:52:07.869,1.28754,1.28765,2.30,1.50
2010.09.06 18:52:10.122,1.28757,1.28767,1.30,1.10
2010.09.06 18:52:14.049,1.28749,1.28763,1.50,3.20
2010.09.06 18:52:16.773,1.28744,1.28757,2.30,3.00
2010.09.06 18:52:18.962,1.28741,1.28753,7.50,1.50
2010.09.06 18:52:21.270,1.28735,1.2875,1.50,10.00
2010.09.06 18:52:27.203,1.2873,1.28745,1.50,4.90
2010.09.06 18:52:27.255,1.28729,1.28735,1.90,1.50
2010.09.06 18:52:36.733,1.28721,1.28735,1.50,2.50
2010.09.06 18:52:38.998,1.28719,1.28733,1.50,1.50
2010.09.06 18:52:39.225,1.28725,1.28738,1.20,3.60
2010.09.06 18:52:39.556,1.28733,1.2874,1.50,5.30
2010.09.06 18:52:41.107,1.28734,1.28748,1.20,1.70
2010.09.06 18:52:43.466,1.28739,1.28752,2.30,1.40
2010.09.06 18:52:46.943,1.28742,1.28756,2.30,1.50
2010.09.06 18:52:49.410,1.28746,1.28757,20.00,1.50
2010.09.06 18:52:49.532,1.28748,1.28755,1.50,3.60
2010.09.06 18:52:50.582,1.28748,1.28758,1.70,2.70
2010.09.06 18:52:50.764,1.28747,1.2876,2.90,6.00
2010.09.06 18:52:54.271,1.28747,1.28759,5.90,7.00
2010.09.06 18:52:55.812,1.28745,1.28758,6.60,2.50
2010.09.06 18:52:57.830,1.28744,1.28756,4.70,1.90
2010.09.06 18:53:02.969,1.28741,1.28751,3.60,2.30
2010.09.06 18:53:05.581,1.28734,1.28746,1.50,1.50
2010.09.06 18:53:07.729,1.28728,1.28739,2.50,5.30
2010.09.06 18:53:07.925,1.28724,1.28734,2.30,1.70
2010.09.06 18:53:11.128,1.28719,1.28731,2.80,1.50
2010.09.06 18:53:13.712,1.28713,1.28725,1.50,11.00
2010.09.06 18:53:15.750,1.28716,1.28724,1.30,1.40
2010.09.06 18:53:21.319,1.28725,1.28737,1.40,1.50
2010.09.06 18:53:26.975,1.28736,1.2875,5.10,5.10
2010.09.06 18:53:32.509,1.28749,1.28761,3.00,4.00
2010.09.06 18:53:35.598,1.28757,1.28767,1.50,5.70
2010.09.06 18:53:37.706,1.28757,1.28767,1.50,5.90
2010.09.06 18:53:48.369,1.28754,1.28766,1.50,3.20
2010.09.06 18:53:52.580,1.28752,1.28764,2.30,2.10
2010.09.06 18:53:55.436,1.28749,1.28761,1.30,1.70
2010.09.06 18:53:57.847,1.28748,1.28756,1.90,1.50
2010.09.06 18:53:59.815,1.28746,1.28758,3.00,2.50
2010.09.06 18:54:00.667,1.28741,1.28753,2.80,1.50
2010.09.06 18:54:00.911,1.28737,1.28747,1.50,1.90
2010.09.06 18:54:02.126,1.28731,1.28743,1.50,4.50
2010.09.06 18:54:04.660,1.28723,1.28736,3.80,1.50
2010.09.06 18:54:07.006,1.28715,1.28727,1.50,1.70
2010.09.06 18:54:10.746,1.28712,1.28725,1.90,1.50
2010.09.06 18:54:12.787,1.28717,1.28731,2.30,1.90
2010.09.06 18:54:20.725,1.28726,1.28739,1.20,2.30
2010.09.06 18:54:22.952,1.28735,1.28745,1.50,4.20
2010.09.06 18:54:25.195,1.28746,1.28753,4.50,1.90
2010.09.06 18:54:27.275,1.28755,1.28763,1.90,1.50
2010.09.06 18:54:30.097,1.28756,1.28769,1.50,1.70
2010.09.06 18:54:32.208,1.2875,1.28765,2.90,2.50
2010.09.06 18:54:34.957,1.28744,1.28759,2.30,1.50
2010.09.06 18:54:38.348,1.28738,1.28753,2.70,1.70
2010.09.06 18:54:43.397,1.28736,1.28748,2.30,4.20
2010.09.06 18:54:44.356,1.28735,1.28746,1.90,1.50
2010.09.06 18:54:48.688,1.28735,1.28746,2.10,3.10
2010.09.06 18:54:51.537,1.28739,1.28748,1.70,2.50
2010.09.06 18:54:54.797,1.28739,1.28753,1.50,7.40
2010.09.06 18:54:56.903,1.28743,1.28753,1.50,1.70
2010.09.06 18:55:01.134,1.28741,1.28751,1.90,5.30
2010.09.06 18:55:03.803,1.28738,1.28748,5.10,1.50
2010.09.06 18:55:04.982,1.28734,1.28745,3.40,1.50
2010.09.06 18:55:05.096,1.28734,1.28747,1.90,6.60
2010.09.06 18:55:05.644,1.28739,1.28751,1.40,1.50
2010.09.06 18:55:07.975,1.28746,1.28756,1.50,5.90
2010.09.06 18:55:08.454,1.28746,1.28753,1.90,2.50
2010.09.06 18:55:09.127,1.28737,1.28748,1.90,1.50
2010.09.06 18:55:09.884,1.28728,1.2874,3.00,1.50
2010.09.06 18:55:11.931,1.2872,1.28734,1.50,1.90
2010.09.06 18:55:19.943,1.28717,1.28732,1.50,2.50
2010.09.06 18:55:25.345,1.28715,1.28728,2.30,1.80
2010.09.06 18:55:30.225,1.28715,1.28726,2.80,1.50
2010.09.06 18:55:33.064,1.28714,1.28724,1.90,1.90
2010.09.06 18:55:35.081,1.28706,1.28721,4.50,26.00
2010.09.06 18:55:37.654,1.28703,1.28715,2.70,1.50
2010.09.06 18:55:41.034,1.28703,1.28713,2.30,1.70
2010.09.06 18:55:41.143,1.28707,1.28722,6.20,1.50
2010.09.06 18:55:45.178,1.28716,1.28731,1.50,3.40
2010.09.06 18:55:47.346,1.28728,1.28739,3.20,1.50
2010.09.06 18:55:52.555,1.28736,1.28748,2.30,3.00
2010.09.06 18:55:54.756,1.28738,1.28752,2.50,1.50
2010.09.06 18:56:04.135,1.28721,1.28733,2.30,2.70
2010.09.06 18:56:06.219,1.28733,1.28745,3.10,2.70
2010.09.06 18:56:10.796,1.28741,1.28755,5.70,1.50
2010.09.06 18:56:13.106,1.2874,1.28755,1.70,2.30
2010.09.06 18:56:15.656,1.2873,1.28743,2.50,3.80
2010.09.06 18:56:18.127,1.28719,1.28732,2.90,3.00
2010.09.06 18:56:22.246,1.28706,1.28721,3.80,1.70
2010.09.06 18:56:24.427,1.28702,1.28718,4.90,3.00
2010.09.06 18:56:25.166,1.28705,1.28719,2.10,2.70
2010.09.06 18:56:28.665,1.28711,1.28723,4.50,1.90
2010.09.06 18:56:33.009,1.28714,1.28727,1.70,1.50
2010.09.06 18:56:39.733,1.28719,1.28731,2.10,1.50
2010.09.06 18:56:42.386,1.28719,1.28733,4.70,2.70
2010.09.06 18:56:46.746,1.28721,1.28734,1.70,6.60
2010.09.06 18:56:51.884,1.28722,1.28734,1.50,1.90
2010.09.06 18:56:54.348,1.28722,1.28736,1.50,1.70
2010.09.06 18:57:01.938,1.28725,1.28733,1.20,1.90
2010.09.06 18:57:06.007,1.28723,1.28733,1.50,3.80
2010.09.06 18:57:08.016,1.28724,1.28736,1.90,1.50
2010.09.06 18:57:08.346,1.28728,1.2874,3.00,1.70
2010.09.06 18:57:09.754,1.28736,1.28748,6.00,1.50
2010.09.06 18:57:12.142,1.28738,1.28752,1.50,2.50
2010.09.06 18:57:14.657,1.28739,1.28748,2.50,3.00
2010.09.06 18:57:19.146,1.28734,1.28743,1.50,3.00
2010.09.06 18:57:23.147,1.28724,1.28736,1.90,4.40
2010.09.06 18:57:26.256,1.28717,1.28727,2.30,1.50
2010.09.06 18:57:28.816,1.28713,1.2872,2.50,1.50
2010.09.06 18:57:30.976,1.28713,1.28725,4.90,1.90
2010.09.06 18:57:37.546,1.28716,1.28728,2.30,3.80
2010.09.06 18:57:39.547,1.2872,1.28732,1.50,3.40
2010.09.06 18:57:41.756,1.28725,1.28737,1.50,3.00
2010.09.06 18:57:44.686,1.28726,1.28738,3.20,1.50
2010.09.06 18:57:46.837,1.28726,1.2874,1.50,2.90
2010.09.06 18:57:48.873,1.28728,1.28741,1.90,1.50
2010.09.06 18:57:54.715,1.2873,1.28743,2.70,1.50
2010.09.06 18:57:56.936,1.28733,1.28742,1.50,3.20
2010.09.06 18:57:59.007,1.28733,1.28745,4.90,1.50
2010.09.06 18:58:04.310,1.28699,1.28709,1.50,2.70
2010.09.06 18:58:06.380,1.28704,1.28717,1.70,1.50
2010.09.06 18:58:08.910,1.28712,1.28724,1.50,1.50
2010.09.06 18:58:10.970,1.28721,1.28733,3.40,1.50
2010.09.06 18:58:16.280,1.28725,1.28737,4.20,1.50
2010.09.06 18:58:26.941,1.28722,1.28735,3.40,1.50
2010.09.06 18:58:28.977,1.28715,1.28727,1.50,2.70
2010.09.06 18:58:31.011,1.28708,1.2872,4.40,1.50
2010.09.06 18:58:33.248,1.287,1.28712,1.50,2.90
2010.09.06 18:58:35.412,1.28691,1.28706,2.50,4.70
2010.09.06 18:58:45.785,1.28686,1.28696,1.50,2.50
2010.09.06 18:58:46.911,1.28683,1.28695,1.50,3.00
2010.09.06 18:58:50.561,1.28688,1.28702,1.40,9.80
2010.09.06 18:58:53.040,1.28698,1.28707,2.90,3.20
2010.09.06 18:58:53.156,1.28706,1.28714,2.30,1.90
2010.09.06 18:58:53.282,1.28716,1.28722,3.40,9.20
2010.09.06 18:58:53.530,1.28718,1.2873,6.60,2.30
2010.09.06 18:59:03.207,1.28691,1.28703,2.30,1.50
2010.09.06 18:59:12.474,1.28686,1.28699,4.40,1.90
2010.09.06 18:59:14.218,1.28682,1.28694,1.20,6.60
2010.09.06 18:59:16.417,1.28684,1.28696,2.10,1.50
2010.09.06 18:59:19.749,1.28693,1.28708,1.70,3.40
2010.09.06 18:59:33.537,1.28706,1.2872,5.70,2.30
2010.09.06 18:59:35.886,1.2872,1.28734,15.80,6.40
2010.09.06 18:59:38.036,1.2873,1.28744,1.50,1.20
2010.09.06 18:59:40.066,1.28734,1.28746,1.50,4.00
2010.09.06 18:59:43.235,1.28732,1.28745,4.00,2.30
2010.09.06 18:59:49.574,1.28727,1.28743,1.50,4.00
2010.09.06 18:59:52.347,1.28726,1.28742,2.70,1.50
2010.09.06 18:59:52.511,1.28731,1.28741,1.90,4.20
2010.09.06 18:59:54.750,1.28731,1.28745,1.50,10.70
