2021.06.24 15:00:00.088,1.19262,1.19265,0.75,1.50
2021.06.24 15:00:00.493,1.19261,1.19264,3.75,1.50
2021.06.24 15:00:00.835,1.19261,1.19263,0.75,0.37
2021.06.24 15:00:01.605,1.1926,1.19263,0.75,1.12
2021.06.24 15:00:01.758,1.1926,1.19262,0.75,0.37
2021.06.24 15:00:02.068,1.19259,1.19262,0.75,1.12
2021.06.24 15:00:02.170,1.19255,1.19259,8.33,0.56
2021.06.24 15:00:02.221,1.19255,1.19257,4.40,0.75
2021.06.24 15:00:02.323,1.19254,1.19257,0.75,1.50
2021.06.24 15:00:02.476,1.19254,1.19256,0.75,0.37
2021.06.24 15:00:02.578,1.19251,1.19254,3.64,0.37
2021.06.24 15:00:02.679,1.1925,1.19253,5.25,0.75
2021.06.24 15:00:02.781,1.19251,1.19254,3.82,0.10
2021.06.24 15:00:03.034,1.19251,1.19255,3.82,0.75
2021.06.24 15:00:03.449,1.19252,1.19255,3.75,0.75
2021.06.24 15:00:03.500,1.19254,1.19257,0.10,1.57
2021.06.24 15:00:03.602,1.19255,1.19258,0.75,3.75
2021.06.24 15:00:04.665,1.19253,1.19256,0.75,0.75
2021.06.24 15:00:05.763,1.19254,1.19256,0.75,0.37
2021.06.24 15:00:05.864,1.19254,1.19257,0.75,1.50
2021.06.24 15:00:06.347,1.19254,1.19256,0.75,0.37
2021.06.24 15:00:06.551,1.19254,1.19257,0.75,0.75
2021.06.24 15:00:08.147,1.19256,1.19259,0.75,1.97
2021.06.24 15:00:08.299,1.19256,1.19258,0.75,0.37
2021.06.24 15:00:09.113,1.19254,1.19257,3.75,0.75
2021.06.24 15:00:10.199,1.19255,1.19258,4.12,0.82
2021.06.24 15:00:10.849,1.19256,1.19259,1.12,0.92
2021.06.24 15:00:11.153,1.19256,1.19257,3.75,0.75
2021.06.24 15:00:11.256,1.19257,1.19259,0.37,0.85
2021.06.24 15:00:11.408,1.19256,1.19259,0.75,0.85
2021.06.24 15:00:12.123,1.19255,1.19258,1.50,0.75
2021.06.24 15:00:13.488,1.19256,1.19259,0.75,0.13
2021.06.24 15:00:13.943,1.19255,1.19258,0.75,1.50
2021.06.24 15:00:15.115,1.19256,1.19258,0.75,0.37
2021.06.24 15:00:15.267,1.19257,1.19259,0.75,0.13
2021.06.24 15:00:15.369,1.19257,1.1926,0.75,2.32
2021.06.24 15:00:15.471,1.19257,1.19259,0.75,0.13
2021.06.24 15:00:16.785,1.19258,1.1926,0.75,0.75
2021.06.24 15:00:16.887,1.19261,1.19264,4.50,1.87
2021.06.24 15:00:16.989,1.1926,1.19263,1.95,0.75
2021.06.24 15:00:17.141,1.19259,1.19262,0.75,1.01
2021.06.24 15:00:17.242,1.19259,1.19261,0.75,0.37
2021.06.24 15:00:17.344,1.19259,1.19262,0.75,2.14
2021.06.24 15:00:17.929,1.19259,1.19261,0.75,0.19
2021.06.24 15:00:18.132,1.19259,1.19262,0.75,2.14
2021.06.24 15:00:18.500,1.19259,1.19261,0.75,0.19
2021.06.24 15:00:18.803,1.19257,1.1926,4.57,0.75
2021.06.24 15:00:19.062,1.19256,1.19259,3.00,0.34
2021.06.24 15:00:19.163,1.19256,1.19257,0.75,0.94
2021.06.24 15:00:20.133,1.19253,1.19257,0.75,1.95
2021.06.24 15:00:20.234,1.19252,1.19256,3.00,1.39
2021.06.24 15:00:20.335,1.19251,1.19254,6.07,0.75
2021.06.24 15:00:22.137,1.1925,1.19253,4.50,0.75
2021.06.24 15:00:23.177,1.19251,1.19254,0.75,0.82
2021.06.24 15:00:24.671,1.1925,1.19253,3.75,0.75
2021.06.24 15:00:25.291,1.19251,1.19253,0.10,0.75
2021.06.24 15:00:27.118,1.1925,1.19253,3.82,0.75
2021.06.24 15:00:27.221,1.19252,1.19253,0.10,0.75
2021.06.24 15:00:27.322,1.19251,1.19254,0.82,0.75
2021.06.24 15:00:31.032,1.19252,1.19255,1.20,1.31
2021.06.24 15:00:31.083,1.19256,1.19258,1.95,5.35
2021.06.24 15:00:31.185,1.19259,1.19261,0.75,7.87
2021.06.24 15:00:31.286,1.1926,1.19263,0.75,1.01
2021.06.24 15:00:31.695,1.19261,1.19264,3.00,2.06
2021.06.24 15:00:34.487,1.1926,1.19263,1.50,0.75
2021.06.24 15:00:34.608,1.19261,1.19264,0.75,2.06
2021.06.24 15:00:37.124,1.19261,1.19262,0.75,0.94
2021.06.24 15:00:37.226,1.19261,1.19263,0.75,0.19
2021.06.24 15:00:37.327,1.19261,1.19264,0.75,2.06
2021.06.24 15:00:37.429,1.19259,1.19262,3.75,0.75
2021.06.24 15:00:37.530,1.19258,1.19261,0.75,2.25
2021.06.24 15:00:37.632,1.19258,1.1926,0.75,0.10
2021.06.24 15:00:37.784,1.19258,1.19261,0.75,1.95
2021.06.24 15:00:38.453,1.19257,1.1926,2.25,0.75
2021.06.24 15:00:38.833,1.19259,1.19262,0.75,2.06
2021.06.24 15:00:38.935,1.19261,1.19263,0.75,0.10
2021.06.24 15:00:39.036,1.19261,1.19264,1.50,1.12
2021.06.24 15:00:39.137,1.19263,1.19264,0.75,0.82
2021.06.24 15:00:40.123,1.19261,1.19264,0.75,1.12
2021.06.24 15:00:42.683,1.19263,1.19264,0.75,2.62
2021.06.24 15:00:43.136,1.19262,1.19265,0.75,2.14
2021.06.24 15:00:43.237,1.19261,1.19264,5.62,0.75
2021.06.24 15:00:43.889,1.19261,1.19263,1.87,0.37
2021.06.24 15:00:44.092,1.19261,1.19264,0.75,1.04
2021.06.24 15:00:44.761,1.19263,1.19264,0.75,1.12
2021.06.24 15:00:45.270,1.19262,1.19265,4.50,0.75
2021.06.24 15:00:46.177,1.19263,1.19265,0.75,0.75
2021.06.24 15:00:47.671,1.19265,1.19267,0.82,0.21
2021.06.24 15:00:47.722,1.19266,1.19269,0.75,1.50
2021.06.24 15:00:47.824,1.19264,1.19267,1.87,1.12
2021.06.24 15:00:47.932,1.19264,1.19266,1.87,0.37
2021.06.24 15:00:48.085,1.19264,1.19267,1.87,1.50
2021.06.24 15:00:48.289,1.19263,1.19266,1.87,1.87
2021.06.24 15:00:48.491,1.19261,1.19264,2.62,1.12
2021.06.24 15:00:49.181,1.19261,1.19263,1.50,0.37
2021.06.24 15:00:49.434,1.19261,1.19264,1.50,0.82
2021.06.24 15:00:50.041,1.19261,1.19263,0.75,0.75
2021.06.24 15:00:50.142,1.19261,1.19262,4.50,1.95
2021.06.24 15:00:52.067,1.19261,1.19264,0.75,1.12
2021.06.24 15:00:53.235,1.19261,1.19265,0.75,4.09
2021.06.24 15:00:54.968,1.19261,1.19263,0.75,0.37
2021.06.24 15:00:55.019,1.19261,1.19265,0.75,5.59
2021.06.24 15:00:55.120,1.1926,1.19264,4.50,1.20
2021.06.24 15:00:56.125,1.19262,1.19265,0.75,2.40
2021.06.24 15:00:56.481,1.19262,1.19264,0.75,0.10
2021.06.24 15:00:56.971,1.19262,1.19265,0.75,2.32
2021.06.24 15:00:57.173,1.19262,1.19266,0.75,1.57
2021.06.24 15:00:57.275,1.19263,1.19266,0.75,2.32
2021.06.24 15:00:58.858,1.19263,1.19264,1.50,0.10
2021.06.24 15:00:59.631,1.19262,1.19265,1.50,0.10
2021.06.24 15:01:00.729,1.19263,1.19265,0.75,0.75
2021.06.24 15:01:02.878,1.19263,1.19266,0.75,1.65
2021.06.24 15:01:03.857,1.19264,1.19266,0.75,1.95
2021.06.24 15:01:04.010,1.19272,1.19274,0.82,0.94
2021.06.24 15:01:04.062,1.19276,1.19279,0.75,2.70
2021.06.24 15:01:04.163,1.19277,1.1928,0.75,2.32
2021.06.24 15:01:04.265,1.19275,1.19278,1.50,2.89
2021.06.24 15:01:04.366,1.19273,1.19276,1.50,0.37
2021.06.24 15:01:04.518,1.19273,1.19275,1.50,0.37
2021.06.24 15:01:04.620,1.19273,1.19276,1.50,0.10
2021.06.24 15:01:05.787,1.19273,1.19275,0.75,0.37
2021.06.24 15:01:05.889,1.19272,1.19275,0.75,0.90
2021.06.24 15:01:07.685,1.19271,1.19273,0.75,0.37
2021.06.24 15:01:07.787,1.1927,1.19273,1.50,1.12
2021.06.24 15:01:08.158,1.1927,1.19272,0.75,0.75
2021.06.24 15:01:08.512,1.19271,1.19274,0.75,0.82
2021.06.24 15:01:09.076,1.1927,1.19274,2.32,1.12
2021.06.24 15:01:09.435,1.19271,1.19274,0.75,1.20
2021.06.24 15:01:13.378,1.1927,1.19274,1.76,1.50
2021.06.24 15:01:13.581,1.1927,1.19273,1.50,2.32
2021.06.24 15:01:13.887,1.19271,1.19273,0.75,0.10
2021.06.24 15:01:13.988,1.19271,1.19274,0.75,1.20
2021.06.24 15:01:14.498,1.19272,1.19274,0.75,0.37
2021.06.24 15:01:14.600,1.19272,1.19275,0.75,1.20
2021.06.24 15:01:16.890,1.19274,1.19275,1.20,0.75
2021.06.24 15:01:16.992,1.19272,1.19275,6.26,0.75
2021.06.24 15:01:17.144,1.19273,1.19276,0.75,2.32
2021.06.24 15:01:17.771,1.19273,1.19275,0.75,0.75
2021.06.24 15:01:18.445,1.19271,1.19275,2.32,1.87
2021.06.24 15:01:19.006,1.19273,1.19275,0.75,0.37
2021.06.24 15:01:19.058,1.19275,1.19277,0.75,0.45
2021.06.24 15:01:19.161,1.19274,1.19277,1.20,0.75
2021.06.24 15:01:19.264,1.19276,1.19279,0.75,0.82
2021.06.24 15:01:19.569,1.19276,1.19278,0.75,0.45
2021.06.24 15:01:19.620,1.19274,1.19277,0.75,1.01
2021.06.24 15:01:19.773,1.19274,1.19276,0.75,0.10
2021.06.24 15:01:20.523,1.19273,1.19274,0.82,1.12
2021.06.24 15:01:20.930,1.19274,1.19276,1.57,1.69
2021.06.24 15:01:21.032,1.19273,1.19276,0.82,5.35
2021.06.24 15:01:21.135,1.19274,1.19277,1.57,0.75
2021.06.24 15:01:21.237,1.19277,1.19279,0.75,5.43
2021.06.24 15:01:21.340,1.19277,1.1928,0.75,0.75
2021.06.24 15:01:22.375,1.19277,1.19279,0.75,0.37
2021.06.24 15:01:22.477,1.19277,1.1928,0.75,0.75
2021.06.24 15:01:26.296,1.19277,1.19279,0.75,0.37
2021.06.24 15:01:26.397,1.19276,1.19279,0.75,0.82
2021.06.24 15:01:28.229,1.19277,1.19279,0.75,0.37
2021.06.24 15:01:28.482,1.19277,1.1928,0.75,3.07
2021.06.24 15:01:29.697,1.19277,1.19279,0.75,0.10
2021.06.24 15:01:29.967,1.19276,1.19279,0.75,0.82
2021.06.24 15:01:31.130,1.19277,1.1928,0.75,0.75
2021.06.24 15:01:46.708,1.19276,1.19278,0.10,3.00
2021.06.24 15:01:46.810,1.19275,1.19278,1.57,0.75
2021.06.24 15:01:48.335,1.19275,1.19277,0.75,0.10
2021.06.24 15:01:48.437,1.19274,1.19276,0.75,1.95
2021.06.24 15:01:48.488,1.19271,1.19274,1.50,0.82
2021.06.24 15:01:49.801,1.19271,1.19273,1.50,0.37
2021.06.24 15:01:49.903,1.19272,1.19275,0.75,0.90
2021.06.24 15:01:55.418,1.19273,1.19275,0.75,0.45
2021.06.24 15:01:55.956,1.19272,1.19275,0.75,0.45
2021.06.24 15:01:57.859,1.19271,1.19274,0.75,1.57
2021.06.24 15:01:58.112,1.19274,1.19275,0.82,5.57
2021.06.24 15:01:58.164,1.19275,1.19277,0.37,4.68
2021.06.24 15:01:58.265,1.19276,1.19278,0.75,2.62
2021.06.24 15:01:59.416,1.19275,1.19278,0.75,2.70
2021.06.24 15:02:00.231,1.19273,1.19276,0.75,1.57
2021.06.24 15:02:00.539,1.19274,1.19277,0.75,1.57
2021.06.24 15:02:01.117,1.19274,1.19276,0.75,0.10
2021.06.24 15:02:01.288,1.19273,1.19276,0.75,1.20
2021.06.24 15:02:01.594,1.19272,1.19275,1.76,0.75
2021.06.24 15:02:01.697,1.19273,1.19275,0.10,0.75
2021.06.24 15:02:02.225,1.19272,1.19275,1.76,0.75
2021.06.24 15:02:02.478,1.19274,1.19277,0.75,1.20
2021.06.24 15:02:03.835,1.19275,1.19277,0.75,0.10
2021.06.24 15:02:03.937,1.19275,1.19278,0.75,3.45
2021.06.24 15:02:06.312,1.19276,1.19278,0.75,2.70
2021.06.24 15:02:08.069,1.19276,1.19279,0.75,1.03
2021.06.24 15:02:10.332,1.19277,1.1928,0.75,1.57
2021.06.24 15:02:13.553,1.19275,1.19278,8.33,0.10
2021.06.24 15:02:13.655,1.19277,1.19279,0.75,0.45
2021.06.24 15:02:14.481,1.19277,1.1928,0.75,3.07
2021.06.24 15:02:15.928,1.19277,1.19279,0.75,0.82
2021.06.24 15:02:16.554,1.19276,1.19278,4.50,0.82
2021.06.24 15:02:16.656,1.19275,1.19278,4.76,0.75
2021.06.24 15:02:16.861,1.19275,1.19279,4.76,0.10
2021.06.24 15:02:16.912,1.19281,1.19282,0.82,3.75
2021.06.24 15:02:16.963,1.19282,1.19284,0.75,6.93
2021.06.24 15:02:17.065,1.19282,1.19285,0.75,0.82
2021.06.24 15:02:17.166,1.19283,1.19285,0.75,0.10
2021.06.24 15:02:17.267,1.19283,1.19286,0.75,0.10
2021.06.24 15:02:17.522,1.19283,1.19285,0.75,0.10
2021.06.24 15:02:17.674,1.19282,1.19285,0.75,1.20
2021.06.24 15:02:17.878,1.19282,1.19284,0.75,0.10
2021.06.24 15:02:17.980,1.19282,1.19285,0.75,1.57
2021.06.24 15:02:18.133,1.19282,1.19284,0.75,0.10
2021.06.24 15:02:18.999,1.1928,1.19283,3.75,0.10
2021.06.24 15:02:20.049,1.1928,1.19284,3.82,1.42
2021.06.24 15:02:20.150,1.1928,1.19283,3.75,0.10
2021.06.24 15:02:20.763,1.19279,1.19283,5.89,0.10
2021.06.24 15:02:21.537,1.1928,1.19283,0.75,0.10
2021.06.24 15:02:22.783,1.19281,1.19283,0.75,0.45
2021.06.24 15:02:23.139,1.19281,1.19284,0.75,1.04
2021.06.24 15:02:23.240,1.1928,1.19282,0.75,0.37
2021.06.24 15:02:23.341,1.1928,1.19283,0.75,0.10
2021.06.24 15:02:24.117,1.19282,1.19284,0.75,0.22
2021.06.24 15:02:24.889,1.19283,1.19285,0.75,0.10
2021.06.24 15:02:25.145,1.19283,1.19286,0.75,9.94
2021.06.24 15:02:25.573,1.1928,1.19283,8.15,0.82
2021.06.24 15:02:26.643,1.19281,1.19284,3.00,0.28
2021.06.24 15:02:27.176,1.19282,1.19284,0.75,0.10
2021.06.24 15:02:27.724,1.19279,1.19281,4.77,0.75
2021.06.24 15:02:27.775,1.1928,1.19283,0.75,0.82
2021.06.24 15:02:27.877,1.19281,1.19283,0.75,0.10
2021.06.24 15:02:27.978,1.19281,1.19284,0.75,1.20
2021.06.24 15:02:28.459,1.19281,1.19283,0.75,0.10
2021.06.24 15:02:29.470,1.19282,1.19284,0.75,0.21
2021.06.24 15:02:29.572,1.19282,1.19285,0.75,1.95
2021.06.24 15:02:30.004,1.19284,1.19285,0.75,1.20
2021.06.24 15:02:30.763,1.19286,1.19288,0.75,0.37
2021.06.24 15:02:30.864,1.19285,1.19288,0.75,0.10
2021.06.24 15:02:31.117,1.19285,1.19287,0.75,0.10
2021.06.24 15:02:31.219,1.19283,1.19286,4.20,0.75
2021.06.24 15:02:32.239,1.19284,1.19286,0.10,0.75
2021.06.24 15:02:32.340,1.19285,1.19288,0.75,3.82
2021.06.24 15:02:32.442,1.19285,1.19287,0.75,0.10
2021.06.24 15:02:32.543,1.19285,1.19288,0.75,0.10
2021.06.24 15:02:33.357,1.19285,1.19287,0.75,0.10
2021.06.24 15:02:33.509,1.19285,1.19288,0.75,0.10
2021.06.24 15:02:33.712,1.19285,1.19287,0.75,0.10
2021.06.24 15:02:35.138,1.19285,1.19288,0.75,3.82
2021.06.24 15:02:35.240,1.19287,1.19289,0.75,0.10
2021.06.24 15:02:36.362,1.19287,1.1929,0.75,4.01
2021.06.24 15:02:36.463,1.19287,1.19289,0.75,0.10
2021.06.24 15:02:36.565,1.19287,1.1929,0.75,3.26
2021.06.24 15:02:36.667,1.19288,1.1929,1.50,1.95
2021.06.24 15:02:37.837,1.19287,1.1929,1.12,0.82
2021.06.24 15:02:40.090,1.19288,1.1929,0.94,0.75
2021.06.24 15:02:40.192,1.19289,1.19291,2.06,0.82
2021.06.24 15:02:40.293,1.1929,1.19292,0.37,0.75
2021.06.24 15:02:40.344,1.19292,1.19294,2.25,0.37
2021.06.24 15:02:40.395,1.19293,1.19296,0.75,1.27
2021.06.24 15:02:40.649,1.19293,1.19295,0.75,0.82
2021.06.24 15:02:40.750,1.19292,1.19295,0.75,4.57
2021.06.24 15:02:41.350,1.19292,1.19294,0.75,0.10
2021.06.24 15:02:41.451,1.19291,1.19294,0.75,0.82
2021.06.24 15:02:41.755,1.19294,1.19296,0.75,0.37
2021.06.24 15:02:41.806,1.19295,1.19298,1.87,1.20
2021.06.24 15:02:41.907,1.19296,1.19299,0.75,5.43
2021.06.24 15:02:42.009,1.19296,1.19297,0.75,0.10
2021.06.24 15:02:44.492,1.19293,1.19296,0.75,0.82
2021.06.24 15:02:50.293,1.19293,1.19295,0.75,0.10
2021.06.24 15:02:50.987,1.19293,1.19296,0.75,0.82
2021.06.24 15:02:51.207,1.19293,1.19295,0.75,0.10
2021.06.24 15:02:51.308,1.19292,1.19295,1.50,0.82
2021.06.24 15:02:51.359,1.1929,1.19293,1.87,0.82
2021.06.24 15:02:51.461,1.19288,1.19291,2.70,0.82
2021.06.24 15:02:51.663,1.19288,1.19289,0.75,1.95
2021.06.24 15:02:51.714,1.19285,1.19287,5.52,1.57
2021.06.24 15:02:51.917,1.19284,1.19286,0.75,0.10
2021.06.24 15:02:52.018,1.19284,1.19287,0.75,0.82
2021.06.24 15:02:52.323,1.19284,1.19286,0.75,0.10
2021.06.24 15:02:52.525,1.19284,1.19287,0.75,6.37
2021.06.24 15:02:52.627,1.19282,1.19285,1.12,0.82
2021.06.24 15:02:53.863,1.19283,1.19285,0.75,0.75
2021.06.24 15:02:56.229,1.19285,1.19287,1.12,4.60
2021.06.24 15:02:56.331,1.19286,1.19288,0.37,0.75
2021.06.24 15:02:56.485,1.19285,1.19288,1.12,0.75
2021.06.24 15:02:57.261,1.19284,1.19286,0.75,0.10
2021.06.24 15:02:57.312,1.19282,1.19285,5.22,0.75
2021.06.24 15:02:58.650,1.19283,1.19287,2.70,1.95
2021.06.24 15:02:58.752,1.19285,1.19288,2.89,0.75
2021.06.24 15:02:58.904,1.19283,1.19285,1.95,0.75
2021.06.24 15:02:59.056,1.19282,1.19285,5.14,0.75
2021.06.24 15:03:03.743,1.19284,1.19285,0.75,1.20
2021.06.24 15:03:14.501,1.19285,1.19288,0.45,3.37
2021.06.24 15:03:14.602,1.19287,1.19289,1.50,0.75
2021.06.24 15:03:14.704,1.19288,1.1929,0.75,0.75
2021.06.24 15:03:17.736,1.19286,1.19288,0.75,1.69
2021.06.24 15:03:17.837,1.19284,1.19287,0.75,1.20
2021.06.24 15:03:18.241,1.19283,1.19286,1.87,0.75
2021.06.24 15:03:21.685,1.19283,1.19285,0.75,0.10
2021.06.24 15:03:25.904,1.19283,1.19286,1.12,0.82
2021.06.24 15:03:27.653,1.19283,1.19285,0.75,0.10
2021.06.24 15:03:27.805,1.19282,1.19284,0.75,2.32
2021.06.24 15:03:27.856,1.1928,1.19283,1.95,0.75
2021.06.24 15:03:28.058,1.19281,1.19283,0.75,0.10
2021.06.24 15:03:28.160,1.19281,1.19284,0.75,0.82
2021.06.24 15:03:29.384,1.19282,1.19285,0.75,0.82
2021.06.24 15:03:30.172,1.19284,1.19286,0.75,0.97
2021.06.24 15:03:33.171,1.19283,1.19286,0.75,1.42
2021.06.24 15:03:35.271,1.1928,1.19282,0.10,0.75
2021.06.24 15:03:35.372,1.19279,1.19282,1.50,1.57
2021.06.24 15:03:35.474,1.19279,1.19281,0.75,0.10
2021.06.24 15:03:37.299,1.19279,1.19282,0.75,1.31
2021.06.24 15:03:38.192,1.19279,1.19281,0.75,0.10
2021.06.24 15:03:38.345,1.19277,1.19281,0.45,3.07
2021.06.24 15:03:38.679,1.19278,1.19279,0.37,0.10
2021.06.24 15:03:39.106,1.19278,1.1928,0.75,0.10
2021.06.24 15:03:39.208,1.19277,1.19279,0.75,0.10
2021.06.24 15:03:39.259,1.19275,1.19278,1.50,0.10
2021.06.24 15:03:39.687,1.19276,1.19279,0.75,0.82
2021.06.24 15:03:39.840,1.19276,1.19278,0.75,0.10
2021.06.24 15:03:39.941,1.19276,1.19279,0.75,0.82
2021.06.24 15:03:41.972,1.19277,1.19279,0.75,0.10
2021.06.24 15:03:42.286,1.19276,1.19277,1.50,0.10
2021.06.24 15:03:42.946,1.19277,1.1928,0.75,6.55
2021.06.24 15:03:43.048,1.19277,1.19279,0.75,1.57
2021.06.24 15:03:43.149,1.19277,1.1928,0.75,0.82
2021.06.24 15:03:43.560,1.19278,1.1928,0.10,0.75
2021.06.24 15:03:43.712,1.1928,1.19283,0.75,3.82
2021.06.24 15:03:43.813,1.19282,1.19284,0.75,0.82
2021.06.24 15:03:44.071,1.19281,1.19284,1.57,0.75
2021.06.24 15:03:44.955,1.19283,1.19285,0.75,0.10
2021.06.24 15:03:46.317,1.1928,1.19283,0.75,0.10
2021.06.24 15:03:46.418,1.19279,1.19282,1.95,0.82
2021.06.24 15:03:46.888,1.19278,1.19281,0.75,0.82
2021.06.24 15:03:49.626,1.19278,1.1928,0.75,0.10
2021.06.24 15:03:54.523,1.19279,1.1928,0.82,0.75
2021.06.24 15:03:54.574,1.19281,1.19283,0.75,0.82
2021.06.24 15:03:54.677,1.19281,1.19284,0.75,0.10
2021.06.24 15:03:56.420,1.19282,1.19284,0.75,0.10
2021.06.24 15:03:56.773,1.19279,1.19282,0.75,0.10
2021.06.24 15:03:56.875,1.19278,1.19281,1.50,0.82
2021.06.24 15:03:58.018,1.19279,1.19282,0.75,0.10
2021.06.24 15:03:58.475,1.19279,1.19281,0.75,0.10
2021.06.24 15:04:00.639,1.19279,1.19282,0.75,0.45
2021.06.24 15:04:01.217,1.19276,1.19279,5.22,0.10
2021.06.24 15:04:01.319,1.19279,1.19281,0.75,0.90
2021.06.24 15:04:01.521,1.19279,1.19282,0.75,0.10
2021.06.24 15:04:04.476,1.19281,1.19284,3.07,0.37
2021.06.24 15:04:04.578,1.19282,1.19285,3.07,0.45
2021.06.24 15:04:04.995,1.19281,1.19285,2.02,0.10
2021.06.24 15:04:05.578,1.19284,1.19286,0.75,0.45
2021.06.24 15:04:05.681,1.19284,1.19287,0.75,5.43
2021.06.24 15:04:06.146,1.19286,1.19289,0.82,8.35
2021.06.24 15:04:06.247,1.19288,1.1929,0.75,0.15
2021.06.24 15:04:06.932,1.19288,1.19291,0.75,0.45
2021.06.24 15:04:07.034,1.19288,1.19292,0.82,1.57
2021.06.24 15:04:07.439,1.19288,1.19291,0.82,0.37
2021.06.24 15:04:07.641,1.1929,1.19293,0.82,7.60
2021.06.24 15:04:07.743,1.19292,1.19295,0.75,0.45
2021.06.24 15:04:07.845,1.19289,1.19292,2.32,0.10
2021.06.24 15:04:07.947,1.1929,1.19292,0.75,0.45
2021.06.24 15:04:08.100,1.19289,1.19292,0.75,0.45
2021.06.24 15:04:08.202,1.1929,1.19292,0.75,0.10
2021.06.24 15:04:08.304,1.19289,1.19291,0.75,0.10
2021.06.24 15:04:10.385,1.19286,1.19289,1.12,0.82
2021.06.24 15:04:12.349,1.19287,1.1929,0.75,0.82
2021.06.24 15:04:12.711,1.19285,1.19286,0.75,0.10
2021.06.24 15:04:13.241,1.19285,1.19288,0.75,2.40
2021.06.24 15:04:13.343,1.19285,1.19287,0.75,0.10
2021.06.24 15:04:17.394,1.19284,1.19287,0.75,3.64
2021.06.24 15:04:17.496,1.19283,1.19286,0.75,4.87
2021.06.24 15:04:18.153,1.19285,1.19288,0.75,2.02
2021.06.24 15:04:18.255,1.19284,1.19287,0.75,0.82
2021.06.24 15:04:18.457,1.19285,1.19288,0.75,0.82
2021.06.24 15:04:21.143,1.19285,1.19287,0.75,0.10
2021.06.24 15:04:21.808,1.19283,1.19284,0.75,0.82
2021.06.24 15:04:22.011,1.19282,1.19284,0.75,0.10
2021.06.24 15:04:22.268,1.19281,1.19283,0.75,0.10
2021.06.24 15:04:22.900,1.19282,1.19285,0.75,1.27
2021.06.24 15:04:23.002,1.19282,1.19284,0.75,0.10
2021.06.24 15:04:23.103,1.19282,1.19285,0.75,3.45
2021.06.24 15:04:23.306,1.19281,1.19283,0.75,1.27
2021.06.24 15:04:23.994,1.19282,1.19284,0.75,0.10
2021.06.24 15:04:25.221,1.19282,1.19285,0.75,0.82
2021.06.24 15:04:25.525,1.19282,1.19284,0.75,0.10
2021.06.24 15:04:27.338,1.1928,1.19283,0.75,0.10
2021.06.24 15:04:27.439,1.1928,1.19282,0.75,0.10
2021.06.24 15:04:27.642,1.19281,1.19282,0.75,0.82
2021.06.24 15:04:29.321,1.1928,1.19282,0.75,0.10
2021.06.24 15:04:29.523,1.19279,1.19281,0.75,0.10
2021.06.24 15:04:29.625,1.19279,1.19282,0.75,1.20
2021.06.24 15:04:38.823,1.19279,1.19281,0.75,0.10
2021.06.24 15:04:38.925,1.1928,1.19282,0.10,0.19
2021.06.24 15:04:39.026,1.19283,1.19284,0.75,7.30
2021.06.24 15:04:44.418,1.19281,1.19284,0.75,0.82
2021.06.24 15:04:48.151,1.19284,1.19287,1.20,7.60
2021.06.24 15:04:48.253,1.19285,1.19287,0.26,4.60
2021.06.24 15:04:48.304,1.19286,1.19289,0.75,1.57
2021.06.24 15:04:54.123,1.19287,1.1929,0.75,1.57
2021.06.24 15:04:55.701,1.19285,1.19288,0.82,0.10
2021.06.24 15:04:55.803,1.19285,1.19287,0.82,0.10
2021.06.24 15:04:55.904,1.19285,1.19288,0.75,0.82
2021.06.24 15:04:57.977,1.19285,1.19287,0.75,0.45
2021.06.24 15:04:58.079,1.19283,1.19286,0.75,0.82
2021.06.24 15:04:59.019,1.19283,1.19285,0.75,0.10
2021.06.24 15:04:59.768,1.1928,1.19283,1.12,0.10
2021.06.24 15:04:59.870,1.19281,1.19283,0.75,0.10
2021.06.24 15:04:59.971,1.19281,1.19284,0.75,0.82
2021.06.24 15:05:01.145,1.19283,1.19285,0.75,0.10
2021.06.24 15:05:01.348,1.19283,1.19286,0.75,0.90
2021.06.24 15:05:02.889,1.19285,1.19287,0.37,1.50
2021.06.24 15:05:02.939,1.19287,1.19289,0.75,0.45
2021.06.24 15:05:03.041,1.19288,1.19289,0.45,0.37
2021.06.24 15:05:03.143,1.19289,1.19291,0.75,0.75
2021.06.24 15:05:03.244,1.19289,1.19292,0.75,1.57
2021.06.24 15:05:03.604,1.19288,1.19291,0.75,0.82
2021.06.24 15:05:03.706,1.19288,1.19289,0.75,0.10
2021.06.24 15:05:04.162,1.19288,1.19291,0.75,0.82
2021.06.24 15:05:04.263,1.19288,1.1929,0.75,0.10
2021.06.24 15:05:04.415,1.19288,1.19291,0.75,1.01
2021.06.24 15:05:04.516,1.19288,1.1929,0.75,0.10
2021.06.24 15:05:04.618,1.19288,1.19291,0.75,1.76
2021.06.24 15:05:04.821,1.19289,1.19291,0.75,0.10
2021.06.24 15:05:05.128,1.19293,1.19294,1.12,13.60
2021.06.24 15:05:05.230,1.19297,1.19299,0.75,0.37
2021.06.24 15:05:05.281,1.19298,1.19301,0.75,2.06
2021.06.24 15:05:05.382,1.19295,1.19298,1.12,3.07
2021.06.24 15:05:05.484,1.19297,1.19298,0.45,2.25
2021.06.24 15:05:05.535,1.19298,1.193,0.75,0.10
2021.06.24 15:05:06.914,1.19299,1.19302,0.75,1.39
2021.06.24 15:05:09.900,1.19299,1.19301,0.75,0.10
2021.06.24 15:05:14.472,1.19296,1.19299,2.32,0.26
2021.06.24 15:05:14.574,1.19296,1.19298,1.20,0.82
2021.06.24 15:05:14.675,1.19295,1.19297,0.75,0.10
2021.06.24 15:05:16.909,1.19294,1.19296,0.75,0.82
2021.06.24 15:05:17.010,1.19293,1.19296,1.50,0.82
2021.06.24 15:05:17.112,1.19293,1.19295,1.50,0.10
2021.06.24 15:05:18.217,1.19291,1.19294,4.87,1.57
2021.06.24 15:05:18.268,1.1929,1.19292,1.12,0.10
2021.06.24 15:05:18.623,1.19291,1.19293,0.75,0.82
2021.06.24 15:05:20.195,1.19289,1.19292,0.75,1.20
2021.06.24 15:05:21.110,1.19289,1.19291,0.75,0.10
2021.06.24 15:05:21.363,1.19289,1.19292,0.75,1.39
2021.06.24 15:05:22.830,1.19289,1.19291,0.75,0.10
2021.06.24 15:05:24.837,1.19289,1.19292,0.75,1.20
2021.06.24 15:05:24.989,1.19289,1.19291,0.75,0.10
2021.06.24 15:05:26.422,1.1929,1.19291,0.75,1.20
2021.06.24 15:05:27.593,1.19289,1.19291,0.75,0.10
2021.06.24 15:05:29.850,1.19288,1.19291,0.75,1.27
2021.06.24 15:05:29.952,1.19287,1.19289,0.75,0.10
2021.06.24 15:05:30.003,1.19285,1.19287,5.90,0.10
2021.06.24 15:05:30.104,1.19285,1.19288,0.75,0.82
2021.06.24 15:05:30.257,1.19285,1.19287,0.75,0.10
2021.06.24 15:05:34.599,1.19284,1.19287,0.75,3.07
2021.06.24 15:05:34.700,1.19283,1.19285,0.75,0.10
2021.06.24 15:05:34.801,1.19283,1.19286,0.75,1.39
2021.06.24 15:05:37.772,1.19283,1.19285,0.75,1.57
2021.06.24 15:05:42.462,1.19282,1.19284,0.75,2.40
2021.06.24 15:05:42.513,1.1928,1.19282,0.75,0.45
2021.06.24 15:05:45.545,1.19279,1.1928,0.75,0.10
2021.06.24 15:05:45.596,1.19277,1.19281,4.57,0.10
2021.06.24 15:05:45.973,1.19279,1.19281,0.75,0.10
2021.06.24 15:05:51.467,1.19279,1.19282,0.75,1.46
2021.06.24 15:05:51.737,1.19282,1.19284,0.75,1.20
2021.06.24 15:05:51.839,1.19282,1.19286,3.82,0.64
2021.06.24 15:05:51.940,1.19282,1.19285,3.00,0.10
2021.06.24 15:05:52.092,1.19284,1.19286,0.75,0.45
2021.06.24 15:05:53.882,1.19282,1.19285,3.00,3.56
2021.06.24 15:05:53.934,1.1928,1.19282,4.40,0.19
2021.06.24 15:05:55.739,1.19279,1.19281,0.75,0.10
2021.06.24 15:05:58.883,1.19279,1.19282,0.75,1.20
2021.06.24 15:05:59.887,1.19279,1.19281,0.75,0.10
2021.06.24 15:06:00.518,1.19278,1.1928,1.50,0.10
2021.06.24 15:06:00.570,1.19276,1.19279,1.50,1.01
2021.06.24 15:06:00.672,1.19277,1.19279,0.75,0.26
2021.06.24 15:06:03.579,1.19277,1.1928,0.75,1.39
2021.06.24 15:06:03.681,1.19278,1.19281,0.75,1.46
2021.06.24 15:06:03.732,1.1928,1.19282,0.75,0.37
2021.06.24 15:06:03.833,1.1928,1.19283,0.75,0.82
2021.06.24 15:06:06.118,1.19281,1.19284,0.75,1.39
2021.06.24 15:06:06.220,1.19284,1.19287,0.75,5.99
2021.06.24 15:06:07.504,1.19286,1.19289,0.75,6.93
2021.06.24 15:06:07.605,1.19287,1.1929,0.75,1.27
2021.06.24 15:06:07.706,1.19288,1.1929,0.75,0.10
2021.06.24 15:06:08.167,1.19289,1.19291,0.75,0.10
2021.06.24 15:06:08.663,1.19288,1.19291,0.75,1.01
2021.06.24 15:06:08.714,1.19285,1.19288,5.52,0.10
2021.06.24 15:06:09.170,1.19285,1.19289,0.75,2.62
2021.06.24 15:06:09.273,1.19287,1.19289,0.75,4.98
2021.06.24 15:06:13.589,1.19285,1.19288,0.75,1.50
2021.06.24 15:06:13.691,1.19285,1.19287,0.75,0.37
2021.06.24 15:06:15.502,1.19285,1.19288,0.75,1.50
2021.06.24 15:06:15.605,1.19285,1.19287,0.75,0.37
2021.06.24 15:06:15.708,1.19284,1.19285,0.75,0.37
2021.06.24 15:06:15.759,1.19281,1.19283,0.75,1.31
2021.06.24 15:06:15.866,1.19281,1.19282,0.75,1.31
2021.06.24 15:06:17.511,1.19281,1.19284,0.75,1.31
2021.06.24 15:06:17.612,1.19282,1.19284,0.75,0.19
2021.06.24 15:06:17.713,1.19282,1.19284,0.75,2.06
2021.06.24 15:06:19.423,1.19283,1.19286,0.75,0.56
2021.06.24 15:06:19.524,1.19284,1.19286,0.75,0.37
2021.06.24 15:06:24.338,1.19284,1.19287,0.75,1.69
2021.06.24 15:06:25.753,1.19282,1.19285,0.75,2.06
2021.06.24 15:06:25.906,1.19282,1.19284,0.75,0.19
2021.06.24 15:06:28.129,1.19283,1.19286,0.75,5.05
2021.06.24 15:06:28.332,1.19283,1.19287,0.82,2.06
2021.06.24 15:06:28.641,1.19284,1.19287,0.75,2.06
2021.06.24 15:06:29.428,1.19283,1.19285,0.75,0.94
2021.06.24 15:06:29.531,1.19282,1.19284,0.75,0.37
2021.06.24 15:06:31.050,1.1928,1.19283,0.75,2.06
2021.06.24 15:06:32.338,1.1928,1.19282,0.75,0.37
2021.06.24 15:06:34.161,1.1928,1.19283,0.75,2.81
2021.06.24 15:06:34.313,1.19282,1.19284,0.75,0.10
2021.06.24 15:06:34.414,1.19282,1.19285,0.75,1.12
2021.06.24 15:06:35.962,1.19284,1.19287,0.75,1.69
2021.06.24 15:06:37.420,1.19286,1.19288,0.75,0.56
2021.06.24 15:06:37.522,1.19286,1.19289,0.75,0.56
2021.06.24 15:06:38.439,1.19286,1.19288,0.75,0.10
2021.06.24 15:06:38.752,1.19286,1.19289,0.75,0.45
2021.06.24 15:06:39.822,1.19286,1.19288,0.75,0.10
2021.06.24 15:06:39.924,1.19285,1.19287,0.75,0.10
2021.06.24 15:06:40.482,1.19287,1.19289,0.75,0.45
2021.06.24 15:06:40.634,1.19286,1.19289,0.75,0.10
2021.06.24 15:06:40.837,1.19286,1.19288,0.75,0.10
2021.06.24 15:06:42.133,1.19285,1.19288,1.50,0.82
2021.06.24 15:06:42.236,1.19286,1.19289,0.75,1.01
2021.06.24 15:06:42.338,1.19285,1.19287,0.75,0.10
2021.06.24 15:06:42.603,1.19286,1.19287,0.75,0.10
2021.06.24 15:06:42.705,1.19286,1.19289,0.75,0.34
2021.06.24 15:06:42.858,1.19288,1.19291,0.75,1.20
2021.06.24 15:06:45.157,1.19292,1.19294,0.75,5.05
2021.06.24 15:06:45.513,1.19293,1.19295,0.75,0.10
2021.06.24 15:06:45.665,1.19293,1.19296,0.75,0.10
2021.06.24 15:06:45.969,1.19293,1.19297,0.82,2.14
2021.06.24 15:06:46.397,1.19293,1.19296,0.75,0.10
2021.06.24 15:06:47.090,1.19294,1.19297,0.75,3.56
2021.06.24 15:06:47.192,1.19292,1.19294,0.75,0.10
2021.06.24 15:06:47.294,1.19293,1.19295,0.75,0.10
2021.06.24 15:06:47.498,1.19293,1.19296,0.75,1.39
2021.06.24 15:06:48.410,1.19294,1.19296,0.75,0.10
2021.06.24 15:06:49.236,1.19295,1.19297,0.10,0.82
2021.06.24 15:06:49.287,1.19297,1.19299,0.75,4.68
2021.06.24 15:06:53.176,1.19295,1.19298,1.95,1.95
2021.06.24 15:06:53.278,1.19295,1.19297,1.95,0.10
2021.06.24 15:06:53.814,1.19294,1.19297,0.75,0.82
2021.06.24 15:06:56.292,1.19295,1.19298,1.57,0.75
2021.06.24 15:06:56.394,1.19296,1.19299,0.75,0.75
2021.06.24 15:06:58.974,1.19297,1.193,0.75,1.95
2021.06.24 15:06:59.026,1.19295,1.19298,0.75,2.32
2021.06.24 15:07:00.316,1.19295,1.19297,0.75,0.37
2021.06.24 15:07:02.198,1.19294,1.19297,0.75,1.57
2021.06.24 15:07:02.688,1.19294,1.19295,3.75,0.10
2021.06.24 15:07:03.467,1.19294,1.19297,0.75,1.76
2021.06.24 15:07:04.867,1.19294,1.19296,0.75,0.37
2021.06.24 15:07:08.441,1.19294,1.19297,0.75,5.14
2021.06.24 15:07:08.644,1.19295,1.19298,3.82,0.10
2021.06.24 15:07:08.746,1.19297,1.19299,0.75,0.45
2021.06.24 15:07:08.847,1.19297,1.193,0.75,1.57
2021.06.24 15:07:09.488,1.19297,1.19299,0.75,0.37
2021.06.24 15:07:09.988,1.19296,1.19299,0.82,0.75
2021.06.24 15:07:10.039,1.19299,1.19301,1.50,0.37
2021.06.24 15:07:10.141,1.19299,1.19302,1.50,1.57
2021.06.24 15:07:17.245,1.19298,1.19302,1.87,1.20
2021.06.24 15:07:17.347,1.19297,1.19298,7.17,0.75
2021.06.24 15:07:17.843,1.19297,1.193,0.75,0.75
2021.06.24 15:07:19.894,1.19298,1.19301,0.75,1.12
2021.06.24 15:07:21.247,1.19298,1.19302,1.12,1.95
2021.06.24 15:07:21.349,1.19298,1.19301,1.12,0.37
2021.06.24 15:07:21.450,1.19295,1.19298,6.35,0.75
2021.06.24 15:07:21.552,1.19296,1.19299,0.75,1.12
2021.06.24 15:07:22.526,1.19297,1.193,0.75,0.75
2021.06.24 15:07:22.628,1.19298,1.193,0.75,2.40
2021.06.24 15:07:23.789,1.19298,1.19301,0.75,1.87
2021.06.24 15:07:25.812,1.19298,1.193,0.75,0.10
2021.06.24 15:07:26.276,1.19298,1.19301,0.75,1.87
2021.06.24 15:07:27.309,1.19298,1.193,0.75,0.37
2021.06.24 15:07:29.310,1.19298,1.19299,0.75,0.10
2021.06.24 15:07:29.392,1.19296,1.19299,0.37,0.10
2021.06.24 15:07:30.131,1.19297,1.19299,1.12,1.20
2021.06.24 15:07:31.188,1.19294,1.19297,1.50,0.10
2021.06.24 15:07:31.340,1.19294,1.19296,0.75,0.10
2021.06.24 15:07:33.060,1.19295,1.19297,0.75,0.10
2021.06.24 15:07:35.153,1.19293,1.19296,0.75,0.10
2021.06.24 15:07:35.380,1.19294,1.19296,0.75,0.10
2021.06.24 15:07:38.181,1.19293,1.19296,0.75,0.10
2021.06.24 15:07:44.112,1.19293,1.19297,0.75,2.32
2021.06.24 15:07:44.214,1.19294,1.19297,0.75,1.20
2021.06.24 15:07:49.627,1.19295,1.19298,0.75,7.36
2021.06.24 15:07:59.384,1.19296,1.19299,0.10,1.87
2021.06.24 15:07:59.586,1.19295,1.19298,0.82,1.12
2021.06.24 15:07:59.890,1.19297,1.19299,0.82,4.60
2021.06.24 15:07:59.992,1.19297,1.193,1.95,0.75
2021.06.24 15:08:00.094,1.19299,1.19302,0.82,0.75
2021.06.24 15:08:01.811,1.19298,1.19301,0.75,2.14
2021.06.24 15:08:01.862,1.19296,1.193,4.47,3.45
2021.06.24 15:08:01.964,1.19298,1.19299,0.82,0.75
2021.06.24 15:08:05.456,1.19298,1.19301,0.75,1.57
2021.06.24 15:08:05.608,1.19299,1.19302,0.75,1.57
2021.06.24 15:08:06.377,1.19297,1.193,1.57,1.50
2021.06.24 15:08:06.681,1.19296,1.19297,0.75,1.57
2021.06.24 15:08:11.312,1.19297,1.193,1.87,0.75
2021.06.24 15:08:11.464,1.19298,1.19301,0.75,0.82
2021.06.24 15:08:12.039,1.19299,1.19302,0.75,1.20
2021.06.24 15:08:12.241,1.19298,1.19302,0.75,2.32
2021.06.24 15:08:12.342,1.19298,1.19301,0.75,0.75
2021.06.24 15:08:12.599,1.19299,1.19302,0.75,1.57
2021.06.24 15:08:12.751,1.19298,1.19302,0.75,1.57
2021.06.24 15:08:12.954,1.19299,1.19302,0.75,1.95
2021.06.24 15:08:13.209,1.19298,1.19302,0.75,1.95
2021.06.24 15:08:13.311,1.19299,1.19302,0.75,1.57
2021.06.24 15:08:13.413,1.19298,1.19302,0.75,1.95
2021.06.24 15:08:13.516,1.19299,1.19302,0.75,1.20
2021.06.24 15:08:14.565,1.193,1.19302,0.75,5.51
2021.06.24 15:08:14.803,1.19301,1.19303,0.45,0.37
2021.06.24 15:08:14.854,1.19303,1.19305,0.75,0.45
2021.06.24 15:08:15.007,1.19303,1.19306,0.75,0.82
2021.06.24 15:08:15.614,1.19304,1.19307,0.75,1.20
2021.06.24 15:08:15.715,1.19306,1.19308,1.50,0.37
2021.06.24 15:08:15.766,1.19307,1.1931,0.75,1.20
2021.06.24 15:08:15.968,1.19308,1.1931,0.75,0.37
2021.06.24 15:08:16.070,1.19306,1.19308,1.12,0.75
2021.06.24 15:08:16.171,1.19307,1.19308,0.75,1.20
2021.06.24 15:08:16.328,1.19308,1.19309,0.75,1.20
2021.06.24 15:08:16.451,1.19308,1.19309,0.75,0.75
2021.06.24 15:08:17.239,1.19307,1.19309,0.75,0.45
2021.06.24 15:08:17.290,1.19306,1.19307,0.75,1.87
2021.06.24 15:08:18.481,1.19304,1.19307,0.75,0.75
2021.06.24 15:08:20.184,1.19303,1.19306,2.70,0.75
2021.06.24 15:08:20.286,1.19303,1.19307,0.75,1.57
2021.06.24 15:08:20.847,1.19304,1.19307,0.75,1.20
2021.06.24 15:08:20.948,1.19305,1.19308,0.75,0.75
2021.06.24 15:08:21.724,1.19305,1.19307,0.75,0.37
2021.06.24 15:08:22.845,1.19304,1.19307,0.75,1.12
2021.06.24 15:08:22.896,1.19302,1.19305,2.25,0.75
2021.06.24 15:08:22.998,1.19303,1.19306,0.75,0.75
2021.06.24 15:08:23.973,1.19304,1.19307,0.75,1.20
2021.06.24 15:08:24.741,1.19309,1.1931,3.64,2.25
2021.06.24 15:08:24.842,1.19309,1.19312,0.75,0.75
2021.06.24 15:08:31.026,1.19309,1.19311,0.75,0.37
2021.06.24 15:08:31.077,1.19307,1.1931,1.57,0.75
2021.06.24 15:08:31.229,1.19308,1.19311,0.75,0.75
2021.06.24 15:08:34.839,1.1931,1.19311,0.75,0.75
2021.06.24 15:08:36.919,1.19308,1.19311,3.26,0.75
2021.06.24 15:08:38.366,1.19311,1.19313,0.75,0.10
2021.06.24 15:08:38.468,1.19313,1.19316,0.75,0.82
2021.06.24 15:08:38.571,1.19314,1.19317,0.75,0.82
2021.06.24 15:08:38.674,1.19315,1.19318,0.75,1.57
2021.06.24 15:08:38.826,1.19315,1.19317,0.75,0.10
2021.06.24 15:08:38.979,1.19315,1.19318,0.75,1.57
2021.06.24 15:08:39.081,1.19315,1.19317,0.75,0.10
2021.06.24 15:08:40.267,1.19314,1.19317,0.75,0.82
2021.06.24 15:08:44.074,1.19314,1.19316,1.50,0.10
2021.06.24 15:08:44.176,1.19315,1.19316,1.50,0.82
2021.06.24 15:08:47.107,1.19316,1.19319,0.75,0.45
2021.06.24 15:08:47.209,1.19318,1.19321,1.50,0.10
2021.06.24 15:08:47.311,1.19316,1.19319,1.50,0.82
2021.06.24 15:08:47.463,1.19317,1.19319,1.50,2.32
2021.06.24 15:08:48.519,1.19317,1.1932,0.75,4.20
2021.06.24 15:08:48.900,1.19317,1.19319,0.75,0.10
2021.06.24 15:08:49.036,1.19317,1.1932,0.75,4.57
2021.06.24 15:08:49.417,1.19315,1.19317,0.75,0.10
2021.06.24 15:08:52.160,1.19317,1.1932,1.50,1.20
2021.06.24 15:08:52.262,1.19318,1.19321,0.75,1.57
2021.06.24 15:08:52.364,1.19319,1.19322,0.75,1.20
2021.06.24 15:08:52.466,1.19322,1.19324,0.75,4.98
2021.06.24 15:08:52.820,1.19322,1.19325,0.75,1.57
2021.06.24 15:08:52.921,1.19322,1.19324,0.75,0.10
2021.06.24 15:08:53.124,1.19318,1.1932,5.15,0.10
2021.06.24 15:08:53.225,1.19319,1.19321,0.75,0.10
2021.06.24 15:08:53.479,1.19319,1.19322,0.75,1.57
2021.06.24 15:08:53.580,1.19321,1.19323,0.75,6.90
2021.06.24 15:08:53.682,1.1932,1.19322,0.75,0.82
2021.06.24 15:08:57.419,1.19319,1.19321,0.75,0.10
2021.06.24 15:08:58.471,1.19319,1.19322,0.75,1.20
2021.06.24 15:08:58.573,1.19318,1.19321,0.75,0.82
2021.06.24 15:08:59.738,1.19319,1.19321,1.57,1.20
2021.06.24 15:08:59.839,1.19318,1.19321,1.50,0.10
2021.06.24 15:09:00.456,1.19318,1.19322,5.32,0.82
2021.06.24 15:09:02.529,1.19318,1.19321,1.50,0.10
2021.06.24 15:09:03.309,1.19318,1.19322,1.50,1.57
2021.06.24 15:09:03.650,1.19316,1.19319,0.75,0.37
2021.06.24 15:09:03.752,1.19316,1.19318,0.75,0.75
2021.06.24 15:09:03.904,1.19315,1.19318,0.75,1.95
2021.06.24 15:09:09.262,1.19317,1.19319,0.75,1.12
2021.06.24 15:09:09.465,1.19317,1.19319,0.75,3.07
2021.06.24 15:09:09.566,1.19317,1.19319,0.75,0.75
2021.06.24 15:09:10.318,1.19317,1.1932,0.75,2.32
2021.06.24 15:09:11.359,1.19318,1.1932,0.75,0.37
2021.06.24 15:09:11.461,1.19318,1.19321,0.75,1.57
2021.06.24 15:09:13.055,1.1932,1.19323,0.75,7.68
2021.06.24 15:09:14.435,1.19318,1.1932,0.82,0.75
2021.06.24 15:09:14.537,1.19319,1.1932,0.75,0.10
2021.06.24 15:09:14.640,1.19318,1.19322,0.75,2.77
2021.06.24 15:09:14.742,1.19318,1.19321,0.75,0.37
2021.06.24 15:09:14.843,1.19318,1.19322,0.75,1.95
2021.06.24 15:09:14.946,1.19319,1.19322,0.75,1.57
2021.06.24 15:09:15.309,1.1932,1.19322,0.75,3.07
2021.06.24 15:09:16.019,1.19321,1.19323,0.75,1.12
2021.06.24 15:09:16.120,1.1932,1.19323,0.75,0.75
2021.06.24 15:09:16.688,1.1932,1.19324,1.57,2.44
2021.06.24 15:09:16.789,1.19322,1.19325,0.75,4.20
2021.06.24 15:09:16.891,1.19325,1.19327,0.75,0.75
2021.06.24 15:09:17.094,1.19325,1.19328,0.75,1.57
2021.06.24 15:09:18.791,1.19324,1.19327,0.75,1.20
2021.06.24 15:09:20.651,1.19325,1.19328,0.75,2.70
2021.06.24 15:09:20.853,1.19323,1.19327,0.82,0.75
2021.06.24 15:09:20.955,1.19324,1.19327,0.75,1.20
2021.06.24 15:09:22.200,1.19323,1.19327,0.75,1.20
2021.06.24 15:09:22.403,1.19322,1.19325,0.75,1.20
2021.06.24 15:09:23.562,1.19321,1.19323,0.75,0.75
2021.06.24 15:09:23.663,1.19321,1.19324,1.50,0.75
2021.06.24 15:09:28.098,1.19322,1.19325,1.50,0.75
2021.06.24 15:09:28.200,1.19324,1.19325,0.75,1.87
2021.06.24 15:09:29.133,1.19324,1.19327,0.75,1.87
2021.06.24 15:09:29.234,1.19323,1.19327,0.75,1.95
2021.06.24 15:09:31.925,1.19323,1.19326,0.75,1.95
2021.06.24 15:09:32.229,1.19323,1.19325,0.75,0.10
2021.06.24 15:09:32.330,1.19323,1.19326,0.75,4.84
2021.06.24 15:09:33.651,1.19321,1.19324,0.75,1.20
2021.06.24 15:09:33.753,1.1932,1.19323,0.75,0.75
2021.06.24 15:09:33.854,1.19321,1.19324,0.75,0.75
2021.06.24 15:09:34.006,1.19322,1.19324,0.75,1.65
2021.06.24 15:09:34.682,1.19321,1.19324,0.75,1.50
2021.06.24 15:09:34.935,1.19322,1.19325,0.75,1.50
2021.06.24 15:09:35.711,1.1932,1.19323,0.94,0.75
2021.06.24 15:09:40.221,1.1932,1.19324,0.75,2.32
2021.06.24 15:09:40.323,1.19322,1.19325,3.82,1.20
2021.06.24 15:09:40.475,1.19322,1.19326,4.01,0.75
2021.06.24 15:09:40.628,1.19323,1.19326,0.19,0.75
2021.06.24 15:09:40.780,1.19324,1.19327,0.75,1.12
2021.06.24 15:09:42.665,1.19325,1.19328,0.75,2.70
2021.06.24 15:09:44.458,1.19325,1.19326,0.75,0.75
2021.06.24 15:09:45.494,1.19325,1.19327,0.75,2.32
2021.06.24 15:09:46.530,1.19325,1.19327,0.75,0.37
2021.06.24 15:09:46.634,1.19325,1.19328,0.75,1.95
2021.06.24 15:09:46.737,1.19324,1.19327,0.75,0.75
2021.06.24 15:09:48.348,1.19325,1.19327,0.75,0.37
2021.06.24 15:09:48.450,1.19325,1.19328,0.75,2.70
2021.06.24 15:09:48.605,1.19325,1.19327,0.75,0.37
2021.06.24 15:09:48.739,1.19325,1.19328,0.75,1.95
2021.06.24 15:09:48.959,1.19325,1.19327,0.75,0.37
2021.06.24 15:09:49.010,1.19326,1.19329,0.75,0.37
2021.06.24 15:09:49.113,1.19325,1.19329,0.75,2.51
2021.06.24 15:09:49.215,1.19325,1.19328,0.75,0.75
2021.06.24 15:10:00.636,1.19322,1.19324,4.85,0.75
2021.06.24 15:10:00.737,1.19323,1.19324,0.82,1.12
2021.06.24 15:10:02.627,1.19322,1.19324,0.10,0.75
2021.06.24 15:10:03.628,1.19322,1.19325,0.75,0.75
2021.06.24 15:10:04.416,1.1932,1.19324,1.12,1.20
2021.06.24 15:10:04.518,1.1932,1.19323,0.75,0.75
2021.06.24 15:10:04.620,1.1932,1.19324,0.75,4.65
2021.06.24 15:10:04.723,1.1932,1.19323,0.75,0.75
2021.06.24 15:10:04.825,1.1932,1.19324,0.75,5.02
2021.06.24 15:10:05.286,1.1932,1.19323,0.75,0.75
2021.06.24 15:10:05.438,1.1932,1.19324,0.75,5.40
2021.06.24 15:10:06.033,1.1932,1.19323,0.75,0.75
2021.06.24 15:10:06.810,1.1932,1.19324,0.75,10.00
2021.06.24 15:10:07.229,1.1932,1.19323,0.75,0.75
2021.06.24 15:10:07.331,1.1932,1.19324,0.75,2.51
2021.06.24 15:10:08.369,1.19322,1.19325,0.75,1.65
2021.06.24 15:10:10.549,1.19323,1.19326,0.75,1.87
2021.06.24 15:10:12.321,1.19324,1.19327,0.75,0.75
2021.06.24 15:10:13.564,1.19323,1.19326,0.75,1.87
2021.06.24 15:10:13.666,1.19321,1.19324,0.82,0.75
2021.06.24 15:10:15.265,1.19322,1.19325,2.32,0.75
2021.06.24 15:10:15.522,1.19323,1.19325,0.10,0.75
2021.06.24 15:10:15.725,1.19323,1.19326,0.82,0.75
2021.06.24 15:10:18.485,1.19323,1.19327,1.20,0.75
2021.06.24 15:10:18.586,1.19324,1.19327,0.75,0.75
2021.06.24 15:10:19.363,1.19326,1.19328,0.75,1.12
2021.06.24 15:10:19.465,1.19325,1.19328,1.69,1.50
2021.06.24 15:10:22.691,1.19324,1.19327,0.75,0.75
2021.06.24 15:10:22.944,1.19324,1.19325,0.75,0.75
2021.06.24 15:10:23.898,1.19321,1.19323,0.75,1.50
2021.06.24 15:10:24.000,1.19319,1.19322,1.69,0.75
2021.06.24 15:10:24.101,1.1932,1.19323,0.75,0.90
2021.06.24 15:10:24.355,1.19319,1.19322,1.69,0.75
2021.06.24 15:10:24.458,1.19316,1.19319,5.22,1.12
2021.06.24 15:10:24.561,1.19314,1.19317,0.94,0.75
2021.06.24 15:10:24.676,1.19313,1.19316,1.09,0.75
2021.06.24 15:10:26.620,1.19314,1.19317,0.75,0.26
2021.06.24 15:10:26.722,1.19315,1.19317,0.10,0.10
2021.06.24 15:10:26.823,1.19316,1.19319,0.75,1.69
2021.06.24 15:10:30.918,1.19313,1.19316,6.91,0.75
2021.06.24 15:10:33.496,1.19314,1.19317,0.75,1.12
2021.06.24 15:10:34.876,1.19314,1.19316,0.75,0.37
2021.06.24 15:10:36.148,1.19315,1.19318,1.50,5.43
2021.06.24 15:10:36.301,1.19316,1.19318,1.50,0.10
2021.06.24 15:10:36.402,1.19317,1.19318,1.50,0.75
2021.06.24 15:10:38.141,1.19316,1.19318,1.50,0.75
2021.06.24 15:10:38.989,1.19315,1.19318,0.75,0.75
2021.06.24 15:10:39.091,1.19316,1.19319,0.75,0.75
2021.06.24 15:10:39.979,1.19316,1.19318,0.75,0.10
2021.06.24 15:10:40.132,1.19316,1.19319,0.75,3.82
2021.06.24 15:10:40.437,1.19317,1.19319,0.75,0.45
2021.06.24 15:10:40.742,1.19315,1.19317,0.75,0.10
2021.06.24 15:10:42.458,1.19314,1.19315,1.50,0.82
2021.06.24 15:10:42.560,1.19313,1.19316,0.94,0.82
2021.06.24 15:10:46.901,1.19316,1.19319,0.75,0.45
2021.06.24 15:10:47.002,1.19318,1.1932,0.75,0.45
2021.06.24 15:10:47.104,1.19318,1.19321,0.94,0.82
2021.06.24 15:10:47.205,1.19319,1.19322,0.75,0.82
2021.06.24 15:10:47.307,1.19321,1.19322,0.75,0.10
2021.06.24 15:10:50.006,1.19323,1.19325,0.75,0.45
2021.06.24 15:10:50.108,1.19323,1.19326,1.01,0.82
2021.06.24 15:10:51.394,1.19326,1.19329,1.01,0.75
2021.06.24 15:10:51.496,1.19325,1.19327,0.75,0.82
2021.06.24 15:10:54.212,1.19323,1.19326,0.75,0.10
2021.06.24 15:10:54.749,1.19323,1.19325,0.75,0.10
2021.06.24 15:10:54.800,1.19321,1.19324,1.50,0.82
2021.06.24 15:10:55.907,1.1932,1.19321,1.50,0.10
2021.06.24 15:10:58.922,1.19319,1.19322,0.75,5.32
2021.06.24 15:11:00.064,1.1932,1.19323,1.57,0.82
2021.06.24 15:11:01.313,1.19319,1.19322,1.50,1.20
2021.06.24 15:11:05.135,1.19319,1.1932,0.82,0.75
2021.06.24 15:11:05.967,1.19319,1.19321,0.10,0.75
2021.06.24 15:11:06.069,1.19319,1.19322,1.76,0.75
2021.06.24 15:11:06.614,1.19318,1.19321,1.01,0.75
2021.06.24 15:11:09.503,1.19317,1.1932,1.69,0.82
2021.06.24 15:11:09.604,1.19316,1.19319,1.50,0.82
2021.06.24 15:11:13.245,1.19314,1.19317,1.76,0.75
2021.06.24 15:11:13.355,1.19315,1.19318,0.75,1.95
2021.06.24 15:11:13.706,1.19315,1.19317,0.75,0.10
2021.06.24 15:11:14.239,1.19313,1.19316,0.75,0.82
2021.06.24 15:11:14.780,1.19313,1.19315,0.75,0.75
2021.06.24 15:11:15.200,1.19313,1.19316,0.75,1.95
2021.06.24 15:11:15.353,1.19312,1.19315,0.75,2.70
2021.06.24 15:11:15.504,1.19311,1.19314,0.75,1.12
2021.06.24 15:11:16.436,1.19311,1.19313,0.75,0.37
2021.06.24 15:11:17.334,1.19311,1.19314,0.75,1.12
2021.06.24 15:11:18.423,1.19312,1.19315,0.75,2.32
2021.06.24 15:11:18.525,1.19312,1.19314,0.75,0.10
2021.06.24 15:11:19.599,1.19311,1.19314,0.82,1.12
2021.06.24 15:11:21.797,1.19312,1.19315,0.75,0.82
2021.06.24 15:11:23.048,1.19311,1.19314,1.01,0.75
2021.06.24 15:11:25.000,1.19312,1.19315,0.75,0.82
2021.06.24 15:11:25.102,1.19313,1.19316,0.75,4.57
2021.06.24 15:11:25.956,1.19311,1.19314,0.75,0.82
2021.06.24 15:11:27.351,1.19311,1.19313,0.75,0.10
2021.06.24 15:11:28.924,1.19309,1.19312,0.75,0.82
2021.06.24 15:11:30.038,1.19308,1.19311,1.76,0.75
2021.06.24 15:11:40.906,1.19311,1.19313,1.20,0.37
2021.06.24 15:11:41.008,1.19312,1.19314,1.76,4.60
2021.06.24 15:11:41.109,1.19312,1.19315,5.51,0.75
2021.06.24 15:11:41.211,1.19313,1.19316,4.76,0.75
2021.06.24 15:11:44.543,1.19312,1.19315,1.95,0.82
2021.06.24 15:11:44.645,1.19311,1.19313,0.75,0.10
2021.06.24 15:11:44.797,1.19311,1.19312,0.75,0.82
2021.06.24 15:11:46.271,1.19309,1.19312,1.57,0.75
2021.06.24 15:11:53.353,1.19308,1.19311,1.01,0.75
2021.06.24 15:12:04.813,1.19309,1.19312,0.75,0.82
2021.06.24 15:12:06.859,1.19311,1.19313,0.10,4.60
2021.06.24 15:12:06.910,1.19312,1.19315,0.75,3.26
2021.06.24 15:12:07.389,1.19311,1.19314,1.12,1.20
2021.06.24 15:12:09.098,1.1931,1.19313,0.75,1.57
2021.06.24 15:12:09.466,1.1931,1.19312,0.75,0.10
2021.06.24 15:12:14.975,1.19309,1.19312,0.75,0.82
2021.06.24 15:12:19.453,1.19312,1.19314,1.20,4.68
2021.06.24 15:12:19.605,1.19314,1.19317,0.45,0.75
2021.06.24 15:12:19.656,1.19316,1.19319,1.95,8.70
2021.06.24 15:12:19.808,1.19316,1.1932,1.95,1.57
2021.06.24 15:12:20.015,1.19318,1.19319,0.75,1.57
2021.06.24 15:12:24.088,1.19318,1.19321,0.75,0.75
2021.06.24 15:12:26.055,1.19317,1.1932,0.75,0.82
2021.06.24 15:12:26.312,1.19317,1.19319,0.75,0.10
2021.06.24 15:12:27.137,1.19316,1.19319,0.75,0.82
2021.06.24 15:12:29.096,1.19318,1.1932,0.26,0.75
2021.06.24 15:12:29.198,1.19319,1.19322,1.01,5.35
2021.06.24 15:12:29.299,1.1932,1.19322,0.26,0.75
2021.06.24 15:12:30.203,1.19319,1.19322,1.01,0.75
2021.06.24 15:12:30.304,1.1932,1.19323,0.94,0.82
2021.06.24 15:12:30.608,1.19322,1.19323,0.75,1.20
2021.06.24 15:12:30.710,1.19322,1.19325,1.01,0.75
2021.06.24 15:12:31.692,1.19322,1.19324,0.10,0.82
2021.06.24 15:12:31.794,1.1932,1.19322,0.75,0.75
2021.06.24 15:12:33.591,1.19319,1.19322,0.75,0.82
2021.06.24 15:12:33.692,1.19318,1.19321,1.76,0.75
2021.06.24 15:12:34.117,1.19319,1.19322,1.01,0.75
2021.06.24 15:12:34.738,1.1932,1.19322,0.19,0.75
2021.06.24 15:12:35.582,1.1932,1.19321,1.01,0.75
2021.06.24 15:12:37.932,1.19317,1.19318,5.52,1.50
2021.06.24 15:12:37.983,1.19315,1.19318,0.75,0.75
2021.06.24 15:12:41.890,1.19315,1.19317,0.26,0.75
2021.06.24 15:12:42.142,1.19316,1.19318,0.75,0.37
2021.06.24 15:12:42.334,1.19316,1.19319,0.75,0.82
2021.06.24 15:12:46.785,1.19315,1.19318,0.75,0.82
2021.06.24 15:12:47.783,1.19316,1.19319,1.01,0.75
2021.06.24 15:12:47.885,1.19317,1.1932,0.75,1.27
2021.06.24 15:12:50.767,1.19319,1.19322,0.75,1.20
2021.06.24 15:12:52.077,1.19318,1.19321,1.57,0.75
2021.06.24 15:12:52.179,1.19317,1.1932,0.75,1.57
2021.06.24 15:12:54.357,1.19317,1.19319,0.75,0.10
2021.06.24 15:12:54.458,1.19317,1.1932,0.75,0.82
2021.06.24 15:12:55.525,1.19317,1.19318,0.75,0.10
2021.06.24 15:12:57.067,1.19316,1.19319,0.75,0.82
2021.06.24 15:12:59.784,1.19316,1.19317,0.75,0.82
2021.06.24 15:13:00.640,1.19315,1.19317,0.75,0.75
2021.06.24 15:13:01.320,1.19314,1.19317,0.75,1.57
2021.06.24 15:13:10.211,1.19314,1.19316,0.75,0.10
2021.06.24 15:13:10.516,1.19314,1.19317,0.75,1.20
2021.06.24 15:13:12.141,1.19314,1.19316,0.75,0.10
2021.06.24 15:13:12.562,1.19315,1.19316,0.75,0.82
2021.06.24 15:13:24.343,1.19317,1.1932,1.50,6.25
2021.06.24 15:13:24.547,1.19318,1.19321,1.76,0.75
2021.06.24 15:13:24.750,1.19319,1.19321,1.01,0.75
2021.06.24 15:13:30.103,1.19319,1.19322,2.32,0.75
2021.06.24 15:13:33.023,1.19321,1.19322,1.76,0.75
2021.06.24 15:13:33.125,1.1932,1.19323,1.57,0.75
2021.06.24 15:13:36.210,1.19321,1.19325,1.20,7.00
2021.06.24 15:13:37.226,1.19321,1.19324,0.75,0.82
2021.06.24 15:13:38.697,1.19322,1.19325,1.76,0.75
2021.06.24 15:13:38.799,1.19323,1.19326,0.82,1.12
2021.06.24 15:13:39.001,1.19325,1.19327,0.10,0.75
2021.06.24 15:13:39.154,1.19325,1.19328,1.57,0.75
2021.06.24 15:13:43.931,1.19325,1.19327,0.75,0.75
2021.06.24 15:13:49.212,1.19322,1.19325,1.50,0.82
2021.06.24 15:13:50.238,1.19323,1.19326,0.75,0.82
2021.06.24 15:13:51.062,1.19324,1.19327,0.75,1.57
2021.06.24 15:13:51.164,1.19325,1.19328,1.50,1.95
2021.06.24 15:13:51.722,1.19325,1.19327,0.75,0.75
2021.06.24 15:13:52.121,1.19325,1.19328,0.75,1.20
2021.06.24 15:13:53.302,1.19326,1.19328,0.75,3.07
2021.06.24 15:13:53.408,1.19327,1.1933,0.75,1.20
2021.06.24 15:13:53.509,1.19328,1.1933,0.75,0.82
2021.06.24 15:13:53.712,1.19327,1.1933,0.75,0.82
2021.06.24 15:13:55.225,1.19326,1.19329,2.44,2.70
2021.06.24 15:13:55.327,1.19326,1.19328,0.75,0.37
2021.06.24 15:13:55.819,1.19326,1.19329,0.75,7.84
2021.06.24 15:13:56.884,1.19326,1.19328,0.75,0.10
2021.06.24 15:13:57.315,1.19325,1.19327,0.75,0.10
2021.06.24 15:13:59.013,1.19323,1.19326,1.50,1.20
2021.06.24 15:14:01.173,1.19324,1.19326,0.75,0.45
2021.06.24 15:14:01.275,1.19322,1.19325,0.75,1.57
2021.06.24 15:14:02.544,1.19323,1.19325,0.75,0.10
2021.06.24 15:14:03.392,1.19322,1.19325,0.75,1.95
2021.06.24 15:14:03.493,1.19321,1.19324,0.75,0.82
2021.06.24 15:14:04.291,1.19321,1.19323,0.75,0.45
2021.06.24 15:14:09.095,1.19321,1.19322,0.75,1.20
2021.06.24 15:14:10.854,1.19321,1.19324,0.75,0.82
2021.06.24 15:14:15.262,1.19321,1.19322,1.50,0.10
2021.06.24 15:14:15.363,1.1932,1.19323,1.50,0.10
2021.06.24 15:14:15.464,1.1932,1.19324,1.57,1.95
2021.06.24 15:14:15.680,1.19321,1.19324,0.75,1.20
2021.06.24 15:14:17.381,1.19322,1.19324,0.75,0.10
2021.06.24 15:14:18.113,1.19321,1.19324,1.50,0.10
2021.06.24 15:14:18.215,1.19322,1.19324,1.57,1.20
2021.06.24 15:14:18.316,1.19323,1.19326,0.75,0.10
2021.06.24 15:14:18.418,1.19325,1.19327,0.75,0.45
2021.06.24 15:14:18.469,1.19326,1.19329,4.50,0.45
2021.06.24 15:14:18.570,1.19326,1.19328,0.75,0.45
2021.06.24 15:14:20.343,1.19327,1.19328,0.75,0.90
2021.06.24 15:14:20.663,1.19326,1.19328,0.75,0.37
2021.06.24 15:14:21.873,1.19326,1.19329,7.20,0.10
2021.06.24 15:14:22.028,1.19328,1.19331,0.75,1.57
2021.06.24 15:14:24.873,1.19331,1.19333,0.10,0.45
2021.06.24 15:14:25.076,1.19331,1.19334,0.75,2.32
2021.06.24 15:14:25.228,1.19331,1.19333,0.75,0.37
2021.06.24 15:14:25.329,1.19331,1.19334,0.75,0.75
2021.06.24 15:14:26.139,1.19333,1.19335,0.75,0.45
2021.06.24 15:14:26.241,1.19333,1.19336,0.75,0.75
2021.06.24 15:14:26.619,1.19335,1.19338,0.75,1.20
2021.06.24 15:14:28.997,1.19333,1.19336,1.50,0.75
2021.06.24 15:14:29.149,1.19331,1.19334,2.25,0.75
2021.06.24 15:14:29.251,1.19331,1.19333,0.75,0.75
2021.06.24 15:14:30.996,1.1933,1.19333,0.75,0.82
2021.06.24 15:14:32.367,1.19329,1.19332,0.75,0.75
2021.06.24 15:14:36.446,1.19329,1.1933,0.75,0.75
2021.06.24 15:14:43.335,1.19329,1.19331,0.75,0.75
2021.06.24 15:14:43.797,1.1933,1.19334,0.75,2.77
2021.06.24 15:14:45.497,1.19328,1.19331,4.57,0.75
2021.06.24 15:14:46.367,1.19329,1.19331,0.75,0.75
2021.06.24 15:14:48.212,1.19329,1.1933,1.50,0.82
2021.06.24 15:14:54.413,1.19325,1.19328,8.60,0.82
2021.06.24 15:14:54.514,1.19325,1.19327,0.37,0.82
2021.06.24 15:14:54.991,1.19324,1.19326,0.37,0.75
2021.06.24 15:14:55.720,1.19323,1.19326,1.76,0.75
2021.06.24 15:15:00.088,1.19323,1.19325,0.75,0.10
2021.06.24 15:15:00.191,1.19323,1.19326,0.75,1.57
2021.06.24 15:15:00.293,1.19322,1.19324,1.12,0.82
2021.06.24 15:15:00.446,1.1932,1.19323,4.31,0.82
2021.06.24 15:15:02.176,1.19322,1.19324,0.37,0.75
2021.06.24 15:15:03.910,1.19321,1.19324,1.76,0.75
2021.06.24 15:15:04.936,1.1932,1.19323,1.01,0.75
2021.06.24 15:15:07.327,1.19321,1.19324,0.94,0.82
2021.06.24 15:15:07.756,1.19321,1.19323,0.75,0.10
2021.06.24 15:15:12.080,1.1932,1.19323,2.06,0.82
2021.06.24 15:15:13.354,1.19321,1.19324,1.50,0.82
2021.06.24 15:15:13.455,1.19322,1.19325,3.75,0.75
2021.06.24 15:15:18.116,1.19323,1.19326,0.75,0.82
2021.06.24 15:15:19.091,1.19324,1.19326,0.75,0.10
2021.06.24 15:15:19.193,1.19324,1.19327,0.75,1.57
2021.06.24 15:15:20.642,1.19324,1.19325,0.75,0.82
2021.06.24 15:15:20.744,1.19322,1.19324,1.95,0.10
2021.06.24 15:15:20.947,1.19321,1.19324,0.75,1.20
2021.06.24 15:15:21.663,1.1932,1.19323,0.94,0.82
2021.06.24 15:15:22.076,1.19321,1.19323,0.19,0.75
2021.06.24 15:15:22.178,1.19321,1.19324,1.57,0.75
2021.06.24 15:15:22.867,1.19322,1.19325,0.75,0.82
2021.06.24 15:15:24.137,1.19321,1.19323,0.75,0.82
2021.06.24 15:15:24.239,1.19321,1.19322,0.75,0.82
2021.06.24 15:15:25.441,1.1932,1.19322,0.75,0.10
2021.06.24 15:15:38.458,1.1932,1.19323,0.75,1.57
2021.06.24 15:15:45.032,1.19318,1.1932,1.50,0.75
2021.06.24 15:15:45.134,1.19318,1.19321,0.75,1.57
2021.06.24 15:15:45.583,1.19319,1.19321,0.75,0.75
2021.06.24 15:15:50.935,1.19318,1.1932,0.75,1.20
2021.06.24 15:15:52.854,1.19317,1.1932,0.75,1.95
2021.06.24 15:15:54.089,1.19317,1.19318,0.75,1.20
2021.06.24 15:15:54.191,1.19316,1.19318,0.75,0.37
2021.06.24 15:15:54.393,1.19316,1.19319,1.12,1.12
2021.06.24 15:15:55.427,1.19317,1.19319,0.75,0.37
2021.06.24 15:15:56.478,1.19316,1.19318,1.50,1.12
2021.06.24 15:15:58.767,1.19313,1.19315,1.50,0.37
2021.06.24 15:15:58.818,1.19311,1.19314,5.15,0.82
2021.06.24 15:15:59.963,1.1931,1.19313,0.75,1.95
2021.06.24 15:16:00.166,1.1931,1.19312,0.75,0.45
2021.06.24 15:16:01.883,1.19306,1.19309,1.87,0.75
2021.06.24 15:16:02.036,1.19306,1.19307,0.75,1.20
2021.06.24 15:16:02.238,1.19305,1.19307,0.75,0.37
2021.06.24 15:16:03.203,1.19304,1.19307,0.75,1.20
2021.06.24 15:16:03.990,1.19301,1.19303,0.75,1.20
2021.06.24 15:16:04.092,1.193,1.19303,0.75,1.57
2021.06.24 15:16:04.195,1.19301,1.19304,0.75,1.20
2021.06.24 15:16:04.298,1.19302,1.19305,0.75,1.20
2021.06.24 15:16:06.261,1.193,1.19303,0.75,1.20
2021.06.24 15:16:06.919,1.19301,1.19304,0.75,0.82
2021.06.24 15:16:08.427,1.19303,1.19305,0.75,0.10
2021.06.24 15:16:08.579,1.19303,1.19306,0.75,1.20
2021.06.24 15:16:11.129,1.19303,1.19304,0.75,1.12
2021.06.24 15:16:11.433,1.19302,1.19304,0.75,0.37
2021.06.24 15:16:11.534,1.19301,1.19304,0.75,1.12
2021.06.24 15:16:12.896,1.193,1.19303,0.75,1.20
2021.06.24 15:16:12.998,1.193,1.19301,0.75,0.45
2021.06.24 15:16:13.099,1.19299,1.19301,0.75,1.65
2021.06.24 15:16:13.150,1.19296,1.19299,0.75,1.20
2021.06.24 15:16:13.353,1.19298,1.193,0.75,0.45
2021.06.24 15:16:14.098,1.19297,1.193,0.75,1.20
2021.06.24 15:16:16.456,1.19298,1.193,3.75,1.65
2021.06.24 15:16:16.557,1.19298,1.19301,0.75,1.20
2021.06.24 15:16:16.659,1.19298,1.19299,3.75,1.20
2021.06.24 15:16:17.889,1.19298,1.19301,0.94,0.75
2021.06.24 15:16:18.092,1.19297,1.193,0.75,0.75
2021.06.24 15:16:21.061,1.19298,1.19301,0.75,1.12
2021.06.24 15:16:22.031,1.19297,1.19299,0.37,0.37
2021.06.24 15:16:22.132,1.19297,1.193,1.12,0.75
2021.06.24 15:16:23.513,1.19298,1.19301,0.94,0.75
2021.06.24 15:16:24.485,1.19299,1.19302,0.75,1.87
2021.06.24 15:16:27.267,1.19299,1.19301,0.75,0.19
2021.06.24 15:16:27.318,1.19297,1.193,3.00,1.20
2021.06.24 15:16:27.420,1.19296,1.19299,1.31,0.75
2021.06.24 15:16:27.572,1.19299,1.19302,1.69,1.12
2021.06.24 15:16:27.724,1.19298,1.19301,1.50,0.75
2021.06.24 15:16:30.395,1.19299,1.19301,0.75,0.19
2021.06.24 15:16:30.496,1.19298,1.19301,0.94,0.75
2021.06.24 15:16:40.114,1.19297,1.193,4.12,0.75
2021.06.24 15:16:44.419,1.19298,1.19301,0.75,1.20
2021.06.24 15:16:47.338,1.19296,1.19298,0.26,0.75
2021.06.24 15:16:47.440,1.19295,1.19298,0.75,1.20
2021.06.24 15:16:48.226,1.19294,1.19297,3.75,0.75
2021.06.24 15:16:53.341,1.19294,1.19295,0.75,0.82
2021.06.24 15:16:56.514,1.19293,1.19295,0.75,0.10
2021.06.24 15:16:58.224,1.19294,1.19296,3.64,0.75
2021.06.24 15:16:58.275,1.19296,1.19299,3.00,1.27
2021.06.24 15:17:00.148,1.19297,1.19299,1.50,0.75
2021.06.24 15:17:00.926,1.19296,1.19299,6.82,0.75
2021.06.24 15:17:01.029,1.19295,1.19298,0.75,1.20
2021.06.24 15:17:01.183,1.19294,1.19296,0.37,0.75
2021.06.24 15:17:01.436,1.19293,1.19296,1.50,0.75
2021.06.24 15:17:05.846,1.19296,1.19298,0.56,0.45
2021.06.24 15:17:05.947,1.19297,1.19299,1.12,0.82
2021.06.24 15:17:06.953,1.19297,1.193,2.06,0.82
2021.06.24 15:17:07.004,1.193,1.19302,0.75,0.52
2021.06.24 15:17:07.106,1.19301,1.19302,0.75,1.57
2021.06.24 15:17:07.207,1.193,1.19302,0.75,0.10
2021.06.24 15:17:07.359,1.19299,1.19302,1.12,1.57
2021.06.24 15:17:07.511,1.19299,1.19301,1.12,0.37
2021.06.24 15:17:10.137,1.19298,1.193,0.75,0.82
2021.06.24 15:17:11.380,1.19296,1.19298,1.12,0.75
2021.06.24 15:17:11.481,1.19295,1.19297,7.10,0.75
2021.06.24 15:17:12.696,1.19294,1.19295,1.95,1.50
2021.06.24 15:17:14.666,1.19293,1.19295,1.12,0.82
2021.06.24 15:17:17.925,1.19293,1.19296,1.12,2.70
2021.06.24 15:17:24.678,1.19291,1.19293,0.37,0.82
2021.06.24 15:17:24.779,1.1929,1.19293,1.57,2.32
2021.06.24 15:17:24.881,1.19292,1.19294,0.75,0.75
2021.06.24 15:17:24.982,1.19293,1.19295,0.75,0.82
2021.06.24 15:17:27.424,1.19292,1.19293,1.50,1.57
2021.06.24 15:17:27.627,1.19292,1.19294,0.75,0.82
2021.06.24 15:17:31.192,1.19293,1.19295,0.75,1.20
2021.06.24 15:17:36.728,1.19292,1.19295,2.06,1.50
2021.06.24 15:17:39.209,1.19291,1.19293,0.37,1.57
2021.06.24 15:17:39.310,1.1929,1.19292,0.75,0.10
2021.06.24 15:17:39.614,1.19289,1.19292,0.75,1.95
2021.06.24 15:17:39.716,1.19288,1.1929,0.75,0.82
2021.06.24 15:17:40.193,1.19287,1.19289,0.37,1.12
2021.06.24 15:17:40.295,1.19285,1.19287,1.95,0.75
2021.06.24 15:17:40.928,1.19283,1.19285,0.75,0.75
2021.06.24 15:17:41.030,1.19282,1.19285,1.12,1.95
2021.06.24 15:17:43.625,1.19283,1.19286,0.75,2.32
2021.06.24 15:17:43.727,1.19284,1.19287,0.94,1.50
2021.06.24 15:17:45.351,1.19285,1.19288,0.94,1.50
2021.06.24 15:17:45.452,1.19286,1.19289,2.44,0.75
2021.06.24 15:17:48.099,1.19287,1.1929,0.75,3.15
2021.06.24 15:17:52.027,1.19286,1.19289,1.95,0.75
2021.06.24 15:17:53.505,1.19284,1.19287,1.50,0.75
2021.06.24 15:17:53.606,1.19284,1.19286,0.75,0.75
2021.06.24 15:17:57.543,1.19283,1.19286,0.94,1.50
2021.06.24 15:17:57.644,1.19285,1.19288,1.87,1.95
2021.06.24 15:17:57.796,1.19286,1.19287,0.75,1.57
2021.06.24 15:17:58.396,1.19284,1.19287,0.75,0.75
2021.06.24 15:18:00.137,1.19282,1.19285,1.50,1.50
2021.06.24 15:18:02.545,1.19283,1.19285,0.75,0.75
2021.06.24 15:18:04.425,1.19282,1.19285,1.50,0.82
2021.06.24 15:18:05.337,1.19282,1.19284,0.75,0.75
2021.06.24 15:18:06.756,1.19282,1.19285,0.75,2.70
2021.06.24 15:18:06.858,1.19281,1.19284,0.75,0.75
2021.06.24 15:18:09.076,1.1928,1.19284,3.00,0.82
2021.06.24 15:18:09.592,1.19281,1.19284,0.75,0.75
2021.06.24 15:18:10.252,1.19282,1.19284,0.37,0.75
2021.06.24 15:18:10.696,1.19282,1.19285,1.12,0.75
2021.06.24 15:18:17.829,1.19283,1.19285,0.37,0.75
2021.06.24 15:18:19.486,1.19283,1.19286,1.50,0.75
2021.06.24 15:18:23.337,1.19282,1.19285,1.87,0.75
2021.06.24 15:18:26.478,1.19283,1.19285,0.75,0.75
2021.06.24 15:18:31.278,1.19283,1.19286,1.50,0.75
2021.06.24 15:18:34.182,1.19283,1.19287,0.75,1.50
2021.06.24 15:18:34.284,1.19286,1.19288,1.12,1.57
2021.06.24 15:18:35.295,1.19285,1.19288,2.25,0.75
2021.06.24 15:18:38.857,1.19286,1.19288,1.50,0.75
2021.06.24 15:18:39.280,1.19285,1.19288,1.87,0.75
2021.06.24 15:18:45.080,1.19285,1.19287,2.62,0.75
2021.06.24 15:18:46.738,1.19283,1.19285,2.06,0.75
2021.06.24 15:18:50.157,1.19282,1.19285,2.25,0.75
2021.06.24 15:18:56.765,1.19281,1.19284,0.75,3.82
2021.06.24 15:18:56.866,1.1928,1.19282,5.15,0.75
2021.06.24 15:18:58.135,1.1928,1.19283,3.00,0.75
2021.06.24 15:18:58.237,1.19281,1.19284,2.62,0.82
2021.06.24 15:18:59.686,1.1928,1.19284,4.87,1.27
2021.06.24 15:18:59.948,1.1928,1.19282,1.87,0.75
2021.06.24 15:19:00.137,1.1928,1.19283,2.25,0.75
2021.06.24 15:19:00.238,1.19281,1.19283,1.50,0.75
2021.06.24 15:19:01.109,1.19281,1.19284,2.25,0.75
2021.06.24 15:19:08.107,1.19282,1.19284,0.37,0.75
2021.06.24 15:19:08.310,1.19281,1.19284,1.50,0.75
2021.06.24 15:19:15.125,1.19281,1.19283,0.37,0.75
2021.06.24 15:19:15.227,1.1928,1.19283,1.87,0.75
2021.06.24 15:19:21.202,1.1928,1.19281,0.37,0.75
2021.06.24 15:19:21.386,1.19279,1.19281,1.12,0.37
2021.06.24 15:19:21.437,1.19276,1.19278,4.40,1.95
2021.06.24 15:19:21.539,1.19274,1.19276,0.37,0.75
2021.06.24 15:19:21.641,1.19272,1.19276,14.81,0.82
2021.06.24 15:19:23.631,1.19272,1.19275,3.19,0.10
2021.06.24 15:19:23.873,1.19272,1.19276,3.19,1.20
2021.06.24 15:19:26.624,1.19272,1.19275,1.50,0.10
2021.06.24 15:19:26.812,1.19272,1.19276,1.50,1.50
2021.06.24 15:19:27.080,1.19272,1.19275,1.50,0.75
2021.06.24 15:19:28.510,1.19269,1.19272,5.15,0.75
2021.06.24 15:19:28.976,1.19268,1.19271,1.87,0.75
2021.06.24 15:19:29.078,1.19264,1.19267,10.50,0.82
2021.06.24 15:19:29.281,1.19264,1.19266,0.75,0.10
2021.06.24 15:19:29.450,1.19264,1.19267,0.75,1.20
2021.06.24 15:19:29.806,1.19263,1.19266,0.75,0.75
2021.06.24 15:19:31.220,1.19262,1.19265,1.50,0.75
2021.06.24 15:19:31.322,1.19261,1.19264,1.87,0.75
2021.06.24 15:19:32.037,1.19262,1.19265,0.75,0.82
2021.06.24 15:19:36.650,1.19262,1.19264,0.37,0.75
2021.06.24 15:19:37.080,1.19261,1.19264,1.50,0.75
2021.06.24 15:19:41.084,1.1926,1.19262,0.75,0.75
2021.06.24 15:19:41.185,1.19259,1.19262,0.75,3.75
2021.06.24 15:19:42.603,1.19261,1.19263,1.50,0.37
2021.06.24 15:19:42.705,1.19261,1.19264,5.06,0.75
2021.06.24 15:19:42.907,1.19262,1.19264,0.75,0.75
2021.06.24 15:19:43.009,1.19261,1.19264,5.89,0.75
2021.06.24 15:19:43.161,1.19263,1.19265,1.57,0.75
2021.06.24 15:19:48.331,1.19262,1.19265,2.70,0.75
2021.06.24 15:19:48.433,1.19261,1.19264,0.75,4.87
2021.06.24 15:19:48.535,1.1926,1.19263,2.32,0.75
2021.06.24 15:19:49.283,1.19261,1.19264,2.32,4.50
2021.06.24 15:19:49.384,1.19262,1.19265,2.32,0.82
2021.06.24 15:19:49.776,1.19263,1.19265,2.25,0.75
2021.06.24 15:19:49.828,1.19264,1.19267,2.32,4.95
2021.06.24 15:19:49.930,1.19265,1.19268,1.57,3.00
2021.06.24 15:19:50.082,1.19264,1.19267,2.32,0.75
2021.06.24 15:19:50.609,1.19264,1.19266,1.57,0.75
2021.06.24 15:19:50.712,1.19263,1.19266,4.57,0.75
2021.06.24 15:19:51.341,1.19264,1.19266,0.19,0.75
2021.06.24 15:19:51.543,1.19265,1.19267,4.57,0.75
2021.06.24 15:19:51.949,1.19265,1.19268,4.57,4.50
2021.06.24 15:19:52.959,1.19265,1.19267,0.75,0.75
2021.06.24 15:19:53.061,1.19265,1.19268,0.75,7.12
2021.06.24 15:19:56.378,1.19266,1.19269,2.89,3.82
2021.06.24 15:19:56.480,1.19267,1.19269,3.07,0.10
2021.06.24 15:19:56.581,1.19267,1.1927,3.07,3.00
2021.06.24 15:19:57.650,1.19268,1.19271,2.32,2.62
2021.06.24 15:20:00.120,1.19269,1.19271,0.82,1.50
2021.06.24 15:20:00.830,1.19269,1.19272,1.76,3.00
2021.06.24 15:20:00.881,1.19271,1.19273,1.57,0.10
2021.06.24 15:20:00.932,1.19272,1.19275,2.32,8.73
2021.06.24 15:20:00.983,1.1927,1.19274,2.32,8.89
2021.06.24 15:20:01.084,1.1927,1.19273,0.75,0.75
2021.06.24 15:20:01.440,1.19269,1.19272,2.12,3.00
2021.06.24 15:20:01.610,1.19269,1.1927,3.06,0.10
2021.06.24 15:20:01.863,1.19268,1.19271,2.32,0.82
2021.06.24 15:20:02.066,1.19268,1.1927,0.75,0.10
2021.06.24 15:20:05.196,1.19268,1.1927,2.32,5.70
2021.06.24 15:20:05.482,1.19268,1.1927,0.75,0.75
2021.06.24 15:20:05.533,1.19265,1.19269,2.32,7.57
2021.06.24 15:20:05.584,1.19265,1.19267,0.75,1.95
2021.06.24 15:20:05.635,1.19263,1.19266,1.95,3.00
2021.06.24 15:20:08.715,1.19264,1.19267,0.75,2.44
2021.06.24 15:20:08.871,1.19264,1.19265,1.57,3.00
2021.06.24 15:20:09.116,1.19264,1.19267,0.75,2.25
2021.06.24 15:20:12.310,1.19263,1.19266,1.57,3.00
2021.06.24 15:20:12.984,1.19264,1.19267,0.75,4.87
2021.06.24 15:20:13.194,1.19267,1.19268,1.95,8.43
2021.06.24 15:20:13.296,1.19267,1.19269,2.32,0.10
2021.06.24 15:20:13.399,1.19267,1.1927,2.32,4.12
2021.06.24 15:20:14.608,1.19266,1.19269,2.70,0.75
2021.06.24 15:20:17.983,1.19267,1.1927,2.32,5.25
2021.06.24 15:20:18.654,1.19269,1.19271,1.57,1.12
2021.06.24 15:20:18.704,1.19271,1.19273,2.32,0.45
2021.06.24 15:20:18.857,1.19271,1.19274,0.75,5.44
2021.06.24 15:20:19.060,1.19272,1.19274,2.32,0.37
2021.06.24 15:20:19.161,1.19272,1.19275,2.32,0.75
2021.06.24 15:20:19.516,1.19273,1.19276,2.32,3.75
2021.06.24 15:20:22.592,1.19274,1.19277,0.75,5.25
2021.06.24 15:20:26.941,1.19274,1.19276,0.75,0.37
2021.06.24 15:20:26.992,1.19271,1.19274,1.50,2.44
2021.06.24 15:20:27.094,1.19272,1.19274,0.75,2.81
2021.06.24 15:20:27.195,1.19271,1.19272,2.32,0.75
2021.06.24 15:20:27.448,1.19271,1.19274,1.57,4.50
2021.06.24 15:20:27.549,1.19272,1.19274,2.32,1.50
2021.06.24 15:20:27.701,1.19273,1.19274,2.32,3.75
2021.06.24 15:20:27.853,1.19273,1.19276,0.75,6.19
2021.06.24 15:20:29.642,1.19274,1.19276,1.57,0.75
2021.06.24 15:20:29.744,1.19274,1.19277,2.32,6.37
2021.06.24 15:20:31.253,1.19275,1.19278,0.75,4.50
2021.06.24 15:20:31.557,1.19275,1.19276,2.32,3.75
2021.06.24 15:20:32.258,1.19275,1.19278,2.32,6.00
2021.06.24 15:20:32.511,1.19277,1.1928,2.32,4.12
2021.06.24 15:20:32.664,1.19278,1.19281,0.75,5.44
2021.06.24 15:20:40.407,1.19278,1.1928,0.75,0.94
2021.06.24 15:20:41.706,1.19276,1.19279,1.57,0.19
2021.06.24 15:20:41.809,1.19275,1.19278,0.75,0.94
2021.06.24 15:20:41.912,1.19276,1.19278,2.32,6.64
2021.06.24 15:20:42.870,1.19277,1.19279,0.75,2.25
2021.06.24 15:20:42.971,1.19278,1.19281,2.32,0.82
2021.06.24 15:20:43.780,1.19279,1.19282,0.75,5.25
2021.06.24 15:20:44.034,1.19277,1.19279,1.57,2.44
2021.06.24 15:20:44.136,1.19274,1.19277,7.10,1.12
2021.06.24 15:20:44.238,1.19276,1.19279,0.75,9.55
2021.06.24 15:20:46.359,1.19277,1.19279,0.75,6.82
2021.06.24 15:20:46.511,1.19277,1.1928,0.75,6.82
2021.06.24 15:20:46.613,1.19278,1.19281,0.75,7.68
2021.06.24 15:20:50.185,1.19279,1.19282,0.75,5.25
2021.06.24 15:20:50.287,1.19282,1.19284,1.57,4.60
2021.06.24 15:20:50.337,1.19285,1.19286,0.75,13.23
2021.06.24 15:20:50.439,1.19286,1.19288,2.32,8.43
2021.06.24 15:20:50.540,1.19287,1.19288,2.32,0.75
2021.06.24 15:20:51.320,1.19288,1.19291,0.75,2.25
2021.06.24 15:20:51.523,1.19288,1.1929,0.75,0.75
2021.06.24 15:20:51.624,1.19288,1.19291,0.75,13.79
2021.06.24 15:20:51.725,1.19287,1.1929,0.75,4.87
2021.06.24 15:20:51.877,1.19287,1.19288,2.32,0.75
2021.06.24 15:20:51.929,1.19285,1.19288,2.32,0.37
2021.06.24 15:20:52.182,1.19285,1.19289,2.32,7.12
2021.06.24 15:20:55.274,1.19286,1.19289,2.32,2.25
2021.06.24 15:20:57.287,1.19283,1.19285,5.90,0.75
2021.06.24 15:20:57.389,1.19283,1.19286,2.32,0.75
2021.06.24 15:20:57.490,1.19284,1.19287,0.75,0.75
2021.06.24 15:20:57.591,1.19285,1.19288,0.75,2.25
2021.06.24 15:20:57.693,1.19286,1.19289,0.75,2.25
2021.06.24 15:20:57.895,1.19287,1.19289,0.75,7.12
2021.06.24 15:21:00.420,1.19289,1.19291,0.75,6.55
2021.06.24 15:21:00.775,1.19289,1.19292,0.75,2.44
2021.06.24 15:21:08.792,1.19289,1.19291,0.75,0.37
2021.06.24 15:21:08.844,1.19285,1.19288,7.47,1.50
2021.06.24 15:21:10.269,1.19286,1.19289,2.32,1.87
2021.06.24 15:21:10.421,1.19287,1.19289,0.75,0.75
2021.06.24 15:21:10.573,1.19286,1.19289,2.32,0.75
2021.06.24 15:21:11.770,1.19287,1.1929,0.75,7.57
2021.06.24 15:21:13.806,1.19287,1.19289,0.75,0.37
2021.06.24 15:21:15.208,1.19287,1.1929,0.75,4.57
2021.06.24 15:21:15.751,1.19287,1.19289,0.75,0.37
2021.06.24 15:21:15.854,1.19288,1.19289,0.75,3.07
2021.06.24 15:21:17.451,1.19288,1.1929,0.75,0.75
2021.06.24 15:21:17.552,1.19288,1.19291,2.32,2.62
2021.06.24 15:21:21.124,1.19288,1.19292,2.32,7.01
2021.06.24 15:21:21.477,1.19289,1.19292,0.75,7.01
2021.06.24 15:21:25.282,1.19289,1.19291,0.75,0.37
2021.06.24 15:21:33.758,1.19289,1.1929,2.40,1.87
2021.06.24 15:21:34.872,1.19288,1.1929,2.32,0.37
2021.06.24 15:21:34.923,1.19286,1.19289,0.75,3.82
2021.06.24 15:21:34.974,1.19285,1.19286,3.52,1.12
2021.06.24 15:21:36.385,1.19286,1.19288,1.57,0.75
2021.06.24 15:21:36.486,1.19287,1.19289,0.75,0.82
2021.06.24 15:21:37.665,1.19286,1.19289,0.75,2.14
2021.06.24 15:21:38.221,1.19286,1.19288,0.75,1.12
2021.06.24 15:21:38.677,1.19285,1.19286,2.70,0.75
2021.06.24 15:21:38.832,1.19284,1.19287,2.32,0.75
2021.06.24 15:21:39.803,1.19285,1.19288,2.32,0.75
2021.06.24 15:21:42.391,1.19286,1.19288,1.57,0.75
2021.06.24 15:21:43.278,1.19287,1.1929,3.07,1.12
2021.06.24 15:21:43.379,1.19288,1.1929,1.57,1.12
2021.06.24 15:21:44.653,1.19288,1.19291,2.32,1.69
2021.06.24 15:21:45.035,1.19293,1.19295,1.57,3.19
2021.06.24 15:21:45.137,1.19293,1.19296,2.32,0.75
2021.06.24 15:21:45.239,1.19294,1.19296,1.57,0.75
2021.06.24 15:21:49.147,1.19291,1.19293,2.32,0.75
2021.06.24 15:21:49.249,1.1929,1.19293,2.40,0.75
2021.06.24 15:21:50.236,1.1929,1.19294,2.32,2.02
2021.06.24 15:21:50.338,1.19291,1.19294,1.57,1.12
2021.06.24 15:21:50.962,1.19291,1.19293,1.57,0.75
2021.06.24 15:21:51.063,1.1929,1.19293,2.32,1.12
2021.06.24 15:21:51.165,1.1929,1.19292,2.32,0.75
2021.06.24 15:21:51.419,1.1929,1.19293,2.32,0.75
2021.06.24 15:21:51.521,1.19293,1.19295,0.75,5.35
2021.06.24 15:22:05.086,1.19296,1.19297,1.50,6.85
2021.06.24 15:22:05.137,1.19298,1.193,2.32,0.56
2021.06.24 15:22:05.239,1.19298,1.19301,0.75,2.02
2021.06.24 15:22:05.340,1.19298,1.193,2.32,0.75
2021.06.24 15:22:07.600,1.19298,1.19301,2.32,1.50
2021.06.24 15:22:07.957,1.19298,1.193,0.75,0.75
2021.06.24 15:22:08.059,1.19297,1.193,0.75,3.26
2021.06.24 15:22:11.016,1.19296,1.19297,0.75,1.57
2021.06.24 15:22:11.118,1.19294,1.19297,2.32,0.75
2021.06.24 15:22:13.306,1.19294,1.19296,0.75,0.75
2021.06.24 15:22:15.551,1.19295,1.19297,2.32,0.75
2021.06.24 15:22:15.653,1.19296,1.19298,1.57,0.75
2021.06.24 15:22:16.664,1.19295,1.19298,2.32,1.50
2021.06.24 15:22:16.766,1.19294,1.19296,2.32,0.75
2021.06.24 15:22:26.807,1.19292,1.19294,0.37,1.50
2021.06.24 15:22:26.908,1.19293,1.19296,2.32,6.55
2021.06.24 15:22:27.213,1.19294,1.19296,1.57,1.50
2021.06.24 15:22:27.315,1.19293,1.19295,2.32,0.75
2021.06.24 15:22:29.687,1.19291,1.19294,1.57,3.00
2021.06.24 15:22:29.738,1.1929,1.19292,3.52,0.75
2021.06.24 15:22:31.172,1.19286,1.19288,1.65,0.75
2021.06.24 15:22:32.497,1.19286,1.19287,2.32,1.50
2021.06.24 15:22:32.548,1.19282,1.19286,3.07,1.50
2021.06.24 15:22:32.650,1.19282,1.19285,2.32,0.75
2021.06.24 15:22:34.485,1.19283,1.19285,0.75,0.75
2021.06.24 15:22:39.081,1.19283,1.19284,2.32,1.50
2021.06.24 15:22:42.885,1.19281,1.19284,1.95,1.50
2021.06.24 15:22:42.987,1.19279,1.19283,3.52,2.25
2021.06.24 15:22:43.038,1.19279,1.19281,3.52,0.75
2021.06.24 15:22:45.999,1.19278,1.1928,2.32,0.75
2021.06.24 15:22:46.050,1.1928,1.19282,3.07,5.73
2021.06.24 15:22:46.101,1.19283,1.19285,1.57,1.87
2021.06.24 15:22:46.152,1.19285,1.19287,2.32,4.98
2021.06.24 15:22:46.253,1.19286,1.19288,2.32,8.25
2021.06.24 15:22:46.355,1.19287,1.19289,2.32,0.37
2021.06.24 15:22:46.457,1.19287,1.1929,2.32,1.87
2021.06.24 15:22:47.166,1.19288,1.1929,1.57,1.87
2021.06.24 15:22:50.824,1.19291,1.19292,3.45,1.87
2021.06.24 15:22:50.925,1.19292,1.19294,1.57,0.75
2021.06.24 15:22:51.731,1.19293,1.19295,0.75,1.12
2021.06.24 15:22:51.782,1.19291,1.19292,2.32,0.75
2021.06.24 15:22:51.883,1.1929,1.19292,0.75,1.12
2021.06.24 15:22:52.137,1.19289,1.19292,1.57,1.87
2021.06.24 15:22:52.239,1.19288,1.1929,1.57,0.75
2021.06.24 15:22:52.341,1.19287,1.19289,1.57,0.75
2021.06.24 15:22:52.846,1.19288,1.1929,2.32,0.75
2021.06.24 15:22:53.391,1.19288,1.19291,2.32,1.87
2021.06.24 15:22:53.494,1.19289,1.19291,1.57,0.75
2021.06.24 15:22:53.912,1.1929,1.19293,2.32,1.50
2021.06.24 15:22:54.916,1.19291,1.19293,2.32,0.75
2021.06.24 15:22:56.039,1.1929,1.19291,3.07,1.50
2021.06.24 15:22:57.215,1.1929,1.19292,1.57,0.75
2021.06.24 15:22:58.230,1.19288,1.19291,2.32,1.50
2021.06.24 15:22:59.069,1.19286,1.19289,2.32,2.25
2021.06.24 15:22:59.172,1.19285,1.19287,0.75,1.50
2021.06.24 15:23:00.269,1.19286,1.19289,2.32,1.57
2021.06.24 15:23:00.371,1.19287,1.1929,0.75,7.60
2021.06.24 15:23:00.878,1.19288,1.19291,0.75,7.98
2021.06.24 15:23:01.131,1.19288,1.1929,0.75,0.75
2021.06.24 15:23:02.758,1.19287,1.1929,0.75,3.37
2021.06.24 15:23:03.001,1.19285,1.19288,1.12,2.25
2021.06.24 15:23:03.257,1.19285,1.19287,0.75,1.50
2021.06.24 15:23:03.309,1.19283,1.19286,0.75,1.50
2021.06.24 15:23:07.741,1.19283,1.19285,0.75,0.75
2021.06.24 15:23:08.122,1.19283,1.19286,0.75,1.87
2021.06.24 15:23:08.685,1.19284,1.19286,0.75,0.37
2021.06.24 15:23:08.787,1.19283,1.19286,2.32,1.12
2021.06.24 15:23:08.939,1.19282,1.19284,0.75,0.37
2021.06.24 15:23:08.990,1.1928,1.19283,6.72,0.37
2021.06.24 15:23:09.142,1.19282,1.19283,2.32,1.50
2021.06.24 15:23:09.244,1.19281,1.19286,3.07,10.75
2021.06.24 15:23:09.295,1.19283,1.19286,0.75,1.20
2021.06.24 15:23:12.279,1.19283,1.19287,2.32,1.87
2021.06.24 15:23:12.381,1.19285,1.19288,0.75,2.25
2021.06.24 15:23:12.534,1.19285,1.19287,0.75,0.37
2021.06.24 15:23:12.585,1.19283,1.19286,0.75,1.12
2021.06.24 15:23:15.603,1.19283,1.19284,2.32,0.37
2021.06.24 15:23:15.705,1.19283,1.19286,0.75,1.87
2021.06.24 15:23:16.270,1.19283,1.19285,0.75,0.37
2021.06.24 15:23:16.422,1.19281,1.19283,0.75,1.50
2021.06.24 15:23:16.524,1.1928,1.19282,0.75,0.37
2021.06.24 15:23:16.626,1.19281,1.19282,0.75,2.44
2021.06.24 15:23:18.432,1.19279,1.19282,2.32,0.75
2021.06.24 15:23:19.569,1.19281,1.19284,2.32,1.50
2021.06.24 15:23:20.315,1.1928,1.19284,3.82,2.25
2021.06.24 15:23:20.416,1.1928,1.19283,0.75,2.25
2021.06.24 15:23:20.518,1.1928,1.19281,3.07,0.37
2021.06.24 15:23:20.670,1.19282,1.19284,2.32,0.37
2021.06.24 15:23:20.771,1.19283,1.19285,2.32,0.37
2021.06.24 15:23:21.126,1.19283,1.19286,2.32,0.75
2021.06.24 15:23:21.384,1.19283,1.19285,2.32,0.37
2021.06.24 15:23:21.616,1.19283,1.19286,2.32,1.12
2021.06.24 15:23:24.631,1.19282,1.19285,0.75,1.12
2021.06.24 15:23:27.599,1.19282,1.19284,6.15,1.12
2021.06.24 15:23:30.138,1.19284,1.19287,1.57,4.12
2021.06.24 15:23:30.240,1.19285,1.19287,1.57,0.75
2021.06.24 15:23:30.291,1.19287,1.19289,2.70,0.45
2021.06.24 15:23:30.393,1.19288,1.1929,1.57,0.75
2021.06.24 15:23:31.995,1.1929,1.19292,1.57,0.75
2021.06.24 15:23:32.097,1.19289,1.19292,3.07,1.12
2021.06.24 15:23:32.400,1.19289,1.19291,2.32,0.75
2021.06.24 15:23:32.552,1.19288,1.1929,3.07,0.19
2021.06.24 15:23:32.603,1.19286,1.19287,7.47,0.37
2021.06.24 15:23:32.705,1.19287,1.19289,1.57,0.37
2021.06.24 15:23:33.059,1.19286,1.19289,2.32,1.12
2021.06.24 15:23:33.262,1.19287,1.19289,1.57,0.75
2021.06.24 15:23:33.363,1.19286,1.19289,2.32,0.75
2021.06.24 15:23:36.036,1.19285,1.19286,3.07,0.37
2021.06.24 15:23:36.239,1.19287,1.19289,1.57,5.35
2021.06.24 15:23:36.510,1.19286,1.19289,8.32,0.75
2021.06.24 15:23:36.663,1.19287,1.19289,1.57,0.75
2021.06.24 15:23:44.659,1.19288,1.19292,2.32,3.45
2021.06.24 15:23:44.711,1.1929,1.19292,1.57,1.50
2021.06.24 15:23:44.762,1.19292,1.19294,1.57,2.25
2021.06.24 15:23:44.864,1.19292,1.19295,1.57,1.50
2021.06.24 15:23:45.016,1.19289,1.19292,4.57,0.75
2021.06.24 15:23:45.169,1.19288,1.1929,1.57,0.75
2021.06.24 15:23:45.271,1.19285,1.19287,0.75,1.50
2021.06.24 15:23:45.322,1.19283,1.19285,7.50,0.75
2021.06.24 15:23:45.424,1.19281,1.19283,0.10,1.50
2021.06.24 15:23:45.577,1.19279,1.19282,2.32,0.75
2021.06.24 15:23:46.049,1.19278,1.19281,6.07,0.75
2021.06.24 15:23:46.409,1.1928,1.19282,1.57,0.75
2021.06.24 15:23:47.639,1.19279,1.19282,5.32,1.50
2021.06.24 15:23:47.740,1.19279,1.19281,0.75,0.75
2021.06.24 15:23:48.171,1.19278,1.19281,6.26,0.75
2021.06.24 15:23:49.911,1.19278,1.1928,2.32,0.75
2021.06.24 15:23:50.063,1.19279,1.19282,1.57,0.75
2021.06.24 15:23:50.426,1.19279,1.19283,1.57,3.07
2021.06.24 15:23:50.629,1.19279,1.19284,4.57,2.51
2021.06.24 15:23:50.730,1.19279,1.19282,5.32,0.75
2021.06.24 15:23:51.300,1.19279,1.19283,4.57,1.95
2021.06.24 15:23:51.402,1.19279,1.19281,1.57,0.75
2021.06.24 15:23:51.503,1.19278,1.19281,6.07,0.75
2021.06.24 15:23:54.688,1.19278,1.1928,2.70,0.75
2021.06.24 15:23:54.739,1.1928,1.19283,1.57,0.45
2021.06.24 15:23:55.748,1.19279,1.19282,6.07,0.75
2021.06.24 15:23:55.850,1.19278,1.19281,6.07,0.75
2021.06.24 15:23:57.644,1.19281,1.19283,1.57,1.12
2021.06.24 15:23:57.746,1.19282,1.19284,1.57,0.75
2021.06.24 15:23:58.153,1.19283,1.19285,1.57,0.75
2021.06.24 15:24:05.234,1.19282,1.19285,7.20,0.75
2021.06.24 15:24:05.387,1.19281,1.19284,1.20,0.37
2021.06.24 15:24:05.489,1.19281,1.19282,0.75,1.12
2021.06.24 15:24:05.590,1.19279,1.19282,6.07,0.75
2021.06.24 15:24:06.022,1.19278,1.19281,3.45,1.12
2021.06.24 15:24:07.684,1.19278,1.1928,1.57,0.75
2021.06.24 15:24:09.071,1.19281,1.19283,2.70,4.98
2021.06.24 15:24:09.173,1.19282,1.19285,3.07,0.75
2021.06.24 15:24:11.234,1.19285,1.19287,1.50,2.81
2021.06.24 15:24:11.337,1.19284,1.19287,1.57,1.87
2021.06.24 15:24:11.490,1.19284,1.19286,1.57,0.75
2021.06.24 15:24:11.592,1.19283,1.19285,0.82,0.37
2021.06.24 15:24:11.644,1.19281,1.19283,0.75,1.12
2021.06.24 15:24:11.745,1.1928,1.19283,2.32,1.12
2021.06.24 15:24:13.972,1.19281,1.19284,4.57,0.75
2021.06.24 15:24:14.073,1.1928,1.19284,4.57,0.37
2021.06.24 15:24:14.175,1.19279,1.19282,5.32,1.12
2021.06.24 15:24:14.276,1.1928,1.19282,1.57,0.75
2021.06.24 15:24:14.377,1.1928,1.19283,2.32,0.75
2021.06.24 15:24:17.413,1.19279,1.19282,3.07,0.75
2021.06.24 15:24:17.666,1.19278,1.19281,0.75,2.06
2021.06.24 15:24:17.767,1.19277,1.1928,5.32,0.75
2021.06.24 15:24:20.276,1.19278,1.19281,0.75,2.06
2021.06.24 15:24:23.977,1.1928,1.19282,0.75,0.82
2021.06.24 15:24:24.028,1.19281,1.19284,0.75,6.48
2021.06.24 15:24:27.090,1.19282,1.19284,0.75,0.37
2021.06.24 15:24:27.141,1.19283,1.19286,2.32,1.87
2021.06.24 15:24:27.242,1.19284,1.19287,0.75,2.14
2021.06.24 15:24:27.495,1.19284,1.19286,0.75,0.37
2021.06.24 15:24:32.739,1.19283,1.19285,2.32,0.37
2021.06.24 15:24:32.790,1.19282,1.19284,3.07,3.19
2021.06.24 15:24:32.891,1.19281,1.19284,1.95,1.12
2021.06.24 15:24:32.993,1.19281,1.19283,0.75,0.37
2021.06.24 15:24:33.449,1.1928,1.19283,0.75,1.69
2021.06.24 15:24:33.703,1.19281,1.19284,0.75,1.95
2021.06.24 15:24:34.719,1.19282,1.19285,1.50,0.37
2021.06.24 15:24:34.821,1.19282,1.19286,6.07,2.06
2021.06.24 15:24:35.477,1.19283,1.19286,0.75,2.06
2021.06.24 15:24:35.578,1.19284,1.19286,0.75,1.31
2021.06.24 15:24:44.341,1.19286,1.19288,0.75,0.75
2021.06.24 15:24:44.443,1.19286,1.19289,0.75,1.50
2021.06.24 15:24:44.546,1.19287,1.19289,0.75,0.75
2021.06.24 15:24:44.902,1.19288,1.1929,0.75,0.75
2021.06.24 15:24:45.004,1.19288,1.19291,0.75,2.81
2021.06.24 15:24:45.362,1.19286,1.19289,1.50,0.37
2021.06.24 15:24:45.514,1.19286,1.19288,0.75,0.37
2021.06.24 15:24:45.617,1.19285,1.19287,0.75,0.37
2021.06.24 15:24:46.126,1.19286,1.19289,1.50,1.50
2021.06.24 15:24:47.565,1.19288,1.19289,0.75,1.87
2021.06.24 15:24:47.666,1.19288,1.19291,0.75,3.56
2021.06.24 15:24:50.335,1.19287,1.19289,0.75,0.37
2021.06.24 15:24:52.341,1.19287,1.1929,0.75,3.94
2021.06.24 15:24:52.757,1.19287,1.19289,0.75,0.37
2021.06.24 15:24:53.014,1.19288,1.19289,1.50,3.19
2021.06.24 15:24:53.116,1.19288,1.19291,0.75,2.44
2021.06.24 15:24:55.464,1.1929,1.19293,0.75,2.32
2021.06.24 15:24:55.566,1.19292,1.19294,1.57,0.10
2021.06.24 15:24:55.668,1.19291,1.19293,0.75,0.56
2021.06.24 15:24:55.771,1.1929,1.19292,0.75,0.94
2021.06.24 15:24:55.822,1.19289,1.1929,2.32,0.94
2021.06.24 15:24:55.924,1.19289,1.19292,0.75,2.06
2021.06.24 15:24:56.557,1.19289,1.1929,2.32,0.19
2021.06.24 15:24:56.658,1.1929,1.19291,0.75,1.31
2021.06.24 15:24:57.795,1.19291,1.19293,0.75,0.75
2021.06.24 15:24:57.846,1.19293,1.19296,0.75,5.05
2021.06.24 15:24:58.049,1.19294,1.19297,0.75,2.62
2021.06.24 15:24:58.201,1.19295,1.19298,0.75,1.12
2021.06.24 15:24:58.454,1.19295,1.19297,0.75,0.56
2021.06.24 15:24:59.475,1.19293,1.19296,1.50,0.56
2021.06.24 15:25:00.015,1.19293,1.19297,0.75,1.31
2021.06.24 15:25:01.112,1.19294,1.19297,0.75,1.12
2021.06.24 15:25:01.214,1.19297,1.19299,5.32,5.43
2021.06.24 15:25:01.315,1.19298,1.19299,0.75,6.10
2021.06.24 15:25:02.920,1.19295,1.19297,7.85,0.75
2021.06.24 15:25:03.021,1.19295,1.19298,4.50,1.12
2021.06.24 15:25:03.072,1.19299,1.19301,0.75,0.10
2021.06.24 15:25:03.174,1.19299,1.19302,0.75,0.75
2021.06.24 15:25:03.426,1.19301,1.19303,2.70,0.75
2021.06.24 15:25:03.477,1.19302,1.19305,5.70,0.75
2021.06.24 15:25:03.731,1.19302,1.19304,0.75,0.56
2021.06.24 15:25:03.834,1.19302,1.19303,0.10,2.81
2021.06.24 15:25:03.936,1.19302,1.19305,2.70,0.75
2021.06.24 15:25:04.039,1.193,1.19303,0.75,1.12
2021.06.24 15:25:10.051,1.19302,1.19305,2.32,1.76
2021.06.24 15:25:10.153,1.19303,1.19305,0.75,0.10
2021.06.24 15:25:10.254,1.19303,1.19306,0.75,0.75
2021.06.24 15:25:11.134,1.19306,1.19309,3.07,1.12
2021.06.24 15:25:11.236,1.19307,1.1931,3.82,0.75
2021.06.24 15:25:13.238,1.19308,1.1931,1.57,0.75
2021.06.24 15:25:13.289,1.19309,1.19312,0.75,1.50
2021.06.24 15:25:14.926,1.1931,1.19313,6.07,1.12
2021.06.24 15:25:15.027,1.19311,1.19314,0.75,1.50
2021.06.24 15:25:15.130,1.19312,1.19315,0.75,2.70
2021.06.24 15:25:15.283,1.19314,1.19316,0.75,2.06
2021.06.24 15:25:15.384,1.19313,1.19316,0.75,2.62
2021.06.24 15:25:15.486,1.19313,1.19315,0.75,0.19
2021.06.24 15:25:16.416,1.1931,1.19313,0.75,0.37
2021.06.24 15:25:16.618,1.1931,1.19314,2.32,1.12
2021.06.24 15:25:16.720,1.19311,1.19314,0.75,1.12
2021.06.24 15:25:17.516,1.1931,1.19313,0.75,0.37
2021.06.24 15:25:17.905,1.19309,1.19312,6.07,0.75
2021.06.24 15:25:22.543,1.19307,1.1931,2.25,0.75
2021.06.24 15:25:22.644,1.19305,1.19309,2.32,1.12
2021.06.24 15:25:23.101,1.19308,1.19309,2.32,1.12
2021.06.24 15:25:23.841,1.19309,1.19312,5.32,1.12
2021.06.24 15:25:31.934,1.19308,1.19311,0.75,2.62
2021.06.24 15:25:32.036,1.19308,1.1931,0.75,0.37
2021.06.24 15:25:32.139,1.19308,1.19311,0.75,2.25
2021.06.24 15:25:36.084,1.19309,1.19312,0.75,1.50
2021.06.24 15:25:37.378,1.19308,1.19311,3.75,2.62
2021.06.24 15:25:37.480,1.19308,1.1931,0.75,0.37
2021.06.24 15:25:37.531,1.19305,1.19308,0.75,1.50
2021.06.24 15:25:37.634,1.19303,1.19306,0.75,2.25
2021.06.24 15:25:37.737,1.19303,1.19305,0.75,0.94
2021.06.24 15:25:38.170,1.19302,1.19305,3.75,1.50
2021.06.24 15:25:42.306,1.19302,1.19304,0.75,0.19
2021.06.24 15:25:42.407,1.19302,1.19305,0.75,2.06
2021.06.24 15:25:49.747,1.19306,1.19308,0.75,4.60
2021.06.24 15:25:49.849,1.19305,1.19307,0.75,0.19
2021.06.24 15:25:49.951,1.19305,1.19308,0.75,1.76
2021.06.24 15:25:50.052,1.19305,1.19307,0.75,0.56
2021.06.24 15:25:50.305,1.19304,1.19307,0.75,1.31
2021.06.24 15:25:57.543,1.19305,1.19306,0.75,2.44
2021.06.24 15:25:57.696,1.19304,1.19307,0.75,1.69
2021.06.24 15:25:58.204,1.19305,1.19308,3.75,1.50
2021.06.24 15:26:00.257,1.19304,1.19307,4.50,0.56
2021.06.24 15:26:00.408,1.19304,1.19308,4.50,2.14
2021.06.24 15:26:01.207,1.19304,1.19307,4.50,0.37
2021.06.24 15:26:01.594,1.19304,1.19308,4.50,2.14
2021.06.24 15:26:02.714,1.19305,1.19308,5.32,1.50
2021.06.24 15:26:02.866,1.19305,1.19309,5.32,3.56
2021.06.24 15:26:03.068,1.19307,1.1931,0.75,2.14
2021.06.24 15:26:10.409,1.19308,1.1931,0.75,0.56
2021.06.24 15:26:10.510,1.19307,1.1931,0.75,0.56
2021.06.24 15:26:11.931,1.19305,1.19309,0.75,1.87
2021.06.24 15:26:12.033,1.19305,1.19308,0.75,1.31
2021.06.24 15:26:12.449,1.19306,1.19308,0.75,0.37
2021.06.24 15:26:12.702,1.19307,1.19308,3.75,0.37
2021.06.24 15:26:12.907,1.19307,1.1931,0.75,0.37
2021.06.24 15:26:14.058,1.19307,1.19311,0.75,3.19
2021.06.24 15:26:15.351,1.19307,1.1931,0.75,0.19
2021.06.24 15:26:16.957,1.19307,1.19311,0.75,3.56
2021.06.24 15:26:17.750,1.19307,1.1931,0.75,0.37
2021.06.24 15:26:17.852,1.19307,1.19311,0.75,3.75
2021.06.24 15:26:20.140,1.19308,1.19311,0.75,1.12
2021.06.24 15:26:20.292,1.19307,1.1931,0.75,0.94
2021.06.24 15:26:20.598,1.19307,1.19311,0.75,4.31
2021.06.24 15:26:21.089,1.19307,1.1931,0.75,2.44
2021.06.24 15:26:21.293,1.19306,1.19309,0.75,2.62
2021.06.24 15:26:21.446,1.19306,1.1931,2.32,3.19
2021.06.24 15:26:21.704,1.19307,1.1931,0.75,2.44
2021.06.24 15:26:22.673,1.19305,1.19308,2.32,0.75
2021.06.24 15:26:23.104,1.19306,1.19309,0.75,2.06
2021.06.24 15:26:23.206,1.19306,1.1931,0.75,4.46
2021.06.24 15:26:24.086,1.19307,1.1931,0.75,3.19
2021.06.24 15:26:25.168,1.19307,1.19311,0.75,6.37
2021.06.24 15:26:26.756,1.19308,1.19311,3.00,2.25
2021.06.24 15:26:26.858,1.19307,1.19311,2.32,3.37
2021.06.24 15:26:27.835,1.19307,1.1931,2.32,0.94
2021.06.24 15:26:28.038,1.19307,1.19311,2.32,3.75
2021.06.24 15:26:30.012,1.19305,1.19308,4.50,0.94
2021.06.24 15:26:32.037,1.19302,1.19305,3.37,1.12
2021.06.24 15:26:32.139,1.19301,1.19304,0.75,1.87
2021.06.24 15:26:32.241,1.19302,1.19304,0.75,0.37
2021.06.24 15:26:32.342,1.19303,1.19305,0.75,0.10
2021.06.24 15:26:32.444,1.19303,1.19306,3.75,0.75
2021.06.24 15:26:36.361,1.19302,1.19305,0.75,2.44
2021.06.24 15:26:36.463,1.19301,1.19304,0.75,2.81
2021.06.24 15:26:36.668,1.19301,1.19303,0.75,5.81
2021.06.24 15:26:37.084,1.19302,1.19304,0.75,0.45
2021.06.24 15:26:37.187,1.19304,1.19305,0.75,2.81
2021.06.24 15:26:37.666,1.19303,1.19305,3.75,4.12
2021.06.24 15:26:41.716,1.19301,1.19304,0.75,1.69
2021.06.24 15:26:42.615,1.19301,1.19303,0.75,0.94
2021.06.24 15:26:42.720,1.19301,1.19304,3.75,2.44
2021.06.24 15:26:42.822,1.19302,1.19305,3.75,8.17
2021.06.24 15:26:44.545,1.19301,1.19304,0.75,3.19
2021.06.24 15:26:44.748,1.19301,1.19303,0.75,0.94
2021.06.24 15:26:45.018,1.193,1.19304,0.75,4.31
2021.06.24 15:26:46.033,1.193,1.19303,0.75,0.37
2021.06.24 15:26:50.368,1.19297,1.19299,0.75,1.50
2021.06.24 15:26:50.470,1.19297,1.19298,5.15,3.19
2021.06.24 15:26:50.623,1.19297,1.19299,0.75,1.12
2021.06.24 15:26:50.828,1.19297,1.193,0.75,1.12
2021.06.24 15:27:00.221,1.19296,1.19299,5.32,0.75
2021.06.24 15:27:01.553,1.19297,1.193,0.75,2.44
2021.06.24 15:27:04.085,1.19296,1.19299,3.75,1.87
2021.06.24 15:27:04.186,1.19294,1.19297,0.75,1.31
2021.06.24 15:27:17.035,1.19296,1.19299,2.32,2.62
2021.06.24 15:27:17.137,1.19298,1.19299,0.75,3.07
2021.06.24 15:27:17.694,1.19295,1.19296,7.65,0.94
2021.06.24 15:27:17.800,1.19294,1.19297,4.95,1.31
2021.06.24 15:27:17.902,1.19293,1.19296,2.32,0.75
2021.06.24 15:27:21.052,1.19292,1.19295,6.07,0.75
2021.06.24 15:27:24.686,1.1929,1.19293,8.60,0.75
2021.06.24 15:27:24.787,1.1929,1.19292,2.32,0.75
2021.06.24 15:27:25.208,1.19291,1.19293,1.57,0.75
2021.06.24 15:27:25.259,1.19292,1.19295,0.75,0.75
2021.06.24 15:27:29.222,1.19293,1.19296,2.32,1.12
2021.06.24 15:27:29.324,1.19295,1.19297,1.57,0.75
2021.06.24 15:27:29.779,1.19296,1.19297,2.32,0.75
2021.06.24 15:27:29.881,1.19294,1.19297,0.75,0.75
2021.06.24 15:27:31.549,1.19293,1.19296,0.75,0.75
2021.06.24 15:27:35.076,1.19294,1.19297,5.32,0.75
2021.06.24 15:27:35.177,1.19295,1.19297,1.57,0.75
2021.06.24 15:27:36.556,1.19295,1.19298,2.32,0.75
2021.06.24 15:27:40.197,1.19294,1.19297,3.82,0.75
2021.06.24 15:27:42.446,1.19293,1.19296,4.50,2.06
2021.06.24 15:27:44.324,1.19292,1.19294,8.77,0.75
2021.06.24 15:27:44.526,1.19292,1.19295,7.20,0.75
2021.06.24 15:27:44.628,1.19292,1.19294,9.52,0.75
2021.06.24 15:27:45.794,1.19293,1.19296,1.65,0.37
2021.06.24 15:27:45.896,1.19293,1.19295,1.65,0.75
2021.06.24 15:27:48.412,1.19292,1.19295,3.07,0.75
2021.06.24 15:27:48.917,1.19292,1.19294,0.75,0.75
2021.06.24 15:27:50.188,1.19292,1.19295,2.70,0.75
2021.06.24 15:27:50.239,1.1929,1.19293,3.52,1.12
2021.06.24 15:27:50.757,1.19289,1.19291,3.07,0.75
2021.06.24 15:27:53.250,1.19288,1.19291,3.82,0.75
2021.06.24 15:27:53.582,1.19289,1.19291,0.75,0.75
2021.06.24 15:27:53.683,1.19289,1.19292,3.07,0.75
2021.06.24 15:27:57.161,1.1929,1.19293,5.32,0.75
2021.06.24 15:27:57.212,1.19293,1.19295,0.75,1.76
2021.06.24 15:27:57.832,1.19294,1.19295,3.07,0.75
2021.06.24 15:28:01.819,1.19294,1.19296,1.57,0.75
2021.06.24 15:28:02.022,1.19293,1.19296,3.82,0.75
2021.06.24 15:28:03.104,1.19292,1.19294,3.07,0.75
2021.06.24 15:28:03.509,1.19293,1.19296,0.75,0.75
2021.06.24 15:28:05.371,1.19292,1.19295,2.70,0.75
2021.06.24 15:28:06.983,1.19294,1.19297,2.70,2.81
2021.06.24 15:28:07.086,1.19296,1.19299,2.32,0.75
2021.06.24 15:28:08.341,1.19297,1.19299,2.32,0.75
2021.06.24 15:28:08.543,1.19297,1.193,3.07,0.75
2021.06.24 15:28:09.303,1.19298,1.193,0.75,0.75
2021.06.24 15:28:13.026,1.19297,1.19299,0.75,0.75
2021.06.24 15:28:15.426,1.19297,1.193,0.75,1.69
2021.06.24 15:28:16.115,1.19296,1.19299,4.20,0.75
2021.06.24 15:28:18.866,1.19295,1.19298,2.62,0.75
2021.06.24 15:28:19.170,1.19294,1.19297,3.82,0.75
2021.06.24 15:28:19.271,1.19294,1.19296,0.37,1.31
2021.06.24 15:28:19.474,1.19294,1.19297,0.37,5.44
2021.06.24 15:28:19.575,1.19292,1.19295,3.07,0.75
2021.06.24 15:28:20.557,1.19293,1.19295,1.57,0.75
2021.06.24 15:28:20.659,1.19295,1.19297,0.37,0.75
2021.06.24 15:28:20.760,1.19295,1.19296,3.07,0.75
2021.06.24 15:28:24.855,1.19295,1.19298,3.07,1.20
2021.06.24 15:28:24.956,1.19296,1.19298,2.32,0.75
2021.06.24 15:28:25.058,1.19297,1.19298,3.07,0.75
2021.06.24 15:28:26.148,1.19297,1.19299,0.75,0.75
2021.06.24 15:28:26.198,1.19295,1.19298,1.50,1.12
2021.06.24 15:28:26.725,1.19296,1.19298,1.57,0.75
2021.06.24 15:28:26.827,1.19296,1.19299,3.45,0.82
2021.06.24 15:28:28.888,1.19297,1.193,3.45,0.75
2021.06.24 15:28:30.407,1.19298,1.193,1.57,0.75
2021.06.24 15:28:30.509,1.19297,1.193,4.57,0.75
2021.06.24 15:28:31.475,1.19298,1.193,1.57,0.75
2021.06.24 15:28:33.082,1.19298,1.19301,2.32,0.75
2021.06.24 15:28:33.556,1.19297,1.19299,0.75,0.75
2021.06.24 15:28:33.658,1.19297,1.19298,3.82,0.75
2021.06.24 15:28:33.912,1.19297,1.19299,0.75,0.75
2021.06.24 15:28:37.767,1.19296,1.19299,3.15,0.75
2021.06.24 15:28:40.184,1.19297,1.19299,0.75,0.75
2021.06.24 15:28:42.423,1.19297,1.193,3.07,0.75
2021.06.24 15:28:44.028,1.19297,1.19299,2.70,0.75
2021.06.24 15:28:44.130,1.19295,1.19298,6.72,0.75
2021.06.24 15:28:44.534,1.19296,1.19298,1.57,0.75
2021.06.24 15:28:46.093,1.19297,1.19299,3.82,0.75
2021.06.24 15:28:46.346,1.19297,1.19299,0.37,0.75
2021.06.24 15:28:46.909,1.19296,1.19299,3.45,0.75
2021.06.24 15:28:47.286,1.19297,1.19299,1.57,0.75
2021.06.24 15:29:00.231,1.19296,1.19298,0.37,0.75
2021.06.24 15:29:00.337,1.19295,1.19298,0.75,1.12
2021.06.24 15:29:00.692,1.19296,1.19298,1.57,0.75
2021.06.24 15:29:01.478,1.19296,1.19299,4.57,0.75
2021.06.24 15:29:01.579,1.19297,1.19299,1.57,0.75
2021.06.24 15:29:03.196,1.19298,1.193,1.57,0.75
2021.06.24 15:29:04.380,1.193,1.19303,2.62,8.35
2021.06.24 15:29:04.431,1.19302,1.19304,0.75,0.82
2021.06.24 15:29:04.532,1.19303,1.19305,2.32,0.75
2021.06.24 15:29:04.583,1.19306,1.19308,1.57,5.35
2021.06.24 15:29:04.685,1.19307,1.19309,1.57,1.50
2021.06.24 15:29:07.392,1.19306,1.19309,2.32,0.75
2021.06.24 15:29:08.471,1.19306,1.19308,1.57,0.75
2021.06.24 15:29:09.449,1.19305,1.19307,3.15,0.75
2021.06.24 15:29:10.260,1.19305,1.19309,1.95,5.21
2021.06.24 15:29:10.690,1.19306,1.19307,1.57,0.10
2021.06.24 15:29:10.876,1.19305,1.19309,1.57,5.21
2021.06.24 15:29:12.367,1.19305,1.19308,1.57,0.10
2021.06.24 15:29:12.546,1.19304,1.19306,0.75,0.75
2021.06.24 15:29:13.638,1.19305,1.19309,1.57,6.34
2021.06.24 15:29:13.820,1.19305,1.19308,1.57,0.10
2021.06.24 15:29:13.877,1.19304,1.19306,0.75,0.75
2021.06.24 15:29:16.198,1.19305,1.19307,1.57,0.75
2021.06.24 15:29:16.708,1.19305,1.19308,1.57,0.19
2021.06.24 15:29:16.809,1.19304,1.19306,2.70,0.75
2021.06.24 15:29:17.313,1.19306,1.19307,3.82,0.75
2021.06.24 15:29:17.415,1.19306,1.19308,1.57,0.75
2021.06.24 15:29:17.979,1.19305,1.19309,1.57,4.01
2021.06.24 15:29:18.080,1.19304,1.19306,2.32,0.75
2021.06.24 15:29:21.108,1.19303,1.19305,0.75,0.75
2021.06.24 15:29:21.210,1.19302,1.19305,2.32,1.12
2021.06.24 15:29:21.311,1.19302,1.19304,1.57,0.75
2021.06.24 15:29:22.981,1.19302,1.19306,1.57,6.45
2021.06.24 15:29:23.082,1.19302,1.19305,1.57,0.75
2021.06.24 15:29:25.099,1.19301,1.19303,8.32,0.75
2021.06.24 15:29:29.102,1.193,1.19302,1.57,0.75
2021.06.24 15:29:29.203,1.19299,1.19301,1.57,0.75
2021.06.24 15:29:29.305,1.19298,1.19301,3.45,0.75
2021.06.24 15:29:32.223,1.19299,1.19301,2.69,4.12
2021.06.24 15:29:32.325,1.19299,1.19302,1.57,3.37
2021.06.24 15:29:34.864,1.19298,1.193,1.95,0.75
2021.06.24 15:29:39.826,1.19298,1.19301,0.37,4.01
2021.06.24 15:29:39.928,1.19298,1.193,0.37,0.37
2021.06.24 15:29:40.029,1.19297,1.19299,1.57,0.75
2021.06.24 15:29:43.131,1.19296,1.19298,2.32,0.75
2021.06.24 15:29:43.283,1.19295,1.19297,2.32,0.75
2021.06.24 15:29:43.695,1.19296,1.19299,2.32,1.50
2021.06.24 15:29:43.797,1.19296,1.19298,0.75,0.75
2021.06.24 15:29:46.743,1.19297,1.193,1.57,0.75
2021.06.24 15:29:47.250,1.19296,1.19298,0.75,0.75
2021.06.24 15:29:47.352,1.19297,1.19299,1.57,0.75
2021.06.24 15:29:59.370,1.19299,1.19301,1.57,0.75
2021.06.24 15:29:59.780,1.19299,1.19303,2.32,5.32
2021.06.24 15:29:59.881,1.193,1.19303,1.57,4.50
2021.06.24 15:30:00.102,1.193,1.19302,1.57,0.75
2021.06.24 15:30:00.355,1.193,1.19303,1.57,3.75
2021.06.24 15:30:00.405,1.19299,1.19301,1.57,0.75
2021.06.24 15:30:00.837,1.193,1.19303,1.57,4.12
2021.06.24 15:30:01.244,1.193,1.19302,1.57,0.75
2021.06.24 15:30:03.411,1.19298,1.19301,2.77,0.75
2021.06.24 15:30:03.714,1.19298,1.19301,1.12,0.75
2021.06.24 15:30:05.042,1.193,1.19302,1.57,0.37
2021.06.24 15:30:05.143,1.19299,1.19301,2.32,0.75
2021.06.24 15:30:05.295,1.19299,1.19303,3.07,4.12
2021.06.24 15:30:05.563,1.19299,1.19301,2.32,0.75
2021.06.24 15:30:06.309,1.193,1.19302,1.57,0.75
2021.06.24 15:30:06.411,1.19301,1.19303,2.32,0.75
2021.06.24 15:30:06.618,1.19301,1.19304,4.20,0.75
2021.06.24 15:30:06.720,1.19301,1.19305,4.20,0.75
2021.06.24 15:30:08.328,1.19302,1.19305,2.32,0.75
2021.06.24 15:30:08.429,1.19302,1.19304,1.57,0.75
2021.06.24 15:30:08.531,1.19301,1.19304,6.82,0.75
2021.06.24 15:30:13.360,1.193,1.19302,1.50,0.75
2021.06.24 15:30:13.461,1.19299,1.19302,3.52,0.75
2021.06.24 15:30:13.892,1.19299,1.19301,1.57,0.75
2021.06.24 15:30:13.993,1.19299,1.19302,2.32,0.75
2021.06.24 15:30:14.094,1.19299,1.19301,1.57,0.75
2021.06.24 15:30:14.583,1.193,1.19301,2.32,0.75
2021.06.24 15:30:14.754,1.193,1.19302,1.12,0.75
2021.06.24 15:30:14.805,1.19302,1.19303,2.70,1.12
2021.06.24 15:30:15.802,1.19302,1.19305,0.75,2.25
2021.06.24 15:30:20.358,1.19303,1.19305,0.75,0.75
2021.06.24 15:30:20.459,1.19304,1.19306,2.32,0.75
2021.06.24 15:30:21.063,1.19303,1.19306,3.45,0.75
2021.06.24 15:30:22.241,1.19308,1.19309,0.75,8.54
2021.06.24 15:30:22.292,1.19308,1.19311,2.32,10.79
2021.06.24 15:30:22.394,1.19309,1.19311,1.57,1.50
2021.06.24 15:30:25.660,1.19308,1.19311,2.32,1.12
2021.06.24 15:30:26.105,1.19309,1.19311,1.57,1.50
2021.06.24 15:30:32.241,1.19308,1.1931,1.57,0.75
2021.06.24 15:30:35.037,1.19306,1.19308,4.01,0.37
2021.06.24 15:30:35.290,1.19306,1.19309,2.70,0.75
2021.06.24 15:30:35.392,1.19307,1.1931,2.32,1.87
2021.06.24 15:30:35.645,1.19306,1.19309,2.32,2.25
2021.06.24 15:30:36.151,1.19307,1.19309,1.57,0.75
2021.06.24 15:30:42.484,1.19307,1.1931,2.32,1.87
2021.06.24 15:30:43.411,1.19309,1.19312,2.32,4.12
2021.06.24 15:30:44.088,1.19311,1.19313,1.95,0.37
2021.06.24 15:30:44.139,1.19312,1.19315,2.32,8.05
2021.06.24 15:30:44.392,1.19313,1.19315,1.57,1.50
2021.06.24 15:30:44.494,1.19314,1.19316,1.57,0.75
2021.06.24 15:30:44.999,1.19313,1.19316,0.75,0.82
2021.06.24 15:30:53.215,1.19315,1.19316,0.75,0.82
2021.06.24 15:30:56.146,1.19313,1.19315,1.69,0.10
2021.06.24 15:30:57.049,1.19313,1.19316,0.75,1.57
2021.06.24 15:30:57.183,1.19313,1.19315,0.75,0.10
2021.06.24 15:30:57.615,1.19312,1.19314,0.10,1.12
2021.06.24 15:30:57.768,1.1931,1.19314,0.82,1.57
2021.06.24 15:30:58.254,1.19311,1.19314,0.75,0.82
2021.06.24 15:30:58.305,1.19313,1.19315,0.75,0.82
2021.06.24 15:30:58.407,1.19313,1.19316,0.75,1.65
2021.06.24 15:31:06.591,1.19311,1.19313,1.57,1.12
2021.06.24 15:31:06.693,1.19311,1.19314,1.95,1.95
2021.06.24 15:31:07.050,1.19311,1.19313,0.75,0.10
2021.06.24 15:31:08.128,1.1931,1.19313,1.57,0.45
2021.06.24 15:31:08.330,1.1931,1.19314,1.57,0.82
2021.06.24 15:31:08.917,1.1931,1.19313,3.26,0.75
2021.06.24 15:31:09.263,1.19308,1.19312,5.30,1.95
2021.06.24 15:31:09.314,1.19308,1.1931,7.46,0.75
2021.06.24 15:31:11.050,1.19307,1.1931,5.89,0.75
2021.06.24 15:31:12.299,1.19306,1.19308,0.37,0.82
2021.06.24 15:31:12.349,1.19304,1.19307,2.51,0.75
2021.06.24 15:31:12.451,1.19303,1.19307,4.76,0.75
2021.06.24 15:31:12.756,1.19303,1.19306,0.82,0.37
2021.06.24 15:31:13.385,1.19304,1.19306,0.75,0.82
2021.06.24 15:31:13.487,1.19305,1.19307,0.75,1.57
2021.06.24 15:31:13.588,1.19306,1.19309,0.75,0.75
2021.06.24 15:31:18.970,1.19307,1.19311,3.00,2.32
2021.06.24 15:31:19.100,1.19306,1.19309,2.51,0.75
2021.06.24 15:31:19.302,1.19307,1.19311,3.00,2.32
2021.06.24 15:31:20.201,1.19306,1.19309,2.51,0.75
2021.06.24 15:31:31.925,1.19304,1.19306,1.12,0.82
2021.06.24 15:31:32.027,1.19303,1.19305,1.95,0.10
2021.06.24 15:31:32.988,1.19303,1.19306,0.75,3.45
2021.06.24 15:31:33.230,1.19301,1.19304,0.75,2.32
2021.06.24 15:31:34.119,1.193,1.19303,5.60,0.75
2021.06.24 15:31:34.423,1.19301,1.19303,0.37,0.75
2021.06.24 15:31:34.526,1.19301,1.19304,1.12,1.50
2021.06.24 15:31:45.234,1.19302,1.19304,0.75,0.10
2021.06.24 15:31:45.841,1.19302,1.19305,4.12,1.57
2021.06.24 15:31:46.095,1.19304,1.19306,0.75,0.10
2021.06.24 15:31:46.903,1.19303,1.19304,1.87,0.82
2021.06.24 15:31:47.347,1.19302,1.19306,4.50,1.95
2021.06.24 15:31:47.449,1.19303,1.19306,0.75,1.95
2021.06.24 15:31:48.051,1.19303,1.19305,0.75,0.10
2021.06.24 15:31:49.258,1.19303,1.19306,0.75,0.82
2021.06.24 15:31:49.410,1.19304,1.19306,0.75,0.82
2021.06.24 15:31:52.050,1.19304,1.19306,0.75,3.45
2021.06.24 15:31:52.151,1.19304,1.19306,0.75,0.10
2021.06.24 15:31:52.925,1.19303,1.19305,0.75,0.10
2021.06.24 15:31:53.153,1.19303,1.19306,0.75,1.57
2021.06.24 15:31:53.320,1.19303,1.19305,0.75,1.20
2021.06.24 15:31:57.046,1.19302,1.19305,0.75,3.90
2021.06.24 15:31:57.148,1.19302,1.19303,0.75,0.10
2021.06.24 15:31:57.249,1.19301,1.19303,0.75,0.10
2021.06.24 15:31:57.452,1.193,1.19303,0.75,0.10
2021.06.24 15:31:58.779,1.193,1.19304,0.37,3.07
2021.06.24 15:31:59.147,1.19302,1.19303,0.75,1.57
2021.06.24 15:31:59.248,1.19302,1.19304,1.50,2.70
2021.06.24 15:31:59.350,1.19303,1.19304,0.75,1.95
2021.06.24 15:32:02.074,1.19303,1.19305,0.75,0.10
2021.06.24 15:32:02.914,1.19305,1.19307,0.37,0.75
2021.06.24 15:32:02.965,1.19307,1.1931,1.50,1.57
2021.06.24 15:32:03.066,1.19308,1.19311,0.75,0.82
2021.06.24 15:32:03.167,1.19309,1.19312,0.75,1.57
2021.06.24 15:32:03.825,1.19308,1.1931,0.75,0.75
2021.06.24 15:32:04.361,1.1931,1.19312,0.75,5.80
2021.06.24 15:32:04.463,1.19307,1.19309,0.37,1.87
2021.06.24 15:32:04.515,1.19302,1.19305,8.25,1.20
2021.06.24 15:32:04.618,1.19303,1.19305,0.75,1.12
2021.06.24 15:32:04.670,1.193,1.19303,0.82,0.75
2021.06.24 15:32:06.789,1.19302,1.19304,0.75,4.60
2021.06.24 15:32:06.890,1.19303,1.19305,0.75,1.57
2021.06.24 15:32:07.730,1.193,1.19302,0.75,0.75
2021.06.24 15:32:07.831,1.19298,1.19301,0.82,0.45
2021.06.24 15:32:08.035,1.19296,1.19298,1.12,0.75
2021.06.24 15:32:08.137,1.19295,1.19298,0.75,1.57
2021.06.24 15:32:08.240,1.19295,1.19296,0.82,0.75
2021.06.24 15:32:10.354,1.19294,1.19297,0.75,1.57
2021.06.24 15:32:10.456,1.19294,1.19297,0.75,2.32
2021.06.24 15:32:10.558,1.19292,1.19296,0.75,0.82
2021.06.24 15:32:10.660,1.19293,1.19296,0.75,0.82
2021.06.24 15:32:11.066,1.19293,1.19295,0.75,0.10
2021.06.24 15:32:14.396,1.19291,1.19294,0.37,0.75
2021.06.24 15:32:14.497,1.1929,1.19294,4.27,0.75
2021.06.24 15:32:15.097,1.19291,1.19294,0.10,0.75
2021.06.24 15:32:15.249,1.19291,1.19293,4.20,0.75
2021.06.24 15:32:15.496,1.19292,1.19294,0.75,0.75
2021.06.24 15:32:15.598,1.19291,1.19294,3.00,0.82
2021.06.24 15:32:15.700,1.1929,1.19294,9.72,0.82
2021.06.24 15:32:15.802,1.19292,1.19293,3.00,0.82
2021.06.24 15:32:18.542,1.19293,1.19295,0.75,1.12
2021.06.24 15:32:23.098,1.19291,1.19294,3.75,0.37
2021.06.24 15:32:23.313,1.19293,1.19295,0.75,1.20
2021.06.24 15:32:26.903,1.19293,1.19296,0.75,3.15
2021.06.24 15:32:27.004,1.19293,1.19295,0.75,0.10
2021.06.24 15:32:27.756,1.19293,1.19296,0.75,3.15
2021.06.24 15:32:32.895,1.19293,1.19295,0.75,0.37
2021.06.24 15:32:33.148,1.19293,1.19295,0.75,6.45
2021.06.24 15:32:35.909,1.19293,1.19294,0.75,0.37
2021.06.24 15:32:36.879,1.19293,1.19296,0.75,8.70
2021.06.24 15:32:39.666,1.19295,1.19297,0.56,1.50
2021.06.24 15:32:39.771,1.19298,1.193,0.75,2.06
2021.06.24 15:32:40.176,1.19298,1.19301,0.75,4.57
2021.06.24 15:32:47.167,1.19297,1.19301,0.75,6.82
2021.06.24 15:32:49.016,1.19297,1.193,0.75,1.12
2021.06.24 15:32:49.291,1.19296,1.193,1.57,1.12
2021.06.24 15:32:49.734,1.19297,1.193,0.75,0.75
2021.06.24 15:32:49.835,1.19298,1.193,0.75,0.75
2021.06.24 15:32:53.233,1.19295,1.19298,3.45,1.12
2021.06.24 15:32:53.436,1.19294,1.19298,0.75,2.32
2021.06.24 15:32:53.867,1.19294,1.19297,0.75,0.75
2021.06.24 15:32:53.969,1.19293,1.19296,0.75,1.57
2021.06.24 15:32:58.512,1.19292,1.19295,0.75,0.75
2021.06.24 15:33:01.768,1.19293,1.19296,0.75,3.82
2021.06.24 15:33:05.407,1.19292,1.19296,0.75,9.15
2021.06.24 15:33:05.609,1.19293,1.19296,0.75,9.15
2021.06.24 15:33:06.026,1.19292,1.19295,0.75,0.82
2021.06.24 15:33:06.558,1.19293,1.19295,0.75,0.75
2021.06.24 15:33:09.889,1.19293,1.19296,0.75,9.15
2021.06.24 15:33:12.247,1.19292,1.19296,0.75,6.15
2021.06.24 15:33:12.349,1.19293,1.19296,0.75,6.15
2021.06.24 15:33:13.369,1.19292,1.19296,0.75,6.90
2021.06.24 15:33:14.774,1.19291,1.19296,1.57,7.57
2021.06.24 15:33:14.876,1.19292,1.19296,0.75,6.82
2021.06.24 15:33:26.542,1.19296,1.19298,1.03,5.35
2021.06.24 15:33:26.644,1.19296,1.19299,3.16,4.60
2021.06.24 15:33:26.746,1.19299,1.19301,0.75,7.87
2021.06.24 15:33:30.967,1.19298,1.19301,0.75,0.82
2021.06.24 15:33:36.057,1.19302,1.19304,0.82,4.68
2021.06.24 15:33:36.108,1.19299,1.19303,6.72,2.32
2021.06.24 15:33:36.210,1.193,1.19303,0.75,0.82
2021.06.24 15:33:36.312,1.19299,1.19302,1.50,0.10
2021.06.24 15:33:36.887,1.19299,1.19301,0.75,0.10
2021.06.24 15:33:42.116,1.19295,1.19298,5.15,0.45
2021.06.24 15:33:42.217,1.19294,1.19298,0.82,2.70
2021.06.24 15:33:42.420,1.19294,1.19297,0.75,0.37
2021.06.24 15:33:45.719,1.19293,1.19297,0.75,2.59
2021.06.24 15:33:49.714,1.19294,1.19297,0.75,2.32
2021.06.24 15:33:55.742,1.19296,1.19298,1.12,0.45
2021.06.24 15:33:55.844,1.19298,1.193,0.75,1.20
2021.06.24 15:33:56.155,1.19298,1.19301,0.75,2.70
2021.06.24 15:34:01.824,1.19299,1.19301,0.75,0.37
2021.06.24 15:34:02.180,1.19299,1.19301,0.75,1.95
2021.06.24 15:34:02.383,1.19299,1.19303,1.20,1.12
2021.06.24 15:34:02.485,1.19302,1.19304,0.75,4.27
2021.06.24 15:34:04.450,1.19299,1.19303,5.32,1.12
2021.06.24 15:34:04.551,1.193,1.19303,0.75,0.45
2021.06.24 15:34:04.653,1.19301,1.19304,3.75,2.40
2021.06.24 15:34:04.759,1.19302,1.19304,0.75,1.57
2021.06.24 15:34:09.082,1.19302,1.19303,3.75,2.32
2021.06.24 15:34:11.065,1.19299,1.19303,4.50,1.57
2021.06.24 15:34:12.104,1.19299,1.19302,0.75,1.12
2021.06.24 15:34:13.493,1.193,1.19303,5.14,0.37
2021.06.24 15:34:13.545,1.19304,1.19305,0.75,7.68
2021.06.24 15:34:13.697,1.19302,1.19306,5.02,0.75
2021.06.24 15:34:13.748,1.19306,1.19309,0.75,6.93
2021.06.24 15:34:13.850,1.19307,1.19309,0.75,1.12
2021.06.24 15:34:16.787,1.19304,1.19308,4.87,1.20
2021.06.24 15:34:17.487,1.19305,1.19309,1.95,1.95
2021.06.24 15:34:17.538,1.19309,1.19311,0.75,0.75
2021.06.24 15:34:18.266,1.19309,1.19312,0.75,0.75
2021.06.24 15:34:20.459,1.19307,1.1931,3.07,2.44
2021.06.24 15:34:20.510,1.19301,1.19303,6.75,0.82
2021.06.24 15:34:20.613,1.193,1.19302,5.15,1.01
2021.06.24 15:34:20.665,1.19298,1.19301,0.75,0.94
2021.06.24 15:34:23.925,1.19295,1.19299,1.50,1.20
2021.06.24 15:34:24.026,1.19295,1.19298,1.50,1.39
2021.06.24 15:34:24.128,1.19293,1.19297,3.75,2.89
2021.06.24 15:34:25.510,1.19293,1.19296,0.75,0.10
2021.06.24 15:34:37.552,1.19291,1.19294,2.62,1.12
2021.06.24 15:34:39.423,1.19292,1.19294,0.75,0.75
2021.06.24 15:34:39.525,1.19292,1.19295,0.75,2.32
2021.06.24 15:34:48.082,1.19293,1.19296,0.75,2.89
2021.06.24 15:34:58.601,1.19295,1.19298,3.75,5.35
2021.06.24 15:34:58.753,1.19297,1.19299,0.75,1.20
2021.06.24 15:35:00.761,1.19297,1.193,0.75,2.70
2021.06.24 15:35:02.727,1.19295,1.19298,1.50,0.75
2021.06.24 15:35:03.284,1.19295,1.19296,0.75,0.37
2021.06.24 15:35:03.335,1.19293,1.19297,0.75,4.76
2021.06.24 15:35:03.436,1.19294,1.19297,3.75,4.76
2021.06.24 15:35:04.857,1.19295,1.19298,0.75,5.14
2021.06.24 15:35:05.081,1.19295,1.19297,0.75,0.37
2021.06.24 15:35:05.654,1.19295,1.19297,0.75,4.20
2021.06.24 15:35:05.756,1.19296,1.19299,1.12,1.50
2021.06.24 15:35:05.807,1.19298,1.193,0.75,0.10
2021.06.24 15:35:05.958,1.19299,1.19301,0.75,8.51
2021.06.24 15:35:06.485,1.19298,1.19301,0.75,2.62
2021.06.24 15:35:08.015,1.19296,1.19299,0.75,2.62
2021.06.24 15:35:08.116,1.19295,1.19299,0.82,3.56
2021.06.24 15:35:08.319,1.19294,1.19297,3.07,0.75
2021.06.24 15:35:09.531,1.19297,1.19299,0.75,1.12
2021.06.24 15:35:10.433,1.19297,1.193,0.75,4.69
2021.06.24 15:35:12.408,1.19296,1.19299,1.50,0.75
2021.06.24 15:35:13.090,1.19294,1.19296,1.12,0.75
2021.06.24 15:35:13.248,1.19294,1.19297,1.50,0.75
2021.06.24 15:35:15.173,1.19295,1.19298,3.75,0.75
2021.06.24 15:35:15.275,1.19296,1.19298,0.75,0.75
2021.06.24 15:35:15.483,1.19296,1.19299,1.50,1.50
2021.06.24 15:35:16.951,1.19295,1.19298,1.95,0.75
2021.06.24 15:35:22.884,1.19293,1.19296,0.75,0.75
2021.06.24 15:35:25.350,1.19292,1.19294,0.37,1.20
2021.06.24 15:35:25.401,1.1929,1.19292,4.77,0.75
2021.06.24 15:35:25.553,1.19289,1.19292,1.20,0.75
2021.06.24 15:35:25.604,1.1929,1.19294,0.75,2.70
2021.06.24 15:35:25.756,1.19291,1.19294,0.75,0.75
2021.06.24 15:35:25.857,1.19292,1.19294,0.75,0.75
2021.06.24 15:35:27.082,1.19292,1.19295,0.75,2.59
2021.06.24 15:35:36.030,1.19291,1.19294,1.12,1.20
2021.06.24 15:35:36.131,1.1929,1.19293,2.25,0.82
2021.06.24 15:35:42.083,1.19289,1.19292,2.25,0.75
2021.06.24 15:35:42.294,1.19288,1.19291,1.12,0.75
2021.06.24 15:35:42.396,1.19289,1.19292,0.75,2.14
2021.06.24 15:35:44.967,1.19287,1.1929,3.45,0.75
2021.06.24 15:35:45.569,1.19286,1.19288,0.75,0.75
2021.06.24 15:35:45.670,1.19287,1.1929,0.75,6.18
2021.06.24 15:35:45.772,1.19288,1.1929,0.75,1.57
2021.06.24 15:35:45.873,1.19287,1.1929,3.26,0.82
2021.06.24 15:35:48.625,1.19288,1.1929,0.75,0.75
2021.06.24 15:35:49.656,1.19287,1.1929,3.64,0.75
2021.06.24 15:35:50.787,1.19289,1.19291,0.75,6.64
2021.06.24 15:35:52.644,1.19289,1.19291,0.75,0.37
2021.06.24 15:35:55.391,1.19289,1.19292,0.75,2.32
2021.06.24 15:35:56.941,1.1929,1.19293,1.57,0.37
2021.06.24 15:35:57.043,1.19292,1.19294,0.75,0.10
2021.06.24 15:35:57.144,1.19292,1.19295,0.75,0.75
2021.06.24 15:35:59.912,1.19293,1.19295,0.75,0.75
2021.06.24 15:36:00.997,1.19294,1.19296,1.95,0.37
2021.06.24 15:36:01.048,1.19296,1.19299,1.20,0.82
2021.06.24 15:36:01.201,1.19297,1.193,0.75,0.75
2021.06.24 15:36:03.450,1.19298,1.19301,0.75,2.32
2021.06.24 15:36:07.340,1.19297,1.193,0.75,0.75
2021.06.24 15:36:24.923,1.19298,1.19301,0.75,1.87
2021.06.24 15:36:25.517,1.193,1.19302,4.95,0.37
2021.06.24 15:36:25.637,1.19299,1.19302,1.50,1.12
2021.06.24 15:36:25.739,1.19298,1.19301,0.75,2.44
2021.06.24 15:36:25.891,1.19298,1.193,0.75,1.69
2021.06.24 15:36:25.994,1.19297,1.193,0.75,2.44
2021.06.24 15:36:26.096,1.19295,1.19298,0.75,1.12
2021.06.24 15:36:26.198,1.19293,1.19296,0.75,0.75
2021.06.24 15:36:39.113,1.19293,1.19297,0.75,2.06
2021.06.24 15:36:47.126,1.19293,1.19296,0.75,0.37
2021.06.24 15:36:48.127,1.19293,1.19297,0.75,2.25
2021.06.24 15:36:52.154,1.19293,1.19296,0.75,0.37
2021.06.24 15:36:53.159,1.19293,1.19297,0.75,2.25
2021.06.24 15:36:56.253,1.19295,1.19297,0.75,0.37
2021.06.24 15:36:57.371,1.19295,1.19298,0.75,2.62
2021.06.24 15:36:57.839,1.19296,1.19299,3.00,1.50
2021.06.24 15:36:57.941,1.19295,1.19299,2.70,1.50
2021.06.24 15:37:02.878,1.19295,1.19298,0.75,1.12
2021.06.24 15:37:03.649,1.19293,1.19297,1.12,3.34
2021.06.24 15:37:03.701,1.19293,1.19295,0.75,0.10
2021.06.24 15:37:12.828,1.19292,1.19294,0.75,0.10
2021.06.24 15:37:13.130,1.19293,1.19295,0.75,0.10
2021.06.24 15:37:20.263,1.19295,1.19298,0.75,2.02
2021.06.24 15:37:20.365,1.19294,1.19298,4.57,3.15
2021.06.24 15:37:22.053,1.19297,1.19299,0.75,2.32
2021.06.24 15:37:22.155,1.19298,1.193,0.75,0.52
2021.06.24 15:37:24.077,1.19298,1.19301,0.75,2.32
2021.06.24 15:37:24.464,1.19299,1.19302,0.75,1.57
2021.06.24 15:37:24.723,1.19299,1.19303,1.57,1.95
2021.06.24 15:37:26.927,1.19302,1.19304,0.75,1.20
2021.06.24 15:37:27.416,1.193,1.19304,3.52,1.20
2021.06.24 15:37:27.467,1.19299,1.19301,5.15,0.45
2021.06.24 15:37:28.762,1.19298,1.19301,3.75,1.20
2021.06.24 15:37:29.801,1.19299,1.19301,0.75,0.45
2021.06.24 15:37:34.266,1.19299,1.19302,0.75,1.20
2021.06.24 15:37:37.686,1.19303,1.19305,0.75,8.05
2021.06.24 15:37:37.889,1.19303,1.19306,0.75,0.75
2021.06.24 15:37:38.635,1.19303,1.19307,0.82,2.25
2021.06.24 15:37:39.433,1.19306,1.19308,0.75,0.45
2021.06.24 15:37:39.484,1.19307,1.1931,0.75,5.80
2021.06.24 15:37:40.409,1.19308,1.19311,3.75,2.25
2021.06.24 15:37:57.201,1.19308,1.1931,0.75,0.75
2021.06.24 15:37:58.940,1.19307,1.1931,1.50,4.50
2021.06.24 15:37:59.092,1.19306,1.19309,3.75,2.25
2021.06.24 15:37:59.433,1.19308,1.1931,0.75,1.12
2021.06.24 15:38:07.959,1.19305,1.19309,0.75,3.94
2021.06.24 15:38:08.592,1.19307,1.19309,0.75,0.75
2021.06.24 15:38:08.950,1.19307,1.1931,0.75,3.00
2021.06.24 15:38:11.191,1.19306,1.19309,0.75,1.12
2021.06.24 15:38:11.696,1.19305,1.19309,1.12,0.37
2021.06.24 15:38:12.170,1.19303,1.19306,9.72,1.87
2021.06.24 15:38:17.613,1.19301,1.19303,1.50,0.37
2021.06.24 15:38:17.714,1.19301,1.19304,1.50,1.87
2021.06.24 15:38:17.917,1.19304,1.19305,3.75,2.25
2021.06.24 15:38:18.597,1.19303,1.19305,0.75,2.06
2021.06.24 15:38:19.605,1.19302,1.19305,0.75,2.81
2021.06.24 15:38:19.709,1.193,1.19302,1.12,0.75
2021.06.24 15:38:19.812,1.19299,1.19301,0.75,0.75
2021.06.24 15:38:19.965,1.19298,1.19301,6.75,0.82
2021.06.24 15:38:20.523,1.19297,1.19299,0.75,0.37
2021.06.24 15:38:20.625,1.19296,1.19298,0.75,0.75
2021.06.24 15:38:20.777,1.19295,1.19298,0.75,0.82
2021.06.24 15:38:21.029,1.19296,1.19298,0.75,0.75
2021.06.24 15:38:22.079,1.19296,1.19297,0.75,1.12
2021.06.24 15:38:22.180,1.19295,1.19297,0.75,0.37
2021.06.24 15:38:23.325,1.19293,1.19297,4.87,2.25
2021.06.24 15:38:23.427,1.19295,1.19296,0.75,1.69
2021.06.24 15:38:36.133,1.19295,1.19297,3.75,4.39
2021.06.24 15:38:37.573,1.19293,1.19297,1.50,2.89
2021.06.24 15:38:37.675,1.19294,1.19297,3.75,2.89
2021.06.24 15:38:38.069,1.19293,1.19297,1.50,2.89
2021.06.24 15:38:38.302,1.19293,1.19296,0.75,0.37
2021.06.24 15:38:38.840,1.19292,1.19294,0.75,2.70
2021.06.24 15:38:38.942,1.19291,1.19293,0.75,1.87
2021.06.24 15:38:40.038,1.19292,1.19294,1.50,0.75
2021.06.24 15:38:40.139,1.19293,1.19295,4.50,5.59
2021.06.24 15:38:40.392,1.19291,1.19294,3.75,1.87
2021.06.24 15:38:40.834,1.1929,1.19293,0.75,1.87
2021.06.24 15:38:45.320,1.1929,1.19292,0.75,0.37
2021.06.24 15:38:45.422,1.19289,1.19292,3.75,0.37
2021.06.24 15:38:47.371,1.1929,1.19292,0.75,1.20
2021.06.24 15:38:47.473,1.19293,1.19295,0.75,6.29
2021.06.24 15:38:48.919,1.1929,1.19294,3.75,2.62
2021.06.24 15:38:49.021,1.19292,1.19295,0.75,1.20
2021.06.24 15:38:49.980,1.19292,1.19296,0.75,4.39
2021.06.24 15:38:53.109,1.19293,1.19295,0.75,1.69
2021.06.24 15:38:56.680,1.1929,1.19293,0.75,1.50
2021.06.24 15:38:56.782,1.19289,1.19292,1.50,1.12
2021.06.24 15:38:58.768,1.19289,1.1929,3.75,0.75
2021.06.24 15:38:58.920,1.19289,1.19292,3.00,2.70
2021.06.24 15:39:00.932,1.19288,1.19291,0.75,1.12
2021.06.24 15:39:03.034,1.1929,1.19293,3.75,0.10
2021.06.24 15:39:03.587,1.19292,1.19294,0.75,0.37
2021.06.24 15:39:03.688,1.19292,1.19295,0.75,2.25
2021.06.24 15:39:06.853,1.19291,1.19294,0.75,1.87
2021.06.24 15:39:07.056,1.1929,1.19294,0.75,1.87
2021.06.24 15:39:07.157,1.1929,1.19293,0.75,0.37
2021.06.24 15:39:08.157,1.1929,1.19294,3.75,1.50
2021.06.24 15:39:09.093,1.19293,1.19295,1.12,7.84
2021.06.24 15:39:09.194,1.19293,1.19296,0.75,3.07
2021.06.24 15:39:09.750,1.19296,1.19298,0.82,1.12
2021.06.24 15:39:09.801,1.19298,1.193,0.75,4.68
2021.06.24 15:39:10.104,1.19296,1.19299,3.75,1.95
2021.06.24 15:39:10.307,1.19297,1.19299,0.75,0.10
2021.06.24 15:39:10.665,1.19297,1.193,0.75,0.45
2021.06.24 15:39:10.919,1.19297,1.19301,0.75,3.34
2021.06.24 15:39:11.202,1.19297,1.193,0.75,0.19
2021.06.24 15:39:11.770,1.19298,1.19301,0.75,2.77
2021.06.24 15:39:14.507,1.193,1.19302,0.75,0.37
2021.06.24 15:39:14.558,1.19298,1.19302,4.50,2.25
2021.06.24 15:39:14.912,1.19298,1.19301,0.75,0.19
2021.06.24 15:39:15.171,1.19298,1.193,0.75,0.19
2021.06.24 15:39:15.425,1.19297,1.193,0.75,0.56
2021.06.24 15:39:16.819,1.19297,1.19301,0.75,4.65
2021.06.24 15:39:16.972,1.19298,1.19301,0.75,2.96
2021.06.24 15:39:17.796,1.19296,1.19299,3.75,0.75
2021.06.24 15:39:18.308,1.19295,1.19298,0.75,0.37
2021.06.24 15:39:18.410,1.19295,1.19297,0.75,0.37
2021.06.24 15:39:18.563,1.19298,1.193,0.75,4.60
2021.06.24 15:39:18.664,1.19298,1.19301,0.75,1.87
2021.06.24 15:39:20.166,1.19301,1.19303,0.75,1.01
2021.06.24 15:39:20.267,1.193,1.19303,0.75,1.50
2021.06.24 15:39:21.438,1.19301,1.19303,0.75,1.57
2021.06.24 15:39:21.540,1.19304,1.19306,0.75,3.37
2021.06.24 15:39:21.642,1.19307,1.19309,0.82,7.57
2021.06.24 15:39:21.744,1.1931,1.19312,0.75,0.75
2021.06.24 15:39:21.847,1.1931,1.19314,0.82,1.95
2021.06.24 15:39:22.051,1.19312,1.19315,0.75,1.01
2021.06.24 15:39:22.522,1.19313,1.19315,0.75,0.94
2021.06.24 15:39:22.573,1.1931,1.19314,1.57,0.75
2021.06.24 15:39:25.747,1.19308,1.19311,5.52,1.31
2021.06.24 15:39:25.849,1.19306,1.19308,4.77,2.62
2021.06.24 15:39:25.950,1.19305,1.19307,0.75,1.12
2021.06.24 15:39:26.052,1.19305,1.19308,4.87,0.82
2021.06.24 15:39:27.258,1.19305,1.19307,0.75,0.37
2021.06.24 15:39:27.579,1.19305,1.19308,0.75,1.12
2021.06.24 15:39:31.284,1.19307,1.19308,0.75,6.07
2021.06.24 15:39:31.336,1.19309,1.19311,0.75,0.75
2021.06.24 15:39:31.437,1.19308,1.19311,0.75,1.50
2021.06.24 15:39:32.330,1.19308,1.1931,0.75,0.75
2021.06.24 15:39:32.432,1.19308,1.19311,3.00,0.45
2021.06.24 15:39:32.533,1.1931,1.19312,0.75,0.37
2021.06.24 15:39:34.211,1.19311,1.19314,0.75,1.95
2021.06.24 15:39:34.314,1.1931,1.19314,3.75,1.20
2021.06.24 15:39:34.771,1.1931,1.19313,0.75,0.37
2021.06.24 15:39:35.423,1.1931,1.19312,0.75,0.37
2021.06.24 15:39:35.576,1.1931,1.19313,0.75,4.09
2021.06.24 15:39:36.172,1.19312,1.19314,1.27,4.60
2021.06.24 15:39:36.274,1.19314,1.19316,3.82,1.31
2021.06.24 15:39:36.325,1.19315,1.19318,3.75,11.06
2021.06.24 15:39:37.194,1.19315,1.19317,0.75,0.37
2021.06.24 15:39:40.113,1.19313,1.19316,0.75,0.10
2021.06.24 15:39:40.265,1.19311,1.19313,5.15,0.45
2021.06.24 15:39:40.468,1.19312,1.19314,0.75,0.10
2021.06.24 15:39:40.620,1.19313,1.19315,0.75,0.10
2021.06.24 15:39:41.480,1.19312,1.19314,0.75,0.45
2021.06.24 15:39:41.582,1.19312,1.19315,0.75,7.31
2021.06.24 15:39:41.683,1.19312,1.19314,0.75,0.94
2021.06.24 15:39:41.734,1.1931,1.19313,3.00,0.45
2021.06.24 15:39:41.835,1.19311,1.19313,0.75,1.57
2021.06.24 15:39:44.897,1.19312,1.19314,0.10,0.37
2021.06.24 15:39:45.000,1.19313,1.19315,0.75,0.10
2021.06.24 15:39:45.102,1.19313,1.19316,3.75,0.10
2021.06.24 15:39:45.439,1.19314,1.19317,3.45,0.19
2021.06.24 15:39:45.491,1.19316,1.19318,0.75,1.65
2021.06.24 15:39:45.593,1.19314,1.19317,3.75,0.10
2021.06.24 15:39:48.306,1.19314,1.19316,0.75,0.10
2021.06.24 15:39:48.891,1.19314,1.19317,3.75,0.94
2021.06.24 15:39:54.174,1.19314,1.19316,0.75,0.10
2021.06.24 15:39:57.165,1.19314,1.19317,3.75,2.06
2021.06.24 15:40:03.133,1.19314,1.19316,0.75,2.14
2021.06.24 15:40:03.315,1.19312,1.19314,0.75,0.37
2021.06.24 15:40:04.205,1.1931,1.19313,0.75,0.45
2021.06.24 15:40:04.559,1.19312,1.19314,0.75,0.45
2021.06.24 15:40:04.661,1.19312,1.19315,1.95,0.10
2021.06.24 15:40:04.762,1.19314,1.19316,0.75,0.45
2021.06.24 15:40:05.131,1.19315,1.19317,0.75,0.45
2021.06.24 15:40:05.385,1.19312,1.19314,1.50,0.10
2021.06.24 15:40:05.488,1.19313,1.19315,0.75,0.90
2021.06.24 15:40:05.845,1.19312,1.19313,0.75,2.32
2021.06.24 15:40:05.947,1.19311,1.19313,0.75,0.45
2021.06.24 15:40:06.251,1.19311,1.19312,3.75,0.45
2021.06.24 15:40:06.353,1.1931,1.19312,0.75,0.45
2021.06.24 15:40:06.970,1.1931,1.19313,0.75,1.20
2021.06.24 15:40:07.021,1.19313,1.19315,0.75,1.20
2021.06.24 15:40:11.359,1.19313,1.19316,0.75,1.20
2021.06.24 15:40:11.613,1.19317,1.19319,0.75,1.50
2021.06.24 15:40:11.715,1.19318,1.19321,0.75,0.45
2021.06.24 15:40:12.848,1.19318,1.1932,0.82,0.10
2021.06.24 15:40:12.950,1.19319,1.1932,0.75,0.10
2021.06.24 15:40:23.061,1.1932,1.19322,0.75,1.57
2021.06.24 15:40:23.908,1.19319,1.19322,3.75,1.57
2021.06.24 15:40:24.313,1.19318,1.19321,0.75,1.57
2021.06.24 15:40:24.415,1.19318,1.1932,0.75,0.10
2021.06.24 15:40:24.517,1.19318,1.19321,0.75,2.32
2021.06.24 15:40:26.276,1.19318,1.1932,0.75,0.10
2021.06.24 15:40:27.332,1.19315,1.19318,1.57,0.82
2021.06.24 15:40:28.799,1.19315,1.19317,0.75,0.10
2021.06.24 15:40:32.857,1.19314,1.19317,3.75,1.20
2021.06.24 15:40:32.959,1.19315,1.19317,0.75,0.45
2021.06.24 15:40:37.852,1.19314,1.19317,0.75,2.70
2021.06.24 15:40:40.103,1.19315,1.19317,0.75,1.20
2021.06.24 15:40:40.400,1.19313,1.19316,0.75,1.95
2021.06.24 15:40:40.501,1.19313,1.19315,0.75,0.45
2021.06.24 15:40:40.805,1.1931,1.19313,8.90,0.45
2021.06.24 15:40:41.252,1.19311,1.19313,0.75,0.45
2021.06.24 15:40:43.138,1.1931,1.19313,0.75,1.20
2021.06.24 15:40:45.171,1.19313,1.19315,0.75,1.57
2021.06.24 15:40:46.467,1.19314,1.19315,0.75,1.57
2021.06.24 15:40:51.889,1.19315,1.19318,3.75,0.10
2021.06.24 15:40:52.857,1.19316,1.19319,3.00,0.10
2021.06.24 15:40:53.161,1.19318,1.1932,0.75,3.37
2021.06.24 15:40:55.812,1.19318,1.19319,0.75,0.10
2021.06.24 15:40:55.888,1.19316,1.19319,0.75,0.10
2021.06.24 15:40:55.938,1.19318,1.19319,0.75,0.10
2021.06.24 15:40:56.183,1.19317,1.19318,0.75,0.10
2021.06.24 15:40:56.234,1.19318,1.1932,0.75,1.87
2021.06.24 15:40:56.285,1.19316,1.19318,3.75,0.37
2021.06.24 15:40:56.386,1.19315,1.19318,3.75,0.45
2021.06.24 15:41:07.173,1.19315,1.19317,0.75,0.37
2021.06.24 15:41:07.699,1.19314,1.19317,4.57,0.37
2021.06.24 15:41:07.801,1.19316,1.19318,0.75,0.82
2021.06.24 15:41:16.350,1.19314,1.19317,3.07,0.37
2021.06.24 15:41:18.872,1.19316,1.19318,0.75,1.57
2021.06.24 15:41:19.516,1.19313,1.19316,4.50,1.20
2021.06.24 15:41:19.618,1.19314,1.19316,1.50,4.95
2021.06.24 15:41:20.012,1.19314,1.19315,0.75,0.10
2021.06.24 15:41:20.063,1.19315,1.19317,1.50,1.12
2021.06.24 15:41:20.418,1.19314,1.19317,5.22,0.37
2021.06.24 15:41:21.697,1.19313,1.19316,5.52,2.32
2021.06.24 15:41:21.849,1.19314,1.19316,0.75,0.75
2021.06.24 15:41:21.950,1.19315,1.19317,0.75,1.12
2021.06.24 15:41:22.207,1.19314,1.19317,0.75,0.75
2021.06.24 15:41:22.686,1.19313,1.19317,6.42,0.37
2021.06.24 15:41:22.861,1.19314,1.19317,0.75,0.37
2021.06.24 15:41:23.169,1.19316,1.19318,0.75,2.62
2021.06.24 15:41:23.785,1.19313,1.19316,5.90,1.50
2021.06.24 15:41:23.889,1.19314,1.19316,0.75,1.50
2021.06.24 15:41:23.940,1.19312,1.19314,4.77,0.75
2021.06.24 15:41:24.042,1.19311,1.19314,1.50,2.25
2021.06.24 15:41:27.689,1.19311,1.19313,0.75,1.50
2021.06.24 15:41:28.741,1.19308,1.19312,3.75,1.12
2021.06.24 15:41:29.908,1.1931,1.19312,0.75,4.95
2021.06.24 15:41:30.054,1.19312,1.19314,0.75,2.25
2021.06.24 15:41:30.156,1.19313,1.19315,0.37,0.10
2021.06.24 15:41:30.207,1.19315,1.19317,0.75,1.12
2021.06.24 15:41:30.258,1.19313,1.19317,3.45,0.75
2021.06.24 15:41:30.309,1.19316,1.19318,0.75,2.81
2021.06.24 15:41:33.326,1.19313,1.19317,0.75,4.20
2021.06.24 15:41:33.428,1.19315,1.19316,3.75,3.37
2021.06.24 15:41:33.529,1.19315,1.19317,0.75,2.81
2021.06.24 15:41:33.630,1.19313,1.19316,0.75,1.12
2021.06.24 15:41:33.732,1.19312,1.19316,4.95,0.75
2021.06.24 15:41:33.833,1.19315,1.19317,0.75,4.76
2021.06.24 15:41:35.058,1.19313,1.19316,0.75,1.31
2021.06.24 15:41:35.261,1.19311,1.19315,1.50,2.62
2021.06.24 15:41:35.362,1.19311,1.19314,1.12,1.12
2021.06.24 15:41:37.277,1.19311,1.19313,0.75,0.37
2021.06.24 15:41:42.646,1.19314,1.19315,0.82,3.00
2021.06.24 15:41:42.697,1.19316,1.19318,0.75,12.85
2021.06.24 15:41:43.685,1.19316,1.19318,0.75,6.19
2021.06.24 15:41:44.708,1.19316,1.19318,0.75,0.37
2021.06.24 15:41:45.709,1.19316,1.19319,0.75,5.62
2021.06.24 15:41:48.732,1.19316,1.19317,0.75,0.37
2021.06.24 15:41:58.360,1.19313,1.19317,5.59,0.37
2021.06.24 15:42:01.267,1.19315,1.19318,0.75,1.12
2021.06.24 15:42:01.490,1.19318,1.1932,0.75,0.82
2021.06.24 15:42:04.828,1.19319,1.19321,0.75,0.37
2021.06.24 15:42:04.930,1.19318,1.19321,0.75,0.37
2021.06.24 15:42:05.082,1.19318,1.19319,3.75,1.12
2021.06.24 15:42:06.426,1.19316,1.19319,0.75,1.50
2021.06.24 15:42:07.519,1.19316,1.19318,0.75,0.37
2021.06.24 15:42:08.078,1.19316,1.19319,0.75,2.25
2021.06.24 15:42:10.008,1.19316,1.19318,0.75,0.75
2021.06.24 15:42:10.776,1.19314,1.19317,0.75,0.37
2021.06.24 15:42:12.630,1.19311,1.19315,5.60,3.07
2021.06.24 15:42:12.731,1.19311,1.19314,0.82,0.37
2021.06.24 15:42:13.362,1.1931,1.19313,0.82,1.95
2021.06.24 15:42:13.477,1.1931,1.19312,0.75,0.37
2021.06.24 15:42:14.768,1.19309,1.19312,0.75,1.50
2021.06.24 15:42:14.870,1.1931,1.19312,0.75,1.50
2021.06.24 15:42:15.684,1.19311,1.19313,0.75,1.12
2021.06.24 15:42:16.554,1.19311,1.19314,0.75,3.07
2021.06.24 15:42:16.833,1.19312,1.19315,0.75,1.12
2021.06.24 15:42:16.935,1.19312,1.19316,0.75,4.20
2021.06.24 15:42:19.852,1.19315,1.19317,0.75,4.57
2021.06.24 15:42:23.049,1.19316,1.19318,0.75,0.75
2021.06.24 15:42:23.151,1.19316,1.19319,0.75,1.57
2021.06.24 15:42:24.110,1.19316,1.19318,0.75,0.37
2021.06.24 15:42:24.417,1.19316,1.19319,3.75,1.12
2021.06.24 15:42:24.569,1.19318,1.1932,0.75,3.45
2021.06.24 15:42:24.671,1.1932,1.19322,0.75,0.37
2021.06.24 15:42:25.618,1.1932,1.19323,0.75,1.50
2021.06.24 15:42:25.771,1.19321,1.19324,1.39,0.10
2021.06.24 15:42:25.823,1.19324,1.19326,0.75,5.35
2021.06.24 15:42:25.924,1.19324,1.19327,0.75,1.95
2021.06.24 15:42:26.026,1.19325,1.19327,0.75,1.12
2021.06.24 15:42:27.039,1.19325,1.19328,0.75,2.32
2021.06.24 15:42:27.794,1.19325,1.19327,0.75,0.37
2021.06.24 15:42:27.933,1.19325,1.19328,0.75,2.25
2021.06.24 15:42:28.035,1.19325,1.19327,0.75,0.37
2021.06.24 15:42:28.903,1.19325,1.19328,0.75,3.37
2021.06.24 15:42:31.619,1.19325,1.19327,0.75,0.19
2021.06.24 15:42:32.846,1.19324,1.19327,0.75,2.70
2021.06.24 15:42:32.947,1.19324,1.19326,0.75,1.50
2021.06.24 15:42:33.048,1.19324,1.19327,0.75,1.57
2021.06.24 15:42:33.386,1.19324,1.19326,0.75,0.75
2021.06.24 15:42:33.666,1.19324,1.19327,0.75,2.32
2021.06.24 15:42:35.186,1.19325,1.19328,0.75,2.62
2021.06.24 15:42:35.288,1.19325,1.19327,0.75,0.75
2021.06.24 15:42:35.783,1.19325,1.19328,0.75,3.07
2021.06.24 15:42:36.037,1.19325,1.19327,0.75,0.75
2021.06.24 15:42:37.137,1.19324,1.19326,0.75,0.75
2021.06.24 15:42:37.239,1.19325,1.19326,3.75,2.32
2021.06.24 15:42:38.167,1.19323,1.19325,0.75,0.75
2021.06.24 15:42:38.493,1.19322,1.19323,0.75,1.12
2021.06.24 15:42:39.490,1.19323,1.19325,0.75,1.50
2021.06.24 15:42:39.592,1.19323,1.19326,0.75,2.25
2021.06.24 15:42:39.695,1.19324,1.19326,0.75,0.75
2021.06.24 15:42:40.254,1.19325,1.19326,3.75,2.25
2021.06.24 15:42:42.555,1.19322,1.19323,7.10,1.50
2021.06.24 15:42:42.657,1.1932,1.19323,3.75,1.12
2021.06.24 15:42:43.429,1.19318,1.19321,3.94,0.75
2021.06.24 15:42:44.059,1.19318,1.1932,0.75,0.75
2021.06.24 15:42:45.365,1.19318,1.19321,3.75,0.75
2021.06.24 15:42:45.466,1.19319,1.19322,0.75,3.37
2021.06.24 15:42:51.574,1.19319,1.19321,0.75,0.75
2021.06.24 15:42:51.676,1.19318,1.19321,0.75,1.50
2021.06.24 15:42:54.938,1.1932,1.19321,0.75,1.87
2021.06.24 15:42:55.041,1.19322,1.19325,3.75,6.37
2021.06.24 15:42:55.144,1.19322,1.19324,0.75,0.75
2021.06.24 15:42:55.246,1.19321,1.19324,0.75,2.25
2021.06.24 15:42:55.349,1.19321,1.19323,0.75,0.75
2021.06.24 15:42:55.935,1.19321,1.19324,0.75,1.87
2021.06.24 15:42:56.630,1.19321,1.19322,3.75,0.75
2021.06.24 15:42:57.040,1.19321,1.19324,0.75,3.37
2021.06.24 15:42:57.277,1.19321,1.19323,0.75,0.75
2021.06.24 15:42:57.583,1.1932,1.19321,0.82,0.75
2021.06.24 15:43:01.071,1.1932,1.19323,0.75,1.12
2021.06.24 15:43:01.172,1.19325,1.19327,0.75,6.93
2021.06.24 15:43:01.434,1.19325,1.19328,0.75,1.87
2021.06.24 15:43:02.186,1.19326,1.19329,4.20,1.12
2021.06.24 15:43:02.338,1.19327,1.19329,0.10,1.12
2021.06.24 15:43:02.678,1.19326,1.19329,2.21,0.75
2021.06.24 15:43:03.440,1.19327,1.1933,1.31,0.75
2021.06.24 15:43:03.744,1.19329,1.19332,0.75,2.25
2021.06.24 15:43:04.468,1.19329,1.19331,0.75,0.75
2021.06.24 15:43:04.689,1.19329,1.19332,0.75,1.50
2021.06.24 15:43:04.790,1.1933,1.19333,0.75,1.50
2021.06.24 15:43:09.053,1.19329,1.19332,0.75,1.12
2021.06.24 15:43:09.725,1.19328,1.19331,4.50,0.75
2021.06.24 15:43:14.694,1.19326,1.19328,5.22,0.75
2021.06.24 15:43:14.846,1.19327,1.19329,1.12,0.37
2021.06.24 15:43:14.948,1.19327,1.1933,2.14,0.75
2021.06.24 15:43:15.049,1.19328,1.19331,0.75,0.75
2021.06.24 15:43:15.706,1.19327,1.1933,5.89,0.75
2021.06.24 15:43:18.052,1.19328,1.19331,0.75,1.12
2021.06.24 15:43:18.785,1.19326,1.19328,1.95,0.75
2021.06.24 15:43:18.887,1.19325,1.19328,0.75,1.12
2021.06.24 15:43:19.780,1.19325,1.19327,0.75,0.75
2021.06.24 15:43:21.280,1.19324,1.19326,0.94,0.75
2021.06.24 15:43:21.331,1.19325,1.19328,0.75,2.25
2021.06.24 15:43:22.236,1.19325,1.19327,0.75,0.94
2021.06.24 15:43:22.337,1.19324,1.19326,0.75,0.75
2021.06.24 15:43:23.535,1.19324,1.19325,0.75,2.25
2021.06.24 15:43:25.461,1.19321,1.19323,1.50,0.75
2021.06.24 15:43:26.854,1.1932,1.19323,0.75,1.50
2021.06.24 15:43:27.256,1.19322,1.19324,0.75,0.75
2021.06.24 15:43:28.186,1.19321,1.19324,0.75,2.62
2021.06.24 15:43:30.087,1.19322,1.19324,0.75,0.75
2021.06.24 15:43:35.299,1.19322,1.19325,3.75,1.50
2021.06.24 15:43:35.400,1.19323,1.19326,0.75,1.50
2021.06.24 15:43:35.553,1.19324,1.19326,0.75,0.75
2021.06.24 15:43:37.220,1.19323,1.19324,1.12,1.57
2021.06.24 15:43:38.296,1.19321,1.19323,0.75,0.75
2021.06.24 15:43:40.892,1.1932,1.19323,0.75,1.50
2021.06.24 15:43:40.994,1.1932,1.19322,0.75,0.75
2021.06.24 15:43:41.348,1.19321,1.19323,0.75,0.75
2021.06.24 15:43:42.725,1.1932,1.19323,0.75,0.82
2021.06.24 15:43:42.827,1.1932,1.19321,3.82,0.75
2021.06.24 15:43:42.929,1.19319,1.19321,0.75,0.75
2021.06.24 15:43:43.082,1.19318,1.19321,3.82,1.50
2021.06.24 15:43:54.991,1.19319,1.19321,0.75,0.75
2021.06.24 15:43:55.484,1.19319,1.19322,0.75,5.02
2021.06.24 15:43:55.789,1.19319,1.19321,0.75,0.75
2021.06.24 15:43:55.903,1.1932,1.19323,3.75,4.68
2021.06.24 15:43:55.955,1.19319,1.19321,0.37,2.32
2021.06.24 15:43:58.039,1.19318,1.19321,3.75,2.70
2021.06.24 15:43:58.140,1.19318,1.1932,0.75,0.45
2021.06.24 15:43:58.343,1.19317,1.1932,3.82,0.75
2021.06.24 15:44:00.099,1.19314,1.19317,5.25,0.82
2021.06.24 15:44:00.302,1.19315,1.19318,3.75,0.82
2021.06.24 15:44:01.632,1.19316,1.19319,0.75,2.32
2021.06.24 15:44:02.001,1.19317,1.1932,0.82,1.12
2021.06.24 15:44:02.153,1.19319,1.19321,0.75,0.82
2021.06.24 15:44:02.355,1.19319,1.19322,0.75,2.32
2021.06.24 15:44:03.420,1.19319,1.19321,0.75,0.10
2021.06.24 15:44:03.852,1.1932,1.19321,0.75,1.20
2021.06.24 15:44:04.968,1.19321,1.19323,0.75,0.37
2021.06.24 15:44:05.069,1.19322,1.19325,0.82,1.57
2021.06.24 15:44:05.221,1.19324,1.19326,3.75,1.57
2021.06.24 15:44:05.379,1.19325,1.19328,0.75,1.95
2021.06.24 15:44:05.481,1.19326,1.19329,0.75,6.63
2021.06.24 15:44:07.213,1.19326,1.19328,0.75,0.10
2021.06.24 15:44:10.547,1.19325,1.19327,0.75,0.10
2021.06.24 15:44:12.978,1.19322,1.19324,5.52,0.45
2021.06.24 15:44:13.099,1.1932,1.19322,0.75,0.26
2021.06.24 15:44:13.201,1.19319,1.1932,0.75,0.82
2021.06.24 15:44:15.502,1.19317,1.1932,0.75,1.57
2021.06.24 15:44:15.654,1.19317,1.19319,0.75,0.10
2021.06.24 15:44:17.342,1.19315,1.19319,3.82,2.32
2021.06.24 15:44:18.400,1.19315,1.19318,3.75,0.10
2021.06.24 15:44:24.130,1.19317,1.1932,0.75,5.43
2021.06.24 15:44:24.530,1.19317,1.19318,3.75,0.10
2021.06.24 15:44:26.634,1.19317,1.1932,0.75,2.70
2021.06.24 15:44:28.267,1.19317,1.19318,3.75,0.10
2021.06.24 15:44:29.569,1.19317,1.1932,0.75,1.95
2021.06.24 15:44:30.746,1.19316,1.19318,0.10,0.10
2021.06.24 15:44:30.847,1.19315,1.19318,1.12,1.57
2021.06.24 15:44:31.252,1.19315,1.19317,0.75,0.82
2021.06.24 15:44:31.353,1.19314,1.19317,0.75,1.57
2021.06.24 15:44:38.137,1.19314,1.19316,0.75,0.10
2021.06.24 15:44:41.292,1.19314,1.19317,3.75,3.75
2021.06.24 15:44:42.248,1.19314,1.19316,0.75,0.10
2021.06.24 15:44:47.020,1.19313,1.19315,0.75,0.45
2021.06.24 15:44:47.122,1.19314,1.19316,0.75,0.37
2021.06.24 15:44:47.275,1.19317,1.19319,0.75,3.56
2021.06.24 15:44:47.325,1.19317,1.19321,4.95,1.65
2021.06.24 15:44:47.427,1.19318,1.19321,1.12,1.57
2021.06.24 15:44:50.550,1.19316,1.19317,5.90,0.82
2021.06.24 15:44:50.601,1.19313,1.19315,5.52,1.95
2021.06.24 15:44:50.703,1.19313,1.19316,0.75,1.57
2021.06.24 15:44:51.006,1.19315,1.19318,6.45,6.10
2021.06.24 15:44:51.108,1.19317,1.19319,3.75,3.82
2021.06.24 15:44:51.210,1.19315,1.19318,3.07,0.10
2021.06.24 15:44:51.513,1.19317,1.19318,4.50,2.32
2021.06.24 15:44:51.614,1.19317,1.1932,0.75,0.82
2021.06.24 15:44:52.646,1.19316,1.19319,1.50,0.10
2021.06.24 15:44:53.782,1.19316,1.19317,3.75,0.10
2021.06.24 15:44:53.884,1.19314,1.19317,9.65,0.75
2021.06.24 15:44:55.072,1.19315,1.19318,0.75,2.14
2021.06.24 15:44:57.330,1.19314,1.19317,0.75,1.57
2021.06.24 15:45:07.554,1.19313,1.19316,4.50,0.75
2021.06.24 15:45:08.302,1.19315,1.19318,1.50,2.25
2021.06.24 15:45:11.303,1.19316,1.19319,3.00,1.20
2021.06.24 15:45:11.566,1.19316,1.19317,3.45,0.75
2021.06.24 15:45:15.965,1.19314,1.19317,1.50,0.75
2021.06.24 15:45:21.345,1.19315,1.19318,1.50,0.75
2021.06.24 15:45:21.446,1.19316,1.19319,3.75,2.32
2021.06.24 15:45:22.743,1.19315,1.19318,0.75,1.57
2021.06.24 15:45:22.844,1.19314,1.19317,0.75,0.75
2021.06.24 15:45:23.198,1.19316,1.19317,2.62,2.25
2021.06.24 15:45:24.092,1.19316,1.19319,2.62,1.12
2021.06.24 15:45:26.222,1.19316,1.19318,0.75,0.37
2021.06.24 15:45:27.153,1.19315,1.19318,1.50,2.32
2021.06.24 15:45:28.190,1.19315,1.19317,1.50,0.37
2021.06.24 15:45:29.273,1.19315,1.19318,6.64,0.37
2021.06.24 15:45:29.375,1.19317,1.1932,1.50,1.20
2021.06.24 15:45:30.440,1.19317,1.19319,1.50,0.37
2021.06.24 15:45:32.913,1.19316,1.19319,0.75,1.12
2021.06.24 15:45:34.535,1.19316,1.19317,4.50,0.75
2021.06.24 15:45:35.378,1.19315,1.19317,0.75,0.75
2021.06.24 15:45:35.481,1.19317,1.19318,0.75,2.40
2021.06.24 15:45:35.583,1.19317,1.19318,0.75,2.02
2021.06.24 15:45:36.470,1.19315,1.19317,0.75,0.75
2021.06.24 15:45:40.709,1.19315,1.19316,0.75,2.32
2021.06.24 15:45:41.577,1.19314,1.19316,0.75,0.37
2021.06.24 15:45:41.695,1.19314,1.19317,3.75,1.95
2021.06.24 15:45:51.041,1.19315,1.19317,0.75,0.37
2021.06.24 15:45:52.869,1.19315,1.19318,0.75,1.20
2021.06.24 15:45:52.971,1.19317,1.1932,1.87,1.12
2021.06.24 15:45:53.820,1.19319,1.1932,1.50,1.57
2021.06.24 15:45:53.872,1.19317,1.19319,1.12,0.75
2021.06.24 15:45:53.973,1.19317,1.1932,0.75,1.12
2021.06.24 15:45:54.907,1.19318,1.1932,0.75,0.37
2021.06.24 15:45:55.009,1.19318,1.19321,0.75,2.32
2021.06.24 15:46:00.182,1.19322,1.19324,0.75,1.12
2021.06.24 15:46:00.284,1.19324,1.19327,1.50,13.68
2021.06.24 15:46:00.774,1.19325,1.19327,0.75,0.75
2021.06.24 15:46:01.229,1.19324,1.19327,1.95,1.50
2021.06.24 15:46:02.101,1.19325,1.19328,0.75,1.20
2021.06.24 15:46:02.912,1.19326,1.19329,1.57,1.12
2021.06.24 15:46:02.963,1.19328,1.1933,1.87,4.60
2021.06.24 15:46:03.014,1.19331,1.19333,1.57,8.25
2021.06.24 15:46:03.115,1.19333,1.19335,0.75,0.75
2021.06.24 15:46:03.419,1.19332,1.19335,0.75,1.20
2021.06.24 15:46:03.520,1.19332,1.19334,0.75,0.75
2021.06.24 15:46:03.890,1.19332,1.19335,0.75,0.82
2021.06.24 15:46:06.264,1.19331,1.19334,0.75,0.82
2021.06.24 15:46:06.366,1.19331,1.19333,0.75,0.10
2021.06.24 15:46:07.746,1.19331,1.19334,0.75,2.70
2021.06.24 15:46:08.445,1.19331,1.19333,0.75,0.10
2021.06.24 15:46:13.632,1.19331,1.19334,0.75,1.20
2021.06.24 15:46:13.757,1.19331,1.19332,1.50,0.10
2021.06.24 15:46:15.301,1.19331,1.19334,0.75,1.20
2021.06.24 15:46:17.514,1.19333,1.19334,0.75,0.82
2021.06.24 15:46:20.270,1.1933,1.19333,4.50,0.75
2021.06.24 15:46:21.886,1.19332,1.19334,0.75,1.20
2021.06.24 15:46:25.072,1.19333,1.19334,4.57,1.12
2021.06.24 15:46:25.797,1.19336,1.19338,0.75,0.82
2021.06.24 15:46:26.101,1.19337,1.19339,0.75,0.82
2021.06.24 15:46:26.203,1.19338,1.19339,0.75,1.76
2021.06.24 15:46:26.760,1.19338,1.1934,0.75,0.45
2021.06.24 15:46:27.064,1.19339,1.1934,0.75,1.57
2021.06.24 15:46:27.165,1.1934,1.19342,1.57,0.37
2021.06.24 15:46:27.216,1.19338,1.1934,1.12,1.12
2021.06.24 15:46:27.318,1.19336,1.19338,0.75,0.56
2021.06.24 15:46:27.420,1.19335,1.19336,0.75,1.12
2021.06.24 15:46:29.169,1.19336,1.19339,0.75,2.51
2021.06.24 15:46:29.423,1.19336,1.19338,0.75,0.56
2021.06.24 15:46:31.258,1.19333,1.19337,3.75,3.26
2021.06.24 15:46:31.360,1.19334,1.19335,0.75,0.26
2021.06.24 15:46:32.164,1.19334,1.19337,0.75,0.82
2021.06.24 15:46:36.105,1.19335,1.19337,0.75,0.26
2021.06.24 15:46:37.031,1.19334,1.19336,0.75,0.19
2021.06.24 15:46:37.133,1.19335,1.19337,0.37,0.75
2021.06.24 15:46:37.185,1.19337,1.1934,4.50,3.00
2021.06.24 15:46:37.553,1.19339,1.1934,0.75,1.12
2021.06.24 15:46:38.210,1.19339,1.1934,1.50,0.75
2021.06.24 15:46:42.121,1.19339,1.19341,1.12,0.75
2021.06.24 15:46:42.222,1.19339,1.19342,4.50,0.56
2021.06.24 15:46:42.324,1.19339,1.19341,0.75,0.94
2021.06.24 15:46:43.189,1.19338,1.1934,0.75,0.56
2021.06.24 15:46:43.290,1.19336,1.19339,2.62,1.12
2021.06.24 15:46:43.897,1.19337,1.1934,5.25,0.75
2021.06.24 15:46:43.998,1.19338,1.19341,1.50,1.31
2021.06.24 15:46:44.150,1.19338,1.1934,0.75,0.75
2021.06.24 15:46:45.408,1.19337,1.19339,0.75,0.19
2021.06.24 15:46:45.510,1.19337,1.19338,0.75,2.44
2021.06.24 15:46:46.034,1.19335,1.19338,0.75,0.75
2021.06.24 15:46:46.136,1.19333,1.19335,1.12,0.75
2021.06.24 15:46:46.238,1.19333,1.19336,1.95,0.75
2021.06.24 15:46:46.390,1.19336,1.19339,1.50,0.75
2021.06.24 15:46:46.491,1.19337,1.1934,1.87,1.12
2021.06.24 15:46:47.144,1.19338,1.1934,2.62,0.75
2021.06.24 15:46:48.278,1.19337,1.1934,4.87,0.75
2021.06.24 15:46:48.988,1.19335,1.19337,1.12,1.50
2021.06.24 15:46:49.089,1.19334,1.19335,2.70,0.94
2021.06.24 15:46:49.191,1.19333,1.19336,1.50,0.94
2021.06.24 15:46:50.048,1.19332,1.19335,4.87,0.75
2021.06.24 15:46:54.085,1.19331,1.19334,1.87,0.94
2021.06.24 15:46:55.003,1.19332,1.19335,1.50,1.69
2021.06.24 15:46:57.073,1.19331,1.19334,0.75,0.94
2021.06.24 15:46:59.648,1.19333,1.19334,0.75,1.31
2021.06.24 15:47:01.838,1.19332,1.19334,0.75,0.19
2021.06.24 15:47:02.198,1.1933,1.19333,4.50,0.75
2021.06.24 15:47:10.895,1.19328,1.1933,2.25,1.39
2021.06.24 15:47:10.946,1.19325,1.19327,8.25,0.75
2021.06.24 15:47:11.149,1.19324,1.19326,0.75,0.75
2021.06.24 15:47:11.300,1.19324,1.19327,0.75,1.57
2021.06.24 15:47:14.738,1.19323,1.19326,0.75,0.82
2021.06.24 15:47:19.602,1.19327,1.19329,0.82,0.75
2021.06.24 15:47:19.704,1.19328,1.1933,0.75,0.75
2021.06.24 15:47:19.805,1.19328,1.19331,0.75,1.20
2021.06.24 15:47:20.431,1.19327,1.19329,1.50,0.10
2021.06.24 15:47:20.532,1.19326,1.19329,0.75,1.20
2021.06.24 15:47:20.633,1.19326,1.19328,0.75,0.10
2021.06.24 15:47:21.240,1.19327,1.1933,1.50,0.82
2021.06.24 15:47:22.472,1.19328,1.1933,0.10,0.75
2021.06.24 15:47:23.294,1.19327,1.1933,2.02,0.75
2021.06.24 15:47:24.712,1.19329,1.19332,3.00,1.39
2021.06.24 15:47:30.821,1.19329,1.19331,0.75,0.10
2021.06.24 15:47:37.632,1.1933,1.19333,3.75,2.32
2021.06.24 15:47:38.669,1.1933,1.19332,0.75,0.37
2021.06.24 15:47:39.449,1.19327,1.1933,4.95,0.75
2021.06.24 15:47:49.373,1.19326,1.19329,0.75,0.82
2021.06.24 15:47:50.418,1.19325,1.19328,0.75,0.82
2021.06.24 15:47:51.436,1.19326,1.19328,0.75,0.75
2021.06.24 15:47:51.538,1.19327,1.1933,1.50,0.82
2021.06.24 15:47:53.285,1.19328,1.1933,0.37,0.75
2021.06.24 15:47:53.537,1.19327,1.1933,1.95,0.75
2021.06.24 15:47:56.946,1.19328,1.19331,0.75,0.82
2021.06.24 15:47:57.204,1.19327,1.1933,0.75,1.57
2021.06.24 15:47:58.239,1.19327,1.19329,0.75,0.37
2021.06.24 15:47:58.378,1.19326,1.19329,0.82,1.12
2021.06.24 15:48:05.761,1.19327,1.1933,0.75,0.82
2021.06.24 15:48:07.381,1.19329,1.1933,0.75,0.82
2021.06.24 15:48:14.768,1.19327,1.1933,4.95,0.75
2021.06.24 15:48:15.312,1.19327,1.19329,0.75,0.82
2021.06.24 15:48:15.413,1.19325,1.19328,5.60,1.12
2021.06.24 15:48:16.309,1.19324,1.19327,1.50,0.82
2021.06.24 15:48:37.781,1.19323,1.19326,4.12,0.82
2021.06.24 15:48:42.118,1.19322,1.19325,1.95,0.75
2021.06.24 15:48:45.143,1.19323,1.19326,3.00,0.10
2021.06.24 15:48:46.041,1.19322,1.19325,2.32,0.75
2021.06.24 15:48:46.455,1.19323,1.19326,3.00,0.45
2021.06.24 15:48:46.700,1.19322,1.19325,2.70,0.75
2021.06.24 15:48:48.496,1.19322,1.19324,0.75,0.10
2021.06.24 15:48:49.815,1.19322,1.19325,0.75,1.57
2021.06.24 15:48:50.858,1.19323,1.19326,3.75,1.57
2021.06.24 15:49:01.865,1.19322,1.19325,3.75,0.82
2021.06.24 15:49:02.476,1.19322,1.19323,3.75,0.10
2021.06.24 15:49:02.587,1.19321,1.19324,0.75,1.57
2021.06.24 15:49:03.288,1.1932,1.19323,1.50,1.20
2021.06.24 15:49:03.339,1.19318,1.19321,0.82,1.95
2021.06.24 15:49:04.319,1.19319,1.19322,0.75,1.95
2021.06.24 15:49:04.481,1.19318,1.19321,3.82,1.12
2021.06.24 15:49:20.998,1.19317,1.1932,1.87,0.82
2021.06.24 15:49:21.150,1.19317,1.19319,1.12,0.10
2021.06.24 15:49:21.504,1.19315,1.19318,1.50,0.82
2021.06.24 15:49:21.605,1.19314,1.19317,0.75,1.57
2021.06.24 15:49:23.751,1.19313,1.19316,1.57,0.75
2021.06.24 15:49:24.730,1.19317,1.19319,0.75,0.82
2021.06.24 15:49:24.832,1.19316,1.19319,3.75,1.57
2021.06.24 15:49:24.934,1.19315,1.19317,0.75,0.75
2021.06.24 15:49:25.287,1.19315,1.19318,0.75,2.32
2021.06.24 15:49:25.490,1.19315,1.19317,0.75,0.75
2021.06.24 15:49:25.609,1.19314,1.19317,5.32,1.50
2021.06.24 15:49:27.397,1.19313,1.19316,0.82,0.75
2021.06.24 15:49:31.879,1.19314,1.19317,0.75,1.20
2021.06.24 15:49:31.981,1.19317,1.19319,0.75,0.45
2021.06.24 15:49:32.234,1.19317,1.1932,0.75,1.20
2021.06.24 15:49:40.142,1.19316,1.19318,0.37,0.75
2021.06.24 15:49:40.243,1.19316,1.19319,0.75,2.32
2021.06.24 15:49:45.134,1.19315,1.19318,1.57,0.75
2021.06.24 15:49:54.443,1.19317,1.19319,0.75,0.37
2021.06.24 15:49:54.545,1.19317,1.1932,0.75,1.20
2021.06.24 15:50:02.446,1.19318,1.19321,0.75,1.18
2021.06.24 15:50:04.245,1.19318,1.19321,0.75,2.13
2021.06.24 15:50:05.496,1.19316,1.19319,4.20,0.75
2021.06.24 15:50:07.309,1.19315,1.19318,7.10,0.75
2021.06.24 15:50:08.063,1.19316,1.19318,0.75,0.75
2021.06.24 15:50:08.495,1.19317,1.19318,0.75,2.68
2021.06.24 15:50:08.546,1.19315,1.19317,1.50,0.75
2021.06.24 15:50:08.799,1.19315,1.19316,1.57,0.75
2021.06.24 15:50:09.569,1.19314,1.19316,1.57,0.75
2021.06.24 15:50:12.603,1.19315,1.19318,0.82,1.12
2021.06.24 15:50:13.253,1.19315,1.19317,0.82,0.75
2021.06.24 15:50:13.568,1.19315,1.19318,1.20,0.75
2021.06.24 15:50:16.015,1.19316,1.19318,0.75,0.75
2021.06.24 15:50:16.319,1.19316,1.19319,0.82,0.75
2021.06.24 15:50:16.421,1.19316,1.19318,0.75,0.75
2021.06.24 15:50:17.091,1.19316,1.19319,0.82,0.75
2021.06.24 15:50:19.753,1.19316,1.19318,0.75,0.75
2021.06.24 15:50:20.588,1.19316,1.19319,1.57,0.75
2021.06.24 15:50:20.892,1.19317,1.19319,0.75,0.75
2021.06.24 15:50:20.993,1.19316,1.19319,0.75,0.80
2021.06.24 15:50:21.106,1.19314,1.19316,2.40,0.75
2021.06.24 15:50:21.207,1.19313,1.19316,5.70,0.75
2021.06.24 15:50:23.049,1.19313,1.19315,0.82,0.75
2021.06.24 15:50:23.940,1.19312,1.19314,0.10,0.75
2021.06.24 15:50:24.093,1.19313,1.19316,0.75,0.37
2021.06.24 15:50:25.798,1.19312,1.19316,3.26,0.37
2021.06.24 15:50:25.849,1.19312,1.19314,0.37,0.75
2021.06.24 15:50:26.968,1.19311,1.19314,9.34,0.75
2021.06.24 15:50:28.965,1.19312,1.19314,0.37,0.75
2021.06.24 15:50:30.485,1.1931,1.19314,10.92,1.20
2021.06.24 15:50:30.586,1.1931,1.19313,6.52,0.75
2021.06.24 15:50:30.689,1.1931,1.19312,6.34,1.20
2021.06.24 15:50:31.247,1.19309,1.19311,6.98,0.75
2021.06.24 15:50:31.718,1.19308,1.19311,1.57,0.75
2021.06.24 15:50:31.820,1.19308,1.1931,6.82,0.75
2021.06.24 15:51:01.348,1.19308,1.1931,5.32,0.75
2021.06.24 15:51:04.502,1.19306,1.19307,5.90,0.82
2021.06.24 15:51:04.604,1.19304,1.19308,0.82,1.57
2021.06.24 15:51:04.857,1.19304,1.19307,0.82,0.75
2021.06.24 15:51:05.325,1.19303,1.19306,4.95,0.75
2021.06.24 15:51:11.579,1.19302,1.19305,1.50,2.70
2021.06.24 15:51:11.680,1.19302,1.19304,0.75,1.12
2021.06.24 15:51:13.349,1.19301,1.19304,3.75,0.75
2021.06.24 15:51:13.451,1.19298,1.193,0.75,0.75
2021.06.24 15:51:15.708,1.19297,1.193,4.50,0.75
2021.06.24 15:51:15.930,1.19296,1.19298,0.37,1.20
2021.06.24 15:51:16.033,1.19295,1.19298,0.75,2.32
2021.06.24 15:51:16.236,1.19294,1.19297,3.75,0.75
2021.06.24 15:51:16.337,1.19296,1.19297,0.75,1.12
2021.06.24 15:51:16.540,1.19294,1.19297,0.75,0.75
2021.06.24 15:51:18.150,1.19294,1.19295,5.25,0.75
2021.06.24 15:51:36.718,1.19295,1.19297,1.87,0.75
2021.06.24 15:51:36.820,1.19296,1.19298,1.12,0.10
2021.06.24 15:51:36.870,1.19297,1.193,0.75,1.87
2021.06.24 15:51:37.276,1.19296,1.19299,1.12,1.65
2021.06.24 15:51:37.377,1.19294,1.19297,4.50,2.25
2021.06.24 15:51:38.379,1.19293,1.19296,0.75,0.75
2021.06.24 15:51:41.349,1.19295,1.19298,0.75,1.50
2021.06.24 15:51:41.654,1.19295,1.19297,0.75,0.75
2021.06.24 15:51:41.985,1.19294,1.19297,4.50,0.75
2021.06.24 15:51:57.121,1.19293,1.19296,1.50,0.75
2021.06.24 15:52:00.722,1.19292,1.19295,0.75,0.75
2021.06.24 15:52:04.803,1.19294,1.19295,0.75,1.95
2021.06.24 15:52:05.577,1.19294,1.19296,0.75,0.75
2021.06.24 15:52:05.628,1.19295,1.19298,4.87,4.60
2021.06.24 15:52:05.731,1.19295,1.19296,2.70,1.12
2021.06.24 15:52:13.341,1.19295,1.19298,3.75,1.12
2021.06.24 15:52:14.912,1.19296,1.19299,0.75,1.95
2021.06.24 15:52:17.832,1.19296,1.19298,0.75,0.37
2021.06.24 15:52:30.048,1.19297,1.193,0.75,2.44
2021.06.24 15:52:30.302,1.19299,1.19301,0.75,1.12
2021.06.24 15:52:35.618,1.19298,1.19301,0.75,1.76
2021.06.24 15:52:35.719,1.19296,1.19299,0.82,1.01
2021.06.24 15:52:35.821,1.19296,1.19298,0.75,0.37
2021.06.24 15:52:40.776,1.19296,1.19299,0.75,3.52
2021.06.24 15:52:41.535,1.19295,1.19298,1.50,0.75
2021.06.24 15:52:41.687,1.19295,1.19297,0.75,0.75
2021.06.24 15:52:41.991,1.19295,1.19298,1.50,0.75
2021.06.24 15:52:42.092,1.19296,1.19299,1.50,0.75
2021.06.24 15:52:43.406,1.19294,1.19297,4.57,0.75
2021.06.24 15:52:47.105,1.19294,1.19296,0.75,0.75
2021.06.24 15:52:47.627,1.19293,1.19296,0.75,1.57
2021.06.24 15:52:48.256,1.19292,1.19295,1.50,0.75
2021.06.24 15:52:53.688,1.19292,1.19296,1.50,1.65
2021.06.24 15:52:54.091,1.19292,1.19294,1.50,1.57
2021.06.24 15:52:54.294,1.19291,1.19293,0.75,0.19
2021.06.24 15:52:54.829,1.1929,1.19293,0.75,0.90
2021.06.24 15:52:55.091,1.1929,1.19292,0.75,0.19
2021.06.24 15:52:55.294,1.1929,1.19293,0.75,1.20
2021.06.24 15:52:56.162,1.1929,1.19292,0.75,0.19
2021.06.24 15:52:57.534,1.19289,1.19292,0.75,0.26
2021.06.24 15:52:57.635,1.19288,1.19292,4.87,0.26
2021.06.24 15:52:57.737,1.19288,1.19291,1.87,0.19
2021.06.24 15:52:57.908,1.19289,1.19291,0.75,0.19
2021.06.24 15:52:58.009,1.19289,1.19292,0.75,7.57
2021.06.24 15:52:58.111,1.19289,1.19291,0.75,0.19
2021.06.24 15:52:59.380,1.19288,1.19291,1.50,0.26
2021.06.24 15:52:59.743,1.19288,1.1929,0.75,0.75
2021.06.24 15:53:00.434,1.19286,1.19289,0.75,5.51
2021.06.24 15:53:00.536,1.19285,1.19288,0.75,3.00
2021.06.24 15:53:00.637,1.19285,1.19289,0.75,1.39
2021.06.24 15:53:00.739,1.19286,1.19289,0.75,2.14
2021.06.24 15:53:01.563,1.19286,1.19287,1.50,0.19
2021.06.24 15:53:02.205,1.19285,1.19288,0.75,7.76
2021.06.24 15:53:02.307,1.19284,1.19287,0.75,4.39
2021.06.24 15:53:03.231,1.19285,1.19287,0.75,1.39
2021.06.24 15:53:04.086,1.19282,1.19285,0.75,1.76
2021.06.24 15:53:04.188,1.19282,1.19284,0.75,0.37
2021.06.24 15:53:04.441,1.19283,1.19285,0.75,1.12
2021.06.24 15:53:04.543,1.19284,1.19285,0.75,2.32
2021.06.24 15:53:04.869,1.19284,1.19286,0.75,0.94
2021.06.24 15:53:09.277,1.19283,1.19286,0.75,1.12
2021.06.24 15:53:11.542,1.19284,1.19286,0.75,1.50
2021.06.24 15:53:12.428,1.19284,1.19287,0.75,3.07
2021.06.24 15:53:18.083,1.19285,1.19287,0.75,1.57
2021.06.24 15:53:31.001,1.19283,1.19286,1.87,0.37
2021.06.24 15:53:33.294,1.19284,1.19286,0.75,0.37
2021.06.24 15:53:34.588,1.19283,1.19286,0.75,0.45
2021.06.24 15:53:41.279,1.19283,1.19285,0.75,0.37
2021.06.24 15:53:41.381,1.19283,1.19286,0.75,6.19
2021.06.24 15:53:43.363,1.19284,1.19286,0.75,1.12
2021.06.24 15:53:44.562,1.19283,1.19285,0.75,1.01
2021.06.24 15:53:44.613,1.19281,1.19283,0.75,0.37
2021.06.24 15:53:44.933,1.19281,1.19284,0.75,1.57
2021.06.24 15:53:46.482,1.19282,1.19284,0.75,1.87
2021.06.24 15:53:47.533,1.19282,1.19285,0.75,1.50
2021.06.24 15:53:47.634,1.19283,1.19286,0.75,2.51
2021.06.24 15:53:47.736,1.19284,1.19286,0.75,0.37
2021.06.24 15:53:47.837,1.19284,1.19287,0.75,2.25
2021.06.24 15:53:48.349,1.19286,1.19289,0.75,6.48
2021.06.24 15:53:48.450,1.19287,1.19289,0.75,1.12
2021.06.24 15:53:48.501,1.19285,1.19288,0.75,4.95
2021.06.24 15:53:48.603,1.19285,1.19287,0.75,0.37
2021.06.24 15:53:50.655,1.19285,1.19288,0.75,4.12
2021.06.24 15:53:50.965,1.19287,1.19289,0.75,0.37
2021.06.24 15:53:51.067,1.19287,1.1929,0.75,4.01
2021.06.24 15:53:51.169,1.19287,1.19289,0.75,1.50
2021.06.24 15:53:59.352,1.19286,1.19287,0.75,0.56
2021.06.24 15:54:01.977,1.19283,1.19285,0.75,0.37
2021.06.24 15:54:02.079,1.19282,1.19285,0.75,0.56
2021.06.24 15:54:04.929,1.1928,1.19283,1.12,0.37
2021.06.24 15:54:05.031,1.19281,1.19284,0.75,1.12
2021.06.24 15:54:06.335,1.1928,1.19283,0.75,0.37
2021.06.24 15:54:06.437,1.1928,1.19282,0.75,0.37
2021.06.24 15:54:07.530,1.19279,1.19282,0.75,1.57
2021.06.24 15:54:07.663,1.19279,1.19281,0.75,0.37
2021.06.24 15:54:08.674,1.19278,1.19281,0.75,4.87
2021.06.24 15:54:12.330,1.19275,1.19278,0.75,1.20
2021.06.24 15:54:12.482,1.19275,1.19277,0.75,0.37
2021.06.24 15:54:12.684,1.19273,1.19277,1.12,4.20
2021.06.24 15:54:13.329,1.19274,1.19277,0.75,2.02
2021.06.24 15:54:14.071,1.19272,1.19274,0.75,0.10
2021.06.24 15:54:14.425,1.19272,1.19275,0.75,2.14
2021.06.24 15:54:14.585,1.19272,1.19276,0.75,3.26
2021.06.24 15:54:14.737,1.19274,1.19276,0.75,3.26
2021.06.24 15:54:15.040,1.19273,1.19276,0.75,4.95
2021.06.24 15:54:16.150,1.19273,1.19275,0.75,4.95
2021.06.24 15:54:17.293,1.19273,1.19276,0.75,5.32
2021.06.24 15:54:18.664,1.19272,1.19275,0.75,0.45
2021.06.24 15:54:20.131,1.19273,1.19275,0.75,9.34
2021.06.24 15:54:21.010,1.19272,1.19275,0.75,0.82
2021.06.24 15:54:30.639,1.19273,1.19276,0.75,3.45
2021.06.24 15:54:31.534,1.19275,1.19278,0.75,2.32
2021.06.24 15:54:32.148,1.19275,1.19276,0.75,0.75
2021.06.24 15:54:33.265,1.19273,1.19275,1.12,6.45
2021.06.24 15:54:33.367,1.19273,1.19276,0.75,3.07
2021.06.24 15:54:35.084,1.19272,1.19275,0.75,3.45
2021.06.24 15:54:35.186,1.19272,1.19274,0.75,1.95
2021.06.24 15:54:35.440,1.1927,1.19274,0.75,2.70
2021.06.24 15:54:37.150,1.1927,1.19273,0.75,0.37
2021.06.24 15:54:38.139,1.1927,1.19274,0.75,3.82
2021.06.24 15:54:38.275,1.1927,1.19273,0.75,1.20
2021.06.24 15:54:39.218,1.19272,1.19274,0.75,1.12
2021.06.24 15:54:40.785,1.19271,1.19274,0.75,0.75
2021.06.24 15:54:40.887,1.19272,1.19274,0.75,0.75
2021.06.24 15:54:41.090,1.19272,1.19274,0.75,1.20
2021.06.24 15:54:42.302,1.19273,1.19275,0.75,0.75
2021.06.24 15:54:44.041,1.19272,1.19275,0.75,0.75
2021.06.24 15:54:55.002,1.19272,1.19274,0.75,1.20
2021.06.24 15:54:55.495,1.19271,1.19274,0.75,1.95
2021.06.24 15:54:58.998,1.19271,1.19275,0.75,2.32
2021.06.24 15:54:59.685,1.19269,1.19273,6.65,1.20
2021.06.24 15:54:59.786,1.19269,1.19272,0.75,1.57
2021.06.24 15:55:00.090,1.1927,1.19273,0.75,1.20
2021.06.24 15:55:01.252,1.19271,1.19274,0.75,0.82
2021.06.24 15:55:01.710,1.19271,1.19275,0.75,4.39
2021.06.24 15:55:02.675,1.19272,1.19275,0.75,3.45
2021.06.24 15:55:03.453,1.1927,1.19273,3.00,0.75
2021.06.24 15:55:06.674,1.19269,1.19272,0.75,0.75
2021.06.24 15:55:06.775,1.19268,1.19271,5.25,0.75
2021.06.24 15:55:15.114,1.19267,1.1927,2.89,0.75
2021.06.24 15:55:15.922,1.19268,1.1927,0.37,0.75
2021.06.24 15:55:16.887,1.19268,1.1927,2.32,0.75
2021.06.24 15:55:18.890,1.19268,1.1927,0.37,0.75
2021.06.24 15:55:19.933,1.19267,1.1927,2.62,0.75
2021.06.24 15:55:21.883,1.19268,1.1927,0.37,0.75
2021.06.24 15:55:31.963,1.19267,1.1927,3.00,0.75
2021.06.24 15:55:38.577,1.19268,1.19271,0.75,0.75
2021.06.24 15:55:39.222,1.19267,1.1927,1.50,0.75
2021.06.24 15:55:41.258,1.19268,1.19271,0.75,0.75
2021.06.24 15:55:42.629,1.19267,1.1927,1.50,0.75
2021.06.24 15:55:47.190,1.19268,1.19271,0.75,1.12
2021.06.24 15:55:49.942,1.19269,1.19271,0.75,0.75
2021.06.24 15:55:51.780,1.19271,1.19273,0.75,1.50
2021.06.24 15:55:52.033,1.19269,1.19271,0.37,0.75
2021.06.24 15:55:52.134,1.19268,1.19271,5.15,0.75
2021.06.24 15:55:53.973,1.19267,1.1927,2.70,0.75
2021.06.24 15:56:04.921,1.19265,1.19268,0.75,1.50
2021.06.24 15:56:06.918,1.19266,1.19269,0.75,5.25
2021.06.24 15:56:07.811,1.19266,1.19267,0.75,4.50
2021.06.24 15:56:07.913,1.19263,1.19265,1.12,1.50
2021.06.24 15:56:08.015,1.19262,1.19265,1.87,0.75
2021.06.24 15:56:11.153,1.19264,1.19267,0.75,1.50
2021.06.24 15:56:16.226,1.19265,1.19267,0.75,1.12
2021.06.24 15:56:16.682,1.19265,1.19268,0.75,0.75
2021.06.24 15:56:17.558,1.19266,1.19269,0.75,6.45
2021.06.24 15:56:28.612,1.19267,1.19269,0.75,6.82
2021.06.24 15:56:30.970,1.19267,1.1927,0.75,1.95
2021.06.24 15:56:33.305,1.19267,1.19269,0.75,0.37
2021.06.24 15:56:34.919,1.19266,1.19269,0.75,4.12
2021.06.24 15:56:36.389,1.19263,1.19266,2.70,0.75
2021.06.24 15:56:36.491,1.19264,1.19267,1.87,0.75
2021.06.24 15:56:36.593,1.19266,1.19268,0.75,0.75
2021.06.24 15:56:37.836,1.19265,1.19268,0.75,6.00
2021.06.24 15:56:39.627,1.19263,1.19266,1.87,0.75
2021.06.24 15:56:41.233,1.19264,1.19266,0.75,0.75
2021.06.24 15:56:41.288,1.19265,1.19268,0.75,8.43
2021.06.24 15:56:42.862,1.19267,1.1927,0.75,2.32
2021.06.24 15:56:43.368,1.19265,1.19268,1.12,1.50
2021.06.24 15:56:46.975,1.19263,1.19265,0.37,0.75
2021.06.24 15:56:47.077,1.19262,1.19265,1.20,0.75
2021.06.24 15:56:48.140,1.19263,1.19266,0.75,0.75
2021.06.24 15:56:49.860,1.19264,1.19266,0.75,0.75
2021.06.24 15:56:50.915,1.19263,1.19266,1.12,0.75
2021.06.24 15:56:51.165,1.19264,1.19267,0.75,1.87
2021.06.24 15:56:51.419,1.19263,1.19266,1.12,0.75
2021.06.24 15:56:53.419,1.19263,1.19264,1.50,0.75
2021.06.24 15:57:10.864,1.19266,1.19268,1.31,0.75
2021.06.24 15:57:10.966,1.19267,1.1927,3.56,1.50
2021.06.24 15:57:11.120,1.19267,1.19269,0.75,0.75
2021.06.24 15:57:12.124,1.19267,1.1927,0.75,8.70
2021.06.24 15:57:12.291,1.19267,1.19269,0.75,0.10
2021.06.24 15:57:12.443,1.19265,1.19268,1.50,1.50
2021.06.24 15:57:12.545,1.19264,1.19267,2.06,0.75
2021.06.24 15:57:13.551,1.19265,1.19268,0.75,1.95
2021.06.24 15:57:14.013,1.19267,1.1927,2.81,6.10
2021.06.24 15:57:14.116,1.1927,1.19273,0.75,6.55
2021.06.24 15:57:14.218,1.19272,1.19274,0.10,1.50
2021.06.24 15:57:14.489,1.19272,1.19275,1.76,0.75
2021.06.24 15:57:15.073,1.19271,1.19275,0.82,4.57
2021.06.24 15:57:15.175,1.19271,1.19274,0.75,0.82
2021.06.24 15:57:15.702,1.1927,1.19273,0.75,1.57
2021.06.24 15:57:16.698,1.1927,1.19272,0.75,0.10
2021.06.24 15:57:17.747,1.1927,1.19273,0.75,3.07
2021.06.24 15:57:17.849,1.19271,1.19274,0.82,0.75
2021.06.24 15:57:18.153,1.19271,1.19273,0.82,0.75
2021.06.24 15:57:18.406,1.1927,1.19273,0.75,2.70
2021.06.24 15:57:18.660,1.1927,1.19272,0.75,0.10
2021.06.24 15:57:19.627,1.19268,1.19271,0.82,0.75
2021.06.24 15:57:22.688,1.19267,1.1927,2.89,0.75
2021.06.24 15:57:23.774,1.19265,1.19267,0.37,0.10
2021.06.24 15:57:23.875,1.19262,1.19265,1.87,0.75
2021.06.24 15:57:30.100,1.19263,1.19266,0.75,0.75
2021.06.24 15:57:47.157,1.19264,1.19267,0.75,2.25
2021.06.24 15:57:50.049,1.19263,1.19266,0.75,0.75
2021.06.24 15:57:50.151,1.19264,1.19267,2.89,1.12
2021.06.24 15:57:50.303,1.19266,1.19267,0.75,1.87
2021.06.24 15:57:50.404,1.19265,1.19268,0.75,0.75
2021.06.24 15:57:51.909,1.19266,1.19269,0.75,1.12
2021.06.24 15:57:52.010,1.19267,1.19269,0.37,1.12
2021.06.24 15:57:52.111,1.19268,1.1927,1.50,0.37
2021.06.24 15:57:52.213,1.19268,1.19271,1.50,0.75
2021.06.24 15:57:56.861,1.19267,1.1927,0.82,0.75
2021.06.24 15:57:58.147,1.19267,1.19268,1.12,3.82
2021.06.24 15:57:59.163,1.19264,1.19267,0.75,0.75
2021.06.24 15:58:02.358,1.19266,1.19268,1.69,0.75
2021.06.24 15:58:02.459,1.19268,1.1927,0.75,0.75
2021.06.24 15:58:06.127,1.19268,1.19271,1.50,0.75
2021.06.24 15:58:07.012,1.19269,1.19272,0.75,3.45
2021.06.24 15:58:07.113,1.19267,1.1927,1.12,0.75
2021.06.24 15:58:11.612,1.1927,1.19272,1.50,11.88
2021.06.24 15:58:12.219,1.19269,1.19272,0.75,3.45
2021.06.24 15:58:17.541,1.19268,1.19271,0.75,0.75
2021.06.24 15:58:20.070,1.19269,1.19272,0.75,3.45
2021.06.24 15:58:29.419,1.19268,1.19271,0.75,0.75
2021.06.24 15:58:34.306,1.19269,1.19272,0.75,2.70
2021.06.24 15:58:34.508,1.1927,1.19273,0.75,3.82
2021.06.24 15:58:34.711,1.19272,1.19275,0.75,5.73
2021.06.24 15:58:35.309,1.19274,1.19277,0.75,6.45
2021.06.24 15:58:35.665,1.19272,1.19275,0.75,1.69
2021.06.24 15:58:37.372,1.19273,1.19275,0.75,0.10
2021.06.24 15:58:37.473,1.19273,1.19276,0.75,2.62
2021.06.24 15:58:40.430,1.19274,1.19277,0.75,2.32
2021.06.24 15:58:41.041,1.19273,1.19276,2.25,0.82
2021.06.24 15:58:41.142,1.19274,1.19277,0.75,2.70
2021.06.24 15:58:41.850,1.19275,1.19277,0.75,1.12
2021.06.24 15:58:41.952,1.19276,1.19279,0.75,1.95
2021.06.24 15:58:42.103,1.19278,1.19279,0.75,2.77
2021.06.24 15:58:42.205,1.19278,1.1928,1.50,0.75
2021.06.24 15:58:42.307,1.19278,1.19281,1.50,1.95
2021.06.24 15:58:43.891,1.19278,1.1928,0.75,1.20
2021.06.24 15:58:43.992,1.19278,1.19281,1.50,1.95
2021.06.24 15:58:45.671,1.19279,1.19281,0.75,0.37
2021.06.24 15:58:47.587,1.1928,1.19282,1.12,1.12
2021.06.24 15:58:47.638,1.1928,1.19284,2.25,2.40
2021.06.24 15:58:47.739,1.1928,1.19283,2.25,0.37
2021.06.24 15:58:48.968,1.19281,1.19283,2.25,4.20
2021.06.24 15:58:51.522,1.19277,1.19279,0.75,0.82
2021.06.24 15:58:52.471,1.19277,1.1928,1.50,0.45
2021.06.24 15:58:52.572,1.19278,1.19281,0.75,2.32
2021.06.24 15:58:54.469,1.1928,1.19282,0.75,0.75
2021.06.24 15:58:54.571,1.1928,1.19283,0.75,1.65
2021.06.24 15:58:57.359,1.19283,1.19284,0.82,1.50
2021.06.24 15:58:57.461,1.19284,1.19285,0.75,0.90
2021.06.24 15:58:57.943,1.19285,1.19287,0.75,1.57
2021.06.24 15:59:01.137,1.19285,1.19288,1.50,1.57
2021.06.24 15:59:01.289,1.19285,1.19287,0.75,0.82
2021.06.24 15:59:01.601,1.19283,1.19286,0.75,0.45
2021.06.24 15:59:01.703,1.19282,1.19285,0.75,1.95
2021.06.24 15:59:01.805,1.19282,1.19284,0.75,0.37
2021.06.24 15:59:01.908,1.19282,1.19285,0.75,2.32
2021.06.24 15:59:02.010,1.19283,1.19285,0.75,0.82
2021.06.24 15:59:02.264,1.19283,1.19286,0.75,1.95
2021.06.24 15:59:02.655,1.19284,1.19286,0.75,0.10
2021.06.24 15:59:03.850,1.19284,1.19287,0.75,2.32
2021.06.24 15:59:05.521,1.19283,1.19287,0.82,2.32
2021.06.24 15:59:05.623,1.19283,1.19285,0.75,0.10
2021.06.24 15:59:05.725,1.19284,1.19285,0.75,1.39
2021.06.24 15:59:06.081,1.19284,1.19286,0.75,0.10
2021.06.24 15:59:06.182,1.19284,1.19287,0.75,2.32
2021.06.24 15:59:06.738,1.19284,1.19286,0.75,0.10
2021.06.24 15:59:09.374,1.19281,1.19283,1.20,0.10
2021.06.24 15:59:09.425,1.19279,1.19283,7.28,3.82
2021.06.24 15:59:09.477,1.19281,1.19283,0.10,0.82
2021.06.24 15:59:09.579,1.1928,1.19283,0.75,2.32
2021.06.24 15:59:09.681,1.19277,1.1928,5.97,0.75
2021.06.24 15:59:10.541,1.19277,1.19281,1.57,0.10
2021.06.24 15:59:11.540,1.19277,1.1928,0.37,0.10
2021.06.24 15:59:11.642,1.19277,1.19279,0.75,0.10
2021.06.24 15:59:12.217,1.19275,1.19278,0.75,0.82
2021.06.24 15:59:12.370,1.19273,1.19276,0.82,0.82
2021.06.24 15:59:12.471,1.19272,1.19276,3.82,0.10
2021.06.24 15:59:13.280,1.19275,1.19277,0.75,1.20
2021.06.24 15:59:24.751,1.19268,1.1927,16.57,0.45
2021.06.24 15:59:24.802,1.19266,1.19269,3.00,0.10
2021.06.24 15:59:24.904,1.19268,1.1927,0.75,0.82
2021.06.24 15:59:25.827,1.19265,1.19269,1.57,0.10
2021.06.24 15:59:28.250,1.19265,1.19267,0.75,0.10
2021.06.24 15:59:30.568,1.19264,1.19267,0.75,1.20
2021.06.24 15:59:31.745,1.19264,1.19266,0.75,0.10
2021.06.24 15:59:33.911,1.19263,1.19267,0.82,5.32
2021.06.24 15:59:34.146,1.19262,1.19265,0.75,6.45
2021.06.24 15:59:34.554,1.19263,1.19265,0.75,0.37
2021.06.24 15:59:34.812,1.19264,1.19267,0.82,3.07
2021.06.24 15:59:34.914,1.19265,1.19267,0.75,2.25
2021.06.24 15:59:35.117,1.19266,1.19268,0.75,1.50
2021.06.24 15:59:36.671,1.19267,1.19269,0.75,0.75
2021.06.24 15:59:36.722,1.19265,1.19268,0.10,0.75
2021.06.24 15:59:36.993,1.19265,1.19269,0.10,4.95
2021.06.24 15:59:38.973,1.19265,1.19268,0.10,0.75
2021.06.24 15:59:39.971,1.19266,1.19268,0.10,4.95
2021.06.24 15:59:40.382,1.19267,1.19269,0.75,1.20
2021.06.24 15:59:43.177,1.19265,1.19268,1.12,0.82
2021.06.24 15:59:44.547,1.19266,1.19268,0.75,0.75
2021.06.24 15:59:45.327,1.19265,1.19268,0.75,0.82
2021.06.24 15:59:45.630,1.19262,1.19265,2.02,0.75
2021.06.24 15:59:46.547,1.19263,1.19266,0.75,0.82
2021.06.24 15:59:51.088,1.19264,1.19267,0.75,2.32
2021.06.24 15:59:51.710,1.19264,1.19266,0.75,0.75
2021.06.24 15:59:52.046,1.19264,1.19267,0.75,3.07
2021.06.24 15:59:53.033,1.19264,1.19266,0.75,0.75
2021.06.24 15:59:53.789,1.19264,1.19267,0.75,13.38
2021.06.24 15:59:55.077,1.19264,1.19266,0.75,0.10
2021.06.24 15:59:55.651,1.19264,1.19267,0.75,2.70
2021.06.24 15:59:57.212,1.19264,1.19266,0.75,0.75
2021.06.24 15:59:57.313,1.19264,1.19267,0.75,2.70
2021.06.24 15:59:59.764,1.19265,1.19268,0.75,2.32
