2015.11.09 23:00:00.169,1.07559,1.07565,1.50,1.00
2015.11.09 23:00:00.473,1.07552,1.07558,1.37,3.75
2015.11.09 23:00:01.022,1.07552,1.07559,1.00,1.00
2015.11.09 23:00:01.175,1.07554,1.07559,1.50,1.00
2015.11.09 23:00:01.682,1.07553,1.07559,1.50,1.00
2015.11.09 23:00:01.937,1.07551,1.07558,1.00,1.00
2015.11.09 23:00:02.517,1.07551,1.07559,1.00,2.25
2015.11.09 23:00:02.568,1.07551,1.07556,1.50,1.00
2015.11.09 23:00:02.670,1.07552,1.07558,1.50,2.25
2015.11.09 23:00:03.074,1.0755,1.07556,1.50,1.00
2015.11.09 23:00:03.226,1.07549,1.07558,1.12,1.50
2015.11.09 23:00:03.739,1.07549,1.07557,1.87,1.50
2015.11.09 23:00:04.498,1.07549,1.07556,1.50,1.00
2015.11.09 23:00:04.701,1.07552,1.07557,1.50,1.50
2015.11.09 23:00:05.381,1.0755,1.07552,1.50,1.00
2015.11.09 23:00:05.441,1.07548,1.07552,1.87,1.00
2015.11.09 23:00:05.492,1.07547,1.07554,4.87,1.50
2015.11.09 23:00:05.897,1.07551,1.07554,1.50,1.00
2015.11.09 23:00:06.403,1.07552,1.07554,1.50,1.00
2015.11.09 23:00:06.900,1.0755,1.07554,1.50,1.00
2015.11.09 23:00:07.305,1.07552,1.07554,1.50,1.00
2015.11.09 23:00:08.742,1.07551,1.07554,2.25,1.00
2015.11.09 23:00:09.248,1.07552,1.07554,1.50,1.00
2015.11.09 23:00:09.811,1.07551,1.07554,2.25,1.00
2015.11.09 23:00:10.376,1.07552,1.07554,1.50,1.00
2015.11.09 23:00:10.629,1.07548,1.07554,4.12,1.50
2015.11.09 23:00:11.820,1.07551,1.07554,1.50,1.00
2015.11.09 23:00:12.427,1.07552,1.07554,1.50,1.00
2015.11.09 23:00:12.932,1.07551,1.07554,1.50,1.00
2015.11.09 23:00:13.477,1.07551,1.07553,1.50,1.00
2015.11.09 23:00:14.134,1.07552,1.07553,1.50,1.00
2015.11.09 23:00:14.718,1.07551,1.07553,1.50,1.00
2015.11.09 23:00:15.376,1.07548,1.07552,1.12,1.00
2015.11.09 23:00:15.881,1.07549,1.07552,1.50,1.00
2015.11.09 23:00:16.387,1.07548,1.07552,2.62,1.00
2015.11.09 23:00:17.645,1.07548,1.07551,1.12,1.00
2015.11.09 23:00:20.405,1.07546,1.07551,1.00,1.00
2015.11.09 23:00:20.456,1.07546,1.07549,1.00,1.00
2015.11.09 23:00:20.776,1.07544,1.07551,1.50,1.87
2015.11.09 23:00:20.929,1.07542,1.0755,3.75,1.00
2015.11.09 23:00:20.980,1.07542,1.07546,3.75,1.00
2015.11.09 23:00:21.286,1.07545,1.07551,4.87,2.25
2015.11.09 23:00:21.337,1.07545,1.07551,1.50,2.25
2015.11.09 23:00:21.438,1.07544,1.07547,1.50,1.00
2015.11.09 23:00:21.540,1.07542,1.07547,1.00,1.00
2015.11.09 23:00:21.592,1.07541,1.07544,1.00,1.00
2015.11.09 23:00:21.989,1.07541,1.07548,1.37,1.00
2015.11.09 23:00:22.040,1.07542,1.07545,1.00,1.00
2015.11.09 23:00:22.143,1.0754,1.07546,1.00,1.00
2015.11.09 23:00:22.195,1.0754,1.07544,1.00,1.00
2015.11.09 23:00:22.448,1.0754,1.07546,1.00,1.00
2015.11.09 23:00:22.499,1.07538,1.07545,1.00,3.00
2015.11.09 23:00:22.550,1.07538,1.07543,1.00,1.00
2015.11.09 23:00:22.855,1.07536,1.07541,1.00,1.00
2015.11.09 23:00:23.344,1.07536,1.07539,1.00,1.00
2015.11.09 23:00:23.395,1.07533,1.07539,1.87,1.00
2015.11.09 23:00:23.447,1.07533,1.07537,1.50,1.00
2015.11.09 23:00:23.600,1.0753,1.07536,4.50,1.00
2015.11.09 23:00:24.108,1.07531,1.07534,1.00,1.00
2015.11.09 23:00:24.758,1.0753,1.07534,1.00,1.50
2015.11.09 23:00:25.264,1.07529,1.07533,2.85,1.00
2015.11.09 23:00:25.569,1.07531,1.07533,1.00,1.00
2015.11.09 23:00:25.872,1.07529,1.07533,2.17,1.00
2015.11.09 23:00:26.280,1.0753,1.07535,1.00,1.10
2015.11.09 23:00:26.483,1.07529,1.07533,1.42,1.00
2015.11.09 23:00:27.881,1.07529,1.07533,1.80,1.00
2015.11.09 23:00:28.387,1.07529,1.07534,3.22,1.00
2015.11.09 23:00:29.490,1.07531,1.07534,1.50,1.00
2015.11.09 23:00:29.995,1.0753,1.07534,1.50,1.00
2015.11.09 23:00:30.249,1.07528,1.07534,2.62,1.00
2015.11.09 23:00:30.767,1.07529,1.07534,1.00,1.00
2015.11.09 23:00:31.284,1.0753,1.07534,3.00,1.00
2015.11.09 23:00:31.905,1.0753,1.07535,3.00,3.00
2015.11.09 23:00:32.368,1.07529,1.07533,1.00,1.00
2015.11.09 23:00:32.676,1.07529,1.07535,1.00,3.75
2015.11.09 23:00:32.777,1.07531,1.07536,1.00,1.50
2015.11.09 23:00:33.440,1.0753,1.07537,3.00,2.25
2015.11.09 23:00:33.541,1.07528,1.07536,1.50,1.00
2015.11.09 23:00:33.748,1.0753,1.07536,3.00,1.00
2015.11.09 23:00:34.053,1.07531,1.07534,1.50,1.00
2015.11.09 23:00:34.812,1.0753,1.07534,3.00,1.00
2015.11.09 23:00:35.749,1.0753,1.07532,1.50,1.00
2015.11.09 23:00:35.850,1.07527,1.07532,3.00,1.00
2015.11.09 23:00:36.154,1.07529,1.07533,1.50,3.00
2015.11.09 23:00:36.458,1.07531,1.07537,1.50,1.50
2015.11.09 23:00:36.906,1.07531,1.0754,3.00,1.12
2015.11.09 23:00:36.957,1.07534,1.0754,1.50,1.50
2015.11.09 23:00:37.059,1.07534,1.07541,1.00,3.37
2015.11.09 23:00:37.110,1.07534,1.07542,1.00,1.50
2015.11.09 23:00:37.313,1.07536,1.07543,2.25,1.00
2015.11.09 23:00:37.466,1.07536,1.07545,1.50,3.75
2015.11.09 23:00:37.771,1.07537,1.07541,1.00,1.00
2015.11.09 23:00:37.872,1.07536,1.07542,3.75,1.00
2015.11.09 23:00:37.923,1.07538,1.07545,2.25,1.00
2015.11.09 23:00:37.975,1.0754,1.07546,1.50,1.50
2015.11.09 23:00:38.317,1.07541,1.07548,1.50,1.50
2015.11.09 23:00:38.671,1.0754,1.07545,3.00,1.00
2015.11.09 23:00:38.773,1.07541,1.07547,1.50,3.75
2015.11.09 23:00:38.875,1.0754,1.07545,2.25,1.00
2015.11.09 23:00:39.178,1.0754,1.07547,3.00,3.00
2015.11.09 23:00:39.866,1.0754,1.07546,3.75,1.00
2015.11.09 23:00:40.459,1.07539,1.07545,2.25,1.00
2015.11.09 23:00:40.969,1.0754,1.07545,3.75,1.00
2015.11.09 23:00:41.570,1.07539,1.07545,3.00,1.00
2015.11.09 23:00:41.671,1.07541,1.07547,1.50,1.50
2015.11.09 23:00:42.178,1.07542,1.07548,1.50,1.00
2015.11.09 23:00:42.785,1.07542,1.07549,1.50,1.50
2015.11.09 23:00:43.792,1.07543,1.07549,1.50,1.00
2015.11.09 23:00:47.339,1.07542,1.0755,1.50,5.25
2015.11.09 23:00:47.880,1.07543,1.07549,1.50,1.00
2015.11.09 23:00:48.423,1.07542,1.07549,1.50,1.00
2015.11.09 23:00:49.044,1.0754,1.0755,3.37,3.75
2015.11.09 23:00:49.342,1.07542,1.07549,1.50,1.00
2015.11.09 23:00:52.311,1.07541,1.0755,1.87,5.25
2015.11.09 23:00:52.861,1.07542,1.07549,1.50,1.00
2015.11.09 23:00:53.428,1.07541,1.07549,1.50,1.00
2015.11.09 23:00:54.161,1.07542,1.07549,1.50,1.50
2015.11.09 23:00:54.870,1.07541,1.07549,1.50,1.00
2015.11.09 23:00:55.376,1.07542,1.07549,1.50,1.50
2015.11.09 23:00:56.840,1.07541,1.07549,1.50,1.00
2015.11.09 23:00:57.377,1.07542,1.07549,1.50,1.50
2015.11.09 23:00:58.588,1.07541,1.07549,1.50,1.00
2015.11.09 23:00:59.095,1.07542,1.07549,1.50,1.50
2015.11.09 23:00:59.969,1.07541,1.07549,1.50,1.00
2015.11.09 23:01:00.485,1.07542,1.07549,1.50,1.00
2015.11.09 23:01:01.092,1.07541,1.07548,2.25,1.50
2015.11.09 23:01:02.209,1.0754,1.07548,3.00,3.00
2015.11.09 23:01:02.663,1.07541,1.07545,1.50,1.00
2015.11.09 23:01:02.966,1.0754,1.07547,1.50,3.00
2015.11.09 23:01:03.424,1.07538,1.07546,2.25,1.50
2015.11.09 23:01:03.880,1.0754,1.07546,1.50,1.00
2015.11.09 23:01:06.631,1.0754,1.07547,1.50,3.00
2015.11.09 23:01:06.934,1.07539,1.07545,2.25,1.00
2015.11.09 23:01:08.335,1.07538,1.07546,1.95,1.00
2015.11.09 23:01:08.839,1.07539,1.07545,1.50,1.00
2015.11.09 23:01:10.109,1.07538,1.07546,1.95,1.00
2015.11.09 23:01:10.628,1.07539,1.07545,1.87,1.00
2015.11.09 23:01:11.234,1.07538,1.07546,1.95,1.00
2015.11.09 23:01:11.736,1.07539,1.07545,1.87,1.00
2015.11.09 23:01:13.035,1.07538,1.07546,1.65,1.50
2015.11.09 23:01:13.570,1.07539,1.07547,2.25,2.25
2015.11.09 23:01:14.156,1.07539,1.07546,1.50,1.50
2015.11.09 23:01:15.025,1.07538,1.07547,1.50,2.25
2015.11.09 23:01:15.345,1.0754,1.07547,3.00,1.50
2015.11.09 23:01:16.058,1.07539,1.07547,3.00,1.50
2015.11.09 23:01:16.369,1.07541,1.07548,1.50,6.00
2015.11.09 23:01:17.376,1.0754,1.07548,3.00,4.50
2015.11.09 23:01:18.028,1.07541,1.07548,1.50,6.00
2015.11.09 23:01:19.091,1.07541,1.07547,1.50,1.00
2015.11.09 23:01:20.304,1.0754,1.07547,2.25,1.00
2015.11.09 23:01:20.845,1.07541,1.07547,1.50,1.00
2015.11.09 23:01:22.390,1.0754,1.07548,1.50,6.00
2015.11.09 23:01:23.001,1.07541,1.07547,1.50,1.00
2015.11.09 23:01:23.378,1.07542,1.0755,3.00,1.00
2015.11.09 23:01:23.429,1.07544,1.0755,1.50,1.00
2015.11.09 23:01:23.633,1.07546,1.07553,2.25,1.00
2015.11.09 23:01:23.785,1.07547,1.07555,1.00,1.00
2015.11.09 23:01:23.985,1.07549,1.07556,1.00,1.50
2015.11.09 23:01:24.591,1.0755,1.07556,1.50,1.00
2015.11.09 23:01:25.096,1.0755,1.07557,3.00,1.00
2015.11.09 23:01:26.514,1.0755,1.07558,3.75,5.25
2015.11.09 23:01:27.020,1.07549,1.07558,3.75,6.00
2015.11.09 23:01:27.564,1.0755,1.07558,1.50,6.00
2015.11.09 23:01:28.110,1.07551,1.07558,1.00,5.25
2015.11.09 23:01:30.031,1.0755,1.07558,2.25,3.75
2015.11.09 23:01:30.536,1.07551,1.07558,1.00,6.00
2015.11.09 23:01:31.633,1.0755,1.07558,2.25,4.50
2015.11.09 23:01:32.288,1.07551,1.07558,1.00,6.00
2015.11.09 23:01:33.738,1.07551,1.07555,1.00,1.00
2015.11.09 23:01:33.940,1.07543,1.07549,2.25,1.20
2015.11.09 23:01:33.991,1.07545,1.07549,1.50,1.00
2015.11.09 23:01:34.042,1.07545,1.07551,1.50,1.00
2015.11.09 23:01:34.568,1.07544,1.07552,1.00,1.50
2015.11.09 23:01:35.075,1.07545,1.07552,1.00,1.00
2015.11.09 23:01:35.176,1.07547,1.07554,1.50,1.50
2015.11.09 23:01:35.782,1.07548,1.07556,1.00,1.87
2015.11.09 23:01:35.934,1.07548,1.07554,1.00,1.00
2015.11.09 23:01:36.979,1.07547,1.07554,1.50,1.50
2015.11.09 23:01:37.484,1.07547,1.07555,5.25,2.25
2015.11.09 23:01:37.788,1.07549,1.07555,1.50,1.00
2015.11.09 23:01:38.856,1.07548,1.07555,1.50,1.00
2015.11.09 23:01:39.361,1.07549,1.07555,1.50,1.00
2015.11.09 23:01:39.954,1.07548,1.07555,1.00,1.00
2015.11.09 23:01:40.575,1.07549,1.07556,1.00,1.50
2015.11.09 23:01:42.268,1.07549,1.07555,1.00,1.00
2015.11.09 23:01:42.811,1.07549,1.07554,1.00,1.00
2015.11.09 23:01:43.064,1.07547,1.07554,4.50,1.50
2015.11.09 23:01:43.266,1.07548,1.07556,2.25,1.50
2015.11.09 23:01:43.774,1.07548,1.07555,1.50,1.00
2015.11.09 23:01:44.882,1.07547,1.07554,1.65,1.00
2015.11.09 23:01:45.465,1.07546,1.07555,2.40,2.25
2015.11.09 23:01:45.983,1.07547,1.07554,1.50,1.00
2015.11.09 23:01:48.703,1.07546,1.07555,2.40,2.25
2015.11.09 23:01:49.242,1.07547,1.07554,1.50,1.00
2015.11.09 23:01:50.305,1.07548,1.07555,1.50,1.50
2015.11.09 23:01:50.848,1.07547,1.07555,1.57,1.00
2015.11.09 23:01:51.389,1.07547,1.07554,1.50,1.00
2015.11.09 23:01:51.592,1.07546,1.07552,1.50,1.00
2015.11.09 23:01:52.110,1.07546,1.07553,2.25,1.00
2015.11.09 23:01:52.616,1.07545,1.07553,2.25,1.00
2015.11.09 23:01:53.127,1.07547,1.07553,1.50,1.00
2015.11.09 23:01:53.430,1.07546,1.07555,1.57,5.25
2015.11.09 23:01:53.835,1.07546,1.07553,3.07,1.00
2015.11.09 23:01:54.138,1.07547,1.07555,2.25,2.25
2015.11.09 23:01:54.542,1.07547,1.07553,1.50,1.00
2015.11.09 23:01:54.744,1.07547,1.07555,2.25,2.25
2015.11.09 23:01:55.327,1.07547,1.07554,2.25,1.00
2015.11.09 23:01:55.631,1.07547,1.07556,3.00,1.50
2015.11.09 23:01:56.137,1.07548,1.07555,2.25,1.00
2015.11.09 23:01:56.643,1.07547,1.07554,2.25,1.00
2015.11.09 23:01:57.257,1.07548,1.07555,1.50,2.25
2015.11.09 23:01:58.884,1.07548,1.07554,1.50,1.00
2015.11.09 23:01:59.435,1.07547,1.07554,2.25,1.50
2015.11.09 23:02:00.245,1.07547,1.07555,2.25,2.25
2015.11.09 23:02:00.548,1.07546,1.07553,1.50,1.50
2015.11.09 23:02:01.004,1.07549,1.07554,1.00,1.00
2015.11.09 23:02:01.330,1.07548,1.07556,2.25,1.00
2015.11.09 23:02:01.444,1.07546,1.07554,1.87,1.00
2015.11.09 23:02:01.949,1.07547,1.07555,1.00,1.50
2015.11.09 23:02:02.555,1.07547,1.07554,1.50,1.00
2015.11.09 23:02:03.184,1.07548,1.07555,2.25,1.10
2015.11.09 23:02:03.841,1.07547,1.07555,3.00,1.10
2015.11.09 23:02:04.371,1.07548,1.07555,1.00,2.32
2015.11.09 23:02:04.877,1.07548,1.07554,1.00,1.00
2015.11.09 23:02:05.265,1.07546,1.07554,3.00,1.50
2015.11.09 23:02:05.770,1.07547,1.07555,2.25,5.25
2015.11.09 23:02:07.198,1.07546,1.07555,3.00,3.00
2015.11.09 23:02:07.742,1.07547,1.07555,2.25,6.00
2015.11.09 23:02:09.978,1.07547,1.07554,1.00,1.00
2015.11.09 23:02:12.027,1.0755,1.07555,3.00,3.75
2015.11.09 23:02:15.032,1.07551,1.07555,1.00,1.00
2015.11.09 23:02:16.019,1.0755,1.07555,1.12,1.00
2015.11.09 23:02:16.524,1.07551,1.07555,1.00,1.00
2015.11.09 23:02:17.029,1.07551,1.07556,2.25,1.50
2015.11.09 23:02:17.534,1.07552,1.07556,1.00,1.50
2015.11.09 23:02:18.037,1.07551,1.07556,1.00,1.00
2015.11.09 23:02:18.542,1.07552,1.07556,1.00,1.50
2015.11.09 23:02:19.047,1.07552,1.07555,1.00,1.00
2015.11.09 23:02:19.148,1.07552,1.07557,1.00,1.00
2015.11.09 23:02:19.653,1.07552,1.07558,2.62,2.62
2015.11.09 23:02:20.040,1.07554,1.0756,2.25,1.05
2015.11.09 23:02:20.545,1.07555,1.07563,3.75,1.04
2015.11.09 23:02:22.747,1.07556,1.07563,2.25,1.04
2015.11.09 23:02:23.353,1.07557,1.07564,1.50,1.54
2015.11.09 23:02:23.555,1.07555,1.07565,5.62,7.54
2015.11.09 23:02:23.757,1.07557,1.07564,1.50,1.04
2015.11.09 23:02:24.388,1.07556,1.07564,1.50,1.04
2015.11.09 23:02:24.952,1.07557,1.07564,1.50,1.54
2015.11.09 23:02:25.457,1.07556,1.07564,1.50,1.04
2015.11.09 23:02:26.156,1.07557,1.07564,1.50,1.54
2015.11.09 23:02:26.762,1.07555,1.07564,5.25,1.04
2015.11.09 23:02:26.864,1.07557,1.07564,1.00,1.04
2015.11.09 23:02:27.369,1.07557,1.07564,1.00,1.04
2015.11.09 23:02:27.873,1.07557,1.07563,1.00,1.04
2015.11.09 23:02:28.399,1.07558,1.07563,1.00,1.04
2015.11.09 23:02:29.611,1.07557,1.07564,3.00,1.54
2015.11.09 23:02:30.116,1.07558,1.07564,1.00,1.04
2015.11.09 23:02:30.975,1.07557,1.07564,1.00,1.04
2015.11.09 23:02:31.495,1.07558,1.07564,1.00,1.04
2015.11.09 23:02:32.298,1.07557,1.07564,1.00,1.04
2015.11.09 23:02:32.845,1.07558,1.07564,1.00,1.04
2015.11.09 23:02:33.350,1.07557,1.07563,1.00,1.04
2015.11.09 23:02:33.870,1.07556,1.07562,1.87,1.04
2015.11.09 23:02:35.269,1.07555,1.07562,3.75,1.04
2015.11.09 23:02:38.451,1.07554,1.07563,5.77,3.79
2015.11.09 23:02:38.958,1.07555,1.07563,2.25,3.79
2015.11.09 23:02:42.337,1.07555,1.07562,5.62,1.04
2015.11.09 23:02:42.842,1.07555,1.07561,2.25,1.04
2015.11.09 23:02:51.425,1.07554,1.07561,2.62,1.04
2015.11.09 23:02:54.192,1.07554,1.07561,2.62,1.04
2015.11.09 23:02:54.731,1.07554,1.07559,2.25,1.00
2015.11.09 23:02:57.421,1.07554,1.0756,2.25,1.54
2015.11.09 23:02:58.089,1.07553,1.0756,3.15,1.05
2015.11.09 23:02:58.615,1.07554,1.0756,2.25,1.54
2015.11.09 23:03:02.348,1.07555,1.0756,1.00,1.54
2015.11.09 23:03:03.055,1.07554,1.0756,1.50,1.05
2015.11.09 23:03:03.560,1.07553,1.0756,1.50,1.05
2015.11.09 23:03:08.184,1.07552,1.0756,4.72,1.05
2015.11.09 23:03:08.688,1.07553,1.0756,2.25,2.29
2015.11.09 23:03:09.296,1.07552,1.0756,5.10,1.54
2015.11.09 23:03:09.936,1.07553,1.0756,2.25,1.54
2015.11.09 23:03:11.895,1.07552,1.0756,5.10,1.54
2015.11.09 23:03:12.569,1.07553,1.0756,2.25,1.05
2015.11.09 23:03:14.256,1.07553,1.07561,1.00,1.54
2015.11.09 23:03:14.772,1.07553,1.0756,3.00,1.05
2015.11.09 23:03:15.481,1.07554,1.0756,1.50,1.05
2015.11.09 23:03:17.938,1.07553,1.0756,2.25,1.05
2015.11.09 23:03:19.098,1.07552,1.0756,4.35,1.05
2015.11.09 23:03:19.603,1.07553,1.0756,2.25,1.54
2015.11.09 23:03:20.045,1.07555,1.0756,2.25,1.00
2015.11.09 23:03:20.551,1.07556,1.0756,1.00,1.54
2015.11.09 23:03:21.425,1.07555,1.0756,5.25,1.54
2015.11.09 23:03:21.950,1.07556,1.0756,1.00,1.54
2015.11.09 23:03:22.734,1.07555,1.0756,5.25,1.05
2015.11.09 23:03:23.238,1.07556,1.0756,1.00,1.54
2015.11.09 23:03:27.420,1.07555,1.0756,5.25,1.05
2015.11.09 23:03:27.949,1.07556,1.0756,1.00,1.54
2015.11.09 23:03:31.020,1.07555,1.0756,3.00,1.05
2015.11.09 23:03:31.658,1.07556,1.0756,1.00,2.29
2015.11.09 23:03:33.775,1.07555,1.0756,3.75,1.54
2015.11.09 23:03:34.281,1.07556,1.07561,1.00,3.41
2015.11.09 23:03:37.669,1.07555,1.0756,2.25,1.54
2015.11.09 23:03:38.208,1.07556,1.0756,1.00,2.29
2015.11.09 23:03:40.378,1.07555,1.0756,1.00,2.29
2015.11.09 23:03:40.908,1.07554,1.0756,3.75,1.54
2015.11.09 23:03:41.211,1.07556,1.07562,2.25,1.04
2015.11.09 23:03:42.391,1.07555,1.07564,5.25,4.54
2015.11.09 23:03:42.943,1.07556,1.07563,2.25,1.04
2015.11.09 23:03:43.801,1.07555,1.07563,9.00,3.79
2015.11.09 23:03:44.306,1.07556,1.07563,3.75,1.54
2015.11.09 23:03:45.193,1.07555,1.07563,10.50,1.04
2015.11.09 23:03:45.698,1.07556,1.07563,3.75,1.54
2015.11.09 23:03:47.558,1.07556,1.07562,4.50,1.04
2015.11.09 23:03:48.063,1.07556,1.07563,4.50,1.54
2015.11.09 23:03:49.612,1.07555,1.07563,9.37,1.04
2015.11.09 23:03:50.167,1.07556,1.07562,4.50,3.00
2015.11.09 23:03:50.217,1.07556,1.0756,2.25,1.00
2015.11.09 23:03:50.722,1.07556,1.07561,1.00,1.00
2015.11.09 23:03:51.227,1.07556,1.0756,1.00,1.00
2015.11.09 23:03:53.575,1.07556,1.07561,1.00,1.00
2015.11.09 23:03:54.077,1.07555,1.0756,6.37,1.00
2015.11.09 23:03:54.578,1.07556,1.0756,1.00,1.00
2015.11.09 23:03:55.175,1.07556,1.07561,1.00,1.00
2015.11.09 23:03:55.682,1.07556,1.0756,1.00,1.00
2015.11.09 23:03:56.234,1.07555,1.07561,4.12,1.00
2015.11.09 23:03:56.748,1.07556,1.0756,1.00,1.00
2015.11.09 23:03:57.435,1.07555,1.0756,4.12,1.00
2015.11.09 23:03:57.963,1.07556,1.0756,1.00,1.00
2015.11.09 23:03:58.993,1.07556,1.07561,1.00,1.00
2015.11.09 23:03:59.499,1.07556,1.0756,1.00,1.00
2015.11.09 23:04:00.827,1.07555,1.0756,7.50,1.00
2015.11.09 23:04:01.335,1.07556,1.0756,1.00,1.47
2015.11.09 23:04:01.840,1.07555,1.0756,5.25,1.20
2015.11.09 23:04:02.456,1.07555,1.07561,3.75,1.50
2015.11.09 23:04:02.850,1.07555,1.0756,5.25,1.62
2015.11.09 23:04:03.356,1.07555,1.0756,3.75,1.15
2015.11.09 23:04:03.407,1.07555,1.0756,3.75,1.00
2015.11.09 23:04:04.912,1.07555,1.07561,1.00,1.50
2015.11.09 23:04:05.459,1.07555,1.0756,1.00,1.00
2015.11.09 23:04:06.713,1.07555,1.07561,1.00,1.00
2015.11.09 23:04:07.236,1.07555,1.0756,1.00,1.00
2015.11.09 23:04:07.943,1.07555,1.07561,3.75,1.00
2015.11.09 23:04:08.468,1.07555,1.0756,3.75,1.00
2015.11.09 23:04:10.049,1.07555,1.07561,3.75,1.00
2015.11.09 23:04:10.553,1.07555,1.0756,5.25,1.00
2015.11.09 23:04:11.789,1.07557,1.0756,1.50,1.00
2015.11.09 23:04:11.890,1.07555,1.0756,5.25,1.00
2015.11.09 23:04:12.398,1.07555,1.07562,8.25,1.00
2015.11.09 23:04:13.699,1.07555,1.07563,2.25,3.00
2015.11.09 23:04:14.205,1.07555,1.07562,3.75,1.00
2015.11.09 23:04:16.698,1.07555,1.07563,2.25,3.00
2015.11.09 23:04:17.247,1.07555,1.07562,3.75,1.00
2015.11.09 23:04:18.003,1.07555,1.07563,2.25,5.25
2015.11.09 23:04:18.510,1.07555,1.07562,3.75,1.00
2015.11.09 23:04:20.223,1.07555,1.07563,4.50,2.25
2015.11.09 23:04:20.677,1.07556,1.07561,1.00,1.00
2015.11.09 23:04:20.879,1.07554,1.07562,5.25,1.00
2015.11.09 23:04:21.381,1.07556,1.07561,2.62,1.00
2015.11.09 23:04:21.900,1.07556,1.07563,1.50,1.00
2015.11.09 23:04:22.405,1.07555,1.07563,1.50,1.50
2015.11.09 23:04:22.909,1.07555,1.07562,3.00,1.00
2015.11.09 23:04:23.526,1.07556,1.07563,2.25,1.50
2015.11.09 23:04:23.907,1.07558,1.07563,1.00,1.50
2015.11.09 23:04:24.160,1.07559,1.07565,3.00,6.00
2015.11.09 23:04:24.665,1.07558,1.07564,1.56,1.50
2015.11.09 23:04:24.818,1.07557,1.07562,1.00,1.00
2015.11.09 23:04:24.920,1.07557,1.07565,2.25,6.00
2015.11.09 23:04:25.021,1.07558,1.07563,1.00,1.00
2015.11.09 23:04:25.709,1.07557,1.07563,1.00,1.00
2015.11.09 23:04:27.976,1.07558,1.07564,2.25,2.25
2015.11.09 23:04:28.280,1.07557,1.07562,1.00,1.00
2015.11.09 23:04:28.786,1.07557,1.07563,1.00,2.25
2015.11.09 23:04:32.265,1.07558,1.07563,1.00,2.25
2015.11.09 23:04:37.004,1.07557,1.07563,1.00,1.50
2015.11.09 23:04:45.299,1.07557,1.07562,1.00,1.00
2015.11.09 23:04:45.913,1.07557,1.07563,1.00,3.00
2015.11.09 23:04:46.491,1.07556,1.07563,1.00,3.37
2015.11.09 23:04:47.108,1.07556,1.07562,1.00,1.00
2015.11.09 23:04:47.831,1.07556,1.07563,1.00,3.37
2015.11.09 23:04:48.336,1.07556,1.07562,1.00,1.00
2015.11.09 23:04:50.739,1.07556,1.07563,1.00,4.12
2015.11.09 23:04:51.244,1.07556,1.07562,1.00,1.00
2015.11.09 23:04:54.154,1.07556,1.07563,1.00,4.12
2015.11.09 23:04:54.659,1.07557,1.07562,1.00,1.00
2015.11.09 23:04:55.200,1.07557,1.07563,1.00,4.12
2015.11.09 23:04:55.705,1.07557,1.07562,1.00,1.00
2015.11.09 23:04:56.212,1.07557,1.07563,1.00,4.12
2015.11.09 23:04:56.718,1.07557,1.07562,1.00,1.00
2015.11.09 23:04:58.019,1.07557,1.07563,1.00,3.75
2015.11.09 23:04:58.525,1.07558,1.07563,1.00,2.25
2015.11.09 23:04:59.041,1.07558,1.07562,1.00,1.00
2015.11.09 23:04:59.590,1.07558,1.07563,1.00,3.75
2015.11.09 23:05:00.953,1.07558,1.07562,1.00,1.00
2015.11.09 23:05:01.459,1.07558,1.07563,1.00,1.50
2015.11.09 23:05:04.041,1.07558,1.07564,1.00,5.25
2015.11.09 23:05:04.345,1.07558,1.07562,1.00,1.00
2015.11.09 23:05:05.846,1.07558,1.07563,1.00,1.50
2015.11.09 23:05:06.391,1.07558,1.07562,1.00,1.00
2015.11.09 23:05:07.978,1.07558,1.07563,1.00,1.50
2015.11.09 23:05:08.492,1.07558,1.07562,1.00,1.00
2015.11.09 23:05:09.395,1.07558,1.07563,1.00,3.75
2015.11.09 23:05:09.904,1.07558,1.07562,1.00,1.00
2015.11.09 23:05:10.408,1.07557,1.07562,1.00,1.00
2015.11.09 23:05:11.579,1.07557,1.07563,1.00,4.50
2015.11.09 23:05:12.130,1.07557,1.07562,1.00,1.00
2015.11.09 23:05:12.673,1.07557,1.07561,1.00,1.00
2015.11.09 23:05:12.928,1.07556,1.07563,1.00,6.00
2015.11.09 23:05:13.433,1.07556,1.07562,1.00,1.00
2015.11.09 23:05:14.089,1.07557,1.07562,1.00,1.00
2015.11.09 23:05:14.703,1.07557,1.07563,1.00,3.00
2015.11.09 23:05:15.244,1.07557,1.07562,1.00,1.00
2015.11.09 23:05:15.746,1.07557,1.07563,1.00,3.00
2015.11.09 23:05:18.111,1.07557,1.07562,1.00,1.00
2015.11.09 23:05:18.813,1.07557,1.07563,1.00,2.25
2015.11.09 23:05:19.319,1.07557,1.07562,1.00,1.00
2015.11.09 23:05:20.038,1.07557,1.07563,1.00,2.25
2015.11.09 23:05:20.623,1.07557,1.07562,1.00,1.00
2015.11.09 23:05:21.630,1.07557,1.07563,1.00,2.25
2015.11.09 23:05:28.031,1.07557,1.07564,1.00,5.25
2015.11.09 23:05:28.553,1.07557,1.07563,1.00,1.00
2015.11.09 23:05:30.870,1.07557,1.07564,1.00,5.25
2015.11.09 23:05:31.410,1.07557,1.07563,1.00,1.00
2015.11.09 23:05:33.958,1.07557,1.07564,1.00,3.00
2015.11.09 23:05:34.462,1.07557,1.07563,1.00,1.00
2015.11.09 23:05:35.878,1.07557,1.07564,1.00,3.00
2015.11.09 23:05:36.379,1.07557,1.07563,1.00,1.00
2015.11.09 23:05:38.074,1.07557,1.07564,1.00,2.25
2015.11.09 23:06:01.285,1.07557,1.07563,1.00,1.00
2015.11.09 23:06:03.578,1.07557,1.07564,1.00,2.25
2015.11.09 23:06:04.082,1.07557,1.07563,1.00,1.00
2015.11.09 23:06:05.324,1.07557,1.07564,1.00,2.25
2015.11.09 23:06:05.972,1.07557,1.07563,1.00,1.00
2015.11.09 23:06:07.131,1.07557,1.07564,1.00,2.25
2015.11.09 23:06:07.636,1.07557,1.07563,1.00,1.00
2015.11.09 23:06:08.534,1.07557,1.07564,1.00,2.25
2015.11.09 23:06:09.039,1.07557,1.07563,1.00,1.00
2015.11.09 23:06:12.340,1.07557,1.07564,1.00,2.25
2015.11.09 23:06:12.845,1.07557,1.07563,1.00,1.00
2015.11.09 23:06:13.357,1.07557,1.07564,1.00,2.25
2015.11.09 23:06:13.903,1.07557,1.07563,1.00,1.00
2015.11.09 23:06:15.817,1.07557,1.07564,1.00,2.25
2015.11.09 23:06:16.357,1.07557,1.07563,1.00,1.00
2015.11.09 23:06:17.121,1.07557,1.07562,1.00,1.00
2015.11.09 23:06:17.626,1.07558,1.07563,1.00,1.00
2015.11.09 23:06:18.170,1.07557,1.07564,1.00,4.50
2015.11.09 23:06:18.676,1.07557,1.07563,1.00,1.00
2015.11.09 23:06:21.334,1.07557,1.07564,1.00,4.50
2015.11.09 23:06:21.842,1.07557,1.07563,1.00,1.00
2015.11.09 23:06:23.240,1.07557,1.07564,1.00,4.50
2015.11.09 23:06:23.744,1.07557,1.07563,1.00,1.00
2015.11.09 23:06:26.915,1.07557,1.07564,1.00,5.25
2015.11.09 23:06:35.704,1.07558,1.07564,1.00,3.75
2015.11.09 23:06:39.829,1.07558,1.07563,1.00,1.00
2015.11.09 23:06:40.518,1.07558,1.07564,1.00,3.00
2015.11.09 23:06:41.048,1.07558,1.07563,1.00,1.00
2015.11.09 23:06:41.703,1.07558,1.07564,1.00,3.00
2015.11.09 23:06:52.637,1.07557,1.07564,1.87,1.00
2015.11.09 23:06:53.142,1.07558,1.07565,5.25,1.00
2015.11.09 23:06:53.495,1.0756,1.07566,1.00,1.50
2015.11.09 23:06:54.001,1.0756,1.07567,3.00,3.00
2015.11.09 23:07:03.492,1.0756,1.07566,3.00,1.00
2015.11.09 23:07:13.717,1.0756,1.07567,3.75,1.50
2015.11.09 23:07:14.426,1.07561,1.07567,1.50,2.25
2015.11.09 23:07:14.880,1.07561,1.07565,1.00,1.00
2015.11.09 23:07:14.931,1.07557,1.07563,1.50,1.00
2015.11.09 23:07:14.983,1.07557,1.07563,1.50,1.15
2015.11.09 23:07:15.459,1.07555,1.07563,4.87,3.90
2015.11.09 23:07:15.560,1.07558,1.07563,1.50,1.00
2015.11.09 23:07:15.662,1.07559,1.07565,1.50,2.25
2015.11.09 23:07:16.168,1.0756,1.07566,3.00,1.00
2015.11.09 23:07:16.370,1.07557,1.07564,2.25,1.00
2015.11.09 23:07:19.372,1.07556,1.07563,1.87,1.00
2015.11.09 23:07:19.890,1.07557,1.07564,1.87,1.00
2015.11.09 23:07:21.173,1.07556,1.07565,2.62,3.75
2015.11.09 23:07:21.440,1.0756,1.07564,1.50,1.00
2015.11.09 23:07:21.593,1.07558,1.07564,1.50,1.00
2015.11.09 23:07:22.098,1.07559,1.07564,1.50,1.00
2015.11.09 23:07:22.776,1.07558,1.07565,1.50,1.50
2015.11.09 23:07:23.375,1.07559,1.07564,1.50,1.00
2015.11.09 23:07:26.188,1.07558,1.07565,1.50,1.50
2015.11.09 23:07:26.689,1.07559,1.07564,1.50,1.00
2015.11.09 23:07:27.195,1.07558,1.07565,1.50,1.50
2015.11.09 23:07:27.698,1.07559,1.07564,1.50,1.00
2015.11.09 23:07:28.211,1.07558,1.07564,1.87,1.00
2015.11.09 23:07:29.497,1.07559,1.07564,1.50,1.00
2015.11.09 23:07:30.627,1.07558,1.07565,1.50,5.25
2015.11.09 23:07:31.178,1.07559,1.07564,1.50,1.00
2015.11.09 23:07:33.343,1.07558,1.07565,1.50,5.25
2015.11.09 23:07:33.857,1.07559,1.07564,1.50,1.00
2015.11.09 23:07:34.362,1.0756,1.07564,3.00,1.00
2015.11.09 23:07:34.463,1.07558,1.07563,2.25,1.00
2015.11.09 23:07:37.126,1.07558,1.07564,1.87,1.00
2015.11.09 23:07:37.633,1.07557,1.07563,1.87,1.00
2015.11.09 23:07:38.149,1.07558,1.07564,1.50,1.50
2015.11.09 23:07:38.667,1.07559,1.07564,1.50,1.00
2015.11.09 23:07:42.505,1.07557,1.07563,1.50,1.00
2015.11.09 23:07:43.012,1.07556,1.07562,1.87,1.00
2015.11.09 23:07:43.527,1.07555,1.07561,4.50,1.00
2015.11.09 23:07:44.083,1.07556,1.07562,1.50,1.00
2015.11.09 23:07:47.019,1.07557,1.07562,1.50,1.00
2015.11.09 23:07:48.120,1.07556,1.07563,1.50,3.75
2015.11.09 23:07:48.645,1.07557,1.07562,1.50,1.00
2015.11.09 23:07:53.212,1.07556,1.07563,1.50,3.75
2015.11.09 23:07:53.721,1.07557,1.07562,1.50,1.00
2015.11.09 23:07:55.934,1.07556,1.07563,1.50,3.75
2015.11.09 23:07:56.485,1.07557,1.07562,1.50,1.00
2015.11.09 23:07:57.141,1.07556,1.07563,1.50,3.75
2015.11.09 23:07:57.645,1.07555,1.07563,3.00,3.75
2015.11.09 23:07:58.188,1.07556,1.07562,1.50,1.00
2015.11.09 23:07:58.943,1.07555,1.07563,3.00,3.75
2015.11.09 23:07:59.501,1.07556,1.07562,1.50,1.00
2015.11.09 23:08:00.071,1.07557,1.07562,1.50,1.00
2015.11.09 23:08:00.576,1.07556,1.07562,1.50,1.00
2015.11.09 23:08:03.098,1.07556,1.07561,1.50,1.00
2015.11.09 23:08:03.669,1.07555,1.07561,3.00,1.00
2015.11.09 23:08:04.605,1.07556,1.07562,1.50,1.00
2015.11.09 23:08:05.513,1.07556,1.07561,1.50,1.00
2015.11.09 23:08:07.023,1.07555,1.07562,3.00,1.50
2015.11.09 23:08:07.524,1.07556,1.07561,1.50,1.00
2015.11.09 23:08:08.096,1.07555,1.07562,3.00,1.50
2015.11.09 23:08:08.641,1.07556,1.07561,1.50,1.00
2015.11.09 23:08:09.185,1.07556,1.07562,1.50,1.50
2015.11.09 23:08:10.956,1.07555,1.07563,1.50,4.50
2015.11.09 23:08:11.498,1.07556,1.07562,1.50,1.50
2015.11.09 23:08:13.607,1.07555,1.07563,3.00,4.50
2015.11.09 23:08:14.203,1.07556,1.07562,1.50,1.50
2015.11.09 23:08:15.311,1.07555,1.07563,3.00,4.50
2015.11.09 23:08:15.818,1.07556,1.07562,1.50,1.50
2015.11.09 23:08:16.413,1.07556,1.07561,1.50,1.00
2015.11.09 23:08:17.019,1.07555,1.07562,3.37,1.50
2015.11.09 23:08:17.541,1.07556,1.07561,1.50,1.00
2015.11.09 23:08:18.419,1.07555,1.07561,3.00,1.00
2015.11.09 23:08:18.953,1.07554,1.0756,1.87,1.00
2015.11.09 23:08:19.520,1.07553,1.07561,2.62,2.25
2015.11.09 23:08:20.056,1.07554,1.0756,1.87,1.00
2015.11.09 23:08:24.231,1.07553,1.07561,2.25,2.25
2015.11.09 23:08:24.739,1.07554,1.0756,1.50,1.00
2015.11.09 23:08:25.972,1.07553,1.07561,2.25,2.25
2015.11.09 23:08:26.591,1.07554,1.0756,1.50,1.00
2015.11.09 23:08:27.748,1.07555,1.07561,1.50,1.50
2015.11.09 23:08:28.253,1.07556,1.07561,1.50,1.00
2015.11.09 23:08:28.907,1.07556,1.07562,1.50,1.00
2015.11.09 23:08:29.592,1.07555,1.07563,3.75,4.50
2015.11.09 23:08:30.105,1.07556,1.07562,1.50,1.00
2015.11.09 23:08:31.674,1.07555,1.07563,3.75,4.50
2015.11.09 23:08:32.178,1.07556,1.07562,2.25,1.00
2015.11.09 23:08:33.367,1.07556,1.07563,1.00,4.50
2015.11.09 23:08:33.875,1.07556,1.07562,2.25,1.00
2015.11.09 23:08:34.877,1.07556,1.07563,1.00,4.50
2015.11.09 23:08:35.380,1.07556,1.07562,2.25,1.00
2015.11.09 23:08:35.682,1.07556,1.07562,2.62,1.00
2015.11.09 23:08:36.187,1.07557,1.07562,1.00,1.00
2015.11.09 23:08:37.101,1.07557,1.07563,1.00,3.00
2015.11.09 23:08:37.791,1.07557,1.07562,1.00,1.00
2015.11.09 23:08:40.117,1.07557,1.07563,1.00,3.00
2015.11.09 23:08:40.623,1.07557,1.07562,1.00,1.00
2015.11.09 23:08:41.615,1.07557,1.07563,1.00,3.00
2015.11.09 23:08:42.367,1.07558,1.07564,1.50,3.00
2015.11.09 23:08:42.973,1.07558,1.07563,1.50,1.00
2015.11.09 23:08:43.485,1.07557,1.07563,1.50,1.50
2015.11.09 23:08:44.896,1.07556,1.07564,2.25,3.00
2015.11.09 23:08:45.409,1.07557,1.07563,1.50,1.50
2015.11.09 23:08:46.318,1.07556,1.07564,2.25,3.00
2015.11.09 23:08:46.846,1.07557,1.07563,1.50,1.50
2015.11.09 23:08:47.714,1.07556,1.07564,1.50,6.00
2015.11.09 23:08:48.219,1.07557,1.07563,1.50,1.50
2015.11.09 23:08:49.135,1.07556,1.07564,1.50,3.75
2015.11.09 23:08:49.658,1.07557,1.07563,1.50,1.50
2015.11.09 23:08:50.538,1.07556,1.07564,1.50,3.75
2015.11.09 23:08:51.165,1.07557,1.07563,1.50,1.50
2015.11.09 23:08:52.352,1.07556,1.07562,1.50,1.00
2015.11.09 23:08:56.393,1.07557,1.07562,1.50,1.87
2015.11.09 23:08:56.495,1.07554,1.0756,1.50,1.87
2015.11.09 23:08:57.001,1.07553,1.07559,1.87,1.00
2015.11.09 23:08:58.293,1.07552,1.07558,1.50,1.00
2015.11.09 23:08:58.798,1.07553,1.07559,1.50,1.00
2015.11.09 23:08:59.303,1.07552,1.07558,1.50,1.00
2015.11.09 23:09:00.108,1.07551,1.07559,2.62,3.37
2015.11.09 23:09:00.614,1.07552,1.07558,1.50,1.00
2015.11.09 23:09:01.578,1.07551,1.07559,2.62,3.37
2015.11.09 23:09:02.085,1.07552,1.07558,1.50,1.00
2015.11.09 23:09:03.083,1.07551,1.07559,1.50,5.25
2015.11.09 23:09:03.691,1.07552,1.07558,1.50,1.00
2015.11.09 23:09:08.240,1.07551,1.07559,1.50,6.37
2015.11.09 23:09:08.797,1.07552,1.07558,1.50,1.00
2015.11.09 23:09:11.009,1.07551,1.07559,1.50,5.62
2015.11.09 23:09:11.588,1.07552,1.07558,1.50,1.00
2015.11.09 23:09:12.313,1.07551,1.07559,1.50,6.37
2015.11.09 23:09:12.860,1.07552,1.07558,1.50,1.00
2015.11.09 23:09:14.013,1.07551,1.07559,1.50,5.62
2015.11.09 23:09:14.521,1.07552,1.07558,1.50,1.00
2015.11.09 23:09:19.456,1.07551,1.07559,1.50,6.37
2015.11.09 23:09:19.985,1.07552,1.07558,1.50,1.00
2015.11.09 23:09:20.894,1.07552,1.07558,1.50,1.50
2015.11.09 23:09:23.872,1.07552,1.07557,1.50,1.37
2015.11.09 23:09:24.472,1.07551,1.07558,1.50,3.45
2015.11.09 23:09:25.032,1.07552,1.07557,1.50,1.50
2015.11.09 23:09:26.763,1.0755,1.07557,4.50,1.65
2015.11.09 23:09:27.953,1.07552,1.07557,1.50,1.50
2015.11.09 23:09:28.604,1.07551,1.07558,1.50,3.45
2015.11.09 23:09:29.116,1.07552,1.07557,1.50,1.50
2015.11.09 23:09:30.463,1.07551,1.07558,1.50,3.45
2015.11.09 23:09:30.971,1.07552,1.07557,1.50,1.50
2015.11.09 23:09:31.476,1.07552,1.07557,1.50,1.00
2015.11.09 23:09:31.982,1.07551,1.07557,1.50,1.00
2015.11.09 23:09:32.826,1.0755,1.07558,4.50,4.95
2015.11.09 23:09:33.331,1.07551,1.07557,1.50,1.00
2015.11.09 23:09:34.586,1.0755,1.07558,4.50,4.95
2015.11.09 23:09:35.137,1.07552,1.07557,1.50,1.00
2015.11.09 23:09:35.643,1.07551,1.07557,1.50,1.00
2015.11.09 23:09:36.157,1.07552,1.07557,1.50,1.00
2015.11.09 23:09:37.842,1.07551,1.07558,1.50,3.07
2015.11.09 23:09:38.392,1.07552,1.07557,1.50,1.00
2015.11.09 23:09:42.030,1.07551,1.07556,1.50,1.00
2015.11.09 23:09:42.943,1.0755,1.07557,3.75,1.87
2015.11.09 23:09:43.453,1.07551,1.07556,1.50,1.00
2015.11.09 23:09:44.615,1.0755,1.07557,3.75,1.87
2015.11.09 23:09:45.136,1.07551,1.07556,1.50,1.00
2015.11.09 23:09:45.819,1.0755,1.07557,3.75,1.87
2015.11.09 23:09:46.324,1.07551,1.07556,1.50,1.00
2015.11.09 23:09:47.958,1.0755,1.07557,3.75,1.87
2015.11.09 23:09:48.476,1.07551,1.07556,1.50,1.00
2015.11.09 23:09:49.632,1.0755,1.07557,3.75,1.87
2015.11.09 23:09:50.168,1.07551,1.07556,1.50,1.00
2015.11.09 23:09:50.693,1.0755,1.07557,2.25,1.87
2015.11.09 23:09:51.206,1.07551,1.07556,1.50,1.00
2015.11.09 23:09:51.953,1.07551,1.07557,1.50,1.12
2015.11.09 23:09:52.487,1.07551,1.07556,1.50,1.00
2015.11.09 23:09:53.055,1.0755,1.07556,1.00,1.00
2015.11.09 23:09:53.358,1.07545,1.07552,3.37,1.00
2015.11.09 23:09:53.460,1.07545,1.0755,1.50,1.50
2015.11.09 23:09:53.561,1.07543,1.0755,1.50,1.50
2015.11.09 23:09:54.067,1.07543,1.07551,1.50,1.50
2015.11.09 23:09:54.639,1.07544,1.07551,1.50,2.25
2015.11.09 23:09:55.148,1.07544,1.0755,1.50,1.00
2015.11.09 23:09:55.350,1.07541,1.0755,1.50,4.50
2015.11.09 23:09:55.553,1.07542,1.07548,1.50,1.00
2015.11.09 23:09:55.856,1.0754,1.07546,3.00,1.00
2015.11.09 23:09:56.762,1.0754,1.07547,1.50,1.50
2015.11.09 23:09:58.287,1.07539,1.07545,1.50,1.00
2015.11.09 23:09:58.832,1.07538,1.07546,2.25,1.00
2015.11.09 23:09:59.337,1.07539,1.07545,1.50,1.00
2015.11.09 23:09:59.853,1.0754,1.07545,3.00,1.00
2015.11.09 23:10:00.387,1.07539,1.07545,1.50,1.00
2015.11.09 23:10:01.396,1.07538,1.07545,1.50,2.25
2015.11.09 23:10:01.912,1.07537,1.07545,1.50,1.50
2015.11.09 23:10:02.418,1.07538,1.07544,1.50,1.00
2015.11.09 23:10:03.511,1.07537,1.07545,1.50,1.00
2015.11.09 23:10:03.814,1.0754,1.07545,3.00,1.00
2015.11.09 23:10:05.643,1.07539,1.07544,1.50,1.50
2015.11.09 23:10:06.150,1.07539,1.07545,1.50,1.00
2015.11.09 23:10:07.631,1.07539,1.07544,1.50,1.50
2015.11.09 23:10:08.137,1.07539,1.07545,1.50,2.25
2015.11.09 23:10:10.144,1.07538,1.07545,1.50,1.50
2015.11.09 23:10:10.819,1.07539,1.07545,1.20,2.25
2015.11.09 23:10:11.816,1.07538,1.07543,1.50,1.00
2015.11.09 23:10:12.912,1.07537,1.07542,2.25,1.00
2015.11.09 23:10:13.219,1.0754,1.07542,1.87,1.00
2015.11.09 23:10:13.326,1.0754,1.07544,3.37,1.00
2015.11.09 23:10:13.528,1.07542,1.07546,1.50,1.00
2015.11.09 23:10:14.034,1.07543,1.07546,1.50,1.00
2015.11.09 23:10:14.751,1.07544,1.07546,1.50,1.00
2015.11.09 23:10:14.853,1.07543,1.07549,1.50,1.00
2015.11.09 23:10:15.257,1.07544,1.07547,1.50,1.50
2015.11.09 23:10:15.359,1.07544,1.07549,1.50,1.00
2015.11.09 23:10:16.554,1.07543,1.07549,2.25,1.00
2015.11.09 23:10:17.103,1.07544,1.07549,1.50,1.00
2015.11.09 23:10:17.608,1.07544,1.0755,1.50,1.00
2015.11.09 23:10:18.277,1.07543,1.0755,3.00,1.00
2015.11.09 23:10:18.378,1.07545,1.0755,1.50,1.00
2015.11.09 23:10:18.918,1.07544,1.0755,3.00,1.50
2015.11.09 23:10:19.425,1.07545,1.0755,1.50,1.00
2015.11.09 23:10:19.881,1.07545,1.07552,3.00,3.00
2015.11.09 23:10:20.524,1.07545,1.0755,3.00,1.00
2015.11.09 23:10:20.980,1.07543,1.07551,3.00,2.25
2015.11.09 23:10:21.182,1.07545,1.07551,3.00,1.50
2015.11.09 23:10:21.690,1.07542,1.07549,2.62,3.00
2015.11.09 23:10:24.087,1.07542,1.07548,3.37,1.00
2015.11.09 23:10:24.592,1.07542,1.07549,3.37,1.50
2015.11.09 23:10:25.190,1.07542,1.07548,1.87,1.00
2015.11.09 23:10:29.510,1.07542,1.07549,1.50,3.00
2015.11.09 23:10:30.105,1.07542,1.07548,1.50,1.00
2015.11.09 23:10:31.473,1.07544,1.07548,1.50,1.00
2015.11.09 23:10:32.088,1.07543,1.07549,3.75,1.00
2015.11.09 23:10:32.600,1.07544,1.0755,1.50,1.00
2015.11.09 23:10:33.574,1.07544,1.07547,2.25,1.00
2015.11.09 23:10:33.676,1.07544,1.0755,1.50,3.00
2015.11.09 23:10:34.580,1.07543,1.0755,3.37,1.00
2015.11.09 23:10:35.128,1.07544,1.0755,1.50,1.00
2015.11.09 23:10:36.785,1.07543,1.0755,3.00,1.00
2015.11.09 23:10:37.335,1.07544,1.0755,1.50,1.00
2015.11.09 23:10:37.992,1.07543,1.0755,3.00,1.00
2015.11.09 23:10:38.560,1.07544,1.0755,1.50,1.00
2015.11.09 23:10:47.724,1.07545,1.0755,1.50,1.00
2015.11.09 23:10:48.332,1.07544,1.0755,3.00,1.00
2015.11.09 23:10:49.867,1.07544,1.07549,1.50,1.00
2015.11.09 23:10:50.374,1.07544,1.0755,3.00,1.00
2015.11.09 23:10:50.888,1.07543,1.0755,1.50,3.00
2015.11.09 23:10:52.438,1.07542,1.0755,4.87,2.25
2015.11.09 23:10:52.981,1.07543,1.07549,1.50,1.00
2015.11.09 23:10:53.492,1.07543,1.0755,3.00,2.25
2015.11.09 23:10:56.450,1.07543,1.07547,3.00,1.50
2015.11.09 23:10:56.755,1.0754,1.07545,3.00,1.50
2015.11.09 23:10:56.857,1.0754,1.07547,3.00,2.25
2015.11.09 23:10:57.060,1.07542,1.07547,1.50,1.50
2015.11.09 23:10:57.352,1.07542,1.0755,1.95,2.25
2015.11.09 23:10:57.655,1.07544,1.07551,1.50,2.25
2015.11.09 23:10:58.262,1.07543,1.07551,3.00,1.50
2015.11.09 23:10:58.808,1.07545,1.07551,1.50,1.50
2015.11.09 23:11:03.916,1.07544,1.07549,1.50,1.00
2015.11.09 23:11:04.169,1.07544,1.07551,1.50,2.25
2015.11.09 23:11:05.585,1.07543,1.07547,4.50,1.00
2015.11.09 23:11:05.687,1.07544,1.07549,1.50,1.50
2015.11.09 23:11:05.839,1.07544,1.07551,1.50,2.25
2015.11.09 23:11:06.543,1.07544,1.07547,2.25,1.50
2015.11.09 23:11:06.848,1.07539,1.07544,1.87,1.50
2015.11.09 23:11:42.960,1.07538,1.07543,1.50,1.00
2015.11.09 23:11:43.062,1.07536,1.07543,3.37,1.00
2015.11.09 23:11:43.265,1.07538,1.07543,1.00,1.00
2015.11.09 23:11:43.720,1.07538,1.07544,1.37,3.00
2015.11.09 23:12:07.855,1.07538,1.07543,1.37,1.00
2015.11.09 23:12:08.362,1.07538,1.07544,2.62,3.75
2015.11.09 23:12:09.697,1.07538,1.07544,3.00,3.75
2015.11.09 23:12:10.200,1.07538,1.07544,3.37,3.75
2015.11.09 23:12:22.003,1.0754,1.07544,1.50,3.75
2015.11.09 23:12:22.510,1.0754,1.07544,1.87,3.75
2015.11.09 23:12:23.318,1.0754,1.07544,1.87,3.75
2015.11.09 23:12:24.103,1.0754,1.07544,1.87,3.75
2015.11.09 23:12:26.384,1.07543,1.07544,1.00,2.25
2015.11.09 23:12:29.508,1.07542,1.07544,1.00,3.75
2015.11.09 23:12:30.033,1.07542,1.07544,1.00,3.75
2015.11.09 23:12:30.550,1.07542,1.07544,1.00,3.75
2015.11.09 23:12:31.052,1.07542,1.07544,1.00,3.75
2015.11.09 23:12:31.583,1.07542,1.07544,1.00,3.75
2015.11.09 23:12:32.105,1.07542,1.07544,1.00,3.75
2015.11.09 23:12:34.865,1.07542,1.07544,1.00,3.75
2015.11.09 23:12:35.636,1.07542,1.07544,1.00,3.75
2015.11.09 23:12:37.161,1.0754,1.07544,3.37,3.75
2015.11.09 23:12:42.432,1.0754,1.07544,7.50,3.75
2015.11.09 23:12:42.934,1.07541,1.07544,4.12,3.75
2015.11.09 23:12:43.442,1.07541,1.07544,2.25,3.75
2015.11.09 23:12:44.171,1.0754,1.07544,6.37,2.25
2015.11.09 23:12:44.692,1.07541,1.07544,2.25,3.75
2015.11.09 23:12:45.714,1.0754,1.07544,4.12,2.25
2015.11.09 23:12:46.247,1.07541,1.07544,2.25,3.75
2015.11.09 23:12:48.106,1.0754,1.07544,3.75,2.25
2015.11.09 23:12:48.655,1.07541,1.07544,1.97,3.75
2015.11.09 23:12:48.908,1.07539,1.07544,1.50,2.25
2015.11.09 23:12:49.567,1.0754,1.07544,1.00,3.75
2015.11.09 23:12:51.013,1.0754,1.07544,1.37,3.75
2015.11.09 23:12:51.622,1.0754,1.07544,3.00,2.25
2015.11.09 23:12:52.719,1.0754,1.07544,4.12,3.75
2015.11.09 23:12:54.392,1.0754,1.07544,4.87,3.75
2015.11.09 23:12:54.898,1.0754,1.07544,5.25,3.75
2015.11.09 23:12:55.706,1.0754,1.07544,4.87,3.75
2015.11.09 23:12:56.732,1.0754,1.07544,4.12,3.75
2015.11.09 23:12:57.932,1.07541,1.07544,1.00,3.75
2015.11.09 23:12:59.517,1.07541,1.07544,1.37,3.75
2015.11.09 23:13:03.081,1.0754,1.07544,3.75,3.75
2015.11.09 23:13:11.435,1.07541,1.07544,1.50,3.75
2015.11.09 23:13:14.827,1.07541,1.07544,1.00,3.75
2015.11.09 23:13:15.871,1.07541,1.07544,1.37,3.75
2015.11.09 23:13:16.377,1.0754,1.07544,3.37,1.50
2015.11.09 23:13:23.983,1.07543,1.07544,1.00,3.00
2015.11.09 23:13:24.085,1.07545,1.07547,2.25,1.00
2015.11.09 23:13:24.136,1.07546,1.07549,1.50,1.00
2015.11.09 23:13:24.241,1.07547,1.07551,1.50,1.00
2015.11.09 23:13:25.403,1.07546,1.07551,1.50,1.00
2015.11.09 23:13:25.909,1.07547,1.07551,1.50,1.00
2015.11.09 23:13:26.453,1.07546,1.07551,1.50,1.00
2015.11.09 23:13:26.976,1.07547,1.07551,1.50,1.00
2015.11.09 23:13:28.602,1.07546,1.07551,1.50,1.00
2015.11.09 23:13:29.138,1.07547,1.07551,1.50,1.00
2015.11.09 23:13:30.206,1.07546,1.07551,1.50,1.00
2015.11.09 23:13:30.709,1.07547,1.07551,1.50,1.00
2015.11.09 23:13:33.574,1.07545,1.07551,2.25,1.00
2015.11.09 23:13:33.676,1.07547,1.07551,1.50,1.00
2015.11.09 23:13:34.383,1.07546,1.07551,1.50,1.00
2015.11.09 23:13:34.895,1.07547,1.07551,1.50,1.00
2015.11.09 23:13:35.595,1.07546,1.07551,1.50,1.00
2015.11.09 23:13:36.137,1.07547,1.07551,1.50,1.00
2015.11.09 23:13:36.864,1.07546,1.07551,1.50,1.00
2015.11.09 23:13:37.564,1.07547,1.07551,1.50,1.00
2015.11.09 23:13:38.873,1.07546,1.07551,1.50,1.00
2015.11.09 23:13:39.379,1.07547,1.07551,1.50,1.00
2015.11.09 23:13:43.051,1.07546,1.07551,1.50,1.00
2015.11.09 23:13:43.747,1.07547,1.07551,1.50,1.00
2015.11.09 23:13:44.822,1.07546,1.07551,3.00,1.00
2015.11.09 23:13:45.364,1.07547,1.07551,1.50,1.00
2015.11.09 23:13:46.118,1.07546,1.07551,4.50,1.00
2015.11.09 23:14:04.548,1.07545,1.07551,6.00,1.00
2015.11.09 23:14:05.053,1.07546,1.07551,2.25,1.00
2015.11.09 23:14:06.769,1.07545,1.07551,6.00,1.00
2015.11.09 23:14:07.316,1.07546,1.07551,2.25,1.00
2015.11.09 23:14:08.169,1.07545,1.07551,6.00,1.00
2015.11.09 23:14:08.681,1.07546,1.07551,2.25,1.00
2015.11.09 23:14:09.576,1.07545,1.07551,6.00,1.00
2015.11.09 23:14:10.126,1.07546,1.07551,3.00,1.00
2015.11.09 23:14:12.788,1.07547,1.07551,1.00,1.00
2015.11.09 23:14:13.291,1.07546,1.07551,4.50,1.00
2015.11.09 23:14:28.833,1.07547,1.07551,1.50,1.00
2015.11.09 23:14:29.789,1.07546,1.07551,3.00,1.00
2015.11.09 23:14:30.416,1.07547,1.07551,1.50,1.00
2015.11.09 23:14:30.940,1.07546,1.07551,3.00,1.00
2015.11.09 23:14:31.496,1.07547,1.07551,2.25,1.00
2015.11.09 23:14:32.960,1.07546,1.07551,3.75,1.00
2015.11.09 23:14:33.462,1.07547,1.07551,2.25,1.00
2015.11.09 23:14:33.967,1.07546,1.07551,3.75,1.00
2015.11.09 23:14:36.744,1.07545,1.07551,2.25,1.00
2015.11.09 23:14:37.278,1.07545,1.07552,4.12,2.25
2015.11.09 23:14:38.016,1.07546,1.07549,1.00,1.00
2015.11.09 23:14:38.117,1.07546,1.07552,2.25,2.25
2015.11.09 23:14:40.261,1.07545,1.07552,3.00,1.00
2015.11.09 23:14:40.822,1.07546,1.07552,1.00,1.00
2015.11.09 23:14:41.329,1.07545,1.07552,5.25,1.00
2015.11.09 23:14:47.604,1.07544,1.07551,3.75,1.50
2015.11.09 23:14:48.147,1.07545,1.07552,3.75,2.25
2015.11.09 23:14:49.945,1.07545,1.0755,2.25,1.00
2015.11.09 23:14:50.450,1.07545,1.07551,3.75,1.00
2015.11.09 23:14:51.999,1.07546,1.07551,1.00,3.75
2015.11.09 23:14:53.604,1.07545,1.07551,4.50,1.00
2015.11.09 23:14:54.109,1.07546,1.07551,1.00,1.00
2015.11.09 23:14:54.907,1.07545,1.07551,4.50,1.00
2015.11.09 23:14:55.587,1.07546,1.07551,1.00,1.00
2015.11.09 23:14:59.018,1.07545,1.07551,8.25,1.00
2015.11.09 23:14:59.523,1.07546,1.07551,2.25,1.00
2015.11.09 23:15:00.067,1.07545,1.07551,8.25,1.00
2015.11.09 23:15:23.723,1.07545,1.0755,4.50,1.00
2015.11.09 23:15:24.417,1.07545,1.07551,5.25,1.00
2015.11.09 23:15:24.947,1.07546,1.07551,1.00,1.00
2015.11.09 23:15:25.648,1.07545,1.07551,4.50,1.00
2015.11.09 23:15:26.551,1.07546,1.07551,1.00,1.00
2015.11.09 23:15:28.303,1.07545,1.07551,3.00,1.00
2015.11.09 23:15:28.951,1.07546,1.07551,1.00,1.00
2015.11.09 23:15:29.463,1.07545,1.07551,6.00,1.00
2015.11.09 23:15:29.976,1.07545,1.07552,5.25,1.00
2015.11.09 23:15:36.453,1.07545,1.07553,3.75,1.50
2015.11.09 23:16:02.610,1.07545,1.07552,3.00,1.00
2015.11.09 23:16:08.194,1.07544,1.07552,3.37,1.00
2015.11.09 23:16:19.298,1.07543,1.0755,3.37,1.00
2015.11.09 23:16:20.208,1.07543,1.0755,2.62,1.50
2015.11.09 23:16:22.123,1.07543,1.07551,4.12,1.50
2015.11.09 23:16:25.824,1.07543,1.07548,1.12,1.50
2015.11.09 23:16:25.926,1.07543,1.0755,1.12,2.25
2015.11.09 23:16:25.978,1.07542,1.0755,1.95,3.67
2015.11.09 23:16:27.503,1.07543,1.07545,1.00,1.00
2015.11.09 23:16:27.605,1.07542,1.07549,1.00,1.50
2015.11.09 23:16:28.134,1.07543,1.0755,1.00,1.50
2015.11.09 23:16:28.800,1.07542,1.07547,1.87,1.00
2015.11.09 23:16:29.183,1.07542,1.07544,1.00,3.00
2015.11.09 23:16:29.235,1.0754,1.07543,1.00,1.00
2015.11.09 23:16:29.336,1.07537,1.07544,1.00,5.62
2015.11.09 23:16:29.438,1.07536,1.07541,1.00,1.00
2015.11.09 23:16:29.591,1.07537,1.07543,1.00,1.12
2015.11.09 23:16:29.642,1.0754,1.07544,1.00,3.00
2015.11.09 23:16:29.946,1.07537,1.07544,3.00,3.00
2015.11.09 23:16:31.851,1.0754,1.07544,1.00,3.00
2015.11.09 23:16:35.905,1.07543,1.07544,1.00,1.00
2015.11.09 23:16:36.007,1.07543,1.07546,1.00,1.00
2015.11.09 23:16:36.859,1.07543,1.07547,1.00,1.00
2015.11.09 23:16:37.397,1.07543,1.07546,1.00,1.00
2015.11.09 23:16:38.175,1.07543,1.07547,1.00,1.00
2015.11.09 23:16:38.698,1.07543,1.07546,1.00,1.00
2015.11.09 23:16:39.996,1.07543,1.07547,1.00,1.00
2015.11.09 23:16:40.148,1.07543,1.07545,1.00,1.00
2015.11.09 23:16:41.410,1.07542,1.07545,1.00,1.50
2015.11.09 23:16:41.915,1.07543,1.07545,1.00,1.50
2015.11.09 23:16:43.208,1.07543,1.07546,1.00,1.00
2015.11.09 23:16:44.169,1.07543,1.07545,1.00,1.00
2015.11.09 23:16:47.380,1.07543,1.07546,1.50,1.00
2015.11.09 23:16:47.885,1.07544,1.07547,1.00,1.00
2015.11.09 23:16:48.390,1.07543,1.07547,2.25,1.00
2015.11.09 23:16:49.630,1.07543,1.07548,1.50,1.00
2015.11.09 23:16:50.137,1.07543,1.07547,1.50,1.00
2015.11.09 23:16:50.679,1.07544,1.07547,1.00,1.00
2015.11.09 23:16:53.095,1.07544,1.07548,1.00,1.00
2015.11.09 23:16:53.638,1.07544,1.07547,1.00,1.00
2015.11.09 23:16:54.239,1.07544,1.07548,1.00,1.00
2015.11.09 23:16:54.790,1.07544,1.07547,1.00,1.00
2015.11.09 23:16:55.630,1.07544,1.07548,1.00,1.00
2015.11.09 23:16:56.148,1.07544,1.07547,1.00,1.00
2015.11.09 23:16:58.149,1.07544,1.07548,1.00,1.00
2015.11.09 23:16:58.659,1.07544,1.07547,1.00,1.00
2015.11.09 23:16:59.215,1.07544,1.07548,1.00,1.00
2015.11.09 23:16:59.619,1.07544,1.07546,1.00,1.00
2015.11.09 23:17:00.358,1.07543,1.07546,1.50,1.00
2015.11.09 23:17:00.937,1.07544,1.07547,1.00,1.00
2015.11.09 23:17:01.862,1.07544,1.07546,1.00,1.00
2015.11.09 23:17:02.764,1.07544,1.07547,1.00,1.00
2015.11.09 23:17:03.427,1.07543,1.07546,1.00,1.00
2015.11.09 23:17:03.933,1.07542,1.07546,1.87,1.00
2015.11.09 23:17:04.449,1.07543,1.07546,1.50,1.00
2015.11.09 23:17:05.308,1.07544,1.07546,1.00,1.00
2015.11.09 23:17:05.566,1.07544,1.07548,1.50,1.00
2015.11.09 23:17:06.080,1.07544,1.07549,1.00,2.25
2015.11.09 23:17:06.737,1.07544,1.07548,1.00,1.00
2015.11.09 23:17:07.245,1.07544,1.07549,1.00,2.25
2015.11.09 23:17:18.936,1.07543,1.07549,1.00,4.50
2015.11.09 23:17:19.268,1.07543,1.07546,1.00,1.50
2015.11.09 23:17:19.420,1.07542,1.07548,1.10,1.50
2015.11.09 23:17:20.583,1.0754,1.07547,7.05,1.50
2015.11.09 23:17:24.414,1.0754,1.07548,7.05,4.50
2015.11.09 23:17:25.501,1.0754,1.07547,6.97,1.50
2015.11.09 23:17:26.802,1.0754,1.07548,6.22,3.75
2015.11.09 23:17:27.334,1.0754,1.07547,7.05,2.25
2015.11.09 23:17:27.839,1.0754,1.07548,6.30,3.75
2015.11.09 23:17:28.482,1.0754,1.07547,5.55,2.25
2015.11.09 23:17:29.140,1.0754,1.07548,6.22,3.75
2015.11.09 23:17:29.644,1.0754,1.07547,7.05,2.25
2015.11.09 23:17:31.504,1.0754,1.07548,6.30,3.75
2015.11.09 23:17:32.054,1.0754,1.07547,5.55,2.25
2015.11.09 23:17:34.052,1.0754,1.07548,6.22,3.75
2015.11.09 23:17:34.612,1.0754,1.07547,7.05,2.25
2015.11.09 23:17:35.462,1.0754,1.07548,6.30,3.75
2015.11.09 23:17:36.092,1.0754,1.07547,7.35,2.25
2015.11.09 23:17:36.604,1.07542,1.07546,1.12,1.00
2015.11.09 23:17:56.622,1.07541,1.07546,1.30,1.00
2015.11.09 23:17:57.127,1.0754,1.07546,5.85,1.00
2015.11.09 23:18:06.062,1.07541,1.07546,1.12,1.00
2015.11.09 23:18:06.415,1.07542,1.07548,1.00,2.25
2015.11.09 23:18:11.743,1.07543,1.07548,1.00,1.00
2015.11.09 23:18:12.293,1.07543,1.07549,1.00,1.00
2015.11.09 23:18:12.967,1.07542,1.07549,3.75,1.00
2015.11.09 23:18:14.500,1.07543,1.07549,1.00,1.00
2015.11.09 23:18:15.007,1.07542,1.07549,6.75,1.00
2015.11.09 23:18:16.451,1.07543,1.07549,1.00,1.00
2015.11.09 23:18:16.961,1.07542,1.07549,4.50,3.00
2015.11.09 23:18:20.977,1.07541,1.07549,2.62,2.25
2015.11.09 23:18:21.029,1.07541,1.07547,2.62,1.00
2015.11.09 23:18:21.786,1.0754,1.07547,9.37,1.00
2015.11.09 23:18:24.658,1.07541,1.07547,1.00,1.00
2015.11.09 23:18:27.475,1.0754,1.07547,9.37,1.00
2015.11.09 23:18:38.406,1.07545,1.07547,1.00,1.00
2015.11.09 23:18:38.710,1.07545,1.07549,1.00,1.00
2015.11.09 23:18:39.216,1.07544,1.07549,1.00,1.00
2015.11.09 23:18:39.753,1.07545,1.0755,1.00,4.87
2015.11.09 23:18:40.269,1.07545,1.07549,1.00,1.00
2015.11.09 23:18:41.215,1.07544,1.07549,1.00,1.00
2015.11.09 23:18:41.840,1.07545,1.07549,1.00,1.00
2015.11.09 23:18:42.823,1.07544,1.07549,1.00,1.00
2015.11.09 23:18:43.328,1.07545,1.07549,1.00,1.00
2015.11.09 23:18:46.365,1.07544,1.07549,1.00,1.00
2015.11.09 23:18:46.887,1.07545,1.07549,1.00,1.00
2015.11.09 23:18:47.839,1.07544,1.07549,1.00,1.00
2015.11.09 23:18:48.358,1.07545,1.07549,1.00,1.00
2015.11.09 23:18:48.886,1.07545,1.0755,1.00,5.62
2015.11.09 23:18:49.492,1.07543,1.0755,1.50,1.50
2015.11.09 23:18:49.593,1.07545,1.0755,1.00,3.75
2015.11.09 23:18:51.560,1.07545,1.07549,1.00,3.45
2015.11.09 23:18:51.661,1.07546,1.0755,4.50,1.10
2015.11.09 23:18:51.763,1.07546,1.07552,1.00,1.00
2015.11.09 23:18:52.015,1.07545,1.0755,1.00,1.50
2015.11.09 23:18:52.319,1.0755,1.07554,1.00,1.50
2015.11.09 23:18:53.408,1.07549,1.07554,1.00,1.50
2015.11.09 23:18:53.911,1.0755,1.07554,1.00,1.50
2015.11.09 23:18:54.416,1.07549,1.07554,1.00,1.50
2015.11.09 23:18:54.978,1.0755,1.07554,1.00,1.50
2015.11.09 23:18:56.144,1.07549,1.07554,1.00,1.50
2015.11.09 23:18:56.699,1.07549,1.07555,1.00,8.62
2015.11.09 23:18:57.231,1.0755,1.07554,1.00,2.25
2015.11.09 23:18:57.763,1.0755,1.07555,1.00,9.37
2015.11.09 23:18:58.270,1.0755,1.07554,1.00,2.25
2015.11.09 23:18:58.817,1.0755,1.07555,1.00,10.12
2015.11.09 23:18:59.525,1.0755,1.07554,1.00,2.25
2015.11.09 23:19:01.785,1.07549,1.07554,1.00,2.25
2015.11.09 23:19:02.307,1.0755,1.07554,1.00,2.25
2015.11.09 23:19:02.814,1.07549,1.07554,1.00,2.25
2015.11.09 23:19:03.320,1.0755,1.07554,1.00,2.25
2015.11.09 23:19:04.885,1.07549,1.07554,1.00,2.25
2015.11.09 23:19:05.437,1.0755,1.07554,1.00,2.25
2015.11.09 23:19:06.943,1.0755,1.07555,1.00,10.12
2015.11.09 23:19:07.246,1.07553,1.07556,1.00,1.50
2015.11.09 23:19:07.348,1.07553,1.07559,3.75,1.50
2015.11.09 23:19:07.450,1.07557,1.0756,1.00,2.25
2015.11.09 23:19:07.820,1.07562,1.07565,4.12,1.00
2015.11.09 23:19:07.872,1.07562,1.0757,5.62,1.00
2015.11.09 23:19:08.632,1.07562,1.0757,6.45,1.00
2015.11.09 23:19:13.432,1.07562,1.07567,2.25,1.00
2015.11.09 23:19:13.686,1.07562,1.07569,1.87,1.50
2015.11.09 23:19:22.045,1.07562,1.07568,1.87,1.00
2015.11.09 23:19:23.366,1.07562,1.07569,1.50,1.50
2015.11.09 23:19:35.380,1.07562,1.0757,3.37,5.25
2015.11.09 23:19:35.755,1.07562,1.07566,2.62,1.00
2015.11.09 23:19:36.261,1.07562,1.07567,1.50,2.25
2015.11.09 23:19:37.324,1.07562,1.07565,1.50,1.50
2015.11.09 23:19:39.284,1.07561,1.07564,1.00,2.25
2015.11.09 23:19:39.335,1.07558,1.07564,2.25,3.75
2015.11.09 23:19:40.099,1.07558,1.07561,1.50,1.00
2015.11.09 23:19:40.252,1.07558,1.07562,3.00,1.00
2015.11.09 23:19:40.303,1.07558,1.07564,3.75,5.62
2015.11.09 23:19:41.873,1.07558,1.07562,3.75,1.00
2015.11.09 23:19:42.127,1.07555,1.07562,2.25,2.25
2015.11.09 23:19:42.714,1.07554,1.0756,1.50,1.00
2015.11.09 23:19:43.683,1.07554,1.07561,1.50,4.50
2015.11.09 23:19:44.347,1.07554,1.0756,1.50,1.00
2015.11.09 23:19:44.996,1.07554,1.07561,1.50,4.50
2015.11.09 23:19:45.501,1.07554,1.0756,1.50,1.00
2015.11.09 23:19:47.541,1.07554,1.07561,1.50,4.50
2015.11.09 23:19:48.045,1.07554,1.0756,1.50,1.00
2015.11.09 23:19:53.600,1.07554,1.07559,1.00,1.50
2015.11.09 23:20:03.109,1.07554,1.07558,1.00,1.50
2015.11.09 23:20:03.261,1.0755,1.07558,8.68,3.75
2015.11.09 23:20:16.410,1.0755,1.07558,7.12,3.37
2015.11.09 23:20:16.460,1.07549,1.07554,4.12,1.00
2015.11.09 23:20:16.866,1.07547,1.0755,1.00,2.25
2015.11.09 23:20:16.968,1.07545,1.0755,1.00,3.00
2015.11.09 23:20:17.170,1.07542,1.07548,1.75,1.00
2015.11.09 23:20:17.373,1.07543,1.07549,1.00,1.50
2015.11.09 23:20:19.053,1.07542,1.07548,1.47,1.00
2015.11.09 23:20:20.456,1.07541,1.07548,3.75,1.00
2015.11.09 23:20:26.673,1.07541,1.07549,3.75,2.25
2015.11.09 23:20:27.176,1.07541,1.07548,3.37,1.00
2015.11.09 23:20:28.780,1.07547,1.0755,1.00,3.37
2015.11.09 23:20:28.831,1.07546,1.07552,2.25,1.00
2015.11.09 23:20:28.983,1.07547,1.07554,3.00,3.00
2015.11.09 23:20:29.034,1.0755,1.07554,1.00,3.00
2015.11.09 23:20:29.490,1.0755,1.07552,1.00,1.00
2015.11.09 23:20:30.013,1.07549,1.07552,1.00,1.00
2015.11.09 23:20:30.558,1.0755,1.07552,1.00,1.00
2015.11.09 23:20:31.738,1.07549,1.07552,1.00,1.00
2015.11.09 23:20:32.368,1.0755,1.07552,1.00,1.00
2015.11.09 23:20:33.493,1.0755,1.07553,1.00,1.00
2015.11.09 23:20:34.008,1.0755,1.07552,1.00,1.00
2015.11.09 23:20:35.175,1.07549,1.07552,1.00,1.00
2015.11.09 23:20:35.736,1.07549,1.07553,1.00,1.00
2015.11.09 23:20:36.250,1.0755,1.07552,1.00,1.00
2015.11.09 23:20:36.827,1.0755,1.07553,1.00,1.00
2015.11.09 23:20:37.333,1.0755,1.07552,1.00,1.00
2015.11.09 23:20:37.985,1.07547,1.0755,1.00,1.50
2015.11.09 23:20:38.137,1.07543,1.07549,1.50,1.00
2015.11.09 23:20:40.114,1.07542,1.07549,3.45,1.00
2015.11.09 23:20:42.118,1.07542,1.0755,4.95,3.75
2015.11.09 23:20:48.335,1.07546,1.0755,3.37,3.00
2015.11.09 23:20:48.386,1.07547,1.07553,2.25,1.00
2015.11.09 23:20:48.437,1.07547,1.07553,3.37,1.50
2015.11.09 23:20:48.589,1.07548,1.07555,1.37,2.25
2015.11.09 23:20:49.347,1.0755,1.07555,1.50,1.00
2015.11.09 23:20:49.499,1.0755,1.07557,3.00,1.50
2015.11.09 23:20:50.089,1.0755,1.07557,4.87,1.50
2015.11.09 23:20:50.624,1.07552,1.07558,1.12,3.00
2015.11.09 23:20:51.129,1.07551,1.07557,2.25,2.25
2015.11.09 23:20:51.432,1.07549,1.07556,3.00,1.50
2015.11.09 23:20:59.112,1.0755,1.07556,1.00,1.00
2015.11.09 23:20:59.617,1.0755,1.07557,5.25,2.25
2015.11.09 23:21:00.343,1.0755,1.07557,6.37,1.50
2015.11.09 23:21:00.705,1.0755,1.07554,4.50,2.25
2015.11.09 23:21:00.857,1.07548,1.07552,1.00,1.50
2015.11.09 23:21:01.161,1.07547,1.07554,3.75,3.00
2015.11.09 23:21:19.550,1.07548,1.07554,1.00,3.00
2015.11.09 23:21:20.073,1.07553,1.07556,1.00,1.00
2015.11.09 23:21:20.130,1.07553,1.07558,1.50,1.00
2015.11.09 23:21:20.181,1.07555,1.0756,2.25,3.00
2015.11.09 23:21:20.283,1.07555,1.07562,6.75,1.00
2015.11.09 23:21:20.790,1.07555,1.07563,7.50,6.00
2015.11.09 23:21:23.290,1.07557,1.07563,1.00,1.00
2015.11.09 23:21:23.838,1.07557,1.07564,2.25,5.25
2015.11.09 23:21:29.636,1.07558,1.07564,1.00,5.25
2015.11.09 23:21:29.939,1.07563,1.07569,5.62,1.50
2015.11.09 23:21:29.990,1.07564,1.07571,2.62,1.00
2015.11.09 23:21:30.678,1.07564,1.07572,3.75,1.50
2015.11.09 23:21:31.381,1.07564,1.07571,4.87,1.00
2015.11.09 23:21:31.987,1.07564,1.07571,4.87,1.00
2015.11.09 23:21:32.488,1.07564,1.07572,4.87,2.25
2015.11.09 23:21:33.992,1.07564,1.07572,4.12,2.25
2015.11.09 23:21:36.705,1.07564,1.0757,2.62,1.00
2015.11.09 23:21:37.208,1.07563,1.0757,3.00,2.25
2015.11.09 23:21:45.335,1.07563,1.07568,1.50,1.00
2015.11.09 23:21:45.639,1.07558,1.07562,1.00,1.00
2015.11.09 23:21:45.690,1.07555,1.07562,3.75,2.25
2015.11.09 23:21:45.842,1.07553,1.07561,3.37,1.00
2015.11.09 23:21:45.943,1.07552,1.07559,4.95,1.00
2015.11.09 23:21:47.715,1.07551,1.07559,3.00,1.50
2015.11.09 23:21:48.167,1.07551,1.07555,2.25,3.75
2015.11.09 23:21:48.571,1.07549,1.07554,1.00,3.00
2015.11.09 23:21:49.077,1.0755,1.07554,1.00,3.00
2015.11.09 23:21:50.419,1.07549,1.07554,1.00,3.00
2015.11.09 23:21:51.006,1.0755,1.07554,1.00,3.00
2015.11.09 23:21:51.737,1.07548,1.07551,1.00,1.50
2015.11.09 23:21:51.839,1.0755,1.07553,1.00,2.25
2015.11.09 23:21:51.941,1.07547,1.07553,1.50,1.50
2015.11.09 23:21:52.042,1.07545,1.0755,1.00,1.00
2015.11.09 23:21:52.346,1.0755,1.07553,1.00,2.62
2015.11.09 23:21:52.854,1.0755,1.07552,1.00,1.00
2015.11.09 23:21:53.649,1.0755,1.07553,1.00,2.25
2015.11.09 23:21:54.162,1.0755,1.07552,1.00,1.00
2015.11.09 23:21:55.133,1.07549,1.07553,1.00,2.25
2015.11.09 23:21:55.642,1.0755,1.07553,1.00,1.50
2015.11.09 23:21:56.253,1.07549,1.07553,1.00,1.50
2015.11.09 23:21:56.758,1.0755,1.07553,1.00,1.50
2015.11.09 23:21:58.598,1.07549,1.07553,1.00,1.50
2015.11.09 23:21:59.103,1.0755,1.07553,1.00,1.50
2015.11.09 23:22:00.063,1.07549,1.07553,1.00,1.50
2015.11.09 23:22:00.669,1.0755,1.07553,1.00,1.50
2015.11.09 23:22:02.113,1.0755,1.07554,1.00,4.50
2015.11.09 23:22:04.610,1.07549,1.07554,1.00,4.50
2015.11.09 23:22:05.116,1.0755,1.07554,1.00,4.50
2015.11.09 23:22:07.226,1.07549,1.07554,1.00,4.50
2015.11.09 23:22:07.752,1.0755,1.07554,1.00,4.50
2015.11.09 23:22:08.261,1.07549,1.07554,1.00,4.50
2015.11.09 23:22:08.766,1.0755,1.07554,1.00,8.25
2015.11.09 23:22:09.473,1.07549,1.07554,1.00,3.75
2015.11.09 23:22:10.005,1.0755,1.07554,1.00,3.75
2015.11.09 23:22:11.856,1.07549,1.07554,1.00,3.75
2015.11.09 23:22:12.358,1.0755,1.07554,1.00,3.75
2015.11.09 23:22:12.860,1.07549,1.07554,1.00,3.75
2015.11.09 23:22:13.367,1.0755,1.07554,1.00,3.75
2015.11.09 23:22:16.449,1.07549,1.07554,1.00,2.25
2015.11.09 23:22:16.954,1.0755,1.07554,1.00,2.25
2015.11.09 23:22:20.471,1.07549,1.07554,1.00,3.75
2015.11.09 23:22:20.976,1.0755,1.07554,1.00,2.25
2015.11.09 23:22:21.681,1.07549,1.07554,1.00,3.75
2015.11.09 23:22:22.191,1.0755,1.07554,1.00,4.50
2015.11.09 23:22:25.415,1.07549,1.07554,1.00,4.50
2015.11.09 23:22:25.920,1.0755,1.07554,1.00,4.50
2015.11.09 23:22:26.578,1.07549,1.07554,1.00,4.50
2015.11.09 23:22:27.084,1.0755,1.07554,1.00,3.00
2015.11.09 23:22:30.891,1.07549,1.07554,1.00,4.50
2015.11.09 23:22:31.441,1.0755,1.07554,1.00,4.50
2015.11.09 23:22:31.963,1.0755,1.07553,1.00,1.50
2015.11.09 23:22:32.475,1.0755,1.07554,1.00,4.50
2015.11.09 23:22:33.121,1.07549,1.07554,1.00,4.50
2015.11.09 23:22:33.624,1.0755,1.07554,1.00,4.50
2015.11.09 23:22:34.331,1.07549,1.07554,1.00,4.50
2015.11.09 23:22:34.836,1.0755,1.07554,1.00,4.50
2015.11.09 23:22:36.656,1.07549,1.07554,1.12,4.50
2015.11.09 23:22:37.162,1.0755,1.07554,1.00,4.50
2015.11.09 23:22:38.415,1.07549,1.07554,1.12,1.50
2015.11.09 23:22:38.932,1.0755,1.07554,1.00,3.00
2015.11.09 23:22:42.241,1.07549,1.07554,1.00,4.50
2015.11.09 23:22:42.746,1.0755,1.07555,1.86,2.25
2015.11.09 23:22:42.847,1.07553,1.07557,1.00,2.25
2015.11.09 23:22:42.949,1.07553,1.07559,1.00,1.50
2015.11.09 23:22:43.050,1.07556,1.0756,1.50,1.50
2015.11.09 23:22:43.664,1.07556,1.07561,1.87,1.50
2015.11.09 23:22:44.172,1.07554,1.07561,1.87,2.25
2015.11.09 23:22:47.955,1.07555,1.07561,3.37,1.50
2015.11.09 23:22:48.258,1.0756,1.07565,1.12,2.25
2015.11.09 23:22:48.360,1.0756,1.07565,2.62,1.50
2015.11.09 23:22:48.663,1.07561,1.07568,2.25,1.50
2015.11.09 23:22:49.763,1.07561,1.07569,2.85,3.75
2015.11.09 23:22:50.301,1.07561,1.07568,2.10,1.00
2015.11.09 23:22:52.366,1.07561,1.07568,1.27,1.50
2015.11.09 23:22:53.158,1.0756,1.07568,7.05,1.50
2015.11.09 23:22:54.586,1.0756,1.07568,8.25,1.50
2015.11.09 23:22:55.255,1.07561,1.07569,4.50,2.25
2015.11.09 23:22:56.503,1.07561,1.07569,1.50,2.25
2015.11.09 23:22:57.009,1.07562,1.07569,1.00,2.25
2015.11.09 23:22:57.872,1.07561,1.07569,3.00,2.25
2015.11.09 23:22:58.373,1.07562,1.07569,1.00,2.25
2015.11.09 23:22:59.686,1.07563,1.07569,1.00,2.25
2015.11.09 23:23:00.192,1.07562,1.07569,3.75,1.50
2015.11.09 23:23:00.934,1.07563,1.07569,1.12,1.50
2015.11.09 23:23:01.892,1.07562,1.07569,2.25,1.50
2015.11.09 23:23:02.932,1.07563,1.07569,1.12,1.50
2015.11.09 23:23:05.487,1.07562,1.07569,1.12,2.25
2015.11.09 23:23:05.995,1.07563,1.07569,1.00,2.25
2015.11.09 23:23:06.501,1.07564,1.07569,1.00,1.87
2015.11.09 23:23:07.496,1.07563,1.07569,1.00,1.87
2015.11.09 23:23:09.341,1.07562,1.07569,1.12,1.87
2015.11.09 23:23:10.052,1.07561,1.07569,3.75,1.87
2015.11.09 23:23:11.052,1.07562,1.07569,1.12,1.87
2015.11.09 23:23:11.588,1.07563,1.07569,1.00,1.87
2015.11.09 23:23:12.102,1.07561,1.07569,3.75,1.87
2015.11.09 23:23:13.238,1.07561,1.07569,3.37,1.50
2015.11.09 23:23:13.743,1.07562,1.07569,1.00,1.87
2015.11.09 23:23:14.349,1.07561,1.07569,3.37,1.87
2015.11.09 23:23:14.962,1.07562,1.07569,1.00,1.50
2015.11.09 23:23:15.489,1.07562,1.07569,1.00,1.87
2015.11.09 23:23:16.254,1.07561,1.07569,2.25,3.37
2015.11.09 23:23:16.557,1.07561,1.07566,3.75,1.00
2015.11.09 23:23:17.539,1.07561,1.07568,4.50,1.00
2015.11.09 23:23:18.298,1.07561,1.07569,3.00,1.87
2015.11.09 23:23:18.349,1.07561,1.07568,1.50,1.57
2015.11.09 23:23:18.740,1.0756,1.07567,1.00,4.12
2015.11.09 23:23:19.259,1.0756,1.07566,1.00,1.50
2015.11.09 23:23:19.782,1.07559,1.07566,1.00,1.50
2015.11.09 23:23:20.035,1.07558,1.07564,1.00,5.25
2015.11.09 23:23:20.086,1.07556,1.07564,1.50,5.25
2015.11.09 23:23:20.138,1.07555,1.07562,5.62,1.00
2015.11.09 23:23:20.653,1.07553,1.07561,4.50,1.50
2015.11.09 23:23:20.754,1.07556,1.07561,2.25,1.50
2015.11.09 23:23:21.007,1.07553,1.07561,3.75,1.50
2015.11.09 23:23:22.638,1.07553,1.0756,3.75,1.00
2015.11.09 23:23:22.689,1.07553,1.07558,3.75,1.00
2015.11.09 23:23:22.790,1.07553,1.07561,2.25,2.25
2015.11.09 23:23:38.191,1.07553,1.07561,2.25,4.87
2015.11.09 23:23:41.124,1.07553,1.0756,1.50,1.00
2015.11.09 23:23:42.184,1.07553,1.07561,1.00,4.87
2015.11.09 23:23:42.689,1.07553,1.0756,1.00,1.00
2015.11.09 23:23:44.104,1.07553,1.0756,1.00,1.37
2015.11.09 23:24:01.170,1.07554,1.0756,1.00,1.37
2015.11.09 23:24:02.222,1.07554,1.0756,1.50,1.12
2015.11.09 23:24:03.247,1.07554,1.0756,1.50,1.37
2015.11.09 23:24:04.249,1.07554,1.0756,1.50,1.12
2015.11.09 23:24:05.455,1.07554,1.0756,1.50,1.37
2015.11.09 23:24:26.308,1.07554,1.0756,1.50,1.12
2015.11.09 23:24:27.632,1.07553,1.0756,3.00,1.12
2015.11.09 23:24:28.390,1.07553,1.0756,3.00,1.37
2015.11.09 23:24:29.332,1.07554,1.0756,1.00,1.37
2015.11.09 23:24:31.297,1.07554,1.0756,1.00,1.12
2015.11.09 23:24:32.537,1.07553,1.0756,3.00,1.12
2015.11.09 23:24:33.063,1.07554,1.0756,1.00,1.12
2015.11.09 23:24:33.596,1.07554,1.0756,1.50,1.37
2015.11.09 23:24:35.339,1.07554,1.0756,1.50,1.00
2015.11.09 23:24:35.846,1.07555,1.0756,1.00,1.00
2015.11.09 23:24:36.373,1.07554,1.0756,1.50,1.00
2015.11.09 23:24:36.879,1.07555,1.0756,1.00,1.00
2015.11.09 23:24:37.485,1.07555,1.07561,1.00,4.12
2015.11.09 23:24:38.003,1.07555,1.0756,1.00,1.00
2015.11.09 23:24:38.511,1.07554,1.0756,1.50,1.00
2015.11.09 23:24:39.015,1.07555,1.0756,1.00,1.00
2015.11.09 23:24:39.831,1.07554,1.0756,1.50,1.00
2015.11.09 23:24:40.369,1.07554,1.0756,1.00,1.37
2015.11.09 23:24:41.330,1.07554,1.0756,1.00,1.12
2015.11.09 23:24:41.947,1.07553,1.07561,3.00,3.37
2015.11.09 23:24:42.450,1.07554,1.07561,1.00,2.62
2015.11.09 23:24:44.854,1.07553,1.07561,1.50,4.87
2015.11.09 23:24:45.411,1.07552,1.0756,2.25,1.50
2015.11.09 23:24:47.346,1.07552,1.0756,1.50,2.62
2015.11.09 23:24:57.210,1.07551,1.07559,3.00,2.62
2015.11.09 23:24:57.665,1.07551,1.07557,1.50,1.00
2015.11.09 23:24:57.969,1.07548,1.07554,2.25,1.50
2015.11.09 23:24:58.377,1.0755,1.07554,1.00,3.37
2015.11.09 23:25:00.132,1.07549,1.07554,1.00,4.12
2015.11.09 23:25:00.654,1.0755,1.07554,1.00,4.12
2015.11.09 23:25:02.096,1.07549,1.07554,1.00,4.87
2015.11.09 23:25:02.597,1.0755,1.07554,1.00,4.50
2015.11.09 23:25:03.114,1.07549,1.07554,1.00,4.12
2015.11.09 23:25:03.620,1.0755,1.07554,1.00,7.12
2015.11.09 23:25:04.125,1.0755,1.07554,1.00,7.12
2015.11.09 23:25:06.763,1.0755,1.07553,1.00,1.00
2015.11.09 23:25:07.264,1.0755,1.07552,1.00,1.00
2015.11.09 23:25:07.770,1.0755,1.07553,1.00,1.00
2015.11.09 23:25:09.366,1.0755,1.07552,1.00,1.00
2015.11.09 23:25:09.771,1.07546,1.07551,1.50,1.00
2015.11.09 23:25:09.974,1.07549,1.07552,1.00,1.00
2015.11.09 23:25:10.075,1.07546,1.07551,1.50,1.00
2015.11.09 23:25:10.278,1.07549,1.07551,1.00,1.00
2015.11.09 23:25:10.379,1.0755,1.07553,1.00,1.87
2015.11.09 23:25:10.731,1.07547,1.07553,3.75,1.12
2015.11.09 23:25:10.945,1.07547,1.0755,1.00,1.00
2015.11.09 23:25:11.047,1.07547,1.07553,1.00,1.00
2015.11.09 23:25:11.590,1.07547,1.07554,1.00,8.62
2015.11.09 23:25:13.887,1.07547,1.07554,1.50,8.62
2015.11.09 23:25:14.966,1.07547,1.0755,1.00,1.00
2015.11.09 23:25:15.118,1.07547,1.07553,1.00,3.75
2015.11.09 23:25:22.416,1.07547,1.07553,1.00,1.37
2015.11.09 23:25:23.988,1.07547,1.07553,1.00,1.00
2015.11.09 23:25:26.534,1.07547,1.07551,2.25,1.00
2015.11.09 23:25:26.585,1.07547,1.07554,2.25,5.25
2015.11.09 23:25:27.832,1.07547,1.07553,1.50,1.00
2015.11.09 23:25:27.883,1.07547,1.0755,1.50,1.00
2015.11.09 23:25:28.034,1.07547,1.07552,1.50,1.50
2015.11.09 23:25:28.698,1.07547,1.07553,1.00,1.12
2015.11.09 23:25:33.512,1.07547,1.07554,2.25,7.87
2015.11.09 23:25:35.524,1.07547,1.07554,2.25,7.12
2015.11.09 23:25:39.407,1.07548,1.07554,1.00,6.00
2015.11.09 23:25:39.761,1.07549,1.07554,1.37,4.50
2015.11.09 23:25:40.064,1.07551,1.07557,1.00,2.25
2015.11.09 23:25:40.267,1.07553,1.07559,1.00,2.25
2015.11.09 23:25:40.801,1.07553,1.0756,1.00,3.00
2015.11.09 23:25:41.661,1.07554,1.0756,1.00,1.50
2015.11.09 23:25:42.232,1.07555,1.07561,1.00,1.00
2015.11.09 23:25:44.656,1.07554,1.07561,4.50,1.00
2015.11.09 23:25:44.959,1.07557,1.07562,1.00,1.00
2015.11.09 23:25:45.496,1.07558,1.07563,1.00,1.50
2015.11.09 23:25:46.059,1.07557,1.07563,2.25,1.50
2015.11.09 23:25:51.299,1.07557,1.07562,2.25,1.00
2015.11.09 23:26:02.477,1.07558,1.07562,1.00,1.00
2015.11.09 23:26:03.458,1.07557,1.07562,1.50,1.00
2015.11.09 23:26:03.977,1.07558,1.07562,1.00,1.00
2015.11.09 23:26:04.665,1.07557,1.07562,1.50,1.00
2015.11.09 23:26:05.181,1.07558,1.07562,1.00,1.00
2015.11.09 23:26:05.990,1.07557,1.07562,1.50,1.00
2015.11.09 23:26:06.536,1.07558,1.07562,1.00,1.00
2015.11.09 23:26:07.398,1.07557,1.07562,1.50,1.00
2015.11.09 23:26:08.032,1.07558,1.07562,1.00,1.00
2015.11.09 23:26:08.691,1.07557,1.07562,1.50,1.00
2015.11.09 23:26:09.251,1.07558,1.07562,1.00,1.00
2015.11.09 23:26:10.345,1.07557,1.07562,1.50,1.00
2015.11.09 23:26:10.898,1.07558,1.07562,1.00,1.00
2015.11.09 23:26:11.802,1.07557,1.07562,1.50,1.00
2015.11.09 23:26:12.106,1.07559,1.07562,1.00,1.00
2015.11.09 23:26:12.647,1.07558,1.07562,1.00,1.00
2015.11.09 23:26:18.138,1.07557,1.07562,3.75,1.00
2015.11.09 23:26:18.651,1.07558,1.07562,1.00,1.00
2015.11.09 23:26:20.225,1.07557,1.07562,3.75,1.00
2015.11.09 23:26:20.804,1.07558,1.07562,1.00,1.00
2015.11.09 23:26:23.173,1.07557,1.07562,3.75,1.00
2015.11.09 23:26:23.683,1.07558,1.07562,1.00,1.00
2015.11.09 23:26:24.940,1.07557,1.07562,3.75,1.00
2015.11.09 23:26:25.442,1.07558,1.07562,1.00,1.00
2015.11.09 23:26:28.677,1.07557,1.07562,3.75,1.00
2015.11.09 23:26:29.265,1.07558,1.07562,1.00,1.00
2015.11.09 23:26:31.146,1.07557,1.07562,3.75,1.00
2015.11.09 23:26:31.673,1.07558,1.07562,1.00,1.00
2015.11.09 23:26:32.185,1.07557,1.07562,3.75,1.00
2015.11.09 23:26:32.707,1.07558,1.07562,1.00,1.00
2015.11.09 23:26:34.064,1.07558,1.07561,1.00,1.00
2015.11.09 23:26:35.178,1.07558,1.07562,1.00,1.00
2015.11.09 23:26:36.629,1.07557,1.07562,3.75,1.00
2015.11.09 23:26:37.145,1.07558,1.07562,1.50,1.00
2015.11.09 23:26:41.332,1.07558,1.07561,1.00,1.00
2015.11.09 23:26:42.288,1.07557,1.07561,3.75,1.00
2015.11.09 23:26:42.820,1.07558,1.07561,1.00,1.00
2015.11.09 23:26:43.477,1.07557,1.07561,3.75,1.00
2015.11.09 23:26:44.092,1.07558,1.07561,1.00,1.00
2015.11.09 23:26:44.762,1.07557,1.07561,3.75,1.00
2015.11.09 23:26:45.301,1.07558,1.07562,1.00,1.00
2015.11.09 23:26:46.077,1.07557,1.07562,3.75,1.00
2015.11.09 23:26:46.685,1.07558,1.07561,1.00,1.00
2015.11.09 23:26:52.517,1.07557,1.07561,3.75,1.00
2015.11.09 23:26:53.018,1.07558,1.07561,1.00,1.00
2015.11.09 23:26:54.123,1.07557,1.07561,3.75,1.00
2015.11.09 23:26:54.771,1.07558,1.07561,1.00,1.00
2015.11.09 23:26:55.276,1.07559,1.07561,1.00,1.00
2015.11.09 23:26:56.383,1.07558,1.07561,1.00,1.00
2015.11.09 23:26:56.891,1.07559,1.07561,1.00,1.00
2015.11.09 23:26:58.533,1.07558,1.07561,1.00,1.00
2015.11.09 23:26:59.050,1.07559,1.07561,1.00,1.00
2015.11.09 23:26:59.636,1.07558,1.07561,1.00,1.00
2015.11.09 23:27:00.140,1.07559,1.07561,1.00,1.00
2015.11.09 23:27:00.646,1.07559,1.07562,1.00,1.00
2015.11.09 23:27:01.700,1.07558,1.07562,1.00,1.00
2015.11.09 23:27:02.221,1.07559,1.07562,1.00,1.00
2015.11.09 23:27:04.336,1.07559,1.07564,1.50,4.50
2015.11.09 23:27:04.387,1.07561,1.07564,1.00,4.50
2015.11.09 23:27:04.540,1.07561,1.07566,3.00,3.00
2015.11.09 23:27:04.642,1.07561,1.07564,1.12,1.50
2015.11.09 23:27:05.584,1.07563,1.07564,1.00,1.50
2015.11.09 23:27:05.737,1.07564,1.07568,1.00,1.00
2015.11.09 23:27:06.345,1.07564,1.07567,1.00,1.50
2015.11.09 23:27:06.847,1.07563,1.07567,1.00,1.50
2015.11.09 23:27:08.146,1.07563,1.07568,1.10,4.20
2015.11.09 23:27:08.764,1.07563,1.07567,1.10,1.50
2015.11.09 23:27:09.872,1.07563,1.07568,1.00,4.20
2015.11.09 23:27:10.422,1.07563,1.07567,1.10,1.50
2015.11.09 23:27:11.450,1.07563,1.07568,1.10,4.20
2015.11.09 23:27:11.966,1.07563,1.07567,1.10,1.50
2015.11.09 23:27:13.380,1.07563,1.07568,1.10,4.20
2015.11.09 23:27:13.885,1.07563,1.07567,1.10,1.50
2015.11.09 23:27:14.390,1.07563,1.07568,1.00,2.70
2015.11.09 23:27:15.445,1.07564,1.07568,1.00,3.45
2015.11.09 23:27:15.950,1.07563,1.07568,1.10,3.45
2015.11.09 23:27:16.556,1.07564,1.07568,1.00,3.45
2015.11.09 23:27:17.062,1.07563,1.07568,1.00,3.45
2015.11.09 23:27:17.392,1.07565,1.07569,1.00,1.65
2015.11.09 23:27:17.444,1.07566,1.0757,1.00,2.25
2015.11.09 23:27:21.655,1.07565,1.0757,2.25,1.00
2015.11.09 23:27:22.161,1.07565,1.07569,1.00,1.00
2015.11.09 23:27:22.690,1.07565,1.0757,1.00,2.25
2015.11.09 23:27:25.060,1.07567,1.0757,1.50,1.00
2015.11.09 23:27:25.522,1.0757,1.07572,2.25,1.00
2015.11.09 23:27:25.575,1.07573,1.07576,1.00,1.00
2015.11.09 23:27:25.727,1.07572,1.07578,1.50,3.75
2015.11.09 23:27:26.284,1.07572,1.07577,1.50,1.50
2015.11.09 23:27:26.791,1.07572,1.07578,1.50,4.50
2015.11.09 23:27:35.103,1.07572,1.07575,1.00,1.00
2015.11.09 23:27:35.609,1.07573,1.07577,1.00,3.00
2015.11.09 23:27:36.114,1.07573,1.07578,1.00,3.00
2015.11.09 23:27:37.964,1.07571,1.07578,4.87,3.00
2015.11.09 23:27:38.890,1.07573,1.07578,1.00,3.00
2015.11.09 23:27:39.194,1.07571,1.07575,1.12,1.00
2015.11.09 23:27:39.498,1.07569,1.07574,1.50,3.75
2015.11.09 23:27:39.700,1.07567,1.07573,2.25,1.50
2015.11.09 23:27:39.802,1.07569,1.07574,1.00,3.75
2015.11.09 23:27:40.353,1.07568,1.07573,1.50,1.50
2015.11.09 23:27:40.858,1.07569,1.07573,1.00,1.50
2015.11.09 23:27:41.398,1.07569,1.07574,1.00,3.75
2015.11.09 23:27:41.930,1.07569,1.07573,1.00,1.50
2015.11.09 23:27:42.234,1.07569,1.07575,1.37,4.50
2015.11.09 23:27:42.753,1.0757,1.07574,1.12,5.25
2015.11.09 23:27:43.866,1.07569,1.07574,1.87,5.25
2015.11.09 23:27:44.370,1.0757,1.07574,1.00,2.25
2015.11.09 23:27:44.875,1.07569,1.07574,1.12,5.25
2015.11.09 23:28:02.106,1.07568,1.07574,2.62,2.25
2015.11.09 23:28:08.289,1.07568,1.07574,1.87,5.25
2015.11.09 23:28:11.249,1.07568,1.07574,1.87,5.25
2015.11.09 23:28:11.760,1.07569,1.07574,1.00,5.25
2015.11.09 23:28:13.930,1.0757,1.07574,1.00,5.25
2015.11.09 23:28:16.432,1.07571,1.07574,1.00,4.50
2015.11.09 23:28:16.584,1.07572,1.07577,1.00,3.00
2015.11.09 23:28:16.737,1.07574,1.0758,1.50,3.75
2015.11.09 23:28:17.141,1.07576,1.07581,1.00,1.50
2015.11.09 23:28:20.307,1.07576,1.0758,1.00,1.00
2015.11.09 23:28:20.813,1.07575,1.0758,1.00,3.75
2015.11.09 23:28:21.857,1.07574,1.0758,2.25,1.00
2015.11.09 23:28:40.600,1.07575,1.07581,1.00,3.75
2015.11.09 23:28:42.118,1.07576,1.07581,1.00,1.00
2015.11.09 23:28:42.665,1.07576,1.07582,1.00,1.00
2015.11.09 23:28:43.221,1.07575,1.07582,2.25,1.00
2015.11.09 23:28:49.912,1.07575,1.07581,1.50,1.00
2015.11.09 23:28:53.973,1.07575,1.07582,1.50,2.25
2015.11.09 23:29:13.112,1.07574,1.07582,2.25,3.75
2015.11.09 23:29:48.526,1.07575,1.07582,1.00,1.50
2015.11.09 23:29:56.575,1.07579,1.07582,1.00,1.00
2015.11.09 23:29:56.627,1.0758,1.07585,1.00,1.00
2015.11.09 23:29:56.678,1.07582,1.07588,1.00,3.45
2015.11.09 23:29:56.881,1.07584,1.07588,1.00,1.00
2015.11.09 23:29:57.033,1.07581,1.07588,3.37,2.70
2015.11.09 23:29:57.556,1.07582,1.07588,1.50,1.20
2015.11.09 23:29:58.308,1.07581,1.07588,5.62,1.20
2015.11.09 23:29:58.410,1.07583,1.07588,1.50,1.00
2015.11.09 23:30:00.309,1.07583,1.07586,1.50,1.00
2015.11.09 23:30:00.815,1.07582,1.07586,2.25,1.00
2015.11.09 23:30:01.707,1.07581,1.07586,4.12,1.00
2015.11.09 23:30:13.778,1.07581,1.07586,1.37,1.00
2015.11.09 23:30:14.798,1.07581,1.07586,1.50,1.00
2015.11.09 23:30:21.851,1.07581,1.07587,1.87,2.25
2015.11.09 23:30:22.913,1.07581,1.07587,2.62,1.00
2015.11.09 23:30:23.908,1.07581,1.07587,3.75,1.00
2015.11.09 23:30:24.918,1.07581,1.07587,3.75,1.00
2015.11.09 23:30:26.876,1.07582,1.07587,3.37,1.00
2015.11.09 23:30:32.284,1.07582,1.07588,4.12,1.20
2015.11.09 23:30:41.574,1.07583,1.07588,1.50,1.00
2015.11.09 23:30:42.102,1.07583,1.07587,1.50,1.00
2015.11.09 23:30:42.648,1.07583,1.07586,1.50,1.00
2015.11.09 23:30:46.294,1.07583,1.07587,2.25,1.00
2015.11.09 23:31:00.831,1.07582,1.07587,1.00,1.00
2015.11.09 23:31:01.342,1.07581,1.07587,3.37,1.00
2015.11.09 23:31:14.862,1.07582,1.07587,1.00,1.00
2015.11.09 23:31:15.559,1.07581,1.07587,3.00,1.00
2015.11.09 23:31:18.530,1.07582,1.07587,1.50,1.00
2015.11.09 23:31:19.048,1.07583,1.07587,1.50,1.00
2015.11.09 23:31:22.123,1.07582,1.07587,2.25,1.00
2015.11.09 23:31:23.687,1.07582,1.07586,3.37,1.00
2015.11.09 23:31:24.885,1.07582,1.07584,2.62,1.65
2015.11.09 23:31:25.037,1.07582,1.07585,1.00,1.50
2015.11.09 23:31:25.088,1.07582,1.07587,1.00,3.00
2015.11.09 23:31:25.593,1.07582,1.07588,1.87,1.00
2015.11.09 23:31:26.098,1.07582,1.07589,1.12,2.25
2015.11.09 23:31:33.833,1.07582,1.07589,1.00,4.35
2015.11.09 23:31:36.188,1.07582,1.07586,2.25,1.00
2015.11.09 23:31:36.494,1.0758,1.07584,1.00,3.75
2015.11.09 23:31:36.746,1.07578,1.07584,1.12,6.00
2015.11.09 23:31:53.543,1.07579,1.07584,1.00,4.50
2015.11.09 23:31:54.049,1.07578,1.07584,1.50,3.75
2015.11.09 23:31:58.779,1.07578,1.07583,1.00,1.00
2015.11.09 23:31:59.285,1.07578,1.07584,1.50,6.00
2015.11.09 23:32:18.636,1.07578,1.07583,1.50,1.00
2015.11.09 23:32:21.045,1.07577,1.07583,6.75,1.50
2015.11.09 23:32:21.596,1.07578,1.07583,1.00,1.50
2015.11.09 23:32:21.849,1.0758,1.07583,1.00,1.00
2015.11.09 23:32:21.952,1.07581,1.07585,1.50,1.50
2015.11.09 23:32:22.003,1.07584,1.07586,1.00,2.25
2015.11.09 23:32:22.206,1.07587,1.07589,1.00,1.00
2015.11.09 23:32:22.570,1.07585,1.07588,1.50,1.00
2015.11.09 23:32:23.027,1.07583,1.07589,6.75,1.50
2015.11.09 23:32:23.280,1.07583,1.07587,1.12,1.00
2015.11.09 23:32:23.917,1.07582,1.07587,1.50,1.00
2015.11.09 23:32:26.346,1.07581,1.07587,6.00,1.00
2015.11.09 23:32:26.875,1.07582,1.07587,1.00,1.00
2015.11.09 23:32:29.489,1.07583,1.07587,1.00,1.00
2015.11.09 23:32:30.034,1.07582,1.07587,3.75,1.00
2015.11.09 23:32:33.865,1.07582,1.07588,3.37,1.00
2015.11.09 23:32:35.738,1.07582,1.07589,2.25,1.50
2015.11.09 23:32:36.189,1.07582,1.07587,2.62,1.00
2015.11.09 23:32:36.240,1.07583,1.07589,1.00,1.50
2015.11.09 23:32:36.746,1.07584,1.07589,1.00,1.00
2015.11.09 23:32:40.214,1.07584,1.07588,1.00,1.00
2015.11.09 23:32:41.625,1.07584,1.07589,1.00,3.75
2015.11.09 23:32:41.827,1.07586,1.07589,1.00,1.00
2015.11.09 23:32:41.980,1.07588,1.07592,1.00,3.00
2015.11.09 23:32:42.334,1.07586,1.07592,1.12,3.00
2015.11.09 23:32:43.742,1.07585,1.0759,1.00,1.00
2015.11.09 23:32:44.316,1.07585,1.07591,1.50,1.00
2015.11.09 23:32:47.328,1.07587,1.07591,1.00,1.00
2015.11.09 23:32:47.480,1.07588,1.07594,1.50,6.75
2015.11.09 23:32:47.532,1.07591,1.07594,1.00,5.25
2015.11.09 23:32:49.136,1.0759,1.07594,3.37,2.25
2015.11.09 23:32:49.674,1.07591,1.07594,1.00,3.75
2015.11.09 23:32:50.440,1.0759,1.07594,3.00,2.25
2015.11.09 23:32:50.946,1.07591,1.07594,1.00,3.75
2015.11.09 23:32:52.545,1.0759,1.07594,3.00,1.50
2015.11.09 23:32:53.301,1.07591,1.07594,1.00,3.00
2015.11.09 23:32:53.862,1.0759,1.07594,3.00,1.50
2015.11.09 23:32:54.368,1.07591,1.07594,1.00,3.00
2015.11.09 23:32:56.476,1.0759,1.07594,3.00,2.25
2015.11.09 23:32:56.988,1.07591,1.07594,1.00,3.75
2015.11.09 23:32:57.881,1.0759,1.07594,3.00,2.25
2015.11.09 23:32:58.383,1.07591,1.07594,1.00,3.75
2015.11.09 23:32:59.589,1.0759,1.07594,3.00,2.62
2015.11.09 23:33:00.094,1.07591,1.07594,1.00,4.12
2015.11.09 23:33:00.627,1.07592,1.07594,1.50,1.00
2015.11.09 23:33:00.931,1.07593,1.07596,1.00,1.50
2015.11.09 23:33:00.982,1.07591,1.07596,1.12,1.00
2015.11.09 23:33:01.034,1.0759,1.07593,3.75,1.00
2015.11.09 23:33:01.543,1.07591,1.07594,1.12,1.00
2015.11.09 23:33:02.049,1.07592,1.07594,1.00,1.00
2015.11.09 23:33:02.562,1.07592,1.07596,1.12,3.00
2015.11.09 23:33:03.006,1.07591,1.07593,1.00,1.00
2015.11.09 23:33:03.310,1.07589,1.07595,1.37,3.75
2015.11.09 23:33:03.665,1.07588,1.07594,3.00,3.75
2015.11.09 23:33:03.771,1.07588,1.07592,1.50,1.00
2015.11.09 23:33:03.974,1.07586,1.07591,5.25,1.00
2015.11.09 23:33:06.091,1.07587,1.07591,1.00,1.00
2015.11.09 23:33:08.718,1.07586,1.07591,2.25,1.00
2015.11.09 23:33:09.236,1.07587,1.07591,1.00,1.00
2015.11.09 23:33:10.041,1.07586,1.07591,2.25,1.00
2015.11.09 23:33:10.573,1.07587,1.07591,1.00,1.00
2015.11.09 23:33:11.831,1.07586,1.07591,2.25,1.00
2015.11.09 23:33:14.326,1.07585,1.07591,6.37,1.50
2015.11.09 23:33:14.829,1.07585,1.0759,1.12,1.00
2015.11.09 23:33:15.336,1.07584,1.07589,1.00,1.50
2015.11.09 23:33:15.741,1.07582,1.07587,6.37,1.00
2015.11.09 23:33:16.045,1.07584,1.07588,1.00,1.00
2015.11.09 23:33:16.549,1.07583,1.07588,1.00,1.00
2015.11.09 23:33:17.309,1.07583,1.07589,1.50,3.75
2015.11.09 23:33:17.856,1.07583,1.07588,1.00,1.00
2015.11.09 23:33:18.363,1.07584,1.07589,1.00,3.00
2015.11.09 23:33:18.869,1.07583,1.07588,2.25,1.00
2015.11.09 23:33:19.390,1.07584,1.07589,1.50,1.50
2015.11.09 23:33:21.384,1.07585,1.07589,1.00,1.50
2015.11.09 23:33:21.889,1.07584,1.07589,1.50,1.00
2015.11.09 23:33:25.413,1.07584,1.07588,1.50,1.00
2015.11.09 23:33:27.719,1.07585,1.07588,1.00,1.00
2015.11.09 23:33:28.225,1.07584,1.07588,1.50,1.00
2015.11.09 23:33:28.731,1.07585,1.07588,1.00,1.00
2015.11.09 23:33:29.245,1.07584,1.07588,1.50,1.00
2015.11.09 23:33:29.813,1.07585,1.07588,1.00,1.00
2015.11.09 23:33:30.117,1.07587,1.07589,1.50,1.50
2015.11.09 23:33:30.219,1.07592,1.07593,2.25,1.00
2015.11.09 23:33:30.270,1.07594,1.07595,1.00,2.25
2015.11.09 23:33:30.372,1.07594,1.07597,1.00,1.50
2015.11.09 23:33:30.524,1.07594,1.07599,1.87,1.50
2015.11.09 23:33:30.904,1.07595,1.07599,2.62,1.00
2015.11.09 23:33:31.410,1.07595,1.07598,1.00,1.00
2015.11.09 23:33:33.940,1.07594,1.07598,4.12,1.00
2015.11.09 23:33:34.446,1.07595,1.07598,1.00,1.00
2015.11.09 23:33:35.338,1.07595,1.07597,1.00,1.00
2015.11.09 23:33:35.540,1.07595,1.07599,1.00,1.50
2015.11.09 23:33:36.046,1.07595,1.076,1.00,1.69
2015.11.09 23:33:36.554,1.07596,1.076,1.00,1.69
2015.11.09 23:33:36.807,1.07594,1.076,6.37,1.60
2015.11.09 23:33:37.818,1.07595,1.076,1.00,1.69
2015.11.09 23:33:38.665,1.07594,1.076,6.75,1.60
2015.11.09 23:33:39.171,1.07595,1.07599,1.00,1.00
2015.11.09 23:33:39.955,1.07594,1.07599,3.75,1.00
2015.11.09 23:33:40.487,1.07595,1.07599,1.00,1.00
2015.11.09 23:33:41.414,1.07594,1.07599,3.75,1.00
2015.11.09 23:33:41.919,1.07595,1.07599,1.00,1.00
2015.11.09 23:33:42.641,1.07594,1.07599,3.75,1.00
2015.11.09 23:33:43.148,1.07595,1.07599,1.00,1.00
2015.11.09 23:33:44.271,1.07594,1.07599,3.00,1.00
2015.11.09 23:33:44.828,1.07595,1.07599,1.00,1.00
2015.11.09 23:33:49.059,1.07594,1.07599,3.75,1.00
2015.11.09 23:33:49.666,1.07595,1.07599,1.00,1.00
2015.11.09 23:33:51.278,1.07594,1.07599,1.00,2.25
2015.11.09 23:33:51.784,1.07594,1.07598,1.00,1.00
2015.11.09 23:33:55.390,1.07594,1.07599,1.00,1.50
2015.11.09 23:33:55.896,1.07594,1.076,1.50,5.71
2015.11.09 23:34:01.517,1.07594,1.07598,1.50,1.00
2015.11.09 23:34:01.803,1.07594,1.076,1.50,1.69
2015.11.09 23:34:02.309,1.07595,1.076,1.00,1.13
2015.11.09 23:34:02.411,1.07598,1.076,1.00,1.26
2015.11.09 23:34:10.073,1.07597,1.07601,1.00,1.00
2015.11.09 23:34:10.581,1.07598,1.07602,1.00,1.00
2015.11.09 23:34:11.240,1.07598,1.07603,1.50,1.12
2015.11.09 23:34:11.784,1.07598,1.07602,1.00,1.00
2015.11.09 23:34:11.987,1.07596,1.07602,2.25,1.00
2015.11.09 23:34:12.290,1.07598,1.07602,1.00,1.00
2015.11.09 23:34:12.493,1.07596,1.07602,4.50,1.00
2015.11.09 23:34:15.214,1.07597,1.07602,1.00,1.00
2015.11.09 23:34:16.080,1.07596,1.07602,4.50,1.00
2015.11.09 23:34:16.603,1.07597,1.07602,1.00,1.00
2015.11.09 23:34:20.039,1.07596,1.07602,3.00,1.00
2015.11.09 23:34:20.540,1.07597,1.07603,1.00,2.62
2015.11.09 23:34:22.397,1.07597,1.07603,1.00,1.12
2015.11.09 23:34:26.245,1.07596,1.07603,6.75,1.12
2015.11.09 23:34:26.809,1.07597,1.07603,1.00,1.12
2015.11.09 23:34:28.665,1.07596,1.07603,6.75,1.12
2015.11.09 23:34:29.171,1.07597,1.07603,1.00,1.12
2015.11.09 23:34:29.673,1.07597,1.07603,1.50,1.37
2015.11.09 23:34:29.825,1.07598,1.07604,4.50,7.87
2015.11.09 23:34:30.149,1.07598,1.07604,1.00,4.12
2015.11.09 23:34:30.301,1.07598,1.07604,1.50,5.25
2015.11.09 23:34:32.027,1.07598,1.07603,1.50,1.00
2015.11.09 23:34:36.262,1.07598,1.07602,1.50,1.00
2015.11.09 23:35:00.791,1.07598,1.07604,2.25,7.12
2015.11.09 23:35:01.347,1.07598,1.07604,1.50,6.75
2015.11.09 23:35:07.495,1.07598,1.07604,1.50,7.87
2015.11.09 23:35:09.754,1.07598,1.07604,1.50,9.37
2015.11.09 23:35:10.261,1.07598,1.07604,1.00,7.50
2015.11.09 23:35:11.968,1.07598,1.07604,1.50,8.25
2015.11.09 23:35:13.063,1.07598,1.07604,1.50,6.75
2015.11.09 23:35:13.568,1.07598,1.07604,2.25,7.50
2015.11.09 23:35:14.118,1.07598,1.07604,2.25,6.00
2015.11.09 23:35:14.623,1.07598,1.07604,2.25,7.50
2015.11.09 23:35:16.975,1.07598,1.07604,2.25,6.37
2015.11.09 23:35:17.480,1.07598,1.07604,2.25,8.62
2015.11.09 23:35:19.287,1.07598,1.07604,2.25,6.75
2015.11.09 23:35:19.792,1.07598,1.07604,2.25,9.00
2015.11.09 23:35:20.387,1.07598,1.07604,2.25,6.75
2015.11.09 23:35:20.961,1.07598,1.07604,2.25,9.00
2015.11.09 23:35:21.893,1.07598,1.07604,2.25,9.00
2015.11.09 23:35:22.095,1.07598,1.07604,2.25,6.75
2015.11.09 23:35:22.791,1.07598,1.07604,2.25,7.87
2015.11.09 23:35:23.625,1.07598,1.07604,2.25,6.37
2015.11.09 23:35:24.150,1.07598,1.07604,2.25,7.87
2015.11.09 23:35:24.682,1.07598,1.07604,2.25,6.37
2015.11.09 23:35:25.086,1.07599,1.07604,1.50,3.75
2015.11.09 23:35:25.390,1.07601,1.07604,1.50,3.00
2015.11.09 23:35:25.644,1.07601,1.07604,1.50,3.00
2015.11.09 23:35:29.536,1.076,1.07604,6.00,1.50
2015.11.09 23:35:30.085,1.07601,1.07604,1.00,3.00
2015.11.09 23:35:31.640,1.076,1.07604,6.00,1.50
2015.11.09 23:35:31.691,1.07602,1.07604,1.50,1.50
2015.11.09 23:35:32.094,1.07604,1.07605,1.00,1.50
2015.11.09 23:35:32.145,1.07604,1.07607,1.00,1.00
2015.11.09 23:35:32.693,1.07605,1.07608,1.00,1.00
2015.11.09 23:35:32.795,1.07605,1.07606,1.00,1.00
2015.11.09 23:35:32.947,1.076,1.07603,6.00,1.00
2015.11.09 23:35:32.998,1.07603,1.07604,1.50,2.25
2015.11.09 23:35:33.101,1.07603,1.07605,1.50,1.00
2015.11.09 23:35:33.612,1.07602,1.07604,1.00,3.00
2015.11.09 23:35:33.968,1.07601,1.07602,1.50,1.00
2015.11.09 23:35:38.170,1.076,1.07602,3.00,1.00
2015.11.09 23:35:38.676,1.07599,1.07602,1.00,1.00
2015.11.09 23:35:41.745,1.076,1.07602,1.00,1.00
2015.11.09 23:35:43.231,1.07599,1.07602,1.50,1.00
2015.11.09 23:35:43.848,1.076,1.07602,1.00,1.00
2015.11.09 23:35:45.009,1.07599,1.07602,1.50,1.00
2015.11.09 23:35:45.547,1.076,1.07602,1.00,1.00
2015.11.09 23:35:46.694,1.07599,1.07602,1.50,1.00
2015.11.09 23:35:47.195,1.076,1.07602,1.00,1.00
2015.11.09 23:35:48.750,1.07599,1.07602,1.00,1.00
2015.11.09 23:35:49.986,1.07598,1.07602,4.50,1.00
2015.11.09 23:35:50.492,1.07599,1.07602,1.00,1.00
2015.11.09 23:35:52.175,1.076,1.07602,1.00,1.00
2015.11.09 23:35:53.584,1.07599,1.07602,1.50,1.00
2015.11.09 23:35:54.128,1.076,1.07602,1.00,1.00
2015.11.09 23:35:54.642,1.07601,1.07603,1.50,1.00
2015.11.09 23:35:57.732,1.07601,1.07602,1.00,1.00
2015.11.09 23:35:58.954,1.07601,1.07603,1.00,1.00
2015.11.09 23:36:00.954,1.076,1.07603,4.50,1.00
2015.11.09 23:36:03.899,1.076,1.07602,1.50,1.00
2015.11.09 23:36:12.722,1.07599,1.07602,1.50,1.00
2015.11.09 23:36:13.854,1.076,1.07602,1.00,1.00
2015.11.09 23:36:14.359,1.076,1.07604,1.00,5.62
2015.11.09 23:36:14.905,1.07599,1.07604,1.50,4.12
2015.11.09 23:36:15.978,1.07599,1.07604,1.00,6.75
2015.11.09 23:36:16.509,1.07599,1.07603,1.00,1.00
2015.11.09 23:36:17.016,1.07599,1.07604,1.50,4.50
2015.11.09 23:36:17.711,1.076,1.07604,1.00,4.50
2015.11.09 23:36:18.369,1.07599,1.07604,1.50,3.00
2015.11.09 23:36:18.889,1.076,1.07604,1.00,4.50
2015.11.09 23:36:20.084,1.07599,1.07604,1.50,3.00
2015.11.09 23:36:20.623,1.076,1.07604,1.00,4.50
2015.11.09 23:36:21.159,1.07599,1.07604,1.50,3.00
2015.11.09 23:36:21.660,1.076,1.07604,1.00,4.50
2015.11.09 23:36:22.219,1.07599,1.07604,1.50,3.00
2015.11.09 23:36:22.758,1.076,1.07604,1.00,4.50
2015.11.09 23:36:25.836,1.07599,1.07604,1.50,3.37
2015.11.09 23:36:26.342,1.076,1.07604,1.00,4.87
2015.11.09 23:36:26.977,1.076,1.07603,1.00,1.00
2015.11.09 23:36:27.483,1.07599,1.07603,1.00,1.50
2015.11.09 23:36:28.597,1.07598,1.07603,3.75,1.00
2015.11.09 23:36:29.181,1.07599,1.07603,1.00,1.00
2015.11.09 23:36:29.699,1.07598,1.07602,2.25,1.00
2015.11.09 23:36:30.207,1.07599,1.07603,1.00,1.00
2015.11.09 23:36:33.157,1.07598,1.07603,2.25,1.50
2015.11.09 23:36:33.675,1.07599,1.07603,1.00,1.50
2015.11.09 23:36:34.626,1.07598,1.07603,2.25,1.50
2015.11.09 23:36:35.132,1.07599,1.07603,1.00,1.50
2015.11.09 23:36:35.637,1.07598,1.07603,2.25,1.50
2015.11.09 23:36:36.167,1.07599,1.07603,1.00,1.50
2015.11.09 23:36:37.836,1.07598,1.07603,3.00,1.00
2015.11.09 23:36:38.341,1.07599,1.07603,1.00,1.00
2015.11.09 23:36:39.876,1.07598,1.07603,1.50,1.00
2015.11.09 23:36:40.393,1.07599,1.07603,1.00,1.00
2015.11.09 23:36:41.551,1.07598,1.07603,1.50,1.00
2015.11.09 23:36:42.091,1.07599,1.07603,1.00,1.00
2015.11.09 23:36:43.401,1.07598,1.07603,1.50,1.00
2015.11.09 23:36:43.943,1.07599,1.07603,1.00,1.00
2015.11.09 23:36:48.225,1.07598,1.07603,1.50,1.00
2015.11.09 23:36:48.771,1.07599,1.07603,1.00,1.00
2015.11.09 23:36:49.634,1.07598,1.07603,1.50,1.00
2015.11.09 23:36:50.185,1.07599,1.07603,1.00,1.00
2015.11.09 23:36:51.263,1.07599,1.07602,1.00,1.00
2015.11.09 23:36:51.567,1.07597,1.076,2.25,1.00
2015.11.09 23:36:52.125,1.07597,1.07602,1.00,1.00
2015.11.09 23:36:52.176,1.07597,1.076,1.00,1.00
2015.11.09 23:36:53.337,1.07596,1.076,2.25,1.50
2015.11.09 23:36:53.876,1.07597,1.076,1.00,1.00
2015.11.09 23:36:54.736,1.07596,1.076,2.25,1.50
2015.11.09 23:36:55.276,1.07597,1.076,1.00,1.00
2015.11.09 23:36:56.206,1.07596,1.076,2.25,1.50
2015.11.09 23:36:56.813,1.07597,1.076,1.00,1.50
2015.11.09 23:36:57.744,1.07599,1.07601,1.00,2.25
2015.11.09 23:36:58.048,1.07601,1.07603,1.00,4.50
2015.11.09 23:36:58.562,1.07602,1.07604,1.00,3.75
2015.11.09 23:36:59.266,1.07601,1.07604,3.00,3.00
2015.11.09 23:37:00.121,1.07603,1.07604,1.00,3.00
2015.11.09 23:37:06.371,1.07602,1.07604,1.00,3.00
2015.11.09 23:37:06.574,1.076,1.07604,3.00,3.00
2015.11.09 23:37:06.776,1.07602,1.07604,1.00,3.75
2015.11.09 23:37:10.127,1.07601,1.07604,3.00,3.00
2015.11.09 23:37:20.783,1.07602,1.07604,1.00,3.00
2015.11.09 23:37:25.898,1.07607,1.07609,1.50,3.00
2015.11.09 23:37:26.152,1.07608,1.0761,5.62,1.00
2015.11.09 23:37:26.203,1.0761,1.07614,1.00,4.12
2015.11.09 23:37:26.254,1.07609,1.07614,1.50,6.75
2015.11.09 23:37:26.305,1.07608,1.07612,3.00,1.50
2015.11.09 23:37:26.812,1.07607,1.07612,1.50,1.50
2015.11.09 23:37:27.425,1.07608,1.07612,1.00,1.50
2015.11.09 23:37:28.234,1.07607,1.07612,1.50,1.50
2015.11.09 23:37:28.873,1.07608,1.07612,1.00,1.50
2015.11.09 23:37:29.251,1.07607,1.07608,1.00,1.00
2015.11.09 23:37:29.403,1.07604,1.07608,3.00,1.20
2015.11.09 23:37:29.909,1.07605,1.07608,1.00,1.00
2015.11.09 23:37:32.764,1.07605,1.07609,1.00,1.50
2015.11.09 23:37:34.935,1.07604,1.07609,2.25,1.50
2015.11.09 23:37:35.087,1.07605,1.07607,1.00,1.00
2015.11.09 23:37:37.505,1.07605,1.07608,1.00,1.00
2015.11.09 23:37:38.024,1.07604,1.07608,3.00,1.00
2015.11.09 23:37:38.551,1.07605,1.07608,1.00,1.00
2015.11.09 23:37:39.248,1.07605,1.07609,1.00,1.00
2015.11.09 23:37:40.691,1.07604,1.07609,3.00,1.00
2015.11.09 23:37:41.207,1.07605,1.07609,1.00,1.00
2015.11.09 23:37:41.763,1.07604,1.07609,3.00,1.00
2015.11.09 23:37:42.314,1.07605,1.07609,1.00,1.00
2015.11.09 23:37:43.391,1.07604,1.07609,4.50,1.00
2015.11.09 23:37:43.926,1.07605,1.07609,1.00,1.00
2015.11.09 23:37:44.443,1.07604,1.07609,4.50,1.00
2015.11.09 23:37:45.172,1.07605,1.07609,1.00,1.00
2015.11.09 23:37:45.679,1.07604,1.07609,4.50,1.00
2015.11.09 23:37:46.228,1.07605,1.07609,1.00,1.00
2015.11.09 23:37:47.402,1.07605,1.0761,1.50,5.25
2015.11.09 23:37:56.147,1.07604,1.07609,6.00,1.00
2015.11.09 23:37:56.451,1.07604,1.07606,1.00,1.00
2015.11.09 23:37:56.957,1.07603,1.07607,1.00,1.00
2015.11.09 23:37:57.463,1.07604,1.07607,1.00,1.00
2015.11.09 23:37:59.899,1.07602,1.07607,4.50,1.00
2015.11.09 23:38:00.393,1.07604,1.07608,1.00,1.00
2015.11.09 23:38:00.899,1.07603,1.07608,3.00,1.12
2015.11.09 23:38:01.909,1.07603,1.07609,2.25,1.87
2015.11.09 23:38:02.434,1.07603,1.07608,2.25,1.00
2015.11.09 23:38:03.135,1.07603,1.07609,2.25,2.25
2015.11.09 23:38:03.671,1.07603,1.07608,2.25,1.00
2015.11.09 23:38:04.174,1.07603,1.07609,2.25,2.25
2015.11.09 23:38:04.703,1.07603,1.07608,2.25,1.00
2015.11.09 23:38:06.417,1.07603,1.07609,2.25,2.25
2015.11.09 23:38:06.983,1.07603,1.07608,2.25,1.00
2015.11.09 23:38:11.935,1.07603,1.07609,2.25,2.25
2015.11.09 23:38:12.481,1.07603,1.07608,2.25,1.00
2015.11.09 23:38:13.234,1.07603,1.07609,2.25,3.00
2015.11.09 23:38:13.798,1.07603,1.07608,3.00,1.00
2015.11.09 23:38:14.707,1.07604,1.07608,1.00,1.00
2015.11.09 23:38:15.698,1.07604,1.07609,3.00,1.87
2015.11.09 23:38:16.203,1.07604,1.07609,3.75,1.37
2015.11.09 23:38:16.877,1.07604,1.07609,3.00,1.12
2015.11.09 23:38:20.877,1.07604,1.07609,3.75,1.37
2015.11.09 23:38:21.426,1.07604,1.07609,3.00,1.12
2015.11.09 23:38:24.746,1.07604,1.07606,1.50,1.00
2015.11.09 23:38:24.899,1.07601,1.07604,1.50,1.50
2015.11.09 23:38:26.994,1.07602,1.07604,1.00,2.25
2015.11.09 23:38:27.095,1.07603,1.07606,1.00,1.00
2015.11.09 23:38:27.197,1.07603,1.07608,1.00,3.45
2015.11.09 23:38:27.711,1.07604,1.07609,2.25,1.72
2015.11.09 23:38:37.890,1.07604,1.07606,1.50,1.00
2015.11.09 23:38:38.244,1.07602,1.07604,1.00,1.50
2015.11.09 23:38:43.085,1.07601,1.07604,2.25,1.50
2015.11.09 23:38:43.945,1.07602,1.07604,1.00,1.00
2015.11.09 23:38:46.407,1.07602,1.07605,1.00,3.75
2015.11.09 23:38:46.973,1.07602,1.07604,1.00,1.00
2015.11.09 23:38:48.207,1.07602,1.07605,1.00,3.75
2015.11.09 23:38:48.712,1.07602,1.07604,1.00,1.00
2015.11.09 23:38:53.400,1.07602,1.07605,1.00,3.37
2015.11.09 23:38:54.046,1.07602,1.07604,1.00,1.00
2015.11.09 23:38:54.902,1.07602,1.07605,1.00,3.00
2015.11.09 23:38:55.405,1.07602,1.07604,1.00,1.00
2015.11.09 23:38:56.735,1.07602,1.07605,1.00,3.00
2015.11.09 23:38:57.268,1.07602,1.07604,1.00,1.00
2015.11.09 23:39:00.505,1.07602,1.07605,1.00,3.00
2015.11.09 23:39:01.033,1.07602,1.07604,1.00,1.00
2015.11.09 23:39:02.633,1.07602,1.07605,1.00,3.00
2015.11.09 23:39:03.233,1.07602,1.07604,1.00,2.25
2015.11.09 23:39:05.530,1.07603,1.07605,1.00,3.00
2015.11.09 23:39:05.682,1.07605,1.07608,1.00,1.00
2015.11.09 23:39:06.188,1.07605,1.07609,3.19,1.00
2015.11.09 23:39:06.818,1.07606,1.0761,1.00,1.87
2015.11.09 23:39:07.359,1.07605,1.0761,4.50,2.62
2015.11.09 23:39:07.873,1.07606,1.0761,1.00,1.50
2015.11.09 23:39:09.736,1.07605,1.0761,4.50,1.50
2015.11.09 23:39:10.318,1.07605,1.07609,4.50,1.00
2015.11.09 23:39:14.946,1.07605,1.07608,5.25,1.00
2015.11.09 23:39:15.547,1.07606,1.07608,1.50,1.00
2015.11.09 23:39:16.170,1.07608,1.0761,1.50,1.00
2015.11.09 23:39:16.221,1.07608,1.07611,3.00,1.00
2015.11.09 23:39:16.728,1.07608,1.07611,3.00,1.00
2015.11.09 23:39:17.350,1.07607,1.0761,5.25,1.00
2015.11.09 23:39:17.855,1.07609,1.07611,1.50,1.00
2015.11.09 23:39:18.367,1.07608,1.0761,3.00,1.00
2015.11.09 23:39:23.011,1.07609,1.07611,1.00,1.00
2015.11.09 23:39:26.694,1.07608,1.07612,2.25,1.50
2015.11.09 23:39:26.935,1.07607,1.07609,3.00,1.00
2015.11.09 23:39:27.291,1.07609,1.07612,1.00,1.00
2015.11.09 23:39:27.809,1.07608,1.07611,3.00,1.00
2015.11.09 23:39:28.347,1.07608,1.07611,3.75,1.00
2015.11.09 23:39:30.476,1.07609,1.07611,1.00,1.00
2015.11.09 23:39:33.191,1.07609,1.07611,2.25,1.00
2015.11.09 23:39:35.498,1.07609,1.0761,1.50,1.00
2015.11.09 23:39:35.601,1.07609,1.0761,1.50,1.50
2015.11.09 23:39:35.652,1.07607,1.07609,2.25,1.00
2015.11.09 23:39:36.058,1.07605,1.07608,5.25,1.00
2015.11.09 23:39:37.348,1.07606,1.07608,1.50,1.00
2015.11.09 23:39:38.119,1.07606,1.0761,1.50,1.50
2015.11.09 23:39:39.387,1.07607,1.0761,1.50,1.00
2015.11.09 23:39:39.490,1.07609,1.0761,1.00,1.00
2015.11.09 23:39:39.541,1.07609,1.07613,1.00,1.50
2015.11.09 23:39:39.592,1.07611,1.07613,1.00,1.00
2015.11.09 23:39:40.098,1.07611,1.07614,1.00,3.00
2015.11.09 23:39:43.262,1.0761,1.07614,5.25,3.00
2015.11.09 23:39:51.091,1.07611,1.07614,1.00,1.50
2015.11.09 23:39:53.700,1.07611,1.07615,3.00,3.75
2015.11.09 23:39:54.206,1.07611,1.07614,2.25,3.00
2015.11.09 23:40:04.935,1.0761,1.07614,3.75,3.00
2015.11.09 23:40:05.441,1.07611,1.07614,1.50,3.00
2015.11.09 23:40:05.775,1.07612,1.07616,3.00,1.50
2015.11.09 23:40:06.281,1.07613,1.07616,1.00,1.50
2015.11.09 23:40:12.116,1.07612,1.07616,3.75,1.50
2015.11.09 23:40:13.287,1.07613,1.07616,2.25,1.50
2015.11.09 23:40:13.856,1.07614,1.07616,1.00,1.50
2015.11.09 23:40:23.872,1.07613,1.07616,2.25,1.50
2015.11.09 23:40:25.592,1.07613,1.07615,1.00,1.00
2015.11.09 23:40:26.097,1.07612,1.07614,1.00,3.00
2015.11.09 23:40:26.198,1.0761,1.07614,4.50,3.00
2015.11.09 23:40:39.411,1.07611,1.07614,1.00,3.00
2015.11.09 23:40:40.489,1.0761,1.07614,4.50,3.00
2015.11.09 23:40:56.967,1.07612,1.07614,1.00,4.12
2015.11.09 23:40:57.271,1.07612,1.07616,1.50,1.50
2015.11.09 23:40:58.630,1.07612,1.07615,1.00,1.00
2015.11.09 23:40:59.207,1.07611,1.07615,1.00,4.12
2015.11.09 23:40:59.968,1.0761,1.07614,5.25,1.00
2015.11.09 23:41:00.553,1.0761,1.07615,5.25,7.87
2015.11.09 23:41:01.312,1.0761,1.07614,5.25,3.37
2015.11.09 23:41:10.460,1.0761,1.07613,1.50,1.00
2015.11.09 23:41:11.008,1.07609,1.07612,3.00,1.00
2015.11.09 23:41:14.263,1.07609,1.07611,2.25,1.00
2015.11.09 23:41:14.314,1.07608,1.0761,3.00,1.00
2015.11.09 23:41:14.517,1.07605,1.07609,3.00,5.62
2015.11.09 23:41:15.177,1.07604,1.07608,2.25,3.37
2015.11.09 23:41:26.509,1.07605,1.07608,1.00,3.37
2015.11.09 23:41:28.685,1.07604,1.07608,1.00,3.37
2015.11.09 23:41:45.137,1.07604,1.07607,1.00,1.00
2015.11.09 23:41:45.239,1.07604,1.07605,1.00,1.00
2015.11.09 23:41:45.644,1.07601,1.07605,2.25,4.87
2015.11.09 23:41:46.769,1.07601,1.07606,3.75,3.00
2015.11.09 23:41:46.871,1.07601,1.07604,3.00,1.00
2015.11.09 23:41:47.377,1.076,1.07604,1.00,4.12
2015.11.09 23:41:47.878,1.07599,1.07604,4.50,4.12
2015.11.09 23:41:56.745,1.076,1.07604,1.00,4.12
2015.11.09 23:42:07.637,1.07601,1.07605,1.00,16.87
2015.11.09 23:42:07.942,1.07603,1.07605,1.00,4.12
2015.11.09 23:42:10.831,1.07603,1.07606,1.00,4.12
2015.11.09 23:42:11.422,1.07603,1.07605,1.00,1.00
2015.11.09 23:42:13.589,1.07603,1.07606,1.00,4.12
2015.11.09 23:42:15.980,1.07602,1.07606,2.25,3.37
2015.11.09 23:42:16.486,1.07603,1.07605,1.00,6.37
2015.11.09 23:42:16.991,1.07602,1.07605,1.00,9.00
2015.11.09 23:42:17.907,1.07602,1.07604,1.00,3.37
2015.11.09 23:42:20.302,1.07602,1.07605,1.00,10.50
2015.11.09 23:42:26.540,1.07602,1.07605,1.00,8.62
2015.11.09 23:42:27.155,1.07602,1.07605,1.50,6.37
2015.11.09 23:42:37.971,1.07603,1.07605,1.00,7.12
2015.11.09 23:42:38.123,1.07604,1.07607,1.50,3.37
2015.11.09 23:42:38.629,1.07606,1.07608,1.00,3.37
2015.11.09 23:42:38.680,1.07606,1.0761,1.00,4.50
2015.11.09 23:42:39.187,1.07605,1.0761,6.75,3.00
2015.11.09 23:42:46.356,1.07605,1.07609,4.50,3.37
2015.11.09 23:43:01.257,1.07606,1.07609,1.00,3.37
2015.11.09 23:43:01.804,1.07607,1.0761,1.00,3.37
2015.11.09 23:43:07.136,1.07608,1.0761,1.00,3.37
2015.11.09 23:43:07.671,1.07608,1.07611,1.00,2.25
2015.11.09 23:43:08.035,1.07611,1.07612,1.00,3.37
2015.11.09 23:43:08.187,1.07612,1.07615,1.50,4.87
2015.11.09 23:43:08.288,1.07614,1.07616,1.00,4.12
2015.11.09 23:43:08.829,1.07614,1.07617,2.25,4.12
2015.11.09 23:43:11.997,1.07615,1.07617,1.00,3.37
2015.11.09 23:43:12.099,1.07615,1.07619,2.25,3.37
2015.11.09 23:43:12.302,1.07617,1.0762,1.00,2.25
2015.11.09 23:43:12.853,1.07618,1.0762,1.00,2.25
2015.11.09 23:43:13.309,1.07617,1.07622,1.00,6.37
2015.11.09 23:43:15.318,1.07616,1.07621,3.00,1.00
2015.11.09 23:43:15.824,1.07617,1.07622,1.00,2.62
2015.11.09 23:43:17.023,1.07616,1.07621,4.50,1.00
2015.11.09 23:43:17.560,1.07617,1.07622,1.00,5.62
2015.11.09 23:43:18.318,1.07619,1.07622,1.00,6.00
2015.11.09 23:43:18.623,1.07617,1.07621,2.25,1.00
2015.11.09 23:43:18.724,1.07617,1.07619,1.00,1.50
2015.11.09 23:43:18.826,1.07617,1.07621,1.00,2.25
2015.11.09 23:43:23.696,1.07617,1.07622,1.50,2.62
2015.11.09 23:43:24.406,1.07618,1.07623,1.00,1.87
2015.11.09 23:43:26.109,1.07617,1.07623,3.00,2.62
2015.11.09 23:43:26.656,1.07618,1.07623,1.50,2.62
2015.11.09 23:43:27.504,1.07618,1.07623,1.00,2.62
2015.11.09 23:43:28.016,1.07617,1.07622,3.00,1.12
2015.11.09 23:43:28.561,1.07618,1.07623,1.00,2.62
2015.11.09 23:43:30.573,1.07619,1.07623,1.00,1.87
2015.11.09 23:43:31.119,1.07618,1.07623,1.50,2.62
2015.11.09 23:43:35.039,1.07618,1.0762,1.00,1.00
2015.11.09 23:43:35.340,1.07617,1.07618,1.00,1.00
2015.11.09 23:43:35.393,1.07614,1.07619,1.00,3.75
2015.11.09 23:43:35.904,1.07613,1.07619,3.75,4.50
2015.11.09 23:43:52.337,1.07613,1.07618,3.75,1.00
2015.11.09 23:44:01.119,1.07613,1.07617,1.50,1.50
2015.11.09 23:44:02.524,1.07613,1.07618,1.00,3.00
2015.11.09 23:44:03.034,1.07613,1.07617,1.50,1.50
2015.11.09 23:44:03.952,1.07613,1.07618,1.00,3.37
2015.11.09 23:44:04.476,1.07613,1.07617,1.50,1.50
2015.11.09 23:44:05.645,1.07613,1.07614,1.50,1.00
2015.11.09 23:44:05.969,1.07603,1.07606,6.00,1.00
2015.11.09 23:44:06.020,1.07603,1.07608,6.37,1.50
2015.11.09 23:44:06.374,1.07605,1.07609,1.00,1.50
2015.11.09 23:44:06.881,1.07606,1.0761,1.50,1.50
2015.11.09 23:44:09.436,1.07606,1.07608,1.00,1.00
2015.11.09 23:44:09.942,1.07605,1.07608,1.00,1.00
2015.11.09 23:44:13.370,1.07606,1.07608,1.00,1.00
2015.11.09 23:44:13.522,1.07606,1.0761,1.50,4.50
2015.11.09 23:44:14.069,1.07605,1.0761,4.50,1.00
2015.11.09 23:44:14.574,1.07606,1.0761,1.00,1.00
2015.11.09 23:44:24.055,1.07607,1.0761,1.00,1.00
2015.11.09 23:44:24.632,1.07607,1.07611,1.00,1.00
2015.11.09 23:44:33.867,1.07607,1.0761,1.50,1.00
2015.11.09 23:44:34.175,1.07606,1.07608,1.00,1.00
2015.11.09 23:44:34.478,1.07605,1.07606,1.00,1.50
2015.11.09 23:44:34.630,1.07603,1.07605,1.00,1.50
2015.11.09 23:44:34.833,1.07601,1.07605,4.50,1.50
2015.11.09 23:44:36.866,1.07602,1.07605,1.00,1.50
2015.11.09 23:44:37.493,1.07602,1.07606,3.00,1.00
2015.11.09 23:44:41.863,1.07602,1.07607,3.75,1.50
2015.11.09 23:44:42.369,1.07603,1.07608,1.00,2.25
2015.11.09 23:44:42.875,1.07603,1.07607,1.50,1.00
2015.11.09 23:44:43.962,1.07602,1.07607,3.75,1.00
2015.11.09 23:44:46.167,1.07603,1.07607,1.00,1.00
2015.11.09 23:44:51.190,1.07603,1.07608,1.50,3.75
2015.11.09 23:44:58.905,1.07604,1.07608,1.00,1.50
2015.11.09 23:44:59.108,1.07606,1.07609,1.00,1.00
2015.11.09 23:44:59.260,1.07606,1.07611,1.00,3.00
2015.11.09 23:45:13.196,1.07607,1.07611,1.00,1.50
2015.11.09 23:45:13.444,1.07609,1.07614,1.50,2.62
2015.11.09 23:45:25.344,1.0761,1.07615,1.00,4.12
2015.11.09 23:45:25.496,1.07612,1.07616,1.00,1.37
2015.11.09 23:45:25.547,1.07612,1.07617,1.00,2.62
2015.11.09 23:45:26.241,1.07613,1.07618,1.00,1.87
2015.11.09 23:45:26.795,1.07613,1.07618,1.00,1.87
2015.11.09 23:45:41.846,1.07614,1.07618,1.00,1.12
2015.11.09 23:45:42.353,1.07613,1.07618,1.00,1.12
2015.11.09 23:45:42.874,1.07612,1.07618,6.00,1.87
2015.11.09 23:45:44.511,1.07613,1.07618,1.00,1.87
2015.11.09 23:45:55.990,1.07613,1.07618,1.00,2.62
2015.11.09 23:45:56.598,1.07612,1.07617,3.00,1.12
2015.11.09 23:45:57.975,1.07612,1.07618,2.25,1.87
2015.11.09 23:46:01.327,1.07612,1.07617,2.25,4.50
2015.11.09 23:46:01.378,1.07612,1.07614,3.00,1.00
2015.11.09 23:46:01.631,1.07609,1.07613,2.25,1.86
2015.11.09 23:46:01.683,1.07609,1.0761,2.25,1.00
2015.11.09 23:46:01.835,1.07606,1.0761,2.62,1.50
2015.11.09 23:46:02.535,1.07606,1.07611,1.50,2.61
2015.11.09 23:46:03.042,1.07607,1.07611,1.00,1.86
2015.11.09 23:46:03.479,1.07605,1.07611,6.00,1.86
2015.11.09 23:46:03.530,1.07605,1.07608,5.25,1.50
2015.11.09 23:46:03.842,1.07605,1.07606,1.00,1.11
2015.11.09 23:46:04.954,1.07605,1.07608,1.50,1.00
2015.11.09 23:46:05.106,1.07605,1.07611,3.75,3.75
2015.11.09 23:46:05.655,1.07606,1.07611,1.00,1.50
2015.11.09 23:46:11.654,1.07606,1.0761,1.50,1.00
2015.11.09 23:46:12.756,1.07607,1.0761,1.00,1.50
2015.11.09 23:46:15.302,1.07607,1.07611,1.00,2.25
2015.11.09 23:46:15.834,1.07608,1.07612,1.50,1.50
2015.11.09 23:46:36.231,1.07607,1.07612,3.00,1.50
2015.11.09 23:46:36.801,1.07606,1.07611,3.00,2.25
2015.11.09 23:46:52.166,1.07606,1.07609,1.00,1.00
2015.11.09 23:46:52.668,1.07605,1.07609,2.25,1.00
2015.11.09 23:47:14.800,1.07605,1.07607,1.50,1.00
2015.11.09 23:47:15.103,1.07603,1.07607,2.25,1.00
2015.11.09 23:47:18.752,1.07603,1.07606,2.25,1.00
2015.11.09 23:47:20.054,1.07603,1.07605,1.50,1.50
2015.11.09 23:47:20.155,1.07602,1.07603,1.00,1.00
2015.11.09 23:47:20.206,1.076,1.07602,1.50,1.00
2015.11.09 23:47:20.259,1.07599,1.076,1.00,1.00
2015.11.09 23:47:20.310,1.07597,1.07599,1.50,1.00
2015.11.09 23:47:20.462,1.07594,1.07597,1.50,1.50
2015.11.09 23:47:20.513,1.07592,1.07597,4.12,3.37
2015.11.09 23:47:20.876,1.07591,1.07595,1.00,1.50
2015.11.09 23:47:21.142,1.07589,1.07594,1.50,3.00
2015.11.09 23:47:21.395,1.07588,1.07592,1.50,1.00
2015.11.09 23:47:21.749,1.07587,1.0759,1.00,1.00
2015.11.09 23:47:22.002,1.07583,1.07588,1.87,4.50
2015.11.09 23:47:22.104,1.07582,1.07586,2.70,1.00
2015.11.09 23:47:22.549,1.0758,1.07585,2.25,2.25
2015.11.09 23:47:23.098,1.0758,1.07584,1.00,2.25
2015.11.09 23:47:23.605,1.0758,1.07583,1.00,2.25
2015.11.09 23:47:23.807,1.07578,1.07583,1.50,3.00
2015.11.09 23:47:24.313,1.07577,1.07582,2.25,2.25
2015.11.09 23:47:25.357,1.07577,1.07581,1.50,1.00
2015.11.09 23:47:25.862,1.07576,1.07581,1.50,3.00
2015.11.09 23:47:27.857,1.07576,1.07579,1.50,1.00
2015.11.09 23:47:28.109,1.07574,1.07579,1.50,3.75
2015.11.09 23:47:29.239,1.07574,1.07578,1.00,1.00
2015.11.09 23:47:29.750,1.07573,1.07578,2.25,1.50
2015.11.09 23:47:34.585,1.07574,1.07578,1.00,1.00
2015.11.09 23:47:35.091,1.07574,1.07579,1.50,3.00
2015.11.09 23:47:42.095,1.07575,1.07579,1.00,2.25
2015.11.09 23:47:47.563,1.07575,1.07578,1.00,1.00
2015.11.09 23:47:49.401,1.07575,1.07579,1.00,1.00
2015.11.09 23:48:00.475,1.07575,1.0758,1.00,3.00
2015.11.09 23:48:00.981,1.07576,1.0758,1.50,3.00
2015.11.09 23:48:07.844,1.07576,1.07581,2.25,4.12
2015.11.09 23:48:08.383,1.07576,1.0758,2.25,1.00
2015.11.09 23:48:10.104,1.07577,1.0758,1.00,1.00
2015.11.09 23:48:10.635,1.07576,1.0758,2.25,1.00
2015.11.09 23:48:15.579,1.07576,1.07581,3.00,7.50
2015.11.09 23:48:16.084,1.07576,1.0758,1.50,1.00
2015.11.09 23:48:18.481,1.07576,1.07581,3.00,2.25
2015.11.09 23:48:18.987,1.07576,1.0758,1.50,1.50
2015.11.09 23:48:19.705,1.07576,1.07579,1.50,1.00
2015.11.09 23:48:21.438,1.07576,1.07581,2.25,5.25
2015.11.09 23:48:21.640,1.07576,1.07579,1.50,1.00
2015.11.09 23:48:23.403,1.07576,1.0758,1.50,1.00
2015.11.09 23:48:24.014,1.07576,1.07579,1.50,1.00
2015.11.09 23:48:26.545,1.07576,1.0758,1.50,1.00
2015.11.09 23:48:27.156,1.07576,1.07579,1.50,1.00
2015.11.09 23:48:31.790,1.07576,1.0758,1.50,1.00
2015.11.09 23:48:32.479,1.07576,1.07581,1.50,12.00
2015.11.09 23:48:32.989,1.07576,1.0758,1.50,1.00
2015.11.09 23:48:33.452,1.07582,1.07584,1.50,1.00
2015.11.09 23:48:33.567,1.07582,1.07586,1.87,3.67
2015.11.09 23:48:33.771,1.07584,1.07588,1.50,1.66
2015.11.09 23:48:33.873,1.07584,1.07589,3.37,1.50
2015.11.09 23:48:33.975,1.07586,1.07589,1.00,1.00
2015.11.09 23:48:34.026,1.07586,1.07591,2.25,6.75
2015.11.09 23:48:34.079,1.07588,1.07591,1.00,1.50
2015.11.09 23:48:34.289,1.07589,1.07593,1.00,2.25
2015.11.09 23:48:34.391,1.07591,1.07593,1.00,1.00
2015.11.09 23:48:34.543,1.07592,1.07596,1.00,3.00
2015.11.09 23:48:35.073,1.07593,1.07596,1.50,1.00
2015.11.09 23:48:44.752,1.07593,1.07597,1.50,1.00
2015.11.09 23:48:47.092,1.07594,1.07597,1.00,1.00
2015.11.09 23:48:47.296,1.07596,1.076,1.00,2.25
2015.11.09 23:48:47.804,1.07596,1.07601,2.25,2.25
2015.11.09 23:48:48.310,1.07597,1.07601,1.00,2.25
2015.11.09 23:48:58.426,1.07597,1.07602,2.25,2.62
2015.11.09 23:49:01.712,1.07598,1.07602,1.50,1.00
2015.11.09 23:49:02.232,1.07598,1.07603,3.00,1.50
2015.11.09 23:49:07.886,1.07599,1.07603,1.00,1.87
2015.11.09 23:49:08.826,1.07599,1.07604,2.25,1.87
2015.11.09 23:49:09.855,1.076,1.07604,1.00,1.12
2015.11.09 23:49:10.158,1.07601,1.07606,3.75,2.25
2015.11.09 23:49:10.310,1.07603,1.07607,1.00,3.37
2015.11.09 23:49:12.465,1.07603,1.07605,1.50,1.00
2015.11.09 23:49:18.096,1.07603,1.07605,3.00,1.00
2015.11.09 23:49:18.735,1.07603,1.07606,3.00,1.00
2015.11.09 23:49:19.240,1.07604,1.07607,2.25,1.00
2015.11.09 23:49:29.043,1.07603,1.07607,2.25,1.00
2015.11.09 23:49:29.836,1.07602,1.07606,3.75,1.00
2015.11.09 23:49:52.863,1.07602,1.07605,1.50,1.00
2015.11.09 23:50:38.254,1.076,1.07605,5.62,1.87
2015.11.09 23:50:48.707,1.07601,1.07605,1.00,1.50
2015.11.09 23:50:51.948,1.076,1.07605,1.50,1.50
2015.11.09 23:50:52.453,1.07599,1.07604,1.50,1.12
2015.11.09 23:50:52.757,1.07599,1.07601,1.00,1.00
2015.11.09 23:50:53.293,1.07598,1.07602,2.25,1.50
2015.11.09 23:51:02.968,1.07598,1.07601,1.00,1.00
2015.11.09 23:51:13.429,1.07597,1.07601,1.50,1.50
2015.11.09 23:51:23.076,1.07598,1.07601,1.00,2.25
2015.11.09 23:51:24.282,1.07597,1.07601,1.00,2.62
2015.11.09 23:51:24.785,1.07597,1.076,1.00,1.00
2015.11.09 23:51:33.815,1.07597,1.07601,1.00,2.25
2015.11.09 23:51:35.152,1.07596,1.07601,3.00,2.25
2015.11.09 23:51:55.861,1.07596,1.076,3.00,1.00
2015.11.09 23:52:04.400,1.07595,1.07599,1.50,2.25
2015.11.09 23:52:04.906,1.07594,1.07599,4.12,2.25
2015.11.09 23:52:05.210,1.07594,1.07596,1.50,1.00
2015.11.09 23:52:05.564,1.07592,1.07596,1.50,1.50
2015.11.09 23:52:06.070,1.07592,1.07595,1.00,1.00
2015.11.09 23:52:06.577,1.07591,1.07595,2.25,1.00
2015.11.09 23:52:14.200,1.07592,1.07595,1.00,1.00
2015.11.09 23:52:15.161,1.07591,1.07595,2.25,1.00
2015.11.09 23:52:25.853,1.07592,1.07595,1.00,1.00
2015.11.09 23:52:26.385,1.07591,1.07595,2.25,1.00
2015.11.09 23:52:27.013,1.07592,1.07595,1.00,1.00
2015.11.09 23:52:27.708,1.07591,1.07595,3.00,1.00
2015.11.09 23:52:28.254,1.07592,1.07595,1.00,1.00
2015.11.09 23:52:31.805,1.07591,1.07595,3.00,1.00
2015.11.09 23:52:32.306,1.07592,1.07595,1.00,1.00
2015.11.09 23:52:36.581,1.07592,1.07596,1.00,2.25
2015.11.09 23:52:58.227,1.07592,1.07595,1.00,1.00
2015.11.09 23:53:16.114,1.07591,1.07595,3.00,1.00
2015.11.09 23:53:35.425,1.07591,1.07596,3.00,2.25
2015.11.09 23:53:35.959,1.07592,1.07596,1.00,2.25
2015.11.09 23:53:38.259,1.07592,1.07595,1.00,1.00
2015.11.09 23:53:40.736,1.07591,1.07595,3.00,1.00
2015.11.09 23:53:48.625,1.07592,1.07595,1.50,1.00
2015.11.09 23:53:49.151,1.07591,1.07595,3.00,1.00
2015.11.09 23:54:03.296,1.07591,1.07596,3.00,3.00
2015.11.09 23:54:03.801,1.07591,1.07595,3.00,1.00
2015.11.09 23:54:24.889,1.07592,1.07595,1.00,1.00
2015.11.09 23:55:00.011,1.07592,1.07596,2.25,1.50
2015.11.09 23:55:01.343,1.07592,1.07595,2.25,1.00
2015.11.09 23:55:13.082,1.07592,1.07596,2.25,1.00
2015.11.09 23:55:18.564,1.07593,1.07596,1.00,1.00
2015.11.09 23:55:32.191,1.07591,1.07596,2.25,2.25
2015.11.09 23:55:32.646,1.07593,1.07596,1.00,1.00
2015.11.09 23:55:33.154,1.07592,1.07596,2.25,1.00
2015.11.09 23:55:33.761,1.07591,1.07596,3.75,3.00
2015.11.09 23:55:34.468,1.07593,1.07596,1.00,3.00
2015.11.09 23:55:34.721,1.07594,1.07598,1.50,1.50
2015.11.09 23:55:35.597,1.07593,1.07598,3.00,3.00
2015.11.09 23:55:42.067,1.07594,1.07598,1.00,2.25
2015.11.09 23:55:57.417,1.07592,1.07597,3.37,2.25
2015.11.09 23:55:57.921,1.07592,1.07596,2.25,1.00
2015.11.09 23:56:04.391,1.07592,1.07597,2.25,4.12
2015.11.09 23:56:07.471,1.07592,1.07597,1.50,4.87
2015.11.09 23:56:17.092,1.07592,1.07597,4.50,3.75
2015.11.09 23:56:17.596,1.07593,1.07598,2.25,1.50
2015.11.09 23:56:21.221,1.07593,1.07597,3.00,1.00
2015.11.09 23:56:21.726,1.07593,1.07596,1.00,1.00
2015.11.09 23:56:26.182,1.07593,1.07597,1.00,4.12
2015.11.09 23:56:26.788,1.07593,1.07598,2.25,2.25
2015.11.09 23:56:29.458,1.07593,1.07597,2.25,1.50
2015.11.09 23:56:29.661,1.07589,1.07592,7.12,1.00
2015.11.09 23:56:29.762,1.07588,1.0759,3.00,1.50
2015.11.09 23:56:30.016,1.07586,1.0759,2.25,4.12
2015.11.09 23:56:30.168,1.07584,1.07589,1.50,3.00
2015.11.09 23:56:30.219,1.07584,1.07589,1.50,3.00
2015.11.09 23:56:30.705,1.07584,1.07589,1.50,2.62
2015.11.09 23:56:33.916,1.07584,1.07588,1.50,1.00
2015.11.09 23:56:36.957,1.07584,1.07586,1.00,1.00
2015.11.09 23:56:37.114,1.07582,1.07586,1.00,1.00
2015.11.09 23:56:37.620,1.07581,1.07585,1.50,1.50
2015.11.09 23:56:38.133,1.0758,1.07585,1.50,6.00
2015.11.09 23:56:38.639,1.07579,1.07583,2.25,1.00
2015.11.09 23:56:39.144,1.07578,1.07582,1.50,1.50
2015.11.09 23:56:39.528,1.0758,1.07582,1.00,1.00
2015.11.09 23:56:39.630,1.07581,1.07584,1.50,1.00
2015.11.09 23:56:39.833,1.07582,1.07586,1.50,1.00
2015.11.09 23:56:40.351,1.07583,1.07586,1.50,1.00
2015.11.09 23:56:44.816,1.07584,1.07586,1.50,1.00
2015.11.09 23:56:49.542,1.07582,1.07586,2.62,1.00
2015.11.09 23:56:56.619,1.07581,1.07586,2.25,2.25
2015.11.09 23:56:58.775,1.07581,1.07585,2.62,1.00
2015.11.09 23:57:10.293,1.07581,1.07586,3.37,1.50
2015.11.09 23:57:22.977,1.07582,1.07587,2.25,3.00
2015.11.09 23:57:26.654,1.07582,1.07587,2.70,2.25
2015.11.09 23:57:27.164,1.07582,1.07586,2.85,1.00
2015.11.09 23:57:27.791,1.07582,1.07586,3.60,1.00
2015.11.09 23:57:30.522,1.07582,1.07586,4.57,1.00
2015.11.09 23:57:31.028,1.07584,1.07587,1.50,1.00
2015.11.09 23:58:06.406,1.07583,1.07586,2.25,1.00
2015.11.09 23:58:06.953,1.07583,1.07587,3.00,1.00
2015.11.09 23:58:16.493,1.07583,1.07587,2.62,1.00
2015.11.09 23:58:18.423,1.07583,1.07588,2.62,3.00
2015.11.09 23:58:19.552,1.07584,1.07588,1.50,1.50
2015.11.09 23:58:58.308,1.07585,1.0759,1.00,6.75
2015.11.09 23:58:58.821,1.07586,1.07591,2.25,2.25
2015.11.09 23:59:02.049,1.07587,1.07591,1.00,2.25
2015.11.09 23:59:02.592,1.07587,1.07592,3.75,1.50
2015.11.09 23:59:04.559,1.07588,1.07592,1.00,1.50
2015.11.09 23:59:10.311,1.07588,1.07593,3.75,3.00
2015.11.09 23:59:16.688,1.07588,1.07592,1.50,1.00
2015.11.09 23:59:17.194,1.07587,1.07592,4.87,2.25
2015.11.09 23:59:19.597,1.07588,1.07592,1.00,2.25
2015.11.09 23:59:42.193,1.07588,1.07593,1.50,2.25
2015.11.09 23:59:49.345,1.0759,1.07593,1.00,1.00
2015.11.09 23:59:50.089,1.07589,1.07593,1.50,1.00
2015.11.09 23:59:57.540,1.0759,1.07593,1.00,1.50
2015.11.09 23:59:57.793,1.07593,1.07598,1.95,4.50
2015.11.09 23:59:57.844,1.07595,1.07598,1.00,2.25
2015.11.09 23:59:58.181,1.07598,1.07602,1.50,1.00
2015.11.09 23:59:58.692,1.07599,1.07603,1.00,1.00
