2012.10.17 02:00:00.325,1.30967,1.30973,2.48,1.50
2012.10.17 02:00:00.889,1.30969,1.30977,3.23,1.73
2012.10.17 02:00:02.777,1.30966,1.30974,1.73,5.40
2012.10.17 02:00:02.905,1.30965,1.30973,1.50,1.50
2012.10.17 02:00:03.267,1.30963,1.30971,2.10,1.50
2012.10.17 02:00:03.335,1.30963,1.30971,2.10,1.73
2012.10.17 02:00:04.655,1.30963,1.30971,2.48,1.73
2012.10.17 02:00:06.214,1.30963,1.30971,2.48,3.23
2012.10.17 02:00:06.276,1.30963,1.3097,1.50,2.48
2012.10.17 02:00:06.814,1.30963,1.3097,1.50,2.85
2012.10.17 02:00:08.866,1.3096,1.30965,2.25,1.50
2012.10.17 02:00:09.165,1.30957,1.30963,1.50,1.50
2012.10.17 02:00:09.474,1.30955,1.30961,2.25,1.50
2012.10.17 02:00:10.015,1.30953,1.3096,1.73,2.25
2012.10.17 02:00:10.635,1.30952,1.3096,1.73,2.48
2012.10.17 02:00:13.874,1.30953,1.3096,1.73,1.73
2012.10.17 02:00:18.084,1.30953,1.3096,1.73,1.73
2012.10.17 02:00:18.645,1.30953,1.3096,1.73,1.50
2012.10.17 02:00:18.947,1.30956,1.30964,1.73,2.25
2012.10.17 02:00:19.015,1.30957,1.30964,2.85,2.25
2012.10.17 02:00:19.136,1.30959,1.30966,1.73,3.23
2012.10.17 02:00:19.196,1.30959,1.30966,1.50,1.73
2012.10.17 02:00:19.555,1.30959,1.30966,1.50,1.50
2012.10.17 02:00:19.674,1.30959,1.30966,1.73,1.73
2012.10.17 02:00:34.294,1.3096,1.30967,2.48,1.50
2012.10.17 02:00:34.976,1.3096,1.30968,2.48,1.73
2012.10.17 02:00:38.245,1.3096,1.30968,3.23,1.73
2012.10.17 02:00:38.484,1.30959,1.30966,1.80,2.48
2012.10.17 02:00:38.664,1.30959,1.30965,1.05,1.50
2012.10.17 02:00:39.814,1.30958,1.30964,1.05,1.73
2012.10.17 02:00:40.354,1.30959,1.30965,1.05,1.50
2012.10.17 02:00:41.126,1.30957,1.30964,2.25,1.50
2012.10.17 02:00:41.245,1.30957,1.30964,2.48,2.48
2012.10.17 02:00:42.645,1.30957,1.30964,3.23,1.73
2012.10.17 02:00:42.824,1.30958,1.30966,1.73,1.73
2012.10.17 02:00:44.024,1.3096,1.30968,1.73,1.73
2012.10.17 02:00:53.924,1.3096,1.30966,1.35,3.23
2012.10.17 02:00:54.046,1.30957,1.30964,2.25,1.50
2012.10.17 02:00:54.367,1.30957,1.30964,3.00,1.73
2012.10.17 02:00:54.444,1.30959,1.30967,2.48,2.48
2012.10.17 02:00:56.114,1.30959,1.30967,1.73,1.73
2012.10.17 02:00:56.674,1.30959,1.30967,1.73,1.73
2012.10.17 02:00:58.405,1.30961,1.30968,1.73,3.23
2012.10.17 02:00:58.464,1.30961,1.30968,2.48,2.48
2012.10.17 02:01:04.614,1.30961,1.30968,2.48,2.48
2012.10.17 02:01:13.313,1.30961,1.30968,2.48,1.73
2012.10.17 02:01:16.454,1.30961,1.30968,3.23,1.50
2012.10.17 02:01:28.674,1.30961,1.30969,3.23,1.73
2012.10.17 02:01:39.484,1.30961,1.30969,2.48,2.48
2012.10.17 02:01:41.254,1.30961,1.30969,2.48,1.73
2012.10.17 02:01:43.804,1.30961,1.30969,2.48,3.23
2012.10.17 02:01:47.084,1.30961,1.30968,1.73,2.25
2012.10.17 02:01:47.204,1.30959,1.30967,3.08,2.48
2012.10.17 02:01:47.743,1.30958,1.30967,3.23,2.48
2012.10.17 02:01:51.794,1.30961,1.30969,3.23,1.73
2012.10.17 02:01:52.471,1.30961,1.30969,3.23,1.73
2012.10.17 02:01:53.945,1.30961,1.30969,3.23,1.73
2012.10.17 02:01:55.354,1.30961,1.30968,1.73,1.73
2012.10.17 02:01:56.538,1.30963,1.3097,2.48,3.00
2012.10.17 02:01:56.664,1.30963,1.3097,2.48,3.00
2012.10.17 02:02:01.296,1.30963,1.3097,2.48,2.25
2012.10.17 02:02:04.044,1.30963,1.3097,3.23,1.50
2012.10.17 02:02:06.754,1.30963,1.3097,2.48,1.50
2012.10.17 02:02:20.483,1.30963,1.3097,3.23,1.50
2012.10.17 02:03:00.395,1.30964,1.30972,3.23,1.73
2012.10.17 02:03:00.514,1.30964,1.30973,3.23,2.63
2012.10.17 02:03:00.757,1.30965,1.30973,2.48,1.50
2012.10.17 02:03:01.323,1.30965,1.30974,2.48,3.23
2012.10.17 02:03:06.885,1.30964,1.30972,1.73,2.48
2012.10.17 02:03:07.615,1.30966,1.30972,1.50,1.73
2012.10.17 02:03:07.674,1.30966,1.30972,1.73,1.50
2012.10.17 02:03:07.796,1.30969,1.30975,1.50,1.73
2012.10.17 02:03:11.597,1.30971,1.30978,1.50,2.10
2012.10.17 02:03:11.657,1.30971,1.30978,3.00,2.63
2012.10.17 02:03:11.956,1.3097,1.30977,1.50,2.25
2012.10.17 02:03:12.075,1.30971,1.30978,1.50,2.63
2012.10.17 02:03:12.444,1.30971,1.30979,2.25,1.80
2012.10.17 02:03:12.923,1.30972,1.30979,1.50,1.20
2012.10.17 02:03:13.583,1.30972,1.30979,1.50,1.80
2012.10.17 02:03:21.189,1.30969,1.30977,1.50,2.48
2012.10.17 02:03:21.497,1.30966,1.30973,1.73,1.73
2012.10.17 02:03:21.569,1.3097,1.30974,1.50,1.73
2012.10.17 02:03:21.815,1.30968,1.30973,1.73,1.88
2012.10.17 02:03:21.934,1.30967,1.30971,1.73,1.20
2012.10.17 02:03:22.948,1.30964,1.30971,1.73,2.93
2012.10.17 02:03:23.016,1.30964,1.30971,2.48,2.18
2012.10.17 02:03:25.485,1.30964,1.30972,3.60,1.73
2012.10.17 02:03:26.034,1.30966,1.30973,1.50,1.73
2012.10.17 02:03:26.564,1.30967,1.30974,1.50,2.25
2012.10.17 02:03:30.505,1.30967,1.30974,1.50,1.50
2012.10.17 02:03:30.625,1.30967,1.30975,1.73,3.23
2012.10.17 02:03:31.164,1.30968,1.30976,3.23,2.10
2012.10.17 02:03:31.406,1.3097,1.30977,1.50,3.38
2012.10.17 02:03:33.296,1.30972,1.30979,1.50,2.85
2012.10.17 02:03:33.355,1.30972,1.3098,1.73,2.10
2012.10.17 02:03:33.894,1.30973,1.30981,1.73,2.10
2012.10.17 02:03:34.316,1.30973,1.3098,1.50,1.35
2012.10.17 02:03:41.335,1.30973,1.30982,2.63,3.00
2012.10.17 02:03:42.284,1.30973,1.30981,1.88,1.73
2012.10.17 02:03:54.485,1.30973,1.30981,1.50,1.73
2012.10.17 02:04:01.135,1.30973,1.30981,2.48,1.73
2012.10.17 02:04:07.205,1.30976,1.30984,1.50,5.48
2012.10.17 02:04:09.184,1.30974,1.30983,2.40,4.73
2012.10.17 02:04:14.646,1.30976,1.30983,1.50,2.25
2012.10.17 02:04:14.766,1.30975,1.30983,2.48,3.23
2012.10.17 02:04:15.365,1.30974,1.30981,1.73,1.88
2012.10.17 02:04:16.526,1.30977,1.30983,1.35,2.48
2012.10.17 02:04:16.646,1.30977,1.30985,3.23,2.48
2012.10.17 02:04:17.545,1.30978,1.30985,1.73,1.73
2012.10.17 02:04:19.385,1.30979,1.30987,2.48,1.73
2012.10.17 02:04:19.504,1.30982,1.30988,1.73,2.48
2012.10.17 02:04:23.145,1.30981,1.3099,4.73,2.25
2012.10.17 02:04:23.385,1.30985,1.30991,1.50,4.50
2012.10.17 02:04:23.508,1.30985,1.30991,1.88,4.73
2012.10.17 02:04:23.636,1.30985,1.30991,1.88,2.25
2012.10.17 02:04:23.756,1.30985,1.30991,1.50,2.85
2012.10.17 02:04:24.295,1.30983,1.30991,1.73,3.60
2012.10.17 02:04:29.836,1.30983,1.3099,1.73,5.48
2012.10.17 02:04:30.314,1.30981,1.30989,3.23,1.73
2012.10.17 02:04:30.874,1.30981,1.3099,2.48,2.48
2012.10.17 02:04:31.465,1.30983,1.3099,2.48,1.73
2012.10.17 02:04:31.704,1.30982,1.30991,2.48,3.23
2012.10.17 02:04:31.765,1.30983,1.30992,3.98,3.60
2012.10.17 02:04:32.130,1.30983,1.30992,3.98,3.60
2012.10.17 02:04:32.207,1.30983,1.3099,1.50,2.48
2012.10.17 02:04:32.754,1.30982,1.3099,1.73,1.73
2012.10.17 02:04:33.885,1.30981,1.30989,1.50,1.73
2012.10.17 02:04:34.390,1.3098,1.30989,1.50,1.73
2012.10.17 02:04:36.995,1.30983,1.3099,1.50,1.73
2012.10.17 02:04:40.915,1.30983,1.30991,1.73,1.73
2012.10.17 02:04:42.745,1.30987,1.30992,1.50,1.13
2012.10.17 02:04:43.104,1.30986,1.30993,1.73,3.23
2012.10.17 02:04:43.464,1.3099,1.30994,1.50,3.23
2012.10.17 02:04:43.827,1.30988,1.30996,2.63,1.73
2012.10.17 02:04:43.956,1.30989,1.30997,1.73,3.23
2012.10.17 02:04:44.374,1.30991,1.30997,1.73,2.25
2012.10.17 02:04:44.434,1.30991,1.30997,1.73,1.50
2012.10.17 02:04:44.913,1.30991,1.30999,2.25,2.48
2012.10.17 02:04:45.453,1.30992,1.30999,1.50,3.75
2012.10.17 02:04:45.634,1.30992,1.30999,1.73,3.98
2012.10.17 02:04:54.334,1.30992,1.30999,1.73,2.48
2012.10.17 02:04:57.754,1.3099,1.30998,1.88,1.73
2012.10.17 02:04:58.295,1.30988,1.30995,1.50,1.73
2012.10.17 02:04:58.355,1.30989,1.30995,1.50,1.73
2012.10.17 02:04:58.534,1.30988,1.30993,1.73,1.50
2012.10.17 02:04:58.654,1.30986,1.30994,4.35,1.73
2012.10.17 02:04:58.954,1.30986,1.30993,1.50,2.48
2012.10.17 02:04:59.254,1.30986,1.30993,6.00,3.00
2012.10.17 02:04:59.435,1.30988,1.30993,2.25,1.50
2012.10.17 02:04:59.555,1.30985,1.30993,1.50,2.33
2012.10.17 02:04:59.614,1.30984,1.30993,1.73,1.65
2012.10.17 02:05:00.034,1.30985,1.30993,3.23,1.65
2012.10.17 02:05:06.336,1.30985,1.30991,1.73,1.50
2012.10.17 02:05:06.458,1.30984,1.3099,1.50,1.73
2012.10.17 02:05:07.416,1.30982,1.30989,1.73,3.60
2012.10.17 02:05:07.487,1.3098,1.30989,2.25,3.83
2012.10.17 02:05:15.504,1.30982,1.30989,1.50,3.08
2012.10.17 02:05:15.924,1.30983,1.30991,1.50,2.85
2012.10.17 02:05:17.584,1.30983,1.30991,3.23,2.10
2012.10.17 02:05:17.767,1.30984,1.30992,1.50,1.35
2012.10.17 02:05:18.876,1.30983,1.30991,1.50,1.73
2012.10.17 02:05:18.994,1.30983,1.30991,1.50,2.48
2012.10.17 02:05:25.164,1.30982,1.3099,1.50,5.48
2012.10.17 02:05:28.304,1.30981,1.30989,2.63,2.48
2012.10.17 02:05:42.194,1.30982,1.30989,1.50,4.73
2012.10.17 02:05:43.103,1.30982,1.30988,1.50,1.35
2012.10.17 02:06:01.289,1.3098,1.30987,2.25,1.73
2012.10.17 02:06:15.473,1.30981,1.30989,1.50,4.35
2012.10.17 02:06:16.013,1.3098,1.30987,2.25,1.73
2012.10.17 02:06:18.384,1.30981,1.30989,1.50,4.35
2012.10.17 02:06:19.657,1.3098,1.30984,1.50,1.35
2012.10.17 02:06:19.716,1.30978,1.30984,1.73,2.10
2012.10.17 02:06:19.776,1.30977,1.30984,2.48,2.10
2012.10.17 02:06:19.894,1.30975,1.30984,1.50,2.33
2012.10.17 02:06:26.325,1.30976,1.30984,1.73,4.58
2012.10.17 02:06:26.746,1.30975,1.30983,3.23,1.73
2012.10.17 02:06:26.925,1.30978,1.30984,1.50,2.48
2012.10.17 02:06:27.046,1.30979,1.30984,1.73,1.73
2012.10.17 02:06:27.585,1.30978,1.30987,2.48,2.48
2012.10.17 02:06:39.885,1.30978,1.30983,1.50,1.73
2012.10.17 02:06:40.424,1.30975,1.30982,1.35,1.73
2012.10.17 02:07:10.037,1.30973,1.30981,2.25,2.25
2012.10.17 02:07:10.345,1.30973,1.30979,1.50,1.35
2012.10.17 02:07:10.464,1.30972,1.30977,1.50,1.50
2012.10.17 02:07:16.484,1.3097,1.30977,3.23,1.50
2012.10.17 02:07:17.914,1.3097,1.30977,3.23,1.50
2012.10.17 02:07:26.114,1.3097,1.30977,2.48,1.50
2012.10.17 02:07:26.894,1.3097,1.30978,2.48,2.48
2012.10.17 02:07:29.845,1.3097,1.30977,3.23,1.50
2012.10.17 02:07:30.965,1.30971,1.30977,1.73,1.50
2012.10.17 02:07:31.218,1.30971,1.30978,1.73,1.35
2012.10.17 02:07:31.945,1.30971,1.30978,1.73,2.10
2012.10.17 02:07:32.124,1.3097,1.30978,1.50,2.85
2012.10.17 02:07:41.344,1.3097,1.30978,1.50,1.73
2012.10.17 02:07:41.464,1.30972,1.30979,1.73,3.23
2012.10.17 02:07:46.055,1.30972,1.30979,1.73,1.73
2012.10.17 02:07:46.296,1.30973,1.3098,2.48,5.48
2012.10.17 02:07:46.834,1.30974,1.30982,1.73,1.73
2012.10.17 02:07:47.075,1.30976,1.30983,2.25,1.50
2012.10.17 02:07:47.137,1.30977,1.30983,2.25,1.50
2012.10.17 02:07:47.317,1.30978,1.30986,1.50,1.35
2012.10.17 02:07:48.309,1.30982,1.30988,1.13,1.73
2012.10.17 02:07:48.566,1.30982,1.30988,2.48,1.73
2012.10.17 02:07:49.084,1.30982,1.30988,2.85,1.73
2012.10.17 02:07:50.534,1.30981,1.30988,3.60,1.73
2012.10.17 02:07:53.206,1.30981,1.30989,3.23,2.85
2012.10.17 02:07:53.825,1.30981,1.30989,3.23,2.85
2012.10.17 02:07:56.278,1.30982,1.30988,1.35,1.73
2012.10.17 02:07:56.789,1.30982,1.30988,2.10,1.73
2012.10.17 02:08:02.664,1.30982,1.30988,1.73,1.73
2012.10.17 02:08:43.694,1.30982,1.30989,1.73,1.73
2012.10.17 02:08:44.244,1.30982,1.3099,1.73,2.10
2012.10.17 02:08:48.493,1.30982,1.30989,1.73,1.73
2012.10.17 02:08:49.155,1.30983,1.30991,1.50,4.73
2012.10.17 02:08:51.854,1.30982,1.30989,1.73,1.73
2012.10.17 02:08:52.393,1.30982,1.30989,1.73,1.73
2012.10.17 02:08:52.904,1.30982,1.3099,1.73,2.10
2012.10.17 02:08:56.174,1.30982,1.30989,1.73,1.73
2012.10.17 02:08:57.555,1.3098,1.30987,1.73,1.73
2012.10.17 02:08:58.114,1.30979,1.30987,3.23,1.73
2012.10.17 02:08:58.464,1.30979,1.30988,3.98,1.73
2012.10.17 02:09:00.935,1.30979,1.30988,1.73,4.73
2012.10.17 02:09:01.665,1.3098,1.30988,1.50,2.48
2012.10.17 02:09:01.724,1.3098,1.30988,1.73,2.48
2012.10.17 02:09:37.876,1.30981,1.30989,1.73,3.23
2012.10.17 02:09:38.425,1.30981,1.30987,1.73,1.73
2012.10.17 02:09:42.664,1.30981,1.30989,2.48,2.25
2012.10.17 02:09:52.196,1.30982,1.30989,1.73,1.50
2012.10.17 02:09:53.064,1.30984,1.3099,1.50,3.23
2012.10.17 02:09:53.424,1.30984,1.30991,1.50,3.83
2012.10.17 02:09:57.254,1.30983,1.30991,1.73,3.60
2012.10.17 02:09:57.794,1.30984,1.30991,1.73,1.73
2012.10.17 02:10:01.074,1.30983,1.30991,1.50,3.23
2012.10.17 02:10:02.505,1.30983,1.30991,2.25,5.33
2012.10.17 02:10:03.714,1.30984,1.30991,1.50,3.60
2012.10.17 02:10:04.476,1.30984,1.30992,1.73,3.23
2012.10.17 02:10:12.976,1.30983,1.30992,2.48,2.48
2012.10.17 02:10:15.036,1.30983,1.30989,1.50,1.73
2012.10.17 02:10:15.456,1.30982,1.30989,1.73,1.73
2012.10.17 02:10:19.064,1.3098,1.30988,1.73,2.48
2012.10.17 02:10:19.188,1.3098,1.30988,1.50,1.73
2012.10.17 02:10:19.695,1.30979,1.30988,2.48,2.48
2012.10.17 02:10:22.304,1.30979,1.30987,2.48,1.73
2012.10.17 02:10:25.994,1.30979,1.30987,2.48,1.73
2012.10.17 02:11:04.369,1.30981,1.30988,1.50,1.73
2012.10.17 02:11:04.495,1.30981,1.30989,2.48,3.08
2012.10.17 02:11:09.695,1.3098,1.30988,1.73,1.73
2012.10.17 02:11:10.454,1.3098,1.30988,1.50,1.73
2012.10.17 02:11:13.184,1.30981,1.30989,3.00,1.35
2012.10.17 02:11:13.244,1.30981,1.3099,3.23,3.98
2012.10.17 02:11:13.798,1.30981,1.30989,3.23,1.73
2012.10.17 02:11:17.936,1.30981,1.30989,2.25,3.98
2012.10.17 02:11:20.074,1.30981,1.30988,3.00,1.73
2012.10.17 02:11:20.374,1.30981,1.30988,1.50,1.73
2012.10.17 02:11:20.735,1.30981,1.30988,1.73,1.73
2012.10.17 02:11:20.794,1.30981,1.30989,1.73,3.23
2012.10.17 02:11:22.298,1.3098,1.30988,1.73,1.73
2012.10.17 02:11:22.606,1.30979,1.30988,2.48,1.73
2012.10.17 02:11:23.124,1.30981,1.30989,1.73,5.33
2012.10.17 02:11:23.304,1.3098,1.30989,1.50,4.73
2012.10.17 02:11:23.604,1.30979,1.30987,2.48,1.35
2012.10.17 02:11:26.225,1.30979,1.30988,3.23,1.35
2012.10.17 02:11:26.585,1.30982,1.30989,1.50,2.48
2012.10.17 02:11:26.765,1.30982,1.30989,1.50,2.48
2012.10.17 02:11:27.294,1.30982,1.3099,1.50,3.23
2012.10.17 02:11:30.586,1.30981,1.30989,2.48,2.85
2012.10.17 02:11:30.704,1.30981,1.30989,2.25,3.60
2012.10.17 02:11:32.614,1.30981,1.30989,3.23,2.10
2012.10.17 02:11:33.166,1.30981,1.30989,3.98,1.35
2012.10.17 02:11:36.901,1.30984,1.3099,1.50,2.48
2012.10.17 02:11:37.482,1.30984,1.3099,1.50,2.48
2012.10.17 02:11:37.560,1.30989,1.30996,1.50,1.88
2012.10.17 02:11:37.805,1.30988,1.30996,2.78,1.88
2012.10.17 02:11:38.046,1.30989,1.30996,1.50,1.73
2012.10.17 02:11:38.165,1.30989,1.30996,1.73,1.73
2012.10.17 02:11:41.214,1.30989,1.30996,1.73,1.73
2012.10.17 02:11:41.670,1.3099,1.30996,1.73,1.50
2012.10.17 02:11:42.194,1.30991,1.30998,2.48,1.73
2012.10.17 02:11:45.580,1.30991,1.30998,2.33,1.73
2012.10.17 02:11:45.884,1.30989,1.30996,2.33,1.73
2012.10.17 02:11:46.851,1.3099,1.30998,2.48,1.35
2012.10.17 02:11:47.415,1.30991,1.31,3.23,3.98
2012.10.17 02:11:51.376,1.30993,1.31,2.25,4.73
2012.10.17 02:11:51.736,1.30997,1.31004,2.25,2.48
2012.10.17 02:11:51.857,1.30999,1.31006,2.25,1.13
2012.10.17 02:11:52.395,1.30999,1.31006,1.50,1.35
2012.10.17 02:11:53.085,1.30998,1.31006,2.48,2.10
2012.10.17 02:11:56.157,1.30999,1.31007,2.25,2.85
2012.10.17 02:11:56.726,1.31,1.31006,1.50,1.73
2012.10.17 02:11:56.844,1.30998,1.31006,2.25,2.48
2012.10.17 02:11:57.164,1.30996,1.31002,1.35,1.73
2012.10.17 02:11:57.228,1.30995,1.31002,2.48,1.73
2012.10.17 02:11:57.774,1.30993,1.31002,3.23,1.73
2012.10.17 02:12:01.747,1.30993,1.31001,3.23,2.10
2012.10.17 02:12:03.544,1.30992,1.31,1.73,1.73
2012.10.17 02:12:03.604,1.30992,1.31,1.73,2.48
2012.10.17 02:12:12.975,1.30991,1.30997,2.48,1.73
2012.10.17 02:12:13.155,1.30991,1.30995,1.50,1.58
2012.10.17 02:12:13.456,1.30983,1.3099,3.43,2.10
2012.10.17 02:12:13.815,1.3098,1.30987,1.88,3.60
2012.10.17 02:12:14.452,1.30979,1.30986,1.50,1.58
2012.10.17 02:12:21.984,1.30979,1.30986,1.50,3.08
2012.10.17 02:12:27.235,1.30979,1.30987,4.13,1.73
2012.10.17 02:12:27.296,1.30982,1.30988,1.73,1.50
2012.10.17 02:12:27.654,1.30982,1.3099,2.48,3.23
2012.10.17 02:12:31.024,1.30982,1.3099,1.73,3.98
2012.10.17 02:12:31.144,1.3098,1.30988,3.23,1.73
2012.10.17 02:12:38.065,1.3098,1.30986,1.73,1.73
2012.10.17 02:12:38.574,1.30979,1.30986,1.73,1.73
2012.10.17 02:12:48.274,1.30979,1.30986,2.25,1.73
2012.10.17 02:12:56.576,1.3098,1.30987,1.73,3.98
2012.10.17 02:13:00.705,1.30979,1.30986,1.73,2.48
2012.10.17 02:13:13.362,1.30979,1.30984,1.50,1.50
2012.10.17 02:13:13.675,1.30976,1.30983,1.35,3.75
2012.10.17 02:13:13.855,1.30973,1.30978,2.25,3.98
2012.10.17 02:13:14.036,1.30968,1.30974,1.50,1.50
2012.10.17 02:13:14.217,1.30967,1.30973,2.08,1.50
2012.10.17 02:13:14.765,1.30966,1.30973,1.35,2.48
2012.10.17 02:13:16.509,1.30965,1.30973,3.23,1.73
2012.10.17 02:13:17.166,1.30965,1.30973,1.73,3.23
2012.10.17 02:13:32.202,1.30964,1.30972,1.73,1.50
2012.10.17 02:13:32.714,1.30964,1.30972,1.65,1.50
2012.10.17 02:13:34.784,1.30964,1.30973,2.48,4.50
2012.10.17 02:13:35.495,1.30964,1.30973,1.73,3.75
2012.10.17 02:13:37.665,1.30964,1.30973,1.73,3.75
2012.10.17 02:13:39.935,1.30963,1.30973,3.60,6.75
2012.10.17 02:13:40.055,1.30963,1.30971,1.50,1.50
2012.10.17 02:13:40.177,1.30963,1.30971,1.73,1.73
2012.10.17 02:14:08.935,1.30963,1.30971,2.48,1.50
2012.10.17 02:14:09.704,1.30964,1.30972,1.73,6.08
2012.10.17 02:14:16.684,1.30964,1.30972,1.73,1.73
2012.10.17 02:14:17.126,1.30965,1.30974,2.48,3.98
2012.10.17 02:14:17.484,1.30965,1.30972,1.50,2.25
2012.10.17 02:14:17.985,1.30966,1.30974,1.73,2.48
2012.10.17 02:14:18.106,1.30967,1.30975,3.23,1.50
2012.10.17 02:14:18.466,1.30971,1.30978,1.73,1.13
2012.10.17 02:15:01.891,1.30971,1.30977,1.73,4.50
2012.10.17 02:15:02.415,1.30969,1.30975,2.10,1.50
2012.10.17 02:15:02.476,1.30969,1.30975,2.10,1.73
2012.10.17 02:15:04.205,1.30968,1.30975,2.85,1.73
2012.10.17 02:15:06.615,1.30969,1.30975,1.73,1.73
2012.10.17 02:15:11.944,1.3097,1.30977,1.73,2.48
2012.10.17 02:15:14.844,1.3097,1.30977,2.48,1.73
2012.10.17 02:15:15.145,1.30972,1.30979,1.73,1.73
2012.10.17 02:15:15.206,1.30972,1.30979,1.73,2.48
2012.10.17 02:15:18.991,1.30971,1.30979,1.73,3.23
2012.10.17 02:15:23.525,1.30972,1.3098,3.00,1.13
2012.10.17 02:15:25.164,1.30972,1.3098,3.00,1.88
2012.10.17 02:15:27.815,1.30974,1.30982,1.35,3.23
2012.10.17 02:15:28.976,1.30973,1.30981,2.63,4.50
2012.10.17 02:16:25.531,1.30974,1.3098,1.73,1.73
2012.10.17 02:16:26.075,1.30973,1.3098,1.73,2.48
2012.10.17 02:16:26.636,1.30974,1.3098,1.73,1.73
2012.10.17 02:16:26.695,1.30974,1.3098,1.73,1.50
2012.10.17 02:16:27.246,1.30973,1.3098,1.50,2.25
2012.10.17 02:16:27.305,1.30973,1.3098,1.73,2.48
2012.10.17 02:16:28.215,1.30973,1.30979,1.73,3.98
2012.10.17 02:16:28.756,1.30971,1.30979,2.48,1.50
2012.10.17 02:16:29.538,1.30973,1.3098,1.73,1.73
2012.10.17 02:16:38.004,1.30973,1.3098,1.73,1.73
2012.10.17 02:17:05.016,1.30973,1.30979,1.73,4.73
2012.10.17 02:17:05.375,1.30971,1.30978,1.13,1.73
2012.10.17 02:17:05.495,1.30971,1.30978,2.10,1.73
2012.10.17 02:17:09.444,1.30973,1.3098,1.50,1.73
2012.10.17 02:17:11.966,1.30973,1.3098,1.50,2.48
2012.10.17 02:17:15.727,1.30972,1.3098,2.48,2.48
2012.10.17 02:17:19.436,1.30972,1.30979,2.85,4.73
2012.10.17 02:17:19.915,1.30972,1.3098,1.88,2.48
2012.10.17 02:17:20.479,1.30972,1.30978,1.13,1.73
2012.10.17 02:17:20.966,1.30972,1.3098,1.73,3.98
2012.10.17 02:17:21.146,1.30971,1.30978,2.25,1.73
2012.10.17 02:17:21.446,1.30972,1.3098,1.73,3.23
2012.10.17 02:17:34.276,1.30973,1.30981,1.50,2.48
2012.10.17 02:17:34.576,1.30973,1.30981,1.73,2.48
2012.10.17 02:17:40.972,1.30974,1.30983,2.48,2.48
2012.10.17 02:17:42.006,1.30974,1.30983,2.48,2.48
2012.10.17 02:17:42.951,1.30974,1.30983,2.48,2.48
2012.10.17 02:17:52.855,1.30975,1.30983,1.73,2.10
2012.10.17 02:18:01.826,1.30976,1.30984,3.98,2.85
2012.10.17 02:18:01.946,1.30978,1.30986,1.73,3.00
2012.10.17 02:18:02.488,1.30978,1.30985,3.00,1.50
2012.10.17 02:18:02.547,1.3098,1.30987,1.73,2.10
2012.10.17 02:18:02.725,1.30983,1.3099,1.73,2.63
2012.10.17 02:18:02.785,1.30984,1.3099,5.48,1.88
2012.10.17 02:18:02.967,1.30985,1.30992,3.23,2.63
2012.10.17 02:18:03.026,1.30986,1.30993,1.73,2.25
2012.10.17 02:18:03.397,1.30987,1.30995,2.48,3.00
2012.10.17 02:18:03.755,1.30987,1.30996,3.98,3.00
2012.10.17 02:18:04.295,1.30987,1.30996,3.98,2.25
2012.10.17 02:18:06.635,1.30989,1.30997,1.73,1.73
2012.10.17 02:18:13.535,1.30991,1.30998,1.73,1.13
2012.10.17 02:18:14.037,1.30991,1.30999,3.23,2.48
2012.10.17 02:18:16.875,1.30994,1.31,1.73,1.73
2012.10.17 02:18:17.392,1.30995,1.31002,1.73,1.50
2012.10.17 02:18:18.065,1.31001,1.31009,3.23,1.73
2012.10.17 02:18:18.575,1.31001,1.31009,3.23,1.73
2012.10.17 02:18:18.638,1.31001,1.31009,3.23,1.73
2012.10.17 02:18:18.975,1.31001,1.31009,3.23,1.73
2012.10.17 02:18:22.358,1.31001,1.31007,1.73,4.50
2012.10.17 02:18:22.485,1.30999,1.31006,2.25,1.65
2012.10.17 02:18:22.607,1.30998,1.31004,1.50,1.73
2012.10.17 02:18:23.025,1.30995,1.31002,1.73,1.88
2012.10.17 02:18:23.385,1.30998,1.31005,1.50,2.85
2012.10.17 02:18:23.808,1.30997,1.31005,3.00,2.63
2012.10.17 02:18:24.355,1.30997,1.31005,2.48,2.78
2012.10.17 02:18:26.276,1.30996,1.31004,1.73,4.65
2012.10.17 02:18:26.337,1.30994,1.31003,3.23,3.08
2012.10.17 02:18:26.874,1.30994,1.31001,1.73,1.43
2012.10.17 02:18:28.786,1.30994,1.31001,1.73,1.65
2012.10.17 02:18:29.085,1.30994,1.31001,1.73,1.65
2012.10.17 02:18:33.515,1.30992,1.30999,1.73,1.73
2012.10.17 02:18:34.055,1.30992,1.30999,1.73,2.48
2012.10.17 02:18:39.836,1.3099,1.30997,1.50,1.73
2012.10.17 02:18:45.425,1.30989,1.30997,2.48,1.73
2012.10.17 02:18:47.466,1.3099,1.30997,1.50,1.50
2012.10.17 02:18:51.634,1.30988,1.30997,3.60,2.48
2012.10.17 02:18:53.595,1.30989,1.30997,2.48,1.73
2012.10.17 02:18:54.535,1.30989,1.30997,1.73,2.48
2012.10.17 02:18:56.886,1.30988,1.30996,1.73,2.25
2012.10.17 02:18:57.067,1.30986,1.30993,1.73,2.25
2012.10.17 02:18:57.425,1.30984,1.30992,1.73,3.23
2012.10.17 02:18:57.670,1.30983,1.30991,1.73,2.48
2012.10.17 02:19:01.065,1.30984,1.30992,1.73,2.48
2012.10.17 02:19:09.307,1.30987,1.30994,1.50,2.25
2012.10.17 02:19:09.367,1.30987,1.30995,3.23,1.73
2012.10.17 02:19:09.426,1.3099,1.30995,1.50,1.50
2012.10.17 02:19:09.605,1.3099,1.30996,1.50,2.48
2012.10.17 02:19:15.337,1.30989,1.30996,1.73,1.73
2012.10.17 02:19:15.575,1.30986,1.30993,1.80,1.73
2012.10.17 02:19:15.697,1.30986,1.30993,1.05,2.48
2012.10.17 02:19:16.234,1.30984,1.30993,1.88,2.48
2012.10.17 02:19:19.940,1.30982,1.3099,1.73,1.73
2012.10.17 02:19:26.905,1.30981,1.30989,2.48,2.48
2012.10.17 02:19:40.865,1.30982,1.3099,1.73,3.23
2012.10.17 02:19:41.640,1.3099,1.30995,1.50,7.13
2012.10.17 02:19:42.186,1.3099,1.30994,1.50,1.73
2012.10.17 02:19:45.005,1.30989,1.30994,1.35,1.73
2012.10.17 02:19:45.775,1.3099,1.30995,1.50,6.00
2012.10.17 02:19:58.625,1.30988,1.30994,2.48,1.73
2012.10.17 02:20:00.825,1.3099,1.30995,1.50,6.00
2012.10.17 02:20:01.605,1.30989,1.30994,1.73,1.73
2012.10.17 02:20:06.636,1.3099,1.30998,1.50,2.25
2012.10.17 02:20:10.373,1.3099,1.30997,1.13,1.73
2012.10.17 02:20:12.615,1.3099,1.30997,2.25,2.48
2012.10.17 02:20:20.696,1.30988,1.30994,1.50,2.48
2012.10.17 02:20:20.935,1.30988,1.30995,1.50,2.85
2012.10.17 02:20:26.897,1.30988,1.30995,2.25,1.73
2012.10.17 02:20:27.016,1.30989,1.30997,1.73,3.23
2012.10.17 02:20:28.276,1.30989,1.30997,2.48,1.73
2012.10.17 02:20:29.245,1.30989,1.30997,3.23,1.73
2012.10.17 02:20:30.146,1.30989,1.30997,2.48,1.73
2012.10.17 02:20:31.117,1.30986,1.30994,3.23,1.73
2012.10.17 02:20:31.236,1.30986,1.30993,2.48,1.73
2012.10.17 02:20:31.359,1.30986,1.30992,1.50,1.73
2012.10.17 02:20:31.797,1.30984,1.30992,2.48,2.48
2012.10.17 02:20:32.516,1.30984,1.30992,3.23,1.73
2012.10.17 02:20:32.937,1.30986,1.30993,2.25,1.50
2012.10.17 02:20:33.117,1.30988,1.30995,2.25,3.08
2012.10.17 02:20:33.660,1.30988,1.30995,1.50,2.48
2012.10.17 02:20:33.787,1.30986,1.30995,3.75,2.48
2012.10.17 02:20:33.907,1.30988,1.30996,3.00,5.10
2012.10.17 02:20:34.209,1.3099,1.30997,1.50,3.23
2012.10.17 02:20:34.998,1.30991,1.30997,2.25,2.48
2012.10.17 02:20:45.395,1.3099,1.30997,1.50,1.73
2012.10.17 02:20:45.935,1.3099,1.30998,1.50,2.48
2012.10.17 02:20:49.786,1.3099,1.30998,1.50,1.73
2012.10.17 02:20:50.296,1.30991,1.30998,2.25,1.73
2012.10.17 02:20:53.769,1.30991,1.30998,2.25,1.73
2012.10.17 02:20:55.897,1.30991,1.30997,2.25,1.73
2012.10.17 02:20:56.136,1.30993,1.31,1.50,1.73
2012.10.17 02:20:56.256,1.30993,1.31,1.50,1.73
2012.10.17 02:21:02.006,1.30992,1.30998,1.73,1.73
2012.10.17 02:21:02.065,1.3099,1.30998,3.00,1.73
2012.10.17 02:21:03.008,1.30992,1.30998,2.25,4.50
2012.10.17 02:21:03.186,1.30994,1.31002,1.50,1.50
2012.10.17 02:21:03.367,1.30996,1.31003,3.23,1.35
2012.10.17 02:21:03.546,1.30999,1.31004,1.50,1.35
2012.10.17 02:21:03.908,1.31002,1.31008,1.73,1.73
2012.10.17 02:21:04.147,1.31003,1.31013,3.00,4.73
2012.10.17 02:21:04.625,1.31003,1.31012,3.98,2.48
2012.10.17 02:21:05.250,1.31004,1.31012,2.48,1.73
2012.10.17 02:21:05.317,1.31006,1.31013,1.50,2.63
2012.10.17 02:21:05.378,1.31007,1.31013,1.73,1.50
2012.10.17 02:21:05.617,1.31009,1.31016,2.48,1.50
2012.10.17 02:21:05.738,1.31012,1.3102,1.73,1.73
2012.10.17 02:21:06.287,1.31012,1.3102,1.73,2.48
2012.10.17 02:21:06.407,1.31012,1.31019,1.50,1.73
2012.10.17 02:21:10.635,1.31013,1.3102,1.73,2.85
2012.10.17 02:21:11.642,1.31014,1.31021,2.48,1.73
2012.10.17 02:21:12.360,1.31014,1.31021,1.73,1.73
2012.10.17 02:21:17.107,1.31013,1.3102,1.50,1.73
2012.10.17 02:21:17.946,1.3101,1.31019,3.23,2.48
2012.10.17 02:21:18.066,1.3101,1.31019,3.23,3.23
2012.10.17 02:21:19.665,1.31011,1.31019,1.73,1.73
2012.10.17 02:21:23.635,1.31012,1.3102,1.50,2.48
2012.10.17 02:21:26.746,1.3101,1.31019,2.25,1.73
2012.10.17 02:21:27.535,1.3101,1.31019,3.23,1.73
2012.10.17 02:21:32.047,1.31012,1.3102,3.00,1.73
2012.10.17 02:21:32.756,1.31013,1.31021,1.73,3.23
2012.10.17 02:21:33.336,1.31014,1.31021,1.50,2.48
2012.10.17 02:21:44.976,1.31015,1.31022,2.25,2.10
2012.10.17 02:21:45.335,1.31016,1.31024,1.50,1.73
2012.10.17 02:21:45.456,1.31019,1.31026,2.48,4.68
2012.10.17 02:21:45.879,1.31022,1.31028,1.73,1.35
2012.10.17 02:21:49.656,1.31022,1.3103,2.85,1.73
2012.10.17 02:21:49.776,1.31023,1.31033,1.50,3.98
2012.10.17 02:21:50.079,1.31033,1.31037,1.50,1.20
2012.10.17 02:21:50.387,1.31034,1.31041,1.50,1.50
2012.10.17 02:21:50.926,1.31034,1.3104,2.25,1.20
2012.10.17 02:21:51.109,1.31034,1.31042,1.73,1.73
2012.10.17 02:21:53.556,1.31035,1.31043,1.73,3.23
2012.10.17 02:21:53.797,1.31038,1.31044,1.50,3.23
2012.10.17 02:21:54.216,1.31035,1.31044,1.73,3.23
2012.10.17 02:21:54.275,1.31037,1.31045,3.98,2.48
2012.10.17 02:21:54.639,1.31035,1.31044,2.18,3.98
2012.10.17 02:21:55.185,1.31035,1.31042,1.73,1.50
2012.10.17 02:21:59.634,1.31034,1.31042,1.73,2.25
2012.10.17 02:21:59.876,1.31033,1.31041,1.73,3.23
2012.10.17 02:22:00.745,1.31033,1.31041,1.73,2.48
2012.10.17 02:22:03.955,1.31033,1.31041,1.73,1.50
2012.10.17 02:22:04.075,1.31032,1.31041,1.73,2.48
2012.10.17 02:22:04.622,1.31033,1.31042,1.73,3.38
2012.10.17 02:22:07.805,1.31033,1.31041,1.73,2.48
2012.10.17 02:22:11.427,1.31031,1.31039,2.48,1.73
2012.10.17 02:22:12.281,1.31031,1.31039,2.48,2.48
2012.10.17 02:22:12.857,1.31033,1.3104,1.73,3.98
2012.10.17 02:22:13.288,1.31035,1.31042,6.00,1.73
2012.10.17 02:22:13.359,1.31035,1.31042,6.23,1.50
2012.10.17 02:22:13.428,1.31035,1.31044,2.48,3.23
2012.10.17 02:22:13.795,1.31033,1.31042,3.23,3.23
2012.10.17 02:22:15.108,1.31033,1.3104,1.73,1.50
2012.10.17 02:22:15.181,1.31031,1.3104,2.48,3.23
2012.10.17 02:22:15.365,1.31031,1.31038,1.73,1.50
2012.10.17 02:22:19.042,1.31031,1.31038,1.73,2.48
2012.10.17 02:22:19.582,1.31031,1.31038,1.73,2.25
2012.10.17 02:22:20.005,1.31032,1.3104,1.73,2.48
2012.10.17 02:22:23.556,1.31033,1.3104,1.73,3.23
2012.10.17 02:22:23.677,1.31033,1.31042,2.48,2.25
2012.10.17 02:22:23.866,1.31036,1.31043,1.73,1.50
2012.10.17 02:22:24.047,1.31037,1.31044,2.48,2.48
2012.10.17 02:22:24.287,1.31038,1.31045,1.73,3.23
2012.10.17 02:22:24.825,1.31038,1.3105,3.23,2.25
2012.10.17 02:22:26.505,1.31037,1.31043,1.73,1.50
2012.10.17 02:22:28.266,1.31036,1.31044,2.48,2.25
2012.10.17 02:22:28.637,1.31035,1.31042,1.73,1.73
2012.10.17 02:22:28.696,1.31035,1.31041,1.50,1.50
2012.10.17 02:22:28.996,1.31032,1.31039,1.35,1.73
2012.10.17 02:22:29.056,1.31032,1.31038,1.13,2.25
2012.10.17 02:22:29.676,1.31033,1.31038,1.50,2.25
2012.10.17 02:22:30.375,1.31031,1.31038,2.48,1.50
2012.10.17 02:22:30.920,1.31033,1.3104,1.73,2.10
2012.10.17 02:22:35.998,1.31033,1.31041,1.73,2.85
2012.10.17 02:22:41.677,1.31033,1.3104,1.73,1.73
2012.10.17 02:22:58.386,1.31033,1.31041,1.73,2.25
2012.10.17 02:22:58.625,1.31035,1.31042,1.73,1.73
2012.10.17 02:23:01.555,1.31034,1.31041,1.73,1.13
2012.10.17 02:23:14.275,1.31034,1.31041,1.73,4.13
2012.10.17 02:23:14.336,1.31032,1.31039,2.48,1.73
2012.10.17 02:23:16.187,1.31032,1.31039,1.73,1.73
2012.10.17 02:23:19.355,1.31032,1.31038,1.73,1.50
2012.10.17 02:23:24.088,1.3103,1.31036,2.48,1.50
2012.10.17 02:23:24.266,1.31029,1.31034,2.48,3.98
2012.10.17 02:23:24.388,1.31029,1.31033,1.73,2.10
2012.10.17 02:23:24.449,1.31023,1.31028,1.50,1.35
2012.10.17 02:23:24.580,1.3102,1.31023,1.50,1.50
2012.10.17 02:23:24.707,1.31018,1.31022,1.43,1.73
2012.10.17 02:23:25.066,1.31014,1.31021,1.50,2.63
2012.10.17 02:23:25.427,1.31012,1.31017,1.73,1.73
2012.10.17 02:23:26.386,1.31008,1.31015,1.73,4.50
2012.10.17 02:23:26.627,1.31008,1.31013,1.50,2.48
2012.10.17 02:23:26.866,1.31004,1.31011,1.35,1.73
2012.10.17 02:23:28.036,1.31004,1.31012,2.48,2.10
2012.10.17 02:23:29.095,1.31003,1.31011,2.48,1.73
2012.10.17 02:23:34.296,1.31003,1.31012,4.35,1.73
2012.10.17 02:23:39.675,1.31005,1.31013,1.73,1.73
2012.10.17 02:23:41.206,1.31007,1.31015,1.73,4.88
2012.10.17 02:23:41.567,1.31013,1.31018,1.50,1.73
2012.10.17 02:23:41.926,1.31012,1.3102,1.50,4.73
2012.10.17 02:23:42.047,1.31013,1.3102,1.50,4.73
2012.10.17 02:23:42.816,1.31014,1.31021,1.50,2.48
2012.10.17 02:23:44.416,1.31012,1.31021,2.48,3.98
2012.10.17 02:23:44.945,1.31012,1.31021,1.73,4.73
2012.10.17 02:23:52.356,1.31012,1.31021,2.48,3.98
2012.10.17 02:23:53.515,1.31012,1.31021,2.48,3.60
2012.10.17 02:23:56.455,1.31012,1.31021,2.48,3.98
2012.10.17 02:23:58.832,1.31014,1.31021,1.50,3.60
2012.10.17 02:23:59.166,1.3101,1.31015,1.73,1.05
2012.10.17 02:23:59.407,1.31008,1.31015,2.48,1.35
2012.10.17 02:23:59.706,1.31008,1.31014,1.73,1.73
2012.10.17 02:24:00.006,1.31011,1.31018,1.73,1.73
2012.10.17 02:24:00.127,1.31012,1.31019,1.73,2.10
2012.10.17 02:24:00.246,1.31013,1.31021,1.73,3.98
2012.10.17 02:24:00.365,1.31013,1.31021,1.73,3.38
2012.10.17 02:24:00.726,1.31013,1.31022,2.48,3.98
2012.10.17 02:24:01.787,1.31014,1.31021,1.73,2.48
2012.10.17 02:24:01.846,1.31013,1.31021,1.73,2.48
2012.10.17 02:24:03.827,1.31015,1.31023,1.50,3.23
2012.10.17 02:24:04.186,1.31019,1.31026,1.50,1.73
2012.10.17 02:24:04.546,1.31022,1.31028,1.50,1.88
2012.10.17 02:24:04.967,1.3102,1.31028,2.25,2.70
2012.10.17 02:24:07.638,1.3102,1.31027,1.50,1.50
2012.10.17 02:24:07.818,1.31018,1.31023,2.48,1.13
2012.10.17 02:24:07.938,1.31016,1.31023,1.73,2.10
2012.10.17 02:24:08.057,1.31014,1.31023,3.23,3.60
2012.10.17 02:24:08.176,1.31014,1.31021,1.73,1.50
2012.10.17 02:24:09.056,1.31014,1.31021,1.73,3.23
2012.10.17 02:24:09.598,1.31012,1.31019,1.73,2.48
2012.10.17 02:24:10.199,1.31012,1.31018,1.73,1.50
2012.10.17 02:24:10.268,1.31012,1.31018,1.73,2.48
2012.10.17 02:24:17.096,1.31009,1.31015,1.50,2.25
2012.10.17 02:24:17.336,1.31008,1.31014,1.50,2.63
2012.10.17 02:24:17.576,1.31004,1.31011,3.05,1.50
2012.10.17 02:24:17.636,1.31004,1.31011,3.05,1.50
2012.10.17 02:24:17.936,1.31004,1.31011,1.73,1.50
2012.10.17 02:24:18.553,1.31004,1.31011,1.73,2.25
2012.10.17 02:24:19.915,1.31005,1.31012,1.73,2.63
2012.10.17 02:24:20.682,1.31005,1.31012,1.73,2.63
2012.10.17 02:24:22.705,1.31005,1.31013,1.73,3.23
2012.10.17 02:24:27.017,1.31005,1.31013,1.73,2.10
2012.10.17 02:24:28.375,1.31006,1.31013,2.48,2.10
2012.10.17 02:24:29.029,1.31006,1.31013,2.48,1.73
2012.10.17 02:24:31.125,1.31006,1.31013,1.73,1.73
2012.10.17 02:24:40.056,1.31006,1.31013,1.73,2.85
2012.10.17 02:24:40.597,1.31006,1.31012,1.73,1.13
2012.10.17 02:24:41.196,1.31006,1.31012,1.73,1.13
2012.10.17 02:24:41.537,1.31006,1.3101,1.73,1.50
2012.10.17 02:24:41.896,1.30998,1.31004,1.50,2.48
2012.10.17 02:24:42.196,1.30995,1.31002,1.73,1.73
2012.10.17 02:24:42.640,1.30994,1.31002,1.73,3.23
2012.10.17 02:24:43.878,1.30993,1.31,3.00,1.73
2012.10.17 02:24:47.628,1.30994,1.31002,3.23,2.48
2012.10.17 02:24:49.063,1.30996,1.31004,2.25,1.35
2012.10.17 02:24:49.127,1.30998,1.31005,1.50,1.35
2012.10.17 02:24:49.246,1.30998,1.31005,2.48,1.35
2012.10.17 02:24:49.486,1.30998,1.31005,3.23,1.35
2012.10.17 02:24:49.610,1.31001,1.31007,1.50,4.50
2012.10.17 02:24:49.681,1.31,1.31006,1.50,1.73
2012.10.17 02:24:49.868,1.31002,1.31011,2.48,3.38
2012.10.17 02:24:49.928,1.31005,1.31011,1.73,1.13
2012.10.17 02:24:50.226,1.31005,1.31012,1.73,1.35
2012.10.17 02:24:54.096,1.31006,1.31013,1.73,1.73
2012.10.17 02:24:55.666,1.31006,1.31014,1.73,2.48
2012.10.17 02:24:56.275,1.31006,1.31013,1.73,1.73
2012.10.17 02:24:58.106,1.31006,1.31013,1.73,1.73
2012.10.17 02:25:01.165,1.31006,1.31013,1.73,2.48
2012.10.17 02:25:10.186,1.31004,1.31011,1.73,1.50
2012.10.17 02:25:13.175,1.31004,1.31011,2.48,1.50
2012.10.17 02:25:14.966,1.31006,1.31013,1.73,1.73
2012.10.17 02:25:26.865,1.31003,1.31012,1.73,2.40
2012.10.17 02:25:30.246,1.31003,1.31011,1.50,2.93
2012.10.17 02:25:30.725,1.31003,1.31012,1.73,2.40
2012.10.17 02:26:01.655,1.31004,1.31013,2.48,2.78
2012.10.17 02:26:03.175,1.31005,1.31013,1.73,2.78
2012.10.17 02:26:10.015,1.31003,1.31012,2.48,1.73
2012.10.17 02:26:31.486,1.31003,1.31011,2.25,2.18
2012.10.17 02:26:31.845,1.31003,1.31011,2.48,1.43
2012.10.17 02:26:39.746,1.31003,1.31011,2.48,1.50
2012.10.17 02:26:40.286,1.31003,1.31011,2.48,1.43
2012.10.17 02:26:40.976,1.31003,1.31011,3.23,2.18
2012.10.17 02:26:49.298,1.31003,1.3101,1.50,1.50
2012.10.17 02:26:49.547,1.31002,1.31008,1.73,1.43
2012.10.17 02:26:49.667,1.31001,1.31007,1.13,1.50
2012.10.17 02:26:49.786,1.30999,1.31007,1.73,2.55
2012.10.17 02:26:50.345,1.30999,1.31007,1.73,2.63
2012.10.17 02:26:50.405,1.31,1.31007,1.73,1.88
2012.10.17 02:26:50.945,1.30999,1.31006,1.73,1.43
2012.10.17 02:26:51.186,1.30997,1.31005,2.48,2.40
2012.10.17 02:26:51.306,1.30994,1.31003,5.48,1.65
2012.10.17 02:26:51.488,1.30994,1.31,1.73,1.50
2012.10.17 02:26:52.426,1.30994,1.31002,1.73,1.73
2012.10.17 02:26:53.345,1.30993,1.31002,4.35,1.73
2012.10.17 02:27:00.697,1.30992,1.31,1.50,2.25
2012.10.17 02:27:00.756,1.30993,1.31,1.73,1.50
2012.10.17 02:27:01.353,1.30993,1.31,1.50,1.50
2012.10.17 02:27:01.865,1.30993,1.31,2.48,1.50
2012.10.17 02:27:12.706,1.30997,1.31004,1.73,1.88
2012.10.17 02:27:12.767,1.30998,1.31004,1.73,2.63
2012.10.17 02:27:13.287,1.30998,1.31004,1.73,2.63
2012.10.17 02:27:15.465,1.30996,1.31004,1.73,2.25
2012.10.17 02:27:15.766,1.30994,1.31001,3.00,1.50
2012.10.17 02:27:16.305,1.30993,1.31,3.23,1.50
2012.10.17 02:27:16.916,1.30993,1.31,1.50,2.25
2012.10.17 02:27:17.215,1.30993,1.31,1.73,1.50
2012.10.17 02:27:17.335,1.30993,1.31,1.50,2.25
2012.10.17 02:27:17.575,1.30992,1.31,1.73,1.50
2012.10.17 02:27:17.696,1.30991,1.31,1.50,2.25
2012.10.17 02:27:18.296,1.30992,1.31,1.73,2.25
2012.10.17 02:27:18.716,1.30991,1.31,1.50,2.25
2012.10.17 02:27:18.775,1.30991,1.31,2.48,1.50
2012.10.17 02:27:19.195,1.30991,1.31,2.25,2.25
2012.10.17 02:27:19.435,1.30991,1.31001,3.23,2.25
2012.10.17 02:27:19.978,1.3099,1.30996,6.00,1.50
2012.10.17 02:27:20.098,1.30989,1.30996,1.88,1.50
2012.10.17 02:27:21.222,1.30987,1.30996,2.48,1.50
2012.10.17 02:27:23.856,1.30986,1.30994,1.50,2.25
2012.10.17 02:27:24.157,1.30982,1.30989,3.81,2.10
2012.10.17 02:27:24.219,1.30981,1.30991,1.73,2.25
2012.10.17 02:27:24.708,1.30979,1.30987,2.48,1.73
2012.10.17 02:27:25.246,1.3098,1.30986,1.73,1.50
2012.10.17 02:27:26.157,1.30979,1.30986,3.23,2.25
2012.10.17 02:27:29.846,1.30981,1.30988,1.73,1.50
2012.10.17 02:27:30.408,1.30982,1.30988,1.73,1.50
2012.10.17 02:27:30.957,1.30982,1.30988,2.48,1.50
2012.10.17 02:27:31.495,1.30982,1.3099,1.73,4.35
2012.10.17 02:27:31.806,1.30982,1.30988,2.25,1.50
2012.10.17 02:27:32.286,1.30981,1.30989,2.85,2.48
2012.10.17 02:27:32.647,1.30987,1.30995,1.13,2.70
2012.10.17 02:27:32.766,1.30987,1.30993,1.13,1.50
2012.10.17 02:27:33.007,1.30988,1.30996,2.48,3.23
2012.10.17 02:27:33.127,1.30989,1.30996,2.48,2.48
2012.10.17 02:27:33.486,1.30991,1.30999,3.75,1.50
2012.10.17 02:27:33.726,1.30991,1.31,2.48,1.73
2012.10.17 02:27:34.407,1.30992,1.31001,3.23,1.50
2012.10.17 02:27:36.646,1.30995,1.31003,1.73,3.98
2012.10.17 02:27:37.178,1.30995,1.31003,1.73,2.48
2012.10.17 02:27:37.738,1.30996,1.31003,1.73,1.73
2012.10.17 02:27:37.916,1.30997,1.31005,2.48,2.48
2012.10.17 02:27:38.037,1.30998,1.31005,1.73,1.73
2012.10.17 02:27:38.578,1.30997,1.31005,2.48,2.48
2012.10.17 02:27:52.345,1.30997,1.31005,2.10,1.73
2012.10.17 02:28:05.926,1.30998,1.31002,1.73,2.25
2012.10.17 02:28:27.506,1.30996,1.31002,1.13,1.50
2012.10.17 02:28:27.628,1.30995,1.31002,1.73,1.50
2012.10.17 02:28:27.746,1.30995,1.31,1.73,3.75
2012.10.17 02:28:28.535,1.30994,1.31,3.23,1.50
2012.10.17 02:28:31.578,1.30994,1.31001,2.10,2.25
2012.10.17 02:28:31.937,1.30992,1.30999,2.10,1.50
2012.10.17 02:28:32.511,1.30992,1.30999,1.35,1.50
2012.10.17 02:28:38.667,1.30991,1.30997,1.50,3.75
2012.10.17 02:28:39.226,1.3099,1.30996,1.35,1.50
2012.10.17 02:28:41.248,1.30989,1.30996,1.73,1.73
2012.10.17 02:28:43.016,1.3099,1.30998,1.73,2.25
2012.10.17 02:29:40.076,1.30991,1.30999,1.73,1.73
2012.10.17 02:29:48.146,1.30992,1.30999,2.48,1.73
2012.10.17 02:29:48.208,1.30995,1.31001,1.35,3.00
2012.10.17 02:29:48.387,1.30997,1.31005,1.73,2.25
2012.10.17 02:29:48.568,1.31001,1.31007,3.75,2.48
2012.10.17 02:29:48.909,1.31003,1.3101,1.73,3.00
2012.10.17 02:29:49.096,1.31004,1.3101,3.98,2.25
2012.10.17 02:29:49.636,1.31003,1.31009,2.48,1.50
2012.10.17 02:29:49.817,1.31003,1.31011,2.85,1.50
2012.10.17 02:29:49.937,1.31003,1.31009,3.23,1.50
2012.10.17 02:29:50.676,1.31002,1.31009,1.50,2.25
2012.10.17 02:29:55.026,1.31,1.31006,1.50,2.25
2012.10.17 02:29:55.086,1.31,1.31006,1.73,2.25
2012.10.17 02:29:55.267,1.30998,1.31005,1.50,4.50
2012.10.17 02:29:55.567,1.30995,1.31,2.25,3.75
2012.10.17 02:29:56.008,1.30993,1.31,1.50,2.25
2012.10.17 02:29:56.307,1.30991,1.31,1.73,2.25
2012.10.17 02:29:57.556,1.3099,1.30999,3.00,3.00
2012.10.17 02:30:01.977,1.3099,1.30998,2.25,3.00
2012.10.17 02:30:02.591,1.3099,1.30997,2.25,2.25
2012.10.17 02:30:04.198,1.3099,1.30997,1.50,2.63
2012.10.17 02:30:04.623,1.3099,1.30997,1.73,3.60
2012.10.17 02:30:05.279,1.3099,1.30997,1.73,3.60
2012.10.17 02:30:05.586,1.30995,1.30999,1.50,1.73
2012.10.17 02:30:06.126,1.30992,1.30999,1.73,1.73
2012.10.17 02:30:06.436,1.30991,1.30998,3.00,1.50
2012.10.17 02:30:16.170,1.30989,1.30996,2.10,1.50
2012.10.17 02:30:16.298,1.30988,1.30994,1.13,1.73
2012.10.17 02:30:16.477,1.30985,1.30993,3.23,1.73
2012.10.17 02:30:19.667,1.30987,1.30995,2.33,1.50
2012.10.17 02:30:19.847,1.30989,1.30997,1.73,3.98
2012.10.17 02:30:20.378,1.3099,1.30997,2.48,1.73
2012.10.17 02:30:20.978,1.3099,1.30997,1.73,2.48
2012.10.17 02:30:21.527,1.3099,1.30998,1.73,1.73
2012.10.17 02:30:22.097,1.3099,1.30998,1.73,2.48
2012.10.17 02:30:22.396,1.3099,1.30998,1.50,1.73
2012.10.17 02:30:22.637,1.3099,1.30997,2.48,1.50
2012.10.17 02:30:27.827,1.30989,1.30996,1.73,1.73
2012.10.17 02:30:50.855,1.30988,1.30996,1.73,1.35
2012.10.17 02:30:51.366,1.30988,1.30996,1.73,1.35
2012.10.17 02:31:13.458,1.30988,1.30995,2.48,1.73
2012.10.17 02:31:13.768,1.30987,1.30994,2.25,1.88
2012.10.17 02:31:13.827,1.30987,1.30994,2.48,1.88
2012.10.17 02:31:14.381,1.30988,1.30995,2.48,1.73
2012.10.17 02:31:14.449,1.30988,1.30996,2.48,2.48
2012.10.17 02:31:16.548,1.30988,1.30994,2.48,1.80
2012.10.17 02:31:16.849,1.30985,1.3099,1.73,1.50
2012.10.17 02:31:17.088,1.30982,1.3099,1.73,3.60
2012.10.17 02:31:26.256,1.30979,1.30986,1.73,1.13
2012.10.17 02:31:26.436,1.30978,1.30986,3.23,2.10
2012.10.17 02:31:27.017,1.30977,1.30985,2.48,1.73
2012.10.17 02:31:28.076,1.30978,1.30986,1.73,1.35
2012.10.17 02:31:28.707,1.3098,1.30988,3.23,2.48
2012.10.17 02:31:29.886,1.3098,1.30988,3.23,1.35
2012.10.17 02:31:37.416,1.3098,1.30987,1.50,1.73
2012.10.17 02:31:42.967,1.3098,1.30987,1.73,1.73
2012.10.17 02:31:43.208,1.3098,1.30988,2.25,2.10
2012.10.17 02:31:43.266,1.30979,1.30988,2.25,2.85
2012.10.17 02:31:43.816,1.30979,1.30987,2.25,1.73
2012.10.17 02:31:52.216,1.30979,1.30987,3.00,1.73
2012.10.17 02:31:54.727,1.3098,1.30989,3.00,1.73
2012.10.17 02:31:54.846,1.3098,1.30989,3.23,1.73
2012.10.17 02:31:59.166,1.3098,1.30988,2.48,2.10
2012.10.17 02:31:59.227,1.3098,1.30988,1.50,2.10
2012.10.17 02:31:59.287,1.3098,1.30987,1.50,1.73
2012.10.17 02:32:00.137,1.3098,1.30988,1.73,2.85
2012.10.17 02:32:00.675,1.3098,1.30987,1.73,1.35
2012.10.17 02:32:01.627,1.30979,1.30986,1.65,2.63
2012.10.17 02:32:01.748,1.30977,1.30983,1.73,2.25
2012.10.17 02:32:01.867,1.30976,1.30982,1.73,1.58
2012.10.17 02:32:01.926,1.30976,1.30982,1.73,2.33
2012.10.17 02:32:02.287,1.30973,1.3098,1.73,1.73
2012.10.17 02:32:02.827,1.30973,1.3098,1.73,3.98
2012.10.17 02:32:04.560,1.30971,1.30979,2.40,1.35
2012.10.17 02:32:05.346,1.30971,1.30978,1.50,1.88
2012.10.17 02:32:05.886,1.30971,1.30978,1.73,1.13
2012.10.17 02:32:16.987,1.3097,1.30978,1.73,5.25
2012.10.17 02:32:17.107,1.30969,1.30976,2.48,1.35
2012.10.17 02:32:17.346,1.30967,1.30974,1.50,1.88
2012.10.17 02:32:17.786,1.30962,1.30969,1.80,1.88
2012.10.17 02:32:20.388,1.30963,1.3097,2.48,3.23
2012.10.17 02:32:22.806,1.30962,1.3097,1.73,3.60
2012.10.17 02:32:26.716,1.30963,1.3097,1.73,3.98
2012.10.17 02:32:41.646,1.30964,1.30969,1.73,1.35
2012.10.17 02:32:43.506,1.30963,1.3097,1.73,2.85
2012.10.17 02:33:01.727,1.30962,1.30969,1.73,1.73
2012.10.17 02:33:02.156,1.30961,1.30968,2.48,1.73
2012.10.17 02:33:07.076,1.30962,1.30969,1.73,1.73
2012.10.17 02:33:07.586,1.30962,1.30969,2.48,1.73
2012.10.17 02:33:08.836,1.30962,1.30969,1.73,1.73
2012.10.17 02:33:15.497,1.30961,1.30969,2.48,2.48
2012.10.17 02:33:41.976,1.30961,1.30968,2.48,1.73
2012.10.17 02:34:13.446,1.30963,1.30969,1.50,2.48
2012.10.17 02:34:13.974,1.30963,1.30969,1.50,2.48
2012.10.17 02:34:22.696,1.30963,1.30969,2.25,2.48
2012.10.17 02:34:23.237,1.30963,1.30969,2.25,2.48
2012.10.17 02:34:26.391,1.30963,1.30969,1.50,3.98
2012.10.17 02:34:27.227,1.30962,1.30969,1.73,3.98
2012.10.17 02:34:27.477,1.30964,1.30971,3.23,1.50
2012.10.17 02:34:27.897,1.30968,1.30976,1.50,2.48
2012.10.17 02:34:28.077,1.30968,1.30976,2.25,1.73
2012.10.17 02:34:31.207,1.3097,1.30977,3.23,1.73
2012.10.17 02:34:31.267,1.3097,1.30978,3.98,2.48
2012.10.17 02:34:32.099,1.30973,1.3098,1.50,1.73
2012.10.17 02:34:32.737,1.30973,1.3098,1.50,1.73
2012.10.17 02:34:35.627,1.30973,1.3098,1.73,1.73
2012.10.17 02:34:36.178,1.30973,1.3098,1.73,1.73
2012.10.17 02:34:39.739,1.30973,1.30982,6.23,3.23
2012.10.17 02:34:40.286,1.30976,1.30983,1.73,1.73
2012.10.17 02:34:40.348,1.30976,1.30983,1.73,1.73
2012.10.17 02:34:41.336,1.30976,1.30983,2.48,1.73
2012.10.17 02:34:45.846,1.30975,1.30984,3.23,1.35
2012.10.17 02:35:01.416,1.30976,1.30984,2.48,1.35
2012.10.17 02:35:06.373,1.30976,1.30985,3.23,1.73
2012.10.17 02:35:26.516,1.30976,1.30985,3.98,1.73
2012.10.17 02:35:29.166,1.30976,1.30984,2.48,1.73
2012.10.17 02:35:29.706,1.30974,1.30982,4.73,1.50
2012.10.17 02:35:37.907,1.30974,1.30982,2.48,1.50
2012.10.17 02:35:38.566,1.30975,1.30982,1.73,1.50
2012.10.17 02:35:42.996,1.30976,1.30984,2.48,2.85
2012.10.17 02:35:43.116,1.30976,1.30984,2.48,2.85
2012.10.17 02:35:51.676,1.30977,1.30984,2.25,1.73
2012.10.17 02:35:52.216,1.30979,1.30985,1.50,1.73
2012.10.17 02:35:56.976,1.30979,1.30984,1.50,2.48
2012.10.17 02:35:59.087,1.30977,1.30984,1.50,2.48
2012.10.17 02:35:59.620,1.30977,1.30984,2.25,2.48
2012.10.17 02:36:00.138,1.30977,1.30984,1.50,2.48
2012.10.17 02:36:15.146,1.30977,1.30984,1.50,2.48
2012.10.17 02:36:18.027,1.30976,1.30982,1.73,1.50
2012.10.17 02:36:18.087,1.30976,1.30982,1.73,2.25
2012.10.17 02:36:26.358,1.30973,1.30978,1.73,1.50
2012.10.17 02:36:26.661,1.30967,1.30972,1.50,5.25
2012.10.17 02:36:26.977,1.30965,1.30969,1.50,1.50
2012.10.17 02:36:27.586,1.30964,1.30969,1.51,1.50
2012.10.17 02:36:28.157,1.30962,1.3097,1.73,3.38
2012.10.17 02:36:29.317,1.30962,1.30969,2.48,2.25
2012.10.17 02:36:29.929,1.3096,1.30968,1.73,2.25
2012.10.17 02:36:35.340,1.3096,1.30968,1.73,1.73
2012.10.17 02:36:36.137,1.30961,1.3097,2.48,1.50
2012.10.17 02:36:41.506,1.30964,1.30971,1.50,1.73
2012.10.17 02:36:41.687,1.30966,1.30973,2.25,2.03
2012.10.17 02:36:41.747,1.30968,1.30976,1.50,3.00
2012.10.17 02:36:41.987,1.30969,1.30976,1.50,1.50
2012.10.17 02:36:42.531,1.30971,1.30979,3.75,1.35
2012.10.17 02:36:42.681,1.30971,1.30979,4.73,1.35
2012.10.17 02:36:45.839,1.30971,1.30975,2.48,1.50
2012.10.17 02:36:46.138,1.30971,1.30978,1.73,1.50
2012.10.17 02:36:46.319,1.30971,1.30978,2.25,1.73
2012.10.17 02:36:46.499,1.30973,1.30981,1.50,1.50
2012.10.17 02:36:47.037,1.30973,1.30982,1.73,3.23
2012.10.17 02:37:14.835,1.30973,1.30982,2.48,3.60
2012.10.17 02:37:22.109,1.30973,1.30981,1.50,1.73
2012.10.17 02:37:31.127,1.30973,1.30981,1.73,1.73
2012.10.17 02:37:36.758,1.30972,1.30981,2.48,1.88
2012.10.17 02:37:37.587,1.30971,1.30979,1.73,1.73
2012.10.17 02:37:37.649,1.3097,1.30979,2.48,1.73
2012.10.17 02:37:46.381,1.30969,1.30976,3.23,1.88
2012.10.17 02:37:46.920,1.30965,1.30972,4.73,1.50
2012.10.17 02:37:47.065,1.30965,1.30973,2.25,1.73
2012.10.17 02:37:47.500,1.30965,1.30972,2.25,1.50
2012.10.17 02:37:47.570,1.30967,1.30972,1.50,1.50
2012.10.17 02:37:48.119,1.30969,1.30974,1.50,2.25
2012.10.17 02:37:48.430,1.30968,1.30976,2.48,2.48
2012.10.17 02:37:48.557,1.30969,1.30976,1.88,1.50
2012.10.17 02:37:48.917,1.30971,1.30978,1.73,2.48
2012.10.17 02:37:49.277,1.3097,1.30978,2.63,2.48
2012.10.17 02:37:54.699,1.3097,1.30979,2.48,2.10
2012.10.17 02:37:55.329,1.30973,1.3098,1.73,3.23
2012.10.17 02:38:00.598,1.30971,1.3098,3.23,1.73
2012.10.17 02:38:01.137,1.30971,1.30979,1.73,2.10
2012.10.17 02:38:08.527,1.30971,1.30978,1.50,1.35
2012.10.17 02:38:09.068,1.30969,1.30975,3.00,3.08
2012.10.17 02:38:09.427,1.30963,1.3097,2.25,1.35
2012.10.17 02:38:11.407,1.30963,1.30969,1.50,1.73
2012.10.17 02:38:11.996,1.30964,1.30969,1.50,1.50
2012.10.17 02:38:15.138,1.30965,1.3097,1.50,1.73
2012.10.17 02:38:37.117,1.30964,1.3097,1.73,1.73
2012.10.17 02:38:37.656,1.30962,1.3097,1.73,1.73
2012.10.17 02:38:37.918,1.30961,1.30967,3.23,2.48
2012.10.17 02:38:38.055,1.30959,1.30963,2.48,2.10
2012.10.17 02:38:38.357,1.30954,1.30962,1.73,1.73
2012.10.17 02:38:38.898,1.30957,1.30964,1.50,1.50
2012.10.17 02:38:38.957,1.30957,1.30964,2.40,1.73
2012.10.17 02:38:39.018,1.30958,1.30967,3.38,3.23
2012.10.17 02:38:39.557,1.3096,1.30969,1.50,3.23
2012.10.17 02:38:40.371,1.3096,1.30969,1.50,3.00
2012.10.17 02:38:40.917,1.3096,1.30969,3.23,1.73
2012.10.17 02:38:41.517,1.3096,1.3097,4.73,1.73
2012.10.17 02:38:42.720,1.30961,1.3097,1.50,1.73
2012.10.17 02:38:43.557,1.30963,1.3097,1.50,1.73
2012.10.17 02:38:44.109,1.30963,1.3097,1.50,1.73
2012.10.17 02:38:49.465,1.30963,1.3097,2.63,1.73
2012.10.17 02:38:49.768,1.30965,1.30973,1.50,1.35
2012.10.17 02:38:49.888,1.30965,1.30973,2.48,1.35
2012.10.17 02:38:50.008,1.30966,1.30974,2.48,2.10
2012.10.17 02:38:53.349,1.30965,1.30974,1.50,2.48
2012.10.17 02:38:53.650,1.30964,1.30973,3.23,2.48
2012.10.17 02:38:54.318,1.30964,1.30973,3.23,1.73
2012.10.17 02:38:56.509,1.30964,1.30972,2.48,1.73
2012.10.17 02:39:00.117,1.30964,1.30973,3.23,1.73
2012.10.17 02:39:05.470,1.30964,1.30972,1.73,1.73
2012.10.17 02:39:06.008,1.30964,1.30972,1.73,1.73
2012.10.17 02:39:14.293,1.30963,1.30968,3.23,1.50
2012.10.17 02:39:14.645,1.30962,1.30967,2.08,1.73
2012.10.17 02:39:15.149,1.3096,1.30967,2.08,1.73
2012.10.17 02:39:15.388,1.30958,1.30967,3.23,2.48
2012.10.17 02:39:17.268,1.30953,1.3096,1.73,1.73
2012.10.17 02:39:17.329,1.30953,1.30961,2.48,2.70
2012.10.17 02:39:17.388,1.30953,1.30961,3.98,1.95
2012.10.17 02:39:26.366,1.30953,1.30962,3.00,2.48
2012.10.17 02:39:26.909,1.30953,1.30961,2.48,1.73
2012.10.17 02:39:26.968,1.30953,1.30962,1.50,2.63
2012.10.17 02:39:28.709,1.30953,1.30961,2.25,4.58
2012.10.17 02:39:31.588,1.30953,1.3096,2.25,1.73
2012.10.17 02:39:33.658,1.30953,1.3096,1.50,1.73
2012.10.17 02:39:36.738,1.30953,1.3096,1.50,1.73
2012.10.17 02:39:39.569,1.30953,1.30961,2.48,3.08
2012.10.17 02:39:39.928,1.30954,1.30962,1.50,2.85
2012.10.17 02:39:40.468,1.30953,1.30961,1.50,3.23
2012.10.17 02:39:41.127,1.30955,1.30961,1.50,1.50
2012.10.17 02:39:41.247,1.30955,1.30961,1.50,1.73
2012.10.17 02:39:45.628,1.30953,1.30962,1.50,3.98
2012.10.17 02:39:45.688,1.30952,1.30961,1.88,3.23
2012.10.17 02:39:48.050,1.30952,1.30958,1.50,3.23
2012.10.17 02:39:48.289,1.3095,1.30956,1.73,1.50
2012.10.17 02:39:48.708,1.30949,1.30956,1.73,2.48
2012.10.17 02:39:49.639,1.30947,1.30954,2.48,1.73
2012.10.17 02:39:49.758,1.30946,1.30953,1.13,3.08
2012.10.17 02:39:50.309,1.30944,1.30952,1.50,4.58
2012.10.17 02:39:50.829,1.30944,1.30952,1.50,3.83
2012.10.17 02:39:51.348,1.30943,1.30951,2.48,1.73
2012.10.17 02:39:51.908,1.30944,1.30952,1.50,4.58
2012.10.17 02:39:54.099,1.30944,1.30951,1.50,1.73
2012.10.17 02:39:54.578,1.30944,1.30951,1.50,1.73
2012.10.17 02:39:59.450,1.30944,1.30951,1.50,1.73
2012.10.17 02:40:01.338,1.30944,1.30951,1.50,1.73
2012.10.17 02:40:02.488,1.30944,1.30952,1.50,4.95
2012.10.17 02:40:03.438,1.30944,1.30948,1.50,1.50
2012.10.17 02:40:04.242,1.30942,1.30948,1.50,2.33
2012.10.17 02:40:04.316,1.30943,1.3095,1.50,4.13
2012.10.17 02:40:05.791,1.30944,1.3095,1.50,1.13
2012.10.17 02:40:06.348,1.30944,1.30952,1.50,4.95
2012.10.17 02:40:08.301,1.30944,1.3095,1.50,1.73
2012.10.17 02:40:08.550,1.30941,1.30949,3.23,1.73
2012.10.17 02:40:09.088,1.30942,1.3095,1.73,3.83
2012.10.17 02:40:13.138,1.30942,1.30949,2.48,1.73
2012.10.17 02:40:16.219,1.3094,1.30948,1.73,2.48
2012.10.17 02:40:16.520,1.30939,1.30946,1.50,1.50
2012.10.17 02:40:16.700,1.30938,1.30944,1.13,1.35
2012.10.17 02:40:17.238,1.30936,1.30943,1.82,1.73
2012.10.17 02:40:18.599,1.30936,1.30945,3.42,2.48
2012.10.17 02:40:22.228,1.30938,1.30946,1.50,3.83
2012.10.17 02:40:22.349,1.30942,1.30946,1.50,3.60
2012.10.17 02:40:22.470,1.30942,1.30948,2.25,1.35
2012.10.17 02:40:22.588,1.30943,1.3095,1.73,2.66
2012.10.17 02:40:33.709,1.30943,1.3095,1.73,2.48
2012.10.17 02:40:39.651,1.30946,1.30952,3.75,1.35
2012.10.17 02:40:40.010,1.30951,1.30956,1.73,1.50
2012.10.17 02:40:40.071,1.30951,1.30956,1.73,1.50
2012.10.17 02:40:40.249,1.30952,1.30957,1.73,1.88
2012.10.17 02:40:40.800,1.30952,1.30957,3.00,1.50
2012.10.17 02:40:40.858,1.30952,1.3096,3.98,1.73
2012.10.17 02:41:22.498,1.30952,1.30958,3.23,1.50
2012.10.17 02:41:23.037,1.30952,1.3096,3.23,2.48
2012.10.17 02:42:04.900,1.30954,1.30961,1.73,1.73
2012.10.17 02:42:10.399,1.30954,1.30961,1.50,1.73
2012.10.17 02:42:27.419,1.30952,1.30959,1.73,3.23
2012.10.17 02:42:50.729,1.30952,1.30959,2.48,2.48
2012.10.17 02:42:51.276,1.30953,1.3096,1.73,1.35
2012.10.17 02:43:12.780,1.30955,1.30962,1.50,1.73
2012.10.17 02:43:26.858,1.30955,1.30962,1.73,1.73
2012.10.17 02:43:54.731,1.30954,1.30964,1.35,1.73
2012.10.17 02:43:56.210,1.30957,1.30964,1.73,1.73
2012.10.17 02:43:56.521,1.30961,1.30967,1.50,1.13
2012.10.17 02:43:56.758,1.30962,1.30969,2.48,1.13
2012.10.17 02:43:56.818,1.3096,1.30968,2.48,1.50
2012.10.17 02:43:57.339,1.3096,1.30968,1.73,1.73
2012.10.17 02:44:15.209,1.30961,1.30968,1.73,1.73
2012.10.17 02:44:15.569,1.30962,1.3097,3.23,1.50
2012.10.17 02:44:15.628,1.30963,1.3097,2.48,1.50
2012.10.17 02:44:25.038,1.30965,1.30972,1.73,1.73
2012.10.17 02:44:26.381,1.30967,1.30974,2.48,3.45
2012.10.17 02:44:26.740,1.30971,1.30978,1.73,3.23
2012.10.17 02:44:27.349,1.3097,1.30978,1.73,3.23
2012.10.17 02:44:30.151,1.30971,1.30978,1.73,4.58
2012.10.17 02:44:30.709,1.30971,1.30978,2.48,1.50
2012.10.17 02:44:31.210,1.30973,1.3098,1.73,1.73
2012.10.17 02:44:31.724,1.30973,1.3098,1.73,1.73
2012.10.17 02:44:39.190,1.30973,1.3098,1.73,1.73
2012.10.17 02:44:51.869,1.30973,1.3098,2.48,1.73
2012.10.17 02:44:59.499,1.30973,1.3098,2.48,1.73
2012.10.17 02:45:32.699,1.30973,1.30982,3.23,3.23
2012.10.17 02:45:32.760,1.30973,1.30982,3.98,3.00
2012.10.17 02:45:32.878,1.30975,1.30983,3.98,1.73
2012.10.17 02:45:33.239,1.30977,1.30985,2.48,2.63
2012.10.17 02:45:33.299,1.30977,1.30986,3.23,3.00
2012.10.17 02:45:34.709,1.30978,1.30986,1.73,2.25
2012.10.17 02:45:39.150,1.3098,1.30988,1.73,2.70
2012.10.17 02:45:39.689,1.3098,1.30988,1.73,1.58
2012.10.17 02:45:40.294,1.30981,1.30989,1.73,1.50
2012.10.17 02:45:40.850,1.30983,1.30991,1.73,2.33
2012.10.17 02:45:42.330,1.30985,1.30992,1.73,3.60
2012.10.17 02:45:43.708,1.30986,1.30992,1.73,3.23
2012.10.17 02:45:54.320,1.30984,1.30992,2.48,3.23
2012.10.17 02:45:54.868,1.30984,1.30992,2.48,3.23
2012.10.17 02:45:55.650,1.30986,1.30992,1.73,2.25
2012.10.17 02:45:56.189,1.30986,1.30992,1.73,3.23
2012.10.17 02:46:00.849,1.30985,1.3099,1.50,1.35
2012.10.17 02:46:00.970,1.30983,1.3099,2.48,2.33
2012.10.17 02:46:01.509,1.30983,1.30989,2.48,1.50
2012.10.17 02:46:02.199,1.30983,1.3099,1.73,3.08
2012.10.17 02:46:04.449,1.30983,1.3099,1.73,3.08
2012.10.17 02:46:12.488,1.30983,1.3099,1.73,3.83
2012.10.17 02:46:13.263,1.30983,1.3099,1.73,3.83
2012.10.17 02:46:17.520,1.30983,1.3099,1.50,2.48
2012.10.17 02:46:17.939,1.30983,1.3099,2.48,2.48
2012.10.17 02:46:18.559,1.30983,1.3099,1.73,1.73
2012.10.17 02:46:27.599,1.30982,1.3099,1.73,2.48
2012.10.17 02:46:32.109,1.30982,1.3099,1.73,2.48
2012.10.17 02:47:13.228,1.30983,1.3099,1.73,1.73
2012.10.17 02:47:37.931,1.30982,1.3099,2.48,1.73
2012.10.17 02:47:38.479,1.30982,1.3099,2.48,2.48
2012.10.17 02:47:39.688,1.30983,1.3099,1.73,1.73
2012.10.17 02:47:44.239,1.30982,1.3099,4.35,1.73
2012.10.17 02:47:44.358,1.30983,1.3099,1.73,1.50
2012.10.17 02:47:53.281,1.30985,1.30993,1.73,2.10
2012.10.17 02:47:53.399,1.30986,1.30993,1.73,1.50
2012.10.17 02:47:55.530,1.30989,1.30995,1.73,3.83
2012.10.17 02:47:56.130,1.30987,1.30994,3.23,1.73
2012.10.17 02:47:56.250,1.30987,1.30995,2.48,2.25
2012.10.17 02:47:56.369,1.30985,1.30993,2.85,1.50
2012.10.17 02:47:57.711,1.30985,1.30992,2.25,2.25
2012.10.17 02:47:57.830,1.30985,1.3099,2.25,1.50
2012.10.17 02:47:58.069,1.30983,1.3099,1.73,3.23
2012.10.17 02:47:58.248,1.30982,1.3099,1.73,3.23
2012.10.17 02:47:59.209,1.30982,1.3099,2.48,3.98
2012.10.17 02:48:20.829,1.3098,1.30988,3.23,1.50
2012.10.17 02:48:20.949,1.3098,1.30988,3.23,3.75
2012.10.17 02:48:21.260,1.30978,1.30982,2.25,1.73
2012.10.17 02:48:21.619,1.30974,1.30982,1.50,3.08
2012.10.17 02:48:22.700,1.30975,1.30982,2.48,2.33
2012.10.17 02:48:23.059,1.30976,1.30982,1.73,1.50
2012.10.17 02:48:23.299,1.30975,1.30981,1.73,1.50
2012.10.17 02:48:23.849,1.30975,1.30982,1.73,2.48
2012.10.17 02:48:24.454,1.30974,1.30982,1.73,3.23
2012.10.17 02:48:47.751,1.30975,1.30982,2.48,1.50
2012.10.17 02:48:48.681,1.30974,1.30982,1.73,2.48
2012.10.17 02:48:49.190,1.30974,1.30982,1.73,3.23
2012.10.17 02:48:55.160,1.30974,1.30982,2.48,3.23
2012.10.17 02:49:00.618,1.30975,1.30985,1.73,5.25
2012.10.17 02:49:01.134,1.30974,1.30981,2.48,1.50
2012.10.17 02:49:03.121,1.30974,1.30981,1.73,1.50
2012.10.17 02:49:05.590,1.30975,1.30983,2.48,1.50
2012.10.17 02:49:05.829,1.30977,1.30984,1.73,3.23
2012.10.17 02:49:05.950,1.30977,1.30983,2.48,1.50
2012.10.17 02:49:06.009,1.30977,1.30983,2.48,1.73
2012.10.17 02:49:06.070,1.30977,1.30983,1.73,2.48
2012.10.17 02:49:06.375,1.30974,1.30981,1.73,1.50
2012.10.17 02:49:10.309,1.30975,1.30982,1.73,1.50
2012.10.17 02:49:10.429,1.30975,1.30982,1.73,2.25
2012.10.17 02:49:10.489,1.30974,1.30982,1.73,1.50
2012.10.17 02:49:10.610,1.30974,1.30982,1.73,1.50
2012.10.17 02:49:11.150,1.30973,1.30982,2.48,1.50
2012.10.17 02:49:22.910,1.30975,1.30982,1.73,1.50
2012.10.17 02:49:23.150,1.30977,1.30984,1.73,3.00
2012.10.17 02:49:23.271,1.30977,1.30985,3.23,2.25
2012.10.17 02:49:23.820,1.30977,1.30984,2.25,3.00
2012.10.17 02:49:24.061,1.30975,1.30984,4.73,3.98
2012.10.17 02:49:24.600,1.30975,1.30983,2.48,3.75
2012.10.17 02:49:27.549,1.30975,1.30983,2.48,4.13
2012.10.17 02:49:32.703,1.30976,1.30984,1.50,3.75
2012.10.17 02:49:33.010,1.30976,1.30983,1.73,1.50
2012.10.17 02:49:37.233,1.30975,1.30982,2.48,1.50
2012.10.17 02:49:43.949,1.30975,1.30982,1.50,1.50
2012.10.17 02:49:46.931,1.30975,1.30982,1.50,1.50
2012.10.17 02:49:55.060,1.30974,1.30981,3.23,1.50
2012.10.17 02:50:13.740,1.30974,1.3098,1.50,2.25
2012.10.17 02:50:13.801,1.30974,1.3098,1.73,1.50
2012.10.17 02:50:16.419,1.30973,1.3098,2.48,2.25
2012.10.17 02:50:21.159,1.30974,1.30982,1.73,2.48
2012.10.17 02:50:23.482,1.30974,1.30981,1.73,1.73
2012.10.17 02:50:23.793,1.3097,1.30976,1.50,1.73
2012.10.17 02:50:23.981,1.30969,1.30975,2.48,1.58
2012.10.17 02:50:24.221,1.30965,1.3097,3.23,1.50
2012.10.17 02:50:24.592,1.30964,1.3097,3.98,1.50
2012.10.17 02:50:25.260,1.30964,1.30971,1.73,3.00
2012.10.17 02:50:46.160,1.30962,1.30971,2.85,2.48
2012.10.17 02:50:46.661,1.30962,1.3097,2.10,1.73
2012.10.17 02:50:50.552,1.30962,1.3097,2.10,1.73
2012.10.17 02:50:51.120,1.30959,1.30967,4.13,2.48
2012.10.17 02:50:51.520,1.30957,1.30964,1.73,1.73
2012.10.17 02:50:52.079,1.30957,1.30964,1.73,2.48
2012.10.17 02:50:52.561,1.30959,1.30966,2.48,5.33
2012.10.17 02:50:52.621,1.30958,1.30966,1.73,4.50
2012.10.17 02:50:52.740,1.30957,1.30964,1.73,1.73
2012.10.17 02:50:53.169,1.30957,1.30964,1.73,1.73
2012.10.17 02:50:56.170,1.30957,1.30964,2.48,1.73
2012.10.17 02:50:58.090,1.30957,1.30964,1.73,2.48
2012.10.17 02:50:58.649,1.30957,1.30964,1.73,2.48
2012.10.17 02:51:01.731,1.30957,1.30964,1.73,6.98
2012.10.17 02:51:01.970,1.30954,1.30962,1.73,2.48
2012.10.17 02:51:02.090,1.30953,1.30961,2.63,4.73
2012.10.17 02:51:02.331,1.30953,1.3096,1.88,3.23
2012.10.17 02:51:02.879,1.30953,1.3096,3.60,3.23
2012.10.17 02:51:03.419,1.30954,1.30962,1.73,5.48
2012.10.17 02:51:18.439,1.30954,1.3096,1.73,1.73
2012.10.17 02:51:22.060,1.30954,1.30962,2.48,4.35
2012.10.17 02:51:22.599,1.30955,1.30962,1.50,4.35
2012.10.17 02:51:23.081,1.30957,1.30963,1.50,1.13
2012.10.17 02:51:23.502,1.30959,1.30965,1.50,3.08
2012.10.17 02:51:23.570,1.3096,1.30967,2.25,1.73
2012.10.17 02:51:23.870,1.30962,1.3097,2.48,1.35
2012.10.17 02:51:24.050,1.30962,1.30969,2.48,1.73
2012.10.17 02:51:27.221,1.30964,1.30971,1.73,1.73
2012.10.17 02:51:27.401,1.30966,1.30971,1.73,1.50
2012.10.17 02:51:27.521,1.30967,1.30975,1.50,1.73
2012.10.17 02:51:28.164,1.30966,1.30973,1.50,1.73
2012.10.17 02:51:28.237,1.30965,1.30972,1.50,1.73
2012.10.17 02:51:31.161,1.30963,1.30971,3.98,1.73
2012.10.17 02:51:31.531,1.30965,1.30972,1.50,1.73
2012.10.17 02:51:31.590,1.30965,1.30973,2.48,3.23
2012.10.17 02:51:32.140,1.30965,1.30972,3.98,1.73
2012.10.17 02:51:32.200,1.30965,1.30972,2.25,2.48
2012.10.17 02:51:36.799,1.30963,1.3097,2.85,1.73
2012.10.17 02:51:37.161,1.30963,1.3097,2.63,1.73
2012.10.17 02:51:37.670,1.30962,1.3097,2.25,1.73
2012.10.17 02:51:42.995,1.30961,1.30968,2.10,1.73
2012.10.17 02:51:46.169,1.30959,1.30968,4.35,3.75
2012.10.17 02:51:48.900,1.30959,1.30968,1.73,3.98
2012.10.17 02:51:49.261,1.30957,1.30966,1.73,4.73
2012.10.17 02:51:49.380,1.30956,1.30964,1.35,1.73
2012.10.17 02:51:49.680,1.30955,1.30963,2.63,2.48
2012.10.17 02:51:50.041,1.30953,1.3096,2.85,1.73
2012.10.17 02:52:02.259,1.30952,1.3096,2.48,2.48
2012.10.17 02:52:03.120,1.30952,1.30959,2.48,1.50
2012.10.17 02:52:03.423,1.30949,1.30954,1.50,1.50
2012.10.17 02:52:03.551,1.30945,1.30952,4.55,2.63
2012.10.17 02:52:03.670,1.30945,1.30951,1.50,2.63
2012.10.17 02:52:04.790,1.30941,1.30949,1.73,2.48
2012.10.17 02:52:04.857,1.30941,1.30947,1.73,1.73
2012.10.17 02:52:07.989,1.3094,1.30948,1.73,2.48
2012.10.17 02:52:21.659,1.3094,1.30949,3.23,3.75
2012.10.17 02:52:25.700,1.3094,1.30948,2.48,1.73
2012.10.17 02:52:29.421,1.30942,1.3095,2.10,4.58
2012.10.17 02:52:29.959,1.30945,1.30953,1.73,5.33
2012.10.17 02:52:30.558,1.30945,1.30953,1.73,4.58
2012.10.17 02:52:31.319,1.30944,1.30952,3.23,1.50
2012.10.17 02:52:31.619,1.30944,1.30951,3.23,1.50
2012.10.17 02:52:41.979,1.30944,1.30951,3.98,1.50
2012.10.17 02:53:01.752,1.30947,1.30953,2.25,3.08
2012.10.17 02:53:02.289,1.30949,1.30956,1.50,2.25
2012.10.17 02:53:02.839,1.30947,1.30954,3.23,1.73
2012.10.17 02:53:03.350,1.30947,1.30953,1.73,1.73
2012.10.17 02:53:07.650,1.30946,1.30954,2.48,2.25
2012.10.17 02:53:08.721,1.30944,1.30951,1.73,1.50
2012.10.17 02:53:09.399,1.30944,1.30952,3.23,1.73
2012.10.17 02:53:18.301,1.30943,1.30951,2.48,1.50
2012.10.17 02:53:18.481,1.30942,1.30951,3.60,3.23
2012.10.17 02:53:24.239,1.30942,1.30949,1.73,3.75
2012.10.17 02:53:34.569,1.30942,1.30949,1.73,3.68
2012.10.17 02:53:35.790,1.30942,1.30949,1.73,3.23
2012.10.17 02:53:36.213,1.30942,1.30946,1.73,1.13
2012.10.17 02:53:36.760,1.30936,1.30944,1.73,2.48
2012.10.17 02:53:37.059,1.30935,1.30943,1.73,2.48
2012.10.17 02:53:37.600,1.3093,1.30942,1.73,2.48
2012.10.17 02:53:37.720,1.30934,1.30941,1.50,1.50
2012.10.17 02:53:37.781,1.30934,1.30941,1.73,1.73
2012.10.17 02:53:40.491,1.30932,1.30941,3.23,1.50
2012.10.17 02:53:40.610,1.30934,1.30942,1.73,1.73
2012.10.17 02:53:41.032,1.30939,1.30944,1.50,2.48
2012.10.17 02:53:41.103,1.3094,1.30944,1.50,2.33
2012.10.17 02:53:41.172,1.3094,1.30947,2.25,2.48
2012.10.17 02:53:41.291,1.3094,1.30948,2.48,3.23
2012.10.17 02:53:41.830,1.3094,1.30949,3.23,2.48
2012.10.17 02:53:42.601,1.3094,1.30946,1.50,1.13
2012.10.17 02:53:42.961,1.30938,1.30944,1.50,1.73
2012.10.17 02:53:43.501,1.30939,1.30945,1.73,1.35
2012.10.17 02:53:44.640,1.30937,1.30943,1.35,2.25
2012.10.17 02:53:45.000,1.30934,1.30941,1.50,1.50
2012.10.17 02:53:45.301,1.30934,1.30944,1.50,1.50
2012.10.17 02:53:45.359,1.30934,1.30941,1.73,2.48
2012.10.17 02:53:51.880,1.30932,1.3094,2.10,2.48
2012.10.17 02:54:03.152,1.30931,1.30938,2.10,2.25
2012.10.17 02:54:03.390,1.30929,1.30937,3.23,4.58
2012.10.17 02:54:05.230,1.30929,1.30936,2.48,1.73
2012.10.17 02:54:13.580,1.30928,1.30934,2.10,6.83
2012.10.17 02:54:13.760,1.30928,1.30936,2.48,3.98
2012.10.17 02:54:13.821,1.30928,1.30936,2.25,3.08
2012.10.17 02:54:14.059,1.30928,1.30936,2.48,3.83
2012.10.17 02:54:17.389,1.30929,1.30937,3.60,3.83
2012.10.17 02:54:35.131,1.30931,1.30939,1.50,2.33
2012.10.17 02:54:35.195,1.30931,1.3094,3.98,2.48
2012.10.17 02:54:35.739,1.30931,1.30939,1.73,1.73
2012.10.17 02:54:54.890,1.30932,1.3094,1.73,2.48
2012.10.17 02:55:19.610,1.30931,1.30939,1.35,1.73
2012.10.17 02:55:32.646,1.30931,1.30939,1.73,2.48
2012.10.17 02:55:35.991,1.30932,1.30938,3.08,2.48
2012.10.17 02:55:38.820,1.30932,1.30937,2.33,1.73
2012.10.17 02:55:39.371,1.3093,1.30937,3.83,1.73
2012.10.17 02:55:43.492,1.3093,1.30936,3.08,1.50
2012.10.17 02:55:43.670,1.30929,1.30936,2.33,1.73
2012.10.17 02:55:48.550,1.30929,1.30936,1.58,1.73
2012.10.17 02:55:55.609,1.30929,1.30936,2.33,1.73
2012.10.17 02:55:56.828,1.30929,1.30937,2.33,2.48
2012.10.17 02:56:03.641,1.30926,1.30931,3.15,1.73
2012.10.17 02:56:04.002,1.30923,1.30926,3.75,1.50
2012.10.17 02:56:04.770,1.3092,1.30926,2.33,2.25
2012.10.17 02:56:04.830,1.30924,1.30928,1.50,1.73
2012.10.17 02:56:04.951,1.3092,1.30928,2.33,5.10
2012.10.17 02:56:05.020,1.3092,1.30927,2.10,1.73
2012.10.17 02:56:05.569,1.30917,1.30925,1.50,1.73
2012.10.17 02:56:06.129,1.30917,1.30927,1.50,6.00
2012.10.17 02:56:06.611,1.30912,1.30925,4.13,2.25
2012.10.17 02:56:07.090,1.30912,1.30921,1.73,2.63
2012.10.17 02:56:07.630,1.3091,1.30919,3.98,1.50
2012.10.17 02:56:08.760,1.30911,1.3092,2.48,1.50
2012.10.17 02:56:09.059,1.30911,1.30919,1.50,2.25
2012.10.17 02:56:09.301,1.30911,1.3092,2.48,1.50
2012.10.17 02:56:10.381,1.30911,1.30918,2.48,1.73
2012.10.17 02:56:11.288,1.30911,1.30918,1.73,1.73
2012.10.17 02:56:12.009,1.30911,1.3092,1.73,4.50
2012.10.17 02:56:12.129,1.30911,1.3092,1.73,5.25
2012.10.17 02:56:12.430,1.3091,1.30916,1.50,4.13
2012.10.17 02:56:12.670,1.30907,1.30914,1.13,1.50
2012.10.17 02:56:13.031,1.30902,1.30914,1.88,2.85
2012.10.17 02:56:13.569,1.30905,1.30912,1.73,1.13
2012.10.17 02:56:13.979,1.30906,1.30914,1.73,3.98
2012.10.17 02:56:14.492,1.3091,1.30915,1.50,2.25
2012.10.17 02:56:15.039,1.30909,1.30915,1.50,2.48
2012.10.17 02:56:16.060,1.30907,1.30914,1.73,3.23
2012.10.17 02:56:16.300,1.30906,1.30914,3.23,3.23
2012.10.17 02:56:16.849,1.30906,1.30912,3.23,1.73
2012.10.17 02:56:17.989,1.30906,1.30915,2.25,1.50
2012.10.17 02:56:18.049,1.30906,1.30915,4.73,1.50
2012.10.17 02:56:18.169,1.30906,1.30914,3.00,3.38
2012.10.17 02:56:19.500,1.30905,1.30914,2.48,3.75
2012.10.17 02:56:19.619,1.30907,1.30917,2.25,6.38
2012.10.17 02:56:20.159,1.30907,1.30917,3.98,3.75
2012.10.17 02:56:20.405,1.30907,1.30917,3.23,6.00
2012.10.17 02:56:20.590,1.30907,1.30917,3.23,5.25
2012.10.17 02:56:21.130,1.30908,1.30919,2.48,3.75
2012.10.17 02:56:21.669,1.30909,1.30918,2.10,3.23
2012.10.17 02:56:22.268,1.30909,1.30918,2.10,3.23
2012.10.17 02:56:22.328,1.30911,1.30919,1.73,3.00
2012.10.17 02:56:22.690,1.30913,1.30922,1.73,6.75
2012.10.17 02:56:26.001,1.30912,1.3092,4.35,2.48
2012.10.17 02:56:30.278,1.30911,1.30918,1.73,1.73
2012.10.17 02:56:30.580,1.30912,1.3092,1.73,3.23
2012.10.17 02:56:31.229,1.30912,1.30922,2.25,1.50
2012.10.17 02:56:31.468,1.3091,1.3092,2.25,4.50
2012.10.17 02:56:32.259,1.30908,1.30918,2.48,3.98
2012.10.17 02:56:37.899,1.30909,1.30916,1.73,1.50
2012.10.17 02:56:38.259,1.30912,1.3092,1.05,2.25
2012.10.17 02:56:38.439,1.30915,1.30923,1.50,1.50
2012.10.17 02:56:38.559,1.30916,1.30924,1.50,5.06
2012.10.17 02:56:38.620,1.30916,1.30924,2.25,4.31
2012.10.17 02:56:40.208,1.30914,1.30925,5.25,4.50
2012.10.17 02:56:41.470,1.30918,1.30923,1.50,1.73
2012.10.17 02:56:41.712,1.30921,1.30928,1.50,2.48
2012.10.17 02:56:42.088,1.30921,1.30928,1.50,1.73
2012.10.17 02:56:42.269,1.30922,1.3093,2.25,1.73
2012.10.17 02:56:42.692,1.30924,1.30929,3.98,2.48
2012.10.17 02:56:51.428,1.30924,1.3093,3.98,1.73
2012.10.17 02:56:51.730,1.30917,1.30927,2.48,3.38
2012.10.17 02:56:51.789,1.30918,1.30927,1.50,3.60
2012.10.17 02:56:51.969,1.30916,1.30922,1.73,1.50
2012.10.17 02:56:52.508,1.30914,1.30923,6.23,2.48
2012.10.17 02:56:59.519,1.30917,1.30923,3.75,2.48
2012.10.17 02:56:59.699,1.30918,1.30926,1.73,3.00
2012.10.17 02:56:59.761,1.3092,1.30926,1.50,1.50
2012.10.17 02:57:00.000,1.30924,1.3093,1.73,1.73
2012.10.17 02:57:00.553,1.30924,1.30931,1.73,1.50
2012.10.17 02:57:01.969,1.30921,1.3093,1.73,1.50
2012.10.17 02:57:03.570,1.30921,1.30927,1.73,1.73
2012.10.17 02:57:03.930,1.30919,1.30925,1.50,2.25
2012.10.17 02:57:04.049,1.30916,1.30922,4.55,1.73
2012.10.17 02:57:04.609,1.30915,1.30921,4.73,2.25
2012.10.17 02:57:07.886,1.30915,1.30923,3.75,2.63
2012.10.17 02:57:08.010,1.30914,1.30921,1.73,1.88
2012.10.17 02:57:08.560,1.3091,1.30919,2.48,2.48
2012.10.17 02:57:09.848,1.30912,1.30917,4.50,1.50
2012.10.17 02:57:10.209,1.30913,1.30921,1.73,1.88
2012.10.17 02:57:10.510,1.30915,1.30924,1.50,4.13
2012.10.17 02:57:10.689,1.30914,1.30924,1.73,4.13
2012.10.17 02:57:14.190,1.30913,1.3092,1.73,1.73
2012.10.17 02:57:20.219,1.30913,1.3092,1.73,1.73
2012.10.17 02:57:32.969,1.30912,1.3092,2.48,2.10
2012.10.17 02:57:34.478,1.30914,1.30922,1.73,2.25
2012.10.17 02:57:38.619,1.30915,1.30922,2.18,1.73
2012.10.17 02:57:39.168,1.30915,1.30925,2.55,2.25
2012.10.17 02:57:40.635,1.30915,1.30925,2.55,3.00
2012.10.17 02:57:44.558,1.30916,1.30923,1.50,1.35
2012.10.17 02:57:44.739,1.30916,1.30925,2.48,2.63
2012.10.17 02:57:44.799,1.30917,1.30926,2.25,1.13
2012.10.17 02:57:45.040,1.30921,1.30931,1.13,3.78
2012.10.17 02:57:45.099,1.30921,1.30932,1.88,5.48
2012.10.17 02:57:45.340,1.30922,1.30932,2.48,5.25
2012.10.17 02:57:46.009,1.30922,1.30931,1.73,1.50
2012.10.17 02:57:46.568,1.30922,1.30931,1.73,1.50
2012.10.17 02:57:47.901,1.30922,1.30931,1.73,1.88
2012.10.17 02:57:48.418,1.30922,1.30931,1.73,1.88
2012.10.17 02:57:53.339,1.30922,1.30929,1.73,1.73
2012.10.17 02:57:55.078,1.3092,1.30927,3.98,1.73
2012.10.17 02:57:55.594,1.3092,1.30927,3.98,1.73
2012.10.17 02:58:04.448,1.3092,1.30927,2.25,1.73
2012.10.17 02:58:04.689,1.3092,1.30927,3.23,1.50
2012.10.17 02:58:04.988,1.30919,1.30926,1.73,1.73
2012.10.17 02:58:09.610,1.30918,1.30924,2.25,1.73
2012.10.17 02:58:09.911,1.30914,1.30923,2.85,2.25
2012.10.17 02:58:10.149,1.30914,1.30923,2.10,3.00
2012.10.17 02:58:10.691,1.30914,1.30922,1.73,1.50
2012.10.17 02:58:11.326,1.30914,1.30922,2.10,1.50
2012.10.17 02:58:14.580,1.30915,1.30921,1.13,1.73
2012.10.17 02:58:15.217,1.30915,1.30923,1.13,1.13
2012.10.17 02:58:16.113,1.30916,1.30924,1.73,1.50
2012.10.17 02:58:16.362,1.30918,1.30925,1.73,2.10
2012.10.17 02:58:16.912,1.30915,1.30922,1.50,1.73
2012.10.17 02:58:16.980,1.30916,1.30922,1.73,1.73
2012.10.17 02:58:17.491,1.30915,1.30924,4.35,2.48
2012.10.17 02:58:18.279,1.30916,1.30925,2.48,3.98
2012.10.17 02:58:19.059,1.30917,1.30925,1.73,2.48
2012.10.17 02:58:19.598,1.30916,1.30925,1.73,3.23
2012.10.17 02:58:20.644,1.30915,1.30923,2.48,1.73
2012.10.17 02:58:38.598,1.30914,1.30921,3.98,1.50
2012.10.17 02:58:47.429,1.30915,1.30921,1.73,2.25
2012.10.17 02:58:59.749,1.30916,1.30922,1.73,1.73
2012.10.17 02:59:01.459,1.30915,1.30924,1.73,4.50
2012.10.17 02:59:12.170,1.30912,1.30919,1.73,1.35
2012.10.17 02:59:12.294,1.30911,1.30921,2.48,5.63
2012.10.17 02:59:12.482,1.30911,1.30919,1.73,2.85
2012.10.17 02:59:12.724,1.30909,1.30916,1.50,5.33
2012.10.17 02:59:12.789,1.30907,1.30916,2.48,4.58
2012.10.17 02:59:13.210,1.30906,1.30914,1.50,1.50
2012.10.17 02:59:13.329,1.30908,1.30917,1.50,5.25
2012.10.17 02:59:13.450,1.30909,1.30917,1.50,5.25
2012.10.17 02:59:13.969,1.30909,1.30917,1.73,3.00
2012.10.17 02:59:17.160,1.30909,1.30916,2.48,1.73
2012.10.17 02:59:20.919,1.30908,1.30916,1.73,2.48
2012.10.17 02:59:21.880,1.30907,1.30916,3.23,4.13
2012.10.17 02:59:22.179,1.30906,1.30913,3.23,1.50
2012.10.17 02:59:28.319,1.30908,1.30913,1.50,3.23
2012.10.17 02:59:28.680,1.30906,1.30913,1.73,2.85
2012.10.17 02:59:29.239,1.30906,1.30913,1.73,2.10
2012.10.17 02:59:30.239,1.30906,1.30914,2.48,1.50
2012.10.17 02:59:38.670,1.30906,1.30913,1.73,2.48
2012.10.17 02:59:39.261,1.30905,1.30914,4.73,1.88
2012.10.17 02:59:45.420,1.30906,1.30913,1.50,3.83
2012.10.17 02:59:47.060,1.30905,1.30913,1.50,2.25
2012.10.17 02:59:47.361,1.30904,1.30911,1.50,3.38
2012.10.17 02:59:52.360,1.30905,1.3091,1.73,1.13
2012.10.17 02:59:52.900,1.30906,1.30912,1.73,1.13
2012.10.17 02:59:53.372,1.30905,1.30914,3.23,2.10
2012.10.17 02:59:55.240,1.30905,1.30916,3.98,4.50
