2012.01.18 03:00:00.398,1.27781,1.27789,1.20,4.20
2012.01.18 03:00:00.974,1.27781,1.27789,2.70,3.45
2012.01.18 03:00:01.474,1.27781,1.27789,1.95,3.45
2012.01.18 03:00:01.808,1.27781,1.27789,1.20,4.20
2012.01.18 03:00:02.327,1.27781,1.27789,1.20,4.20
2012.01.18 03:00:03.239,1.27781,1.27788,1.20,2.25
2012.01.18 03:00:03.757,1.27781,1.27788,1.20,3.00
2012.01.18 03:00:04.329,1.27781,1.27788,1.50,4.20
2012.01.18 03:00:04.886,1.2778,1.27787,1.50,2.25
2012.01.18 03:00:05.839,1.2778,1.27787,1.50,1.50
2012.01.18 03:00:07.400,1.27778,1.27786,1.95,1.13
2012.01.18 03:00:07.801,1.27777,1.27781,1.05,1.20
2012.01.18 03:00:07.941,1.27773,1.2778,1.50,1.50
2012.01.18 03:00:08.490,1.27775,1.27784,1.50,2.70
2012.01.18 03:00:08.838,1.27779,1.27784,1.50,1.20
2012.01.18 03:00:10.993,1.27774,1.27782,2.25,1.50
2012.01.18 03:00:11.201,1.27772,1.27781,1.20,1.50
2012.01.18 03:00:11.269,1.27772,1.27781,1.95,1.50
2012.01.18 03:00:11.340,1.27772,1.27781,1.95,2.25
2012.01.18 03:00:11.483,1.27774,1.27781,1.50,1.50
2012.01.18 03:00:12.104,1.27772,1.27781,1.95,1.69
2012.01.18 03:00:12.181,1.27772,1.27781,1.95,1.69
2012.01.18 03:00:12.721,1.27772,1.27781,1.95,1.50
2012.01.18 03:00:13.226,1.27773,1.27782,2.25,1.95
2012.01.18 03:00:13.597,1.27772,1.2778,2.70,1.50
2012.01.18 03:00:16.088,1.27772,1.2778,3.45,1.50
2012.01.18 03:00:17.028,1.27772,1.2778,3.45,1.50
2012.01.18 03:00:17.547,1.27774,1.2778,1.20,1.50
2012.01.18 03:00:18.089,1.27775,1.2778,1.20,1.50
2012.01.18 03:00:19.190,1.27774,1.2778,1.95,1.50
2012.01.18 03:00:25.188,1.27774,1.2778,1.95,1.50
2012.01.18 03:00:25.317,1.27774,1.27783,1.95,1.50
2012.01.18 03:00:25.878,1.27775,1.27783,1.95,1.50
2012.01.18 03:00:26.429,1.27775,1.27783,2.70,1.50
2012.01.18 03:00:26.957,1.27775,1.27783,2.70,1.50
2012.01.18 03:00:30.448,1.27775,1.27783,1.95,1.50
2012.01.18 03:00:31.349,1.27775,1.27783,1.95,1.50
2012.01.18 03:00:31.611,1.27775,1.27783,1.95,1.50
2012.01.18 03:00:31.878,1.27775,1.27783,1.95,1.50
2012.01.18 03:00:32.492,1.27777,1.27785,2.25,1.50
2012.01.18 03:00:32.630,1.2778,1.27785,1.50,1.20
2012.01.18 03:00:32.829,1.27777,1.27785,1.50,1.20
2012.01.18 03:00:33.337,1.27776,1.27784,2.25,1.50
2012.01.18 03:00:34.072,1.27778,1.27785,2.25,1.58
2012.01.18 03:00:38.990,1.2778,1.27785,1.50,1.20
2012.01.18 03:00:39.063,1.2778,1.27787,1.50,2.70
2012.01.18 03:00:41.803,1.2778,1.27788,1.50,3.45
2012.01.18 03:00:42.342,1.27778,1.27787,1.95,1.50
2012.01.18 03:00:43.322,1.27778,1.27787,1.95,2.25
2012.01.18 03:00:46.812,1.27781,1.27788,1.50,1.20
2012.01.18 03:00:47.369,1.27781,1.27789,2.70,2.70
2012.01.18 03:00:48.063,1.27781,1.27788,1.20,1.88
2012.01.18 03:00:48.148,1.27778,1.27786,2.25,1.20
2012.01.18 03:00:50.991,1.27778,1.27785,1.50,1.95
2012.01.18 03:00:51.062,1.27776,1.27784,2.44,2.25
2012.01.18 03:00:51.202,1.27779,1.27787,1.20,1.95
2012.01.18 03:00:51.273,1.27779,1.27787,1.20,1.95
2012.01.18 03:00:51.877,1.27779,1.27787,1.95,1.20
2012.01.18 03:00:52.627,1.27779,1.27787,1.20,1.20
2012.01.18 03:00:53.137,1.27778,1.27788,3.45,1.50
2012.01.18 03:00:53.768,1.27778,1.27788,3.45,1.50
2012.01.18 03:01:02.998,1.27778,1.27786,3.45,1.20
2012.01.18 03:01:03.067,1.2778,1.27788,1.20,3.45
2012.01.18 03:01:09.255,1.2778,1.27788,1.20,3.45
2012.01.18 03:01:09.807,1.2778,1.27788,1.20,3.45
2012.01.18 03:01:20.099,1.27779,1.27787,1.95,1.20
2012.01.18 03:01:21.207,1.27778,1.27786,2.25,1.20
2012.01.18 03:01:22.531,1.27778,1.27785,1.50,1.20
2012.01.18 03:01:37.178,1.27778,1.27785,2.25,1.20
2012.01.18 03:01:40.504,1.2778,1.27787,2.25,1.50
2012.01.18 03:01:40.658,1.27784,1.27789,4.95,1.50
2012.01.18 03:01:41.084,1.27781,1.27788,1.95,1.50
2012.01.18 03:01:41.230,1.27781,1.27788,1.95,1.50
2012.01.18 03:01:41.582,1.27781,1.27788,1.95,1.50
2012.01.18 03:01:41.659,1.27782,1.27791,2.14,1.50
2012.01.18 03:01:42.179,1.27782,1.27791,2.14,1.50
2012.01.18 03:01:51.087,1.27782,1.27791,1.95,1.50
2012.01.18 03:01:51.364,1.27782,1.27788,1.95,1.50
2012.01.18 03:01:52.229,1.27782,1.27788,1.95,1.50
2012.01.18 03:01:52.442,1.27782,1.27789,1.95,1.50
2012.01.18 03:01:52.978,1.27782,1.27789,1.95,1.50
2012.01.18 03:01:53.538,1.27782,1.27786,1.95,1.50
2012.01.18 03:01:54.140,1.27782,1.27791,1.95,1.88
2012.01.18 03:01:54.471,1.27783,1.27789,1.20,1.50
2012.01.18 03:01:54.540,1.27783,1.27791,1.20,1.95
2012.01.18 03:01:55.708,1.27783,1.2779,1.20,1.50
2012.01.18 03:02:05.017,1.27783,1.2779,2.33,1.50
2012.01.18 03:02:05.156,1.27785,1.2779,1.95,1.50
2012.01.18 03:02:05.302,1.27787,1.27795,2.70,2.25
2012.01.18 03:02:05.838,1.27788,1.27796,1.50,2.70
2012.01.18 03:02:06.358,1.27787,1.27795,2.70,1.50
2012.01.18 03:02:08.129,1.27789,1.27796,1.50,1.95
2012.01.18 03:02:08.670,1.27788,1.27795,1.20,2.25
2012.01.18 03:02:08.953,1.27782,1.2779,3.45,1.95
2012.01.18 03:02:09.311,1.27782,1.2779,1.95,1.95
2012.01.18 03:02:09.848,1.27782,1.2779,1.95,1.95
2012.01.18 03:02:12.824,1.27782,1.27789,1.20,2.44
2012.01.18 03:02:12.965,1.2778,1.27787,1.20,2.25
2012.01.18 03:02:13.491,1.27778,1.27787,1.95,3.00
2012.01.18 03:02:14.031,1.27778,1.27787,1.95,3.00
2012.01.18 03:02:14.552,1.27778,1.27787,1.95,3.00
2012.01.18 03:02:15.373,1.27779,1.27788,1.50,1.95
2012.01.18 03:02:16.202,1.27777,1.27786,2.70,1.50
2012.01.18 03:02:16.856,1.2778,1.27785,1.50,1.50
2012.01.18 03:02:16.934,1.27777,1.27785,2.70,1.50
2012.01.18 03:02:17.074,1.27779,1.27785,1.50,1.50
2012.01.18 03:02:17.902,1.27777,1.27787,1.50,4.39
2012.01.18 03:02:18.386,1.2778,1.27786,1.50,1.69
2012.01.18 03:02:19.120,1.2778,1.27786,1.50,1.69
2012.01.18 03:02:19.850,1.27779,1.27786,1.28,1.50
2012.01.18 03:02:20.362,1.27778,1.27785,1.20,1.50
2012.01.18 03:02:25.047,1.2778,1.27786,2.70,1.69
2012.01.18 03:02:25.390,1.27782,1.27789,1.50,1.50
2012.01.18 03:02:25.912,1.27781,1.27789,1.50,3.00
2012.01.18 03:02:28.649,1.27781,1.27789,1.50,3.00
2012.01.18 03:02:28.720,1.27781,1.27789,1.50,3.00
2012.01.18 03:02:30.531,1.27779,1.27787,1.20,1.95
2012.01.18 03:02:31.041,1.27779,1.27786,1.20,1.50
2012.01.18 03:02:31.843,1.27779,1.27786,1.20,1.50
2012.01.18 03:02:32.350,1.27779,1.27786,1.20,1.50
2012.01.18 03:02:32.861,1.27778,1.27785,1.50,1.50
2012.01.18 03:02:34.483,1.27778,1.27787,1.50,1.50
2012.01.18 03:02:34.739,1.27778,1.27787,1.50,1.50
2012.01.18 03:02:35.899,1.27778,1.27787,1.50,1.50
2012.01.18 03:02:37.590,1.27778,1.27787,1.50,1.50
2012.01.18 03:02:37.910,1.27778,1.27787,1.50,1.50
2012.01.18 03:02:38.140,1.27778,1.27787,1.50,1.50
2012.01.18 03:02:38.315,1.27778,1.27787,1.50,1.50
2012.01.18 03:02:38.770,1.27778,1.27787,1.50,1.50
2012.01.18 03:02:38.979,1.27778,1.27787,1.50,1.50
2012.01.18 03:02:46.521,1.27778,1.27787,1.50,1.50
2012.01.18 03:02:47.029,1.27778,1.27788,1.50,4.39
2012.01.18 03:02:47.391,1.27778,1.27788,2.25,3.64
2012.01.18 03:02:47.895,1.27778,1.27788,1.50,4.20
2012.01.18 03:02:49.072,1.27778,1.27788,1.50,4.20
2012.01.18 03:02:58.729,1.27778,1.27788,1.50,4.20
2012.01.18 03:03:06.840,1.27777,1.27785,3.45,1.50
2012.01.18 03:03:08.034,1.27777,1.27785,2.70,2.25
2012.01.18 03:03:20.899,1.27777,1.27785,2.89,1.50
2012.01.18 03:03:21.441,1.27777,1.27785,2.89,2.25
2012.01.18 03:03:22.451,1.27777,1.27785,3.64,1.50
2012.01.18 03:03:24.279,1.27777,1.27785,2.89,2.25
2012.01.18 03:03:25.000,1.27777,1.27785,2.89,1.50
2012.01.18 03:03:26.081,1.27777,1.27785,2.89,1.50
2012.01.18 03:03:28.300,1.27779,1.27787,1.50,2.25
2012.01.18 03:03:30.691,1.27778,1.27786,1.20,3.45
2012.01.18 03:03:31.000,1.27778,1.27786,1.20,3.45
2012.01.18 03:03:33.554,1.27778,1.27786,3.45,1.95
2012.01.18 03:03:33.766,1.2778,1.27787,1.50,1.50
2012.01.18 03:03:34.288,1.27781,1.2779,1.20,2.25
2012.01.18 03:03:34.802,1.27781,1.2779,1.20,2.25
2012.01.18 03:03:36.611,1.27781,1.2779,1.20,2.25
2012.01.18 03:03:37.183,1.27781,1.2779,1.20,2.25
2012.01.18 03:04:06.280,1.27781,1.27789,1.20,1.95
2012.01.18 03:04:07.391,1.27781,1.27789,1.20,1.95
2012.01.18 03:04:08.190,1.27781,1.27789,1.20,1.95
2012.01.18 03:04:09.292,1.27781,1.27789,1.20,1.95
2012.01.18 03:04:09.361,1.27781,1.27789,1.20,1.95
2012.01.18 03:04:09.490,1.27781,1.27789,1.20,1.95
2012.01.18 03:04:19.421,1.27781,1.27789,1.20,2.70
2012.01.18 03:04:21.415,1.27782,1.27789,1.77,1.20
2012.01.18 03:04:21.625,1.27782,1.2779,1.50,1.50
2012.01.18 03:04:22.162,1.27788,1.27795,3.45,1.50
2012.01.18 03:04:22.672,1.27788,1.27796,3.45,2.25
2012.01.18 03:04:22.802,1.27788,1.27796,3.45,2.25
2012.01.18 03:04:23.006,1.27788,1.27793,2.25,1.20
2012.01.18 03:04:23.342,1.27784,1.27793,1.50,1.95
2012.01.18 03:04:24.011,1.27783,1.27791,3.45,1.50
2012.01.18 03:04:33.901,1.27783,1.27791,2.70,2.25
2012.01.18 03:04:37.641,1.27783,1.27791,2.70,2.25
2012.01.18 03:04:37.871,1.27783,1.27791,2.70,3.00
2012.01.18 03:04:43.302,1.27783,1.27791,2.70,3.00
2012.01.18 03:04:43.821,1.27783,1.27791,2.70,2.25
2012.01.18 03:04:44.343,1.27783,1.27791,2.70,2.25
2012.01.18 03:04:44.472,1.27783,1.27791,2.70,2.25
2012.01.18 03:04:44.791,1.27783,1.27791,2.70,2.25
2012.01.18 03:04:44.862,1.27783,1.27791,2.70,2.25
2012.01.18 03:04:45.674,1.2778,1.27789,2.70,3.75
2012.01.18 03:04:46.225,1.27783,1.27788,1.20,1.50
2012.01.18 03:04:46.774,1.27782,1.27789,1.50,1.95
2012.01.18 03:04:47.323,1.27782,1.27789,1.50,1.95
2012.01.18 03:04:49.555,1.27781,1.27789,1.20,2.25
2012.01.18 03:04:50.060,1.27778,1.27785,2.70,2.25
2012.01.18 03:04:50.418,1.27778,1.27786,2.70,2.70
2012.01.18 03:04:50.571,1.27778,1.27786,1.20,3.45
2012.01.18 03:04:50.921,1.27776,1.27786,3.45,3.45
2012.01.18 03:04:51.447,1.27776,1.27786,2.70,3.45
2012.01.18 03:04:54.271,1.27776,1.27786,2.70,4.39
2012.01.18 03:04:54.807,1.27776,1.27786,2.70,4.20
2012.01.18 03:04:54.955,1.27776,1.27784,2.70,1.95
2012.01.18 03:04:55.553,1.27776,1.27784,1.20,3.45
2012.01.18 03:04:55.953,1.27776,1.27784,1.20,4.20
2012.01.18 03:05:03.182,1.27776,1.27781,1.20,1.50
2012.01.18 03:05:04.108,1.27776,1.27781,1.20,2.25
2012.01.18 03:05:04.661,1.27776,1.27781,1.20,2.25
2012.01.18 03:05:06.832,1.27776,1.27781,1.20,2.25
2012.01.18 03:05:07.504,1.27774,1.27781,1.28,2.25
2012.01.18 03:05:07.570,1.27776,1.27781,1.20,2.25
2012.01.18 03:05:08.178,1.27776,1.27781,1.20,2.25
2012.01.18 03:05:08.702,1.27776,1.27781,1.20,2.25
2012.01.18 03:05:10.368,1.27776,1.27785,1.95,2.25
2012.01.18 03:05:14.680,1.27776,1.27785,1.20,2.25
2012.01.18 03:05:15.222,1.27776,1.27785,1.20,2.25
2012.01.18 03:05:17.819,1.27776,1.27785,1.20,2.25
2012.01.18 03:05:18.344,1.27776,1.27785,1.20,1.50
2012.01.18 03:05:18.856,1.27776,1.27785,1.20,2.25
2012.01.18 03:05:20.284,1.27776,1.27785,1.20,1.50
2012.01.18 03:05:20.540,1.27778,1.27785,1.95,1.50
2012.01.18 03:05:21.084,1.27778,1.27786,3.45,2.70
2012.01.18 03:05:21.592,1.27778,1.27786,2.70,3.45
2012.01.18 03:05:22.551,1.27779,1.27786,1.50,3.45
2012.01.18 03:05:23.099,1.27778,1.27786,2.70,3.45
2012.01.18 03:05:26.153,1.27778,1.27786,2.70,2.70
2012.01.18 03:05:26.750,1.27778,1.27786,2.70,3.45
2012.01.18 03:05:29.569,1.27778,1.27786,3.00,1.20
2012.01.18 03:05:31.180,1.27778,1.27786,3.00,1.20
2012.01.18 03:05:31.859,1.27778,1.27786,3.00,1.20
2012.01.18 03:05:36.260,1.27778,1.27786,3.00,1.20
2012.01.18 03:05:36.818,1.27778,1.27786,3.00,1.20
2012.01.18 03:05:38.051,1.27778,1.27786,3.00,1.20
2012.01.18 03:05:38.121,1.27778,1.27786,3.00,1.20
2012.01.18 03:05:41.150,1.27778,1.27786,3.00,1.20
2012.01.18 03:05:44.390,1.27778,1.27786,3.00,1.20
2012.01.18 03:05:45.760,1.27778,1.27786,3.00,1.20
2012.01.18 03:05:47.932,1.27779,1.27786,1.50,1.20
2012.01.18 03:05:48.391,1.27778,1.27786,3.00,1.20
2012.01.18 03:05:48.927,1.27778,1.27786,3.00,1.20
2012.01.18 03:05:49.641,1.27778,1.27786,3.00,1.20
2012.01.18 03:05:50.597,1.27779,1.27786,1.50,1.20
2012.01.18 03:05:50.679,1.27772,1.27779,2.33,1.50
2012.01.18 03:05:51.037,1.27774,1.27781,1.20,3.00
2012.01.18 03:05:51.118,1.27774,1.27781,1.95,2.25
2012.01.18 03:05:51.266,1.27774,1.27782,1.20,4.95
2012.01.18 03:05:51.340,1.2777,1.27777,1.50,1.50
2012.01.18 03:05:51.415,1.27772,1.27777,1.20,1.50
2012.01.18 03:05:52.657,1.27775,1.27781,1.20,3.19
2012.01.18 03:05:52.736,1.27775,1.27781,1.20,3.00
2012.01.18 03:05:52.945,1.27775,1.27782,1.20,2.25
2012.01.18 03:05:53.892,1.27775,1.27782,1.20,2.25
2012.01.18 03:05:56.524,1.27775,1.27782,1.20,2.44
2012.01.18 03:05:57.823,1.27775,1.27782,1.20,2.44
2012.01.18 03:05:58.343,1.27775,1.27782,1.20,2.44
2012.01.18 03:05:58.901,1.27774,1.2778,1.20,1.50
2012.01.18 03:05:59.274,1.27774,1.27782,1.20,2.25
2012.01.18 03:05:59.781,1.27774,1.27782,1.20,2.25
2012.01.18 03:06:00.894,1.27774,1.27782,1.20,2.25
2012.01.18 03:06:02.760,1.27775,1.27782,1.20,2.44
2012.01.18 03:06:04.153,1.27774,1.27779,1.95,1.50
2012.01.18 03:06:04.293,1.27774,1.27781,1.20,1.50
2012.01.18 03:06:04.367,1.27776,1.27781,1.20,1.50
2012.01.18 03:06:12.359,1.27776,1.27781,1.95,1.50
2012.01.18 03:06:12.865,1.27779,1.27786,1.50,1.20
2012.01.18 03:06:13.581,1.27777,1.27786,1.50,2.70
2012.01.18 03:06:13.792,1.27776,1.27786,4.20,3.45
2012.01.18 03:06:13.994,1.27776,1.27786,4.20,3.45
2012.01.18 03:06:14.064,1.27776,1.27784,1.95,1.50
2012.01.18 03:06:14.611,1.27776,1.27784,1.20,2.25
2012.01.18 03:06:18.572,1.27776,1.27786,2.70,3.45
2012.01.18 03:06:24.952,1.27776,1.27784,1.20,3.45
2012.01.18 03:06:25.143,1.27776,1.27784,1.20,3.45
2012.01.18 03:06:27.084,1.27777,1.27784,1.50,1.95
2012.01.18 03:06:27.215,1.27778,1.27786,1.50,1.95
2012.01.18 03:06:27.412,1.27778,1.27786,1.50,1.95
2012.01.18 03:06:27.970,1.27778,1.27786,1.50,1.95
2012.01.18 03:06:35.431,1.27776,1.27785,2.70,1.50
2012.01.18 03:06:36.863,1.27779,1.27786,1.50,1.95
2012.01.18 03:06:39.671,1.27779,1.27785,2.25,1.20
2012.01.18 03:06:43.400,1.27777,1.27785,6.30,1.20
2012.01.18 03:06:43.995,1.27777,1.27785,6.30,2.70
2012.01.18 03:06:44.679,1.27777,1.27785,6.30,1.95
2012.01.18 03:06:46.819,1.27777,1.27785,7.05,1.20
2012.01.18 03:06:49.360,1.27777,1.27785,6.30,1.20
2012.01.18 03:06:52.411,1.27779,1.27785,1.50,1.20
2012.01.18 03:06:53.021,1.27777,1.27785,7.05,1.20
2012.01.18 03:06:55.707,1.2778,1.27785,1.50,1.20
2012.01.18 03:06:55.890,1.27778,1.27785,2.25,1.20
2012.01.18 03:07:06.734,1.27778,1.27785,2.25,3.45
2012.01.18 03:07:07.156,1.27776,1.27782,1.95,1.50
2012.01.18 03:07:07.224,1.27776,1.27784,1.95,1.20
2012.01.18 03:07:07.357,1.27776,1.27782,1.20,1.50
2012.01.18 03:07:12.265,1.27776,1.27783,1.20,2.25
2012.01.18 03:07:12.332,1.27776,1.27783,1.20,2.25
2012.01.18 03:07:12.749,1.27773,1.27783,3.45,3.45
2012.01.18 03:07:13.034,1.27773,1.27783,2.70,4.20
2012.01.18 03:07:14.772,1.27773,1.27783,2.70,3.45
2012.01.18 03:07:14.923,1.27776,1.27783,1.50,1.95
2012.01.18 03:07:15.605,1.27778,1.27785,1.50,1.95
2012.01.18 03:07:16.114,1.27778,1.27785,1.50,1.95
2012.01.18 03:07:16.680,1.27778,1.27785,1.50,1.95
2012.01.18 03:07:17.201,1.27778,1.27785,1.50,1.20
2012.01.18 03:07:17.281,1.27775,1.27785,3.45,2.70
2012.01.18 03:07:17.830,1.27776,1.27785,1.20,1.50
2012.01.18 03:07:20.371,1.27777,1.27786,1.50,1.95
2012.01.18 03:07:21.131,1.2778,1.27786,1.50,1.20
2012.01.18 03:07:27.743,1.2778,1.27788,1.50,3.45
2012.01.18 03:07:28.198,1.27781,1.2779,2.25,1.58
2012.01.18 03:07:28.742,1.27783,1.27791,2.70,1.20
2012.01.18 03:07:29.282,1.27783,1.27791,3.45,1.20
2012.01.18 03:07:29.805,1.27783,1.27791,3.45,1.20
2012.01.18 03:07:31.715,1.27785,1.2779,1.50,1.20
2012.01.18 03:07:32.181,1.27782,1.2779,1.50,2.25
2012.01.18 03:07:33.471,1.27782,1.2779,1.50,1.50
2012.01.18 03:07:43.924,1.27782,1.2779,1.50,2.25
2012.01.18 03:07:44.480,1.27782,1.2779,1.50,1.50
2012.01.18 03:07:44.613,1.27784,1.27792,1.50,2.25
2012.01.18 03:07:46.025,1.27785,1.27793,1.50,1.95
2012.01.18 03:07:47.612,1.27785,1.27793,1.69,1.95
2012.01.18 03:07:48.413,1.27785,1.27793,1.69,1.95
2012.01.18 03:07:48.955,1.27785,1.27793,1.69,1.95
2012.01.18 03:07:50.064,1.27785,1.27794,1.69,1.95
2012.01.18 03:07:51.445,1.27785,1.27794,1.50,1.95
2012.01.18 03:07:54.803,1.27785,1.27794,1.50,1.95
2012.01.18 03:07:55.521,1.27785,1.27794,1.50,1.95
2012.01.18 03:07:55.590,1.27785,1.27794,1.50,1.95
2012.01.18 03:07:56.503,1.27785,1.27794,1.50,1.95
2012.01.18 03:07:56.633,1.27785,1.27794,1.50,1.95
2012.01.18 03:07:57.351,1.27783,1.27793,1.88,2.25
2012.01.18 03:07:57.882,1.27783,1.27793,3.38,2.25
2012.01.18 03:07:58.478,1.27783,1.27793,2.63,2.25
2012.01.18 03:07:58.552,1.27785,1.27794,1.50,1.95
2012.01.18 03:07:59.080,1.27785,1.27794,1.50,2.14
2012.01.18 03:08:00.310,1.27785,1.27794,1.50,1.95
2012.01.18 03:08:00.620,1.27785,1.27794,1.50,1.95
2012.01.18 03:08:02.551,1.27785,1.27794,1.50,1.95
2012.01.18 03:08:03.014,1.27788,1.27794,1.50,1.20
2012.01.18 03:08:03.391,1.27785,1.27794,1.69,1.95
2012.01.18 03:08:05.123,1.27785,1.27794,1.69,1.95
2012.01.18 03:08:06.291,1.27785,1.27794,2.44,1.95
2012.01.18 03:08:09.563,1.27785,1.27794,3.27,1.95
2012.01.18 03:08:11.337,1.27785,1.27795,1.50,3.45
2012.01.18 03:08:12.558,1.27785,1.27795,1.50,3.45
2012.01.18 03:08:12.637,1.27783,1.27791,2.70,1.50
2012.01.18 03:08:13.174,1.27784,1.27791,1.20,1.50
2012.01.18 03:08:13.704,1.27783,1.27791,3.45,1.50
2012.01.18 03:08:14.500,1.27784,1.27793,1.50,1.95
2012.01.18 03:08:15.378,1.27784,1.27793,2.25,1.95
2012.01.18 03:08:15.712,1.27784,1.27793,1.50,1.95
2012.01.18 03:08:15.781,1.27784,1.27793,2.25,1.95
2012.01.18 03:08:16.043,1.27786,1.27795,2.25,1.95
2012.01.18 03:08:16.384,1.27786,1.27795,1.50,1.95
2012.01.18 03:08:17.622,1.27786,1.27794,1.50,1.50
2012.01.18 03:08:17.971,1.27785,1.27792,1.20,2.25
2012.01.18 03:08:20.162,1.27785,1.27793,2.70,1.50
2012.01.18 03:08:20.501,1.27787,1.27793,1.20,2.25
2012.01.18 03:08:21.803,1.27788,1.27793,1.20,3.00
2012.01.18 03:08:22.160,1.27793,1.27798,1.50,1.95
2012.01.18 03:08:22.446,1.27794,1.27802,3.45,1.20
2012.01.18 03:08:22.516,1.2779,1.27797,4.47,1.50
2012.01.18 03:08:22.730,1.27791,1.27799,1.50,3.00
2012.01.18 03:08:22.808,1.27791,1.27799,1.50,2.25
2012.01.18 03:08:23.617,1.27792,1.278,1.50,1.20
2012.01.18 03:08:27.262,1.27792,1.27799,1.50,1.95
2012.01.18 03:08:27.651,1.2779,1.27798,2.55,3.08
2012.01.18 03:08:28.012,1.27793,1.278,1.20,3.00
2012.01.18 03:08:28.225,1.27795,1.27801,1.50,2.25
2012.01.18 03:08:28.300,1.27795,1.27802,1.50,1.88
2012.01.18 03:08:28.388,1.27795,1.27799,1.50,1.20
2012.01.18 03:08:28.543,1.27795,1.27803,1.50,3.83
2012.01.18 03:08:28.812,1.27795,1.27799,1.50,1.20
2012.01.18 03:08:29.260,1.27789,1.27799,3.45,2.70
2012.01.18 03:08:29.512,1.27792,1.27799,1.50,1.20
2012.01.18 03:08:30.042,1.27792,1.27799,1.50,1.95
2012.01.18 03:08:30.971,1.27792,1.27799,1.50,1.95
2012.01.18 03:08:31.510,1.27792,1.27799,1.50,1.95
2012.01.18 03:08:34.261,1.27792,1.278,1.50,3.45
2012.01.18 03:08:34.791,1.27792,1.278,1.50,4.20
2012.01.18 03:08:36.073,1.2779,1.27798,3.83,1.50
2012.01.18 03:08:37.822,1.2779,1.27798,2.63,1.50
2012.01.18 03:08:38.555,1.2779,1.27798,2.25,1.50
2012.01.18 03:08:39.174,1.27788,1.27796,3.45,1.50
2012.01.18 03:08:39.623,1.27788,1.27796,3.45,1.50
2012.01.18 03:08:41.101,1.27788,1.27796,3.45,1.50
2012.01.18 03:08:44.074,1.27788,1.27796,3.45,2.25
2012.01.18 03:08:44.213,1.27788,1.27796,3.45,2.25
2012.01.18 03:08:44.351,1.27788,1.27796,3.45,2.25
2012.01.18 03:08:44.422,1.27788,1.27796,3.45,1.50
2012.01.18 03:08:45.731,1.27788,1.27796,3.45,2.25
2012.01.18 03:08:46.517,1.2779,1.27798,1.50,4.20
2012.01.18 03:08:47.022,1.2779,1.27798,1.50,4.20
2012.01.18 03:08:48.224,1.2779,1.27798,2.25,4.20
2012.01.18 03:08:48.845,1.27791,1.27798,2.25,1.95
2012.01.18 03:08:48.916,1.27791,1.27798,2.25,1.95
2012.01.18 03:08:49.253,1.27791,1.27799,3.45,1.20
2012.01.18 03:08:49.825,1.27791,1.27799,3.45,1.20
2012.01.18 03:08:49.902,1.27791,1.27799,4.20,1.95
2012.01.18 03:08:50.434,1.27791,1.27798,2.25,1.20
2012.01.18 03:08:50.574,1.27791,1.27798,2.25,1.20
2012.01.18 03:08:50.843,1.27791,1.27798,2.25,1.20
2012.01.18 03:08:51.102,1.27791,1.27798,3.00,1.20
2012.01.18 03:08:51.673,1.27791,1.27798,2.25,1.20
2012.01.18 03:08:52.190,1.27791,1.27798,2.25,1.20
2012.01.18 03:08:57.322,1.27791,1.27798,2.25,1.20
2012.01.18 03:08:57.391,1.27791,1.27798,2.25,1.20
2012.01.18 03:08:59.080,1.27792,1.27801,1.20,3.45
2012.01.18 03:08:59.626,1.27792,1.278,4.05,1.50
2012.01.18 03:09:00.128,1.27792,1.27799,1.50,1.20
2012.01.18 03:09:00.206,1.2779,1.27798,2.25,2.25
2012.01.18 03:09:00.698,1.27791,1.27797,1.13,2.70
2012.01.18 03:09:01.352,1.27793,1.27801,1.13,1.20
2012.01.18 03:09:01.564,1.27795,1.27801,2.25,1.95
2012.01.18 03:09:01.713,1.27799,1.27803,1.50,1.95
2012.01.18 03:09:01.854,1.27793,1.27801,2.25,1.20
2012.01.18 03:09:02.348,1.27801,1.27806,1.20,3.38
2012.01.18 03:09:02.563,1.27803,1.27807,1.20,1.50
2012.01.18 03:09:02.901,1.27803,1.2781,1.20,4.69
2012.01.18 03:09:02.973,1.27803,1.27809,1.20,1.69
2012.01.18 03:09:04.517,1.27799,1.27806,1.50,1.20
2012.01.18 03:09:04.600,1.27797,1.27804,2.70,1.20
2012.01.18 03:09:04.953,1.27792,1.278,3.04,1.50
2012.01.18 03:09:05.585,1.27793,1.27798,1.20,1.50
2012.01.18 03:09:06.200,1.278,1.27804,1.50,3.27
2012.01.18 03:09:06.279,1.278,1.27807,1.50,1.50
2012.01.18 03:09:06.355,1.27801,1.2781,1.50,2.63
2012.01.18 03:09:06.501,1.27801,1.27807,1.50,1.20
2012.01.18 03:09:06.652,1.27797,1.27807,1.20,1.20
2012.01.18 03:09:06.734,1.27797,1.27807,1.95,2.52
2012.01.18 03:09:07.076,1.27797,1.27802,1.95,1.50
2012.01.18 03:09:07.144,1.27797,1.27805,3.45,1.69
2012.01.18 03:09:08.095,1.27797,1.27803,2.70,1.50
2012.01.18 03:09:08.471,1.27799,1.27806,1.95,1.50
2012.01.18 03:09:08.552,1.27799,1.27806,2.70,1.50
2012.01.18 03:09:08.686,1.278,1.27808,3.00,1.50
2012.01.18 03:09:08.894,1.27804,1.27808,1.20,1.50
2012.01.18 03:09:08.967,1.27804,1.2781,1.20,1.50
2012.01.18 03:09:09.329,1.27803,1.2781,1.50,2.97
2012.01.18 03:09:09.478,1.278,1.27807,1.20,1.50
2012.01.18 03:09:09.555,1.278,1.27807,1.95,1.50
2012.01.18 03:09:09.695,1.27797,1.27803,1.50,2.25
2012.01.18 03:09:09.767,1.27796,1.278,1.20,1.50
2012.01.18 03:09:09.982,1.27793,1.278,1.95,1.50
2012.01.18 03:09:10.424,1.27795,1.27802,1.20,1.50
2012.01.18 03:09:11.003,1.27795,1.278,1.20,2.25
2012.01.18 03:09:11.394,1.27792,1.278,3.45,1.50
2012.01.18 03:09:11.673,1.27794,1.278,1.20,1.50
2012.01.18 03:09:12.005,1.27794,1.27802,2.70,2.25
2012.01.18 03:09:12.522,1.27796,1.27802,1.20,2.25
2012.01.18 03:09:20.212,1.27796,1.27802,1.95,1.50
2012.01.18 03:09:20.284,1.27797,1.27805,1.95,1.88
2012.01.18 03:09:20.557,1.27798,1.27806,2.63,1.50
2012.01.18 03:09:21.103,1.27799,1.27807,1.50,1.95
2012.01.18 03:09:22.345,1.27799,1.27807,1.50,1.95
2012.01.18 03:09:22.756,1.27797,1.27807,3.45,3.45
2012.01.18 03:09:23.352,1.27797,1.27807,3.45,3.45
2012.01.18 03:09:23.861,1.27797,1.27807,3.45,2.70
2012.01.18 03:09:24.931,1.27797,1.27807,3.45,2.70
2012.01.18 03:09:25.263,1.27799,1.27808,4.02,1.95
2012.01.18 03:09:28.838,1.27803,1.27809,1.20,2.25
2012.01.18 03:09:29.198,1.27804,1.2781,1.50,3.75
2012.01.18 03:09:29.280,1.27804,1.27812,2.70,2.25
2012.01.18 03:09:29.364,1.27806,1.27811,1.95,1.50
2012.01.18 03:09:29.525,1.27805,1.27813,1.58,1.20
2012.01.18 03:09:29.811,1.27806,1.27814,1.69,1.50
2012.01.18 03:09:30.329,1.27807,1.27814,1.40,1.20
2012.01.18 03:09:30.753,1.27805,1.27817,1.13,1.95
2012.01.18 03:09:31.583,1.27808,1.27815,1.13,1.50
2012.01.18 03:09:31.785,1.27808,1.27817,2.63,1.95
2012.01.18 03:09:32.336,1.27809,1.27817,1.13,1.50
2012.01.18 03:09:32.614,1.2781,1.27818,3.45,1.50
2012.01.18 03:09:32.746,1.2781,1.2782,3.45,3.64
2012.01.18 03:09:33.023,1.27811,1.27821,3.45,3.64
2012.01.18 03:09:33.424,1.27814,1.2782,2.10,8.25
2012.01.18 03:09:33.641,1.27816,1.2782,1.20,1.50
2012.01.18 03:09:33.720,1.27815,1.27822,1.50,1.69
2012.01.18 03:09:33.803,1.27815,1.27823,1.50,1.13
2012.01.18 03:09:34.232,1.27815,1.27824,1.95,1.88
2012.01.18 03:09:34.533,1.27813,1.27828,1.20,1.50
2012.01.18 03:09:34.884,1.27815,1.27827,5.33,2.33
2012.01.18 03:09:35.424,1.27815,1.27828,1.50,3.32
2012.01.18 03:09:35.493,1.27816,1.27829,3.00,2.64
2012.01.18 03:09:36.013,1.27814,1.27832,3.00,6.83
2012.01.18 03:09:36.202,1.27818,1.27829,1.50,2.14
2012.01.18 03:09:36.742,1.2782,1.27829,1.50,2.03
2012.01.18 03:09:36.942,1.2782,1.27831,1.20,2.25
2012.01.18 03:09:37.090,1.27823,1.2783,1.20,5.40
2012.01.18 03:09:37.166,1.27823,1.27831,2.34,1.28
2012.01.18 03:09:37.241,1.27824,1.27832,2.04,1.43
2012.01.18 03:09:38.071,1.27822,1.27836,3.64,3.23
2012.01.18 03:09:38.162,1.27823,1.27837,3.64,3.23
2012.01.18 03:09:38.304,1.27826,1.27836,4.39,3.23
2012.01.18 03:09:38.730,1.27828,1.27836,1.50,1.35
2012.01.18 03:09:39.022,1.27829,1.27837,1.50,1.35
2012.01.18 03:09:39.099,1.27829,1.27839,2.25,1.65
2012.01.18 03:09:39.251,1.2783,1.2784,4.20,2.55
2012.01.18 03:09:39.330,1.27831,1.27841,4.20,2.55
2012.01.18 03:09:39.886,1.27834,1.27839,1.20,1.43
2012.01.18 03:09:40.298,1.27834,1.27841,1.50,1.39
2012.01.18 03:09:40.374,1.27836,1.27841,1.50,1.20
2012.01.18 03:09:40.521,1.27836,1.27843,2.25,1.20
2012.01.18 03:09:40.923,1.27836,1.27844,1.95,2.55
2012.01.18 03:09:41.409,1.27837,1.27845,1.95,1.88
2012.01.18 03:09:41.917,1.27838,1.27845,1.20,2.18
2012.01.18 03:09:42.462,1.27839,1.27846,1.20,3.45
2012.01.18 03:09:43.223,1.27844,1.27853,1.95,3.45
2012.01.18 03:09:43.763,1.27844,1.27853,1.95,3.45
2012.01.18 03:09:45.984,1.27844,1.27853,1.95,3.60
2012.01.18 03:09:46.520,1.27844,1.27853,1.95,4.35
2012.01.18 03:09:46.857,1.27842,1.27849,3.45,1.52
2012.01.18 03:09:47.342,1.27842,1.2785,2.70,1.50
2012.01.18 03:09:47.867,1.27847,1.27853,1.50,2.25
2012.01.18 03:09:47.942,1.27846,1.27855,2.70,4.24
2012.01.18 03:09:48.018,1.2785,1.27855,1.20,3.87
2012.01.18 03:09:48.238,1.2785,1.27856,1.95,2.25
2012.01.18 03:09:49.305,1.27851,1.27856,1.20,2.25
2012.01.18 03:09:50.156,1.27851,1.27856,1.20,3.00
2012.01.18 03:09:50.676,1.2785,1.27856,1.20,3.00
2012.01.18 03:09:51.211,1.2785,1.27855,1.20,1.50
2012.01.18 03:09:51.285,1.27848,1.27855,2.25,1.50
2012.01.18 03:09:51.624,1.2785,1.27856,1.20,2.25
2012.01.18 03:09:51.692,1.27848,1.27856,2.25,2.25
2012.01.18 03:09:51.942,1.27848,1.27853,1.50,1.13
2012.01.18 03:09:52.084,1.27845,1.27849,1.20,1.50
2012.01.18 03:09:52.638,1.27842,1.27849,1.20,3.00
2012.01.18 03:09:52.994,1.27842,1.27848,1.20,1.50
2012.01.18 03:09:53.453,1.27842,1.27849,1.20,3.60
2012.01.18 03:09:55.017,1.2784,1.27849,1.95,4.35
2012.01.18 03:09:55.538,1.2784,1.27849,1.95,3.60
2012.01.18 03:09:55.992,1.2784,1.27849,1.95,2.85
2012.01.18 03:09:56.062,1.2784,1.27849,1.95,4.35
2012.01.18 03:09:56.514,1.2784,1.27846,1.95,1.88
2012.01.18 03:09:56.657,1.27837,1.27842,1.13,1.20
2012.01.18 03:09:56.871,1.27832,1.27839,1.20,1.50
2012.01.18 03:09:56.946,1.27832,1.27836,1.20,1.50
2012.01.18 03:09:57.228,1.27832,1.27839,1.20,2.85
2012.01.18 03:09:57.757,1.27829,1.27837,4.20,1.95
2012.01.18 03:09:58.293,1.27829,1.27836,2.70,1.50
2012.01.18 03:09:59.196,1.27828,1.27835,2.25,1.20
2012.01.18 03:09:59.737,1.27828,1.27835,1.95,1.88
2012.01.18 03:10:00.494,1.27828,1.27833,1.20,1.50
2012.01.18 03:10:02.312,1.27827,1.27833,1.95,1.50
2012.01.18 03:10:02.812,1.27827,1.27834,1.20,1.88
2012.01.18 03:10:03.412,1.27827,1.27834,1.95,1.88
2012.01.18 03:10:03.945,1.27827,1.27834,1.95,1.88
2012.01.18 03:10:04.509,1.27827,1.27834,1.95,1.88
2012.01.18 03:10:05.045,1.27827,1.27834,1.95,1.88
2012.01.18 03:10:05.596,1.27827,1.27834,1.95,1.88
2012.01.18 03:10:06.232,1.27827,1.27834,1.95,1.88
2012.01.18 03:10:06.773,1.27827,1.27834,1.95,1.88
2012.01.18 03:10:07.320,1.27827,1.27834,1.95,1.50
2012.01.18 03:10:07.825,1.27827,1.27834,1.95,1.50
2012.01.18 03:10:08.372,1.27827,1.27834,1.95,1.50
2012.01.18 03:10:08.885,1.27827,1.27833,1.20,1.50
2012.01.18 03:10:09.028,1.27823,1.27833,7.20,1.88
2012.01.18 03:10:09.110,1.27823,1.27829,1.95,1.50
2012.01.18 03:10:09.591,1.27823,1.27832,1.95,2.63
2012.01.18 03:10:10.355,1.27822,1.27831,3.45,1.20
2012.01.18 03:10:10.753,1.27822,1.27831,3.45,2.97
2012.01.18 03:10:11.631,1.27822,1.27831,2.25,1.39
2012.01.18 03:10:11.703,1.27821,1.27829,3.45,1.50
2012.01.18 03:10:11.892,1.27821,1.27829,3.45,1.50
2012.01.18 03:10:12.354,1.27823,1.27829,1.20,1.50
2012.01.18 03:10:12.493,1.27823,1.27831,2.70,2.44
2012.01.18 03:10:13.515,1.27829,1.27833,1.20,2.18
2012.01.18 03:10:13.655,1.27829,1.27835,1.20,5.82
2012.01.18 03:10:13.796,1.27824,1.27832,1.95,2.97
2012.01.18 03:10:13.995,1.27826,1.27832,1.50,4.47
2012.01.18 03:10:14.323,1.27824,1.27831,1.20,1.69
2012.01.18 03:10:14.410,1.27822,1.27831,1.20,2.44
2012.01.18 03:10:15.023,1.27822,1.27831,1.20,1.69
2012.01.18 03:10:15.753,1.27822,1.27832,1.95,2.14
2012.01.18 03:10:16.085,1.27825,1.27833,1.20,1.69
2012.01.18 03:10:18.682,1.27825,1.27833,1.20,1.13
2012.01.18 03:10:19.860,1.27825,1.27833,1.20,1.13
2012.01.18 03:10:20.782,1.27825,1.27832,1.20,1.13
2012.01.18 03:10:21.292,1.27824,1.27831,1.20,2.25
2012.01.18 03:10:21.621,1.27824,1.27829,1.20,1.88
2012.01.18 03:10:22.532,1.27821,1.2783,3.45,2.52
2012.01.18 03:10:24.847,1.27821,1.27831,2.70,5.22
2012.01.18 03:10:25.284,1.27824,1.27831,1.20,4.02
2012.01.18 03:10:27.712,1.27824,1.27831,1.20,3.00
2012.01.18 03:10:28.521,1.27826,1.27831,1.20,2.25
2012.01.18 03:10:30.551,1.27823,1.2783,1.20,2.25
2012.01.18 03:10:30.884,1.27827,1.27833,1.20,1.69
2012.01.18 03:10:31.292,1.27827,1.27833,1.20,4.69
2012.01.18 03:10:31.842,1.27827,1.27833,1.20,5.44
2012.01.18 03:10:33.231,1.27826,1.27833,1.20,5.25
2012.01.18 03:10:41.862,1.27826,1.27831,1.20,2.25
2012.01.18 03:10:42.381,1.27826,1.27831,1.20,2.25
2012.01.18 03:10:48.161,1.27826,1.27831,1.20,3.00
2012.01.18 03:10:48.715,1.27826,1.27831,1.20,1.50
2012.01.18 03:10:50.431,1.27826,1.27833,1.20,2.25
2012.01.18 03:10:51.942,1.27826,1.27831,1.20,1.50
2012.01.18 03:10:52.027,1.27823,1.27831,1.20,1.95
2012.01.18 03:10:52.097,1.27823,1.27829,1.20,1.50
2012.01.18 03:10:54.341,1.27822,1.27829,1.20,2.25
2012.01.18 03:10:54.841,1.27822,1.27829,1.20,2.25
2012.01.18 03:10:55.480,1.27822,1.27829,1.20,1.50
2012.01.18 03:10:57.263,1.27822,1.27829,1.20,2.25
2012.01.18 03:10:57.778,1.27822,1.27829,1.20,1.50
2012.01.18 03:11:00.561,1.27822,1.27829,1.20,2.25
2012.01.18 03:11:01.745,1.27822,1.27829,1.20,1.50
2012.01.18 03:11:02.663,1.27822,1.27829,1.39,2.25
2012.01.18 03:11:03.233,1.27822,1.27829,1.39,1.50
2012.01.18 03:11:11.294,1.27822,1.27829,1.20,2.25
2012.01.18 03:11:12.086,1.27821,1.27829,2.25,2.25
2012.01.18 03:11:13.310,1.27822,1.27829,1.20,2.25
2012.01.18 03:11:14.400,1.27821,1.27829,2.70,3.45
2012.01.18 03:11:15.192,1.27818,1.27824,2.63,1.50
2012.01.18 03:11:15.268,1.27818,1.27824,3.08,2.25
2012.01.18 03:11:15.418,1.2782,1.27828,1.50,2.25
2012.01.18 03:11:15.499,1.27817,1.27827,2.25,1.69
2012.01.18 03:11:15.645,1.27814,1.27824,3.65,2.25
2012.01.18 03:11:15.990,1.27817,1.27824,5.70,1.50
2012.01.18 03:11:16.073,1.2782,1.27829,1.20,2.25
2012.01.18 03:11:16.831,1.2782,1.27829,1.39,2.25
2012.01.18 03:11:17.433,1.27822,1.27829,1.20,1.50
2012.01.18 03:11:17.505,1.27822,1.27829,1.20,2.25
2012.01.18 03:11:18.833,1.27823,1.27829,1.20,2.25
2012.01.18 03:11:18.906,1.27825,1.2783,1.20,2.25
2012.01.18 03:11:21.893,1.27825,1.27832,1.20,2.25
2012.01.18 03:11:23.245,1.27825,1.27832,1.20,2.25
2012.01.18 03:11:23.454,1.27825,1.27832,1.20,2.25
2012.01.18 03:11:23.725,1.27827,1.27832,1.20,2.25
2012.01.18 03:11:26.400,1.27825,1.27831,1.50,1.13
2012.01.18 03:11:26.758,1.27821,1.27834,1.35,1.69
2012.01.18 03:11:26.914,1.27823,1.27831,1.13,1.50
2012.01.18 03:11:27.596,1.27822,1.2783,2.33,1.50
2012.01.18 03:11:28.141,1.27822,1.27829,2.63,1.95
2012.01.18 03:11:29.986,1.27821,1.27828,4.02,1.20
2012.01.18 03:11:30.622,1.2782,1.27827,1.20,3.38
2012.01.18 03:11:30.778,1.27819,1.27827,1.50,2.25
2012.01.18 03:11:31.337,1.27818,1.27826,1.50,1.95
2012.01.18 03:11:31.882,1.27817,1.27825,1.50,2.25
2012.01.18 03:11:32.382,1.27817,1.27824,1.20,1.50
2012.01.18 03:11:32.883,1.27817,1.27823,4.47,1.50
2012.01.18 03:11:32.964,1.27809,1.27817,1.69,1.95
2012.01.18 03:11:33.791,1.27809,1.27818,1.69,1.95
2012.01.18 03:11:34.328,1.27809,1.27816,1.50,1.20
2012.01.18 03:11:34.888,1.27808,1.27815,1.20,2.25
2012.01.18 03:11:37.604,1.27805,1.27809,1.20,1.50
2012.01.18 03:11:37.879,1.27803,1.27809,2.25,1.95
2012.01.18 03:11:37.963,1.27801,1.27809,6.15,1.95
2012.01.18 03:11:38.497,1.27801,1.27807,2.25,1.95
2012.01.18 03:11:39.034,1.27794,1.278,1.50,1.20
2012.01.18 03:11:39.707,1.27796,1.27802,1.20,1.50
2012.01.18 03:11:40.057,1.27797,1.27803,2.14,1.50
2012.01.18 03:11:40.265,1.27801,1.27807,1.20,3.75
2012.01.18 03:11:40.642,1.27802,1.2781,2.70,3.38
2012.01.18 03:11:40.987,1.27804,1.2781,1.20,1.50
2012.01.18 03:11:41.397,1.27804,1.27814,3.83,1.62
2012.01.18 03:11:41.760,1.27804,1.27814,3.83,1.62
2012.01.18 03:11:42.155,1.27808,1.27816,1.50,3.45
2012.01.18 03:11:43.862,1.27808,1.27816,1.50,3.45
2012.01.18 03:11:44.917,1.27807,1.27816,1.35,1.50
2012.01.18 03:11:45.265,1.27802,1.27809,1.50,1.69
2012.01.18 03:11:45.338,1.278,1.27807,2.25,1.95
2012.01.18 03:11:45.424,1.27803,1.27809,1.50,2.44
2012.01.18 03:11:45.958,1.27803,1.27808,1.50,2.70
2012.01.18 03:11:46.039,1.278,1.27804,3.75,1.50
2012.01.18 03:11:46.117,1.27798,1.27808,2.14,4.20
2012.01.18 03:11:46.338,1.27798,1.27806,1.58,1.50
2012.01.18 03:11:46.627,1.27794,1.27804,2.70,6.45
2012.01.18 03:11:47.486,1.27794,1.27801,1.20,1.50
2012.01.18 03:11:48.004,1.27794,1.27802,1.20,1.95
2012.01.18 03:11:48.146,1.27794,1.27802,1.20,1.20
2012.01.18 03:11:48.552,1.27796,1.27802,1.50,1.20
2012.01.18 03:11:49.683,1.27798,1.27803,1.50,1.20
2012.01.18 03:11:50.251,1.27798,1.27805,1.50,1.95
2012.01.18 03:11:50.394,1.27796,1.27803,1.50,1.20
2012.01.18 03:11:50.938,1.27796,1.27804,1.50,1.50
2012.01.18 03:11:52.794,1.27791,1.27799,2.25,1.88
2012.01.18 03:11:52.940,1.27792,1.278,2.70,2.63
2012.01.18 03:11:53.084,1.27789,1.27795,1.50,1.20
2012.01.18 03:11:53.598,1.27795,1.27799,1.20,4.50
2012.01.18 03:11:53.689,1.27796,1.27803,1.50,1.95
2012.01.18 03:11:54.222,1.27795,1.27802,1.20,2.25
2012.01.18 03:11:57.035,1.27795,1.27802,1.20,3.60
2012.01.18 03:11:57.581,1.27794,1.27801,1.50,2.70
2012.01.18 03:12:01.622,1.27794,1.27802,2.70,4.80
2012.01.18 03:12:02.302,1.27794,1.27802,2.70,4.20
2012.01.18 03:12:05.296,1.27794,1.27801,1.50,1.50
2012.01.18 03:12:05.835,1.27794,1.27801,1.50,1.50
2012.01.18 03:12:08.262,1.27794,1.27802,1.50,5.14
2012.01.18 03:12:12.014,1.27794,1.27802,1.50,4.95
2012.01.18 03:12:14.842,1.27794,1.27801,1.50,1.50
2012.01.18 03:12:16.801,1.27794,1.27802,1.50,4.95
2012.01.18 03:12:18.982,1.27794,1.27802,1.50,4.95
2012.01.18 03:12:19.055,1.27794,1.278,1.50,1.20
2012.01.18 03:12:22.033,1.27792,1.278,3.45,1.50
2012.01.18 03:12:23.240,1.27792,1.278,3.45,1.50
2012.01.18 03:12:23.311,1.27793,1.27802,2.25,3.64
2012.01.18 03:12:24.099,1.27793,1.27802,1.50,3.45
2012.01.18 03:12:24.632,1.27793,1.27802,1.50,2.70
2012.01.18 03:12:25.192,1.27793,1.27802,1.50,3.45
2012.01.18 03:12:25.454,1.27791,1.27799,1.20,2.44
2012.01.18 03:12:25.973,1.27791,1.27799,1.20,2.44
2012.01.18 03:12:26.243,1.2779,1.27796,1.20,1.69
2012.01.18 03:12:29.121,1.27788,1.27796,2.70,1.50
2012.01.18 03:12:31.395,1.27788,1.27796,2.70,2.25
2012.01.18 03:12:32.056,1.27788,1.27796,2.70,2.25
2012.01.18 03:12:41.762,1.27789,1.27796,1.20,2.44
2012.01.18 03:13:14.323,1.27788,1.27796,2.70,1.50
2012.01.18 03:13:20.427,1.27788,1.27796,3.45,1.50
2012.01.18 03:13:21.810,1.27788,1.27796,2.70,1.50
2012.01.18 03:13:26.250,1.27788,1.27797,1.20,1.58
2012.01.18 03:13:37.011,1.27788,1.27795,1.20,1.50
2012.01.18 03:13:37.205,1.27785,1.27794,3.04,1.20
2012.01.18 03:13:37.407,1.27785,1.27792,2.25,2.33
2012.01.18 03:13:37.947,1.27784,1.27792,1.50,2.63
2012.01.18 03:13:38.262,1.27783,1.2779,1.95,1.50
2012.01.18 03:13:39.907,1.27779,1.27783,2.25,2.25
2012.01.18 03:13:40.049,1.2778,1.27786,1.95,3.94
2012.01.18 03:13:40.130,1.27778,1.27786,1.20,3.19
2012.01.18 03:13:40.211,1.27778,1.27784,1.20,1.50
2012.01.18 03:13:40.290,1.27776,1.27784,1.50,2.70
2012.01.18 03:13:40.508,1.27776,1.27784,3.27,2.70
2012.01.18 03:13:40.865,1.27777,1.27785,1.50,2.44
2012.01.18 03:13:41.074,1.27781,1.2779,1.95,2.25
2012.01.18 03:13:41.761,1.27781,1.2779,1.95,1.88
2012.01.18 03:13:49.788,1.27781,1.2779,1.20,6.00
2012.01.18 03:13:50.245,1.27781,1.2779,1.95,6.00
2012.01.18 03:13:50.314,1.27783,1.2779,1.50,4.50
2012.01.18 03:13:50.951,1.27781,1.2779,1.20,6.75
2012.01.18 03:13:52.217,1.27781,1.27789,1.20,6.08
2012.01.18 03:13:52.723,1.27781,1.27789,1.20,2.33
2012.01.18 03:13:53.575,1.27781,1.27789,1.95,1.20
2012.01.18 03:13:54.118,1.27781,1.27789,3.45,2.70
2012.01.18 03:13:56.743,1.27781,1.27789,2.70,4.47
2012.01.18 03:13:57.266,1.27778,1.27785,1.95,1.50
2012.01.18 03:13:57.776,1.27778,1.27786,1.20,2.70
2012.01.18 03:13:59.185,1.27779,1.27788,1.20,2.63
2012.01.18 03:13:59.742,1.2778,1.27789,1.50,2.33
2012.01.18 03:14:01.278,1.27782,1.2779,1.20,2.44
2012.01.18 03:14:01.841,1.27783,1.27791,1.50,2.25
2012.01.18 03:14:02.443,1.27784,1.27791,1.20,2.25
2012.01.18 03:14:02.959,1.27784,1.27791,1.20,2.25
2012.01.18 03:14:08.757,1.27784,1.27791,1.20,2.25
2012.01.18 03:14:09.511,1.27784,1.27791,1.20,1.50
2012.01.18 03:14:11.801,1.27784,1.27792,1.20,5.33
2012.01.18 03:14:13.800,1.27784,1.27792,1.20,5.33
2012.01.18 03:14:15.917,1.27782,1.27791,1.50,1.95
2012.01.18 03:14:16.475,1.27782,1.2779,1.50,1.69
2012.01.18 03:14:18.242,1.27782,1.27791,2.25,1.95
2012.01.18 03:14:18.792,1.27782,1.27791,2.25,2.70
2012.01.18 03:14:21.631,1.27781,1.2779,1.20,6.00
2012.01.18 03:14:21.835,1.27783,1.27791,1.50,4.20
2012.01.18 03:14:22.381,1.27783,1.27791,2.25,3.45
2012.01.18 03:14:35.221,1.27783,1.27791,2.25,2.25
2012.01.18 03:14:39.822,1.27783,1.27791,2.25,2.25
2012.01.18 03:14:43.920,1.27783,1.27791,2.25,2.25
2012.01.18 03:14:46.121,1.27783,1.27791,1.50,3.00
2012.01.18 03:14:46.623,1.27783,1.27791,1.50,2.25
2012.01.18 03:14:54.346,1.27784,1.27791,1.20,2.25
2012.01.18 03:14:56.799,1.27778,1.27786,1.54,1.13
2012.01.18 03:14:56.881,1.27777,1.27784,2.70,2.25
2012.01.18 03:14:56.953,1.27777,1.27784,2.70,2.25
2012.01.18 03:14:57.095,1.27778,1.27787,3.00,5.33
2012.01.18 03:14:57.236,1.27778,1.27787,2.25,5.33
2012.01.18 03:14:57.929,1.27779,1.27787,2.25,2.70
2012.01.18 03:14:59.169,1.27783,1.27789,1.20,1.50
2012.01.18 03:14:59.727,1.27783,1.2779,2.70,2.25
2012.01.18 03:15:00.987,1.27783,1.2779,2.70,2.25
2012.01.18 03:15:01.524,1.27783,1.2779,2.70,1.50
2012.01.18 03:15:05.890,1.27782,1.2779,1.20,4.95
2012.01.18 03:15:07.295,1.27783,1.2779,1.50,2.70
2012.01.18 03:15:24.828,1.27783,1.27789,1.20,1.50
2012.01.18 03:15:49.464,1.27779,1.27783,1.13,1.20
2012.01.18 03:15:49.749,1.27774,1.2778,3.27,1.50
2012.01.18 03:15:50.098,1.27773,1.2778,1.50,1.50
2012.01.18 03:15:52.165,1.27772,1.2778,3.75,1.50
2012.01.18 03:15:52.724,1.27772,1.2778,3.94,1.50
2012.01.18 03:15:53.236,1.27774,1.27781,2.25,1.20
2012.01.18 03:15:55.042,1.27774,1.27782,2.25,3.45
2012.01.18 03:15:56.994,1.27774,1.27782,1.50,3.45
2012.01.18 03:15:57.544,1.27774,1.27782,1.50,3.45
2012.01.18 03:16:01.371,1.27774,1.27782,2.25,2.25
2012.01.18 03:16:02.181,1.27774,1.27782,2.25,1.50
2012.01.18 03:16:03.941,1.27774,1.27781,1.50,1.20
2012.01.18 03:16:05.322,1.27774,1.27782,2.70,1.50
2012.01.18 03:16:05.392,1.27774,1.27782,3.45,1.50
2012.01.18 03:16:06.000,1.27774,1.27782,2.70,1.50
2012.01.18 03:16:11.934,1.27772,1.27777,2.25,1.20
2012.01.18 03:16:11.992,1.27765,1.27775,1.69,1.20
2012.01.18 03:16:12.522,1.27767,1.27774,1.39,1.50
2012.01.18 03:16:12.738,1.27764,1.27771,2.44,1.20
2012.01.18 03:16:13.014,1.27761,1.27771,4.05,3.45
2012.01.18 03:16:14.595,1.27761,1.27771,4.24,3.45
2012.01.18 03:16:14.963,1.27761,1.27771,4.24,3.45
2012.01.18 03:16:15.091,1.27761,1.27771,4.24,3.45
2012.01.18 03:16:15.161,1.27761,1.27771,4.24,3.45
2012.01.18 03:16:15.722,1.27761,1.27771,4.24,3.45
2012.01.18 03:16:16.598,1.27761,1.27771,4.05,3.45
2012.01.18 03:16:17.143,1.27761,1.27771,4.05,3.45
2012.01.18 03:16:17.523,1.27761,1.27771,4.05,3.45
2012.01.18 03:16:18.082,1.27762,1.27771,1.20,2.25
2012.01.18 03:16:21.472,1.27762,1.27771,1.20,2.25
2012.01.18 03:16:21.994,1.27762,1.27771,1.39,2.25
2012.01.18 03:16:22.501,1.27762,1.27771,1.20,2.25
2012.01.18 03:16:24.076,1.27765,1.27771,1.20,2.25
2012.01.18 03:16:24.613,1.27765,1.27774,1.50,1.95
2012.01.18 03:16:25.005,1.27764,1.2777,1.20,1.50
2012.01.18 03:16:26.014,1.27764,1.27772,2.70,1.95
2012.01.18 03:16:26.764,1.27764,1.2777,1.20,1.50
2012.01.18 03:16:41.302,1.27764,1.27768,1.20,1.50
2012.01.18 03:16:41.584,1.27765,1.27772,1.95,1.50
2012.01.18 03:16:41.914,1.27764,1.27769,1.20,1.50
2012.01.18 03:16:44.531,1.27764,1.27772,1.20,3.45
2012.01.18 03:16:45.063,1.27764,1.2777,1.20,1.50
2012.01.18 03:16:48.204,1.27762,1.2777,1.20,1.50
2012.01.18 03:16:54.304,1.27763,1.2777,1.20,2.25
2012.01.18 03:17:05.894,1.27763,1.27771,2.70,1.50
2012.01.18 03:17:06.164,1.27765,1.27771,1.20,1.50
2012.01.18 03:17:06.507,1.27765,1.27774,1.95,1.69
2012.01.18 03:17:06.589,1.27767,1.27775,1.50,2.70
2012.01.18 03:17:06.943,1.27765,1.27773,1.65,1.50
2012.01.18 03:17:07.272,1.27764,1.2777,1.20,1.50
2012.01.18 03:17:07.402,1.27764,1.27772,2.70,1.50
2012.01.18 03:17:07.953,1.27763,1.27771,2.70,1.50
2012.01.18 03:17:08.238,1.27763,1.27773,4.95,2.89
2012.01.18 03:17:08.316,1.27763,1.27773,5.85,2.89
2012.01.18 03:17:09.442,1.27765,1.27773,2.85,1.50
2012.01.18 03:17:11.252,1.27766,1.27773,1.50,1.50
2012.01.18 03:17:11.394,1.27766,1.27775,3.00,1.95
2012.01.18 03:17:11.654,1.27766,1.27774,2.25,1.77
2012.01.18 03:17:11.935,1.27763,1.27771,1.95,1.50
2012.01.18 03:17:12.486,1.27763,1.27771,1.95,1.50
2012.01.18 03:17:12.684,1.27763,1.27771,1.95,1.50
2012.01.18 03:17:13.085,1.27764,1.27774,1.50,2.25
2012.01.18 03:17:13.623,1.27764,1.27774,2.25,2.25
2012.01.18 03:17:14.119,1.27763,1.2777,1.95,1.50
2012.01.18 03:17:14.722,1.27763,1.2777,1.95,1.50
2012.01.18 03:17:15.653,1.27763,1.2777,1.20,1.50
2012.01.18 03:17:16.401,1.27763,1.2777,1.95,1.88
2012.01.18 03:17:16.991,1.27763,1.2777,1.20,1.88
2012.01.18 03:17:18.299,1.27763,1.2777,1.95,1.88
2012.01.18 03:17:19.734,1.27763,1.27771,3.45,1.50
2012.01.18 03:17:20.534,1.27763,1.27771,2.70,1.50
2012.01.18 03:17:23.203,1.27763,1.27771,2.70,1.88
2012.01.18 03:17:23.714,1.27765,1.27772,1.50,1.77
2012.01.18 03:17:23.983,1.27765,1.27773,1.50,1.69
2012.01.18 03:17:24.298,1.27768,1.27775,1.50,4.47
2012.01.18 03:17:24.372,1.27768,1.27775,1.50,2.70
2012.01.18 03:17:30.903,1.27768,1.27775,1.50,2.22
2012.01.18 03:17:32.691,1.27766,1.27774,1.50,2.44
2012.01.18 03:17:33.243,1.27766,1.27774,1.50,1.69
2012.01.18 03:17:34.572,1.27764,1.27772,2.25,1.50
2012.01.18 03:17:35.096,1.27764,1.27771,1.20,1.50
2012.01.18 03:17:35.233,1.27761,1.2777,1.69,1.95
2012.01.18 03:17:35.868,1.27761,1.2777,1.69,2.70
2012.01.18 03:17:36.464,1.27761,1.2777,1.50,2.70
2012.01.18 03:17:37.332,1.27761,1.2777,1.50,2.70
2012.01.18 03:17:37.585,1.27763,1.27771,1.50,1.95
2012.01.18 03:17:37.938,1.27767,1.27775,1.50,1.95
2012.01.18 03:17:38.226,1.27765,1.27775,2.70,3.45
2012.01.18 03:17:38.416,1.27765,1.27775,3.45,3.45
2012.01.18 03:17:40.249,1.27767,1.27775,1.50,1.95
2012.01.18 03:17:40.893,1.27763,1.27773,3.45,1.50
2012.01.18 03:17:41.438,1.27763,1.27773,3.45,1.50
2012.01.18 03:17:42.415,1.27763,1.27773,4.20,1.50
2012.01.18 03:17:42.744,1.27769,1.27775,1.50,1.95
2012.01.18 03:17:43.193,1.27767,1.27775,2.25,2.70
2012.01.18 03:17:43.271,1.27765,1.27773,1.50,1.50
2012.01.18 03:17:44.704,1.27763,1.27771,3.45,1.50
2012.01.18 03:17:46.182,1.27765,1.27771,1.20,1.50
2012.01.18 03:17:46.256,1.27765,1.27774,1.20,1.50
2012.01.18 03:17:46.626,1.27768,1.27775,1.50,1.95
2012.01.18 03:17:47.162,1.27769,1.27775,2.25,1.20
2012.01.18 03:17:47.687,1.27768,1.27775,2.25,1.20
2012.01.18 03:17:48.014,1.27767,1.27775,3.19,1.20
2012.01.18 03:17:48.594,1.27767,1.27775,3.19,1.20
2012.01.18 03:17:49.104,1.27768,1.27775,1.50,1.20
2012.01.18 03:17:49.657,1.27767,1.27772,2.44,1.20
2012.01.18 03:17:49.726,1.27765,1.27772,5.07,1.20
2012.01.18 03:17:50.201,1.27765,1.27772,1.50,1.20
2012.01.18 03:17:50.298,1.27768,1.27772,1.50,1.20
2012.01.18 03:17:50.613,1.27765,1.27772,1.50,1.20
2012.01.18 03:17:52.463,1.27765,1.27773,2.70,2.70
2012.01.18 03:17:52.596,1.27767,1.27775,1.50,2.25
2012.01.18 03:17:52.914,1.2777,1.27776,1.50,1.39
2012.01.18 03:17:53.484,1.27769,1.27776,1.50,1.39
2012.01.18 03:17:53.934,1.27769,1.27774,1.50,1.20
2012.01.18 03:17:55.837,1.27766,1.27774,3.45,1.20
2012.01.18 03:18:01.644,1.27769,1.27774,1.50,1.20
2012.01.18 03:18:02.658,1.27766,1.27774,1.95,1.20
2012.01.18 03:18:11.801,1.27767,1.27774,1.50,1.20
2012.01.18 03:18:17.062,1.27766,1.27774,3.45,2.70
2012.01.18 03:18:17.592,1.27766,1.27774,3.45,2.70
2012.01.18 03:18:18.133,1.27768,1.27774,1.50,1.20
2012.01.18 03:18:20.503,1.27768,1.27776,1.50,1.50
2012.01.18 03:18:20.646,1.27764,1.27774,3.45,1.58
2012.01.18 03:18:20.853,1.27765,1.27773,1.50,3.75
2012.01.18 03:18:21.369,1.27764,1.27774,3.45,1.58
2012.01.18 03:18:21.694,1.27767,1.27774,2.25,1.58
2012.01.18 03:18:22.222,1.27767,1.27773,2.25,1.20
2012.01.18 03:18:22.984,1.27767,1.27775,2.25,3.08
2012.01.18 03:18:23.517,1.27767,1.27775,2.25,2.70
2012.01.18 03:18:23.986,1.27765,1.27769,1.50,1.20
2012.01.18 03:18:24.059,1.27767,1.27774,1.50,3.47
2012.01.18 03:18:24.139,1.27766,1.2777,1.20,1.50
2012.01.18 03:18:24.216,1.27766,1.27772,1.20,1.50
2012.01.18 03:18:24.287,1.27766,1.27773,1.95,1.50
2012.01.18 03:18:24.428,1.27768,1.27774,1.50,1.20
2012.01.18 03:18:26.805,1.27766,1.27774,1.95,1.20
2012.01.18 03:18:27.336,1.27766,1.27774,1.95,1.20
2012.01.18 03:18:28.064,1.27766,1.27774,1.95,1.20
2012.01.18 03:18:28.276,1.2777,1.27778,2.70,1.50
2012.01.18 03:18:28.896,1.27767,1.27776,2.25,1.20
2012.01.18 03:18:28.964,1.27767,1.27776,2.25,1.20
2012.01.18 03:18:29.106,1.27767,1.27776,2.25,1.39
2012.01.18 03:18:29.175,1.27766,1.27773,1.95,1.50
2012.01.18 03:18:29.575,1.27766,1.27776,3.45,2.89
2012.01.18 03:18:30.455,1.27766,1.27776,3.45,2.89
2012.01.18 03:18:34.111,1.27766,1.27776,3.45,3.64
2012.01.18 03:18:36.112,1.27768,1.27776,1.20,2.44
2012.01.18 03:18:37.233,1.27766,1.27776,3.45,3.45
2012.01.18 03:18:37.752,1.27766,1.27776,3.45,2.70
2012.01.18 03:18:38.002,1.27769,1.27776,1.50,1.95
2012.01.18 03:18:40.212,1.27767,1.27775,2.25,1.50
2012.01.18 03:18:44.160,1.27765,1.27773,3.00,1.50
2012.01.18 03:18:44.583,1.27764,1.27771,1.20,1.50
2012.01.18 03:18:45.093,1.27765,1.27773,1.50,3.75
2012.01.18 03:18:47.383,1.27762,1.27768,1.50,1.13
2012.01.18 03:18:47.530,1.27763,1.27768,1.50,1.58
2012.01.18 03:18:47.608,1.27761,1.27768,1.50,1.20
2012.01.18 03:18:47.685,1.27763,1.27768,1.50,1.20
2012.01.18 03:18:48.245,1.27765,1.27769,1.50,1.20
2012.01.18 03:18:48.326,1.27762,1.27769,2.25,1.20
2012.01.18 03:18:48.665,1.27761,1.27767,1.20,1.50
2012.01.18 03:18:48.737,1.27761,1.27767,1.20,1.50
2012.01.18 03:18:48.808,1.27755,1.27767,1.95,4.20
2012.01.18 03:18:49.909,1.2776,1.27767,1.20,2.25
2012.01.18 03:18:50.126,1.2776,1.27768,1.20,2.70
2012.01.18 03:18:50.642,1.2776,1.27768,1.20,1.95
2012.01.18 03:18:53.034,1.2776,1.27768,1.20,1.95
2012.01.18 03:18:53.584,1.27759,1.27767,2.70,1.20
2012.01.18 03:18:53.917,1.27759,1.27764,1.50,1.20
2012.01.18 03:18:54.662,1.27757,1.27764,1.50,1.20
2012.01.18 03:18:58.932,1.2776,1.27764,1.50,1.20
2012.01.18 03:19:00.725,1.27758,1.27764,1.50,1.95
2012.01.18 03:19:03.427,1.2776,1.27764,1.50,1.95
2012.01.18 03:19:03.555,1.2776,1.27767,1.50,1.95
2012.01.18 03:19:04.094,1.2776,1.27767,1.50,1.95
2012.01.18 03:19:04.645,1.2776,1.27768,4.20,2.70
2012.01.18 03:19:04.858,1.27762,1.2777,1.50,6.94
2012.01.18 03:19:05.772,1.27762,1.2777,2.25,2.25
2012.01.18 03:19:06.304,1.27762,1.2777,1.50,3.00
2012.01.18 03:19:10.330,1.27764,1.27771,1.50,1.95
2012.01.18 03:19:10.876,1.27764,1.27771,2.25,1.20
2012.01.18 03:19:12.174,1.27765,1.27773,1.50,2.70
2012.01.18 03:19:20.987,1.27766,1.27773,1.20,1.50
2012.01.18 03:19:21.129,1.27766,1.27775,3.45,1.50
2012.01.18 03:19:22.271,1.27766,1.27775,3.45,1.50
2012.01.18 03:19:22.872,1.27766,1.27775,3.45,1.50
2012.01.18 03:19:23.556,1.27766,1.27776,2.70,4.95
2012.01.18 03:19:24.094,1.27764,1.27774,4.77,3.45
2012.01.18 03:19:27.810,1.27764,1.27774,3.83,3.45
2012.01.18 03:19:29.406,1.27764,1.27774,1.50,5.25
2012.01.18 03:19:33.061,1.27764,1.27773,1.50,1.95
2012.01.18 03:19:33.992,1.27764,1.27773,1.50,1.95
2012.01.18 03:19:34.551,1.27764,1.27773,1.50,1.95
2012.01.18 03:19:35.422,1.27764,1.27773,1.50,1.95
2012.01.18 03:19:35.957,1.27764,1.27773,1.50,1.95
2012.01.18 03:19:36.281,1.27764,1.27773,1.50,1.95
2012.01.18 03:19:38.613,1.27764,1.27773,1.50,1.95
2012.01.18 03:19:39.162,1.27764,1.27773,1.50,1.95
2012.01.18 03:19:39.291,1.27764,1.27773,1.50,1.95
2012.01.18 03:19:39.423,1.27764,1.27773,1.50,1.95
2012.01.18 03:19:39.940,1.27764,1.27773,1.50,1.95
2012.01.18 03:19:41.443,1.27765,1.27773,1.20,1.95
2012.01.18 03:19:55.395,1.27765,1.27773,1.20,1.95
2012.01.18 03:19:55.802,1.27765,1.27772,1.20,2.25
2012.01.18 03:19:56.319,1.27765,1.27773,1.20,2.70
2012.01.18 03:19:57.344,1.27765,1.27773,1.20,2.70
2012.01.18 03:19:57.857,1.27765,1.27773,1.20,2.70
2012.01.18 03:19:58.361,1.27765,1.27773,1.20,2.70
2012.01.18 03:19:58.936,1.27765,1.27773,1.20,1.95
2012.01.18 03:19:59.980,1.27764,1.27773,1.50,2.70
2012.01.18 03:20:00.545,1.27764,1.27773,1.50,2.70
2012.01.18 03:20:01.056,1.27764,1.27773,1.50,2.70
2012.01.18 03:20:01.185,1.27766,1.27773,1.50,2.70
2012.01.18 03:20:02.372,1.27765,1.27773,1.50,3.45
2012.01.18 03:20:05.608,1.27759,1.27766,2.10,2.63
2012.01.18 03:20:05.958,1.27764,1.27771,1.20,1.50
2012.01.18 03:20:06.530,1.27763,1.2777,1.50,1.95
2012.01.18 03:20:07.056,1.27762,1.2777,1.20,3.45
2012.01.18 03:20:07.853,1.27762,1.2777,2.70,1.95
2012.01.18 03:20:14.233,1.2776,1.27768,1.20,1.50
2012.01.18 03:20:14.310,1.27759,1.27765,1.20,1.50
2012.01.18 03:20:14.386,1.27759,1.27765,2.70,1.50
2012.01.18 03:20:14.529,1.27759,1.27767,2.70,1.69
2012.01.18 03:20:14.606,1.27759,1.27765,1.50,1.20
2012.01.18 03:20:14.673,1.27757,1.27765,4.20,2.70
2012.01.18 03:20:15.026,1.2776,1.27766,2.70,1.50
2012.01.18 03:20:15.373,1.2776,1.2777,1.39,2.70
2012.01.18 03:20:15.565,1.27763,1.2777,1.50,2.70
2012.01.18 03:20:15.874,1.27763,1.2777,1.50,2.70
2012.01.18 03:20:23.156,1.27763,1.2777,1.50,2.70
2012.01.18 03:20:23.710,1.27763,1.2777,1.50,2.70
2012.01.18 03:20:24.041,1.27763,1.2777,1.50,2.70
2012.01.18 03:20:24.200,1.27763,1.2777,1.50,2.70
2012.01.18 03:20:24.391,1.27763,1.2777,1.50,2.70
2012.01.18 03:20:24.941,1.27763,1.2777,1.50,2.70
2012.01.18 03:20:26.893,1.27763,1.27771,1.50,4.20
2012.01.18 03:20:27.773,1.27763,1.27771,1.50,4.20
2012.01.18 03:20:30.690,1.27763,1.27771,1.50,3.45
2012.01.18 03:20:33.167,1.27759,1.27765,1.88,1.95
2012.01.18 03:20:33.235,1.27757,1.27765,1.50,3.45
2012.01.18 03:20:33.435,1.27755,1.27763,3.45,2.25
2012.01.18 03:20:33.510,1.27755,1.27763,4.20,2.25
2012.01.18 03:20:33.796,1.27759,1.27767,1.50,2.63
2012.01.18 03:20:34.894,1.27759,1.27768,1.50,1.95
2012.01.18 03:20:35.682,1.27759,1.27768,1.50,1.95
2012.01.18 03:20:36.223,1.27759,1.27768,2.25,1.95
2012.01.18 03:20:36.880,1.27759,1.27768,1.50,1.95
2012.01.18 03:20:37.610,1.27759,1.27768,1.50,1.95
2012.01.18 03:20:38.681,1.27759,1.27768,1.50,1.95
2012.01.18 03:20:43.441,1.27759,1.27768,1.50,1.95
2012.01.18 03:20:43.510,1.27759,1.27768,1.50,1.95
2012.01.18 03:20:44.392,1.27759,1.27768,1.50,1.95
2012.01.18 03:20:46.021,1.27759,1.27768,1.50,1.95
2012.01.18 03:20:46.560,1.27759,1.27768,1.50,1.95
2012.01.18 03:20:48.864,1.2776,1.27768,1.20,1.95
2012.01.18 03:20:48.994,1.27763,1.27768,1.50,1.20
2012.01.18 03:20:49.184,1.27763,1.27771,1.50,1.95
2012.01.18 03:20:49.251,1.27763,1.27771,1.50,1.95
2012.01.18 03:20:50.361,1.27761,1.27771,2.70,3.45
2012.01.18 03:20:53.301,1.27763,1.27771,1.50,1.95
2012.01.18 03:20:54.162,1.27763,1.27771,1.50,1.95
2012.01.18 03:20:54.842,1.27763,1.27771,1.50,1.95
2012.01.18 03:20:55.383,1.27763,1.27772,1.50,5.70
2012.01.18 03:20:55.786,1.27763,1.27773,2.70,4.20
2012.01.18 03:20:55.857,1.27763,1.27773,3.45,4.20
2012.01.18 03:20:56.762,1.27763,1.2777,1.95,1.50
2012.01.18 03:20:57.402,1.27763,1.27773,3.45,4.20
2012.01.18 03:20:58.011,1.27763,1.27773,2.70,4.20
2012.01.18 03:20:58.551,1.27763,1.27773,3.45,4.20
2012.01.18 03:20:59.280,1.27763,1.27773,2.70,4.20
2012.01.18 03:21:00.643,1.27763,1.27773,2.70,4.20
2012.01.18 03:21:01.181,1.27763,1.27773,2.70,4.20
2012.01.18 03:21:01.710,1.27763,1.27773,3.45,4.20
2012.01.18 03:21:06.805,1.27763,1.27773,3.45,4.20
2012.01.18 03:21:09.791,1.27763,1.27773,2.70,4.20
2012.01.18 03:21:12.832,1.27763,1.27773,3.45,4.20
2012.01.18 03:21:13.361,1.27763,1.27773,3.45,4.20
2012.01.18 03:21:15.112,1.27763,1.27773,3.45,3.45
2012.01.18 03:21:20.814,1.27763,1.27773,2.70,4.20
2012.01.18 03:21:21.333,1.27762,1.27769,1.20,2.25
2012.01.18 03:21:22.021,1.27762,1.27768,1.20,2.25
2012.01.18 03:21:22.533,1.27762,1.27769,1.20,2.25
2012.01.18 03:21:24.120,1.27762,1.27769,1.20,1.50
2012.01.18 03:21:24.332,1.27763,1.27771,1.50,2.25
2012.01.18 03:21:25.000,1.27763,1.27771,2.25,1.50
2012.01.18 03:21:30.373,1.27762,1.2777,2.14,1.50
2012.01.18 03:21:30.752,1.27762,1.2777,2.14,1.50
2012.01.18 03:21:31.001,1.27762,1.2777,2.14,1.50
2012.01.18 03:21:31.071,1.27762,1.2777,2.14,1.50
2012.01.18 03:21:31.643,1.27762,1.2777,2.14,1.50
2012.01.18 03:21:32.190,1.27762,1.2777,2.14,1.50
2012.01.18 03:21:33.221,1.27762,1.2777,2.14,1.50
2012.01.18 03:21:33.757,1.27762,1.2777,2.14,1.50
2012.01.18 03:21:33.821,1.27762,1.2777,2.14,1.50
2012.01.18 03:21:34.441,1.27762,1.2777,2.14,1.50
2012.01.18 03:21:35.001,1.27763,1.2777,1.95,1.50
2012.01.18 03:21:40.141,1.27763,1.27771,3.45,1.50
2012.01.18 03:21:40.691,1.27763,1.27771,3.64,1.50
2012.01.18 03:21:41.321,1.27763,1.27771,3.64,1.50
2012.01.18 03:21:41.849,1.27763,1.27771,3.64,1.50
2012.01.18 03:21:42.011,1.27763,1.27771,3.64,1.50
2012.01.18 03:21:42.521,1.27763,1.27771,3.64,1.50
2012.01.18 03:21:43.083,1.27763,1.27771,3.64,1.50
2012.01.18 03:21:44.433,1.27763,1.27768,1.95,1.50
2012.01.18 03:21:57.454,1.27763,1.27773,1.95,1.20
2012.01.18 03:21:57.522,1.27763,1.2777,1.95,1.50
2012.01.18 03:21:57.593,1.27763,1.27773,1.95,1.20
2012.01.18 03:21:58.874,1.27762,1.27772,2.33,1.20
2012.01.18 03:21:59.403,1.27762,1.27772,2.33,1.20
2012.01.18 03:22:00.033,1.27761,1.27771,1.95,1.20
2012.01.18 03:22:02.424,1.27761,1.27771,1.95,1.58
2012.01.18 03:22:02.961,1.27761,1.27771,1.95,1.39
2012.01.18 03:22:11.454,1.27761,1.27771,1.95,2.14
2012.01.18 03:22:11.658,1.27761,1.27767,1.20,2.48
2012.01.18 03:22:11.935,1.27754,1.27762,4.05,1.95
2012.01.18 03:22:12.477,1.27754,1.27761,1.58,2.25
2012.01.18 03:22:13.012,1.27753,1.27761,1.88,2.25
2012.01.18 03:22:16.411,1.27754,1.27762,1.50,2.70
2012.01.18 03:22:16.944,1.27754,1.27762,1.88,1.95
2012.01.18 03:22:17.431,1.27754,1.27762,2.63,1.95
2012.01.18 03:22:17.652,1.27754,1.27762,1.50,1.20
2012.01.18 03:22:18.175,1.27754,1.27762,1.50,1.95
2012.01.18 03:22:19.117,1.27754,1.2776,1.50,1.20
2012.01.18 03:22:19.189,1.27752,1.27758,1.50,1.20
2012.01.18 03:22:19.333,1.27749,1.27756,2.25,3.00
2012.01.18 03:22:20.094,1.27749,1.27756,1.50,3.00
2012.01.18 03:22:20.626,1.27749,1.27754,1.20,2.25
2012.01.18 03:22:26.376,1.27748,1.27754,1.20,1.50
2012.01.18 03:22:26.891,1.27748,1.27754,1.20,2.25
2012.01.18 03:22:27.445,1.27744,1.27751,2.63,1.95
2012.01.18 03:22:28.578,1.27743,1.27751,4.58,1.20
2012.01.18 03:22:29.459,1.27743,1.27751,3.45,1.20
2012.01.18 03:22:29.808,1.27741,1.27748,1.50,1.50
2012.01.18 03:22:29.948,1.2774,1.27746,2.70,1.50
2012.01.18 03:22:30.284,1.2774,1.27749,2.70,2.25
2012.01.18 03:22:30.805,1.2774,1.27747,2.70,1.50
2012.01.18 03:22:31.743,1.2774,1.27747,1.50,3.45
2012.01.18 03:22:32.393,1.27735,1.27747,2.70,3.45
2012.01.18 03:22:32.782,1.27738,1.27746,2.70,1.20
2012.01.18 03:22:36.862,1.27738,1.27746,1.20,1.95
2012.01.18 03:22:37.423,1.27738,1.27746,2.70,1.95
2012.01.18 03:22:37.931,1.27738,1.27746,2.70,1.95
2012.01.18 03:22:39.070,1.27738,1.27746,2.70,1.95
2012.01.18 03:22:39.583,1.27738,1.27746,2.70,1.95
2012.01.18 03:22:40.103,1.27738,1.27746,1.95,1.95
2012.01.18 03:22:43.014,1.27738,1.27746,2.70,1.95
2012.01.18 03:22:43.262,1.27738,1.27746,3.45,1.95
2012.01.18 03:22:43.843,1.2774,1.27746,1.50,1.20
2012.01.18 03:22:48.554,1.27738,1.27746,3.45,1.95
2012.01.18 03:22:49.087,1.2774,1.27746,1.50,1.20
2012.01.18 03:22:49.593,1.27738,1.27746,1.95,1.20
2012.01.18 03:22:50.114,1.27738,1.27746,2.89,1.20
2012.01.18 03:22:50.470,1.27743,1.27749,3.60,1.20
2012.01.18 03:22:50.616,1.27746,1.27754,1.20,3.83
2012.01.18 03:22:50.805,1.27746,1.27754,1.95,3.08
2012.01.18 03:22:51.504,1.27745,1.27753,3.45,2.70
2012.01.18 03:22:56.346,1.27746,1.27753,1.50,1.20
2012.01.18 03:22:56.764,1.27748,1.27756,1.20,2.70
2012.01.18 03:22:56.850,1.27749,1.27756,2.25,1.20
2012.01.18 03:22:57.394,1.27749,1.27756,3.00,1.20
2012.01.18 03:22:57.922,1.27749,1.27756,3.00,1.20
2012.01.18 03:23:02.588,1.27749,1.27756,3.00,1.20
2012.01.18 03:23:03.129,1.27749,1.27756,3.00,1.20
2012.01.18 03:23:03.651,1.27749,1.27756,3.00,1.20
2012.01.18 03:23:04.338,1.27749,1.27756,3.00,1.20
2012.01.18 03:23:07.978,1.27749,1.27756,3.00,1.20
2012.01.18 03:23:08.531,1.27749,1.27756,3.00,1.20
2012.01.18 03:23:09.491,1.27749,1.27756,3.00,1.20
2012.01.18 03:23:11.412,1.27748,1.27755,2.70,1.50
2012.01.18 03:23:12.053,1.27749,1.27755,1.50,1.50
2012.01.18 03:23:14.162,1.27748,1.27755,2.70,1.50
2012.01.18 03:23:14.531,1.27748,1.27755,2.70,1.50
2012.01.18 03:23:15.088,1.27748,1.27755,2.70,1.50
2012.01.18 03:23:20.792,1.27749,1.27755,1.50,1.50
2012.01.18 03:23:21.452,1.27749,1.27755,1.50,1.50
2012.01.18 03:23:22.000,1.27749,1.27755,1.50,1.50
2012.01.18 03:23:22.662,1.27749,1.27755,1.50,1.50
2012.01.18 03:23:27.062,1.27748,1.27755,2.70,1.50
2012.01.18 03:23:27.621,1.27748,1.27755,2.70,1.50
2012.01.18 03:23:28.781,1.27748,1.27755,2.70,1.50
2012.01.18 03:23:28.851,1.27748,1.27755,2.70,1.50
2012.01.18 03:23:29.270,1.27748,1.27755,2.70,1.50
2012.01.18 03:23:29.340,1.27748,1.27755,2.70,1.50
2012.01.18 03:23:29.670,1.27748,1.27755,2.70,1.50
2012.01.18 03:23:30.000,1.27748,1.27755,2.70,1.50
2012.01.18 03:23:30.212,1.27748,1.27755,2.70,1.50
2012.01.18 03:23:30.283,1.27748,1.27755,2.70,1.50
2012.01.18 03:23:30.651,1.27748,1.27755,2.70,1.50
2012.01.18 03:23:30.871,1.27748,1.27755,2.70,1.50
2012.01.18 03:23:31.091,1.27748,1.27755,2.70,1.50
2012.01.18 03:23:31.513,1.27748,1.27755,2.70,1.50
2012.01.18 03:23:31.648,1.27748,1.27755,2.70,1.50
2012.01.18 03:23:31.921,1.27748,1.27755,2.70,1.50
2012.01.18 03:23:32.744,1.27748,1.27755,2.70,1.50
2012.01.18 03:23:33.301,1.27747,1.27755,4.39,2.70
2012.01.18 03:23:33.804,1.27747,1.27755,4.39,2.70
2012.01.18 03:23:34.332,1.27748,1.27755,1.20,1.50
2012.01.18 03:23:35.111,1.27748,1.27755,2.70,1.50
2012.01.18 03:23:35.881,1.27748,1.27755,2.70,1.50
2012.01.18 03:23:36.440,1.27748,1.27755,2.70,1.50
2012.01.18 03:23:36.981,1.27748,1.27755,2.70,1.50
2012.01.18 03:23:37.851,1.27748,1.27755,2.70,1.50
2012.01.18 03:23:38.435,1.27748,1.27755,1.95,1.50
2012.01.18 03:23:43.514,1.27747,1.27755,2.25,1.50
2012.01.18 03:23:47.676,1.27747,1.27755,1.50,2.85
2012.01.18 03:23:48.083,1.27744,1.27753,2.89,1.95
2012.01.18 03:23:48.620,1.27744,1.27753,2.70,1.95
2012.01.18 03:23:49.156,1.27744,1.27753,2.70,1.20
2012.01.18 03:23:51.268,1.27744,1.27753,3.45,1.20
2012.01.18 03:23:51.821,1.27744,1.27753,3.45,1.95
2012.01.18 03:23:53.333,1.27744,1.27753,2.70,1.95
2012.01.18 03:23:53.863,1.27744,1.27753,2.70,1.20
2012.01.18 03:23:56.122,1.27744,1.27753,2.70,1.95
2012.01.18 03:23:56.491,1.27744,1.27753,2.70,1.95
2012.01.18 03:24:01.282,1.27744,1.27753,2.70,1.95
2012.01.18 03:24:01.886,1.27744,1.27753,3.45,1.95
2012.01.18 03:24:14.794,1.27744,1.27753,3.45,1.20
2012.01.18 03:24:15.323,1.27744,1.27753,2.70,1.20
2012.01.18 03:24:22.103,1.27744,1.27752,2.25,1.20
2012.01.18 03:24:22.316,1.27744,1.27752,1.13,4.20
2012.01.18 03:24:22.525,1.27745,1.27755,3.45,4.73
2012.01.18 03:24:22.597,1.27748,1.27755,1.50,2.70
2012.01.18 03:24:22.937,1.27749,1.27756,1.95,2.25
2012.01.18 03:24:23.685,1.27748,1.27755,1.20,1.50
2012.01.18 03:24:24.423,1.27747,1.27755,1.50,1.50
2012.01.18 03:24:24.859,1.2775,1.27755,1.20,1.50
2012.01.18 03:24:25.127,1.27751,1.27758,1.50,2.70
2012.01.18 03:24:25.663,1.27752,1.27759,1.50,1.28
2012.01.18 03:24:26.473,1.27752,1.27759,1.50,1.20
2012.01.18 03:24:27.812,1.27751,1.27759,2.70,1.20
2012.01.18 03:24:28.084,1.27752,1.27759,1.50,1.28
2012.01.18 03:24:28.223,1.27752,1.27759,1.50,1.28
2012.01.18 03:24:29.152,1.27752,1.27759,1.50,1.28
2012.01.18 03:24:30.464,1.27752,1.27759,1.50,1.28
2012.01.18 03:24:31.004,1.27753,1.27759,1.50,1.28
2012.01.18 03:24:31.742,1.27752,1.27759,1.50,1.20
2012.01.18 03:24:33.111,1.27751,1.27759,3.45,1.20
2012.01.18 03:24:47.911,1.27751,1.27759,1.95,1.20
2012.01.18 03:24:48.618,1.27751,1.27759,1.95,1.20
2012.01.18 03:24:49.332,1.27751,1.27759,1.95,1.20
2012.01.18 03:24:49.913,1.27751,1.27759,1.95,1.20
2012.01.18 03:24:50.451,1.27751,1.27759,1.95,1.20
2012.01.18 03:24:51.231,1.27751,1.27759,1.95,1.20
2012.01.18 03:25:03.523,1.27751,1.27759,1.95,1.20
2012.01.18 03:25:03.881,1.27756,1.27762,1.20,1.50
2012.01.18 03:25:04.239,1.27757,1.27763,1.95,2.25
2012.01.18 03:25:04.589,1.2776,1.27766,1.50,2.70
2012.01.18 03:25:04.675,1.2776,1.27766,1.50,1.95
2012.01.18 03:25:04.747,1.27757,1.27763,1.50,1.50
2012.01.18 03:25:05.226,1.27762,1.27769,1.20,1.88
2012.01.18 03:25:05.312,1.27758,1.27766,3.45,4.50
2012.01.18 03:25:05.528,1.27756,1.27764,1.50,2.25
2012.01.18 03:25:05.738,1.27759,1.27769,2.70,3.83
2012.01.18 03:25:05.874,1.27759,1.27769,3.45,2.70
2012.01.18 03:25:05.946,1.27763,1.27769,1.20,1.50
2012.01.18 03:25:06.555,1.27763,1.2777,1.95,1.50
2012.01.18 03:25:08.827,1.27763,1.27767,1.20,1.50
2012.01.18 03:25:11.911,1.27756,1.27763,3.45,1.50
2012.01.18 03:25:11.988,1.27756,1.27763,1.20,2.25
2012.01.18 03:25:12.526,1.27756,1.27763,1.20,6.94
2012.01.18 03:25:13.913,1.27756,1.27763,1.20,3.94
2012.01.18 03:25:14.422,1.27755,1.27763,2.70,2.25
2012.01.18 03:25:16.885,1.27756,1.27763,1.20,3.00
2012.01.18 03:25:17.504,1.27758,1.27763,1.50,1.50
2012.01.18 03:25:17.582,1.27756,1.27764,1.50,1.50
2012.01.18 03:25:24.670,1.27757,1.27765,1.50,1.20
2012.01.18 03:25:24.745,1.27759,1.27767,1.20,2.70
2012.01.18 03:25:25.098,1.27761,1.27768,1.20,2.25
2012.01.18 03:25:25.633,1.27761,1.27768,1.95,1.50
2012.01.18 03:25:31.148,1.27761,1.27768,1.95,1.50
2012.01.18 03:25:31.682,1.27762,1.27768,1.95,1.50
2012.01.18 03:25:32.212,1.27762,1.27768,1.95,1.50
2012.01.18 03:25:36.104,1.27762,1.2777,2.70,2.70
2012.01.18 03:25:36.664,1.27762,1.2777,3.45,2.70
2012.01.18 03:25:47.171,1.27762,1.2777,3.45,2.70
2012.01.18 03:25:47.682,1.27762,1.2777,3.45,2.70
2012.01.18 03:25:48.232,1.27762,1.2777,3.45,3.45
2012.01.18 03:25:50.924,1.27763,1.2777,1.13,2.70
2012.01.18 03:25:51.720,1.27762,1.27771,1.95,3.00
2012.01.18 03:25:52.273,1.27761,1.27771,3.45,4.20
2012.01.18 03:25:54.771,1.27761,1.27771,4.20,4.20
2012.01.18 03:25:55.085,1.27761,1.27768,1.95,1.50
2012.01.18 03:25:55.230,1.27759,1.27765,1.50,1.50
2012.01.18 03:25:55.383,1.27757,1.27765,2.25,2.70
2012.01.18 03:25:55.996,1.27757,1.27765,1.50,3.83
2012.01.18 03:25:56.502,1.27757,1.27765,1.50,3.08
2012.01.18 03:25:57.978,1.27757,1.27765,1.50,8.14
2012.01.18 03:25:58.116,1.27755,1.27762,3.45,1.50
2012.01.18 03:25:58.303,1.27755,1.27763,3.45,2.25
2012.01.18 03:25:59.151,1.27755,1.27763,3.45,2.25
2012.01.18 03:26:01.152,1.27755,1.27763,3.45,3.00
2012.01.18 03:26:02.283,1.27755,1.27763,3.45,3.00
2012.01.18 03:26:09.174,1.27755,1.27763,2.25,2.25
2012.01.18 03:26:10.007,1.27755,1.27763,2.25,2.25
2012.01.18 03:26:10.540,1.27755,1.27763,2.25,2.25
2012.01.18 03:26:11.533,1.27754,1.27761,2.03,1.50
2012.01.18 03:26:12.972,1.27754,1.27763,2.78,6.00
2012.01.18 03:26:13.493,1.27754,1.27763,2.63,1.95
2012.01.18 03:26:16.146,1.27758,1.27763,1.50,2.55
2012.01.18 03:26:16.694,1.2776,1.27767,3.00,1.95
2012.01.18 03:26:17.214,1.27759,1.27766,1.50,1.50
2012.01.18 03:26:17.762,1.27759,1.27767,1.50,1.20
2012.01.18 03:26:18.911,1.27758,1.27767,3.38,1.20
2012.01.18 03:26:19.682,1.27759,1.27767,1.50,1.20
2012.01.18 03:26:21.004,1.27762,1.27768,1.20,1.50
2012.01.18 03:26:21.345,1.27763,1.2777,2.25,1.20
2012.01.18 03:26:21.902,1.27763,1.2777,2.25,1.20
2012.01.18 03:26:22.422,1.27763,1.2777,2.25,1.20
2012.01.18 03:26:23.274,1.27763,1.27771,3.45,1.50
2012.01.18 03:26:23.626,1.27765,1.27773,2.25,3.08
2012.01.18 03:26:23.971,1.27767,1.27775,2.25,1.50
2012.01.18 03:26:24.046,1.27769,1.27775,1.20,1.50
2012.01.18 03:26:24.190,1.27769,1.27777,2.70,2.44
2012.01.18 03:26:24.340,1.27772,1.27777,1.20,1.69
2012.01.18 03:26:24.557,1.27772,1.2778,3.45,3.45
2012.01.18 03:26:24.696,1.27772,1.2778,3.45,3.45
2012.01.18 03:26:25.234,1.27772,1.2778,3.45,2.70
2012.01.18 03:26:25.752,1.27772,1.2778,3.45,2.70
2012.01.18 03:26:26.458,1.27774,1.27782,1.95,1.95
2012.01.18 03:26:26.523,1.27774,1.27782,2.70,1.95
2012.01.18 03:26:27.065,1.27774,1.27782,2.70,1.95
2012.01.18 03:26:27.384,1.27774,1.27782,1.95,2.70
2012.01.18 03:26:29.717,1.27774,1.27782,1.20,3.45
2012.01.18 03:26:30.244,1.27772,1.2778,1.95,1.20
2012.01.18 03:26:30.314,1.27772,1.2778,2.70,1.20
2012.01.18 03:26:30.514,1.27771,1.27778,3.00,1.20
2012.01.18 03:26:30.586,1.27771,1.27778,1.50,1.20
2012.01.18 03:26:31.294,1.27771,1.27778,1.50,1.20
2012.01.18 03:26:31.764,1.2777,1.27778,1.95,2.33
2012.01.18 03:26:31.967,1.27768,1.27773,3.00,1.20
2012.01.18 03:26:32.377,1.27766,1.27773,2.25,1.20
2012.01.18 03:26:33.952,1.27766,1.27773,2.25,1.20
2012.01.18 03:26:34.303,1.27763,1.27773,4.20,2.70
2012.01.18 03:26:34.575,1.27763,1.27772,2.25,1.20
2012.01.18 03:26:35.563,1.27763,1.27772,2.25,1.20
2012.01.18 03:26:35.835,1.27763,1.27773,1.13,5.25
2012.01.18 03:26:36.395,1.27763,1.27771,1.13,2.70
2012.01.18 03:26:38.392,1.27763,1.27773,1.13,5.44
2012.01.18 03:26:38.462,1.27763,1.27771,1.13,2.70
2012.01.18 03:26:39.077,1.27763,1.27773,1.13,5.44
2012.01.18 03:26:39.303,1.27763,1.27771,1.13,2.70
2012.01.18 03:26:40.442,1.27763,1.27773,1.13,4.69
2012.01.18 03:26:40.991,1.27763,1.27771,1.13,2.70
2012.01.18 03:26:42.834,1.27764,1.27771,2.25,1.20
2012.01.18 03:26:43.115,1.27764,1.2777,1.13,1.50
2012.01.18 03:26:43.647,1.27763,1.2777,1.13,1.50
2012.01.18 03:26:44.745,1.27763,1.27771,1.13,2.70
2012.01.18 03:26:45.304,1.27763,1.2777,1.13,1.50
2012.01.18 03:26:46.102,1.27764,1.27771,2.25,2.70
2012.01.18 03:26:54.771,1.27764,1.27771,2.63,3.45
2012.01.18 03:26:57.317,1.27764,1.27771,2.63,3.45
2012.01.18 03:26:57.577,1.27761,1.27769,2.25,1.50
2012.01.18 03:26:57.792,1.2776,1.27767,2.25,1.20
2012.01.18 03:26:59.647,1.2776,1.27767,2.25,1.20
2012.01.18 03:27:00.182,1.2776,1.27767,2.25,1.20
2012.01.18 03:27:00.795,1.2776,1.27767,2.25,1.20
2012.01.18 03:27:01.313,1.27761,1.27767,1.50,1.20
2012.01.18 03:27:02.607,1.27761,1.27767,2.25,1.20
2012.01.18 03:27:04.336,1.2776,1.27767,2.25,1.20
2012.01.18 03:27:08.808,1.2776,1.27764,2.25,1.20
2012.01.18 03:27:09.016,1.27758,1.27764,1.50,1.20
2012.01.18 03:27:09.087,1.27756,1.27764,1.95,1.20
2012.01.18 03:27:09.625,1.27757,1.27763,1.50,1.20
2012.01.18 03:27:16.394,1.27756,1.27763,1.50,1.20
2012.01.18 03:27:23.784,1.27756,1.27763,1.50,1.95
2012.01.18 03:27:23.858,1.27755,1.27761,1.20,2.25
2012.01.18 03:27:24.396,1.27755,1.27762,2.70,2.25
2012.01.18 03:27:26.549,1.27755,1.27763,2.70,5.33
2012.01.18 03:27:28.131,1.27755,1.27762,2.70,1.50
2012.01.18 03:27:30.092,1.27755,1.27762,2.70,1.50
2012.01.18 03:27:36.145,1.27755,1.27762,2.70,1.50
2012.01.18 03:27:39.330,1.27756,1.27762,1.50,2.25
2012.01.18 03:27:39.735,1.27756,1.27765,1.50,1.77
2012.01.18 03:27:41.865,1.27756,1.27766,1.50,3.64
2012.01.18 03:27:43.956,1.27756,1.27764,1.50,1.52
2012.01.18 03:27:44.098,1.27751,1.27759,1.95,3.45
2012.01.18 03:27:44.616,1.27751,1.27759,1.95,3.45
2012.01.18 03:27:46.358,1.27751,1.27759,1.20,3.45
2012.01.18 03:27:46.883,1.27751,1.27759,1.20,2.70
2012.01.18 03:27:47.974,1.27755,1.27759,1.50,1.95
2012.01.18 03:27:48.177,1.27756,1.27764,1.50,1.20
2012.01.18 03:27:48.934,1.27754,1.27764,3.45,2.70
2012.01.18 03:27:49.935,1.27754,1.27762,3.45,1.20
2012.01.18 03:27:50.618,1.27754,1.27759,1.50,1.95
2012.01.18 03:27:50.757,1.27751,1.27757,1.20,1.50
2012.01.18 03:27:55.063,1.27749,1.27757,4.20,1.50
2012.01.18 03:27:55.567,1.27749,1.27757,3.45,1.50
2012.01.18 03:27:56.066,1.27749,1.27757,3.45,2.25
2012.01.18 03:27:56.275,1.27749,1.27757,3.45,2.25
2012.01.18 03:27:56.818,1.27749,1.27757,3.45,2.25
2012.01.18 03:27:59.604,1.27749,1.27757,3.45,2.25
2012.01.18 03:28:00.345,1.27749,1.27755,2.25,1.20
2012.01.18 03:28:00.491,1.27747,1.27754,1.95,2.25
2012.01.18 03:28:05.573,1.27747,1.27754,1.95,1.50
2012.01.18 03:28:15.263,1.27747,1.27754,1.95,1.50
2012.01.18 03:28:20.702,1.27747,1.27754,1.20,2.25
2012.01.18 03:28:21.252,1.27747,1.27754,1.20,2.25
2012.01.18 03:28:21.823,1.27747,1.27754,1.20,2.25
2012.01.18 03:28:22.401,1.27747,1.27754,1.20,2.25
2012.01.18 03:28:22.922,1.27747,1.27754,1.20,2.25
2012.01.18 03:28:23.965,1.27747,1.27754,1.20,1.50
2012.01.18 03:28:24.502,1.27747,1.27754,1.50,2.25
2012.01.18 03:28:31.112,1.27747,1.27754,1.50,2.25
2012.01.18 03:28:35.392,1.27747,1.27754,1.20,2.25
2012.01.18 03:28:35.936,1.27746,1.27754,2.70,2.25
2012.01.18 03:28:36.832,1.27746,1.27754,2.70,2.25
2012.01.18 03:28:37.424,1.27746,1.27754,2.70,1.50
2012.01.18 03:28:43.606,1.27746,1.27752,1.20,2.25
2012.01.18 03:28:43.804,1.27743,1.27752,2.25,3.45
2012.01.18 03:28:43.948,1.27743,1.27749,1.50,1.20
2012.01.18 03:28:44.434,1.27741,1.27749,1.20,3.45
2012.01.18 03:28:47.892,1.27741,1.27748,2.70,1.50
2012.01.18 03:28:47.978,1.27736,1.27745,1.20,1.95
2012.01.18 03:28:48.051,1.27736,1.27745,1.58,3.45
2012.01.18 03:28:48.342,1.27735,1.27741,1.50,1.50
2012.01.18 03:28:48.559,1.2773,1.27738,1.50,1.20
2012.01.18 03:28:49.247,1.27731,1.27738,2.25,1.20
2012.01.18 03:28:49.316,1.27733,1.27738,1.50,1.20
2012.01.18 03:28:52.435,1.27731,1.27736,1.50,1.20
2012.01.18 03:28:52.714,1.27727,1.27736,3.19,1.95
2012.01.18 03:28:53.363,1.27727,1.27736,3.19,1.95
2012.01.18 03:28:54.488,1.27727,1.27736,3.00,1.95
2012.01.18 03:28:54.828,1.27732,1.27739,1.20,2.85
2012.01.18 03:28:55.109,1.2773,1.27737,1.95,3.00
2012.01.18 03:28:55.188,1.2773,1.27737,1.95,1.50
2012.01.18 03:28:55.256,1.27734,1.2774,1.50,1.95
2012.01.18 03:28:55.329,1.2773,1.2774,1.95,1.20
2012.01.18 03:28:57.547,1.2773,1.27738,1.20,1.20
2012.01.18 03:28:58.056,1.27729,1.27736,3.00,1.20
2012.01.18 03:28:58.416,1.27732,1.27738,1.50,1.95
2012.01.18 03:28:58.985,1.27732,1.27738,1.50,1.95
2012.01.18 03:29:01.476,1.27732,1.27739,1.50,2.70
2012.01.18 03:29:01.606,1.27734,1.27739,1.50,2.70
2012.01.18 03:29:02.082,1.27732,1.27739,1.50,1.20
2012.01.18 03:29:14.842,1.27732,1.27737,1.50,1.20
2012.01.18 03:29:16.042,1.27729,1.27737,4.20,1.20
2012.01.18 03:29:18.764,1.27729,1.27737,3.45,1.20
2012.01.18 03:29:26.193,1.27729,1.27737,3.00,1.95
2012.01.18 03:29:26.281,1.27729,1.27733,1.50,1.20
2012.01.18 03:29:26.573,1.27727,1.27733,2.25,1.20
2012.01.18 03:29:30.183,1.27726,1.27735,1.50,3.45
2012.01.18 03:29:30.432,1.27727,1.27735,3.00,1.95
2012.01.18 03:29:30.993,1.27727,1.27735,3.00,1.95
2012.01.18 03:29:31.733,1.27727,1.27735,2.25,1.95
2012.01.18 03:29:32.284,1.27727,1.27735,3.00,1.95
2012.01.18 03:29:32.822,1.27726,1.27735,1.50,3.45
2012.01.18 03:29:33.724,1.27726,1.27735,2.25,3.45
2012.01.18 03:29:39.863,1.27726,1.27735,1.13,3.45
2012.01.18 03:29:40.371,1.27726,1.27735,1.50,3.45
2012.01.18 03:29:43.684,1.27728,1.27735,1.50,1.20
2012.01.18 03:29:43.873,1.27728,1.27735,3.00,1.20
2012.01.18 03:29:44.302,1.27728,1.27735,1.50,1.20
2012.01.18 03:29:48.245,1.27728,1.27736,3.45,2.70
2012.01.18 03:29:48.949,1.27729,1.27736,2.25,1.20
2012.01.18 03:29:49.453,1.2773,1.27736,1.50,1.95
2012.01.18 03:29:49.964,1.2773,1.27738,1.50,3.45
2012.01.18 03:29:53.423,1.2773,1.27737,3.75,1.20
2012.01.18 03:29:53.973,1.2773,1.27737,2.25,1.20
2012.01.18 03:29:55.756,1.27728,1.27736,3.60,1.50
2012.01.18 03:29:56.339,1.27728,1.27736,3.60,1.50
2012.01.18 03:30:05.595,1.27729,1.27736,2.25,1.20
2012.01.18 03:30:06.106,1.2773,1.27737,1.50,1.20
2012.01.18 03:30:06.236,1.27731,1.27739,1.95,3.45
2012.01.18 03:30:09.049,1.27732,1.2774,1.20,2.70
2012.01.18 03:30:09.645,1.27734,1.2774,1.50,1.95
2012.01.18 03:30:10.001,1.27737,1.27743,1.20,1.32
2012.01.18 03:30:10.081,1.27737,1.27744,1.95,3.75
2012.01.18 03:30:10.601,1.27742,1.27747,1.50,1.50
2012.01.18 03:30:10.679,1.27742,1.27749,1.50,4.39
2012.01.18 03:30:11.215,1.27743,1.27753,1.50,9.38
2012.01.18 03:30:11.491,1.27743,1.2775,2.25,1.20
2012.01.18 03:30:11.566,1.27742,1.27749,1.20,1.50
2012.01.18 03:30:11.636,1.27742,1.27746,1.20,1.50
2012.01.18 03:30:12.616,1.27739,1.27746,1.95,1.50
2012.01.18 03:30:14.263,1.27739,1.27746,1.95,1.50
2012.01.18 03:30:14.799,1.27739,1.27746,1.95,1.50
2012.01.18 03:30:16.175,1.27739,1.27746,1.95,1.50
2012.01.18 03:30:16.705,1.27739,1.27746,1.95,1.50
2012.01.18 03:30:17.372,1.27739,1.27746,1.95,1.50
2012.01.18 03:30:17.906,1.27739,1.27746,1.95,1.50
2012.01.18 03:30:18.039,1.27739,1.27746,1.95,1.50
2012.01.18 03:30:18.186,1.27739,1.27749,2.14,1.20
2012.01.18 03:30:18.743,1.27739,1.27749,2.14,1.20
2012.01.18 03:30:19.004,1.27739,1.27749,2.14,1.20
2012.01.18 03:30:19.243,1.27739,1.27749,2.14,1.20
2012.01.18 03:30:19.754,1.27739,1.27749,2.14,1.20
2012.01.18 03:30:20.539,1.27739,1.27749,2.14,1.20
2012.01.18 03:30:22.467,1.2774,1.2775,2.14,1.20
2012.01.18 03:30:25.015,1.2774,1.2775,1.95,1.95
2012.01.18 03:30:25.533,1.2774,1.2775,1.95,1.95
2012.01.18 03:30:27.137,1.2774,1.2775,1.20,1.95
2012.01.18 03:30:27.471,1.27738,1.27745,1.95,1.50
2012.01.18 03:30:27.828,1.27734,1.27741,1.50,1.20
2012.01.18 03:30:28.483,1.27733,1.27741,4.20,1.20
2012.01.18 03:30:28.840,1.27737,1.27743,2.25,1.20
2012.01.18 03:30:28.918,1.27737,1.27745,4.20,3.45
2012.01.18 03:30:29.444,1.27738,1.27748,3.45,4.39
2012.01.18 03:30:33.734,1.27738,1.27747,3.45,1.13
2012.01.18 03:30:33.808,1.27738,1.27747,3.45,1.88
2012.01.18 03:30:34.199,1.27736,1.27741,2.10,1.20
2012.01.18 03:30:34.282,1.2773,1.27738,2.44,2.70
2012.01.18 03:30:35.539,1.27733,1.27741,2.10,1.69
2012.01.18 03:30:36.053,1.27732,1.27741,3.45,2.44
2012.01.18 03:30:36.587,1.27732,1.27741,2.70,2.44
2012.01.18 03:30:37.759,1.27732,1.27741,2.70,2.44
2012.01.18 03:30:37.895,1.27732,1.27741,2.70,2.44
2012.01.18 03:30:37.965,1.27732,1.27741,2.70,2.44
2012.01.18 03:30:39.426,1.27732,1.27741,2.70,2.44
2012.01.18 03:30:40.895,1.27732,1.2774,2.70,1.50
2012.01.18 03:30:41.251,1.27728,1.27732,1.50,1.40
2012.01.18 03:30:41.327,1.2772,1.27728,1.95,1.50
2012.01.18 03:30:41.607,1.2772,1.27727,2.25,1.20
2012.01.18 03:30:42.133,1.2772,1.27727,2.25,1.95
2012.01.18 03:30:42.643,1.2772,1.27727,2.25,1.95
2012.01.18 03:30:42.864,1.2772,1.27727,2.25,1.95
2012.01.18 03:30:43.403,1.2772,1.27727,2.25,1.95
2012.01.18 03:30:44.044,1.2772,1.27727,2.25,1.95
2012.01.18 03:30:44.606,1.27719,1.27726,2.70,2.25
2012.01.18 03:30:49.912,1.27719,1.27727,4.20,1.95
2012.01.18 03:30:50.462,1.27719,1.27726,2.25,1.95
2012.01.18 03:30:51.664,1.27719,1.27726,2.25,1.95
2012.01.18 03:30:52.734,1.27719,1.27726,2.25,1.95
2012.01.18 03:30:53.512,1.27719,1.27726,2.25,1.95
2012.01.18 03:30:54.053,1.27719,1.27726,2.25,1.20
2012.01.18 03:30:55.603,1.27719,1.27726,2.25,1.95
2012.01.18 03:30:58.854,1.27719,1.27725,2.25,1.20
2012.01.18 03:31:06.697,1.27712,1.2772,2.85,1.20
2012.01.18 03:31:06.774,1.27715,1.2772,2.25,1.20
2012.01.18 03:31:06.991,1.27714,1.27722,1.50,4.58
2012.01.18 03:31:07.070,1.27712,1.2772,4.95,2.25
2012.01.18 03:31:07.579,1.27714,1.27719,1.50,1.95
2012.01.18 03:31:07.805,1.27706,1.27714,3.45,3.45
2012.01.18 03:31:07.945,1.27706,1.27714,3.45,2.70
2012.01.18 03:31:08.151,1.27708,1.27714,1.50,1.95
2012.01.18 03:31:08.745,1.27708,1.27716,2.25,3.45
2012.01.18 03:31:10.865,1.27709,1.27718,1.50,2.14
2012.01.18 03:31:10.936,1.27709,1.27718,1.50,2.14
2012.01.18 03:31:14.793,1.27709,1.27718,2.25,1.20
2012.01.18 03:31:15.343,1.27709,1.27718,3.00,1.95
2012.01.18 03:31:15.475,1.2771,1.27718,1.20,1.95
2012.01.18 03:31:15.548,1.27712,1.2772,3.45,3.45
2012.01.18 03:31:16.065,1.27712,1.2772,3.45,3.45
2012.01.18 03:31:16.133,1.27712,1.2772,3.45,3.45
2012.01.18 03:31:16.205,1.27712,1.2772,3.45,3.45
2012.01.18 03:31:16.334,1.27712,1.2772,3.45,3.45
2012.01.18 03:31:16.402,1.27712,1.2772,3.45,3.45
2012.01.18 03:31:16.593,1.27712,1.2772,3.45,3.45
2012.01.18 03:31:16.813,1.27712,1.2772,3.45,3.45
2012.01.18 03:31:16.973,1.27712,1.2772,3.45,3.45
2012.01.18 03:31:17.503,1.27712,1.2772,3.45,3.45
2012.01.18 03:31:17.578,1.27713,1.2772,1.50,3.45
2012.01.18 03:31:17.648,1.27716,1.27723,2.25,1.20
2012.01.18 03:31:17.717,1.27716,1.2772,2.25,1.20
2012.01.18 03:31:17.918,1.27712,1.2772,2.44,1.95
2012.01.18 03:31:17.986,1.27715,1.27722,1.50,1.20
2012.01.18 03:31:18.113,1.27715,1.2772,1.50,1.20
2012.01.18 03:31:18.324,1.27712,1.27719,1.95,1.50
2012.01.18 03:31:18.395,1.27712,1.27718,2.14,1.50
2012.01.18 03:31:18.541,1.27709,1.27718,2.14,3.45
2012.01.18 03:31:19.272,1.27709,1.27718,2.14,3.45
2012.01.18 03:31:22.133,1.27709,1.27717,3.45,2.25
2012.01.18 03:31:22.694,1.27709,1.27717,3.45,1.50
2012.01.18 03:31:25.518,1.27709,1.27713,2.25,1.95
2012.01.18 03:31:26.119,1.27707,1.27714,1.20,2.25
2012.01.18 03:31:26.646,1.27707,1.27714,1.20,2.25
2012.01.18 03:31:28.736,1.27705,1.27714,1.95,2.25
2012.01.18 03:31:28.944,1.27707,1.27715,1.50,3.45
2012.01.18 03:31:29.273,1.27709,1.27715,1.50,1.95
2012.01.18 03:31:29.872,1.27709,1.27715,1.50,1.20
2012.01.18 03:31:37.042,1.27709,1.27716,1.50,1.20
2012.01.18 03:31:44.936,1.27709,1.27716,2.25,1.20
2012.01.18 03:31:45.484,1.27709,1.27717,3.45,1.50
2012.01.18 03:31:46.473,1.27709,1.27717,4.20,1.50
2012.01.18 03:31:47.553,1.27709,1.27717,4.20,1.50
2012.01.18 03:31:47.923,1.27711,1.27719,1.50,3.45
2012.01.18 03:31:50.206,1.27711,1.27719,1.50,4.20
2012.01.18 03:31:51.641,1.27711,1.27719,1.50,2.70
2012.01.18 03:31:54.874,1.27711,1.27718,1.50,1.20
2012.01.18 03:32:01.214,1.27711,1.27716,1.50,1.20
2012.01.18 03:32:01.285,1.27708,1.27716,1.39,1.95
2012.01.18 03:32:01.477,1.27707,1.27714,2.25,1.20
2012.01.18 03:32:11.202,1.27707,1.27716,1.50,1.95
2012.01.18 03:32:12.086,1.27707,1.27716,1.50,1.95
2012.01.18 03:32:12.403,1.27707,1.27716,1.50,1.95
2012.01.18 03:32:14.583,1.27707,1.27717,2.70,4.20
2012.01.18 03:32:14.903,1.2771,1.27717,2.25,1.95
2012.01.18 03:32:16.454,1.2771,1.27717,1.50,1.95
2012.01.18 03:32:17.144,1.2771,1.27717,1.50,1.95
2012.01.18 03:32:19.814,1.2771,1.27717,1.50,2.70
2012.01.18 03:32:20.253,1.27707,1.27717,2.70,3.45
2012.01.18 03:32:22.442,1.27707,1.27717,2.70,3.45
2012.01.18 03:32:23.424,1.27707,1.27716,1.50,1.95
2012.01.18 03:32:26.172,1.27707,1.27717,2.25,3.45
2012.01.18 03:32:26.392,1.27707,1.27717,2.25,3.45
2012.01.18 03:32:26.464,1.27707,1.27717,3.00,3.45
2012.01.18 03:32:26.783,1.27707,1.27717,3.00,3.45
2012.01.18 03:32:28.344,1.27707,1.27717,3.00,3.45
2012.01.18 03:32:29.001,1.27707,1.27717,2.25,3.45
2012.01.18 03:32:29.508,1.2771,1.27719,1.95,2.25
2012.01.18 03:32:29.775,1.27708,1.27716,5.55,3.45
2012.01.18 03:32:30.284,1.27708,1.27716,5.55,2.70
2012.01.18 03:32:37.163,1.27708,1.27716,5.55,3.45
2012.01.18 03:32:37.703,1.27708,1.27716,3.45,3.45
2012.01.18 03:32:40.598,1.27708,1.27716,3.45,3.45
2012.01.18 03:32:46.659,1.27708,1.27716,4.20,2.70
2012.01.18 03:32:47.735,1.27709,1.27716,1.50,2.70
2012.01.18 03:32:48.350,1.27717,1.27721,1.20,1.50
2012.01.18 03:32:48.446,1.27717,1.27725,3.45,2.14
2012.01.18 03:32:48.535,1.27717,1.27725,3.45,1.39
2012.01.18 03:32:49.073,1.27717,1.27724,1.95,1.50
2012.01.18 03:32:49.145,1.27717,1.27724,2.70,1.50
2012.01.18 03:32:49.496,1.2772,1.27726,2.25,1.20
2012.01.18 03:32:49.625,1.2772,1.27726,2.25,1.20
2012.01.18 03:32:49.766,1.2772,1.27726,2.25,1.20
2012.01.18 03:32:50.282,1.2772,1.27726,2.25,1.20
2012.01.18 03:32:51.473,1.2772,1.27726,2.25,1.20
2012.01.18 03:32:52.179,1.27718,1.27726,1.95,1.20
2012.01.18 03:32:54.294,1.27718,1.27727,1.95,1.50
2012.01.18 03:32:54.424,1.27718,1.27727,1.95,2.25
2012.01.18 03:32:54.566,1.27717,1.27725,3.45,1.20
2012.01.18 03:32:55.092,1.27717,1.27725,1.95,2.70
2012.01.18 03:32:55.620,1.27719,1.27725,1.50,1.95
2012.01.18 03:32:56.145,1.27719,1.27725,1.50,1.20
2012.01.18 03:32:56.839,1.27717,1.27725,3.45,2.70
2012.01.18 03:32:57.244,1.27717,1.27724,1.95,1.50
2012.01.18 03:32:57.780,1.27717,1.27725,1.95,1.58
2012.01.18 03:33:00.782,1.27717,1.27725,1.95,1.39
2012.01.18 03:33:02.362,1.27717,1.27725,1.95,1.20
2012.01.18 03:33:02.885,1.27717,1.27723,1.20,1.50
2012.01.18 03:33:04.477,1.27715,1.27723,3.45,1.50
2012.01.18 03:33:07.285,1.27715,1.27723,3.45,1.50
2012.01.18 03:33:07.413,1.27715,1.27723,3.45,1.50
2012.01.18 03:33:25.346,1.27715,1.27723,3.45,2.44
2012.01.18 03:33:25.555,1.27713,1.27719,3.00,1.77
2012.01.18 03:33:25.632,1.2771,1.27717,2.25,1.69
2012.01.18 03:33:25.708,1.27708,1.27714,1.50,1.50
2012.01.18 03:33:25.776,1.27707,1.27714,3.45,1.50
2012.01.18 03:33:26.207,1.27707,1.27714,1.95,2.25
2012.01.18 03:33:28.005,1.27707,1.27714,1.20,3.00
2012.01.18 03:33:28.214,1.27706,1.27714,1.50,3.00
2012.01.18 03:33:28.286,1.27705,1.27714,1.20,3.00
2012.01.18 03:33:29.035,1.27705,1.27713,1.95,1.50
2012.01.18 03:33:29.542,1.27705,1.27713,1.95,2.70
2012.01.18 03:33:29.853,1.27705,1.27713,1.95,2.70
2012.01.18 03:33:29.924,1.27705,1.27713,1.95,2.70
2012.01.18 03:33:30.113,1.27705,1.27713,1.95,2.70
2012.01.18 03:33:30.676,1.27705,1.27712,1.95,2.25
2012.01.18 03:33:30.746,1.27705,1.27712,1.20,2.25
2012.01.18 03:33:30.814,1.27705,1.27712,1.20,2.25
2012.01.18 03:33:32.204,1.27705,1.27712,1.20,2.25
2012.01.18 03:33:32.655,1.27705,1.27713,1.20,1.95
2012.01.18 03:33:33.192,1.27707,1.27714,1.95,1.69
2012.01.18 03:33:33.346,1.27709,1.27714,1.50,1.95
2012.01.18 03:33:33.558,1.27706,1.27714,1.50,2.14
2012.01.18 03:33:33.908,1.27704,1.27712,1.95,2.25
2012.01.18 03:33:34.445,1.27704,1.27712,1.95,3.45
2012.01.18 03:33:34.973,1.27704,1.27711,1.50,1.20
2012.01.18 03:33:35.824,1.27704,1.27711,2.25,1.20
2012.01.18 03:33:36.266,1.27705,1.27713,1.20,2.14
2012.01.18 03:33:36.783,1.27706,1.27713,2.25,1.20
2012.01.18 03:33:36.990,1.27709,1.27717,2.78,3.00
2012.01.18 03:33:37.073,1.27709,1.27717,3.98,3.00
2012.01.18 03:33:37.154,1.27713,1.27718,1.20,1.50
2012.01.18 03:33:37.371,1.27715,1.27721,1.50,2.33
2012.01.18 03:33:37.452,1.27713,1.27717,1.50,1.20
2012.01.18 03:33:37.861,1.27709,1.27717,2.25,2.70
2012.01.18 03:33:38.296,1.27708,1.27715,2.25,1.20
2012.01.18 03:33:38.437,1.27707,1.27715,2.25,2.70
2012.01.18 03:33:38.983,1.27708,1.27715,2.25,1.95
2012.01.18 03:33:39.506,1.27708,1.27715,2.25,1.95
2012.01.18 03:33:40.033,1.27707,1.27715,2.70,1.95
2012.01.18 03:33:42.313,1.27707,1.27715,1.95,1.95
2012.01.18 03:33:42.832,1.27707,1.27715,1.95,1.95
2012.01.18 03:33:43.512,1.27707,1.27715,1.95,1.95
2012.01.18 03:33:44.014,1.27707,1.27715,1.95,1.95
2012.01.18 03:33:44.142,1.27707,1.27715,1.95,1.95
2012.01.18 03:33:44.212,1.27707,1.27715,1.95,1.95
2012.01.18 03:33:44.713,1.27707,1.27715,1.95,1.95
2012.01.18 03:33:44.993,1.27707,1.27715,1.95,1.95
2012.01.18 03:33:45.602,1.27707,1.27715,1.95,1.95
2012.01.18 03:33:46.114,1.27707,1.27715,2.70,1.20
2012.01.18 03:33:46.653,1.27707,1.27715,1.95,1.95
2012.01.18 03:33:47.912,1.27707,1.27715,1.95,1.95
2012.01.18 03:33:49.999,1.27707,1.27715,1.95,3.72
2012.01.18 03:33:50.076,1.27706,1.2771,2.40,1.20
2012.01.18 03:33:50.415,1.27702,1.27708,1.05,1.20
2012.01.18 03:33:50.953,1.27701,1.27708,2.25,1.20
2012.01.18 03:33:51.616,1.27706,1.27714,2.25,3.64
2012.01.18 03:33:52.106,1.27707,1.27715,2.55,1.95
2012.01.18 03:33:52.807,1.27707,1.27715,3.30,1.95
2012.01.18 03:33:53.327,1.27707,1.27715,2.55,1.95
2012.01.18 03:33:53.844,1.27707,1.27715,3.30,1.20
2012.01.18 03:33:54.494,1.27707,1.27715,2.55,1.20
2012.01.18 03:33:55.155,1.27707,1.27715,3.30,1.95
2012.01.18 03:33:55.834,1.27707,1.27715,3.30,1.20
2012.01.18 03:33:56.472,1.27707,1.27715,3.30,1.95
2012.01.18 03:33:56.983,1.27707,1.27715,3.30,1.95
2012.01.18 03:33:57.703,1.27707,1.27715,3.30,1.95
2012.01.18 03:33:58.154,1.27709,1.27717,1.95,1.95
2012.01.18 03:33:59.060,1.27705,1.27715,9.19,3.45
2012.01.18 03:33:59.603,1.27705,1.27715,8.89,3.45
2012.01.18 03:34:00.663,1.27705,1.27715,8.89,3.45
2012.01.18 03:34:01.343,1.27705,1.27715,8.89,3.45
2012.01.18 03:34:02.721,1.27705,1.27709,6.00,1.20
2012.01.18 03:34:03.062,1.27702,1.27709,4.88,2.70
2012.01.18 03:34:03.904,1.27702,1.27708,3.00,1.20
2012.01.18 03:34:04.882,1.27702,1.27709,1.88,1.95
2012.01.18 03:34:07.082,1.27699,1.27704,1.50,1.20
2012.01.18 03:34:07.574,1.27694,1.27704,4.95,3.45
2012.01.18 03:34:07.986,1.27697,1.27704,1.50,2.70
2012.01.18 03:34:09.491,1.27697,1.27704,1.50,1.95
2012.01.18 03:34:09.637,1.27697,1.27705,1.50,2.25
2012.01.18 03:34:09.710,1.27697,1.27705,2.25,2.25
2012.01.18 03:34:10.237,1.277,1.2771,3.45,4.20
2012.01.18 03:34:10.304,1.277,1.2771,3.45,4.20
2012.01.18 03:34:12.176,1.277,1.27708,2.70,1.95
2012.01.18 03:34:13.285,1.27698,1.27702,1.88,1.20
2012.01.18 03:34:13.431,1.27696,1.27702,2.25,1.95
2012.01.18 03:34:13.505,1.27694,1.27702,3.08,1.95
2012.01.18 03:34:14.024,1.27693,1.27701,3.08,1.95
2012.01.18 03:34:14.343,1.27693,1.27701,4.20,1.20
2012.01.18 03:34:14.965,1.27696,1.27701,1.50,1.20
2012.01.18 03:34:15.317,1.27696,1.27704,1.50,2.25
2012.01.18 03:34:15.864,1.27697,1.27705,1.50,2.70
2012.01.18 03:34:16.483,1.27695,1.27705,3.45,4.20
2012.01.18 03:34:17.731,1.27696,1.27705,2.10,4.20
2012.01.18 03:34:17.809,1.277,1.27705,1.20,3.00
2012.01.18 03:34:18.014,1.277,1.27708,3.45,3.08
2012.01.18 03:34:20.853,1.27702,1.2771,1.20,4.39
2012.01.18 03:34:21.234,1.27704,1.2771,1.20,2.44
2012.01.18 03:34:21.633,1.27701,1.2771,1.95,2.44
2012.01.18 03:34:21.835,1.27701,1.2771,1.20,3.00
2012.01.18 03:34:21.904,1.27699,1.27709,2.89,1.95
2012.01.18 03:34:22.463,1.27699,1.27709,2.14,1.20
2012.01.18 03:34:24.977,1.27698,1.27708,2.70,1.13
2012.01.18 03:34:25.233,1.27698,1.27708,3.45,2.63
2012.01.18 03:34:25.847,1.27701,1.27708,1.50,1.95
2012.01.18 03:34:26.174,1.27701,1.27708,1.50,1.95
2012.01.18 03:34:28.499,1.27698,1.27708,4.20,3.45
2012.01.18 03:34:28.806,1.277,1.27708,1.20,2.25
2012.01.18 03:34:30.036,1.27698,1.27708,2.70,3.83
2012.01.18 03:34:30.544,1.27697,1.27705,2.70,2.70
2012.01.18 03:34:30.872,1.27699,1.27705,1.50,1.20
2012.01.18 03:34:32.949,1.277,1.27707,1.20,2.25
2012.01.18 03:34:33.239,1.27701,1.27707,1.39,1.50
2012.01.18 03:34:33.307,1.27703,1.27711,1.50,4.50
2012.01.18 03:34:33.516,1.27703,1.2771,1.50,2.52
2012.01.18 03:34:33.589,1.27701,1.27707,1.20,1.50
2012.01.18 03:34:34.154,1.27703,1.2771,1.50,1.95
2012.01.18 03:34:34.653,1.277,1.2771,2.70,3.45
2012.01.18 03:34:35.863,1.277,1.2771,2.70,3.45
2012.01.18 03:34:35.934,1.277,1.2771,2.70,3.45
2012.01.18 03:34:36.484,1.27701,1.27709,1.20,1.20
2012.01.18 03:34:39.174,1.27702,1.2771,1.20,3.45
2012.01.18 03:34:43.383,1.27703,1.2771,1.50,1.95
2012.01.18 03:34:45.194,1.27704,1.2771,1.50,1.20
2012.01.18 03:34:45.515,1.27707,1.27713,1.50,1.95
2012.01.18 03:34:46.027,1.2771,1.27718,1.50,1.20
2012.01.18 03:34:46.360,1.2771,1.2772,4.85,3.45
2012.01.18 03:34:46.719,1.27714,1.27719,1.50,1.20
2012.01.18 03:34:46.802,1.27712,1.27719,1.50,1.20
2012.01.18 03:34:47.390,1.27712,1.2772,1.50,2.70
2012.01.18 03:34:48.325,1.27712,1.27719,2.25,1.20
2012.01.18 03:34:49.266,1.27712,1.27719,2.25,1.20
2012.01.18 03:34:49.796,1.27712,1.27719,2.25,1.20
2012.01.18 03:34:51.114,1.27712,1.27719,1.50,1.20
2012.01.18 03:34:52.554,1.27712,1.27719,2.25,1.20
2012.01.18 03:34:53.522,1.27712,1.27719,1.50,1.20
2012.01.18 03:34:56.963,1.27712,1.27719,2.25,1.20
2012.01.18 03:34:57.464,1.27712,1.27719,1.50,1.20
2012.01.18 03:34:58.021,1.27712,1.27719,2.25,1.20
2012.01.18 03:34:58.823,1.27712,1.2772,3.45,2.70
2012.01.18 03:34:59.302,1.27714,1.2772,1.50,2.97
2012.01.18 03:34:59.379,1.27712,1.27717,1.50,1.20
2012.01.18 03:34:59.447,1.27709,1.27717,2.25,2.70
2012.01.18 03:34:59.519,1.27705,1.27713,3.45,2.70
2012.01.18 03:34:59.859,1.27705,1.27709,1.50,1.20
2012.01.18 03:34:59.942,1.27703,1.27709,2.25,1.20
2012.01.18 03:35:00.739,1.27703,1.27707,1.50,1.20
2012.01.18 03:35:00.807,1.27701,1.27707,1.50,1.20
2012.01.18 03:35:05.427,1.27701,1.27707,2.25,1.20
2012.01.18 03:35:05.744,1.27702,1.27709,1.88,1.20
2012.01.18 03:35:06.262,1.27703,1.27709,1.13,1.20
2012.01.18 03:35:06.615,1.27708,1.27713,1.50,1.54
2012.01.18 03:35:06.969,1.27709,1.27716,1.50,3.45
2012.01.18 03:35:07.473,1.27708,1.27716,1.50,4.20
2012.01.18 03:35:08.027,1.27708,1.27716,1.50,4.20
2012.01.18 03:35:09.353,1.27706,1.27715,2.70,2.25
2012.01.18 03:35:11.037,1.27706,1.27715,1.50,2.70
2012.01.18 03:35:12.143,1.27707,1.27715,3.00,1.20
2012.01.18 03:35:12.534,1.2771,1.27718,1.50,1.50
2012.01.18 03:35:13.065,1.27711,1.27719,2.25,1.20
2012.01.18 03:35:13.623,1.2771,1.27718,3.00,1.50
2012.01.18 03:35:14.163,1.2771,1.27718,2.25,1.50
2012.01.18 03:35:14.693,1.2771,1.27718,3.00,1.50
2012.01.18 03:35:15.313,1.2771,1.27718,3.00,1.50
2012.01.18 03:35:15.902,1.27711,1.27719,1.50,1.95
2012.01.18 03:35:16.405,1.27714,1.27719,1.50,1.95
2012.01.18 03:35:16.474,1.27711,1.27717,1.50,1.20
2012.01.18 03:35:17.006,1.2771,1.27717,1.50,1.20
2012.01.18 03:35:17.136,1.27707,1.27715,3.94,1.20
2012.01.18 03:35:17.210,1.27707,1.27715,1.69,2.70
2012.01.18 03:35:17.356,1.27705,1.27712,4.77,1.20
2012.01.18 03:35:17.496,1.27705,1.27712,2.25,1.20
2012.01.18 03:35:28.714,1.27705,1.27714,2.25,1.20
2012.01.18 03:35:28.853,1.27705,1.27714,3.00,1.20
2012.01.18 03:35:29.385,1.27707,1.27714,3.00,1.20
2012.01.18 03:35:32.574,1.27707,1.27714,3.00,1.20
2012.01.18 03:35:33.233,1.27707,1.27714,1.50,1.20
2012.01.18 03:35:35.806,1.27707,1.27714,3.00,1.20
2012.01.18 03:35:36.134,1.27708,1.27717,1.95,4.39
2012.01.18 03:35:36.206,1.27711,1.27717,1.20,3.19
2012.01.18 03:35:36.352,1.27711,1.27718,1.95,1.50
2012.01.18 03:35:36.431,1.27711,1.2772,3.45,4.50
2012.01.18 03:35:36.507,1.27714,1.27721,1.50,1.80
2012.01.18 03:35:36.859,1.27716,1.27721,2.25,1.20
2012.01.18 03:35:38.254,1.27714,1.27721,2.25,1.20
2012.01.18 03:35:38.394,1.27716,1.27723,2.25,1.20
2012.01.18 03:35:38.538,1.27716,1.27723,2.25,1.20
2012.01.18 03:35:40.290,1.27715,1.27722,1.50,1.20
2012.01.18 03:35:40.558,1.27712,1.2772,2.63,1.20
2012.01.18 03:35:41.077,1.2771,1.2772,2.44,2.70
2012.01.18 03:35:41.613,1.27713,1.27719,1.50,1.20
2012.01.18 03:35:42.301,1.27713,1.27719,2.25,1.20
2012.01.18 03:35:43.035,1.27714,1.2772,2.25,1.20
2012.01.18 03:35:45.143,1.27714,1.27721,2.63,1.20
2012.01.18 03:35:46.817,1.27717,1.27721,1.50,1.20
2012.01.18 03:35:47.323,1.27713,1.2772,1.13,1.20
2012.01.18 03:35:50.685,1.27713,1.27717,1.50,1.20
2012.01.18 03:35:50.889,1.2771,1.27718,1.13,1.88
2012.01.18 03:35:51.102,1.27708,1.27717,1.50,4.20
2012.01.18 03:35:51.183,1.27708,1.27717,1.50,4.20
2012.01.18 03:35:51.263,1.27709,1.27717,6.00,4.20
2012.01.18 03:35:51.411,1.27717,1.27722,1.50,1.13
2012.01.18 03:35:51.490,1.27717,1.27723,1.50,1.69
2012.01.18 03:35:51.568,1.27715,1.2772,1.50,1.20
2012.01.18 03:35:51.776,1.27717,1.27721,1.50,1.20
2012.01.18 03:36:01.482,1.27714,1.27721,1.50,1.20
2012.01.18 03:36:01.554,1.27716,1.27721,1.50,1.20
2012.01.18 03:36:02.360,1.27716,1.27723,1.50,1.95
2012.01.18 03:36:02.511,1.27716,1.27723,2.25,1.20
2012.01.18 03:36:03.058,1.27719,1.27724,1.50,1.20
2012.01.18 03:36:05.178,1.2772,1.27726,2.25,1.95
2012.01.18 03:36:05.526,1.27723,1.27728,2.25,1.20
2012.01.18 03:36:05.735,1.27723,1.27731,3.45,1.95
2012.01.18 03:36:05.807,1.27723,1.27731,3.45,1.95
2012.01.18 03:36:06.138,1.27727,1.27732,1.50,1.88
2012.01.18 03:36:06.490,1.2773,1.27735,1.20,3.75
2012.01.18 03:36:06.710,1.2773,1.27738,1.20,2.70
2012.01.18 03:36:07.088,1.27732,1.27738,1.50,2.70
2012.01.18 03:36:07.423,1.27732,1.2774,2.25,4.13
2012.01.18 03:36:08.754,1.27732,1.27737,1.50,1.20
2012.01.18 03:36:08.831,1.27732,1.27738,1.50,1.88
2012.01.18 03:36:09.171,1.27733,1.27739,2.63,3.35
2012.01.18 03:36:09.621,1.27734,1.27743,2.63,2.70
2012.01.18 03:36:09.701,1.27734,1.27743,2.63,2.70
2012.01.18 03:36:09.780,1.27737,1.27743,1.50,1.95
2012.01.18 03:36:10.438,1.27737,1.27745,2.25,2.25
2012.01.18 03:36:10.705,1.27734,1.27743,2.25,1.20
2012.01.18 03:36:10.836,1.27737,1.27745,2.25,2.70
2012.01.18 03:36:11.097,1.27739,1.27746,2.25,2.70
2012.01.18 03:36:11.803,1.27741,1.27748,2.25,1.13
2012.01.18 03:36:12.225,1.27739,1.27747,3.45,3.00
2012.01.18 03:36:12.755,1.27741,1.27749,1.95,3.08
2012.01.18 03:36:13.287,1.27741,1.27748,1.95,1.13
2012.01.18 03:36:13.806,1.27741,1.27749,1.20,3.83
2012.01.18 03:36:14.237,1.27741,1.27747,1.95,1.50
2012.01.18 03:36:14.777,1.2774,1.27748,2.70,1.95
2012.01.18 03:36:14.850,1.2774,1.27748,3.45,2.70
2012.01.18 03:36:14.927,1.2774,1.27748,3.45,2.70
2012.01.18 03:36:15.435,1.2774,1.27748,3.45,1.95
2012.01.18 03:36:16.424,1.2774,1.27748,3.45,1.95
2012.01.18 03:36:16.817,1.27739,1.27747,2.25,3.83
2012.01.18 03:36:17.211,1.27735,1.2774,2.25,1.20
2012.01.18 03:36:17.289,1.27734,1.27741,2.44,1.20
2012.01.18 03:36:17.791,1.27734,1.27741,2.25,1.20
2012.01.18 03:36:19.953,1.27734,1.27741,2.25,1.20
2012.01.18 03:36:20.484,1.27734,1.27741,1.50,1.20
2012.01.18 03:36:21.254,1.27734,1.27741,2.25,1.20
2012.01.18 03:36:22.072,1.27734,1.27741,2.25,1.20
2012.01.18 03:36:22.655,1.27734,1.27741,2.25,1.20
2012.01.18 03:36:23.564,1.27734,1.27741,2.25,1.20
2012.01.18 03:36:24.263,1.27734,1.27741,2.25,1.20
2012.01.18 03:36:24.332,1.27734,1.27741,2.25,1.20
2012.01.18 03:36:24.592,1.27734,1.27741,2.25,1.20
2012.01.18 03:36:25.114,1.27734,1.27741,2.25,1.20
2012.01.18 03:36:26.096,1.27734,1.27741,2.25,1.20
2012.01.18 03:36:26.643,1.27734,1.27741,2.25,1.20
2012.01.18 03:36:26.772,1.27734,1.27743,2.25,1.20
2012.01.18 03:36:26.848,1.27737,1.27743,1.50,1.20
2012.01.18 03:36:28.471,1.27737,1.27744,2.25,1.20
2012.01.18 03:36:28.975,1.27737,1.27744,2.25,1.20
2012.01.18 03:36:29.325,1.2774,1.27746,3.45,1.13
2012.01.18 03:36:29.679,1.27742,1.2775,2.25,1.95
2012.01.18 03:36:29.954,1.27742,1.2775,2.25,1.95
2012.01.18 03:36:30.355,1.27742,1.27751,2.25,2.70
2012.01.18 03:36:31.949,1.27742,1.27751,2.25,2.70
2012.01.18 03:36:32.348,1.27747,1.27754,2.25,1.39
2012.01.18 03:36:32.687,1.2775,1.27755,1.50,2.33
2012.01.18 03:36:32.758,1.2775,1.27756,1.50,1.95
2012.01.18 03:36:33.283,1.2775,1.27756,2.25,1.95
2012.01.18 03:36:33.829,1.27748,1.27756,1.95,1.95
2012.01.18 03:36:34.314,1.2775,1.27758,3.45,3.45
2012.01.18 03:36:34.918,1.2775,1.27758,3.45,3.45
2012.01.18 03:36:35.186,1.2775,1.27758,3.45,3.45
2012.01.18 03:36:36.463,1.2775,1.27758,3.45,3.45
2012.01.18 03:36:37.122,1.2775,1.27758,3.45,3.45
2012.01.18 03:36:37.466,1.2775,1.27758,3.45,3.45
2012.01.18 03:36:37.533,1.2775,1.27758,3.45,3.45
2012.01.18 03:36:37.858,1.2775,1.27758,3.45,3.45
2012.01.18 03:36:38.188,1.2775,1.27758,2.25,3.00
2012.01.18 03:36:38.400,1.27751,1.27759,2.25,4.58
2012.01.18 03:36:38.473,1.27751,1.27757,2.25,1.95
2012.01.18 03:36:39.002,1.27751,1.27757,2.25,1.50
2012.01.18 03:36:39.088,1.27749,1.27756,2.25,1.95
2012.01.18 03:36:39.159,1.27751,1.27756,2.25,1.95
2012.01.18 03:36:39.296,1.27751,1.27758,2.25,1.95
2012.01.18 03:36:39.367,1.27751,1.27758,2.25,1.95
2012.01.18 03:36:39.702,1.27751,1.27758,1.50,1.95
2012.01.18 03:36:39.914,1.27753,1.2776,1.50,1.50
2012.01.18 03:36:40.482,1.27753,1.27761,1.50,3.45
2012.01.18 03:36:40.554,1.27753,1.27761,2.25,3.45
2012.01.18 03:36:41.223,1.27753,1.27761,2.25,3.45
2012.01.18 03:36:41.745,1.27753,1.27761,2.25,3.45
2012.01.18 03:36:42.238,1.27753,1.2776,2.25,1.20
2012.01.18 03:36:43.832,1.27751,1.27759,2.44,2.70
2012.01.18 03:36:43.975,1.27751,1.27759,1.50,3.45
2012.01.18 03:36:44.188,1.27752,1.27761,2.25,2.33
2012.01.18 03:36:44.704,1.27752,1.27761,2.25,1.95
2012.01.18 03:36:45.344,1.27757,1.27763,1.50,1.20
2012.01.18 03:36:45.426,1.27757,1.27763,1.50,1.20
2012.01.18 03:36:46.475,1.27757,1.27764,1.50,1.95
2012.01.18 03:36:48.276,1.27754,1.27764,3.45,3.45
2012.01.18 03:36:50.626,1.27754,1.27763,2.25,1.20
2012.01.18 03:36:51.242,1.27754,1.27763,2.25,1.20
2012.01.18 03:36:51.783,1.27754,1.27763,2.25,1.20
2012.01.18 03:36:52.036,1.27755,1.27763,1.95,1.95
2012.01.18 03:36:52.573,1.27755,1.27763,1.20,1.20
2012.01.18 03:36:53.093,1.27754,1.27764,2.25,3.45
2012.01.18 03:36:53.773,1.27754,1.27763,2.25,1.20
2012.01.18 03:36:54.462,1.27754,1.27763,2.25,1.20
2012.01.18 03:36:55.494,1.27754,1.27763,2.25,1.20
2012.01.18 03:36:55.624,1.27755,1.27763,1.20,1.95
2012.01.18 03:36:56.127,1.27755,1.27762,1.20,1.50
2012.01.18 03:36:56.527,1.27752,1.27762,2.70,4.20
2012.01.18 03:36:56.742,1.27752,1.27759,1.50,1.20
2012.01.18 03:36:57.243,1.2775,1.27759,3.45,2.70
2012.01.18 03:36:57.806,1.2775,1.27759,3.45,1.95
2012.01.18 03:36:58.343,1.2775,1.27759,3.45,2.70
2012.01.18 03:36:59.765,1.27752,1.2776,1.20,4.20
2012.01.18 03:37:00.136,1.27752,1.2776,1.20,2.70
2012.01.18 03:37:00.825,1.27752,1.2776,1.95,1.50
2012.01.18 03:37:01.394,1.2775,1.2776,4.05,1.50
2012.01.18 03:37:01.916,1.27751,1.27759,1.95,1.20
2012.01.18 03:37:01.991,1.27751,1.27757,1.95,1.50
2012.01.18 03:37:02.269,1.27748,1.27756,2.33,1.50
2012.01.18 03:37:02.686,1.27746,1.27756,5.14,2.70
2012.01.18 03:37:03.063,1.27746,1.27754,3.64,1.50
2012.01.18 03:37:03.208,1.2775,1.27757,1.20,2.25
2012.01.18 03:37:03.278,1.27752,1.27757,1.20,2.25
2012.01.18 03:37:03.418,1.27752,1.27759,1.20,2.63
2012.01.18 03:37:03.926,1.27753,1.27761,2.25,1.50
2012.01.18 03:37:04.441,1.27752,1.2776,1.95,1.50
2012.01.18 03:37:06.118,1.27753,1.27762,1.95,1.50
2012.01.18 03:37:06.187,1.27753,1.27762,1.95,1.50
2012.01.18 03:37:06.574,1.27752,1.2776,1.95,1.50
2012.01.18 03:37:06.893,1.27752,1.2776,1.95,1.50
2012.01.18 03:37:07.427,1.27752,1.2776,1.95,1.50
2012.01.18 03:37:09.056,1.27752,1.27757,1.95,1.50
2012.01.18 03:37:09.514,1.27752,1.27759,1.20,1.50
2012.01.18 03:37:10.065,1.27752,1.27756,1.20,1.50
2012.01.18 03:37:10.447,1.2775,1.27756,2.25,1.50
2012.01.18 03:37:10.514,1.2775,1.2776,3.75,1.50
2012.01.18 03:37:10.647,1.2775,1.2776,3.45,1.50
2012.01.18 03:37:10.903,1.27752,1.27762,2.25,2.70
2012.01.18 03:37:14.892,1.27752,1.27762,2.25,2.70
2012.01.18 03:37:15.030,1.27752,1.27762,2.25,2.70
2012.01.18 03:37:19.486,1.27754,1.27762,2.25,1.39
2012.01.18 03:37:20.225,1.27753,1.27761,2.25,1.50
2012.01.18 03:37:21.135,1.27753,1.27761,2.25,1.50
2012.01.18 03:37:21.277,1.27753,1.27761,2.25,1.50
2012.01.18 03:37:21.559,1.27751,1.27759,2.25,1.50
2012.01.18 03:37:22.077,1.2775,1.27758,2.25,1.50
2012.01.18 03:37:22.815,1.27751,1.27759,2.25,1.50
2012.01.18 03:37:23.374,1.27751,1.27759,2.25,1.50
2012.01.18 03:37:23.444,1.27751,1.27759,2.25,1.50
2012.01.18 03:37:24.083,1.27751,1.27759,2.25,1.50
2012.01.18 03:37:24.416,1.27751,1.27759,2.25,1.50
2012.01.18 03:37:24.736,1.27751,1.27759,2.25,1.50
2012.01.18 03:37:25.242,1.27751,1.27759,2.25,1.50
2012.01.18 03:37:27.393,1.27751,1.27759,2.25,1.50
2012.01.18 03:37:27.959,1.2775,1.27762,1.95,2.97
2012.01.18 03:37:28.456,1.27752,1.2776,2.25,1.50
2012.01.18 03:37:28.963,1.27752,1.2776,2.25,1.50
2012.01.18 03:37:31.245,1.27752,1.2776,2.25,1.50
2012.01.18 03:37:31.998,1.27752,1.2776,2.25,1.50
2012.01.18 03:37:34.707,1.2775,1.27758,1.95,1.50
2012.01.18 03:37:35.508,1.27752,1.27759,1.95,1.50
2012.01.18 03:37:35.575,1.27753,1.27762,2.25,1.20
2012.01.18 03:37:36.268,1.27754,1.27763,1.95,1.50
2012.01.18 03:37:36.935,1.27753,1.27758,1.95,1.50
2012.01.18 03:37:37.434,1.27753,1.27761,1.95,1.50
2012.01.18 03:37:38.444,1.27753,1.27761,1.20,1.50
2012.01.18 03:37:41.576,1.27753,1.27759,1.95,1.50
2012.01.18 03:37:43.884,1.2775,1.27759,2.70,1.50
2012.01.18 03:37:44.636,1.27751,1.27759,1.50,1.50
2012.01.18 03:37:45.207,1.27751,1.27759,1.50,1.50
2012.01.18 03:37:45.737,1.27752,1.27759,1.95,1.50
2012.01.18 03:37:53.695,1.27752,1.27759,1.95,1.50
2012.01.18 03:37:53.883,1.27752,1.27759,1.95,1.50
2012.01.18 03:37:54.100,1.27752,1.27761,2.70,1.69
2012.01.18 03:37:59.673,1.27753,1.27761,1.95,2.70
2012.01.18 03:38:02.735,1.27753,1.27758,1.95,1.50
2012.01.18 03:38:03.893,1.27753,1.27758,1.95,1.50
2012.01.18 03:38:04.424,1.27753,1.27758,1.95,1.50
2012.01.18 03:38:05.016,1.27755,1.27763,1.20,1.39
2012.01.18 03:38:06.388,1.2776,1.27764,1.20,2.33
2012.01.18 03:38:06.529,1.2776,1.27768,3.45,3.00
2012.01.18 03:38:06.982,1.27762,1.2777,2.25,4.39
2012.01.18 03:38:07.205,1.27766,1.27772,1.20,1.69
2012.01.18 03:38:07.276,1.27766,1.27773,1.20,3.19
2012.01.18 03:38:07.973,1.27766,1.27773,1.20,3.00
2012.01.18 03:38:08.052,1.27766,1.27773,1.20,3.00
2012.01.18 03:38:09.273,1.27766,1.27773,1.20,3.00
2012.01.18 03:38:09.975,1.27763,1.27771,3.45,1.20
2012.01.18 03:38:10.616,1.27763,1.27771,2.70,1.95
2012.01.18 03:38:11.233,1.27763,1.27771,2.70,1.20
2012.01.18 03:38:12.352,1.2777,1.27774,1.20,2.10
2012.01.18 03:38:12.429,1.2777,1.27774,1.95,2.25
2012.01.18 03:38:12.503,1.27769,1.27779,2.25,2.25
2012.01.18 03:38:12.713,1.27773,1.27779,1.20,1.69
2012.01.18 03:38:12.931,1.27773,1.2778,1.20,3.00
2012.01.18 03:38:13.697,1.27774,1.2778,1.20,3.00
2012.01.18 03:38:13.778,1.27771,1.2778,1.50,4.20
2012.01.18 03:38:13.851,1.2777,1.27775,2.25,1.20
2012.01.18 03:38:13.930,1.27766,1.27775,4.50,2.70
2012.01.18 03:38:14.012,1.27765,1.27773,3.00,1.20
2012.01.18 03:38:14.088,1.27765,1.27771,1.50,1.20
2012.01.18 03:38:14.298,1.27764,1.27771,1.50,1.50
2012.01.18 03:38:14.439,1.27765,1.2777,1.50,1.20
2012.01.18 03:38:14.580,1.2776,1.27768,2.70,1.50
2012.01.18 03:38:15.096,1.2776,1.27768,3.45,1.50
2012.01.18 03:38:15.447,1.27759,1.27769,1.95,1.20
2012.01.18 03:38:15.894,1.27759,1.27764,1.20,1.50
2012.01.18 03:38:15.974,1.27754,1.27763,1.50,1.20
2012.01.18 03:38:16.263,1.27757,1.27765,2.70,1.50
2012.01.18 03:38:16.405,1.2776,1.27768,1.20,2.25
2012.01.18 03:38:16.477,1.27759,1.27768,1.50,2.70
2012.01.18 03:38:16.880,1.27763,1.27768,1.20,1.50
2012.01.18 03:38:17.029,1.27763,1.27773,2.70,4.95
2012.01.18 03:38:17.102,1.27764,1.27773,2.52,3.45
2012.01.18 03:38:17.455,1.27768,1.27775,1.50,2.70
2012.01.18 03:38:17.925,1.27766,1.27773,1.95,1.50
2012.01.18 03:38:18.275,1.27765,1.27773,1.95,2.70
2012.01.18 03:38:18.795,1.27766,1.27773,2.25,1.20
2012.01.18 03:38:19.238,1.27765,1.27773,1.95,2.70
2012.01.18 03:38:19.743,1.27765,1.27773,3.64,1.20
2012.01.18 03:38:20.079,1.27768,1.27776,1.95,1.20
2012.01.18 03:38:20.425,1.27772,1.27778,1.95,1.50
2012.01.18 03:38:21.024,1.27772,1.2778,1.95,1.50
2012.01.18 03:38:21.486,1.2777,1.27778,4.20,2.25
2012.01.18 03:38:21.562,1.27768,1.27773,1.95,1.50
2012.01.18 03:38:21.854,1.27765,1.27773,4.58,2.70
2012.01.18 03:38:22.675,1.27765,1.27773,3.83,2.70
2012.01.18 03:38:23.196,1.27766,1.27773,2.63,1.20
2012.01.18 03:38:24.077,1.27769,1.27776,1.20,2.25
2012.01.18 03:38:24.616,1.27769,1.27776,1.20,2.25
2012.01.18 03:38:27.548,1.27767,1.27773,2.25,1.20
2012.01.18 03:38:27.809,1.27764,1.27771,2.14,2.25
2012.01.18 03:38:28.156,1.27765,1.27773,1.50,2.25
2012.01.18 03:38:28.224,1.27764,1.27773,1.39,2.25
2012.01.18 03:38:28.544,1.27765,1.27773,3.08,2.25
2012.01.18 03:38:28.616,1.27763,1.27773,2.70,3.45
2012.01.18 03:38:29.356,1.27765,1.27773,1.50,2.25
2012.01.18 03:38:29.868,1.27766,1.27774,1.50,1.20
2012.01.18 03:38:30.407,1.27764,1.27774,2.33,1.95
2012.01.18 03:38:30.476,1.27766,1.27774,1.50,1.95
2012.01.18 03:38:30.963,1.27764,1.27774,2.33,1.95
2012.01.18 03:38:31.234,1.27766,1.27774,1.50,1.95
2012.01.18 03:38:31.737,1.27766,1.27774,1.69,1.95
2012.01.18 03:38:31.881,1.27763,1.27771,6.00,2.25
2012.01.18 03:38:35.235,1.27763,1.27771,3.45,2.25
2012.01.18 03:38:35.743,1.27763,1.27771,3.45,2.25
2012.01.18 03:38:35.888,1.27768,1.27773,1.95,2.25
2012.01.18 03:38:36.029,1.27768,1.27775,1.50,1.58
2012.01.18 03:38:36.110,1.27768,1.27775,1.50,2.33
2012.01.18 03:38:36.398,1.27768,1.27774,1.50,1.50
2012.01.18 03:38:36.935,1.27769,1.27776,1.20,3.00
2012.01.18 03:38:37.443,1.27769,1.27776,1.95,3.00
2012.01.18 03:38:37.894,1.27764,1.27772,4.50,1.50
2012.01.18 03:38:37.976,1.27764,1.27772,3.45,1.50
2012.01.18 03:38:38.984,1.27766,1.27772,1.20,1.50
2012.01.18 03:38:42.933,1.27764,1.27772,1.88,2.25
2012.01.18 03:38:45.785,1.27763,1.27772,1.13,2.25
2012.01.18 03:38:46.314,1.27764,1.27772,1.88,2.25
2012.01.18 03:38:46.386,1.27764,1.27772,1.88,1.50
2012.01.18 03:38:46.461,1.27762,1.27771,4.50,2.25
2012.01.18 03:38:46.820,1.27759,1.27768,2.63,1.20
2012.01.18 03:38:47.239,1.27761,1.27768,1.20,1.50
2012.01.18 03:38:47.327,1.27761,1.27765,1.20,1.50
2012.01.18 03:38:47.401,1.27757,1.27765,1.35,2.25
2012.01.18 03:38:47.758,1.27761,1.27765,1.20,1.50
2012.01.18 03:38:48.037,1.27761,1.27768,1.58,2.25
2012.01.18 03:38:48.115,1.27766,1.2777,1.20,1.50
2012.01.18 03:38:48.262,1.27765,1.27772,6.00,1.39
2012.01.18 03:38:48.341,1.27765,1.27771,1.88,1.50
2012.01.18 03:38:48.420,1.27764,1.27769,3.23,1.50
2012.01.18 03:38:48.501,1.27766,1.27771,1.20,1.50
2012.01.18 03:38:48.579,1.27766,1.27773,1.20,1.50
2012.01.18 03:38:48.931,1.27762,1.27768,6.19,1.50
2012.01.18 03:38:49.013,1.27764,1.27768,1.20,1.50
2012.01.18 03:38:49.233,1.27761,1.27766,1.54,1.50
2012.01.18 03:38:49.515,1.27761,1.27766,1.20,1.50
2012.01.18 03:38:49.657,1.27761,1.27768,1.20,2.25
2012.01.18 03:38:49.729,1.27761,1.27766,1.20,1.50
2012.01.18 03:38:49.857,1.27761,1.27769,2.89,2.25
2012.01.18 03:38:50.393,1.27763,1.27769,1.20,1.50
2012.01.18 03:38:51.322,1.27765,1.27769,1.20,1.50
2012.01.18 03:38:51.887,1.27766,1.27773,1.20,2.25
2012.01.18 03:38:52.425,1.27766,1.27773,1.39,1.50
2012.01.18 03:38:52.907,1.27771,1.27776,1.20,1.50
2012.01.18 03:38:52.984,1.27771,1.27775,1.20,1.50
2012.01.18 03:38:53.341,1.27774,1.27778,1.20,3.00
2012.01.18 03:38:55.006,1.2777,1.27774,1.20,1.50
2012.01.18 03:38:55.466,1.27767,1.27773,1.88,1.20
2012.01.18 03:38:55.538,1.27765,1.2777,3.72,1.50
2012.01.18 03:38:55.677,1.27765,1.2777,1.20,1.50
2012.01.18 03:38:55.820,1.27764,1.27768,1.50,1.50
2012.01.18 03:38:56.825,1.27762,1.27768,4.02,1.50
2012.01.18 03:38:57.024,1.27762,1.2777,4.77,1.20
2012.01.18 03:38:57.881,1.27764,1.2777,2.10,1.20
2012.01.18 03:38:58.029,1.27766,1.27774,3.45,1.50
2012.01.18 03:38:58.168,1.27766,1.27774,4.95,1.50
2012.01.18 03:38:58.509,1.2777,1.27777,1.95,2.25
2012.01.18 03:38:59.032,1.27771,1.27779,3.45,2.25
2012.01.18 03:38:59.111,1.27773,1.27779,1.20,1.50
2012.01.18 03:38:59.598,1.27773,1.27777,1.20,1.50
2012.01.18 03:39:00.324,1.27772,1.27777,1.95,1.50
2012.01.18 03:39:04.077,1.27771,1.27779,1.95,1.20
2012.01.18 03:39:05.586,1.27771,1.27779,1.20,1.95
2012.01.18 03:39:07.069,1.27771,1.27778,1.20,1.50
2012.01.18 03:39:07.144,1.27771,1.27777,1.20,1.50
2012.01.18 03:39:07.734,1.27771,1.27776,1.50,2.70
2012.01.18 03:39:07.975,1.27768,1.27777,1.77,1.50
2012.01.18 03:39:08.048,1.27767,1.27776,4.20,1.50
2012.01.18 03:39:08.123,1.27767,1.27774,1.95,1.50
2012.01.18 03:39:08.471,1.27767,1.27773,1.50,1.95
2012.01.18 03:39:09.027,1.27766,1.27773,2.44,1.95
2012.01.18 03:39:09.793,1.27766,1.27771,2.25,1.95
2012.01.18 03:39:10.314,1.27759,1.27767,3.45,2.25
2012.01.18 03:39:10.462,1.27759,1.27767,3.45,2.25
2012.01.18 03:39:10.734,1.27762,1.27769,1.95,2.25
2012.01.18 03:39:10.806,1.27764,1.27769,1.20,2.25
2012.01.18 03:39:11.776,1.27767,1.27773,2.70,2.25
2012.01.18 03:39:11.848,1.27767,1.27773,2.70,1.50
2012.01.18 03:39:12.112,1.27771,1.27777,1.50,2.14
2012.01.18 03:39:12.675,1.27768,1.27775,2.70,2.25
2012.01.18 03:39:13.214,1.27768,1.27777,3.45,1.50
2012.01.18 03:39:13.556,1.27772,1.27779,1.20,1.50
2012.01.18 03:39:13.698,1.27775,1.2778,1.20,2.63
2012.01.18 03:39:14.173,1.27775,1.27782,1.95,3.00
2012.01.18 03:39:14.893,1.27775,1.27782,1.95,3.00
2012.01.18 03:39:15.554,1.27775,1.27782,1.20,3.00
2012.01.18 03:39:17.784,1.27774,1.27782,2.25,3.00
2012.01.18 03:39:19.380,1.27774,1.27782,2.25,3.00
2012.01.18 03:39:19.573,1.27774,1.2778,2.25,1.50
2012.01.18 03:39:20.093,1.27774,1.2778,1.50,2.25
2012.01.18 03:39:21.297,1.27772,1.2778,2.25,1.50
2012.01.18 03:39:25.887,1.27772,1.2778,2.25,2.25
2012.01.18 03:39:26.159,1.27771,1.27779,1.95,1.50
2012.01.18 03:39:26.377,1.27771,1.27779,1.20,1.50
2012.01.18 03:39:26.653,1.27768,1.27774,1.20,2.25
2012.01.18 03:39:26.797,1.27766,1.27774,2.70,2.70
2012.01.18 03:39:27.005,1.27766,1.27774,2.70,3.45
2012.01.18 03:39:27.576,1.27767,1.27774,1.50,1.95
2012.01.18 03:39:28.650,1.27767,1.27775,3.08,1.95
2012.01.18 03:39:29.243,1.27767,1.27775,3.08,1.95
2012.01.18 03:39:29.754,1.27767,1.27775,3.08,1.95
2012.01.18 03:39:37.571,1.27767,1.27775,2.70,1.20
2012.01.18 03:39:39.656,1.27767,1.27775,2.70,1.95
2012.01.18 03:39:40.162,1.27767,1.27775,2.70,1.95
2012.01.18 03:39:42.766,1.27767,1.27775,2.70,1.95
2012.01.18 03:39:43.322,1.27767,1.27775,2.70,1.95
2012.01.18 03:39:45.734,1.27767,1.27775,2.70,1.95
2012.01.18 03:39:46.283,1.27767,1.27775,2.70,1.20
2012.01.18 03:39:46.787,1.27767,1.27775,2.89,1.95
2012.01.18 03:39:47.035,1.2777,1.27777,1.20,2.25
2012.01.18 03:39:47.713,1.2777,1.27777,1.20,3.00
2012.01.18 03:39:49.942,1.2777,1.27777,1.20,3.00
2012.01.18 03:39:50.451,1.2777,1.27777,1.20,3.00
2012.01.18 03:39:50.596,1.27774,1.27779,1.20,2.25
2012.01.18 03:39:52.143,1.27771,1.27777,1.20,1.50
2012.01.18 03:39:52.675,1.27771,1.27777,1.20,3.19
2012.01.18 03:39:58.179,1.27771,1.27776,1.20,1.50
2012.01.18 03:39:58.334,1.27767,1.27775,2.70,3.45
2012.01.18 03:39:58.413,1.27769,1.27774,1.20,4.50
2012.01.18 03:39:58.825,1.2777,1.27774,1.20,2.25
2012.01.18 03:39:59.206,1.27766,1.27775,3.08,1.50
2012.01.18 03:39:59.345,1.2777,1.27775,1.20,1.50
2012.01.18 03:39:59.974,1.27766,1.27775,1.50,1.50
2012.01.18 03:40:01.325,1.27766,1.27775,1.50,1.50
2012.01.18 03:40:01.863,1.27766,1.27775,1.50,1.50
2012.01.18 03:40:02.245,1.27768,1.27775,1.20,1.50
2012.01.18 03:40:02.315,1.27768,1.27776,1.20,3.00
2012.01.18 03:40:02.735,1.27768,1.27773,1.20,1.50
2012.01.18 03:40:03.085,1.27763,1.27771,1.13,2.25
2012.01.18 03:40:03.621,1.27767,1.27771,1.20,2.25
2012.01.18 03:40:03.839,1.27769,1.27775,1.20,3.00
2012.01.18 03:40:03.966,1.27769,1.27775,1.20,3.00
2012.01.18 03:40:04.315,1.27771,1.27775,1.20,1.50
2012.01.18 03:40:04.834,1.27768,1.27775,1.50,1.50
2012.01.18 03:40:05.715,1.27766,1.27774,1.13,3.00
2012.01.18 03:40:05.927,1.27768,1.27772,1.20,1.50
2012.01.18 03:40:07.524,1.27768,1.27772,1.20,2.44
2012.01.18 03:40:08.166,1.27768,1.27774,1.20,3.75
2012.01.18 03:40:08.705,1.27768,1.27774,1.20,3.75
2012.01.18 03:40:08.848,1.27766,1.27774,1.50,3.75
2012.01.18 03:40:08.915,1.27768,1.27774,1.20,3.75
2012.01.18 03:40:11.341,1.27766,1.27774,2.63,3.00
2012.01.18 03:40:11.628,1.27772,1.27777,1.20,1.69
2012.01.18 03:40:12.308,1.27768,1.27776,4.20,2.25
2012.01.18 03:40:12.654,1.27764,1.27772,1.13,2.25
2012.01.18 03:40:12.867,1.27769,1.27773,1.20,2.25
2012.01.18 03:40:13.964,1.27769,1.27775,1.20,2.25
2012.01.18 03:40:14.305,1.27766,1.27775,1.50,1.50
2012.01.18 03:40:16.475,1.27769,1.27773,1.20,1.50
2012.01.18 03:40:17.917,1.27766,1.27774,1.50,1.13
2012.01.18 03:40:18.458,1.27768,1.27773,1.20,2.25
2012.01.18 03:40:19.745,1.2777,1.27775,1.20,3.00
2012.01.18 03:40:19.816,1.27768,1.27773,1.20,2.25
2012.01.18 03:40:20.354,1.27769,1.27774,1.20,1.88
2012.01.18 03:40:24.695,1.27765,1.27773,1.20,1.50
2012.01.18 03:40:25.111,1.2776,1.2777,3.38,3.00
2012.01.18 03:40:25.493,1.27765,1.2777,1.20,3.00
2012.01.18 03:40:25.625,1.27762,1.27772,1.50,3.94
2012.01.18 03:40:25.825,1.27765,1.27772,1.20,3.94
2012.01.18 03:40:26.689,1.27769,1.27773,1.20,1.50
2012.01.18 03:40:26.915,1.27767,1.27774,1.88,2.25
2012.01.18 03:40:26.994,1.27767,1.27774,1.88,1.50
2012.01.18 03:40:27.069,1.27768,1.27775,2.25,1.50
2012.01.18 03:40:27.348,1.27774,1.27779,1.20,2.25
2012.01.18 03:40:27.486,1.27772,1.27779,1.13,2.25
2012.01.18 03:40:28.395,1.27773,1.27777,1.20,1.50
2012.01.18 03:40:28.467,1.2777,1.27777,1.20,2.25
2012.01.18 03:40:28.996,1.27769,1.27776,1.50,1.50
2012.01.18 03:40:29.555,1.27766,1.27776,1.50,3.00
2012.01.18 03:40:31.303,1.27769,1.27776,1.20,3.00
2012.01.18 03:40:34.413,1.27769,1.27777,1.20,2.70
2012.01.18 03:40:34.485,1.27769,1.27777,1.20,2.70
2012.01.18 03:40:35.044,1.27769,1.27777,1.20,2.70
2012.01.18 03:40:37.292,1.27769,1.27777,1.20,2.70
2012.01.18 03:40:39.622,1.27769,1.27777,1.20,2.70
2012.01.18 03:40:41.255,1.27769,1.27777,1.20,2.70
2012.01.18 03:40:43.296,1.27769,1.27777,1.20,2.70
2012.01.18 03:40:43.995,1.27769,1.27777,1.20,2.70
2012.01.18 03:40:44.394,1.27769,1.27777,1.20,2.70
2012.01.18 03:40:46.973,1.27769,1.27777,1.20,2.70
2012.01.18 03:40:47.693,1.27769,1.27777,1.20,2.70
2012.01.18 03:40:49.843,1.27769,1.27777,1.20,2.70
2012.01.18 03:40:50.472,1.27766,1.27774,1.20,4.20
2012.01.18 03:40:50.556,1.27766,1.27774,1.20,4.20
2012.01.18 03:40:51.085,1.27766,1.27773,1.20,1.50
2012.01.18 03:40:51.226,1.27766,1.27773,1.20,1.50
2012.01.18 03:40:51.775,1.27766,1.27773,1.20,1.50
2012.01.18 03:40:52.580,1.27766,1.27774,1.20,4.20
2012.01.18 03:40:52.780,1.27769,1.27775,1.20,2.25
2012.01.18 03:40:53.131,1.27772,1.27779,1.50,1.20
2012.01.18 03:40:53.215,1.27772,1.27779,2.25,1.20
2012.01.18 03:40:53.584,1.27774,1.27782,1.20,2.89
2012.01.18 03:40:53.797,1.27776,1.27783,1.77,2.70
2012.01.18 03:40:54.146,1.27779,1.27789,1.88,1.50
2012.01.18 03:40:54.294,1.27783,1.27791,1.50,3.38
2012.01.18 03:40:54.789,1.27783,1.27791,2.25,2.25
2012.01.18 03:40:55.137,1.27782,1.27787,1.20,1.50
2012.01.18 03:40:55.519,1.27778,1.27787,1.20,2.25
2012.01.18 03:40:55.669,1.27778,1.27786,1.95,1.50
2012.01.18 03:40:55.878,1.27775,1.27783,7.95,1.50
2012.01.18 03:40:56.439,1.27776,1.27784,1.88,1.95
2012.01.18 03:40:56.766,1.27776,1.27786,3.08,3.45
2012.01.18 03:40:57.045,1.27776,1.27786,3.08,3.45
2012.01.18 03:40:57.384,1.27778,1.27786,1.50,1.95
2012.01.18 03:40:57.847,1.27776,1.27786,3.08,3.45
2012.01.18 03:41:00.732,1.27776,1.27786,2.89,3.45
2012.01.18 03:41:01.283,1.27776,1.27786,3.64,3.45
2012.01.18 03:41:01.832,1.27778,1.27786,1.50,1.95
2012.01.18 03:41:06.984,1.27778,1.27786,1.69,1.95
2012.01.18 03:41:07.533,1.27778,1.27786,1.69,1.20
2012.01.18 03:41:11.095,1.27778,1.27786,1.69,1.95
2012.01.18 03:41:11.307,1.27776,1.27783,1.77,1.50
2012.01.18 03:41:11.814,1.27775,1.27783,2.25,1.50
2012.01.18 03:41:12.265,1.27777,1.27785,1.50,2.70
2012.01.18 03:41:14.186,1.27777,1.27784,1.50,1.20
2012.01.18 03:41:15.339,1.27777,1.27785,1.50,2.25
2012.01.18 03:41:15.668,1.27779,1.27785,1.95,1.50
2012.01.18 03:41:15.797,1.27782,1.27787,1.20,1.50
2012.01.18 03:41:15.998,1.27782,1.2779,1.20,4.95
2012.01.18 03:41:16.637,1.27782,1.2779,1.20,3.45
2012.01.18 03:41:16.898,1.27786,1.2779,1.20,3.75
2012.01.18 03:41:17.113,1.27787,1.27794,1.50,1.95
2012.01.18 03:41:17.259,1.27789,1.27797,3.45,2.25
2012.01.18 03:41:17.876,1.2779,1.27797,1.50,1.50
2012.01.18 03:41:18.206,1.27789,1.27795,1.50,1.50
2012.01.18 03:41:18.549,1.27787,1.27793,3.00,1.20
2012.01.18 03:41:18.619,1.27787,1.27793,1.50,1.39
2012.01.18 03:41:18.829,1.27783,1.27791,2.25,1.50
2012.01.18 03:41:18.902,1.2778,1.2779,3.83,1.50
2012.01.18 03:41:19.428,1.27782,1.27792,1.50,3.45
2012.01.18 03:41:19.769,1.27782,1.27792,1.69,3.45
2012.01.18 03:41:20.124,1.27781,1.27789,2.89,2.70
2012.01.18 03:41:20.669,1.27781,1.27789,2.70,3.45
2012.01.18 03:41:21.357,1.27781,1.27788,1.50,1.95
2012.01.18 03:41:21.904,1.27781,1.27787,1.50,1.95
2012.01.18 03:41:23.934,1.27781,1.27787,1.50,1.95
2012.01.18 03:41:24.004,1.27778,1.27787,1.50,1.95
2012.01.18 03:41:25.577,1.27778,1.27787,1.50,1.95
2012.01.18 03:41:25.643,1.27778,1.27787,1.50,1.95
2012.01.18 03:41:26.241,1.27778,1.27787,1.50,1.95
2012.01.18 03:41:28.082,1.27778,1.27787,1.50,1.95
2012.01.18 03:41:28.633,1.27778,1.27787,1.50,1.95
2012.01.18 03:41:29.985,1.27778,1.27788,1.88,1.50
2012.01.18 03:41:30.201,1.27786,1.27791,1.50,2.25
2012.01.18 03:41:30.282,1.27789,1.27794,1.50,1.50
2012.01.18 03:41:30.427,1.27791,1.27798,1.50,2.70
2012.01.18 03:41:30.962,1.2779,1.27798,1.50,3.45
2012.01.18 03:41:32.108,1.27792,1.27798,1.20,1.50
2012.01.18 03:41:32.856,1.27792,1.278,1.95,1.95
2012.01.18 03:41:33.077,1.27795,1.27804,4.20,1.65
2012.01.18 03:41:33.363,1.27795,1.278,1.40,1.50
2012.01.18 03:41:33.514,1.27798,1.27804,2.25,1.50
2012.01.18 03:41:34.055,1.27794,1.27802,1.50,1.50
2012.01.18 03:41:34.594,1.27796,1.27803,1.50,1.95
2012.01.18 03:41:34.855,1.27794,1.27802,2.25,1.50
2012.01.18 03:41:35.379,1.27794,1.27802,2.25,1.50
2012.01.18 03:41:35.446,1.27796,1.27804,1.50,2.70
2012.01.18 03:41:36.413,1.27796,1.27804,2.25,2.70
2012.01.18 03:41:36.923,1.27796,1.27804,2.25,2.70
2012.01.18 03:41:37.537,1.27796,1.27804,1.50,4.20
2012.01.18 03:41:38.054,1.27793,1.27803,2.25,1.50
2012.01.18 03:41:39.647,1.27793,1.27803,2.25,2.25
2012.01.18 03:41:40.069,1.27792,1.278,2.25,1.50
2012.01.18 03:41:40.208,1.27792,1.278,2.25,1.50
2012.01.18 03:41:40.711,1.27792,1.278,2.25,1.50
2012.01.18 03:41:40.799,1.27789,1.27798,4.02,1.20
2012.01.18 03:41:40.935,1.27789,1.27798,2.25,1.20
2012.01.18 03:41:41.148,1.27787,1.27795,2.25,1.20
2012.01.18 03:41:41.675,1.27789,1.27795,1.50,1.20
2012.01.18 03:41:42.975,1.27787,1.27795,2.25,2.70
2012.01.18 03:41:43.533,1.27789,1.27795,2.25,1.20
2012.01.18 03:41:44.796,1.27789,1.27795,2.25,1.20
2012.01.18 03:41:45.355,1.27789,1.27795,2.25,1.20
2012.01.18 03:41:45.425,1.27789,1.27795,2.25,1.20
2012.01.18 03:41:50.946,1.27788,1.27797,2.25,1.20
2012.01.18 03:41:51.475,1.27788,1.27797,2.25,1.20
2012.01.18 03:41:53.455,1.27788,1.27795,1.50,1.50
2012.01.18 03:41:54.015,1.2779,1.27797,1.50,1.95
2012.01.18 03:41:56.104,1.27787,1.27797,3.64,2.70
2012.01.18 03:41:56.844,1.27789,1.27797,2.25,1.20
2012.01.18 03:41:57.346,1.27789,1.27796,2.25,1.20
2012.01.18 03:41:58.313,1.27789,1.27796,2.25,1.20
2012.01.18 03:41:58.446,1.27789,1.27799,3.45,3.45
2012.01.18 03:41:58.519,1.27789,1.27799,3.45,3.45
2012.01.18 03:41:58.658,1.27789,1.27797,3.45,1.88
2012.01.18 03:41:59.280,1.27793,1.278,1.95,1.50
2012.01.18 03:41:59.367,1.27795,1.27803,1.50,3.19
2012.01.18 03:41:59.438,1.27795,1.27801,1.50,2.70
2012.01.18 03:41:59.981,1.27792,1.27799,1.20,1.50
2012.01.18 03:42:00.126,1.27792,1.27801,3.45,2.70
2012.01.18 03:42:01.176,1.27792,1.278,3.45,1.20
2012.01.18 03:42:01.684,1.27792,1.278,3.45,1.95
2012.01.18 03:42:01.756,1.27792,1.278,3.45,1.95
2012.01.18 03:42:01.825,1.27792,1.27798,2.25,1.20
2012.01.18 03:42:02.866,1.27792,1.27796,1.50,1.20
2012.01.18 03:42:03.082,1.2779,1.27795,2.25,1.20
2012.01.18 03:42:05.066,1.2779,1.278,2.25,2.82
2012.01.18 03:42:05.385,1.2779,1.27795,2.25,1.20
2012.01.18 03:42:05.944,1.2779,1.27795,2.25,1.20
2012.01.18 03:42:06.091,1.27795,1.278,1.20,3.00
2012.01.18 03:42:06.239,1.27795,1.27802,2.25,3.45
2012.01.18 03:42:06.309,1.27797,1.27802,1.50,1.95
2012.01.18 03:42:06.795,1.27793,1.27798,1.20,1.50
2012.01.18 03:42:06.866,1.27793,1.278,1.95,1.50
2012.01.18 03:42:07.656,1.27793,1.27803,1.95,3.30
2012.01.18 03:42:07.856,1.27794,1.27802,2.25,1.50
2012.01.18 03:42:09.464,1.27796,1.27804,2.25,3.64
2012.01.18 03:42:10.403,1.27796,1.27804,2.25,3.45
2012.01.18 03:42:12.793,1.27796,1.27804,3.45,3.45
2012.01.18 03:42:13.103,1.27797,1.27801,3.08,1.50
2012.01.18 03:42:13.179,1.27793,1.27798,1.50,1.95
2012.01.18 03:42:13.388,1.27791,1.27797,1.50,1.95
2012.01.18 03:42:13.463,1.27787,1.27797,4.05,3.45
2012.01.18 03:42:13.984,1.27787,1.27797,3.45,3.45
2012.01.18 03:42:14.125,1.27787,1.27797,3.45,3.45
2012.01.18 03:42:14.195,1.27787,1.27797,3.45,3.45
2012.01.18 03:42:14.990,1.27787,1.27797,3.45,3.45
2012.01.18 03:42:15.335,1.27787,1.27795,3.45,1.20
2012.01.18 03:42:16.606,1.27787,1.27794,2.25,1.20
2012.01.18 03:42:20.576,1.27787,1.27794,2.25,1.20
2012.01.18 03:42:20.646,1.27787,1.27794,2.25,1.20
2012.01.18 03:42:21.737,1.27787,1.27795,2.25,1.20
2012.01.18 03:42:21.868,1.27789,1.27795,2.25,1.20
2012.01.18 03:42:22.324,1.27787,1.27795,2.25,1.95
2012.01.18 03:42:22.884,1.27787,1.27795,2.25,1.20
2012.01.18 03:42:23.425,1.27787,1.27795,2.25,1.20
2012.01.18 03:42:23.495,1.27787,1.27793,2.25,1.20
2012.01.18 03:42:23.824,1.27787,1.27793,2.25,1.20
2012.01.18 03:42:24.029,1.27787,1.27793,2.25,1.20
2012.01.18 03:42:24.935,1.27787,1.27795,1.50,1.20
2012.01.18 03:42:25.324,1.27787,1.27795,2.25,1.20
2012.01.18 03:42:26.146,1.27788,1.27796,1.95,1.20
2012.01.18 03:42:27.175,1.27789,1.27797,1.95,2.70
2012.01.18 03:42:28.998,1.27789,1.27797,1.95,1.20
2012.01.18 03:42:29.504,1.27789,1.27797,1.95,1.20
2012.01.18 03:42:30.063,1.27789,1.27797,3.83,1.20
2012.01.18 03:42:31.038,1.27789,1.27797,2.63,1.20
2012.01.18 03:42:31.467,1.27787,1.27797,3.83,2.70
2012.01.18 03:42:31.535,1.27787,1.27795,2.63,1.20
2012.01.18 03:42:31.803,1.27787,1.27795,2.63,1.20
2012.01.18 03:42:33.446,1.27787,1.27795,2.25,1.20
2012.01.18 03:42:34.385,1.27787,1.27795,2.25,1.20
2012.01.18 03:42:34.986,1.27787,1.27795,2.25,1.20
2012.01.18 03:42:35.532,1.27786,1.27794,2.25,1.50
2012.01.18 03:42:36.077,1.27786,1.27794,2.25,1.50
2012.01.18 03:42:36.633,1.27786,1.27794,2.25,1.50
2012.01.18 03:42:37.604,1.27786,1.27794,3.00,1.50
2012.01.18 03:42:37.795,1.27786,1.27794,2.25,1.50
2012.01.18 03:42:39.332,1.27785,1.27793,1.95,1.50
2012.01.18 03:42:39.475,1.27783,1.27792,2.25,1.20
2012.01.18 03:42:39.623,1.27782,1.2779,3.64,1.50
2012.01.18 03:42:39.907,1.27784,1.27792,2.25,2.70
2012.01.18 03:42:41.077,1.27783,1.27791,1.95,1.50
2012.01.18 03:42:41.843,1.27784,1.27792,2.25,1.50
2012.01.18 03:42:43.486,1.27784,1.27792,2.25,1.50
2012.01.18 03:42:43.994,1.27784,1.27792,2.25,1.50
2012.01.18 03:42:44.556,1.27785,1.27793,1.50,1.95
2012.01.18 03:42:45.083,1.27783,1.27793,3.45,3.45
2012.01.18 03:42:45.218,1.27783,1.27791,3.45,1.20
2012.01.18 03:42:45.883,1.27783,1.2779,1.20,1.50
2012.01.18 03:42:48.978,1.27783,1.27792,1.20,3.00
2012.01.18 03:42:49.328,1.27785,1.27792,1.20,2.25
2012.01.18 03:42:50.098,1.27785,1.27792,1.20,2.25
2012.01.18 03:42:51.385,1.27785,1.27792,1.20,2.25
2012.01.18 03:42:51.938,1.27785,1.27792,1.20,1.50
2012.01.18 03:42:55.125,1.27785,1.27792,1.20,2.25
2012.01.18 03:42:55.672,1.27785,1.27792,1.20,2.25
2012.01.18 03:42:56.010,1.27778,1.27785,2.82,1.04
2012.01.18 03:42:56.627,1.27776,1.27782,1.50,1.20
2012.01.18 03:42:56.722,1.2777,1.27776,1.50,1.20
2012.01.18 03:42:57.265,1.27768,1.27776,4.39,3.45
2012.01.18 03:42:58.497,1.27771,1.27778,1.50,1.95
2012.01.18 03:42:59.205,1.27771,1.27778,1.50,1.20
2012.01.18 03:43:00.491,1.27771,1.27779,2.25,2.70
2012.01.18 03:43:02.702,1.27771,1.27779,2.25,1.50
2012.01.18 03:43:08.015,1.27771,1.27779,3.00,1.50
2012.01.18 03:43:08.085,1.27773,1.27779,1.95,1.50
2012.01.18 03:43:08.288,1.27772,1.27779,3.75,1.20
2012.01.18 03:43:08.428,1.27773,1.27781,3.83,1.95
2012.01.18 03:43:08.978,1.27773,1.27781,2.33,2.70
2012.01.18 03:43:11.188,1.27772,1.2778,1.95,1.20
2012.01.18 03:43:12.564,1.27772,1.2778,1.95,1.20
2012.01.18 03:43:12.896,1.27772,1.2778,2.70,1.20
2012.01.18 03:43:13.673,1.27774,1.27782,3.00,2.25
2012.01.18 03:43:13.824,1.27781,1.27785,1.50,1.73
2012.01.18 03:43:14.048,1.27776,1.27783,6.45,1.50
2012.01.18 03:43:14.259,1.27779,1.2779,1.50,1.50
2012.01.18 03:43:14.467,1.27783,1.2779,3.45,1.50
2012.01.18 03:43:14.537,1.27783,1.27793,3.45,2.70
2012.01.18 03:43:14.608,1.27783,1.27793,3.45,2.70
2012.01.18 03:43:15.677,1.27783,1.27791,1.95,1.50
2012.01.18 03:43:18.987,1.27783,1.27791,1.95,1.50
2012.01.18 03:43:19.623,1.27783,1.27791,1.95,1.50
2012.01.18 03:43:20.142,1.27783,1.27791,1.95,1.50
2012.01.18 03:43:22.977,1.27783,1.27791,1.95,1.50
2012.01.18 03:43:26.093,1.27783,1.27791,1.95,1.50
2012.01.18 03:43:26.636,1.27783,1.27791,1.20,1.50
2012.01.18 03:43:30.273,1.27781,1.27791,3.45,1.50
2012.01.18 03:43:30.419,1.27785,1.27793,2.25,2.70
2012.01.18 03:43:31.167,1.27785,1.27793,1.50,2.44
2012.01.18 03:43:31.310,1.27782,1.2779,1.95,1.50
2012.01.18 03:43:31.670,1.27782,1.2779,1.95,1.50
2012.01.18 03:43:31.916,1.27785,1.27793,1.50,1.50
2012.01.18 03:43:33.169,1.27786,1.27794,2.25,1.20
2012.01.18 03:43:34.235,1.27786,1.27794,2.25,1.20
2012.01.18 03:43:34.575,1.27784,1.27792,1.95,1.50
2012.01.18 03:43:35.083,1.27784,1.27792,1.95,1.50
2012.01.18 03:43:36.896,1.27784,1.27792,1.95,1.50
2012.01.18 03:43:37.111,1.27789,1.27798,3.45,1.50
2012.01.18 03:43:37.189,1.27789,1.27799,3.45,3.45
2012.01.18 03:43:37.262,1.27793,1.278,1.20,4.28
2012.01.18 03:43:37.693,1.27797,1.27805,1.50,2.63
2012.01.18 03:43:37.766,1.27796,1.27808,1.95,2.70
2012.01.18 03:43:37.838,1.27795,1.27802,2.25,1.20
2012.01.18 03:43:37.908,1.27799,1.27805,1.50,1.95
2012.01.18 03:43:38.051,1.27796,1.27802,1.50,2.70
2012.01.18 03:43:38.130,1.27799,1.27809,1.95,1.95
2012.01.18 03:43:38.211,1.278,1.27805,1.50,1.50
2012.01.18 03:43:38.655,1.278,1.27807,1.95,1.50
2012.01.18 03:43:38.867,1.278,1.27809,5.70,1.50
2012.01.18 03:43:39.081,1.27797,1.27805,2.89,1.50
2012.01.18 03:43:39.444,1.27794,1.27804,2.25,1.50
2012.01.18 03:43:40.004,1.27794,1.27804,2.25,1.50
2012.01.18 03:43:41.186,1.27794,1.27804,3.45,1.50
2012.01.18 03:43:41.498,1.27794,1.27804,3.45,1.50
2012.01.18 03:43:41.758,1.27798,1.27806,2.25,1.39
2012.01.18 03:43:41.828,1.27798,1.27806,2.25,1.20
2012.01.18 03:43:43.896,1.27795,1.27803,2.25,1.50
2012.01.18 03:43:44.585,1.27796,1.27804,1.13,1.88
2012.01.18 03:43:44.676,1.27797,1.27805,4.20,2.70
2012.01.18 03:43:44.894,1.27798,1.27805,1.95,1.50
2012.01.18 03:43:45.035,1.27798,1.27806,2.25,1.50
2012.01.18 03:43:45.576,1.27798,1.27808,1.95,1.58
2012.01.18 03:43:46.094,1.278,1.27808,3.45,1.50
2012.01.18 03:43:46.421,1.27801,1.27809,1.95,1.50
2012.01.18 03:43:46.856,1.27804,1.27808,2.25,1.20
2012.01.18 03:43:47.349,1.27802,1.27812,2.25,1.50
2012.01.18 03:43:48.006,1.27803,1.27813,2.25,1.50
2012.01.18 03:43:48.080,1.27804,1.27813,1.95,1.50
2012.01.18 03:43:48.289,1.27805,1.27814,1.95,3.00
2012.01.18 03:43:48.358,1.27812,1.2782,1.95,2.25
2012.01.18 03:43:48.978,1.27817,1.27825,2.70,2.70
2012.01.18 03:43:49.006,1.2782,1.27829,1.50,3.19
2012.01.18 03:43:49.093,1.27816,1.27821,1.13,1.20
2012.01.18 03:43:49.383,1.27813,1.2782,1.50,1.50
2012.01.18 03:43:49.460,1.27812,1.2782,2.25,1.50
2012.01.18 03:43:49.527,1.27812,1.2782,2.25,1.50
2012.01.18 03:43:50.036,1.27813,1.27821,2.25,1.20
2012.01.18 03:43:50.419,1.27813,1.27821,3.45,2.70
2012.01.18 03:43:51.012,1.27814,1.27821,2.25,2.70
2012.01.18 03:43:51.536,1.27815,1.27821,3.45,1.50
2012.01.18 03:43:52.897,1.27815,1.27823,3.45,3.08
2012.01.18 03:43:54.251,1.27818,1.27825,4.50,1.50
2012.01.18 03:43:54.471,1.27821,1.27829,2.25,3.45
2012.01.18 03:43:54.814,1.2782,1.27827,1.50,1.50
2012.01.18 03:43:55.028,1.27821,1.2783,2.70,2.44
2012.01.18 03:43:55.603,1.27821,1.2783,2.70,2.25
2012.01.18 03:43:55.879,1.2782,1.27826,2.25,1.20
2012.01.18 03:43:55.950,1.27821,1.27826,1.50,1.20
2012.01.18 03:43:56.239,1.27816,1.27825,4.92,1.20
2012.01.18 03:43:56.319,1.27816,1.27825,2.44,1.20
2012.01.18 03:43:56.386,1.27815,1.27823,4.39,1.50
2012.01.18 03:43:56.676,1.27813,1.27822,2.25,1.95
2012.01.18 03:43:57.226,1.27812,1.2782,3.45,1.50
2012.01.18 03:43:58.199,1.27812,1.27819,2.25,1.20
2012.01.18 03:43:59.505,1.27812,1.2782,3.45,3.75
2012.01.18 03:43:59.845,1.27817,1.27824,1.50,1.95
2012.01.18 03:43:59.975,1.27817,1.27824,1.50,1.20
2012.01.18 03:44:00.246,1.27815,1.27823,1.50,1.50
2012.01.18 03:44:01.234,1.27813,1.27821,2.25,1.50
2012.01.18 03:44:02.096,1.27813,1.27821,2.25,1.50
2012.01.18 03:44:02.181,1.27815,1.27824,4.50,2.70
2012.01.18 03:44:02.327,1.27815,1.27824,3.75,2.70
2012.01.18 03:44:02.539,1.27817,1.27826,1.20,2.25
2012.01.18 03:44:02.737,1.27816,1.27827,2.25,1.13
2012.01.18 03:44:03.219,1.2782,1.27828,3.45,2.70
2012.01.18 03:44:03.567,1.2782,1.27827,1.50,1.20
2012.01.18 03:44:03.639,1.27821,1.27828,1.20,1.69
2012.01.18 03:44:03.853,1.27822,1.27829,1.50,3.72
2012.01.18 03:44:04.365,1.27817,1.27825,1.50,1.20
2012.01.18 03:44:04.509,1.27817,1.27827,2.70,2.89
2012.01.18 03:44:04.583,1.27823,1.27828,1.20,1.69
2012.01.18 03:44:04.802,1.27827,1.27834,3.75,3.00
2012.01.18 03:44:04.952,1.27827,1.27834,4.50,3.45
2012.01.18 03:44:05.029,1.27826,1.27834,3.45,2.70
2012.01.18 03:44:05.101,1.27829,1.27834,1.50,1.20
2012.01.18 03:44:05.455,1.27829,1.27836,2.25,1.20
2012.01.18 03:44:05.715,1.27831,1.27836,1.50,1.20
2012.01.18 03:44:06.419,1.27829,1.27836,1.50,1.20
2012.01.18 03:44:06.567,1.27831,1.27839,1.20,2.14
2012.01.18 03:44:07.101,1.27836,1.27842,1.95,1.69
2012.01.18 03:44:07.249,1.27835,1.27843,3.00,4.47
2012.01.18 03:44:07.318,1.27835,1.27843,3.00,4.28
2012.01.18 03:44:07.462,1.27832,1.27839,2.25,1.20
2012.01.18 03:44:07.538,1.27832,1.27842,2.25,1.54
2012.01.18 03:44:07.683,1.27832,1.27839,1.50,1.20
2012.01.18 03:44:07.765,1.27832,1.27839,2.25,1.95
2012.01.18 03:44:07.842,1.27831,1.27839,1.20,3.45
2012.01.18 03:44:08.502,1.27831,1.27836,1.20,1.50
2012.01.18 03:44:08.586,1.27829,1.27836,1.95,1.50
2012.01.18 03:44:11.049,1.27828,1.27835,1.95,1.50
2012.01.18 03:44:11.574,1.27828,1.27835,1.20,1.50
2012.01.18 03:44:12.568,1.27825,1.27835,2.70,2.25
2012.01.18 03:44:13.107,1.27825,1.27835,3.45,3.45
2012.01.18 03:44:13.688,1.27826,1.27835,1.20,2.25
2012.01.18 03:44:14.235,1.27827,1.27836,1.50,2.33
2012.01.18 03:44:14.764,1.27827,1.27836,1.50,2.33
2012.01.18 03:44:15.274,1.27826,1.27834,2.70,2.44
2012.01.18 03:44:16.513,1.27826,1.27834,2.70,2.44
2012.01.18 03:44:17.561,1.27821,1.27827,1.13,1.50
2012.01.18 03:44:17.916,1.27817,1.27825,2.14,1.20
2012.01.18 03:44:18.364,1.27817,1.27825,1.20,1.20
2012.01.18 03:44:21.316,1.27817,1.27823,1.95,1.50
2012.01.18 03:44:21.845,1.27817,1.27823,1.20,2.25
2012.01.18 03:44:22.355,1.27816,1.27822,1.20,2.25
2012.01.18 03:44:23.736,1.27816,1.27822,1.95,1.50
2012.01.18 03:44:23.879,1.27817,1.27824,1.95,1.50
2012.01.18 03:44:24.459,1.27817,1.27825,3.45,1.50
2012.01.18 03:44:24.532,1.27817,1.27825,3.45,1.50
2012.01.18 03:44:25.515,1.27817,1.27824,1.95,1.50
2012.01.18 03:44:30.167,1.27817,1.27825,3.45,2.70
2012.01.18 03:44:30.305,1.27817,1.27825,3.45,1.50
2012.01.18 03:44:35.696,1.27817,1.27825,3.45,1.50
2012.01.18 03:44:35.824,1.27817,1.27825,3.45,1.50
2012.01.18 03:44:36.331,1.27817,1.27824,1.95,1.50
2012.01.18 03:44:36.834,1.27817,1.27824,1.95,1.50
2012.01.18 03:44:38.124,1.27817,1.27825,3.45,1.50
2012.01.18 03:44:38.664,1.27817,1.27825,2.70,1.50
2012.01.18 03:44:40.203,1.27818,1.27826,1.50,1.20
2012.01.18 03:44:42.485,1.27817,1.27825,1.50,1.50
2012.01.18 03:44:43.797,1.27817,1.27825,1.88,1.50
2012.01.18 03:44:43.927,1.27822,1.27829,1.20,2.25
2012.01.18 03:44:43.999,1.27822,1.2783,1.95,1.95
2012.01.18 03:44:44.491,1.27825,1.27833,2.44,1.50
2012.01.18 03:44:44.571,1.27825,1.27833,2.44,1.50
2012.01.18 03:44:44.649,1.27824,1.27834,4.39,1.50
2012.01.18 03:44:44.926,1.27824,1.27832,2.14,1.50
2012.01.18 03:44:45.257,1.27824,1.27832,1.95,1.50
2012.01.18 03:44:45.445,1.27824,1.27834,3.45,1.50
2012.01.18 03:44:45.986,1.27824,1.27834,2.25,2.25
2012.01.18 03:44:47.805,1.27823,1.27832,1.95,1.50
2012.01.18 03:44:47.994,1.27823,1.27832,1.95,1.50
2012.01.18 03:44:48.807,1.27823,1.27832,1.20,1.50
2012.01.18 03:44:48.946,1.27823,1.27829,1.20,1.50
2012.01.18 03:44:50.567,1.27824,1.27829,1.20,1.50
2012.01.18 03:44:51.385,1.27823,1.27829,1.20,1.50
2012.01.18 03:44:53.019,1.27821,1.27829,3.45,1.50
2012.01.18 03:44:53.694,1.27821,1.27829,2.70,1.50
2012.01.18 03:44:54.228,1.27821,1.27829,3.45,1.50
2012.01.18 03:44:54.737,1.27821,1.27829,2.70,1.50
2012.01.18 03:44:55.363,1.27821,1.27829,3.45,1.50
2012.01.18 03:44:55.873,1.27821,1.27829,3.45,1.50
2012.01.18 03:44:56.405,1.2782,1.27828,2.70,1.50
2012.01.18 03:44:57.054,1.27821,1.27829,1.50,1.50
2012.01.18 03:44:57.876,1.2782,1.27828,1.95,1.50
2012.01.18 03:44:58.416,1.2782,1.2783,3.45,3.45
2012.01.18 03:45:00.934,1.2782,1.2783,3.45,2.89
2012.01.18 03:45:04.713,1.2782,1.27828,2.70,1.50
2012.01.18 03:45:06.064,1.27821,1.27829,1.50,1.50
2012.01.18 03:45:07.725,1.2782,1.27828,1.95,1.50
2012.01.18 03:45:08.838,1.27821,1.2783,1.20,3.19
2012.01.18 03:45:09.409,1.27821,1.2783,1.20,2.25
2012.01.18 03:45:09.934,1.27821,1.2783,1.20,2.25
2012.01.18 03:45:12.516,1.27822,1.27831,1.50,1.95
2012.01.18 03:45:12.838,1.27824,1.27832,1.20,2.25
2012.01.18 03:45:12.979,1.27824,1.27832,1.95,1.50
2012.01.18 03:45:13.508,1.27824,1.27833,3.45,1.95
2012.01.18 03:45:14.067,1.27823,1.27832,1.95,1.50
2012.01.18 03:45:17.088,1.27823,1.27831,3.45,1.50
2012.01.18 03:45:18.907,1.27824,1.27831,1.20,2.25
2012.01.18 03:45:19.575,1.27824,1.2783,1.20,1.50
2012.01.18 03:45:20.047,1.27821,1.2783,2.14,1.50
2012.01.18 03:45:20.247,1.2782,1.27828,5.22,1.20
2012.01.18 03:45:20.389,1.2782,1.27827,1.95,1.50
2012.01.18 03:45:26.139,1.27819,1.27827,2.70,2.70
2012.01.18 03:45:27.915,1.27819,1.27826,1.50,1.20
2012.01.18 03:45:28.048,1.27817,1.27825,1.50,1.50
2012.01.18 03:45:28.577,1.27817,1.27824,2.25,1.20
2012.01.18 03:45:29.084,1.27816,1.27823,1.95,1.50
2012.01.18 03:45:29.827,1.27819,1.27826,3.00,1.20
2012.01.18 03:45:29.910,1.27822,1.27829,5.25,1.20
2012.01.18 03:45:30.052,1.27821,1.27829,1.95,2.70
2012.01.18 03:45:30.574,1.27821,1.27829,1.20,3.45
2012.01.18 03:45:33.264,1.27821,1.27829,1.20,2.25
2012.01.18 03:45:33.848,1.27821,1.27829,1.20,2.25
2012.01.18 03:45:34.642,1.27821,1.27829,1.20,2.25
2012.01.18 03:45:35.163,1.27821,1.27829,1.20,2.25
2012.01.18 03:45:36.465,1.27821,1.27831,2.70,4.95
2012.01.18 03:45:36.986,1.27821,1.27827,1.50,1.95
2012.01.18 03:45:39.254,1.27821,1.27827,1.50,1.95
2012.01.18 03:45:39.644,1.27819,1.27827,2.55,1.95
2012.01.18 03:45:43.176,1.27819,1.27825,1.43,1.20
2012.01.18 03:45:43.538,1.27812,1.27819,1.43,1.95
2012.01.18 03:45:44.122,1.2781,1.2782,2.63,3.45
2012.01.18 03:45:44.213,1.27808,1.27818,1.43,2.25
2012.01.18 03:45:44.756,1.27807,1.27816,1.95,2.25
2012.01.18 03:45:45.597,1.27809,1.27817,1.50,2.25
2012.01.18 03:45:50.157,1.27807,1.27815,1.58,1.95
2012.01.18 03:45:50.673,1.27807,1.27815,1.58,1.95
2012.01.18 03:45:51.176,1.27807,1.27815,1.20,1.95
2012.01.18 03:45:53.943,1.27806,1.27815,1.69,1.95
2012.01.18 03:45:54.079,1.27806,1.27815,1.69,1.95
2012.01.18 03:45:54.585,1.27805,1.2781,1.20,2.25
2012.01.18 03:45:56.128,1.27803,1.2781,2.70,1.50
2012.01.18 03:45:56.375,1.27803,1.2781,1.95,1.50
2012.01.18 03:45:57.083,1.27803,1.27812,2.70,2.25
2012.01.18 03:45:57.646,1.27803,1.27812,2.70,2.25
2012.01.18 03:45:59.915,1.27803,1.27812,2.70,2.25
2012.01.18 03:45:59.984,1.27803,1.27812,1.20,2.25
2012.01.18 03:46:00.506,1.27803,1.27812,2.70,2.25
2012.01.18 03:46:00.814,1.27803,1.27812,1.95,2.25
2012.01.18 03:46:01.378,1.27804,1.27812,1.95,2.25
2012.01.18 03:46:01.932,1.27804,1.27812,1.95,2.25
2012.01.18 03:46:03.059,1.27807,1.27814,1.20,3.19
2012.01.18 03:46:03.400,1.27807,1.27814,1.20,1.50
2012.01.18 03:46:04.114,1.27809,1.27814,1.20,1.50
2012.01.18 03:46:08.667,1.27809,1.27815,1.20,1.50
2012.01.18 03:46:09.216,1.27807,1.27815,1.50,3.45
2012.01.18 03:46:09.566,1.27811,1.27818,1.20,1.50
2012.01.18 03:46:09.855,1.27813,1.27818,1.20,2.25
2012.01.18 03:46:10.394,1.27812,1.27821,1.95,2.44
2012.01.18 03:46:10.915,1.27812,1.27818,1.20,1.50
2012.01.18 03:46:11.639,1.27812,1.27817,1.20,1.50
2012.01.18 03:46:12.313,1.27812,1.27818,1.20,1.50
2012.01.18 03:46:13.317,1.27811,1.27816,1.20,1.50
2012.01.18 03:46:14.055,1.27808,1.27816,2.70,1.50
2012.01.18 03:46:15.279,1.27808,1.27815,1.50,1.95
2012.01.18 03:46:15.416,1.27805,1.27814,2.70,2.25
2012.01.18 03:46:15.977,1.27805,1.27812,1.20,1.50
2012.01.18 03:46:23.878,1.27805,1.27812,1.20,3.75
2012.01.18 03:46:24.741,1.27803,1.27811,1.20,2.70
2012.01.18 03:46:31.252,1.27803,1.27811,1.20,1.95
2012.01.18 03:46:31.982,1.27803,1.27811,1.20,1.95
2012.01.18 03:46:33.049,1.27802,1.2781,3.08,1.95
2012.01.18 03:46:33.398,1.278,1.27808,1.88,2.25
2012.01.18 03:46:33.915,1.278,1.27808,1.50,2.25
2012.01.18 03:46:37.311,1.27801,1.27808,1.20,1.50
2012.01.18 03:46:37.875,1.27801,1.27808,1.20,2.25
2012.01.18 03:46:38.434,1.27801,1.27808,1.20,1.50
2012.01.18 03:46:39.003,1.27801,1.27808,1.20,2.25
2012.01.18 03:46:39.673,1.27801,1.27808,1.20,1.50
2012.01.18 03:46:40.575,1.27801,1.27808,1.20,2.25
2012.01.18 03:46:41.125,1.27801,1.27808,1.20,1.50
2012.01.18 03:46:47.480,1.278,1.27807,2.03,1.20
2012.01.18 03:46:47.622,1.27797,1.27807,3.45,3.45
2012.01.18 03:46:47.704,1.27797,1.27805,2.70,2.10
2012.01.18 03:46:48.350,1.27794,1.27802,2.85,2.25
2012.01.18 03:46:55.581,1.27796,1.27804,2.10,4.20
2012.01.18 03:46:56.887,1.27796,1.27803,1.50,1.50
2012.01.18 03:46:58.069,1.27796,1.27803,2.25,1.20
2012.01.18 03:46:58.210,1.27799,1.27807,4.05,3.45
2012.01.18 03:46:58.422,1.27801,1.27809,1.50,1.50
2012.01.18 03:46:58.818,1.27804,1.2781,2.10,2.70
2012.01.18 03:46:58.898,1.27808,1.27814,1.50,1.95
2012.01.18 03:46:59.376,1.2781,1.27814,1.50,1.95
2012.01.18 03:46:59.521,1.27804,1.27814,4.05,3.45
2012.01.18 03:46:59.715,1.27804,1.27814,3.45,3.45
2012.01.18 03:47:01.085,1.27806,1.27814,1.50,2.33
2012.01.18 03:47:01.664,1.27806,1.27814,1.50,1.95
2012.01.18 03:47:05.114,1.27806,1.27812,1.50,1.20
2012.01.18 03:47:05.248,1.27804,1.27812,2.70,1.95
2012.01.18 03:47:05.715,1.27805,1.27812,1.50,2.70
2012.01.18 03:47:06.109,1.27807,1.27812,1.50,1.50
2012.01.18 03:47:06.316,1.27809,1.27816,1.50,1.95
2012.01.18 03:47:07.107,1.27807,1.27816,1.50,1.95
2012.01.18 03:47:07.188,1.27807,1.27815,1.50,1.58
2012.01.18 03:47:08.745,1.27807,1.27815,2.25,1.20
2012.01.18 03:47:09.105,1.27809,1.27814,1.20,1.50
2012.01.18 03:47:09.317,1.27809,1.27816,1.95,1.13
2012.01.18 03:47:09.390,1.27809,1.27817,1.39,1.50
2012.01.18 03:47:09.824,1.27811,1.27817,1.50,1.50
2012.01.18 03:47:09.912,1.27812,1.27818,1.20,2.25
2012.01.18 03:47:10.466,1.27813,1.27819,1.95,1.50
2012.01.18 03:47:10.667,1.27814,1.2782,1.20,1.88
2012.01.18 03:47:11.177,1.27814,1.27822,1.95,1.88
2012.01.18 03:47:11.696,1.27815,1.27823,1.95,1.88
2012.01.18 03:47:13.794,1.27815,1.27824,1.95,2.63
2012.01.18 03:47:14.296,1.27817,1.27824,1.20,2.25
2012.01.18 03:47:14.511,1.27817,1.27825,1.20,2.25
2012.01.18 03:47:14.796,1.27817,1.27826,2.25,1.20
2012.01.18 03:47:16.215,1.27818,1.27827,1.50,1.95
2012.01.18 03:47:16.910,1.2782,1.27827,1.20,1.13
2012.01.18 03:47:17.269,1.2782,1.27828,2.25,1.50
2012.01.18 03:47:17.567,1.2782,1.2783,3.45,4.12
2012.01.18 03:47:17.646,1.27821,1.2783,3.45,1.50
2012.01.18 03:47:17.731,1.27823,1.2783,2.25,1.50
2012.01.18 03:47:17.880,1.27822,1.27832,2.25,3.00
2012.01.18 03:47:18.396,1.27823,1.27832,1.50,2.10
2012.01.18 03:47:18.473,1.27824,1.27833,3.00,1.35
2012.01.18 03:47:18.618,1.27825,1.27834,1.50,2.10
2012.01.18 03:47:19.155,1.27827,1.27834,1.50,1.50
2012.01.18 03:47:21.367,1.27827,1.27836,2.25,2.85
2012.01.18 03:47:21.452,1.27828,1.27837,2.25,3.20
2012.01.18 03:47:21.955,1.27829,1.27838,2.25,2.45
2012.01.18 03:47:22.027,1.2783,1.27839,2.25,2.45
2012.01.18 03:47:22.097,1.27831,1.2784,2.25,2.44
2012.01.18 03:47:23.205,1.27832,1.27841,2.25,3.38
2012.01.18 03:47:23.731,1.27833,1.27842,2.25,4.88
2012.01.18 03:47:24.093,1.27832,1.27844,15.04,1.50
2012.01.18 03:47:24.586,1.27833,1.27844,2.25,2.25
2012.01.18 03:47:24.921,1.27836,1.27842,1.50,1.20
2012.01.18 03:47:25.066,1.27835,1.27844,2.25,2.93
2012.01.18 03:47:25.658,1.27837,1.27844,1.50,1.50
2012.01.18 03:47:26.471,1.27838,1.27845,1.50,2.70
2012.01.18 03:47:26.681,1.27839,1.27846,1.50,1.35
2012.01.18 03:47:26.828,1.27838,1.27848,2.25,4.50
2012.01.18 03:47:27.039,1.27842,1.27846,1.50,1.20
2012.01.18 03:47:27.110,1.2784,1.2785,2.25,2.04
2012.01.18 03:47:27.444,1.2784,1.27851,2.25,6.76
2012.01.18 03:47:27.962,1.27842,1.27851,1.50,1.50
2012.01.18 03:47:28.525,1.27842,1.27853,2.25,6.40
2012.01.18 03:47:29.075,1.27843,1.27854,1.50,4.60
2012.01.18 03:47:29.757,1.27844,1.27855,2.25,6.40
2012.01.18 03:47:29.908,1.27851,1.27861,2.25,2.85
2012.01.18 03:47:29.979,1.27851,1.27861,2.25,5.85
2012.01.18 03:47:30.329,1.27847,1.2786,1.50,1.50
2012.01.18 03:47:30.467,1.27846,1.27859,4.89,1.65
2012.01.18 03:47:30.618,1.2785,1.2786,1.50,3.00
2012.01.18 03:47:30.759,1.27853,1.2786,1.50,2.70
2012.01.18 03:47:31.307,1.27853,1.27861,2.25,1.50
2012.01.18 03:47:31.376,1.27853,1.27863,2.25,3.20
2012.01.18 03:47:31.884,1.27854,1.27864,2.25,2.82
2012.01.18 03:47:32.325,1.27854,1.27865,2.25,7.58
2012.01.18 03:47:32.398,1.27854,1.27865,2.25,5.33
2012.01.18 03:47:32.540,1.27854,1.27863,2.25,1.54
2012.01.18 03:47:32.609,1.27854,1.27862,2.25,2.25
2012.01.18 03:47:32.957,1.27851,1.27855,1.86,2.25
2012.01.18 03:47:33.310,1.27847,1.27854,1.11,1.43
2012.01.18 03:47:33.386,1.27846,1.27852,1.88,1.20
2012.01.18 03:47:33.798,1.27844,1.27852,1.50,2.63
2012.01.18 03:47:33.872,1.27842,1.27851,1.58,1.43
2012.01.18 03:47:34.236,1.27843,1.27852,2.25,1.20
2012.01.18 03:47:34.376,1.27843,1.27852,1.50,1.20
2012.01.18 03:47:34.959,1.27843,1.27851,1.50,1.20
2012.01.18 03:47:35.100,1.27841,1.27851,2.25,3.75
2012.01.18 03:47:35.176,1.27839,1.27848,1.95,2.18
2012.01.18 03:47:35.501,1.2784,1.2785,1.50,2.18
2012.01.18 03:47:35.578,1.27839,1.27848,1.95,1.43
2012.01.18 03:47:35.648,1.27839,1.27848,1.20,2.18
2012.01.18 03:47:35.792,1.27838,1.27847,1.50,1.95
2012.01.18 03:47:36.217,1.27837,1.27845,1.50,2.18
2012.01.18 03:47:36.971,1.27837,1.27845,1.50,2.18
2012.01.18 03:47:37.306,1.27837,1.27845,1.50,2.37
2012.01.18 03:47:37.834,1.27837,1.27845,1.50,2.37
2012.01.18 03:47:38.473,1.27837,1.27845,1.50,2.44
2012.01.18 03:47:39.076,1.27837,1.27845,1.50,2.44
2012.01.18 03:47:39.616,1.27835,1.27843,1.50,2.25
2012.01.18 03:47:40.652,1.27835,1.27843,1.50,2.25
2012.01.18 03:47:41.215,1.27834,1.27842,2.70,1.50
2012.01.18 03:47:41.814,1.27834,1.27842,2.70,1.50
2012.01.18 03:47:43.846,1.27834,1.27842,2.70,1.50
2012.01.18 03:47:44.650,1.27834,1.27842,2.70,1.50
2012.01.18 03:47:45.205,1.27834,1.27842,2.70,1.50
2012.01.18 03:47:45.664,1.27832,1.27841,3.45,1.50
2012.01.18 03:47:47.706,1.27835,1.27842,1.20,2.44
2012.01.18 03:47:48.428,1.27835,1.27842,1.20,2.44
2012.01.18 03:47:48.497,1.27835,1.27842,1.20,2.25
2012.01.18 03:47:48.907,1.27835,1.27842,1.20,3.00
2012.01.18 03:47:49.447,1.27837,1.27844,1.50,1.50
2012.01.18 03:47:49.532,1.27837,1.27847,2.70,2.44
2012.01.18 03:47:49.677,1.27839,1.27847,1.20,2.44
2012.01.18 03:47:50.030,1.27839,1.27847,1.20,1.50
2012.01.18 03:47:50.486,1.27839,1.27849,3.45,1.50
2012.01.18 03:47:51.039,1.2784,1.27849,1.95,2.63
2012.01.18 03:47:51.107,1.2784,1.27846,1.95,1.50
2012.01.18 03:47:51.557,1.27842,1.27846,1.20,1.50
2012.01.18 03:47:51.642,1.27842,1.2785,2.70,1.50
2012.01.18 03:47:52.501,1.27844,1.27854,1.50,3.45
2012.01.18 03:47:53.055,1.27844,1.27854,1.50,3.45
2012.01.18 03:47:53.864,1.27844,1.27854,1.50,3.45
2012.01.18 03:47:54.289,1.27847,1.27854,1.50,1.95
2012.01.18 03:47:54.642,1.27848,1.27856,1.20,2.55
2012.01.18 03:47:55.145,1.27848,1.27856,1.20,2.63
2012.01.18 03:47:56.867,1.27849,1.27858,2.25,2.14
2012.01.18 03:47:56.938,1.27852,1.27859,1.20,4.02
2012.01.18 03:47:57.288,1.27853,1.27861,1.20,2.25
2012.01.18 03:47:58.388,1.27854,1.27861,1.20,1.50
2012.01.18 03:47:58.813,1.27856,1.27864,1.50,1.50
2012.01.18 03:47:59.218,1.27855,1.27862,1.20,1.50
2012.01.18 03:47:59.571,1.27855,1.2786,1.20,1.50
2012.01.18 03:48:00.160,1.27855,1.2786,1.20,3.00
2012.01.18 03:48:00.241,1.27855,1.27864,1.95,2.63
2012.01.18 03:48:00.787,1.27856,1.27864,1.20,3.45
2012.01.18 03:48:00.986,1.27854,1.27864,2.70,3.45
2012.01.18 03:48:01.062,1.27854,1.27862,1.20,1.50
2012.01.18 03:48:01.617,1.27855,1.27863,1.50,1.50
2012.01.18 03:48:02.367,1.27856,1.27863,1.20,1.50
2012.01.18 03:48:02.502,1.27856,1.27865,3.45,1.50
2012.01.18 03:48:02.576,1.2786,1.27866,1.50,1.95
2012.01.18 03:48:02.786,1.27861,1.2787,1.95,2.55
2012.01.18 03:48:03.171,1.27861,1.2787,1.20,3.00
2012.01.18 03:48:03.514,1.27861,1.27868,1.20,1.50
2012.01.18 03:48:04.036,1.27861,1.27869,3.45,1.50
2012.01.18 03:48:04.256,1.27861,1.27869,2.70,1.50
2012.01.18 03:48:04.455,1.27861,1.27867,1.20,1.50
2012.01.18 03:48:08.094,1.2786,1.27867,1.20,1.50
2012.01.18 03:48:08.415,1.2786,1.27865,1.20,1.50
2012.01.18 03:48:08.670,1.27862,1.27869,1.20,1.50
2012.01.18 03:48:09.157,1.27862,1.27871,1.95,3.45
2012.01.18 03:48:09.224,1.27862,1.27871,1.95,3.45
2012.01.18 03:48:09.735,1.27862,1.27871,1.95,3.45
2012.01.18 03:48:10.126,1.27863,1.27868,1.20,1.50
2012.01.18 03:48:10.667,1.27863,1.27871,1.95,2.70
2012.01.18 03:48:11.317,1.27863,1.27871,1.95,2.70
2012.01.18 03:48:11.810,1.27861,1.27871,1.95,2.70
2012.01.18 03:48:11.878,1.27861,1.27871,1.95,2.70
2012.01.18 03:48:12.293,1.27859,1.27867,2.14,1.20
2012.01.18 03:48:12.825,1.27859,1.27866,1.39,1.50
2012.01.18 03:48:14.399,1.27859,1.27867,1.95,1.95
2012.01.18 03:48:14.976,1.27859,1.27867,1.95,1.95
2012.01.18 03:48:15.595,1.27859,1.27867,1.95,1.95
2012.01.18 03:48:16.135,1.27861,1.27866,1.20,1.50
2012.01.18 03:48:16.485,1.27858,1.27863,1.20,1.50
2012.01.18 03:48:17.676,1.27859,1.27863,1.20,1.50
2012.01.18 03:48:17.757,1.27863,1.27872,1.50,4.40
2012.01.18 03:48:17.976,1.27862,1.2787,1.95,3.83
2012.01.18 03:48:18.610,1.27863,1.2787,1.95,3.38
2012.01.18 03:48:18.958,1.27863,1.27877,2.70,3.47
2012.01.18 03:48:19.465,1.27863,1.27873,2.70,3.47
2012.01.18 03:48:20.309,1.27864,1.27873,1.95,1.52
2012.01.18 03:48:20.383,1.27864,1.27878,1.95,2.74
2012.01.18 03:48:20.533,1.27865,1.27874,3.27,1.95
2012.01.18 03:48:20.684,1.27868,1.2788,1.95,1.50
2012.01.18 03:48:21.116,1.27868,1.27877,1.95,1.50
2012.01.18 03:48:21.267,1.27871,1.27883,2.70,3.45
2012.01.18 03:48:21.818,1.2787,1.27877,2.25,1.20
2012.01.18 03:48:22.172,1.27869,1.27874,1.95,1.50
2012.01.18 03:48:22.527,1.27863,1.27868,1.50,1.50
2012.01.18 03:48:22.980,1.27862,1.27869,1.95,1.50
2012.01.18 03:48:23.328,1.27863,1.27873,1.95,1.58
2012.01.18 03:48:23.885,1.27863,1.27873,2.70,1.20
2012.01.18 03:48:24.569,1.27863,1.27873,2.70,1.95
2012.01.18 03:48:24.764,1.27864,1.27872,2.25,1.50
2012.01.18 03:48:27.117,1.27864,1.27872,2.25,1.50
2012.01.18 03:48:27.620,1.27864,1.27871,2.25,1.58
2012.01.18 03:48:27.829,1.27863,1.27868,1.20,1.50
2012.01.18 03:48:28.366,1.27863,1.27871,3.45,3.08
2012.01.18 03:48:29.082,1.27863,1.27871,1.95,1.58
2012.01.18 03:48:29.498,1.27862,1.27871,2.25,1.95
2012.01.18 03:48:29.569,1.27862,1.27871,2.25,1.95
2012.01.18 03:48:29.991,1.27862,1.27869,2.25,1.20
2012.01.18 03:48:30.139,1.27861,1.27872,1.95,2.48
2012.01.18 03:48:30.408,1.27857,1.27867,3.45,2.70
2012.01.18 03:48:30.935,1.27857,1.27867,3.45,2.70
2012.01.18 03:48:32.829,1.27857,1.27867,3.45,2.70
2012.01.18 03:48:33.035,1.27861,1.27868,1.95,1.50
2012.01.18 03:48:36.704,1.2786,1.27868,3.45,2.70
2012.01.18 03:48:37.254,1.2786,1.27868,3.45,2.70
2012.01.18 03:48:39.697,1.27862,1.27869,1.50,1.50
2012.01.18 03:48:40.050,1.27864,1.27871,1.95,1.50
2012.01.18 03:48:40.264,1.27859,1.27869,1.95,1.95
2012.01.18 03:48:40.338,1.27859,1.27869,1.95,1.95
2012.01.18 03:48:40.550,1.27858,1.27866,1.95,1.20
2012.01.18 03:48:40.901,1.27853,1.27861,2.33,1.20
2012.01.18 03:48:40.981,1.27854,1.27863,1.95,2.25
2012.01.18 03:48:41.514,1.27853,1.27861,1.95,1.20
2012.01.18 03:48:41.870,1.27851,1.27856,1.50,1.50
2012.01.18 03:48:42.000,1.27853,1.27859,1.20,1.50
2012.01.18 03:48:42.151,1.27855,1.27859,1.20,1.50
2012.01.18 03:48:42.780,1.27853,1.27859,1.95,1.50
2012.01.18 03:48:43.294,1.27853,1.27859,1.95,1.50
2012.01.18 03:48:44.228,1.2785,1.27857,2.70,1.50
2012.01.18 03:48:44.437,1.2785,1.27857,1.20,2.25
2012.01.18 03:48:44.577,1.27849,1.27855,1.95,1.77
2012.01.18 03:48:44.933,1.27842,1.27849,1.50,1.88
2012.01.18 03:48:45.079,1.27837,1.27843,1.50,2.25
2012.01.18 03:48:45.218,1.27835,1.27843,4.20,2.25
2012.01.18 03:48:45.291,1.27835,1.27839,1.20,1.50
2012.01.18 03:48:45.741,1.27833,1.27839,1.20,2.25
2012.01.18 03:48:45.823,1.27831,1.27839,2.44,3.45
2012.01.18 03:48:46.357,1.27829,1.27836,1.20,2.25
2012.01.18 03:48:46.429,1.27829,1.27836,1.20,2.25
2012.01.18 03:48:46.835,1.27826,1.27835,3.08,2.25
2012.01.18 03:48:47.924,1.27825,1.27835,1.92,2.25
2012.01.18 03:48:48.705,1.27825,1.27835,1.17,2.25
2012.01.18 03:48:48.969,1.27826,1.27833,1.20,2.25
2012.01.18 03:48:49.415,1.27825,1.27833,1.88,2.25
2012.01.18 03:48:49.945,1.27824,1.27833,1.20,2.25
2012.01.18 03:48:50.139,1.27826,1.27833,1.20,2.25
2012.01.18 03:48:50.211,1.27828,1.27833,1.20,2.25
2012.01.18 03:48:50.545,1.2783,1.27837,1.95,2.25
2012.01.18 03:48:50.914,1.27832,1.27839,1.20,1.50
2012.01.18 03:48:53.126,1.27832,1.27839,1.20,2.25
2012.01.18 03:48:53.685,1.27832,1.27839,1.20,2.25
2012.01.18 03:48:53.761,1.27832,1.27839,1.20,2.25
2012.01.18 03:48:53.908,1.27829,1.27838,1.58,3.45
2012.01.18 03:48:54.435,1.27828,1.27835,1.50,1.95
2012.01.18 03:48:54.788,1.27827,1.27832,1.20,2.25
2012.01.18 03:48:56.438,1.27827,1.27833,2.25,1.20
2012.01.18 03:48:56.946,1.27827,1.27833,3.00,1.20
2012.01.18 03:48:57.535,1.27827,1.27834,3.00,1.95
2012.01.18 03:48:58.011,1.2783,1.27838,1.20,2.25
2012.01.18 03:48:58.433,1.27831,1.27839,2.25,4.20
2012.01.18 03:48:58.945,1.27831,1.27839,2.70,2.25
2012.01.18 03:48:59.978,1.27831,1.27839,2.70,2.25
2012.01.18 03:49:00.046,1.27831,1.27839,1.50,2.25
2012.01.18 03:49:00.645,1.27831,1.27839,2.25,2.25
2012.01.18 03:49:00.965,1.27831,1.27839,1.50,2.25
2012.01.18 03:49:01.038,1.27831,1.27839,2.25,2.25
2012.01.18 03:49:01.766,1.27831,1.27839,1.50,2.25
2012.01.18 03:49:02.026,1.27831,1.27839,1.50,2.25
2012.01.18 03:49:02.169,1.27833,1.27842,1.95,2.25
2012.01.18 03:49:02.706,1.27834,1.27843,1.50,1.95
2012.01.18 03:49:03.255,1.27835,1.27844,1.20,4.20
2012.01.18 03:49:04.850,1.27835,1.27844,1.20,4.20
2012.01.18 03:49:05.520,1.27835,1.27844,1.20,4.20
2012.01.18 03:49:09.603,1.27835,1.27844,1.20,3.45
2012.01.18 03:49:10.413,1.27835,1.27844,1.20,4.20
2012.01.18 03:49:12.627,1.27832,1.2784,3.64,1.95
2012.01.18 03:49:13.388,1.27832,1.27839,1.39,2.25
2012.01.18 03:49:18.494,1.27833,1.2784,1.50,1.95
2012.01.18 03:49:32.704,1.27832,1.2784,1.95,2.70
2012.01.18 03:49:37.655,1.27832,1.2784,1.20,3.45
2012.01.18 03:49:37.731,1.27831,1.27837,1.20,1.50
2012.01.18 03:49:42.795,1.27831,1.27837,1.95,2.25
2012.01.18 03:49:43.454,1.27829,1.27837,3.00,2.25
2012.01.18 03:49:43.977,1.27828,1.27836,2.63,3.45
2012.01.18 03:49:44.537,1.27828,1.27836,1.88,3.45
2012.01.18 03:49:45.059,1.27828,1.27836,1.13,3.45
2012.01.18 03:49:45.388,1.27828,1.27836,5.18,3.45
2012.01.18 03:49:45.526,1.27829,1.27836,2.44,1.95
2012.01.18 03:49:46.030,1.27829,1.27836,2.44,1.20
2012.01.18 03:49:46.576,1.27831,1.27837,2.70,1.50
2012.01.18 03:49:47.213,1.27831,1.27837,2.70,1.50
2012.01.18 03:49:47.826,1.27831,1.27837,2.70,1.50
2012.01.18 03:49:48.822,1.27831,1.27839,4.20,2.25
2012.01.18 03:49:49.355,1.27833,1.27841,1.95,1.95
2012.01.18 03:49:50.365,1.27833,1.27839,1.95,1.50
2012.01.18 03:49:54.531,1.27833,1.27841,3.45,2.70
2012.01.18 03:49:57.554,1.27833,1.27839,1.95,1.50
2012.01.18 03:50:01.185,1.27833,1.27839,1.95,1.50
2012.01.18 03:50:02.734,1.27832,1.27839,1.95,1.50
2012.01.18 03:50:03.247,1.27832,1.27838,1.20,1.50
2012.01.18 03:50:03.838,1.27832,1.27839,1.95,1.50
2012.01.18 03:50:04.776,1.27832,1.27837,1.20,1.50
2012.01.18 03:50:07.475,1.27835,1.27842,1.20,2.25
2012.01.18 03:50:07.614,1.27835,1.27845,1.20,4.05
2012.01.18 03:50:08.158,1.27832,1.27842,4.47,1.20
2012.01.18 03:50:08.230,1.27832,1.27842,2.14,1.95
2012.01.18 03:50:08.486,1.27832,1.27842,2.89,1.20
2012.01.18 03:50:09.407,1.27832,1.27842,2.89,1.95
2012.01.18 03:50:10.445,1.27832,1.27842,2.89,1.20
2012.01.18 03:50:10.954,1.27835,1.27842,1.50,1.20
2012.01.18 03:50:11.864,1.27834,1.27841,1.50,1.20
2012.01.18 03:50:11.946,1.27831,1.27839,1.95,1.50
2012.01.18 03:50:12.375,1.27832,1.27839,1.50,1.50
2012.01.18 03:50:12.443,1.27832,1.27839,1.50,1.50
2012.01.18 03:50:12.954,1.27831,1.27838,2.70,1.20
2012.01.18 03:50:13.512,1.27831,1.27838,2.70,1.20
2012.01.18 03:50:14.055,1.27831,1.27838,2.70,1.28
2012.01.18 03:50:14.185,1.27832,1.2784,1.50,2.03
2012.01.18 03:50:14.925,1.27831,1.27838,2.70,1.28
2012.01.18 03:50:15.444,1.27831,1.27838,2.70,1.28
2012.01.18 03:50:15.995,1.27831,1.27838,1.95,1.35
2012.01.18 03:50:16.503,1.27831,1.27838,2.70,1.35
2012.01.18 03:50:17.084,1.27831,1.27839,2.70,1.43
2012.01.18 03:50:19.076,1.27831,1.27839,2.70,1.50
2012.01.18 03:50:19.395,1.27831,1.27837,1.20,1.50
2012.01.18 03:50:19.796,1.27829,1.27837,1.95,1.50
2012.01.18 03:50:20.336,1.27828,1.27836,1.20,1.95
2012.01.18 03:50:20.845,1.27828,1.27836,1.20,1.95
2012.01.18 03:50:21.379,1.27827,1.27834,1.95,1.50
2012.01.18 03:50:23.786,1.27827,1.27834,1.95,1.50
2012.01.18 03:50:24.406,1.27827,1.27835,4.20,1.20
2012.01.18 03:50:24.895,1.27827,1.27837,3.45,3.64
2012.01.18 03:50:24.964,1.27827,1.27837,3.45,3.64
2012.01.18 03:50:26.844,1.27827,1.27834,1.95,1.50
2012.01.18 03:50:29.583,1.27827,1.27834,1.95,1.50
2012.01.18 03:50:30.133,1.27828,1.27836,2.25,2.25
2012.01.18 03:50:30.643,1.27828,1.27836,2.25,2.25
2012.01.18 03:50:32.730,1.27827,1.27835,1.50,1.50
2012.01.18 03:50:32.867,1.27826,1.27835,1.95,2.25
2012.01.18 03:50:33.428,1.27826,1.27835,1.20,2.25
2012.01.18 03:50:33.994,1.27826,1.27835,1.95,2.25
2012.01.18 03:50:35.005,1.27828,1.27836,1.50,2.70
2012.01.18 03:50:35.553,1.27828,1.27836,1.50,3.45
2012.01.18 03:50:35.627,1.27826,1.27835,2.33,2.25
2012.01.18 03:50:37.695,1.27826,1.27832,1.95,1.50
2012.01.18 03:50:38.993,1.27826,1.27834,2.70,2.25
2012.01.18 03:50:39.929,1.27826,1.27834,2.70,2.25
2012.01.18 03:50:40.585,1.27827,1.27836,1.50,1.95
2012.01.18 03:50:41.095,1.27827,1.27836,1.50,1.95
2012.01.18 03:50:41.645,1.27826,1.27833,1.95,1.50
2012.01.18 03:50:43.135,1.27826,1.27834,3.45,1.50
2012.01.18 03:50:44.808,1.27828,1.27836,1.50,3.45
2012.01.18 03:50:45.344,1.27828,1.27836,1.50,3.45
2012.01.18 03:50:45.614,1.27826,1.27835,1.20,2.25
2012.01.18 03:50:45.896,1.27826,1.27832,1.20,1.50
2012.01.18 03:50:46.993,1.27826,1.27835,1.20,2.25
2012.01.18 03:50:48.196,1.27826,1.27835,1.20,2.25
2012.01.18 03:50:49.666,1.27826,1.27835,1.20,2.25
2012.01.18 03:50:50.484,1.27826,1.27835,1.20,2.25
2012.01.18 03:50:51.046,1.27826,1.27835,1.20,2.25
2012.01.18 03:50:53.113,1.27824,1.27831,1.20,4.52
2012.01.18 03:50:53.404,1.27821,1.27828,1.88,5.25
2012.01.18 03:50:53.873,1.27826,1.27831,1.20,2.25
2012.01.18 03:50:54.393,1.27826,1.27831,1.20,1.50
2012.01.18 03:50:54.708,1.27819,1.27828,2.25,1.95
2012.01.18 03:50:54.784,1.27817,1.27823,3.57,1.50
2012.01.18 03:50:54.930,1.2782,1.27827,2.63,1.50
2012.01.18 03:50:55.002,1.27822,1.27826,1.50,1.20
2012.01.18 03:50:55.078,1.27818,1.27823,2.14,2.25
2012.01.18 03:50:55.351,1.27825,1.27829,1.20,5.25
2012.01.18 03:50:55.426,1.27825,1.27829,1.20,5.25
2012.01.18 03:50:55.637,1.27825,1.27831,1.20,2.25
2012.01.18 03:50:56.838,1.27825,1.2783,1.20,2.25
2012.01.18 03:50:57.051,1.2782,1.27828,4.13,5.25
2012.01.18 03:50:57.134,1.27822,1.27828,1.50,5.25
2012.01.18 03:50:57.476,1.27823,1.27831,1.95,1.50
2012.01.18 03:50:57.545,1.27824,1.27832,2.25,2.25
2012.01.18 03:50:58.864,1.27819,1.27832,1.50,2.25
2012.01.18 03:50:58.939,1.27818,1.27826,2.90,1.95
2012.01.18 03:50:59.011,1.27817,1.27825,3.38,2.25
2012.01.18 03:50:59.090,1.27819,1.27826,1.50,1.20
2012.01.18 03:50:59.158,1.27824,1.27828,1.20,5.25
2012.01.18 03:50:59.875,1.27821,1.27829,2.70,1.95
2012.01.18 03:51:00.395,1.27821,1.27829,1.20,4.20
2012.01.18 03:51:00.585,1.27819,1.27827,2.25,1.50
2012.01.18 03:51:00.869,1.2782,1.27827,1.20,2.25
2012.01.18 03:51:01.408,1.2782,1.27829,1.20,3.00
2012.01.18 03:51:02.697,1.27819,1.27825,1.50,1.20
2012.01.18 03:51:03.243,1.2782,1.27825,1.20,1.50
2012.01.18 03:51:03.329,1.27822,1.27829,1.50,1.50
2012.01.18 03:51:03.727,1.27824,1.27831,1.50,1.50
2012.01.18 03:51:04.044,1.27824,1.27831,1.50,1.50
2012.01.18 03:51:04.582,1.27818,1.27829,5.10,1.13
2012.01.18 03:51:04.667,1.27823,1.27828,1.20,1.13
2012.01.18 03:51:04.741,1.27818,1.27823,2.63,1.50
2012.01.18 03:51:04.893,1.27818,1.27824,1.50,1.95
2012.01.18 03:51:04.971,1.27817,1.27823,2.63,2.25
2012.01.18 03:51:05.193,1.27821,1.27825,1.20,1.50
2012.01.18 03:51:05.275,1.27821,1.27825,1.20,1.50
2012.01.18 03:51:05.352,1.27821,1.27829,1.20,2.25
2012.01.18 03:51:05.880,1.27824,1.2783,1.20,1.50
2012.01.18 03:51:06.734,1.27824,1.27829,1.20,3.75
2012.01.18 03:51:07.089,1.27822,1.27829,1.20,4.50
2012.01.18 03:51:07.227,1.27822,1.2783,1.20,3.45
2012.01.18 03:51:07.739,1.27823,1.27831,1.20,1.50
2012.01.18 03:51:08.848,1.27823,1.27831,1.20,1.50
2012.01.18 03:51:10.309,1.27823,1.27832,1.20,3.00
2012.01.18 03:51:10.379,1.27825,1.27832,1.20,3.00
2012.01.18 03:51:11.075,1.27823,1.27832,1.20,2.25
2012.01.18 03:51:11.595,1.27823,1.27832,1.20,3.00
2012.01.18 03:51:15.195,1.2782,1.27825,1.35,1.20
2012.01.18 03:51:15.582,1.27817,1.27825,2.44,1.20
2012.01.18 03:51:15.671,1.27824,1.27831,2.70,1.88
2012.01.18 03:51:15.746,1.2782,1.27825,1.50,1.20
2012.01.18 03:51:15.821,1.2782,1.27825,2.25,1.95
2012.01.18 03:51:15.900,1.27817,1.27825,2.14,1.95
2012.01.18 03:51:15.967,1.27817,1.27823,2.14,2.25
2012.01.18 03:51:16.100,1.27817,1.27821,1.39,1.50
2012.01.18 03:51:16.636,1.27817,1.27822,1.20,1.50
2012.01.18 03:51:17.958,1.27815,1.27822,3.08,1.50
2012.01.18 03:51:18.028,1.27815,1.2782,1.13,1.95
2012.01.18 03:51:18.554,1.27813,1.2782,1.13,2.70
2012.01.18 03:51:20.176,1.27813,1.2782,3.00,1.20
2012.01.18 03:51:20.388,1.2781,1.2782,7.35,4.20
2012.01.18 03:51:20.946,1.2781,1.2782,5.85,4.20
2012.01.18 03:51:21.088,1.2781,1.27818,5.55,1.77
2012.01.18 03:51:21.720,1.27807,1.27813,1.17,2.70
2012.01.18 03:51:21.869,1.2781,1.27816,1.50,1.95
2012.01.18 03:51:21.936,1.27808,1.27813,1.39,1.50
2012.01.18 03:51:22.328,1.27808,1.27816,2.89,1.95
2012.01.18 03:51:24.057,1.27808,1.27816,2.89,1.95
2012.01.18 03:51:24.402,1.278,1.27811,2.52,1.95
2012.01.18 03:51:24.550,1.27802,1.27809,2.25,1.20
2012.01.18 03:51:25.102,1.27801,1.27809,6.30,2.70
2012.01.18 03:51:25.461,1.27802,1.27812,3.45,5.89
2012.01.18 03:51:25.985,1.27803,1.27811,2.25,2.25
2012.01.18 03:51:26.508,1.27806,1.27811,1.20,1.50
2012.01.18 03:51:26.579,1.27806,1.27813,1.20,1.50
2012.01.18 03:51:26.788,1.27809,1.27814,1.50,1.20
2012.01.18 03:51:27.268,1.2781,1.27817,1.20,1.50
2012.01.18 03:51:27.780,1.2781,1.27818,1.20,1.95
2012.01.18 03:51:28.514,1.2781,1.27818,1.95,1.20
2012.01.18 03:51:29.594,1.27813,1.27819,1.20,1.50
2012.01.18 03:51:29.884,1.27814,1.27822,2.70,2.25
2012.01.18 03:51:30.236,1.27814,1.27821,1.20,2.25
2012.01.18 03:51:30.696,1.27814,1.27821,1.20,2.25
2012.01.18 03:51:31.067,1.27813,1.27818,2.25,1.20
2012.01.18 03:51:31.213,1.2781,1.27817,2.25,1.20
2012.01.18 03:51:31.586,1.27808,1.27816,2.25,1.50
2012.01.18 03:51:32.916,1.2781,1.27817,1.50,1.20
2012.01.18 03:51:33.457,1.2781,1.27818,3.45,2.70
2012.01.18 03:51:33.597,1.27812,1.2782,1.20,1.95
2012.01.18 03:51:34.144,1.27812,1.2782,1.20,1.95
2012.01.18 03:51:34.664,1.27812,1.2782,1.20,1.95
2012.01.18 03:51:35.214,1.27811,1.2782,2.25,2.70
2012.01.18 03:51:35.734,1.27811,1.2782,1.50,1.95
2012.01.18 03:51:36.085,1.27813,1.2782,1.20,1.50
2012.01.18 03:51:37.755,1.27813,1.27818,1.20,1.50
2012.01.18 03:51:42.195,1.27811,1.27821,3.45,4.20
2012.01.18 03:51:42.338,1.27813,1.27821,1.95,2.25
2012.01.18 03:51:43.458,1.27816,1.27821,1.20,2.25
2012.01.18 03:51:43.861,1.27816,1.27822,1.95,1.50
2012.01.18 03:51:44.377,1.27816,1.27822,1.95,1.50
2012.01.18 03:51:44.914,1.27816,1.27822,1.95,1.50
2012.01.18 03:51:45.617,1.27816,1.27822,1.95,1.50
2012.01.18 03:51:45.806,1.27816,1.27822,1.95,1.50
2012.01.18 03:51:47.338,1.27816,1.27826,3.45,2.89
2012.01.18 03:51:47.878,1.27818,1.27826,2.25,1.39
2012.01.18 03:51:49.779,1.27818,1.27828,3.45,1.69
2012.01.18 03:51:49.992,1.27822,1.2783,1.20,3.45
2012.01.18 03:51:50.371,1.27824,1.27831,1.35,1.69
2012.01.18 03:51:50.925,1.27822,1.2783,1.95,1.50
2012.01.18 03:51:51.445,1.27823,1.2783,1.95,1.50
2012.01.18 03:51:51.988,1.27823,1.2783,1.95,1.50
2012.01.18 03:51:54.064,1.27822,1.2783,1.95,1.58
2012.01.18 03:51:54.616,1.27822,1.2783,1.20,2.33
2012.01.18 03:51:55.591,1.27822,1.2783,1.20,1.58
2012.01.18 03:51:55.809,1.2782,1.2783,3.45,3.15
2012.01.18 03:51:56.158,1.27821,1.27828,1.95,1.50
2012.01.18 03:51:56.483,1.27821,1.27828,1.95,1.50
2012.01.18 03:51:57.005,1.27818,1.27827,2.25,1.20
2012.01.18 03:51:57.487,1.27816,1.27825,5.85,1.20
2012.01.18 03:51:59.067,1.27817,1.27826,1.50,1.50
2012.01.18 03:51:59.208,1.27818,1.27827,2.25,1.95
2012.01.18 03:51:59.747,1.27821,1.27828,1.95,1.69
2012.01.18 03:51:59.876,1.27821,1.27828,1.95,1.69
2012.01.18 03:52:00.397,1.27824,1.27829,1.13,1.28
2012.01.18 03:52:00.545,1.27825,1.27831,1.95,1.95
2012.01.18 03:52:00.758,1.27825,1.27831,1.20,2.03
2012.01.18 03:52:01.665,1.27827,1.27833,1.50,1.20
2012.01.18 03:52:02.666,1.27824,1.27831,1.20,1.58
2012.01.18 03:52:03.127,1.27824,1.27831,1.95,2.25
2012.01.18 03:52:03.267,1.27824,1.27834,3.45,8.40
2012.01.18 03:52:03.753,1.27826,1.27834,1.50,3.00
2012.01.18 03:52:04.488,1.2783,1.27836,1.95,2.25
2012.01.18 03:52:04.574,1.27832,1.27839,1.95,1.50
2012.01.18 03:52:04.650,1.27832,1.2784,3.45,2.70
2012.01.18 03:52:04.987,1.27832,1.27843,3.45,5.15
2012.01.18 03:52:05.062,1.27832,1.27842,3.45,4.13
2012.01.18 03:52:05.324,1.27832,1.27843,3.45,3.75
2012.01.18 03:52:05.548,1.27832,1.27842,3.45,3.75
2012.01.18 03:52:05.616,1.27832,1.27843,3.45,3.75
2012.01.18 03:52:05.748,1.27832,1.27842,3.45,3.75
2012.01.18 03:52:06.286,1.27833,1.27842,1.95,3.75
2012.01.18 03:52:08.344,1.27833,1.27841,1.95,1.13
2012.01.18 03:52:08.904,1.27833,1.27841,1.95,1.13
2012.01.18 03:52:09.908,1.27833,1.27842,1.95,3.75
2012.01.18 03:52:09.977,1.27833,1.27843,1.95,6.83
2012.01.18 03:52:10.248,1.27835,1.27842,2.25,1.95
2012.01.18 03:52:10.775,1.27835,1.27842,2.25,2.70
2012.01.18 03:52:11.584,1.27835,1.27843,2.25,2.63
2012.01.18 03:52:11.916,1.27835,1.27842,2.25,1.50
2012.01.18 03:52:15.147,1.27835,1.27842,2.25,2.25
2012.01.18 03:52:15.714,1.27835,1.27842,2.25,1.50
2012.01.18 03:52:16.296,1.27835,1.2784,2.25,1.20
2012.01.18 03:52:16.605,1.27835,1.27842,1.50,5.63
2012.01.18 03:52:16.948,1.27835,1.27842,1.50,1.20
2012.01.18 03:52:17.095,1.27837,1.27844,1.50,5.70
2012.01.18 03:52:17.241,1.27841,1.27846,2.25,1.95
2012.01.18 03:52:17.320,1.27841,1.2785,2.25,2.90
2012.01.18 03:52:17.837,1.27841,1.27848,1.50,1.13
2012.01.18 03:52:19.629,1.27841,1.2785,2.25,1.69
2012.01.18 03:52:20.947,1.27841,1.27848,2.25,1.20
2012.01.18 03:52:21.482,1.27843,1.27852,2.25,1.88
2012.01.18 03:52:22.014,1.27842,1.27851,1.50,2.63
2012.01.18 03:52:25.265,1.27844,1.2785,1.50,1.20
2012.01.18 03:52:25.609,1.27846,1.27853,2.25,1.39
2012.01.18 03:52:25.881,1.27848,1.27856,2.25,1.50
2012.01.18 03:52:26.437,1.27848,1.27857,2.25,1.13
2012.01.18 03:52:27.019,1.27848,1.27856,1.50,6.00
2012.01.18 03:52:27.544,1.27846,1.27857,2.25,3.27
2012.01.18 03:52:27.925,1.27846,1.27856,2.25,5.25
2012.01.18 03:52:30.494,1.27846,1.27854,2.70,1.20
2012.01.18 03:52:31.015,1.27849,1.27857,2.25,3.19
2012.01.18 03:52:31.594,1.27849,1.27857,2.25,3.00
2012.01.18 03:52:32.136,1.27849,1.27857,2.25,3.19
2012.01.18 03:52:35.895,1.27849,1.27857,2.25,3.00
2012.01.18 03:52:36.494,1.27849,1.27857,2.25,2.63
2012.01.18 03:52:37.031,1.27849,1.27855,2.25,1.20
2012.01.18 03:52:38.645,1.27849,1.27857,2.25,3.83
2012.01.18 03:52:38.775,1.27849,1.27855,1.50,1.39
2012.01.18 03:52:39.212,1.27849,1.27857,2.25,4.47
2012.01.18 03:52:39.505,1.27849,1.27857,2.25,3.45
2012.01.18 03:52:39.648,1.27849,1.27856,2.25,1.13
2012.01.18 03:52:41.095,1.27849,1.27855,2.25,1.13
2012.01.18 03:52:41.905,1.27849,1.27855,2.25,1.13
2012.01.18 03:52:42.825,1.27849,1.27856,2.25,1.13
2012.01.18 03:52:43.334,1.27849,1.27856,3.00,1.58
2012.01.18 03:52:45.556,1.27849,1.27856,2.25,1.20
2012.01.18 03:52:46.032,1.27851,1.27859,1.50,2.33
2012.01.18 03:52:46.583,1.27855,1.27861,1.20,1.13
2012.01.18 03:52:47.129,1.2786,1.27865,1.20,1.50
2012.01.18 03:52:47.211,1.27862,1.27868,2.25,1.39
2012.01.18 03:52:47.431,1.2786,1.27864,2.25,1.20
2012.01.18 03:52:47.568,1.2786,1.27864,1.50,1.20
2012.01.18 03:52:47.770,1.27857,1.27862,1.50,1.20
2012.01.18 03:52:48.582,1.27859,1.27866,1.50,1.95
2012.01.18 03:52:48.729,1.27858,1.27863,1.50,1.20
2012.01.18 03:52:49.566,1.27857,1.27863,2.25,1.20
2012.01.18 03:52:50.153,1.27857,1.27863,2.25,1.20
2012.01.18 03:52:51.129,1.27853,1.27861,3.45,1.50
2012.01.18 03:52:51.317,1.27853,1.27861,3.45,1.50
2012.01.18 03:52:51.855,1.27855,1.27863,2.25,2.70
2012.01.18 03:52:52.369,1.27855,1.27863,1.50,2.70
2012.01.18 03:52:52.779,1.27855,1.27863,2.25,2.70
2012.01.18 03:52:52.847,1.27855,1.27863,2.25,2.70
2012.01.18 03:52:55.895,1.27855,1.27861,2.25,1.20
2012.01.18 03:52:56.247,1.27853,1.27861,2.70,2.70
2012.01.18 03:52:57.256,1.27853,1.27861,3.45,3.45
2012.01.18 03:52:58.351,1.27855,1.27861,1.50,1.50
2012.01.18 03:52:58.497,1.27855,1.27861,1.50,1.50
2012.01.18 03:52:58.817,1.27855,1.27863,1.50,2.70
2012.01.18 03:52:59.136,1.27854,1.27861,1.20,1.50
2012.01.18 03:52:59.961,1.27854,1.27864,1.95,1.96
2012.01.18 03:53:00.851,1.27854,1.27862,1.95,1.39
2012.01.18 03:53:01.063,1.27854,1.27861,1.20,1.50
2012.01.18 03:53:01.215,1.27854,1.27862,1.95,2.14
2012.01.18 03:53:01.845,1.27854,1.27863,1.95,1.50
2012.01.18 03:53:01.988,1.27854,1.27861,1.95,2.25
2012.01.18 03:53:02.060,1.27854,1.27863,1.95,1.50
2012.01.18 03:53:02.647,1.27854,1.27861,1.95,2.25
2012.01.18 03:53:02.928,1.27854,1.27861,1.20,3.00
2012.01.18 03:53:06.226,1.27853,1.27861,2.25,1.50
2012.01.18 03:53:06.373,1.27851,1.27859,2.25,1.50
2012.01.18 03:53:06.719,1.27849,1.27862,3.45,10.06
2012.01.18 03:53:06.791,1.27849,1.2786,2.70,2.07
2012.01.18 03:53:06.925,1.27849,1.27859,2.70,2.52
2012.01.18 03:53:07.265,1.27849,1.27855,1.20,1.50
2012.01.18 03:53:07.335,1.27849,1.27858,1.20,3.00
2012.01.18 03:53:10.057,1.27848,1.27856,2.70,1.20
2012.01.18 03:53:10.263,1.27848,1.27855,1.20,2.25
2012.01.18 03:53:10.616,1.27843,1.27851,4.13,1.50
2012.01.18 03:53:12.817,1.27846,1.27851,1.20,1.50
2012.01.18 03:53:16.378,1.27845,1.27851,1.20,1.50
2012.01.18 03:53:20.365,1.27845,1.27851,1.20,2.25
2012.01.18 03:53:29.101,1.27843,1.27851,2.25,2.44
2012.01.18 03:53:30.805,1.27845,1.27851,1.20,2.44
2012.01.18 03:53:36.739,1.27845,1.27851,1.20,2.44
2012.01.18 03:53:37.169,1.27843,1.27851,2.25,2.44
2012.01.18 03:53:37.478,1.27845,1.27851,1.20,2.44
2012.01.18 03:53:37.898,1.27843,1.27851,2.25,2.44
2012.01.18 03:53:39.489,1.27845,1.27851,1.20,2.44
2012.01.18 03:53:39.991,1.27843,1.27851,1.50,2.44
2012.01.18 03:53:40.381,1.27845,1.27851,1.20,2.44
2012.01.18 03:53:40.939,1.27843,1.27851,2.25,2.44
2012.01.18 03:53:41.010,1.27845,1.27851,1.20,2.44
2012.01.18 03:53:41.130,1.27843,1.27851,2.25,2.44
2012.01.18 03:53:41.720,1.27845,1.27851,1.20,2.44
2012.01.18 03:53:43.426,1.27846,1.27851,1.20,1.69
2012.01.18 03:53:55.039,1.27846,1.27851,1.20,2.25
2012.01.18 03:53:56.064,1.27841,1.2785,1.88,2.25
2012.01.18 03:54:01.801,1.27845,1.2785,1.20,1.50
2012.01.18 03:54:01.873,1.27843,1.2785,1.20,2.25
2012.01.18 03:54:02.142,1.2784,1.2785,4.39,3.45
2012.01.18 03:54:02.354,1.2784,1.27848,2.14,2.25
2012.01.18 03:54:02.634,1.27839,1.27847,1.95,1.95
2012.01.18 03:54:03.424,1.27839,1.27847,3.45,3.45
2012.01.18 03:54:03.950,1.27839,1.27847,4.20,3.45
2012.01.18 03:54:06.655,1.27839,1.27847,3.45,3.45
2012.01.18 03:54:07.111,1.27839,1.27846,2.25,1.95
2012.01.18 03:54:09.980,1.27838,1.27845,1.95,2.25
2012.01.18 03:54:10.490,1.27838,1.27845,1.95,1.50
2012.01.18 03:54:10.998,1.27838,1.27845,1.95,2.25
2012.01.18 03:54:11.335,1.27837,1.27842,1.50,1.95
2012.01.18 03:54:11.545,1.27834,1.2784,1.50,2.25
2012.01.18 03:54:11.682,1.27834,1.27842,2.25,4.20
2012.01.18 03:54:12.230,1.27835,1.27845,2.70,4.24
2012.01.18 03:54:14.210,1.27834,1.27842,2.70,2.25
2012.01.18 03:54:14.714,1.27834,1.27842,2.70,2.25
2012.01.18 03:54:16.326,1.27834,1.27842,2.70,2.25
2012.01.18 03:54:17.562,1.27834,1.27842,2.70,2.25
2012.01.18 03:54:18.110,1.27834,1.27842,2.70,2.25
2012.01.18 03:54:18.602,1.27834,1.2784,1.20,2.25
2012.01.18 03:54:19.390,1.27834,1.2784,1.20,2.25
2012.01.18 03:54:19.908,1.27834,1.2784,1.20,2.25
2012.01.18 03:54:20.050,1.27832,1.2784,1.20,2.25
2012.01.18 03:54:20.191,1.27832,1.2784,1.20,2.25
2012.01.18 03:54:20.391,1.27832,1.2784,1.20,2.25
2012.01.18 03:54:22.839,1.27832,1.2784,1.20,2.44
2012.01.18 03:54:31.123,1.27832,1.2784,1.20,1.69
2012.01.18 03:54:31.379,1.27832,1.2784,1.20,2.44
2012.01.18 03:54:33.145,1.27832,1.2784,1.20,2.44
2012.01.18 03:54:36.001,1.27831,1.27838,1.20,1.50
2012.01.18 03:54:37.941,1.27831,1.27839,2.70,1.50
2012.01.18 03:54:42.916,1.27831,1.27839,2.70,2.25
2012.01.18 03:54:43.460,1.27831,1.27839,2.70,1.50
2012.01.18 03:54:47.042,1.27832,1.27841,1.50,1.95
2012.01.18 03:54:47.788,1.27831,1.27839,2.70,2.25
2012.01.18 03:54:49.519,1.27831,1.27839,2.70,2.25
2012.01.18 03:54:50.068,1.27831,1.27839,2.70,2.25
2012.01.18 03:54:52.201,1.27831,1.27837,1.20,1.50
2012.01.18 03:55:00.860,1.27831,1.27839,2.70,1.88
2012.01.18 03:55:01.415,1.27831,1.27839,2.70,2.25
2012.01.18 03:55:01.946,1.27831,1.27839,2.70,2.25
2012.01.18 03:55:02.480,1.27831,1.27839,2.70,1.69
2012.01.18 03:55:04.158,1.27831,1.27839,2.70,2.44
2012.01.18 03:55:04.349,1.27831,1.27839,2.70,1.50
2012.01.18 03:55:04.744,1.27831,1.27839,2.70,4.02
2012.01.18 03:55:06.048,1.27831,1.27838,1.20,2.44
2012.01.18 03:55:06.550,1.27831,1.27838,1.20,2.44
2012.01.18 03:55:07.116,1.27831,1.27838,1.20,2.44
2012.01.18 03:55:07.672,1.27831,1.27838,1.20,2.63
2012.01.18 03:55:29.260,1.27831,1.27837,1.20,1.77
2012.01.18 03:55:29.539,1.27824,1.27831,1.13,2.25
2012.01.18 03:55:29.617,1.27823,1.27828,2.25,1.20
2012.01.18 03:55:29.698,1.27819,1.27828,3.53,1.95
2012.01.18 03:55:29.845,1.2782,1.27828,1.20,1.95
2012.01.18 03:55:29.922,1.27821,1.27827,1.50,1.50
2012.01.18 03:55:30.133,1.2782,1.27826,1.50,1.20
2012.01.18 03:55:30.275,1.27823,1.27828,1.50,1.95
2012.01.18 03:55:30.616,1.27821,1.27826,1.50,1.20
2012.01.18 03:55:30.868,1.27822,1.27828,1.50,1.95
2012.01.18 03:55:31.013,1.27819,1.27827,1.50,1.69
2012.01.18 03:55:31.227,1.27819,1.27827,1.50,2.44
2012.01.18 03:55:31.724,1.2782,1.27828,2.70,2.52
2012.01.18 03:55:32.064,1.2782,1.2783,2.70,5.97
2012.01.18 03:55:32.593,1.2782,1.2783,2.70,6.72
2012.01.18 03:55:33.302,1.2782,1.27828,1.20,4.02
2012.01.18 03:55:34.251,1.2782,1.27828,1.20,4.02
2012.01.18 03:55:34.780,1.27818,1.27828,1.50,5.22
2012.01.18 03:55:34.993,1.27816,1.27825,4.10,3.27
2012.01.18 03:55:35.340,1.27819,1.27825,1.20,1.50
2012.01.18 03:55:36.012,1.27819,1.27827,2.70,2.70
2012.01.18 03:55:42.009,1.27819,1.27827,2.70,3.45
2012.01.18 03:55:42.088,1.27816,1.27822,5.10,1.50
2012.01.18 03:55:42.442,1.27816,1.27825,3.50,1.69
2012.01.18 03:55:43.137,1.27816,1.27824,6.75,1.50
2012.01.18 03:55:43.282,1.27816,1.27829,9.05,3.83
2012.01.18 03:55:43.351,1.27821,1.27829,1.50,2.63
2012.01.18 03:55:43.421,1.27821,1.27829,1.50,1.88
2012.01.18 03:55:43.630,1.27823,1.27827,1.20,1.50
2012.01.18 03:55:44.282,1.27821,1.27827,1.20,1.50
2012.01.18 03:55:46.000,1.27819,1.27827,1.50,3.45
2012.01.18 03:55:46.332,1.27819,1.27827,1.50,3.45
2012.01.18 03:55:46.613,1.27819,1.27827,1.50,3.45
2012.01.18 03:55:47.378,1.27819,1.27827,1.50,3.45
2012.01.18 03:55:48.471,1.27816,1.27826,4.75,2.25
2012.01.18 03:55:59.355,1.27816,1.27826,4.50,2.25
2012.01.18 03:56:02.578,1.27816,1.27826,4.50,2.25
2012.01.18 03:56:17.204,1.27816,1.27826,4.50,2.25
2012.01.18 03:56:17.790,1.27816,1.27826,4.50,2.25
2012.01.18 03:56:24.829,1.27818,1.27827,1.50,1.95
2012.01.18 03:56:25.209,1.27818,1.27827,1.50,1.95
2012.01.18 03:56:25.739,1.27818,1.27827,1.50,1.95
2012.01.18 03:56:26.142,1.2782,1.27828,1.20,3.45
2012.01.18 03:56:26.675,1.27822,1.27829,1.20,2.25
2012.01.18 03:56:27.191,1.27822,1.27829,1.20,2.25
2012.01.18 03:56:28.161,1.27822,1.27829,1.20,1.50
2012.01.18 03:56:28.691,1.27823,1.27832,1.20,4.13
2012.01.18 03:56:29.564,1.27824,1.27832,1.20,3.38
2012.01.18 03:56:29.770,1.27824,1.27832,1.20,2.25
2012.01.18 03:56:31.060,1.27824,1.27832,1.20,2.25
2012.01.18 03:56:31.320,1.27824,1.27829,1.20,1.50
2012.01.18 03:56:33.692,1.27824,1.27832,1.95,1.58
2012.01.18 03:56:33.763,1.27824,1.2783,1.95,1.50
2012.01.18 03:56:34.279,1.27824,1.2783,1.20,1.50
2012.01.18 03:56:41.549,1.27824,1.27831,1.20,1.50
2012.01.18 03:56:42.953,1.27824,1.27831,1.95,1.50
2012.01.18 03:56:45.562,1.27824,1.27831,1.20,1.50
2012.01.18 03:56:46.271,1.27824,1.2783,1.95,1.50
2012.01.18 03:56:48.770,1.27824,1.27832,1.20,3.45
2012.01.18 03:56:53.990,1.27824,1.27829,1.95,1.50
2012.01.18 03:56:54.492,1.27824,1.27829,1.95,1.50
2012.01.18 03:56:55.036,1.27824,1.27831,1.95,1.50
2012.01.18 03:56:55.560,1.27824,1.27831,1.95,1.50
2012.01.18 03:56:56.367,1.27825,1.27832,1.50,1.20
2012.01.18 03:56:58.311,1.27824,1.27831,2.14,1.50
2012.01.18 03:56:59.491,1.27823,1.27831,1.95,2.70
2012.01.18 03:57:00.168,1.27823,1.27831,1.95,2.70
2012.01.18 03:57:00.311,1.27821,1.27829,1.20,1.50
2012.01.18 03:57:00.456,1.27821,1.27826,1.20,1.50
2012.01.18 03:57:01.221,1.27821,1.27828,1.95,1.50
2012.01.18 03:57:02.860,1.2782,1.27828,2.70,1.50
2012.01.18 03:57:04.504,1.2782,1.27827,1.95,1.50
2012.01.18 03:57:04.646,1.27817,1.27827,3.00,3.45
2012.01.18 03:57:04.955,1.27817,1.27827,3.00,4.20
2012.01.18 03:57:05.301,1.27816,1.27823,4.50,1.95
2012.01.18 03:57:05.771,1.27816,1.27824,4.50,2.25
2012.01.18 03:57:06.499,1.27816,1.27824,4.50,2.25
2012.01.18 03:57:10.199,1.27816,1.27824,4.50,2.25
2012.01.18 03:57:10.814,1.27816,1.27823,2.50,1.50
2012.01.18 03:57:11.148,1.27819,1.27823,2.50,1.50
2012.01.18 03:57:12.249,1.27819,1.27823,2.50,2.25
2012.01.18 03:57:12.758,1.27819,1.27823,2.50,1.50
2012.01.18 03:57:15.201,1.27819,1.27821,2.50,1.50
2012.01.18 03:57:15.546,1.27811,1.27818,1.95,1.50
2012.01.18 03:57:16.284,1.27813,1.2782,1.20,1.88
2012.01.18 03:57:17.141,1.27814,1.27821,1.20,1.84
2012.01.18 03:57:17.649,1.27814,1.27821,1.20,1.99
2012.01.18 03:57:18.205,1.27814,1.27821,1.20,1.99
2012.01.18 03:57:19.894,1.27815,1.2782,1.20,1.95
2012.01.18 03:57:20.483,1.27813,1.2782,1.20,2.10
2012.01.18 03:57:20.891,1.27811,1.27821,3.45,3.45
2012.01.18 03:57:20.963,1.27811,1.2782,2.70,1.50
2012.01.18 03:57:21.546,1.27811,1.2782,2.70,1.50
2012.01.18 03:57:23.760,1.27814,1.27821,1.20,3.19
2012.01.18 03:57:24.316,1.27814,1.27822,2.70,3.45
2012.01.18 03:57:24.511,1.27814,1.27821,2.70,1.50
2012.01.18 03:57:24.701,1.27814,1.27821,1.20,3.00
2012.01.18 03:57:24.773,1.27814,1.27821,1.20,3.00
2012.01.18 03:57:24.963,1.27814,1.27821,1.20,3.00
2012.01.18 03:57:25.481,1.27814,1.27821,1.20,2.44
2012.01.18 03:57:25.552,1.27812,1.27821,2.70,2.44
2012.01.18 03:57:25.687,1.27812,1.27821,1.20,2.44
2012.01.18 03:57:25.942,1.27812,1.2782,1.20,1.69
2012.01.18 03:57:26.012,1.27815,1.2782,1.20,1.69
2012.01.18 03:57:27.500,1.27815,1.27823,1.20,3.64
2012.01.18 03:57:28.960,1.27814,1.27822,1.20,2.14
2012.01.18 03:57:29.292,1.27814,1.2782,1.20,2.25
2012.01.18 03:57:29.841,1.27814,1.2782,1.20,1.50
2012.01.18 03:57:30.360,1.27814,1.2782,1.20,3.00
2012.01.18 03:57:30.489,1.27812,1.2782,2.70,3.00
2012.01.18 03:57:31.032,1.27812,1.2782,2.70,3.00
2012.01.18 03:57:31.224,1.27812,1.2782,2.70,2.25
2012.01.18 03:57:31.491,1.27815,1.2782,1.20,2.25
2012.01.18 03:57:31.972,1.27815,1.27823,1.20,1.95
2012.01.18 03:57:32.629,1.27815,1.27823,1.20,1.95
2012.01.18 03:57:33.931,1.27814,1.27823,1.50,2.14
2012.01.18 03:57:34.475,1.27813,1.27821,1.20,1.50
2012.01.18 03:57:34.992,1.27814,1.27821,1.20,1.13
2012.01.18 03:57:36.100,1.27814,1.27821,1.20,1.88
2012.01.18 03:57:36.174,1.27812,1.2782,1.20,1.50
2012.01.18 03:57:36.512,1.27815,1.2782,1.20,2.25
2012.01.18 03:57:37.043,1.27815,1.2782,1.20,2.25
2012.01.18 03:57:37.600,1.27815,1.2782,1.20,1.50
2012.01.18 03:57:38.540,1.27811,1.2782,1.20,1.50
2012.01.18 03:57:39.061,1.27811,1.2782,1.20,2.44
2012.01.18 03:57:39.465,1.27809,1.27816,1.20,2.25
2012.01.18 03:57:39.933,1.27808,1.27816,1.20,4.58
2012.01.18 03:57:40.881,1.27808,1.27815,1.20,2.25
2012.01.18 03:57:41.340,1.27808,1.27813,1.20,1.50
2012.01.18 03:57:41.663,1.27808,1.27815,1.20,1.50
2012.01.18 03:57:42.053,1.27811,1.27818,1.20,2.44
2012.01.18 03:57:42.474,1.27811,1.27819,2.70,3.45
2012.01.18 03:57:44.121,1.27811,1.27819,2.70,3.83
2012.01.18 03:57:47.147,1.27811,1.27819,2.70,3.45
2012.01.18 03:57:47.221,1.27811,1.27819,2.70,3.45
2012.01.18 03:57:47.956,1.27813,1.27819,1.20,2.25
2012.01.18 03:57:48.032,1.27811,1.27819,2.70,2.25
2012.01.18 03:57:48.173,1.27813,1.27819,1.20,2.25
2012.01.18 03:57:48.382,1.27813,1.27822,1.20,3.19
2012.01.18 03:57:48.912,1.27813,1.27822,1.20,2.44
2012.01.18 03:57:48.983,1.27816,1.27824,1.50,4.02
2012.01.18 03:57:49.252,1.27813,1.27823,2.70,2.25
2012.01.18 03:57:49.782,1.27813,1.27823,2.70,2.25
2012.01.18 03:57:51.001,1.27812,1.2782,2.70,2.25
2012.01.18 03:57:51.273,1.27812,1.2782,2.70,3.45
2012.01.18 03:57:51.612,1.27812,1.27816,1.20,1.50
2012.01.18 03:57:52.019,1.27812,1.27819,1.20,2.63
2012.01.18 03:57:52.551,1.27812,1.27819,1.20,2.25
2012.01.18 03:57:52.821,1.27811,1.27819,1.20,3.45
2012.01.18 03:57:52.891,1.27811,1.27819,1.20,3.45
2012.01.18 03:57:53.459,1.27811,1.27819,1.20,3.45
2012.01.18 03:57:53.911,1.27809,1.27819,3.45,3.45
2012.01.18 03:57:54.161,1.27809,1.27816,1.95,1.50
2012.01.18 03:57:54.653,1.27806,1.27814,2.70,2.25
2012.01.18 03:57:55.170,1.27806,1.27814,1.20,2.44
2012.01.18 03:57:56.209,1.27806,1.27814,1.20,2.44
2012.01.18 03:57:56.871,1.27806,1.27814,1.20,2.44
2012.01.18 03:57:56.939,1.27806,1.27814,1.20,2.44
2012.01.18 03:57:57.068,1.27806,1.27814,1.20,2.44
2012.01.18 03:57:57.201,1.27806,1.27814,1.20,2.44
2012.01.18 03:57:57.271,1.27806,1.27814,1.20,2.44
2012.01.18 03:57:57.773,1.27806,1.27814,1.95,1.50
2012.01.18 03:57:57.845,1.27808,1.27815,1.50,1.50
2012.01.18 03:57:58.177,1.27809,1.27816,1.50,2.14
2012.01.18 03:57:58.611,1.27807,1.27815,1.50,2.25
2012.01.18 03:57:59.129,1.27806,1.27814,1.20,2.25
2012.01.18 03:57:59.630,1.27805,1.27813,1.95,1.58
2012.01.18 03:58:09.520,1.27807,1.27815,2.70,3.00
2012.01.18 03:58:09.872,1.27809,1.27817,1.50,3.83
2012.01.18 03:58:10.400,1.2781,1.27818,2.70,1.58
2012.01.18 03:58:10.993,1.2781,1.27818,2.70,1.20
2012.01.18 03:58:11.323,1.27813,1.2782,1.20,2.44
2012.01.18 03:58:12.123,1.27814,1.27821,1.20,4.02
2012.01.18 03:58:12.592,1.27815,1.27822,1.50,1.20
2012.01.18 03:58:14.374,1.27819,1.27823,1.20,1.50
2012.01.18 03:58:14.445,1.2782,1.27825,1.20,1.35
2012.01.18 03:58:14.665,1.27821,1.27828,1.50,1.69
2012.01.18 03:58:14.733,1.27823,1.27829,1.20,3.27
2012.01.18 03:58:15.550,1.27823,1.27829,1.20,2.44
2012.01.18 03:58:16.101,1.27824,1.27829,1.20,1.50
2012.01.18 03:58:16.507,1.27821,1.27828,1.20,1.50
2012.01.18 03:58:16.654,1.27819,1.27825,1.50,1.20
2012.01.18 03:58:16.725,1.27818,1.27825,2.44,1.20
2012.01.18 03:58:16.865,1.27817,1.27823,1.20,1.50
2012.01.18 03:58:17.002,1.27815,1.27823,1.20,2.70
2012.01.18 03:58:18.603,1.27817,1.27823,1.20,1.50
2012.01.18 03:58:18.872,1.27818,1.27825,2.25,1.20
2012.01.18 03:58:19.082,1.2782,1.27828,1.20,3.27
2012.01.18 03:58:19.421,1.27822,1.27828,1.20,1.50
2012.01.18 03:58:19.611,1.27822,1.2783,1.20,1.69
2012.01.18 03:58:20.143,1.27823,1.27831,1.50,2.44
2012.01.18 03:58:20.473,1.2782,1.27826,1.95,1.50
2012.01.18 03:58:25.141,1.27821,1.27826,1.20,1.50
2012.01.18 03:58:25.482,1.27818,1.27826,3.45,1.50
2012.01.18 03:58:25.835,1.27818,1.27824,1.50,1.95
2012.01.18 03:58:25.912,1.27815,1.27824,3.94,1.95
2012.01.18 03:58:27.018,1.27817,1.27824,1.50,1.95
2012.01.18 03:58:33.050,1.27817,1.27827,2.70,3.45
2012.01.18 03:58:33.120,1.27817,1.27827,2.70,3.45
2012.01.18 03:58:33.190,1.27819,1.27827,1.50,1.95
2012.01.18 03:58:36.493,1.27821,1.27829,1.20,3.64
2012.01.18 03:58:36.847,1.27826,1.27832,1.50,1.50
2012.01.18 03:58:37.068,1.27826,1.27834,2.25,2.70
2012.01.18 03:58:37.216,1.27831,1.27838,2.25,2.10
2012.01.18 03:58:38.065,1.27826,1.27834,2.25,1.20
2012.01.18 03:58:39.171,1.27826,1.27834,1.50,1.20
2012.01.18 03:58:40.777,1.27828,1.27836,2.25,7.20
2012.01.18 03:58:41.303,1.27828,1.27836,2.25,1.20
2012.01.18 03:58:42.039,1.27828,1.27836,2.25,1.39
2012.01.18 03:58:42.580,1.27828,1.27836,1.50,1.39
2012.01.18 03:58:45.991,1.27828,1.27836,2.25,1.20
2012.01.18 03:58:46.531,1.27828,1.27837,2.25,1.58
2012.01.18 03:58:51.728,1.27828,1.27837,2.25,1.39
2012.01.18 03:58:51.879,1.27828,1.27837,2.25,1.39
2012.01.18 03:58:52.434,1.27828,1.27836,1.50,1.39
2012.01.18 03:58:52.756,1.27827,1.27833,2.25,1.20
2012.01.18 03:58:58.959,1.27825,1.27833,2.25,1.50
2012.01.18 03:58:59.574,1.27828,1.27837,1.50,1.95
2012.01.18 03:59:00.081,1.27828,1.27837,2.25,1.95
2012.01.18 03:59:02.391,1.2783,1.27837,1.50,1.95
2012.01.18 03:59:06.849,1.27829,1.27837,1.50,3.45
2012.01.18 03:59:07.180,1.27826,1.27834,2.63,1.20
2012.01.18 03:59:07.693,1.27826,1.27834,2.25,1.20
2012.01.18 03:59:10.270,1.27829,1.27834,1.50,1.20
2012.01.18 03:59:10.674,1.27831,1.27835,1.50,1.20
2012.01.18 03:59:11.380,1.27831,1.27836,1.50,1.95
2012.01.18 03:59:16.459,1.27829,1.27836,1.69,1.20
2012.01.18 03:59:21.371,1.27826,1.27834,3.45,1.50
2012.01.18 03:59:24.051,1.27828,1.27834,1.20,1.50
2012.01.18 03:59:24.652,1.27828,1.27838,3.45,3.45
2012.01.18 03:59:25.970,1.2783,1.27838,1.20,3.45
2012.01.18 03:59:26.444,1.27833,1.2784,1.20,2.25
2012.01.18 03:59:26.652,1.27833,1.2784,1.95,1.50
2012.01.18 03:59:26.785,1.27833,1.27841,3.45,1.50
2012.01.18 03:59:26.856,1.27835,1.27843,2.25,1.50
2012.01.18 03:59:27.278,1.27836,1.27843,1.95,1.50
2012.01.18 03:59:27.622,1.27839,1.27846,1.95,1.69
2012.01.18 03:59:28.297,1.27839,1.27846,1.95,1.50
2012.01.18 03:59:28.697,1.27844,1.2785,17.25,3.27
2012.01.18 03:59:28.774,1.27844,1.2785,17.25,2.70
2012.01.18 03:59:28.845,1.27844,1.27853,16.50,2.63
2012.01.18 03:59:28.915,1.27844,1.27853,16.50,4.58
2012.01.18 03:59:29.325,1.27844,1.27855,15.45,1.13
2012.01.18 03:59:29.392,1.27844,1.27853,15.45,1.20
2012.01.18 03:59:29.524,1.27844,1.27855,15.45,1.58
2012.01.18 03:59:30.381,1.27844,1.27856,15.45,2.25
2012.01.18 03:59:31.651,1.27848,1.27856,2.25,3.19
2012.01.18 03:59:35.859,1.27848,1.27853,2.25,1.20
2012.01.18 03:59:38.502,1.27848,1.27853,2.25,1.20
2012.01.18 03:59:38.948,1.27844,1.27849,14.63,1.50
2012.01.18 03:59:39.304,1.27842,1.27846,1.95,1.50
2012.01.18 03:59:39.851,1.27842,1.27847,1.95,1.50
2012.01.18 03:59:47.131,1.27839,1.27845,1.95,1.50
2012.01.18 03:59:47.320,1.27842,1.27848,1.20,1.69
2012.01.18 03:59:54.221,1.27842,1.27846,1.20,1.50
2012.01.18 03:59:54.784,1.27837,1.27844,1.20,1.50
2012.01.18 03:59:58.320,1.27837,1.27845,1.20,1.20
