2015.05.21 22:00:00.367,1.11075,1.11084,0.75,0.75
2015.05.21 22:00:00.763,1.11072,1.11085,0.37,1.12
2015.05.21 22:00:01.046,1.11072,1.11081,0.37,0.37
2015.05.21 22:00:01.457,1.11069,1.11076,0.75,1.50
2015.05.21 22:00:01.761,1.11071,1.11076,0.22,1.50
2015.05.21 22:00:01.913,1.11068,1.11075,1.50,0.75
2015.05.21 22:00:01.964,1.11068,1.11072,1.50,0.75
2015.05.21 22:00:02.219,1.11066,1.11071,0.75,2.10
2015.05.21 22:00:02.371,1.11064,1.11071,0.75,1.50
2015.05.21 22:00:02.890,1.11066,1.11072,0.75,1.50
2015.05.21 22:00:03.444,1.11066,1.11071,0.75,0.75
2015.05.21 22:00:03.990,1.11066,1.11072,1.12,0.75
2015.05.21 22:00:04.581,1.11066,1.11075,1.12,4.72
2015.05.21 22:00:04.683,1.11063,1.11072,0.75,0.75
2015.05.21 22:00:05.056,1.11065,1.11072,0.37,0.75
2015.05.21 22:00:05.157,1.11066,1.11075,1.12,1.12
2015.05.21 22:00:05.259,1.11076,1.11077,0.75,2.62
2015.05.21 22:00:05.462,1.1107,1.11079,0.75,0.75
2015.05.21 22:00:05.563,1.11067,1.11079,0.37,0.75
2015.05.21 22:00:06.127,1.11071,1.11076,0.67,1.12
2015.05.21 22:00:06.280,1.11071,1.11078,0.67,0.75
2015.05.21 22:00:06.795,1.11071,1.11079,0.67,2.25
2015.05.21 22:00:06.998,1.11071,1.11075,0.30,1.50
2015.05.21 22:00:07.100,1.11064,1.11069,0.75,0.75
2015.05.21 22:00:07.152,1.11062,1.11069,0.82,0.75
2015.05.21 22:00:07.203,1.11062,1.11067,0.82,0.37
2015.05.21 22:00:07.451,1.11057,1.11063,0.75,0.21
2015.05.21 22:00:07.509,1.11052,1.11062,1.20,2.25
2015.05.21 22:00:07.611,1.11058,1.11063,0.37,0.21
2015.05.21 22:00:07.662,1.11058,1.11065,0.37,2.76
2015.05.21 22:00:07.713,1.1106,1.11065,0.75,0.21
2015.05.21 22:00:07.764,1.1106,1.11068,0.75,0.45
2015.05.21 22:00:07.816,1.1106,1.1107,0.64,1.12
2015.05.21 22:00:08.328,1.1106,1.11073,0.64,0.75
2015.05.21 22:00:08.379,1.11061,1.1107,0.75,0.37
2015.05.21 22:00:08.928,1.1106,1.1107,1.39,1.12
2015.05.21 22:00:09.463,1.11061,1.1107,0.75,1.12
2015.05.21 22:00:09.903,1.11059,1.11071,1.39,1.12
2015.05.21 22:00:10.211,1.11059,1.11074,1.39,0.75
2015.05.21 22:00:10.588,1.11062,1.11075,0.75,1.50
2015.05.21 22:00:11.095,1.11061,1.11074,0.75,0.75
2015.05.21 22:00:11.640,1.1106,1.11074,1.39,0.75
2015.05.21 22:00:12.219,1.11061,1.11074,0.75,2.25
2015.05.21 22:00:12.764,1.11061,1.11073,0.75,0.75
2015.05.21 22:00:13.445,1.11066,1.11075,0.37,3.37
2015.05.21 22:00:13.800,1.11068,1.11075,0.75,0.75
2015.05.21 22:00:13.902,1.1107,1.11079,0.75,0.75
2015.05.21 22:00:14.004,1.11073,1.11079,0.75,0.75
2015.05.21 22:00:14.460,1.11076,1.1108,0.37,0.75
2015.05.21 22:00:14.952,1.11076,1.11084,0.37,1.72
2015.05.21 22:00:15.259,1.11079,1.11085,0.37,1.12
2015.05.21 22:00:16.628,1.11079,1.11087,0.37,1.50
2015.05.21 22:00:18.018,1.11079,1.11089,1.12,1.50
2015.05.21 22:00:18.832,1.11079,1.11085,1.12,0.37
2015.05.21 22:00:19.660,1.11078,1.11085,1.50,0.37
2015.05.21 22:00:19.711,1.11078,1.11089,1.50,0.75
2015.05.21 22:00:20.220,1.11079,1.11089,1.12,0.75
2015.05.21 22:00:20.747,1.11079,1.11088,1.12,0.75
2015.05.21 22:00:21.253,1.11079,1.11089,0.37,2.25
2015.05.21 22:00:22.609,1.11078,1.11089,0.37,2.25
2015.05.21 22:00:24.885,1.11079,1.11089,0.37,1.50
2015.05.21 22:00:25.535,1.11078,1.11088,0.75,0.75
2015.05.21 22:00:25.586,1.11079,1.11085,0.37,1.12
2015.05.21 22:00:26.219,1.11079,1.11088,0.37,1.50
2015.05.21 22:00:26.738,1.11078,1.11088,0.37,2.25
2015.05.21 22:00:27.289,1.11079,1.11088,0.37,2.25
2015.05.21 22:00:27.796,1.1108,1.11089,1.12,0.75
2015.05.21 22:00:29.147,1.11079,1.11089,0.37,0.75
2015.05.21 22:00:29.667,1.1108,1.11089,0.37,0.75
2015.05.21 22:00:31.446,1.1108,1.1109,0.37,2.62
2015.05.21 22:00:32.714,1.11081,1.1109,0.37,1.87
2015.05.21 22:00:33.593,1.1108,1.1109,1.12,1.87
2015.05.21 22:00:34.697,1.11079,1.1109,1.87,1.87
2015.05.21 22:00:35.259,1.1108,1.1109,1.12,1.87
2015.05.21 22:00:38.647,1.11079,1.1109,1.12,1.87
2015.05.21 22:00:39.154,1.1108,1.11089,1.12,0.75
2015.05.21 22:00:39.925,1.11081,1.11089,0.75,0.75
2015.05.21 22:00:41.323,1.11081,1.1109,1.50,1.87
2015.05.21 22:00:41.526,1.11083,1.11092,0.37,1.50
2015.05.21 22:00:41.679,1.11084,1.11094,0.75,0.75
2015.05.21 22:00:41.983,1.11086,1.11094,0.75,0.75
2015.05.21 22:00:42.490,1.11087,1.11095,0.75,0.75
2015.05.21 22:00:43.178,1.11088,1.11096,0.37,0.75
2015.05.21 22:00:43.975,1.11087,1.11096,0.37,0.75
2015.05.21 22:00:44.484,1.11088,1.11096,0.37,0.75
2015.05.21 22:00:45.450,1.11087,1.11096,0.37,0.75
2015.05.21 22:00:45.981,1.11088,1.11096,0.37,0.75
2015.05.21 22:00:49.796,1.11088,1.11095,1.12,0.75
2015.05.21 22:00:49.999,1.11086,1.11095,0.75,0.75
2015.05.21 22:00:50.151,1.11084,1.11085,0.75,0.75
2015.05.21 22:00:50.202,1.11082,1.11085,1.12,1.50
2015.05.21 22:00:50.727,1.11082,1.11084,0.37,0.75
2015.05.21 22:00:51.250,1.11081,1.11084,1.50,0.75
2015.05.21 22:00:51.454,1.11081,1.11092,3.00,0.75
2015.05.21 22:00:51.504,1.11084,1.11092,0.75,0.75
2015.05.21 22:00:52.012,1.11085,1.11092,1.50,0.75
2015.05.21 22:00:53.168,1.11084,1.11092,0.75,0.75
2015.05.21 22:00:53.420,1.11082,1.11091,0.75,0.75
2015.05.21 22:00:55.563,1.11083,1.11091,0.75,0.75
2015.05.21 22:00:56.446,1.11082,1.11091,1.50,0.75
2015.05.21 22:00:57.045,1.11083,1.11091,0.75,0.75
2015.05.21 22:00:58.043,1.11082,1.11091,1.50,0.75
2015.05.21 22:01:01.042,1.11083,1.11091,0.75,0.75
2015.05.21 22:01:02.642,1.11082,1.11091,1.50,0.75
2015.05.21 22:01:02.927,1.11086,1.11092,0.30,0.75
2015.05.21 22:01:03.028,1.11083,1.11092,1.50,0.75
2015.05.21 22:01:03.180,1.11085,1.11092,0.37,0.75
2015.05.21 22:01:03.710,1.11086,1.11092,0.37,0.75
2015.05.21 22:01:05.302,1.11084,1.11092,0.75,0.75
2015.05.21 22:01:05.353,1.11084,1.1109,0.75,0.75
2015.05.21 22:01:06.023,1.11083,1.11091,0.75,3.82
2015.05.21 22:01:08.094,1.11083,1.11089,0.75,0.75
2015.05.21 22:01:08.622,1.11082,1.11089,1.50,0.75
2015.05.21 22:01:09.226,1.11083,1.11089,0.75,1.50
2015.05.21 22:01:13.198,1.11082,1.11089,1.50,0.75
2015.05.21 22:01:13.768,1.11083,1.11089,0.75,1.50
2015.05.21 22:01:14.399,1.11085,1.11089,1.50,1.50
2015.05.21 22:01:14.501,1.11085,1.11091,1.50,1.50
2015.05.21 22:01:14.754,1.11086,1.11093,1.50,1.50
2015.05.21 22:01:15.261,1.11087,1.11093,0.75,0.75
2015.05.21 22:01:17.033,1.11087,1.11094,0.75,1.50
2015.05.21 22:01:17.709,1.11088,1.11095,1.50,1.12
2015.05.21 22:01:17.811,1.11088,1.11091,0.75,0.75
2015.05.21 22:01:20.302,1.11087,1.11091,0.75,0.75
2015.05.21 22:01:21.901,1.11087,1.1109,0.75,0.75
2015.05.21 22:01:22.053,1.11085,1.1109,0.75,0.75
2015.05.21 22:01:22.564,1.11084,1.11089,0.75,0.75
2015.05.21 22:01:24.295,1.11084,1.11088,0.75,0.75
2015.05.21 22:01:24.801,1.11084,1.11089,0.75,0.75
2015.05.21 22:01:26.236,1.11083,1.11089,1.50,0.75
2015.05.21 22:01:27.397,1.11086,1.11089,0.37,0.75
2015.05.21 22:01:28.254,1.11085,1.11089,0.37,0.75
2015.05.21 22:01:28.305,1.11083,1.11089,2.25,0.75
2015.05.21 22:01:28.878,1.11082,1.11089,1.50,1.50
2015.05.21 22:01:29.384,1.11082,1.11088,0.75,0.75
2015.05.21 22:01:29.841,1.11084,1.11089,0.75,2.25
2015.05.21 22:01:34.148,1.11083,1.11089,1.50,1.50
2015.05.21 22:01:34.695,1.11082,1.11089,2.25,1.50
2015.05.21 22:01:37.999,1.11082,1.11087,2.25,0.75
2015.05.21 22:01:38.357,1.11083,1.11089,0.75,0.75
2015.05.21 22:01:39.324,1.11083,1.11085,1.50,0.75
2015.05.21 22:01:41.012,1.11082,1.11085,1.50,0.75
2015.05.21 22:01:42.875,1.11081,1.11085,1.12,0.75
2015.05.21 22:02:00.359,1.11081,1.11084,0.37,0.75
2015.05.21 22:02:19.565,1.11082,1.11084,1.20,0.75
2015.05.21 22:02:19.667,1.11086,1.11089,2.40,0.75
2015.05.21 22:02:19.962,1.11086,1.11093,3.90,2.25
2015.05.21 22:02:20.468,1.11086,1.11092,2.25,0.75
2015.05.21 22:02:21.355,1.11086,1.1109,0.75,0.75
2015.05.21 22:02:23.366,1.11086,1.11091,3.90,0.75
2015.05.21 22:02:23.869,1.11087,1.11092,0.75,1.50
2015.05.21 22:02:24.378,1.11086,1.11091,2.40,0.75
2015.05.21 22:02:25.228,1.11086,1.1109,0.90,1.50
2015.05.21 22:02:25.875,1.11086,1.11091,0.90,0.75
2015.05.21 22:02:26.862,1.11086,1.11092,0.90,1.50
2015.05.21 22:02:27.366,1.11086,1.11091,0.75,1.50
2015.05.21 22:02:29.187,1.11085,1.11092,4.05,2.25
2015.05.21 22:02:29.727,1.11085,1.11091,4.05,1.50
2015.05.21 22:02:30.989,1.11086,1.11091,0.75,1.50
2015.05.21 22:02:33.035,1.11085,1.11091,4.05,1.50
2015.05.21 22:02:33.763,1.11086,1.11091,0.75,1.50
2015.05.21 22:02:35.011,1.11086,1.11092,0.75,2.25
2015.05.21 22:02:35.582,1.11086,1.11091,0.75,1.50
2015.05.21 22:02:39.968,1.11086,1.11087,0.75,0.75
2015.05.21 22:02:40.019,1.11084,1.11085,1.50,0.75
2015.05.21 22:02:40.123,1.11086,1.11089,0.75,0.75
2015.05.21 22:02:40.224,1.11086,1.11091,0.75,0.75
2015.05.21 22:02:42.155,1.11086,1.11092,0.75,0.75
2015.05.21 22:02:42.206,1.11086,1.1109,0.75,0.75
2015.05.21 22:02:42.711,1.11086,1.11091,0.75,0.75
2015.05.21 22:02:44.084,1.11086,1.11092,0.75,1.50
2015.05.21 22:02:45.763,1.11085,1.11092,4.80,0.75
2015.05.21 22:02:46.324,1.11085,1.11091,4.42,0.75
2015.05.21 22:02:47.290,1.11085,1.11092,4.42,1.50
2015.05.21 22:02:47.823,1.11085,1.11091,4.42,0.75
2015.05.21 22:02:48.127,1.11086,1.11094,0.75,1.50
2015.05.21 22:02:48.635,1.11086,1.11092,0.75,0.75
2015.05.21 22:02:49.085,1.11086,1.11088,0.75,0.75
2015.05.21 22:02:49.596,1.11087,1.11088,1.50,0.75
2015.05.21 22:02:50.709,1.11087,1.11089,3.00,0.75
2015.05.21 22:02:50.862,1.11088,1.11091,1.50,0.75
2015.05.21 22:02:51.168,1.11088,1.11093,2.25,1.50
2015.05.21 22:02:51.788,1.11089,1.11093,0.75,0.75
2015.05.21 22:02:54.284,1.11089,1.11092,0.75,0.75
2015.05.21 22:03:02.883,1.11089,1.11093,0.75,0.75
2015.05.21 22:03:03.791,1.11089,1.11095,0.75,2.62
2015.05.21 22:03:03.893,1.11089,1.11093,0.75,0.75
2015.05.21 22:03:06.312,1.11089,1.11094,0.75,0.75
2015.05.21 22:03:06.516,1.11087,1.11094,2.25,0.75
2015.05.21 22:03:12.547,1.11087,1.11092,2.25,0.75
2015.05.21 22:03:12.750,1.11089,1.11095,3.75,1.50
2015.05.21 22:03:13.154,1.11092,1.11097,0.75,2.25
2015.05.21 22:03:13.737,1.11093,1.11097,0.75,1.50
2015.05.21 22:03:14.240,1.11094,1.11097,0.75,1.50
2015.05.21 22:03:14.787,1.11093,1.11097,1.50,1.50
2015.05.21 22:03:15.301,1.11094,1.11097,0.75,1.50
2015.05.21 22:03:22.839,1.11093,1.11094,4.12,0.75
2015.05.21 22:03:22.991,1.11092,1.11094,0.75,0.75
2015.05.21 22:03:23.042,1.1109,1.11095,2.25,0.37
2015.05.21 22:03:24.352,1.1109,1.11097,0.75,0.37
2015.05.21 22:03:25.415,1.1109,1.11098,0.75,1.87
2015.05.21 22:03:25.466,1.1109,1.11095,0.75,0.37
2015.05.21 22:03:26.771,1.1109,1.11098,0.75,1.87
2015.05.21 22:03:32.980,1.11089,1.11098,1.50,1.12
2015.05.21 22:03:33.081,1.11087,1.11098,1.50,0.37
2015.05.21 22:03:33.183,1.11087,1.11093,0.75,1.50
2015.05.21 22:03:33.488,1.11087,1.11088,0.75,0.37
2015.05.21 22:03:34.212,1.11086,1.11088,1.50,0.37
2015.05.21 22:03:36.162,1.11085,1.11087,0.37,0.75
2015.05.21 22:03:36.213,1.11083,1.11087,1.03,0.75
2015.05.21 22:03:36.416,1.1108,1.11087,1.12,0.75
2015.05.21 22:03:36.923,1.11079,1.11087,0.75,0.75
2015.05.21 22:03:40.804,1.1108,1.11087,0.75,0.75
2015.05.21 22:03:41.315,1.11079,1.11087,0.75,0.75
2015.05.21 22:03:50.351,1.11078,1.11085,0.75,0.75
2015.05.21 22:03:50.655,1.11076,1.11081,0.75,0.75
2015.05.21 22:03:52.117,1.11076,1.11078,1.50,0.37
2015.05.21 22:03:58.383,1.11076,1.1108,0.75,1.87
2015.05.21 22:04:00.671,1.11076,1.11081,0.75,1.50
2015.05.21 22:04:01.372,1.11076,1.11081,1.00,1.37
2015.05.21 22:04:01.909,1.11076,1.11081,1.00,1.12
2015.05.21 22:04:02.434,1.11076,1.11081,1.00,1.37
2015.05.21 22:04:03.428,1.11073,1.1108,1.67,1.50
2015.05.21 22:04:03.481,1.1107,1.11079,1.00,1.00
2015.05.21 22:04:03.988,1.11069,1.11079,1.74,1.00
2015.05.21 22:04:04.039,1.11071,1.11079,1.00,1.00
2015.05.21 22:04:04.348,1.11069,1.11079,1.74,1.00
2015.05.21 22:04:04.956,1.1107,1.11079,1.00,1.00
2015.05.21 22:04:05.575,1.11069,1.11079,2.49,1.00
2015.05.21 22:04:06.259,1.1107,1.11079,1.00,1.00
2015.05.21 22:04:07.319,1.1107,1.1108,1.00,1.12
2015.05.21 22:04:07.830,1.11069,1.11079,3.99,1.00
2015.05.21 22:04:08.881,1.1107,1.11079,1.00,1.00
2015.05.21 22:04:10.547,1.11069,1.11079,3.99,1.00
2015.05.21 22:04:11.234,1.1107,1.11079,1.00,1.00
2015.05.21 22:04:11.970,1.1107,1.11077,1.00,1.00
2015.05.21 22:04:12.224,1.1107,1.1108,1.12,1.00
2015.05.21 22:04:12.275,1.11073,1.11081,2.25,1.87
2015.05.21 22:04:12.580,1.11076,1.11085,1.10,2.62
2015.05.21 22:04:13.038,1.11076,1.11082,1.10,1.00
2015.05.21 22:04:13.398,1.11076,1.11085,2.32,1.12
2015.05.21 22:04:13.803,1.11076,1.11088,2.25,1.87
2015.05.21 22:04:14.662,1.11077,1.11088,1.00,1.87
2015.05.21 22:04:15.213,1.11076,1.11088,3.82,1.50
2015.05.21 22:04:15.778,1.11077,1.11088,1.00,1.50
2015.05.21 22:04:18.206,1.11078,1.11089,1.50,1.00
2015.05.21 22:04:18.612,1.1108,1.1109,1.00,6.37
2015.05.21 22:04:19.124,1.11081,1.1109,1.00,2.25
2015.05.21 22:04:22.318,1.11082,1.1109,4.12,2.25
2015.05.21 22:04:22.785,1.11084,1.1109,1.00,2.25
2015.05.21 22:04:23.116,1.11077,1.11082,1.00,1.00
2015.05.21 22:04:23.370,1.11075,1.11086,4.35,1.87
2015.05.21 22:04:23.888,1.11075,1.11085,2.55,1.12
2015.05.21 22:04:27.456,1.11075,1.11085,1.95,1.87
2015.05.21 22:04:29.403,1.11075,1.11085,1.80,1.87
2015.05.21 22:04:30.518,1.11078,1.1109,2.25,3.75
2015.05.21 22:04:30.569,1.1108,1.1109,1.50,2.25
2015.05.21 22:04:31.075,1.11081,1.1109,1.50,1.50
2015.05.21 22:04:33.101,1.11081,1.11091,2.25,2.47
2015.05.21 22:04:34.240,1.11081,1.11091,1.00,3.60
2015.05.21 22:04:34.741,1.11082,1.11091,1.00,3.60
2015.05.21 22:04:38.687,1.11082,1.11091,2.25,3.00
2015.05.21 22:04:39.486,1.11085,1.11091,1.50,3.00
2015.05.21 22:04:40.090,1.11085,1.1109,1.50,1.00
2015.05.21 22:04:40.397,1.11093,1.11094,2.25,1.50
2015.05.21 22:04:40.702,1.11095,1.11096,3.00,1.12
2015.05.21 22:04:41.500,1.11094,1.11095,1.50,1.00
2015.05.21 22:04:42.173,1.11094,1.11098,1.50,1.00
2015.05.21 22:04:42.482,1.11094,1.11096,1.50,1.00
2015.05.21 22:04:45.484,1.11093,1.11095,1.50,1.00
2015.05.21 22:04:46.353,1.11093,1.11095,1.50,1.00
2015.05.21 22:04:47.511,1.11094,1.11095,1.00,1.00
2015.05.21 22:04:54.036,1.11092,1.11094,3.00,1.00
2015.05.21 22:04:56.545,1.11093,1.11095,1.50,1.00
2015.05.21 22:04:57.753,1.11092,1.11094,1.50,1.00
2015.05.21 22:05:01.233,1.11093,1.11094,1.50,1.00
2015.05.21 22:05:08.742,1.11095,1.11097,2.25,1.00
2015.05.21 22:05:09.234,1.11097,1.11098,1.50,1.12
2015.05.21 22:05:13.176,1.11096,1.11098,1.50,1.00
2015.05.21 22:05:13.712,1.11095,1.11097,1.50,1.00
2015.05.21 22:05:15.363,1.11094,1.11096,1.00,1.00
2015.05.21 22:05:15.465,1.11092,1.11096,1.50,1.00
2015.05.21 22:05:15.993,1.11092,1.11095,1.50,1.00
2015.05.21 22:05:17.589,1.11091,1.11095,1.00,1.50
2015.05.21 22:05:18.147,1.11091,1.11096,1.00,1.00
2015.05.21 22:05:19.050,1.11093,1.11096,1.00,1.00
2015.05.21 22:05:20.178,1.11092,1.11096,1.50,1.00
2015.05.21 22:05:20.483,1.1109,1.11096,3.75,1.00
2015.05.21 22:05:21.002,1.1109,1.11095,3.75,1.00
2015.05.21 22:05:28.181,1.1109,1.11096,3.75,1.00
2015.05.21 22:05:29.254,1.1109,1.11095,3.75,1.00
2015.05.21 22:05:31.998,1.11091,1.11095,1.00,1.00
2015.05.21 22:05:33.782,1.11086,1.11093,1.12,1.87
2015.05.21 22:05:35.864,1.11086,1.11092,1.12,1.50
2015.05.21 22:05:36.567,1.11085,1.11091,2.25,1.50
2015.05.21 22:05:38.075,1.11085,1.11092,2.25,2.25
2015.05.21 22:05:38.577,1.11085,1.11091,2.25,1.50
2015.05.21 22:05:39.612,1.11085,1.1109,1.87,1.00
2015.05.21 22:05:39.713,1.11083,1.1109,1.87,3.00
2015.05.21 22:05:40.322,1.11082,1.11089,2.25,1.50
2015.05.21 22:05:42.422,1.11082,1.11088,3.75,1.00
2015.05.21 22:05:42.963,1.11083,1.11088,1.00,1.00
2015.05.21 22:05:44.513,1.11083,1.1109,1.00,1.00
2015.05.21 22:05:45.212,1.11083,1.11089,1.00,1.00
2015.05.21 22:05:45.745,1.11084,1.11088,1.00,1.00
2015.05.21 22:05:47.494,1.11084,1.11089,1.00,1.00
2015.05.21 22:05:48.043,1.11084,1.11088,1.00,1.00
2015.05.21 22:05:48.589,1.11083,1.11088,1.00,1.00
2015.05.21 22:05:49.597,1.11084,1.11088,1.00,1.00
2015.05.21 22:05:50.012,1.11084,1.1109,1.00,1.50
2015.05.21 22:05:50.520,1.11084,1.11089,1.00,1.00
2015.05.21 22:05:51.301,1.11083,1.11088,1.00,1.00
2015.05.21 22:05:51.984,1.11082,1.11088,3.00,1.00
2015.05.21 22:05:52.500,1.11083,1.11088,1.00,1.00
2015.05.21 22:05:57.582,1.11082,1.11088,1.50,1.00
2015.05.21 22:05:58.745,1.11082,1.11089,1.00,3.75
2015.05.21 22:05:59.258,1.11082,1.11088,1.00,1.50
2015.05.21 22:05:59.915,1.11081,1.11088,1.50,1.50
2015.05.21 22:06:00.546,1.11082,1.11088,1.00,1.50
2015.05.21 22:06:02.929,1.11081,1.11088,1.50,1.50
2015.05.21 22:06:03.764,1.11081,1.11087,1.00,1.00
2015.05.21 22:06:04.311,1.11082,1.11087,1.00,1.50
2015.05.21 22:06:04.877,1.11081,1.11087,1.00,1.00
2015.05.21 22:06:05.634,1.1108,1.11087,2.62,1.00
2015.05.21 22:06:07.923,1.1108,1.11088,3.37,2.25
2015.05.21 22:06:19.896,1.11081,1.11088,1.00,1.00
2015.05.21 22:06:22.334,1.1108,1.11088,3.37,1.00
2015.05.21 22:06:22.856,1.11081,1.11088,1.00,1.00
2015.05.21 22:06:27.026,1.11082,1.1109,1.00,1.00
2015.05.21 22:06:34.233,1.1108,1.11086,1.87,1.00
2015.05.21 22:06:45.554,1.1108,1.11087,1.87,1.00
2015.05.21 22:07:01.220,1.1108,1.11089,1.87,1.00
2015.05.21 22:07:01.741,1.1108,1.1109,1.87,1.00
2015.05.21 22:07:03.380,1.1108,1.11089,1.87,1.00
2015.05.21 22:07:03.995,1.1108,1.1109,1.87,1.00
2015.05.21 22:07:04.835,1.11081,1.11091,1.87,2.25
2015.05.21 22:07:04.988,1.11084,1.11094,1.50,1.12
2015.05.21 22:07:05.142,1.11084,1.11096,2.25,3.00
2015.05.21 22:07:05.679,1.11086,1.11097,1.00,1.00
2015.05.21 22:07:05.985,1.1109,1.111,1.00,3.75
2015.05.21 22:07:06.087,1.11088,1.111,1.50,3.00
2015.05.21 22:07:07.858,1.11088,1.11099,1.50,1.00
2015.05.21 22:07:08.528,1.11088,1.111,2.25,3.00
2015.05.21 22:07:11.003,1.11088,1.111,1.50,3.75
2015.05.21 22:07:19.113,1.11089,1.11099,1.00,1.37
2015.05.21 22:07:21.138,1.11089,1.11099,1.50,1.00
2015.05.21 22:07:21.646,1.11089,1.111,1.50,1.50
2015.05.21 22:07:23.294,1.11089,1.11099,1.50,1.00
2015.05.21 22:07:24.423,1.11089,1.111,1.50,1.12
2015.05.21 22:07:24.932,1.11089,1.11099,1.50,1.00
2015.05.21 22:07:26.117,1.11089,1.111,1.50,1.12
2015.05.21 22:07:26.422,1.1109,1.11097,1.00,1.00
2015.05.21 22:07:27.210,1.11091,1.11097,1.00,1.00
2015.05.21 22:07:27.716,1.1109,1.11097,1.50,1.00
2015.05.21 22:07:28.221,1.11091,1.11097,1.00,1.00
2015.05.21 22:07:28.746,1.1109,1.11097,1.50,1.00
2015.05.21 22:07:29.310,1.11091,1.11097,1.00,1.00
2015.05.21 22:07:30.721,1.1109,1.11097,2.25,1.00
2015.05.21 22:07:35.962,1.11091,1.11097,1.00,1.00
2015.05.21 22:07:38.176,1.1109,1.11097,2.25,1.00
2015.05.21 22:07:38.743,1.11091,1.11097,1.00,1.00
2015.05.21 22:07:41.220,1.1109,1.11097,2.25,1.00
2015.05.21 22:07:41.798,1.11091,1.11097,1.00,1.00
2015.05.21 22:07:42.362,1.1109,1.11097,1.00,1.00
2015.05.21 22:07:45.493,1.11091,1.11097,1.00,1.00
2015.05.21 22:07:46.270,1.1109,1.11097,1.50,1.00
2015.05.21 22:07:46.777,1.11091,1.11097,1.00,1.00
2015.05.21 22:07:47.280,1.1109,1.11097,2.25,1.00
2015.05.21 22:07:48.166,1.11091,1.11097,1.00,1.00
2015.05.21 22:07:49.501,1.1109,1.11097,1.87,1.00
2015.05.21 22:07:51.696,1.11091,1.11097,1.00,1.00
2015.05.21 22:07:53.566,1.1109,1.11097,2.25,1.00
2015.05.21 22:07:54.112,1.11091,1.11097,1.00,1.00
2015.05.21 22:07:56.903,1.1109,1.11097,2.25,1.00
2015.05.21 22:07:57.791,1.11091,1.11097,1.00,1.00
2015.05.21 22:07:59.921,1.1109,1.11097,2.25,1.00
2015.05.21 22:08:00.744,1.11091,1.11097,1.00,1.00
2015.05.21 22:08:03.549,1.11091,1.11097,1.14,1.00
2015.05.21 22:08:04.065,1.11093,1.11099,1.00,1.50
2015.05.21 22:08:18.850,1.11094,1.11101,1.00,3.00
2015.05.21 22:08:19.106,1.11093,1.11101,1.50,1.00
2015.05.21 22:08:19.566,1.11095,1.11101,1.00,1.00
2015.05.21 22:08:20.094,1.11094,1.11101,2.25,1.00
2015.05.21 22:08:23.026,1.11093,1.11101,2.25,1.00
2015.05.21 22:08:23.330,1.11097,1.11102,1.00,1.50
2015.05.21 22:08:24.273,1.11097,1.11101,1.00,1.00
2015.05.21 22:08:24.885,1.11097,1.11102,1.00,1.50
2015.05.21 22:08:25.696,1.11097,1.11101,1.00,1.00
2015.05.21 22:08:26.108,1.11097,1.11103,1.00,1.50
2015.05.21 22:08:26.630,1.11098,1.11103,1.00,1.00
2015.05.21 22:08:27.255,1.11098,1.11102,1.00,1.00
2015.05.21 22:08:29.567,1.11099,1.11103,1.00,1.50
2015.05.21 22:08:38.473,1.111,1.11103,1.00,1.00
2015.05.21 22:08:44.834,1.111,1.11105,1.00,1.00
2015.05.21 22:08:46.669,1.111,1.11107,1.00,1.00
2015.05.21 22:08:54.967,1.111,1.11106,1.00,1.00
2015.05.21 22:08:55.678,1.111,1.11107,1.00,1.50
2015.05.21 22:08:56.249,1.111,1.11106,1.00,1.00
2015.05.21 22:08:56.762,1.111,1.11107,1.50,1.50
2015.05.21 22:08:57.863,1.111,1.11106,1.00,1.00
2015.05.21 22:08:58.370,1.111,1.11107,1.00,2.25
2015.05.21 22:09:04.976,1.111,1.11106,1.00,1.00
2015.05.21 22:09:05.484,1.111,1.11107,1.50,1.50
2015.05.21 22:09:05.989,1.111,1.11106,1.00,1.00
2015.05.21 22:09:07.075,1.111,1.11107,1.00,1.50
2015.05.21 22:09:09.276,1.111,1.11106,1.00,1.00
2015.05.21 22:09:10.771,1.111,1.11107,1.00,1.00
2015.05.21 22:09:11.824,1.111,1.11106,1.00,1.00
2015.05.21 22:09:12.375,1.111,1.11107,1.00,1.00
2015.05.21 22:09:13.031,1.111,1.11106,1.00,1.00
2015.05.21 22:09:13.580,1.111,1.11107,1.50,1.00
2015.05.21 22:09:15.395,1.111,1.11106,1.00,1.00
2015.05.21 22:09:16.083,1.111,1.11107,1.50,1.00
2015.05.21 22:09:18.856,1.111,1.11106,1.00,1.00
2015.05.21 22:09:19.717,1.111,1.11107,1.50,1.00
2015.05.21 22:09:20.324,1.111,1.11106,1.00,1.00
2015.05.21 22:09:20.833,1.111,1.11107,1.00,2.25
2015.05.21 22:09:24.983,1.111,1.11106,1.00,1.00
2015.05.21 22:09:25.486,1.111,1.11107,1.00,1.50
2015.05.21 22:09:27.756,1.111,1.11106,1.00,1.00
2015.05.21 22:09:28.387,1.111,1.11107,1.00,1.50
2015.05.21 22:09:31.396,1.111,1.11106,1.00,1.00
2015.05.21 22:09:31.910,1.111,1.11107,1.50,1.50
2015.05.21 22:09:34.050,1.111,1.11106,1.00,1.00
2015.05.21 22:09:34.632,1.111,1.11107,1.50,1.50
2015.05.21 22:09:35.138,1.111,1.11106,1.00,1.00
2015.05.21 22:09:36.943,1.111,1.11107,1.00,2.25
2015.05.21 22:09:38.023,1.111,1.11106,1.00,1.00
2015.05.21 22:09:38.636,1.111,1.11107,1.00,1.00
2015.05.21 22:09:39.504,1.111,1.11106,1.00,1.00
2015.05.21 22:09:40.580,1.111,1.11107,1.00,1.50
2015.05.21 22:09:41.578,1.11099,1.11107,1.00,1.00
2015.05.21 22:09:43.360,1.11098,1.11106,4.50,1.00
2015.05.21 22:09:43.883,1.11099,1.11106,1.00,1.00
2015.05.21 22:09:44.397,1.11098,1.11106,2.25,1.00
2015.05.21 22:09:45.654,1.11098,1.11107,2.25,1.00
2015.05.21 22:09:46.584,1.11098,1.11106,2.25,1.00
2015.05.21 22:09:47.394,1.11098,1.11105,2.25,1.00
2015.05.21 22:09:47.998,1.11098,1.11106,2.25,1.00
2015.05.21 22:09:48.720,1.11098,1.11107,2.25,1.50
2015.05.21 22:09:49.238,1.11098,1.11103,3.00,1.00
2015.05.21 22:09:49.744,1.11098,1.11102,1.50,1.00
2015.05.21 22:09:55.450,1.11097,1.11102,3.00,1.00
2015.05.21 22:09:56.181,1.11097,1.11101,2.25,1.00
2015.05.21 22:09:57.445,1.11098,1.11101,1.00,1.00
2015.05.21 22:10:01.748,1.11098,1.11103,1.50,1.50
2015.05.21 22:10:03.993,1.11098,1.11104,1.50,1.50
2015.05.21 22:10:07.515,1.11098,1.11103,1.50,1.00
2015.05.21 22:10:09.838,1.11098,1.11104,1.50,1.50
2015.05.21 22:10:10.599,1.11098,1.11103,1.00,1.00
2015.05.21 22:10:12.389,1.11098,1.11104,1.00,1.50
2015.05.21 22:10:13.921,1.11098,1.11103,1.00,1.00
2015.05.21 22:10:14.444,1.11097,1.11103,1.00,1.50
2015.05.21 22:10:19.717,1.11097,1.11101,1.00,1.00
2015.05.21 22:10:20.259,1.11097,1.111,1.00,1.00
2015.05.21 22:10:20.911,1.11097,1.11101,1.00,1.00
2015.05.21 22:10:22.264,1.11097,1.11102,1.00,1.50
2015.05.21 22:10:22.770,1.11097,1.11101,1.00,1.00
2015.05.21 22:10:26.307,1.11097,1.11102,1.00,1.50
2015.05.21 22:10:26.992,1.11097,1.11101,1.00,1.00
2015.05.21 22:10:28.310,1.11097,1.11102,1.00,1.50
2015.05.21 22:10:28.949,1.11097,1.11101,1.00,1.00
2015.05.21 22:10:30.254,1.11097,1.11102,1.00,2.25
2015.05.21 22:10:30.763,1.11097,1.11101,1.00,1.00
2015.05.21 22:10:32.259,1.11097,1.11102,1.00,1.00
2015.05.21 22:10:32.814,1.11097,1.11101,1.00,1.00
2015.05.21 22:10:34.382,1.11097,1.11102,1.00,1.00
2015.05.21 22:10:34.716,1.11097,1.111,1.00,1.50
2015.05.21 22:10:36.320,1.11097,1.11102,1.00,1.00
2015.05.21 22:10:37.369,1.11096,1.11102,1.05,1.00
2015.05.21 22:10:38.320,1.11096,1.11101,1.05,1.00
2015.05.21 22:10:46.266,1.11098,1.11101,1.50,1.00
2015.05.21 22:10:46.807,1.11098,1.11102,1.50,1.00
2015.05.21 22:10:48.312,1.11098,1.11104,1.50,1.50
2015.05.21 22:10:52.274,1.11098,1.11102,1.50,1.00
2015.05.21 22:10:53.269,1.11098,1.11103,2.25,1.00
2015.05.21 22:10:53.791,1.11098,1.11102,2.25,1.50
2015.05.21 22:10:55.765,1.11098,1.11103,2.25,1.00
2015.05.21 22:11:01.591,1.11098,1.11103,3.26,1.00
2015.05.21 22:11:02.098,1.11098,1.11102,3.26,1.00
2015.05.21 22:11:02.606,1.11098,1.11103,3.26,1.00
2015.05.21 22:11:11.486,1.11098,1.11103,3.26,1.00
2015.05.21 22:11:11.790,1.111,1.11103,1.00,1.00
2015.05.21 22:11:19.641,1.111,1.11102,1.00,1.00
2015.05.21 22:11:21.621,1.111,1.11103,1.00,1.00
2015.05.21 22:11:23.157,1.111,1.11102,1.00,1.00
2015.05.21 22:11:23.703,1.111,1.11103,1.00,1.50
2015.05.21 22:11:42.790,1.111,1.11102,1.00,1.00
2015.05.21 22:11:44.978,1.111,1.11103,1.00,1.00
2015.05.21 22:11:47.138,1.111,1.11102,1.00,1.00
2015.05.21 22:11:49.139,1.111,1.11103,1.00,1.00
2015.05.21 22:12:00.779,1.111,1.11102,1.00,1.00
2015.05.21 22:12:03.208,1.111,1.11101,1.00,1.00
2015.05.21 22:12:05.188,1.111,1.11102,1.00,3.00
2015.05.21 22:12:07.172,1.111,1.11101,1.00,1.00
2015.05.21 22:12:09.149,1.111,1.11102,1.00,1.50
2015.05.21 22:12:10.905,1.111,1.11103,1.00,1.50
2015.05.21 22:12:11.411,1.111,1.11102,1.00,1.00
2015.05.21 22:12:12.021,1.111,1.11101,1.00,1.00
2015.05.21 22:12:13.252,1.111,1.11103,1.00,1.50
2015.05.21 22:12:23.369,1.111,1.11101,1.00,1.00
2015.05.21 22:12:25.205,1.111,1.11102,1.00,1.00
2015.05.21 22:12:27.195,1.111,1.11101,1.00,1.00
2015.05.21 22:12:27.714,1.111,1.11102,1.00,1.00
2015.05.21 22:12:28.077,1.111,1.11104,1.00,2.25
2015.05.21 22:12:37.516,1.111,1.11105,1.95,1.50
2015.05.21 22:12:43.329,1.11099,1.11104,1.95,1.50
2015.05.21 22:12:43.836,1.11098,1.11102,2.17,1.00
2015.05.21 22:12:45.800,1.11098,1.11103,2.17,1.00
2015.05.21 22:12:46.104,1.11098,1.11101,2.17,1.00
2015.05.21 22:12:46.673,1.11098,1.11101,2.17,1.00
2015.05.21 22:12:47.254,1.11098,1.11101,2.17,1.00
2015.05.21 22:12:47.868,1.11098,1.11103,2.17,1.00
2015.05.21 22:12:47.970,1.11098,1.11101,2.17,1.00
2015.05.21 22:12:49.876,1.11098,1.11103,2.17,1.00
2015.05.21 22:12:49.978,1.11098,1.11101,2.17,1.00
2015.05.21 22:12:51.854,1.11098,1.11104,2.17,1.50
2015.05.21 22:12:52.074,1.11098,1.11101,2.17,1.00
2015.05.21 22:12:54.003,1.11097,1.11102,4.05,1.00
2015.05.21 22:12:55.630,1.11097,1.11103,4.80,1.00
2015.05.21 22:12:57.581,1.11098,1.11102,1.75,1.00
2015.05.21 22:12:58.125,1.11097,1.11101,4.80,1.00
2015.05.21 22:12:59.875,1.11097,1.11102,4.80,1.00
2015.05.21 22:13:00.179,1.11097,1.11101,2.25,1.00
2015.05.21 22:13:00.689,1.11096,1.111,3.52,1.00
2015.05.21 22:13:01.180,1.11096,1.11102,3.52,2.25
2015.05.21 22:13:01.782,1.11097,1.11102,1.00,1.00
2015.05.21 22:13:04.297,1.11096,1.11101,3.52,1.00
2015.05.21 22:13:07.246,1.11095,1.11097,1.12,1.00
2015.05.21 22:13:07.696,1.1109,1.11095,1.87,1.00
2015.05.21 22:13:07.848,1.1109,1.11097,2.62,1.50
2015.05.21 22:13:08.901,1.11091,1.11097,1.00,1.00
2015.05.21 22:13:15.016,1.11088,1.11089,1.00,1.87
2015.05.21 22:13:15.118,1.11085,1.11086,2.02,1.87
2015.05.21 22:13:15.270,1.1108,1.11085,2.44,1.50
2015.05.21 22:13:15.321,1.1108,1.11085,2.25,1.50
2015.05.21 22:13:15.524,1.1108,1.11087,1.50,1.87
2015.05.21 22:13:15.576,1.11083,1.11088,1.65,2.62
2015.05.21 22:13:15.882,1.11076,1.11084,4.72,1.12
2015.05.21 22:13:16.236,1.11076,1.11088,4.72,3.37
2015.05.21 22:13:16.287,1.11078,1.11088,1.00,2.62
2015.05.21 22:13:16.794,1.11077,1.11088,1.00,1.87
2015.05.21 22:13:17.099,1.11079,1.11088,1.00,1.87
2015.05.21 22:13:17.302,1.11079,1.1109,1.00,5.25
2015.05.21 22:13:19.290,1.11079,1.11087,1.00,1.00
2015.05.21 22:13:19.829,1.11077,1.11086,1.00,1.12
2015.05.21 22:13:20.185,1.11077,1.11088,1.00,1.50
2015.05.21 22:13:20.704,1.11078,1.11088,1.00,1.50
2015.05.21 22:13:22.191,1.11077,1.11088,1.50,1.50
2015.05.21 22:13:23.023,1.11078,1.11088,1.00,1.50
2015.05.21 22:13:23.692,1.11077,1.11088,1.50,1.50
2015.05.21 22:13:24.210,1.11078,1.11088,1.00,1.50
2015.05.21 22:13:26.833,1.11077,1.11088,1.50,1.50
2015.05.21 22:13:27.355,1.11078,1.11088,1.00,1.50
2015.05.21 22:13:28.005,1.1108,1.11089,1.22,1.50
2015.05.21 22:13:28.781,1.11085,1.11091,1.42,1.00
2015.05.21 22:13:28.833,1.11086,1.11094,1.27,1.00
2015.05.21 22:13:29.343,1.11086,1.11095,1.27,1.00
2015.05.21 22:13:29.546,1.11086,1.11093,1.27,2.25
2015.05.21 22:13:29.750,1.11086,1.11095,1.27,1.87
2015.05.21 22:13:30.610,1.11086,1.11097,2.25,1.37
2015.05.21 22:13:30.966,1.11086,1.11094,2.02,3.00
2015.05.21 22:13:31.069,1.11084,1.11093,1.30,1.00
2015.05.21 22:13:31.938,1.11083,1.11093,1.52,1.50
2015.05.21 22:13:32.445,1.11086,1.11094,1.27,2.25
2015.05.21 22:13:33.026,1.11086,1.11094,1.65,2.25
2015.05.21 22:13:33.354,1.11087,1.11096,1.37,1.00
2015.05.21 22:13:33.557,1.11086,1.11098,4.20,3.00
2015.05.21 22:13:37.719,1.11086,1.11097,4.95,1.00
2015.05.21 22:13:38.941,1.11087,1.11098,2.62,3.00
2015.05.21 22:13:39.145,1.11092,1.11097,1.00,1.00
2015.05.21 22:13:39.964,1.11091,1.11097,1.00,1.00
2015.05.21 22:13:41.835,1.11091,1.11094,1.00,1.00
2015.05.21 22:13:41.886,1.11088,1.11094,13.11,1.50
2015.05.21 22:13:41.937,1.11088,1.11092,11.23,1.64
2015.05.21 22:13:42.664,1.11087,1.11092,1.00,2.89
2015.05.21 22:13:42.970,1.11085,1.11089,1.00,1.00
2015.05.21 22:13:43.534,1.11083,1.11089,1.22,1.00
2015.05.21 22:13:47.730,1.11083,1.11089,1.60,1.00
2015.05.21 22:13:47.883,1.11086,1.11091,1.50,1.00
2015.05.21 22:13:48.390,1.11086,1.11093,4.12,2.62
2015.05.21 22:13:49.480,1.11086,1.11093,4.12,1.87
2015.05.21 22:13:50.060,1.11086,1.11092,4.12,1.00
2015.05.21 22:13:56.411,1.11086,1.11093,4.12,2.62
2015.05.21 22:13:57.597,1.11086,1.11093,4.12,1.87
2015.05.21 22:13:58.211,1.11086,1.1109,1.87,1.87
2015.05.21 22:13:58.364,1.11081,1.11085,1.00,1.00
2015.05.21 22:13:58.979,1.1108,1.11085,1.00,1.12
2015.05.21 22:14:00.459,1.11078,1.11085,1.00,3.00
2015.05.21 22:14:02.322,1.11079,1.11085,1.00,2.62
2015.05.21 22:14:02.480,1.11079,1.11083,1.12,1.00
2015.05.21 22:14:10.654,1.11077,1.11083,1.59,1.00
2015.05.21 22:14:11.248,1.11077,1.11083,3.47,1.00
2015.05.21 22:14:12.365,1.11077,1.11083,2.72,1.00
2015.05.21 22:14:12.964,1.11077,1.11083,3.47,1.00
2015.05.21 22:14:15.175,1.11077,1.11083,2.72,1.00
2015.05.21 22:14:15.755,1.11077,1.11083,3.47,1.00
2015.05.21 22:14:17.206,1.11077,1.11084,3.47,1.50
2015.05.21 22:14:17.722,1.11077,1.11083,3.47,1.00
2015.05.21 22:14:21.292,1.11078,1.11083,1.12,1.00
2015.05.21 22:14:21.826,1.11078,1.11083,1.09,1.00
2015.05.21 22:14:22.670,1.11078,1.11083,1.12,1.00
2015.05.21 22:14:23.299,1.11078,1.11083,1.09,1.00
2015.05.21 22:14:24.782,1.11079,1.11085,1.12,1.00
2015.05.21 22:14:25.305,1.1108,1.11086,1.12,1.00
2015.05.21 22:14:26.293,1.1108,1.11087,1.12,1.00
2015.05.21 22:14:29.024,1.11081,1.11087,1.00,1.00
2015.05.21 22:14:29.556,1.11081,1.11088,1.00,2.25
2015.05.21 22:14:30.092,1.11081,1.11087,1.00,1.00
2015.05.21 22:14:30.782,1.1108,1.11087,1.22,1.50
2015.05.21 22:14:32.038,1.1108,1.11088,2.81,1.50
2015.05.21 22:14:32.544,1.1108,1.11087,1.22,2.25
2015.05.21 22:14:36.251,1.1108,1.11088,2.06,3.00
2015.05.21 22:14:36.871,1.1108,1.11087,1.31,2.25
2015.05.21 22:14:39.859,1.1108,1.11088,1.22,2.25
2015.05.21 22:14:40.395,1.1108,1.11087,1.22,1.50
2015.05.21 22:14:40.711,1.1108,1.11091,1.12,4.12
2015.05.21 22:14:41.624,1.1108,1.11091,2.44,1.87
2015.05.21 22:14:42.236,1.11081,1.11092,1.59,1.00
2015.05.21 22:14:42.767,1.11082,1.11093,1.00,4.12
2015.05.21 22:14:43.370,1.11082,1.11093,1.09,3.75
2015.05.21 22:14:44.843,1.11083,1.11093,1.09,2.25
2015.05.21 22:14:46.284,1.11081,1.11093,2.34,3.00
2015.05.21 22:14:46.790,1.11081,1.11093,2.34,3.00
2015.05.21 22:14:47.307,1.11082,1.11093,1.09,3.00
2015.05.21 22:14:47.986,1.11082,1.11093,1.09,3.00
2015.05.21 22:14:48.832,1.11082,1.11092,1.09,1.37
2015.05.21 22:14:49.887,1.11082,1.11092,1.09,1.37
2015.05.21 22:14:50.389,1.11082,1.11092,1.09,1.37
2015.05.21 22:14:51.742,1.11082,1.11093,1.39,4.12
2015.05.21 22:14:51.895,1.11086,1.11093,1.50,1.50
2015.05.21 22:14:52.047,1.11084,1.11093,1.12,2.62
2015.05.21 22:14:52.556,1.11086,1.11093,1.00,2.62
2015.05.21 22:14:53.078,1.11086,1.11095,2.25,1.50
2015.05.21 22:14:53.587,1.11083,1.11094,1.09,1.12
2015.05.21 22:14:55.499,1.11083,1.11093,1.59,1.00
2015.05.21 22:14:56.711,1.11082,1.11093,1.09,2.25
2015.05.21 22:14:57.262,1.11083,1.11093,1.09,2.25
2015.05.21 22:15:00.228,1.11081,1.11092,1.09,1.00
2015.05.21 22:15:02.131,1.11081,1.1109,1.09,1.00
2015.05.21 22:15:02.182,1.11081,1.1109,1.00,1.00
2015.05.21 22:15:06.850,1.11081,1.11091,1.00,1.12
2015.05.21 22:15:07.387,1.11081,1.11091,1.00,1.37
2015.05.21 22:15:07.843,1.11081,1.11092,1.00,1.50
2015.05.21 22:15:16.109,1.11081,1.11093,2.25,2.62
2015.05.21 22:15:18.095,1.11081,1.11092,1.00,1.50
2015.05.21 22:15:18.605,1.11081,1.11093,2.25,2.25
2015.05.21 22:15:19.362,1.11081,1.11093,2.25,2.62
2015.05.21 22:15:20.867,1.11081,1.11093,2.25,2.62
2015.05.21 22:15:25.116,1.11081,1.11092,2.25,1.00
2015.05.21 22:15:26.908,1.11081,1.11093,2.25,3.00
2015.05.21 22:15:33.799,1.11082,1.11093,1.00,2.25
2015.05.21 22:15:34.244,1.11083,1.11093,1.00,2.62
2015.05.21 22:15:34.863,1.11083,1.11092,1.00,1.12
2015.05.21 22:15:36.073,1.11082,1.11092,1.50,1.37
2015.05.21 22:15:36.671,1.11083,1.11092,1.00,1.37
2015.05.21 22:15:36.874,1.11083,1.11093,1.00,3.00
2015.05.21 22:15:42.194,1.11082,1.11093,1.00,3.75
2015.05.21 22:15:42.908,1.11082,1.11092,1.00,1.37
2015.05.21 22:15:44.144,1.11082,1.11093,1.00,3.37
2015.05.21 22:15:45.848,1.11082,1.11093,1.00,3.37
2015.05.21 22:15:47.137,1.11082,1.11092,1.00,2.25
2015.05.21 22:15:47.858,1.11082,1.11092,1.00,2.62
2015.05.21 22:15:48.506,1.11081,1.11092,2.25,1.50
2015.05.21 22:15:49.067,1.11082,1.11092,1.00,1.50
2015.05.21 22:15:49.569,1.11082,1.11092,1.00,1.87
2015.05.21 22:15:50.571,1.11082,1.11092,1.00,2.25
2015.05.21 22:15:51.124,1.11081,1.11092,2.25,2.62
2015.05.21 22:15:51.782,1.11082,1.11092,1.00,2.62
2015.05.21 22:15:53.421,1.11081,1.11092,2.25,2.62
2015.05.21 22:15:54.075,1.11082,1.11092,1.00,2.25
2015.05.21 22:15:54.579,1.11082,1.11092,1.00,2.62
2015.05.21 22:15:55.601,1.11082,1.11092,1.00,2.62
2015.05.21 22:15:56.135,1.11082,1.11092,1.00,1.87
2015.05.21 22:15:56.663,1.11082,1.11092,1.00,2.62
2015.05.21 22:15:59.575,1.11081,1.11091,1.50,1.37
2015.05.21 22:16:00.076,1.11082,1.11091,1.00,1.37
2015.05.21 22:16:03.302,1.11082,1.11091,1.00,1.12
2015.05.21 22:16:04.192,1.11082,1.11092,1.00,1.12
2015.05.21 22:16:04.801,1.11082,1.11091,1.00,1.00
2015.05.21 22:16:05.555,1.11082,1.11092,1.00,2.62
2015.05.21 22:16:06.114,1.11082,1.11091,1.00,1.00
2015.05.21 22:16:06.620,1.11082,1.11092,1.00,2.62
2015.05.21 22:16:10.632,1.11082,1.11091,1.00,1.00
2015.05.21 22:16:11.140,1.11081,1.11092,1.50,2.25
2015.05.21 22:16:12.095,1.11082,1.11093,1.00,4.12
2015.05.21 22:16:12.837,1.11082,1.11091,1.00,1.00
2015.05.21 22:16:14.263,1.11081,1.11092,1.50,3.00
2015.05.21 22:16:14.769,1.11082,1.11091,1.00,1.00
2015.05.21 22:16:15.955,1.11082,1.11092,1.00,3.37
2015.05.21 22:16:16.611,1.11082,1.11091,1.00,1.00
2015.05.21 22:16:17.120,1.11082,1.11092,1.00,3.00
2015.05.21 22:16:17.818,1.11081,1.11092,1.50,3.00
2015.05.21 22:16:18.533,1.11082,1.11092,1.00,3.00
2015.05.21 22:16:20.176,1.11082,1.11092,1.00,2.62
2015.05.21 22:16:20.227,1.1108,1.11091,7.50,1.00
2015.05.21 22:16:20.734,1.11081,1.11091,1.50,1.00
2015.05.21 22:16:24.577,1.11081,1.11091,1.00,1.37
2015.05.21 22:16:25.291,1.11081,1.11091,1.00,1.12
2015.05.21 22:16:25.921,1.1108,1.11091,4.87,1.37
2015.05.21 22:16:26.492,1.11081,1.11091,1.00,1.50
2015.05.21 22:16:32.549,1.1108,1.11091,3.37,1.50
2015.05.21 22:16:34.300,1.11081,1.1109,1.00,1.00
2015.05.21 22:16:36.406,1.1108,1.1109,3.37,1.00
2015.05.21 22:16:37.141,1.11081,1.1109,1.50,1.00
2015.05.21 22:16:38.102,1.11081,1.11091,1.50,1.87
2015.05.21 22:16:38.607,1.11081,1.11091,1.00,1.87
2015.05.21 22:16:40.080,1.1108,1.1109,5.62,1.00
2015.05.21 22:16:40.701,1.11081,1.11091,1.00,1.87
2015.05.21 22:16:44.348,1.11081,1.11092,1.50,3.37
2015.05.21 22:16:45.298,1.11081,1.11092,1.50,2.25
2015.05.21 22:16:46.400,1.11081,1.11093,3.75,3.37
2015.05.21 22:16:48.231,1.11083,1.11093,1.39,2.62
2015.05.21 22:16:48.535,1.11088,1.11094,1.00,1.37
2015.05.21 22:16:49.261,1.11089,1.11094,1.00,1.00
2015.05.21 22:16:51.197,1.11088,1.11095,1.00,1.12
2015.05.21 22:17:01.406,1.11087,1.11094,1.00,1.87
2015.05.21 22:17:01.457,1.11084,1.11094,1.00,2.25
2015.05.21 22:17:01.962,1.11083,1.11093,1.50,1.50
2015.05.21 22:17:03.252,1.11082,1.11094,2.25,2.62
2015.05.21 22:17:06.514,1.11082,1.11093,1.50,2.25
2015.05.21 22:17:07.508,1.11082,1.11093,1.50,2.25
2015.05.21 22:17:08.791,1.11081,1.11093,5.62,1.87
2015.05.21 22:17:09.257,1.11083,1.11093,1.00,1.87
2015.05.21 22:17:11.456,1.11083,1.11092,1.00,1.00
2015.05.21 22:17:13.299,1.11083,1.11093,1.00,2.25
2015.05.21 22:17:13.961,1.11083,1.11092,1.00,1.50
2015.05.21 22:17:15.280,1.11083,1.11093,1.00,2.25
2015.05.21 22:17:17.176,1.11082,1.11093,1.00,2.62
2015.05.21 22:17:17.683,1.11081,1.11092,1.50,1.00
2015.05.21 22:17:18.213,1.11081,1.11093,1.50,2.62
2015.05.21 22:17:19.583,1.11082,1.11093,1.12,2.62
2015.05.21 22:17:20.113,1.11083,1.11091,1.12,1.00
2015.05.21 22:17:21.809,1.11084,1.11092,1.00,1.00
2015.05.21 22:17:29.532,1.11085,1.11092,1.00,1.00
2015.05.21 22:17:31.524,1.11084,1.11092,1.00,1.00
2015.05.21 22:17:36.061,1.11085,1.11092,1.00,1.00
2015.05.21 22:17:36.786,1.11087,1.11094,1.50,1.00
2015.05.21 22:17:37.039,1.11088,1.11096,1.50,1.00
2015.05.21 22:17:37.545,1.11089,1.11096,1.00,1.50
2015.05.21 22:17:38.178,1.11088,1.11096,1.50,1.50
2015.05.21 22:17:38.694,1.11089,1.11096,1.00,1.50
2015.05.21 22:17:47.124,1.1109,1.11096,1.00,1.00
2015.05.21 22:17:48.679,1.11089,1.11096,1.00,1.00
2015.05.21 22:17:50.127,1.1109,1.11096,1.00,1.00
2015.05.21 22:18:00.457,1.11088,1.11096,1.50,1.00
2015.05.21 22:18:04.570,1.1109,1.11098,1.00,1.50
2015.05.21 22:18:51.946,1.11091,1.11098,1.00,1.00
2015.05.21 22:18:52.577,1.11092,1.11098,1.00,1.00
2015.05.21 22:18:53.454,1.11091,1.11098,1.00,1.00
2015.05.21 22:18:54.152,1.1109,1.11098,1.50,1.00
2015.05.21 22:18:55.511,1.11092,1.11098,1.00,1.00
2015.05.21 22:18:57.419,1.1109,1.11098,1.50,1.00
2015.05.21 22:18:58.085,1.11092,1.11098,1.00,1.50
2015.05.21 22:18:59.456,1.11091,1.11098,1.00,1.50
2015.05.21 22:19:00.177,1.11092,1.11098,1.00,1.50
2015.05.21 22:19:01.452,1.1109,1.11098,1.50,1.50
2015.05.21 22:19:02.131,1.11092,1.11098,1.00,1.50
2015.05.21 22:19:03.613,1.11091,1.11098,1.00,1.00
2015.05.21 22:19:03.918,1.11096,1.111,4.87,1.00
2015.05.21 22:19:03.969,1.11096,1.11102,4.87,2.25
2015.05.21 22:19:04.476,1.11096,1.11101,3.09,1.00
2015.05.21 22:19:05.210,1.11096,1.11101,1.59,1.00
2015.05.21 22:19:09.442,1.11097,1.11104,1.59,1.57
2015.05.21 22:19:09.543,1.11099,1.11105,1.00,1.00
2015.05.21 22:19:10.106,1.111,1.11106,1.00,1.00
2015.05.21 22:19:10.613,1.111,1.11107,1.00,2.25
2015.05.21 22:19:20.515,1.11101,1.11107,1.00,1.00
2015.05.21 22:19:21.017,1.111,1.11107,1.50,1.00
2015.05.21 22:19:21.615,1.11101,1.11107,1.00,1.00
2015.05.21 22:19:24.820,1.11102,1.11108,2.25,1.00
2015.05.21 22:19:25.332,1.11102,1.11107,1.00,1.00
2015.05.21 22:19:25.837,1.111,1.11107,1.50,1.00
2015.05.21 22:20:25.409,1.111,1.11108,1.00,1.50
2015.05.21 22:20:31.051,1.111,1.11107,1.00,1.00
2015.05.21 22:20:31.802,1.11099,1.11107,1.87,1.00
2015.05.21 22:20:35.340,1.11101,1.11107,1.00,1.00
2015.05.21 22:20:35.854,1.11102,1.11108,1.00,1.00
2015.05.21 22:20:39.446,1.11101,1.11108,1.50,1.00
2015.05.21 22:20:39.954,1.11102,1.11108,1.00,1.00
2015.05.21 22:20:43.359,1.11101,1.11108,1.50,1.50
2015.05.21 22:20:44.010,1.11102,1.11108,1.00,1.00
2015.05.21 22:20:45.375,1.11101,1.11108,1.00,1.00
2015.05.21 22:20:47.184,1.11102,1.11108,1.00,1.00
2015.05.21 22:20:53.378,1.11101,1.11108,1.50,1.00
2015.05.21 22:20:53.929,1.11102,1.11108,1.00,1.00
2015.05.21 22:20:57.188,1.11101,1.11108,1.50,1.50
2015.05.21 22:20:57.919,1.11102,1.11108,1.00,1.00
2015.05.21 22:20:59.197,1.11101,1.11108,1.50,1.50
2015.05.21 22:20:59.791,1.11102,1.11108,1.00,1.00
2015.05.21 22:21:03.302,1.11101,1.11108,1.00,1.50
2015.05.21 22:21:03.843,1.11102,1.11108,1.00,1.00
2015.05.21 22:21:05.219,1.11101,1.11108,1.00,1.50
2015.05.21 22:21:05.756,1.11102,1.11108,1.00,1.00
2015.05.21 22:21:08.918,1.11101,1.11108,1.00,1.00
2015.05.21 22:21:09.424,1.11102,1.11108,1.00,1.00
2015.05.21 22:21:11.925,1.11101,1.11108,1.00,1.00
2015.05.21 22:21:12.644,1.11102,1.11108,1.00,1.00
2015.05.21 22:21:15.210,1.11101,1.11108,1.50,1.50
2015.05.21 22:21:15.812,1.11102,1.11108,1.00,1.00
2015.05.21 22:21:17.756,1.11101,1.11108,1.00,1.00
2015.05.21 22:21:18.259,1.11102,1.11108,1.00,1.00
2015.05.21 22:21:20.084,1.11101,1.11108,1.00,1.00
2015.05.21 22:21:20.632,1.11102,1.11108,1.00,1.00
2015.05.21 22:21:23.199,1.11101,1.11108,1.50,1.50
2015.05.21 22:21:23.929,1.11102,1.11108,1.00,1.00
2015.05.21 22:21:24.753,1.11101,1.11108,1.50,1.00
2015.05.21 22:21:25.260,1.11102,1.11108,1.00,1.50
2015.05.21 22:21:27.539,1.11101,1.11108,1.00,1.00
2015.05.21 22:21:28.051,1.11102,1.11108,1.00,1.00
2015.05.21 22:21:31.492,1.111,1.11108,1.50,3.00
2015.05.21 22:21:37.379,1.11099,1.11108,1.87,1.50
2015.05.21 22:21:38.056,1.111,1.11108,1.00,2.25
2015.05.21 22:21:39.783,1.11099,1.11108,1.87,1.50
2015.05.21 22:21:40.588,1.111,1.11108,1.00,2.25
2015.05.21 22:21:45.510,1.11099,1.11108,1.87,1.50
2015.05.21 22:21:46.080,1.111,1.11108,1.00,2.25
2015.05.21 22:21:47.820,1.111,1.11107,1.00,1.00
2015.05.21 22:21:49.225,1.11099,1.11107,2.62,1.00
2015.05.21 22:21:49.751,1.111,1.11107,1.00,1.00
2015.05.21 22:21:54.966,1.11099,1.11107,2.62,1.00
2015.05.21 22:21:55.503,1.111,1.11107,1.00,1.00
2015.05.21 22:21:59.374,1.11099,1.11107,2.62,1.00
2015.05.21 22:22:00.060,1.111,1.11107,1.00,1.00
2015.05.21 22:22:01.467,1.11099,1.11107,2.62,1.00
2015.05.21 22:22:02.201,1.111,1.11107,1.00,1.00
2015.05.21 22:22:05.507,1.11099,1.11107,2.62,1.00
2015.05.21 22:22:06.402,1.111,1.11107,1.00,1.00
2015.05.21 22:22:08.339,1.11099,1.11107,2.62,1.00
2015.05.21 22:22:08.847,1.111,1.11107,1.00,1.00
2015.05.21 22:22:14.019,1.11099,1.11107,2.62,1.00
2015.05.21 22:22:14.822,1.111,1.11107,1.00,1.00
2015.05.21 22:22:25.502,1.11102,1.11107,1.00,1.00
2015.05.21 22:22:27.916,1.11101,1.11107,1.00,1.00
2015.05.21 22:22:28.420,1.11102,1.11107,1.00,1.00
2015.05.21 22:22:30.939,1.11102,1.11108,1.00,1.00
2015.05.21 22:22:31.490,1.11101,1.11108,1.00,1.00
2015.05.21 22:22:32.036,1.111,1.11108,1.50,2.25
2015.05.21 22:23:06.579,1.111,1.11107,1.00,1.00
2015.05.21 22:23:07.954,1.11099,1.11107,2.25,1.00
2015.05.21 22:23:08.457,1.111,1.11107,1.00,1.50
2015.05.21 22:23:09.006,1.11099,1.11107,1.50,1.50
2015.05.21 22:23:09.635,1.111,1.11107,1.00,1.50
2015.05.21 22:23:10.257,1.11099,1.11107,1.50,1.50
2015.05.21 22:23:10.795,1.111,1.11107,1.00,1.50
2015.05.21 22:23:11.300,1.11099,1.11107,3.00,1.00
2015.05.21 22:23:11.804,1.111,1.11107,1.00,1.00
2015.05.21 22:23:13.778,1.11099,1.11107,3.00,1.50
2015.05.21 22:23:14.438,1.111,1.11107,1.00,1.50
2015.05.21 22:23:15.886,1.11099,1.11107,3.00,1.50
2015.05.21 22:23:16.511,1.111,1.11107,1.00,1.50
2015.05.21 22:23:17.780,1.11099,1.11107,2.25,1.50
2015.05.21 22:23:20.008,1.111,1.11107,1.00,1.00
2015.05.21 22:23:20.696,1.11099,1.11107,3.00,1.00
2015.05.21 22:23:21.273,1.111,1.11107,1.00,1.00
2015.05.21 22:23:22.176,1.11099,1.11107,3.00,1.50
2015.05.21 22:23:22.994,1.111,1.11107,1.00,1.50
2015.05.21 22:23:23.896,1.11099,1.11107,3.00,1.50
2015.05.21 22:23:24.649,1.111,1.11107,1.00,1.00
2015.05.21 22:23:36.322,1.11099,1.11107,3.00,1.50
2015.05.21 22:23:37.413,1.111,1.11107,1.00,1.50
2015.05.21 22:23:41.850,1.11099,1.11107,3.00,1.50
2015.05.21 22:23:42.431,1.111,1.11107,1.00,1.50
2015.05.21 22:23:43.253,1.11099,1.11107,3.00,1.50
2015.05.21 22:23:43.930,1.111,1.11107,1.00,1.50
2015.05.21 22:23:46.952,1.11099,1.11107,3.00,1.50
2015.05.21 22:23:47.591,1.111,1.11107,1.00,1.50
2015.05.21 22:23:51.888,1.11099,1.11107,3.00,1.50
2015.05.21 22:23:52.674,1.111,1.11107,1.00,1.50
2015.05.21 22:23:57.860,1.11099,1.11107,3.00,1.50
2015.05.21 22:23:58.391,1.111,1.11107,1.00,1.50
2015.05.21 22:24:03.777,1.11101,1.11107,1.00,1.00
2015.05.21 22:24:04.822,1.111,1.11107,2.25,1.00
2015.05.21 22:24:05.411,1.11101,1.11107,1.00,1.00
2015.05.21 22:24:06.381,1.111,1.11107,2.25,1.50
2015.05.21 22:24:06.980,1.11101,1.11107,1.00,1.00
2015.05.21 22:24:11.518,1.111,1.11108,1.50,3.00
2015.05.21 22:24:14.067,1.11101,1.11108,1.00,1.00
2015.05.21 22:24:14.422,1.11105,1.11109,1.00,1.00
2015.05.21 22:24:15.706,1.11106,1.11109,1.00,1.00
2015.05.21 22:24:16.036,1.11107,1.11111,1.00,3.37
2015.05.21 22:24:16.087,1.11108,1.11109,1.00,1.00
2015.05.21 22:24:16.189,1.11105,1.11109,1.50,1.50
2015.05.21 22:24:16.290,1.11103,1.11109,1.50,1.00
2015.05.21 22:24:17.622,1.11103,1.1111,2.25,1.87
2015.05.21 22:24:32.386,1.11102,1.1111,1.00,2.25
2015.05.21 22:24:39.285,1.11103,1.1111,1.00,1.50
2015.05.21 22:24:41.022,1.11102,1.1111,1.00,1.50
2015.05.21 22:24:42.328,1.11103,1.1111,1.00,1.50
2015.05.21 22:24:43.304,1.11103,1.11111,1.00,9.37
2015.05.21 22:24:43.655,1.11102,1.1111,1.00,1.87
2015.05.21 22:24:46.803,1.11102,1.1111,1.50,3.00
2015.05.21 22:24:48.303,1.11101,1.1111,3.00,1.50
2015.05.21 22:24:49.064,1.11102,1.11111,1.00,10.12
2015.05.21 22:24:49.630,1.11102,1.1111,1.50,2.25
2015.05.21 22:24:52.302,1.11102,1.1111,1.00,2.62
2015.05.21 22:24:53.097,1.11101,1.1111,3.00,2.62
2015.05.21 22:24:53.717,1.11102,1.1111,1.00,3.37
2015.05.21 22:24:54.370,1.11103,1.1111,1.00,3.37
2015.05.21 22:24:57.324,1.11102,1.1111,1.00,3.37
2015.05.21 22:24:58.025,1.11101,1.1111,3.75,2.62
2015.05.21 22:24:58.626,1.11102,1.1111,1.00,3.37
2015.05.21 22:24:59.736,1.11101,1.1111,3.75,2.62
2015.05.21 22:25:00.256,1.11102,1.1111,1.00,3.37
2015.05.21 22:25:03.790,1.11101,1.11108,2.25,1.37
2015.05.21 22:25:04.890,1.11102,1.11108,1.00,1.37
2015.05.21 22:25:05.684,1.11101,1.11108,2.25,1.37
2015.05.21 22:25:07.161,1.11102,1.11108,1.00,1.37
2015.05.21 22:25:09.164,1.11101,1.11108,2.25,1.37
2015.05.21 22:25:10.002,1.11102,1.11108,1.00,1.37
2015.05.21 22:25:10.663,1.11102,1.11108,1.00,1.37
2015.05.21 22:25:11.212,1.11101,1.11108,2.25,1.37
2015.05.21 22:25:11.754,1.11102,1.11108,1.00,1.37
2015.05.21 22:25:14.676,1.11102,1.11108,1.00,1.37
2015.05.21 22:25:17.522,1.11102,1.11108,1.00,1.37
2015.05.21 22:25:21.321,1.11101,1.11108,2.25,1.37
2015.05.21 22:25:21.898,1.11102,1.11108,1.00,1.37
2015.05.21 22:25:23.354,1.11102,1.11108,1.00,1.00
2015.05.21 22:25:25.779,1.11102,1.11108,1.00,1.37
2015.05.21 22:25:27.430,1.11101,1.11108,2.25,1.37
2015.05.21 22:25:27.932,1.11102,1.11108,1.00,1.37
2015.05.21 22:25:31.377,1.11101,1.11108,1.50,1.87
2015.05.21 22:25:31.915,1.11102,1.11108,1.00,1.87
2015.05.21 22:25:32.668,1.11101,1.11108,1.50,1.87
2015.05.21 22:25:49.936,1.11101,1.11108,1.50,1.12
2015.05.21 22:25:53.951,1.11101,1.11107,1.00,1.00
2015.05.21 22:25:54.543,1.111,1.11106,1.00,1.00
2015.05.21 22:25:55.052,1.11099,1.11105,1.50,1.00
2015.05.21 22:25:57.632,1.11099,1.11104,1.00,1.00
2015.05.21 22:25:59.341,1.11099,1.11105,1.00,2.62
2015.05.21 22:25:59.649,1.11098,1.11103,1.50,1.00
2015.05.21 22:26:00.502,1.11097,1.11103,4.50,1.00
2015.05.21 22:26:01.602,1.11098,1.11103,1.50,1.00
2015.05.21 22:26:56.210,1.11097,1.11103,4.50,2.25
2015.05.21 22:26:56.760,1.11098,1.11103,3.00,2.25
2015.05.21 22:28:10.598,1.11098,1.111,3.00,1.50
2015.05.21 22:28:15.343,1.11098,1.11099,3.00,1.00
2015.05.21 22:28:15.647,1.11089,1.11092,1.12,1.00
2015.05.21 22:28:15.748,1.11093,1.11095,1.86,7.87
2015.05.21 22:28:15.951,1.11095,1.11098,1.56,1.00
2015.05.21 22:28:17.540,1.11093,1.11095,1.62,1.00
2015.05.21 22:28:17.591,1.11092,1.11095,1.52,2.25
2015.05.21 22:28:18.156,1.1109,1.11095,2.74,2.25
2015.05.21 22:28:19.064,1.1109,1.11095,3.87,3.15
2015.05.21 22:28:20.273,1.11089,1.11094,3.43,1.50
2015.05.21 22:28:20.780,1.1109,1.11098,3.12,3.30
2015.05.21 22:28:21.289,1.1109,1.11098,3.12,2.70
2015.05.21 22:28:25.476,1.1109,1.11097,2.74,1.50
2015.05.21 22:28:25.780,1.1109,1.11098,2.74,3.75
2015.05.21 22:28:26.186,1.1109,1.11095,2.62,1.50
2015.05.21 22:28:26.809,1.11088,1.11095,4.87,1.50
2015.05.21 22:28:27.355,1.11088,1.11095,4.12,1.50
2015.05.21 22:28:31.368,1.11088,1.11095,3.75,1.50
2015.05.21 22:28:35.911,1.11089,1.11095,1.50,1.50
2015.05.21 22:28:38.221,1.11089,1.11095,1.87,1.50
2015.05.21 22:28:39.701,1.11088,1.11096,2.62,1.50
2015.05.21 22:28:44.157,1.11088,1.11096,3.37,1.50
2015.05.21 22:28:44.688,1.11088,1.11095,3.37,1.50
2015.05.21 22:29:11.166,1.11088,1.11096,3.00,1.50
2015.05.21 22:29:29.529,1.11088,1.11094,2.25,1.00
2015.05.21 22:29:29.580,1.11086,1.11094,1.10,2.25
2015.05.21 22:29:29.733,1.11085,1.11092,1.95,1.00
2015.05.21 22:29:30.038,1.11082,1.11089,1.22,2.25
2015.05.21 22:29:30.545,1.11083,1.11088,1.15,1.00
2015.05.21 22:29:32.717,1.11083,1.11089,1.15,2.25
2015.05.21 22:29:33.287,1.11083,1.11089,1.90,2.25
2015.05.21 22:29:34.835,1.11083,1.11089,1.90,2.25
2015.05.21 22:29:36.026,1.11083,1.11089,1.90,2.25
2015.05.21 22:29:36.788,1.11083,1.11088,1.15,1.00
2015.05.21 22:29:37.350,1.11083,1.11088,1.15,1.00
2015.05.21 22:29:39.045,1.11083,1.11089,1.15,1.50
2015.05.21 22:29:43.562,1.11082,1.11089,1.40,1.50
2015.05.21 22:29:44.243,1.11081,1.11089,3.02,1.50
2015.05.21 22:29:47.665,1.11082,1.11089,1.40,1.50
2015.05.21 22:29:48.194,1.11082,1.11089,1.40,1.50
2015.05.21 22:29:51.343,1.11082,1.11087,1.40,1.00
2015.05.21 22:29:51.657,1.11082,1.11089,1.90,2.25
2015.05.21 22:29:52.178,1.11082,1.11089,1.90,2.25
2015.05.21 22:29:55.423,1.11082,1.11089,1.40,2.25
2015.05.21 22:29:57.439,1.11082,1.11089,1.90,2.25
2015.05.21 22:29:59.457,1.11082,1.11089,1.90,2.25
2015.05.21 22:29:59.559,1.11082,1.11089,3.77,2.25
2015.05.21 22:29:59.712,1.11088,1.11092,3.75,1.50
2015.05.21 22:30:00.218,1.11089,1.11093,1.00,1.00
2015.05.21 22:30:00.740,1.11089,1.11094,1.50,1.00
2015.05.21 22:30:03.431,1.11089,1.11095,1.00,1.50
2015.05.21 22:30:05.319,1.11088,1.11095,3.75,1.50
2015.05.21 22:30:11.172,1.11088,1.11094,3.75,1.00
2015.05.21 22:30:11.781,1.11089,1.11094,1.00,1.00
2015.05.21 22:30:15.325,1.11088,1.11094,3.37,1.00
2015.05.21 22:30:16.080,1.11091,1.11094,1.00,1.00
2015.05.21 22:30:34.001,1.11089,1.11094,4.12,1.00
2015.05.21 22:30:35.687,1.11089,1.11094,1.00,1.00
2015.05.21 22:30:36.225,1.11088,1.11095,1.50,1.00
2015.05.21 22:30:44.108,1.11088,1.11094,1.50,1.50
2015.05.21 22:30:44.161,1.11088,1.11092,1.50,1.00
2015.05.21 22:30:46.439,1.11087,1.11092,3.75,1.00
2015.05.21 22:30:51.073,1.11088,1.11092,1.50,1.00
2015.05.21 22:30:56.479,1.11088,1.11089,1.50,1.00
2015.05.21 22:30:56.530,1.11082,1.11088,1.40,1.00
2015.05.21 22:30:57.478,1.11081,1.11086,1.90,1.00
2015.05.21 22:30:58.680,1.11081,1.11086,1.90,1.00
2015.05.21 22:30:59.189,1.11081,1.11086,1.90,1.00
2015.05.21 22:31:02.324,1.11081,1.11086,1.50,1.00
2015.05.21 22:31:04.204,1.11081,1.11088,1.87,3.00
2015.05.21 22:31:07.796,1.11082,1.11088,1.00,1.00
2015.05.21 22:31:07.848,1.11082,1.11088,1.37,1.00
2015.05.21 22:31:08.437,1.11082,1.11089,2.34,1.00
2015.05.21 22:31:08.641,1.11082,1.11089,1.50,1.50
2015.05.21 22:31:16.872,1.11082,1.11089,1.84,1.50
2015.05.21 22:31:17.277,1.11083,1.1109,1.12,1.50
2015.05.21 22:31:19.503,1.11081,1.11088,2.62,1.00
2015.05.21 22:31:20.675,1.11081,1.11088,2.62,1.00
2015.05.21 22:32:18.668,1.11081,1.11087,1.37,1.00
2015.05.21 22:32:20.657,1.1108,1.11087,2.25,1.50
2015.05.21 22:32:22.829,1.1108,1.11088,3.75,2.25
2015.05.21 22:32:23.470,1.1108,1.11087,4.50,2.25
2015.05.21 22:32:24.947,1.1108,1.11086,4.50,1.00
2015.05.21 22:32:26.786,1.1108,1.11087,4.50,2.25
2015.05.21 22:32:27.361,1.11081,1.11087,1.00,2.25
2015.05.21 22:32:28.325,1.1108,1.11087,3.00,2.25
2015.05.21 22:32:28.829,1.11081,1.11087,1.00,2.25
2015.05.21 22:32:31.261,1.1108,1.11087,4.50,2.25
2015.05.21 22:32:32.637,1.11081,1.11087,1.00,2.25
2015.05.21 22:32:33.150,1.1108,1.11087,3.37,3.00
2015.05.21 22:32:33.657,1.1108,1.11086,1.50,1.00
2015.05.21 22:32:34.995,1.1108,1.11087,2.25,1.00
2015.05.21 22:32:52.125,1.1108,1.11086,2.77,1.00
2015.05.21 22:32:54.998,1.11081,1.11086,1.00,1.50
2015.05.21 22:32:55.512,1.1108,1.11086,1.27,2.25
2015.05.21 22:32:59.098,1.1108,1.11085,1.37,1.00
2015.05.21 22:32:59.199,1.1108,1.11087,1.37,3.00
2015.05.21 22:33:00.519,1.1108,1.11087,1.00,4.50
2015.05.21 22:33:00.672,1.11078,1.11085,3.52,1.00
2015.05.21 22:33:02.867,1.11077,1.11082,1.50,1.00
2015.05.21 22:33:03.071,1.1107,1.11079,3.00,1.50
2015.05.21 22:33:03.783,1.1107,1.11078,1.50,3.00
2015.05.21 22:33:04.292,1.11068,1.11077,3.90,2.25
2015.05.21 22:33:13.230,1.1107,1.11078,1.00,3.00
2015.05.21 22:33:14.775,1.1107,1.11077,1.00,1.00
2015.05.21 22:33:15.301,1.1107,1.11078,1.00,1.50
2015.05.21 22:33:17.414,1.11069,1.11078,1.50,1.50
2015.05.21 22:33:18.021,1.11069,1.11078,1.37,1.50
2015.05.21 22:33:18.224,1.11068,1.11078,4.50,2.25
2015.05.21 22:33:19.947,1.11069,1.11078,1.00,2.25
2015.05.21 22:33:20.699,1.11068,1.11078,1.50,2.25
2015.05.21 22:33:25.101,1.11067,1.11078,3.52,2.25
2015.05.21 22:33:25.650,1.11068,1.11078,1.50,2.25
2015.05.21 22:33:29.017,1.11067,1.11078,3.52,2.25
2015.05.21 22:33:30.415,1.11068,1.11078,1.50,2.25
2015.05.21 22:33:41.053,1.11067,1.11078,3.75,2.25
2015.05.21 22:33:41.589,1.11068,1.11078,1.50,2.25
2015.05.21 22:33:48.245,1.11067,1.11078,3.75,2.25
2015.05.21 22:33:48.976,1.11067,1.11073,1.50,1.50
2015.05.21 22:33:49.027,1.11065,1.11073,1.12,1.50
2015.05.21 22:33:49.179,1.11061,1.11071,1.52,1.50
2015.05.21 22:33:49.230,1.11059,1.11071,6.37,1.50
2015.05.21 22:33:51.078,1.1106,1.11072,3.75,1.50
2015.05.21 22:33:51.703,1.1106,1.11071,2.25,1.50
2015.05.21 22:33:52.230,1.1106,1.11072,2.25,1.50
2015.05.21 22:33:53.468,1.1106,1.11071,1.87,1.50
2015.05.21 22:33:55.692,1.11059,1.11071,5.62,1.50
2015.05.21 22:33:56.261,1.1106,1.11071,1.50,1.50
2015.05.21 22:33:56.488,1.11067,1.11071,1.52,1.50
2015.05.21 22:33:56.589,1.11069,1.11075,1.00,1.12
2015.05.21 22:33:56.944,1.11069,1.11077,1.00,1.50
2015.05.21 22:34:07.167,1.11069,1.11076,1.00,3.37
2015.05.21 22:34:07.481,1.11069,1.11071,1.00,1.00
2015.05.21 22:34:07.544,1.1106,1.11071,2.25,1.50
2015.05.21 22:34:08.050,1.11061,1.11073,1.50,1.50
2015.05.21 22:34:10.552,1.11061,1.11072,1.50,1.00
2015.05.21 22:34:11.929,1.1106,1.11068,2.62,1.00
2015.05.21 22:34:12.684,1.11061,1.11069,1.00,3.37
2015.05.21 22:34:25.927,1.11061,1.11069,1.75,1.00
2015.05.21 22:34:26.443,1.11063,1.1107,1.87,1.50
2015.05.21 22:34:33.214,1.11063,1.11069,1.87,1.00
2015.05.21 22:34:33.980,1.11063,1.1107,1.87,1.87
2015.05.21 22:34:34.520,1.11063,1.11069,1.87,1.00
2015.05.21 22:34:36.041,1.11063,1.1107,1.87,2.62
2015.05.21 22:34:36.999,1.11066,1.11069,1.10,1.00
2015.05.21 22:34:39.657,1.11067,1.1107,1.00,1.12
2015.05.21 22:34:40.163,1.11068,1.1107,3.00,1.00
2015.05.21 22:34:43.218,1.11068,1.11071,3.00,1.50
2015.05.21 22:34:45.297,1.11068,1.1107,3.00,1.00
2015.05.21 22:34:45.399,1.11063,1.11069,1.03,4.50
2015.05.21 22:34:45.709,1.1106,1.11068,1.50,1.00
2015.05.21 22:34:46.290,1.1106,1.11067,1.00,1.00
2015.05.21 22:34:50.892,1.11059,1.11067,1.50,1.12
2015.05.21 22:35:08.672,1.11059,1.11066,1.50,2.25
2015.05.21 22:35:09.176,1.11059,1.11067,1.50,3.37
2015.05.21 22:35:09.699,1.11059,1.11066,1.50,2.25
2015.05.21 22:35:11.248,1.11059,1.11067,1.50,4.12
2015.05.21 22:35:30.484,1.11058,1.11066,2.25,1.37
2015.05.21 22:35:31.851,1.11058,1.11066,2.25,1.12
2015.05.21 22:35:35.199,1.11058,1.11066,2.25,1.37
2015.05.21 22:35:36.169,1.11058,1.11066,2.25,1.00
2015.05.21 22:35:37.495,1.11058,1.11065,1.50,1.00
2015.05.21 22:35:41.775,1.11057,1.11065,2.25,1.12
2015.05.21 22:35:42.302,1.11058,1.11065,1.50,1.12
2015.05.21 22:35:43.203,1.11057,1.11065,2.25,1.12
2015.05.21 22:35:43.705,1.11058,1.11065,1.50,1.00
2015.05.21 22:35:45.627,1.11057,1.11065,2.25,1.00
2015.05.21 22:35:46.178,1.11058,1.11065,1.50,1.00
2015.05.21 22:35:51.319,1.11057,1.11065,2.25,1.00
2015.05.21 22:35:51.889,1.11058,1.11065,1.50,1.00
2015.05.21 22:35:55.363,1.11058,1.11064,1.50,1.00
2015.05.21 22:35:57.228,1.11058,1.11063,1.50,1.87
2015.05.21 22:35:58.267,1.11058,1.11063,1.50,4.50
2015.05.21 22:35:58.470,1.11058,1.11061,1.50,1.00
2015.05.21 22:35:59.179,1.11057,1.11062,1.50,1.12
2015.05.21 22:35:59.705,1.11058,1.11063,1.50,1.00
2015.05.21 22:36:00.242,1.11058,1.11062,1.50,3.00
2015.05.21 22:36:00.445,1.11056,1.11061,1.57,1.00
2015.05.21 22:36:00.547,1.11053,1.1106,2.34,2.25
2015.05.21 22:36:00.649,1.1105,1.11061,4.87,1.50
2015.05.21 22:36:00.700,1.1105,1.11059,1.12,3.00
2015.05.21 22:36:02.694,1.11049,1.11059,1.00,1.50
2015.05.21 22:36:04.382,1.11048,1.11051,3.75,1.12
2015.05.21 22:36:04.489,1.11048,1.11054,10.50,1.50
2015.05.21 22:36:04.540,1.11048,1.11057,10.50,9.00
2015.05.21 22:36:05.048,1.11048,1.11058,10.50,3.75
2015.05.21 22:36:05.202,1.11048,1.11056,9.75,1.00
2015.05.21 22:36:05.578,1.11049,1.11054,1.00,2.25
2015.05.21 22:36:05.941,1.11057,1.11059,1.00,3.75
2015.05.21 22:36:05.992,1.11058,1.11059,3.00,4.50
2015.05.21 22:36:06.094,1.11058,1.1106,3.00,2.25
2015.05.21 22:36:06.196,1.11054,1.11059,1.50,2.25
2015.05.21 22:36:06.298,1.11052,1.1106,1.00,1.50
2015.05.21 22:36:06.450,1.11049,1.11058,1.87,2.25
2015.05.21 22:36:06.551,1.11048,1.11057,6.37,2.25
2015.05.21 22:36:07.032,1.11048,1.11059,3.75,2.25
2015.05.21 22:36:07.235,1.11049,1.11055,1.00,2.25
2015.05.21 22:36:08.638,1.11049,1.11056,1.00,2.25
2015.05.21 22:36:09.582,1.11049,1.11059,1.00,4.50
2015.05.21 22:36:20.065,1.11048,1.11056,10.50,1.37
2015.05.21 22:36:20.521,1.11049,1.11058,1.00,3.00
2015.05.21 22:36:20.623,1.11049,1.11056,1.00,2.25
2015.05.21 22:36:20.928,1.11048,1.11053,9.75,1.00
2015.05.21 22:36:21.420,1.11046,1.11052,4.50,2.25
2015.05.21 22:36:21.472,1.1104,1.11052,4.50,2.25
2015.05.21 22:36:21.828,1.11041,1.11049,1.12,2.25
2015.05.21 22:36:22.234,1.11047,1.1105,1.50,2.62
2015.05.21 22:36:22.679,1.1105,1.11056,1.00,1.00
2015.05.21 22:36:22.883,1.11051,1.1106,1.00,1.12
2015.05.21 22:36:23.341,1.11052,1.11063,1.00,1.87
2015.05.21 22:36:23.645,1.11052,1.11063,1.00,3.00
2015.05.21 22:36:24.157,1.11051,1.11063,1.50,3.84
2015.05.21 22:36:25.406,1.11051,1.1106,1.00,1.00
2015.05.21 22:36:25.920,1.1105,1.11062,1.50,2.10
2015.05.21 22:36:26.579,1.11049,1.1106,3.75,1.00
2015.05.21 22:36:27.093,1.11049,1.1106,3.00,3.00
2015.05.21 22:36:29.016,1.11051,1.11059,1.00,1.50
2015.05.21 22:36:30.559,1.11051,1.11055,1.00,1.87
2015.05.21 22:36:30.712,1.11046,1.11051,3.82,1.12
2015.05.21 22:36:31.359,1.11044,1.11051,1.00,2.62
2015.05.21 22:36:32.228,1.11044,1.1105,1.50,1.00
2015.05.21 22:36:33.079,1.11043,1.1105,1.27,1.00
2015.05.21 22:36:33.181,1.11041,1.11049,3.00,1.00
2015.05.21 22:36:33.487,1.11041,1.1105,1.00,3.00
2015.05.21 22:36:35.784,1.11039,1.11045,3.75,1.00
2015.05.21 22:36:35.835,1.11039,1.11042,3.75,1.00
2015.05.21 22:36:35.937,1.11039,1.11047,3.75,2.62
2015.05.21 22:36:36.670,1.1104,1.11049,1.00,1.37
2015.05.21 22:36:36.822,1.11041,1.11049,1.00,1.00
2015.05.21 22:36:37.442,1.11042,1.11049,1.50,1.00
2015.05.21 22:36:37.943,1.11042,1.1105,1.00,1.50
2015.05.21 22:36:42.740,1.11042,1.1105,1.37,1.50
2015.05.21 22:36:46.610,1.11042,1.11051,1.37,7.12
2015.05.21 22:36:47.187,1.11042,1.1105,1.37,1.50
2015.05.21 22:36:50.600,1.11042,1.11051,1.37,7.69
2015.05.21 22:36:51.105,1.11042,1.1105,1.37,1.31
2015.05.21 22:36:51.616,1.11042,1.11051,1.37,3.37
2015.05.21 22:36:52.155,1.11042,1.1105,1.37,1.31
2015.05.21 22:36:58.954,1.11043,1.11051,2.70,4.12
2015.05.21 22:36:59.258,1.11048,1.11052,1.50,1.37
2015.05.21 22:37:00.193,1.11051,1.11055,1.00,1.00
2015.05.21 22:37:00.701,1.11051,1.11056,1.00,1.00
2015.05.21 22:37:01.120,1.11053,1.11056,1.00,1.00
2015.05.21 22:37:04.991,1.11054,1.11059,1.00,1.00
2015.05.21 22:37:05.784,1.11054,1.1106,1.00,3.75
2015.05.21 22:37:06.297,1.11053,1.1106,1.00,3.37
2015.05.21 22:37:17.803,1.11058,1.1106,1.50,1.87
2015.05.21 22:37:22.357,1.11058,1.11061,2.02,1.00
2015.05.21 22:37:23.466,1.11058,1.1106,3.52,1.00
2015.05.21 22:37:23.953,1.11054,1.11059,2.40,1.00
2015.05.21 22:37:24.516,1.11055,1.11059,1.00,1.00
2015.05.21 22:37:27.046,1.11054,1.11059,1.12,1.00
2015.05.21 22:37:27.097,1.11052,1.11059,1.00,1.00
2015.05.21 22:37:27.609,1.11053,1.11059,1.00,1.50
2015.05.21 22:37:28.205,1.11053,1.11057,1.00,1.00
2015.05.21 22:37:31.961,1.11053,1.11056,1.00,1.00
2015.05.21 22:37:43.342,1.11053,1.11057,1.00,1.00
2015.05.21 22:37:53.729,1.11052,1.11057,1.00,1.00
2015.05.21 22:38:25.561,1.11052,1.11056,1.00,1.00
2015.05.21 22:38:29.169,1.11052,1.11057,1.00,1.00
2015.05.21 22:38:29.321,1.11052,1.11059,1.00,2.25
2015.05.21 22:38:48.352,1.11053,1.11059,1.00,2.25
2015.05.21 22:38:49.146,1.11052,1.11059,2.25,2.25
2015.05.21 22:38:49.742,1.11053,1.11059,1.00,2.25
2015.05.21 22:38:50.843,1.11052,1.11059,1.00,3.00
2015.05.21 22:38:55.100,1.11051,1.11059,2.25,3.00
2015.05.21 22:38:58.676,1.11052,1.11059,1.00,3.00
2015.05.21 22:39:00.914,1.11051,1.11059,2.25,3.00
2015.05.21 22:39:02.658,1.11051,1.11055,1.50,1.00
2015.05.21 22:39:02.759,1.11049,1.11055,1.50,1.00
2015.05.21 22:39:03.268,1.11049,1.11056,1.00,1.50
2015.05.21 22:39:08.266,1.1105,1.11056,1.00,1.00
2015.05.21 22:39:08.788,1.1105,1.11058,1.00,2.62
2015.05.21 22:39:10.897,1.11051,1.11058,1.00,2.62
2015.05.21 22:39:11.998,1.1105,1.11058,1.50,2.62
2015.05.21 22:39:12.507,1.11051,1.11058,1.00,2.62
2015.05.21 22:39:17.480,1.1105,1.11058,1.50,1.37
2015.05.21 22:39:18.167,1.11051,1.11058,1.00,1.37
2015.05.21 22:39:19.587,1.1105,1.11058,1.50,1.37
2015.05.21 22:39:20.736,1.11051,1.11058,1.00,1.37
2015.05.21 22:39:22.930,1.1105,1.11052,1.00,1.00
2015.05.21 22:39:23.032,1.11046,1.11053,2.25,2.62
2015.05.21 22:39:23.083,1.11048,1.11053,1.50,2.62
2015.05.21 22:39:23.592,1.11049,1.11057,1.50,1.75
2015.05.21 22:39:23.794,1.11049,1.11057,1.50,1.12
2015.05.21 22:39:35.211,1.1105,1.11058,1.00,1.37
2015.05.21 22:39:38.960,1.11052,1.11059,1.00,3.37
2015.05.21 22:39:40.166,1.11052,1.11059,2.34,1.37
2015.05.21 22:39:40.269,1.11054,1.11059,1.50,1.00
2015.05.21 22:39:40.473,1.11051,1.1106,2.25,5.25
2015.05.21 22:39:41.102,1.11051,1.11059,1.00,1.00
2015.05.21 22:39:41.153,1.11051,1.11059,1.00,1.37
2015.05.21 22:39:53.784,1.11051,1.11059,1.50,1.50
2015.05.21 22:39:59.089,1.11054,1.11059,1.00,1.00
2015.05.21 22:39:59.697,1.11054,1.1106,1.00,3.82
2015.05.21 22:39:59.850,1.11052,1.1106,1.00,3.00
2015.05.21 22:40:01.836,1.11053,1.1106,1.00,3.00
2015.05.21 22:40:04.075,1.11052,1.1106,1.50,3.00
2015.05.21 22:40:04.815,1.11053,1.1106,1.00,3.00
2015.05.21 22:40:05.447,1.11052,1.1106,1.50,3.00
2015.05.21 22:40:06.039,1.11053,1.1106,1.00,3.00
2015.05.21 22:40:06.543,1.11052,1.1106,1.50,3.00
2015.05.21 22:40:07.646,1.11053,1.1106,1.00,3.00
2015.05.21 22:40:08.302,1.11052,1.1106,1.50,3.00
2015.05.21 22:40:08.824,1.11053,1.1106,1.00,1.50
2015.05.21 22:40:11.964,1.11052,1.1106,1.50,3.00
2015.05.21 22:40:12.488,1.11053,1.1106,1.00,3.00
2015.05.21 22:40:15.697,1.11052,1.1106,1.50,4.50
2015.05.21 22:40:16.217,1.11053,1.1106,1.00,4.50
2015.05.21 22:40:16.470,1.11053,1.1106,1.59,3.00
2015.05.21 22:40:16.774,1.11053,1.1106,1.00,3.00
2015.05.21 22:40:17.279,1.11052,1.1106,2.25,3.00
2015.05.21 22:40:17.441,1.1106,1.11065,2.87,30.82
2015.05.21 22:40:17.647,1.11064,1.11066,1.12,2.40
2015.05.21 22:40:17.910,1.11065,1.11069,1.00,1.50
2015.05.21 22:40:19.224,1.11064,1.11069,1.12,1.50
2015.05.21 22:40:19.740,1.11065,1.11069,1.00,1.50
2015.05.21 22:40:21.278,1.11064,1.11069,1.12,1.50
2015.05.21 22:40:21.987,1.11065,1.11069,1.00,1.00
2015.05.21 22:40:24.016,1.11065,1.1107,1.00,8.25
2015.05.21 22:40:24.070,1.11059,1.1107,1.50,9.00
2015.05.21 22:40:27.757,1.11059,1.11069,1.00,1.00
2015.05.21 22:40:48.433,1.11058,1.11068,7.50,1.00
2015.05.21 22:40:57.163,1.11059,1.11068,1.00,1.00
2015.05.21 22:41:03.954,1.1106,1.11068,3.22,1.00
2015.05.21 22:41:04.005,1.11062,1.1107,2.02,5.02
2015.05.21 22:41:04.515,1.11062,1.1107,2.02,1.12
2015.05.21 22:41:04.831,1.11062,1.11072,2.02,1.12
2015.05.21 22:41:05.335,1.11064,1.11071,1.27,1.00
2015.05.21 22:41:05.690,1.11064,1.11071,1.00,1.00
2015.05.21 22:41:06.196,1.11063,1.1107,1.00,1.87
2015.05.21 22:41:06.745,1.11063,1.11071,1.00,1.87
2015.05.21 22:41:07.246,1.11063,1.1107,1.00,1.12
2015.05.21 22:41:08.644,1.11063,1.11071,1.00,1.00
2015.05.21 22:41:09.232,1.11062,1.1107,1.50,1.12
2015.05.21 22:41:23.142,1.11061,1.1107,2.25,6.90
2015.05.21 22:42:01.402,1.11062,1.1107,1.00,3.90
2015.05.21 22:42:03.482,1.11061,1.1107,2.25,2.55
2015.05.21 22:42:03.753,1.11063,1.11071,1.00,4.80
2015.05.21 22:42:04.280,1.11064,1.11071,1.50,1.35
2015.05.21 22:42:04.967,1.11066,1.11071,1.00,1.35
2015.05.21 22:42:05.384,1.11071,1.11076,1.00,1.00
2015.05.21 22:42:05.435,1.11072,1.11079,1.00,1.50
2015.05.21 22:42:11.033,1.11069,1.11079,1.00,2.25
2015.05.21 22:42:11.654,1.11068,1.11078,3.00,1.00
2015.05.21 22:42:11.806,1.11066,1.11077,2.25,1.00
2015.05.21 22:42:11.857,1.11066,1.11075,1.50,1.12
2015.05.21 22:42:13.266,1.11067,1.11078,1.00,1.00
2015.05.21 22:42:14.027,1.11067,1.11079,1.50,2.25
2015.05.21 22:42:14.787,1.11067,1.11077,1.00,1.00
2015.05.21 22:42:15.317,1.11066,1.11077,1.00,1.00
2015.05.21 22:42:16.085,1.11065,1.11077,3.75,1.00
2015.05.21 22:42:18.078,1.11065,1.11076,1.12,1.00
2015.05.21 22:42:18.331,1.11063,1.11075,1.87,1.50
2015.05.21 22:42:27.140,1.11063,1.11075,2.25,1.50
2015.05.21 22:42:27.242,1.11065,1.11075,2.25,1.12
2015.05.21 22:42:27.654,1.11068,1.11075,1.50,1.12
2015.05.21 22:42:27.908,1.11069,1.11079,1.00,1.12
2015.05.21 22:45:00.169,1.11069,1.11078,1.00,1.00
2015.05.21 22:45:00.747,1.11069,1.11079,1.50,1.50
2015.05.21 22:45:04.027,1.11069,1.11078,1.50,1.00
2015.05.21 22:45:04.079,1.11068,1.11073,3.75,1.00
2015.05.21 22:45:04.282,1.11065,1.11072,2.62,1.00
2015.05.21 22:45:04.788,1.11064,1.11073,1.00,1.00
2015.05.21 22:45:05.345,1.11065,1.11073,1.00,1.00
2015.05.21 22:45:05.818,1.11065,1.11075,1.00,1.00
2015.05.21 22:45:06.556,1.11065,1.11074,1.50,1.00
2015.05.21 22:45:06.607,1.11065,1.11076,1.50,1.50
2015.05.21 22:46:01.020,1.11066,1.11076,1.00,1.00
2015.05.21 22:46:02.372,1.11065,1.11076,3.75,1.00
2015.05.21 22:46:23.841,1.11067,1.11076,1.00,1.00
2015.05.21 22:46:26.280,1.11066,1.11076,3.00,1.00
2015.05.21 22:46:26.817,1.11067,1.11076,1.00,1.00
2015.05.21 22:46:27.323,1.11068,1.11077,3.00,1.00
2015.05.21 22:46:27.628,1.11069,1.11079,2.25,2.25
2015.05.21 22:46:39.061,1.11069,1.1108,2.25,9.15
2015.05.21 22:46:39.567,1.1107,1.11079,2.62,1.00
2015.05.21 22:46:40.073,1.11069,1.11079,2.62,1.50
2015.05.21 22:47:24.529,1.1107,1.11079,1.50,1.00
2015.05.21 22:47:29.067,1.1107,1.1108,3.00,6.52
2015.05.21 22:47:29.763,1.11069,1.11079,3.00,1.00
2015.05.21 22:47:31.777,1.1107,1.11079,1.00,1.00
2015.05.21 22:47:35.802,1.1107,1.1108,1.00,6.15
2015.05.21 22:47:35.853,1.11072,1.1108,1.00,1.87
2015.05.21 22:47:35.954,1.11073,1.11083,1.00,1.50
2015.05.21 22:47:36.247,1.11074,1.11085,1.50,1.12
2015.05.21 22:47:36.754,1.11074,1.11086,1.50,1.87
2015.05.21 22:47:47.294,1.11076,1.11086,1.00,1.00
2015.05.21 22:47:47.497,1.11076,1.11088,1.50,3.00
2015.05.21 22:47:48.804,1.11077,1.11088,1.50,1.00
2015.05.21 22:47:48.958,1.11077,1.1108,1.00,1.00
2015.05.21 22:47:49.061,1.11072,1.1108,1.00,6.52
2015.05.21 22:47:49.113,1.1107,1.11079,4.12,1.00
2015.05.21 22:48:01.433,1.1107,1.1108,3.37,2.77
2015.05.21 22:48:01.940,1.1107,1.11079,1.50,1.00
2015.05.21 22:48:13.275,1.11072,1.11079,1.00,1.00
2015.05.21 22:48:38.792,1.11072,1.1108,2.25,6.15
2015.05.21 22:48:39.343,1.11073,1.11079,1.00,1.00
2015.05.21 22:48:39.850,1.11072,1.11079,2.25,1.00
2015.05.21 22:49:01.427,1.11073,1.11079,1.00,1.00
2015.05.21 22:49:01.937,1.11083,1.11086,1.00,1.00
2015.05.21 22:49:01.988,1.11083,1.11088,1.00,1.00
2015.05.21 22:49:02.494,1.11084,1.11089,1.50,1.50
2015.05.21 22:49:02.986,1.11082,1.11088,2.25,1.00
2015.05.21 22:49:03.037,1.11082,1.1109,2.25,15.37
2015.05.21 22:49:03.564,1.11082,1.11089,1.00,1.00
2015.05.21 22:49:04.083,1.1108,1.11089,1.50,1.50
2015.05.21 22:49:06.374,1.11081,1.11089,1.50,1.00
2015.05.21 22:49:07.516,1.11081,1.11089,1.50,1.37
2015.05.21 22:49:07.567,1.11079,1.11088,1.00,1.12
2015.05.21 22:49:08.074,1.1108,1.11088,1.50,1.12
2015.05.21 22:49:08.988,1.1108,1.11089,1.50,1.50
2015.05.21 22:49:09.501,1.1108,1.11089,2.25,2.25
2015.05.21 22:49:10.016,1.11081,1.11088,1.00,1.12
2015.05.21 22:49:11.560,1.11081,1.11089,1.00,1.12
2015.05.21 22:49:12.767,1.11082,1.11089,1.00,1.12
2015.05.21 22:49:13.500,1.11081,1.11089,1.00,1.12
2015.05.21 22:49:14.030,1.11082,1.11089,1.00,1.00
2015.05.21 22:49:15.551,1.11082,1.1109,1.00,15.75
2015.05.21 22:49:16.090,1.11082,1.11089,1.00,1.12
2015.05.21 22:49:23.781,1.11082,1.1109,1.00,13.12
2015.05.21 22:49:33.160,1.11082,1.11089,1.00,1.00
2015.05.21 22:49:42.365,1.1108,1.11089,2.25,1.50
2015.05.21 22:49:43.523,1.1108,1.11088,1.50,1.50
2015.05.21 22:49:44.029,1.1108,1.11087,2.25,1.00
2015.05.21 22:49:44.485,1.11082,1.11087,1.50,1.50
2015.05.21 22:49:44.991,1.11083,1.11087,1.00,1.00
2015.05.21 22:49:46.769,1.11081,1.11087,1.50,1.00
2015.05.21 22:49:46.820,1.11083,1.11087,1.00,1.00
2015.05.21 22:49:48.719,1.11082,1.11087,1.00,1.00
2015.05.21 22:49:49.246,1.11083,1.11087,1.50,1.00
2015.05.21 22:49:50.715,1.11081,1.11087,1.00,1.00
2015.05.21 22:49:50.816,1.11083,1.11087,1.00,1.00
2015.05.21 22:49:54.699,1.11081,1.11087,1.00,1.00
2015.05.21 22:49:55.203,1.1108,1.11087,1.50,1.00
2015.05.21 22:49:55.747,1.11081,1.11087,1.00,1.00
2015.05.21 22:49:59.065,1.1108,1.11087,2.25,1.00
2015.05.21 22:49:59.737,1.11081,1.11087,1.00,1.00
2015.05.21 22:50:04.671,1.1108,1.11087,2.25,1.00
2015.05.21 22:50:05.220,1.11081,1.11087,1.00,1.00
2015.05.21 22:50:10.448,1.11082,1.11087,1.00,1.00
2015.05.21 22:50:10.955,1.11082,1.11088,1.50,1.00
2015.05.21 22:50:23.558,1.11081,1.11088,2.25,1.00
2015.05.21 22:50:39.748,1.11078,1.11088,6.37,1.00
2015.05.21 22:50:48.149,1.11078,1.11088,6.37,1.00
2015.05.21 22:50:48.658,1.1108,1.11088,1.87,1.00
2015.05.21 22:50:59.401,1.11079,1.11088,1.12,1.00
2015.05.21 22:50:59.909,1.11079,1.11088,1.37,1.00
2015.05.21 22:51:00.884,1.11079,1.11089,1.87,1.00
2015.05.21 22:51:03.110,1.11079,1.11089,1.87,1.00
2015.05.21 22:51:03.642,1.11079,1.11089,1.87,1.00
2015.05.21 22:51:05.215,1.11079,1.11087,1.87,1.00
2015.05.21 22:51:05.766,1.11079,1.11087,1.87,1.00
2015.05.21 22:51:06.267,1.11079,1.11087,1.87,1.00
2015.05.21 22:51:08.522,1.11079,1.11087,1.87,1.00
2015.05.21 22:51:09.323,1.11079,1.11087,1.87,1.00
2015.05.21 22:51:39.645,1.1108,1.11086,1.50,1.00
2015.05.21 22:51:39.696,1.11078,1.11086,1.50,1.00
2015.05.21 22:52:13.168,1.11077,1.11086,1.50,1.00
2015.05.21 22:52:28.520,1.11078,1.11086,2.25,1.00
2015.05.21 22:52:28.672,1.1108,1.11086,1.00,1.00
2015.05.21 22:52:33.095,1.11079,1.11086,1.50,1.00
2015.05.21 22:52:33.399,1.11077,1.11086,1.50,1.50
2015.05.21 22:52:34.048,1.11077,1.11086,1.50,1.87
2015.05.21 22:52:35.234,1.11077,1.11086,3.00,1.00
2015.05.21 22:52:35.763,1.11077,1.11086,1.00,1.87
2015.05.21 22:52:37.216,1.11077,1.11086,1.50,1.50
2015.05.21 22:52:37.915,1.11076,1.11086,3.75,1.87
2015.05.21 22:52:39.203,1.11077,1.11086,2.25,1.87
2015.05.21 22:52:41.252,1.11077,1.11086,2.25,1.50
2015.05.21 22:52:41.778,1.11077,1.11086,1.00,1.87
2015.05.21 22:52:42.529,1.11077,1.11086,1.00,1.87
2015.05.21 22:52:43.254,1.11078,1.11086,1.50,1.00
2015.05.21 22:52:43.794,1.11078,1.11086,1.50,1.37
2015.05.21 22:52:44.965,1.11078,1.11086,1.50,1.00
2015.05.21 22:52:45.490,1.11078,1.11086,1.50,1.37
2015.05.21 22:52:46.944,1.11078,1.11086,1.50,1.00
2015.05.21 22:52:47.474,1.11078,1.11086,1.50,1.37
2015.05.21 22:52:47.982,1.11078,1.11086,1.50,1.12
2015.05.21 22:52:48.548,1.11078,1.11086,1.50,1.37
2015.05.21 22:52:50.996,1.11078,1.11086,1.50,1.00
2015.05.21 22:52:51.497,1.11078,1.11086,1.50,1.37
2015.05.21 22:52:52.972,1.11078,1.11086,1.50,1.00
2015.05.21 22:52:53.508,1.11078,1.11086,1.50,1.37
2015.05.21 22:52:55.126,1.11078,1.11086,1.00,1.00
2015.05.21 22:52:55.711,1.11078,1.11086,1.00,1.37
2015.05.21 22:52:56.912,1.11077,1.11086,2.25,1.37
2015.05.21 22:52:57.447,1.11078,1.11086,1.00,1.37
2015.05.21 22:52:59.419,1.11078,1.11086,1.50,1.12
2015.05.21 22:52:59.938,1.11078,1.11086,1.50,1.37
2015.05.21 22:53:00.943,1.11078,1.11086,1.50,1.00
2015.05.21 22:53:01.474,1.11078,1.11086,1.50,1.37
2015.05.21 22:53:02.051,1.11078,1.11086,1.50,1.12
2015.05.21 22:53:02.819,1.11078,1.11086,1.50,1.37
2015.05.21 22:53:04.944,1.11078,1.11086,1.50,1.00
2015.05.21 22:53:05.474,1.11078,1.11086,1.50,1.37
2015.05.21 22:53:07.001,1.11078,1.11086,1.50,1.00
2015.05.21 22:53:07.605,1.11078,1.11086,1.50,1.37
2015.05.21 22:53:08.945,1.11078,1.11086,1.50,1.00
2015.05.21 22:53:09.588,1.11078,1.11086,1.50,1.37
2015.05.21 22:53:10.957,1.11078,1.11086,1.50,1.00
2015.05.21 22:53:11.580,1.11077,1.11086,3.00,2.62
2015.05.21 22:53:12.992,1.11077,1.11086,3.75,2.25
2015.05.21 22:53:13.508,1.11077,1.11085,1.00,1.87
2015.05.21 22:53:14.452,1.11076,1.11082,1.50,2.10
2015.05.21 22:53:14.807,1.11074,1.1108,1.00,10.05
2015.05.21 22:53:37.735,1.11073,1.1108,1.00,11.92
2015.05.21 22:54:14.966,1.11072,1.1108,1.87,15.30
2015.05.21 22:54:26.105,1.11073,1.1108,1.00,14.92
2015.05.21 22:54:26.619,1.11073,1.11079,1.00,1.00
2015.05.21 22:54:28.202,1.11073,1.1108,1.00,13.05
2015.05.21 22:54:29.024,1.11073,1.11079,1.00,1.00
2015.05.21 22:54:34.702,1.11073,1.1108,1.00,13.05
2015.05.21 22:54:35.247,1.11073,1.11079,1.00,1.00
2015.05.21 22:54:39.808,1.11073,1.1108,1.00,13.05
2015.05.21 22:54:40.347,1.11073,1.11079,1.00,1.00
2015.05.21 22:54:42.256,1.11073,1.1108,1.00,13.05
2015.05.21 22:54:43.341,1.11073,1.11079,1.00,1.00
2015.05.21 22:54:48.285,1.11073,1.1108,1.00,13.05
2015.05.21 22:54:49.134,1.11073,1.11079,1.00,1.00
2015.05.21 22:55:15.539,1.11072,1.11079,1.12,3.00
2015.05.21 22:55:16.192,1.11071,1.11078,3.37,1.13
2015.05.21 22:55:17.190,1.11072,1.11078,1.12,1.00
2015.05.21 22:55:17.731,1.11072,1.11077,1.12,1.00
2015.05.21 22:55:18.414,1.11072,1.11076,1.12,1.00
2015.05.21 22:55:18.978,1.11072,1.11077,1.12,1.50
2015.05.21 22:55:19.681,1.11072,1.11076,1.12,1.00
2015.05.21 22:55:22.188,1.11072,1.11077,1.12,1.50
2015.05.21 22:55:23.765,1.11072,1.11076,1.12,1.00
2015.05.21 22:55:29.881,1.11072,1.11077,1.12,1.50
2015.05.21 22:55:30.910,1.11072,1.11076,1.12,1.00
2015.05.21 22:55:33.216,1.11072,1.11077,1.12,1.50
2015.05.21 22:55:33.730,1.11072,1.11076,1.12,1.00
2015.05.21 22:55:34.271,1.11072,1.11077,1.12,1.50
2015.05.21 22:55:35.432,1.11072,1.11076,1.12,1.00
2015.05.21 22:55:36.642,1.11072,1.11077,1.12,1.50
2015.05.21 22:55:37.421,1.11072,1.11076,1.12,1.00
2015.05.21 22:55:39.839,1.11072,1.11077,1.12,1.50
2015.05.21 22:55:40.742,1.11072,1.11076,1.12,1.00
2015.05.21 22:55:59.775,1.11072,1.11077,1.12,1.50
2015.05.21 22:56:00.283,1.11072,1.11076,1.12,1.00
2015.05.21 22:56:02.952,1.11072,1.11077,1.12,1.00
2015.05.21 22:56:37.259,1.11071,1.11078,1.37,1.50
2015.05.21 22:56:49.959,1.11071,1.11078,1.12,1.00
2015.05.21 22:56:54.029,1.11071,1.11078,2.62,1.50
2015.05.21 22:56:57.587,1.11071,1.11078,2.62,1.50
2015.05.21 22:56:57.821,1.11071,1.11078,2.62,1.50
2015.05.21 22:57:28.223,1.11073,1.11078,1.00,1.50
2015.05.21 22:57:34.438,1.11073,1.11079,1.50,1.50
2015.05.21 22:57:35.591,1.11076,1.11079,1.00,1.50
2015.05.21 22:57:36.180,1.11077,1.11079,1.00,1.00
2015.05.21 22:57:36.231,1.11077,1.11085,1.12,2.62
2015.05.21 22:57:36.831,1.11077,1.11085,1.12,2.25
2015.05.21 22:57:38.321,1.11078,1.11085,1.00,1.00
2015.05.21 22:57:38.835,1.11077,1.11085,3.37,1.00
2015.05.21 22:57:42.252,1.11078,1.11085,1.50,1.00
2015.05.21 22:57:42.811,1.11077,1.11085,3.37,1.00
2015.05.21 22:57:44.243,1.11078,1.11085,1.00,1.00
2015.05.21 22:57:44.774,1.11077,1.11085,3.37,1.50
2015.05.21 22:57:45.197,1.11079,1.11085,1.12,1.50
2015.05.21 22:57:45.855,1.1108,1.11086,1.87,1.00
2015.05.21 22:57:46.389,1.1108,1.11087,2.25,1.87
2015.05.21 22:58:34.713,1.11078,1.11086,6.00,1.50
2015.05.21 22:58:36.653,1.11079,1.11086,1.00,2.25
2015.05.21 22:58:37.189,1.11078,1.11086,5.25,3.00
2015.05.21 22:58:46.730,1.11078,1.11086,5.25,3.00
2015.05.21 22:58:47.259,1.11078,1.11086,5.25,3.00
2015.05.21 22:58:52.492,1.11078,1.11086,5.25,3.00
2015.05.21 22:58:53.051,1.11078,1.11086,5.25,2.25
2015.05.21 22:58:57.753,1.11079,1.11086,1.00,3.00
2015.05.21 22:58:58.279,1.11078,1.11086,3.00,2.25
2015.05.21 22:58:58.786,1.11078,1.11086,4.87,2.25
2015.05.21 22:59:00.194,1.1108,1.11086,1.00,1.50
2015.05.21 22:59:01.192,1.11079,1.11086,1.87,1.00
2015.05.21 22:59:01.833,1.1108,1.11086,1.00,1.00
2015.05.21 22:59:07.850,1.1108,1.11085,1.00,1.00
2015.05.21 22:59:08.052,1.11078,1.11085,4.50,1.00
2015.05.21 22:59:10.183,1.11078,1.11085,5.62,1.00
2015.05.21 22:59:10.840,1.11078,1.11086,5.62,2.25
2015.05.21 22:59:11.780,1.11078,1.11086,5.62,2.25
2015.05.21 22:59:12.882,1.11078,1.11086,5.62,2.25
2015.05.21 22:59:14.773,1.11078,1.11086,5.62,2.25
2015.05.21 22:59:15.380,1.11078,1.11086,5.62,2.25
2015.05.21 22:59:20.003,1.11078,1.11086,5.62,2.25
2015.05.21 22:59:20.623,1.11078,1.11086,5.62,2.25
2015.05.21 22:59:26.232,1.11078,1.11086,3.37,1.50
2015.05.21 22:59:27.143,1.11078,1.11086,5.62,2.25
2015.05.21 22:59:33.691,1.11078,1.11086,5.62,2.25
2015.05.21 22:59:34.467,1.11078,1.11086,5.62,2.25
2015.05.21 22:59:35.960,1.11079,1.11086,1.12,1.50
2015.05.21 22:59:36.686,1.11079,1.11086,1.37,1.00
2015.05.21 22:59:39.492,1.11079,1.11086,1.12,1.50
2015.05.21 22:59:40.006,1.11079,1.11086,1.37,1.50
2015.05.21 22:59:42.826,1.11079,1.11086,1.50,1.50
2015.05.21 22:59:43.141,1.1108,1.11086,1.50,1.50
2015.05.21 22:59:45.899,1.1108,1.11085,1.37,1.00
