2014.01.14 20:00:00.345,1.3672,1.36723,1.88,6.15
2014.01.14 20:00:00.882,1.3672,1.36722,1.00,3.45
2014.01.14 20:00:01.185,1.36718,1.36721,1.88,5.40
2014.01.14 20:00:01.700,1.36712,1.3672,4.28,7.88
2014.01.14 20:00:02.224,1.36717,1.3672,2.63,5.25
2014.01.14 20:00:03.718,1.36717,1.3672,6.00,3.38
2014.01.14 20:00:03.819,1.36717,1.3672,5.63,3.75
2014.01.14 20:00:04.497,1.36717,1.3672,6.00,3.38
2014.01.14 20:00:05.015,1.36717,1.3672,5.63,1.50
2014.01.14 20:00:05.167,1.3671,1.36719,5.71,3.00
2014.01.14 20:00:05.278,1.36717,1.36719,2.25,3.00
2014.01.14 20:00:05.549,1.36718,1.3672,2.63,2.63
2014.01.14 20:00:06.065,1.36719,1.3672,2.25,1.50
2014.01.14 20:00:07.088,1.36719,1.36721,3.00,3.08
2014.01.14 20:00:07.391,1.36721,1.36723,2.25,2.63
2014.01.14 20:00:08.258,1.36721,1.36723,1.00,3.63
2014.01.14 20:00:08.760,1.3672,1.36722,9.75,1.38
2014.01.14 20:00:08.912,1.3672,1.36721,3.75,1.88
2014.01.14 20:00:09.013,1.3672,1.36723,5.25,2.63
2014.01.14 20:00:09.795,1.3672,1.36722,1.50,1.58
2014.01.14 20:00:09.896,1.3672,1.36722,2.25,1.58
2014.01.14 20:00:10.984,1.36722,1.36724,2.10,2.48
2014.01.14 20:00:11.288,1.36723,1.36726,3.00,6.53
2014.01.14 20:00:11.809,1.36723,1.36726,1.00,6.53
2014.01.14 20:00:12.516,1.36722,1.36726,5.78,5.78
2014.01.14 20:00:13.055,1.36723,1.36726,3.00,5.03
2014.01.14 20:00:13.560,1.36722,1.36726,7.58,7.58
2014.01.14 20:00:16.126,1.36723,1.36724,1.00,2.40
2014.01.14 20:00:20.763,1.36722,1.36724,4.13,2.40
2014.01.14 20:00:21.297,1.36723,1.36726,3.00,8.25
2014.01.14 20:00:23.080,1.36723,1.36726,1.08,8.85
2014.01.14 20:00:23.705,1.36723,1.36726,3.00,9.00
2014.01.14 20:00:28.262,1.36724,1.36726,1.00,8.10
2014.01.14 20:00:30.453,1.36724,1.36726,3.25,5.85
2014.01.14 20:00:31.391,1.36724,1.36726,1.00,8.10
2014.01.14 20:00:33.955,1.36722,1.36726,4.50,9.98
2014.01.14 20:00:34.030,1.36722,1.36726,3.75,10.23
2014.01.14 20:00:34.336,1.3672,1.36722,4.50,9.90
2014.01.14 20:00:34.539,1.36719,1.36722,5.03,3.00
2014.01.14 20:00:34.894,1.3672,1.36722,1.00,1.50
2014.01.14 20:00:35.436,1.3672,1.36722,1.00,5.03
2014.01.14 20:00:38.952,1.36719,1.36721,1.00,2.40
2014.01.14 20:00:39.255,1.36718,1.3672,1.50,1.00
2014.01.14 20:00:39.778,1.36716,1.36719,2.63,4.50
2014.01.14 20:00:40.279,1.36716,1.36719,3.24,4.50
2014.01.14 20:00:40.582,1.36713,1.36716,1.50,1.50
2014.01.14 20:00:40.835,1.36711,1.36713,1.13,4.00
2014.01.14 20:00:40.936,1.36705,1.36712,2.78,3.75
2014.01.14 20:00:41.441,1.36709,1.36712,5.88,2.25
2014.01.14 20:00:42.947,1.36709,1.36712,5.63,1.20
2014.01.14 20:00:43.461,1.36709,1.36713,1.88,3.00
2014.01.14 20:00:43.770,1.36713,1.36716,4.21,3.08
2014.01.14 20:00:43.872,1.36714,1.36717,5.25,2.63
2014.01.14 20:00:44.781,1.36714,1.36718,3.00,2.78
2014.01.14 20:00:45.314,1.36714,1.36718,5.25,5.78
2014.01.14 20:00:45.686,1.36714,1.36716,1.00,5.63
2014.01.14 20:00:45.990,1.36716,1.36718,3.00,1.10
2014.01.14 20:00:46.193,1.36717,1.3672,1.50,1.65
2014.01.14 20:00:47.221,1.36717,1.3672,2.33,1.20
2014.01.14 20:00:47.739,1.36717,1.3672,2.25,1.20
2014.01.14 20:00:48.265,1.36717,1.3672,2.33,1.20
2014.01.14 20:00:49.815,1.36718,1.36721,3.83,2.03
2014.01.14 20:00:49.916,1.3672,1.36722,3.11,1.35
2014.01.14 20:00:50.119,1.36722,1.36727,15.06,2.25
2014.01.14 20:00:50.571,1.36725,1.36728,2.03,2.63
2014.01.14 20:00:51.076,1.36725,1.36728,2.03,3.38
2014.01.14 20:00:52.098,1.36724,1.36728,5.40,7.28
2014.01.14 20:00:52.636,1.36725,1.36728,1.00,6.53
2014.01.14 20:00:53.156,1.36724,1.36728,5.40,7.28
2014.01.14 20:00:53.663,1.36725,1.36727,1.20,2.25
2014.01.14 20:00:53.815,1.36727,1.36728,2.25,2.70
2014.01.14 20:00:54.319,1.36726,1.36728,2.40,2.63
2014.01.14 20:00:54.823,1.36727,1.36729,2.25,4.13
2014.01.14 20:00:57.060,1.36726,1.36729,3.15,6.38
2014.01.14 20:00:57.571,1.36727,1.36729,2.25,3.38
2014.01.14 20:00:58.133,1.36727,1.36729,2.25,3.38
2014.01.14 20:00:58.655,1.36727,1.36729,2.25,3.38
2014.01.14 20:01:00.334,1.36726,1.36729,3.15,4.13
2014.01.14 20:01:00.840,1.36725,1.36727,2.90,2.25
2014.01.14 20:01:01.346,1.36723,1.36726,6.65,3.53
2014.01.14 20:01:05.394,1.36725,1.36727,1.00,1.13
2014.01.14 20:01:05.903,1.36725,1.36728,5.30,4.88
2014.01.14 20:01:06.206,1.36723,1.36725,3.75,2.40
2014.01.14 20:01:06.741,1.36723,1.36725,3.00,3.90
2014.01.14 20:01:07.959,1.36723,1.36725,1.50,2.40
2014.01.14 20:01:08.774,1.36723,1.36725,2.25,2.25
2014.01.14 20:01:10.637,1.36723,1.36725,1.00,2.78
2014.01.14 20:01:11.141,1.36724,1.36726,2.22,3.00
2014.01.14 20:01:11.446,1.36725,1.36727,4.95,2.63
2014.01.14 20:01:12.055,1.36726,1.36728,2.25,1.50
2014.01.14 20:01:12.560,1.36726,1.36728,2.25,1.88
2014.01.14 20:01:13.064,1.36727,1.36728,2.25,1.50
2014.01.14 20:01:13.317,1.36725,1.36728,8.11,1.50
2014.01.14 20:01:13.838,1.36725,1.36726,2.63,2.25
2014.01.14 20:01:15.394,1.36726,1.36727,2.25,2.63
2014.01.14 20:01:17.080,1.36727,1.36728,2.25,1.50
2014.01.14 20:01:20.735,1.36726,1.36728,3.15,1.88
2014.01.14 20:01:24.113,1.36726,1.36727,2.40,1.00
2014.01.14 20:01:24.214,1.36724,1.36726,1.88,2.03
2014.01.14 20:01:25.468,1.36724,1.36726,2.25,1.28
2014.01.14 20:01:25.677,1.36726,1.36728,3.75,2.03
2014.01.14 20:01:26.187,1.36727,1.36729,2.25,3.00
2014.01.14 20:01:27.460,1.36727,1.36728,2.25,1.13
2014.01.14 20:01:28.275,1.36726,1.36728,3.15,1.50
2014.01.14 20:01:29.341,1.36727,1.36728,2.25,1.13
2014.01.14 20:01:29.902,1.36726,1.36729,1.65,3.75
2014.01.14 20:01:31.955,1.36725,1.36726,3.00,3.38
2014.01.14 20:01:32.208,1.36723,1.36725,3.75,2.25
2014.01.14 20:01:32.712,1.36723,1.36726,2.25,5.40
2014.01.14 20:01:39.973,1.36724,1.36726,1.00,5.03
2014.01.14 20:01:41.963,1.36724,1.36725,1.00,1.00
2014.01.14 20:01:43.326,1.36723,1.36725,1.50,3.75
2014.01.14 20:01:54.751,1.36724,1.36725,1.00,5.63
2014.01.14 20:01:55.260,1.36723,1.36725,1.00,6.38
2014.01.14 20:01:57.114,1.36722,1.36724,1.28,4.00
2014.01.14 20:01:57.312,1.3672,1.36723,4.88,3.53
2014.01.14 20:01:57.364,1.36719,1.36722,1.13,5.03
2014.01.14 20:01:57.466,1.36717,1.3672,4.65,3.75
2014.01.14 20:01:57.922,1.36712,1.36715,1.20,2.25
2014.01.14 20:01:58.125,1.36712,1.36715,1.28,1.50
2014.01.14 20:01:58.226,1.36713,1.36714,1.00,1.00
2014.01.14 20:01:58.730,1.36714,1.36716,1.13,2.78
2014.01.14 20:01:59.033,1.36713,1.36714,1.00,2.25
2014.01.14 20:02:00.875,1.36714,1.36715,1.00,3.15
2014.01.14 20:02:01.380,1.36713,1.36715,1.00,5.40
2014.01.14 20:02:01.822,1.36712,1.36714,1.00,4.13
2014.01.14 20:02:03.584,1.36713,1.36716,1.00,6.00
2014.01.14 20:02:03.685,1.36715,1.36716,4.50,3.38
2014.01.14 20:02:04.190,1.36715,1.36717,2.50,2.25
2014.01.14 20:02:04.342,1.36713,1.36716,5.49,5.63
2014.01.14 20:02:04.393,1.36713,1.36715,1.88,3.38
2014.01.14 20:02:04.911,1.36714,1.36715,3.00,4.88
2014.01.14 20:02:05.593,1.36714,1.36716,3.00,1.05
2014.01.14 20:02:06.099,1.36715,1.36717,1.13,2.03
2014.01.14 20:02:06.608,1.36714,1.36717,3.15,5.56
2014.01.14 20:02:07.758,1.36715,1.36717,4.50,4.88
2014.01.14 20:02:08.333,1.36715,1.36717,4.50,1.50
2014.01.14 20:02:08.952,1.36716,1.3672,1.00,3.68
2014.01.14 20:02:09.490,1.36715,1.36718,4.50,5.03
2014.01.14 20:02:10.025,1.36716,1.36717,5.11,1.50
2014.01.14 20:02:12.205,1.36716,1.36717,2.25,1.50
2014.01.14 20:02:12.759,1.36716,1.36719,3.25,1.00
2014.01.14 20:02:22.145,1.36717,1.36718,1.00,2.03
2014.01.14 20:02:22.664,1.36717,1.3672,1.00,1.95
2014.01.14 20:02:26.506,1.36717,1.36719,1.00,1.00
2014.01.14 20:02:29.134,1.36716,1.36718,1.74,1.50
2014.01.14 20:02:33.842,1.36718,1.36719,2.25,3.00
2014.01.14 20:02:34.920,1.36717,1.36719,2.25,3.00
2014.01.14 20:02:35.634,1.36717,1.36719,2.86,1.50
2014.01.14 20:02:36.807,1.36718,1.36721,4.00,1.00
2014.01.14 20:02:40.516,1.36719,1.36721,1.13,1.00
2014.01.14 20:02:40.668,1.36721,1.36722,2.25,5.03
2014.01.14 20:02:41.199,1.36722,1.36723,1.13,1.50
2014.01.14 20:02:42.010,1.36722,1.36724,1.00,5.78
2014.01.14 20:02:48.901,1.36721,1.36723,2.63,3.75
2014.01.14 20:02:49.052,1.36717,1.36721,6.16,5.95
2014.01.14 20:02:49.103,1.36717,1.3672,3.99,5.65
2014.01.14 20:02:49.255,1.36716,1.36718,2.40,6.38
2014.01.14 20:02:49.760,1.36715,1.36717,1.88,3.00
2014.01.14 20:02:51.275,1.36715,1.36717,2.63,7.13
2014.01.14 20:02:52.131,1.36716,1.36718,1.00,1.65
2014.01.14 20:02:52.693,1.36715,1.36718,2.63,5.41
2014.01.14 20:03:06.985,1.36716,1.36717,1.65,3.38
2014.01.14 20:03:07.588,1.36715,1.36717,5.49,1.88
2014.01.14 20:03:19.025,1.36716,1.36717,1.20,7.88
2014.01.14 20:03:21.051,1.36715,1.36717,3.99,4.13
2014.01.14 20:03:26.874,1.36714,1.36717,6.00,8.03
2014.01.14 20:03:27.177,1.36709,1.36712,3.12,5.25
2014.01.14 20:03:27.379,1.36709,1.36711,1.00,5.25
2014.01.14 20:03:28.700,1.36708,1.36711,1.01,6.38
2014.01.14 20:03:29.258,1.36708,1.3671,1.01,3.75
2014.01.14 20:03:29.965,1.36708,1.3671,1.01,3.00
2014.01.14 20:03:33.820,1.36709,1.3671,1.00,1.50
2014.01.14 20:03:34.133,1.3671,1.36712,1.00,2.78
2014.01.14 20:03:34.676,1.36711,1.36712,1.00,2.40
2014.01.14 20:03:40.495,1.36712,1.36713,1.00,1.50
2014.01.14 20:03:41.019,1.36712,1.36713,1.00,4.13
2014.01.14 20:03:42.224,1.3671,1.36713,1.65,4.50
2014.01.14 20:03:43.221,1.36709,1.36713,2.86,4.28
2014.01.14 20:03:46.072,1.36709,1.36711,2.11,2.25
2014.01.14 20:03:47.640,1.36709,1.36711,1.74,3.25
2014.01.14 20:03:47.691,1.36708,1.36711,1.81,3.63
2014.01.14 20:03:47.843,1.36708,1.36711,1.00,8.63
2014.01.14 20:03:49.730,1.36709,1.36711,1.00,9.38
2014.01.14 20:03:50.306,1.36702,1.36709,1.58,1.00
2014.01.14 20:03:51.027,1.36708,1.3671,1.00,2.63
2014.01.14 20:03:51.575,1.36708,1.3671,1.00,2.40
2014.01.14 20:03:52.089,1.36708,1.3671,1.00,6.15
2014.01.14 20:03:52.443,1.3671,1.36712,1.00,1.50
2014.01.14 20:03:52.971,1.36709,1.36713,2.25,2.10
2014.01.14 20:03:53.490,1.36711,1.36713,1.00,1.00
2014.01.14 20:03:54.200,1.3671,1.36713,2.78,1.00
2014.01.14 20:03:54.861,1.3671,1.36713,2.78,1.13
2014.01.14 20:03:56.251,1.36709,1.36711,1.95,1.00
2014.01.14 20:03:56.403,1.36708,1.36711,2.03,2.25
2014.01.14 20:03:56.912,1.36709,1.36711,1.00,2.25
2014.01.14 20:04:00.061,1.36708,1.36711,1.10,2.70
2014.01.14 20:04:00.565,1.36707,1.3671,1.00,1.65
2014.01.14 20:04:02.600,1.36708,1.3671,1.00,1.65
2014.01.14 20:04:04.342,1.36708,1.36711,1.00,1.13
2014.01.14 20:04:04.869,1.3671,1.36711,1.00,2.63
2014.01.14 20:04:05.393,1.36707,1.3671,2.64,1.50
2014.01.14 20:04:06.105,1.3671,1.36712,1.13,5.03
2014.01.14 20:04:06.479,1.36709,1.3671,1.50,2.33
2014.01.14 20:04:07.002,1.3671,1.36711,1.13,4.88
2014.01.14 20:04:07.204,1.3671,1.36712,1.13,1.88
2014.01.14 20:04:07.740,1.3671,1.36712,1.13,4.20
2014.01.14 20:04:08.268,1.36709,1.36711,1.00,4.65
2014.01.14 20:04:08.793,1.36709,1.36711,1.00,4.65
2014.01.14 20:04:09.247,1.3671,1.36713,2.11,3.53
2014.01.14 20:04:09.298,1.3671,1.36713,2.49,5.78
2014.01.14 20:04:10.609,1.36712,1.36713,1.31,3.90
2014.01.14 20:04:11.477,1.36712,1.36715,1.00,6.15
2014.01.14 20:04:11.528,1.36713,1.36715,1.50,4.65
2014.01.14 20:04:11.629,1.36713,1.36715,1.50,6.90
2014.01.14 20:04:12.175,1.36713,1.36715,1.00,1.65
2014.01.14 20:04:12.696,1.36714,1.36715,1.13,3.90
2014.01.14 20:04:12.797,1.36715,1.36717,4.13,1.65
2014.01.14 20:04:12.900,1.36715,1.36717,3.76,1.50
2014.01.14 20:04:13.153,1.36713,1.36715,3.76,3.00
2014.01.14 20:04:13.305,1.36713,1.36715,1.51,3.00
2014.01.14 20:04:13.408,1.36714,1.36715,1.00,3.75
2014.01.14 20:04:13.811,1.36715,1.36716,1.50,1.88
2014.01.14 20:04:16.460,1.36716,1.36718,3.25,1.50
2014.01.14 20:04:17.563,1.36716,1.36717,1.00,1.00
2014.01.14 20:04:17.916,1.36713,1.36715,1.50,3.00
2014.01.14 20:04:18.428,1.36714,1.36715,1.00,1.50
2014.01.14 20:04:19.100,1.36713,1.36715,1.50,1.50
2014.01.14 20:04:20.548,1.36713,1.36715,1.50,3.00
2014.01.14 20:04:21.063,1.36714,1.36715,1.00,3.00
2014.01.14 20:04:23.640,1.36714,1.36716,1.50,2.78
2014.01.14 20:04:23.943,1.36716,1.36717,3.00,3.00
2014.01.14 20:04:24.404,1.36717,1.36719,3.61,1.13
2014.01.14 20:04:24.505,1.36718,1.3672,1.00,1.50
2014.01.14 20:04:25.009,1.36719,1.3672,3.00,1.00
2014.01.14 20:04:26.131,1.36719,1.36721,3.00,3.90
2014.01.14 20:04:26.182,1.3672,1.36722,3.25,2.63
2014.01.14 20:04:26.687,1.3672,1.36722,1.00,5.78
2014.01.14 20:04:26.990,1.36721,1.36723,1.00,4.88
2014.01.14 20:04:27.495,1.36721,1.36723,1.61,2.25
2014.01.14 20:04:32.360,1.3672,1.36723,1.65,4.13
2014.01.14 20:04:32.883,1.36721,1.36723,1.61,3.75
2014.01.14 20:04:35.634,1.36722,1.36724,1.74,5.59
2014.01.14 20:04:36.651,1.36722,1.36723,1.74,2.25
2014.01.14 20:04:37.409,1.36721,1.36723,1.00,3.75
2014.01.14 20:04:38.447,1.36722,1.36723,2.49,3.00
2014.01.14 20:04:39.691,1.36723,1.36724,1.00,2.63
2014.01.14 20:04:39.750,1.36723,1.36725,1.00,5.63
2014.01.14 20:04:40.261,1.36723,1.36725,1.00,5.03
2014.01.14 20:04:41.145,1.36721,1.36724,2.49,2.25
2014.01.14 20:04:41.397,1.36721,1.36723,2.86,2.25
2014.01.14 20:04:41.947,1.3672,1.36722,1.20,2.25
2014.01.14 20:04:42.099,1.36717,1.36721,2.25,18.75
2014.01.14 20:04:42.200,1.36715,1.36719,4.59,12.16
2014.01.14 20:04:42.301,1.36715,1.36718,5.71,4.50
2014.01.14 20:04:42.514,1.36717,1.36719,2.25,4.65
2014.01.14 20:04:42.564,1.36717,1.36719,2.25,4.28
2014.01.14 20:04:44.561,1.36716,1.36719,4.50,2.03
2014.01.14 20:04:46.841,1.36716,1.36719,4.58,4.20
2014.01.14 20:04:47.373,1.36715,1.36719,5.25,9.75
2014.01.14 20:04:47.424,1.36715,1.36718,1.00,9.68
2014.01.14 20:04:47.929,1.36714,1.36716,1.00,2.25
2014.01.14 20:04:48.473,1.36714,1.36717,1.00,1.65
2014.01.14 20:04:48.980,1.36713,1.36717,6.39,5.03
2014.01.14 20:04:49.772,1.36713,1.36717,6.39,4.65
2014.01.14 20:04:50.341,1.36713,1.36717,6.39,6.72
2014.01.14 20:04:51.373,1.36713,1.36717,6.39,5.40
2014.01.14 20:04:52.490,1.36714,1.36717,3.00,5.40
2014.01.14 20:04:54.469,1.36715,1.36717,1.00,4.65
2014.01.14 20:04:54.998,1.36716,1.36717,2.25,1.00
2014.01.14 20:04:56.573,1.36716,1.36718,2.25,1.50
2014.01.14 20:04:57.091,1.36718,1.3672,2.25,2.78
2014.01.14 20:04:57.869,1.36718,1.3672,2.25,2.40
2014.01.14 20:04:58.657,1.36718,1.3672,2.25,1.88
2014.01.14 20:05:05.492,1.36719,1.3672,2.25,2.25
2014.01.14 20:05:08.601,1.36718,1.3672,3.75,2.25
2014.01.14 20:05:11.950,1.36718,1.36719,1.50,1.00
2014.01.14 20:05:12.255,1.36715,1.36718,2.25,6.75
2014.01.14 20:05:12.306,1.36714,1.36716,1.88,3.75
2014.01.14 20:05:12.458,1.36715,1.36717,2.03,1.00
2014.01.14 20:05:12.660,1.36717,1.36718,2.25,1.13
2014.01.14 20:05:13.164,1.36716,1.36718,1.20,3.00
2014.01.14 20:05:13.569,1.36716,1.36719,1.51,3.00
2014.01.14 20:05:13.872,1.36718,1.3672,1.00,5.25
2014.01.14 20:05:21.672,1.36719,1.3672,1.00,1.00
2014.01.14 20:05:21.975,1.3672,1.36722,1.00,3.90
2014.01.14 20:05:23.855,1.3672,1.36723,2.78,1.13
2014.01.14 20:05:24.390,1.36721,1.36724,1.50,1.58
2014.01.14 20:05:25.259,1.36721,1.36724,1.88,1.58
2014.01.14 20:05:26.372,1.36723,1.36726,3.75,7.58
2014.01.14 20:05:26.626,1.36726,1.36729,1.50,7.50
2014.01.14 20:05:26.727,1.36724,1.36726,1.20,6.38
2014.01.14 20:05:26.831,1.36721,1.36725,2.64,8.66
2014.01.14 20:05:27.341,1.36721,1.36725,2.64,8.41
2014.01.14 20:05:30.495,1.36721,1.36724,1.51,5.50
2014.01.14 20:05:31.002,1.3672,1.36723,2.25,8.63
2014.01.14 20:05:31.516,1.3672,1.36723,2.25,8.63
2014.01.14 20:05:32.381,1.36719,1.36722,1.14,5.25
2014.01.14 20:05:32.900,1.36719,1.36722,2.26,6.38
2014.01.14 20:05:33.413,1.36719,1.36722,2.26,6.38
2014.01.14 20:05:35.512,1.36719,1.36722,2.26,6.38
2014.01.14 20:05:36.463,1.36719,1.36722,5.64,3.00
2014.01.14 20:05:38.329,1.3672,1.36723,4.13,6.15
2014.01.14 20:05:46.994,1.3672,1.36723,1.88,6.15
2014.01.14 20:05:47.508,1.3672,1.36723,1.88,6.15
2014.01.14 20:05:49.652,1.36719,1.36723,2.26,8.78
2014.01.14 20:05:52.067,1.36719,1.3672,2.11,1.00
2014.01.14 20:05:53.717,1.36719,1.36721,2.11,1.13
2014.01.14 20:05:54.172,1.3672,1.36723,1.00,4.13
2014.01.14 20:05:54.475,1.36727,1.3673,1.88,2.18
2014.01.14 20:05:54.728,1.36727,1.36731,6.62,1.00
2014.01.14 20:05:55.232,1.36727,1.36731,4.14,2.25
2014.01.14 20:06:02.031,1.36728,1.3673,2.26,1.00
2014.01.14 20:06:03.258,1.36728,1.36731,2.26,1.00
2014.01.14 20:06:05.325,1.3673,1.36732,1.00,3.90
2014.01.14 20:06:05.477,1.36731,1.36733,2.11,3.38
2014.01.14 20:06:05.629,1.36731,1.36733,1.50,1.00
2014.01.14 20:06:06.163,1.36732,1.36734,2.64,3.00
2014.01.14 20:06:08.718,1.36734,1.36735,1.50,4.50
2014.01.14 20:06:09.268,1.36733,1.36734,1.50,2.40
2014.01.14 20:06:09.677,1.36731,1.36734,4.88,7.53
2014.01.14 20:06:09.729,1.36729,1.36733,3.75,8.85
2014.01.14 20:06:10.448,1.36728,1.36732,2.11,5.63
2014.01.14 20:06:18.347,1.36728,1.36732,2.64,3.15
2014.01.14 20:06:28.486,1.36731,1.36736,7.61,2.10
2014.01.14 20:06:28.537,1.36733,1.36736,5.63,2.25
2014.01.14 20:06:28.739,1.36735,1.36739,5.19,2.70
2014.01.14 20:06:28.941,1.36735,1.36738,6.39,1.00
2014.01.14 20:06:29.451,1.36735,1.36739,5.64,2.25
2014.01.14 20:06:29.552,1.36735,1.36739,7.81,2.25
2014.01.14 20:06:34.897,1.36736,1.36738,4.74,3.00
2014.01.14 20:06:35.200,1.36734,1.36735,1.50,1.00
2014.01.14 20:06:35.706,1.36733,1.36735,2.25,1.00
2014.01.14 20:06:39.809,1.36733,1.36734,1.00,1.00
2014.01.14 20:06:40.363,1.36732,1.36734,1.65,1.13
2014.01.14 20:06:41.674,1.36732,1.36734,2.97,3.00
2014.01.14 20:06:42.232,1.36731,1.36734,6.46,3.38
2014.01.14 20:06:42.744,1.36731,1.36734,4.51,3.75
2014.01.14 20:06:43.567,1.36731,1.36734,4.51,2.63
2014.01.14 20:06:44.072,1.36732,1.36734,1.65,3.38
2014.01.14 20:06:45.670,1.36733,1.36735,2.50,3.00
2014.01.14 20:06:45.981,1.36732,1.36734,1.65,3.38
2014.01.14 20:06:46.483,1.36732,1.36734,1.65,2.63
2014.01.14 20:06:49.178,1.36731,1.36734,3.01,3.23
2014.01.14 20:06:49.250,1.36724,1.36732,3.00,3.63
2014.01.14 20:06:49.304,1.36725,1.36728,8.51,4.13
2014.01.14 20:06:49.409,1.36723,1.36726,3.00,6.53
2014.01.14 20:06:49.662,1.36722,1.36724,3.00,1.88
2014.01.14 20:06:51.086,1.36721,1.36724,2.25,1.50
2014.01.14 20:06:53.963,1.36721,1.36725,2.33,8.70
2014.01.14 20:06:54.229,1.36721,1.36725,7.21,8.10
2014.01.14 20:06:54.433,1.36724,1.36728,1.39,2.40
2014.01.14 20:06:54.634,1.36726,1.36728,2.25,1.65
2014.01.14 20:06:56.862,1.36725,1.36728,3.38,3.53
2014.01.14 20:06:57.380,1.36725,1.36728,3.53,3.38
2014.01.14 20:06:57.953,1.36727,1.36728,2.25,1.00
2014.01.14 20:07:17.060,1.36726,1.36728,3.15,1.00
2014.01.14 20:07:17.610,1.36726,1.36728,4.65,1.50
2014.01.14 20:07:30.870,1.36727,1.36729,3.83,1.13
2014.01.14 20:07:33.321,1.36727,1.3673,4.65,3.23
2014.01.14 20:07:35.748,1.36727,1.36728,2.25,1.50
2014.01.14 20:07:37.404,1.36727,1.36728,3.75,1.50
2014.01.14 20:07:37.911,1.36727,1.36729,2.25,1.13
2014.01.14 20:07:39.626,1.36727,1.36728,3.90,1.47
2014.01.14 20:07:42.578,1.36726,1.36728,5.26,1.47
2014.01.14 20:07:43.033,1.36724,1.36726,2.25,1.28
2014.01.14 20:07:43.605,1.36724,1.36726,6.53,1.00
2014.01.14 20:07:45.491,1.36725,1.36728,8.25,1.20
2014.01.14 20:07:47.618,1.36726,1.36727,2.25,1.00
2014.01.14 20:07:48.149,1.36724,1.36726,1.58,1.00
2014.01.14 20:07:48.200,1.36722,1.36724,1.65,1.00
2014.01.14 20:07:49.738,1.36722,1.36724,1.50,3.53
2014.01.14 20:07:49.840,1.3672,1.36724,4.44,9.08
2014.01.14 20:07:50.537,1.36719,1.36723,3.75,8.78
2014.01.14 20:07:51.077,1.36719,1.36723,6.00,2.40
2014.01.14 20:07:55.298,1.3672,1.36724,3.53,3.90
2014.01.14 20:07:57.347,1.3672,1.36724,3.90,3.90
2014.01.14 20:07:57.852,1.36722,1.36724,3.00,1.20
2014.01.14 20:07:58.275,1.36724,1.36726,1.00,5.10
2014.01.14 20:07:58.427,1.36726,1.36727,3.75,1.00
2014.01.14 20:07:58.932,1.36726,1.36728,3.75,2.63
2014.01.14 20:07:59.222,1.36726,1.36729,5.40,3.00
2014.01.14 20:07:59.868,1.36726,1.36729,5.40,3.00
2014.01.14 20:08:02.743,1.36728,1.3673,2.25,5.63
2014.01.14 20:08:06.715,1.36728,1.36729,2.25,1.50
2014.01.14 20:08:07.744,1.36727,1.36728,1.20,1.88
2014.01.14 20:08:07.953,1.36725,1.36728,7.88,5.78
2014.01.14 20:08:08.616,1.36725,1.36727,5.63,2.25
2014.01.14 20:08:09.124,1.36725,1.36727,2.40,2.25
2014.01.14 20:08:10.750,1.36725,1.36728,4.65,5.63
2014.01.14 20:08:11.269,1.36726,1.36728,5.40,1.50
2014.01.14 20:08:13.185,1.36727,1.36729,2.25,2.48
2014.01.14 20:08:13.964,1.36727,1.36729,2.40,2.48
2014.01.14 20:08:14.545,1.36727,1.3673,2.25,5.63
2014.01.14 20:08:15.574,1.36728,1.36731,5.40,3.75
2014.01.14 20:08:15.725,1.3673,1.36732,5.25,1.95
2014.01.14 20:08:15.776,1.36729,1.36731,4.58,1.50
2014.01.14 20:08:16.281,1.36729,1.36732,4.65,1.00
2014.01.14 20:08:19.561,1.36729,1.36731,3.90,1.00
2014.01.14 20:08:19.663,1.36729,1.3673,1.00,1.50
2014.01.14 20:08:20.168,1.36726,1.36728,1.15,1.88
2014.01.14 20:08:20.472,1.36724,1.36726,1.00,2.50
2014.01.14 20:08:20.674,1.36724,1.36727,5.26,1.20
2014.01.14 20:08:20.826,1.36725,1.36729,8.46,1.58
2014.01.14 20:08:20.978,1.36726,1.36729,3.45,2.63
2014.01.14 20:08:22.457,1.36727,1.36729,3.40,1.00
2014.01.14 20:08:23.556,1.36727,1.36729,3.15,1.00
2014.01.14 20:08:24.686,1.36728,1.36729,1.00,1.00
2014.01.14 20:08:29.404,1.36728,1.36733,2.49,6.30
2014.01.14 20:08:29.606,1.36731,1.36733,3.61,4.13
2014.01.14 20:08:29.707,1.36731,1.36734,3.61,2.03
2014.01.14 20:08:30.225,1.36731,1.36734,2.74,2.40
2014.01.14 20:08:31.055,1.36731,1.36733,1.36,1.13
2014.01.14 20:08:31.208,1.3673,1.36731,1.20,1.50
2014.01.14 20:08:40.096,1.3673,1.36733,1.00,2.63
2014.01.14 20:08:41.729,1.3673,1.36731,1.20,1.50
2014.01.14 20:08:44.147,1.3673,1.36735,4.14,4.13
2014.01.14 20:08:44.249,1.36734,1.36738,5.26,1.45
2014.01.14 20:08:44.300,1.36735,1.36737,4.96,1.10
2014.01.14 20:08:44.351,1.36735,1.36737,8.64,1.50
2014.01.14 20:08:44.453,1.36736,1.36739,4.15,2.25
2014.01.14 20:08:44.958,1.36739,1.36742,2.50,5.63
2014.01.14 20:08:48.217,1.3674,1.36742,2.50,5.82
2014.01.14 20:08:48.671,1.3674,1.36744,7.65,2.03
2014.01.14 20:08:50.771,1.36741,1.36744,2.50,3.53
2014.01.14 20:08:51.328,1.36741,1.36744,2.50,3.53
2014.01.14 20:08:51.994,1.36741,1.36744,2.50,3.53
2014.01.14 20:08:57.282,1.36741,1.36744,2.25,4.28
2014.01.14 20:09:01.027,1.36741,1.36743,1.50,1.00
2014.01.14 20:09:04.170,1.36741,1.36743,1.50,6.30
2014.01.14 20:09:04.674,1.3674,1.36742,5.03,1.00
2014.01.14 20:09:05.667,1.3674,1.36742,3.40,1.00
2014.01.14 20:09:08.077,1.3674,1.36742,1.20,2.25
2014.01.14 20:09:20.689,1.36739,1.36741,3.08,1.00
2014.01.14 20:09:21.237,1.36739,1.36741,1.00,4.13
2014.01.14 20:09:24.012,1.36738,1.36741,1.20,4.88
2014.01.14 20:09:24.573,1.36738,1.36741,4.15,1.50
2014.01.14 20:09:26.578,1.3674,1.36741,3.61,1.50
2014.01.14 20:09:26.882,1.36742,1.36744,4.89,1.00
2014.01.14 20:09:26.933,1.36742,1.36744,2.26,1.50
2014.01.14 20:09:32.635,1.3674,1.36743,2.11,1.00
2014.01.14 20:09:35.566,1.3674,1.36742,1.00,1.50
2014.01.14 20:09:36.075,1.36741,1.36743,1.00,1.50
2014.01.14 20:09:37.348,1.36742,1.36743,1.00,1.50
2014.01.14 20:09:38.671,1.36742,1.36744,1.00,1.20
2014.01.14 20:09:46.455,1.36742,1.36743,1.00,1.50
2014.01.14 20:09:47.272,1.36739,1.36743,4.06,1.58
2014.01.14 20:09:50.672,1.36738,1.36741,2.26,2.25
2014.01.14 20:09:55.603,1.3674,1.36742,1.00,6.15
2014.01.14 20:10:00.126,1.36741,1.36743,1.00,6.00
2014.01.14 20:10:01.236,1.36738,1.36741,6.01,2.25
2014.01.14 20:10:02.870,1.36738,1.36742,7.01,3.15
2014.01.14 20:10:04.085,1.36738,1.3674,1.51,2.25
2014.01.14 20:10:04.757,1.36739,1.36741,1.00,3.00
2014.01.14 20:10:05.643,1.36738,1.3674,1.51,2.25
2014.01.14 20:10:06.182,1.36739,1.36742,1.00,3.15
2014.01.14 20:10:17.641,1.36741,1.36742,1.00,1.65
2014.01.14 20:10:18.147,1.36741,1.36743,1.50,1.50
2014.01.14 20:10:20.692,1.36742,1.36743,1.00,1.50
2014.01.14 20:10:21.726,1.3674,1.36743,1.10,1.95
2014.01.14 20:10:21.828,1.3674,1.36743,1.00,2.03
2014.01.14 20:10:35.681,1.3674,1.36742,1.00,1.65
2014.01.14 20:10:42.203,1.36741,1.36743,1.00,2.03
2014.01.14 20:10:49.287,1.36741,1.36742,1.00,1.00
2014.01.14 20:10:50.597,1.3674,1.36742,1.00,1.50
2014.01.14 20:10:56.989,1.3674,1.36741,1.00,1.00
2014.01.14 20:10:57.242,1.3674,1.36744,1.00,4.05
2014.01.14 20:10:57.343,1.3674,1.36743,1.00,2.25
2014.01.14 20:11:01.004,1.3674,1.36743,1.15,1.50
2014.01.14 20:11:03.288,1.3674,1.36743,1.13,1.65
2014.01.14 20:11:11.074,1.3674,1.36741,1.00,1.00
2014.01.14 20:11:13.440,1.36739,1.36741,1.00,4.65
2014.01.14 20:11:13.744,1.36734,1.36736,1.50,1.50
2014.01.14 20:11:14.150,1.36733,1.36734,1.00,1.00
2014.01.14 20:11:14.201,1.36732,1.36734,1.00,2.63
2014.01.14 20:11:14.404,1.3673,1.36733,3.00,1.20
2014.01.14 20:11:15.057,1.36731,1.36733,1.00,1.65
2014.01.14 20:11:17.620,1.36732,1.36733,1.50,1.00
2014.01.14 20:11:17.722,1.36733,1.36736,4.13,5.63
2014.01.14 20:11:17.773,1.36737,1.3674,10.50,1.35
2014.01.14 20:11:17.825,1.36738,1.36741,10.28,2.48
2014.01.14 20:11:17.977,1.36738,1.36742,9.90,3.23
2014.01.14 20:11:18.180,1.36738,1.36742,2.40,3.60
2014.01.14 20:11:18.714,1.36739,1.36741,2.65,1.88
2014.01.14 20:11:19.038,1.36739,1.36743,6.15,1.65
2014.01.14 20:11:19.554,1.36739,1.36743,6.15,1.65
2014.01.14 20:11:20.152,1.3674,1.36744,2.88,1.65
2014.01.14 20:11:20.676,1.36742,1.36745,6.75,3.60
2014.01.14 20:11:24.718,1.36744,1.36747,6.75,1.50
2014.01.14 20:11:24.769,1.36745,1.36747,7.95,1.50
2014.01.14 20:11:24.972,1.36745,1.36747,7.95,1.00
2014.01.14 20:11:25.499,1.36746,1.36749,5.25,3.45
2014.01.14 20:11:30.507,1.36746,1.36749,6.75,1.95
2014.01.14 20:11:30.919,1.36748,1.36755,7.88,3.30
2014.01.14 20:11:31.070,1.36748,1.36753,9.64,1.28
2014.01.14 20:11:31.658,1.3675,1.36754,2.50,3.60
2014.01.14 20:11:32.169,1.3675,1.36754,2.50,3.75
2014.01.14 20:11:33.324,1.3675,1.36754,2.50,3.60
2014.01.14 20:11:34.094,1.3675,1.36754,2.50,3.60
2014.01.14 20:11:35.625,1.36751,1.36754,1.00,4.73
2014.01.14 20:11:37.749,1.36752,1.36755,3.25,4.65
2014.01.14 20:11:38.560,1.36752,1.36755,4.00,5.40
2014.01.14 20:11:41.500,1.36753,1.36755,1.00,4.65
2014.01.14 20:11:42.109,1.36753,1.36754,1.00,2.25
2014.01.14 20:11:43.041,1.36753,1.36755,1.00,3.90
2014.01.14 20:11:43.344,1.36755,1.36758,6.53,2.63
2014.01.14 20:11:43.846,1.36756,1.36759,5.40,3.00
2014.01.14 20:11:43.998,1.36756,1.36758,1.00,4.28
2014.01.14 20:11:44.516,1.36756,1.36758,1.00,1.88
2014.01.14 20:11:45.081,1.36755,1.36758,2.40,1.88
2014.01.14 20:11:45.575,1.36755,1.36758,7.05,1.88
2014.01.14 20:11:46.080,1.36755,1.36758,2.25,1.88
2014.01.14 20:11:46.413,1.36754,1.36757,3.75,1.65
2014.01.14 20:11:46.867,1.36755,1.36758,3.33,4.95
2014.01.14 20:11:47.372,1.36756,1.36758,3.25,2.63
2014.01.14 20:11:50.190,1.36756,1.36758,2.63,1.50
2014.01.14 20:11:50.393,1.36757,1.3676,3.40,6.75
2014.01.14 20:11:51.585,1.36757,1.3676,3.15,4.50
2014.01.14 20:11:51.687,1.36757,1.36758,3.08,1.00
2014.01.14 20:11:51.990,1.36754,1.36756,3.75,3.00
2014.01.14 20:11:54.092,1.36753,1.36755,1.00,6.90
2014.01.14 20:11:54.415,1.36752,1.36754,1.50,2.25
2014.01.14 20:11:54.987,1.36752,1.36754,1.50,2.25
2014.01.14 20:11:58.608,1.36752,1.36754,3.11,2.25
2014.01.14 20:11:58.810,1.36753,1.36756,4.50,1.65
2014.01.14 20:11:59.324,1.36753,1.36755,1.00,3.75
2014.01.14 20:12:01.046,1.36753,1.36756,13.81,1.10
2014.01.14 20:12:01.248,1.36755,1.36759,8.33,4.58
2014.01.14 20:12:01.783,1.36756,1.36759,4.53,4.50
2014.01.14 20:12:02.688,1.36756,1.36758,2.78,2.25
2014.01.14 20:12:04.516,1.36756,1.36758,2.28,1.50
2014.01.14 20:12:04.718,1.36756,1.36758,4.45,1.65
2014.01.14 20:12:05.242,1.36756,1.36759,7.39,2.25
2014.01.14 20:12:13.296,1.36758,1.3676,1.00,6.15
2014.01.14 20:12:18.523,1.36758,1.36759,1.00,2.25
2014.01.14 20:12:19.897,1.36758,1.3676,3.00,3.90
2014.01.14 20:12:20.302,1.36759,1.36761,2.63,2.63
2014.01.14 20:12:23.915,1.3676,1.36761,1.00,2.25
2014.01.14 20:12:24.767,1.3676,1.36762,1.00,3.90
2014.01.14 20:12:25.687,1.36759,1.36762,2.48,3.90
2014.01.14 20:12:30.204,1.3676,1.36762,1.00,3.90
2014.01.14 20:12:31.175,1.36761,1.36764,2.13,5.85
2014.01.14 20:12:31.226,1.36761,1.36764,2.13,4.65
2014.01.14 20:12:32.929,1.36762,1.36764,2.13,1.65
2014.01.14 20:12:33.434,1.36763,1.36765,1.00,5.25
2014.01.14 20:12:33.839,1.36764,1.36766,5.34,1.00
2014.01.14 20:12:34.345,1.36764,1.36766,1.00,4.50
2014.01.14 20:12:34.396,1.36764,1.36766,1.50,3.75
2014.01.14 20:12:34.548,1.36762,1.36764,2.25,4.95
2014.01.14 20:12:34.649,1.36763,1.36765,1.50,6.15
2014.01.14 20:12:35.221,1.36763,1.36764,1.50,2.25
2014.01.14 20:12:35.935,1.36763,1.36765,1.50,6.15
2014.01.14 20:12:37.884,1.36763,1.36765,1.00,5.40
2014.01.14 20:12:38.992,1.36763,1.36765,1.00,5.40
2014.01.14 20:12:39.496,1.36762,1.36764,1.00,4.13
2014.01.14 20:12:40.224,1.36762,1.36764,1.00,4.20
2014.01.14 20:12:41.025,1.36759,1.36763,2.85,3.83
2014.01.14 20:12:41.178,1.36759,1.36761,1.00,2.40
2014.01.14 20:12:41.430,1.36758,1.3676,3.38,2.63
2014.01.14 20:12:41.947,1.36758,1.3676,1.00,2.63
2014.01.14 20:12:53.068,1.36758,1.3676,1.88,2.63
2014.01.14 20:12:53.170,1.36757,1.36759,3.90,1.50
2014.01.14 20:12:53.272,1.36754,1.36757,4.88,4.65
2014.01.14 20:12:53.474,1.36753,1.36755,3.75,1.65
2014.01.14 20:12:55.265,1.36754,1.36756,4.02,1.50
2014.01.14 20:12:55.417,1.36755,1.36758,7.21,4.05
2014.01.14 20:12:55.928,1.36755,1.36758,4.58,1.88
2014.01.14 20:12:56.629,1.36755,1.36757,2.25,1.50
2014.01.14 20:12:56.730,1.36754,1.36755,1.10,1.50
2014.01.14 20:12:57.235,1.36753,1.36755,2.10,1.50
2014.01.14 20:12:57.538,1.36753,1.36758,14.19,2.33
2014.01.14 20:12:57.739,1.36754,1.36758,9.19,1.58
2014.01.14 20:13:01.434,1.36755,1.36758,1.00,1.58
2014.01.14 20:13:01.798,1.36756,1.36758,4.15,1.00
2014.01.14 20:13:01.899,1.36756,1.3676,5.40,2.40
2014.01.14 20:13:02.405,1.36756,1.36759,5.40,1.00
2014.01.14 20:13:10.048,1.36757,1.36758,1.00,1.50
2014.01.14 20:13:10.352,1.36755,1.36757,1.88,1.65
2014.01.14 20:13:10.864,1.36755,1.36757,2.03,1.50
2014.01.14 20:13:11.379,1.36755,1.36757,1.28,1.50
2014.01.14 20:13:11.683,1.36754,1.36756,3.38,1.00
2014.01.14 20:13:11.987,1.36752,1.36754,1.20,1.50
2014.01.14 20:13:21.319,1.36753,1.36756,6.76,1.58
2014.01.14 20:13:21.841,1.36755,1.36757,4.65,1.50
2014.01.14 20:13:25.340,1.36755,1.36759,5.65,2.40
2014.01.14 20:13:25.846,1.36756,1.3676,2.13,1.15
2014.01.14 20:13:26.463,1.36756,1.3676,2.13,1.15
2014.01.14 20:13:29.195,1.36756,1.3676,1.88,1.15
2014.01.14 20:13:34.106,1.36755,1.36758,6.01,1.50
2014.01.14 20:13:44.105,1.36757,1.3676,1.00,1.65
2014.01.14 20:13:44.719,1.36757,1.3676,1.08,1.50
2014.01.14 20:13:44.770,1.36757,1.3676,1.65,1.00
2014.01.14 20:13:44.827,1.36757,1.3676,1.65,1.50
2014.01.14 20:13:54.012,1.36759,1.3676,1.00,1.00
2014.01.14 20:13:55.382,1.36759,1.36763,3.75,4.35
2014.01.14 20:13:55.534,1.36759,1.36763,5.03,1.58
2014.01.14 20:13:55.685,1.36759,1.36763,8.63,1.10
2014.01.14 20:13:56.210,1.3676,1.36765,6.63,8.85
2014.01.14 20:13:59.563,1.36759,1.36762,2.40,2.25
2014.01.14 20:13:59.614,1.36759,1.36762,2.03,2.25
2014.01.14 20:14:02.983,1.36759,1.36762,1.13,4.28
2014.01.14 20:14:03.552,1.36758,1.36761,5.78,1.00
2014.01.14 20:14:04.313,1.36758,1.36762,6.53,5.03
2014.01.14 20:14:10.696,1.3676,1.36762,2.25,1.65
2014.01.14 20:14:11.362,1.36759,1.36762,3.38,1.65
2014.01.14 20:14:14.725,1.36759,1.36762,3.38,1.65
2014.01.14 20:14:18.341,1.36761,1.36763,1.00,1.58
2014.01.14 20:14:25.663,1.3676,1.36764,2.78,2.10
2014.01.14 20:14:27.533,1.3676,1.36764,3.03,1.73
2014.01.14 20:14:37.305,1.36761,1.36764,1.15,1.58
2014.01.14 20:14:39.918,1.36761,1.36765,9.68,2.25
2014.01.14 20:14:40.322,1.36761,1.36765,5.03,1.50
2014.01.14 20:14:58.653,1.36762,1.36765,2.41,3.75
2014.01.14 20:14:59.740,1.36762,1.36765,4.53,3.75
2014.01.14 20:15:00.297,1.36762,1.36765,7.66,1.50
2014.01.14 20:15:01.271,1.36765,1.36766,1.00,1.50
2014.01.14 20:15:04.450,1.36763,1.36766,3.53,2.50
2014.01.14 20:15:04.952,1.36763,1.36767,7.53,1.20
2014.01.14 20:15:07.041,1.36764,1.36767,5.88,2.40
2014.01.14 20:15:07.582,1.36764,1.36769,6.03,2.78
2014.01.14 20:15:08.121,1.36764,1.36766,2.03,1.50
2014.01.14 20:15:13.066,1.36764,1.36766,2.70,1.58
2014.01.14 20:15:13.582,1.36763,1.36765,2.63,3.75
2014.01.14 20:15:14.809,1.36763,1.36765,1.00,4.88
2014.01.14 20:15:15.342,1.36761,1.36764,4.50,3.90
2014.01.14 20:15:16.066,1.36761,1.36764,7.75,3.90
2014.01.14 20:15:21.750,1.36761,1.36764,5.50,3.90
2014.01.14 20:15:29.743,1.36762,1.36764,4.38,1.65
2014.01.14 20:15:32.540,1.36762,1.36764,3.75,1.65
2014.01.14 20:15:33.217,1.36762,1.36765,5.40,3.00
2014.01.14 20:15:41.634,1.36765,1.36767,3.25,1.00
2014.01.14 20:15:41.736,1.36765,1.36768,6.00,2.78
2014.01.14 20:15:43.840,1.36765,1.36767,7.88,1.00
2014.01.14 20:15:45.818,1.36765,1.36767,1.50,3.45
2014.01.14 20:15:46.431,1.36764,1.36765,1.00,3.75
2014.01.14 20:15:57.322,1.36763,1.36765,3.00,3.75
2014.01.14 20:15:57.922,1.36762,1.36765,4.95,4.58
2014.01.14 20:15:59.548,1.36762,1.36765,5.63,2.40
2014.01.14 20:16:00.248,1.36762,1.36765,5.63,4.65
2014.01.14 20:16:13.537,1.36763,1.36765,1.00,1.65
2014.01.14 20:16:14.654,1.36762,1.36765,3.75,5.40
2014.01.14 20:16:22.986,1.36762,1.36765,4.13,3.90
2014.01.14 20:16:26.109,1.36762,1.36765,4.13,4.65
2014.01.14 20:16:26.763,1.36762,1.36763,1.88,1.00
2014.01.14 20:16:26.965,1.3676,1.36763,2.40,5.25
2014.01.14 20:16:27.218,1.36756,1.36758,3.75,1.00
2014.01.14 20:16:27.522,1.36757,1.3676,1.00,2.40
2014.01.14 20:16:29.762,1.36758,1.3676,2.25,1.65
2014.01.14 20:16:30.366,1.36758,1.3676,2.25,1.65
2014.01.14 20:16:31.398,1.36758,1.3676,2.25,1.20
2014.01.14 20:16:31.901,1.36758,1.36761,3.83,1.65
2014.01.14 20:16:36.420,1.36759,1.36761,2.25,1.15
2014.01.14 20:16:40.978,1.36758,1.36761,4.20,1.15
2014.01.14 20:16:41.579,1.36759,1.36761,3.75,1.00
2014.01.14 20:16:44.839,1.36759,1.36763,1.50,4.65
2014.01.14 20:16:51.958,1.36759,1.36763,2.25,3.90
2014.01.14 20:16:59.294,1.36759,1.36762,1.50,1.65
2014.01.14 20:16:59.801,1.36758,1.36762,1.65,8.78
2014.01.14 20:17:01.595,1.36758,1.36762,4.58,4.58
2014.01.14 20:17:02.113,1.36758,1.36763,4.28,3.53
2014.01.14 20:17:12.220,1.3676,1.36763,1.50,1.65
2014.01.14 20:17:16.952,1.3676,1.36764,2.25,3.90
2014.01.14 20:17:21.856,1.3676,1.36764,1.50,4.65
2014.01.14 20:17:22.370,1.3676,1.36764,1.50,6.63
2014.01.14 20:17:25.758,1.36761,1.36764,1.50,1.95
2014.01.14 20:17:25.809,1.36761,1.36764,1.50,1.20
2014.01.14 20:17:26.467,1.36761,1.36764,1.50,2.70
2014.01.14 20:17:45.201,1.3676,1.36763,2.33,1.00
2014.01.14 20:17:49.215,1.36761,1.36763,1.00,1.20
2014.01.14 20:17:52.946,1.36761,1.36763,1.00,1.20
2014.01.14 20:18:19.092,1.36761,1.36764,1.20,2.25
2014.01.14 20:18:24.977,1.36762,1.36764,1.00,1.13
2014.01.14 20:18:25.280,1.36762,1.36765,3.90,3.00
2014.01.14 20:18:26.793,1.36764,1.36767,3.25,2.03
2014.01.14 20:18:27.260,1.36764,1.36768,9.38,2.03
2014.01.14 20:18:28.237,1.36766,1.36768,1.00,1.13
2014.01.14 20:18:28.741,1.36767,1.36769,1.00,1.88
2014.01.14 20:18:29.246,1.36767,1.36769,1.00,1.50
2014.01.14 20:18:29.767,1.36766,1.36769,4.65,1.88
2014.01.14 20:18:30.020,1.36768,1.3677,2.25,1.65
2014.01.14 20:18:34.217,1.36768,1.3677,2.25,1.65
2014.01.14 20:18:34.770,1.36769,1.36771,3.25,6.00
2014.01.14 20:18:46.539,1.36769,1.36772,1.00,7.50
2014.01.14 20:18:47.719,1.36767,1.3677,3.75,2.25
2014.01.14 20:18:56.990,1.36769,1.36771,1.00,6.38
2014.01.14 20:19:00.230,1.36767,1.36769,3.75,1.00
2014.01.14 20:19:00.732,1.36767,1.36771,4.75,7.50
2014.01.14 20:19:01.397,1.36769,1.36771,2.40,1.88
2014.01.14 20:19:01.709,1.36769,1.36773,3.90,4.28
2014.01.14 20:19:02.516,1.3677,1.36772,1.50,3.60
2014.01.14 20:19:03.884,1.3677,1.36771,1.50,2.25
2014.01.14 20:19:04.369,1.3677,1.36772,1.50,1.35
2014.01.14 20:19:04.923,1.3677,1.36772,1.50,5.10
2014.01.14 20:19:06.129,1.36771,1.36773,1.88,1.65
2014.01.14 20:19:06.432,1.36772,1.36775,3.83,3.83
2014.01.14 20:19:06.534,1.36774,1.36776,1.00,2.63
2014.01.14 20:19:06.635,1.36776,1.36777,1.00,1.58
2014.01.14 20:19:06.989,1.36777,1.36779,2.82,1.20
2014.01.14 20:19:07.191,1.36776,1.36779,4.50,2.78
2014.01.14 20:19:10.592,1.36778,1.3678,1.00,8.33
2014.01.14 20:19:10.895,1.36778,1.3678,1.50,6.00
2014.01.14 20:19:12.539,1.36778,1.3678,3.75,3.83
2014.01.14 20:19:19.298,1.36776,1.36779,5.10,1.88
2014.01.14 20:19:19.551,1.36774,1.36777,1.13,6.00
2014.01.14 20:19:19.854,1.36774,1.36775,1.50,3.75
2014.01.14 20:19:23.674,1.36775,1.36776,1.00,2.25
2014.01.14 20:19:27.516,1.36775,1.36777,1.00,2.40
2014.01.14 20:19:27.780,1.36774,1.36776,1.00,1.00
2014.01.14 20:19:28.330,1.36774,1.36776,3.00,1.50
2014.01.14 20:19:31.827,1.36775,1.36777,1.00,4.65
2014.01.14 20:19:32.015,1.36775,1.36778,3.15,8.18
2014.01.14 20:19:32.218,1.36777,1.36778,2.40,1.00
2014.01.14 20:19:34.038,1.36778,1.36779,2.25,2.63
2014.01.14 20:19:36.126,1.36778,1.36782,4.75,4.50
2014.01.14 20:19:36.429,1.36778,1.3678,2.25,1.88
2014.01.14 20:19:36.976,1.36778,1.3678,2.50,1.88
2014.01.14 20:19:38.643,1.36777,1.36779,1.65,2.25
2014.01.14 20:19:38.744,1.36777,1.3678,2.40,2.63
2014.01.14 20:19:42.900,1.36776,1.36779,2.40,1.00
2014.01.14 20:19:47.263,1.36776,1.36779,1.00,4.62
2014.01.14 20:19:47.415,1.36775,1.36776,2.68,2.25
2014.01.14 20:19:50.813,1.36774,1.36776,1.50,2.25
2014.01.14 20:19:51.727,1.36774,1.36777,1.65,1.00
2014.01.14 20:19:52.234,1.36773,1.36775,3.90,5.25
2014.01.14 20:19:52.739,1.36771,1.36774,3.15,2.25
2014.01.14 20:19:53.244,1.36771,1.36773,2.40,3.38
2014.01.14 20:19:53.767,1.36771,1.36773,3.90,2.25
2014.01.14 20:19:59.424,1.36773,1.36775,1.00,4.65
2014.01.14 20:19:59.576,1.36773,1.36775,1.50,4.65
2014.01.14 20:20:01.710,1.36773,1.36774,1.50,2.25
2014.01.14 20:20:05.180,1.36773,1.36775,1.50,5.40
2014.01.14 20:20:07.794,1.36773,1.36777,5.10,4.35
2014.01.14 20:20:08.300,1.36774,1.36777,9.72,1.00
2014.01.14 20:20:08.706,1.36774,1.36777,3.15,3.75
2014.01.14 20:20:08.757,1.36774,1.36776,3.15,1.00
2014.01.14 20:20:09.214,1.36772,1.36775,1.65,4.88
2014.01.14 20:20:18.308,1.36773,1.36775,1.00,5.25
2014.01.14 20:20:18.637,1.36776,1.36779,3.08,4.05
2014.01.14 20:20:18.738,1.36776,1.36779,5.33,1.88
2014.01.14 20:20:22.415,1.36777,1.36779,4.00,1.88
2014.01.14 20:20:23.657,1.36779,1.3678,2.25,1.50
2014.01.14 20:20:24.161,1.36779,1.36781,3.75,2.63
2014.01.14 20:20:24.668,1.36779,1.36781,3.75,1.00
2014.01.14 20:20:27.160,1.36779,1.36783,4.50,3.90
2014.01.14 20:20:35.521,1.3678,1.36782,1.50,3.90
2014.01.14 20:20:35.622,1.36777,1.3678,1.00,5.22
2014.01.14 20:20:36.228,1.36777,1.36779,1.65,2.25
2014.01.14 20:20:38.112,1.36777,1.3678,3.90,4.84
2014.01.14 20:20:38.601,1.36777,1.36779,3.75,1.00
2014.01.14 20:20:40.133,1.36777,1.36779,1.65,2.63
2014.01.14 20:20:40.650,1.36777,1.3678,1.50,1.99
2014.01.14 20:20:41.853,1.36777,1.3678,3.48,1.24
2014.01.14 20:20:44.514,1.36778,1.3678,1.50,1.24
2014.01.14 20:20:46.317,1.36778,1.3678,1.00,1.24
2014.01.14 20:20:47.963,1.36778,1.36781,1.00,2.25
2014.01.14 20:20:48.486,1.36778,1.36781,4.28,1.00
2014.01.14 20:20:49.143,1.36778,1.36783,4.28,1.28
2014.01.14 20:20:51.178,1.36779,1.36783,2.03,2.78
2014.01.14 20:20:53.674,1.3678,1.36783,1.00,2.03
2014.01.14 20:20:54.210,1.3678,1.36784,2.40,1.88
2014.01.14 20:20:57.219,1.36781,1.36785,3.40,5.03
2014.01.14 20:21:00.096,1.36783,1.36784,1.00,1.00
2014.01.14 20:21:00.556,1.36783,1.36786,1.00,2.63
2014.01.14 20:21:00.708,1.36788,1.36798,3.65,3.75
2014.01.14 20:21:00.809,1.36792,1.36819,6.23,1.50
2014.01.14 20:21:01.112,1.36797,1.36815,10.23,1.50
2014.01.14 20:21:01.214,1.36809,1.36813,5.49,1.50
2014.01.14 20:21:01.366,1.3681,1.36813,2.50,3.15
2014.01.14 20:21:01.669,1.3681,1.36812,1.00,1.65
2014.01.14 20:21:01.975,1.36808,1.36813,2.63,4.13
2014.01.14 20:21:03.397,1.36808,1.36811,3.63,2.40
2014.01.14 20:21:03.599,1.36808,1.36811,1.00,3.15
2014.01.14 20:21:04.103,1.36808,1.3681,1.00,2.25
2014.01.14 20:21:04.154,1.36808,1.3681,1.00,3.00
2014.01.14 20:21:04.612,1.36808,1.3681,1.00,3.00
2014.01.14 20:21:05.404,1.36808,1.36809,1.00,2.25
2014.01.14 20:21:11.967,1.36807,1.36809,1.49,2.40
2014.01.14 20:21:12.220,1.36807,1.36808,1.00,1.13
2014.01.14 20:21:12.271,1.36806,1.36808,1.00,4.58
2014.01.14 20:21:12.422,1.36801,1.36806,2.63,16.88
2014.01.14 20:21:12.948,1.36801,1.36803,1.88,3.25
2014.01.14 20:21:13.255,1.36801,1.36805,3.68,1.15
2014.01.14 20:21:13.457,1.36801,1.36803,1.88,3.25
2014.01.14 20:21:13.911,1.36802,1.36804,1.00,1.65
2014.01.14 20:21:14.013,1.368,1.36802,2.48,2.25
2014.01.14 20:21:14.517,1.368,1.36803,2.33,2.25
2014.01.14 20:21:14.819,1.36798,1.368,1.35,3.00
2014.01.14 20:21:15.026,1.36796,1.36798,1.74,1.20
2014.01.14 20:21:17.102,1.36796,1.36797,4.13,2.25
2014.01.14 20:21:17.620,1.36795,1.36796,2.25,1.00
2014.01.14 20:21:18.152,1.36795,1.36797,1.13,1.00
2014.01.14 20:21:18.203,1.36795,1.36796,1.13,1.00
2014.01.14 20:21:18.304,1.36795,1.36797,1.88,1.00
2014.01.14 20:21:18.942,1.36795,1.36797,2.10,1.00
2014.01.14 20:21:20.224,1.36794,1.36798,3.90,2.03
2014.01.14 20:21:20.871,1.36796,1.36797,1.12,2.25
2014.01.14 20:21:23.121,1.36796,1.36798,1.12,4.28
2014.01.14 20:21:23.663,1.36796,1.36798,1.12,5.03
2014.01.14 20:21:24.569,1.36796,1.36798,1.12,4.28
2014.01.14 20:21:28.555,1.36795,1.36797,2.25,2.25
2014.01.14 20:21:29.105,1.36796,1.36797,1.00,2.25
2014.01.14 20:21:29.611,1.36795,1.36798,1.13,1.28
2014.01.14 20:21:30.119,1.36796,1.36798,3.00,2.03
2014.01.14 20:21:35.370,1.36794,1.36798,2.18,2.03
2014.01.14 20:21:35.878,1.36796,1.36798,2.93,2.03
2014.01.14 20:21:37.301,1.36796,1.36798,2.25,1.65
2014.01.14 20:21:37.862,1.36796,1.36798,6.31,1.20
2014.01.14 20:21:37.964,1.36798,1.36801,3.71,9.00
2014.01.14 20:21:38.266,1.36796,1.36799,1.62,1.15
2014.01.14 20:21:39.662,1.36795,1.36798,1.31,1.20
2014.01.14 20:21:40.328,1.36795,1.36798,3.16,1.20
2014.01.14 20:21:41.068,1.36795,1.36798,2.64,1.20
2014.01.14 20:21:41.169,1.36792,1.36794,1.00,3.00
2014.01.14 20:21:41.372,1.36789,1.36792,1.06,2.63
2014.01.14 20:21:41.885,1.36787,1.36789,1.59,3.75
2014.01.14 20:21:42.476,1.36787,1.36789,1.59,4.50
2014.01.14 20:21:43.039,1.36787,1.36789,1.21,4.50
2014.01.14 20:21:43.342,1.36789,1.36791,4.36,1.20
2014.01.14 20:21:44.983,1.36789,1.36791,1.13,4.65
2014.01.14 20:21:45.135,1.36787,1.3679,1.00,4.50
2014.01.14 20:21:47.841,1.36787,1.3679,3.39,1.00
2014.01.14 20:21:48.020,1.3679,1.36794,10.88,8.03
2014.01.14 20:21:48.526,1.36792,1.36796,1.88,10.35
2014.01.14 20:21:49.066,1.36792,1.36796,1.38,15.75
2014.01.14 20:21:49.321,1.36791,1.36796,4.13,15.75
2014.01.14 20:21:49.718,1.36793,1.36796,1.68,9.48
2014.01.14 20:21:49.921,1.36795,1.36796,1.50,2.03
2014.01.14 20:21:50.073,1.36793,1.36795,1.96,3.25
2014.01.14 20:21:52.112,1.36792,1.36794,1.30,4.65
2014.01.14 20:21:52.264,1.3679,1.36793,2.03,4.50
2014.01.14 20:21:52.466,1.36788,1.36791,6.80,3.25
2014.01.14 20:21:52.921,1.36787,1.36788,1.20,3.75
2014.01.14 20:21:53.425,1.36786,1.36788,1.00,1.50
2014.01.14 20:21:57.589,1.36786,1.3679,4.65,3.00
2014.01.14 20:21:58.093,1.36789,1.36791,2.25,3.90
2014.01.14 20:22:16.800,1.3679,1.36792,2.13,3.15
2014.01.14 20:22:19.110,1.36791,1.36793,1.38,2.25
2014.01.14 20:22:19.364,1.36794,1.36796,8.86,3.53
2014.01.14 20:22:19.768,1.36796,1.36798,3.60,1.00
2014.01.14 20:22:20.310,1.36797,1.36799,1.13,2.78
2014.01.14 20:22:20.613,1.36793,1.36796,1.00,4.65
2014.01.14 20:22:21.366,1.36793,1.36794,1.13,2.25
2014.01.14 20:22:21.741,1.36794,1.36796,1.88,1.20
2014.01.14 20:22:21.893,1.36795,1.36798,5.25,3.90
2014.01.14 20:22:23.343,1.36797,1.36799,1.50,3.00
2014.01.14 20:22:23.546,1.368,1.36802,3.38,2.40
2014.01.14 20:22:24.687,1.36799,1.36803,4.50,3.00
2014.01.14 20:22:26.701,1.368,1.36802,1.65,2.25
2014.01.14 20:22:31.686,1.36801,1.36802,1.00,2.25
2014.01.14 20:22:32.223,1.368,1.36803,3.90,3.75
2014.01.14 20:22:34.088,1.36801,1.36803,1.00,3.75
2014.01.14 20:22:40.371,1.36802,1.36803,1.00,3.75
2014.01.14 20:22:41.380,1.36802,1.36804,2.03,5.25
2014.01.14 20:22:41.633,1.36806,1.36808,5.40,3.00
2014.01.14 20:22:42.140,1.36807,1.36808,1.00,2.25
2014.01.14 20:22:42.673,1.36807,1.36809,1.00,3.75
2014.01.14 20:22:43.229,1.36808,1.3681,4.13,4.50
2014.01.14 20:22:43.382,1.3681,1.36812,3.60,3.38
2014.01.14 20:22:43.886,1.36811,1.36812,1.88,2.25
2014.01.14 20:22:45.569,1.3681,1.36811,1.50,1.10
2014.01.14 20:22:45.671,1.36809,1.3681,1.00,2.25
2014.01.14 20:22:46.236,1.36808,1.3681,1.13,2.25
2014.01.14 20:22:46.341,1.36807,1.36809,3.15,1.00
2014.01.14 20:22:46.594,1.36805,1.36807,3.98,5.40
2014.01.14 20:22:46.970,1.36807,1.36809,1.00,4.28
2014.01.14 20:22:48.180,1.36806,1.36807,1.00,1.50
2014.01.14 20:22:48.829,1.36806,1.36809,4.73,3.90
2014.01.14 20:22:48.880,1.36806,1.36809,4.73,4.65
2014.01.14 20:22:50.155,1.36808,1.36809,1.00,4.65
2014.01.14 20:22:50.690,1.36807,1.36809,1.00,4.65
2014.01.14 20:22:51.412,1.36807,1.36808,1.00,2.25
2014.01.14 20:22:54.150,1.36805,1.36808,6.00,2.25
2014.01.14 20:22:55.349,1.36805,1.36807,4.65,3.25
2014.01.14 20:22:55.457,1.36804,1.36806,4.88,3.00
2014.01.14 20:22:55.963,1.36806,1.36808,3.23,3.15
2014.01.14 20:22:56.468,1.36806,1.36809,5.63,3.75
2014.01.14 20:22:57.348,1.36808,1.3681,1.00,2.25
2014.01.14 20:22:57.932,1.36806,1.36809,6.00,4.00
2014.01.14 20:22:57.982,1.36806,1.36809,8.32,3.75
2014.01.14 20:22:58.084,1.36804,1.36805,1.28,2.25
2014.01.14 20:22:58.185,1.36802,1.36805,1.88,6.25
2014.01.14 20:22:58.707,1.36801,1.36803,4.13,3.75
2014.01.14 20:22:59.420,1.36802,1.36803,1.13,3.75
2014.01.14 20:23:00.691,1.36801,1.36803,3.75,4.00
2014.01.14 20:23:02.172,1.36802,1.36804,1.00,1.00
2014.01.14 20:23:06.758,1.36801,1.36803,2.85,3.90
2014.01.14 20:23:08.268,1.368,1.36801,3.19,3.00
2014.01.14 20:23:08.807,1.36799,1.36801,1.32,3.15
2014.01.14 20:23:10.890,1.36799,1.368,1.50,3.00
2014.01.14 20:23:10.991,1.36796,1.36799,3.53,4.13
2014.01.14 20:23:11.364,1.36794,1.36796,3.75,2.60
2014.01.14 20:23:11.516,1.36794,1.36796,3.00,1.58
2014.01.14 20:23:12.054,1.36795,1.36796,3.00,1.50
2014.01.14 20:23:12.571,1.36794,1.36796,3.00,2.25
2014.01.14 20:23:13.100,1.36795,1.36796,1.00,2.25
2014.01.14 20:23:13.608,1.36796,1.36797,1.00,3.00
2014.01.14 20:23:15.264,1.36797,1.36799,3.25,3.75
2014.01.14 20:23:15.366,1.36799,1.368,1.30,2.03
2014.01.14 20:23:15.887,1.36798,1.368,1.00,3.15
2014.01.14 20:23:16.435,1.36797,1.368,4.88,3.15
2014.01.14 20:23:17.097,1.36798,1.368,1.00,3.15
2014.01.14 20:23:18.383,1.36798,1.36799,1.00,2.25
2014.01.14 20:23:18.957,1.36797,1.368,2.25,3.15
2014.01.14 20:23:19.516,1.36799,1.368,1.30,3.15
2014.01.14 20:23:19.769,1.36799,1.368,1.00,1.28
2014.01.14 20:23:19.921,1.36796,1.368,3.90,3.53
2014.01.14 20:23:20.022,1.36797,1.368,1.61,3.53
2014.01.14 20:23:20.343,1.368,1.36802,1.00,4.95
2014.01.14 20:23:20.645,1.36796,1.368,4.51,1.65
2014.01.14 20:23:20.696,1.36796,1.368,3.90,1.65
2014.01.14 20:23:22.400,1.36798,1.368,1.00,1.65
2014.01.14 20:23:23.098,1.36798,1.368,1.00,3.15
2014.01.14 20:23:23.628,1.36799,1.368,1.30,2.78
2014.01.14 20:23:24.147,1.368,1.36801,1.00,2.25
2014.01.14 20:23:25.283,1.36802,1.36805,5.13,3.53
2014.01.14 20:23:25.488,1.36805,1.36808,1.00,2.03
2014.01.14 20:23:25.993,1.36804,1.36807,3.23,1.50
2014.01.14 20:23:27.036,1.36806,1.36809,1.00,3.90
2014.01.14 20:23:27.088,1.36807,1.36809,1.00,4.65
2014.01.14 20:23:28.548,1.36807,1.3681,1.00,1.50
2014.01.14 20:23:29.055,1.36807,1.36809,1.00,2.40
2014.01.14 20:23:30.228,1.36804,1.36806,4.65,1.88
2014.01.14 20:23:30.733,1.36805,1.36807,1.13,1.50
2014.01.14 20:23:31.347,1.36806,1.36807,1.00,1.50
2014.01.14 20:23:38.305,1.36806,1.36809,1.08,2.40
2014.01.14 20:23:38.820,1.36806,1.36809,1.00,5.40
2014.01.14 20:23:41.297,1.36806,1.36809,1.08,6.15
2014.01.14 20:23:41.809,1.36806,1.36809,1.00,6.15
2014.01.14 20:23:43.320,1.36806,1.36808,1.00,5.40
2014.01.14 20:23:43.471,1.36804,1.36806,1.00,1.65
2014.01.14 20:23:43.990,1.36804,1.36806,1.00,1.50
2014.01.14 20:23:44.508,1.36804,1.36806,1.00,2.40
2014.01.14 20:23:46.137,1.36804,1.36806,1.00,2.25
2014.01.14 20:23:47.798,1.36804,1.36807,1.00,5.85
2014.01.14 20:23:48.332,1.36806,1.36807,1.00,1.50
2014.01.14 20:23:48.433,1.36806,1.36809,1.00,4.65
2014.01.14 20:23:49.689,1.36807,1.36809,1.00,4.65
2014.01.14 20:23:51.074,1.36807,1.36809,1.08,2.40
2014.01.14 20:23:51.586,1.36807,1.36809,1.00,3.90
2014.01.14 20:23:51.838,1.36805,1.36808,2.03,1.00
2014.01.14 20:23:52.397,1.36804,1.36807,4.50,1.65
2014.01.14 20:23:53.014,1.36806,1.36807,1.00,1.65
2014.01.14 20:23:55.832,1.36806,1.36808,1.00,3.00
2014.01.14 20:24:00.078,1.36807,1.36809,1.00,3.90
2014.01.14 20:24:00.584,1.36808,1.36809,3.00,1.20
2014.01.14 20:24:01.548,1.36807,1.3681,3.24,1.65
2014.01.14 20:24:05.186,1.36808,1.3681,1.00,1.65
2014.01.14 20:24:11.256,1.36808,1.36809,1.50,1.65
2014.01.14 20:24:11.307,1.36809,1.36812,1.13,7.13
2014.01.14 20:24:11.358,1.36809,1.36812,1.88,5.25
2014.01.14 20:24:11.409,1.36811,1.36813,2.78,3.75
2014.01.14 20:24:17.576,1.36813,1.36817,7.35,6.60
2014.01.14 20:24:17.678,1.36816,1.36819,2.25,1.65
2014.01.14 20:24:17.880,1.36816,1.3682,6.01,1.50
2014.01.14 20:24:20.270,1.36819,1.3682,1.00,1.50
2014.01.14 20:24:22.261,1.36819,1.36821,1.00,1.28
2014.01.14 20:24:22.882,1.36817,1.3682,1.28,1.50
2014.01.14 20:24:23.398,1.36817,1.36819,1.20,1.00
2014.01.14 20:24:23.482,1.36816,1.36818,1.13,3.25
2014.01.14 20:24:23.989,1.36812,1.36816,3.38,7.20
2014.01.14 20:24:24.090,1.36812,1.36814,1.28,2.25
2014.01.14 20:24:24.987,1.36813,1.36815,1.00,2.25
2014.01.14 20:24:25.501,1.36812,1.36814,1.13,3.75
2014.01.14 20:24:27.735,1.36813,1.36814,1.00,1.00
2014.01.14 20:24:30.222,1.36813,1.36814,1.13,3.75
2014.01.14 20:24:30.734,1.36812,1.36814,2.40,1.50
2014.01.14 20:24:31.275,1.36812,1.36814,1.28,1.50
2014.01.14 20:24:31.822,1.36813,1.36815,1.00,3.75
2014.01.14 20:24:33.028,1.36812,1.36814,1.65,1.50
2014.01.14 20:24:34.131,1.36813,1.36815,1.00,3.75
2014.01.14 20:24:35.789,1.36812,1.36813,1.65,1.50
2014.01.14 20:24:38.094,1.36813,1.36815,1.00,3.75
2014.01.14 20:24:39.516,1.36812,1.36814,1.65,1.50
2014.01.14 20:24:42.156,1.36813,1.36815,1.00,3.75
2014.01.14 20:24:46.446,1.36812,1.36813,1.50,1.50
2014.01.14 20:24:49.109,1.36812,1.36814,1.00,2.40
2014.01.14 20:24:50.898,1.36813,1.36814,1.50,3.83
2014.01.14 20:24:50.999,1.36813,1.36816,10.35,1.28
2014.01.14 20:24:51.050,1.36815,1.36816,2.63,1.58
2014.01.14 20:24:51.554,1.36816,1.36817,1.20,1.00
2014.01.14 20:24:53.316,1.36816,1.36817,3.00,1.00
2014.01.14 20:24:53.519,1.3682,1.36822,1.13,1.50
2014.01.14 20:24:53.973,1.36822,1.3683,3.25,2.78
2014.01.14 20:24:54.764,1.36822,1.36824,3.75,1.00
2014.01.14 20:24:55.114,1.3682,1.36822,4.50,1.50
2014.01.14 20:24:55.619,1.36819,1.36821,1.58,1.10
2014.01.14 20:24:55.720,1.36817,1.3682,3.38,3.75
2014.01.14 20:24:55.821,1.36817,1.3682,6.00,2.25
2014.01.14 20:24:56.132,1.36818,1.36823,2.74,6.98
2014.01.14 20:24:57.662,1.3682,1.36822,1.00,1.20
2014.01.14 20:24:57.714,1.3682,1.36823,1.00,2.25
2014.01.14 20:24:58.218,1.36821,1.36824,3.75,2.25
2014.01.14 20:24:59.517,1.36821,1.36825,6.79,2.78
2014.01.14 20:24:59.821,1.36826,1.3683,3.23,3.00
2014.01.14 20:25:00.125,1.36828,1.36831,10.35,2.25
2014.01.14 20:25:00.327,1.36828,1.3683,2.86,1.00
2014.01.14 20:25:00.428,1.36824,1.36827,5.94,3.38
2014.01.14 20:25:00.933,1.36823,1.36825,1.50,2.25
2014.01.14 20:25:01.903,1.36823,1.36825,1.00,4.00
2014.01.14 20:25:02.663,1.36823,1.36824,1.00,3.00
2014.01.14 20:25:02.766,1.36821,1.36823,1.36,5.78
2014.01.14 20:25:02.817,1.36819,1.36821,9.57,1.00
2014.01.14 20:25:03.956,1.36819,1.36821,1.00,2.63
2014.01.14 20:25:04.479,1.36817,1.3682,1.46,5.25
2014.01.14 20:25:04.995,1.36819,1.3682,2.25,1.00
2014.01.14 20:25:05.046,1.36819,1.36822,3.00,2.78
2014.01.14 20:25:05.988,1.36819,1.36821,3.00,2.25
2014.01.14 20:25:06.290,1.36822,1.36825,1.10,4.88
2014.01.14 20:25:06.593,1.36823,1.36825,1.00,4.50
2014.01.14 20:25:06.795,1.36825,1.36828,4.88,4.73
2014.01.14 20:25:06.946,1.36826,1.36829,2.78,1.00
2014.01.14 20:25:06.997,1.36826,1.36829,5.03,2.25
2014.01.14 20:25:07.098,1.36826,1.3683,6.45,3.83
2014.01.14 20:25:07.730,1.36826,1.3683,5.36,1.00
2014.01.14 20:25:08.282,1.36826,1.3683,9.16,2.25
2014.01.14 20:25:08.694,1.36826,1.36828,1.51,6.00
2014.01.14 20:25:08.745,1.36825,1.36826,1.00,2.63
2014.01.14 20:25:08.953,1.36824,1.36826,2.78,2.63
2014.01.14 20:25:09.466,1.36824,1.36826,1.00,1.13
2014.01.14 20:25:10.102,1.36824,1.36825,1.00,2.63
2014.01.14 20:25:10.702,1.36824,1.36825,1.00,2.40
2014.01.14 20:25:10.804,1.3682,1.36824,2.25,7.88
2014.01.14 20:25:11.333,1.36819,1.36821,1.00,2.40
2014.01.14 20:25:11.839,1.36817,1.3682,8.86,2.25
2014.01.14 20:25:12.352,1.36818,1.3682,1.00,2.25
2014.01.14 20:25:14.596,1.3682,1.36822,1.00,2.40
2014.01.14 20:25:15.115,1.36822,1.36824,1.00,3.90
2014.01.14 20:25:15.324,1.36823,1.36825,2.89,3.00
2014.01.14 20:25:15.831,1.36822,1.36825,5.56,2.33
2014.01.14 20:25:16.335,1.36822,1.36824,2.25,2.25
2014.01.14 20:25:16.638,1.36823,1.36824,1.00,2.25
2014.01.14 20:25:17.147,1.36822,1.36824,1.13,2.25
2014.01.14 20:25:18.185,1.36819,1.36823,1.51,7.13
2014.01.14 20:25:18.286,1.36817,1.36821,2.26,9.90
2014.01.14 20:25:18.438,1.3682,1.36824,1.00,1.65
2014.01.14 20:25:18.539,1.3682,1.36824,3.00,1.15
2014.01.14 20:25:18.641,1.36823,1.36826,2.25,4.28
2014.01.14 20:25:20.680,1.36824,1.36826,1.00,2.78
2014.01.14 20:25:21.196,1.36823,1.36825,1.00,2.40
2014.01.14 20:25:21.722,1.36824,1.36825,1.00,2.40
2014.01.14 20:25:21.874,1.36824,1.36827,4.50,3.53
2014.01.14 20:25:22.277,1.36826,1.36828,6.38,1.09
2014.01.14 20:25:22.429,1.36828,1.36829,5.82,2.25
2014.01.14 20:25:22.782,1.36828,1.36831,7.28,2.25
2014.01.14 20:25:23.237,1.36827,1.36829,1.10,1.10
2014.01.14 20:25:23.338,1.36824,1.36828,2.03,3.38
2014.01.14 20:25:23.440,1.36824,1.36826,2.78,1.00
2014.01.14 20:25:23.944,1.36823,1.36826,2.25,4.50
2014.01.14 20:25:24.147,1.36823,1.36826,3.25,2.78
2014.01.14 20:25:24.959,1.36823,1.36825,1.00,2.25
2014.01.14 20:25:26.079,1.36822,1.36825,3.90,2.25
2014.01.14 20:25:26.584,1.36825,1.36829,9.23,6.60
2014.01.14 20:25:26.686,1.36828,1.36831,12.99,3.15
2014.01.14 20:25:27.191,1.36828,1.3683,7.50,3.75
2014.01.14 20:25:27.292,1.36827,1.36829,1.17,2.25
2014.01.14 20:25:27.797,1.36828,1.3683,1.00,6.38
2014.01.14 20:25:28.703,1.36827,1.36829,1.00,2.25
2014.01.14 20:25:29.214,1.36825,1.36829,4.65,2.25
2014.01.14 20:25:29.722,1.36825,1.3683,3.40,1.50
2014.01.14 20:25:30.356,1.36825,1.3683,3.03,1.88
2014.01.14 20:25:30.559,1.36825,1.36828,1.65,3.38
2014.01.14 20:25:31.991,1.36825,1.36827,1.13,3.00
2014.01.14 20:25:34.105,1.36827,1.36828,1.00,3.00
2014.01.14 20:25:35.859,1.36827,1.36829,1.38,3.98
2014.01.14 20:25:36.857,1.36827,1.36828,1.13,1.00
2014.01.14 20:25:37.109,1.3683,1.36834,7.28,4.65
2014.01.14 20:25:42.614,1.36831,1.36834,4.11,3.90
2014.01.14 20:25:42.715,1.36832,1.36835,4.00,2.25
2014.01.14 20:25:42.926,1.36833,1.36836,5.26,3.75
2014.01.14 20:25:43.078,1.36833,1.36835,1.01,3.75
2014.01.14 20:25:43.381,1.36831,1.36834,2.03,4.50
2014.01.14 20:25:43.924,1.36831,1.36833,2.03,1.00
2014.01.14 20:25:44.452,1.36831,1.36833,2.03,2.25
2014.01.14 20:25:46.114,1.36831,1.36834,2.03,3.75
2014.01.14 20:25:50.342,1.36831,1.36834,2.40,3.75
2014.01.14 20:25:51.265,1.36831,1.36834,2.40,3.75
2014.01.14 20:25:59.415,1.36833,1.36835,1.32,2.40
2014.01.14 20:25:59.567,1.36833,1.36836,6.16,4.50
2014.01.14 20:25:59.870,1.36832,1.36835,2.40,4.50
2014.01.14 20:26:00.426,1.36832,1.36835,1.00,2.40
2014.01.14 20:26:00.936,1.36832,1.36834,1.00,3.75
2014.01.14 20:26:02.200,1.36832,1.36834,1.50,3.75
2014.01.14 20:26:02.912,1.36832,1.36833,1.50,2.25
2014.01.14 20:26:03.582,1.36832,1.36834,1.00,2.25
2014.01.14 20:26:05.341,1.36829,1.36833,2.03,1.00
2014.01.14 20:26:05.391,1.36829,1.36831,3.53,1.50
2014.01.14 20:26:05.905,1.36829,1.36831,1.65,3.75
2014.01.14 20:26:06.006,1.36827,1.36831,3.16,6.75
2014.01.14 20:26:06.158,1.36825,1.36827,5.64,1.50
2014.01.14 20:26:06.310,1.36825,1.36829,11.49,1.28
2014.01.14 20:26:06.411,1.36828,1.3683,2.36,2.25
2014.01.14 20:26:08.005,1.36828,1.36829,2.11,1.50
2014.01.14 20:26:10.074,1.36829,1.36831,1.00,3.15
2014.01.14 20:26:11.065,1.36829,1.36831,1.00,3.15
2014.01.14 20:26:11.174,1.36829,1.36831,1.00,3.15
2014.01.14 20:26:20.237,1.36827,1.36831,2.03,1.35
2014.01.14 20:26:20.864,1.36827,1.36831,1.00,3.53
2014.01.14 20:26:21.513,1.36827,1.36831,2.51,3.68
2014.01.14 20:26:24.153,1.36829,1.36831,1.00,1.20
2014.01.14 20:26:27.273,1.36829,1.36831,1.00,1.30
2014.01.14 20:26:27.779,1.36829,1.36831,1.00,1.50
2014.01.14 20:26:28.334,1.36829,1.36831,1.00,1.30
2014.01.14 20:26:31.794,1.36829,1.36831,1.00,3.00
2014.01.14 20:26:32.758,1.36828,1.36831,1.00,3.15
2014.01.14 20:26:33.115,1.36827,1.36828,1.13,1.00
2014.01.14 20:26:33.419,1.36827,1.36831,1.00,4.50
2014.01.14 20:26:33.952,1.36827,1.3683,2.72,3.90
2014.01.14 20:26:35.372,1.36825,1.36828,3.36,2.50
2014.01.14 20:26:35.423,1.36825,1.36827,1.50,2.63
2014.01.14 20:26:35.525,1.36824,1.36825,1.00,1.50
2014.01.14 20:26:36.973,1.36823,1.36825,2.03,1.50
2014.01.14 20:26:39.053,1.36824,1.36825,1.00,1.50
2014.01.14 20:26:41.036,1.36823,1.36825,1.20,1.50
2014.01.14 20:26:47.534,1.36824,1.36825,1.00,3.75
2014.01.14 20:26:48.805,1.36824,1.36826,1.13,1.50
2014.01.14 20:26:48.856,1.36824,1.3683,5.88,4.88
2014.01.14 20:26:49.159,1.36827,1.36829,1.00,1.50
2014.01.14 20:26:49.513,1.36826,1.36828,4.88,1.50
2014.01.14 20:26:49.564,1.36825,1.36826,2.26,3.00
2014.01.14 20:26:50.124,1.36824,1.36826,1.13,5.40
2014.01.14 20:26:50.734,1.36823,1.36825,1.00,2.40
2014.01.14 20:26:51.238,1.36821,1.36824,4.65,2.25
2014.01.14 20:26:51.770,1.36821,1.36824,3.40,2.25
2014.01.14 20:26:54.673,1.36822,1.36824,1.00,2.25
2014.01.14 20:26:55.440,1.36822,1.36823,1.00,2.25
2014.01.14 20:26:57.118,1.36822,1.36825,1.00,1.65
2014.01.14 20:26:57.894,1.36823,1.36824,1.00,2.25
2014.01.14 20:26:59.417,1.36821,1.36823,2.33,2.33
2014.01.14 20:27:09.735,1.36823,1.36825,1.00,3.90
2014.01.14 20:27:14.637,1.36821,1.36823,2.40,2.25
2014.01.14 20:27:15.154,1.3682,1.36824,2.63,3.15
2014.01.14 20:27:15.692,1.3682,1.36822,1.00,1.50
2014.01.14 20:27:16.216,1.36818,1.36822,3.39,2.63
2014.01.14 20:27:17.423,1.3682,1.36822,1.00,1.88
2014.01.14 20:27:17.953,1.3682,1.36823,4.13,2.40
2014.01.14 20:27:18.459,1.36821,1.36822,1.00,2.25
2014.01.14 20:27:20.704,1.3682,1.36822,3.00,2.25
2014.01.14 20:27:23.693,1.36821,1.36822,1.00,2.63
2014.01.14 20:27:23.845,1.36821,1.36824,7.14,3.00
2014.01.14 20:27:24.356,1.36821,1.36824,6.53,2.25
2014.01.14 20:27:24.884,1.36821,1.36823,3.53,2.25
2014.01.14 20:27:28.604,1.36821,1.36823,3.38,2.25
2014.01.14 20:27:28.857,1.36819,1.36823,2.63,2.40
2014.01.14 20:27:33.207,1.36819,1.36823,2.63,5.03
2014.01.14 20:27:33.722,1.36821,1.36823,1.13,2.40
2014.01.14 20:27:37.644,1.36819,1.36823,3.61,3.15
2014.01.14 20:27:40.594,1.36819,1.36823,2.63,5.78
2014.01.14 20:27:40.746,1.36821,1.36824,1.88,5.78
2014.01.14 20:27:41.261,1.36821,1.36824,1.88,4.28
2014.01.14 20:27:42.024,1.36821,1.36823,1.88,1.00
2014.01.14 20:28:03.904,1.36821,1.36823,1.50,3.75
2014.01.14 20:28:04.807,1.36821,1.36823,1.88,3.75
2014.01.14 20:28:06.564,1.36821,1.36823,1.50,4.00
2014.01.14 20:28:06.666,1.3682,1.36822,2.78,3.75
2014.01.14 20:28:08.269,1.3682,1.36822,2.78,3.75
2014.01.14 20:28:09.776,1.36821,1.36822,1.00,3.75
2014.01.14 20:28:16.125,1.36821,1.36823,1.00,2.25
2014.01.14 20:28:17.131,1.36822,1.36823,1.00,1.50
2014.01.14 20:28:17.233,1.36823,1.36826,10.83,1.43
2014.01.14 20:28:17.284,1.36823,1.36825,9.90,3.75
2014.01.14 20:28:18.335,1.36825,1.36826,1.13,3.75
2014.01.14 20:28:18.387,1.36825,1.36826,1.13,3.75
2014.01.14 20:28:18.488,1.36825,1.36827,3.75,1.65
2014.01.14 20:28:18.993,1.36825,1.36826,1.88,2.25
2014.01.14 20:28:20.118,1.36825,1.36827,1.88,3.90
2014.01.14 20:28:25.179,1.36826,1.36827,1.00,3.90
2014.01.14 20:28:25.911,1.36825,1.36827,1.50,2.40
2014.01.14 20:28:26.540,1.36825,1.36826,1.50,2.25
2014.01.14 20:28:29.415,1.36823,1.36826,12.15,2.25
2014.01.14 20:28:29.956,1.36823,1.36824,1.00,3.00
2014.01.14 20:28:32.262,1.36823,1.36824,1.00,3.75
2014.01.14 20:28:32.415,1.36821,1.36823,3.00,3.60
2014.01.14 20:28:32.922,1.36822,1.36823,1.00,2.25
2014.01.14 20:28:33.588,1.36823,1.36825,5.50,8.63
2014.01.14 20:28:33.891,1.36826,1.36828,1.88,3.75
2014.01.14 20:28:34.420,1.36826,1.36828,1.00,1.50
2014.01.14 20:28:37.920,1.36825,1.36828,1.58,2.25
2014.01.14 20:28:38.230,1.36822,1.36824,2.03,6.00
2014.01.14 20:28:38.533,1.3682,1.36824,4.73,7.00
2014.01.14 20:28:38.786,1.3682,1.36822,2.25,2.63
2014.01.14 20:28:39.357,1.36816,1.3682,7.28,5.25
2014.01.14 20:28:39.883,1.36818,1.36819,1.00,3.75
2014.01.14 20:28:42.252,1.36818,1.3682,2.13,1.50
2014.01.14 20:28:42.353,1.3682,1.36821,1.00,3.15
2014.01.14 20:28:42.869,1.36819,1.36821,3.08,3.83
2014.01.14 20:28:42.920,1.36819,1.36821,2.25,4.65
2014.01.14 20:28:43.773,1.3682,1.36821,1.00,1.00
2014.01.14 20:28:43.925,1.3682,1.36822,1.13,1.50
2014.01.14 20:28:44.445,1.36821,1.36822,1.00,3.75
2014.01.14 20:28:46.279,1.3682,1.36822,2.63,4.50
2014.01.14 20:28:46.790,1.3682,1.36822,1.13,4.50
2014.01.14 20:28:47.603,1.36819,1.36821,2.03,3.75
2014.01.14 20:28:48.292,1.36819,1.36821,1.50,6.15
2014.01.14 20:28:50.286,1.36819,1.36821,3.08,3.08
2014.01.14 20:28:50.794,1.3682,1.36822,3.75,1.50
2014.01.14 20:28:51.859,1.36821,1.36822,1.00,2.25
2014.01.14 20:28:57.915,1.36819,1.36821,5.03,2.25
2014.01.14 20:28:58.568,1.36819,1.36821,3.15,2.25
2014.01.14 20:29:00.714,1.3682,1.36821,1.95,2.25
2014.01.14 20:29:01.017,1.36821,1.36822,2.33,1.00
2014.01.14 20:29:01.169,1.3682,1.36822,4.65,1.00
2014.01.14 20:29:01.725,1.3682,1.36822,6.00,1.50
2014.01.14 20:29:02.848,1.36821,1.36824,6.01,2.25
2014.01.14 20:29:03.520,1.36821,1.36823,3.38,3.90
2014.01.14 20:29:11.286,1.36822,1.36824,1.00,2.25
2014.01.14 20:29:11.589,1.36825,1.36828,10.66,3.75
2014.01.14 20:29:11.690,1.36825,1.36828,11.41,3.75
2014.01.14 20:29:12.232,1.36826,1.36828,3.75,3.38
2014.01.14 20:29:13.969,1.36826,1.36829,9.38,2.03
2014.01.14 20:29:14.564,1.36826,1.36829,9.75,2.40
2014.01.14 20:29:18.550,1.36827,1.36828,1.00,1.00
2014.01.14 20:29:18.601,1.36826,1.36828,4.50,1.00
2014.01.14 20:29:22.232,1.36826,1.36829,5.25,1.20
2014.01.14 20:29:22.746,1.36826,1.36828,6.90,1.50
2014.01.14 20:29:27.166,1.36825,1.36827,8.29,1.88
2014.01.14 20:29:27.733,1.36825,1.36827,7.13,3.00
2014.01.14 20:29:34.063,1.36826,1.36828,3.90,1.50
2014.01.14 20:29:36.483,1.36827,1.36829,2.63,1.50
2014.01.14 20:29:37.005,1.36828,1.36829,2.63,3.00
2014.01.14 20:29:42.526,1.36827,1.36829,1.00,2.33
2014.01.14 20:29:43.133,1.36826,1.36828,3.75,1.00
2014.01.14 20:29:50.295,1.36827,1.36828,2.25,1.20
2014.01.14 20:29:50.956,1.36827,1.36828,2.25,1.20
2014.01.14 20:29:51.460,1.36827,1.36829,1.88,1.50
2014.01.14 20:29:52.911,1.36827,1.36829,1.88,1.00
2014.01.14 20:29:53.012,1.36826,1.36828,4.28,1.00
2014.01.14 20:29:53.517,1.36827,1.36828,2.25,1.50
2014.01.14 20:29:54.024,1.36828,1.36829,2.63,1.50
2014.01.14 20:29:55.790,1.36827,1.36829,1.00,2.50
2014.01.14 20:29:57.843,1.36827,1.36829,2.63,2.25
2014.01.14 20:29:57.995,1.36826,1.36828,3.15,1.00
2014.01.14 20:30:02.103,1.36826,1.36828,4.73,1.00
2014.01.14 20:30:02.412,1.36828,1.36831,2.13,1.50
2014.01.14 20:30:02.564,1.3683,1.36832,5.35,1.20
2014.01.14 20:30:02.617,1.3683,1.36835,8.25,1.28
2014.01.14 20:30:02.768,1.36835,1.36837,5.50,1.73
2014.01.14 20:30:03.324,1.36835,1.36839,4.01,3.90
2014.01.14 20:30:03.936,1.36835,1.36837,4.50,2.25
2014.01.14 20:30:04.943,1.36832,1.36834,6.30,1.00
2014.01.14 20:30:05.044,1.3683,1.36832,2.11,2.63
2014.01.14 20:30:05.196,1.36828,1.3683,1.00,2.25
2014.01.14 20:30:05.399,1.36828,1.36831,3.01,1.65
2014.01.14 20:30:05.450,1.3683,1.36832,6.61,2.25
2014.01.14 20:30:05.978,1.36831,1.36832,1.65,3.00
2014.01.14 20:30:13.534,1.3683,1.36833,4.65,4.50
2014.01.14 20:30:14.116,1.3683,1.36833,4.50,4.65
2014.01.14 20:30:16.160,1.3683,1.36832,1.88,2.25
2014.01.14 20:30:16.720,1.3683,1.36831,1.00,1.50
2014.01.14 20:30:17.026,1.36832,1.36834,4.88,3.00
2014.01.14 20:30:17.329,1.36831,1.36833,5.26,2.63
2014.01.14 20:30:17.481,1.36831,1.36832,1.00,3.00
2014.01.14 20:30:17.986,1.36829,1.36832,4.84,3.00
2014.01.14 20:30:20.214,1.36829,1.36831,3.34,2.25
2014.01.14 20:30:23.009,1.36829,1.36831,3.72,3.25
2014.01.14 20:30:27.058,1.36829,1.36832,4.77,1.00
2014.01.14 20:30:27.673,1.36829,1.36833,9.53,1.65
2014.01.14 20:30:28.182,1.36829,1.36832,8.78,3.75
2014.01.14 20:30:29.086,1.36829,1.36832,8.41,3.75
2014.01.14 20:30:31.566,1.3683,1.36833,1.38,2.40
2014.01.14 20:30:35.407,1.36829,1.36831,2.40,3.00
2014.01.14 20:30:36.580,1.36829,1.36831,2.40,2.25
2014.01.14 20:30:37.113,1.36829,1.36831,2.40,2.25
2014.01.14 20:30:42.869,1.36829,1.36832,2.78,4.88
2014.01.14 20:30:43.406,1.36829,1.36831,2.78,2.25
2014.01.14 20:30:46.282,1.36829,1.3683,1.00,1.50
2014.01.14 20:30:46.333,1.36827,1.3683,5.03,4.50
2014.01.14 20:30:47.621,1.36827,1.36829,3.90,1.00
2014.01.14 20:30:49.189,1.36827,1.3683,3.15,3.75
2014.01.14 20:30:53.480,1.36828,1.36832,1.38,1.65
2014.01.14 20:30:53.531,1.36828,1.36831,1.53,1.50
2014.01.14 20:30:56.692,1.36828,1.36831,6.39,1.50
2014.01.14 20:30:56.743,1.36829,1.36833,7.28,1.65
2014.01.14 20:30:56.794,1.3683,1.36833,5.88,1.65
2014.01.14 20:31:00.977,1.36831,1.36833,2.63,1.65
2014.01.14 20:31:02.171,1.36831,1.36832,2.25,1.00
2014.01.14 20:31:02.486,1.36829,1.36831,4.28,1.50
2014.01.14 20:31:07.366,1.36831,1.36832,2.25,1.00
2014.01.14 20:31:07.934,1.3683,1.36831,2.25,1.50
2014.01.14 20:31:09.981,1.36829,1.36831,3.15,3.84
2014.01.14 20:31:18.586,1.36829,1.36831,2.25,2.40
2014.01.14 20:31:19.094,1.36829,1.3683,2.44,1.59
2014.01.14 20:31:20.421,1.36829,1.36831,2.25,2.40
2014.01.14 20:31:22.902,1.3683,1.36831,2.25,3.53
2014.01.14 20:31:23.205,1.36831,1.36835,4.13,1.00
2014.01.14 20:31:24.211,1.36833,1.36835,2.63,1.50
2014.01.14 20:31:24.515,1.36835,1.36837,9.38,1.65
2014.01.14 20:31:25.020,1.36835,1.36837,2.50,3.15
2014.01.14 20:31:44.757,1.36832,1.36835,1.13,3.75
2014.01.14 20:31:44.808,1.36831,1.36833,1.88,2.40
2014.01.14 20:31:45.343,1.36831,1.36833,1.00,2.40
2014.01.14 20:31:45.445,1.36831,1.36834,4.50,1.65
2014.01.14 20:31:45.956,1.36831,1.36834,1.00,1.65
2014.01.14 20:31:46.471,1.36831,1.36834,4.50,1.65
2014.01.14 20:31:47.542,1.36831,1.36834,4.50,1.65
2014.01.14 20:31:50.969,1.36831,1.36835,6.00,3.15
2014.01.14 20:31:54.942,1.36832,1.36833,1.50,2.25
2014.01.14 20:31:55.456,1.36831,1.36833,2.25,2.25
2014.01.14 20:31:56.445,1.36831,1.36833,2.25,2.25
2014.01.14 20:31:56.597,1.36833,1.36835,3.16,1.00
2014.01.14 20:31:58.324,1.36834,1.36836,6.76,1.20
2014.01.14 20:32:00.722,1.36831,1.36834,4.43,2.25
2014.01.14 20:32:01.291,1.3683,1.36833,4.88,2.25
2014.01.14 20:32:01.698,1.36831,1.36835,3.63,9.75
2014.01.14 20:32:01.800,1.3683,1.36833,4.88,2.25
2014.01.14 20:32:03.912,1.3683,1.36834,5.88,1.65
2014.01.14 20:32:04.657,1.3683,1.36832,5.63,2.25
2014.01.14 20:32:12.155,1.3683,1.36832,5.25,2.25
2014.01.14 20:32:12.660,1.36829,1.36831,1.88,2.25
2014.01.14 20:32:15.044,1.36829,1.36832,4.88,1.15
2014.01.14 20:32:15.618,1.36829,1.36831,2.63,2.25
2014.01.14 20:32:21.095,1.3683,1.36831,3.75,3.83
2014.01.14 20:32:50.199,1.36829,1.36831,1.20,4.50
2014.01.14 20:32:54.400,1.36828,1.36831,4.36,5.25
2014.01.14 20:32:54.908,1.36829,1.36831,1.65,3.00
2014.01.14 20:32:57.697,1.36828,1.36831,5.11,5.25
2014.01.14 20:33:02.168,1.36828,1.36831,6.77,5.25
2014.01.14 20:33:02.776,1.36828,1.36831,4.74,5.25
2014.01.14 20:33:08.025,1.36829,1.36831,2.40,5.25
2014.01.14 20:33:19.831,1.3683,1.36831,1.88,2.25
2014.01.14 20:33:21.050,1.36828,1.3683,3.38,1.50
2014.01.14 20:33:22.950,1.36828,1.3683,5.50,1.50
2014.01.14 20:33:25.709,1.36828,1.3683,2.63,4.50
2014.01.14 20:33:26.213,1.36828,1.3683,2.13,1.65
2014.01.14 20:33:29.238,1.36827,1.3683,1.50,4.90
2014.01.14 20:33:30.405,1.36827,1.36829,2.63,1.00
2014.01.14 20:33:31.407,1.36827,1.36829,2.78,1.00
2014.01.14 20:33:32.106,1.36827,1.3683,3.78,2.25
2014.01.14 20:33:33.616,1.36827,1.3683,2.63,4.00
2014.01.14 20:33:43.751,1.36826,1.36829,8.63,1.00
2014.01.14 20:33:46.823,1.36826,1.36829,12.01,2.25
2014.01.14 20:33:47.316,1.36827,1.3683,5.13,3.00
2014.01.14 20:33:49.978,1.36828,1.36832,2.55,10.13
2014.01.14 20:33:59.290,1.36828,1.3683,1.00,4.00
2014.01.14 20:33:59.493,1.36826,1.36829,1.58,6.00
2014.01.14 20:33:59.595,1.36825,1.36828,7.13,4.00
2014.01.14 20:34:02.539,1.36824,1.36825,1.00,1.00
2014.01.14 20:34:02.844,1.36821,1.36824,3.08,3.83
2014.01.14 20:34:02.896,1.36822,1.36823,1.20,3.75
2014.01.14 20:34:02.947,1.36822,1.36823,1.65,1.50
2014.01.14 20:34:03.099,1.36822,1.36823,1.00,3.00
2014.01.14 20:34:03.200,1.3682,1.36823,11.03,4.50
2014.01.14 20:34:03.708,1.3682,1.36822,8.63,2.25
2014.01.14 20:34:04.327,1.3682,1.36823,7.88,2.25
2014.01.14 20:34:04.841,1.36821,1.36823,4.50,1.50
2014.01.14 20:34:07.315,1.3682,1.36822,10.50,1.50
2014.01.14 20:34:07.467,1.36821,1.36823,2.63,2.85
2014.01.14 20:34:08.159,1.36821,1.36824,4.88,4.88
2014.01.14 20:34:12.113,1.36822,1.36825,4.75,3.23
2014.01.14 20:34:12.417,1.36822,1.36824,3.00,2.40
2014.01.14 20:34:13.352,1.3682,1.36822,9.00,1.50
2014.01.14 20:34:14.821,1.36821,1.36824,4.38,2.63
2014.01.14 20:34:14.922,1.36821,1.36822,3.00,1.50
2014.01.14 20:34:18.959,1.3682,1.36821,9.75,1.00
2014.01.14 20:34:19.490,1.3682,1.36821,8.25,2.63
2014.01.14 20:34:19.993,1.36819,1.3682,4.65,1.00
2014.01.14 20:34:20.603,1.3682,1.36821,8.25,2.25
2014.01.14 20:34:21.151,1.3682,1.36823,12.00,4.50
2014.01.14 20:34:25.806,1.36819,1.36821,1.65,1.00
2014.01.14 20:34:26.346,1.3682,1.36821,2.25,1.00
2014.01.14 20:34:34.180,1.3682,1.36822,2.25,1.50
2014.01.14 20:34:35.697,1.36819,1.36821,4.80,1.00
2014.01.14 20:34:36.221,1.3682,1.36822,10.50,1.50
2014.01.14 20:34:38.865,1.3682,1.36821,3.75,1.32
2014.01.14 20:34:41.957,1.3682,1.36821,3.38,1.00
2014.01.14 20:34:44.318,1.3682,1.36822,6.38,2.25
2014.01.14 20:34:44.420,1.36819,1.36821,3.15,1.00
2014.01.14 20:34:53.409,1.3682,1.36822,7.13,2.25
2014.01.14 20:34:53.511,1.36822,1.36826,5.13,12.53
2014.01.14 20:34:53.562,1.36823,1.36825,3.25,3.15
2014.01.14 20:34:53.764,1.36824,1.36826,1.20,5.63
2014.01.14 20:34:53.916,1.36824,1.36826,1.28,3.00
2014.01.14 20:34:58.899,1.36826,1.36831,4.13,9.00
2014.01.14 20:34:59.102,1.36826,1.3683,9.02,4.50
2014.01.14 20:34:59.960,1.36826,1.36829,6.02,2.25
2014.01.14 20:35:04.603,1.36827,1.36829,1.58,3.00
2014.01.14 20:35:05.389,1.36826,1.36828,2.78,2.25
2014.01.14 20:35:11.771,1.36826,1.36828,1.74,3.75
2014.01.14 20:35:13.478,1.36826,1.36828,3.01,3.75
2014.01.14 20:35:14.193,1.36826,1.36828,1.74,3.75
2014.01.14 20:35:17.322,1.36826,1.36829,1.51,1.00
2014.01.14 20:35:17.869,1.36826,1.36828,1.36,3.75
2014.01.14 20:35:18.429,1.36826,1.36829,2.26,3.75
2014.01.14 20:35:21.857,1.36826,1.36828,1.51,3.75
2014.01.14 20:35:29.959,1.36826,1.36827,1.00,1.50
2014.01.14 20:35:30.111,1.36823,1.36825,1.00,3.75
2014.01.14 20:35:30.806,1.3682,1.36824,12.38,3.75
2014.01.14 20:35:32.358,1.3682,1.36823,9.90,1.00
2014.01.14 20:35:33.500,1.3682,1.36823,9.53,1.13
2014.01.14 20:35:33.550,1.3682,1.36822,9.15,2.10
2014.01.14 20:35:33.862,1.36814,1.36816,4.13,6.00
2014.01.14 20:35:33.963,1.36814,1.36815,1.13,4.50
2014.01.14 20:35:34.115,1.3681,1.36813,2.03,2.25
2014.01.14 20:35:34.317,1.36812,1.36813,1.00,1.00
2014.01.14 20:35:34.368,1.36814,1.36816,5.63,1.50
2014.01.14 20:35:34.938,1.36815,1.36816,2.03,2.25
2014.01.14 20:35:36.063,1.36814,1.36816,1.50,4.50
2014.01.14 20:35:36.114,1.36813,1.36815,2.40,1.00
2014.01.14 20:35:36.623,1.36813,1.36814,2.40,1.50
2014.01.14 20:35:37.872,1.3681,1.36814,4.95,4.58
2014.01.14 20:35:37.976,1.3681,1.36812,1.28,1.00
2014.01.14 20:35:39.101,1.36809,1.36811,1.88,1.00
2014.01.14 20:35:39.871,1.3681,1.36811,1.20,1.00
2014.01.14 20:35:40.629,1.3681,1.36812,1.65,1.00
2014.01.14 20:35:41.134,1.3681,1.36812,1.58,1.00
2014.01.14 20:35:42.406,1.3681,1.36812,1.20,1.00
2014.01.14 20:35:44.493,1.3681,1.36812,1.58,1.00
2014.01.14 20:35:44.846,1.36812,1.36816,2.13,8.10
2014.01.14 20:35:44.998,1.36814,1.36816,1.00,5.25
2014.01.14 20:35:45.150,1.36813,1.36815,1.20,1.00
2014.01.14 20:35:45.662,1.36815,1.36816,2.63,1.50
2014.01.14 20:35:46.182,1.36815,1.36818,3.15,1.00
2014.01.14 20:35:46.485,1.36817,1.36818,1.00,1.00
2014.01.14 20:35:46.586,1.36816,1.36819,3.75,3.15
2014.01.14 20:36:02.473,1.36816,1.3682,7.14,2.25
2014.01.14 20:36:05.272,1.36816,1.36819,7.14,1.00
2014.01.14 20:36:05.809,1.36816,1.3682,7.89,1.50
2014.01.14 20:36:07.647,1.36817,1.3682,2.40,1.50
2014.01.14 20:36:08.180,1.36819,1.36821,3.53,2.63
2014.01.14 20:36:10.210,1.36821,1.36822,1.13,3.75
2014.01.14 20:36:13.310,1.36819,1.36821,3.15,3.00
2014.01.14 20:36:16.527,1.36819,1.3682,1.88,1.00
2014.01.14 20:36:16.679,1.36817,1.3682,5.25,3.00
2014.01.14 20:36:17.200,1.36817,1.36819,1.50,1.50
2014.01.14 20:36:17.451,1.36816,1.36819,9.60,1.50
2014.01.14 20:36:19.732,1.36816,1.36819,8.18,1.50
2014.01.14 20:36:21.994,1.36815,1.36817,6.99,4.50
2014.01.14 20:36:22.211,1.36813,1.36815,2.03,1.50
2014.01.14 20:36:24.408,1.36813,1.36814,1.10,1.50
2014.01.14 20:36:25.279,1.36812,1.36814,2.63,1.00
2014.01.14 20:36:25.583,1.36814,1.36815,3.38,1.20
2014.01.14 20:36:26.140,1.36814,1.36816,1.88,1.00
2014.01.14 20:36:26.678,1.36814,1.36816,2.63,3.75
2014.01.14 20:36:26.780,1.36814,1.36816,1.50,1.50
2014.01.14 20:36:29.221,1.36814,1.36816,1.38,1.50
2014.01.14 20:36:29.373,1.36814,1.36817,1.38,4.65
2014.01.14 20:36:29.909,1.36814,1.36817,1.88,2.40
2014.01.14 20:36:30.111,1.36816,1.36818,1.38,1.00
2014.01.14 20:36:30.767,1.36814,1.36817,1.88,6.75
2014.01.14 20:36:30.919,1.36811,1.36814,4.28,1.50
2014.01.14 20:36:35.381,1.36813,1.36815,1.00,1.20
2014.01.14 20:36:35.734,1.36814,1.36815,2.25,2.40
2014.01.14 20:36:36.338,1.36815,1.36816,1.88,3.00
2014.01.14 20:36:48.492,1.36812,1.36815,1.08,2.25
2014.01.14 20:36:48.594,1.3681,1.36814,3.94,9.01
2014.01.14 20:36:48.645,1.36808,1.36811,6.99,7.05
2014.01.14 20:36:48.747,1.36806,1.36808,3.00,1.95
2014.01.14 20:36:48.848,1.36806,1.36807,1.50,1.20
2014.01.14 20:36:49.656,1.36807,1.36808,2.25,2.25
2014.01.14 20:36:50.169,1.36807,1.36809,2.25,2.40
2014.01.14 20:36:55.351,1.36806,1.36807,1.50,2.25
2014.01.14 20:36:55.402,1.36802,1.36805,4.88,10.50
2014.01.14 20:36:55.454,1.36802,1.36804,3.90,1.00
2014.01.14 20:36:55.556,1.368,1.36803,6.00,3.94
2014.01.14 20:36:55.607,1.368,1.36801,3.75,1.50
2014.01.14 20:36:56.119,1.368,1.36802,1.00,1.00
2014.01.14 20:36:56.170,1.36798,1.36801,2.78,1.50
2014.01.14 20:36:56.708,1.36798,1.368,3.53,1.50
2014.01.14 20:36:59.009,1.368,1.36802,1.50,1.00
2014.01.14 20:36:59.527,1.36801,1.36803,3.00,1.65
2014.01.14 20:36:59.578,1.36801,1.36804,3.75,3.00
2014.01.14 20:36:59.679,1.36801,1.36803,3.00,1.20
2014.01.14 20:37:01.367,1.36798,1.36801,1.13,10.88
2014.01.14 20:37:01.520,1.36797,1.36799,2.40,3.38
2014.01.14 20:37:01.721,1.36796,1.36798,3.75,1.00
2014.01.14 20:37:03.100,1.36796,1.36797,1.50,1.50
2014.01.14 20:37:04.831,1.36795,1.36796,7.20,2.48
2014.01.14 20:37:05.138,1.36793,1.36795,1.58,1.58
2014.01.14 20:37:05.646,1.36794,1.36796,2.50,3.00
2014.01.14 20:37:06.486,1.36793,1.36796,6.15,3.38
2014.01.14 20:37:06.840,1.36792,1.36794,1.00,4.28
2014.01.14 20:37:07.349,1.36791,1.36794,1.00,3.53
2014.01.14 20:37:07.551,1.36792,1.36794,2.25,3.53
2014.01.14 20:37:07.954,1.36794,1.36796,4.58,4.58
2014.01.14 20:37:08.107,1.36796,1.36798,3.75,4.28
2014.01.14 20:37:08.619,1.36797,1.36798,2.25,1.00
2014.01.14 20:37:10.028,1.36797,1.368,3.25,1.20
2014.01.14 20:37:10.382,1.36798,1.36799,1.20,2.25
2014.01.14 20:37:15.653,1.36798,1.36801,3.78,1.50
2014.01.14 20:37:16.508,1.36797,1.36799,2.40,1.13
2014.01.14 20:37:20.909,1.36799,1.36801,3.75,4.13
2014.01.14 20:37:21.213,1.36802,1.36806,8.25,1.65
2014.01.14 20:37:21.314,1.36803,1.36806,4.65,4.28
2014.01.14 20:37:21.819,1.36804,1.36806,1.00,3.90
2014.01.14 20:37:23.996,1.36803,1.36806,1.20,2.03
2014.01.14 20:37:24.542,1.36803,1.36805,1.00,3.90
2014.01.14 20:37:25.658,1.36802,1.36805,1.88,3.90
2014.01.14 20:37:26.163,1.36802,1.36804,1.88,2.25
2014.01.14 20:37:26.703,1.36802,1.36804,1.88,2.25
2014.01.14 20:37:27.209,1.36802,1.36804,1.88,2.25
2014.01.14 20:37:28.826,1.36802,1.36803,1.00,2.25
2014.01.14 20:37:29.916,1.36801,1.36803,3.15,2.25
2014.01.14 20:37:30.312,1.36802,1.36804,2.49,2.25
2014.01.14 20:37:30.719,1.36802,1.36804,1.00,2.63
2014.01.14 20:37:40.486,1.36802,1.36805,1.50,4.65
2014.01.14 20:37:40.537,1.36804,1.36805,1.00,1.00
2014.01.14 20:37:41.055,1.36804,1.36806,3.00,1.88
2014.01.14 20:37:41.567,1.36805,1.36806,3.00,1.88
2014.01.14 20:37:48.643,1.36805,1.36807,3.08,1.58
2014.01.14 20:37:48.845,1.36806,1.36808,5.40,1.00
2014.01.14 20:37:49.047,1.36808,1.3681,2.25,2.03
2014.01.14 20:37:49.552,1.3681,1.36813,4.95,4.43
2014.01.14 20:37:49.812,1.3681,1.36814,2.78,3.15
2014.01.14 20:37:50.899,1.36809,1.3681,2.25,1.20
2014.01.14 20:37:51.051,1.36807,1.3681,3.00,5.78
2014.01.14 20:37:53.628,1.36807,1.36809,1.00,2.25
2014.01.14 20:38:01.836,1.36807,1.3681,1.38,5.78
2014.01.14 20:38:02.291,1.3681,1.36812,2.25,1.20
2014.01.14 20:38:04.706,1.36809,1.36811,2.25,1.50
2014.01.14 20:38:04.908,1.36806,1.36809,5.40,3.00
2014.01.14 20:38:07.027,1.36807,1.36809,2.25,2.63
2014.01.14 20:38:07.531,1.36807,1.3681,2.25,7.28
2014.01.14 20:38:12.597,1.36807,1.36809,2.25,1.00
2014.01.14 20:38:13.447,1.36808,1.36811,3.00,4.50
2014.01.14 20:38:14.333,1.3681,1.36812,1.65,1.50
2014.01.14 20:38:15.005,1.36811,1.36812,1.00,1.50
2014.01.14 20:38:20.652,1.3681,1.36812,2.40,1.50
2014.01.14 20:38:37.006,1.36809,1.36812,1.13,3.98
2014.01.14 20:38:37.310,1.36808,1.3681,2.25,2.03
2014.01.14 20:38:40.432,1.36809,1.3681,1.00,2.63
2014.01.14 20:38:53.369,1.36808,1.3681,3.64,3.25
2014.01.14 20:38:53.881,1.36809,1.36811,1.34,5.63
2014.01.14 20:38:58.500,1.36808,1.36809,2.74,1.00
2014.01.14 20:38:59.147,1.36808,1.3681,3.49,1.88
2014.01.14 20:39:00.798,1.36809,1.3681,2.25,2.63
2014.01.14 20:39:01.406,1.36808,1.3681,2.25,2.63
2014.01.14 20:39:03.734,1.36809,1.3681,2.25,2.63
2014.01.14 20:39:04.496,1.36809,1.36811,3.34,2.78
2014.01.14 20:39:04.679,1.3681,1.36813,2.21,2.40
2014.01.14 20:39:13.847,1.3681,1.36812,1.84,5.93
2014.01.14 20:39:14.135,1.36809,1.36813,4.99,1.65
2014.01.14 20:39:33.902,1.36809,1.36811,3.11,1.50
2014.01.14 20:39:34.453,1.36807,1.36811,2.74,4.65
2014.01.14 20:39:34.965,1.36806,1.36809,5.61,3.00
2014.01.14 20:39:37.150,1.36806,1.36809,6.32,1.00
2014.01.14 20:39:37.698,1.36807,1.3681,2.40,6.38
2014.01.14 20:39:44.888,1.36806,1.36809,5.61,2.25
2014.01.14 20:39:54.226,1.36806,1.36809,4.78,3.00
2014.01.14 20:39:55.950,1.36806,1.36808,2.53,2.25
2014.01.14 20:39:57.495,1.36806,1.36808,2.60,2.25
2014.01.14 20:39:58.312,1.36806,1.36808,2.53,2.25
2014.01.14 20:40:03.957,1.36807,1.36811,2.50,10.88
2014.01.14 20:40:04.605,1.36808,1.3681,5.40,3.10
2014.01.14 20:40:05.119,1.36809,1.36813,4.88,3.00
2014.01.14 20:40:05.273,1.36811,1.36813,1.00,2.63
2014.01.14 20:40:28.635,1.36812,1.36813,1.00,1.20
2014.01.14 20:40:28.686,1.36812,1.36814,1.50,2.10
2014.01.14 20:40:28.990,1.36817,1.36819,5.63,5.10
2014.01.14 20:40:29.092,1.36818,1.36822,2.70,2.33
2014.01.14 20:40:29.143,1.36819,1.36823,4.50,3.53
2014.01.14 20:40:30.745,1.3682,1.36822,1.00,1.20
2014.01.14 20:40:39.222,1.36819,1.36823,4.50,2.03
2014.01.14 20:40:40.533,1.3682,1.36823,3.00,1.15
2014.01.14 20:40:40.735,1.3682,1.36824,6.15,3.53
2014.01.14 20:40:41.635,1.36821,1.36824,2.25,3.53
2014.01.14 20:40:42.155,1.3682,1.36824,3.98,3.53
2014.01.14 20:40:43.476,1.36821,1.36824,2.25,3.53
2014.01.14 20:40:44.286,1.3682,1.36824,3.98,3.53
2014.01.14 20:40:57.457,1.36821,1.36824,1.21,1.65
2014.01.14 20:40:57.961,1.3682,1.36823,1.00,4.88
2014.01.14 20:40:58.697,1.36819,1.36823,6.90,4.88
2014.01.14 20:40:59.208,1.36819,1.36823,7.65,4.88
2014.01.14 20:40:59.836,1.36819,1.36823,7.58,5.55
2014.01.14 20:40:59.937,1.36818,1.36821,3.75,1.20
2014.01.14 20:41:01.990,1.36818,1.3682,2.25,1.00
2014.01.14 20:41:02.346,1.36816,1.36818,5.63,1.10
2014.01.14 20:41:02.653,1.36814,1.36817,2.25,4.65
2014.01.14 20:41:03.161,1.36813,1.36816,4.88,3.53
2014.01.14 20:41:06.181,1.36813,1.36816,5.13,3.15
2014.01.14 20:41:06.564,1.36814,1.36818,3.53,1.20
2014.01.14 20:41:08.088,1.36815,1.36819,3.63,2.25
2014.01.14 20:41:08.491,1.36816,1.3682,2.28,2.03
2014.01.14 20:41:09.048,1.36816,1.36818,1.20,2.25
2014.01.14 20:41:12.779,1.36816,1.36818,1.20,2.25
2014.01.14 20:41:13.260,1.36817,1.3682,3.00,2.40
2014.01.14 20:41:13.850,1.36818,1.36821,2.25,5.40
2014.01.14 20:41:15.703,1.36817,1.36821,3.75,5.03
2014.01.14 20:41:19.206,1.36818,1.36821,2.25,4.65
2014.01.14 20:42:07.112,1.36819,1.3682,1.00,2.40
2014.01.14 20:42:12.439,1.36818,1.3682,1.00,2.25
2014.01.14 20:42:13.712,1.36818,1.36821,3.00,4.65
2014.01.14 20:42:25.450,1.36818,1.3682,1.00,2.25
2014.01.14 20:42:41.171,1.36817,1.3682,7.28,2.25
2014.01.14 20:42:44.228,1.36818,1.3682,1.00,2.25
2014.01.14 20:42:44.742,1.36818,1.36819,1.00,2.25
2014.01.14 20:42:46.562,1.36818,1.3682,1.00,2.25
2014.01.14 20:42:47.073,1.36817,1.3682,3.15,2.25
2014.01.14 20:42:49.132,1.36818,1.3682,1.00,2.25
2014.01.14 20:42:50.302,1.36818,1.36819,1.00,2.25
2014.01.14 20:42:51.553,1.36819,1.3682,1.00,1.50
2014.01.14 20:42:51.707,1.36819,1.36821,1.00,5.40
2014.01.14 20:42:52.484,1.36818,1.36821,5.25,3.15
2014.01.14 20:42:56.869,1.3682,1.36821,1.00,1.20
2014.01.14 20:42:57.172,1.36828,1.36832,1.88,4.65
2014.01.14 20:42:57.223,1.36828,1.36832,2.88,1.50
2014.01.14 20:42:58.302,1.36828,1.36831,1.00,1.65
2014.01.14 20:43:06.987,1.36828,1.36831,1.00,1.65
2014.01.14 20:43:10.249,1.36827,1.36831,2.78,3.99
2014.01.14 20:43:10.602,1.36824,1.36827,4.65,1.00
2014.01.14 20:43:11.107,1.36825,1.36826,1.28,1.13
2014.01.14 20:43:11.592,1.36825,1.36828,4.65,1.21
2014.01.14 20:43:12.815,1.36826,1.36829,1.00,2.34
2014.01.14 20:43:33.249,1.36826,1.36827,1.00,2.25
2014.01.14 20:43:33.501,1.36824,1.36826,1.88,2.63
2014.01.14 20:43:33.804,1.36823,1.36824,1.50,2.33
2014.01.14 20:43:34.570,1.36822,1.36824,1.88,2.78
2014.01.14 20:43:35.078,1.36821,1.36823,2.25,3.00
2014.01.14 20:43:35.583,1.36821,1.36823,1.50,3.08
2014.01.14 20:43:36.182,1.3682,1.36822,2.85,3.53
2014.01.14 20:43:45.591,1.36821,1.36825,7.61,3.38
2014.01.14 20:43:45.794,1.36821,1.36823,3.00,1.13
2014.01.14 20:43:46.775,1.3682,1.36824,4.50,3.72
2014.01.14 20:43:47.325,1.36821,1.36823,1.00,2.25
2014.01.14 20:43:48.890,1.3682,1.36823,7.50,2.25
2014.01.14 20:43:49.404,1.3682,1.36823,6.00,2.63
2014.01.14 20:43:49.923,1.3682,1.36824,5.85,5.78
2014.01.14 20:43:50.466,1.36821,1.36824,2.25,5.78
2014.01.14 20:43:51.578,1.3682,1.36823,5.77,2.25
2014.01.14 20:43:52.134,1.36821,1.36824,2.25,6.15
2014.01.14 20:43:55.047,1.36821,1.36823,2.25,1.00
2014.01.14 20:43:55.657,1.3682,1.36823,5.17,1.00
2014.01.14 20:43:56.190,1.3682,1.36823,5.17,3.38
2014.01.14 20:44:12.457,1.3682,1.36822,1.88,2.79
2014.01.14 20:44:13.461,1.36819,1.36822,5.40,2.79
2014.01.14 20:44:19.293,1.3682,1.36823,6.83,3.08
2014.01.14 20:44:19.805,1.36821,1.36824,5.78,2.33
2014.01.14 20:44:20.315,1.36821,1.36824,5.03,2.33
2014.01.14 20:44:20.824,1.36822,1.36825,1.13,4.01
2014.01.14 20:44:25.110,1.36822,1.36824,3.75,1.00
2014.01.14 20:44:33.373,1.36822,1.36825,4.13,3.15
2014.01.14 20:44:33.423,1.36824,1.36826,4.58,3.00
2014.01.14 20:44:33.958,1.36825,1.36826,1.50,2.25
2014.01.14 20:44:43.391,1.36825,1.36827,2.50,3.75
2014.01.14 20:44:43.903,1.36825,1.36826,2.25,1.50
2014.01.14 20:44:44.363,1.36825,1.36828,8.13,3.15
2014.01.14 20:44:44.884,1.36826,1.36829,4.13,3.90
2014.01.14 20:44:45.388,1.36826,1.36827,1.00,1.50
2014.01.14 20:44:45.942,1.36825,1.36827,1.13,1.50
2014.01.14 20:44:51.986,1.36825,1.36826,1.13,1.10
2014.01.14 20:44:52.037,1.36823,1.36825,1.13,2.25
2014.01.14 20:44:52.245,1.36823,1.36826,3.38,7.09
2014.01.14 20:44:52.598,1.36823,1.36826,4.51,5.03
2014.01.14 20:44:53.080,1.36824,1.36826,4.50,3.15
2014.01.14 20:44:53.131,1.36821,1.36823,1.00,2.25
2014.01.14 20:44:53.233,1.3682,1.36822,1.28,4.35
2014.01.14 20:44:53.334,1.36819,1.3682,1.00,1.00
2014.01.14 20:44:53.883,1.36816,1.3682,6.38,2.25
2014.01.14 20:44:55.279,1.36816,1.36819,5.63,1.00
2014.01.14 20:44:56.387,1.36817,1.36819,1.88,1.00
2014.01.14 20:44:56.917,1.36817,1.3682,1.88,1.00
2014.01.14 20:44:58.012,1.36817,1.36819,1.88,1.00
2014.01.14 20:45:01.222,1.36817,1.36819,1.88,1.00
2014.01.14 20:45:01.770,1.36817,1.36821,2.03,1.50
2014.01.14 20:45:07.040,1.36817,1.36819,1.88,1.00
2014.01.14 20:45:09.249,1.36817,1.36819,1.88,1.00
2014.01.14 20:45:09.756,1.36817,1.36819,2.63,1.00
2014.01.14 20:45:17.811,1.36816,1.36818,3.53,1.00
2014.01.14 20:45:19.824,1.36817,1.36819,2.25,1.00
2014.01.14 20:45:22.682,1.36816,1.36819,4.28,1.00
2014.01.14 20:45:23.883,1.36816,1.36818,4.28,1.00
2014.01.14 20:45:24.789,1.36816,1.36819,4.28,1.00
2014.01.14 20:45:37.961,1.36816,1.36819,3.15,1.00
2014.01.14 20:45:38.265,1.36818,1.36821,3.53,1.00
2014.01.14 20:45:38.870,1.36821,1.36823,1.00,1.20
2014.01.14 20:45:38.921,1.36823,1.36826,3.01,2.40
2014.01.14 20:45:39.428,1.36825,1.36827,1.88,2.78
2014.01.14 20:45:45.222,1.36825,1.36826,1.88,2.40
2014.01.14 20:45:45.424,1.36822,1.36825,2.03,1.50
2014.01.14 20:45:46.060,1.36822,1.36824,1.65,1.00
2014.01.14 20:45:47.215,1.36824,1.36825,1.00,2.25
2014.01.14 20:45:50.401,1.36822,1.36824,3.90,1.00
2014.01.14 20:45:50.916,1.36822,1.36825,3.53,2.25
2014.01.14 20:45:51.448,1.36822,1.36824,1.58,1.00
2014.01.14 20:45:58.703,1.3682,1.36823,10.35,4.35
2014.01.14 20:45:58.956,1.36815,1.36817,2.78,1.88
2014.01.14 20:45:59.460,1.36816,1.36819,3.75,2.70
2014.01.14 20:45:59.763,1.36815,1.36817,3.15,1.00
2014.01.14 20:45:59.813,1.36817,1.36819,3.31,1.10
2014.01.14 20:46:00.317,1.36816,1.36819,3.75,1.43
2014.01.14 20:46:00.601,1.36815,1.36817,3.15,2.25
2014.01.14 20:46:00.790,1.36816,1.36819,3.75,1.65
2014.01.14 20:46:00.992,1.36815,1.36817,3.15,2.25
2014.01.14 20:46:02.098,1.36816,1.36819,3.75,1.65
2014.01.14 20:46:03.945,1.36817,1.36818,2.25,2.25
2014.01.14 20:46:04.460,1.36818,1.3682,2.25,2.40
2014.01.14 20:46:07.860,1.36818,1.36819,2.25,1.20
2014.01.14 20:46:09.216,1.36817,1.3682,4.50,1.65
2014.01.14 20:46:10.206,1.36818,1.3682,2.25,1.65
2014.01.14 20:46:11.141,1.36818,1.3682,2.25,1.50
2014.01.14 20:46:11.647,1.36818,1.3682,2.25,1.65
2014.01.14 20:46:15.264,1.36818,1.3682,2.25,1.50
2014.01.14 20:46:22.978,1.36817,1.3682,3.15,1.50
2014.01.14 20:46:23.525,1.36818,1.3682,2.25,1.50
2014.01.14 20:46:24.068,1.36818,1.36819,2.25,2.10
2014.01.14 20:46:24.386,1.36817,1.36819,2.25,2.48
2014.01.14 20:46:32.046,1.36816,1.36818,2.25,1.00
2014.01.14 20:46:35.417,1.36817,1.36819,2.25,2.48
2014.01.14 20:46:35.984,1.36816,1.36818,2.25,1.00
2014.01.14 20:46:37.255,1.36817,1.36819,2.25,2.48
2014.01.14 20:46:37.763,1.36817,1.36819,2.25,2.48
2014.01.14 20:46:38.277,1.36817,1.36819,2.25,2.48
2014.01.14 20:46:38.788,1.36817,1.36819,2.25,2.48
2014.01.14 20:46:40.574,1.36817,1.36819,2.25,2.48
2014.01.14 20:46:41.078,1.36815,1.36818,8.25,1.00
2014.01.14 20:46:44.204,1.36816,1.36817,3.15,1.00
2014.01.14 20:46:44.674,1.36817,1.36819,2.25,3.38
2014.01.14 20:46:45.385,1.36816,1.36818,6.53,1.00
2014.01.14 20:46:46.135,1.36817,1.36818,2.25,1.00
2014.01.14 20:46:49.206,1.36816,1.36818,6.53,1.00
2014.01.14 20:46:56.794,1.36817,1.36818,1.00,1.00
2014.01.14 20:47:06.769,1.36817,1.36819,3.00,1.00
2014.01.14 20:47:07.307,1.36816,1.36818,3.15,1.73
2014.01.14 20:47:10.396,1.36816,1.36818,2.40,2.67
2014.01.14 20:47:11.191,1.36815,1.36817,3.75,1.20
2014.01.14 20:47:11.242,1.36814,1.36815,1.50,1.10
2014.01.14 20:47:11.394,1.36813,1.36814,2.63,1.00
2014.01.14 20:47:11.596,1.36814,1.36816,3.75,1.00
2014.01.14 20:47:11.899,1.36815,1.36818,7.13,2.10
2014.01.14 20:47:14.208,1.36816,1.36818,3.75,2.85
2014.01.14 20:47:16.284,1.36816,1.36817,1.50,1.00
2014.01.14 20:47:16.815,1.36816,1.36817,1.50,1.00
2014.01.14 20:47:17.339,1.36816,1.36818,2.25,2.85
2014.01.14 20:47:17.831,1.36814,1.36817,6.00,1.00
2014.01.14 20:47:18.698,1.36815,1.36817,1.13,1.00
2014.01.14 20:47:18.748,1.36816,1.36818,2.25,1.35
2014.01.14 20:47:40.880,1.36816,1.36817,3.15,1.50
2014.01.14 20:47:45.177,1.36814,1.36817,3.60,2.50
2014.01.14 20:47:46.190,1.36816,1.36817,3.00,1.00
2014.01.14 20:47:48.965,1.36815,1.36817,1.13,1.50
2014.01.14 20:47:50.071,1.36816,1.36817,3.00,1.00
2014.01.14 20:47:56.410,1.36815,1.36817,3.75,1.50
2014.01.14 20:47:56.511,1.36813,1.36816,6.75,2.50
2014.01.14 20:47:56.663,1.36812,1.36814,3.15,1.00
2014.01.14 20:47:56.764,1.36811,1.36813,2.25,1.00
2014.01.14 20:47:57.066,1.36813,1.36815,3.00,1.00
2014.01.14 20:47:57.470,1.36812,1.36814,3.53,1.50
2014.01.14 20:47:57.873,1.36813,1.36816,2.25,2.85
2014.01.14 20:47:58.378,1.36813,1.36814,2.25,1.50
2014.01.14 20:47:59.808,1.36812,1.36814,3.53,1.50
2014.01.14 20:48:00.491,1.36811,1.36813,2.63,2.13
2014.01.14 20:48:00.693,1.36807,1.36809,4.28,3.25
2014.01.14 20:48:01.224,1.36807,1.36808,1.28,1.50
2014.01.14 20:48:01.737,1.36808,1.3681,2.25,1.00
2014.01.14 20:48:02.422,1.36808,1.3681,1.00,1.50
2014.01.14 20:48:02.941,1.36809,1.36812,3.75,1.00
2014.01.14 20:48:07.945,1.36809,1.36812,3.75,1.50
2014.01.14 20:48:11.070,1.36809,1.36811,3.00,3.15
2014.01.14 20:48:11.640,1.36809,1.36812,3.75,1.50
2014.01.14 20:48:17.932,1.36809,1.36811,1.50,2.65
2014.01.14 20:48:18.442,1.36809,1.36811,3.53,1.50
2014.01.14 20:48:19.748,1.36811,1.36813,1.38,1.00
2014.01.14 20:48:20.052,1.36815,1.36817,5.28,1.00
2014.01.14 20:48:23.071,1.36817,1.36818,2.25,1.00
2014.01.14 20:48:23.576,1.36816,1.36818,3.75,1.50
2014.01.14 20:48:53.853,1.36815,1.36817,4.15,1.50
2014.01.14 20:48:54.228,1.36808,1.36815,2.18,7.88
2014.01.14 20:48:54.590,1.36807,1.36811,2.33,2.70
2014.01.14 20:48:54.989,1.36808,1.3681,2.25,1.50
2014.01.14 20:48:55.810,1.36808,1.3681,2.25,1.50
2014.01.14 20:49:00.404,1.36808,1.3681,2.25,1.50
2014.01.14 20:49:02.530,1.36808,1.3681,2.25,1.50
2014.01.14 20:49:03.055,1.36807,1.36809,2.25,1.13
2014.01.14 20:49:03.387,1.36807,1.3681,3.25,1.88
2014.01.14 20:49:08.094,1.36808,1.3681,2.25,1.88
2014.01.14 20:49:08.638,1.36808,1.36811,2.25,3.15
2014.01.14 20:49:09.093,1.36808,1.3681,2.25,1.38
2014.01.14 20:49:09.245,1.36803,1.36807,4.20,3.21
2014.01.14 20:49:09.497,1.36804,1.36806,3.83,1.58
2014.01.14 20:49:09.598,1.36804,1.36807,6.69,2.25
2014.01.14 20:49:10.512,1.36804,1.36807,1.00,1.28
2014.01.14 20:49:10.562,1.36804,1.36805,1.00,1.00
2014.01.14 20:49:12.800,1.36805,1.36807,2.25,1.28
2014.01.14 20:49:13.801,1.36805,1.36807,1.00,1.13
2014.01.14 20:49:14.760,1.36804,1.36807,5.26,1.88
2014.01.14 20:49:15.113,1.36803,1.36804,1.20,1.00
2014.01.14 20:49:17.119,1.36802,1.36804,2.25,1.00
2014.01.14 20:49:17.473,1.368,1.36804,8.86,2.78
2014.01.14 20:49:18.014,1.368,1.36804,7.50,3.53
2014.01.14 20:49:19.352,1.36798,1.368,4.13,2.35
2014.01.14 20:49:19.556,1.368,1.36802,6.67,6.45
2014.01.14 20:49:20.099,1.368,1.36802,9.67,1.50
2014.01.14 20:49:22.637,1.368,1.36802,7.42,7.50
2014.01.14 20:49:22.991,1.368,1.36802,8.92,2.25
2014.01.14 20:49:23.577,1.36801,1.36802,1.00,1.50
2014.01.14 20:49:23.628,1.368,1.36802,5.08,3.75
2014.01.14 20:49:23.830,1.36801,1.36802,1.00,1.50
2014.01.14 20:49:23.982,1.36801,1.36804,5.94,1.00
2014.01.14 20:49:24.285,1.36803,1.36805,3.38,1.50
2014.01.14 20:49:24.920,1.36804,1.36806,1.50,2.03
2014.01.14 20:49:31.901,1.368,1.36803,5.98,4.00
2014.01.14 20:49:31.952,1.368,1.36803,5.46,4.46
2014.01.14 20:49:32.465,1.36801,1.36804,1.00,4.65
2014.01.14 20:49:33.357,1.368,1.36804,4.33,4.28
2014.01.14 20:49:36.301,1.36801,1.36804,1.00,3.53
2014.01.14 20:49:48.788,1.368,1.36802,8.08,1.50
2014.01.14 20:49:49.293,1.36801,1.36803,2.25,1.20
2014.01.14 20:49:49.798,1.36801,1.36804,3.25,4.50
2014.01.14 20:49:50.000,1.36801,1.36804,2.25,5.40
2014.01.14 20:49:50.907,1.36801,1.36804,4.00,3.75
2014.01.14 20:49:51.008,1.36801,1.36804,1.00,5.40
2014.01.14 20:49:51.545,1.368,1.36803,7.25,3.15
2014.01.14 20:49:52.051,1.36801,1.36803,1.00,1.50
2014.01.14 20:49:52.829,1.36802,1.36805,5.60,1.50
2014.01.14 20:49:53.031,1.36804,1.36806,3.04,4.50
2014.01.14 20:49:53.549,1.36805,1.36808,2.25,3.53
2014.01.14 20:49:54.056,1.36805,1.36806,2.25,2.25
2014.01.14 20:49:58.144,1.36804,1.36806,5.29,1.50
2014.01.14 20:49:58.553,1.36804,1.36806,1.05,3.64
2014.01.14 20:50:00.281,1.36801,1.36804,1.20,2.50
2014.01.14 20:50:00.332,1.36801,1.36802,1.00,1.50
2014.01.14 20:50:00.857,1.368,1.36802,1.88,1.50
2014.01.14 20:50:01.381,1.36799,1.36802,1.20,1.50
2014.01.14 20:50:01.948,1.36799,1.36802,1.20,1.50
2014.01.14 20:50:02.403,1.36799,1.36802,1.10,6.01
2014.01.14 20:50:02.918,1.36799,1.36802,1.00,7.50
2014.01.14 20:50:06.226,1.368,1.36801,4.25,3.00
2014.01.14 20:50:07.970,1.36801,1.36802,1.00,3.00
2014.01.14 20:50:16.471,1.36798,1.36801,3.38,2.58
2014.01.14 20:50:16.775,1.36784,1.36793,4.51,2.28
2014.01.14 20:50:17.279,1.3679,1.36793,1.00,2.70
2014.01.14 20:50:20.607,1.36788,1.3679,1.65,1.50
2014.01.14 20:50:21.702,1.36789,1.3679,1.00,1.50
2014.01.14 20:50:23.833,1.36787,1.3679,1.15,1.50
2014.01.14 20:50:25.431,1.36786,1.36789,3.75,1.50
2014.01.14 20:50:25.936,1.36786,1.3679,4.50,1.50
2014.01.14 20:50:28.351,1.36787,1.36791,1.65,3.38
2014.01.14 20:50:30.592,1.36787,1.36791,1.58,6.45
2014.01.14 20:50:31.142,1.36787,1.36791,2.25,3.53
2014.01.14 20:50:34.419,1.36788,1.36791,1.00,2.78
2014.01.14 20:50:36.019,1.36788,1.36791,1.20,3.38
2014.01.14 20:51:10.559,1.36788,1.36791,1.10,3.38
2014.01.14 20:51:11.066,1.36787,1.36791,5.25,4.88
2014.01.14 20:51:13.492,1.36787,1.36791,5.40,3.53
2014.01.14 20:51:16.881,1.36787,1.36791,6.01,2.78
2014.01.14 20:51:17.033,1.3679,1.36793,1.00,3.23
2014.01.14 20:51:22.728,1.3679,1.36793,3.00,3.38
2014.01.14 20:51:23.527,1.36791,1.36793,1.00,3.23
2014.01.14 20:51:23.628,1.36791,1.36794,4.28,1.13
2014.01.14 20:51:24.132,1.36791,1.36794,1.00,6.15
2014.01.14 20:51:27.285,1.3679,1.36794,3.75,8.63
2014.01.14 20:51:29.094,1.36789,1.36792,1.28,1.50
2014.01.14 20:51:29.705,1.36789,1.36793,2.78,2.03
2014.01.14 20:51:38.266,1.3679,1.36793,1.00,2.03
2014.01.14 20:51:40.765,1.36789,1.36793,2.40,2.03
2014.01.14 20:51:49.409,1.36789,1.36793,2.78,1.65
2014.01.14 20:51:49.460,1.36791,1.36795,10.51,2.85
2014.01.14 20:51:49.662,1.36794,1.36797,6.75,2.03
2014.01.14 20:51:50.201,1.36795,1.36797,2.40,1.50
2014.01.14 20:51:53.450,1.36794,1.36797,4.88,1.50
2014.01.14 20:51:54.027,1.36795,1.36797,2.25,2.25
2014.01.14 20:51:58.416,1.36796,1.36798,2.25,1.00
2014.01.14 20:51:58.669,1.36797,1.36799,2.25,2.03
2014.01.14 20:52:00.196,1.36797,1.36799,2.25,2.03
2014.01.14 20:52:01.714,1.36797,1.36799,2.25,1.65
2014.01.14 20:52:02.678,1.36799,1.368,3.00,1.00
2014.01.14 20:52:02.931,1.36802,1.36805,1.14,2.25
2014.01.14 20:52:03.437,1.36802,1.36804,1.50,1.28
2014.01.14 20:52:03.968,1.368,1.36804,2.03,2.78
2014.01.14 20:52:06.310,1.368,1.36804,1.65,3.03
2014.01.14 20:52:06.937,1.36799,1.36804,1.50,7.50
2014.01.14 20:52:07.696,1.36798,1.36801,1.65,2.25
2014.01.14 20:52:09.713,1.36797,1.368,2.78,1.00
2014.01.14 20:52:27.199,1.36797,1.368,3.15,1.00
2014.01.14 20:52:30.598,1.36797,1.368,3.53,1.09
2014.01.14 20:52:53.005,1.36798,1.36801,1.00,3.15
2014.01.14 20:52:53.106,1.36798,1.36801,1.50,1.65
2014.01.14 20:52:59.407,1.36798,1.36801,2.70,1.10
2014.01.14 20:52:59.916,1.36799,1.36802,1.65,1.00
2014.01.14 20:53:10.488,1.36799,1.36801,1.65,1.00
2014.01.14 20:53:10.539,1.36798,1.36801,1.50,1.09
2014.01.14 20:53:10.740,1.36799,1.36801,1.65,1.00
2014.01.14 20:53:11.392,1.36799,1.36802,1.65,1.00
2014.01.14 20:53:11.501,1.36799,1.36802,2.78,1.00
2014.01.14 20:53:11.805,1.36806,1.36808,3.08,1.43
2014.01.14 20:53:11.906,1.36806,1.36809,1.58,1.50
2014.01.14 20:53:17.182,1.36807,1.36811,5.40,2.63
2014.01.14 20:53:17.283,1.3681,1.36811,1.00,1.00
2014.01.14 20:53:17.385,1.3681,1.36813,2.03,1.13
2014.01.14 20:53:17.931,1.3681,1.36814,3.15,1.50
2014.01.14 20:53:23.276,1.3681,1.36813,1.65,1.00
2014.01.14 20:53:24.776,1.36809,1.36811,4.35,1.00
2014.01.14 20:53:24.928,1.36808,1.3681,1.88,2.58
2014.01.14 20:53:25.460,1.36807,1.36809,1.50,1.00
2014.01.14 20:53:25.762,1.36806,1.36809,4.65,1.00
2014.01.14 20:53:28.714,1.36806,1.3681,4.65,2.40
2014.01.14 20:53:30.086,1.36806,1.36809,3.90,1.00
2014.01.14 20:53:30.590,1.36807,1.3681,1.00,2.40
2014.01.14 20:53:33.590,1.36806,1.3681,4.65,2.40
2014.01.14 20:53:33.796,1.36804,1.36807,7.35,3.10
2014.01.14 20:53:33.949,1.36803,1.36805,1.88,1.00
2014.01.14 20:53:34.201,1.36805,1.36807,1.13,1.00
2014.01.14 20:53:34.759,1.36805,1.36808,2.25,1.20
2014.01.14 20:53:42.707,1.36805,1.36808,2.33,1.10
2014.01.14 20:53:45.807,1.36805,1.36809,2.78,4.50
2014.01.14 20:53:48.952,1.36807,1.36809,1.00,1.00
2014.01.14 20:53:50.497,1.36806,1.36809,2.78,1.00
2014.01.14 20:54:01.701,1.36806,1.3681,1.65,6.15
2014.01.14 20:54:02.278,1.36806,1.36809,1.65,2.25
2014.01.14 20:54:03.848,1.36806,1.36808,1.65,1.00
2014.01.14 20:54:04.621,1.36806,1.36809,1.65,3.00
2014.01.14 20:54:06.866,1.36807,1.36809,1.00,1.00
2014.01.14 20:54:19.119,1.36807,1.3681,3.75,1.65
2014.01.14 20:54:19.663,1.36807,1.36811,8.63,2.40
2014.01.14 20:54:19.966,1.36809,1.36811,1.38,1.00
2014.01.14 20:54:20.017,1.36809,1.36813,4.13,2.40
2014.01.14 20:54:26.424,1.36809,1.36813,2.25,1.65
2014.01.14 20:54:26.626,1.36809,1.36811,1.00,3.15
2014.01.14 20:54:27.158,1.36808,1.36811,1.00,3.90
2014.01.14 20:54:33.504,1.36807,1.3681,1.88,1.20
2014.01.14 20:54:34.020,1.36806,1.36809,6.39,2.25
2014.01.14 20:54:34.625,1.36806,1.36808,6.39,2.25
2014.01.14 20:54:35.133,1.36806,1.36809,6.39,2.25
2014.01.14 20:54:35.786,1.36806,1.36809,6.39,2.25
2014.01.14 20:54:37.427,1.36806,1.36808,4.89,2.25
2014.01.14 20:54:38.371,1.36806,1.36809,5.64,3.00
2014.01.14 20:54:42.073,1.36807,1.36809,1.00,3.00
2014.01.14 20:54:48.463,1.36807,1.3681,1.00,4.65
2014.01.14 20:55:01.219,1.36806,1.36808,1.65,1.50
2014.01.14 20:55:01.421,1.36804,1.36807,1.65,1.50
2014.01.14 20:55:01.890,1.36806,1.36808,1.00,1.20
2014.01.14 20:55:03.745,1.36805,1.36809,2.63,1.65
2014.01.14 20:55:04.847,1.36805,1.36807,1.00,1.35
2014.01.14 20:55:05.352,1.36805,1.36809,1.88,2.78
2014.01.14 20:55:05.878,1.36805,1.36809,2.63,2.40
2014.01.14 20:55:06.407,1.36805,1.36807,1.88,1.50
2014.01.14 20:55:08.064,1.36805,1.36807,4.13,1.00
2014.01.14 20:55:08.612,1.36806,1.36809,1.00,2.40
2014.01.14 20:55:10.624,1.36806,1.36809,1.00,2.49
2014.01.14 20:55:11.167,1.36805,1.36808,1.88,1.74
2014.01.14 20:55:14.771,1.36806,1.36808,1.00,2.86
2014.01.14 20:55:17.704,1.36805,1.36807,2.63,1.11
2014.01.14 20:55:19.967,1.36804,1.36807,3.53,1.11
2014.01.14 20:55:20.752,1.36804,1.36807,2.25,1.19
2014.01.14 20:55:21.831,1.36804,1.36807,2.63,1.19
2014.01.14 20:55:22.447,1.36804,1.36808,3.38,1.66
2014.01.14 20:55:25.447,1.36804,1.36807,1.13,1.11
2014.01.14 20:55:26.000,1.36804,1.36808,3.00,3.84
2014.01.14 20:55:30.546,1.36803,1.36807,4.74,1.74
2014.01.14 20:55:30.647,1.36803,1.36807,4.74,1.74
2014.01.14 20:55:33.188,1.36804,1.36805,1.00,1.00
2014.01.14 20:55:33.492,1.36802,1.36805,1.36,5.25
2014.01.14 20:55:34.096,1.36801,1.36804,2.63,4.65
2014.01.14 20:55:34.146,1.368,1.36803,3.24,3.90
2014.01.14 20:55:34.298,1.36799,1.36802,2.03,6.60
2014.01.14 20:55:34.400,1.36797,1.36801,1.50,11.41
2014.01.14 20:55:34.480,1.36796,1.36801,1.13,12.16
2014.01.14 20:55:34.587,1.36794,1.36799,2.03,3.35
2014.01.14 20:55:36.226,1.36794,1.36799,2.03,3.83
2014.01.14 20:55:37.352,1.36794,1.36798,1.65,1.58
2014.01.14 20:55:37.912,1.36793,1.36797,5.26,1.50
2014.01.14 20:55:40.294,1.36793,1.36797,4.89,1.50
2014.01.14 20:55:40.810,1.36794,1.36798,3.90,3.83
2014.01.14 20:55:40.861,1.36794,1.36798,2.03,3.83
2014.01.14 20:55:41.225,1.36793,1.36796,1.00,6.53
2014.01.14 20:55:41.641,1.36792,1.36795,1.20,4.50
2014.01.14 20:55:41.793,1.3679,1.36795,2.67,5.40
2014.01.14 20:55:43.887,1.3679,1.36793,2.30,2.50
2014.01.14 20:55:48.726,1.3679,1.36793,3.05,1.50
2014.01.14 20:55:51.354,1.36792,1.36795,2.25,2.40
2014.01.14 20:55:51.877,1.36793,1.36795,2.25,2.40
2014.01.14 20:55:55.299,1.36792,1.36795,4.50,1.15
2014.01.14 20:55:58.286,1.36793,1.36795,1.50,1.20
2014.01.14 20:55:59.049,1.36794,1.36796,1.50,1.15
2014.01.14 20:55:59.252,1.36796,1.36797,1.10,1.00
2014.01.14 20:55:59.504,1.36798,1.36801,2.63,1.65
2014.01.14 20:55:59.555,1.36799,1.36802,1.65,1.50
2014.01.14 20:56:00.060,1.368,1.36802,1.88,1.00
2014.01.14 20:56:00.638,1.368,1.36803,1.88,1.20
2014.01.14 20:56:03.405,1.36799,1.36803,2.40,1.65
2014.01.14 20:56:07.121,1.36799,1.36802,1.65,2.25
2014.01.14 20:56:07.527,1.36796,1.368,5.25,3.63
2014.01.14 20:56:07.679,1.36795,1.36798,1.02,5.22
2014.01.14 20:56:07.982,1.36797,1.36798,1.00,1.50
2014.01.14 20:56:08.286,1.36798,1.368,1.50,2.25
2014.01.14 20:56:08.790,1.36798,1.368,1.50,2.40
2014.01.14 20:56:10.013,1.36798,1.368,1.00,2.25
2014.01.14 20:56:13.424,1.36799,1.368,1.50,1.00
2014.01.14 20:56:18.818,1.36799,1.36802,2.50,1.15
2014.01.14 20:56:19.606,1.368,1.36803,1.50,3.38
2014.01.14 20:56:23.819,1.36799,1.36801,2.25,2.40
2014.01.14 20:56:35.681,1.36798,1.36801,1.50,4.28
2014.01.14 20:56:36.188,1.36798,1.36801,1.50,5.40
2014.01.14 20:56:41.944,1.36798,1.36799,1.50,1.00
2014.01.14 20:56:48.756,1.36798,1.368,1.00,3.00
2014.01.14 20:56:49.284,1.36797,1.368,1.65,4.88
2014.01.14 20:56:52.332,1.36797,1.368,1.65,4.13
2014.01.14 20:57:07.251,1.36797,1.36799,1.65,3.00
2014.01.14 20:57:17.187,1.36796,1.36799,1.20,2.25
2014.01.14 20:57:17.714,1.36796,1.36799,1.20,4.50
2014.01.14 20:57:18.811,1.36796,1.36799,1.28,2.25
2014.01.14 20:57:36.409,1.36796,1.36798,1.00,1.00
2014.01.14 20:57:43.860,1.36796,1.36799,2.33,1.20
2014.01.14 20:57:44.403,1.36797,1.36799,1.00,1.20
2014.01.14 20:57:45.000,1.36796,1.36799,2.25,1.20
2014.01.14 20:57:45.916,1.36795,1.36797,2.93,2.85
2014.01.14 20:57:46.219,1.36791,1.36795,2.03,7.15
2014.01.14 20:57:46.752,1.36791,1.36795,1.65,4.65
2014.01.14 20:57:48.842,1.36792,1.36794,1.00,3.00
2014.01.14 20:57:48.893,1.36793,1.36796,3.38,6.53
2014.01.14 20:57:49.046,1.36796,1.36798,1.13,2.33
2014.01.14 20:57:49.197,1.36796,1.36799,3.38,2.40
2014.01.14 20:57:53.803,1.36797,1.36799,2.33,1.10
2014.01.14 20:57:54.106,1.36799,1.36802,1.88,1.65
2014.01.14 20:57:54.157,1.368,1.36802,1.88,1.65
2014.01.14 20:57:54.718,1.368,1.36804,2.03,4.65
2014.01.14 20:58:03.862,1.36798,1.36803,6.00,3.00
2014.01.14 20:58:10.331,1.36801,1.36803,1.00,2.25
2014.01.14 20:58:10.836,1.36801,1.36805,2.63,3.15
2014.01.14 20:58:12.900,1.36802,1.36805,1.00,2.40
2014.01.14 20:58:16.149,1.36802,1.36803,1.00,2.25
2014.01.14 20:58:16.653,1.36801,1.36803,1.13,2.25
2014.01.14 20:58:17.361,1.36801,1.36804,1.13,2.40
2014.01.14 20:58:17.871,1.36802,1.36804,1.00,2.40
2014.01.14 20:58:25.187,1.36803,1.36805,1.00,3.75
2014.01.14 20:58:25.389,1.36806,1.36807,1.00,1.50
2014.01.14 20:58:25.491,1.36807,1.36809,2.40,1.00
2014.01.14 20:58:25.542,1.36806,1.3681,1.00,6.00
2014.01.14 20:58:25.954,1.36807,1.3681,1.00,8.13
2014.01.14 20:58:26.838,1.36806,1.3681,1.00,8.13
2014.01.14 20:58:27.353,1.36807,1.3681,1.00,7.38
2014.01.14 20:58:33.668,1.36806,1.36809,1.00,1.00
2014.01.14 20:58:36.830,1.36807,1.36809,1.00,1.00
2014.01.14 20:58:39.504,1.36806,1.36809,1.00,1.00
2014.01.14 20:58:40.476,1.36807,1.36809,1.00,1.00
2014.01.14 20:58:41.780,1.36806,1.36809,1.58,1.00
2014.01.14 20:58:47.781,1.36806,1.36808,1.20,1.00
2014.01.14 20:58:48.372,1.36805,1.36808,1.00,3.90
2014.01.14 20:58:50.706,1.36806,1.36809,1.00,5.03
2014.01.14 20:58:51.271,1.36806,1.3681,1.20,2.78
2014.01.14 20:58:55.896,1.36806,1.36809,1.20,1.50
2014.01.14 20:58:57.841,1.36804,1.36808,1.20,1.28
2014.01.14 20:59:00.191,1.36808,1.36809,1.13,3.00
2014.01.14 20:59:00.445,1.36808,1.36811,1.28,2.25
2014.01.14 20:59:00.648,1.36808,1.3681,1.28,2.25
2014.01.14 20:59:01.153,1.36808,1.3681,0.45,0.83
2014.01.14 20:59:01.670,1.36808,1.36809,0.38,2.25
2014.01.14 20:59:01.986,1.36808,1.3681,1.65,3.75
2014.01.14 20:59:02.087,1.36808,1.3681,0.90,3.75
2014.01.14 20:59:03.182,1.36807,1.36809,1.50,2.25
2014.01.14 20:59:08.481,1.36807,1.3681,0.75,3.90
2014.01.14 20:59:10.736,1.36807,1.36809,0.83,2.25
2014.01.14 20:59:11.272,1.36806,1.36808,0.15,3.00
2014.01.14 20:59:11.883,1.36806,1.36807,0.15,2.25
2014.01.14 20:59:12.416,1.36803,1.36806,0.75,3.15
2014.01.14 20:59:12.935,1.36802,1.36806,2.40,3.15
2014.01.14 20:59:13.455,1.36803,1.36806,0.75,0.15
2014.01.14 20:59:16.666,1.36803,1.36805,0.75,2.25
2014.01.14 20:59:18.809,1.36803,1.36806,3.38,2.44
2014.01.14 20:59:20.934,1.36803,1.36805,0.38,0.75
2014.01.14 20:59:26.047,1.36804,1.36805,0.10,0.38
2014.01.14 20:59:26.400,1.36805,1.36807,2.25,1.88
2014.01.14 20:59:26.942,1.36806,1.36807,0.75,1.13
2014.01.14 20:59:27.823,1.36806,1.36808,0.75,0.15
2014.01.14 20:59:28.377,1.36807,1.36808,0.75,0.15
2014.01.14 20:59:29.930,1.36806,1.36808,1.88,0.15
2014.01.14 20:59:32.833,1.36804,1.36807,1.65,2.25
2014.01.14 20:59:33.743,1.36804,1.36806,0.53,2.25
2014.01.14 20:59:34.427,1.36805,1.36807,0.53,3.75
2014.01.14 20:59:35.818,1.36805,1.36806,0.53,2.25
2014.01.14 20:59:37.132,1.36804,1.36806,1.88,2.40
2014.01.14 20:59:37.182,1.36803,1.36805,1.88,2.25
2014.01.14 20:59:37.686,1.36804,1.36805,0.38,2.25
2014.01.14 20:59:38.251,1.36803,1.36805,0.75,2.25
2014.01.14 20:59:39.430,1.36802,1.36805,1.65,2.25
2014.01.14 20:59:39.940,1.368,1.36804,6.15,4.28
2014.01.14 20:59:40.573,1.36801,1.36804,0.75,3.15
2014.01.14 20:59:41.311,1.368,1.36804,4.65,3.15
2014.01.14 20:59:41.714,1.36802,1.36804,0.75,2.03
2014.01.14 20:59:41.815,1.368,1.36804,2.40,4.28
2014.01.14 20:59:42.260,1.368,1.36802,3.53,2.25
2014.01.14 20:59:42.901,1.368,1.36803,2.78,2.25
2014.01.14 20:59:44.100,1.368,1.36804,2.40,5.03
2014.01.14 20:59:44.440,1.368,1.36803,1.28,4.13
2014.01.14 20:59:45.792,1.36798,1.36801,0.53,1.35
2014.01.14 20:59:46.745,1.36798,1.368,0.53,0.75
2014.01.14 20:59:47.272,1.36798,1.36799,0.15,0.75
2014.01.14 20:59:48.731,1.36798,1.368,0.15,0.75
2014.01.14 20:59:49.272,1.36798,1.368,0.15,1.13
2014.01.14 20:59:49.323,1.36799,1.36801,1.51,0.75
2014.01.14 20:59:49.676,1.36798,1.36801,0.90,1.73
2014.01.14 20:59:50.786,1.36798,1.36801,0.90,1.73
2014.01.14 20:59:50.888,1.36796,1.36799,1.28,0.49
2014.01.14 20:59:52.226,1.36798,1.368,5.40,0.75
2014.01.14 20:59:52.771,1.36799,1.368,0.10,1.13
2014.01.14 20:59:53.275,1.368,1.36802,2.63,0.90
2014.01.14 20:59:53.539,1.368,1.36802,2.78,0.75
2014.01.14 20:59:53.842,1.36802,1.36804,2.25,0.15
2014.01.14 20:59:54.340,1.36802,1.36804,2.25,0.15
2014.01.14 20:59:54.844,1.36801,1.36804,1.58,0.90
2014.01.14 20:59:55.492,1.36801,1.36804,3.83,0.90
2014.01.14 20:59:56.329,1.36802,1.36804,0.75,0.90
2014.01.14 20:59:56.844,1.36803,1.36804,2.25,0.15
2014.01.14 20:59:57.719,1.36804,1.36806,3.00,2.48
2014.01.14 20:59:57.821,1.36804,1.36806,3.53,1.13
2014.01.14 20:59:58.601,1.36803,1.36805,0.38,4.13
2014.01.14 20:59:59.114,1.36802,1.36805,0.90,4.13
2014.01.14 20:59:59.215,1.36804,1.36807,1.53,7.88
