2019.09.05 08:00:00.099,1.10395,1.10399,3250000,6070000
2019.09.05 08:00:00.201,1.10397,1.104,3700000,1390000
2019.09.05 08:00:00.726,1.10396,1.10398,750000,750000
2019.09.05 08:00:00.879,1.10395,1.10398,1690000,640000
2019.09.05 08:00:00.980,1.10394,1.10397,750000,820000
2019.09.05 08:00:01.082,1.10394,1.10396,500000,750000
2019.09.05 08:00:01.336,1.10394,1.10397,1120000,1200000
2019.09.05 08:00:01.560,1.10394,1.10396,750000,1200000
2019.09.05 08:00:01.661,1.10393,1.10397,2810000,1200000
2019.09.05 08:00:01.864,1.10394,1.10397,2060000,750000
2019.09.05 08:00:03.303,1.10395,1.10398,1500000,5440000
2019.09.05 08:00:03.405,1.10395,1.10398,750000,5970000
2019.09.05 08:00:03.506,1.10395,1.10398,1500000,2890000
2019.09.05 08:00:03.611,1.10395,1.10397,750000,2890000
2019.09.05 08:00:03.915,1.10395,1.10398,1500000,2890000
2019.09.05 08:00:04.176,1.10395,1.10397,750000,1950000
2019.09.05 08:00:04.328,1.10395,1.10398,1870000,2890000
2019.09.05 08:00:04.433,1.10395,1.10398,2440000,2720000
2019.09.05 08:00:04.534,1.10396,1.10397,500000,600000
2019.09.05 08:00:04.837,1.10395,1.10397,500000,1500000
2019.09.05 08:00:05.154,1.10395,1.10398,2060000,1950000
2019.09.05 08:00:06.314,1.10395,1.10398,1500000,4790000
2019.09.05 08:00:06.416,1.10397,1.10399,500000,750000
2019.09.05 08:00:06.568,1.10397,1.10398,750000,750000
2019.09.05 08:00:06.670,1.10397,1.10399,1870000,750000
2019.09.05 08:00:06.772,1.10397,1.10398,750000,600000
2019.09.05 08:00:06.873,1.10396,1.10399,1870000,4820000
2019.09.05 08:00:07.075,1.10397,1.10399,1120000,600000
2019.09.05 08:00:07.254,1.10397,1.10398,750000,600000
2019.09.05 08:00:07.356,1.10397,1.10399,2060000,640000
2019.09.05 08:00:07.458,1.10396,1.10398,750000,2200000
2019.09.05 08:00:08.095,1.10398,1.104,2620000,750000
2019.09.05 08:00:08.197,1.10397,1.104,1870000,1390000
2019.09.05 08:00:08.913,1.10398,1.104,1310000,3190000
2019.09.05 08:00:09.016,1.10399,1.10402,2870000,640000
2019.09.05 08:00:09.066,1.104,1.10401,750000,1500000
2019.09.05 08:00:09.177,1.10401,1.10402,1120000,750000
2019.09.05 08:00:09.278,1.104,1.10402,1120000,1950000
2019.09.05 08:00:10.152,1.10399,1.10402,750000,4200000
2019.09.05 08:00:10.485,1.104,1.10404,3190000,1500000
2019.09.05 08:00:10.637,1.10401,1.10404,8630000,750000
2019.09.05 08:00:10.892,1.104,1.10404,2810000,2700000
2019.09.05 08:00:10.993,1.104,1.10403,750000,2700000
2019.09.05 08:00:13.241,1.10401,1.10403,1120000,1200000
2019.09.05 08:00:13.874,1.104,1.10403,1120000,2700000
2019.09.05 08:00:16.639,1.10399,1.10403,1120000,2890000
2019.09.05 08:00:16.741,1.104,1.10403,560000,600000
2019.09.05 08:00:17.046,1.104,1.10403,500000,1450000
2019.09.05 08:00:17.224,1.10401,1.10404,2250000,640000
2019.09.05 08:00:19.591,1.104,1.10403,1690000,1200000
2019.09.05 08:00:19.716,1.10399,1.10402,940000,3450000
2019.09.05 08:00:19.767,1.10399,1.104,750000,600000
2019.09.05 08:00:19.869,1.10399,1.10402,2060000,2700000
2019.09.05 08:00:20.021,1.104,1.10402,1310000,600000
2019.09.05 08:00:20.384,1.10398,1.104,750000,2700000
2019.09.05 08:00:23.658,1.10397,1.10399,1200000,1970000
2019.09.05 08:00:23.781,1.10396,1.10399,600000,7760000
2019.09.05 08:00:23.883,1.10396,1.104,2060000,3290000
2019.09.05 08:00:26.039,1.10397,1.10399,750000,750000
2019.09.05 08:00:26.141,1.10396,1.10399,750000,2510000
2019.09.05 08:00:27.147,1.10396,1.10398,750000,2890000
2019.09.05 08:00:27.299,1.10395,1.10398,750000,2510000
2019.09.05 08:00:27.401,1.10395,1.10398,750000,3320000
2019.09.05 08:00:27.502,1.10395,1.10399,750000,4820000
2019.09.05 08:00:28.347,1.10396,1.10399,3000000,940000
2019.09.05 08:00:28.604,1.10396,1.104,2810000,5950000
2019.09.05 08:00:29.380,1.10396,1.104,1310000,4760000
2019.09.05 08:00:30.906,1.10396,1.10401,1690000,6260000
2019.09.05 08:00:31.026,1.10396,1.10401,2440000,8540000
2019.09.05 08:00:31.127,1.10396,1.10401,2440000,10760000
2019.09.05 08:00:33.259,1.10397,1.10401,2440000,3290000
2019.09.05 08:00:33.361,1.10397,1.10401,2440000,3260000
2019.09.05 08:00:33.462,1.10398,1.10401,1690000,1200000
2019.09.05 08:00:33.696,1.10398,1.10401,1750000,1200000
2019.09.05 08:00:33.848,1.10398,1.10401,2250000,2140000
2019.09.05 08:00:34.055,1.10398,1.10401,1750000,1200000
2019.09.05 08:00:36.053,1.10397,1.104,940000,2320000
2019.09.05 08:00:37.916,1.10397,1.10399,600000,500000
2019.09.05 08:00:38.846,1.10397,1.104,4310000,1200000
2019.09.05 08:00:39.976,1.10396,1.104,4310000,2890000
2019.09.05 08:00:40.077,1.10397,1.10399,750000,750000
2019.09.05 08:00:40.179,1.10397,1.10398,640000,750000
2019.09.05 08:00:40.623,1.10395,1.10398,1390000,5170000
2019.09.05 08:00:41.180,1.10395,1.10398,1750000,1870000
2019.09.05 08:00:41.282,1.10395,1.10396,1310000,1500000
2019.09.05 08:00:41.384,1.10393,1.10395,1370000,2170000
2019.09.05 08:00:41.435,1.10392,1.10395,2500000,1120000
2019.09.05 08:00:41.594,1.1039,1.10392,940000,2330000
2019.09.05 08:00:42.593,1.1039,1.10391,750000,1200000
2019.09.05 08:00:42.746,1.1039,1.10392,1690000,1200000
2019.09.05 08:00:43.637,1.10388,1.10391,1310000,820000
2019.09.05 08:00:43.789,1.10388,1.1039,750000,500000
2019.09.05 08:00:43.890,1.10388,1.10391,2060000,750000
2019.09.05 08:00:43.991,1.10388,1.10391,2500000,500000
2019.09.05 08:00:44.194,1.10388,1.1039,2840000,500000
2019.09.05 08:00:44.295,1.10387,1.1039,2060000,3450000
2019.09.05 08:00:46.124,1.10387,1.10389,500000,2320000
2019.09.05 08:00:46.395,1.10388,1.10389,500000,500000
2019.09.05 08:00:46.496,1.10387,1.10389,500000,2320000
2019.09.05 08:00:47.205,1.10387,1.1039,1310000,1950000
2019.09.05 08:00:47.348,1.10388,1.10391,1370000,750000
2019.09.05 08:00:47.399,1.10391,1.10392,4500000,750000
2019.09.05 08:00:47.501,1.10393,1.10395,1870000,2250000
2019.09.05 08:00:47.603,1.10394,1.10397,2810000,750000
2019.09.05 08:00:47.704,1.10395,1.10397,1310000,750000
2019.09.05 08:00:48.425,1.10396,1.10397,1120000,600000
2019.09.05 08:00:48.526,1.10395,1.10397,1120000,1120000
2019.09.05 08:00:48.882,1.10395,1.10398,500000,2890000
2019.09.05 08:00:48.985,1.10396,1.10399,3750000,3700000
2019.09.05 08:00:50.586,1.10397,1.10399,500000,820000
2019.09.05 08:00:50.805,1.10397,1.10398,500000,1200000
2019.09.05 08:00:50.906,1.10396,1.10398,500000,2510000
2019.09.05 08:00:50.957,1.10397,1.104,9940000,750000
2019.09.05 08:00:52.815,1.10398,1.104,4690000,500000
2019.09.05 08:00:53.900,1.10397,1.104,2810000,1200000
2019.09.05 08:00:54.001,1.10398,1.104,3640000,500000
2019.09.05 08:00:54.102,1.10396,1.104,3640000,1390000
2019.09.05 08:00:54.203,1.10396,1.10399,1120000,1390000
2019.09.05 08:00:54.544,1.10397,1.104,4310000,500000
2019.09.05 08:00:54.746,1.10399,1.104,750000,600000
2019.09.05 08:00:54.847,1.10398,1.104,1310000,1120000
2019.09.05 08:00:55.316,1.10399,1.104,750000,500000
2019.09.05 08:00:55.468,1.10398,1.104,750000,1690000
2019.09.05 08:00:55.571,1.10399,1.104,750000,560000
2019.09.05 08:00:55.672,1.10398,1.104,940000,1950000
2019.09.05 08:00:56.103,1.10398,1.10401,1870000,1390000
2019.09.05 08:00:56.399,1.10398,1.10401,2120000,1200000
2019.09.05 08:00:56.856,1.10398,1.10401,2620000,1690000
2019.09.05 08:00:59.034,1.10398,1.10401,3620000,1570000
2019.09.05 08:00:59.189,1.10398,1.10401,2250000,3320000
2019.09.05 08:00:59.391,1.104,1.10402,1120000,750000
2019.09.05 08:00:59.492,1.10399,1.10402,1120000,2060000
2019.09.05 08:00:59.593,1.10399,1.10402,500000,2540000
2019.09.05 08:00:59.861,1.10399,1.10402,1120000,1390000
2019.09.05 08:01:00.133,1.10399,1.10402,1120000,2540000
2019.09.05 08:01:00.386,1.10399,1.10402,1120000,1390000
2019.09.05 08:01:00.916,1.10399,1.10402,1870000,1450000
2019.09.05 08:01:04.635,1.10399,1.10403,1500000,3320000
2019.09.05 08:01:08.069,1.10399,1.10401,750000,2200000
2019.09.05 08:01:08.272,1.10399,1.10403,1500000,3320000
2019.09.05 08:01:11.226,1.10399,1.10402,750000,2200000
2019.09.05 08:01:11.378,1.10399,1.10403,1570000,2870000
2019.09.05 08:01:14.978,1.10399,1.10403,1950000,6350000
2019.09.05 08:01:15.107,1.10401,1.10404,820000,1690000
2019.09.05 08:01:15.158,1.10402,1.10406,1570000,2600000
2019.09.05 08:01:16.221,1.10402,1.10405,750000,2220000
2019.09.05 08:01:18.035,1.10403,1.10406,1120000,1310000
2019.09.05 08:01:18.137,1.10403,1.10407,560000,4390000
2019.09.05 08:01:18.289,1.10403,1.10407,500000,5220000
2019.09.05 08:01:18.596,1.10403,1.10408,1500000,5220000
2019.09.05 08:01:19.077,1.10404,1.10407,500000,750000
2019.09.05 08:01:23.203,1.10404,1.10408,1200000,2970000
2019.09.05 08:01:26.935,1.10404,1.10408,850000,2950000
2019.09.05 08:01:27.087,1.10404,1.10408,500000,1820000
2019.09.05 08:01:27.722,1.10404,1.10406,750000,1750000
2019.09.05 08:01:28.910,1.10404,1.10407,1690000,1000000
2019.09.05 08:01:31.882,1.10404,1.10406,750000,940000
2019.09.05 08:01:34.796,1.10404,1.10406,2060000,750000
2019.09.05 08:01:34.897,1.10401,1.10404,3000000,940000
2019.09.05 08:01:34.948,1.104,1.10402,750000,3640000
2019.09.05 08:01:35.150,1.10401,1.10404,750000,4000000
2019.09.05 08:01:35.370,1.10403,1.10404,750000,940000
2019.09.05 08:01:35.472,1.10403,1.10405,750000,940000
2019.09.05 08:01:35.780,1.10403,1.10405,750000,1750000
2019.09.05 08:01:36.083,1.10403,1.10405,1500000,940000
2019.09.05 08:01:36.134,1.10402,1.10405,2620000,4390000
2019.09.05 08:01:36.286,1.10401,1.10405,6820000,1750000
2019.09.05 08:01:36.465,1.10401,1.10405,4190000,1010000
2019.09.05 08:01:37.811,1.10401,1.10404,1950000,1390000
2019.09.05 08:01:38.064,1.104,1.10402,750000,500000
2019.09.05 08:01:38.115,1.10398,1.10402,1870000,1760000
2019.09.05 08:01:38.216,1.10399,1.10402,1120000,750000
2019.09.05 08:01:38.317,1.10399,1.10402,1570000,1070000
2019.09.05 08:01:41.126,1.10399,1.10402,750000,1010000
2019.09.05 08:01:41.249,1.10399,1.10401,750000,2440000
2019.09.05 08:01:41.351,1.10399,1.10401,750000,2910000
2019.09.05 08:01:41.640,1.10399,1.10401,750000,1690000
2019.09.05 08:01:42.630,1.10399,1.10402,750000,1760000
2019.09.05 08:01:45.249,1.10399,1.104,750000,940000
2019.09.05 08:01:45.350,1.10397,1.104,750000,2740000
2019.09.05 08:01:47.624,1.10397,1.10399,750000,1200000
2019.09.05 08:01:47.725,1.10396,1.10399,750000,2140000
2019.09.05 08:01:47.826,1.10397,1.10399,750000,750000
2019.09.05 08:01:47.978,1.10396,1.10399,750000,2140000
2019.09.05 08:01:48.566,1.10397,1.10399,750000,750000
2019.09.05 08:01:48.707,1.10396,1.10399,750000,1390000
2019.09.05 08:01:48.846,1.10396,1.10398,750000,1310000
2019.09.05 08:01:48.961,1.10397,1.10398,750000,750000
2019.09.05 08:01:49.062,1.10396,1.10398,750000,1390000
2019.09.05 08:01:49.113,1.10397,1.104,2960000,1500000
2019.09.05 08:01:49.214,1.10396,1.104,1690000,2140000
2019.09.05 08:01:49.315,1.10396,1.10399,750000,2140000
2019.09.05 08:01:49.829,1.10397,1.10399,750000,750000
2019.09.05 08:01:49.931,1.10396,1.10399,750000,2140000
2019.09.05 08:01:50.784,1.10397,1.10399,750000,750000
2019.09.05 08:01:50.885,1.10396,1.10399,1750000,1390000
2019.09.05 08:01:51.321,1.10396,1.10399,750000,1390000
2019.09.05 08:01:51.603,1.10397,1.10399,750000,750000
2019.09.05 08:01:51.785,1.10396,1.10399,750000,1760000
2019.09.05 08:01:52.086,1.10397,1.10399,940000,750000
2019.09.05 08:01:52.187,1.10396,1.10399,940000,1120000
2019.09.05 08:01:52.782,1.10397,1.10399,1310000,500000
2019.09.05 08:01:53.816,1.10396,1.10399,940000,1200000
2019.09.05 08:01:54.018,1.10396,1.10399,750000,4790000
2019.09.05 08:01:54.133,1.10398,1.104,1010000,560000
2019.09.05 08:01:54.507,1.10398,1.10401,1500000,560000
2019.09.05 08:01:54.761,1.10398,1.104,1000000,1120000
2019.09.05 08:01:54.863,1.10398,1.104,1000000,750000
2019.09.05 08:01:54.965,1.10397,1.104,1000000,2510000
2019.09.05 08:01:55.138,1.10398,1.10401,940000,1120000
2019.09.05 08:01:55.454,1.10399,1.10401,940000,750000
2019.09.05 08:01:55.635,1.10398,1.10401,940000,1200000
2019.09.05 08:01:56.140,1.10399,1.10401,940000,750000
2019.09.05 08:01:56.464,1.10398,1.10401,940000,1200000
2019.09.05 08:01:56.667,1.10399,1.10401,940000,750000
2019.09.05 08:01:56.770,1.10398,1.10401,940000,1200000
2019.09.05 08:01:56.983,1.10399,1.10401,2810000,750000
2019.09.05 08:01:57.153,1.10398,1.10401,2810000,1200000
2019.09.05 08:01:57.304,1.10399,1.10401,2810000,750000
2019.09.05 08:01:57.810,1.10398,1.10401,4310000,500000
2019.09.05 08:01:57.911,1.10397,1.104,1000000,1690000
2019.09.05 08:01:58.013,1.10397,1.10401,2440000,2140000
2019.09.05 08:01:58.114,1.10398,1.10401,2440000,750000
2019.09.05 08:01:58.215,1.10399,1.10401,2440000,500000
2019.09.05 08:01:58.460,1.10398,1.10401,7070000,750000
2019.09.05 08:01:58.511,1.10397,1.10399,1120000,500000
2019.09.05 08:01:58.562,1.10396,1.10398,3640000,500000
2019.09.05 08:01:58.663,1.10395,1.10397,940000,1310000
2019.09.05 08:01:58.765,1.10395,1.10398,1010000,1370000
2019.09.05 08:01:59.106,1.10395,1.10396,750000,560000
2019.09.05 08:01:59.208,1.10395,1.10396,750000,500000
2019.09.05 08:01:59.613,1.10394,1.10396,750000,1310000
2019.09.05 08:02:00.065,1.10395,1.10396,750000,750000
2019.09.05 08:02:00.217,1.10394,1.10397,1760000,750000
2019.09.05 08:02:00.318,1.10393,1.10396,750000,560000
2019.09.05 08:02:00.629,1.10392,1.10396,940000,3640000
2019.09.05 08:02:01.411,1.10393,1.10395,940000,750000
2019.09.05 08:02:01.512,1.10392,1.10395,750000,940000
2019.09.05 08:02:01.766,1.10392,1.10393,2250000,500000
2019.09.05 08:02:01.911,1.1039,1.10392,750000,500000
2019.09.05 08:02:02.012,1.1039,1.10392,1410000,560000
2019.09.05 08:02:02.115,1.1039,1.10392,750000,500000
2019.09.05 08:02:02.318,1.10389,1.10393,2890000,2060000
2019.09.05 08:02:02.420,1.10389,1.10392,750000,2060000
2019.09.05 08:02:02.729,1.10389,1.10393,1570000,2120000
2019.09.05 08:02:03.282,1.1039,1.10392,750000,940000
2019.09.05 08:02:06.482,1.10389,1.10392,1120000,2060000
2019.09.05 08:02:07.713,1.10389,1.10392,600000,2200000
2019.09.05 08:02:07.867,1.10389,1.10393,3070000,3620000
2019.09.05 08:02:09.845,1.10389,1.10393,2890000,2060000
2019.09.05 08:02:09.947,1.10388,1.10391,750000,2950000
2019.09.05 08:02:10.048,1.10387,1.10391,1820000,1120000
2019.09.05 08:02:10.184,1.10387,1.10391,1760000,2060000
2019.09.05 08:02:10.336,1.10387,1.1039,750000,640000
2019.09.05 08:02:10.998,1.10387,1.10391,3260000,560000
2019.09.05 08:02:11.417,1.10387,1.10391,1950000,2120000
2019.09.05 08:02:11.518,1.10387,1.10392,2510000,4450000
2019.09.05 08:02:11.922,1.10387,1.10391,750000,4070000
2019.09.05 08:02:13.815,1.10389,1.10391,1200000,500000
2019.09.05 08:02:15.581,1.10389,1.10391,1200000,750000
2019.09.05 08:02:16.444,1.10388,1.10392,1760000,750000
2019.09.05 08:02:17.446,1.10388,1.10392,1410000,1820000
2019.09.05 08:02:18.077,1.10388,1.10393,4450000,1450000
2019.09.05 08:02:19.758,1.10388,1.10393,6700000,1390000
2019.09.05 08:02:23.959,1.10388,1.10391,600000,3260000
2019.09.05 08:02:24.262,1.10388,1.10391,600000,940000
2019.09.05 08:02:24.365,1.10388,1.10392,5890000,940000
2019.09.05 08:02:24.517,1.10388,1.10391,1010000,750000
2019.09.05 08:02:27.412,1.10388,1.10392,3260000,2060000
2019.09.05 08:02:32.505,1.10388,1.10391,600000,2140000
2019.09.05 08:02:32.690,1.10388,1.10392,2140000,2060000
2019.09.05 08:02:34.116,1.10388,1.10392,2140000,4410000
2019.09.05 08:02:34.674,1.10388,1.10392,2160000,2890000
2019.09.05 08:02:35.393,1.10389,1.10392,1120000,940000
2019.09.05 08:02:35.495,1.10389,1.10393,1090000,2440000
2019.09.05 08:02:35.596,1.1039,1.10393,560000,1500000
2019.09.05 08:02:35.777,1.1039,1.10393,500000,1750000
2019.09.05 08:02:35.879,1.10392,1.10394,600000,750000
2019.09.05 08:02:35.930,1.10392,1.10396,2590000,1690000
2019.09.05 08:02:36.032,1.10393,1.10397,3350000,1950000
2019.09.05 08:02:36.184,1.10393,1.10397,2140000,1690000
2019.09.05 08:02:36.286,1.10394,1.10397,600000,2140000
2019.09.05 08:02:36.415,1.10394,1.10398,1390000,2060000
2019.09.05 08:02:36.669,1.10394,1.10398,1790000,1010000
2019.09.05 08:02:36.771,1.10394,1.10398,1010000,560000
2019.09.05 08:02:37.675,1.10394,1.10398,1040000,1390000
2019.09.05 08:02:38.847,1.10394,1.10398,560000,1760000
2019.09.05 08:02:39.356,1.10395,1.10398,1310000,750000
2019.09.05 08:02:40.927,1.10395,1.10398,2120000,750000
2019.09.05 08:02:41.275,1.10395,1.10397,750000,750000
2019.09.05 08:02:41.679,1.10394,1.10397,750000,1010000
2019.09.05 08:02:42.768,1.10394,1.10396,1500000,750000
2019.09.05 08:02:42.887,1.10393,1.10396,2250000,600000
2019.09.05 08:02:42.988,1.10393,1.10397,1120000,2140000
2019.09.05 08:02:43.090,1.10394,1.10397,500000,1220000
2019.09.05 08:02:43.457,1.10393,1.10397,2620000,1390000
2019.09.05 08:02:43.558,1.10393,1.10397,1500000,1790000
2019.09.05 08:02:43.753,1.10393,1.10398,5060000,2140000
2019.09.05 08:02:43.855,1.10395,1.10398,3560000,600000
2019.09.05 08:02:44.115,1.10394,1.10398,5810000,1570000
2019.09.05 08:02:44.216,1.10394,1.10397,1500000,1950000
2019.09.05 08:02:44.531,1.10394,1.10398,2810000,1870000
2019.09.05 08:02:44.683,1.10394,1.10397,500000,3290000
2019.09.05 08:02:44.785,1.10394,1.10397,1120000,820000
2019.09.05 08:02:45.707,1.10394,1.10398,1200000,2440000
2019.09.05 08:02:46.966,1.10394,1.10398,1570000,3660000
2019.09.05 08:02:47.068,1.10396,1.10398,1870000,750000
2019.09.05 08:02:47.397,1.10394,1.10398,1950000,2440000
2019.09.05 08:02:47.498,1.10394,1.10396,500000,1010000
2019.09.05 08:02:50.247,1.10394,1.10396,500000,3470000
2019.09.05 08:02:50.578,1.10394,1.10396,500000,2440000
2019.09.05 08:02:51.689,1.10394,1.10396,500000,2720000
2019.09.05 08:02:51.798,1.10394,1.10396,500000,1500000
2019.09.05 08:02:55.744,1.10393,1.10395,560000,600000
2019.09.05 08:02:55.795,1.10391,1.10392,1120000,4050000
2019.09.05 08:02:55.892,1.10389,1.10391,500000,2060000
2019.09.05 08:02:55.943,1.1039,1.10392,750000,560000
2019.09.05 08:02:59.269,1.10392,1.10394,1200000,1690000
2019.09.05 08:02:59.371,1.10393,1.10397,2140000,2060000
2019.09.05 08:02:59.472,1.10394,1.10398,3660000,1390000
2019.09.05 08:02:59.624,1.10394,1.10398,4010000,940000
2019.09.05 08:02:59.975,1.10394,1.10397,750000,940000
2019.09.05 08:03:03.411,1.10394,1.10398,1760000,750000
2019.09.05 08:03:05.145,1.10394,1.10397,750000,750000
2019.09.05 08:03:06.236,1.10397,1.10399,600000,750000
2019.09.05 08:03:06.337,1.10398,1.104,1690000,500000
2019.09.05 08:03:06.439,1.10399,1.10402,2950000,750000
2019.09.05 08:03:06.540,1.10398,1.10402,1750000,2510000
2019.09.05 08:03:07.090,1.10398,1.10402,940000,2140000
2019.09.05 08:03:08.044,1.10399,1.10403,3700000,1200000
2019.09.05 08:03:08.684,1.10398,1.10403,3320000,3490000
2019.09.05 08:03:09.874,1.10399,1.10403,2570000,750000
2019.09.05 08:03:11.218,1.10399,1.10403,2060000,1390000
2019.09.05 08:03:11.320,1.10401,1.10403,2060000,750000
2019.09.05 08:03:11.508,1.10399,1.10403,2060000,1390000
2019.09.05 08:03:18.782,1.10399,1.10403,1010000,2060000
2019.09.05 08:03:20.097,1.10399,1.10403,3320000,1310000
2019.09.05 08:03:20.249,1.10399,1.10403,2570000,2060000
2019.09.05 08:03:22.050,1.10401,1.10404,500000,750000
2019.09.05 08:03:22.151,1.10404,1.10405,500000,750000
2019.09.05 08:03:22.304,1.10404,1.10406,600000,750000
2019.09.05 08:03:22.473,1.10403,1.10405,2120000,820000
2019.09.05 08:03:22.525,1.10401,1.10402,1120000,2620000
2019.09.05 08:03:22.576,1.104,1.10402,750000,750000
2019.09.05 08:03:22.677,1.10399,1.10401,500000,1200000
2019.09.05 08:03:22.778,1.10399,1.10402,1200000,1950000
2019.09.05 08:03:23.398,1.10401,1.10403,750000,750000
2019.09.05 08:03:23.449,1.10406,1.10407,2700000,1500000
2019.09.05 08:03:23.550,1.10406,1.10408,1000000,2250000
2019.09.05 08:03:23.652,1.10406,1.10409,2870000,940000
2019.09.05 08:03:24.159,1.10405,1.10408,640000,3070000
2019.09.05 08:03:24.262,1.10405,1.10408,1370000,940000
2019.09.05 08:03:24.829,1.10404,1.10408,1450000,1500000
2019.09.05 08:03:25.232,1.10404,1.10408,1820000,2720000
2019.09.05 08:03:25.475,1.10404,1.10407,560000,750000
2019.09.05 08:03:26.866,1.10407,1.10408,1500000,750000
2019.09.05 08:03:26.968,1.10409,1.10412,850000,750000
2019.09.05 08:03:27.069,1.10409,1.10412,4750000,750000
2019.09.05 08:03:27.171,1.10408,1.10411,2870000,2250000
2019.09.05 08:03:27.273,1.10407,1.1041,940000,750000
2019.09.05 08:03:28.166,1.10407,1.1041,750000,940000
2019.09.05 08:03:28.805,1.10407,1.1041,560000,1500000
2019.09.05 08:03:29.125,1.10408,1.1041,500000,750000
2019.09.05 08:03:29.276,1.10407,1.1041,500000,3000000
2019.09.05 08:03:29.604,1.10408,1.1041,500000,750000
2019.09.05 08:03:29.714,1.10407,1.1041,500000,3000000
2019.09.05 08:03:30.076,1.10408,1.1041,500000,750000
2019.09.05 08:03:30.177,1.10408,1.10412,2200000,1500000
2019.09.05 08:03:30.228,1.1041,1.10412,850000,3750000
2019.09.05 08:03:30.330,1.10411,1.10412,500000,1570000
2019.09.05 08:03:30.474,1.1041,1.10411,500000,750000
2019.09.05 08:03:30.525,1.10408,1.10411,1310000,2620000
2019.09.05 08:03:31.153,1.10407,1.10409,940000,500000
2019.09.05 08:03:31.300,1.10404,1.10408,940000,8520000
2019.09.05 08:03:32.898,1.10405,1.10408,2510000,750000
2019.09.05 08:03:33.000,1.10404,1.10407,500000,3560000
2019.09.05 08:03:33.382,1.10406,1.10408,1570000,750000
2019.09.05 08:03:33.484,1.10409,1.10411,1200000,1690000
2019.09.05 08:03:33.535,1.1041,1.10412,750000,750000
2019.09.05 08:03:33.636,1.10409,1.1041,750000,750000
2019.09.05 08:03:33.839,1.1041,1.10412,1820000,750000
2019.09.05 08:03:34.597,1.10408,1.10412,1820000,2250000
2019.09.05 08:03:35.434,1.10411,1.10413,1760000,1620000
2019.09.05 08:03:35.536,1.10413,1.10414,1500000,500000
2019.09.05 08:03:35.587,1.10413,1.10416,4690000,1120000
2019.09.05 08:03:35.638,1.10412,1.10414,1750000,820000
2019.09.05 08:03:35.689,1.1041,1.10412,500000,1500000
2019.09.05 08:03:35.800,1.10409,1.10412,500000,2320000
2019.09.05 08:03:36.585,1.10409,1.10412,2570000,750000
2019.09.05 08:03:36.636,1.10408,1.10411,1370000,2250000
2019.09.05 08:03:37.027,1.10408,1.1041,1010000,2250000
2019.09.05 08:03:37.431,1.10409,1.10411,700000,750000
2019.09.05 08:03:37.532,1.10408,1.10411,1000000,1500000
2019.09.05 08:03:38.351,1.1041,1.10412,1390000,1120000
2019.09.05 08:03:38.729,1.10411,1.10413,1310000,750000
2019.09.05 08:03:38.831,1.1041,1.10413,560000,1500000
2019.09.05 08:03:39.769,1.10412,1.10414,5870000,750000
2019.09.05 08:03:39.870,1.10411,1.10414,750000,1570000
2019.09.05 08:03:39.988,1.10411,1.10414,560000,1500000
2019.09.05 08:03:40.089,1.10411,1.10414,750000,1500000
2019.09.05 08:03:40.532,1.10412,1.10414,750000,750000
2019.09.05 08:03:41.238,1.10412,1.10414,560000,750000
2019.09.05 08:03:41.948,1.10412,1.10414,750000,820000
2019.09.05 08:03:42.329,1.10411,1.10414,560000,750000
2019.09.05 08:03:42.531,1.1041,1.10414,560000,4390000
2019.09.05 08:03:43.219,1.1041,1.10413,600000,3260000
2019.09.05 08:03:44.181,1.1041,1.10414,1010000,3190000
2019.09.05 08:03:46.644,1.1041,1.10414,1390000,3660000
2019.09.05 08:03:47.231,1.1041,1.10414,2510000,1690000
2019.09.05 08:03:47.333,1.1041,1.10413,600000,1760000
2019.09.05 08:03:47.434,1.1041,1.10414,6260000,1690000
2019.09.05 08:03:47.636,1.1041,1.10413,600000,1690000
2019.09.05 08:03:47.928,1.1041,1.10414,8140000,1690000
2019.09.05 08:03:48.568,1.1041,1.10413,600000,940000
2019.09.05 08:03:48.670,1.10409,1.10412,500000,4790000
2019.09.05 08:03:48.721,1.10408,1.1041,560000,500000
2019.09.05 08:03:48.843,1.10407,1.1041,560000,750000
2019.09.05 08:03:48.945,1.10408,1.1041,1990000,750000
2019.09.05 08:03:50.189,1.10407,1.10411,1450000,940000
2019.09.05 08:03:50.291,1.10408,1.10411,2200000,1500000
2019.09.05 08:03:50.604,1.10406,1.10409,1690000,600000
2019.09.05 08:03:50.706,1.10405,1.10409,4760000,2620000
2019.09.05 08:03:51.125,1.10405,1.10409,7010000,4370000
2019.09.05 08:03:51.328,1.10405,1.10409,3070000,1870000
2019.09.05 08:03:52.707,1.10404,1.10408,1950000,750000
2019.09.05 08:03:54.430,1.10403,1.10407,1450000,750000
2019.09.05 08:03:54.531,1.10401,1.10403,560000,2160000
2019.09.05 08:03:54.680,1.10402,1.10404,1690000,750000
2019.09.05 08:03:54.883,1.10403,1.10405,1370000,750000
2019.09.05 08:03:54.984,1.10402,1.10405,1310000,1570000
2019.09.05 08:03:55.136,1.10403,1.10405,1310000,750000
2019.09.05 08:03:56.852,1.10401,1.10405,940000,6660000
2019.09.05 08:03:56.953,1.10401,1.10405,2360000,5140000
2019.09.05 08:03:57.155,1.10401,1.10405,2090000,3260000
2019.09.05 08:03:57.256,1.10401,1.10405,1610000,2890000
2019.09.05 08:03:57.414,1.10401,1.10405,2520000,600000
2019.09.05 08:03:57.921,1.10403,1.10405,1310000,3370000
2019.09.05 08:03:58.075,1.10406,1.10407,1500000,1690000
2019.09.05 08:03:58.126,1.10408,1.10409,1120000,1500000
2019.09.05 08:03:58.227,1.10407,1.10412,3720000,750000
2019.09.05 08:03:58.278,1.10407,1.10412,3700000,1570000
2019.09.05 08:03:58.380,1.10408,1.10412,3700000,750000
2019.09.05 08:03:58.577,1.10408,1.10412,1760000,2720000
2019.09.05 08:03:58.733,1.10408,1.10412,1390000,1500000
2019.09.05 08:03:59.025,1.10409,1.10412,2140000,750000
2019.09.05 08:04:00.195,1.1041,1.10412,1200000,500000
2019.09.05 08:04:00.448,1.10409,1.10413,2200000,1690000
2019.09.05 08:04:02.331,1.10408,1.1041,750000,2200000
2019.09.05 08:04:02.432,1.10408,1.10411,820000,2200000
2019.09.05 08:04:03.960,1.10408,1.1041,750000,5810000
2019.09.05 08:04:04.263,1.10407,1.1041,1310000,3450000
2019.09.05 08:04:04.512,1.10406,1.1041,1310000,2140000
2019.09.05 08:04:04.815,1.10406,1.10408,750000,2440000
2019.09.05 08:04:05.004,1.10408,1.10409,750000,750000
2019.09.05 08:04:05.248,1.10408,1.10409,750000,750000
2019.09.05 08:04:05.460,1.10408,1.1041,750000,2440000
2019.09.05 08:04:06.459,1.10409,1.1041,750000,750000
2019.09.05 08:04:07.536,1.10409,1.10411,820000,940000
2019.09.05 08:04:08.395,1.10408,1.1041,750000,1000000
2019.09.05 08:04:08.535,1.10408,1.10409,1390000,750000
2019.09.05 08:04:08.636,1.10407,1.10409,1310000,940000
2019.09.05 08:04:09.411,1.10407,1.10408,750000,750000
2019.09.05 08:04:09.597,1.10406,1.10408,750000,750000
2019.09.05 08:04:09.698,1.10406,1.10407,750000,750000
2019.09.05 08:04:14.043,1.10406,1.10408,1120000,750000
2019.09.05 08:04:16.790,1.10405,1.10407,750000,750000
2019.09.05 08:04:17.094,1.10405,1.10408,3260000,750000
2019.09.05 08:04:17.368,1.10405,1.10407,750000,750000
2019.09.05 08:04:18.543,1.10405,1.10408,1690000,1120000
2019.09.05 08:04:20.655,1.10404,1.10408,1390000,3190000
2019.09.05 08:04:20.919,1.10404,1.10408,1120000,3320000
2019.09.05 08:04:21.263,1.10404,1.10408,2200000,5500000
2019.09.05 08:04:21.613,1.10404,1.10408,1870000,3320000
2019.09.05 08:04:21.757,1.10404,1.10408,2060000,3260000
2019.09.05 08:04:21.955,1.10405,1.10408,2810000,1500000
2019.09.05 08:04:23.169,1.10405,1.10407,750000,1120000
2019.09.05 08:04:23.271,1.10405,1.10408,3260000,1370000
2019.09.05 08:04:23.738,1.10405,1.10408,2500000,1310000
2019.09.05 08:04:24.192,1.10405,1.10408,2320000,1760000
2019.09.05 08:04:25.175,1.10405,1.10407,500000,1200000
2019.09.05 08:04:27.745,1.10403,1.10404,1120000,1390000
2019.09.05 08:04:27.847,1.10402,1.10404,1120000,1200000
2019.09.05 08:04:28.150,1.10401,1.10404,1870000,5510000
2019.09.05 08:04:28.252,1.10401,1.10403,750000,1410000
2019.09.05 08:04:28.354,1.104,1.10403,940000,1200000
2019.09.05 08:04:28.633,1.104,1.10403,750000,2950000
2019.09.05 08:04:28.986,1.104,1.10403,1310000,1950000
2019.09.05 08:04:30.485,1.104,1.10402,750000,750000
2019.09.05 08:04:30.631,1.104,1.10403,2060000,750000
2019.09.05 08:04:30.768,1.104,1.10402,500000,750000
2019.09.05 08:04:34.654,1.10399,1.10402,750000,2510000
2019.09.05 08:04:34.756,1.10399,1.10402,1690000,3100000
2019.09.05 08:04:34.857,1.10399,1.10402,750000,3640000
2019.09.05 08:04:36.649,1.10399,1.10402,750000,2570000
2019.09.05 08:04:38.156,1.10399,1.10401,6190000,500000
2019.09.05 08:04:38.207,1.10397,1.10399,1120000,600000
2019.09.05 08:04:38.308,1.10395,1.10398,1310000,560000
2019.09.05 08:04:38.409,1.10395,1.10398,1440000,1000000
2019.09.05 08:04:39.281,1.10394,1.10398,2130000,3250000
2019.09.05 08:04:39.853,1.10394,1.10398,4040000,500000
2019.09.05 08:04:39.954,1.10393,1.10397,2060000,1010000
2019.09.05 08:04:40.103,1.10392,1.10397,3260000,2060000
2019.09.05 08:04:40.204,1.10392,1.10397,1760000,2570000
2019.09.05 08:04:41.053,1.10394,1.10397,1390000,750000
2019.09.05 08:04:45.305,1.10393,1.10395,750000,1370000
2019.09.05 08:04:46.941,1.10394,1.10396,750000,940000
2019.09.05 08:04:47.448,1.10393,1.10396,750000,560000
2019.09.05 08:04:48.094,1.10393,1.10394,750000,500000
2019.09.05 08:04:48.196,1.10392,1.10394,2440000,1310000
2019.09.05 08:04:48.543,1.1039,1.10393,750000,1370000
2019.09.05 08:04:48.644,1.1039,1.10393,660000,500000
2019.09.05 08:04:48.746,1.1039,1.10394,7820000,500000
2019.09.05 08:04:49.219,1.1039,1.10394,6070000,750000
2019.09.05 08:04:49.321,1.10389,1.10393,640000,5440000
2019.09.05 08:04:49.483,1.1039,1.10393,750000,1000000
2019.09.05 08:04:49.606,1.10389,1.10393,2320000,7370000
2019.09.05 08:04:53.440,1.10389,1.10393,2510000,1690000
2019.09.05 08:04:53.601,1.10389,1.10392,1500000,1690000
2019.09.05 08:04:53.703,1.10389,1.10393,2510000,1310000
2019.09.05 08:04:53.805,1.10389,1.10392,750000,1310000
2019.09.05 08:04:53.906,1.10389,1.10393,3260000,1310000
2019.09.05 08:04:54.058,1.10389,1.10392,1500000,1690000
2019.09.05 08:04:54.160,1.10389,1.10393,4010000,1690000
2019.09.05 08:04:54.306,1.10389,1.10392,1500000,1690000
2019.09.05 08:04:54.407,1.10389,1.10393,3260000,1690000
2019.09.05 08:04:55.107,1.10389,1.10392,1500000,1310000
2019.09.05 08:04:55.259,1.10389,1.10393,1760000,1310000
2019.09.05 08:04:55.361,1.10389,1.10391,1690000,940000
2019.09.05 08:04:55.462,1.10389,1.1039,500000,940000
2019.09.05 08:04:55.614,1.10389,1.10391,2060000,940000
2019.09.05 08:04:56.441,1.10389,1.10392,750000,2440000
2019.09.05 08:04:56.542,1.1039,1.10392,750000,1120000
2019.09.05 08:04:58.329,1.1039,1.10393,1390000,750000
2019.09.05 08:04:58.430,1.10389,1.10392,750000,2890000
2019.09.05 08:04:58.582,1.10389,1.10391,750000,2890000
2019.09.05 08:04:58.684,1.10389,1.10392,1570000,2060000
2019.09.05 08:04:58.785,1.10388,1.10391,1500000,1450000
2019.09.05 08:04:58.939,1.10389,1.10392,1570000,2200000
2019.09.05 08:04:59.291,1.1039,1.10393,1120000,2060000
2019.09.05 08:05:00.769,1.10391,1.10394,2510000,750000
2019.09.05 08:05:01.072,1.10392,1.10394,1120000,1120000
2019.09.05 08:05:01.173,1.10394,1.10396,4010000,750000
2019.09.05 08:05:01.740,1.10394,1.10396,750000,1750000
2019.09.05 08:05:02.044,1.10394,1.10396,940000,1690000
2019.09.05 08:05:02.536,1.10392,1.10396,1690000,3260000
2019.09.05 08:05:02.680,1.10394,1.10397,2140000,500000
2019.09.05 08:05:04.159,1.10394,1.10396,750000,750000
2019.09.05 08:05:04.301,1.10392,1.10396,820000,2500000
2019.09.05 08:05:04.553,1.10393,1.10397,3820000,1310000
2019.09.05 08:05:04.857,1.10393,1.10396,750000,560000
2019.09.05 08:05:04.963,1.10393,1.10397,3450000,560000
2019.09.05 08:05:05.166,1.10393,1.10396,1570000,560000
2019.09.05 08:05:05.625,1.10393,1.10396,1600000,560000
2019.09.05 08:05:05.727,1.10393,1.10396,1120000,560000
2019.09.05 08:05:06.608,1.10392,1.10397,4010000,3260000
2019.09.05 08:05:07.103,1.10392,1.10395,750000,7690000
2019.09.05 08:05:07.204,1.10392,1.10396,1950000,6940000
2019.09.05 08:05:07.323,1.10392,1.10396,1220000,2890000
2019.09.05 08:05:07.609,1.10392,1.10396,1220000,2950000
2019.09.05 08:05:10.148,1.10392,1.10396,2720000,6640000
2019.09.05 08:05:10.477,1.10392,1.10395,2250000,2120000
2019.09.05 08:05:10.684,1.10393,1.10396,1500000,2440000
2019.09.05 08:05:11.450,1.10394,1.10396,750000,750000
2019.09.05 08:05:12.261,1.10393,1.10396,2440000,2060000
2019.09.05 08:05:13.799,1.10392,1.10396,2160000,7070000
2019.09.05 08:05:14.553,1.10393,1.10396,2060000,560000
2019.09.05 08:05:15.169,1.10393,1.10396,3640000,560000
2019.09.05 08:05:15.271,1.10393,1.10396,2810000,560000
2019.09.05 08:05:15.991,1.10392,1.10396,750000,2870000
2019.09.05 08:05:16.092,1.10392,1.10396,940000,6700000
2019.09.05 08:05:18.268,1.10394,1.10396,750000,500000
2019.09.05 08:05:19.381,1.10393,1.10396,1200000,3940000
2019.09.05 08:05:20.308,1.10394,1.10396,600000,500000
2019.09.05 08:05:20.410,1.10394,1.10397,1500000,1750000
2019.09.05 08:05:20.562,1.10396,1.10397,1120000,750000
2019.09.05 08:05:20.666,1.10395,1.10397,1120000,2440000
2019.09.05 08:05:21.286,1.10396,1.10398,500000,3250000
2019.09.05 08:05:21.439,1.10396,1.104,3320000,1370000
2019.09.05 08:05:21.643,1.10396,1.104,3070000,1370000
2019.09.05 08:05:21.745,1.10398,1.10401,6700000,940000
2019.09.05 08:05:22.349,1.10397,1.10399,500000,1690000
2019.09.05 08:05:22.450,1.10397,1.10401,7070000,1690000
2019.09.05 08:05:22.551,1.10398,1.10401,5510000,940000
2019.09.05 08:05:22.703,1.10398,1.10401,4870000,1000000
2019.09.05 08:05:23.144,1.10398,1.10401,5140000,1690000
2019.09.05 08:05:27.837,1.10397,1.104,500000,6250000
2019.09.05 08:05:27.990,1.10397,1.104,750000,6750000
2019.09.05 08:05:28.141,1.10398,1.104,6190000,500000
2019.09.05 08:05:28.243,1.10397,1.104,1950000,3000000
2019.09.05 08:05:28.344,1.10398,1.104,750000,750000
2019.09.05 08:05:29.679,1.10398,1.104,750000,3100000
2019.09.05 08:05:29.781,1.10398,1.10401,750000,3820000
2019.09.05 08:05:31.057,1.10398,1.10401,750000,4220000
2019.09.05 08:05:31.158,1.10398,1.10402,6940000,3470000
2019.09.05 08:05:32.061,1.10398,1.10401,750000,3100000
2019.09.05 08:05:32.633,1.10398,1.10401,750000,3640000
2019.09.05 08:05:32.735,1.10398,1.104,1500000,1120000
2019.09.05 08:05:32.993,1.10398,1.10401,750000,500000
2019.09.05 08:05:33.095,1.10398,1.10401,940000,3100000
2019.09.05 08:05:33.701,1.10399,1.10402,4690000,3450000
2019.09.05 08:05:33.883,1.10399,1.10402,5440000,1970000
2019.09.05 08:05:33.984,1.10399,1.10402,5440000,1200000
2019.09.05 08:05:34.289,1.10399,1.10402,6250000,1500000
2019.09.05 08:05:34.695,1.10398,1.104,6190000,1220000
2019.09.05 08:05:34.769,1.10397,1.10399,750000,750000
2019.09.05 08:05:34.922,1.10398,1.10399,500000,600000
2019.09.05 08:05:35.673,1.10397,1.10399,500000,2700000
2019.09.05 08:05:35.825,1.10398,1.10399,500000,600000
2019.09.05 08:05:35.926,1.10397,1.10398,750000,600000
2019.09.05 08:05:36.027,1.10397,1.10399,500000,500000
2019.09.05 08:05:37.044,1.10397,1.10399,500000,1600000
2019.09.05 08:05:37.146,1.10397,1.10399,750000,500000
2019.09.05 08:05:38.825,1.10397,1.10399,1500000,1600000
2019.09.05 08:05:38.949,1.10397,1.10399,1500000,820000
2019.09.05 08:05:39.154,1.10397,1.10399,1500000,1070000
2019.09.05 08:05:39.306,1.10397,1.10399,1500000,820000
2019.09.05 08:05:40.199,1.10399,1.104,750000,1200000
2019.09.05 08:05:40.284,1.10401,1.10402,1120000,750000
2019.09.05 08:05:40.336,1.10402,1.10406,3620000,4010000
2019.09.05 08:05:40.389,1.10404,1.10406,2810000,1200000
2019.09.05 08:05:40.490,1.10405,1.10407,1000000,820000
2019.09.05 08:05:40.592,1.10405,1.10408,3620000,1200000
2019.09.05 08:05:40.693,1.10403,1.10407,1370000,4600000
2019.09.05 08:05:41.039,1.10403,1.10407,1370000,3100000
2019.09.05 08:05:41.141,1.10403,1.10407,1370000,3070000
2019.09.05 08:05:41.253,1.10404,1.10407,1370000,600000
2019.09.05 08:05:41.392,1.10403,1.10407,1370000,4570000
2019.09.05 08:05:43.049,1.10403,1.10406,940000,1570000
2019.09.05 08:05:44.166,1.10403,1.10405,750000,600000
2019.09.05 08:05:44.268,1.10402,1.10406,6630000,1950000
2019.09.05 08:05:44.369,1.10403,1.10406,2870000,1950000
2019.09.05 08:05:46.663,1.10403,1.10406,9940000,1200000
2019.09.05 08:05:48.031,1.10404,1.10406,940000,600000
2019.09.05 08:05:49.230,1.10403,1.10407,7370000,1950000
2019.09.05 08:05:49.331,1.10403,1.10407,7750000,2350000
2019.09.05 08:05:49.439,1.10403,1.10407,7750000,1570000
2019.09.05 08:05:49.661,1.10402,1.10406,1000000,3850000
2019.09.05 08:05:50.125,1.10402,1.10406,4750000,3450000
2019.09.05 08:05:50.227,1.10401,1.10405,940000,4010000
2019.09.05 08:05:50.347,1.10403,1.10405,940000,600000
2019.09.05 08:05:51.148,1.10403,1.10406,8120000,600000
2019.09.05 08:05:51.473,1.10402,1.10405,750000,1760000
2019.09.05 08:05:51.793,1.10403,1.10406,4870000,1390000
2019.09.05 08:05:51.894,1.10403,1.10406,1870000,2540000
2019.09.05 08:05:52.184,1.10403,1.10406,500000,2510000
2019.09.05 08:05:53.940,1.10403,1.10405,1690000,600000
2019.09.05 08:05:54.041,1.10401,1.10404,1500000,2890000
2019.09.05 08:05:54.158,1.104,1.10404,2870000,6070000
2019.09.05 08:05:54.260,1.10401,1.10404,1750000,600000
2019.09.05 08:05:54.968,1.104,1.10404,1370000,3820000
2019.09.05 08:05:55.069,1.10401,1.10404,1370000,600000
2019.09.05 08:05:55.310,1.10401,1.10404,1370000,1220000
2019.09.05 08:05:55.434,1.104,1.10404,2120000,4200000
2019.09.05 08:05:55.536,1.10401,1.10404,3620000,750000
2019.09.05 08:05:55.688,1.104,1.10403,940000,1570000
2019.09.05 08:05:56.721,1.10399,1.10403,940000,4760000
2019.09.05 08:05:57.884,1.104,1.10403,940000,600000
2019.09.05 08:06:02.605,1.10401,1.10403,940000,750000
2019.09.05 08:06:02.706,1.10402,1.10404,940000,1310000
2019.09.05 08:06:02.807,1.10402,1.10403,940000,500000
2019.09.05 08:06:02.960,1.10402,1.10404,940000,500000
2019.09.05 08:06:03.343,1.10403,1.10405,1750000,500000
2019.09.05 08:06:03.444,1.10403,1.10405,940000,1570000
2019.09.05 08:06:04.005,1.10403,1.10405,940000,2350000
2019.09.05 08:06:04.112,1.10403,1.10405,940000,500000
2019.09.05 08:06:05.707,1.10405,1.10407,750000,750000
2019.09.05 08:06:05.757,1.10409,1.10411,750000,940000
2019.09.05 08:06:06.092,1.1041,1.10411,750000,600000
2019.09.05 08:06:06.193,1.10409,1.10411,750000,3260000
2019.09.05 08:06:06.295,1.10409,1.10411,750000,4040000
2019.09.05 08:06:06.396,1.10411,1.10412,750000,1200000
2019.09.05 08:06:07.134,1.1041,1.10412,750000,1390000
2019.09.05 08:06:07.283,1.1041,1.10413,750000,1390000
2019.09.05 08:06:07.384,1.1041,1.10413,1000000,1390000
2019.09.05 08:06:08.355,1.10409,1.10411,750000,2200000
2019.09.05 08:06:08.457,1.10407,1.10411,3190000,8890000
2019.09.05 08:06:08.660,1.10408,1.10411,3190000,1570000
2019.09.05 08:06:08.762,1.10409,1.10411,1690000,750000
2019.09.05 08:06:08.864,1.10409,1.10412,2620000,2890000
2019.09.05 08:06:08.915,1.1041,1.10412,2620000,500000
2019.09.05 08:06:09.697,1.10408,1.10411,2440000,820000
2019.09.05 08:06:09.900,1.10409,1.10411,1690000,600000
2019.09.05 08:06:10.046,1.10408,1.10411,1690000,600000
2019.09.05 08:06:10.299,1.10409,1.10411,1690000,600000
2019.09.05 08:06:10.804,1.10408,1.1041,750000,2350000
2019.09.05 08:06:10.906,1.10408,1.10411,3750000,1120000
2019.09.05 08:06:11.007,1.10408,1.10411,3000000,2350000
2019.09.05 08:06:11.262,1.10408,1.10411,1500000,1570000
2019.09.05 08:06:11.364,1.10409,1.10411,750000,750000
2019.09.05 08:06:11.669,1.10408,1.10411,1500000,3640000
2019.09.05 08:06:11.817,1.10408,1.1041,750000,1950000
2019.09.05 08:06:11.918,1.10407,1.10409,1120000,1200000
2019.09.05 08:06:12.020,1.10407,1.10408,750000,500000
2019.09.05 08:06:12.122,1.10406,1.10408,750000,560000
2019.09.05 08:06:12.749,1.10406,1.10407,750000,500000
2019.09.05 08:06:12.874,1.10407,1.10409,1690000,500000
2019.09.05 08:06:12.975,1.10407,1.10408,750000,820000
2019.09.05 08:06:14.286,1.10406,1.10407,750000,600000
2019.09.05 08:06:14.387,1.10405,1.10408,1500000,2140000
2019.09.05 08:06:20.821,1.10404,1.10407,500000,1820000
2019.09.05 08:06:21.159,1.10404,1.10408,1500000,2200000
2019.09.05 08:06:24.108,1.10404,1.10406,940000,820000
2019.09.05 08:06:24.428,1.10404,1.10407,1690000,1070000
2019.09.05 08:06:24.530,1.10404,1.10407,750000,640000
2019.09.05 08:06:25.700,1.10406,1.10408,5060000,750000
2019.09.05 08:06:25.802,1.10405,1.10408,1120000,1390000
2019.09.05 08:06:26.056,1.10405,1.10408,1120000,1790000
2019.09.05 08:06:26.249,1.10404,1.10408,1120000,4820000
2019.09.05 08:06:27.594,1.10405,1.10408,750000,2160000
2019.09.05 08:06:27.763,1.10405,1.10408,750000,1390000
2019.09.05 08:06:29.272,1.10406,1.10408,750000,750000
2019.09.05 08:06:31.023,1.10401,1.10404,4750000,2700000
2019.09.05 08:06:31.182,1.104,1.10401,750000,600000
2019.09.05 08:06:31.285,1.10399,1.10401,940000,750000
2019.09.05 08:06:31.386,1.10399,1.104,750000,750000
2019.09.05 08:06:31.488,1.10398,1.104,1000000,820000
2019.09.05 08:06:32.043,1.10398,1.10401,3620000,750000
2019.09.05 08:06:32.295,1.10397,1.104,940000,820000
2019.09.05 08:06:32.397,1.10396,1.104,5060000,1690000
2019.09.05 08:06:32.498,1.10397,1.10399,750000,750000
2019.09.05 08:06:33.658,1.10397,1.104,560000,820000
2019.09.05 08:06:33.916,1.10398,1.104,560000,600000
2019.09.05 08:06:34.017,1.10397,1.104,560000,1570000
2019.09.05 08:06:34.119,1.10397,1.104,560000,2570000
2019.09.05 08:06:34.364,1.10397,1.10401,4000000,1950000
2019.09.05 08:06:35.213,1.10398,1.10401,3620000,500000
2019.09.05 08:06:35.314,1.10398,1.10401,560000,600000
2019.09.05 08:06:35.466,1.10397,1.10401,560000,3640000
2019.09.05 08:06:35.668,1.10397,1.10401,500000,3700000
2019.09.05 08:06:36.216,1.10398,1.10401,500000,2160000
2019.09.05 08:06:36.468,1.10399,1.10401,750000,500000
2019.09.05 08:06:36.772,1.10398,1.10401,2120000,750000
2019.09.05 08:06:37.047,1.10398,1.10401,500000,1010000
2019.09.05 08:06:38.226,1.10397,1.104,1500000,2890000
2019.09.05 08:06:38.648,1.10397,1.104,1500000,2200000
2019.09.05 08:06:39.344,1.10398,1.104,500000,2160000
2019.09.05 08:06:39.547,1.10398,1.104,560000,820000
2019.09.05 08:06:40.174,1.10398,1.10401,750000,1010000
2019.09.05 08:06:41.175,1.10399,1.10401,750000,600000
2019.09.05 08:06:41.276,1.10398,1.10401,750000,1760000
2019.09.05 08:06:41.580,1.10398,1.10402,560000,3260000
2019.09.05 08:06:41.884,1.10399,1.10402,1970000,1220000
2019.09.05 08:06:41.985,1.10399,1.10402,2060000,600000
2019.09.05 08:06:42.087,1.10399,1.10403,750000,1970000
2019.09.05 08:06:42.239,1.104,1.10403,560000,600000
2019.09.05 08:06:42.450,1.10399,1.10402,1690000,1950000
2019.09.05 08:06:42.860,1.10399,1.10402,2500000,1200000
2019.09.05 08:06:43.090,1.10399,1.10402,2120000,1970000
2019.09.05 08:06:44.125,1.104,1.10402,2440000,600000
2019.09.05 08:06:44.227,1.10399,1.10402,5060000,820000
2019.09.05 08:06:44.329,1.10399,1.10401,2250000,930000
2019.09.05 08:06:45.485,1.10397,1.10401,1690000,4660000
2019.09.05 08:06:45.586,1.10397,1.10401,2440000,4630000
2019.09.05 08:06:45.688,1.10397,1.10401,4000000,2940000
2019.09.05 08:06:45.789,1.10397,1.104,1690000,2320000
2019.09.05 08:06:46.004,1.10397,1.10401,4130000,3640000
2019.09.05 08:06:47.263,1.10397,1.10401,2250000,4820000
2019.09.05 08:06:47.701,1.10399,1.10402,3190000,1120000
2019.09.05 08:06:47.954,1.10399,1.10402,5500000,500000
2019.09.05 08:06:48.106,1.10397,1.104,1690000,2950000
2019.09.05 08:06:48.258,1.10397,1.10402,3620000,4070000
2019.09.05 08:06:50.994,1.10399,1.10402,2250000,940000
2019.09.05 08:06:51.510,1.10399,1.10401,750000,1120000
2019.09.05 08:06:51.743,1.10399,1.10402,2440000,750000
2019.09.05 08:06:52.065,1.10398,1.10402,1690000,2890000
2019.09.05 08:06:52.645,1.10398,1.10401,750000,2140000
2019.09.05 08:06:52.782,1.10398,1.10402,1690000,2140000
2019.09.05 08:06:54.823,1.10399,1.10403,4310000,940000
2019.09.05 08:06:54.925,1.10399,1.10403,5060000,2160000
2019.09.05 08:06:55.026,1.10399,1.10403,4310000,940000
2019.09.05 08:06:55.165,1.10399,1.10403,5120000,1970000
2019.09.05 08:06:55.267,1.10399,1.10403,5120000,750000
2019.09.05 08:06:57.734,1.10401,1.10403,3560000,600000
2019.09.05 08:06:57.836,1.10402,1.10403,940000,1500000
2019.09.05 08:06:57.921,1.10403,1.10405,1310000,1350000
2019.09.05 08:06:58.023,1.10403,1.10407,4750000,1470000
2019.09.05 08:06:58.276,1.10403,1.10407,5500000,600000
2019.09.05 08:06:58.529,1.10402,1.10406,2440000,2510000
2019.09.05 08:07:00.033,1.10402,1.10406,1310000,4040000
2019.09.05 08:07:00.417,1.10402,1.10406,560000,3260000
2019.09.05 08:07:00.858,1.10403,1.10406,1310000,750000
2019.09.05 08:07:01.148,1.10403,1.10406,1370000,1200000
2019.09.05 08:07:01.300,1.104,1.10405,9940000,3700000
2019.09.05 08:07:01.444,1.104,1.10404,750000,2950000
2019.09.05 08:07:01.546,1.104,1.10405,11440000,3700000
2019.09.05 08:07:01.748,1.104,1.10404,3000000,3700000
2019.09.05 08:07:02.792,1.10401,1.10404,2120000,600000
2019.09.05 08:07:02.894,1.104,1.10404,2620000,3320000
2019.09.05 08:07:03.462,1.104,1.10404,2120000,1570000
2019.09.05 08:07:03.564,1.10399,1.10401,940000,1010000
2019.09.05 08:07:03.666,1.10397,1.10401,1000000,3350000
2019.09.05 08:07:06.210,1.10398,1.10401,1000000,1410000
2019.09.05 08:07:06.679,1.10398,1.10401,750000,2160000
2019.09.05 08:07:06.881,1.10398,1.10402,1500000,2160000
2019.09.05 08:07:07.735,1.10398,1.10401,750000,640000
2019.09.05 08:07:07.836,1.10397,1.10401,1500000,3640000
2019.09.05 08:07:07.937,1.10398,1.10401,1500000,1200000
2019.09.05 08:07:08.040,1.10397,1.10401,1500000,2140000
2019.09.05 08:07:10.247,1.10397,1.104,750000,940000
2019.09.05 08:07:10.349,1.10397,1.10401,3070000,940000
2019.09.05 08:07:10.450,1.10397,1.10401,3100000,1390000
2019.09.05 08:07:10.684,1.10397,1.10401,3070000,940000
2019.09.05 08:07:11.594,1.10397,1.104,750000,750000
2019.09.05 08:07:11.983,1.10397,1.10401,2890000,750000
2019.09.05 08:07:12.084,1.10397,1.104,750000,750000
2019.09.05 08:07:12.236,1.10397,1.10401,2700000,940000
2019.09.05 08:07:12.506,1.10397,1.10401,3070000,1060000
2019.09.05 08:07:12.759,1.10397,1.104,750000,500000
2019.09.05 08:07:12.910,1.10396,1.10399,750000,1310000
2019.09.05 08:07:13.504,1.10396,1.10399,750000,750000
2019.09.05 08:07:13.605,1.10397,1.10401,2510000,2060000
2019.09.05 08:07:14.051,1.10397,1.10401,3190000,3260000
2019.09.05 08:07:14.254,1.10397,1.104,750000,6190000
2019.09.05 08:07:14.365,1.10397,1.10401,1760000,3190000
2019.09.05 08:07:14.676,1.10397,1.104,750000,6190000
2019.09.05 08:07:16.554,1.10396,1.10398,750000,4570000
2019.09.05 08:07:16.655,1.10397,1.10398,750000,1500000
2019.09.05 08:07:16.762,1.10396,1.10398,750000,1500000
2019.09.05 08:07:18.944,1.10397,1.10399,750000,1750000
2019.09.05 08:07:18.996,1.10397,1.104,1760000,1370000
2019.09.05 08:07:19.250,1.10397,1.104,2140000,1200000
2019.09.05 08:07:19.351,1.10398,1.10399,750000,750000
2019.09.05 08:07:19.600,1.10396,1.10399,750000,3260000
2019.09.05 08:07:19.701,1.10397,1.10399,750000,750000
2019.09.05 08:07:22.531,1.10398,1.10399,750000,750000
2019.09.05 08:07:22.582,1.10399,1.10401,1760000,750000
2019.09.05 08:07:22.683,1.10398,1.10401,1390000,600000
2019.09.05 08:07:22.784,1.10397,1.104,1200000,1760000
2019.09.05 08:07:23.352,1.10397,1.10399,1690000,1500000
2019.09.05 08:07:23.453,1.10396,1.10399,940000,1120000
2019.09.05 08:07:23.555,1.10397,1.10399,940000,1500000
2019.09.05 08:07:24.273,1.10397,1.10401,1200000,2060000
2019.09.05 08:07:25.497,1.10397,1.10401,3470000,2140000
2019.09.05 08:07:25.770,1.10397,1.10401,750000,2140000
2019.09.05 08:07:26.875,1.10397,1.10401,1950000,3660000
2019.09.05 08:07:27.435,1.10397,1.10401,820000,1690000
2019.09.05 08:07:27.688,1.10397,1.10401,2720000,1690000
2019.09.05 08:07:27.888,1.10397,1.10399,750000,750000
2019.09.05 08:07:27.990,1.10398,1.104,6100000,750000
2019.09.05 08:07:28.091,1.10397,1.104,750000,2060000
2019.09.05 08:07:28.642,1.10398,1.104,750000,750000
2019.09.05 08:07:29.102,1.10398,1.10402,4010000,1500000
2019.09.05 08:07:29.355,1.10398,1.10401,1500000,1690000
2019.09.05 08:07:31.555,1.10397,1.104,3940000,3470000
2019.09.05 08:07:31.685,1.10397,1.104,3940000,750000
2019.09.05 08:07:31.786,1.10398,1.10401,2950000,940000
2019.09.05 08:07:32.425,1.10397,1.10401,1310000,1570000
2019.09.05 08:07:32.754,1.10397,1.10401,3290000,1950000
2019.09.05 08:07:32.855,1.10397,1.10401,940000,1950000
2019.09.05 08:07:34.171,1.10397,1.104,750000,1120000
2019.09.05 08:07:34.334,1.10397,1.10401,7010000,1120000
2019.09.05 08:07:34.486,1.10397,1.10399,750000,500000
2019.09.05 08:07:34.587,1.10396,1.10398,820000,940000
2019.09.05 08:07:34.688,1.10395,1.10398,1500000,940000
2019.09.05 08:07:34.790,1.10394,1.10398,1600000,3700000
2019.09.05 08:07:34.891,1.10394,1.10398,1120000,3320000
2019.09.05 08:07:34.994,1.10394,1.10398,750000,4450000
2019.09.05 08:07:38.125,1.10397,1.104,4500000,2250000
2019.09.05 08:07:38.278,1.10397,1.104,2500000,1690000
2019.09.05 08:07:38.443,1.10396,1.10399,1390000,1570000
2019.09.05 08:07:38.594,1.10395,1.10399,3130000,1390000
2019.09.05 08:07:38.696,1.10394,1.10398,940000,2890000
2019.09.05 08:07:38.797,1.10395,1.10397,500000,560000
2019.09.05 08:07:40.715,1.10394,1.10399,4310000,3620000
2019.09.05 08:07:41.200,1.10394,1.10398,1470000,2500000
2019.09.05 08:07:41.301,1.10394,1.10398,650000,2500000
2019.09.05 08:07:43.045,1.10395,1.10398,2180000,940000
2019.09.05 08:07:43.147,1.10395,1.10398,1700000,940000
2019.09.05 08:07:45.634,1.10393,1.10395,5620000,3640000
2019.09.05 08:07:45.685,1.10391,1.10393,940000,750000
2019.09.05 08:07:47.474,1.10391,1.10392,750000,750000
2019.09.05 08:07:47.600,1.10387,1.10389,1010000,750000
2019.09.05 08:07:47.701,1.10386,1.1039,9190000,4760000
2019.09.05 08:07:47.802,1.10386,1.1039,6460000,4760000
2019.09.05 08:07:47.904,1.10386,1.1039,4690000,3260000
2019.09.05 08:07:48.277,1.10387,1.1039,3940000,1120000
2019.09.05 08:07:48.424,1.10387,1.1039,4310000,2350000
2019.09.05 08:07:48.531,1.10387,1.1039,4310000,1120000
2019.09.05 08:07:48.961,1.10388,1.1039,9190000,750000
2019.09.05 08:07:49.062,1.10388,1.10389,3750000,750000
2019.09.05 08:07:49.203,1.10387,1.1039,5810000,750000
2019.09.05 08:07:49.304,1.10387,1.1039,10310000,750000
2019.09.05 08:07:49.734,1.10387,1.1039,5060000,750000
2019.09.05 08:07:50.087,1.10387,1.1039,8060000,750000
2019.09.05 08:07:50.189,1.10387,1.10389,2250000,1500000
2019.09.05 08:07:50.536,1.10387,1.10389,2250000,2140000
2019.09.05 08:07:50.587,1.10388,1.10391,1220000,4870000
2019.09.05 08:07:50.690,1.10389,1.10393,750000,3450000
2019.09.05 08:07:50.791,1.1039,1.10394,1390000,2060000
2019.09.05 08:07:51.089,1.10391,1.10394,750000,1690000
2019.09.05 08:07:51.241,1.10392,1.10395,2510000,820000
2019.09.05 08:07:51.495,1.10392,1.10395,3620000,1500000
2019.09.05 08:07:52.115,1.10393,1.10395,1120000,1120000
2019.09.05 08:07:52.166,1.10393,1.10395,750000,2250000
2019.09.05 08:07:52.267,1.10393,1.10396,940000,3000000
2019.09.05 08:07:52.561,1.10394,1.10396,1010000,750000
2019.09.05 08:07:52.713,1.10394,1.10397,4370000,750000
2019.09.05 08:07:52.814,1.10393,1.10397,4370000,3070000
2019.09.05 08:07:53.118,1.10393,1.10396,1000000,2250000
2019.09.05 08:07:53.321,1.10393,1.10395,1070000,750000
2019.09.05 08:07:53.543,1.10392,1.10394,940000,500000
2019.09.05 08:07:53.745,1.10392,1.10395,5200000,500000
2019.09.05 08:07:54.580,1.10392,1.10394,560000,500000
2019.09.05 08:07:54.783,1.10391,1.10394,1370000,1500000
2019.09.05 08:07:55.075,1.10392,1.10394,750000,500000
2019.09.05 08:07:55.487,1.10391,1.10394,750000,1500000
2019.09.05 08:07:55.653,1.10392,1.10394,750000,500000
2019.09.05 08:07:58.016,1.10391,1.10394,1370000,750000
2019.09.05 08:07:58.270,1.1039,1.10394,1370000,2700000
2019.09.05 08:07:58.534,1.1039,1.10394,4450000,4120000
2019.09.05 08:07:58.635,1.10391,1.10394,2950000,750000
2019.09.05 08:07:58.905,1.10391,1.10394,3250000,1500000
2019.09.05 08:07:59.007,1.10391,1.10394,2600000,1500000
2019.09.05 08:07:59.108,1.10391,1.10394,1370000,1500000
2019.09.05 08:08:00.058,1.1039,1.10393,1000000,3450000
2019.09.05 08:08:00.109,1.10391,1.10394,2120000,1690000
2019.09.05 08:08:02.991,1.10391,1.10394,2060000,1500000
2019.09.05 08:08:04.201,1.10392,1.10395,3320000,500000
2019.09.05 08:08:04.455,1.10393,1.10395,1000000,1500000
2019.09.05 08:08:04.556,1.10393,1.10396,1370000,1500000
2019.09.05 08:08:05.338,1.10393,1.10396,1690000,1690000
2019.09.05 08:08:05.439,1.10392,1.10394,750000,1760000
2019.09.05 08:08:05.541,1.10391,1.10393,750000,750000
2019.09.05 08:08:05.643,1.1039,1.10394,1010000,2810000
2019.09.05 08:08:05.744,1.1039,1.10393,750000,2890000
2019.09.05 08:08:06.556,1.1039,1.10392,500000,2700000
2019.09.05 08:08:08.029,1.1039,1.10392,500000,3850000
2019.09.05 08:08:10.190,1.1039,1.10394,500000,5220000
2019.09.05 08:08:10.292,1.10393,1.10395,2810000,820000
2019.09.05 08:08:10.393,1.10394,1.10396,2120000,600000
2019.09.05 08:08:10.495,1.10393,1.10395,940000,820000
2019.09.05 08:08:11.040,1.10393,1.10397,1310000,1950000
2019.09.05 08:08:11.192,1.10393,1.10396,750000,1950000
2019.09.05 08:08:11.459,1.10393,1.10397,1390000,1500000
2019.09.05 08:08:11.844,1.10393,1.10396,750000,1500000
2019.09.05 08:08:11.946,1.10393,1.10397,1390000,1500000
2019.09.05 08:08:12.047,1.10393,1.10396,750000,2250000
2019.09.05 08:08:12.148,1.10393,1.10397,940000,3320000
2019.09.05 08:08:13.313,1.10393,1.10396,500000,3320000
2019.09.05 08:08:13.415,1.10393,1.10397,1310000,2950000
2019.09.05 08:08:14.542,1.10395,1.10397,500000,940000
2019.09.05 08:08:15.859,1.10395,1.10398,600000,2950000
2019.09.05 08:08:15.962,1.10397,1.10399,1120000,1500000
2019.09.05 08:08:16.984,1.10398,1.10399,1120000,750000
2019.09.05 08:08:17.868,1.10398,1.104,1690000,940000
2019.09.05 08:08:18.167,1.10398,1.104,1000000,750000
2019.09.05 08:08:19.776,1.10398,1.10401,3260000,1570000
2019.09.05 08:08:20.182,1.10397,1.10401,2540000,2890000
2019.09.05 08:08:20.283,1.10397,1.104,1450000,1200000
2019.09.05 08:08:20.384,1.10396,1.104,2950000,940000
2019.09.05 08:08:23.909,1.10398,1.104,4750000,750000
2019.09.05 08:08:23.960,1.10398,1.104,560000,750000
2019.09.05 08:08:25.854,1.10397,1.104,500000,750000
2019.09.05 08:08:28.826,1.10397,1.104,500000,1000000
2019.09.05 08:08:29.643,1.10397,1.10401,2810000,1070000
2019.09.05 08:08:29.796,1.10397,1.104,750000,1820000
2019.09.05 08:08:29.904,1.10397,1.10401,2890000,1000000
2019.09.05 08:08:30.006,1.10397,1.104,600000,1070000
2019.09.05 08:08:30.208,1.10396,1.104,600000,4410000
2019.09.05 08:08:30.310,1.10396,1.10399,750000,940000
2019.09.05 08:08:30.411,1.10395,1.10398,600000,1820000
2019.09.05 08:08:30.869,1.10395,1.10399,2320000,1750000
2019.09.05 08:08:30.999,1.10395,1.10398,820000,2500000
2019.09.05 08:08:31.117,1.10395,1.10399,2320000,1750000
2019.09.05 08:08:31.395,1.10395,1.10399,2350000,1750000
2019.09.05 08:08:31.598,1.10396,1.10399,2700000,940000
2019.09.05 08:08:31.851,1.10396,1.10398,750000,940000
2019.09.05 08:08:31.952,1.10396,1.10399,4570000,940000
2019.09.05 08:08:33.081,1.10396,1.10399,4600000,940000
2019.09.05 08:08:33.183,1.10396,1.10399,3820000,940000
2019.09.05 08:08:33.284,1.10396,1.10398,750000,940000
2019.09.05 08:08:33.504,1.10395,1.10398,3320000,2250000
2019.09.05 08:08:33.555,1.10394,1.10397,1750000,1310000
2019.09.05 08:08:33.661,1.10391,1.10395,2890000,4410000
2019.09.05 08:08:33.762,1.10391,1.10394,1870000,2810000
2019.09.05 08:08:35.587,1.10391,1.10395,5140000,2440000
2019.09.05 08:08:35.865,1.10392,1.10395,2510000,750000
2019.09.05 08:08:36.295,1.10391,1.10394,750000,1690000
2019.09.05 08:08:36.491,1.10392,1.10394,750000,750000
2019.09.05 08:08:36.743,1.10391,1.10394,750000,2060000
2019.09.05 08:08:37.148,1.10391,1.10394,3320000,750000
2019.09.05 08:08:37.277,1.10391,1.10394,3070000,940000
2019.09.05 08:08:38.038,1.10391,1.10394,2570000,750000
2019.09.05 08:08:38.781,1.10391,1.10394,3070000,1690000
2019.09.05 08:08:38.983,1.10391,1.10394,4820000,1500000
2019.09.05 08:08:41.120,1.10391,1.10394,6070000,940000
2019.09.05 08:08:41.323,1.10391,1.10394,2570000,750000
2019.09.05 08:08:41.988,1.10391,1.10394,2320000,940000
2019.09.05 08:08:42.140,1.1039,1.10391,750000,1500000
2019.09.05 08:08:42.393,1.10389,1.10393,2440000,3260000
2019.09.05 08:08:42.596,1.1039,1.10393,4690000,750000
2019.09.05 08:08:42.698,1.10389,1.10393,940000,4390000
2019.09.05 08:08:43.783,1.1039,1.10393,940000,500000
2019.09.05 08:08:44.171,1.10391,1.10394,6190000,750000
2019.09.05 08:08:44.273,1.1039,1.10394,6190000,4010000
2019.09.05 08:08:46.769,1.10391,1.10394,3250000,940000
2019.09.05 08:08:46.870,1.10392,1.10394,1500000,2620000
2019.09.05 08:08:46.972,1.10392,1.10396,3660000,3260000
2019.09.05 08:08:47.124,1.10392,1.10396,3640000,4790000
2019.09.05 08:08:47.277,1.10393,1.10395,750000,820000
2019.09.05 08:08:47.433,1.10392,1.10396,2890000,4790000
2019.09.05 08:08:47.636,1.10392,1.10395,750000,4310000
2019.09.05 08:08:47.765,1.10392,1.10396,2440000,2890000
2019.09.05 08:08:48.230,1.10392,1.10395,750000,3260000
2019.09.05 08:08:48.357,1.10392,1.10396,3560000,2510000
2019.09.05 08:08:48.606,1.10394,1.10397,3350000,940000
2019.09.05 08:08:48.708,1.10394,1.10397,1200000,1690000
2019.09.05 08:08:50.379,1.10394,1.10397,3290000,750000
2019.09.05 08:08:50.481,1.10394,1.10397,3260000,820000
2019.09.05 08:08:50.667,1.10394,1.10397,3290000,750000
2019.09.05 08:08:50.824,1.10394,1.10397,2810000,750000
2019.09.05 08:08:51.766,1.10393,1.10395,2440000,3000000
2019.09.05 08:08:51.867,1.10392,1.10394,500000,2700000
2019.09.05 08:08:52.020,1.10392,1.10394,750000,1200000
2019.09.05 08:08:52.172,1.10392,1.10394,500000,750000
2019.09.05 08:08:52.274,1.10393,1.10395,820000,750000
2019.09.05 08:08:57.434,1.10392,1.10396,2570000,750000
2019.09.05 08:08:57.536,1.10392,1.10395,1100000,2440000
2019.09.05 08:08:57.637,1.10392,1.10395,560000,750000
2019.09.05 08:08:57.786,1.10391,1.10395,4000000,3190000
2019.09.05 08:08:57.888,1.10391,1.10395,1500000,3260000
2019.09.05 08:08:58.782,1.10392,1.10395,820000,3560000
2019.09.05 08:09:00.104,1.10392,1.10394,500000,2320000
2019.09.05 08:09:00.409,1.10393,1.10395,2120000,750000
2019.09.05 08:09:00.510,1.10392,1.10395,1000000,1870000
2019.09.05 08:09:01.027,1.10393,1.10395,1000000,750000
2019.09.05 08:09:01.373,1.10392,1.10395,850000,750000
2019.09.05 08:09:01.701,1.10391,1.10396,6270000,3370000
2019.09.05 08:09:01.803,1.10392,1.10394,940000,750000
2019.09.05 08:09:01.904,1.10391,1.10393,1690000,1570000
2019.09.05 08:09:07.918,1.10392,1.10393,640000,750000
2019.09.05 08:09:08.020,1.10391,1.10393,940000,1500000
2019.09.05 08:09:08.174,1.1039,1.10393,1690000,3750000
2019.09.05 08:09:10.266,1.1039,1.10392,750000,2250000
2019.09.05 08:09:10.367,1.1039,1.10393,2060000,1500000
2019.09.05 08:09:12.304,1.1039,1.10392,750000,1570000
2019.09.05 08:09:13.046,1.10388,1.1039,750000,3260000
2019.09.05 08:09:13.147,1.10389,1.1039,2250000,750000
2019.09.05 08:09:13.256,1.10389,1.1039,1500000,750000
2019.09.05 08:09:14.258,1.1039,1.10392,1120000,1500000
2019.09.05 08:09:17.555,1.10388,1.1039,750000,1710000
2019.09.05 08:09:17.657,1.10388,1.1039,1000000,750000
2019.09.05 08:09:17.758,1.10387,1.1039,2500000,2250000
2019.09.05 08:09:17.902,1.10387,1.10388,560000,750000
2019.09.05 08:09:18.004,1.10386,1.10388,560000,1870000
2019.09.05 08:09:18.832,1.10386,1.10388,750000,1500000
2019.09.05 08:09:19.443,1.10386,1.10388,560000,750000
2019.09.05 08:09:19.545,1.10385,1.10388,1760000,2700000
2019.09.05 08:09:21.026,1.10384,1.10388,1760000,2440000
2019.09.05 08:09:21.536,1.10384,1.10388,4410000,2140000
2019.09.05 08:09:21.638,1.10383,1.10384,3940000,1870000
2019.09.05 08:09:21.768,1.10381,1.10384,2570000,750000
2019.09.05 08:09:23.261,1.10382,1.10384,1390000,940000
2019.09.05 08:09:23.514,1.10383,1.10384,600000,940000
2019.09.05 08:09:23.616,1.10383,1.10386,6700000,750000
2019.09.05 08:09:23.717,1.10384,1.10386,940000,750000
2019.09.05 08:09:24.172,1.10384,1.10387,820000,1500000
2019.09.05 08:09:24.223,1.10386,1.10387,750000,750000
2019.09.05 08:09:24.343,1.10387,1.10389,1200000,1690000
2019.09.05 08:09:24.394,1.10388,1.1039,6940000,750000
2019.09.05 08:09:24.496,1.10387,1.1039,1070000,1760000
2019.09.05 08:09:25.235,1.10388,1.10389,820000,750000
2019.09.05 08:09:25.336,1.10389,1.10391,750000,750000
2019.09.05 08:09:25.438,1.10388,1.10391,1120000,1010000
2019.09.05 08:09:25.998,1.10387,1.1039,940000,2950000
2019.09.05 08:09:27.007,1.10387,1.10389,1120000,2330000
2019.09.05 08:09:27.109,1.10387,1.10388,500000,500000
2019.09.05 08:09:27.614,1.10387,1.1039,3070000,3560000
2019.09.05 08:09:27.665,1.10387,1.1039,750000,4100000
2019.09.05 08:09:28.878,1.10389,1.10392,3620000,940000
2019.09.05 08:09:28.980,1.10389,1.10392,3370000,940000
2019.09.05 08:09:29.197,1.10389,1.10392,3850000,940000
2019.09.05 08:09:29.299,1.10388,1.10391,500000,560000
2019.09.05 08:09:30.365,1.10388,1.10392,2700000,4850000
2019.09.05 08:09:30.476,1.10389,1.10392,2720000,1690000
2019.09.05 08:09:30.577,1.10389,1.10392,2320000,1760000
2019.09.05 08:09:30.882,1.10389,1.10392,1570000,2570000
2019.09.05 08:09:31.068,1.10391,1.10393,1500000,2250000
2019.09.05 08:09:31.169,1.1039,1.10394,1120000,8970000
2019.09.05 08:09:31.271,1.1039,1.10394,1120000,3700000
2019.09.05 08:09:31.372,1.1039,1.10393,560000,500000
2019.09.05 08:09:31.524,1.1039,1.10393,500000,3620000
2019.09.05 08:09:32.356,1.10391,1.10394,2250000,940000
2019.09.05 08:09:33.700,1.10391,1.10394,1870000,2500000
2019.09.05 08:09:33.801,1.10392,1.10395,1120000,640000
2019.09.05 08:09:34.105,1.10392,1.10396,2060000,1390000
2019.09.05 08:09:34.207,1.10392,1.10395,1370000,560000
2019.09.05 08:09:34.310,1.10392,1.10395,1120000,560000
2019.09.05 08:09:34.569,1.10393,1.10395,500000,1310000
2019.09.05 08:09:34.974,1.10392,1.10394,750000,1390000
2019.09.05 08:09:35.954,1.10391,1.10395,1870000,2950000
2019.09.05 08:09:36.056,1.10391,1.10394,500000,2200000
2019.09.05 08:09:36.957,1.10391,1.10394,500000,2140000
2019.09.05 08:09:37.764,1.10391,1.10394,5120000,1500000
2019.09.05 08:09:37.866,1.10389,1.10391,1500000,1500000
2019.09.05 08:09:37.968,1.10388,1.1039,750000,940000
2019.09.05 08:09:38.070,1.10388,1.10391,1870000,940000
2019.09.05 08:09:38.171,1.10387,1.10391,2140000,2440000
2019.09.05 08:09:39.175,1.10388,1.10391,2510000,500000
2019.09.05 08:09:39.482,1.10387,1.10391,2510000,1310000
2019.09.05 08:09:39.886,1.10387,1.10389,1500000,750000
2019.09.05 08:09:39.937,1.10386,1.10389,1500000,3940000
2019.09.05 08:09:40.143,1.10386,1.10389,750000,1750000
2019.09.05 08:09:40.303,1.10386,1.10388,750000,1750000
2019.09.05 08:09:40.453,1.10385,1.10388,1390000,1500000
2019.09.05 08:09:40.555,1.10385,1.10387,750000,750000
2019.09.05 08:09:40.656,1.10384,1.10386,750000,1120000
2019.09.05 08:09:40.758,1.10383,1.10385,940000,750000
2019.09.05 08:09:40.859,1.10383,1.10385,1000000,750000
2019.09.05 08:09:41.125,1.10382,1.10385,3700000,1120000
2019.09.05 08:09:43.725,1.10381,1.10385,3320000,2620000
2019.09.05 08:09:43.927,1.1038,1.10383,2200000,1500000
2019.09.05 08:09:44.985,1.10379,1.10381,640000,2440000
2019.09.05 08:09:45.137,1.1038,1.10382,820000,500000
2019.09.05 08:09:45.239,1.10381,1.10383,1270000,1120000
2019.09.05 08:09:46.451,1.10381,1.10382,600000,3670000
2019.09.05 08:09:46.839,1.10383,1.10384,2400000,750000
2019.09.05 08:09:46.940,1.10382,1.10385,560000,2950000
2019.09.05 08:09:47.263,1.10383,1.10386,1120000,560000
2019.09.05 08:09:47.888,1.10384,1.10386,500000,750000
2019.09.05 08:09:48.916,1.10384,1.10388,4570000,1750000
2019.09.05 08:09:48.967,1.10386,1.10388,820000,2500000
2019.09.05 08:09:49.068,1.10387,1.1039,1500000,1450000
2019.09.05 08:09:49.170,1.10388,1.10391,1500000,640000
2019.09.05 08:09:49.287,1.10388,1.10391,750000,850000
2019.09.05 08:09:49.389,1.1039,1.10391,750000,500000
2019.09.05 08:09:50.086,1.1039,1.10393,3190000,500000
2019.09.05 08:09:50.345,1.1039,1.10392,750000,500000
2019.09.05 08:09:50.446,1.1039,1.10392,500000,3250000
2019.09.05 08:09:50.548,1.10392,1.10393,500000,500000
2019.09.05 08:09:51.529,1.10392,1.10394,1120000,500000
2019.09.05 08:09:56.179,1.10392,1.10395,1200000,2200000
2019.09.05 08:09:56.281,1.10393,1.10396,2250000,1310000
2019.09.05 08:09:56.499,1.10392,1.10396,3560000,600000
2019.09.05 08:09:56.550,1.10392,1.10394,750000,600000
2019.09.05 08:09:56.651,1.10391,1.10394,600000,1200000
2019.09.05 08:09:56.752,1.1039,1.10395,3640000,3260000
2019.09.05 08:09:56.854,1.1039,1.10394,600000,4040000
2019.09.05 08:09:57.195,1.10391,1.10395,3640000,750000
2019.09.05 08:09:57.342,1.1039,1.10395,4010000,2890000
2019.09.05 08:09:57.515,1.10391,1.10395,4010000,750000
2019.09.05 08:09:58.158,1.10392,1.10395,820000,500000
2019.09.05 08:09:58.410,1.10393,1.10395,750000,750000
2019.09.05 08:09:58.726,1.10393,1.10396,3640000,750000
2019.09.05 08:09:59.231,1.10393,1.10395,750000,750000
2019.09.05 08:09:59.397,1.10393,1.10396,3260000,750000
2019.09.05 08:09:59.635,1.10392,1.10396,2890000,1120000
2019.09.05 08:09:59.931,1.10392,1.10395,750000,1870000
2019.09.05 08:10:00.032,1.10392,1.10396,2890000,1120000
2019.09.05 08:10:00.133,1.10392,1.10396,4450000,500000
2019.09.05 08:10:02.217,1.10392,1.10394,750000,640000
2019.09.05 08:10:02.436,1.10392,1.10394,1870000,750000
2019.09.05 08:10:02.918,1.10392,1.10394,1010000,560000
2019.09.05 08:10:04.250,1.10391,1.10395,1870000,1900000
2019.09.05 08:10:06.934,1.10394,1.10396,2320000,500000
2019.09.05 08:10:07.543,1.10394,1.10396,750000,1370000
2019.09.05 08:10:07.884,1.10394,1.10396,750000,500000
2019.09.05 08:10:07.985,1.10394,1.10395,750000,500000
2019.09.05 08:10:08.088,1.10394,1.10396,4200000,500000
2019.09.05 08:10:08.139,1.10392,1.10395,600000,3070000
2019.09.05 08:10:08.575,1.10392,1.10396,3260000,750000
2019.09.05 08:10:08.934,1.10392,1.10395,600000,750000
2019.09.05 08:10:10.740,1.10391,1.10393,940000,500000
2019.09.05 08:10:10.841,1.10388,1.10392,4010000,5810000
2019.09.05 08:10:10.943,1.10388,1.10391,1500000,3190000
2019.09.05 08:10:11.095,1.10387,1.1039,750000,2060000
2019.09.05 08:10:11.297,1.10386,1.1039,3560000,2510000
2019.09.05 08:10:13.435,1.10386,1.1039,1760000,2540000
2019.09.05 08:10:13.758,1.10386,1.10389,750000,560000
2019.09.05 08:10:14.366,1.10385,1.10389,2810000,5890000
2019.09.05 08:10:14.468,1.10385,1.10387,750000,5510000
2019.09.05 08:10:14.671,1.10385,1.10387,1200000,4370000
2019.09.05 08:10:14.836,1.10385,1.10387,750000,4120000
2019.09.05 08:10:14.938,1.10383,1.10387,1310000,4390000
2019.09.05 08:10:15.090,1.10383,1.10387,1570000,5600000
2019.09.05 08:10:15.192,1.10383,1.10387,750000,7450000
2019.09.05 08:10:15.293,1.10386,1.10388,750000,750000
2019.09.05 08:10:15.394,1.10385,1.10388,750000,1760000
2019.09.05 08:10:16.507,1.10385,1.10388,1870000,750000
2019.09.05 08:10:16.671,1.10385,1.10388,2250000,560000
2019.09.05 08:10:16.772,1.10386,1.10388,3370000,600000
2019.09.05 08:10:17.531,1.10385,1.10387,1120000,750000
2019.09.05 08:10:17.885,1.10385,1.10388,940000,1750000
2019.09.05 08:10:18.397,1.10385,1.10388,750000,1760000
2019.09.05 08:10:19.080,1.10385,1.10387,750000,1010000
2019.09.05 08:10:19.536,1.10385,1.10388,1870000,1310000
2019.09.05 08:10:19.668,1.10386,1.10388,1870000,500000
2019.09.05 08:10:19.770,1.10385,1.10388,2250000,2890000
2019.09.05 08:10:19.917,1.10381,1.10382,1690000,9750000
2019.09.05 08:10:19.968,1.10379,1.1038,1870000,560000
2019.09.05 08:10:20.019,1.10377,1.10379,750000,940000
2019.09.05 08:10:20.120,1.10376,1.10378,1870000,1570000
2019.09.05 08:10:20.171,1.10378,1.1038,1500000,500000
2019.09.05 08:10:20.272,1.10379,1.10381,1310000,940000
2019.09.05 08:10:20.547,1.10379,1.10381,1310000,1410000
2019.09.05 08:10:21.097,1.10378,1.10381,1120000,4070000
2019.09.05 08:10:21.496,1.1038,1.10381,750000,820000
2019.09.05 08:10:21.597,1.1038,1.10382,500000,600000
2019.09.05 08:10:21.698,1.10379,1.10382,500000,1760000
2019.09.05 08:10:21.900,1.10379,1.10382,750000,820000
2019.09.05 08:10:23.177,1.1038,1.10381,560000,1500000
2019.09.05 08:10:23.279,1.10379,1.10381,560000,1120000
2019.09.05 08:10:24.769,1.10379,1.10382,2060000,4450000
2019.09.05 08:10:24.871,1.10381,1.10384,3560000,1120000
2019.09.05 08:10:24.991,1.10381,1.10385,940000,3260000
2019.09.05 08:10:25.093,1.10381,1.10385,2440000,2540000
2019.09.05 08:10:25.221,1.10381,1.10385,1690000,4760000
2019.09.05 08:10:25.496,1.10381,1.10385,1690000,4790000
2019.09.05 08:10:25.597,1.10381,1.10386,5500000,3260000
2019.09.05 08:10:26.776,1.10381,1.10383,750000,3260000
2019.09.05 08:10:27.007,1.1038,1.10383,750000,2510000
2019.09.05 08:10:27.734,1.10381,1.10384,1120000,1410000
2019.09.05 08:10:27.835,1.10381,1.10383,750000,640000
2019.09.05 08:10:27.937,1.10381,1.10384,1120000,1010000
2019.09.05 08:10:28.246,1.1038,1.10383,750000,3260000
2019.09.05 08:10:28.348,1.10381,1.10384,560000,2200000
2019.09.05 08:10:28.449,1.10381,1.10384,500000,940000
2019.09.05 08:10:28.550,1.10382,1.10384,500000,600000
2019.09.05 08:10:28.651,1.10381,1.10384,500000,2140000
2019.09.05 08:10:29.075,1.10381,1.10385,2810000,1390000
2019.09.05 08:10:29.827,1.10381,1.10384,4750000,750000
2019.09.05 08:10:29.929,1.10379,1.10382,2870000,1390000
2019.09.05 08:10:30.051,1.10378,1.1038,750000,2570000
2019.09.05 08:10:31.586,1.10377,1.1038,3190000,4200000
2019.09.05 08:10:31.687,1.10377,1.10379,1120000,750000
2019.09.05 08:10:32.591,1.10377,1.10378,500000,750000
2019.09.05 08:10:32.742,1.10377,1.1038,750000,1390000
2019.09.05 08:10:34.210,1.10379,1.10381,2620000,500000
2019.09.05 08:10:34.326,1.10379,1.10381,2620000,500000
2019.09.05 08:10:34.478,1.10378,1.10381,2620000,940000
2019.09.05 08:10:35.621,1.10377,1.1038,1500000,3700000
2019.09.05 08:10:36.043,1.10377,1.10381,4310000,2950000
2019.09.05 08:10:36.995,1.10377,1.1038,1500000,2950000
2019.09.05 08:10:38.764,1.10377,1.10379,500000,2950000
2019.09.05 08:10:40.880,1.10377,1.1038,1120000,2950000
2019.09.05 08:10:41.665,1.10377,1.10379,500000,2950000
2019.09.05 08:10:43.694,1.10377,1.10381,5810000,2200000
2019.09.05 08:10:43.795,1.10377,1.1038,1500000,2950000
2019.09.05 08:10:43.979,1.10377,1.10381,5810000,2200000
2019.09.05 08:10:45.245,1.10379,1.10381,2060000,750000
2019.09.05 08:10:45.346,1.10379,1.1038,750000,750000
2019.09.05 08:10:45.448,1.10379,1.10381,2060000,750000
2019.09.05 08:10:45.596,1.10379,1.1038,750000,750000
2019.09.05 08:10:46.042,1.10379,1.10381,2440000,750000
2019.09.05 08:10:46.193,1.1038,1.10381,2250000,500000
2019.09.05 08:10:46.295,1.10379,1.10381,1870000,500000
2019.09.05 08:10:46.396,1.10378,1.10381,1870000,750000
2019.09.05 08:10:46.648,1.10378,1.1038,750000,750000
2019.09.05 08:10:52.447,1.10378,1.10379,1690000,500000
2019.09.05 08:10:52.498,1.10374,1.10376,1690000,750000
2019.09.05 08:10:52.600,1.10373,1.10376,2810000,2250000
2019.09.05 08:10:52.783,1.10374,1.10377,940000,940000
2019.09.05 08:10:52.936,1.10375,1.10377,500000,1750000
2019.09.05 08:10:53.038,1.10375,1.10379,2870000,5570000
2019.09.05 08:10:53.436,1.10376,1.10379,500000,3640000
2019.09.05 08:10:53.537,1.10377,1.10381,2060000,2510000
2019.09.05 08:10:53.806,1.10377,1.1038,1500000,4010000
2019.09.05 08:10:54.110,1.10377,1.10381,2810000,3640000
2019.09.05 08:10:54.792,1.10377,1.10381,3560000,3260000
2019.09.05 08:10:54.893,1.10377,1.10381,3940000,3260000
2019.09.05 08:10:54.994,1.10377,1.1038,750000,1760000
2019.09.05 08:10:55.962,1.10377,1.10381,2810000,3260000
2019.09.05 08:10:56.114,1.10378,1.10381,2810000,750000
2019.09.05 08:10:56.215,1.10378,1.1038,1120000,2250000
2019.09.05 08:10:56.747,1.10378,1.1038,1310000,750000
2019.09.05 08:10:56.848,1.10378,1.10379,500000,1310000
2019.09.05 08:10:56.950,1.10378,1.10381,2120000,940000
2019.09.05 08:10:58.406,1.10379,1.1038,500000,750000
2019.09.05 08:10:58.507,1.10379,1.10381,1500000,750000
2019.09.05 08:10:58.950,1.10379,1.1038,750000,750000
2019.09.05 08:11:00.168,1.10379,1.10381,1870000,750000
2019.09.05 08:11:00.426,1.10379,1.1038,750000,750000
2019.09.05 08:11:00.527,1.10379,1.10381,1870000,750000
2019.09.05 08:11:02.523,1.10378,1.10381,1870000,1690000
2019.09.05 08:11:02.683,1.10377,1.10381,3560000,2140000
2019.09.05 08:11:02.800,1.10377,1.1038,750000,2140000
2019.09.05 08:11:02.851,1.10379,1.10381,3560000,500000
2019.09.05 08:11:02.954,1.10379,1.10381,1500000,1620000
2019.09.05 08:11:03.056,1.10379,1.10381,1500000,820000
2019.09.05 08:11:03.158,1.10378,1.10381,1500000,3190000
2019.09.05 08:11:03.743,1.10378,1.1038,750000,2810000
2019.09.05 08:11:03.853,1.10378,1.10381,1500000,2060000
2019.09.05 08:11:04.303,1.10378,1.1038,750000,3190000
2019.09.05 08:11:04.473,1.10378,1.10381,1870000,2440000
2019.09.05 08:11:04.796,1.10378,1.1038,750000,2440000
2019.09.05 08:11:04.847,1.1038,1.10381,750000,750000
2019.09.05 08:11:04.948,1.10381,1.10382,750000,750000
2019.09.05 08:11:05.420,1.1038,1.10382,1370000,750000
2019.09.05 08:11:05.521,1.10379,1.10382,1370000,560000
2019.09.05 08:11:05.673,1.10378,1.1038,750000,2950000
2019.09.05 08:11:05.797,1.10378,1.10381,940000,2200000
2019.09.05 08:11:05.949,1.10378,1.1038,750000,2200000
2019.09.05 08:11:06.050,1.10378,1.10381,940000,2120000
2019.09.05 08:11:06.152,1.1038,1.10381,940000,500000
2019.09.05 08:11:06.253,1.10381,1.10384,500000,3940000
2019.09.05 08:11:06.354,1.10381,1.10386,4370000,2890000
2019.09.05 08:11:06.724,1.10381,1.10384,500000,560000
2019.09.05 08:11:06.826,1.10382,1.10385,1690000,1450000
2019.09.05 08:11:06.978,1.10383,1.10386,500000,3260000
2019.09.05 08:11:07.218,1.10383,1.10387,5440000,3260000
2019.09.05 08:11:08.121,1.10383,1.10386,750000,1310000
2019.09.05 08:11:08.222,1.10381,1.10383,500000,1310000
2019.09.05 08:11:08.408,1.10382,1.10383,940000,750000
2019.09.05 08:11:08.509,1.1038,1.10382,750000,2810000
2019.09.05 08:11:08.611,1.10381,1.10383,1370000,750000
2019.09.05 08:11:09.965,1.1038,1.10384,3250000,3190000
2019.09.05 08:11:11.236,1.10381,1.10384,1690000,1870000
2019.09.05 08:11:11.287,1.10382,1.10385,2810000,1000000
2019.09.05 08:11:11.804,1.10382,1.10385,750000,1010000
2019.09.05 08:11:11.905,1.10382,1.10386,4000000,1070000
2019.09.05 08:11:12.118,1.10383,1.10386,3940000,560000
2019.09.05 08:11:12.269,1.10383,1.10385,1120000,560000
2019.09.05 08:11:12.773,1.10382,1.10386,3560000,850000
2019.09.05 08:11:12.875,1.10382,1.10385,750000,1450000
2019.09.05 08:11:12.976,1.10384,1.10387,3700000,500000
2019.09.05 08:11:13.078,1.10383,1.10387,2620000,640000
2019.09.05 08:11:15.209,1.10384,1.10386,500000,500000
2019.09.05 08:11:16.223,1.10385,1.10387,750000,940000
2019.09.05 08:11:16.325,1.10385,1.10388,1120000,1390000
2019.09.05 08:11:16.439,1.10386,1.10388,500000,500000
2019.09.05 08:11:16.904,1.10386,1.10387,750000,600000
2019.09.05 08:11:17.272,1.10385,1.10386,750000,560000
2019.09.05 08:11:17.373,1.10383,1.10386,750000,3700000
2019.09.05 08:11:18.872,1.10385,1.10387,1500000,940000
2019.09.05 08:11:19.246,1.10385,1.10388,1120000,1010000
2019.09.05 08:11:19.389,1.10386,1.10388,1120000,500000
2019.09.05 08:11:19.493,1.10385,1.10388,1120000,640000
2019.09.05 08:11:19.595,1.10386,1.10388,1120000,500000
2019.09.05 08:11:19.994,1.10386,1.10387,500000,500000
2019.09.05 08:11:20.983,1.10385,1.10387,500000,1760000
2019.09.05 08:11:21.841,1.10386,1.10387,500000,750000
2019.09.05 08:11:22.456,1.10387,1.10388,500000,750000
2019.09.05 08:11:22.507,1.10387,1.1039,1500000,4760000
2019.09.05 08:11:22.609,1.10387,1.10391,3370000,2510000
2019.09.05 08:11:22.854,1.10388,1.10391,4310000,750000
2019.09.05 08:11:23.006,1.10388,1.1039,750000,1120000
2019.09.05 08:11:23.107,1.10388,1.10391,5140000,1120000
2019.09.05 08:11:23.306,1.10388,1.1039,750000,750000
2019.09.05 08:11:23.658,1.10388,1.10391,5060000,750000
2019.09.05 08:11:24.273,1.10388,1.1039,750000,750000
2019.09.05 08:11:24.806,1.10387,1.1039,1500000,560000
2019.09.05 08:11:25.846,1.10386,1.10389,750000,2140000
2019.09.05 08:11:26.698,1.10387,1.10389,1000000,500000
2019.09.05 08:11:26.800,1.10386,1.10389,1000000,1760000
2019.09.05 08:11:28.072,1.10386,1.10387,750000,940000
2019.09.05 08:11:28.123,1.10384,1.10387,750000,2440000
2019.09.05 08:11:28.224,1.10385,1.10386,1500000,750000
2019.09.05 08:11:28.325,1.10384,1.10386,750000,750000
2019.09.05 08:11:28.427,1.10385,1.10386,750000,750000
2019.09.05 08:11:28.528,1.10384,1.10386,750000,1310000
2019.09.05 08:11:28.629,1.10385,1.10386,750000,750000
2019.09.05 08:11:28.895,1.10384,1.10386,750000,940000
2019.09.05 08:11:29.064,1.10385,1.10386,750000,750000
2019.09.05 08:11:29.165,1.10384,1.10386,750000,1120000
2019.09.05 08:11:29.683,1.10385,1.10386,750000,500000
2019.09.05 08:11:29.787,1.10384,1.10386,750000,1120000
2019.09.05 08:11:29.889,1.10384,1.10387,1870000,1500000
2019.09.05 08:11:30.148,1.10385,1.10387,750000,500000
2019.09.05 08:11:30.249,1.10384,1.10387,750000,600000
2019.09.05 08:11:30.350,1.10384,1.10386,750000,600000
2019.09.05 08:11:30.858,1.10383,1.10386,750000,2890000
2019.09.05 08:11:31.991,1.10384,1.10386,750000,1200000
2019.09.05 08:11:32.092,1.10385,1.10386,750000,600000
2019.09.05 08:11:33.203,1.10385,1.10387,1500000,1510000
2019.09.05 08:11:33.254,1.10386,1.10389,1950000,2440000
2019.09.05 08:11:33.356,1.10387,1.1039,1690000,750000
2019.09.05 08:11:33.701,1.10389,1.1039,750000,500000
2019.09.05 08:11:33.803,1.10388,1.1039,2250000,7310000
2019.09.05 08:11:34.615,1.10387,1.1039,750000,5890000
2019.09.05 08:11:34.754,1.10387,1.1039,750000,4370000
2019.09.05 08:11:35.325,1.10387,1.1039,750000,2870000
2019.09.05 08:11:35.636,1.10387,1.1039,750000,2890000
2019.09.05 08:11:36.410,1.10387,1.1039,1000000,1390000
2019.09.05 08:11:36.604,1.10387,1.10389,750000,1820000
2019.09.05 08:11:36.756,1.10387,1.10389,750000,1760000
2019.09.05 08:11:38.348,1.10386,1.10389,2810000,1120000
2019.09.05 08:11:38.449,1.10387,1.10389,1120000,500000
2019.09.05 08:11:38.551,1.10387,1.1039,1690000,500000
2019.09.05 08:11:39.906,1.10386,1.1039,1690000,2510000
2019.09.05 08:11:41.351,1.10386,1.10389,750000,1690000
2019.09.05 08:11:42.257,1.10387,1.10389,940000,750000
2019.09.05 08:11:42.359,1.10385,1.10389,940000,3260000
2019.09.05 08:11:42.496,1.10386,1.10389,750000,940000
2019.09.05 08:11:42.598,1.10387,1.10389,750000,940000
2019.09.05 08:11:44.960,1.10387,1.1039,1500000,1310000
2019.09.05 08:11:54.638,1.10388,1.1039,2250000,500000
2019.09.05 08:11:57.023,1.10387,1.1039,2250000,2060000
2019.09.05 08:12:06.843,1.10387,1.1039,2910000,500000
2019.09.05 08:12:07.685,1.10386,1.10389,2890000,750000
2019.09.05 08:12:08.181,1.10386,1.10388,750000,750000
2019.09.05 08:12:08.283,1.10385,1.10388,2810000,500000
2019.09.05 08:12:08.386,1.10384,1.10388,4390000,940000
2019.09.05 08:12:08.437,1.10383,1.10385,750000,2620000
2019.09.05 08:12:08.538,1.10382,1.10384,750000,940000
2019.09.05 08:12:08.656,1.10381,1.10384,1070000,1570000
2019.09.05 08:12:08.757,1.10381,1.10384,1200000,2140000
2019.09.05 08:12:08.808,1.10382,1.10386,820000,3560000
2019.09.05 08:12:08.909,1.10382,1.10385,750000,4390000
2019.09.05 08:12:09.010,1.10382,1.10385,750000,5220000
2019.09.05 08:12:10.173,1.10383,1.10385,750000,750000
2019.09.05 08:12:10.275,1.10383,1.10385,750000,560000
2019.09.05 08:12:16.417,1.10384,1.10385,750000,500000
2019.09.05 08:12:17.552,1.10383,1.10385,750000,1120000
2019.09.05 08:12:18.131,1.10385,1.10386,750000,750000
2019.09.05 08:12:20.097,1.10385,1.10387,1760000,750000
2019.09.05 08:12:20.520,1.10384,1.10387,2510000,940000
2019.09.05 08:12:26.637,1.10383,1.10387,3190000,1200000
2019.09.05 08:12:27.244,1.10384,1.10387,1870000,500000
2019.09.05 08:12:27.395,1.10383,1.10387,1870000,2140000
2019.09.05 08:12:28.805,1.10383,1.10386,750000,1950000
2019.09.05 08:12:30.402,1.10383,1.10387,3260000,1500000
2019.09.05 08:12:30.939,1.10383,1.10386,500000,1120000
2019.09.05 08:12:31.041,1.10383,1.10387,3260000,1870000
2019.09.05 08:12:32.299,1.10383,1.10386,500000,2060000
2019.09.05 08:12:32.400,1.10383,1.10387,4570000,2060000
2019.09.05 08:12:32.637,1.10383,1.10385,500000,2120000
2019.09.05 08:12:32.715,1.10383,1.10387,4760000,2120000
2019.09.05 08:12:33.596,1.10383,1.10386,500000,2120000
2019.09.05 08:12:35.109,1.10383,1.10386,750000,500000
2019.09.05 08:12:35.210,1.10383,1.10385,500000,500000
2019.09.05 08:12:35.311,1.10383,1.10387,5140000,1120000
2019.09.05 08:12:37.690,1.10383,1.10386,750000,940000
2019.09.05 08:12:38.022,1.10383,1.10387,3070000,940000
2019.09.05 08:12:41.066,1.10383,1.10385,500000,940000
2019.09.05 08:12:41.167,1.10383,1.10384,750000,1120000
2019.09.05 08:12:41.269,1.10382,1.10384,1120000,1870000
2019.09.05 08:12:42.364,1.10381,1.10384,750000,2810000
2019.09.05 08:12:45.107,1.10382,1.10385,1760000,1120000
2019.09.05 08:12:45.208,1.10383,1.10385,1200000,2060000
2019.09.05 08:12:49.282,1.10383,1.10386,750000,1310000
2019.09.05 08:12:51.038,1.10384,1.10386,1200000,750000
2019.09.05 08:12:51.847,1.10382,1.10387,2320000,3620000
2019.09.05 08:12:54.606,1.10383,1.10386,500000,2060000
2019.09.05 08:12:55.163,1.10383,1.10387,1950000,560000
2019.09.05 08:12:55.264,1.10384,1.10387,1950000,750000
2019.09.05 08:12:55.365,1.10383,1.10387,600000,3560000
2019.09.05 08:12:56.367,1.10383,1.10387,600000,1750000
2019.09.05 08:12:56.468,1.10383,1.10387,500000,1750000
2019.09.05 08:12:58.198,1.10383,1.10386,750000,2870000
2019.09.05 08:12:59.274,1.10385,1.10386,500000,560000
2019.09.05 08:12:59.377,1.10385,1.10387,500000,560000
2019.09.05 08:12:59.479,1.10387,1.10389,1570000,2500000
2019.09.05 08:12:59.590,1.10387,1.1039,5200000,2060000
2019.09.05 08:12:59.692,1.10387,1.1039,1570000,2060000
2019.09.05 08:12:59.793,1.10386,1.10389,2440000,3250000
2019.09.05 08:12:59.996,1.10386,1.10389,1570000,2060000
2019.09.05 08:13:00.876,1.10387,1.10389,1200000,750000
2019.09.05 08:13:01.788,1.10386,1.10389,1950000,940000
2019.09.05 08:13:03.944,1.10387,1.10389,1120000,1690000
2019.09.05 08:13:04.046,1.10386,1.10388,940000,560000
2019.09.05 08:13:04.298,1.10385,1.10387,750000,4370000
2019.09.05 08:13:04.400,1.10385,1.10387,600000,1500000
2019.09.05 08:13:04.523,1.10384,1.10387,1310000,1500000
2019.09.05 08:13:04.626,1.10383,1.10386,1950000,1690000
2019.09.05 08:13:04.778,1.10383,1.10385,500000,2440000
2019.09.05 08:13:04.981,1.10382,1.10383,750000,500000
2019.09.05 08:13:05.083,1.10381,1.10383,1200000,750000
2019.09.05 08:13:05.185,1.1038,1.10382,500000,500000
2019.09.05 08:13:05.309,1.1038,1.10383,1390000,500000
2019.09.05 08:13:05.758,1.1038,1.10383,1450000,560000
2019.09.05 08:13:06.096,1.1038,1.10383,1390000,1000000
2019.09.05 08:13:07.667,1.10379,1.10383,1450000,3250000
2019.09.05 08:13:09.174,1.10381,1.10383,1370000,750000
2019.09.05 08:13:09.276,1.10382,1.10383,600000,750000
2019.09.05 08:13:09.426,1.10381,1.10383,750000,1310000
2019.09.05 08:13:11.269,1.1038,1.10381,1690000,1500000
2019.09.05 08:13:11.320,1.10378,1.10379,750000,560000
2019.09.05 08:13:11.370,1.10377,1.10379,2060000,560000
2019.09.05 08:13:11.472,1.10375,1.10379,2570000,2620000
2019.09.05 08:13:11.744,1.10375,1.10379,2570000,3620000
2019.09.05 08:13:12.047,1.10375,1.10379,4070000,4120000
2019.09.05 08:13:12.210,1.10375,1.10379,1010000,2810000
2019.09.05 08:13:12.311,1.10376,1.10379,940000,750000
2019.09.05 08:13:12.448,1.10377,1.1038,1750000,1500000
2019.09.05 08:13:12.857,1.10378,1.1038,750000,750000
2019.09.05 08:13:12.958,1.10377,1.1038,500000,3190000
2019.09.05 08:13:13.416,1.10378,1.1038,1750000,750000
2019.09.05 08:13:13.518,1.10376,1.1038,1820000,1870000
2019.09.05 08:13:13.619,1.10378,1.10379,560000,3750000
2019.09.05 08:13:13.823,1.10377,1.1038,3250000,750000
2019.09.05 08:13:13.924,1.10376,1.10379,500000,4760000
2019.09.05 08:13:14.025,1.10376,1.1038,750000,3190000
2019.09.05 08:13:14.260,1.10377,1.1038,1200000,750000
2019.09.05 08:13:14.361,1.10376,1.1038,1120000,3940000
2019.09.05 08:13:14.462,1.10378,1.1038,750000,750000
2019.09.05 08:13:15.015,1.10379,1.10381,600000,750000
2019.09.05 08:13:15.116,1.10379,1.10382,1760000,750000
2019.09.05 08:13:18.946,1.10379,1.10381,600000,1500000
2019.09.05 08:13:19.088,1.10379,1.10382,1310000,1500000
2019.09.05 08:13:19.310,1.10382,1.10384,2190000,4500000
2019.09.05 08:13:19.412,1.10384,1.10387,3190000,1500000
2019.09.05 08:13:20.171,1.10386,1.10387,600000,750000
2019.09.05 08:13:20.273,1.10385,1.10387,500000,1500000
2019.09.05 08:13:20.424,1.10385,1.10388,2440000,2440000
2019.09.05 08:13:20.884,1.10385,1.10387,600000,2440000
2019.09.05 08:13:21.188,1.10385,1.10388,1760000,1500000
2019.09.05 08:13:21.541,1.10385,1.10387,750000,1500000
2019.09.05 08:13:22.074,1.10386,1.10387,750000,750000
2019.09.05 08:13:23.217,1.10385,1.10387,500000,1500000
2019.09.05 08:13:23.368,1.10386,1.10388,2510000,750000
2019.09.05 08:13:23.865,1.10384,1.10387,2870000,1500000
2019.09.05 08:13:23.967,1.10384,1.10385,1200000,750000
2019.09.05 08:13:24.740,1.10384,1.10386,940000,750000
2019.09.05 08:13:25.386,1.10383,1.10386,940000,1870000
2019.09.05 08:13:25.537,1.10384,1.10386,560000,750000
2019.09.05 08:13:25.747,1.10383,1.10386,560000,2620000
2019.09.05 08:13:26.742,1.10383,1.10385,500000,1120000
2019.09.05 08:13:27.574,1.10383,1.10386,1310000,1870000
2019.09.05 08:13:27.777,1.10383,1.10385,500000,1870000
2019.09.05 08:13:27.878,1.10383,1.10386,1760000,2620000
2019.09.05 08:13:28.232,1.10382,1.10384,500000,2250000
2019.09.05 08:13:28.333,1.10381,1.10384,500000,3190000
2019.09.05 08:13:28.434,1.10382,1.10383,500000,750000
2019.09.05 08:13:28.535,1.10382,1.10384,820000,750000
2019.09.05 08:13:28.637,1.10382,1.10383,500000,750000
2019.09.05 08:13:28.738,1.10382,1.10385,1760000,750000
2019.09.05 08:13:28.941,1.10384,1.10385,750000,750000
2019.09.05 08:13:29.093,1.10382,1.10385,560000,1500000
2019.09.05 08:13:29.963,1.10382,1.10385,1890000,750000
2019.09.05 08:13:30.064,1.10382,1.10385,1760000,750000
2019.09.05 08:13:30.165,1.10382,1.10385,1890000,750000
2019.09.05 08:13:30.266,1.10383,1.10386,560000,750000
2019.09.05 08:13:30.633,1.10383,1.10386,1070000,750000
2019.09.05 08:13:31.757,1.10383,1.10386,500000,940000
2019.09.05 08:13:32.413,1.10384,1.10387,2440000,1870000
2019.09.05 08:13:32.464,1.10386,1.10387,1870000,1500000
2019.09.05 08:13:32.515,1.10388,1.1039,2060000,940000
2019.09.05 08:13:32.640,1.10387,1.1039,2810000,6750000
2019.09.05 08:13:32.742,1.10387,1.1039,1140000,6750000
2019.09.05 08:13:32.843,1.10387,1.1039,2510000,3000000
2019.09.05 08:13:33.074,1.10388,1.1039,560000,750000
2019.09.05 08:13:34.147,1.10387,1.10389,750000,1120000
2019.09.05 08:13:34.555,1.10386,1.10388,750000,1370000
2019.09.05 08:13:35.617,1.10388,1.1039,1690000,750000
2019.09.05 08:13:37.145,1.10388,1.1039,1200000,750000
2019.09.05 08:13:37.625,1.10387,1.1039,2060000,750000
2019.09.05 08:13:37.776,1.10388,1.1039,940000,750000
2019.09.05 08:13:37.878,1.10387,1.1039,1690000,1500000
2019.09.05 08:13:41.685,1.10387,1.10389,1870000,750000
2019.09.05 08:13:41.786,1.10386,1.10389,2700000,940000
2019.09.05 08:13:41.989,1.10386,1.10388,600000,940000
2019.09.05 08:13:42.090,1.10386,1.10389,1120000,940000
2019.09.05 08:13:42.834,1.10386,1.10388,500000,1310000
2019.09.05 08:13:43.864,1.10386,1.10389,2060000,750000
2019.09.05 08:13:44.292,1.10386,1.10388,600000,750000
2019.09.05 08:13:45.186,1.10387,1.10389,750000,750000
2019.09.05 08:13:45.288,1.10387,1.1039,640000,750000
2019.09.05 08:13:46.646,1.10387,1.10389,600000,1500000
2019.09.05 08:13:46.748,1.10387,1.10389,1750000,750000
2019.09.05 08:13:46.849,1.10386,1.10389,1820000,2060000
2019.09.05 08:13:46.950,1.10386,1.10389,820000,1690000
2019.09.05 08:13:47.663,1.10387,1.10389,500000,940000
2019.09.05 08:13:50.717,1.10386,1.10387,1120000,1120000
2019.09.05 08:13:50.768,1.10381,1.10383,2620000,940000
2019.09.05 08:13:50.818,1.10379,1.10381,1120000,940000
2019.09.05 08:13:50.920,1.10377,1.1038,1310000,1000000
2019.09.05 08:13:51.021,1.10377,1.1038,3250000,940000
2019.09.05 08:13:51.224,1.10377,1.1038,1120000,2060000
2019.09.05 08:13:51.358,1.10377,1.10381,1760000,3940000
2019.09.05 08:13:51.460,1.10377,1.1038,500000,4010000
2019.09.05 08:13:51.561,1.10377,1.10381,1010000,3940000
2019.09.05 08:13:51.714,1.10379,1.10381,1010000,750000
2019.09.05 08:13:52.321,1.1038,1.10381,500000,750000
2019.09.05 08:13:52.427,1.10379,1.10382,1760000,4500000
2019.09.05 08:13:52.529,1.1038,1.10382,1310000,500000
2019.09.05 08:13:54.140,1.10379,1.10382,1310000,1500000
2019.09.05 08:13:56.922,1.10379,1.10381,500000,1870000
2019.09.05 08:13:57.931,1.10379,1.10382,940000,1500000
2019.09.05 08:14:00.215,1.10379,1.10382,1750000,1500000
2019.09.05 08:14:00.317,1.10378,1.10381,560000,2620000
2019.09.05 08:14:00.418,1.10379,1.10381,560000,750000
2019.09.05 08:14:00.987,1.10379,1.1038,500000,750000
2019.09.05 08:14:01.975,1.10378,1.10379,500000,750000
2019.09.05 08:14:02.113,1.10378,1.1038,1010000,750000
2019.09.05 08:14:02.921,1.10378,1.10381,750000,2060000
2019.09.05 08:14:03.022,1.1038,1.10382,560000,750000
2019.09.05 08:14:03.834,1.10379,1.10382,3940000,1120000
2019.09.05 08:14:05.111,1.10378,1.1038,1690000,500000
2019.09.05 08:14:05.253,1.10375,1.10378,940000,2120000
2019.09.05 08:14:05.965,1.10375,1.10377,500000,2500000
2019.09.05 08:14:06.066,1.10375,1.10379,4070000,2870000
2019.09.05 08:14:06.324,1.10375,1.10377,600000,2500000
2019.09.05 08:14:06.425,1.10375,1.10378,560000,1750000
2019.09.05 08:14:06.729,1.10375,1.10377,500000,1750000
2019.09.05 08:14:06.830,1.10375,1.10378,1010000,1750000
2019.09.05 08:14:09.094,1.10375,1.10378,1750000,750000
2019.09.05 08:14:09.195,1.10373,1.10377,3560000,1120000
2019.09.05 08:14:09.302,1.10371,1.10374,1760000,750000
2019.09.05 08:14:09.403,1.10371,1.10373,500000,1500000
2019.09.05 08:14:09.505,1.10372,1.10374,750000,750000
2019.09.05 08:14:09.910,1.10373,1.10375,600000,750000
2019.09.05 08:14:10.062,1.10375,1.10376,500000,940000
2019.09.05 08:14:10.163,1.10375,1.10377,640000,940000
2019.09.05 08:14:13.513,1.10375,1.10379,1310000,2510000
2019.09.05 08:14:13.564,1.10377,1.10381,5970000,1120000
2019.09.05 08:14:13.685,1.10377,1.1038,940000,4950000
2019.09.05 08:14:14.090,1.10376,1.1038,940000,3260000
2019.09.05 08:14:14.241,1.10376,1.1038,1750000,2700000
2019.09.05 08:14:14.342,1.10377,1.1038,5200000,750000
2019.09.05 08:14:14.805,1.10376,1.10379,3190000,1120000
2019.09.05 08:14:15.540,1.10375,1.10379,1310000,4010000
2019.09.05 08:14:15.641,1.10377,1.1038,1750000,2510000
2019.09.05 08:14:15.894,1.10377,1.1038,1750000,2910000
2019.09.05 08:14:16.374,1.10377,1.10381,3260000,2540000
2019.09.05 08:14:16.526,1.10377,1.1038,2060000,1120000
2019.09.05 08:14:16.627,1.10377,1.10379,500000,1870000
2019.09.05 08:14:16.729,1.10377,1.10381,1390000,2620000
2019.09.05 08:14:16.831,1.10377,1.1038,1370000,2140000
2019.09.05 08:14:17.354,1.10377,1.10378,750000,750000
2019.09.05 08:14:17.576,1.10376,1.10378,750000,2320000
2019.09.05 08:14:17.678,1.10376,1.10379,2890000,2320000
2019.09.05 08:14:20.314,1.10379,1.1038,1870000,1500000
2019.09.05 08:14:20.517,1.10377,1.1038,1310000,1200000
2019.09.05 08:14:20.717,1.10377,1.10381,4070000,2350000
2019.09.05 08:14:20.818,1.10377,1.10381,1000000,2320000
2019.09.05 08:14:20.919,1.10378,1.10382,4450000,750000
2019.09.05 08:14:21.021,1.10378,1.10382,2200000,1970000
2019.09.05 08:14:21.172,1.10378,1.10382,4000000,600000
2019.09.05 08:14:21.274,1.10379,1.10382,4450000,750000
2019.09.05 08:14:25.842,1.10378,1.1038,750000,3470000
2019.09.05 08:14:25.943,1.10378,1.10381,940000,2250000
2019.09.05 08:14:26.044,1.10378,1.1038,750000,2250000
2019.09.05 08:14:26.145,1.10378,1.10381,750000,2250000
2019.09.05 08:14:27.214,1.10378,1.1038,750000,750000
2019.09.05 08:14:27.316,1.10378,1.10381,500000,1500000
2019.09.05 08:14:27.670,1.10378,1.10381,4070000,820000
2019.09.05 08:14:27.773,1.10377,1.1038,1760000,750000
2019.09.05 08:14:27.874,1.10375,1.10379,2140000,3560000
2019.09.05 08:14:28.043,1.10375,1.10379,2510000,4790000
2019.09.05 08:14:28.196,1.10375,1.10379,4760000,3190000
2019.09.05 08:14:28.298,1.10375,1.10378,1500000,3190000
2019.09.05 08:14:28.399,1.10375,1.10377,750000,2810000
2019.09.05 08:14:28.552,1.10375,1.10378,750000,2810000
2019.09.05 08:14:29.365,1.10375,1.10378,750000,4760000
2019.09.05 08:14:29.467,1.10375,1.10378,750000,3640000
2019.09.05 08:14:29.635,1.10375,1.10379,1310000,3640000
2019.09.05 08:14:30.599,1.10375,1.10379,1690000,2890000
2019.09.05 08:14:36.831,1.10375,1.10378,500000,3260000
2019.09.05 08:14:39.176,1.10376,1.10377,750000,750000
2019.09.05 08:14:39.277,1.10376,1.10379,5810000,750000
2019.09.05 08:14:39.379,1.10377,1.10379,560000,2250000
2019.09.05 08:14:39.682,1.10378,1.10379,500000,750000
2019.09.05 08:14:39.733,1.10378,1.1038,2250000,750000
2019.09.05 08:14:39.911,1.10378,1.10381,1220000,1750000
2019.09.05 08:14:40.014,1.1038,1.10382,750000,500000
2019.09.05 08:14:41.263,1.1038,1.10381,750000,500000
2019.09.05 08:14:41.314,1.1038,1.10383,1120000,500000
2019.09.05 08:14:41.415,1.10381,1.10383,500000,820000
2019.09.05 08:14:41.821,1.1038,1.10382,750000,1120000
2019.09.05 08:14:41.973,1.1038,1.10383,1310000,500000
2019.09.05 08:14:42.075,1.1038,1.10383,1370000,500000
2019.09.05 08:14:52.536,1.1038,1.10381,750000,500000
2019.09.05 08:14:53.353,1.1038,1.10383,1500000,2140000
2019.09.05 08:14:53.454,1.1038,1.10382,1500000,500000
2019.09.05 08:14:54.785,1.10381,1.10383,750000,500000
2019.09.05 08:14:54.886,1.10381,1.10384,2440000,1120000
2019.09.05 08:14:56.005,1.10381,1.10383,750000,750000
2019.09.05 08:14:56.208,1.1038,1.10382,500000,1950000
2019.09.05 08:14:57.284,1.1038,1.10383,750000,2200000
2019.09.05 08:14:57.386,1.1038,1.10384,2820000,4070000
2019.09.05 08:14:59.314,1.10381,1.10384,1750000,750000
2019.09.05 08:14:59.416,1.1038,1.10384,850000,2250000
2019.09.05 08:14:59.586,1.1038,1.10384,1070000,3100000
2019.09.05 08:15:00.327,1.1038,1.10384,1070000,4570000
2019.09.05 08:15:00.428,1.1038,1.10382,1390000,500000
2019.09.05 08:15:00.530,1.10379,1.10382,1310000,1870000
2019.09.05 08:15:00.834,1.10379,1.10381,750000,1500000
2019.09.05 08:15:01.406,1.10378,1.1038,560000,500000
2019.09.05 08:15:01.608,1.10377,1.1038,1750000,1120000
2019.09.05 08:15:03.228,1.10377,1.1038,2620000,1310000
2019.09.05 08:15:03.386,1.10377,1.10379,1500000,2140000
2019.09.05 08:15:04.432,1.10378,1.10379,1500000,500000
2019.09.05 08:15:06.391,1.10377,1.10379,1500000,2510000
2019.09.05 08:15:06.654,1.10377,1.10379,1500000,3660000
2019.09.05 08:15:06.756,1.1038,1.10382,2620000,1500000
2019.09.05 08:15:06.876,1.1038,1.10383,2810000,1500000
2019.09.05 08:15:08.148,1.10381,1.10383,940000,750000
2019.09.05 08:15:09.740,1.10381,1.10384,3820000,2910000
2019.09.05 08:15:09.855,1.10381,1.10384,1370000,1690000
2019.09.05 08:15:10.362,1.10381,1.10383,1370000,750000
2019.09.05 08:15:10.463,1.10381,1.10383,2810000,1500000
2019.09.05 08:15:15.193,1.10381,1.10382,750000,750000
2019.09.05 08:15:15.328,1.1038,1.10382,750000,1200000
2019.09.05 08:15:16.621,1.1038,1.10383,940000,1950000
2019.09.05 08:15:17.341,1.1038,1.10384,2950000,3100000
2019.09.05 08:15:17.449,1.1038,1.10384,3700000,3290000
2019.09.05 08:15:17.603,1.1038,1.10384,2570000,3100000
2019.09.05 08:15:17.704,1.1038,1.10384,2510000,3100000
2019.09.05 08:15:18.909,1.1038,1.10383,500000,3100000
2019.09.05 08:15:19.060,1.1038,1.10383,500000,2320000
2019.09.05 08:15:23.503,1.10381,1.10383,1120000,750000
2019.09.05 08:15:24.419,1.10381,1.10384,560000,750000
2019.09.05 08:15:26.375,1.10381,1.10384,560000,1970000
2019.09.05 08:15:26.477,1.10382,1.10383,560000,750000
2019.09.05 08:15:29.070,1.10382,1.10384,560000,750000
2019.09.05 08:15:30.897,1.10383,1.10384,1880000,750000
2019.09.05 08:15:31.023,1.10384,1.10385,2250000,750000
2019.09.05 08:15:31.075,1.10385,1.10387,2250000,750000
2019.09.05 08:15:31.176,1.10385,1.10388,2060000,750000
2019.09.05 08:15:31.586,1.10385,1.10388,2120000,750000
2019.09.05 08:15:32.261,1.10385,1.10388,750000,2720000
2019.09.05 08:15:32.413,1.10385,1.10388,750000,1500000
2019.09.05 08:15:32.565,1.10385,1.10388,560000,1500000
2019.09.05 08:15:33.304,1.10387,1.10388,600000,750000
2019.09.05 08:15:33.609,1.10387,1.10389,1760000,750000
2019.09.05 08:15:34.211,1.10386,1.10389,2250000,1120000
2019.09.05 08:15:34.836,1.10385,1.10388,940000,2250000
2019.09.05 08:15:34.937,1.10385,1.10387,560000,1570000
2019.09.05 08:15:37.226,1.10385,1.10388,1000000,1600000
2019.09.05 08:15:37.328,1.10385,1.10388,1000000,500000
2019.09.05 08:15:37.429,1.10386,1.10388,1750000,750000
2019.09.05 08:15:42.351,1.10387,1.10389,1310000,750000
2019.09.05 08:15:43.900,1.10388,1.10389,1310000,750000
2019.09.05 08:15:44.001,1.10387,1.10389,1310000,1120000
2019.09.05 08:15:55.594,1.10388,1.1039,3750000,500000
2019.09.05 08:15:55.785,1.10386,1.1039,3620000,3450000
2019.09.05 08:15:56.372,1.10386,1.10389,1750000,3370000
2019.09.05 08:16:02.757,1.10386,1.10389,1690000,1570000
2019.09.05 08:16:04.419,1.10386,1.10388,500000,1950000
2019.09.05 08:16:05.983,1.10388,1.1039,1870000,560000
2019.09.05 08:16:06.084,1.10387,1.10391,5150000,3070000
2019.09.05 08:16:06.235,1.10387,1.10391,2810000,2890000
2019.09.05 08:16:06.336,1.10389,1.10392,1070000,1950000
2019.09.05 08:16:06.438,1.10389,1.10394,5950000,2140000
2019.09.05 08:16:06.591,1.10389,1.10394,3700000,2700000
2019.09.05 08:16:06.995,1.10389,1.10394,3320000,3260000
2019.09.05 08:16:09.154,1.10389,1.10392,600000,1570000
2019.09.05 08:16:09.205,1.10388,1.10389,940000,2320000
2019.09.05 08:16:09.306,1.10388,1.10389,750000,750000
2019.09.05 08:16:09.407,1.10388,1.1039,1310000,750000
2019.09.05 08:16:09.559,1.10388,1.10391,940000,1200000
2019.09.05 08:16:10.055,1.10389,1.10391,940000,750000
2019.09.05 08:16:10.913,1.10388,1.10391,940000,2250000
2019.09.05 08:16:11.244,1.10389,1.10392,2200000,750000
2019.09.05 08:16:12.150,1.10389,1.10392,2140000,750000
2019.09.05 08:16:12.302,1.10388,1.10392,2950000,1690000
2019.09.05 08:16:13.614,1.10387,1.1039,1000000,1760000
2019.09.05 08:16:14.019,1.10386,1.1039,2140000,2060000
2019.09.05 08:16:14.120,1.10386,1.10389,600000,2140000
2019.09.05 08:16:14.223,1.10386,1.1039,2140000,2060000
2019.09.05 08:16:14.324,1.10386,1.10389,750000,2060000
2019.09.05 08:16:14.433,1.10386,1.1039,2510000,2060000
2019.09.05 08:16:14.536,1.10386,1.1039,2570000,1870000
2019.09.05 08:16:16.229,1.10387,1.10391,4410000,1690000
2019.09.05 08:16:16.382,1.10388,1.10391,4120000,750000
2019.09.05 08:16:16.484,1.10387,1.1039,750000,5510000
2019.09.05 08:16:16.585,1.10388,1.10391,3260000,750000
2019.09.05 08:16:16.860,1.10388,1.1039,750000,750000
2019.09.05 08:16:16.962,1.10388,1.10391,2250000,750000
2019.09.05 08:16:17.063,1.10388,1.10392,4200000,2440000
2019.09.05 08:16:17.165,1.10389,1.10392,2440000,750000
2019.09.05 08:16:17.524,1.10389,1.10394,6700000,3260000
2019.09.05 08:16:18.805,1.1039,1.10393,1690000,750000
2019.09.05 08:16:18.956,1.10389,1.10393,1010000,2440000
2019.09.05 08:16:19.836,1.10389,1.10391,750000,3190000
2019.09.05 08:16:20.779,1.10389,1.10393,2060000,3640000
2019.09.05 08:16:20.880,1.1039,1.10393,2060000,750000
2019.09.05 08:16:21.445,1.1039,1.10391,750000,750000
2019.09.05 08:16:22.734,1.10389,1.10391,750000,2510000
2019.09.05 08:16:24.346,1.10388,1.10391,1870000,1570000
2019.09.05 08:16:24.447,1.10388,1.10391,4340000,750000
2019.09.05 08:16:24.548,1.10388,1.10391,750000,750000
2019.09.05 08:16:24.649,1.10389,1.10391,750000,750000
2019.09.05 08:16:30.276,1.10388,1.10392,2440000,2700000
2019.09.05 08:16:31.906,1.10388,1.1039,2250000,1500000
2019.09.05 08:16:32.108,1.10388,1.10392,4070000,2250000
2019.09.05 08:16:32.210,1.10388,1.10392,2810000,1570000
2019.09.05 08:16:33.533,1.10387,1.1039,1000000,3450000
2019.09.05 08:16:34.853,1.10387,1.10389,1450000,750000
2019.09.05 08:16:34.905,1.10385,1.10389,2870000,3450000
2019.09.05 08:16:43.325,1.10385,1.10387,1000000,750000
2019.09.05 08:16:43.436,1.10383,1.10385,750000,750000
2019.09.05 08:16:43.537,1.10385,1.10386,500000,750000
2019.09.05 08:16:43.588,1.10385,1.10387,1310000,750000
2019.09.05 08:16:46.197,1.10384,1.10388,2950000,3750000
2019.09.05 08:16:46.450,1.10383,1.10386,1450000,820000
2019.09.05 08:16:46.552,1.10383,1.10387,1390000,750000
2019.09.05 08:16:46.755,1.10384,1.10387,1390000,600000
2019.09.05 08:16:46.907,1.10383,1.10387,560000,1570000
2019.09.05 08:16:47.534,1.10384,1.10388,5970000,600000
2019.09.05 08:16:47.635,1.10383,1.10388,5200000,1570000
2019.09.05 08:16:48.072,1.10384,1.10388,5200000,750000
2019.09.05 08:16:48.274,1.10384,1.10388,4390000,750000
2019.09.05 08:16:48.496,1.10384,1.10388,4450000,750000
2019.09.05 08:16:48.774,1.10384,1.10388,4390000,750000
2019.09.05 08:16:49.174,1.10383,1.10388,3640000,2510000
2019.09.05 08:16:49.525,1.10383,1.10388,3700000,2510000
2019.09.05 08:16:49.630,1.10383,1.10388,3700000,2320000
2019.09.05 08:16:50.330,1.10383,1.10388,3320000,4820000
2019.09.05 08:16:54.385,1.10386,1.10389,2570000,600000
2019.09.05 08:16:54.842,1.10385,1.10389,2500000,1010000
2019.09.05 08:16:57.248,1.10386,1.10389,1000000,2810000
2019.09.05 08:16:57.400,1.10388,1.1039,1370000,1870000
2019.09.05 08:16:57.451,1.10389,1.10391,500000,1500000
2019.09.05 08:16:57.603,1.10389,1.10391,1450000,1500000
2019.09.05 08:16:57.755,1.10388,1.10389,940000,820000
2019.09.05 08:16:57.856,1.10387,1.1039,1750000,1120000
2019.09.05 08:16:57.957,1.10388,1.1039,940000,750000
2019.09.05 08:16:58.107,1.10387,1.10389,940000,1120000
2019.09.05 08:16:59.776,1.10386,1.10389,940000,1500000
2019.09.05 08:16:59.929,1.10385,1.10388,1000000,5510000
2019.09.05 08:17:02.356,1.10384,1.10387,1370000,2060000
2019.09.05 08:17:02.491,1.10384,1.10387,1120000,2060000
2019.09.05 08:17:03.309,1.10384,1.10387,1120000,4410000
2019.09.05 08:17:03.411,1.10384,1.10387,1310000,3000000
2019.09.05 08:17:03.551,1.10384,1.10387,2060000,3250000
2019.09.05 08:17:03.823,1.10384,1.10387,1120000,3190000
2019.09.05 08:17:03.924,1.10383,1.10385,940000,1950000
2019.09.05 08:17:04.087,1.10385,1.10387,640000,750000
2019.09.05 08:17:06.157,1.10384,1.10388,4070000,940000
2019.09.05 08:17:11.126,1.10383,1.10387,1410000,3400000
2019.09.05 08:17:11.227,1.10383,1.10385,750000,520000
2019.09.05 08:17:11.330,1.10382,1.10385,2060000,750000
2019.09.05 08:17:11.477,1.10381,1.10385,3350000,2320000
2019.09.05 08:17:11.832,1.10381,1.10385,2140000,2810000
2019.09.05 08:17:12.034,1.10381,1.10384,750000,1690000
2019.09.05 08:17:12.135,1.10381,1.10385,1760000,1690000
2019.09.05 08:17:12.237,1.10381,1.10385,1820000,1500000
2019.09.05 08:17:12.428,1.10381,1.10385,1820000,1000000
2019.09.05 08:17:13.001,1.10381,1.10385,2950000,750000
2019.09.05 08:17:13.416,1.10381,1.10385,2510000,2440000
2019.09.05 08:17:13.618,1.10381,1.10384,2870000,940000
2019.09.05 08:17:13.822,1.1038,1.10383,2120000,1390000
2019.09.05 08:17:16.304,1.1038,1.10383,2060000,940000
2019.09.05 08:17:16.406,1.1038,1.10382,500000,1690000
2019.09.05 08:17:16.507,1.1038,1.10383,2060000,940000
2019.09.05 08:17:17.325,1.1038,1.10382,940000,1690000
2019.09.05 08:17:17.427,1.10381,1.10382,940000,500000
2019.09.05 08:17:17.602,1.10382,1.10385,1570000,2250000
2019.09.05 08:17:17.703,1.10383,1.10387,4040000,1950000
2019.09.05 08:17:17.855,1.10383,1.10387,2810000,1570000
2019.09.05 08:17:18.574,1.10383,1.10386,750000,3070000
2019.09.05 08:17:20.985,1.10383,1.10385,750000,2140000
2019.09.05 08:17:21.288,1.10383,1.10385,750000,2120000
2019.09.05 08:17:21.339,1.10383,1.10387,1760000,2120000
2019.09.05 08:17:25.545,1.10383,1.10387,3260000,500000
2019.09.05 08:17:25.646,1.10383,1.10386,750000,500000
2019.09.05 08:17:25.748,1.10383,1.10387,2510000,500000
2019.09.05 08:17:27.134,1.10384,1.10387,2620000,500000
2019.09.05 08:17:28.159,1.10382,1.10387,2250000,8220000
2019.09.05 08:17:31.182,1.10383,1.10387,2720000,1760000
2019.09.05 08:17:31.334,1.10383,1.10387,3450000,940000
2019.09.05 08:17:32.469,1.10384,1.10387,2250000,750000
2019.09.05 08:17:34.182,1.10384,1.10387,750000,3660000
2019.09.05 08:17:34.760,1.10384,1.10388,3070000,2160000
2019.09.05 08:17:36.315,1.10384,1.10388,1870000,3640000
2019.09.05 08:17:36.366,1.10386,1.10388,1870000,750000
2019.09.05 08:17:36.570,1.10386,1.10388,2350000,750000
2019.09.05 08:17:37.380,1.10386,1.10388,2810000,750000
2019.09.05 08:17:37.482,1.10387,1.1039,1310000,1570000
2019.09.05 08:17:38.137,1.10387,1.10389,750000,1120000
2019.09.05 08:17:38.390,1.10387,1.1039,1310000,1120000
2019.09.05 08:17:39.044,1.10386,1.1039,3260000,2060000
2019.09.05 08:17:39.117,1.10386,1.1039,4450000,1690000
2019.09.05 08:17:40.073,1.10388,1.1039,500000,1690000
2019.09.05 08:17:40.174,1.10388,1.1039,750000,1000000
2019.09.05 08:17:40.326,1.10388,1.1039,1000000,1200000
2019.09.05 08:17:40.427,1.10388,1.1039,750000,940000
2019.09.05 08:17:40.557,1.10388,1.10389,750000,940000
2019.09.05 08:17:40.659,1.10387,1.10389,1690000,940000
2019.09.05 08:17:41.166,1.10389,1.10391,1950000,560000
2019.09.05 08:17:41.268,1.1039,1.10393,2060000,1870000
2019.09.05 08:17:42.173,1.1039,1.10392,500000,750000
2019.09.05 08:17:42.518,1.10389,1.10392,1370000,3560000
2019.09.05 08:17:42.619,1.10389,1.10392,2140000,1950000
2019.09.05 08:17:42.973,1.10389,1.10391,500000,2620000
2019.09.05 08:17:43.074,1.10389,1.10392,1310000,2700000
2019.09.05 08:17:43.752,1.1039,1.10392,1310000,500000
2019.09.05 08:17:47.040,1.10388,1.10392,1870000,2570000
2019.09.05 08:17:49.511,1.10388,1.10392,3320000,2220000
2019.09.05 08:17:49.612,1.10387,1.10389,940000,1570000
2019.09.05 08:17:49.743,1.10385,1.10389,3190000,640000
2019.09.05 08:17:49.845,1.10385,1.10388,940000,1200000
2019.09.05 08:17:50.398,1.10385,1.10389,3320000,3850000
2019.09.05 08:17:50.500,1.10385,1.10389,3320000,1870000
2019.09.05 08:17:52.212,1.10384,1.10388,560000,5510000
2019.09.05 08:17:52.317,1.10384,1.10388,560000,6290000
2019.09.05 08:17:53.226,1.10386,1.10388,940000,500000
2019.09.05 08:17:54.328,1.10385,1.10388,940000,750000
2019.09.05 08:17:56.506,1.10385,1.10388,1750000,500000
2019.09.05 08:17:56.607,1.10384,1.10387,2570000,1120000
2019.09.05 08:17:56.709,1.10383,1.10386,3190000,500000
2019.09.05 08:17:56.810,1.10383,1.10385,750000,500000
2019.09.05 08:17:56.912,1.10383,1.10386,3190000,500000
2019.09.05 08:17:57.632,1.10382,1.10386,3260000,940000
2019.09.05 08:17:58.139,1.10382,1.10385,2620000,1310000
2019.09.05 08:17:59.957,1.10383,1.10385,750000,1500000
2019.09.05 08:18:00.261,1.10382,1.10385,1500000,940000
2019.09.05 08:18:00.363,1.10382,1.10385,2950000,500000
2019.09.05 08:18:00.814,1.10382,1.10384,750000,500000
2019.09.05 08:18:01.590,1.10382,1.10384,1000000,500000
2019.09.05 08:18:02.417,1.10382,1.10385,2120000,560000
2019.09.05 08:18:03.302,1.10382,1.10385,2870000,500000
2019.09.05 08:18:03.403,1.10382,1.10385,2870000,560000
2019.09.05 08:18:04.057,1.10382,1.10385,750000,2910000
2019.09.05 08:18:04.334,1.10382,1.10385,2060000,500000
2019.09.05 08:18:04.952,1.10382,1.10385,2870000,500000
2019.09.05 08:18:05.262,1.10382,1.10385,2060000,500000
2019.09.05 08:18:05.900,1.10383,1.10385,940000,500000
2019.09.05 08:18:06.831,1.10384,1.10385,750000,500000
2019.09.05 08:18:07.547,1.10384,1.10387,1310000,1120000
2019.09.05 08:18:11.707,1.10383,1.10387,2890000,1500000
2019.09.05 08:18:13.165,1.10383,1.10387,2950000,3000000
2019.09.05 08:18:13.658,1.10383,1.10387,2140000,2250000
2019.09.05 08:18:15.144,1.10384,1.10387,2140000,500000
2019.09.05 08:18:16.645,1.10384,1.10386,4120000,500000
2019.09.05 08:18:16.782,1.10383,1.10386,1000000,2810000
2019.09.05 08:18:16.934,1.10382,1.10384,2500000,1200000
2019.09.05 08:18:16.985,1.10381,1.10383,560000,500000
2019.09.05 08:18:17.446,1.10382,1.10385,3350000,500000
2019.09.05 08:18:18.065,1.10383,1.10386,1820000,2250000
2019.09.05 08:18:18.167,1.10382,1.10386,940000,5510000
2019.09.05 08:18:18.268,1.10382,1.10386,1820000,3000000
2019.09.05 08:18:18.448,1.10382,1.10386,3700000,1500000
2019.09.05 08:18:18.550,1.10382,1.10385,5600000,500000
2019.09.05 08:18:18.702,1.10382,1.10385,2870000,1120000
2019.09.05 08:18:19.401,1.10383,1.10385,1760000,1120000
2019.09.05 08:18:19.618,1.10383,1.10386,2620000,2810000
2019.09.05 08:18:19.731,1.10384,1.10387,560000,560000
2019.09.05 08:18:20.287,1.10383,1.10388,2950000,4200000
2019.09.05 08:18:20.699,1.10383,1.10388,2890000,4390000
2019.09.05 08:18:20.853,1.10384,1.10387,750000,1570000
2019.09.05 08:18:21.310,1.10384,1.10387,750000,1970000
2019.09.05 08:18:21.411,1.10384,1.10388,2140000,750000
2019.09.05 08:18:21.715,1.10384,1.10388,4070000,750000
2019.09.05 08:18:21.867,1.10384,1.10385,750000,750000
2019.09.05 08:18:21.918,1.10383,1.10387,2510000,1500000
2019.09.05 08:18:22.885,1.10384,1.10387,2140000,500000
2019.09.05 08:18:23.866,1.10384,1.10387,3290000,1120000
2019.09.05 08:18:23.967,1.10384,1.10387,2890000,820000
2019.09.05 08:18:24.515,1.10384,1.10387,2910000,750000
2019.09.05 08:18:24.923,1.10384,1.10387,2440000,750000
2019.09.05 08:18:25.024,1.10385,1.10388,560000,750000
2019.09.05 08:18:25.075,1.10387,1.10389,1200000,2500000
2019.09.05 08:18:25.176,1.10388,1.10391,3560000,1310000
2019.09.05 08:18:25.277,1.10388,1.1039,750000,1690000
2019.09.05 08:18:25.387,1.10388,1.10391,3190000,2440000
2019.09.05 08:18:25.488,1.10388,1.10391,2440000,2500000
2019.09.05 08:18:26.382,1.10388,1.10391,940000,500000
2019.09.05 08:18:26.487,1.10387,1.10391,1070000,3000000
2019.09.05 08:18:27.439,1.10388,1.1039,940000,500000
2019.09.05 08:18:28.413,1.10389,1.10391,2140000,750000
2019.09.05 08:18:29.355,1.10388,1.10391,1760000,1120000
2019.09.05 08:18:29.407,1.10387,1.1039,2500000,2250000
2019.09.05 08:18:29.508,1.10386,1.10388,1000000,4500000
2019.09.05 08:18:29.610,1.10386,1.10388,1000000,750000
2019.09.05 08:18:29.747,1.10385,1.10388,2120000,940000
2019.09.05 08:18:32.254,1.10386,1.10388,940000,750000
2019.09.05 08:18:32.355,1.10386,1.10388,940000,1870000
2019.09.05 08:18:34.105,1.10386,1.10388,1750000,750000
2019.09.05 08:18:34.207,1.10386,1.10388,1690000,750000
2019.09.05 08:18:34.358,1.10384,1.10387,750000,2020000
2019.09.05 08:18:34.764,1.10382,1.10384,940000,1390000
2019.09.05 08:18:34.875,1.10384,1.10385,1310000,750000
2019.09.05 08:18:35.077,1.10384,1.10386,940000,750000
2019.09.05 08:18:38.688,1.10383,1.10387,2500000,1950000
2019.09.05 08:18:38.790,1.10383,1.10387,3250000,3470000
2019.09.05 08:18:38.891,1.10383,1.10387,1750000,1950000
2019.09.05 08:18:38.992,1.10383,1.10387,1750000,5720000
2019.09.05 08:18:39.094,1.10383,1.10387,1000000,2700000
2019.09.05 08:18:39.195,1.10383,1.10387,1000000,2720000
2019.09.05 08:18:39.301,1.10383,1.10387,1000000,2700000
2019.09.05 08:18:39.402,1.10383,1.10387,1000000,2720000
2019.09.05 08:18:39.503,1.10383,1.10387,1000000,6450000
2019.09.05 08:18:39.605,1.10383,1.10387,940000,2720000
2019.09.05 08:18:40.788,1.10385,1.10387,750000,750000
2019.09.05 08:18:40.889,1.10386,1.10387,750000,750000
2019.09.05 08:18:41.170,1.10386,1.10389,2060000,1200000
2019.09.05 08:18:41.714,1.10386,1.10388,750000,820000
2019.09.05 08:18:42.291,1.10386,1.10388,750000,1970000
2019.09.05 08:18:42.392,1.10386,1.10388,750000,1200000
2019.09.05 08:18:42.520,1.10387,1.10389,940000,640000
2019.09.05 08:18:42.622,1.10386,1.10389,1000000,5350000
2019.09.05 08:18:42.723,1.10386,1.10389,1000000,3070000
2019.09.05 08:18:42.774,1.10388,1.1039,1000000,600000
2019.09.05 08:18:42.875,1.10386,1.1039,1000000,4600000
2019.09.05 08:18:43.356,1.10388,1.1039,1000000,600000
2019.09.05 08:18:43.507,1.10388,1.1039,940000,600000
2019.09.05 08:18:43.862,1.10387,1.1039,940000,1760000
2019.09.05 08:18:44.003,1.10388,1.1039,940000,600000
2019.09.05 08:18:44.575,1.10387,1.1039,940000,1760000
2019.09.05 08:18:44.922,1.10387,1.10391,2120000,1790000
2019.09.05 08:18:46.240,1.10387,1.10389,750000,1220000
2019.09.05 08:18:46.341,1.10386,1.10389,750000,4600000
2019.09.05 08:18:46.684,1.10387,1.10389,940000,1220000
2019.09.05 08:18:46.837,1.10387,1.10389,1000000,1200000
2019.09.05 08:18:46.938,1.10388,1.10389,940000,600000
2019.09.05 08:18:49.655,1.10386,1.1039,1750000,3850000
2019.09.05 08:18:49.758,1.10387,1.1039,1750000,820000
2019.09.05 08:18:50.861,1.10386,1.10388,940000,2320000
2019.09.05 08:18:50.963,1.10385,1.10388,1390000,1570000
2019.09.05 08:18:51.064,1.10385,1.10388,2200000,1570000
2019.09.05 08:18:51.468,1.10385,1.10388,1390000,1570000
2019.09.05 08:18:54.066,1.10384,1.10385,750000,1570000
2019.09.05 08:18:54.117,1.10382,1.10385,2120000,3970000
2019.09.05 08:18:54.219,1.10382,1.10384,1750000,1120000
2019.09.05 08:18:54.321,1.10382,1.10385,940000,600000
2019.09.05 08:18:55.265,1.10383,1.10386,2200000,1200000
2019.09.05 08:18:55.367,1.10383,1.10386,940000,600000
2019.09.05 08:18:55.469,1.10384,1.10386,940000,1200000
2019.09.05 08:18:55.571,1.10383,1.10386,940000,600000
2019.09.05 08:18:57.326,1.10384,1.10386,940000,1220000
2019.09.05 08:18:57.465,1.10384,1.10386,940000,1200000
2019.09.05 08:18:57.729,1.10383,1.10386,940000,1200000
2019.09.05 08:18:58.537,1.10383,1.10386,2120000,820000
2019.09.05 08:18:58.643,1.10382,1.10384,1120000,1200000
2019.09.05 08:18:58.744,1.10382,1.10384,1310000,1970000
2019.09.05 08:18:58.845,1.10382,1.10384,1310000,750000
2019.09.05 08:18:59.149,1.10382,1.10386,6700000,750000
2019.09.05 08:18:59.301,1.10382,1.10385,2120000,600000
2019.09.05 08:18:59.846,1.1038,1.10384,2440000,4040000
2019.09.05 08:18:59.948,1.10381,1.10383,750000,600000
2019.09.05 08:19:00.165,1.10381,1.10383,560000,600000
2019.09.05 08:19:02.883,1.10381,1.10383,560000,1220000
2019.09.05 08:19:03.086,1.10381,1.10383,940000,1200000
2019.09.05 08:19:03.204,1.10381,1.10382,500000,1200000
2019.09.05 08:19:03.305,1.1038,1.10383,940000,3850000
2019.09.05 08:19:03.406,1.10381,1.10382,500000,600000
2019.09.05 08:19:03.608,1.10381,1.10384,1870000,3450000
2019.09.05 08:19:03.710,1.10382,1.10384,2440000,1220000
2019.09.05 08:19:03.811,1.10381,1.10384,2060000,1950000
2019.09.05 08:19:04.294,1.10382,1.10385,3190000,1950000
2019.09.05 08:19:04.395,1.10383,1.10386,2500000,3070000
2019.09.05 08:19:04.497,1.10383,1.10386,1310000,4600000
2019.09.05 08:19:04.598,1.10383,1.10386,1310000,3070000
2019.09.05 08:19:04.851,1.10383,1.10386,2060000,1600000
2019.09.05 08:19:05.123,1.10383,1.10386,2060000,1570000
2019.09.05 08:19:05.536,1.10384,1.10386,940000,1200000
2019.09.05 08:19:07.554,1.10383,1.10387,2500000,1570000
2019.09.05 08:19:07.655,1.10384,1.10386,940000,820000
2019.09.05 08:19:07.780,1.10384,1.10387,1690000,1950000
2019.09.05 08:19:08.244,1.10385,1.10387,750000,750000
2019.09.05 08:19:08.346,1.10386,1.10388,940000,1200000
2019.09.05 08:19:08.569,1.10386,1.10389,3190000,1570000
2019.09.05 08:19:08.671,1.10386,1.10389,2810000,2350000
2019.09.05 08:19:08.795,1.10386,1.10389,2870000,2350000
2019.09.05 08:19:08.949,1.10386,1.10389,1750000,1570000
2019.09.05 08:19:12.760,1.10386,1.10389,750000,3260000
2019.09.05 08:19:12.811,1.10387,1.10389,750000,1750000
2019.09.05 08:19:12.932,1.10388,1.10391,5870000,640000
2019.09.05 08:19:13.084,1.10387,1.1039,1010000,2320000
2019.09.05 08:19:13.185,1.10388,1.1039,1690000,750000
2019.09.05 08:19:13.287,1.10387,1.1039,940000,1570000
2019.09.05 08:19:13.439,1.10387,1.1039,2500000,1570000
2019.09.05 08:19:13.960,1.10387,1.1039,1310000,2320000
2019.09.05 08:19:14.444,1.10387,1.1039,2120000,820000
2019.09.05 08:19:14.596,1.10386,1.1039,2120000,2320000
2019.09.05 08:19:14.704,1.10387,1.1039,3700000,600000
2019.09.05 08:19:14.806,1.10386,1.1039,2870000,4570000
2019.09.05 08:19:15.498,1.10387,1.1039,940000,820000
2019.09.05 08:19:15.878,1.10386,1.1039,1310000,4760000
2019.09.05 08:19:15.980,1.10386,1.1039,2120000,1570000
2019.09.05 08:19:16.333,1.10387,1.10389,1690000,750000
2019.09.05 08:19:16.435,1.10386,1.10389,1690000,3070000
2019.09.05 08:19:16.637,1.10386,1.10389,940000,3100000
2019.09.05 08:19:16.739,1.10387,1.1039,2060000,600000
2019.09.05 08:19:17.145,1.10386,1.10389,560000,2320000
2019.09.05 08:19:18.181,1.10386,1.1039,2870000,2890000
2019.09.05 08:19:18.282,1.10386,1.1039,3620000,4570000
2019.09.05 08:19:18.758,1.10387,1.1039,3620000,600000
2019.09.05 08:19:19.902,1.10386,1.10389,940000,2620000
2019.09.05 08:19:20.003,1.10386,1.10389,1370000,1200000
2019.09.05 08:19:20.307,1.10386,1.10389,1000000,1390000
2019.09.05 08:19:20.764,1.10386,1.1039,6700000,1570000
2019.09.05 08:19:20.960,1.10386,1.10389,1750000,820000
2019.09.05 08:19:21.061,1.10385,1.10387,500000,6450000
2019.09.05 08:19:21.213,1.10385,1.10389,3250000,6000000
2019.09.05 08:19:21.656,1.10385,1.10389,3620000,6070000
2019.09.05 08:19:22.875,1.10385,1.10389,7750000,6070000
2019.09.05 08:19:30.022,1.10385,1.10388,940000,3100000
2019.09.05 08:19:30.124,1.10384,1.10386,2870000,500000
2019.09.05 08:19:30.226,1.10382,1.10385,3190000,1200000
2019.09.05 08:19:30.377,1.10382,1.10385,4750000,600000
2019.09.05 08:19:30.547,1.10381,1.10385,4750000,3820000
2019.09.05 08:19:30.749,1.10381,1.10384,2500000,1200000
2019.09.05 08:19:33.808,1.10382,1.10384,3560000,750000
2019.09.05 08:19:33.909,1.10381,1.10384,2440000,1390000
2019.09.05 08:19:34.491,1.10382,1.10385,940000,2250000
2019.09.05 08:19:34.592,1.10382,1.10385,1000000,1390000
2019.09.05 08:19:34.845,1.10383,1.10386,1750000,750000
2019.09.05 08:19:35.450,1.10384,1.10386,3250000,750000
2019.09.05 08:19:35.552,1.10383,1.10387,2950000,2320000
2019.09.05 08:19:36.058,1.10383,1.10387,7750000,4120000
2019.09.05 08:19:36.844,1.10384,1.10386,750000,3750000
2019.09.05 08:19:37.737,1.10382,1.10387,4370000,3450000
2019.09.05 08:19:37.986,1.10383,1.10387,3700000,3450000
2019.09.05 08:19:39.690,1.10383,1.10386,3920000,4200000
2019.09.05 08:19:39.842,1.10382,1.10385,3550000,610000
2019.09.05 08:19:39.944,1.10383,1.10385,940000,3750000
2019.09.05 08:19:40.667,1.10383,1.10385,1000000,3750000
2019.09.05 08:19:40.951,1.10382,1.10385,2870000,3000000
2019.09.05 08:19:41.221,1.10383,1.10385,1690000,750000
2019.09.05 08:19:44.608,1.10383,1.10386,1120000,4500000
2019.09.05 08:19:45.670,1.10383,1.10386,2500000,1120000
2019.09.05 08:19:45.822,1.10382,1.10385,2120000,500000
2019.09.05 08:19:46.760,1.10381,1.10383,500000,1950000
2019.09.05 08:19:48.844,1.10381,1.10385,4000000,1570000
2019.09.05 08:19:49.807,1.10381,1.10383,750000,1570000
2019.09.05 08:19:51.406,1.10382,1.10383,750000,1200000
2019.09.05 08:19:52.456,1.10381,1.10383,750000,1570000
2019.09.05 08:19:53.606,1.10382,1.10383,750000,1200000
2019.09.05 08:19:53.707,1.10381,1.10383,750000,1200000
2019.09.05 08:19:53.909,1.10381,1.10383,750000,1970000
2019.09.05 08:19:54.011,1.10381,1.10383,750000,1950000
2019.09.05 08:19:54.883,1.10383,1.10385,560000,500000
2019.09.05 08:19:56.155,1.10383,1.10385,2500000,500000
2019.09.05 08:19:56.256,1.10382,1.10384,560000,500000
2019.09.05 08:19:56.762,1.10382,1.10385,1690000,1200000
2019.09.05 08:19:57.806,1.10383,1.10386,2120000,1200000
2019.09.05 08:19:57.907,1.10382,1.10386,2120000,2320000
2019.09.05 08:19:59.303,1.10382,1.10386,2120000,3850000
2019.09.05 08:19:59.404,1.10382,1.10386,2870000,3070000
2019.09.05 08:20:00.549,1.10382,1.10386,2060000,4450000
2019.09.05 08:20:00.651,1.10383,1.10386,1370000,1970000
2019.09.05 08:20:00.752,1.10383,1.10386,2120000,750000
2019.09.05 08:20:00.891,1.10383,1.10386,750000,8540000
2019.09.05 08:20:01.094,1.10383,1.10386,750000,4010000
2019.09.05 08:20:01.257,1.10383,1.10387,560000,4040000
2019.09.05 08:20:01.459,1.10384,1.10387,560000,1220000
2019.09.05 08:20:01.561,1.10384,1.10387,560000,750000
2019.09.05 08:20:01.796,1.10383,1.10387,560000,4010000
2019.09.05 08:20:02.333,1.10384,1.10388,4820000,750000
2019.09.05 08:20:02.603,1.10383,1.10388,2570000,4390000
2019.09.05 08:20:02.773,1.10383,1.10385,2440000,750000
2019.09.05 08:20:03.326,1.10382,1.10384,500000,750000
2019.09.05 08:20:03.643,1.10381,1.10385,3320000,3000000
2019.09.05 08:20:06.196,1.1038,1.10383,750000,5140000
2019.09.05 08:20:08.089,1.1038,1.10381,3750000,1870000
2019.09.05 08:20:08.191,1.1038,1.10382,1690000,1500000
2019.09.05 08:20:15.286,1.10379,1.10382,2440000,1120000
2019.09.05 08:20:15.424,1.10379,1.10381,750000,1950000
2019.09.05 08:20:15.753,1.1038,1.10381,750000,750000
2019.09.05 08:20:15.984,1.10379,1.10381,750000,1950000
2019.09.05 08:20:17.797,1.1038,1.10381,750000,750000
2019.09.05 08:20:18.284,1.10379,1.10381,750000,2700000
2019.09.05 08:20:18.394,1.10379,1.10382,940000,2700000
2019.09.05 08:20:19.000,1.1038,1.10382,940000,750000
2019.09.05 08:20:19.287,1.10379,1.10382,940000,2320000
2019.09.05 08:20:19.522,1.10379,1.10383,6560000,3260000
2019.09.05 08:20:21.295,1.10379,1.10382,500000,3260000
2019.09.05 08:20:22.301,1.1038,1.10382,500000,500000
2019.09.05 08:20:23.833,1.1038,1.10381,940000,500000
2019.09.05 08:20:23.934,1.10379,1.1038,750000,750000
2019.09.05 08:20:24.036,1.1038,1.10382,3750000,750000
2019.09.05 08:20:24.138,1.10379,1.1038,1500000,1120000
2019.09.05 08:20:24.189,1.10377,1.10379,1120000,2140000
2019.09.05 08:20:24.392,1.10376,1.1038,3370000,4010000
2019.09.05 08:20:24.494,1.10377,1.10379,1120000,1500000
2019.09.05 08:20:25.760,1.10377,1.1038,1120000,2540000
2019.09.05 08:20:25.861,1.10377,1.10379,750000,2060000
2019.09.05 08:20:25.962,1.10377,1.1038,750000,1690000
2019.09.05 08:20:26.860,1.10378,1.1038,750000,500000
2019.09.05 08:20:26.961,1.10378,1.10381,2320000,1570000
2019.09.05 08:20:27.475,1.10378,1.10381,2250000,4790000
2019.09.05 08:20:27.577,1.10378,1.10382,750000,5140000
2019.09.05 08:20:27.678,1.10379,1.10382,750000,750000
2019.09.05 08:20:28.082,1.10379,1.10383,2890000,1500000
2019.09.05 08:20:29.265,1.10379,1.10382,750000,2140000
2019.09.05 08:20:29.367,1.1038,1.10383,7690000,750000
2019.09.05 08:20:29.569,1.1038,1.10384,2060000,2890000
2019.09.05 08:20:29.671,1.10381,1.10384,2060000,1200000
2019.09.05 08:20:29.958,1.10382,1.10384,1310000,500000
2019.09.05 08:20:30.262,1.10381,1.10384,940000,600000
2019.09.05 08:20:30.363,1.10381,1.10383,750000,600000
2019.09.05 08:20:30.767,1.10382,1.10383,750000,600000
2019.09.05 08:20:30.890,1.10381,1.10384,2440000,1120000
2019.09.05 08:20:31.294,1.1038,1.10381,940000,2320000
2019.09.05 08:20:31.345,1.1037,1.10373,1500000,3250000
2019.09.05 08:20:31.396,1.10369,1.1037,1500000,820000
2019.09.05 08:20:31.447,1.10366,1.10369,1870000,1010000
2019.09.05 08:20:31.689,1.10367,1.1037,1410000,500000
2019.09.05 08:20:31.791,1.10367,1.10371,5510000,560000
2019.09.05 08:20:31.892,1.10367,1.1037,1570000,560000
2019.09.05 08:20:32.196,1.10367,1.1037,1070000,560000
2019.09.05 08:20:34.109,1.10366,1.10368,500000,1000000
2019.09.05 08:20:34.216,1.10366,1.10369,2810000,1000000
2019.09.05 08:20:34.513,1.10366,1.10368,500000,1000000
2019.09.05 08:20:34.564,1.1037,1.10371,2320000,2440000
2019.09.05 08:20:34.665,1.10373,1.10375,1390000,500000
2019.09.05 08:20:34.817,1.10372,1.10375,2810000,1870000
2019.09.05 08:20:34.919,1.10371,1.10373,750000,600000
2019.09.05 08:20:35.057,1.1037,1.10373,750000,1690000
2019.09.05 08:20:35.310,1.10371,1.10373,1500000,500000
2019.09.05 08:20:35.412,1.1037,1.10373,1870000,1310000
2019.09.05 08:20:35.586,1.10369,1.10371,750000,750000
2019.09.05 08:20:36.186,1.10368,1.1037,1750000,500000
2019.09.05 08:20:36.288,1.10366,1.10369,1310000,3320000
2019.09.05 08:20:36.842,1.10366,1.10369,1690000,1120000
2019.09.05 08:20:37.093,1.10367,1.10369,750000,600000
2019.09.05 08:20:37.370,1.10366,1.10369,750000,5140000
2019.09.05 08:20:37.471,1.10367,1.1037,750000,940000
2019.09.05 08:20:37.978,1.10367,1.10371,3260000,1690000
2019.09.05 08:20:38.088,1.10367,1.1037,750000,4690000
2019.09.05 08:20:38.191,1.10368,1.10371,750000,2060000
2019.09.05 08:20:39.223,1.10365,1.10366,1690000,5250000
2019.09.05 08:20:39.303,1.10361,1.10363,1970000,1500000
2019.09.05 08:20:39.360,1.10356,1.10358,500000,1500000
2019.09.05 08:20:39.462,1.10355,1.10357,500000,1760000
2019.09.05 08:20:39.563,1.10354,1.10357,1310000,4870000
2019.09.05 08:20:39.665,1.10354,1.10358,5220000,940000
2019.09.05 08:20:39.867,1.10354,1.10358,4010000,940000
2019.09.05 08:20:40.344,1.10354,1.10358,3860000,1310000
2019.09.05 08:20:40.474,1.10354,1.10358,3790000,1310000
2019.09.05 08:20:40.575,1.10354,1.10357,500000,940000
2019.09.05 08:20:41.301,1.10354,1.10357,1870000,940000
2019.09.05 08:20:41.606,1.10354,1.10357,750000,940000
2019.09.05 08:20:42.236,1.10355,1.10357,1500000,1690000
2019.09.05 08:20:43.985,1.10356,1.10357,1500000,1120000
2019.09.05 08:20:44.086,1.10358,1.10359,1500000,820000
2019.09.05 08:20:44.188,1.10359,1.10361,750000,750000
2019.09.05 08:20:44.826,1.10358,1.10361,750000,4760000
2019.09.05 08:20:45.129,1.10358,1.10362,940000,5910000
2019.09.05 08:20:45.281,1.10359,1.10361,750000,1950000
2019.09.05 08:20:45.962,1.1036,1.10361,750000,820000
2019.09.05 08:20:46.063,1.1036,1.10362,940000,600000
2019.09.05 08:20:46.833,1.10359,1.10362,1310000,1950000
2019.09.05 08:20:47.187,1.10359,1.10362,940000,1970000
2019.09.05 08:20:47.288,1.10359,1.10362,1690000,1200000
2019.09.05 08:20:47.749,1.10363,1.10364,750000,940000
2019.09.05 08:20:47.800,1.10364,1.10365,6940000,1310000
2019.09.05 08:20:47.851,1.10366,1.10367,750000,560000
2019.09.05 08:20:47.952,1.10366,1.10368,560000,940000
2019.09.05 08:20:50.897,1.10368,1.1037,4570000,2120000
2019.09.05 08:20:50.999,1.10369,1.10371,750000,5060000
2019.09.05 08:20:51.112,1.10371,1.10373,1120000,500000
2019.09.05 08:20:51.664,1.1037,1.10372,1000000,1120000
2019.09.05 08:20:51.715,1.10369,1.10373,2250000,1820000
2019.09.05 08:20:52.191,1.1037,1.10372,500000,560000
2019.09.05 08:20:53.072,1.1037,1.10373,4760000,1000000
2019.09.05 08:20:53.197,1.1037,1.10372,500000,560000
2019.09.05 08:20:54.339,1.10372,1.10374,1200000,1500000
2019.09.05 08:20:54.441,1.10372,1.10375,1010000,1120000
2019.09.05 08:20:54.542,1.10372,1.10375,1000000,500000
2019.09.05 08:20:54.926,1.10371,1.10375,2120000,820000
2019.09.05 08:20:55.078,1.10371,1.10375,4000000,820000
2019.09.05 08:20:56.416,1.10372,1.10374,2500000,750000
2019.09.05 08:20:56.547,1.10373,1.10376,2250000,600000
2019.09.05 08:20:56.649,1.10372,1.10376,2320000,4390000
2019.09.05 08:20:56.699,1.10374,1.10376,1500000,500000
2019.09.05 08:20:57.099,1.10373,1.10376,1500000,500000
2019.09.05 08:20:57.200,1.10372,1.10375,2620000,500000
2019.09.05 08:20:57.322,1.10374,1.10376,2250000,750000
2019.09.05 08:20:57.423,1.10375,1.10377,750000,940000
2019.09.05 08:20:58.645,1.10375,1.10378,1500000,640000
2019.09.05 08:20:59.750,1.10374,1.10378,3560000,2250000
2019.09.05 08:20:59.853,1.10374,1.10377,940000,1870000
2019.09.05 08:21:00.262,1.10374,1.10376,940000,500000
2019.09.05 08:21:00.518,1.10374,1.10376,1000000,500000
2019.09.05 08:21:00.824,1.10372,1.10376,2500000,1950000
2019.09.05 08:21:00.976,1.10373,1.10376,4000000,750000
2019.09.05 08:21:01.258,1.10373,1.10376,5120000,750000
2019.09.05 08:21:01.360,1.10372,1.10374,940000,500000
2019.09.05 08:21:01.462,1.10372,1.10373,940000,500000
2019.09.05 08:21:01.563,1.10372,1.10375,2500000,500000
2019.09.05 08:21:02.254,1.10373,1.10376,1000000,1950000
2019.09.05 08:21:02.355,1.10374,1.10376,1000000,600000
2019.09.05 08:21:02.406,1.10379,1.1038,750000,3190000
2019.09.05 08:21:02.508,1.1038,1.10382,4450000,750000
2019.09.05 08:21:02.836,1.10379,1.10382,3250000,1870000
2019.09.05 08:21:02.937,1.1038,1.10382,2500000,500000
2019.09.05 08:21:03.140,1.1038,1.10382,750000,500000
2019.09.05 08:21:03.433,1.1038,1.10382,2500000,500000
2019.09.05 08:21:04.256,1.1038,1.10382,2440000,500000
2019.09.05 08:21:06.137,1.1038,1.10383,2440000,1120000
2019.09.05 08:21:06.641,1.1038,1.10383,2500000,1120000
2019.09.05 08:21:06.743,1.10379,1.10381,940000,1120000
2019.09.05 08:21:06.863,1.10378,1.1038,560000,2250000
2019.09.05 08:21:06.914,1.10376,1.10379,820000,1760000
2019.09.05 08:21:07.016,1.10376,1.10379,4070000,500000
2019.09.05 08:21:07.219,1.10376,1.10379,4070000,560000
2019.09.05 08:21:07.935,1.10378,1.10379,2060000,500000
2019.09.05 08:21:08.037,1.10378,1.1038,940000,500000
2019.09.05 08:21:08.341,1.1038,1.10381,1500000,1310000
2019.09.05 08:21:08.392,1.10382,1.10383,820000,1120000
2019.09.05 08:21:08.442,1.10383,1.10384,600000,750000
2019.09.05 08:21:08.581,1.10383,1.10387,4820000,1500000
2019.09.05 08:21:11.124,1.10384,1.10386,1500000,940000
2019.09.05 08:21:11.226,1.10385,1.10387,750000,500000
2019.09.05 08:21:11.328,1.10385,1.10388,4760000,500000
2019.09.05 08:21:11.429,1.10385,1.10387,600000,500000
2019.09.05 08:21:12.308,1.10385,1.10388,3260000,500000
2019.09.05 08:21:14.499,1.10388,1.10389,820000,750000
2019.09.05 08:21:14.549,1.10389,1.10391,4690000,1750000
2019.09.05 08:21:14.600,1.10389,1.10392,2440000,2870000
2019.09.05 08:21:15.373,1.10391,1.10393,1820000,750000
2019.09.05 08:21:15.474,1.10389,1.10393,1820000,7100000
2019.09.05 08:21:16.099,1.10389,1.10393,1470000,3070000
2019.09.05 08:21:16.302,1.10389,1.10393,940000,2890000
2019.09.05 08:21:16.504,1.10389,1.10393,1750000,1950000
2019.09.05 08:21:16.717,1.1039,1.10393,940000,1220000
2019.09.05 08:21:16.818,1.1039,1.10393,940000,600000
2019.09.05 08:21:17.426,1.10389,1.10393,940000,6640000
2019.09.05 08:21:17.634,1.10389,1.10393,1750000,4200000
2019.09.05 08:21:18.078,1.10394,1.10395,4870000,940000
2019.09.05 08:21:18.183,1.10396,1.10398,750000,3560000
2019.09.05 08:21:18.286,1.10397,1.10399,750000,1120000
2019.09.05 08:21:18.388,1.10396,1.10399,750000,2510000
2019.09.05 08:21:18.690,1.10396,1.104,1690000,2890000
2019.09.05 08:21:18.792,1.10396,1.104,1750000,4200000
2019.09.05 08:21:18.945,1.10395,1.10398,1750000,2350000
2019.09.05 08:21:19.047,1.10395,1.10398,2950000,1200000
2019.09.05 08:21:21.925,1.10394,1.10397,1950000,1390000
2019.09.05 08:21:22.179,1.10393,1.10397,2440000,640000
2019.09.05 08:21:22.281,1.10393,1.10394,750000,560000
2019.09.05 08:21:22.383,1.10391,1.10394,2890000,500000
2019.09.05 08:21:22.485,1.1039,1.10393,600000,640000
2019.09.05 08:21:23.321,1.1039,1.10394,3320000,2350000
2019.09.05 08:21:23.422,1.1039,1.10394,3290000,1760000
2019.09.05 08:21:24.643,1.10392,1.10393,750000,1310000
2019.09.05 08:21:24.694,1.10391,1.10395,2810000,5510000
2019.09.05 08:21:24.796,1.10392,1.10395,1690000,500000
2019.09.05 08:21:25.310,1.10393,1.10395,2510000,750000
2019.09.05 08:21:25.412,1.10395,1.10398,2890000,750000
2019.09.05 08:21:25.463,1.10396,1.10398,2700000,750000
2019.09.05 08:21:25.564,1.10396,1.10398,1120000,750000
2019.09.05 08:21:25.666,1.10396,1.10397,750000,750000
2019.09.05 08:21:25.895,1.10396,1.10398,1120000,750000
2019.09.05 08:21:27.344,1.10394,1.10398,2950000,1500000
2019.09.05 08:21:28.863,1.10395,1.10397,750000,750000
2019.09.05 08:21:28.986,1.10396,1.10397,750000,750000
2019.09.05 08:21:29.189,1.10394,1.10397,750000,3640000
2019.09.05 08:21:29.745,1.10395,1.10398,2950000,560000
2019.09.05 08:21:30.634,1.10394,1.10397,4760000,750000
2019.09.05 08:21:30.735,1.10393,1.10397,4760000,1310000
2019.09.05 08:21:31.768,1.10398,1.10399,1950000,940000
2019.09.05 08:21:31.870,1.10399,1.10402,2250000,2510000
2019.09.05 08:21:31.993,1.104,1.10402,750000,750000
2019.09.05 08:21:32.095,1.10399,1.10403,1310000,1390000
2019.09.05 08:21:32.550,1.104,1.10402,750000,750000
2019.09.05 08:21:33.859,1.10399,1.10403,750000,8200000
2019.09.05 08:21:34.063,1.104,1.10403,1820000,1120000
2019.09.05 08:21:34.627,1.104,1.10403,1760000,1120000
2019.09.05 08:21:34.987,1.104,1.10403,1820000,750000
2019.09.05 08:21:36.072,1.10401,1.10403,1760000,750000
2019.09.05 08:21:37.436,1.10401,1.10404,5140000,750000
2019.09.05 08:21:37.691,1.10401,1.10403,1790000,1500000
2019.09.05 08:21:37.792,1.10402,1.10403,1310000,750000
2019.09.05 08:21:37.895,1.10403,1.10405,2510000,1500000
2019.09.05 08:21:37.999,1.10403,1.10404,750000,750000
2019.09.05 08:21:38.050,1.10403,1.10406,1570000,2060000
2019.09.05 08:21:38.556,1.10403,1.10406,940000,2870000
2019.09.05 08:21:38.849,1.10404,1.10407,1500000,2120000
2019.09.05 08:21:38.951,1.10405,1.10408,1310000,1000000
2019.09.05 08:21:39.646,1.10404,1.10408,1410000,2570000
2019.09.05 08:21:39.776,1.10404,1.10408,3640000,560000
2019.09.05 08:21:39.877,1.10403,1.10408,4410000,2120000
2019.09.05 08:21:39.979,1.10403,1.10408,5140000,2200000
2019.09.05 08:21:40.081,1.10403,1.10407,1070000,2120000
2019.09.05 08:21:40.183,1.10404,1.10405,1500000,3190000
2019.09.05 08:21:40.275,1.10406,1.10409,1000000,3370000
2019.09.05 08:21:40.326,1.10408,1.1041,1010000,1500000
2019.09.05 08:21:40.376,1.10408,1.10411,500000,1750000
2019.09.05 08:21:40.478,1.10408,1.10412,1390000,2500000
2019.09.05 08:21:40.910,1.10408,1.10412,1040000,2950000
2019.09.05 08:21:41.011,1.10409,1.10412,2060000,940000
2019.09.05 08:21:41.526,1.10411,1.10413,820000,1500000
2019.09.05 08:21:41.628,1.10413,1.10415,3750000,1200000
2019.09.05 08:21:41.746,1.10413,1.10417,1450000,1120000
2019.09.05 08:21:42.000,1.10414,1.10417,2510000,820000
2019.09.05 08:21:42.102,1.10413,1.10417,2890000,2250000
2019.09.05 08:21:42.261,1.10412,1.10416,940000,4580000
2019.09.05 08:21:42.366,1.10413,1.10417,6700000,750000
2019.09.05 08:21:43.149,1.10413,1.10417,2890000,750000
2019.09.05 08:21:43.250,1.10413,1.10417,3320000,750000
2019.09.05 08:21:45.056,1.10414,1.10417,2870000,750000
2019.09.05 08:21:45.158,1.10413,1.10417,2870000,2140000
2019.09.05 08:21:45.259,1.10413,1.10417,2810000,1010000
2019.09.05 08:21:45.365,1.10413,1.10417,3620000,1010000
2019.09.05 08:21:45.516,1.10413,1.10417,2060000,3260000
2019.09.05 08:21:45.720,1.10413,1.10417,2510000,2720000
2019.09.05 08:21:45.822,1.10413,1.10416,750000,2720000
2019.09.05 08:21:45.975,1.10413,1.10416,750000,1500000
2019.09.05 08:21:46.077,1.10412,1.10414,1500000,600000
2019.09.05 08:21:46.179,1.10411,1.10414,1500000,2140000
2019.09.05 08:21:47.005,1.10414,1.10415,1570000,940000
2019.09.05 08:21:47.107,1.10415,1.10418,5510000,750000
2019.09.05 08:21:47.209,1.10414,1.10417,1120000,5140000
2019.09.05 08:21:47.337,1.10412,1.10415,4690000,1600000
2019.09.05 08:21:47.442,1.1041,1.10412,2620000,3070000
2019.09.05 08:21:47.594,1.10409,1.10412,820000,820000
2019.09.05 08:21:47.695,1.10409,1.10411,750000,750000
2019.09.05 08:21:50.272,1.10407,1.10409,750000,2570000
2019.09.05 08:21:50.373,1.10407,1.10409,3370000,750000
2019.09.05 08:21:50.526,1.10408,1.1041,1950000,1750000
2019.09.05 08:21:50.627,1.1041,1.10411,1120000,1120000
2019.09.05 08:21:51.621,1.10408,1.10411,500000,5600000
2019.09.05 08:21:51.724,1.10408,1.1041,750000,3320000
2019.09.05 08:21:53.406,1.10411,1.10412,1500000,750000
2019.09.05 08:21:53.457,1.10412,1.10413,750000,750000
2019.09.05 08:21:53.559,1.10412,1.10415,2810000,1950000
2019.09.05 08:21:53.660,1.10412,1.10415,2870000,820000
2019.09.05 08:21:54.065,1.10413,1.10415,1870000,750000
2019.09.05 08:21:54.217,1.10412,1.10415,4750000,2160000
2019.09.05 08:21:54.319,1.10411,1.10414,2060000,2570000
2019.09.05 08:21:54.420,1.10411,1.10413,500000,1450000
2019.09.05 08:21:54.674,1.10412,1.10414,1120000,1200000
2019.09.05 08:21:54.833,1.10413,1.10416,6560000,1200000
2019.09.05 08:21:55.035,1.10412,1.10416,6560000,2320000
2019.09.05 08:21:55.338,1.10414,1.10416,1870000,1000000
2019.09.05 08:21:56.446,1.10415,1.10418,1500000,4390000
2019.09.05 08:21:56.547,1.10415,1.10418,750000,3660000
2019.09.05 08:21:56.957,1.10416,1.10419,3940000,640000
2019.09.05 08:21:57.085,1.10417,1.10419,1500000,750000
2019.09.05 08:21:57.136,1.10419,1.10421,4120000,2140000
2019.09.05 08:21:57.237,1.10419,1.10422,3940000,2700000
2019.09.05 08:21:57.440,1.10419,1.10422,4690000,2700000
2019.09.05 08:21:58.938,1.10419,1.10422,1500000,2950000
2019.09.05 08:21:59.040,1.1042,1.10423,1120000,4010000
2019.09.05 08:21:59.406,1.10421,1.10423,500000,1220000
2019.09.05 08:21:59.507,1.10421,1.10423,500000,600000
2019.09.05 08:21:59.820,1.10421,1.10423,500000,1220000
2019.09.05 08:21:59.971,1.1042,1.10423,500000,4010000
2019.09.05 08:22:00.073,1.1042,1.10422,750000,1760000
2019.09.05 08:22:00.544,1.10421,1.10422,750000,600000
2019.09.05 08:22:01.069,1.1042,1.10422,750000,2510000
2019.09.05 08:22:01.170,1.1042,1.10423,500000,2540000
2019.09.05 08:22:01.426,1.10424,1.10425,1770000,940000
2019.09.05 08:22:01.477,1.10425,1.10427,2620000,750000
2019.09.05 08:22:01.578,1.10427,1.10428,940000,750000
2019.09.05 08:22:01.680,1.10426,1.10429,2810000,2720000
2019.09.05 08:22:01.781,1.10426,1.10428,500000,1500000
2019.09.05 08:22:02.000,1.10425,1.10428,1120000,2510000
2019.09.05 08:22:02.105,1.10424,1.10425,750000,1950000
2019.09.05 08:22:02.207,1.10423,1.10425,750000,2700000
2019.09.05 08:22:02.358,1.10424,1.10425,750000,750000
2019.09.05 08:22:02.561,1.10423,1.10426,2060000,1200000
2019.09.05 08:22:03.385,1.10422,1.10426,2060000,2890000
2019.09.05 08:22:03.724,1.10423,1.10426,560000,2320000
2019.09.05 08:22:03.826,1.10424,1.10427,750000,2200000
2019.09.05 08:22:04.079,1.10423,1.10427,3560000,3660000
2019.09.05 08:22:04.232,1.10423,1.10427,3560000,3640000
2019.09.05 08:22:04.485,1.10423,1.10424,1500000,600000
2019.09.05 08:22:04.586,1.10422,1.10423,500000,750000
2019.09.05 08:22:04.694,1.10421,1.10423,500000,2320000
2019.09.05 08:22:04.796,1.10422,1.10423,500000,1200000
2019.09.05 08:22:04.897,1.10421,1.10423,500000,2510000
2019.09.05 08:22:05.150,1.1042,1.10423,750000,2140000
2019.09.05 08:22:05.301,1.1042,1.10423,750000,3700000
2019.09.05 08:22:05.553,1.1042,1.10423,750000,2140000
2019.09.05 08:22:05.919,1.1042,1.10423,940000,2200000
2019.09.05 08:22:06.222,1.1042,1.10423,940000,1200000
2019.09.05 08:22:06.323,1.10425,1.10426,10050000,940000
2019.09.05 08:22:06.375,1.10426,1.10428,2810000,750000
2019.09.05 08:22:06.426,1.10425,1.10429,3450000,1370000
2019.09.05 08:22:06.513,1.10425,1.10427,750000,3260000
2019.09.05 08:22:06.564,1.10425,1.10429,4870000,1820000
2019.09.05 08:22:06.665,1.10425,1.10428,750000,1390000
2019.09.05 08:22:06.816,1.10425,1.10428,750000,1950000
2019.09.05 08:22:07.019,1.10425,1.10428,500000,2140000
2019.09.05 08:22:07.120,1.10426,1.10428,500000,820000
2019.09.05 08:22:07.221,1.10427,1.10429,750000,750000
2019.09.05 08:22:07.414,1.10427,1.1043,3190000,600000
2019.09.05 08:22:07.618,1.10427,1.10429,1870000,600000
2019.09.05 08:22:07.719,1.10426,1.10429,1870000,1390000
2019.09.05 08:22:08.023,1.10428,1.1043,3190000,750000
2019.09.05 08:22:08.175,1.10427,1.1043,940000,1950000
2019.09.05 08:22:08.277,1.10429,1.10431,600000,750000
2019.09.05 08:22:08.378,1.10428,1.10432,640000,1690000
2019.09.05 08:22:08.479,1.10429,1.10432,500000,1310000
2019.09.05 08:22:08.682,1.1043,1.10432,500000,750000
2019.09.05 08:22:08.783,1.1043,1.10433,1950000,940000
2019.09.05 08:22:09.313,1.10429,1.10432,1500000,1820000
2019.09.05 08:22:09.415,1.10429,1.10432,1500000,1310000
2019.09.05 08:22:09.845,1.10429,1.10433,3640000,1310000
2019.09.05 08:22:10.128,1.10429,1.10432,750000,1310000
2019.09.05 08:22:10.626,1.10429,1.10433,3940000,1390000
2019.09.05 08:22:11.123,1.10429,1.10433,2440000,2160000
2019.09.05 08:22:11.224,1.1043,1.10431,750000,600000
2019.09.05 08:22:11.696,1.10429,1.10432,750000,3640000
2019.09.05 08:22:11.798,1.1043,1.10432,750000,600000
2019.09.05 08:22:11.880,1.10432,1.10434,750000,4000000
2019.09.05 08:22:11.932,1.10434,1.10437,5620000,560000
2019.09.05 08:22:12.034,1.10433,1.10435,940000,820000
2019.09.05 08:22:12.135,1.10431,1.10433,2250000,560000
2019.09.05 08:22:12.591,1.10431,1.10432,750000,500000
2019.09.05 08:22:12.692,1.10429,1.10431,500000,2950000
2019.09.05 08:22:13.205,1.10429,1.10431,500000,2140000
2019.09.05 08:22:13.407,1.10429,1.10431,500000,2120000
2019.09.05 08:22:13.509,1.10429,1.10431,500000,940000
2019.09.05 08:22:13.610,1.10427,1.10431,4040000,1200000
2019.09.05 08:22:13.661,1.10427,1.10428,750000,600000
2019.09.05 08:22:13.776,1.10426,1.10429,500000,1690000
2019.09.05 08:22:14.032,1.10426,1.1043,2810000,1950000
2019.09.05 08:22:14.335,1.10426,1.10429,3640000,500000
2019.09.05 08:22:14.386,1.10424,1.10428,1500000,4390000
2019.09.05 08:22:14.853,1.10425,1.10428,750000,940000
2019.09.05 08:22:14.954,1.10426,1.10429,2320000,1310000
2019.09.05 08:22:15.055,1.10426,1.10428,500000,1690000
2019.09.05 08:22:15.207,1.10424,1.10427,750000,2510000
2019.09.05 08:22:15.308,1.10425,1.10427,2250000,750000
2019.09.05 08:22:15.359,1.10423,1.10427,2250000,1760000
2019.09.05 08:22:15.507,1.10423,1.10426,750000,1310000
2019.09.05 08:22:15.608,1.10421,1.10425,1570000,5420000
2019.09.05 08:22:15.710,1.10422,1.10425,850000,750000
2019.09.05 08:22:15.811,1.10423,1.10425,500000,1120000
2019.09.05 08:22:16.451,1.10424,1.10425,500000,940000
2019.09.05 08:22:16.502,1.10424,1.10427,2140000,750000
2019.09.05 08:22:16.603,1.10423,1.10427,1120000,2140000
2019.09.05 08:22:17.058,1.10425,1.10427,1120000,940000
2019.09.05 08:22:17.160,1.10426,1.10428,1200000,750000
2019.09.05 08:22:17.273,1.10425,1.10428,1870000,2320000
2019.09.05 08:22:17.375,1.10424,1.10426,750000,1760000
2019.09.05 08:22:17.476,1.10424,1.10427,500000,3260000
2019.09.05 08:22:17.628,1.10424,1.10427,500000,3290000
2019.09.05 08:22:17.781,1.10424,1.10427,500000,3260000
2019.09.05 08:22:18.036,1.10424,1.10427,1120000,2540000
2019.09.05 08:22:18.197,1.10424,1.10427,1120000,1310000
2019.09.05 08:22:18.916,1.10426,1.10427,500000,1120000
2019.09.05 08:22:18.967,1.10428,1.10429,600000,500000
2019.09.05 08:22:19.113,1.10428,1.1043,2620000,750000
2019.09.05 08:22:19.215,1.10428,1.1043,750000,1450000
2019.09.05 08:22:20.914,1.10428,1.10432,3720000,1450000
2019.09.05 08:22:24.548,1.10427,1.10429,750000,820000
2019.09.05 08:22:24.751,1.10426,1.10429,750000,1310000
2019.09.05 08:22:25.152,1.10426,1.1043,1120000,2140000
2019.09.05 08:22:25.255,1.10427,1.10431,1570000,2500000
2019.09.05 08:22:25.458,1.10427,1.10431,2910000,3700000
2019.09.05 08:22:25.559,1.10427,1.10431,1690000,1820000
2019.09.05 08:22:25.660,1.10427,1.10431,1500000,2510000
2019.09.05 08:22:26.454,1.10427,1.10429,750000,2060000
2019.09.05 08:22:26.808,1.10427,1.10428,750000,750000
2019.09.05 08:22:26.988,1.10426,1.10428,1500000,1690000
2019.09.05 08:22:27.241,1.10424,1.10428,2700000,1370000
2019.09.05 08:22:28.178,1.10424,1.10426,3000000,1570000
2019.09.05 08:22:28.331,1.10423,1.10426,1870000,4100000
2019.09.05 08:22:28.637,1.10424,1.10427,3000000,1750000
2019.09.05 08:22:32.070,1.10424,1.10427,1120000,560000
2019.09.05 08:22:32.424,1.10424,1.10427,2320000,1450000
2019.09.05 08:22:33.042,1.10423,1.10427,2350000,2950000
2019.09.05 08:22:33.143,1.10423,1.10427,1870000,2570000
2019.09.05 08:22:34.642,1.10423,1.10426,750000,1310000
2019.09.05 08:22:34.805,1.10423,1.10426,1120000,2870000
2019.09.05 08:22:34.957,1.10424,1.10427,1200000,2120000
2019.09.05 08:22:37.150,1.10426,1.10427,1500000,600000
2019.09.05 08:22:37.302,1.10428,1.10429,3370000,750000
2019.09.05 08:22:37.446,1.10428,1.1043,2440000,820000
2019.09.05 08:22:37.599,1.10427,1.1043,7310000,1200000
2019.09.05 08:22:37.701,1.10427,1.1043,7690000,1970000
2019.09.05 08:22:37.803,1.10427,1.1043,7690000,1200000
2019.09.05 08:22:37.905,1.10426,1.10429,2250000,1410000
2019.09.05 08:22:38.007,1.10425,1.10428,500000,1070000
2019.09.05 08:22:38.108,1.10424,1.10428,1120000,4450000
2019.09.05 08:22:38.210,1.10425,1.10428,500000,1070000
2019.09.05 08:22:39.036,1.10428,1.1043,4790000,750000
2019.09.05 08:22:39.137,1.10428,1.10431,3320000,750000
2019.09.05 08:22:39.239,1.10428,1.10431,500000,940000
2019.09.05 08:22:40.396,1.10428,1.10431,600000,1450000
2019.09.05 08:22:40.497,1.10428,1.10431,600000,1390000
2019.09.05 08:22:42.348,1.10427,1.1043,1310000,500000
2019.09.05 08:22:42.550,1.10427,1.10431,2890000,2060000
2019.09.05 08:22:42.752,1.10428,1.10431,2890000,600000
2019.09.05 08:22:43.589,1.10427,1.10431,4310000,3640000
2019.09.05 08:22:43.894,1.10428,1.10431,2440000,750000
2019.09.05 08:22:44.300,1.10429,1.10431,3260000,750000
2019.09.05 08:22:44.434,1.10433,1.10434,3750000,2440000
2019.09.05 08:22:44.487,1.10435,1.10437,940000,750000
2019.09.05 08:22:44.589,1.10435,1.10438,1500000,940000
2019.09.05 08:22:45.686,1.10435,1.10438,2440000,2500000
2019.09.05 08:22:47.422,1.10435,1.10437,750000,2500000
2019.09.05 08:22:49.555,1.10435,1.10437,1870000,1310000
2019.09.05 08:22:51.719,1.10434,1.10436,5810000,2700000
2019.09.05 08:22:51.770,1.10432,1.10433,500000,560000
2019.09.05 08:22:51.871,1.1043,1.10432,5060000,750000
2019.09.05 08:22:51.922,1.10429,1.1043,750000,2320000
2019.09.05 08:22:52.023,1.10429,1.10431,1690000,750000
2019.09.05 08:22:52.384,1.10428,1.10431,2810000,820000
2019.09.05 08:22:52.919,1.10427,1.10431,2060000,3070000
2019.09.05 08:22:53.143,1.10428,1.1043,500000,500000
2019.09.05 08:22:54.916,1.10428,1.1043,500000,2350000
2019.09.05 08:22:55.080,1.10428,1.10431,3190000,1970000
2019.09.05 08:22:55.306,1.10428,1.10431,3000000,1390000
2019.09.05 08:22:55.953,1.10429,1.10431,3000000,750000
2019.09.05 08:22:56.055,1.10428,1.10431,3750000,750000
2019.09.05 08:22:56.156,1.10432,1.10433,2700000,1120000
2019.09.05 08:22:56.261,1.10433,1.10436,1500000,940000
2019.09.05 08:22:56.836,1.10433,1.10435,750000,2140000
2019.09.05 08:22:58.714,1.10433,1.10435,500000,1820000
2019.09.05 08:22:58.817,1.10434,1.10436,1500000,1760000
2019.09.05 08:22:59.178,1.10434,1.10436,2250000,1750000
2019.09.05 08:23:00.143,1.10435,1.10437,1500000,2140000
2019.09.05 08:23:00.783,1.10436,1.10437,750000,750000
2019.09.05 08:23:00.885,1.10436,1.10439,500000,1760000
2019.09.05 08:23:00.987,1.10436,1.1044,4010000,1690000
2019.09.05 08:23:01.405,1.10436,1.10439,1870000,940000
2019.09.05 08:23:02.351,1.10435,1.10437,500000,2320000
2019.09.05 08:23:02.452,1.10434,1.10436,500000,3190000
2019.09.05 08:23:02.884,1.10435,1.10436,500000,750000
2019.09.05 08:23:02.986,1.10434,1.10436,500000,2060000
2019.09.05 08:23:03.572,1.10438,1.1044,3000000,1500000
2019.09.05 08:23:03.623,1.1044,1.10442,1950000,750000
2019.09.05 08:23:03.674,1.10441,1.10444,5060000,1500000
2019.09.05 08:23:03.877,1.1044,1.10442,750000,5890000
2019.09.05 08:23:03.928,1.1044,1.10444,3260000,2910000
2019.09.05 08:23:04.079,1.1044,1.10444,3660000,1390000
2019.09.05 08:23:04.337,1.1044,1.10444,3190000,1010000
2019.09.05 08:23:04.674,1.1044,1.10443,2250000,750000
2019.09.05 08:23:04.776,1.10439,1.10441,750000,1500000
2019.09.05 08:23:05.079,1.10438,1.1044,2440000,1950000
2019.09.05 08:23:05.181,1.10436,1.10439,1310000,750000
2019.09.05 08:23:05.405,1.10437,1.10439,500000,2500000
2019.09.05 08:23:05.557,1.10437,1.10439,500000,2890000
2019.09.05 08:23:05.658,1.10438,1.10439,500000,750000
2019.09.05 08:23:05.996,1.10437,1.10439,500000,1390000
2019.09.05 08:23:06.202,1.10436,1.10439,500000,1690000
2019.09.05 08:23:06.304,1.10437,1.10439,500000,750000
2019.09.05 08:23:06.455,1.10438,1.10439,500000,750000
2019.09.05 08:23:06.557,1.10437,1.10439,500000,750000
2019.09.05 08:23:06.891,1.10436,1.10439,500000,3190000
2019.09.05 08:23:08.005,1.10436,1.10438,600000,750000
2019.09.05 08:23:08.107,1.10434,1.10437,2620000,6000000
2019.09.05 08:23:08.223,1.10433,1.10437,3450000,940000
2019.09.05 08:23:08.324,1.10433,1.10437,3620000,1010000
2019.09.05 08:23:09.099,1.10434,1.10436,600000,500000
2019.09.05 08:23:09.240,1.10432,1.10436,500000,7200000
2019.09.05 08:23:09.291,1.10432,1.10436,500000,6520000
2019.09.05 08:23:10.037,1.10433,1.10436,1870000,600000
2019.09.05 08:23:10.138,1.10433,1.10436,6250000,500000
2019.09.05 08:23:10.271,1.10431,1.10433,750000,600000
2019.09.05 08:23:10.373,1.10432,1.10433,1120000,500000
2019.09.05 08:23:10.475,1.10432,1.10435,1120000,500000
2019.09.05 08:23:10.585,1.10433,1.10435,1120000,500000
2019.09.05 08:23:10.687,1.10432,1.10434,500000,600000
2019.09.05 08:23:10.890,1.10433,1.10434,1120000,1200000
2019.09.05 08:23:10.991,1.10432,1.10434,1120000,1200000
2019.09.05 08:23:11.200,1.10433,1.10434,1120000,500000
2019.09.05 08:23:11.600,1.10432,1.10434,1120000,2700000
2019.09.05 08:23:11.702,1.10432,1.10434,500000,3660000
2019.09.05 08:23:13.116,1.10432,1.10435,1500000,4030000
2019.09.05 08:23:13.468,1.10432,1.10434,500000,4010000
2019.09.05 08:23:14.016,1.1043,1.10434,1310000,7850000
2019.09.05 08:23:14.623,1.10431,1.10433,750000,1500000
2019.09.05 08:23:15.027,1.1043,1.10433,1870000,1200000
2019.09.05 08:23:15.129,1.10429,1.10433,7500000,1390000
2019.09.05 08:23:15.231,1.10428,1.10432,2250000,2970000
2019.09.05 08:23:15.585,1.10428,1.10432,3500000,2140000
2019.09.05 08:23:15.835,1.10429,1.10432,3500000,3750000
2019.09.05 08:23:16.973,1.10428,1.10432,3370000,4390000
2019.09.05 08:23:17.284,1.1043,1.10432,3370000,3750000
2019.09.05 08:23:18.076,1.10429,1.10432,1500000,3320000
2019.09.05 08:23:18.362,1.10429,1.10432,500000,2510000
2019.09.05 08:23:20.153,1.1043,1.10431,750000,1200000
2019.09.05 08:23:20.579,1.10429,1.10431,750000,2140000
2019.09.05 08:23:20.730,1.1043,1.10432,750000,1450000
2019.09.05 08:23:20.832,1.10429,1.10431,750000,2140000
2019.09.05 08:23:21.145,1.10428,1.1043,500000,2510000
2019.09.05 08:23:21.247,1.10428,1.1043,750000,1220000
2019.09.05 08:23:21.349,1.10427,1.10429,500000,600000
2019.09.05 08:23:21.450,1.10428,1.10429,500000,750000
2019.09.05 08:23:21.552,1.10428,1.1043,500000,750000
2019.09.05 08:23:21.857,1.10429,1.1043,500000,600000
2019.09.05 08:23:22.070,1.10428,1.1043,500000,1200000
2019.09.05 08:23:24.357,1.10429,1.1043,500000,600000
2019.09.05 08:23:24.549,1.10428,1.1043,500000,2140000
2019.09.05 08:23:26.445,1.10428,1.10431,940000,1200000
2019.09.05 08:23:28.608,1.10428,1.10431,940000,1970000
2019.09.05 08:23:28.710,1.10428,1.10431,940000,1200000
2019.09.05 08:23:29.497,1.10428,1.1043,500000,750000
2019.09.05 08:23:29.599,1.10426,1.10429,640000,2700000
2019.09.05 08:23:29.700,1.10426,1.10428,1120000,750000
2019.09.05 08:23:29.903,1.10426,1.10428,1500000,750000
2019.09.05 08:23:30.085,1.10426,1.10429,560000,3250000
2019.09.05 08:23:30.187,1.10427,1.10429,940000,1410000
2019.09.05 08:23:30.288,1.10426,1.10428,940000,2140000
2019.09.05 08:23:30.389,1.10426,1.10428,940000,2160000
2019.09.05 08:23:30.541,1.10427,1.10429,1120000,1950000
2019.09.05 08:23:30.972,1.10425,1.10429,1690000,7200000
2019.09.05 08:23:31.073,1.10426,1.10429,2510000,600000
2019.09.05 08:23:31.174,1.10425,1.10429,2440000,8890000
2019.09.05 08:23:32.332,1.10425,1.10428,940000,600000
2019.09.05 08:23:32.433,1.10424,1.10428,2440000,4200000
2019.09.05 08:23:32.585,1.10425,1.10428,940000,750000
2019.09.05 08:23:32.715,1.10426,1.10428,500000,1200000
2019.09.05 08:23:32.766,1.10427,1.1043,3560000,750000
2019.09.05 08:23:32.869,1.10427,1.10429,750000,1200000
2019.09.05 08:23:32.920,1.10428,1.1043,1120000,1820000
2019.09.05 08:23:33.072,1.10429,1.10431,2250000,1390000
2019.09.05 08:23:33.924,1.10429,1.10432,2250000,2140000
2019.09.05 08:23:34.025,1.10429,1.10432,2250000,2950000
2019.09.05 08:23:34.951,1.1043,1.10431,500000,640000
2019.09.05 08:23:36.000,1.1043,1.10433,1870000,640000
2019.09.05 08:23:36.899,1.10431,1.10434,6190000,750000
2019.09.05 08:23:37.766,1.10431,1.10433,750000,820000
2019.09.05 08:23:37.867,1.1043,1.10434,2140000,2160000
2019.09.05 08:23:39.918,1.1043,1.10433,1000000,940000
2019.09.05 08:23:40.070,1.10431,1.10433,940000,940000
2019.09.05 08:23:41.015,1.10431,1.10434,1690000,1760000
2019.09.05 08:23:41.117,1.10432,1.10434,1500000,1950000
2019.09.05 08:23:41.218,1.10434,1.10436,1870000,750000
2019.09.05 08:23:42.172,1.10432,1.10436,750000,3640000
2019.09.05 08:23:43.243,1.10436,1.10437,500000,750000
2019.09.05 08:23:43.295,1.1044,1.10442,12860000,750000
2019.09.05 08:23:43.397,1.10442,1.10443,820000,750000
2019.09.05 08:23:43.449,1.10442,1.10445,7010000,2200000
2019.09.05 08:23:43.864,1.10442,1.10444,500000,1070000
2019.09.05 08:23:43.915,1.10441,1.10444,560000,1950000
2019.09.05 08:23:44.626,1.10442,1.10445,1200000,1820000
2019.09.05 08:23:44.829,1.10442,1.10445,1120000,2440000
2019.09.05 08:23:44.930,1.10442,1.10445,1120000,8160000
2019.09.05 08:23:45.769,1.10442,1.10443,500000,1690000
2019.09.05 08:23:45.820,1.1044,1.10442,500000,3260000
2019.09.05 08:23:45.921,1.10439,1.10441,500000,1390000
2019.09.05 08:23:46.124,1.10438,1.10441,500000,2200000
2019.09.05 08:23:46.226,1.10437,1.10441,4760000,560000
2019.09.05 08:23:46.327,1.10438,1.10441,3100000,1000000
2019.09.05 08:23:46.429,1.10437,1.10441,2620000,5570000
2019.09.05 08:23:46.530,1.10438,1.10441,1870000,1750000
2019.09.05 08:23:46.682,1.10437,1.10441,2810000,2950000
2019.09.05 08:23:46.790,1.10438,1.1044,750000,1750000
2019.09.05 08:23:46.892,1.10438,1.10441,1870000,1750000
2019.09.05 08:23:47.279,1.10437,1.1044,2620000,1820000
2019.09.05 08:23:47.381,1.10437,1.1044,1690000,1500000
2019.09.05 08:23:47.533,1.10439,1.1044,500000,940000
2019.09.05 08:23:47.686,1.10439,1.10441,3450000,940000
2019.09.05 08:23:48.489,1.1044,1.10442,1870000,750000
2019.09.05 08:23:48.540,1.10441,1.10443,600000,1500000
2019.09.05 08:23:48.741,1.10439,1.10442,750000,1760000
2019.09.05 08:23:48.843,1.10439,1.10441,750000,940000
2019.09.05 08:23:49.217,1.10438,1.10441,750000,2200000
2019.09.05 08:23:49.460,1.1044,1.10441,750000,2440000
2019.09.05 08:23:49.614,1.10441,1.10444,4410000,750000
2019.09.05 08:23:49.717,1.10441,1.10442,750000,750000
2019.09.05 08:23:52.750,1.10441,1.10443,1120000,750000
2019.09.05 08:23:53.390,1.10441,1.10443,750000,2500000
2019.09.05 08:23:53.491,1.10442,1.10444,1120000,640000
2019.09.05 08:23:53.593,1.10441,1.10444,1870000,1390000
2019.09.05 08:23:53.708,1.1044,1.10443,600000,1820000
2019.09.05 08:23:53.809,1.1044,1.10443,600000,1760000
2019.09.05 08:23:53.911,1.1044,1.10442,750000,2140000
2019.09.05 08:23:54.013,1.1044,1.10443,2620000,2120000
2019.09.05 08:23:54.115,1.1044,1.10444,1690000,2200000
2019.09.05 08:23:55.076,1.1044,1.10444,4010000,940000
2019.09.05 08:23:55.340,1.1044,1.10443,500000,940000
2019.09.05 08:23:55.633,1.10442,1.10443,500000,750000
2019.09.05 08:23:55.785,1.10442,1.10444,2320000,750000
2019.09.05 08:23:56.088,1.10443,1.10445,1500000,750000
2019.09.05 08:23:56.190,1.10442,1.10445,1500000,1950000
2019.09.05 08:23:56.292,1.10442,1.10444,750000,1870000
2019.09.05 08:23:59.731,1.10442,1.10444,750000,1820000
2019.09.05 08:24:00.228,1.10442,1.10444,750000,1760000
2019.09.05 08:24:00.924,1.10441,1.10444,2440000,750000
2019.09.05 08:24:01.026,1.1044,1.10442,560000,1310000
2019.09.05 08:24:02.172,1.10439,1.10443,2570000,2620000
2019.09.05 08:24:03.134,1.10439,1.10443,3250000,2570000
2019.09.05 08:24:03.464,1.10439,1.10443,2160000,2890000
2019.09.05 08:24:04.255,1.10438,1.1044,5500000,600000
2019.09.05 08:24:04.389,1.10435,1.10438,500000,2140000
2019.09.05 08:24:05.179,1.10436,1.10439,750000,1010000
2019.09.05 08:24:05.893,1.10437,1.10439,750000,500000
2019.09.05 08:24:06.147,1.10438,1.10439,820000,500000
2019.09.05 08:24:06.248,1.10437,1.10439,750000,1870000
2019.09.05 08:24:06.384,1.10438,1.10439,750000,500000
2019.09.05 08:24:06.691,1.10437,1.10439,1500000,750000
2019.09.05 08:24:06.792,1.10437,1.10439,2720000,750000
2019.09.05 08:24:06.894,1.10437,1.10439,2250000,750000
2019.09.05 08:24:07.637,1.10438,1.10439,1200000,500000
2019.09.05 08:24:12.233,1.10437,1.10439,1200000,1120000
2019.09.05 08:24:12.285,1.10438,1.1044,2700000,500000
2019.09.05 08:24:12.386,1.10438,1.10439,1870000,500000
2019.09.05 08:24:13.097,1.10437,1.10439,1870000,750000
2019.09.05 08:24:13.149,1.10435,1.10438,1200000,4310000
2019.09.05 08:24:16.687,1.10436,1.10437,750000,1120000
2019.09.05 08:24:16.790,1.10434,1.10437,640000,2320000
2019.09.05 08:24:18.377,1.10434,1.10438,4970000,1750000
2019.09.05 08:24:18.478,1.10434,1.10438,2700000,1750000
2019.09.05 08:24:18.802,1.10434,1.10437,600000,2120000
2019.09.05 08:24:19.442,1.10434,1.10437,850000,940000
2019.09.05 08:24:20.190,1.10433,1.10435,1500000,500000
2019.09.05 08:24:20.241,1.10431,1.10432,750000,2700000
2019.09.05 08:24:20.342,1.1043,1.10432,1570000,500000
2019.09.05 08:24:20.444,1.10433,1.10434,600000,500000
2019.09.05 08:24:20.545,1.10433,1.10435,600000,500000
2019.09.05 08:24:21.103,1.10431,1.10432,750000,940000
2019.09.05 08:24:21.205,1.10428,1.10433,3450000,5570000
2019.09.05 08:24:21.306,1.10428,1.10432,1950000,1370000
2019.09.05 08:24:21.407,1.10428,1.10431,600000,2950000
2019.09.05 08:24:21.528,1.10428,1.10431,600000,850000
2019.09.05 08:24:22.455,1.10428,1.10432,3450000,1370000
2019.09.05 08:24:22.913,1.10428,1.10431,1200000,850000
2019.09.05 08:24:23.014,1.10428,1.10431,820000,1310000
2019.09.05 08:24:23.570,1.10429,1.10431,750000,500000
2019.09.05 08:24:23.722,1.1043,1.10432,1200000,2120000
2019.09.05 08:24:23.833,1.10432,1.10434,820000,500000
2019.09.05 08:24:23.934,1.10431,1.10434,2700000,1000000
2019.09.05 08:24:24.036,1.10431,1.10433,750000,1370000
2019.09.05 08:24:24.338,1.10431,1.10433,750000,940000
2019.09.05 08:24:25.248,1.10432,1.10434,1500000,750000
2019.09.05 08:24:25.349,1.10433,1.10435,1120000,640000
2019.09.05 08:24:25.857,1.10432,1.10434,1120000,1220000
2019.09.05 08:24:25.947,1.10431,1.10434,1870000,1010000
2019.09.05 08:24:26.201,1.1043,1.10432,750000,2140000
2019.09.05 08:24:26.707,1.10431,1.10432,750000,600000
2019.09.05 08:24:26.808,1.10429,1.10432,3000000,2510000
2019.09.05 08:24:27.046,1.10433,1.10434,3370000,750000
2019.09.05 08:24:27.097,1.10435,1.10437,12600000,4370000
2019.09.05 08:24:27.198,1.10437,1.1044,2140000,1000000
2019.09.05 08:24:27.249,1.10437,1.10439,1000000,1570000
2019.09.05 08:24:27.351,1.10436,1.10437,1500000,1500000
2019.09.05 08:24:27.453,1.10435,1.10437,750000,750000
2019.09.05 08:24:27.603,1.10435,1.10436,750000,1200000
2019.09.05 08:24:27.654,1.10435,1.10438,2320000,850000
2019.09.05 08:24:27.705,1.10435,1.10436,750000,1200000
2019.09.05 08:24:27.807,1.10433,1.10435,500000,640000
2019.09.05 08:24:28.111,1.10432,1.10433,750000,1570000
2019.09.05 08:24:28.212,1.10429,1.10433,2810000,2220000
2019.09.05 08:24:28.507,1.10429,1.10432,750000,1000000
2019.09.05 08:24:28.659,1.10428,1.10432,1500000,1390000
2019.09.05 08:24:29.745,1.10427,1.10431,3450000,3290000
2019.09.05 08:24:29.796,1.10427,1.10429,750000,2320000
2019.09.05 08:24:29.897,1.10426,1.10428,750000,1200000
2019.09.05 08:24:29.948,1.10424,1.10426,750000,4100000
2019.09.05 08:24:30.151,1.10423,1.10426,750000,5220000
2019.09.05 08:24:30.424,1.10423,1.10426,750000,4070000
2019.09.05 08:24:30.527,1.10423,1.10427,1310000,4070000
2019.09.05 08:24:30.628,1.10423,1.10427,2620000,1450000
2019.09.05 08:24:30.730,1.10423,1.10426,750000,1370000
2019.09.05 08:24:30.831,1.10423,1.10426,750000,1310000
2019.09.05 08:24:31.217,1.10422,1.10425,750000,1010000
2019.09.05 08:24:31.360,1.10421,1.10424,750000,1390000
2019.09.05 08:24:32.355,1.10421,1.10425,2440000,1760000
2019.09.05 08:24:32.506,1.10422,1.10425,2440000,750000
2019.09.05 08:24:32.869,1.10422,1.10426,1950000,2970000
2019.09.05 08:24:33.077,1.10422,1.10426,2320000,940000
2019.09.05 08:24:33.194,1.10422,1.10425,750000,940000
2019.09.05 08:24:34.656,1.10423,1.10425,500000,940000
2019.09.05 08:24:35.201,1.10423,1.10426,1120000,940000
2019.09.05 08:24:40.954,1.10423,1.10426,2720000,750000
2019.09.05 08:24:41.449,1.10423,1.10426,2700000,820000
2019.09.05 08:24:44.904,1.10423,1.10425,500000,1310000
2019.09.05 08:24:45.214,1.10425,1.10427,600000,2870000
2019.09.05 08:24:45.265,1.10427,1.10429,2250000,500000
2019.09.05 08:24:45.781,1.10426,1.10429,750000,3260000
2019.09.05 08:24:46.056,1.10426,1.1043,2810000,2510000
2019.09.05 08:24:46.209,1.10427,1.10429,500000,500000
2019.09.05 08:24:46.622,1.10427,1.10429,500000,850000
2019.09.05 08:24:46.826,1.10427,1.10429,500000,1010000
2019.09.05 08:24:47.248,1.10426,1.1043,500000,6350000
2019.09.05 08:24:49.539,1.10427,1.1043,1120000,2540000
2019.09.05 08:24:49.641,1.10426,1.10429,2620000,2140000
2019.09.05 08:24:49.691,1.10423,1.10424,750000,2890000
2019.09.05 08:24:49.837,1.1042,1.10422,500000,940000
2019.09.05 08:24:51.454,1.1042,1.10423,500000,1690000
2019.09.05 08:24:51.557,1.10421,1.10423,500000,820000
2019.09.05 08:24:51.658,1.1042,1.10423,500000,940000
2019.09.05 08:25:06.957,1.10419,1.10422,820000,3320000
2019.09.05 08:25:10.375,1.10419,1.10421,750000,2120000
2019.09.05 08:25:10.579,1.10419,1.10422,2320000,2060000
2019.09.05 08:25:10.707,1.10419,1.10422,2350000,1370000
2019.09.05 08:25:10.809,1.10419,1.10422,1120000,1750000
2019.09.05 08:25:11.264,1.1042,1.10423,1500000,5320000
2019.09.05 08:25:11.366,1.10421,1.10425,1870000,2320000
2019.09.05 08:25:11.518,1.10423,1.10425,820000,3000000
2019.09.05 08:25:12.061,1.10422,1.10424,750000,2060000
2019.09.05 08:25:12.163,1.10421,1.10423,500000,1000000
2019.09.05 08:25:14.235,1.1042,1.10422,750000,2120000
2019.09.05 08:25:16.077,1.10421,1.10423,1200000,1000000
2019.09.05 08:25:16.251,1.1042,1.10423,1120000,5500000
2019.09.05 08:25:16.580,1.10422,1.10423,500000,2440000
2019.09.05 08:25:16.681,1.10421,1.10425,3070000,6720000
2019.09.05 08:25:16.782,1.1042,1.10424,500000,7640000
2019.09.05 08:25:16.899,1.10421,1.10424,500000,1750000
2019.09.05 08:25:17.051,1.1042,1.10424,820000,2870000
2019.09.05 08:25:17.314,1.1042,1.10422,500000,2870000
2019.09.05 08:25:17.415,1.1042,1.10423,1950000,940000
2019.09.05 08:25:17.968,1.1042,1.10423,1950000,1000000
2019.09.05 08:25:18.633,1.10419,1.10423,4200000,1750000
2019.09.05 08:25:18.867,1.10419,1.10422,750000,1750000
2019.09.05 08:25:21.138,1.10421,1.10423,1570000,2620000
2019.09.05 08:25:21.239,1.10421,1.10424,500000,1690000
2019.09.05 08:25:21.502,1.1042,1.10424,2810000,4070000
2019.09.05 08:25:22.389,1.1042,1.10423,500000,3250000
2019.09.05 08:25:22.837,1.10422,1.10424,1870000,1120000
2019.09.05 08:25:24.094,1.10422,1.10425,1120000,1370000
2019.09.05 08:25:25.699,1.10422,1.10426,1500000,1820000
2019.09.05 08:25:26.766,1.10426,1.10427,750000,1500000
2019.09.05 08:25:26.816,1.10427,1.10429,750000,750000
2019.09.05 08:25:27.707,1.10427,1.10431,3000000,2950000
2019.09.05 08:25:30.275,1.10428,1.1043,750000,940000
2019.09.05 08:25:35.875,1.10428,1.10431,2400000,940000
2019.09.05 08:25:36.046,1.10429,1.10431,900000,1120000
2019.09.05 08:25:36.248,1.10429,1.10431,750000,2120000
2019.09.05 08:25:36.349,1.10433,1.10434,1950000,560000
2019.09.05 08:25:36.400,1.10434,1.10435,750000,1120000
2019.09.05 08:25:36.451,1.10436,1.10437,2810000,3000000
2019.09.05 08:25:36.502,1.10437,1.1044,2350000,1370000
2019.09.05 08:25:36.649,1.10438,1.1044,1120000,640000
2019.09.05 08:25:41.741,1.1044,1.10442,500000,2810000
2019.09.05 08:25:41.843,1.1044,1.10441,500000,1500000
2019.09.05 08:25:41.945,1.10438,1.10439,750000,530000
2019.09.05 08:25:42.047,1.10437,1.10441,1790000,3540000
2019.09.05 08:25:42.148,1.10438,1.10441,1120000,530000
2019.09.05 08:25:43.852,1.10441,1.10442,2250000,750000
2019.09.05 08:25:43.954,1.1044,1.10442,750000,820000
2019.09.05 08:25:44.156,1.10441,1.10442,1500000,750000
2019.09.05 08:25:44.257,1.1044,1.10442,750000,820000
2019.09.05 08:25:44.558,1.10438,1.10439,750000,500000
2019.09.05 08:25:44.659,1.10436,1.10437,750000,600000
2019.09.05 08:25:44.761,1.10435,1.10437,750000,940000
2019.09.05 08:25:44.963,1.10435,1.10438,1870000,1390000
2019.09.05 08:25:46.049,1.10435,1.10437,500000,1120000
2019.09.05 08:25:46.251,1.10437,1.10439,1870000,2120000
2019.09.05 08:25:46.353,1.10438,1.1044,1120000,850000
2019.09.05 08:25:47.288,1.10438,1.1044,1120000,640000
2019.09.05 08:25:48.886,1.10441,1.10442,1200000,750000
2019.09.05 08:25:48.987,1.1044,1.10442,2620000,2250000
2019.09.05 08:25:49.443,1.10438,1.10442,4390000,940000
2019.09.05 08:25:49.898,1.1044,1.10442,1390000,750000
2019.09.05 08:25:50.050,1.10439,1.10442,1690000,1570000
2019.09.05 08:25:50.307,1.1044,1.10442,940000,750000
2019.09.05 08:25:50.408,1.10439,1.10442,940000,1870000
2019.09.05 08:25:50.713,1.1044,1.10442,1690000,750000
2019.09.05 08:25:50.846,1.10439,1.10442,940000,1500000
2019.09.05 08:25:51.127,1.1044,1.10442,940000,820000
2019.09.05 08:25:51.400,1.1044,1.10442,1760000,1500000
2019.09.05 08:25:51.804,1.10439,1.10442,1010000,1570000
2019.09.05 08:25:52.007,1.10438,1.10441,1500000,940000
2019.09.05 08:25:54.004,1.10438,1.10441,1690000,1750000
2019.09.05 08:25:54.105,1.10438,1.1044,500000,1000000
2019.09.05 08:25:55.769,1.1044,1.10441,750000,940000
2019.09.05 08:25:55.871,1.1044,1.10442,3370000,2060000
2019.09.05 08:25:56.023,1.10439,1.10442,1500000,1500000
2019.09.05 08:25:56.125,1.1044,1.10442,1500000,750000
2019.09.05 08:25:56.228,1.10439,1.10442,2320000,1390000
2019.09.05 08:25:56.330,1.10438,1.1044,500000,1370000
2019.09.05 08:25:57.214,1.10438,1.10441,1570000,2570000
2019.09.05 08:25:57.265,1.1044,1.10442,1120000,1500000
2019.09.05 08:25:57.367,1.1044,1.10442,1870000,750000
2019.09.05 08:25:57.468,1.10438,1.10441,1500000,2140000
2019.09.05 08:25:57.569,1.10439,1.10441,1950000,750000
2019.09.05 08:25:58.252,1.10437,1.10441,2700000,4100000
2019.09.05 08:25:58.353,1.10437,1.10441,3260000,4370000
2019.09.05 08:25:58.454,1.10437,1.1044,500000,4450000
2019.09.05 08:25:59.478,1.10438,1.10441,2440000,1750000
2019.09.05 08:25:59.594,1.1044,1.10443,2350000,940000
2019.09.05 08:25:59.696,1.10439,1.10443,4870000,3510000
2019.09.05 08:25:59.797,1.1044,1.10442,500000,1000000
2019.09.05 08:26:00.124,1.10441,1.10443,1390000,940000
2019.09.05 08:26:00.327,1.10442,1.10443,500000,750000
2019.09.05 08:26:00.542,1.10441,1.10443,500000,830000
2019.09.05 08:26:00.956,1.10441,1.10442,3750000,940000
2019.09.05 08:26:01.108,1.1044,1.10442,500000,1310000
2019.09.05 08:26:01.360,1.10441,1.10442,500000,750000
2019.09.05 08:26:01.537,1.1044,1.10442,500000,1310000
2019.09.05 08:26:01.941,1.1044,1.10443,5250000,1310000
2019.09.05 08:26:02.070,1.10439,1.10442,2440000,2500000
2019.09.05 08:26:04.400,1.10438,1.10441,750000,1000000
2019.09.05 08:26:04.451,1.10433,1.10434,3000000,3830000
2019.09.05 08:26:04.552,1.10432,1.10434,750000,940000
2019.09.05 08:26:04.654,1.10433,1.10435,750000,560000
2019.09.05 08:26:04.755,1.10433,1.10436,4120000,560000
2019.09.05 08:26:04.857,1.10433,1.10436,1600000,560000
2019.09.05 08:26:05.056,1.10433,1.10436,1120000,560000
2019.09.05 08:26:05.410,1.10435,1.10436,1120000,750000
2019.09.05 08:26:05.511,1.10434,1.10436,1120000,750000
2019.09.05 08:26:05.663,1.10433,1.10436,750000,2200000
2019.09.05 08:26:06.361,1.10433,1.10437,1760000,2120000
2019.09.05 08:26:07.152,1.10437,1.10438,1200000,750000
2019.09.05 08:26:07.253,1.10437,1.10439,750000,750000
2019.09.05 08:26:07.355,1.10436,1.10439,820000,4390000
2019.09.05 08:26:07.554,1.10437,1.10439,820000,750000
2019.09.05 08:26:07.931,1.10437,1.1044,1120000,1000000
2019.09.05 08:26:08.032,1.10438,1.1044,500000,1070000
2019.09.05 08:26:08.657,1.10439,1.10442,2620000,3810000
2019.09.05 08:26:08.708,1.10438,1.10441,820000,1450000
2019.09.05 08:26:08.810,1.1044,1.10442,1500000,940000
2019.09.05 08:26:12.641,1.1044,1.10441,500000,940000
2019.09.05 08:26:13.635,1.1044,1.10442,1200000,940000
2019.09.05 08:26:14.927,1.10438,1.10442,1970000,3320000
2019.09.05 08:26:15.081,1.10438,1.10442,2720000,5570000
2019.09.05 08:26:15.132,1.10436,1.10439,1500000,3290000
2019.09.05 08:26:15.234,1.10438,1.10439,820000,750000
2019.09.05 08:26:15.285,1.10437,1.1044,600000,1760000
2019.09.05 08:26:15.387,1.10437,1.10439,750000,750000
2019.09.05 08:26:15.488,1.10437,1.1044,600000,750000
2019.09.05 08:26:17.941,1.10437,1.1044,500000,3700000
2019.09.05 08:26:21.207,1.10441,1.10442,1200000,750000
2019.09.05 08:26:21.313,1.1044,1.10442,3370000,750000
2019.09.05 08:26:21.415,1.10438,1.10442,3370000,3320000
2019.09.05 08:26:21.814,1.10438,1.10441,1500000,1370000
2019.09.05 08:26:22.599,1.10438,1.10441,2620000,1690000
2019.09.05 08:26:22.701,1.10438,1.10441,3100000,940000
2019.09.05 08:26:23.104,1.10438,1.10441,2620000,940000
2019.09.05 08:26:23.776,1.10437,1.1044,750000,1000000
2019.09.05 08:26:23.878,1.10437,1.1044,1120000,750000
2019.09.05 08:26:23.979,1.10438,1.10439,750000,940000
2019.09.05 08:26:24.081,1.10437,1.1044,750000,1370000
2019.09.05 08:26:24.182,1.10437,1.1044,750000,2140000
2019.09.05 08:26:24.283,1.10437,1.1044,1500000,1370000
2019.09.05 08:26:24.637,1.10437,1.1044,2250000,1500000
2019.09.05 08:26:26.380,1.10436,1.10439,500000,1010000
2019.09.05 08:26:26.481,1.10436,1.10438,2250000,940000
2019.09.05 08:26:26.582,1.10434,1.10437,2320000,1070000
2019.09.05 08:26:27.254,1.10435,1.10437,750000,1750000
2019.09.05 08:26:28.305,1.10437,1.10438,750000,750000
2019.09.05 08:26:28.508,1.10436,1.10438,1120000,1010000
2019.09.05 08:26:29.013,1.10435,1.10437,1500000,600000
2019.09.05 08:26:30.105,1.10434,1.10437,2810000,1500000
2019.09.05 08:26:30.358,1.10433,1.10437,3450000,4370000
2019.09.05 08:26:30.715,1.10434,1.10437,1950000,1000000
2019.09.05 08:26:31.184,1.10434,1.10437,4010000,750000
2019.09.05 08:26:31.909,1.10434,1.10437,4200000,1000000
2019.09.05 08:26:32.158,1.10434,1.10437,2700000,1000000
2019.09.05 08:26:32.209,1.10433,1.10436,2120000,560000
2019.09.05 08:26:32.259,1.10432,1.10434,1500000,5140000
2019.09.05 08:26:32.361,1.1043,1.10432,1120000,600000
2019.09.05 08:26:32.463,1.10427,1.10431,750000,9350000
2019.09.05 08:26:32.564,1.10428,1.10432,4010000,940000
2019.09.05 08:26:33.286,1.10429,1.10432,2320000,1000000
2019.09.05 08:26:33.430,1.10429,1.10431,750000,940000
2019.09.05 08:26:38.424,1.10427,1.10429,750000,1010000
2019.09.05 08:26:38.526,1.10423,1.10426,2120000,2510000
2019.09.05 08:26:38.628,1.10422,1.10426,3290000,1760000
2019.09.05 08:26:38.756,1.10422,1.10424,750000,750000
2019.09.05 08:26:39.384,1.10423,1.10424,750000,500000
2019.09.05 08:26:39.435,1.10423,1.10426,940000,750000
2019.09.05 08:26:39.536,1.10422,1.10426,940000,2510000
2019.09.05 08:26:40.043,1.10427,1.10429,3000000,1500000
2019.09.05 08:26:40.094,1.10431,1.10432,600000,750000
2019.09.05 08:26:40.145,1.10431,1.10433,2320000,750000
2019.09.05 08:26:40.499,1.10431,1.10434,750000,4310000
2019.09.05 08:26:40.801,1.10432,1.10434,750000,750000
2019.09.05 08:26:41.860,1.10432,1.10434,750000,1000000
2019.09.05 08:26:42.066,1.10433,1.10435,750000,560000
2019.09.05 08:26:42.218,1.10431,1.10435,940000,6640000
2019.09.05 08:26:42.320,1.10432,1.10435,2440000,1500000
2019.09.05 08:26:42.422,1.10431,1.10434,2320000,1760000
2019.09.05 08:26:42.675,1.10432,1.10434,750000,1200000
2019.09.05 08:26:43.811,1.10431,1.10434,750000,3260000
2019.09.05 08:26:44.118,1.10432,1.10434,750000,750000
2019.09.05 08:26:44.224,1.10433,1.10434,750000,500000
2019.09.05 08:26:44.726,1.10431,1.10434,750000,6260000
2019.09.05 08:26:44.837,1.10432,1.10434,750000,1500000
2019.09.05 08:26:45.081,1.10431,1.10434,750000,5510000
2019.09.05 08:26:45.411,1.10434,1.10435,750000,750000
2019.09.05 08:26:45.462,1.10435,1.10437,2140000,750000
2019.09.05 08:26:45.651,1.10434,1.10437,2440000,1120000
2019.09.05 08:26:45.853,1.10433,1.10436,500000,1390000
2019.09.05 08:26:48.092,1.10432,1.10434,750000,750000
2019.09.05 08:26:48.243,1.10431,1.10434,1950000,2060000
2019.09.05 08:26:48.345,1.10431,1.10433,600000,940000
2019.09.05 08:26:48.547,1.10431,1.10434,2320000,940000
2019.09.05 08:26:48.648,1.10431,1.10435,2510000,3940000
2019.09.05 08:26:48.750,1.10433,1.10434,750000,500000
2019.09.05 08:26:48.801,1.10431,1.10435,5950000,1870000
2019.09.05 08:26:49.004,1.10431,1.10435,2890000,1310000
2019.09.05 08:26:49.279,1.10431,1.10434,820000,1310000
2019.09.05 08:26:49.330,1.10431,1.10432,750000,750000
2019.09.05 08:26:49.431,1.1043,1.10432,600000,500000
2019.09.05 08:26:49.533,1.10428,1.10432,820000,2870000
2019.09.05 08:26:49.634,1.10428,1.10433,3640000,3620000
2019.09.05 08:26:49.735,1.10428,1.10432,1950000,2120000
2019.09.05 08:26:49.836,1.10428,1.10432,1970000,2120000
2019.09.05 08:26:50.021,1.10428,1.10432,1950000,2120000
2019.09.05 08:26:50.330,1.10432,1.10433,750000,1120000
2019.09.05 08:26:50.382,1.10439,1.10441,1200000,1500000
2019.09.05 08:26:50.432,1.10438,1.10439,1500000,750000
2019.09.05 08:26:50.534,1.10438,1.10439,600000,750000
2019.09.05 08:26:50.652,1.10438,1.1044,1120000,750000
2019.09.05 08:26:53.565,1.10437,1.10438,1500000,940000
2019.09.05 08:26:53.666,1.10433,1.10436,750000,560000
2019.09.05 08:26:53.717,1.10435,1.10437,600000,750000
2019.09.05 08:26:53.819,1.10434,1.10438,2160000,1500000
2019.09.05 08:26:53.921,1.10434,1.10438,2890000,1500000
2019.09.05 08:26:54.285,1.10435,1.10438,2890000,750000
2019.09.05 08:26:54.423,1.10434,1.10438,2890000,1500000
2019.09.05 08:26:54.728,1.10435,1.10438,3640000,750000
2019.09.05 08:26:55.062,1.10434,1.10438,4390000,1870000
2019.09.05 08:26:55.214,1.10435,1.10438,3640000,750000
2019.09.05 08:26:55.311,1.10433,1.10437,1200000,2060000
2019.09.05 08:26:56.206,1.10433,1.10436,1200000,1310000
2019.09.05 08:26:56.990,1.10433,1.10435,1450000,750000
2019.09.05 08:26:57.091,1.10433,1.10435,600000,750000
2019.09.05 08:26:57.296,1.10431,1.10432,750000,750000
2019.09.05 08:26:57.397,1.1043,1.10431,1010000,750000
2019.09.05 08:26:57.501,1.10428,1.1043,750000,750000
2019.09.05 08:26:57.602,1.10428,1.10431,1010000,750000
2019.09.05 08:26:57.703,1.10427,1.10431,1010000,2060000
2019.09.05 08:26:57.818,1.10427,1.10431,1010000,3820000
2019.09.05 08:26:59.429,1.10427,1.1043,600000,1310000
2019.09.05 08:26:59.682,1.10428,1.1043,2440000,500000
2019.09.05 08:27:00.023,1.10425,1.10428,1310000,7750000
2019.09.05 08:27:00.125,1.10425,1.10427,1750000,750000
2019.09.05 08:27:00.226,1.10423,1.10426,4760000,940000
2019.09.05 08:27:00.277,1.10423,1.10425,1000000,1500000
2019.09.05 08:27:00.378,1.10422,1.10425,1750000,2060000
2019.09.05 08:27:00.628,1.10422,1.10425,750000,2060000
2019.09.05 08:27:00.729,1.10423,1.10426,940000,1500000
2019.09.05 08:27:01.268,1.10423,1.10425,600000,1500000
2019.09.05 08:27:01.440,1.10423,1.10426,2510000,750000
2019.09.05 08:27:02.989,1.10422,1.10425,940000,2250000
2019.09.05 08:27:03.090,1.1042,1.10423,3450000,560000
2019.09.05 08:27:03.192,1.10419,1.10422,600000,2120000
2019.09.05 08:27:03.343,1.10419,1.10421,600000,2120000
2019.09.05 08:27:03.512,1.10419,1.10422,600000,2120000
2019.09.05 08:27:04.723,1.1042,1.10422,1820000,500000
2019.09.05 08:27:04.926,1.1042,1.10422,820000,500000
2019.09.05 08:27:05.440,1.1042,1.10421,600000,560000
2019.09.05 08:27:06.439,1.1042,1.10422,1010000,500000
2019.09.05 08:27:06.544,1.10419,1.10422,640000,1870000
2019.09.05 08:27:07.000,1.10419,1.10421,600000,1870000
2019.09.05 08:27:07.101,1.10419,1.10422,640000,1870000
2019.09.05 08:27:07.253,1.10419,1.10421,600000,1870000
2019.09.05 08:27:08.644,1.10419,1.10422,600000,2060000
2019.09.05 08:27:08.746,1.10421,1.10423,2890000,500000
2019.09.05 08:27:08.847,1.10422,1.10425,2510000,500000
2019.09.05 08:27:09.149,1.10422,1.10424,600000,1500000
2019.09.05 08:27:09.412,1.10421,1.10423,1500000,1750000
2019.09.05 08:27:09.463,1.1042,1.10422,600000,1120000
2019.09.05 08:27:09.665,1.1042,1.10423,3820000,940000
2019.09.05 08:27:09.880,1.1042,1.10422,600000,750000
2019.09.05 08:27:11.528,1.1042,1.10421,600000,750000
2019.09.05 08:27:13.222,1.1042,1.10422,1570000,750000
2019.09.05 08:27:13.329,1.1042,1.10421,600000,750000
2019.09.05 08:27:13.481,1.1042,1.10422,1120000,750000
2019.09.05 08:27:14.054,1.10419,1.10422,750000,1310000
2019.09.05 08:27:14.185,1.10419,1.10422,1200000,1370000
2019.09.05 08:27:15.071,1.10421,1.10423,850000,500000
2019.09.05 08:27:15.182,1.1042,1.10423,600000,1690000
2019.09.05 08:27:15.283,1.10421,1.10424,1010000,2620000
2019.09.05 08:27:15.435,1.1042,1.10423,820000,5120000
2019.09.05 08:27:15.536,1.10421,1.10424,1950000,2060000
2019.09.05 08:27:15.735,1.10421,1.10424,1970000,1310000
2019.09.05 08:27:15.837,1.10421,1.10424,500000,5440000
2019.09.05 08:27:15.938,1.10422,1.10424,600000,750000
2019.09.05 08:27:16.185,1.10423,1.10424,500000,750000
2019.09.05 08:27:16.312,1.10422,1.10424,500000,820000
2019.09.05 08:27:17.021,1.10423,1.10424,500000,1390000
2019.09.05 08:27:17.122,1.10423,1.10425,750000,1010000
2019.09.05 08:27:17.368,1.10424,1.10425,750000,750000
2019.09.05 08:27:17.492,1.10424,1.10426,1120000,750000
2019.09.05 08:27:18.091,1.10424,1.10425,750000,820000
2019.09.05 08:27:18.192,1.10424,1.10426,1950000,750000
2019.09.05 08:27:18.293,1.10424,1.10425,750000,750000
2019.09.05 08:27:18.344,1.10424,1.10427,5890000,2250000
2019.09.05 08:27:18.488,1.10424,1.10426,820000,750000
2019.09.05 08:27:18.674,1.10425,1.10426,750000,750000
2019.09.05 08:27:18.776,1.10425,1.10427,1870000,750000
2019.09.05 08:27:18.929,1.10424,1.10427,1500000,750000
2019.09.05 08:27:18.980,1.10425,1.10427,1500000,750000
2019.09.05 08:27:19.031,1.10424,1.10427,1500000,750000
2019.09.05 08:27:19.395,1.10424,1.10426,750000,750000
2019.09.05 08:27:19.547,1.10424,1.10427,750000,750000
2019.09.05 08:27:20.194,1.10423,1.10427,750000,4390000
2019.09.05 08:27:22.166,1.10424,1.10427,750000,500000
2019.09.05 08:27:22.339,1.10423,1.10427,750000,4010000
2019.09.05 08:27:22.491,1.10423,1.10427,1200000,7040000
2019.09.05 08:27:22.593,1.10423,1.10427,750000,6260000
2019.09.05 08:27:23.142,1.10424,1.10427,750000,750000
2019.09.05 08:27:23.244,1.10423,1.10427,750000,5510000
2019.09.05 08:27:23.345,1.10424,1.10427,750000,500000
2019.09.05 08:27:27.174,1.10424,1.10426,750000,750000
2019.09.05 08:27:27.379,1.10424,1.10427,750000,750000
2019.09.05 08:27:28.180,1.10425,1.10428,1570000,2440000
2019.09.05 08:27:28.333,1.10425,1.10428,750000,2120000
2019.09.05 08:27:28.435,1.10425,1.10428,750000,940000
2019.09.05 08:27:29.248,1.10424,1.10428,2250000,2510000
2019.09.05 08:27:32.408,1.10423,1.10428,5220000,2870000
2019.09.05 08:27:33.112,1.10426,1.10428,500000,750000
2019.09.05 08:27:33.214,1.10427,1.10429,2510000,500000
2019.09.05 08:27:33.378,1.10426,1.10429,2440000,1500000
2019.09.05 08:27:33.863,1.10427,1.10429,1690000,1500000
2019.09.05 08:27:33.964,1.10426,1.10428,750000,1500000
2019.09.05 08:27:34.459,1.10427,1.10428,750000,750000
2019.09.05 08:27:34.645,1.10426,1.10428,750000,1500000
2019.09.05 08:27:35.467,1.10427,1.10428,750000,750000
2019.09.05 08:27:35.603,1.10426,1.10428,750000,1500000
2019.09.05 08:27:36.022,1.10427,1.10428,750000,750000
2019.09.05 08:27:36.123,1.10426,1.10428,750000,750000
2019.09.05 08:27:36.325,1.10425,1.10428,500000,1690000
2019.09.05 08:27:36.427,1.10426,1.10429,1310000,1870000
2019.09.05 08:27:37.315,1.10427,1.10428,500000,500000
2019.09.05 08:27:37.645,1.10426,1.10428,500000,2890000
2019.09.05 08:27:38.331,1.10426,1.10429,3190000,1500000
2019.09.05 08:27:39.511,1.10427,1.10429,3000000,750000
2019.09.05 08:27:39.613,1.10426,1.10429,3000000,1690000
2019.09.05 08:27:40.145,1.10427,1.10429,500000,1870000
2019.09.05 08:27:40.247,1.10427,1.1043,1690000,3070000
2019.09.05 08:27:40.348,1.10428,1.10431,4500000,560000
2019.09.05 08:27:40.626,1.10427,1.10431,4750000,3450000
2019.09.05 08:27:42.103,1.10427,1.10429,500000,750000
2019.09.05 08:27:43.936,1.10426,1.10429,500000,1690000
2019.09.05 08:27:44.205,1.10426,1.10428,500000,1690000
2019.09.05 08:27:44.892,1.10426,1.10429,1120000,1690000
2019.09.05 08:27:44.994,1.10426,1.10428,750000,940000
2019.09.05 08:27:45.585,1.10427,1.1043,5740000,1120000
2019.09.05 08:27:46.245,1.10427,1.1043,560000,3100000
2019.09.05 08:27:46.347,1.10427,1.1043,640000,1570000
2019.09.05 08:27:47.895,1.10426,1.10429,750000,7690000
2019.09.05 08:27:49.569,1.10426,1.10428,2250000,940000
2019.09.05 08:27:50.457,1.10426,1.10428,4000000,1500000
2019.09.05 08:27:50.559,1.10425,1.10428,3640000,750000
2019.09.05 08:27:50.661,1.10424,1.10427,1070000,2060000
2019.09.05 08:27:50.818,1.10424,1.10428,5890000,1370000
2019.09.05 08:27:50.919,1.10424,1.10428,5910000,1370000
2019.09.05 08:27:51.068,1.10424,1.10428,5890000,1370000
2019.09.05 08:27:51.220,1.10424,1.10428,5200000,500000
2019.09.05 08:27:51.322,1.10424,1.10427,500000,750000
2019.09.05 08:27:52.160,1.10424,1.10427,7390000,500000
2019.09.05 08:27:53.371,1.10424,1.10427,1120000,1370000
2019.09.05 08:27:53.678,1.10424,1.10427,1370000,940000
2019.09.05 08:27:53.780,1.10422,1.10423,750000,2320000
2019.09.05 08:27:53.882,1.1042,1.10422,500000,1390000
2019.09.05 08:27:53.985,1.10418,1.1042,750000,1760000
2019.09.05 08:27:54.103,1.10419,1.1042,750000,560000
2019.09.05 08:27:54.255,1.10419,1.10421,500000,940000
2019.09.05 08:27:54.515,1.1042,1.10421,500000,500000
2019.09.05 08:27:55.098,1.10417,1.10419,1500000,5140000
2019.09.05 08:27:55.148,1.10418,1.10421,2700000,1750000
2019.09.05 08:27:55.762,1.1042,1.10421,1120000,500000
2019.09.05 08:27:56.198,1.10419,1.10421,1120000,1690000
2019.09.05 08:27:56.938,1.1042,1.10421,1120000,500000
2019.09.05 08:27:57.496,1.10419,1.10421,1120000,560000
2019.09.05 08:27:57.698,1.1042,1.10421,1120000,500000
2019.09.05 08:27:58.001,1.10419,1.10421,1120000,560000
2019.09.05 08:27:59.724,1.10418,1.10421,500000,560000
2019.09.05 08:27:59.871,1.10415,1.10418,750000,4690000
2019.09.05 08:27:59.973,1.10415,1.10419,1390000,3190000
2019.09.05 08:28:00.074,1.10416,1.10419,2540000,500000
2019.09.05 08:28:00.176,1.10415,1.10419,2510000,4410000
2019.09.05 08:28:00.277,1.10415,1.10419,2140000,1690000
2019.09.05 08:28:00.379,1.10415,1.10419,1120000,3320000
2019.09.05 08:28:00.480,1.10415,1.10418,1120000,1370000
2019.09.05 08:28:00.630,1.10415,1.10417,750000,1370000
2019.09.05 08:28:01.227,1.10414,1.10417,750000,2500000
2019.09.05 08:28:01.328,1.10414,1.10417,750000,1690000
2019.09.05 08:28:01.667,1.10414,1.10417,750000,1750000
2019.09.05 08:28:07.965,1.10414,1.10417,4390000,1120000
2019.09.05 08:28:08.066,1.10411,1.10415,600000,2250000
2019.09.05 08:28:08.168,1.10409,1.10411,750000,560000
2019.09.05 08:28:08.269,1.10408,1.10412,1950000,1690000
2019.09.05 08:28:08.407,1.10409,1.10412,2620000,750000
2019.09.05 08:28:08.508,1.10408,1.10412,2700000,940000
2019.09.05 08:28:08.863,1.10407,1.10412,3850000,2500000
2019.09.05 08:28:09.211,1.10407,1.10412,3820000,2570000
2019.09.05 08:28:09.626,1.10409,1.10412,1950000,500000
2019.09.05 08:28:09.730,1.10409,1.10411,600000,500000
2019.09.05 08:28:09.832,1.10408,1.10412,2700000,940000
2019.09.05 08:28:09.934,1.10408,1.10411,600000,1010000
2019.09.05 08:28:10.047,1.10408,1.10412,2700000,940000
2019.09.05 08:28:10.379,1.10407,1.10411,750000,7640000
2019.09.05 08:28:10.481,1.10407,1.10409,750000,560000
2019.09.05 08:28:10.582,1.10407,1.1041,1570000,640000
2019.09.05 08:28:11.518,1.10408,1.1041,2510000,750000
2019.09.05 08:28:12.429,1.10407,1.10409,750000,1390000
2019.09.05 08:28:12.480,1.10398,1.104,1690000,5350000
2019.09.05 08:28:12.581,1.10396,1.10397,500000,4200000
2019.09.05 08:28:12.733,1.10397,1.10399,2320000,2810000
2019.09.05 08:28:13.418,1.10397,1.104,500000,1310000
2019.09.05 08:28:13.632,1.10397,1.104,1370000,1310000
2019.09.05 08:28:13.792,1.10398,1.104,1750000,500000
2019.09.05 08:28:13.894,1.10397,1.10401,2320000,3250000
2019.09.05 08:28:14.097,1.10398,1.10402,2890000,3560000
2019.09.05 08:28:14.198,1.10398,1.10401,600000,940000
2019.09.05 08:28:14.299,1.104,1.10402,1570000,750000
2019.09.05 08:28:14.575,1.10399,1.10403,1570000,1750000
2019.09.05 08:28:15.141,1.10399,1.10401,2060000,750000
2019.09.05 08:28:15.242,1.10397,1.104,4470000,1690000
2019.09.05 08:28:15.344,1.10396,1.104,2890000,1310000
2019.09.05 08:28:15.446,1.10397,1.10399,600000,3750000
2019.09.05 08:28:15.497,1.10398,1.10401,1950000,500000
2019.09.05 08:28:18.305,1.10401,1.10402,1950000,1120000
2019.09.05 08:28:18.356,1.104,1.10404,3260000,940000
2019.09.05 08:28:18.457,1.10399,1.10402,600000,2500000
2019.09.05 08:28:18.791,1.10401,1.10402,600000,500000
2019.09.05 08:28:18.943,1.10402,1.10404,750000,1500000
2019.09.05 08:28:19.045,1.10402,1.10406,4070000,1000000
2019.09.05 08:28:20.258,1.10403,1.10406,1200000,1010000
2019.09.05 08:28:20.780,1.10402,1.10404,750000,600000
2019.09.05 08:28:20.881,1.10399,1.10403,1570000,2060000
2019.09.05 08:28:20.983,1.10399,1.10403,3250000,1200000
2019.09.05 08:28:21.085,1.10398,1.10403,3350000,2060000
2019.09.05 08:28:21.200,1.10398,1.10402,640000,3290000
2019.09.05 08:28:21.360,1.10398,1.10403,5600000,2810000
2019.09.05 08:28:21.613,1.10398,1.10401,750000,1310000
2019.09.05 08:28:22.954,1.10398,1.10403,4070000,1390000
2019.09.05 08:28:24.666,1.10398,1.10401,1500000,1310000
2019.09.05 08:28:27.473,1.10398,1.10401,3250000,500000
2019.09.05 08:28:27.575,1.10398,1.10399,750000,1120000
2019.09.05 08:28:27.892,1.10398,1.104,1310000,1120000
2019.09.05 08:28:29.191,1.10398,1.10401,1500000,2440000
2019.09.05 08:28:29.984,1.10398,1.10401,1500000,1370000
2019.09.05 08:28:30.198,1.10398,1.10401,750000,1310000
2019.09.05 08:28:32.475,1.10398,1.10401,750000,1750000
2019.09.05 08:28:33.993,1.10397,1.10398,750000,1200000
2019.09.05 08:28:34.095,1.10394,1.10397,8440000,4050000
2019.09.05 08:28:34.147,1.10393,1.10397,5140000,940000
2019.09.05 08:28:34.249,1.10394,1.10397,2510000,750000
2019.09.05 08:28:34.351,1.10393,1.10397,3260000,940000
2019.09.05 08:28:41.251,1.10393,1.10394,750000,560000
2019.09.05 08:28:42.547,1.10392,1.10394,940000,600000
2019.09.05 08:28:42.649,1.10391,1.10394,1690000,1200000
2019.09.05 08:28:42.750,1.10391,1.10393,750000,600000
2019.09.05 08:28:43.250,1.10392,1.10395,600000,2060000
2019.09.05 08:28:43.352,1.10392,1.10396,750000,3320000
2019.09.05 08:28:43.965,1.10392,1.10395,600000,3620000
2019.09.05 08:28:44.593,1.10392,1.10395,600000,3190000
2019.09.05 08:28:45.307,1.10392,1.10394,600000,1690000
2019.09.05 08:28:46.496,1.10392,1.10394,600000,1310000
2019.09.05 08:28:46.598,1.10392,1.10395,3450000,940000
2019.09.05 08:28:47.513,1.10392,1.10395,1200000,4750000
2019.09.05 08:28:48.168,1.10392,1.10394,1690000,1870000
2019.09.05 08:28:48.270,1.10392,1.10393,600000,750000
2019.09.05 08:28:48.867,1.10392,1.10395,2140000,1870000
2019.09.05 08:28:48.968,1.10392,1.10394,600000,1870000
2019.09.05 08:28:52.924,1.10392,1.10395,2140000,1120000
2019.09.05 08:28:53.025,1.10392,1.10394,600000,750000
2019.09.05 08:28:53.328,1.10391,1.10394,600000,2440000
2019.09.05 08:28:54.501,1.10392,1.10394,1200000,750000
2019.09.05 08:28:54.602,1.1039,1.10393,940000,1500000
2019.09.05 08:28:54.805,1.10389,1.10392,600000,3190000
2019.09.05 08:28:54.906,1.10389,1.10391,500000,2440000
2019.09.05 08:28:55.007,1.10389,1.10392,600000,2440000
2019.09.05 08:28:55.108,1.1039,1.10392,1200000,500000
2019.09.05 08:28:55.303,1.10391,1.10393,3640000,750000
2019.09.05 08:28:56.067,1.10391,1.10393,600000,1690000
2019.09.05 08:28:56.170,1.10391,1.10393,600000,1690000
2019.09.05 08:28:56.322,1.10392,1.10393,600000,750000
2019.09.05 08:28:56.441,1.10392,1.10395,1220000,1120000
2019.09.05 08:28:56.644,1.10392,1.10394,1220000,750000
2019.09.05 08:28:56.915,1.10391,1.10394,1200000,2250000
2019.09.05 08:28:57.118,1.10391,1.10394,1200000,1370000
2019.09.05 08:28:57.219,1.10391,1.10395,2140000,2500000
2019.09.05 08:28:57.321,1.10392,1.10394,600000,560000
2019.09.05 08:28:59.316,1.10392,1.10394,750000,1000000
2019.09.05 08:28:59.504,1.10392,1.10394,750000,940000
2019.09.05 08:29:00.164,1.10392,1.10393,2440000,500000
2019.09.05 08:29:00.215,1.10387,1.1039,1570000,1450000
2019.09.05 08:29:00.317,1.10384,1.10387,1500000,1750000
2019.09.05 08:29:00.412,1.10384,1.10386,820000,1120000
2019.09.05 08:29:00.565,1.10384,1.10386,1450000,750000
2019.09.05 08:29:00.735,1.10384,1.10386,1390000,940000
2019.09.05 08:29:00.974,1.10383,1.10386,1950000,560000
2019.09.05 08:29:01.077,1.10383,1.10386,1970000,560000
2019.09.05 08:29:01.353,1.10383,1.10386,1950000,560000
2019.09.05 08:29:01.455,1.10384,1.10386,1010000,560000
2019.09.05 08:29:02.652,1.10383,1.10386,1410000,1000000
2019.09.05 08:29:02.753,1.10383,1.10386,1390000,1000000
2019.09.05 08:29:05.004,1.10383,1.10386,660000,3250000
2019.09.05 08:29:05.105,1.10384,1.10387,2570000,560000
2019.09.05 08:29:06.337,1.10382,1.10385,750000,2120000
2019.09.05 08:29:06.438,1.10382,1.10384,750000,1870000
2019.09.05 08:29:06.555,1.10383,1.10384,750000,1120000
2019.09.05 08:29:06.656,1.10384,1.10385,750000,500000
2019.09.05 08:29:06.757,1.10385,1.10387,1220000,1310000
2019.09.05 08:29:06.808,1.10385,1.10388,600000,2060000
2019.09.05 08:29:06.910,1.10386,1.10389,1390000,750000
2019.09.05 08:29:07.163,1.10385,1.10389,1790000,2500000
2019.09.05 08:29:07.264,1.10385,1.10389,1760000,2500000
2019.09.05 08:29:07.572,1.10385,1.10388,600000,2120000
2019.09.05 08:29:07.673,1.10385,1.10388,1200000,2120000
2019.09.05 08:29:07.775,1.10385,1.10387,1200000,1370000
2019.09.05 08:29:08.719,1.10386,1.10388,1570000,940000
2019.09.05 08:29:09.298,1.10387,1.10389,600000,500000
2019.09.05 08:29:09.400,1.10387,1.10389,1570000,500000
2019.09.05 08:29:09.530,1.10385,1.10388,600000,1000000
2019.09.05 08:29:10.774,1.10385,1.10388,600000,1000000
2019.09.05 08:29:10.875,1.10385,1.10388,600000,1000000
2019.09.05 08:29:11.845,1.10387,1.10389,1220000,500000
2019.09.05 08:29:11.955,1.10388,1.10389,820000,560000
2019.09.05 08:29:12.006,1.10385,1.10387,1200000,940000
2019.09.05 08:29:12.108,1.10384,1.10386,600000,560000
2019.09.05 08:29:12.210,1.10384,1.10386,600000,2060000
2019.09.05 08:29:12.312,1.10384,1.10387,1950000,2060000
2019.09.05 08:29:13.293,1.10386,1.10387,1200000,940000
2019.09.05 08:29:13.344,1.10384,1.10387,820000,3560000
2019.09.05 08:29:13.445,1.10384,1.10386,600000,1310000
2019.09.05 08:29:13.586,1.10383,1.10386,600000,1310000
2019.09.05 08:29:13.846,1.10382,1.10385,600000,2200000
2019.09.05 08:29:14.099,1.10382,1.10386,1970000,1690000
2019.09.05 08:29:14.246,1.10382,1.10384,600000,1690000
2019.09.05 08:29:14.693,1.10382,1.10386,1600000,2120000
2019.09.05 08:29:14.794,1.10382,1.10386,1570000,2870000
2019.09.05 08:29:15.441,1.10382,1.10386,1220000,2500000
2019.09.05 08:29:16.197,1.10382,1.10384,600000,2120000
2019.09.05 08:29:16.298,1.10381,1.10384,3070000,2500000
2019.09.05 08:29:16.400,1.10381,1.10383,750000,2060000
2019.09.05 08:29:17.277,1.10382,1.10383,1120000,1500000
2019.09.05 08:29:17.378,1.10382,1.10385,3100000,1310000
2019.09.05 08:29:17.530,1.10381,1.10384,1690000,500000
2019.09.05 08:29:17.631,1.1038,1.10383,750000,1690000
2019.09.05 08:29:17.909,1.10381,1.10384,1500000,940000
2019.09.05 08:29:17.960,1.10383,1.10384,750000,750000
2019.09.05 08:29:18.061,1.10382,1.10383,500000,1120000
2019.09.05 08:29:18.112,1.10381,1.10383,500000,820000
2019.09.05 08:29:18.214,1.10381,1.10382,500000,750000
2019.09.05 08:29:18.374,1.1038,1.10382,500000,560000
2019.09.05 08:29:20.354,1.10382,1.10383,750000,750000
2019.09.05 08:29:20.405,1.10381,1.10385,1790000,2510000
2019.09.05 08:29:20.507,1.10382,1.10384,2890000,750000
2019.09.05 08:29:21.501,1.1038,1.10384,1390000,4310000
2019.09.05 08:29:21.703,1.1038,1.10383,600000,2140000
2019.09.05 08:29:21.805,1.1038,1.10384,1760000,2060000
2019.09.05 08:29:22.017,1.10381,1.10384,3640000,750000
2019.09.05 08:29:22.203,1.10381,1.10383,750000,750000
2019.09.05 08:29:22.498,1.1038,1.10383,750000,1310000
2019.09.05 08:29:26.179,1.10381,1.10383,1500000,940000
2019.09.05 08:29:27.179,1.1038,1.10382,500000,1000000
2019.09.05 08:29:30.855,1.1038,1.10382,500000,750000
2019.09.05 08:29:30.957,1.1038,1.10381,750000,750000
2019.09.05 08:29:31.160,1.1038,1.10382,750000,1000000
2019.09.05 08:29:31.938,1.10381,1.10383,750000,1310000
2019.09.05 08:29:32.090,1.1038,1.10382,560000,940000
2019.09.05 08:29:33.597,1.10379,1.10382,2320000,640000
2019.09.05 08:29:34.075,1.10379,1.10382,1950000,750000
2019.09.05 08:29:35.285,1.10379,1.10382,2140000,500000
2019.09.05 08:29:35.400,1.10379,1.10381,500000,500000
2019.09.05 08:29:36.174,1.10378,1.10381,500000,2810000
2019.09.05 08:29:38.751,1.10377,1.10379,750000,2440000
2019.09.05 08:29:38.802,1.10374,1.10376,600000,3250000
2019.09.05 08:29:38.853,1.10374,1.10376,1570000,940000
2019.09.05 08:29:38.954,1.10374,1.10376,1600000,750000
2019.09.05 08:29:39.056,1.10374,1.10376,1570000,750000
2019.09.05 08:29:39.159,1.10373,1.10376,1570000,940000
2019.09.05 08:29:39.353,1.10373,1.10376,1600000,940000
2019.09.05 08:29:40.095,1.10373,1.10376,1570000,940000
2019.09.05 08:29:40.197,1.10373,1.10376,1600000,940000
2019.09.05 08:29:40.442,1.10373,1.10376,1570000,940000
2019.09.05 08:29:40.796,1.10373,1.10376,1600000,940000
2019.09.05 08:29:41.297,1.10373,1.10376,1950000,2440000
2019.09.05 08:29:44.024,1.10373,1.10375,600000,1310000
2019.09.05 08:29:44.725,1.10373,1.10375,600000,940000
2019.09.05 08:29:45.375,1.10373,1.10375,600000,940000
2019.09.05 08:29:45.850,1.10373,1.10376,1570000,940000
2019.09.05 08:29:46.053,1.10374,1.10376,1570000,750000
2019.09.05 08:29:46.154,1.10373,1.10376,1570000,1690000
2019.09.05 08:29:46.256,1.10372,1.10376,1600000,1370000
2019.09.05 08:29:47.588,1.10372,1.10374,2870000,750000
2019.09.05 08:29:47.639,1.1037,1.10372,500000,1390000
2019.09.05 08:29:47.931,1.10368,1.10369,600000,500000
2019.09.05 08:29:48.032,1.10367,1.10368,500000,1500000
2019.09.05 08:29:48.134,1.10366,1.10369,820000,4310000
2019.09.05 08:29:48.235,1.10368,1.10369,1010000,750000
2019.09.05 08:29:48.336,1.10369,1.10371,2320000,2250000
2019.09.05 08:29:48.438,1.10368,1.10371,1200000,2440000
2019.09.05 08:29:49.869,1.1037,1.10372,2140000,1500000
2019.09.05 08:29:49.921,1.10371,1.10373,2320000,940000
2019.09.05 08:29:50.023,1.10369,1.10371,600000,940000
2019.09.05 08:29:50.125,1.10369,1.10371,600000,750000
2019.09.05 08:29:50.226,1.10368,1.10371,600000,940000
2019.09.05 08:29:50.657,1.10367,1.10371,1390000,4500000
2019.09.05 08:29:50.854,1.10367,1.1037,600000,4500000
2019.09.05 08:29:51.237,1.10367,1.1037,600000,1690000
2019.09.05 08:29:51.501,1.10367,1.10369,750000,940000
2019.09.05 08:29:52.005,1.10367,1.1037,600000,3380000
2019.09.05 08:29:52.126,1.10368,1.1037,600000,750000
2019.09.05 08:29:52.430,1.10365,1.10368,5250000,4310000
2019.09.05 08:29:52.532,1.10364,1.10367,1500000,750000
2019.09.05 08:29:52.633,1.10364,1.10366,500000,750000
2019.09.05 08:29:53.177,1.10365,1.10366,1200000,1500000
2019.09.05 08:29:53.432,1.10365,1.10368,1570000,2440000
2019.09.05 08:29:56.702,1.10367,1.10369,1100000,1500000
2019.09.05 08:29:56.803,1.10367,1.1037,1220000,940000
2019.09.05 08:29:56.905,1.10367,1.1037,1200000,1870000
2019.09.05 08:29:57.006,1.10366,1.10369,640000,2800000
2019.09.05 08:29:57.320,1.10366,1.10369,600000,750000
2019.09.05 08:29:57.422,1.10366,1.10368,750000,1500000
2019.09.05 08:29:58.037,1.10367,1.10369,600000,750000
2019.09.05 08:29:58.139,1.10368,1.1037,1760000,750000
2019.09.05 08:29:58.414,1.10367,1.1037,2510000,2440000
2019.09.05 08:29:58.617,1.10367,1.10369,1310000,750000
2019.09.05 08:29:58.718,1.10364,1.10368,1570000,4000000
2019.09.05 08:29:58.819,1.10365,1.10368,1790000,750000
2019.09.05 08:29:59.034,1.10366,1.10368,820000,2440000
2019.09.05 08:29:59.186,1.10366,1.10367,500000,750000
2019.09.05 08:29:59.917,1.10365,1.10367,1010000,940000
2019.09.05 08:30:00.222,1.10364,1.10367,3260000,750000
2019.09.05 08:30:00.324,1.10364,1.10367,2910000,750000
2019.09.05 08:30:00.425,1.10363,1.10365,1000000,1500000
2019.09.05 08:30:00.527,1.10362,1.10364,940000,750000
2019.09.05 08:30:00.680,1.10361,1.10365,2950000,2250000
2019.09.05 08:30:00.804,1.10362,1.10365,3620000,750000
2019.09.05 08:30:00.906,1.10361,1.10364,940000,750000
2019.09.05 08:30:01.059,1.10361,1.10364,2220000,1500000
2019.09.05 08:30:02.153,1.1036,1.10363,750000,940000
2019.09.05 08:30:02.391,1.1036,1.10363,820000,3190000
2019.09.05 08:30:02.492,1.10361,1.10364,940000,1000000
2019.09.05 08:30:02.593,1.10361,1.10365,940000,4760000
2019.09.05 08:30:02.695,1.10361,1.10363,1500000,1500000
2019.09.05 08:30:03.639,1.10362,1.10364,560000,2060000
2019.09.05 08:30:03.740,1.10362,1.10366,4450000,1500000
2019.09.05 08:30:03.885,1.10362,1.10365,1000000,750000
2019.09.05 08:30:04.357,1.10361,1.10364,2870000,1500000
2019.09.05 08:30:04.458,1.10361,1.10363,3250000,750000
2019.09.05 08:30:04.559,1.10361,1.10363,4690000,940000
2019.09.05 08:30:04.779,1.10361,1.10364,3190000,750000
2019.09.05 08:30:04.880,1.10362,1.10364,940000,820000
2019.09.05 08:30:04.982,1.10361,1.10364,1390000,2320000
2019.09.05 08:30:06.877,1.10361,1.10365,2440000,3260000
2019.09.05 08:30:06.978,1.10362,1.10366,5540000,2250000
2019.09.05 08:30:07.080,1.10363,1.10366,1820000,750000
2019.09.05 08:30:09.238,1.10361,1.10365,2060000,1760000
2019.09.05 08:30:09.390,1.10361,1.10365,1070000,2250000
2019.09.05 08:30:10.004,1.10362,1.10365,850000,820000
2019.09.05 08:30:10.156,1.10363,1.10366,640000,750000
2019.09.05 08:30:11.167,1.10363,1.10367,1310000,1200000
2019.09.05 08:30:11.370,1.10364,1.10368,3260000,1690000
2019.09.05 08:30:11.471,1.10365,1.10368,2060000,3750000
2019.09.05 08:30:11.574,1.10366,1.10368,1570000,1500000
2019.09.05 08:30:11.626,1.10368,1.10369,1200000,750000
2019.09.05 08:30:11.701,1.10368,1.1037,940000,1870000
2019.09.05 08:30:11.803,1.10368,1.10371,1120000,1870000
2019.09.05 08:30:12.007,1.10368,1.10371,500000,3850000
2019.09.05 08:30:12.108,1.1037,1.10371,500000,750000
2019.09.05 08:30:12.209,1.10369,1.10371,500000,820000
2019.09.05 08:30:12.361,1.1037,1.10373,500000,1690000
2019.09.05 08:30:12.490,1.10371,1.10374,820000,750000
2019.09.05 08:30:12.591,1.1037,1.10375,2140000,3640000
2019.09.05 08:30:12.693,1.1037,1.10373,750000,1950000
2019.09.05 08:30:12.945,1.1037,1.10372,750000,1120000
2019.09.05 08:30:13.425,1.10369,1.10373,1390000,1970000
2019.09.05 08:30:13.526,1.10369,1.10373,1390000,750000
2019.09.05 08:30:15.381,1.10372,1.10374,820000,750000
2019.09.05 08:30:15.432,1.10374,1.10376,640000,750000
2019.09.05 08:30:15.533,1.10375,1.10377,560000,750000
2019.09.05 08:30:15.685,1.10375,1.10376,750000,750000
2019.09.05 08:30:17.742,1.10375,1.10377,500000,750000
2019.09.05 08:30:18.146,1.10376,1.10379,1790000,750000
2019.09.05 08:30:18.308,1.10377,1.10379,560000,750000
2019.09.05 08:30:18.662,1.10378,1.10379,560000,750000
2019.09.05 08:30:18.764,1.10377,1.10379,1310000,750000
2019.09.05 08:30:18.866,1.10377,1.10379,1000000,750000
2019.09.05 08:30:18.967,1.10376,1.10379,850000,1500000
2019.09.05 08:30:19.585,1.10375,1.10378,750000,750000
2019.09.05 08:30:19.788,1.10375,1.10378,750000,750000
2019.09.05 08:30:20.538,1.10374,1.10378,1450000,2620000
2019.09.05 08:30:23.272,1.10374,1.10377,3070000,1760000
2019.09.05 08:30:23.373,1.10374,1.10377,3070000,1820000
2019.09.05 08:30:24.266,1.10375,1.10378,1200000,940000
2019.09.05 08:30:25.263,1.10377,1.10379,1600000,940000
2019.09.05 08:30:25.364,1.10377,1.10379,750000,1500000
2019.09.05 08:30:26.489,1.10377,1.1038,1760000,3070000
2019.09.05 08:30:26.692,1.10376,1.1038,2140000,2440000
2019.09.05 08:30:26.794,1.10376,1.10378,500000,1690000
2019.09.05 08:30:27.698,1.10376,1.10379,600000,1760000
2019.09.05 08:30:28.054,1.10375,1.10378,750000,2890000
2019.09.05 08:30:28.157,1.10376,1.10378,1200000,1000000
2019.09.05 08:30:28.258,1.10377,1.10379,4310000,940000
2019.09.05 08:30:29.585,1.10377,1.10378,750000,940000
2019.09.05 08:30:29.807,1.10377,1.10379,1310000,940000
2019.09.05 08:30:31.740,1.10375,1.10378,1500000,940000
2019.09.05 08:30:35.349,1.10374,1.10377,600000,3620000
2019.09.05 08:30:35.840,1.10374,1.10378,2700000,3620000
2019.09.05 08:30:35.942,1.10374,1.10376,600000,3250000
2019.09.05 08:30:36.533,1.10374,1.10376,600000,2060000
2019.09.05 08:30:36.635,1.10372,1.10374,2720000,750000
2019.09.05 08:30:36.686,1.1037,1.10373,1570000,1310000
2019.09.05 08:30:36.736,1.10371,1.10373,6450000,1000000
2019.09.05 08:30:36.872,1.1037,1.10372,850000,2060000
2019.09.05 08:30:36.974,1.1037,1.10372,820000,2500000
2019.09.05 08:30:37.083,1.1037,1.10371,820000,2440000
2019.09.05 08:30:37.185,1.1037,1.10371,1200000,940000
2019.09.05 08:30:37.488,1.10369,1.10371,1220000,2810000
2019.09.05 08:30:37.590,1.10369,1.10371,750000,2060000
2019.09.05 08:30:38.389,1.1037,1.10371,820000,500000
2019.09.05 08:30:38.490,1.10369,1.10371,820000,1690000
2019.09.05 08:30:40.175,1.10368,1.10371,4040000,750000
2019.09.05 08:30:40.277,1.10367,1.1037,640000,1870000
2019.09.05 08:30:40.954,1.10368,1.10371,3350000,500000
2019.09.05 08:30:43.347,1.10368,1.1037,660000,500000
2019.09.05 08:30:43.448,1.10367,1.1037,640000,1120000
2019.09.05 08:30:44.402,1.10369,1.1037,600000,500000
2019.09.05 08:30:45.829,1.10368,1.1037,1200000,750000
2019.09.05 08:30:51.277,1.10367,1.1037,1570000,3940000
2019.09.05 08:30:51.403,1.10367,1.10369,600000,3940000
2019.09.05 08:30:53.851,1.10367,1.10371,4390000,2060000
2019.09.05 08:30:53.953,1.10366,1.10368,750000,5140000
2019.09.05 08:30:54.054,1.10366,1.10367,500000,750000
2019.09.05 08:30:54.180,1.10364,1.10366,750000,4690000
2019.09.05 08:30:56.442,1.10364,1.10366,1970000,2440000
2019.09.05 08:30:56.544,1.10364,1.10366,2140000,1120000
2019.09.05 08:30:56.711,1.10362,1.10363,600000,940000
2019.09.05 08:30:57.929,1.1036,1.10363,1570000,3620000
2019.09.05 08:30:58.031,1.10362,1.10364,600000,2060000
2019.09.05 08:30:58.133,1.10362,1.10365,2140000,750000
2019.09.05 08:30:58.235,1.10362,1.10364,600000,750000
2019.09.05 08:30:58.438,1.10362,1.10365,2320000,2060000
2019.09.05 08:30:58.540,1.10362,1.10364,600000,750000
2019.09.05 08:30:59.066,1.10363,1.10364,500000,750000
2019.09.05 08:30:59.117,1.10364,1.10366,2890000,500000
2019.09.05 08:30:59.218,1.10363,1.10366,1010000,1120000
2019.09.05 08:30:59.470,1.10363,1.10365,600000,2060000
2019.09.05 08:31:00.836,1.10362,1.10364,750000,1500000
2019.09.05 08:31:00.980,1.10362,1.10363,600000,750000
2019.09.05 08:31:01.081,1.10362,1.10364,1200000,750000
2019.09.05 08:31:01.183,1.10361,1.10364,1200000,1310000
2019.09.05 08:31:01.608,1.10362,1.10365,2720000,1690000
2019.09.05 08:31:01.710,1.10362,1.10365,750000,3190000
2019.09.05 08:31:02.165,1.10363,1.10365,1200000,750000
2019.09.05 08:31:02.266,1.10364,1.10365,750000,500000
2019.09.05 08:31:02.570,1.10363,1.10365,820000,1870000
2019.09.05 08:31:02.672,1.10364,1.10365,750000,500000
2019.09.05 08:31:02.723,1.10362,1.10365,750000,2440000
2019.09.05 08:31:02.881,1.10363,1.10365,1760000,500000
2019.09.05 08:31:03.033,1.10362,1.10365,2510000,2250000
2019.09.05 08:31:03.336,1.10362,1.10365,3660000,750000
2019.09.05 08:31:03.695,1.10362,1.10365,2140000,500000
2019.09.05 08:31:03.796,1.10362,1.10365,2160000,500000
2019.09.05 08:31:03.897,1.10362,1.10365,2140000,500000
2019.09.05 08:31:04.025,1.10362,1.10364,750000,500000
2019.09.05 08:31:04.674,1.10362,1.10365,1950000,1120000
2019.09.05 08:31:04.725,1.10364,1.10366,1200000,500000
2019.09.05 08:31:04.826,1.10364,1.10367,4410000,500000
2019.09.05 08:31:04.978,1.10364,1.10367,1950000,500000
2019.09.05 08:31:05.079,1.10363,1.10367,1970000,1310000
2019.09.05 08:31:05.180,1.10364,1.10367,1970000,500000
2019.09.05 08:31:05.455,1.10364,1.10367,1950000,500000
2019.09.05 08:31:05.587,1.10364,1.10367,4410000,500000
2019.09.05 08:31:07.369,1.10361,1.10363,600000,3370000
2019.09.05 08:31:07.471,1.10361,1.10362,1310000,2250000
2019.09.05 08:31:07.573,1.10359,1.10361,600000,2500000
2019.09.05 08:31:07.675,1.1036,1.10362,1010000,560000
2019.09.05 08:31:08.347,1.10359,1.10361,600000,2060000
2019.09.05 08:31:08.448,1.1036,1.10362,2320000,560000
2019.09.05 08:31:08.550,1.10359,1.10361,600000,1690000
2019.09.05 08:31:09.235,1.10358,1.10361,600000,1120000
2019.09.05 08:31:09.381,1.10358,1.1036,600000,1120000
2019.09.05 08:31:09.483,1.10358,1.10361,600000,1120000
2019.09.05 08:31:14.089,1.10358,1.1036,750000,750000
2019.09.05 08:31:14.190,1.10357,1.1036,600000,3560000
2019.09.05 08:31:14.353,1.10357,1.10361,1200000,4310000
2019.09.05 08:31:15.012,1.10359,1.10361,1570000,750000
2019.09.05 08:31:16.380,1.10359,1.1036,500000,750000
2019.09.05 08:31:16.481,1.10358,1.10362,2160000,1500000
2019.09.05 08:31:16.583,1.10358,1.10362,2140000,1120000
2019.09.05 08:31:16.734,1.10359,1.10362,1950000,500000
2019.09.05 08:31:17.482,1.10359,1.10361,600000,1500000
2019.09.05 08:31:17.813,1.10359,1.10362,1950000,500000
2019.09.05 08:31:18.605,1.10359,1.10362,1410000,500000
2019.09.05 08:31:19.060,1.10358,1.10361,640000,750000
2019.09.05 08:31:20.524,1.10357,1.1036,750000,2060000
2019.09.05 08:31:20.626,1.10358,1.1036,750000,750000
2019.09.05 08:31:20.727,1.10358,1.10361,2700000,750000
2019.09.05 08:31:21.806,1.10357,1.1036,600000,2060000
2019.09.05 08:31:21.908,1.10357,1.1036,600000,1870000
2019.09.05 08:31:22.161,1.10359,1.10361,2720000,750000
2019.09.05 08:31:22.262,1.10359,1.10361,2700000,750000
2019.09.05 08:31:23.174,1.10359,1.10361,1970000,750000
2019.09.05 08:31:23.554,1.10359,1.10361,1200000,1690000
2019.09.05 08:31:23.706,1.1036,1.10361,500000,750000
2019.09.05 08:31:24.711,1.1036,1.10362,500000,1000000
2019.09.05 08:31:25.428,1.10361,1.10363,1950000,940000
2019.09.05 08:31:25.680,1.10363,1.10364,1200000,750000
2019.09.05 08:31:25.731,1.10363,1.10365,1570000,1120000
2019.09.05 08:31:25.833,1.10364,1.10365,600000,750000
2019.09.05 08:31:26.239,1.10361,1.10364,1500000,4610000
2019.09.05 08:31:26.341,1.10362,1.10363,600000,750000
2019.09.05 08:31:26.442,1.1036,1.10363,600000,2870000
2019.09.05 08:31:26.543,1.1036,1.10363,600000,3250000
2019.09.05 08:31:26.775,1.10362,1.10364,850000,750000
2019.09.05 08:31:26.876,1.10361,1.10364,600000,2060000
2019.09.05 08:31:26.978,1.1036,1.10363,1570000,2500000
2019.09.05 08:31:27.080,1.10362,1.10363,1200000,940000
2019.09.05 08:31:27.183,1.10361,1.10363,750000,2440000
2019.09.05 08:31:27.487,1.1036,1.10362,500000,3190000
2019.09.05 08:31:27.538,1.1036,1.10363,2320000,4000000
2019.09.05 08:31:27.640,1.10361,1.10363,1200000,1000000
2019.09.05 08:31:27.743,1.10361,1.10363,1220000,940000
2019.09.05 08:31:28.229,1.1036,1.10363,1570000,4000000
2019.09.05 08:31:28.966,1.10362,1.10364,600000,2060000
2019.09.05 08:31:29.068,1.10361,1.10365,3640000,2060000
2019.09.05 08:31:29.191,1.10361,1.10363,600000,2810000
2019.09.05 08:31:29.293,1.10361,1.10364,820000,2440000
2019.09.05 08:31:29.394,1.10363,1.10365,2950000,750000
2019.09.05 08:31:29.546,1.10361,1.10364,820000,2810000
2019.09.05 08:31:29.952,1.10361,1.10363,500000,940000
2019.09.05 08:31:32.280,1.1036,1.10362,500000,2500000
2019.09.05 08:31:33.324,1.1036,1.10363,820000,2120000
2019.09.05 08:31:33.577,1.1036,1.10364,2700000,1750000
2019.09.05 08:31:33.679,1.1036,1.10363,600000,2500000
2019.09.05 08:31:33.780,1.10361,1.10364,1310000,1750000
2019.09.05 08:31:33.906,1.10361,1.10363,850000,940000
2019.09.05 08:31:34.009,1.10361,1.10363,500000,1000000
2019.09.05 08:31:34.363,1.10361,1.10363,600000,2440000
2019.09.05 08:31:34.414,1.10362,1.10366,4040000,1690000
2019.09.05 08:31:34.516,1.10363,1.10365,500000,500000
2019.09.05 08:31:34.654,1.10363,1.10365,500000,750000
2019.09.05 08:31:35.522,1.10364,1.10367,2700000,1870000
2019.09.05 08:31:36.915,1.10363,1.10366,2250000,750000
2019.09.05 08:31:38.398,1.10364,1.10367,3660000,750000
2019.09.05 08:31:38.499,1.10364,1.10367,3190000,1870000
2019.09.05 08:31:39.128,1.10365,1.10367,750000,750000
2019.09.05 08:31:39.888,1.10363,1.10365,750000,1690000
2019.09.05 08:31:39.990,1.10363,1.10366,3640000,1310000
2019.09.05 08:31:40.715,1.10363,1.10365,750000,1120000
2019.09.05 08:31:40.817,1.10363,1.10366,2890000,1120000
2019.09.05 08:31:40.918,1.10363,1.10365,750000,500000
2019.09.05 08:31:41.116,1.10364,1.10366,750000,500000
2019.09.05 08:31:41.469,1.10363,1.10366,750000,1120000
2019.09.05 08:31:41.890,1.10362,1.10366,5120000,1570000
2019.09.05 08:31:41.992,1.10362,1.10364,940000,1120000
2019.09.05 08:31:42.194,1.10362,1.10366,6190000,1870000
2019.09.05 08:31:42.296,1.10362,1.10365,2060000,1120000
2019.09.05 08:31:42.397,1.10362,1.10364,820000,1120000
2019.09.05 08:31:42.660,1.10362,1.10366,3660000,1870000
2019.09.05 08:31:42.762,1.10362,1.10366,1200000,2440000
2019.09.05 08:31:42.863,1.10362,1.10366,1120000,2570000
2019.09.05 08:31:45.102,1.10364,1.10367,1310000,1690000
2019.09.05 08:31:45.615,1.10364,1.10367,2350000,750000
2019.09.05 08:31:45.716,1.10364,1.10367,1870000,750000
2019.09.05 08:31:46.070,1.10365,1.10367,2320000,750000
2019.09.05 08:31:46.385,1.10362,1.10365,1750000,2320000
2019.09.05 08:31:46.486,1.10362,1.10365,1450000,1120000
2019.09.05 08:31:46.587,1.10362,1.10365,3110000,1870000
2019.09.05 08:31:46.901,1.10362,1.10366,2950000,2060000
2019.09.05 08:31:47.155,1.10364,1.10367,3320000,750000
2019.09.05 08:31:47.409,1.10363,1.10367,2570000,750000
2019.09.05 08:31:48.212,1.10364,1.10366,750000,750000
2019.09.05 08:31:48.515,1.10363,1.10366,560000,940000
2019.09.05 08:31:49.334,1.10364,1.10368,4220000,1000000
2019.09.05 08:31:49.435,1.10365,1.10368,820000,1690000
2019.09.05 08:31:49.637,1.10365,1.10369,1310000,1010000
2019.09.05 08:31:49.738,1.10366,1.10368,820000,750000
2019.09.05 08:31:49.878,1.10365,1.10369,1790000,1390000
2019.09.05 08:31:50.080,1.10365,1.10369,2060000,2510000
2019.09.05 08:31:50.282,1.10366,1.10369,8700000,750000
2019.09.05 08:31:50.384,1.10368,1.1037,7190000,750000
2019.09.05 08:31:50.485,1.10367,1.10371,4370000,2510000
2019.09.05 08:31:50.587,1.10367,1.1037,750000,3260000
2019.09.05 08:31:50.725,1.10367,1.10371,3560000,2510000
2019.09.05 08:31:50.827,1.10369,1.10372,4200000,1870000
2019.09.05 08:31:50.980,1.10369,1.10372,1970000,1870000
2019.09.05 08:31:52.168,1.10369,1.10372,1570000,1500000
2019.09.05 08:31:53.260,1.10367,1.10371,5200000,1950000
2019.09.05 08:31:55.126,1.10367,1.10371,3260000,2500000
2019.09.05 08:31:55.228,1.10367,1.10371,2570000,2250000
2019.09.05 08:31:55.593,1.10367,1.10371,2320000,2500000
2019.09.05 08:31:55.741,1.10367,1.10371,2970000,2700000
2019.09.05 08:31:57.113,1.10368,1.10371,1500000,1310000
2019.09.05 08:31:57.164,1.1037,1.10372,8890000,750000
2019.09.05 08:31:57.295,1.10369,1.10372,5200000,600000
2019.09.05 08:31:57.397,1.10368,1.10371,750000,1500000
2019.09.05 08:32:01.876,1.10368,1.10369,1870000,750000
2019.09.05 08:32:02.281,1.10367,1.10368,500000,750000
2019.09.05 08:32:02.332,1.10366,1.10368,500000,2440000
2019.09.05 08:32:03.668,1.10367,1.10368,500000,750000
2019.09.05 08:32:04.599,1.10366,1.10368,1120000,820000
2019.09.05 08:32:04.700,1.10366,1.10367,750000,750000
2019.09.05 08:32:05.059,1.10365,1.10367,750000,3260000
2019.09.05 08:32:05.442,1.10365,1.10368,820000,2510000
2019.09.05 08:32:05.865,1.10364,1.10367,750000,6290000
2019.09.05 08:32:05.966,1.10364,1.10365,750000,1500000
2019.09.05 08:32:06.067,1.10362,1.10363,750000,4120000
2019.09.05 08:32:06.135,1.1036,1.10363,750000,6350000
2019.09.05 08:32:06.237,1.10359,1.10361,750000,8160000
2019.09.05 08:32:06.338,1.10358,1.10361,750000,3250000
2019.09.05 08:32:06.440,1.10357,1.10359,940000,750000
2019.09.05 08:32:06.541,1.10355,1.10359,1410000,4010000
2019.09.05 08:32:07.000,1.10354,1.10357,1120000,1600000
2019.09.05 08:32:07.918,1.10354,1.10357,750000,1310000
2019.09.05 08:32:10.492,1.10354,1.10356,750000,1690000
2019.09.05 08:32:10.644,1.10354,1.10357,2620000,1390000
2019.09.05 08:32:10.745,1.10354,1.10356,750000,820000
2019.09.05 08:32:11.503,1.10352,1.10354,750000,5890000
2019.09.05 08:32:11.604,1.1035,1.10352,750000,1310000
2019.09.05 08:32:14.852,1.10349,1.10352,820000,2140000
2019.09.05 08:32:14.953,1.10348,1.1035,6940000,500000
2019.09.05 08:32:15.004,1.10346,1.10347,1120000,1690000
2019.09.05 08:32:15.106,1.10344,1.10346,750000,1500000
2019.09.05 08:32:15.207,1.10343,1.10346,500000,2810000
2019.09.05 08:32:15.309,1.10344,1.10346,500000,500000
2019.09.05 08:32:15.410,1.10346,1.10347,750000,1690000
2019.09.05 08:32:15.512,1.10347,1.10349,1120000,1750000
2019.09.05 08:32:15.614,1.10348,1.1035,2250000,1000000
2019.09.05 08:32:15.664,1.10347,1.10348,750000,1200000
2019.09.05 08:32:15.765,1.10347,1.10349,1120000,500000
2019.09.05 08:32:16.288,1.10346,1.10349,1870000,2810000
2019.09.05 08:32:16.389,1.10345,1.10348,1120000,5540000
2019.09.05 08:32:16.490,1.10345,1.10348,1120000,2140000
2019.09.05 08:32:16.744,1.10346,1.10348,1120000,1000000
2019.09.05 08:32:16.795,1.10345,1.10348,1120000,1690000
2019.09.05 08:32:17.484,1.10345,1.10347,750000,3640000
2019.09.05 08:32:17.586,1.10344,1.10347,1500000,2060000
2019.09.05 08:32:17.914,1.10344,1.10347,750000,2500000
2019.09.05 08:32:18.016,1.10347,1.10349,750000,1000000
2019.09.05 08:32:18.118,1.10348,1.1035,1500000,1310000
2019.09.05 08:32:18.574,1.10347,1.1035,1570000,640000
2019.09.05 08:32:18.878,1.10346,1.10349,750000,2200000
2019.09.05 08:32:21.741,1.10346,1.1035,1500000,5200000
2019.09.05 08:32:23.069,1.10346,1.10349,750000,4450000
2019.09.05 08:32:23.171,1.10346,1.1035,1500000,4670000
2019.09.05 08:32:23.529,1.10347,1.10349,750000,940000
2019.09.05 08:32:23.645,1.10346,1.1035,3070000,3470000
2019.09.05 08:32:24.973,1.10347,1.10351,1570000,3250000
2019.09.05 08:32:25.328,1.10347,1.1035,750000,1750000
2019.09.05 08:32:25.719,1.10347,1.10351,1500000,2950000
2019.09.05 08:32:29.488,1.10349,1.10352,1200000,1000000
2019.09.05 08:32:29.590,1.10349,1.10352,750000,4820000
2019.09.05 08:32:29.691,1.10352,1.10354,500000,5060000
2019.09.05 08:32:29.825,1.10352,1.10356,2140000,2810000
2019.09.05 08:32:29.926,1.10352,1.10356,1570000,2120000
2019.09.05 08:32:30.028,1.10352,1.10355,1500000,1390000
2019.09.05 08:32:30.129,1.10352,1.10355,2720000,940000
2019.09.05 08:32:30.967,1.10352,1.10353,750000,750000
2019.09.05 08:32:31.069,1.10352,1.10354,750000,750000
2019.09.05 08:32:31.171,1.10353,1.10355,820000,750000
2019.09.05 08:32:33.071,1.10352,1.10355,1500000,3940000
2019.09.05 08:32:34.434,1.10352,1.10354,1500000,1010000
2019.09.05 08:32:34.535,1.10351,1.10353,750000,1370000
2019.09.05 08:32:34.586,1.10352,1.10355,820000,560000
2019.09.05 08:32:34.688,1.10352,1.10355,750000,2200000
2019.09.05 08:32:34.790,1.1035,1.10351,1500000,3000000
2019.09.05 08:32:34.982,1.10345,1.10347,750000,2910000
2019.09.05 08:32:35.083,1.10344,1.10346,1500000,600000
2019.09.05 08:32:35.184,1.10344,1.10345,750000,500000
2019.09.05 08:32:35.336,1.10344,1.10346,1500000,500000
2019.09.05 08:32:35.589,1.10344,1.10345,750000,500000
2019.09.05 08:32:36.066,1.10343,1.10345,750000,940000
2019.09.05 08:32:37.102,1.10346,1.10347,750000,750000
2019.09.05 08:32:37.154,1.10346,1.10349,750000,750000
2019.09.05 08:32:37.205,1.10348,1.10349,750000,500000
2019.09.05 08:32:37.307,1.10347,1.10349,750000,1310000
2019.09.05 08:32:37.511,1.10346,1.10348,750000,560000
2019.09.05 08:32:37.815,1.10347,1.10348,750000,560000
2019.09.05 08:32:37.928,1.10347,1.10349,750000,560000
2019.09.05 08:32:38.386,1.10347,1.10349,1220000,560000
2019.09.05 08:32:38.596,1.10347,1.10349,750000,560000
2019.09.05 08:32:39.834,1.10347,1.1035,820000,940000
2019.09.05 08:32:40.082,1.10346,1.1035,750000,7010000
2019.09.05 08:32:40.133,1.10347,1.1035,2320000,1310000
2019.09.05 08:32:40.436,1.10347,1.1035,1570000,750000
2019.09.05 08:32:42.806,1.10346,1.10349,1200000,4690000
2019.09.05 08:32:42.907,1.10346,1.10349,2510000,500000
2019.09.05 08:32:43.008,1.10347,1.10349,750000,2060000
2019.09.05 08:32:43.616,1.10347,1.10349,750000,750000
2019.09.05 08:32:43.870,1.10347,1.1035,750000,750000
2019.09.05 08:32:43.972,1.10347,1.1035,1500000,560000
2019.09.05 08:32:44.073,1.10347,1.10349,750000,750000
2019.09.05 08:32:44.197,1.10347,1.10349,750000,560000
2019.09.05 08:32:45.354,1.10347,1.1035,750000,1370000
2019.09.05 08:32:45.455,1.10347,1.10348,750000,560000
2019.09.05 08:32:45.557,1.10347,1.10349,750000,560000
2019.09.05 08:32:45.658,1.10347,1.10348,750000,560000
2019.09.05 08:32:48.482,1.10345,1.10347,750000,1690000
2019.09.05 08:32:48.583,1.10345,1.10347,750000,2440000
2019.09.05 08:32:50.070,1.10347,1.10349,500000,1820000
2019.09.05 08:32:50.178,1.10349,1.10351,1870000,500000
2019.09.05 08:32:50.279,1.10348,1.1035,1870000,750000
2019.09.05 08:32:50.330,1.10346,1.10348,3940000,1540000
2019.09.05 08:32:50.432,1.10344,1.10347,750000,2570000
2019.09.05 08:32:53.148,1.10344,1.10348,750000,4680000
2019.09.05 08:32:53.623,1.10346,1.10348,1950000,500000
2019.09.05 08:32:53.826,1.10346,1.10347,750000,500000
2019.09.05 08:32:53.928,1.10346,1.10348,1570000,500000
2019.09.05 08:32:55.762,1.10346,1.10347,750000,500000
2019.09.05 08:32:56.247,1.10346,1.10348,1200000,500000
2019.09.05 08:32:56.451,1.10347,1.10349,1570000,560000
2019.09.05 08:32:56.554,1.10346,1.10348,750000,1370000
2019.09.05 08:32:56.707,1.10346,1.10348,750000,560000
2019.09.05 08:32:58.092,1.10347,1.1035,1570000,750000
2019.09.05 08:32:58.584,1.10348,1.10349,750000,640000
2019.09.05 08:33:00.237,1.10347,1.10349,750000,1690000
2019.09.05 08:33:00.338,1.10346,1.10348,750000,1070000
2019.09.05 08:33:00.451,1.10346,1.10348,750000,820000
2019.09.05 08:33:00.629,1.10345,1.10347,750000,940000
2019.09.05 08:33:01.062,1.10345,1.10347,750000,940000
2019.09.05 08:33:01.214,1.10345,1.10347,750000,560000
2019.09.05 08:33:03.915,1.10346,1.10348,750000,500000
2019.09.05 08:33:03.967,1.10347,1.10349,940000,600000
2019.09.05 08:33:04.069,1.10347,1.10348,750000,500000
2019.09.05 08:33:05.696,1.10346,1.10348,750000,1010000
2019.09.05 08:33:05.747,1.10347,1.10349,1200000,750000
2019.09.05 08:33:05.850,1.10347,1.1035,1500000,500000
2019.09.05 08:33:06.003,1.10347,1.10349,750000,1870000
2019.09.05 08:33:06.106,1.10347,1.1035,1500000,640000
2019.09.05 08:33:06.763,1.10347,1.1035,1500000,2160000
2019.09.05 08:33:07.284,1.10347,1.1035,1570000,1390000
2019.09.05 08:33:07.781,1.10347,1.10351,750000,4760000
2019.09.05 08:33:07.832,1.10349,1.10351,750000,500000
2019.09.05 08:33:08.236,1.10348,1.10351,750000,500000
2019.09.05 08:33:08.615,1.10348,1.1035,750000,500000
2019.09.05 08:33:08.717,1.10347,1.10349,1690000,600000
2019.09.05 08:33:08.818,1.10346,1.10349,2140000,500000
2019.09.05 08:33:09.122,1.10346,1.10349,750000,1370000
2019.09.05 08:33:09.676,1.10346,1.10349,1010000,820000
2019.09.05 08:33:09.827,1.10346,1.10348,750000,500000
2019.09.05 08:33:12.917,1.10346,1.10347,500000,500000
2019.09.05 08:33:13.069,1.10346,1.10349,1500000,2120000
2019.09.05 08:33:13.120,1.10346,1.10349,940000,750000
2019.09.05 08:33:13.568,1.10345,1.10348,750000,2060000
2019.09.05 08:33:13.862,1.10346,1.10349,3350000,560000
2019.09.05 08:33:14.319,1.10348,1.10349,820000,500000
2019.09.05 08:33:14.421,1.10346,1.10349,750000,1750000
2019.09.05 08:33:14.523,1.10346,1.10349,1750000,1760000
2019.09.05 08:33:14.729,1.10347,1.10348,750000,750000
2019.09.05 08:33:14.780,1.10345,1.10348,750000,1760000
2019.09.05 08:33:15.846,1.10345,1.10346,1690000,500000
2019.09.05 08:33:15.947,1.10344,1.10346,1690000,750000
2019.09.05 08:33:16.049,1.10343,1.10345,1120000,500000
2019.09.05 08:33:16.252,1.10343,1.10344,600000,500000
2019.09.05 08:33:16.908,1.10342,1.10343,750000,500000
2019.09.05 08:33:17.010,1.1034,1.10343,1200000,2060000
2019.09.05 08:33:17.111,1.1034,1.10342,600000,2060000
2019.09.05 08:33:17.969,1.10341,1.10342,600000,500000
2019.09.05 08:33:18.356,1.10341,1.10343,1200000,3620000
2019.09.05 08:33:18.458,1.10341,1.10343,1950000,750000
2019.09.05 08:33:18.510,1.1034,1.10342,820000,2060000
2019.09.05 08:33:19.311,1.1034,1.10343,1200000,3620000
2019.09.05 08:33:19.413,1.1034,1.10344,1950000,750000
2019.09.05 08:33:19.514,1.1034,1.10343,600000,750000
2019.09.05 08:33:20.154,1.1034,1.10343,600000,560000
2019.09.05 08:33:20.458,1.1034,1.10343,600000,750000
2019.09.05 08:33:22.227,1.1034,1.10344,1950000,750000
2019.09.05 08:33:22.354,1.1034,1.10344,1970000,750000
2019.09.05 08:33:22.696,1.1034,1.10343,600000,750000
2019.09.05 08:33:22.800,1.1034,1.10344,1950000,750000
2019.09.05 08:33:22.901,1.1034,1.10343,1570000,750000
2019.09.05 08:33:23.348,1.10341,1.10343,1220000,940000
2019.09.05 08:33:23.509,1.10341,1.10343,750000,940000
2019.09.05 08:33:23.797,1.10341,1.10344,600000,1370000
2019.09.05 08:33:23.948,1.10342,1.10344,600000,750000
2019.09.05 08:33:24.050,1.10343,1.10345,1200000,560000
2019.09.05 08:33:24.152,1.10344,1.10346,1220000,560000
2019.09.05 08:33:24.262,1.10344,1.10346,820000,1120000
2019.09.05 08:33:24.364,1.10344,1.10347,1950000,500000
2019.09.05 08:33:24.415,1.10344,1.10345,600000,500000
2019.09.05 08:33:24.567,1.10344,1.10346,600000,500000
2019.09.05 08:33:24.770,1.10344,1.10347,2700000,500000
2019.09.05 08:33:24.871,1.10344,1.10347,1950000,750000
2019.09.05 08:33:25.648,1.10344,1.10346,600000,560000
2019.09.05 08:33:25.974,1.10344,1.10346,600000,560000
2019.09.05 08:33:26.177,1.10344,1.10347,1950000,560000
2019.09.05 08:33:26.278,1.10344,1.10346,600000,560000
2019.09.05 08:33:26.379,1.10344,1.10347,1950000,560000
2019.09.05 08:33:26.970,1.10344,1.10346,600000,560000
2019.09.05 08:33:27.117,1.10344,1.10346,600000,560000
2019.09.05 08:33:28.180,1.10344,1.10347,1570000,560000
2019.09.05 08:33:28.439,1.10344,1.10346,750000,500000
2019.09.05 08:33:29.652,1.10344,1.10346,750000,850000
2019.09.05 08:33:29.753,1.10344,1.10346,750000,600000
2019.09.05 08:33:30.158,1.10343,1.10346,1750000,820000
2019.09.05 08:33:30.260,1.10343,1.10347,3820000,2060000
2019.09.05 08:33:30.362,1.10343,1.10346,820000,1760000
2019.09.05 08:33:31.096,1.10343,1.10347,3820000,1310000
2019.09.05 08:33:31.293,1.10343,1.10346,750000,1690000
2019.09.05 08:33:31.344,1.10343,1.10344,750000,500000
2019.09.05 08:33:31.395,1.10341,1.10344,750000,1760000
2019.09.05 08:33:31.497,1.10342,1.10345,820000,1310000
2019.09.05 08:33:31.599,1.10343,1.10346,2320000,1310000
2019.09.05 08:33:32.235,1.10344,1.10346,1500000,750000
2019.09.05 08:33:32.797,1.10344,1.10347,3070000,750000
2019.09.05 08:33:32.949,1.10344,1.10346,600000,750000
2019.09.05 08:33:33.740,1.10344,1.10345,600000,750000
2019.09.05 08:33:33.904,1.10344,1.10346,600000,750000
2019.09.05 08:33:34.006,1.10343,1.10346,600000,560000
2019.09.05 08:33:34.157,1.10342,1.10345,1200000,2810000
2019.09.05 08:33:34.208,1.10342,1.10344,750000,560000
2019.09.05 08:33:34.309,1.10342,1.10344,750000,560000
2019.09.05 08:33:34.410,1.10342,1.10345,1200000,2120000
2019.09.05 08:33:34.528,1.10342,1.10345,940000,1120000
2019.09.05 08:33:34.630,1.10342,1.10344,1500000,2620000
2019.09.05 08:33:36.763,1.10342,1.10345,2890000,500000
2019.09.05 08:33:36.865,1.10342,1.10345,2910000,500000
2019.09.05 08:33:36.967,1.10342,1.10345,2890000,500000
2019.09.05 08:33:37.120,1.10343,1.10346,1950000,1000000
2019.09.05 08:33:41.294,1.10342,1.10343,750000,750000
2019.09.05 08:33:41.345,1.10339,1.1034,1500000,2440000
2019.09.05 08:33:41.396,1.10338,1.10339,750000,3750000
2019.09.05 08:33:41.497,1.10336,1.10337,1500000,4120000
2019.09.05 08:33:41.607,1.10334,1.10337,1950000,2500000
2019.09.05 08:33:42.358,1.10334,1.10338,3820000,4000000
2019.09.05 08:33:42.460,1.10334,1.10337,600000,3250000
2019.09.05 08:33:43.069,1.10334,1.10336,750000,2500000
2019.09.05 08:33:43.484,1.10335,1.10337,600000,940000
2019.09.05 08:33:43.586,1.10338,1.10339,1500000,560000
2019.09.05 08:33:43.637,1.10338,1.1034,1390000,560000
2019.09.05 08:33:43.790,1.10338,1.10339,750000,560000
2019.09.05 08:33:43.892,1.10338,1.10341,1200000,1310000
2019.09.05 08:33:43.993,1.10338,1.10341,1200000,1370000
2019.09.05 08:33:44.094,1.10339,1.10341,1220000,940000
2019.09.05 08:33:44.214,1.10339,1.10341,1200000,940000
2019.09.05 08:33:45.742,1.10338,1.10341,2700000,1690000
2019.09.05 08:33:45.844,1.10337,1.1034,640000,1120000
2019.09.05 08:33:46.301,1.10337,1.10341,2140000,1310000
2019.09.05 08:33:46.796,1.10338,1.10341,2140000,500000
2019.09.05 08:33:47.095,1.10338,1.1034,600000,500000
2019.09.05 08:33:47.324,1.10337,1.10341,6320000,2250000
2019.09.05 08:33:47.426,1.10336,1.10339,1200000,1690000
2019.09.05 08:33:47.579,1.10335,1.10339,2890000,2060000
2019.09.05 08:33:47.680,1.10335,1.10338,600000,1310000
2019.09.05 08:33:48.121,1.10335,1.10337,600000,1310000
2019.09.05 08:33:48.540,1.10335,1.10338,820000,2120000
2019.09.05 08:33:48.642,1.10335,1.10338,600000,2870000
2019.09.05 08:33:48.845,1.10336,1.10339,1950000,3250000
2019.09.05 08:33:48.991,1.10337,1.10341,2700000,2870000
2019.09.05 08:33:49.715,1.10338,1.1034,600000,940000
2019.09.05 08:33:50.608,1.10338,1.10341,1200000,1000000
2019.09.05 08:33:51.475,1.10338,1.10341,1200000,1000000
2019.09.05 08:33:51.659,1.10337,1.10341,2200000,4870000
2019.09.05 08:33:51.962,1.10337,1.10339,600000,1500000
2019.09.05 08:33:52.063,1.10337,1.1034,1760000,2620000
2019.09.05 08:33:52.165,1.10337,1.1034,750000,2120000
2019.09.05 08:33:52.377,1.10337,1.1034,820000,2440000
2019.09.05 08:33:52.428,1.10337,1.10339,750000,3190000
2019.09.05 08:33:53.774,1.10337,1.1034,820000,2810000
2019.09.05 08:33:53.875,1.10337,1.1034,750000,2870000
2019.09.05 08:33:53.976,1.10337,1.10339,750000,4370000
2019.09.05 08:33:56.453,1.10337,1.1034,750000,2870000
2019.09.05 08:33:57.276,1.10338,1.1034,750000,1370000
2019.09.05 08:33:58.132,1.10338,1.10342,2700000,4000000
2019.09.05 08:33:58.183,1.10342,1.10343,3820000,1690000
2019.09.05 08:33:58.303,1.10344,1.10345,1200000,750000
2019.09.05 08:33:58.455,1.10344,1.10345,750000,750000
2019.09.05 08:33:58.607,1.10344,1.10346,2700000,750000
2019.09.05 08:33:58.708,1.10344,1.10346,1970000,750000
2019.09.05 08:33:58.810,1.10344,1.10346,1500000,1120000
2019.09.05 08:34:00.688,1.10343,1.10345,820000,500000
2019.09.05 08:34:00.841,1.10342,1.10345,750000,2440000
2019.09.05 08:34:00.942,1.10342,1.10345,750000,2500000
2019.09.05 08:34:01.119,1.10342,1.10346,1950000,4000000
2019.09.05 08:34:01.671,1.10342,1.10345,600000,7000000
2019.09.05 08:34:01.888,1.10343,1.10346,1950000,560000
2019.09.05 08:34:03.085,1.10343,1.10347,6750000,640000
2019.09.05 08:34:03.288,1.10343,1.10346,750000,560000
2019.09.05 08:34:03.490,1.10343,1.10347,8320000,1310000
2019.09.05 08:34:03.948,1.10343,1.10345,1690000,500000
2019.09.05 08:34:04.050,1.10341,1.10342,6000000,3370000
2019.09.05 08:34:04.151,1.10338,1.1034,6250000,1200000
2019.09.05 08:34:04.202,1.10337,1.1034,1500000,4690000
2019.09.05 08:34:04.355,1.10338,1.1034,5500000,500000
2019.09.05 08:34:04.457,1.10338,1.1034,1500000,500000
2019.09.05 08:34:05.240,1.10338,1.1034,1000000,500000
2019.09.05 08:34:05.393,1.10338,1.1034,750000,940000
2019.09.05 08:34:05.810,1.10338,1.10341,2250000,1750000
2019.09.05 08:34:05.861,1.10338,1.10342,2320000,2120000
2019.09.05 08:34:06.063,1.10339,1.10341,750000,2870000
2019.09.05 08:34:08.713,1.10339,1.10343,820000,2870000
2019.09.05 08:34:09.408,1.10339,1.10341,750000,1370000
2019.09.05 08:34:10.112,1.10339,1.10342,750000,750000
2019.09.05 08:34:11.530,1.10339,1.10341,750000,2120000
2019.09.05 08:34:12.467,1.10341,1.10344,3640000,2500000
2019.09.05 08:34:12.725,1.10341,1.10344,1690000,1120000
2019.09.05 08:34:12.828,1.10342,1.10344,750000,1120000
2019.09.05 08:34:12.879,1.10343,1.10346,5620000,2500000
2019.09.05 08:34:13.183,1.10343,1.10347,1950000,3250000
2019.09.05 08:34:13.335,1.10343,1.10347,1760000,4690000
2019.09.05 08:34:13.478,1.10343,1.10346,750000,3190000
2019.09.05 08:34:13.893,1.10343,1.10347,2890000,2440000
2019.09.05 08:34:13.995,1.10344,1.10346,750000,500000
2019.09.05 08:34:14.219,1.10344,1.10347,4010000,500000
2019.09.05 08:34:14.523,1.10344,1.10345,750000,500000
2019.09.05 08:34:15.169,1.10341,1.10345,3190000,1390000
2019.09.05 08:34:15.271,1.10341,1.10344,750000,1310000
2019.09.05 08:34:15.791,1.10342,1.10345,1760000,500000
2019.09.05 08:34:15.997,1.10342,1.10345,2570000,1870000
2019.09.05 08:34:16.099,1.10341,1.10342,1500000,1870000
2019.09.05 08:34:16.200,1.1034,1.10343,2320000,560000
2019.09.05 08:34:16.503,1.1034,1.10343,2250000,2200000
2019.09.05 08:34:16.605,1.10342,1.10345,6260000,750000
2019.09.05 08:34:16.712,1.10342,1.10345,5250000,1970000
2019.09.05 08:34:16.813,1.10341,1.10344,940000,5570000
2019.09.05 08:34:16.915,1.10341,1.10345,3000000,6700000
2019.09.05 08:34:17.117,1.10342,1.10346,1950000,3660000
2019.09.05 08:34:21.741,1.10342,1.10344,750000,750000
2019.09.05 08:34:21.843,1.10339,1.10342,750000,2540000
2019.09.05 08:34:21.944,1.10339,1.10341,750000,560000
2019.09.05 08:34:22.425,1.10339,1.10342,1570000,560000
2019.09.05 08:34:22.526,1.10339,1.10341,750000,640000
2019.09.05 08:34:22.728,1.10339,1.10342,2700000,640000
2019.09.05 08:34:23.273,1.10338,1.10342,2510000,2440000
2019.09.05 08:34:23.961,1.10338,1.10341,750000,1690000
2019.09.05 08:34:25.084,1.10338,1.1034,500000,3000000
2019.09.05 08:34:25.815,1.10337,1.1034,1370000,3820000
2019.09.05 08:34:25.917,1.10336,1.1034,2120000,2700000
2019.09.05 08:34:26.018,1.10337,1.1034,940000,750000
2019.09.05 08:34:26.927,1.10337,1.10341,2700000,2870000
2019.09.05 08:34:27.078,1.10338,1.10341,2200000,750000
2019.09.05 08:34:27.254,1.10338,1.10339,750000,750000
2019.09.05 08:34:28.443,1.10337,1.10339,750000,2620000
2019.09.05 08:34:32.213,1.10337,1.1034,940000,1870000
2019.09.05 08:34:33.354,1.10337,1.1034,750000,2950000
2019.09.05 08:34:33.652,1.10337,1.1034,750000,2140000
2019.09.05 08:34:33.804,1.10337,1.10341,1950000,2120000
2019.09.05 08:34:33.906,1.10339,1.10342,2510000,1120000
2019.09.05 08:34:34.007,1.10342,1.10343,1570000,500000
2019.09.05 08:34:34.058,1.10342,1.10344,750000,560000
2019.09.05 08:34:34.250,1.10342,1.10346,2200000,2250000
2019.09.05 08:34:34.351,1.10342,1.10344,940000,3260000
2019.09.05 08:34:34.705,1.10343,1.10345,940000,1500000
2019.09.05 08:34:35.535,1.10342,1.10345,940000,500000
2019.09.05 08:34:35.638,1.10342,1.10344,1200000,1120000
2019.09.05 08:34:35.739,1.10342,1.10343,500000,500000
2019.09.05 08:34:36.241,1.10342,1.10345,640000,1120000
2019.09.05 08:34:36.343,1.10342,1.10346,850000,2440000
2019.09.05 08:34:37.206,1.10341,1.10343,940000,1870000
2019.09.05 08:34:37.289,1.1034,1.10341,750000,1870000
2019.09.05 08:34:37.341,1.10338,1.10341,1120000,2440000
2019.09.05 08:34:37.443,1.10339,1.10341,1200000,750000
2019.09.05 08:34:47.930,1.1034,1.10341,750000,750000
2019.09.05 08:34:48.314,1.1034,1.10342,1570000,750000
2019.09.05 08:34:48.605,1.10344,1.10345,4500000,750000
2019.09.05 08:34:48.655,1.10344,1.10346,1570000,1120000
2019.09.05 08:34:48.807,1.10345,1.10346,1200000,750000
2019.09.05 08:34:48.938,1.10344,1.10346,1950000,1870000
2019.09.05 08:34:49.343,1.10344,1.10346,5200000,1120000
2019.09.05 08:34:49.444,1.10343,1.10345,500000,1870000
2019.09.05 08:34:49.697,1.10343,1.10346,2890000,1120000
2019.09.05 08:34:50.506,1.10343,1.10345,750000,500000
2019.09.05 08:34:50.701,1.10341,1.10343,940000,7120000
2019.09.05 08:34:50.827,1.10341,1.10342,2250000,2440000
2019.09.05 08:34:50.878,1.10339,1.10341,750000,500000
2019.09.05 08:34:51.170,1.10339,1.1034,600000,500000
2019.09.05 08:34:51.768,1.10339,1.10341,1200000,500000
2019.09.05 08:34:51.907,1.10338,1.10341,600000,2060000
2019.09.05 08:34:52.145,1.10338,1.1034,820000,1310000
2019.09.05 08:34:52.555,1.10338,1.10341,1200000,1310000
2019.09.05 08:34:52.657,1.10338,1.10342,2140000,2060000
2019.09.05 08:34:52.758,1.10338,1.10342,2160000,3560000
2019.09.05 08:34:53.277,1.10338,1.10341,1450000,500000
2019.09.05 08:34:53.379,1.10337,1.10341,1470000,2250000
2019.09.05 08:34:53.531,1.10337,1.10339,600000,750000
2019.09.05 08:34:53.683,1.10337,1.1034,640000,750000
2019.09.05 08:34:54.556,1.10336,1.10339,1690000,1870000
2019.09.05 08:34:54.658,1.10336,1.10338,820000,2250000
2019.09.05 08:34:54.759,1.10336,1.10339,1010000,2250000
2019.09.05 08:34:55.490,1.10335,1.10337,750000,1310000
2019.09.05 08:34:55.591,1.10334,1.10336,1570000,750000
2019.09.05 08:34:55.693,1.10333,1.10335,750000,2250000
2019.09.05 08:34:55.794,1.10332,1.10335,750000,3190000
2019.09.05 08:34:55.938,1.10332,1.10335,2160000,1500000
2019.09.05 08:34:56.090,1.10332,1.10333,750000,750000
2019.09.05 08:34:56.191,1.10331,1.10333,750000,500000
2019.09.05 08:34:56.394,1.10331,1.10333,1070000,500000
2019.09.05 08:34:56.446,1.10329,1.10332,1000000,2810000
2019.09.05 08:34:56.850,1.10329,1.10332,1200000,500000
2019.09.05 08:34:57.338,1.10329,1.10332,1220000,500000
2019.09.05 08:34:57.440,1.10329,1.10332,1600000,1000000
2019.09.05 08:34:57.642,1.10329,1.10332,1120000,1000000
2019.09.05 08:34:57.872,1.10329,1.10331,2140000,1500000
2019.09.05 08:34:58.273,1.10328,1.10331,1690000,500000
2019.09.05 08:34:58.595,1.10328,1.10332,3940000,1010000
2019.09.05 08:34:58.697,1.10328,1.10332,3320000,750000
2019.09.05 08:34:58.798,1.10328,1.10332,3700000,1970000
2019.09.05 08:35:00.531,1.10328,1.10332,3700000,750000
2019.09.05 08:35:00.918,1.10328,1.1033,750000,500000
2019.09.05 08:35:01.020,1.10326,1.10329,500000,2630000
2019.09.05 08:35:01.122,1.10327,1.1033,2060000,750000
2019.09.05 08:35:01.367,1.10328,1.1033,1690000,750000
2019.09.05 08:35:03.666,1.10328,1.10331,2700000,2140000
2019.09.05 08:35:03.869,1.10327,1.10331,4010000,1690000
2019.09.05 08:35:03.970,1.10327,1.1033,750000,1690000
2019.09.05 08:35:04.124,1.10327,1.1033,750000,1820000
2019.09.05 08:35:04.225,1.10328,1.10331,750000,1010000
2019.09.05 08:35:04.698,1.10328,1.10332,1690000,1760000
2019.09.05 08:35:05.016,1.10328,1.10331,1500000,1690000
2019.09.05 08:35:05.168,1.10328,1.10332,5140000,1690000
2019.09.05 08:35:05.355,1.10328,1.10331,750000,940000
2019.09.05 08:35:05.800,1.10327,1.1033,750000,3560000
2019.09.05 08:35:05.902,1.10326,1.1033,1690000,2510000
2019.09.05 08:35:06.003,1.10327,1.1033,1760000,750000
2019.09.05 08:35:06.105,1.10326,1.1033,4070000,2250000
2019.09.05 08:35:06.226,1.10327,1.10329,500000,820000
2019.09.05 08:35:06.327,1.10326,1.1033,3640000,2810000
2019.09.05 08:35:06.428,1.10326,1.10329,600000,1690000
2019.09.05 08:35:06.479,1.10326,1.10328,600000,940000
2019.09.05 08:35:06.581,1.10325,1.10327,600000,2060000
2019.09.05 08:35:06.741,1.10325,1.10329,2140000,2440000
2019.09.05 08:35:06.893,1.10326,1.10329,600000,2440000
2019.09.05 08:35:06.944,1.10328,1.10329,750000,750000
2019.09.05 08:35:07.045,1.10328,1.1033,3640000,750000
2019.09.05 08:35:07.146,1.10328,1.1033,3660000,750000
2019.09.05 08:35:07.298,1.10326,1.10329,1200000,2440000
2019.09.05 08:35:07.399,1.10325,1.10328,640000,2500000
2019.09.05 08:35:07.500,1.10325,1.10327,1750000,1120000
2019.09.05 08:35:07.655,1.10324,1.10327,2220000,1310000
2019.09.05 08:35:12.652,1.10326,1.10328,1220000,750000
2019.09.05 08:35:12.753,1.10327,1.1033,1500000,940000
2019.09.05 08:35:12.855,1.10326,1.1033,2950000,1750000
2019.09.05 08:35:13.000,1.10326,1.10328,4070000,750000
2019.09.05 08:35:13.211,1.10325,1.10327,820000,500000
2019.09.05 08:35:13.312,1.10324,1.10327,750000,940000
2019.09.05 08:35:13.413,1.10324,1.10328,4640000,1000000
2019.09.05 08:35:13.565,1.10324,1.10326,750000,2440000
2019.09.05 08:35:15.085,1.10326,1.10327,500000,750000
2019.09.05 08:35:15.186,1.10324,1.10325,750000,1200000
2019.09.05 08:35:15.290,1.10323,1.10326,1570000,2140000
2019.09.05 08:35:16.161,1.10324,1.10326,1500000,750000
2019.09.05 08:35:19.069,1.10323,1.10326,750000,1760000
2019.09.05 08:35:21.104,1.10324,1.10326,750000,750000
2019.09.05 08:35:22.521,1.10323,1.10326,750000,4010000
2019.09.05 08:35:24.664,1.10326,1.10328,1390000,2440000
2019.09.05 08:35:24.765,1.10327,1.1033,1010000,2250000
2019.09.05 08:35:24.867,1.10327,1.10329,750000,1500000
2019.09.05 08:35:25.460,1.10327,1.1033,3560000,750000
2019.09.05 08:35:26.379,1.10327,1.1033,820000,2200000
2019.09.05 08:35:26.480,1.10328,1.10331,1120000,940000
2019.09.05 08:35:29.115,1.10329,1.10332,1390000,500000
2019.09.05 08:35:30.184,1.10328,1.10332,2440000,2890000
2019.09.05 08:35:33.744,1.10329,1.10333,4450000,750000
2019.09.05 08:35:35.257,1.10329,1.10333,4450000,1000000
2019.09.05 08:35:39.756,1.10331,1.10334,6260000,750000
2019.09.05 08:35:39.857,1.10332,1.10335,4760000,940000
2019.09.05 08:35:39.958,1.10333,1.10335,5250000,1690000
2019.09.05 08:35:40.009,1.10334,1.10336,750000,1000000
2019.09.05 08:35:40.161,1.10334,1.10337,2810000,1000000
2019.09.05 08:35:41.667,1.10334,1.10336,600000,750000
2019.09.05 08:35:42.158,1.10334,1.10337,1010000,750000
2019.09.05 08:35:42.346,1.10334,1.10336,600000,750000
2019.09.05 08:35:42.447,1.10334,1.10337,940000,750000
2019.09.05 08:35:46.437,1.10334,1.10336,750000,750000
2019.09.05 08:35:47.392,1.10334,1.10336,1010000,500000
2019.09.05 08:35:47.494,1.10331,1.10334,1000000,7310000
2019.09.05 08:35:47.640,1.10331,1.10334,750000,2060000
2019.09.05 08:35:48.828,1.10331,1.10335,2510000,2440000
2019.09.05 08:35:49.141,1.10331,1.10334,750000,2440000
2019.09.05 08:35:50.164,1.10331,1.10334,1690000,4070000
2019.09.05 08:35:50.366,1.10332,1.10336,2890000,940000
2019.09.05 08:35:50.468,1.10332,1.10335,750000,1010000
2019.09.05 08:35:50.569,1.10332,1.10334,750000,940000
2019.09.05 08:35:51.725,1.10332,1.10333,1500000,500000
2019.09.05 08:35:51.776,1.1033,1.10333,750000,3190000
2019.09.05 08:35:52.135,1.1033,1.10333,1000000,2440000
2019.09.05 08:35:52.237,1.1033,1.10333,4200000,1310000
2019.09.05 08:35:52.646,1.1033,1.10333,3470000,940000
2019.09.05 08:35:53.590,1.1033,1.10331,750000,750000
2019.09.05 08:35:53.641,1.10328,1.1033,1500000,1950000
2019.09.05 08:35:53.743,1.10327,1.10329,1690000,750000
2019.09.05 08:35:53.795,1.10325,1.10328,1950000,4010000
2019.09.05 08:35:53.896,1.10324,1.10327,750000,1310000
2019.09.05 08:35:54.010,1.10325,1.10328,2060000,750000
2019.09.05 08:35:54.112,1.10324,1.10327,750000,1390000
2019.09.05 08:35:54.214,1.10324,1.10325,2250000,820000
2019.09.05 08:35:54.265,1.10321,1.10323,750000,4500000
2019.09.05 08:35:54.316,1.1032,1.10323,2440000,600000
2019.09.05 08:35:57.537,1.10323,1.10324,2250000,500000
2019.09.05 08:35:57.891,1.10322,1.10324,2060000,500000
2019.09.05 08:35:57.995,1.10321,1.10323,750000,1870000
2019.09.05 08:35:58.941,1.10321,1.10324,750000,940000
2019.09.05 08:35:59.060,1.10322,1.10324,750000,750000
2019.09.05 08:36:00.822,1.10322,1.10326,7070000,750000
2019.09.05 08:36:01.017,1.10322,1.10326,2250000,3070000
2019.09.05 08:36:01.220,1.10322,1.10324,750000,820000
2019.09.05 08:36:01.784,1.10323,1.10326,940000,750000
2019.09.05 08:36:02.350,1.10323,1.10327,4010000,1500000
2019.09.05 08:36:04.078,1.10323,1.10327,2570000,1500000
2019.09.05 08:36:04.940,1.10323,1.10327,3260000,1500000
2019.09.05 08:36:05.158,1.10323,1.10327,1820000,2250000
2019.09.05 08:36:05.295,1.10323,1.10327,2200000,3470000
2019.09.05 08:36:05.447,1.10323,1.10325,940000,1500000
2019.09.05 08:36:07.983,1.10322,1.10325,940000,1870000
2019.09.05 08:36:12.055,1.10323,1.10326,1000000,500000
2019.09.05 08:36:12.436,1.10323,1.10325,940000,500000
2019.09.05 08:36:18.336,1.10323,1.10326,940000,750000
2019.09.05 08:36:18.464,1.10324,1.10326,1690000,500000
2019.09.05 08:36:23.085,1.10324,1.10326,1000000,750000
2019.09.05 08:36:23.288,1.10324,1.10326,1200000,750000
2019.09.05 08:36:24.731,1.10323,1.10326,600000,2440000
2019.09.05 08:36:26.607,1.10323,1.10327,2140000,2440000
2019.09.05 08:36:26.810,1.10323,1.10326,600000,3000000
2019.09.05 08:36:28.313,1.10323,1.10327,1950000,3190000
2019.09.05 08:36:28.516,1.10323,1.10326,1200000,3940000
2019.09.05 08:36:29.009,1.10323,1.10327,2320000,3190000
2019.09.05 08:36:29.281,1.10323,1.10327,3100000,3940000
2019.09.05 08:36:29.581,1.10323,1.10327,3820000,3940000
2019.09.05 08:36:29.742,1.10323,1.10327,2350000,3190000
2019.09.05 08:36:29.944,1.10323,1.10327,1950000,3190000
2019.09.05 08:36:30.151,1.10323,1.10326,600000,3190000
2019.09.05 08:36:30.303,1.10324,1.10325,600000,750000
2019.09.05 08:36:30.431,1.10324,1.10326,750000,750000
2019.09.05 08:36:31.561,1.10324,1.10328,4410000,2060000
2019.09.05 08:36:31.663,1.10327,1.10329,3000000,500000
2019.09.05 08:36:31.764,1.10328,1.1033,940000,1120000
2019.09.05 08:36:32.349,1.10328,1.10329,600000,750000
2019.09.05 08:36:32.451,1.10328,1.1033,1690000,750000
2019.09.05 08:36:32.887,1.10327,1.10331,5220000,750000
2019.09.05 08:36:33.825,1.10327,1.10328,750000,750000
2019.09.05 08:36:33.926,1.10326,1.10328,750000,1500000
2019.09.05 08:36:35.986,1.10325,1.10328,2320000,4690000
2019.09.05 08:36:36.171,1.10325,1.10327,1220000,1500000
2019.09.05 08:36:36.324,1.10325,1.10327,1200000,1500000
2019.09.05 08:36:36.476,1.10325,1.10328,2320000,1690000
2019.09.05 08:36:36.945,1.10325,1.10328,1600000,1690000
2019.09.05 08:36:37.047,1.10325,1.10328,1120000,1690000
2019.09.05 08:36:37.328,1.10325,1.10328,1000000,1120000
2019.09.05 08:36:38.745,1.10325,1.10328,750000,1310000
2019.09.05 08:36:38.847,1.10325,1.10328,1220000,2060000
2019.09.05 08:36:39.275,1.10326,1.10328,1220000,750000
2019.09.05 08:36:39.377,1.10326,1.10328,3070000,750000
2019.09.05 08:36:39.528,1.10326,1.10328,3320000,750000
2019.09.05 08:36:39.781,1.10325,1.10327,940000,1120000
2019.09.05 08:36:39.884,1.10323,1.10326,1750000,2700000
2019.09.05 08:36:39.985,1.10322,1.10325,850000,3940000
2019.09.05 08:36:40.351,1.10323,1.10326,1450000,500000
2019.09.05 08:36:40.653,1.10323,1.10326,3070000,560000
2019.09.05 08:36:41.491,1.10322,1.10326,2890000,3000000
2019.09.05 08:36:42.807,1.10322,1.10325,600000,3000000
2019.09.05 08:36:44.483,1.10323,1.10326,2160000,500000
2019.09.05 08:36:44.755,1.10323,1.10325,600000,500000
2019.09.05 08:36:44.874,1.10323,1.10326,2140000,500000
2019.09.05 08:36:45.241,1.10323,1.10325,600000,2250000
2019.09.05 08:36:45.343,1.10323,1.10326,1010000,1500000
2019.09.05 08:36:47.030,1.10324,1.10327,2950000,750000
2019.09.05 08:36:49.506,1.10323,1.10326,1010000,2250000
2019.09.05 08:36:50.178,1.10323,1.10325,640000,1870000
2019.09.05 08:36:50.886,1.10322,1.10325,640000,1500000
2019.09.05 08:36:51.039,1.10323,1.10326,1010000,750000
2019.09.05 08:36:51.855,1.10323,1.10326,2200000,1120000
2019.09.05 08:36:56.296,1.1032,1.10322,750000,4570000
2019.09.05 08:36:56.398,1.1032,1.10322,1950000,1500000
2019.09.05 08:36:56.601,1.10321,1.10322,2250000,750000
2019.09.05 08:36:56.747,1.1032,1.10321,600000,750000
2019.09.05 08:36:56.950,1.1032,1.10322,750000,2250000
2019.09.05 08:36:57.051,1.10321,1.10323,750000,750000
2019.09.05 08:36:57.203,1.1032,1.10323,750000,2250000
2019.09.05 08:36:57.315,1.10321,1.10323,1950000,750000
2019.09.05 08:36:57.416,1.1032,1.10322,750000,750000
2019.09.05 08:36:57.568,1.10321,1.10322,750000,750000
2019.09.05 08:36:57.669,1.1032,1.10322,750000,1500000
2019.09.05 08:36:57.771,1.10321,1.10322,750000,750000
2019.09.05 08:36:57.977,1.1032,1.10322,750000,750000
2019.09.05 08:36:58.094,1.10319,1.10322,750000,4090000
2019.09.05 08:36:58.301,1.10319,1.10321,600000,2250000
2019.09.05 08:36:58.452,1.1032,1.10323,820000,1500000
2019.09.05 08:36:58.604,1.1032,1.10322,750000,1500000
2019.09.05 08:36:58.705,1.10319,1.10323,5700000,3830000
2019.09.05 08:36:58.807,1.1032,1.10323,4950000,750000
2019.09.05 08:36:59.018,1.10319,1.10321,1500000,3080000
2019.09.05 08:36:59.456,1.10319,1.10322,750000,3830000
2019.09.05 08:37:00.778,1.10319,1.10323,5320000,3080000
2019.09.05 08:37:00.879,1.10319,1.10323,4600000,3080000
2019.09.05 08:37:00.981,1.10319,1.10323,4570000,3080000
2019.09.05 08:37:01.234,1.10319,1.10321,750000,2330000
2019.09.05 08:37:02.260,1.10318,1.10319,1500000,900000
2019.09.05 08:37:02.361,1.10316,1.10319,1220000,560000
2019.09.05 08:37:02.462,1.10316,1.10319,1760000,600000
2019.09.05 08:37:03.026,1.10316,1.10318,940000,500000
2019.09.05 08:37:03.178,1.10316,1.10317,750000,500000
2019.09.05 08:37:08.673,1.10312,1.10314,820000,1500000
2019.09.05 08:37:08.724,1.10312,1.10313,2250000,2250000
2019.09.05 08:37:08.825,1.10309,1.1031,750000,750000
2019.09.05 08:37:08.926,1.10307,1.10309,750000,1760000
2019.09.05 08:37:09.028,1.10306,1.1031,2950000,2810000
2019.09.05 08:37:09.226,1.10306,1.1031,2810000,2140000
2019.09.05 08:37:09.327,1.10306,1.1031,4790000,3260000
2019.09.05 08:37:09.429,1.10306,1.1031,2060000,2140000
2019.09.05 08:37:09.682,1.10306,1.10309,500000,2060000
2019.09.05 08:37:09.807,1.10306,1.1031,3260000,2060000
2019.09.05 08:37:09.908,1.10306,1.10309,500000,2060000
2019.09.05 08:37:10.118,1.10307,1.1031,2140000,750000
2019.09.05 08:37:10.219,1.10307,1.10309,750000,2620000
2019.09.05 08:37:11.255,1.10308,1.10309,750000,500000
2019.09.05 08:37:11.359,1.10309,1.1031,750000,500000
2019.09.05 08:37:11.713,1.10309,1.10311,2510000,750000
2019.09.05 08:37:11.916,1.10309,1.1031,1120000,500000
2019.09.05 08:37:12.194,1.10309,1.10311,750000,1120000
2019.09.05 08:37:12.296,1.10311,1.10313,5510000,750000
2019.09.05 08:37:12.397,1.10312,1.10313,940000,750000
2019.09.05 08:37:12.549,1.10313,1.10314,500000,500000
2019.09.05 08:37:12.854,1.10313,1.10315,750000,500000
2019.09.05 08:37:12.957,1.10314,1.10316,940000,1120000
2019.09.05 08:37:13.563,1.10314,1.10317,2890000,1120000
2019.09.05 08:37:14.717,1.10313,1.10315,2060000,940000
2019.09.05 08:37:15.868,1.10312,1.10316,2200000,6000000
2019.09.05 08:37:16.326,1.10312,1.10314,600000,1120000
2019.09.05 08:37:16.428,1.10312,1.10314,2140000,500000
2019.09.05 08:37:16.530,1.10313,1.10315,940000,1120000
2019.09.05 08:37:16.682,1.10313,1.10316,560000,750000
2019.09.05 08:37:16.974,1.10312,1.10314,600000,750000
2019.09.05 08:37:17.076,1.10311,1.10313,2890000,500000
2019.09.05 08:37:17.178,1.1031,1.10311,600000,750000
2019.09.05 08:37:17.307,1.1031,1.10312,500000,750000
2019.09.05 08:37:17.914,1.10309,1.10312,500000,1690000
2019.09.05 08:37:18.015,1.10309,1.10312,600000,1750000
2019.09.05 08:37:18.614,1.1031,1.10311,750000,560000
2019.09.05 08:37:18.665,1.1031,1.10313,3450000,560000
2019.09.05 08:37:18.868,1.1031,1.10312,750000,1310000
2019.09.05 08:37:19.070,1.10311,1.10313,1120000,750000
2019.09.05 08:37:20.340,1.1031,1.10313,750000,2060000
2019.09.05 08:37:21.494,1.10311,1.10313,1690000,500000
2019.09.05 08:37:21.747,1.10312,1.10313,1310000,1120000
2019.09.05 08:37:21.849,1.10313,1.10315,2440000,1500000
2019.09.05 08:37:23.306,1.10313,1.10314,600000,2250000
2019.09.05 08:37:23.408,1.10313,1.10315,1390000,2250000
2019.09.05 08:37:23.510,1.10313,1.10314,600000,2250000
2019.09.05 08:37:23.612,1.10313,1.10315,940000,2250000
2019.09.05 08:37:23.866,1.10313,1.10314,750000,750000
2019.09.05 08:37:23.968,1.10311,1.10313,750000,2250000
2019.09.05 08:37:24.400,1.10311,1.10312,750000,750000
2019.09.05 08:37:25.579,1.10311,1.10313,750000,750000
2019.09.05 08:37:26.405,1.1031,1.10314,2890000,2810000
2019.09.05 08:37:26.541,1.10312,1.10314,1120000,940000
2019.09.05 08:37:26.642,1.10312,1.10315,2700000,940000
2019.09.05 08:37:27.030,1.10312,1.10314,600000,750000
2019.09.05 08:37:27.131,1.10312,1.10315,2810000,750000
2019.09.05 08:37:28.070,1.10313,1.10315,2140000,750000
2019.09.05 08:37:28.593,1.10314,1.10315,750000,750000
2019.09.05 08:37:28.694,1.10314,1.10316,750000,1500000
2019.09.05 08:37:28.912,1.10316,1.10317,1120000,750000
2019.09.05 08:37:29.013,1.10316,1.10318,2700000,750000
2019.09.05 08:37:29.318,1.10314,1.10317,750000,2440000
2019.09.05 08:37:29.663,1.10314,1.10316,750000,750000
2019.09.05 08:37:29.764,1.10313,1.10315,940000,1500000
2019.09.05 08:37:30.068,1.10312,1.10315,2140000,1120000
2019.09.05 08:37:30.173,1.10312,1.10314,750000,1120000
2019.09.05 08:37:30.274,1.10313,1.10314,750000,750000
2019.09.05 08:37:31.781,1.10313,1.10315,4760000,750000
2019.09.05 08:37:32.036,1.10313,1.10314,750000,750000
2019.09.05 08:37:32.137,1.10312,1.10313,600000,750000
2019.09.05 08:37:32.340,1.10313,1.10314,1120000,750000
2019.09.05 08:37:33.295,1.10312,1.10314,1120000,750000
2019.09.05 08:37:34.303,1.10313,1.10315,1120000,1690000
2019.09.05 08:37:34.405,1.10313,1.10316,1120000,1120000
2019.09.05 08:37:35.100,1.10314,1.10316,750000,750000
2019.09.05 08:37:36.436,1.10313,1.10315,1950000,1120000
2019.09.05 08:37:37.009,1.10313,1.10314,500000,750000
2019.09.05 08:37:37.212,1.10313,1.10315,1120000,750000
2019.09.05 08:37:37.346,1.10311,1.10313,750000,2810000
2019.09.05 08:37:37.599,1.10312,1.10313,750000,750000
2019.09.05 08:37:37.750,1.10311,1.10313,750000,1120000
2019.09.05 08:37:38.284,1.10311,1.10312,500000,750000
2019.09.05 08:37:38.940,1.10311,1.10313,2510000,750000
2019.09.05 08:37:39.042,1.10311,1.10312,500000,750000
2019.09.05 08:37:39.893,1.10311,1.10313,4240000,750000
2019.09.05 08:37:40.353,1.10311,1.10312,750000,1500000
2019.09.05 08:37:40.464,1.10311,1.10313,1390000,1500000
2019.09.05 08:37:40.644,1.10312,1.10314,1010000,750000
2019.09.05 08:37:40.746,1.10312,1.10314,940000,1690000
2019.09.05 08:37:40.847,1.10313,1.10314,940000,500000
2019.09.05 08:37:41.151,1.10312,1.10314,2440000,750000
2019.09.05 08:37:41.264,1.10311,1.10314,2440000,1870000
2019.09.05 08:37:41.467,1.10311,1.10314,1450000,1120000
2019.09.05 08:37:42.469,1.10311,1.10314,4310000,2870000
2019.09.05 08:37:46.893,1.10311,1.10314,6000000,940000
2019.09.05 08:37:46.994,1.10311,1.10314,3700000,750000
2019.09.05 08:37:48.517,1.10312,1.10314,820000,500000
2019.09.05 08:37:48.770,1.10311,1.10315,5600000,750000
2019.09.05 08:37:48.871,1.10311,1.10314,640000,1000000
2019.09.05 08:37:48.972,1.10311,1.10314,850000,940000
2019.09.05 08:37:49.124,1.10311,1.10314,2320000,940000
2019.09.05 08:37:50.025,1.10311,1.10314,2570000,1310000
2019.09.05 08:37:50.127,1.10311,1.10315,5540000,1310000
2019.09.05 08:37:50.938,1.10311,1.10314,600000,940000
2019.09.05 08:37:51.268,1.10311,1.10314,640000,750000
2019.09.05 08:37:51.370,1.1031,1.10314,640000,3190000
2019.09.05 08:37:51.571,1.1031,1.10314,600000,3250000
2019.09.05 08:37:51.673,1.10312,1.10314,1200000,750000
2019.09.05 08:37:52.327,1.10311,1.10313,940000,940000
2019.09.05 08:37:52.630,1.1031,1.10314,1200000,3250000
2019.09.05 08:37:54.976,1.10311,1.10314,1970000,940000
2019.09.05 08:37:55.077,1.10311,1.10314,4200000,940000
2019.09.05 08:37:55.383,1.1031,1.10314,1970000,2120000
2019.09.05 08:37:55.484,1.1031,1.10314,1950000,2120000
2019.09.05 08:38:00.097,1.1031,1.10313,750000,2810000
2019.09.05 08:38:01.556,1.10308,1.1031,750000,2060000
2019.09.05 08:38:01.658,1.10307,1.1031,1390000,1000000
2019.09.05 08:38:01.709,1.10306,1.10309,750000,2810000
2019.09.05 08:38:01.962,1.10306,1.10308,600000,1690000
2019.09.05 08:38:02.216,1.10305,1.10309,1950000,3250000
2019.09.05 08:38:02.317,1.10305,1.10308,600000,3250000
2019.09.05 08:38:02.519,1.10305,1.10309,1200000,3250000
2019.09.05 08:38:03.090,1.10307,1.10309,1200000,940000
2019.09.05 08:38:03.192,1.10308,1.1031,1950000,750000
2019.09.05 08:38:03.509,1.10309,1.10311,600000,750000
2019.09.05 08:38:03.611,1.10307,1.10309,600000,750000
2019.09.05 08:38:03.712,1.10307,1.1031,4390000,750000
2019.09.05 08:38:04.532,1.10307,1.10309,1120000,750000
2019.09.05 08:38:04.987,1.10308,1.10309,600000,3190000
2019.09.05 08:38:05.097,1.1031,1.10312,4970000,750000
2019.09.05 08:38:05.199,1.1031,1.10312,750000,750000
2019.09.05 08:38:05.300,1.1031,1.10311,600000,750000
2019.09.05 08:38:05.502,1.10308,1.10311,600000,3250000
2019.09.05 08:38:05.604,1.10308,1.10312,1200000,3190000
2019.09.05 08:38:06.046,1.1031,1.10312,1200000,750000
2019.09.05 08:38:07.455,1.10309,1.10312,4040000,500000
2019.09.05 08:38:07.614,1.10309,1.10312,3260000,500000
2019.09.05 08:38:07.883,1.10309,1.1031,600000,500000
2019.09.05 08:38:07.934,1.10309,1.10312,1760000,500000
2019.09.05 08:38:08.269,1.10309,1.10311,600000,500000
2019.09.05 08:38:08.370,1.10309,1.10312,4010000,500000
2019.09.05 08:38:08.508,1.10309,1.10311,600000,500000
2019.09.05 08:38:08.559,1.10307,1.10309,750000,750000
2019.09.05 08:38:08.661,1.10306,1.10309,2970000,500000
2019.09.05 08:38:08.886,1.10305,1.10307,600000,2440000
2019.09.05 08:38:08.987,1.10305,1.10308,600000,2440000
2019.09.05 08:38:09.240,1.10305,1.10307,640000,2440000
2019.09.05 08:38:10.279,1.10304,1.10307,660000,2440000
2019.09.05 08:38:10.633,1.10304,1.10307,1390000,1690000
2019.09.05 08:38:12.131,1.10304,1.10307,2910000,750000
2019.09.05 08:38:12.233,1.10303,1.10307,2890000,1870000
2019.09.05 08:38:13.741,1.10303,1.10306,750000,1870000
2019.09.05 08:38:16.317,1.10303,1.10306,1950000,2550000
2019.09.05 08:38:16.464,1.10302,1.10306,2700000,1240000
2019.09.05 08:38:16.689,1.10302,1.10303,750000,500000
2019.09.05 08:38:16.790,1.10301,1.10304,2320000,1620000
2019.09.05 08:38:16.892,1.10301,1.10304,2350000,580000
2019.09.05 08:38:18.746,1.103,1.10302,750000,750000
2019.09.05 08:38:18.847,1.10297,1.10299,750000,2060000
2019.09.05 08:38:19.027,1.10297,1.10299,750000,1370000
2019.09.05 08:38:19.081,1.10297,1.10301,3000000,2810000
2019.09.05 08:38:19.182,1.10297,1.10301,3770000,2060000
2019.09.05 08:38:19.233,1.10296,1.10299,1750000,5250000
2019.09.05 08:38:19.334,1.10297,1.10298,940000,750000
2019.09.05 08:38:19.436,1.10296,1.10298,2440000,1500000
2019.09.05 08:38:19.537,1.10296,1.10298,2540000,750000
2019.09.05 08:38:19.905,1.10295,1.10297,1760000,750000
2019.09.05 08:38:20.006,1.10292,1.10295,1000000,3380000
2019.09.05 08:38:20.521,1.10291,1.10294,2200000,750000
2019.09.05 08:38:20.572,1.10292,1.10296,5140000,750000
2019.09.05 08:38:20.673,1.10293,1.10296,1500000,1500000
2019.09.05 08:38:21.029,1.10296,1.10298,1790000,940000
2019.09.05 08:38:21.185,1.10298,1.103,750000,750000
2019.09.05 08:38:21.286,1.10299,1.10301,750000,750000
2019.09.05 08:38:21.388,1.10299,1.10302,750000,1220000
2019.09.05 08:38:21.439,1.10298,1.10302,750000,3260000
2019.09.05 08:38:21.742,1.10299,1.10302,750000,600000
2019.09.05 08:38:21.923,1.10302,1.10304,2060000,750000
2019.09.05 08:38:22.024,1.10302,1.10303,750000,1570000
2019.09.05 08:38:22.277,1.10302,1.10304,560000,940000
2019.09.05 08:38:23.342,1.10301,1.10304,1000000,3640000
2019.09.05 08:38:23.757,1.103,1.10303,750000,3450000
2019.09.05 08:38:23.859,1.10301,1.10303,750000,1220000
2019.09.05 08:38:24.012,1.10301,1.10304,940000,1200000
2019.09.05 08:38:24.113,1.10303,1.10304,750000,600000
2019.09.05 08:38:24.214,1.10301,1.10304,1750000,1410000
2019.09.05 08:38:24.367,1.10301,1.10304,2870000,1570000
2019.09.05 08:38:24.468,1.10301,1.10304,1310000,1600000
2019.09.05 08:38:24.569,1.10302,1.10303,940000,600000
2019.09.05 08:38:24.620,1.10302,1.10304,1310000,600000
2019.09.05 08:38:25.006,1.10301,1.10304,1310000,2320000
2019.09.05 08:38:25.209,1.10301,1.10304,1310000,1600000
2019.09.05 08:38:25.311,1.10301,1.10304,940000,1570000
2019.09.05 08:38:25.513,1.10301,1.10302,750000,1950000
2019.09.05 08:38:26.022,1.10302,1.10305,3940000,750000
2019.09.05 08:38:26.276,1.10304,1.10306,750000,750000
2019.09.05 08:38:26.377,1.10304,1.10307,1000000,1970000
2019.09.05 08:38:26.478,1.10304,1.10307,940000,1410000
2019.09.05 08:38:26.692,1.10304,1.10307,940000,640000
2019.09.05 08:38:27.247,1.10305,1.10307,940000,600000
2019.09.05 08:38:27.708,1.10303,1.10307,940000,2220000
2019.09.05 08:38:27.838,1.10305,1.10307,940000,600000
2019.09.05 08:38:28.601,1.10303,1.10307,940000,3320000
2019.09.05 08:38:30.126,1.10304,1.10307,940000,3660000
2019.09.05 08:38:30.308,1.10306,1.10308,1120000,750000
2019.09.05 08:38:30.409,1.10305,1.10308,1570000,1200000
2019.09.05 08:38:30.510,1.10306,1.10308,1500000,750000
2019.09.05 08:38:30.611,1.10304,1.10308,1500000,3260000
2019.09.05 08:38:30.764,1.10305,1.10308,2250000,750000
2019.09.05 08:38:30.916,1.10304,1.10308,1500000,2510000
2019.09.05 08:38:31.934,1.10305,1.10308,2060000,1220000
2019.09.05 08:38:32.288,1.10304,1.10307,1500000,1500000
2019.09.05 08:38:32.429,1.10303,1.10307,2250000,3260000
2019.09.05 08:38:33.064,1.10304,1.10307,1500000,750000
2019.09.05 08:38:33.928,1.10305,1.10307,750000,750000
2019.09.05 08:38:34.105,1.10304,1.10307,1500000,1200000
2019.09.05 08:38:34.337,1.10303,1.10307,1500000,3640000
2019.09.05 08:38:39.188,1.10303,1.10307,2700000,3290000
2019.09.05 08:38:39.716,1.10304,1.10308,1390000,2250000
2019.09.05 08:38:39.818,1.10306,1.10309,2140000,3250000
2019.09.05 08:38:39.870,1.10307,1.10311,3640000,940000
2019.09.05 08:38:39.921,1.10307,1.10309,750000,1310000
2019.09.05 08:38:40.050,1.10307,1.10311,1200000,2120000
2019.09.05 08:38:45.901,1.10308,1.10311,750000,1410000
2019.09.05 08:38:46.002,1.10307,1.10311,750000,3320000
2019.09.05 08:38:48.448,1.10309,1.10311,750000,750000
2019.09.05 08:38:48.651,1.1031,1.10311,750000,600000
2019.09.05 08:38:48.803,1.10309,1.10311,750000,2510000
2019.09.05 08:38:48.854,1.10309,1.10313,3000000,1070000
2019.09.05 08:38:48.955,1.10309,1.10313,4010000,940000
2019.09.05 08:38:49.746,1.10309,1.10312,750000,940000
2019.09.05 08:38:49.898,1.10309,1.10311,750000,940000
2019.09.05 08:38:49.949,1.10309,1.10312,1500000,940000
2019.09.05 08:38:50.050,1.10309,1.10311,1570000,750000
2019.09.05 08:38:50.354,1.10309,1.10311,750000,2500000
2019.09.05 08:38:50.646,1.1031,1.10312,820000,1370000
2019.09.05 08:38:50.799,1.1031,1.10313,2250000,1120000
2019.09.05 08:38:50.901,1.10308,1.10311,750000,3320000
2019.09.05 08:38:51.581,1.10308,1.10312,2250000,4070000
2019.09.05 08:38:51.683,1.1031,1.10312,750000,750000
2019.09.05 08:38:51.785,1.10309,1.10312,750000,1760000
2019.09.05 08:38:51.886,1.10309,1.10313,1500000,3260000
2019.09.05 08:38:53.783,1.1031,1.10313,2250000,750000
2019.09.05 08:38:54.023,1.10309,1.10313,2250000,3260000
2019.09.05 08:38:56.024,1.10309,1.10313,4200000,2540000
2019.09.05 08:38:56.152,1.10309,1.10313,4220000,1760000
2019.09.05 08:38:56.433,1.10309,1.10311,750000,820000
2019.09.05 08:38:56.576,1.10308,1.10311,750000,2510000
2019.09.05 08:38:57.516,1.10309,1.10311,750000,500000
2019.09.05 08:38:58.439,1.10309,1.10311,750000,1370000
2019.09.05 08:38:58.540,1.10309,1.10312,750000,2200000
2019.09.05 08:38:59.847,1.10309,1.10313,2700000,2120000
2019.09.05 08:39:00.266,1.10309,1.10313,3640000,1310000
2019.09.05 08:39:00.368,1.10309,1.10312,2620000,560000
2019.09.05 08:39:01.685,1.10309,1.10312,750000,2120000
2019.09.05 08:39:04.203,1.10309,1.10313,2320000,2120000
2019.09.05 08:39:04.587,1.10309,1.10313,2060000,2140000
2019.09.05 08:39:05.461,1.10309,1.10313,2140000,3660000
2019.09.05 08:39:05.662,1.10309,1.10313,1690000,2890000
2019.09.05 08:39:06.363,1.10309,1.10313,1500000,2950000
2019.09.05 08:39:06.624,1.10309,1.10313,940000,3260000
2019.09.05 08:39:06.725,1.1031,1.10313,940000,750000
2019.09.05 08:39:07.086,1.10313,1.10314,750000,750000
2019.09.05 08:39:07.188,1.10315,1.10316,500000,750000
2019.09.05 08:39:07.289,1.10315,1.10318,1870000,1690000
2019.09.05 08:39:07.391,1.10315,1.10317,750000,750000
2019.09.05 08:39:07.574,1.10314,1.10317,750000,1760000
2019.09.05 08:39:09.155,1.10315,1.10317,750000,1690000
2019.09.05 08:39:09.459,1.10315,1.10318,1200000,2140000
2019.09.05 08:39:10.134,1.10316,1.10318,1200000,500000
2019.09.05 08:39:12.143,1.10315,1.10318,750000,1760000
2019.09.05 08:39:13.239,1.10315,1.10318,750000,2910000
2019.09.05 08:39:13.369,1.10315,1.10318,750000,1690000
2019.09.05 08:39:14.514,1.10318,1.1032,6830000,750000
2019.09.05 08:39:14.565,1.10322,1.10323,5140000,500000
2019.09.05 08:39:14.616,1.10323,1.10325,8260000,1500000
2019.09.05 08:39:14.718,1.10324,1.10327,3940000,1000000
2019.09.05 08:39:14.821,1.10322,1.10324,1310000,500000
2019.09.05 08:39:14.923,1.10321,1.10324,940000,600000
2019.09.05 08:39:15.694,1.10321,1.10324,940000,850000
2019.09.05 08:39:16.120,1.10321,1.10324,940000,820000
2019.09.05 08:39:18.033,1.10321,1.10324,1310000,1220000
2019.09.05 08:39:18.262,1.10321,1.10324,1310000,1200000
2019.09.05 08:39:18.644,1.10321,1.10324,560000,1970000
2019.09.05 08:39:18.843,1.10321,1.10324,560000,1950000
2019.09.05 08:39:19.257,1.10321,1.10324,560000,2720000
2019.09.05 08:39:19.358,1.10321,1.10324,560000,2700000
2019.09.05 08:39:19.459,1.10321,1.10324,560000,3470000
2019.09.05 08:39:19.619,1.10322,1.10325,750000,1390000
2019.09.05 08:39:19.721,1.10325,1.10327,6000000,2510000
2019.09.05 08:39:19.823,1.10325,1.10328,1500000,2890000
2019.09.05 08:39:20.383,1.10326,1.10328,1500000,600000
2019.09.05 08:39:21.398,1.10325,1.10328,1870000,1760000
2019.09.05 08:39:22.325,1.10327,1.10328,750000,3190000
2019.09.05 08:39:22.426,1.10329,1.10332,1690000,1600000
2019.09.05 08:39:22.579,1.10329,1.10332,940000,1570000
2019.09.05 08:39:24.132,1.10329,1.10331,750000,1120000
2019.09.05 08:39:24.582,1.10328,1.10332,5200000,2250000
2019.09.05 08:39:24.684,1.10328,1.10332,5570000,4220000
2019.09.05 08:39:25.260,1.10328,1.10332,5510000,4410000
2019.09.05 08:39:25.853,1.10329,1.10331,750000,750000
2019.09.05 08:39:25.954,1.10328,1.10332,5060000,3640000
2019.09.05 08:39:26.056,1.10328,1.10332,4870000,7450000
2019.09.05 08:39:28.042,1.10329,1.10331,3750000,1010000
2019.09.05 08:39:29.166,1.10329,1.10332,6070000,1010000
2019.09.05 08:39:30.377,1.10328,1.10332,4950000,4000000
2019.09.05 08:39:31.318,1.10328,1.10331,1500000,500000
2019.09.05 08:39:31.812,1.10329,1.10331,5620000,1120000
2019.09.05 08:39:31.913,1.1033,1.10331,750000,750000
2019.09.05 08:39:32.015,1.10331,1.10333,2060000,1570000
2019.09.05 08:39:34.495,1.10331,1.10334,5330000,500000
2019.09.05 08:39:34.597,1.10331,1.10334,5260000,850000
2019.09.05 08:39:34.698,1.10331,1.10334,1310000,1570000
2019.09.05 08:39:37.144,1.10331,1.10334,1370000,500000
2019.09.05 08:39:42.199,1.10331,1.10334,1310000,500000
2019.09.05 08:39:43.145,1.10331,1.10334,2870000,1570000
2019.09.05 08:39:44.812,1.10331,1.10334,2060000,1570000
2019.09.05 08:39:45.407,1.10331,1.10334,7310000,500000
2019.09.05 08:39:45.520,1.10331,1.10332,750000,500000
2019.09.05 08:39:45.672,1.10331,1.10333,1310000,500000
2019.09.05 08:39:46.438,1.10331,1.10334,2810000,500000
2019.09.05 08:39:46.656,1.10331,1.10334,5870000,500000
2019.09.05 08:39:47.521,1.10331,1.10334,2810000,820000
2019.09.05 08:39:48.047,1.10331,1.10334,2870000,500000
2019.09.05 08:39:48.149,1.10331,1.10332,750000,500000
2019.09.05 08:39:49.299,1.1033,1.10332,750000,750000
2019.09.05 08:39:49.349,1.10328,1.10329,750000,4760000
2019.09.05 08:39:49.452,1.10328,1.10331,3850000,940000
2019.09.05 08:39:49.907,1.10328,1.10331,2250000,2870000
2019.09.05 08:39:50.110,1.10329,1.10332,750000,560000
2019.09.05 08:39:50.788,1.10329,1.10331,750000,2120000
2019.09.05 08:39:50.889,1.10332,1.10334,4870000,750000
2019.09.05 08:39:50.940,1.10332,1.10335,1500000,560000
2019.09.05 08:39:51.041,1.10332,1.10336,4200000,560000
2019.09.05 08:39:51.143,1.10332,1.10336,5350000,1390000
2019.09.05 08:39:51.247,1.10332,1.10336,3370000,1010000
2019.09.05 08:39:53.165,1.10334,1.10336,1500000,500000
2019.09.05 08:39:54.185,1.10334,1.10337,2890000,500000
2019.09.05 08:39:54.300,1.10333,1.10337,2440000,1950000
2019.09.05 08:39:54.604,1.10333,1.10337,940000,2950000
2019.09.05 08:39:55.263,1.10333,1.10337,940000,2700000
2019.09.05 08:39:55.633,1.10334,1.10337,940000,750000
2019.09.05 08:39:55.735,1.10335,1.10337,750000,2250000
2019.09.05 08:39:55.887,1.10335,1.10337,750000,1970000
2019.09.05 08:39:55.988,1.10335,1.10337,750000,1570000
2019.09.05 08:39:56.766,1.10335,1.10338,1690000,820000
2019.09.05 08:39:57.024,1.10334,1.10338,1690000,3260000
2019.09.05 08:39:59.501,1.10334,1.10338,2910000,2510000
2019.09.05 08:40:01.275,1.10336,1.10338,2620000,750000
2019.09.05 08:40:01.376,1.10335,1.10338,1870000,4690000
2019.09.05 08:40:01.554,1.10336,1.10338,1870000,750000
2019.09.05 08:40:01.655,1.10338,1.10339,500000,560000
2019.09.05 08:40:01.896,1.10338,1.10341,3000000,2810000
2019.09.05 08:40:01.998,1.10339,1.10342,1870000,1690000
2019.09.05 08:40:02.584,1.10338,1.10342,2120000,3320000
2019.09.05 08:40:04.499,1.1034,1.10342,750000,940000
2019.09.05 08:40:04.600,1.10341,1.10343,1870000,500000
2019.09.05 08:40:05.041,1.10339,1.10343,1570000,4100000
2019.09.05 08:40:05.293,1.10341,1.10343,1570000,6750000
2019.09.05 08:40:05.413,1.1034,1.10343,1570000,640000
2019.09.05 08:40:08.109,1.10339,1.10342,750000,1750000
2019.09.05 08:40:08.210,1.10338,1.1034,750000,2160000
2019.09.05 08:40:08.312,1.10338,1.1034,500000,750000
2019.09.05 08:40:08.363,1.10338,1.10342,2890000,750000
2019.09.05 08:40:08.707,1.1034,1.10343,3450000,2060000
2019.09.05 08:40:08.808,1.1034,1.10342,1120000,1870000
2019.09.05 08:40:09.011,1.10339,1.10342,1120000,940000
2019.09.05 08:40:09.112,1.10338,1.10342,2620000,1390000
2019.09.05 08:40:09.213,1.10339,1.10342,3250000,750000
2019.09.05 08:40:09.314,1.10338,1.10342,3250000,640000
2019.09.05 08:40:10.135,1.10338,1.10342,8890000,2160000
2019.09.05 08:40:10.236,1.10338,1.10342,2510000,750000
2019.09.05 08:40:10.495,1.10338,1.10342,1870000,1760000
2019.09.05 08:40:10.647,1.10339,1.10342,1870000,750000
2019.09.05 08:40:11.050,1.10339,1.10342,2000000,750000
2019.09.05 08:40:11.270,1.10338,1.10342,2000000,2890000
2019.09.05 08:40:12.828,1.10338,1.10341,1370000,820000
2019.09.05 08:40:12.930,1.10337,1.10338,940000,1570000
2019.09.05 08:40:13.235,1.10336,1.10338,2440000,940000
2019.09.05 08:40:13.652,1.10337,1.1034,3450000,1690000
2019.09.05 08:40:13.802,1.10338,1.10341,940000,750000
2019.09.05 08:40:13.955,1.10338,1.1034,940000,1200000
2019.09.05 08:40:14.056,1.10338,1.10341,2060000,560000
2019.09.05 08:40:15.695,1.10337,1.1034,600000,3250000
2019.09.05 08:40:15.955,1.10337,1.10342,4850000,3340000
2019.09.05 08:40:16.537,1.10337,1.10341,660000,3790000
2019.09.05 08:40:17.080,1.10337,1.10342,2950000,3790000
2019.09.05 08:40:17.957,1.10339,1.10341,1010000,500000
2019.09.05 08:40:19.070,1.10338,1.10342,1760000,3620000
2019.09.05 08:40:19.689,1.10338,1.10342,2890000,2620000
2019.09.05 08:40:20.090,1.10338,1.10342,820000,3620000
2019.09.05 08:40:23.609,1.10338,1.10342,1760000,3620000
2019.09.05 08:40:23.761,1.10338,1.10342,1790000,2870000
2019.09.05 08:40:23.862,1.10338,1.10342,2510000,3620000
2019.09.05 08:40:24.038,1.10338,1.10341,600000,3620000
2019.09.05 08:40:24.140,1.10338,1.10342,1760000,2870000
2019.09.05 08:40:24.466,1.10339,1.10341,500000,560000
2019.09.05 08:40:29.638,1.10338,1.10342,3260000,1750000
2019.09.05 08:40:29.740,1.10339,1.10341,500000,1120000
2019.09.05 08:40:30.927,1.10338,1.10341,600000,1690000
2019.09.05 08:40:31.153,1.10338,1.10342,1950000,1690000
2019.09.05 08:40:31.254,1.10339,1.10341,600000,940000
2019.09.05 08:40:32.415,1.10339,1.10342,1390000,750000
2019.09.05 08:40:32.814,1.10339,1.10341,600000,750000
2019.09.05 08:40:32.961,1.10338,1.10341,1200000,4310000
2019.09.05 08:40:33.759,1.10338,1.10342,3350000,3620000
2019.09.05 08:40:33.911,1.10338,1.10342,3350000,2620000
2019.09.05 08:40:35.423,1.10339,1.10341,1390000,750000
2019.09.05 08:40:35.659,1.10338,1.1034,1000000,750000
2019.09.05 08:40:35.710,1.10338,1.10341,1570000,750000
2019.09.05 08:40:35.812,1.10338,1.10341,1600000,750000
2019.09.05 08:40:35.914,1.10339,1.10341,1200000,750000
2019.09.05 08:40:36.066,1.10337,1.10341,1200000,4000000
2019.09.05 08:40:37.691,1.10337,1.10339,750000,1120000
2019.09.05 08:40:37.816,1.10338,1.10339,750000,1690000
2019.09.05 08:40:38.501,1.10338,1.1034,750000,1690000
2019.09.05 08:40:39.468,1.10337,1.10339,1500000,1500000
2019.09.05 08:40:39.620,1.10337,1.10338,500000,750000
2019.09.05 08:40:40.484,1.10337,1.10339,3750000,750000
2019.09.05 08:40:41.386,1.10337,1.10338,750000,750000
2019.09.05 08:40:41.538,1.10337,1.10339,7950000,750000
2019.09.05 08:40:42.533,1.10337,1.10338,750000,750000
2019.09.05 08:40:42.646,1.10335,1.10338,3700000,1690000
2019.09.05 08:40:42.748,1.10335,1.10338,3070000,1690000
2019.09.05 08:40:43.696,1.10335,1.10338,2720000,1690000
2019.09.05 08:40:43.797,1.10335,1.10338,2250000,1690000
2019.09.05 08:40:44.030,1.10333,1.10336,3000000,11120000
2019.09.05 08:40:44.081,1.10333,1.10334,1310000,3000000
2019.09.05 08:40:44.183,1.10332,1.10333,750000,750000
2019.09.05 08:40:44.285,1.10331,1.10333,750000,1870000
2019.09.05 08:40:45.694,1.10331,1.10334,1390000,1120000
2019.09.05 08:40:46.238,1.10331,1.10333,750000,750000
2019.09.05 08:40:50.252,1.10331,1.10333,2870000,750000
2019.09.05 08:40:50.304,1.10329,1.1033,750000,1990000
2019.09.05 08:40:50.406,1.10327,1.10331,5540000,940000
2019.09.05 08:40:50.507,1.10326,1.10328,750000,2140000
2019.09.05 08:40:51.783,1.10324,1.10327,750000,5510000
2019.09.05 08:40:51.885,1.10323,1.10326,750000,2870000
2019.09.05 08:40:51.986,1.10323,1.10326,1000000,2060000
2019.09.05 08:40:52.087,1.10323,1.10326,750000,2060000
2019.09.05 08:40:52.189,1.10323,1.10325,750000,3260000
2019.09.05 08:40:52.292,1.10324,1.10325,750000,940000
2019.09.05 08:40:55.594,1.10323,1.10325,750000,3260000
2019.09.05 08:40:57.275,1.10323,1.10326,750000,2440000
2019.09.05 08:40:57.757,1.10323,1.10327,1200000,3190000
2019.09.05 08:40:59.476,1.10324,1.10327,1570000,600000
2019.09.05 08:40:59.930,1.10323,1.10327,1120000,4010000
2019.09.05 08:41:00.531,1.10324,1.10327,1120000,500000
2019.09.05 08:41:02.553,1.10323,1.10327,1120000,3640000
2019.09.05 08:41:02.603,1.10325,1.10327,1120000,1070000
2019.09.05 08:41:02.705,1.10325,1.10328,1500000,1000000
2019.09.05 08:41:03.546,1.10325,1.10328,750000,940000
2019.09.05 08:41:03.869,1.10325,1.10327,940000,750000
2019.09.05 08:41:03.921,1.10322,1.10326,5620000,2510000
2019.09.05 08:41:04.336,1.10323,1.10326,4870000,750000
2019.09.05 08:41:04.437,1.10322,1.10324,1500000,3560000
2019.09.05 08:41:04.562,1.10323,1.10324,940000,750000
2019.09.05 08:41:04.664,1.10324,1.10325,1870000,1500000
2019.09.05 08:41:04.765,1.10324,1.10327,2060000,1500000
2019.09.05 08:41:04.866,1.10324,1.10327,2060000,1750000
2019.09.05 08:41:05.064,1.10324,1.10327,2810000,750000
2019.09.05 08:41:06.644,1.10323,1.10325,2250000,820000
2019.09.05 08:41:07.231,1.10323,1.10324,3370000,500000
2019.09.05 08:41:07.332,1.10322,1.10325,3450000,1500000
2019.09.05 08:41:07.433,1.10322,1.10324,750000,4120000
2019.09.05 08:41:07.804,1.10323,1.10324,750000,750000
2019.09.05 08:41:08.470,1.10322,1.10324,2120000,1120000
2019.09.05 08:41:08.572,1.10321,1.10323,1690000,1690000
2019.09.05 08:41:09.516,1.10321,1.10322,500000,940000
2019.09.05 08:41:09.668,1.10319,1.1032,1870000,3000000
2019.09.05 08:41:09.719,1.10316,1.10318,560000,3560000
2019.09.05 08:41:09.820,1.10314,1.10315,750000,500000
2019.09.05 08:41:09.921,1.10312,1.10315,750000,4790000
2019.09.05 08:41:10.073,1.10312,1.10315,1120000,2060000
2019.09.05 08:41:10.276,1.10313,1.10315,1310000,750000
2019.09.05 08:41:10.378,1.10312,1.10315,1390000,1120000
2019.09.05 08:41:10.529,1.10312,1.10314,1310000,500000
2019.09.05 08:41:10.630,1.10311,1.10314,1370000,500000
2019.09.05 08:41:10.681,1.10311,1.10314,1310000,500000
2019.09.05 08:41:11.588,1.10308,1.1031,940000,7040000
2019.09.05 08:41:11.689,1.10308,1.10311,4820000,640000
2019.09.05 08:41:12.836,1.10307,1.1031,1760000,1950000
2019.09.05 08:41:13.089,1.10308,1.1031,1310000,750000
2019.09.05 08:41:13.275,1.10308,1.10312,2510000,2810000
2019.09.05 08:41:13.911,1.10308,1.10312,2570000,2620000
2019.09.05 08:41:15.092,1.10308,1.10312,2620000,5200000
2019.09.05 08:41:15.194,1.1031,1.10312,1120000,560000
2019.09.05 08:41:16.108,1.1031,1.10314,4790000,2510000
2019.09.05 08:41:16.209,1.1031,1.10314,2060000,2140000
2019.09.05 08:41:17.573,1.10311,1.10314,2060000,500000
2019.09.05 08:41:17.676,1.10312,1.10315,2890000,2250000
2019.09.05 08:41:17.778,1.10313,1.10315,1870000,500000
2019.09.05 08:41:20.977,1.10313,1.10316,3190000,500000
2019.09.05 08:41:24.086,1.10313,1.10317,4870000,1390000
2019.09.05 08:41:24.137,1.10315,1.10318,2320000,2810000
2019.09.05 08:41:24.239,1.10316,1.10318,1120000,1120000
2019.09.05 08:41:26.434,1.10317,1.10319,500000,2060000
2019.09.05 08:41:26.493,1.10317,1.1032,3640000,2060000
2019.09.05 08:41:26.544,1.10318,1.1032,750000,1000000
2019.09.05 08:41:26.595,1.10317,1.10319,750000,560000
2019.09.05 08:41:26.697,1.10317,1.1032,2890000,500000
2019.09.05 08:41:27.215,1.10317,1.10319,2810000,500000
2019.09.05 08:41:29.496,1.10317,1.10318,750000,500000
2019.09.05 08:41:30.602,1.10317,1.10319,750000,1120000
2019.09.05 08:41:31.060,1.10317,1.10321,7200000,1310000
2019.09.05 08:41:33.222,1.10317,1.10319,750000,3450000
2019.09.05 08:41:33.699,1.10318,1.10319,1120000,750000
2019.09.05 08:41:34.234,1.10318,1.1032,1120000,750000
2019.09.05 08:41:34.386,1.10318,1.10321,1120000,1500000
2019.09.05 08:41:35.129,1.10318,1.1032,750000,1500000
2019.09.05 08:41:35.231,1.10319,1.10321,2920000,1000000
2019.09.05 08:41:35.334,1.10319,1.10321,500000,1370000
2019.09.05 08:41:35.436,1.10319,1.1032,750000,500000
2019.09.05 08:41:35.538,1.10319,1.10321,1500000,500000
2019.09.05 08:41:36.303,1.10319,1.10321,750000,750000
2019.09.05 08:41:36.405,1.10319,1.10321,1200000,560000
2019.09.05 08:41:37.863,1.10319,1.10322,5700000,500000
2019.09.05 08:41:41.999,1.10319,1.10321,500000,500000
2019.09.05 08:41:42.159,1.10318,1.10321,2250000,600000
2019.09.05 08:41:42.261,1.10317,1.1032,500000,3260000
2019.09.05 08:41:46.018,1.10318,1.10319,500000,600000
2019.09.05 08:41:46.069,1.10317,1.10321,1120000,3260000
2019.09.05 08:41:46.171,1.10318,1.10321,1120000,600000
2019.09.05 08:41:47.621,1.10318,1.10321,750000,600000
2019.09.05 08:41:47.972,1.10318,1.10322,2440000,600000
2019.09.05 08:41:48.135,1.10318,1.10321,750000,600000
2019.09.05 08:41:49.197,1.10319,1.10321,750000,600000
2019.09.05 08:41:49.298,1.10319,1.10322,2510000,600000
2019.09.05 08:41:50.407,1.10319,1.10322,3700000,600000
2019.09.05 08:41:50.508,1.10318,1.10322,3620000,600000
2019.09.05 08:41:51.197,1.10318,1.10322,5120000,600000
2019.09.05 08:41:51.299,1.1032,1.10323,4000000,940000
2019.09.05 08:41:51.453,1.1032,1.10322,1000000,600000
2019.09.05 08:41:51.555,1.1032,1.10322,940000,500000
2019.09.05 08:41:54.088,1.1032,1.10323,1310000,500000
2019.09.05 08:41:54.674,1.1032,1.10323,3320000,500000
2019.09.05 08:41:55.153,1.1032,1.10321,750000,500000
2019.09.05 08:41:55.204,1.10318,1.1032,2060000,1120000
2019.09.05 08:41:55.306,1.10317,1.10319,1310000,500000
2019.09.05 08:41:55.431,1.10316,1.10319,560000,500000
2019.09.05 08:41:55.633,1.10317,1.10319,940000,750000
2019.09.05 08:41:56.745,1.10317,1.1032,750000,500000
2019.09.05 08:41:56.883,1.10317,1.10321,4390000,500000
2019.09.05 08:41:57.219,1.10317,1.10321,4820000,500000
2019.09.05 08:41:58.294,1.10317,1.10321,4760000,500000
2019.09.05 08:41:58.497,1.10317,1.10321,5950000,500000
2019.09.05 08:42:06.619,1.10317,1.10321,2510000,560000
2019.09.05 08:42:06.989,1.10317,1.1032,750000,560000
2019.09.05 08:42:07.090,1.10319,1.10322,2320000,1690000
2019.09.05 08:42:07.191,1.10322,1.10325,2440000,1120000
2019.09.05 08:42:07.343,1.10322,1.10326,2810000,2890000
2019.09.05 08:42:07.444,1.10322,1.10325,1500000,2060000
2019.09.05 08:42:08.185,1.10322,1.10324,1120000,1500000
2019.09.05 08:42:08.286,1.10321,1.10324,1120000,2060000
2019.09.05 08:42:09.389,1.10322,1.10324,1390000,1500000
2019.09.05 08:42:09.668,1.10323,1.10325,1690000,750000
2019.09.05 08:42:09.820,1.10322,1.10324,750000,750000
2019.09.05 08:42:10.035,1.10323,1.10326,8570000,750000
2019.09.05 08:42:10.136,1.10323,1.10327,1820000,2500000
2019.09.05 08:42:11.081,1.10323,1.10326,940000,500000
2019.09.05 08:42:11.182,1.10322,1.10326,1410000,3260000
2019.09.05 08:42:11.283,1.10322,1.10326,940000,2890000
2019.09.05 08:42:11.769,1.10322,1.10325,750000,3640000
2019.09.05 08:42:11.873,1.10322,1.10326,940000,2890000
2019.09.05 08:42:12.045,1.10322,1.10325,750000,3640000
2019.09.05 08:42:12.253,1.10322,1.10326,940000,2890000
2019.09.05 08:42:12.538,1.10323,1.10325,940000,750000
2019.09.05 08:42:12.953,1.10321,1.10324,2810000,500000
2019.09.05 08:42:13.067,1.10321,1.10323,750000,500000
2019.09.05 08:42:13.893,1.1032,1.10323,1200000,2510000
2019.09.05 08:42:15.180,1.1032,1.10322,750000,2810000
2019.09.05 08:42:18.299,1.1032,1.10323,1120000,2810000
2019.09.05 08:42:18.785,1.10319,1.1032,1500000,940000
2019.09.05 08:42:18.906,1.10316,1.10318,2620000,1500000
2019.09.05 08:42:19.715,1.10315,1.10316,500000,750000
2019.09.05 08:42:19.817,1.10314,1.10316,500000,500000
2019.09.05 08:42:20.019,1.10314,1.10315,3940000,500000
2019.09.05 08:42:20.069,1.10312,1.10315,1120000,1390000
2019.09.05 08:42:20.171,1.10313,1.10315,820000,750000
2019.09.05 08:42:20.585,1.10314,1.10317,2950000,500000
2019.09.05 08:42:20.773,1.10314,1.10318,4070000,1120000
2019.09.05 08:42:22.961,1.10315,1.10318,2200000,500000
2019.09.05 08:42:23.063,1.10315,1.10318,1870000,1690000
2019.09.05 08:42:23.115,1.10318,1.1032,7290000,750000
2019.09.05 08:42:23.166,1.10319,1.10321,500000,500000
2019.09.05 08:42:23.369,1.10319,1.10322,940000,500000
2019.09.05 08:42:23.572,1.10319,1.10321,750000,500000
2019.09.05 08:42:23.972,1.10319,1.10322,2510000,500000
2019.09.05 08:42:28.072,1.10319,1.10322,2160000,500000
2019.09.05 08:42:28.192,1.10319,1.10322,1690000,500000
2019.09.05 08:42:31.799,1.10318,1.1032,2250000,1690000
2019.09.05 08:42:31.850,1.10317,1.10319,750000,820000
2019.09.05 08:42:31.952,1.10316,1.10319,750000,1310000
2019.09.05 08:42:32.053,1.10316,1.1032,9560000,1310000
2019.09.05 08:42:32.312,1.10316,1.10319,750000,1310000
2019.09.05 08:42:34.222,1.10315,1.10319,2440000,7390000
2019.09.05 08:42:34.323,1.10315,1.10319,1950000,7370000
2019.09.05 08:42:34.424,1.10315,1.10319,2060000,7390000
2019.09.05 08:42:34.526,1.10315,1.10319,1870000,7450000
2019.09.05 08:42:34.627,1.10317,1.10319,1500000,500000
2019.09.05 08:42:36.937,1.10317,1.1032,2060000,1870000
2019.09.05 08:42:37.038,1.10317,1.1032,940000,4220000
2019.09.05 08:42:38.856,1.10318,1.10321,1760000,1120000
2019.09.05 08:42:38.957,1.10319,1.10321,1690000,1310000
2019.09.05 08:42:39.922,1.10319,1.10322,1950000,1750000
2019.09.05 08:42:40.073,1.10319,1.10322,750000,2440000
2019.09.05 08:42:42.226,1.1032,1.10322,750000,750000
2019.09.05 08:42:45.277,1.10319,1.10322,750000,1310000
2019.09.05 08:42:46.209,1.10319,1.10322,1220000,1310000
2019.09.05 08:42:46.310,1.10319,1.10322,940000,1120000
2019.09.05 08:42:53.676,1.10319,1.10321,820000,2810000
2019.09.05 08:42:53.812,1.10319,1.1032,940000,1500000
2019.09.05 08:42:53.863,1.10317,1.1032,1010000,5620000
2019.09.05 08:42:55.019,1.10318,1.1032,1390000,750000
2019.09.05 08:42:55.200,1.10318,1.10321,2700000,1390000
2019.09.05 08:42:55.302,1.10319,1.10321,2700000,750000
2019.09.05 08:42:58.044,1.10318,1.1032,750000,500000
2019.09.05 08:42:59.035,1.10318,1.10321,2440000,500000
2019.09.05 08:42:59.136,1.10318,1.10321,2440000,750000
2019.09.05 08:42:59.815,1.1032,1.10322,1500000,750000
2019.09.05 08:42:59.916,1.10319,1.10322,1500000,2060000
2019.09.05 08:43:00.017,1.10319,1.10322,1970000,940000
2019.09.05 08:43:01.590,1.10319,1.10322,3190000,500000
2019.09.05 08:43:01.691,1.10319,1.10321,750000,500000
2019.09.05 08:43:01.792,1.10319,1.10322,750000,560000
2019.09.05 08:43:02.151,1.10319,1.1032,750000,500000
2019.09.05 08:43:02.252,1.10319,1.10322,3350000,560000
2019.09.05 08:43:02.353,1.10319,1.10322,1500000,560000
2019.09.05 08:43:02.697,1.10319,1.10321,940000,560000
2019.09.05 08:43:02.867,1.10317,1.1032,750000,9320000
2019.09.05 08:43:02.968,1.10317,1.10321,1690000,7820000
2019.09.05 08:43:03.121,1.10318,1.10321,750000,1750000
2019.09.05 08:43:03.223,1.10319,1.10321,2440000,500000
2019.09.05 08:43:04.641,1.10317,1.10321,1690000,9260000
2019.09.05 08:43:05.018,1.10318,1.10321,940000,4500000
2019.09.05 08:43:05.955,1.10318,1.10321,750000,6700000
2019.09.05 08:43:06.006,1.10321,1.10323,1310000,750000
2019.09.05 08:43:06.766,1.10319,1.10323,1120000,2950000
2019.09.05 08:43:06.867,1.10319,1.10323,1310000,2140000
2019.09.05 08:43:07.018,1.10319,1.10323,750000,3700000
2019.09.05 08:43:07.120,1.10319,1.10323,940000,2890000
2019.09.05 08:43:09.125,1.10319,1.10323,1500000,3700000
2019.09.05 08:43:14.845,1.10321,1.10323,1870000,750000
2019.09.05 08:43:15.429,1.10323,1.10324,1500000,750000
2019.09.05 08:43:15.531,1.10325,1.10326,1120000,940000
2019.09.05 08:43:15.633,1.10324,1.10326,2620000,1120000
2019.09.05 08:43:16.046,1.10324,1.10325,750000,1120000
2019.09.05 08:43:16.149,1.10324,1.10326,1870000,500000
2019.09.05 08:43:16.353,1.10324,1.10325,750000,500000
2019.09.05 08:43:16.680,1.10323,1.10325,750000,2890000
2019.09.05 08:43:17.027,1.10323,1.10326,1500000,2890000
2019.09.05 08:43:17.333,1.10323,1.10325,750000,2810000
2019.09.05 08:43:17.435,1.10323,1.10326,1500000,2890000
2019.09.05 08:43:17.757,1.10323,1.10325,750000,2890000
2019.09.05 08:43:17.858,1.10323,1.10326,1500000,2890000
2019.09.05 08:43:18.014,1.10323,1.10325,750000,3640000
2019.09.05 08:43:18.162,1.10323,1.10326,1500000,2890000
2019.09.05 08:43:18.715,1.10323,1.10326,1500000,4790000
2019.09.05 08:43:18.968,1.10323,1.10326,1500000,3260000
2019.09.05 08:43:19.069,1.10323,1.10327,5060000,2890000
2019.09.05 08:43:19.625,1.10323,1.10326,750000,2140000
2019.09.05 08:43:19.774,1.10323,1.10327,3940000,2140000
2019.09.05 08:43:19.925,1.10324,1.10326,1170000,600000
2019.09.05 08:43:20.026,1.10324,1.10327,2550000,600000
2019.09.05 08:43:20.127,1.10323,1.10327,2480000,2140000
2019.09.05 08:43:20.613,1.10323,1.10326,750000,2140000
2019.09.05 08:43:20.837,1.10323,1.10325,750000,2140000
2019.09.05 08:43:20.938,1.10323,1.10326,750000,2140000
2019.09.05 08:43:21.620,1.10323,1.10326,750000,2200000
2019.09.05 08:43:21.722,1.10323,1.10327,2290000,2200000
2019.09.05 08:43:21.914,1.10326,1.10327,1540000,750000
2019.09.05 08:43:22.066,1.10326,1.10328,1500000,750000
2019.09.05 08:43:22.167,1.10325,1.10328,750000,1690000
2019.09.05 08:43:23.363,1.10326,1.10328,1500000,750000
2019.09.05 08:43:23.907,1.10325,1.10328,1690000,750000
2019.09.05 08:43:24.008,1.10324,1.10326,750000,820000
2019.09.05 08:43:24.165,1.10323,1.10326,1690000,1500000
2019.09.05 08:43:24.318,1.10323,1.10325,750000,1500000
2019.09.05 08:43:24.424,1.10323,1.10326,1690000,1500000
2019.09.05 08:43:24.784,1.10323,1.10325,750000,1500000
2019.09.05 08:43:25.014,1.10323,1.10326,1690000,1500000
2019.09.05 08:43:25.671,1.10323,1.10325,750000,1500000
2019.09.05 08:43:25.793,1.10323,1.10326,2060000,1500000
2019.09.05 08:43:26.097,1.10324,1.10327,2250000,500000
2019.09.05 08:43:26.785,1.10324,1.10326,750000,560000
2019.09.05 08:43:26.887,1.10324,1.10327,2440000,560000
2019.09.05 08:43:27.090,1.10324,1.10326,750000,940000
2019.09.05 08:43:27.203,1.10324,1.10327,940000,940000
2019.09.05 08:43:32.980,1.10325,1.10328,2700000,940000
2019.09.05 08:43:33.081,1.10328,1.1033,750000,1820000
2019.09.05 08:43:33.132,1.1033,1.10332,1120000,560000
2019.09.05 08:43:33.234,1.10331,1.10332,750000,1120000
2019.09.05 08:43:33.335,1.10331,1.10333,750000,1120000
2019.09.05 08:43:33.638,1.10333,1.10335,820000,1370000
2019.09.05 08:43:33.739,1.10335,1.10336,750000,500000
2019.09.05 08:43:33.841,1.10335,1.10338,2060000,500000
2019.09.05 08:43:33.942,1.10335,1.10337,1500000,500000
2019.09.05 08:43:34.043,1.10334,1.10337,2700000,1200000
2019.09.05 08:43:34.786,1.10333,1.10335,2250000,1600000
2019.09.05 08:43:34.837,1.10332,1.10334,750000,2320000
2019.09.05 08:43:34.939,1.10332,1.10335,3750000,1200000
2019.09.05 08:43:35.141,1.10332,1.10334,750000,1120000
2019.09.05 08:43:35.483,1.1033,1.10332,750000,2140000
2019.09.05 08:43:35.585,1.1033,1.10333,750000,1310000
2019.09.05 08:43:35.686,1.1033,1.10334,2060000,2890000
2019.09.05 08:43:37.046,1.10332,1.10334,2060000,750000
2019.09.05 08:43:37.621,1.10331,1.10334,2810000,750000
2019.09.05 08:43:37.874,1.10332,1.10334,560000,940000
2019.09.05 08:43:37.925,1.10333,1.10334,500000,750000
2019.09.05 08:43:37.976,1.10334,1.10337,2890000,600000
2019.09.05 08:43:38.077,1.10335,1.10338,2570000,600000
2019.09.05 08:43:38.203,1.10334,1.10338,3250000,1950000
2019.09.05 08:43:38.535,1.10334,1.10338,3640000,4040000
2019.09.05 08:43:39.086,1.10334,1.10338,2950000,4220000
2019.09.05 08:43:39.746,1.10334,1.10338,1750000,3450000
2019.09.05 08:43:39.847,1.10334,1.10338,1690000,3640000
2019.09.05 08:43:42.480,1.10334,1.10338,3640000,3290000
2019.09.05 08:43:42.995,1.10334,1.10338,2440000,2510000
2019.09.05 08:43:43.832,1.10333,1.10335,3190000,1600000
2019.09.05 08:43:43.883,1.10332,1.10335,2810000,1120000
2019.09.05 08:43:43.985,1.10332,1.10334,1310000,1120000
2019.09.05 08:43:44.137,1.10333,1.10334,1310000,750000
2019.09.05 08:43:44.262,1.10333,1.10335,750000,1500000
2019.09.05 08:43:44.364,1.10333,1.10337,4820000,750000
2019.09.05 08:43:45.096,1.10335,1.10336,750000,500000
2019.09.05 08:43:45.197,1.10335,1.10337,500000,600000
2019.09.05 08:43:45.369,1.10334,1.10337,500000,1760000
2019.09.05 08:43:49.104,1.10336,1.10337,940000,500000
2019.09.05 08:43:49.509,1.10335,1.10337,500000,640000
2019.09.05 08:43:49.611,1.10334,1.10338,1310000,2140000
2019.09.05 08:43:49.713,1.10334,1.10338,1760000,3290000
2019.09.05 08:43:50.535,1.10334,1.10339,4310000,4470000
2019.09.05 08:43:50.636,1.10335,1.10338,1310000,750000
2019.09.05 08:43:50.994,1.10335,1.10338,2140000,2950000
2019.09.05 08:43:56.652,1.10336,1.10337,500000,1010000
2019.09.05 08:43:57.834,1.10336,1.10338,560000,940000
2019.09.05 08:44:02.411,1.10336,1.10337,500000,940000
2019.09.05 08:44:03.556,1.10335,1.10337,500000,1500000
2019.09.05 08:44:03.784,1.10335,1.10338,2060000,1120000
2019.09.05 08:44:04.905,1.10335,1.10336,1500000,500000
2019.09.05 08:44:05.033,1.10332,1.10334,560000,560000
2019.09.05 08:44:05.084,1.10333,1.10335,3190000,1620000
2019.09.05 08:44:05.185,1.10332,1.10334,560000,560000
2019.09.05 08:44:05.942,1.10332,1.10333,500000,560000
2019.09.05 08:44:06.628,1.10331,1.10332,750000,500000
2019.09.05 08:44:06.991,1.1033,1.10332,750000,4870000
2019.09.05 08:44:07.738,1.1033,1.10333,6750000,2060000
2019.09.05 08:44:07.839,1.10331,1.10333,500000,750000
2019.09.05 08:44:08.464,1.10332,1.10334,750000,560000
2019.09.05 08:44:08.643,1.10332,1.10335,1500000,940000
2019.09.05 08:44:08.744,1.10332,1.10334,500000,600000
2019.09.05 08:44:09.199,1.10332,1.10333,750000,500000
2019.09.05 08:44:09.301,1.10332,1.10334,1310000,500000
2019.09.05 08:44:13.125,1.10332,1.10333,750000,750000
2019.09.05 08:44:13.176,1.1033,1.10332,750000,940000
2019.09.05 08:44:13.278,1.10329,1.10331,1500000,820000
2019.09.05 08:44:13.380,1.10328,1.1033,1310000,500000
2019.09.05 08:44:14.112,1.10328,1.10329,500000,500000
2019.09.05 08:44:14.517,1.10327,1.10329,4390000,500000
2019.09.05 08:44:14.619,1.10327,1.10328,500000,500000
2019.09.05 08:44:14.721,1.10327,1.10329,1390000,500000
2019.09.05 08:44:15.228,1.10327,1.10328,500000,500000
2019.09.05 08:44:17.107,1.10327,1.10329,5700000,500000
2019.09.05 08:44:17.326,1.10326,1.10328,560000,560000
2019.09.05 08:44:17.826,1.10326,1.10329,1310000,500000
2019.09.05 08:44:18.054,1.10326,1.10328,750000,500000
2019.09.05 08:44:18.183,1.10326,1.10329,1310000,500000
2019.09.05 08:44:18.403,1.10326,1.10328,750000,500000
2019.09.05 08:44:18.584,1.10326,1.10329,1310000,500000
2019.09.05 08:44:18.686,1.10326,1.10328,750000,500000
2019.09.05 08:44:19.020,1.10326,1.10329,1310000,500000
2019.09.05 08:44:19.122,1.10326,1.10328,500000,500000
2019.09.05 08:44:19.224,1.10326,1.10329,2060000,500000
2019.09.05 08:44:20.440,1.10328,1.10329,500000,750000
2019.09.05 08:44:20.541,1.10329,1.10331,2810000,500000
2019.09.05 08:44:20.643,1.10328,1.1033,1310000,500000
2019.09.05 08:44:20.947,1.10327,1.10329,750000,1120000
2019.09.05 08:44:21.048,1.10327,1.1033,3560000,1120000
2019.09.05 08:44:22.150,1.10327,1.10329,1120000,2620000
2019.09.05 08:44:22.635,1.10329,1.1033,1870000,500000
2019.09.05 08:44:22.737,1.10331,1.10332,1120000,1120000
2019.09.05 08:44:22.838,1.10331,1.10334,2440000,1120000
2019.09.05 08:44:25.026,1.1033,1.10334,4760000,2060000
2019.09.05 08:44:25.127,1.10331,1.10334,2810000,750000
2019.09.05 08:44:26.761,1.10332,1.10333,1870000,750000
2019.09.05 08:44:26.902,1.10332,1.10334,2060000,750000
2019.09.05 08:44:27.379,1.10332,1.10333,500000,750000
2019.09.05 08:44:27.984,1.10332,1.10334,2060000,750000
2019.09.05 08:44:29.884,1.10332,1.10334,7040000,750000
2019.09.05 08:44:30.275,1.10331,1.10334,1790000,1500000
2019.09.05 08:44:30.377,1.10331,1.10334,8440000,750000
2019.09.05 08:44:30.777,1.10332,1.10334,2060000,750000
2019.09.05 08:44:30.878,1.10331,1.10334,1310000,2320000
2019.09.05 08:44:31.694,1.10331,1.10334,3190000,2350000
2019.09.05 08:44:32.077,1.10335,1.10337,1200000,1500000
2019.09.05 08:44:32.178,1.10335,1.10338,940000,820000
2019.09.05 08:44:33.111,1.10334,1.10338,2440000,1390000
2019.09.05 08:44:33.212,1.10334,1.10337,1570000,1010000
2019.09.05 08:44:33.314,1.10334,1.10338,3250000,1390000
2019.09.05 08:44:33.863,1.10333,1.10336,1760000,820000
2019.09.05 08:44:34.015,1.10335,1.10337,940000,750000
2019.09.05 08:44:35.937,1.10335,1.10338,1500000,500000
2019.09.05 08:44:36.297,1.10335,1.10338,2160000,500000
2019.09.05 08:44:36.399,1.10335,1.10338,3640000,500000
2019.09.05 08:44:36.500,1.10335,1.10337,1950000,500000
2019.09.05 08:44:37.582,1.10335,1.10336,750000,500000
2019.09.05 08:44:37.818,1.10334,1.10336,750000,1870000
2019.09.05 08:44:39.272,1.10334,1.10336,750000,2950000
2019.09.05 08:44:39.625,1.10335,1.10338,2120000,1010000
2019.09.05 08:44:39.727,1.10336,1.10338,750000,600000
2019.09.05 08:44:39.828,1.10334,1.10338,1000000,3350000
2019.09.05 08:44:41.210,1.10334,1.10338,1390000,2160000
2019.09.05 08:44:43.584,1.10334,1.10338,560000,4010000
2019.09.05 08:44:44.383,1.10335,1.10339,4100000,600000
2019.09.05 08:44:44.932,1.10334,1.10338,640000,3940000
2019.09.05 08:44:45.797,1.10334,1.10336,750000,1500000
2019.09.05 08:44:45.903,1.10334,1.10337,2330000,750000
2019.09.05 08:44:46.005,1.10334,1.10337,750000,3250000
2019.09.05 08:44:46.157,1.10334,1.10337,3750000,2250000
2019.09.05 08:44:47.045,1.10335,1.10337,750000,750000
2019.09.05 08:44:47.146,1.10334,1.10337,750000,750000
2019.09.05 08:44:48.774,1.10333,1.10336,750000,3000000
2019.09.05 08:44:48.875,1.10333,1.10335,2550000,750000
2019.09.05 08:44:49.910,1.10333,1.10337,2140000,3000000
2019.09.05 08:44:54.778,1.10333,1.10337,1970000,2440000
2019.09.05 08:44:55.010,1.10332,1.10336,4010000,750000
2019.09.05 08:44:55.062,1.10332,1.10334,750000,750000
2019.09.05 08:44:55.163,1.10332,1.10335,940000,1500000
2019.09.05 08:44:55.266,1.10333,1.10335,750000,3560000
2019.09.05 08:44:55.368,1.10335,1.10337,2250000,750000
2019.09.05 08:44:55.672,1.10334,1.10338,3260000,750000
2019.09.05 08:44:55.781,1.10334,1.10337,1120000,750000
2019.09.05 08:44:55.883,1.10333,1.10337,1600000,5140000
2019.09.05 08:44:55.984,1.10333,1.10335,750000,1500000
2019.09.05 08:44:56.136,1.10333,1.10334,750000,750000
2019.09.05 08:44:56.237,1.10333,1.10335,1500000,750000
2019.09.05 08:44:56.485,1.10333,1.10336,750000,2510000
2019.09.05 08:44:56.587,1.10334,1.10337,750000,1500000
2019.09.05 08:44:56.688,1.10335,1.10337,750000,750000
2019.09.05 08:44:56.941,1.10334,1.10338,750000,2510000
2019.09.05 08:44:57.143,1.10334,1.10338,1970000,640000
2019.09.05 08:44:57.244,1.10333,1.10338,4820000,3640000
2019.09.05 08:44:58.034,1.10333,1.10338,3940000,8540000
2019.09.05 08:44:58.297,1.10334,1.10338,1500000,2910000
2019.09.05 08:44:58.398,1.10334,1.10338,1500000,1390000
2019.09.05 08:44:58.657,1.10335,1.10338,750000,940000
2019.09.05 08:44:59.658,1.10335,1.10338,750000,4410000
2019.09.05 08:45:00.812,1.10335,1.10337,1500000,500000
2019.09.05 08:45:00.964,1.10333,1.10334,750000,1950000
2019.09.05 08:45:01.015,1.10332,1.10334,1120000,500000
2019.09.05 08:45:01.263,1.10332,1.10333,750000,500000
2019.09.05 08:45:01.415,1.1033,1.10333,750000,2140000
2019.09.05 08:45:01.720,1.1033,1.10333,1000000,1120000
2019.09.05 08:45:02.264,1.1033,1.10333,750000,2060000
2019.09.05 08:45:02.731,1.1033,1.10334,1310000,4010000
2019.09.05 08:45:02.989,1.10331,1.10334,2060000,750000
2019.09.05 08:45:03.090,1.1033,1.10334,1310000,2890000
2019.09.05 08:45:06.172,1.10331,1.10334,560000,500000
2019.09.05 08:45:08.263,1.10331,1.10334,560000,2350000
2019.09.05 08:45:08.364,1.10331,1.10334,640000,1570000
2019.09.05 08:45:08.515,1.10332,1.10334,940000,750000
2019.09.05 08:45:08.617,1.10335,1.10336,2060000,500000
2019.09.05 08:45:08.667,1.10335,1.10337,750000,1310000
2019.09.05 08:45:08.769,1.10335,1.10338,750000,2540000
2019.09.05 08:45:08.870,1.10335,1.10338,750000,1310000
2019.09.05 08:45:09.000,1.10334,1.10338,1000000,4950000
2019.09.05 08:45:09.556,1.10334,1.10338,1000000,4390000
2019.09.05 08:45:09.779,1.10336,1.10338,750000,750000
2019.09.05 08:45:09.881,1.10338,1.1034,750000,1570000
2019.09.05 08:45:09.997,1.10339,1.10343,1690000,640000
2019.09.05 08:45:10.200,1.10339,1.10343,1750000,1200000
2019.09.05 08:45:10.588,1.10338,1.1034,940000,1570000
2019.09.05 08:45:10.706,1.10338,1.1034,1750000,750000
2019.09.05 08:45:12.239,1.10337,1.10338,2060000,1120000
2019.09.05 08:45:12.341,1.10333,1.10334,2060000,3070000
2019.09.05 08:45:12.392,1.10331,1.10332,1500000,1500000
2019.09.05 08:45:12.443,1.10329,1.10332,1750000,1010000
2019.09.05 08:45:12.560,1.10327,1.10329,750000,1200000
2019.09.05 08:45:12.662,1.10326,1.10329,940000,1120000
2019.09.05 08:45:13.515,1.10325,1.10329,3190000,2290000
2019.09.05 08:45:13.627,1.10325,1.10328,750000,2290000
2019.09.05 08:45:13.875,1.10326,1.10328,1200000,750000
2019.09.05 08:45:14.130,1.10326,1.10327,750000,1500000
2019.09.05 08:45:14.665,1.10326,1.10328,1570000,750000
2019.09.05 08:45:15.345,1.10327,1.10328,750000,750000
2019.09.05 08:45:15.446,1.10327,1.10329,3000000,750000
2019.09.05 08:45:15.598,1.10327,1.10329,4450000,750000
2019.09.05 08:45:15.699,1.10326,1.10329,3320000,1390000
2019.09.05 08:45:15.851,1.10326,1.10329,3000000,940000
2019.09.05 08:45:15.952,1.10327,1.10329,2620000,750000
2019.09.05 08:45:16.206,1.10326,1.10329,1870000,940000
2019.09.05 08:45:17.089,1.10328,1.10329,750000,750000
2019.09.05 08:45:17.140,1.10326,1.10329,2250000,2140000
2019.09.05 08:45:20.099,1.10325,1.10326,560000,1200000
2019.09.05 08:45:20.150,1.10324,1.10325,1500000,900000
2019.09.05 08:45:20.201,1.10322,1.10325,4310000,820000
2019.09.05 08:45:20.303,1.10323,1.10325,940000,750000
2019.09.05 08:45:20.354,1.10324,1.10326,1500000,1750000
2019.09.05 08:45:20.454,1.10324,1.10327,750000,940000
2019.09.05 08:45:20.555,1.10323,1.10326,940000,3620000
2019.09.05 08:45:22.136,1.10326,1.10328,1570000,1370000
2019.09.05 08:45:22.187,1.1033,1.10331,2820000,1500000
2019.09.05 08:45:22.238,1.10332,1.10334,3520000,1500000
2019.09.05 08:45:22.339,1.10332,1.10335,5140000,750000
2019.09.05 08:45:22.485,1.10332,1.10335,3350000,750000
2019.09.05 08:45:23.263,1.10331,1.10334,1000000,820000
2019.09.05 08:45:23.822,1.10331,1.10334,750000,1120000
2019.09.05 08:45:25.301,1.10331,1.10333,2500000,600000
2019.09.05 08:45:25.887,1.1033,1.10333,2500000,2250000
2019.09.05 08:45:27.174,1.10329,1.10333,1000000,2320000
2019.09.05 08:45:30.417,1.1033,1.10333,1820000,600000
2019.09.05 08:45:31.526,1.10329,1.10333,2140000,4220000
2019.09.05 08:45:33.694,1.10329,1.10332,750000,4220000
2019.09.05 08:45:33.910,1.10329,1.10333,1390000,3470000
2019.09.05 08:45:34.012,1.10329,1.10333,940000,2320000
2019.09.05 08:45:35.904,1.10332,1.10334,1760000,750000
2019.09.05 08:45:36.006,1.10333,1.10335,2500000,750000
2019.09.05 08:45:36.107,1.10332,1.10334,1750000,2320000
2019.09.05 08:45:36.734,1.10332,1.10334,940000,1500000
2019.09.05 08:45:37.378,1.10332,1.10334,1000000,500000
2019.09.05 08:45:37.479,1.10331,1.10334,2500000,1120000
2019.09.05 08:45:37.594,1.10331,1.10334,2500000,750000
2019.09.05 08:45:38.159,1.1033,1.10334,2570000,1500000
2019.09.05 08:45:38.355,1.10332,1.10334,1200000,750000
2019.09.05 08:45:38.456,1.10334,1.10336,2440000,1500000
2019.09.05 08:45:38.558,1.10335,1.10337,1820000,500000
2019.09.05 08:45:39.585,1.10334,1.10337,1000000,750000
2019.09.05 08:45:41.744,1.10335,1.10337,1000000,500000
2019.09.05 08:45:43.064,1.10334,1.10336,940000,1120000
2019.09.05 08:45:44.667,1.10334,1.10335,750000,1870000
2019.09.05 08:45:44.818,1.10334,1.10337,1370000,1870000
2019.09.05 08:45:45.823,1.10334,1.10337,2120000,1120000
2019.09.05 08:45:46.184,1.10335,1.10337,2200000,500000
2019.09.05 08:45:46.386,1.10335,1.10337,750000,1570000
2019.09.05 08:45:47.021,1.10335,1.10337,1000000,1120000
2019.09.05 08:45:51.340,1.10335,1.10338,2440000,500000
2019.09.05 08:45:53.725,1.10336,1.10338,750000,500000
2019.09.05 08:45:53.827,1.10336,1.10339,1760000,600000
2019.09.05 08:45:54.582,1.10336,1.10339,4270000,500000
2019.09.05 08:45:54.683,1.10336,1.10338,2120000,1120000
2019.09.05 08:45:55.330,1.10335,1.10337,1000000,500000
2019.09.05 08:45:55.684,1.10334,1.10337,1000000,500000
2019.09.05 08:45:56.318,1.10334,1.10336,2500000,1500000
2019.09.05 08:45:57.285,1.10334,1.10337,2570000,1500000
2019.09.05 08:45:59.541,1.10334,1.10335,500000,750000
2019.09.05 08:45:59.643,1.10333,1.10334,1120000,1120000
2019.09.05 08:46:00.167,1.10333,1.10334,1310000,500000
2019.09.05 08:46:01.248,1.10333,1.10336,6320000,500000
2019.09.05 08:46:01.739,1.10333,1.10336,5570000,500000
2019.09.05 08:46:05.154,1.10333,1.10336,2890000,500000
2019.09.05 08:46:05.205,1.10333,1.10335,1000000,1120000
2019.09.05 08:46:07.565,1.10333,1.10336,940000,1120000
2019.09.05 08:46:07.683,1.10333,1.10334,940000,1870000
2019.09.05 08:46:07.850,1.10333,1.10336,1750000,1310000
2019.09.05 08:46:08.132,1.10333,1.10334,750000,2320000
2019.09.05 08:46:09.085,1.10333,1.10335,940000,1570000
2019.09.05 08:46:10.074,1.10334,1.10336,940000,500000
2019.09.05 08:46:10.175,1.10334,1.10337,6190000,1500000
2019.09.05 08:46:11.097,1.10334,1.10338,1500000,1820000
2019.09.05 08:46:11.985,1.10334,1.10338,1000000,1570000
2019.09.05 08:46:12.188,1.10334,1.10338,3250000,600000
2019.09.05 08:46:13.185,1.10335,1.10338,940000,3250000
2019.09.05 08:46:13.286,1.10338,1.10339,2320000,500000
2019.09.05 08:46:13.337,1.10339,1.10341,3750000,750000
2019.09.05 08:46:13.463,1.10339,1.10342,1690000,1120000
2019.09.05 08:46:14.010,1.10339,1.10342,1750000,1120000
2019.09.05 08:46:14.436,1.10339,1.10342,1690000,2700000
2019.09.05 08:46:14.639,1.10339,1.10342,1000000,1200000
2019.09.05 08:46:17.383,1.10339,1.10342,940000,1310000
2019.09.05 08:46:18.802,1.10339,1.10342,1000000,2620000
2019.09.05 08:46:19.712,1.10339,1.10343,3700000,1870000
2019.09.05 08:46:20.617,1.10339,1.10343,3560000,1390000
2019.09.05 08:46:21.387,1.1034,1.10343,1310000,750000
2019.09.05 08:46:21.489,1.10343,1.10344,600000,1870000
2019.09.05 08:46:21.591,1.10343,1.10345,1390000,1120000
2019.09.05 08:46:21.872,1.10343,1.10346,940000,1120000
2019.09.05 08:46:22.578,1.10344,1.10347,3250000,750000
2019.09.05 08:46:22.679,1.10343,1.10347,4000000,2320000
2019.09.05 08:46:22.803,1.10342,1.10345,2810000,2720000
2019.09.05 08:46:22.907,1.10341,1.10345,2440000,2890000
2019.09.05 08:46:23.160,1.10341,1.10344,750000,1760000
2019.09.05 08:46:23.261,1.1034,1.10344,2120000,1570000
2019.09.05 08:46:23.362,1.10343,1.10345,6560000,750000
2019.09.05 08:46:23.463,1.10343,1.10345,1500000,1600000
2019.09.05 08:46:23.565,1.10343,1.10344,750000,500000
2019.09.05 08:46:23.695,1.10341,1.10344,940000,2350000
2019.09.05 08:46:23.797,1.10341,1.10344,750000,1760000
2019.09.05 08:46:23.898,1.10342,1.10344,1120000,1200000
2019.09.05 08:46:24.000,1.10343,1.10344,750000,600000
2019.09.05 08:46:24.202,1.10342,1.10344,750000,1950000
2019.09.05 08:46:24.414,1.10342,1.10344,750000,2720000
2019.09.05 08:46:25.710,1.10343,1.10345,940000,1410000
2019.09.05 08:46:26.159,1.10342,1.10344,750000,2200000
2019.09.05 08:46:26.260,1.10341,1.10344,2440000,2700000
2019.09.05 08:46:26.311,1.10342,1.10344,2250000,750000
2019.09.05 08:46:26.513,1.10344,1.10345,750000,750000
2019.09.05 08:46:26.625,1.10345,1.10346,750000,1690000
2019.09.05 08:46:26.727,1.10345,1.10347,500000,1200000
2019.09.05 08:46:27.971,1.10344,1.10347,2060000,1200000
2019.09.05 08:46:28.022,1.10346,1.10347,1500000,750000
2019.09.05 08:46:28.124,1.1035,1.10352,1010000,1120000
2019.09.05 08:46:28.175,1.10353,1.10354,940000,750000
2019.09.05 08:46:28.276,1.10353,1.10355,2250000,500000
2019.09.05 08:46:28.378,1.10353,1.10355,2870000,500000
2019.09.05 08:46:28.506,1.10352,1.10354,1310000,500000
2019.09.05 08:46:28.659,1.1035,1.10354,1310000,2890000
2019.09.05 08:46:28.760,1.10352,1.10354,1310000,750000
2019.09.05 08:46:28.862,1.1035,1.10354,2620000,4470000
2019.09.05 08:46:28.963,1.1035,1.10354,1310000,2510000
2019.09.05 08:46:29.065,1.1035,1.10354,1370000,2320000
2019.09.05 08:46:29.167,1.1035,1.10354,2890000,2440000
2019.09.05 08:46:29.425,1.10351,1.10355,3560000,3640000
2019.09.05 08:46:29.526,1.10351,1.10355,3260000,5160000
2019.09.05 08:46:30.414,1.10351,1.10354,750000,940000
2019.09.05 08:46:30.516,1.10352,1.10354,750000,750000
2019.09.05 08:46:30.735,1.1035,1.10353,1500000,2140000
2019.09.05 08:46:30.887,1.1035,1.10351,1500000,1310000
2019.09.05 08:46:30.988,1.1035,1.10353,3290000,2120000
2019.09.05 08:46:31.089,1.1035,1.10353,2140000,2570000
2019.09.05 08:46:31.526,1.1035,1.10353,2200000,2320000
2019.09.05 08:46:31.850,1.10349,1.10351,3750000,500000
2019.09.05 08:46:31.901,1.10347,1.1035,2250000,3260000
2019.09.05 08:46:32.053,1.10348,1.1035,750000,750000
2019.09.05 08:46:32.255,1.10347,1.10351,3250000,1200000
2019.09.05 08:46:32.356,1.10348,1.10351,4450000,750000
2019.09.05 08:46:32.909,1.10348,1.10349,750000,750000
2019.09.05 08:46:33.010,1.10347,1.10349,750000,500000
2019.09.05 08:46:33.161,1.10347,1.1035,2060000,500000
2019.09.05 08:46:34.455,1.10347,1.10351,500000,4820000
2019.09.05 08:46:34.556,1.10348,1.10352,3700000,2120000
2019.09.05 08:46:34.657,1.10349,1.10352,940000,2570000
2019.09.05 08:46:34.965,1.10349,1.10352,750000,2140000
2019.09.05 08:46:36.429,1.1035,1.10352,2250000,2200000
2019.09.05 08:46:36.530,1.10351,1.10354,2870000,2510000
2019.09.05 08:46:36.632,1.10352,1.10353,500000,560000
2019.09.05 08:46:36.834,1.10351,1.10353,500000,1500000
2019.09.05 08:46:37.663,1.10351,1.10354,3940000,500000
2019.09.05 08:46:37.766,1.10351,1.10354,4410000,500000
2019.09.05 08:46:37.867,1.1035,1.10354,6320000,750000
2019.09.05 08:46:38.051,1.1035,1.10354,2510000,1690000
2019.09.05 08:46:38.766,1.1035,1.10354,8200000,1120000
2019.09.05 08:46:38.867,1.1035,1.10353,940000,2120000
2019.09.05 08:46:39.666,1.1035,1.10353,750000,2060000
2019.09.05 08:46:41.195,1.1035,1.10354,2060000,1390000
2019.09.05 08:46:42.143,1.10351,1.10354,3560000,750000
2019.09.05 08:46:50.435,1.1035,1.10354,4080000,750000
2019.09.05 08:46:50.537,1.1035,1.10352,750000,2500000
2019.09.05 08:46:51.440,1.1035,1.10352,750000,2060000
2019.09.05 08:46:57.191,1.10351,1.10352,750000,1120000
2019.09.05 08:46:57.293,1.10352,1.10355,1950000,1310000
2019.09.05 08:46:57.394,1.10353,1.10355,1500000,1120000
2019.09.05 08:46:57.940,1.10353,1.10356,2250000,2060000
2019.09.05 08:46:57.992,1.10354,1.10356,750000,2120000
2019.09.05 08:46:58.349,1.10354,1.10357,3940000,750000
2019.09.05 08:46:58.456,1.10354,1.10357,4690000,500000
2019.09.05 08:46:58.557,1.10354,1.10355,750000,500000
2019.09.05 08:46:59.441,1.10353,1.10355,750000,940000
2019.09.05 08:46:59.543,1.10353,1.10356,4950000,1010000
2019.09.05 08:47:00.552,1.10354,1.10356,2250000,750000
2019.09.05 08:47:00.654,1.10354,1.10357,1500000,1690000
2019.09.05 08:47:03.700,1.10355,1.10358,1500000,1690000
2019.09.05 08:47:04.169,1.10355,1.10359,2810000,2510000
2019.09.05 08:47:05.308,1.10356,1.10359,4130000,750000
2019.09.05 08:47:05.410,1.10359,1.10361,2540000,1690000
2019.09.05 08:47:05.461,1.10359,1.10362,4310000,3190000
2019.09.05 08:47:05.562,1.10359,1.10364,3260000,5570000
2019.09.05 08:47:05.663,1.10359,1.10364,3640000,4010000
2019.09.05 08:47:05.803,1.10359,1.10363,6450000,750000
2019.09.05 08:47:05.905,1.10359,1.10363,5890000,1310000
2019.09.05 08:47:06.006,1.10359,1.10363,3640000,1690000
2019.09.05 08:47:06.108,1.1036,1.10363,3640000,750000
2019.09.05 08:47:09.431,1.10361,1.10363,560000,1200000
2019.09.05 08:47:10.108,1.1036,1.10363,1310000,1950000
2019.09.05 08:47:10.160,1.10359,1.10361,750000,750000
2019.09.05 08:47:10.264,1.10358,1.10361,750000,2510000
2019.09.05 08:47:10.366,1.1036,1.10361,1500000,750000
2019.09.05 08:47:10.417,1.1036,1.10363,2440000,1500000
2019.09.05 08:47:10.619,1.10361,1.10363,500000,600000
2019.09.05 08:47:10.868,1.1036,1.10363,1870000,2510000
2019.09.05 08:47:10.969,1.10361,1.10363,500000,1200000
2019.09.05 08:47:11.226,1.10361,1.10364,4880000,2700000
2019.09.05 08:47:13.089,1.10362,1.10365,2690000,820000
2019.09.05 08:47:13.237,1.10361,1.10365,3250000,1950000
2019.09.05 08:47:15.442,1.10362,1.10364,560000,600000
2019.09.05 08:47:15.543,1.10363,1.10366,2120000,640000
2019.09.05 08:47:15.645,1.10364,1.10367,1690000,1950000
2019.09.05 08:47:15.696,1.10366,1.10368,750000,750000
2019.09.05 08:47:15.875,1.10365,1.10368,500000,1390000
2019.09.05 08:47:16.641,1.10365,1.10367,750000,1390000
2019.09.05 08:47:16.743,1.10364,1.10368,4310000,3260000
2019.09.05 08:47:16.844,1.10365,1.10368,4310000,600000
2019.09.05 08:47:18.522,1.10366,1.10368,500000,600000
2019.09.05 08:47:18.625,1.10365,1.10367,750000,1200000
2019.09.05 08:47:18.777,1.10364,1.10368,500000,1760000
2019.09.05 08:47:18.878,1.10365,1.10368,1870000,600000
2019.09.05 08:47:19.322,1.10364,1.10367,750000,2140000
2019.09.05 08:47:19.483,1.10364,1.10366,750000,1950000
2019.09.05 08:47:19.616,1.10364,1.10367,750000,1950000
2019.09.05 08:47:20.195,1.10364,1.10366,750000,1200000
2019.09.05 08:47:20.397,1.10364,1.10365,750000,750000
2019.09.05 08:47:20.498,1.10364,1.10366,1500000,750000
2019.09.05 08:47:21.685,1.10363,1.10365,750000,1760000
2019.09.05 08:47:21.786,1.10362,1.10365,2140000,5700000
2019.09.05 08:47:21.937,1.10362,1.10364,750000,2700000
2019.09.05 08:47:22.039,1.10363,1.10364,2060000,600000
2019.09.05 08:47:22.141,1.10362,1.10364,2440000,2140000
2019.09.05 08:47:22.520,1.10361,1.10362,750000,940000
2019.09.05 08:47:22.867,1.1036,1.10362,750000,3260000
2019.09.05 08:47:24.196,1.10361,1.10362,750000,600000
2019.09.05 08:47:24.297,1.1036,1.10362,750000,4010000
2019.09.05 08:47:24.459,1.1036,1.10362,750000,4040000
2019.09.05 08:47:24.561,1.1036,1.10362,750000,4010000
2019.09.05 08:47:24.663,1.10361,1.10362,750000,600000
2019.09.05 08:47:24.765,1.10361,1.10363,750000,1220000
2019.09.05 08:47:24.867,1.1036,1.10362,750000,4010000
2019.09.05 08:47:27.995,1.1036,1.10362,750000,3700000
2019.09.05 08:47:28.097,1.1036,1.10361,1500000,600000
2019.09.05 08:47:28.198,1.1036,1.10362,940000,940000
2019.09.05 08:47:28.300,1.1036,1.10363,2250000,2140000
2019.09.05 08:47:30.380,1.1036,1.10362,750000,940000
2019.09.05 08:47:30.532,1.1036,1.10362,750000,1690000
2019.09.05 08:47:30.583,1.1036,1.10363,5250000,2910000
2019.09.05 08:47:30.685,1.1036,1.10363,5250000,2140000
2019.09.05 08:47:31.238,1.1036,1.10362,1500000,2890000
2019.09.05 08:47:31.340,1.1036,1.10363,3000000,1390000
2019.09.05 08:47:32.084,1.1036,1.10362,750000,2140000
2019.09.05 08:47:32.185,1.1036,1.10363,6560000,1200000
2019.09.05 08:47:32.236,1.10359,1.10361,750000,4760000
2019.09.05 08:47:32.337,1.10359,1.10361,1500000,1870000
2019.09.05 08:47:32.388,1.10359,1.10362,1690000,1870000
2019.09.05 08:47:34.264,1.10359,1.10361,750000,2320000
2019.09.05 08:47:34.519,1.10359,1.10362,2810000,3450000
2019.09.05 08:47:34.620,1.10359,1.10362,2440000,2950000
2019.09.05 08:47:34.839,1.10359,1.10361,2250000,600000
2019.09.05 08:47:35.584,1.10358,1.1036,750000,1200000
2019.09.05 08:47:35.881,1.10358,1.10361,940000,1200000
2019.09.05 08:47:38.184,1.10357,1.1036,940000,2320000
2019.09.05 08:47:38.286,1.10357,1.10359,500000,1200000
2019.09.05 08:47:38.744,1.10357,1.10359,2500000,500000
2019.09.05 08:47:38.795,1.10355,1.10357,750000,3450000
2019.09.05 08:47:38.896,1.10354,1.10356,940000,1010000
2019.09.05 08:47:39.046,1.10353,1.10355,750000,1870000
2019.09.05 08:47:39.325,1.10354,1.10355,750000,600000
2019.09.05 08:47:39.884,1.10353,1.10355,750000,2320000
2019.09.05 08:47:39.985,1.10354,1.10356,750000,750000
2019.09.05 08:47:40.086,1.10354,1.10357,1500000,2140000
2019.09.05 08:47:47.875,1.10354,1.10357,750000,4040000
2019.09.05 08:47:47.977,1.10354,1.10357,750000,4010000
2019.09.05 08:47:48.481,1.10355,1.10357,750000,750000
2019.09.05 08:47:48.778,1.10356,1.10357,750000,600000
2019.09.05 08:47:49.148,1.10355,1.10357,750000,750000
2019.09.05 08:47:53.646,1.10355,1.10359,4690000,1760000
2019.09.05 08:47:53.697,1.10357,1.10359,1120000,2250000
2019.09.05 08:47:53.748,1.10358,1.10361,5060000,2510000
2019.09.05 08:47:53.798,1.1036,1.10361,4310000,750000
2019.09.05 08:47:53.914,1.1036,1.10362,750000,1500000
2019.09.05 08:47:56.694,1.1036,1.10362,750000,3410000
2019.09.05 08:47:57.795,1.1036,1.10362,750000,2890000
2019.09.05 08:48:00.304,1.1036,1.10363,1500000,1390000
2019.09.05 08:48:00.406,1.1036,1.10363,3250000,1570000
2019.09.05 08:48:00.507,1.1036,1.10363,3940000,1200000
2019.09.05 08:48:00.609,1.1036,1.10363,2440000,2720000
2019.09.05 08:48:00.710,1.1036,1.10363,2440000,1200000
2019.09.05 08:48:04.497,1.10361,1.10363,750000,1370000
2019.09.05 08:48:04.598,1.10361,1.10365,2870000,2950000
2019.09.05 08:48:04.699,1.10362,1.10365,1120000,1690000
2019.09.05 08:48:04.851,1.10361,1.10364,1690000,1200000
2019.09.05 08:48:05.878,1.1036,1.10364,2060000,1950000
2019.09.05 08:48:05.979,1.1036,1.10363,560000,1870000
2019.09.05 08:48:06.263,1.1036,1.10362,750000,1120000
2019.09.05 08:48:07.326,1.1036,1.10363,1310000,500000
2019.09.05 08:48:09.718,1.1036,1.10362,750000,500000
2019.09.05 08:48:09.870,1.1036,1.10363,2890000,500000
2019.09.05 08:48:09.972,1.1036,1.10363,2870000,500000
2019.09.05 08:48:10.073,1.1036,1.10363,1390000,500000
2019.09.05 08:48:10.225,1.10359,1.10363,3940000,1570000
2019.09.05 08:48:10.375,1.10359,1.10363,1820000,750000
2019.09.05 08:48:15.701,1.10359,1.10361,750000,1120000
2019.09.05 08:48:17.028,1.10357,1.10361,4370000,3070000
2019.09.05 08:48:17.129,1.10356,1.1036,2950000,2350000
2019.09.05 08:48:17.231,1.10356,1.1036,4450000,750000
2019.09.05 08:48:17.282,1.10357,1.10359,750000,1690000
2019.09.05 08:48:17.384,1.10359,1.10361,1120000,10310000
2019.09.05 08:48:17.487,1.10358,1.10361,940000,4070000
2019.09.05 08:48:17.588,1.10358,1.10361,560000,1120000
2019.09.05 08:48:18.447,1.10359,1.10362,1750000,750000
2019.09.05 08:48:18.498,1.10359,1.10363,1310000,3660000
2019.09.05 08:48:18.599,1.10359,1.10363,1310000,1760000
2019.09.05 08:48:19.386,1.10359,1.10362,600000,940000
2019.09.05 08:48:19.640,1.10359,1.10363,1760000,940000
2019.09.05 08:48:19.690,1.10359,1.10363,4070000,940000
2019.09.05 08:48:20.297,1.10359,1.10363,2510000,1690000
2019.09.05 08:48:21.834,1.1036,1.10363,4010000,750000
2019.09.05 08:48:21.947,1.10359,1.10363,4040000,2440000
2019.09.05 08:48:22.048,1.10359,1.10363,3260000,3190000
2019.09.05 08:48:22.222,1.10359,1.10363,3290000,2440000
2019.09.05 08:48:22.376,1.10359,1.10363,3260000,2440000
2019.09.05 08:48:22.491,1.10359,1.10363,3290000,2440000
2019.09.05 08:48:22.800,1.10359,1.10361,600000,2440000
2019.09.05 08:48:23.668,1.10359,1.10362,600000,2510000
2019.09.05 08:48:23.769,1.10359,1.10363,3260000,4690000
2019.09.05 08:48:23.820,1.10361,1.10363,2140000,940000
2019.09.05 08:48:30.241,1.10361,1.10363,1600000,750000
2019.09.05 08:48:30.873,1.1036,1.10362,1200000,750000
2019.09.05 08:48:31.377,1.1036,1.10363,600000,750000
2019.09.05 08:48:31.478,1.10359,1.10363,820000,4310000
2019.09.05 08:48:31.580,1.10363,1.10364,500000,750000
2019.09.05 08:48:31.693,1.10363,1.10366,600000,3190000
2019.09.05 08:48:31.744,1.10364,1.10367,1390000,1120000
2019.09.05 08:48:31.845,1.10364,1.10367,1070000,1120000
2019.09.05 08:48:32.528,1.10364,1.10367,820000,1120000
2019.09.05 08:48:33.468,1.10364,1.10366,600000,1120000
2019.09.05 08:48:33.993,1.10364,1.10367,820000,1120000
2019.09.05 08:48:34.816,1.10364,1.10366,750000,500000
2019.09.05 08:48:34.867,1.10362,1.10365,1760000,1870000
2019.09.05 08:48:34.968,1.10363,1.10366,2200000,1500000
2019.09.05 08:48:35.070,1.10363,1.10366,1570000,1500000
2019.09.05 08:48:44.695,1.10362,1.10364,1690000,500000
2019.09.05 08:48:44.796,1.1036,1.10364,3640000,1310000
2019.09.05 08:48:44.898,1.1036,1.10363,640000,1120000
2019.09.05 08:48:44.999,1.1036,1.10363,660000,500000
2019.09.05 08:48:45.281,1.10359,1.10363,850000,1870000
2019.09.05 08:48:45.714,1.10358,1.10362,1690000,3450000
2019.09.05 08:48:45.765,1.10358,1.1036,600000,2620000
2019.09.05 08:48:46.202,1.10358,1.10361,1200000,1870000
2019.09.05 08:48:46.303,1.10358,1.10361,1220000,1870000
2019.09.05 08:48:46.404,1.10358,1.10361,1200000,2620000
2019.09.05 08:48:46.506,1.10358,1.1036,1010000,1500000
2019.09.05 08:48:46.676,1.10357,1.10361,2950000,2440000
2019.09.05 08:48:47.538,1.10358,1.10361,2950000,750000
2019.09.05 08:48:47.740,1.10359,1.10362,1010000,750000
2019.09.05 08:48:47.842,1.10358,1.10362,2140000,3370000
2019.09.05 08:48:47.943,1.10358,1.10362,2160000,2620000
2019.09.05 08:48:48.886,1.10359,1.10361,1950000,750000
2019.09.05 08:48:49.799,1.10357,1.10361,600000,7690000
2019.09.05 08:48:51.565,1.10358,1.10361,820000,750000
2019.09.05 08:48:51.667,1.10357,1.1036,600000,4390000
2019.09.05 08:48:52.183,1.10358,1.1036,600000,750000
2019.09.05 08:48:52.375,1.10357,1.1036,600000,4010000
2019.09.05 08:48:52.754,1.10358,1.1036,600000,750000
2019.09.05 08:48:52.949,1.10357,1.1036,600000,4010000
2019.09.05 08:48:53.676,1.10358,1.1036,600000,750000
2019.09.05 08:48:53.777,1.10357,1.1036,600000,2510000
2019.09.05 08:48:54.113,1.10358,1.1036,600000,750000
2019.09.05 08:48:57.163,1.10358,1.10361,2510000,750000
2019.09.05 08:48:59.933,1.10357,1.10361,4820000,2060000
2019.09.05 08:49:00.035,1.10356,1.10358,940000,1310000
2019.09.05 08:49:00.137,1.10355,1.10358,2890000,750000
2019.09.05 08:49:00.238,1.10354,1.10357,1500000,4310000
2019.09.05 08:49:00.368,1.10353,1.10355,2200000,3000000
2019.09.05 08:49:00.420,1.10351,1.10354,560000,750000
2019.09.05 08:49:00.522,1.10351,1.10353,750000,750000
2019.09.05 08:49:00.624,1.1035,1.10353,820000,2810000
2019.09.05 08:49:00.879,1.1035,1.10353,1450000,500000
2019.09.05 08:49:01.031,1.10349,1.10353,850000,1870000
2019.09.05 08:49:01.147,1.10349,1.10353,600000,2120000
2019.09.05 08:49:01.249,1.10349,1.1035,750000,750000
2019.09.05 08:49:01.350,1.10345,1.10349,2570000,1750000
2019.09.05 08:49:01.452,1.10345,1.10347,600000,750000
2019.09.05 08:49:01.553,1.10344,1.10347,600000,1690000
2019.09.05 08:49:01.654,1.10343,1.10346,940000,750000
2019.09.05 08:49:01.705,1.10342,1.10345,660000,1120000
2019.09.05 08:49:01.827,1.10341,1.10344,600000,1390000
2019.09.05 08:49:01.979,1.10343,1.10345,1390000,940000
2019.09.05 08:49:02.486,1.10343,1.10344,600000,750000
2019.09.05 08:49:02.588,1.10342,1.10344,1200000,500000
2019.09.05 08:49:02.737,1.1034,1.10344,1850000,2810000
2019.09.05 08:49:02.839,1.1034,1.10342,1200000,940000
2019.09.05 08:49:02.941,1.1034,1.10342,1220000,940000
2019.09.05 08:49:03.043,1.1034,1.10342,750000,940000
2019.09.05 08:49:06.276,1.10339,1.10343,2720000,3940000
2019.09.05 08:49:06.378,1.10339,1.10343,1950000,2440000
2019.09.05 08:49:07.195,1.10341,1.10343,600000,1750000
2019.09.05 08:49:07.378,1.10343,1.10346,2440000,1500000
2019.09.05 08:49:07.706,1.10343,1.10347,1390000,2440000
2019.09.05 08:49:09.759,1.10343,1.10347,1970000,940000
2019.09.05 08:49:11.245,1.10342,1.10345,750000,4750000
2019.09.05 08:49:11.346,1.10341,1.10343,500000,1310000
2019.09.05 08:49:13.330,1.10342,1.10344,2510000,750000
2019.09.05 08:49:13.607,1.10343,1.10344,600000,750000
2019.09.05 08:49:13.658,1.10345,1.10346,5140000,750000
2019.09.05 08:49:13.811,1.10344,1.10346,1450000,1500000
2019.09.05 08:49:13.912,1.10344,1.10345,940000,750000
2019.09.05 08:49:14.121,1.10345,1.10346,600000,750000
2019.09.05 08:49:14.675,1.10345,1.10347,2140000,750000
2019.09.05 08:49:14.827,1.10344,1.10346,600000,750000
2019.09.05 08:49:14.929,1.10344,1.10346,1200000,750000
2019.09.05 08:49:15.175,1.10344,1.10346,1450000,750000
2019.09.05 08:49:16.668,1.10344,1.10346,820000,1500000
2019.09.05 08:49:19.068,1.10346,1.10347,500000,750000
2019.09.05 08:49:19.854,1.10346,1.10348,750000,750000
2019.09.05 08:49:20.106,1.10347,1.10348,750000,750000
2019.09.05 08:49:20.157,1.10349,1.1035,1500000,940000
2019.09.05 08:49:20.208,1.10351,1.10352,820000,750000
2019.09.05 08:49:20.346,1.1035,1.10353,750000,2890000
2019.09.05 08:49:20.448,1.10351,1.10354,1310000,750000
2019.09.05 08:49:20.888,1.10352,1.10354,1310000,750000
2019.09.05 08:49:24.195,1.10352,1.10353,750000,750000
2019.09.05 08:49:24.407,1.10352,1.10354,1310000,750000
2019.09.05 08:49:24.820,1.10352,1.10353,750000,750000
2019.09.05 08:49:25.359,1.10352,1.10354,2140000,750000
2019.09.05 08:49:26.620,1.10352,1.10353,500000,750000
2019.09.05 08:49:28.594,1.10352,1.10354,2140000,750000
2019.09.05 08:49:28.966,1.10352,1.10353,750000,750000
2019.09.05 08:49:29.067,1.10352,1.10354,2140000,750000
2019.09.05 08:49:29.320,1.10353,1.10355,1570000,750000
2019.09.05 08:49:29.523,1.10353,1.10355,750000,1570000
2019.09.05 08:49:29.658,1.10353,1.10357,2870000,1570000
2019.09.05 08:49:29.759,1.10354,1.10357,2870000,750000
2019.09.05 08:49:30.526,1.10353,1.10357,2870000,1570000
2019.09.05 08:49:30.962,1.10353,1.10356,3250000,750000
2019.09.05 08:49:31.088,1.10352,1.10354,1370000,750000
2019.09.05 08:49:31.604,1.10351,1.10354,1370000,1690000
2019.09.05 08:49:35.091,1.10353,1.10354,940000,750000
2019.09.05 08:49:35.192,1.10352,1.10354,940000,1690000
2019.09.05 08:49:35.294,1.10352,1.10356,1690000,5140000
2019.09.05 08:49:35.395,1.10353,1.10356,940000,1500000
2019.09.05 08:49:36.813,1.10353,1.10357,1820000,3470000
2019.09.05 08:49:38.742,1.10353,1.10357,1000000,3450000
2019.09.05 08:49:38.843,1.10353,1.10357,1820000,5720000
2019.09.05 08:49:38.944,1.10353,1.10357,1370000,6070000
2019.09.05 08:49:39.544,1.10352,1.10355,2440000,820000
2019.09.05 08:49:39.645,1.10352,1.10354,750000,1200000
2019.09.05 08:49:39.696,1.10352,1.10355,2140000,1570000
2019.09.05 08:49:40.261,1.10352,1.10354,940000,1570000
2019.09.05 08:49:40.362,1.10351,1.10354,940000,2250000
2019.09.05 08:49:40.463,1.10352,1.10354,2060000,750000
2019.09.05 08:49:42.932,1.10351,1.10354,750000,2060000
2019.09.05 08:49:46.646,1.10351,1.10354,940000,3100000
2019.09.05 08:49:46.748,1.10351,1.10354,940000,1870000
2019.09.05 08:49:47.385,1.10352,1.10354,1310000,500000
2019.09.05 08:49:48.416,1.10353,1.10355,1500000,1500000
2019.09.05 08:49:48.517,1.10353,1.10356,1500000,1310000
2019.09.05 08:49:48.728,1.10354,1.10356,1690000,750000
2019.09.05 08:49:50.926,1.10354,1.10357,1310000,750000
2019.09.05 08:49:53.366,1.10354,1.10356,750000,1500000
2019.09.05 08:49:53.619,1.10353,1.10357,3070000,3190000
2019.09.05 08:49:53.848,1.10353,1.10356,750000,2250000
2019.09.05 08:49:54.062,1.10353,1.10357,3640000,1500000
2019.09.05 08:49:55.333,1.10353,1.10355,750000,1500000
2019.09.05 08:49:55.434,1.10352,1.10355,1790000,750000
2019.09.05 08:49:55.536,1.10352,1.10355,1690000,750000
2019.09.05 08:49:55.823,1.10351,1.10355,2060000,2890000
2019.09.05 08:49:56.264,1.10351,1.10353,750000,3640000
2019.09.05 08:49:57.256,1.10352,1.10355,2440000,1000000
2019.09.05 08:49:58.396,1.10352,1.10354,500000,1500000
2019.09.05 08:50:00.525,1.10352,1.10355,2740000,1500000
2019.09.05 08:50:00.683,1.10352,1.10356,2250000,2950000
2019.09.05 08:50:00.835,1.10352,1.10356,1690000,2510000
2019.09.05 08:50:00.936,1.10354,1.10356,1690000,750000
2019.09.05 08:50:02.702,1.10352,1.10356,5810000,3640000
2019.09.05 08:50:02.753,1.10354,1.10356,5810000,750000
2019.09.05 08:50:05.486,1.10353,1.10356,1000000,2440000
2019.09.05 08:50:06.072,1.10352,1.10355,1690000,820000
2019.09.05 08:50:06.174,1.10354,1.10356,1010000,750000
2019.09.05 08:50:07.757,1.10355,1.10357,2250000,560000
2019.09.05 08:50:09.017,1.10354,1.10357,750000,1690000
2019.09.05 08:50:09.696,1.10354,1.10356,750000,1500000
2019.09.05 08:50:10.006,1.10354,1.10357,1310000,1500000
2019.09.05 08:50:12.071,1.10354,1.10356,750000,1500000
2019.09.05 08:50:12.425,1.10353,1.10356,1690000,500000
2019.09.05 08:50:13.844,1.10353,1.10356,1310000,1370000
2019.09.05 08:50:15.924,1.10353,1.10356,940000,1120000
2019.09.05 08:50:16.027,1.10352,1.10354,1570000,1120000
2019.09.05 08:50:16.129,1.10352,1.10353,750000,750000
2019.09.05 08:50:17.483,1.10352,1.10354,940000,750000
2019.09.05 08:50:17.755,1.10353,1.10356,4040000,750000
2019.09.05 08:50:17.857,1.10353,1.10357,2140000,1690000
2019.09.05 08:50:20.269,1.10353,1.10357,2140000,3660000
2019.09.05 08:50:20.473,1.10353,1.10358,3320000,3260000
2019.09.05 08:50:21.137,1.10354,1.10358,2950000,750000
2019.09.05 08:50:21.874,1.10356,1.10358,2320000,750000
2019.09.05 08:50:22.077,1.10355,1.10358,1310000,750000
2019.09.05 08:50:22.178,1.10354,1.10357,2600000,750000
2019.09.05 08:50:22.279,1.10354,1.10356,1760000,750000
2019.09.05 08:50:22.330,1.10353,1.10356,1760000,1570000
2019.09.05 08:50:22.482,1.10353,1.10357,940000,2510000
2019.09.05 08:50:22.631,1.10353,1.10357,1000000,3070000
2019.09.05 08:50:24.083,1.10353,1.10357,940000,3260000
2019.09.05 08:50:24.356,1.10353,1.10357,1750000,3820000
2019.09.05 08:50:25.883,1.10353,1.10357,1500000,3260000
2019.09.05 08:50:26.684,1.10356,1.10357,750000,750000
2019.09.05 08:50:26.817,1.10356,1.10358,1870000,1500000
2019.09.05 08:50:27.179,1.10357,1.10359,2060000,750000
2019.09.05 08:50:27.439,1.10356,1.10359,2060000,1870000
2019.09.05 08:50:28.375,1.10357,1.10359,2060000,750000
2019.09.05 08:50:28.477,1.10359,1.1036,750000,750000
2019.09.05 08:50:28.961,1.10358,1.10361,1690000,2200000
2019.09.05 08:50:29.114,1.1036,1.10362,1120000,750000
2019.09.05 08:50:29.215,1.10359,1.10363,4310000,2510000
2019.09.05 08:50:34.365,1.10359,1.10362,500000,3560000
2019.09.05 08:50:34.670,1.10358,1.1036,940000,640000
2019.09.05 08:50:34.816,1.10356,1.10359,500000,3750000
2019.09.05 08:50:34.917,1.10356,1.10359,2810000,650000
2019.09.05 08:50:35.135,1.10356,1.10359,2440000,650000
2019.09.05 08:50:35.554,1.10358,1.1036,1570000,1500000
2019.09.05 08:50:35.656,1.10359,1.10361,750000,750000
2019.09.05 08:50:35.804,1.10358,1.1036,750000,3640000
2019.09.05 08:50:35.855,1.10358,1.10362,1120000,3700000
2019.09.05 08:50:36.438,1.1036,1.10362,1200000,750000
2019.09.05 08:50:38.944,1.10359,1.10362,820000,640000
2019.09.05 08:50:39.046,1.1036,1.10362,750000,750000
2019.09.05 08:50:39.260,1.1036,1.10362,750000,500000
2019.09.05 08:50:42.637,1.1036,1.10361,500000,500000
2019.09.05 08:50:43.687,1.1036,1.10362,750000,500000
2019.09.05 08:50:43.957,1.10361,1.10363,640000,750000
2019.09.05 08:50:44.060,1.10361,1.10364,5510000,750000
2019.09.05 08:50:44.262,1.10361,1.10363,1310000,750000
2019.09.05 08:50:44.363,1.10361,1.10363,1790000,750000
2019.09.05 08:50:44.464,1.1036,1.10363,1040000,1120000
2019.09.05 08:50:44.734,1.10361,1.10363,1760000,750000
2019.09.05 08:50:44.785,1.1036,1.10363,1070000,1120000
2019.09.05 08:50:44.886,1.10361,1.10363,1820000,750000
2019.09.05 08:50:45.303,1.1036,1.10362,940000,1870000
2019.09.05 08:50:45.353,1.10361,1.10363,640000,750000
2019.09.05 08:50:45.404,1.1036,1.10363,1450000,1120000
2019.09.05 08:50:45.575,1.10361,1.10362,940000,750000
2019.09.05 08:50:45.676,1.1036,1.10362,940000,1120000
2019.09.05 08:50:51.288,1.1036,1.10363,2320000,750000
2019.09.05 08:50:52.651,1.1036,1.10363,2350000,750000
2019.09.05 08:50:55.809,1.10359,1.10362,500000,750000
2019.09.05 08:50:56.652,1.1036,1.10362,500000,750000
2019.09.05 08:51:01.300,1.10361,1.10363,1950000,750000
2019.09.05 08:51:01.401,1.10359,1.10362,3250000,600000
2019.09.05 08:51:01.503,1.10358,1.10361,750000,940000
2019.09.05 08:51:01.655,1.10359,1.10361,1310000,750000
2019.09.05 08:51:01.756,1.10359,1.10361,1000000,750000
2019.09.05 08:51:07.327,1.10358,1.10362,1450000,1690000
2019.09.05 08:51:11.860,1.10359,1.10362,2140000,750000
2019.09.05 08:51:14.074,1.10357,1.1036,1310000,1570000
2019.09.05 08:51:14.177,1.10355,1.10358,1200000,2890000
2019.09.05 08:51:14.586,1.10355,1.10359,3260000,1310000
2019.09.05 08:51:15.224,1.10355,1.10358,500000,940000
2019.09.05 08:51:18.114,1.10357,1.10358,500000,750000
2019.09.05 08:51:19.335,1.10354,1.10357,940000,1500000
2019.09.05 08:51:19.387,1.10352,1.10355,3620000,4790000
2019.09.05 08:51:19.489,1.10351,1.10354,3660000,1000000
2019.09.05 08:51:19.624,1.10351,1.10354,3450000,940000
2019.09.05 08:51:19.727,1.10352,1.10354,1500000,940000
2019.09.05 08:51:19.778,1.10353,1.10356,2510000,1500000
2019.09.05 08:51:21.521,1.10352,1.10356,1760000,2060000
2019.09.05 08:51:21.875,1.10352,1.10356,2140000,5540000
2019.09.05 08:51:21.976,1.10352,1.10356,1760000,2060000
2019.09.05 08:51:22.572,1.10353,1.10356,1760000,750000
2019.09.05 08:51:23.636,1.10353,1.10355,600000,750000
2019.09.05 08:51:26.080,1.10354,1.10356,1950000,750000
2019.09.05 08:51:26.325,1.10353,1.10356,1950000,2440000
2019.09.05 08:51:30.790,1.10352,1.10355,2500000,1120000
2019.09.05 08:51:30.987,1.10351,1.10354,1450000,5060000
2019.09.05 08:51:31.244,1.10352,1.10354,1370000,500000
2019.09.05 08:51:31.647,1.10352,1.10354,1390000,3190000
2019.09.05 08:51:31.749,1.10353,1.10356,1820000,750000
2019.09.05 08:51:31.801,1.10353,1.10356,820000,940000
2019.09.05 08:51:36.452,1.10353,1.10357,2140000,1310000
2019.09.05 08:51:36.839,1.10353,1.10357,2160000,1310000
2019.09.05 08:51:37.383,1.10354,1.10356,600000,750000
2019.09.05 08:51:41.650,1.10353,1.10356,820000,3940000
2019.09.05 08:51:41.802,1.10353,1.10356,1970000,3940000
2019.09.05 08:51:42.855,1.10353,1.10356,1500000,3940000
2019.09.05 08:51:44.904,1.10354,1.10356,1500000,750000
2019.09.05 08:51:47.766,1.10354,1.10357,1760000,750000
2019.09.05 08:51:49.818,1.10357,1.10359,4010000,1500000
2019.09.05 08:51:49.869,1.10356,1.10357,600000,1870000
2019.09.05 08:51:49.955,1.10356,1.10359,1390000,1870000
2019.09.05 08:51:50.057,1.10357,1.10359,940000,1870000
2019.09.05 08:51:50.107,1.10355,1.10358,1000000,3370000
2019.09.05 08:51:50.158,1.10355,1.10358,1690000,2620000
2019.09.05 08:51:50.209,1.10354,1.10356,1450000,1500000
2019.09.05 08:51:50.311,1.10351,1.10353,1500000,1120000
2019.09.05 08:51:50.361,1.10353,1.10354,600000,750000
2019.09.05 08:51:50.463,1.10353,1.10356,3450000,1500000
2019.09.05 08:51:50.659,1.10354,1.10356,750000,750000
2019.09.05 08:51:51.014,1.10354,1.10357,1950000,1120000
2019.09.05 08:51:51.218,1.10354,1.10356,600000,500000
2019.09.05 08:51:51.663,1.10352,1.10354,2250000,500000
2019.09.05 08:51:51.714,1.10351,1.10353,500000,560000
2019.09.05 08:51:51.815,1.1035,1.10352,500000,3250000
2019.09.05 08:51:52.521,1.10352,1.10354,640000,1500000
2019.09.05 08:51:52.692,1.10352,1.10355,1690000,2250000
2019.09.05 08:51:52.844,1.10353,1.10355,3320000,750000
2019.09.05 08:51:53.252,1.10353,1.10356,3270000,3190000
2019.09.05 08:51:56.157,1.10353,1.10356,940000,1500000
2019.09.05 08:51:56.516,1.10353,1.10356,4820000,750000
2019.09.05 08:51:56.567,1.10351,1.10352,750000,600000
2019.09.05 08:51:56.668,1.1035,1.10352,750000,1870000
2019.09.05 08:51:56.829,1.1035,1.10353,1390000,750000
2019.09.05 08:51:59.274,1.10349,1.10351,940000,2250000
2019.09.05 08:51:59.375,1.10347,1.10348,940000,5250000
2019.09.05 08:51:59.477,1.10347,1.10348,940000,750000
2019.09.05 08:52:02.562,1.10347,1.10349,1950000,750000
2019.09.05 08:52:03.594,1.10347,1.10349,1970000,750000
2019.09.05 08:52:03.772,1.10347,1.10349,1950000,750000
2019.09.05 08:52:04.636,1.10348,1.10349,750000,750000
2019.09.05 08:52:04.687,1.10346,1.10348,750000,820000
2019.09.05 08:52:04.908,1.10347,1.10348,750000,750000
2019.09.05 08:52:05.010,1.10348,1.1035,3660000,750000
2019.09.05 08:52:05.112,1.10347,1.1035,750000,1120000
2019.09.05 08:52:05.365,1.10346,1.10349,750000,2140000
2019.09.05 08:52:05.466,1.10346,1.10349,1750000,560000
2019.09.05 08:52:11.336,1.10345,1.10348,1690000,500000
2019.09.05 08:52:11.444,1.10344,1.10348,1690000,3640000
2019.09.05 08:52:11.546,1.10344,1.10348,1410000,1760000
2019.09.05 08:52:11.647,1.10344,1.10348,750000,2200000
2019.09.05 08:52:11.748,1.10344,1.10348,1220000,2570000
2019.09.05 08:52:11.888,1.10344,1.10347,1070000,3260000
2019.09.05 08:52:13.167,1.10344,1.10347,750000,750000
2019.09.05 08:52:13.218,1.10343,1.10346,1690000,1200000
2019.09.05 08:52:13.370,1.10343,1.10346,3320000,750000
2019.09.05 08:52:14.054,1.10343,1.10346,2510000,750000
2019.09.05 08:52:16.797,1.10343,1.10345,750000,750000
2019.09.05 08:52:19.489,1.10344,1.10346,820000,940000
2019.09.05 08:52:19.591,1.10345,1.10347,1120000,1120000
2019.09.05 08:52:20.609,1.10344,1.10347,750000,2060000
2019.09.05 08:52:20.723,1.10345,1.10347,750000,940000
2019.09.05 08:52:20.866,1.10345,1.10348,1870000,940000
2019.09.05 08:52:21.619,1.10346,1.10348,1870000,750000
2019.09.05 08:52:23.481,1.10344,1.10348,2500000,2200000
2019.09.05 08:52:23.582,1.10343,1.10347,750000,4760000
2019.09.05 08:52:28.399,1.10343,1.10347,1790000,7200000
2019.09.05 08:52:29.592,1.10344,1.10346,820000,750000
2019.09.05 08:52:33.325,1.10343,1.10347,1570000,5160000
2019.09.05 08:52:37.675,1.10343,1.10347,2970000,2890000
2019.09.05 08:52:39.118,1.10343,1.10347,1200000,3560000
2019.09.05 08:52:39.447,1.10343,1.10347,1790000,3070000
2019.09.05 08:52:39.549,1.10343,1.10347,1310000,2700000
2019.09.05 08:52:39.956,1.10344,1.10347,1310000,750000
2019.09.05 08:52:40.058,1.10343,1.10347,1310000,4950000
2019.09.05 08:52:41.023,1.10344,1.10347,1120000,750000
2019.09.05 08:52:41.267,1.10344,1.10346,500000,750000
2019.09.05 08:52:41.927,1.10343,1.10346,500000,4010000
2019.09.05 08:52:42.720,1.10343,1.10347,1120000,4010000
2019.09.05 08:52:47.345,1.10342,1.10345,750000,2510000
2019.09.05 08:52:47.514,1.10342,1.10343,750000,750000
2019.09.05 08:52:47.616,1.10342,1.10344,1390000,750000
2019.09.05 08:52:47.717,1.10342,1.10344,1390000,750000
2019.09.05 08:52:47.869,1.10341,1.10344,940000,750000
2019.09.05 08:52:47.970,1.10342,1.10343,750000,750000
2019.09.05 08:52:48.312,1.10342,1.10344,940000,1690000
2019.09.05 08:52:49.795,1.10343,1.10344,940000,750000
2019.09.05 08:52:50.055,1.10341,1.10345,2510000,3940000
2019.09.05 08:52:50.358,1.10341,1.10344,1120000,1690000
2019.09.05 08:52:51.588,1.10341,1.10344,1790000,750000
2019.09.05 08:52:51.693,1.10341,1.10344,1310000,750000
2019.09.05 08:52:51.846,1.10341,1.10344,2540000,750000
2019.09.05 08:52:52.104,1.10341,1.10344,1310000,750000
2019.09.05 08:52:52.205,1.10341,1.10343,750000,750000
2019.09.05 08:52:57.379,1.1034,1.10343,1200000,2890000
2019.09.05 08:52:57.532,1.10341,1.10343,1120000,750000
2019.09.05 08:53:00.277,1.10341,1.10344,1760000,750000
2019.09.05 08:53:02.980,1.10341,1.10343,500000,1010000
2019.09.05 08:53:03.294,1.1034,1.10343,500000,3640000
2019.09.05 08:53:03.396,1.1034,1.10342,750000,560000
2019.09.05 08:53:04.925,1.10341,1.10343,3070000,500000
2019.09.05 08:53:05.026,1.10341,1.10342,750000,1570000
2019.09.05 08:53:09.276,1.10341,1.10343,1870000,560000
2019.09.05 08:53:10.254,1.1034,1.10343,1690000,750000
2019.09.05 08:53:10.412,1.1034,1.10343,2500000,1500000
2019.09.05 08:53:10.614,1.1034,1.10343,1690000,1500000
2019.09.05 08:53:10.867,1.1034,1.10343,2500000,750000
2019.09.05 08:53:11.081,1.1034,1.10343,1690000,750000
2019.09.05 08:53:11.896,1.1034,1.10343,2870000,750000
2019.09.05 08:53:12.012,1.10341,1.10343,2870000,500000
2019.09.05 08:53:12.138,1.10341,1.10343,2060000,500000
2019.09.05 08:53:12.759,1.1034,1.10343,2060000,750000
2019.09.05 08:53:13.294,1.10341,1.10343,1690000,500000
2019.09.05 08:53:13.484,1.1034,1.10343,1690000,1200000
2019.09.05 08:53:16.139,1.1034,1.10343,2500000,1870000
2019.09.05 08:53:16.241,1.10338,1.1034,2060000,1500000
2019.09.05 08:53:16.292,1.10337,1.10339,2250000,750000
2019.09.05 08:53:16.393,1.10337,1.10338,750000,750000
2019.09.05 08:53:16.494,1.10336,1.10338,750000,1500000
2019.09.05 08:53:16.596,1.10337,1.10339,2440000,500000
2019.09.05 08:53:16.716,1.10336,1.10339,2440000,750000
2019.09.05 08:53:16.818,1.10335,1.10339,3940000,5890000
2019.09.05 08:53:17.217,1.10335,1.10339,3250000,2700000
2019.09.05 08:53:17.319,1.10336,1.10338,560000,500000
2019.09.05 08:53:18.291,1.10335,1.10339,3250000,2320000
2019.09.05 08:53:18.714,1.10335,1.10339,2440000,2510000
2019.09.05 08:53:19.191,1.10335,1.10339,2500000,2320000
2019.09.05 08:53:19.294,1.10335,1.10339,2440000,2510000
2019.09.05 08:53:19.611,1.10335,1.10339,2500000,2320000
2019.09.05 08:53:21.426,1.10335,1.10338,560000,2570000
2019.09.05 08:53:21.902,1.10336,1.10338,2120000,600000
2019.09.05 08:53:22.799,1.10335,1.10338,1750000,2140000
2019.09.05 08:53:23.803,1.10336,1.10338,2120000,600000
2019.09.05 08:53:24.254,1.10335,1.10338,4370000,1500000
2019.09.05 08:53:24.305,1.10334,1.10335,940000,1570000
2019.09.05 08:53:24.407,1.1033,1.10333,940000,5570000
2019.09.05 08:53:25.642,1.10333,1.10335,1310000,940000
2019.09.05 08:53:25.794,1.10333,1.10336,1310000,1750000
2019.09.05 08:53:27.796,1.10332,1.10336,750000,5220000
2019.09.05 08:53:30.303,1.10333,1.10335,750000,1390000
2019.09.05 08:53:30.484,1.10335,1.10337,2250000,750000
2019.09.05 08:53:30.586,1.10334,1.10338,2620000,2510000
2019.09.05 08:53:30.687,1.10334,1.10338,2620000,2600000
2019.09.05 08:53:31.146,1.10334,1.10338,2620000,1760000
2019.09.05 08:53:31.885,1.10334,1.10337,500000,1760000
2019.09.05 08:53:32.389,1.10334,1.10336,750000,1010000
2019.09.05 08:53:33.326,1.10334,1.10336,750000,1600000
2019.09.05 08:53:34.188,1.10335,1.10338,1870000,1200000
2019.09.05 08:53:35.452,1.10336,1.10338,750000,750000
2019.09.05 08:53:36.406,1.10335,1.10338,1120000,1010000
2019.09.05 08:53:37.661,1.10335,1.10339,1690000,2140000
2019.09.05 08:53:37.829,1.10336,1.10339,3370000,560000
2019.09.05 08:53:37.880,1.10339,1.10342,2810000,1220000
2019.09.05 08:53:37.981,1.10339,1.10342,2060000,1950000
2019.09.05 08:53:38.488,1.10339,1.10342,1310000,1970000
2019.09.05 08:53:39.019,1.10339,1.10342,940000,750000
2019.09.05 08:53:40.753,1.10339,1.10342,1000000,750000
2019.09.05 08:53:40.865,1.10339,1.10342,940000,750000
2019.09.05 08:53:41.285,1.10338,1.10342,940000,6820000
2019.09.05 08:53:42.149,1.10339,1.10342,940000,1220000
2019.09.05 08:53:42.504,1.10339,1.10342,940000,1200000
2019.09.05 08:53:46.218,1.10338,1.10342,1310000,7950000
2019.09.05 08:53:48.004,1.10338,1.10342,750000,8160000
2019.09.05 08:53:49.905,1.10338,1.10342,750000,8140000
2019.09.05 08:53:50.007,1.10339,1.10342,1500000,820000
2019.09.05 08:53:50.261,1.1034,1.10343,500000,1690000
2019.09.05 08:53:51.122,1.10344,1.10345,6190000,750000
2019.09.05 08:53:51.205,1.10347,1.10348,2440000,750000
2019.09.05 08:53:51.257,1.10348,1.10349,500000,750000
2019.09.05 08:53:51.359,1.10347,1.10351,1310000,4010000
2019.09.05 08:53:51.460,1.10349,1.10351,2120000,750000
2019.09.05 08:53:51.562,1.10349,1.10351,940000,1500000
2019.09.05 08:53:52.298,1.10349,1.10352,1310000,1500000
2019.09.05 08:53:52.924,1.10349,1.10353,2440000,1500000
2019.09.05 08:53:53.025,1.10349,1.10353,500000,2870000
2019.09.05 08:53:53.127,1.10351,1.10353,500000,1200000
2019.09.05 08:53:53.228,1.1035,1.10353,500000,1390000
2019.09.05 08:53:54.949,1.10351,1.10353,750000,1500000
2019.09.05 08:53:55.464,1.10352,1.10353,750000,750000
2019.09.05 08:53:55.515,1.10352,1.10355,1390000,1500000
2019.09.05 08:53:55.616,1.10353,1.10355,1000000,750000
2019.09.05 08:53:55.819,1.10354,1.10355,940000,750000
2019.09.05 08:53:55.870,1.10354,1.10356,940000,750000
2019.09.05 08:53:55.971,1.10354,1.10357,1690000,1500000
2019.09.05 08:53:56.123,1.10354,1.10356,750000,1500000
2019.09.05 08:53:56.271,1.10354,1.10357,1690000,1500000
2019.09.05 08:53:57.953,1.10354,1.10356,750000,1500000
2019.09.05 08:53:58.322,1.10354,1.10357,1690000,1500000
2019.09.05 08:53:58.821,1.10353,1.10355,1120000,1220000
2019.09.05 08:53:58.923,1.10352,1.10354,940000,1200000
2019.09.05 08:53:59.833,1.10353,1.10356,3920000,750000
2019.09.05 08:54:00.086,1.10352,1.10356,940000,2890000
2019.09.05 08:54:00.187,1.10352,1.10355,560000,1570000
2019.09.05 08:54:00.238,1.10352,1.10354,1000000,1200000
2019.09.05 08:54:00.340,1.10351,1.10354,2870000,1310000
2019.09.05 08:54:00.725,1.10351,1.10354,5870000,1200000
2019.09.05 08:54:02.857,1.10349,1.10351,1690000,1220000
2019.09.05 08:54:02.908,1.10348,1.1035,750000,3370000
2019.09.05 08:54:03.009,1.10347,1.10349,2060000,1200000
2019.09.05 08:54:03.124,1.10346,1.10349,3940000,820000
2019.09.05 08:54:03.226,1.10346,1.10348,750000,750000
2019.09.05 08:54:03.429,1.10345,1.10348,750000,3260000
2019.09.05 08:54:04.326,1.10345,1.10348,1000000,1390000
2019.09.05 08:54:04.548,1.10345,1.10348,750000,1390000
2019.09.05 08:54:04.864,1.10346,1.10349,1690000,500000
2019.09.05 08:54:05.442,1.10345,1.10348,500000,4040000
2019.09.05 08:54:05.543,1.10345,1.10348,1120000,2510000
2019.09.05 08:54:05.848,1.10345,1.10348,1120000,4790000
2019.09.05 08:54:05.949,1.10345,1.10348,1120000,3260000
2019.09.05 08:54:09.183,1.10345,1.10348,750000,640000
2019.09.05 08:54:09.285,1.10345,1.10348,750000,1410000
2019.09.05 08:54:09.474,1.10345,1.10348,500000,1410000
2019.09.05 08:54:09.576,1.10345,1.10348,500000,640000
2019.09.05 08:54:10.154,1.10345,1.10349,2060000,640000
2019.09.05 08:54:10.565,1.10345,1.10347,560000,600000
2019.09.05 08:54:10.709,1.10345,1.10348,500000,640000
2019.09.05 08:54:11.215,1.10344,1.10349,2060000,4470000
2019.09.05 08:54:11.466,1.10344,1.10349,2120000,4410000
2019.09.05 08:54:11.891,1.10344,1.10349,2060000,4470000
2019.09.05 08:54:11.993,1.10346,1.10348,750000,600000
2019.09.05 08:54:12.094,1.10344,1.10348,750000,4450000
2019.09.05 08:54:12.204,1.10344,1.10349,4310000,4450000
2019.09.05 08:54:12.453,1.10344,1.10348,1120000,5200000
2019.09.05 08:54:12.951,1.10347,1.1035,7750000,750000
2019.09.05 08:54:13.053,1.10351,1.10352,1500000,1690000
2019.09.05 08:54:13.154,1.10352,1.10354,750000,820000
2019.09.05 08:54:16.072,1.10351,1.10354,1760000,1570000
2019.09.05 08:54:16.369,1.10352,1.10355,1750000,1120000
2019.09.05 08:54:17.169,1.10352,1.10356,3350000,1760000
2019.09.05 08:54:18.710,1.10351,1.10354,1760000,820000
2019.09.05 08:54:19.564,1.10351,1.10353,500000,1200000
2019.09.05 08:54:20.597,1.1035,1.10354,2570000,500000
2019.09.05 08:54:20.699,1.1035,1.10352,600000,500000
2019.09.05 08:54:20.801,1.10349,1.10352,500000,1120000
2019.09.05 08:54:21.845,1.10349,1.10352,500000,3660000
2019.09.05 08:54:21.896,1.1035,1.10354,2140000,1690000
2019.09.05 08:54:21.997,1.10353,1.10355,1310000,1200000
2019.09.05 08:54:23.251,1.10352,1.10355,1000000,1500000
2019.09.05 08:54:23.748,1.10353,1.10356,1070000,1120000
2019.09.05 08:54:23.849,1.10354,1.10357,2120000,1120000
2019.09.05 08:54:24.240,1.10352,1.10355,650000,3070000
2019.09.05 08:54:25.405,1.10352,1.10356,3260000,1310000
2019.09.05 08:54:25.507,1.10353,1.10355,750000,750000
2019.09.05 08:54:25.697,1.10352,1.10355,1820000,1120000
2019.09.05 08:54:26.176,1.1035,1.10354,1310000,2890000
2019.09.05 08:54:26.431,1.1035,1.10354,2160000,2890000
2019.09.05 08:54:26.532,1.1035,1.10354,1690000,2510000
2019.09.05 08:54:26.682,1.1035,1.10354,2160000,2890000
2019.09.05 08:54:26.885,1.1035,1.10354,1690000,2510000
2019.09.05 08:54:27.405,1.10349,1.10353,560000,9260000
2019.09.05 08:54:27.557,1.10349,1.10352,600000,2060000
2019.09.05 08:54:28.623,1.10349,1.10351,750000,1310000
2019.09.05 08:54:31.943,1.1035,1.10351,750000,500000
2019.09.05 08:54:33.278,1.1035,1.10352,750000,500000
2019.09.05 08:54:33.652,1.10351,1.10352,750000,750000
2019.09.05 08:54:33.702,1.10353,1.10355,1760000,750000
2019.09.05 08:54:33.804,1.10354,1.10357,5200000,750000
2019.09.05 08:54:35.396,1.10352,1.10356,2440000,2140000
2019.09.05 08:54:35.548,1.10352,1.10355,750000,4040000
2019.09.05 08:54:35.695,1.10352,1.10357,6260000,3260000
2019.09.05 08:54:35.746,1.10354,1.10357,4310000,500000
2019.09.05 08:54:35.848,1.10355,1.10356,750000,750000
2019.09.05 08:54:36.694,1.10354,1.10356,750000,1120000
2019.09.05 08:54:36.846,1.10354,1.10357,4200000,1120000
2019.09.05 08:54:36.965,1.10354,1.10355,750000,1120000
2019.09.05 08:54:37.016,1.10354,1.10357,4570000,1120000
2019.09.05 08:54:37.572,1.10354,1.10356,750000,1200000
2019.09.05 08:54:38.010,1.10355,1.10356,750000,750000
2019.09.05 08:54:38.162,1.10356,1.10358,1570000,1500000
2019.09.05 08:54:42.363,1.10356,1.10359,1310000,750000
2019.09.05 08:54:44.655,1.10357,1.10359,750000,940000
2019.09.05 08:54:44.757,1.10356,1.10359,750000,2890000
2019.09.05 08:54:45.714,1.10356,1.10359,750000,5540000
2019.09.05 08:54:46.304,1.10356,1.10359,1500000,4010000
2019.09.05 08:54:47.784,1.10357,1.10359,1870000,500000
2019.09.05 08:54:48.757,1.10359,1.1036,820000,750000
2019.09.05 08:54:48.858,1.10362,1.10363,1950000,750000
2019.09.05 08:54:48.960,1.10362,1.10364,1310000,500000
2019.09.05 08:54:49.061,1.10361,1.10364,560000,1120000
2019.09.05 08:54:51.708,1.1036,1.10364,2140000,1690000
2019.09.05 08:54:51.910,1.1036,1.10364,3700000,750000
2019.09.05 08:54:52.454,1.1036,1.10364,2510000,1310000
2019.09.05 08:54:52.905,1.1036,1.10364,3320000,500000
2019.09.05 08:54:53.414,1.1036,1.10363,1040000,500000
2019.09.05 08:54:53.855,1.1036,1.10361,600000,750000
2019.09.05 08:54:54.937,1.10359,1.10361,940000,1500000
2019.09.05 08:54:55.039,1.10356,1.10358,820000,500000
2019.09.05 08:54:55.141,1.10355,1.10357,750000,3190000
2019.09.05 08:54:55.243,1.10356,1.10358,1200000,750000
2019.09.05 08:54:55.349,1.10355,1.10358,1200000,2440000
2019.09.05 08:54:55.656,1.10355,1.10357,600000,2440000
2019.09.05 08:54:55.806,1.10355,1.10357,600000,2500000
2019.09.05 08:54:55.991,1.10355,1.10358,1390000,2500000
2019.09.05 08:54:56.092,1.10355,1.10357,600000,2120000
2019.09.05 08:54:56.390,1.10355,1.10358,1390000,2120000
2019.09.05 08:54:57.969,1.10355,1.10357,600000,1500000
2019.09.05 08:54:58.070,1.10355,1.10358,2510000,1500000
2019.09.05 08:54:58.189,1.10355,1.10357,600000,1500000
2019.09.05 08:54:58.969,1.10355,1.10358,2510000,1500000
2019.09.05 08:54:59.071,1.10355,1.10358,2540000,1500000
2019.09.05 08:54:59.172,1.10355,1.10358,3260000,1500000
2019.09.05 08:54:59.274,1.10354,1.10356,1500000,500000
2019.09.05 08:54:59.375,1.10352,1.10355,1200000,2810000
2019.09.05 08:54:59.476,1.10352,1.10355,1220000,2810000
2019.09.05 08:55:00.007,1.10353,1.10355,1220000,750000
2019.09.05 08:55:00.108,1.10353,1.10355,1200000,750000
2019.09.05 08:55:00.210,1.10353,1.10356,2140000,750000
2019.09.05 08:55:00.311,1.10353,1.10356,1410000,1500000
2019.09.05 08:55:00.924,1.10352,1.10355,600000,5060000
2019.09.05 08:55:01.506,1.10352,1.10356,1280000,3940000
2019.09.05 08:55:01.657,1.10353,1.10356,2060000,750000
2019.09.05 08:55:02.996,1.10352,1.10356,2430000,2440000
2019.09.05 08:55:03.164,1.10352,1.10356,2030000,2440000
2019.09.05 08:55:03.403,1.10353,1.10356,1280000,750000
2019.09.05 08:55:03.943,1.10353,1.10355,640000,750000
2019.09.05 08:55:04.114,1.10353,1.10356,1210000,1500000
2019.09.05 08:55:04.215,1.10355,1.10357,1200000,500000
2019.09.05 08:55:04.647,1.10356,1.10358,500000,3750000
2019.09.05 08:55:04.749,1.10356,1.10359,1390000,1950000
2019.09.05 08:55:05.103,1.10356,1.10357,500000,1500000
2019.09.05 08:55:06.996,1.10354,1.10357,560000,2250000
2019.09.05 08:55:09.792,1.10354,1.10357,1410000,1120000
2019.09.05 08:55:09.895,1.10354,1.10357,1390000,1200000
2019.09.05 08:55:10.034,1.10355,1.10357,1010000,750000
2019.09.05 08:55:11.792,1.10355,1.10358,2060000,750000
2019.09.05 08:55:12.072,1.10354,1.10358,1310000,2700000
2019.09.05 08:55:12.977,1.10355,1.10358,2620000,750000
2019.09.05 08:55:13.078,1.10354,1.10358,1450000,2060000
2019.09.05 08:55:15.010,1.10355,1.10358,2120000,750000
2019.09.05 08:55:15.111,1.10354,1.10358,1370000,2140000
2019.09.05 08:55:15.223,1.10355,1.10358,1370000,750000
2019.09.05 08:55:15.325,1.10355,1.10358,1390000,600000
2019.09.05 08:55:15.426,1.10354,1.10358,1310000,1950000
2019.09.05 08:55:16.291,1.10355,1.10358,1310000,750000
2019.09.05 08:55:16.701,1.10354,1.10358,1310000,1200000
2019.09.05 08:55:16.903,1.10354,1.10358,1760000,3100000
2019.09.05 08:55:17.207,1.10354,1.10358,1310000,1570000
2019.09.05 08:55:17.358,1.10355,1.10358,1120000,1500000
2019.09.05 08:55:17.513,1.10354,1.10358,1120000,2510000
2019.09.05 08:55:18.045,1.10355,1.10358,1870000,750000
2019.09.05 08:55:18.213,1.10354,1.10358,1120000,2510000
2019.09.05 08:55:18.755,1.10355,1.10358,1870000,750000
2019.09.05 08:55:18.857,1.10354,1.10358,1120000,2510000
2019.09.05 08:55:19.694,1.10354,1.10358,2510000,3100000
2019.09.05 08:55:20.234,1.10354,1.10358,1390000,1120000
2019.09.05 08:55:20.390,1.10355,1.10358,2060000,750000
2019.09.05 08:55:20.492,1.10354,1.10358,2060000,1950000
2019.09.05 08:55:20.799,1.10354,1.10358,2950000,1120000
2019.09.05 08:55:21.477,1.10354,1.10356,750000,1120000
2019.09.05 08:55:21.970,1.10354,1.10357,2440000,750000
2019.09.05 08:55:23.764,1.10355,1.10358,3640000,750000
2019.09.05 08:55:24.017,1.10356,1.10358,750000,3000000
2019.09.05 08:55:24.118,1.10356,1.10359,2060000,1870000
2019.09.05 08:55:24.272,1.10355,1.10359,2890000,500000
2019.09.05 08:55:24.373,1.10355,1.10358,940000,500000
2019.09.05 08:55:25.065,1.10356,1.10358,940000,750000
2019.09.05 08:55:25.288,1.10355,1.10358,940000,560000
2019.09.05 08:55:26.305,1.10355,1.10358,1000000,500000
2019.09.05 08:55:26.765,1.10355,1.10358,750000,500000
2019.09.05 08:55:27.979,1.10355,1.10357,750000,500000
2019.09.05 08:55:28.080,1.10355,1.10358,1500000,1120000
2019.09.05 08:55:30.813,1.10355,1.10356,750000,1120000
2019.09.05 08:55:32.774,1.10355,1.10358,1870000,750000
2019.09.05 08:55:32.875,1.10358,1.10359,1310000,750000
2019.09.05 08:55:33.006,1.10359,1.10361,1690000,750000
2019.09.05 08:55:33.107,1.10358,1.10361,750000,6560000
2019.09.05 08:55:33.208,1.1036,1.10361,750000,750000
2019.09.05 08:55:33.309,1.1036,1.10362,2510000,750000
2019.09.05 08:55:35.244,1.10359,1.10362,2510000,750000
2019.09.05 08:55:35.415,1.10358,1.10362,2510000,7010000
2019.09.05 08:55:36.405,1.10358,1.10362,1820000,1120000
2019.09.05 08:55:36.845,1.10358,1.1036,750000,500000
2019.09.05 08:55:36.953,1.10357,1.1036,2060000,750000
2019.09.05 08:55:37.055,1.10357,1.10359,750000,750000
2019.09.05 08:55:37.984,1.10356,1.10358,940000,940000
2019.09.05 08:55:38.317,1.10355,1.10358,940000,1870000
2019.09.05 08:55:38.418,1.10355,1.10359,2060000,2060000
2019.09.05 08:55:40.465,1.10355,1.10359,3290000,2060000
2019.09.05 08:55:40.738,1.10355,1.10358,1390000,750000
2019.09.05 08:55:40.844,1.10355,1.10358,1950000,560000
2019.09.05 08:55:41.406,1.10355,1.10358,3700000,500000
2019.09.05 08:55:41.508,1.10355,1.10358,2140000,750000
2019.09.05 08:55:41.729,1.10355,1.10358,3640000,500000
2019.09.05 08:55:41.831,1.10354,1.10356,1820000,750000
2019.09.05 08:55:41.882,1.10352,1.10355,940000,1120000
2019.09.05 08:55:42.034,1.10352,1.10356,5140000,2060000
2019.09.05 08:55:42.287,1.10352,1.10355,750000,2060000
2019.09.05 08:55:45.081,1.10354,1.10356,940000,500000
2019.09.05 08:55:46.522,1.10351,1.10355,1750000,3450000
2019.09.05 08:55:46.573,1.10351,1.10355,1310000,3700000
2019.09.05 08:55:46.725,1.10352,1.10356,3940000,3940000
2019.09.05 08:55:46.826,1.10353,1.10356,1690000,750000
2019.09.05 08:55:47.179,1.10353,1.10357,4690000,1310000
2019.09.05 08:55:47.281,1.10353,1.10357,4820000,1120000
2019.09.05 08:55:47.518,1.10353,1.10356,940000,1750000
2019.09.05 08:55:48.742,1.10352,1.10354,750000,6250000
2019.09.05 08:55:48.844,1.10352,1.10354,750000,2440000
2019.09.05 08:55:50.445,1.10352,1.10355,750000,3190000
2019.09.05 08:55:50.547,1.10352,1.10356,1690000,1690000
2019.09.05 08:55:50.678,1.10352,1.10355,750000,3190000
2019.09.05 08:55:50.779,1.10352,1.10356,1690000,1690000
2019.09.05 08:55:51.415,1.10352,1.10355,750000,2440000
2019.09.05 08:55:51.554,1.10352,1.10356,1690000,1690000
2019.09.05 08:55:51.706,1.10352,1.10355,750000,2440000
2019.09.05 08:55:51.807,1.10352,1.10356,1690000,1690000
2019.09.05 08:55:55.239,1.10352,1.10355,750000,1690000
2019.09.05 08:55:55.633,1.10352,1.10356,1690000,1690000
2019.09.05 08:55:56.429,1.10352,1.10355,750000,1690000
2019.09.05 08:55:56.617,1.10352,1.10356,1690000,1500000
2019.09.05 08:55:57.049,1.10352,1.10355,750000,1500000
2019.09.05 08:55:57.150,1.10352,1.10356,1690000,1500000
2019.09.05 08:55:57.402,1.10352,1.10355,750000,3750000
2019.09.05 08:55:57.601,1.10352,1.10356,1500000,3940000
2019.09.05 08:55:57.905,1.10352,1.10355,750000,1500000
2019.09.05 08:55:58.014,1.10352,1.10356,2440000,1500000
2019.09.05 08:55:58.154,1.10352,1.10355,750000,1500000
2019.09.05 08:55:58.410,1.10352,1.10356,2440000,1500000
2019.09.05 08:55:58.613,1.10352,1.10355,750000,1500000
2019.09.05 08:55:58.726,1.10352,1.10356,2440000,1500000
2019.09.05 08:55:59.091,1.10352,1.10355,750000,2250000
2019.09.05 08:55:59.192,1.10353,1.10355,750000,750000
2019.09.05 08:55:59.448,1.10352,1.10355,750000,1690000
2019.09.05 08:56:00.389,1.10353,1.10356,1870000,750000
2019.09.05 08:56:00.490,1.10353,1.10356,750000,5500000
2019.09.05 08:56:00.592,1.10353,1.10357,2060000,2870000
2019.09.05 08:56:01.347,1.10354,1.10357,750000,5870000
2019.09.05 08:56:01.449,1.10355,1.10359,5570000,1070000
2019.09.05 08:56:03.066,1.10355,1.10359,750000,8200000
2019.09.05 08:56:03.334,1.10356,1.1036,2620000,1690000
2019.09.05 08:56:03.437,1.10357,1.1036,2250000,1500000
2019.09.05 08:56:03.539,1.10358,1.10362,2250000,3560000
2019.09.05 08:56:05.768,1.10358,1.10361,750000,3560000
2019.09.05 08:56:05.869,1.10359,1.10361,750000,1500000
2019.09.05 08:56:06.072,1.10358,1.10361,750000,1870000
2019.09.05 08:56:06.175,1.10357,1.10361,1500000,3940000
2019.09.05 08:56:06.277,1.10357,1.10361,1690000,3250000
2019.09.05 08:56:06.741,1.10359,1.10361,2440000,750000
2019.09.05 08:56:06.944,1.10357,1.10362,2200000,6720000
2019.09.05 08:56:09.212,1.10357,1.10362,2700000,7470000
2019.09.05 08:56:09.705,1.10358,1.1036,750000,560000
2019.09.05 08:56:09.857,1.10356,1.1036,4370000,2320000
2019.09.05 08:56:09.958,1.10356,1.10358,750000,3750000
2019.09.05 08:56:10.111,1.10358,1.10359,1120000,750000
2019.09.05 08:56:10.212,1.10356,1.1036,1690000,3000000
2019.09.05 08:56:11.135,1.10355,1.10356,940000,820000
2019.09.05 08:56:11.236,1.10353,1.10354,1500000,3000000
2019.09.05 08:56:11.337,1.10351,1.10353,750000,1010000
2019.09.05 08:56:11.489,1.1035,1.10353,1870000,940000
2019.09.05 08:56:11.590,1.1035,1.10352,940000,750000
2019.09.05 08:56:11.711,1.10349,1.10352,1390000,940000
2019.09.05 08:56:12.221,1.10348,1.10352,940000,1500000
2019.09.05 08:56:13.414,1.10348,1.10353,4070000,2720000
2019.09.05 08:56:13.516,1.10348,1.10353,4010000,2910000
2019.09.05 08:56:13.618,1.10348,1.10353,3640000,1690000
2019.09.05 08:56:13.963,1.10348,1.10352,750000,1690000
2019.09.05 08:56:14.423,1.1035,1.10353,1310000,1000000
2019.09.05 08:56:15.494,1.10351,1.10354,1120000,1690000
2019.09.05 08:56:17.131,1.10351,1.10355,750000,1310000
2019.09.05 08:56:17.790,1.10351,1.10356,3260000,3560000
2019.09.05 08:56:18.506,1.10352,1.10355,750000,750000
2019.09.05 08:56:18.607,1.10351,1.10355,750000,6260000
2019.09.05 08:56:19.370,1.10351,1.10356,3940000,4390000
2019.09.05 08:56:19.928,1.10352,1.10356,3940000,500000
2019.09.05 08:56:20.044,1.10352,1.10355,750000,500000
2019.09.05 08:56:20.145,1.10352,1.10356,3190000,500000
2019.09.05 08:56:20.347,1.10352,1.10355,2810000,500000
2019.09.05 08:56:20.449,1.10351,1.10354,750000,750000
2019.09.05 08:56:20.954,1.10351,1.10355,3940000,1500000
2019.09.05 08:56:21.055,1.10353,1.10356,5620000,750000
2019.09.05 08:56:21.365,1.10353,1.10355,2250000,500000
2019.09.05 08:56:21.705,1.10351,1.10355,3000000,2060000
2019.09.05 08:56:21.807,1.10351,1.10355,1220000,1310000
2019.09.05 08:56:21.960,1.10351,1.10355,750000,1310000
2019.09.05 08:56:22.687,1.10352,1.10355,750000,750000
2019.09.05 08:56:23.228,1.10352,1.10356,3370000,1690000
2019.09.05 08:56:23.391,1.10352,1.10356,750000,4750000
2019.09.05 08:56:23.493,1.10352,1.10357,1870000,3320000
2019.09.05 08:56:24.134,1.10352,1.10356,3000000,4370000
2019.09.05 08:56:24.236,1.10352,1.10355,750000,1310000
2019.09.05 08:56:25.682,1.10352,1.10356,2440000,5120000
2019.09.05 08:56:25.784,1.10353,1.10357,1500000,2870000
2019.09.05 08:56:26.433,1.10353,1.10357,2250000,2060000
2019.09.05 08:56:28.680,1.10354,1.10357,1870000,750000
2019.09.05 08:56:31.152,1.10353,1.10358,8890000,2060000
2019.09.05 08:56:32.092,1.10353,1.10357,750000,1310000
2019.09.05 08:56:33.544,1.10353,1.10357,750000,1370000
2019.09.05 08:56:34.893,1.10353,1.10358,3450000,2120000
2019.09.05 08:56:35.099,1.10353,1.10357,750000,2120000
2019.09.05 08:56:36.966,1.10353,1.10357,2870000,1310000
2019.09.05 08:56:37.759,1.10353,1.10357,1120000,1310000
2019.09.05 08:56:38.290,1.10353,1.10356,750000,2440000
2019.09.05 08:56:40.605,1.10353,1.10358,4390000,1690000
2019.09.05 08:56:40.867,1.10355,1.10358,1200000,940000
2019.09.05 08:56:40.969,1.10357,1.10359,500000,560000
2019.09.05 08:56:41.070,1.10357,1.1036,1500000,1310000
2019.09.05 08:56:41.378,1.10357,1.1036,1500000,1370000
2019.09.05 08:56:41.631,1.10357,1.1036,940000,1120000
2019.09.05 08:56:41.851,1.10357,1.10361,3370000,2810000
2019.09.05 08:56:41.953,1.1036,1.10363,1370000,1120000
2019.09.05 08:56:42.460,1.10359,1.10362,940000,1120000
2019.09.05 08:56:43.176,1.1036,1.10362,2440000,750000
2019.09.05 08:56:43.277,1.10359,1.1036,500000,500000
2019.09.05 08:56:43.328,1.10357,1.10361,2600000,1500000
2019.09.05 08:56:43.429,1.10358,1.10361,2120000,2140000
2019.09.05 08:56:46.759,1.10358,1.10362,2810000,2810000
2019.09.05 08:56:47.114,1.1036,1.10363,1120000,2440000
2019.09.05 08:56:47.255,1.10361,1.10363,500000,2870000
2019.09.05 08:56:47.307,1.10362,1.10364,640000,560000
2019.09.05 08:56:47.876,1.10361,1.10363,940000,560000
2019.09.05 08:56:49.933,1.10361,1.10364,1870000,1310000
2019.09.05 08:56:51.621,1.10362,1.10364,500000,1500000
2019.09.05 08:56:51.723,1.10363,1.10365,500000,1120000
2019.09.05 08:56:52.650,1.10363,1.10364,750000,560000
2019.09.05 08:56:52.954,1.10362,1.10365,4760000,500000
2019.09.05 08:56:53.055,1.10363,1.10366,5950000,500000
2019.09.05 08:56:53.160,1.10363,1.10366,3640000,500000
2019.09.05 08:56:53.261,1.10363,1.10365,500000,500000
2019.09.05 08:56:54.224,1.10363,1.10366,2810000,500000
2019.09.05 08:56:54.593,1.10363,1.10365,750000,500000
2019.09.05 08:56:54.695,1.10363,1.10366,2060000,500000
2019.09.05 08:56:55.130,1.10363,1.10365,750000,500000
2019.09.05 08:56:55.232,1.10363,1.10366,2890000,500000
2019.09.05 08:56:56.063,1.10363,1.10365,750000,500000
2019.09.05 08:56:56.411,1.10363,1.10366,2890000,500000
2019.09.05 08:56:57.079,1.10363,1.10366,2890000,750000
2019.09.05 08:56:57.181,1.10365,1.10366,500000,500000
2019.09.05 08:56:59.512,1.10364,1.10365,750000,750000
2019.09.05 08:56:59.614,1.10365,1.10366,1120000,500000
2019.09.05 08:57:00.326,1.10364,1.10365,750000,750000
2019.09.05 08:57:00.377,1.10363,1.10365,750000,2620000
2019.09.05 08:57:00.570,1.10363,1.10366,1310000,2620000
2019.09.05 08:57:00.783,1.10363,1.10365,750000,2620000
2019.09.05 08:57:00.985,1.10363,1.10366,1310000,2620000
2019.09.05 08:57:01.397,1.10362,1.10365,560000,750000
2019.09.05 08:57:01.448,1.10364,1.10365,560000,750000
2019.09.05 08:57:01.498,1.10362,1.10365,560000,1120000
2019.09.05 08:57:01.600,1.10362,1.10365,500000,1370000
2019.09.05 08:57:05.779,1.10362,1.10365,500000,2250000
2019.09.05 08:57:06.347,1.10363,1.10365,500000,1120000
2019.09.05 08:57:06.465,1.10364,1.10365,500000,500000
2019.09.05 08:57:07.510,1.10364,1.10366,1120000,1120000
2019.09.05 08:57:07.899,1.10364,1.10365,750000,1120000
2019.09.05 08:57:08.000,1.10364,1.10366,1120000,1120000
2019.09.05 08:57:10.673,1.10364,1.10365,750000,1120000
2019.09.05 08:57:10.896,1.10365,1.10366,500000,1870000
2019.09.05 08:57:10.947,1.10367,1.10368,1500000,940000
2019.09.05 08:57:10.998,1.10369,1.1037,2620000,2060000
2019.09.05 08:57:11.049,1.10371,1.10373,1690000,750000
2019.09.05 08:57:11.150,1.10373,1.10375,1310000,2620000
2019.09.05 08:57:11.201,1.10375,1.10376,750000,750000
2019.09.05 08:57:11.338,1.10375,1.10378,1000000,750000
2019.09.05 08:57:11.439,1.10375,1.10378,1690000,820000
2019.09.05 08:57:15.278,1.10374,1.10378,640000,5510000
2019.09.05 08:57:17.846,1.10374,1.10377,750000,2230000
2019.09.05 08:57:18.109,1.10374,1.10378,1310000,2060000
2019.09.05 08:57:19.211,1.10374,1.10377,750000,2810000
2019.09.05 08:57:21.171,1.10374,1.10378,1010000,750000
2019.09.05 08:57:22.762,1.10373,1.10377,1000000,3360000
2019.09.05 08:57:22.879,1.10372,1.10374,940000,640000
2019.09.05 08:57:22.980,1.10373,1.10377,2810000,500000
2019.09.05 08:57:23.537,1.10373,1.10377,2500000,1120000
2019.09.05 08:57:24.204,1.10373,1.10376,1500000,1870000
2019.09.05 08:57:24.355,1.10373,1.10376,750000,2500000
2019.09.05 08:57:24.457,1.10373,1.10377,750000,4000000
2019.09.05 08:57:24.563,1.10373,1.10378,2700000,3250000
2019.09.05 08:57:25.711,1.10373,1.10378,2890000,3190000
2019.09.05 08:57:25.813,1.10373,1.10376,940000,1120000
2019.09.05 08:57:25.915,1.10373,1.10375,940000,750000
2019.09.05 08:57:26.105,1.10373,1.10376,940000,1690000
2019.09.05 08:57:27.325,1.10373,1.10377,750000,1310000
2019.09.05 08:57:27.428,1.10373,1.10378,3940000,3700000
2019.09.05 08:57:27.478,1.10373,1.10378,3190000,7010000
2019.09.05 08:57:29.005,1.10376,1.10378,560000,750000
2019.09.05 08:57:29.107,1.10376,1.10379,3190000,750000
2019.09.05 08:57:29.208,1.10375,1.10379,1390000,2140000
2019.09.05 08:57:29.835,1.10375,1.10379,1450000,750000
2019.09.05 08:57:30.039,1.10375,1.10377,1000000,750000
2019.09.05 08:57:30.090,1.10373,1.10376,940000,3070000
2019.09.05 08:57:30.192,1.10373,1.10376,1000000,1950000
2019.09.05 08:57:30.294,1.10374,1.10376,1000000,750000
2019.09.05 08:57:30.430,1.10374,1.10376,750000,750000
2019.09.05 08:57:30.667,1.10373,1.10376,750000,3820000
2019.09.05 08:57:30.769,1.10373,1.10376,1750000,1120000
2019.09.05 08:57:30.921,1.10371,1.10374,3190000,6470000
2019.09.05 08:57:31.023,1.1037,1.10374,2140000,3640000
2019.09.05 08:57:31.074,1.10373,1.10375,6720000,750000
2019.09.05 08:57:31.175,1.10372,1.10374,2250000,2440000
2019.09.05 08:57:31.311,1.10372,1.10375,1690000,750000
2019.09.05 08:57:33.312,1.10372,1.10374,500000,750000
2019.09.05 08:57:33.842,1.10372,1.10375,1500000,940000
2019.09.05 08:57:33.943,1.10372,1.10376,4310000,940000
2019.09.05 08:57:34.048,1.10372,1.10376,2870000,750000
2019.09.05 08:57:34.150,1.10371,1.10376,2870000,4390000
2019.09.05 08:57:36.058,1.10372,1.10376,3700000,1200000
2019.09.05 08:57:36.194,1.10371,1.10376,3620000,4390000
2019.09.05 08:57:36.537,1.10372,1.10376,3700000,600000
2019.09.05 08:57:36.639,1.10371,1.10376,3620000,5140000
2019.09.05 08:57:37.695,1.10372,1.10376,3700000,600000
2019.09.05 08:57:38.776,1.10371,1.10375,940000,5140000
2019.09.05 08:57:39.276,1.10372,1.10375,1690000,750000
2019.09.05 08:57:41.231,1.10372,1.10375,940000,1970000
2019.09.05 08:57:42.168,1.10373,1.10376,940000,2700000
2019.09.05 08:57:42.269,1.10374,1.10377,1750000,600000
2019.09.05 08:57:43.983,1.10373,1.10377,2500000,2320000
2019.09.05 08:57:44.684,1.10372,1.10375,2810000,1200000
2019.09.05 08:57:44.785,1.10371,1.10374,750000,1760000
2019.09.05 08:57:47.231,1.10371,1.10374,1120000,1790000
2019.09.05 08:57:47.281,1.1037,1.10374,2440000,2890000
2019.09.05 08:57:47.383,1.1037,1.10373,750000,1760000
2019.09.05 08:57:47.434,1.10369,1.10372,2500000,1090000
2019.09.05 08:57:47.535,1.10368,1.1037,1310000,750000
2019.09.05 08:57:47.655,1.10367,1.1037,4690000,1500000
2019.09.05 08:57:48.510,1.10368,1.1037,1690000,750000
2019.09.05 08:57:48.612,1.10368,1.1037,1500000,750000
2019.09.05 08:57:48.921,1.10368,1.10371,750000,1500000
2019.09.05 08:57:49.176,1.10368,1.10372,6260000,1120000
2019.09.05 08:57:49.277,1.10368,1.10372,2160000,1120000
2019.09.05 08:57:49.379,1.10368,1.10372,2140000,1450000
2019.09.05 08:57:49.953,1.10368,1.10372,1690000,1120000
2019.09.05 08:57:50.377,1.10368,1.10373,4760000,3560000
2019.09.05 08:57:50.478,1.10368,1.10373,6320000,1870000
2019.09.05 08:57:50.580,1.10367,1.1037,940000,1120000
2019.09.05 08:57:50.685,1.10367,1.10369,750000,750000
2019.09.05 08:57:50.786,1.10365,1.10368,3190000,2250000
2019.09.05 08:57:50.888,1.10365,1.10367,1500000,1120000
2019.09.05 08:57:50.989,1.10364,1.10366,940000,750000
2019.09.05 08:57:51.091,1.10363,1.10364,2140000,750000
2019.09.05 08:57:51.192,1.10361,1.10363,500000,1120000
2019.09.05 08:57:51.489,1.1036,1.10363,500000,1310000
2019.09.05 08:57:51.691,1.1036,1.10363,6250000,500000
2019.09.05 08:57:51.742,1.10358,1.10361,3250000,1870000
2019.09.05 08:57:53.769,1.10359,1.10362,8890000,750000
2019.09.05 08:57:54.839,1.10359,1.10363,2700000,1690000
2019.09.05 08:57:55.610,1.10359,1.10362,940000,750000
2019.09.05 08:57:55.712,1.10357,1.10361,1500000,2810000
2019.09.05 08:57:55.813,1.10359,1.10362,1690000,500000
2019.09.05 08:57:56.204,1.10359,1.10361,750000,500000
2019.09.05 08:57:56.305,1.10359,1.10362,3640000,500000
2019.09.05 08:57:57.468,1.10359,1.10362,2720000,500000
2019.09.05 08:58:02.108,1.10359,1.10362,3450000,500000
2019.09.05 08:58:04.185,1.10359,1.10361,750000,500000
2019.09.05 08:58:04.455,1.10359,1.10362,2620000,500000
2019.09.05 08:58:04.758,1.10359,1.10361,750000,500000
2019.09.05 08:58:05.006,1.10359,1.10362,4200000,500000
2019.09.05 08:58:05.224,1.10359,1.10361,750000,500000
2019.09.05 08:58:05.325,1.10359,1.10362,4200000,500000
2019.09.05 08:58:05.633,1.10359,1.10361,750000,500000
2019.09.05 08:58:05.735,1.10359,1.10362,4200000,500000
2019.09.05 08:58:05.987,1.10359,1.10361,750000,1120000
2019.09.05 08:58:06.088,1.10359,1.10362,1200000,1120000
2019.09.05 08:58:07.564,1.10359,1.10362,750000,850000
2019.09.05 08:58:08.359,1.10359,1.10362,1500000,500000
2019.09.05 08:58:10.579,1.10359,1.10361,750000,500000
2019.09.05 08:58:10.732,1.10359,1.10362,2140000,500000
2019.09.05 08:58:10.935,1.10359,1.10361,1310000,500000
2019.09.05 08:58:11.037,1.10358,1.10359,750000,1120000
2019.09.05 08:58:11.138,1.10357,1.10358,560000,1500000
2019.09.05 08:58:11.239,1.10357,1.10358,560000,750000
2019.09.05 08:58:11.650,1.10357,1.1036,1750000,1690000
2019.09.05 08:58:11.751,1.10358,1.10361,1750000,750000
2019.09.05 08:58:11.853,1.10358,1.10361,940000,1500000
2019.09.05 08:58:13.861,1.10359,1.10362,2120000,500000
2019.09.05 08:58:14.317,1.10359,1.10362,2060000,500000
2019.09.05 08:58:14.419,1.10358,1.10362,2890000,940000
2019.09.05 08:58:14.957,1.10358,1.1036,1370000,750000
2019.09.05 08:58:15.008,1.10358,1.10361,3940000,940000
2019.09.05 08:58:18.300,1.10359,1.10361,1500000,750000
2019.09.05 08:58:21.278,1.10358,1.10361,750000,750000
2019.09.05 08:58:21.475,1.10358,1.1036,750000,750000
2019.09.05 08:58:21.583,1.10358,1.10361,3490000,750000
2019.09.05 08:58:22.808,1.10357,1.1036,940000,1570000
2019.09.05 08:58:22.910,1.10357,1.10359,500000,940000
2019.09.05 08:58:23.063,1.10356,1.10359,1800000,2510000
2019.09.05 08:58:23.837,1.10357,1.1036,1500000,3560000
2019.09.05 08:58:23.939,1.10358,1.10362,2620000,1310000
2019.09.05 08:58:25.015,1.10358,1.10362,560000,1370000
2019.09.05 08:58:25.148,1.10358,1.10363,4610000,1310000
2019.09.05 08:58:25.528,1.10359,1.10363,3600000,1000000
2019.09.05 08:58:26.125,1.10359,1.10363,4540000,750000
2019.09.05 08:58:26.429,1.10359,1.10363,3510000,750000
2019.09.05 08:58:26.568,1.10359,1.10363,3040000,750000
2019.09.05 08:58:27.725,1.10359,1.10362,1500000,750000
2019.09.05 08:58:27.826,1.10359,1.10363,6490000,750000
2019.09.05 08:58:27.933,1.10358,1.10363,6490000,1310000
2019.09.05 08:58:28.085,1.10358,1.10362,1500000,2060000
2019.09.05 08:58:28.439,1.10358,1.10363,2740000,1310000
2019.09.05 08:58:28.828,1.10358,1.10362,750000,1310000
2019.09.05 08:58:30.504,1.10359,1.10362,750000,750000
2019.09.05 08:58:31.726,1.10359,1.10361,500000,1120000
2019.09.05 08:58:32.823,1.10358,1.10361,750000,2810000
2019.09.05 08:58:35.940,1.10358,1.10361,750000,1690000
2019.09.05 08:58:36.042,1.10358,1.10362,1870000,1690000
2019.09.05 08:58:36.193,1.10359,1.10362,1350000,3640000
2019.09.05 08:58:36.244,1.10362,1.10364,750000,2700000
2019.09.05 08:58:36.352,1.10363,1.10365,750000,940000
2019.09.05 08:58:36.403,1.10363,1.10366,500000,3320000
2019.09.05 08:58:36.605,1.10364,1.10367,1500000,1870000
2019.09.05 08:58:36.707,1.10364,1.10368,1120000,3180000
2019.09.05 08:58:36.909,1.10364,1.10369,7200000,7820000
2019.09.05 08:58:38.935,1.10367,1.1037,2620000,1690000
2019.09.05 08:58:39.087,1.10367,1.10369,750000,1690000
2019.09.05 08:58:39.579,1.10367,1.1037,1310000,750000
2019.09.05 08:58:43.528,1.10366,1.1037,2060000,2440000
2019.09.05 08:58:46.240,1.10366,1.1037,1690000,4410000
2019.09.05 08:58:46.342,1.10366,1.1037,1690000,3190000
2019.09.05 08:58:47.069,1.10367,1.1037,2250000,940000
2019.09.05 08:58:48.240,1.10366,1.1037,1000000,4070000
2019.09.05 08:58:48.341,1.10366,1.1037,750000,3320000
2019.09.05 08:58:50.081,1.10366,1.1037,940000,3190000
2019.09.05 08:58:53.035,1.10367,1.1037,940000,750000
2019.09.05 08:58:53.136,1.10366,1.1037,940000,3260000
2019.09.05 08:58:53.237,1.10367,1.1037,940000,750000
2019.09.05 08:58:53.600,1.10366,1.1037,940000,4010000
2019.09.05 08:58:53.847,1.10367,1.1037,940000,750000
2019.09.05 08:58:54.000,1.10366,1.1037,940000,4010000
2019.09.05 08:58:54.108,1.10367,1.1037,940000,750000
2019.09.05 08:58:54.260,1.10369,1.10371,1120000,1500000
2019.09.05 08:58:54.311,1.10373,1.10376,2600000,750000
2019.09.05 08:58:54.412,1.10374,1.10377,4690000,1120000
2019.09.05 08:58:56.499,1.10374,1.10376,750000,1310000
2019.09.05 08:58:56.601,1.10374,1.10377,1870000,1310000
2019.09.05 08:58:56.702,1.10375,1.10377,1870000,600000
2019.09.05 08:58:57.146,1.10375,1.10379,6620000,2250000
2019.09.05 08:58:57.248,1.10375,1.10379,1870000,1820000
2019.09.05 08:58:59.940,1.10377,1.10379,4870000,500000
2019.09.05 08:59:00.042,1.10377,1.1038,2810000,600000
2019.09.05 08:59:00.143,1.10377,1.10379,1120000,820000
2019.09.05 08:59:00.245,1.10375,1.10378,750000,3260000
2019.09.05 08:59:00.346,1.10375,1.10378,1690000,1820000
2019.09.05 08:59:02.979,1.10375,1.10379,1120000,3700000
2019.09.05 08:59:04.394,1.10376,1.10378,500000,1390000
2019.09.05 08:59:06.498,1.10376,1.10378,500000,750000
2019.09.05 08:59:06.751,1.10375,1.10378,500000,2060000
2019.09.05 08:59:06.903,1.10375,1.10378,500000,3290000
2019.09.05 08:59:07.191,1.10375,1.10378,500000,3260000
2019.09.05 08:59:08.170,1.10376,1.10378,500000,1220000
2019.09.05 08:59:08.230,1.10375,1.10378,500000,3260000
2019.09.05 08:59:08.829,1.10375,1.10378,500000,3290000
2019.09.05 08:59:09.186,1.10375,1.10378,500000,3260000
2019.09.05 08:59:09.287,1.10376,1.10378,500000,600000
2019.09.05 08:59:09.445,1.10375,1.10378,500000,3260000
2019.09.05 08:59:12.216,1.10375,1.10378,1310000,2350000
2019.09.05 08:59:12.331,1.10375,1.10378,1310000,1120000
2019.09.05 08:59:12.977,1.10375,1.10377,750000,1120000
2019.09.05 08:59:13.735,1.10376,1.10377,500000,600000
2019.09.05 08:59:14.112,1.10375,1.10377,750000,1500000
2019.09.05 08:59:14.316,1.10376,1.10377,500000,1200000
2019.09.05 08:59:15.140,1.10376,1.10379,1310000,1200000
2019.09.05 08:59:16.490,1.10376,1.10379,2060000,1970000
2019.09.05 08:59:17.665,1.10376,1.10378,500000,1950000
2019.09.05 08:59:20.261,1.10376,1.10377,500000,1950000
2019.09.05 08:59:20.379,1.10376,1.1038,7500000,5570000
2019.09.05 08:59:20.481,1.10378,1.10381,1000000,1200000
2019.09.05 08:59:20.734,1.10378,1.10381,1000000,3100000
2019.09.05 08:59:20.836,1.10379,1.10381,500000,1200000
2019.09.05 08:59:20.887,1.10378,1.10381,750000,3450000
2019.09.05 08:59:21.208,1.10379,1.10381,500000,820000
2019.09.05 08:59:21.334,1.10379,1.10381,750000,820000
2019.09.05 08:59:22.186,1.10378,1.10381,1370000,3070000
2019.09.05 08:59:22.840,1.10378,1.10381,2120000,2350000
2019.09.05 08:59:23.215,1.10378,1.10381,2870000,500000
2019.09.05 08:59:23.317,1.10377,1.10379,750000,600000
2019.09.05 08:59:23.418,1.10376,1.10379,750000,1390000
2019.09.05 08:59:23.523,1.10377,1.10379,1120000,3470000
2019.09.05 08:59:23.625,1.10378,1.1038,940000,1200000
2019.09.05 08:59:23.727,1.10377,1.1038,940000,2700000
2019.09.05 08:59:23.828,1.10378,1.1038,940000,750000
2019.09.05 08:59:24.030,1.10377,1.1038,940000,1570000
2019.09.05 08:59:24.546,1.10379,1.10381,1000000,750000
2019.09.05 08:59:24.693,1.10376,1.10379,2060000,820000
2019.09.05 08:59:24.845,1.10375,1.10379,3190000,4390000
2019.09.05 08:59:24.946,1.10376,1.10379,2440000,1220000
2019.09.05 08:59:25.047,1.10375,1.10379,3190000,3640000
2019.09.05 08:59:25.232,1.10375,1.10379,2440000,4410000
2019.09.05 08:59:25.365,1.10375,1.10378,750000,4390000
2019.09.05 08:59:25.466,1.10375,1.10378,2060000,2950000
2019.09.05 08:59:25.766,1.10375,1.10378,1310000,2700000
2019.09.05 08:59:25.867,1.10376,1.10378,560000,640000
2019.09.05 08:59:26.120,1.10376,1.10378,560000,1410000
2019.09.05 08:59:26.537,1.10376,1.10379,750000,640000
2019.09.05 08:59:29.798,1.10376,1.10378,3250000,750000
2019.09.05 08:59:29.855,1.10374,1.10376,1000000,1870000
2019.09.05 08:59:29.907,1.1037,1.10372,2250000,1970000
2019.09.05 08:59:30.008,1.10368,1.1037,2060000,500000
2019.09.05 08:59:30.059,1.10366,1.10369,500000,2510000
2019.09.05 08:59:30.615,1.10367,1.1037,2620000,940000
2019.09.05 08:59:30.716,1.10367,1.10371,1310000,4040000
2019.09.05 08:59:30.818,1.10367,1.10371,1310000,3640000
2019.09.05 08:59:31.021,1.10367,1.10372,2620000,4450000
2019.09.05 08:59:32.072,1.10368,1.10371,750000,1200000
2019.09.05 08:59:32.173,1.10368,1.10372,2060000,1200000
2019.09.05 08:59:32.274,1.10369,1.10372,3560000,750000
2019.09.05 08:59:32.394,1.10369,1.10371,750000,750000
2019.09.05 08:59:32.495,1.10369,1.10372,1120000,1500000
2019.09.05 08:59:35.470,1.1037,1.10374,5510000,560000
2019.09.05 08:59:35.622,1.1037,1.10373,500000,1870000
2019.09.05 08:59:37.628,1.1037,1.10372,750000,1120000
2019.09.05 08:59:37.845,1.10372,1.10375,2890000,1690000
2019.09.05 08:59:37.946,1.10374,1.10376,2810000,1690000
2019.09.05 08:59:38.048,1.10375,1.10378,500000,750000
2019.09.05 08:59:38.195,1.10375,1.10379,3560000,1690000
2019.09.05 08:59:38.296,1.10375,1.10377,750000,1690000
2019.09.05 08:59:38.347,1.10376,1.10379,1310000,600000
2019.09.05 08:59:38.448,1.10375,1.10379,1310000,3640000
2019.09.05 08:59:39.118,1.10376,1.10379,2060000,750000
2019.09.05 08:59:39.220,1.10375,1.10378,750000,2890000
2019.09.05 08:59:39.373,1.10375,1.10379,1310000,3640000
2019.09.05 08:59:40.555,1.10375,1.10378,1310000,940000
2019.09.05 08:59:40.657,1.10375,1.10377,820000,940000
2019.09.05 08:59:40.810,1.10375,1.10378,2060000,940000
2019.09.05 08:59:41.735,1.10376,1.10378,1120000,750000
2019.09.05 08:59:42.039,1.10375,1.10378,2320000,1500000
2019.09.05 08:59:42.292,1.10375,1.10377,750000,1570000
2019.09.05 08:59:43.318,1.10375,1.10378,1870000,1690000
2019.09.05 08:59:43.723,1.10375,1.10378,500000,4040000
2019.09.05 08:59:43.913,1.10375,1.10378,500000,4010000
2019.09.05 08:59:44.166,1.10375,1.10378,500000,4040000
2019.09.05 08:59:44.395,1.10375,1.10377,500000,2890000
2019.09.05 08:59:45.426,1.10375,1.10378,1310000,1200000
2019.09.05 08:59:46.249,1.10375,1.10379,5250000,2910000
2019.09.05 08:59:46.452,1.10376,1.1038,4570000,4450000
2019.09.05 08:59:48.252,1.10378,1.1038,2120000,750000
2019.09.05 08:59:48.354,1.10379,1.10381,940000,1760000
2019.09.05 08:59:48.456,1.10379,1.10382,1310000,3450000
2019.09.05 08:59:50.087,1.1038,1.10383,3190000,750000
2019.09.05 08:59:50.188,1.10379,1.10383,2810000,1760000
2019.09.05 08:59:51.098,1.10379,1.10383,2120000,2320000
2019.09.05 08:59:56.247,1.10378,1.1038,500000,1120000
2019.09.05 08:59:56.501,1.10378,1.10381,940000,1120000
2019.09.05 08:59:57.195,1.10378,1.10381,1000000,2440000
2019.09.05 08:59:57.348,1.10378,1.10379,750000,500000
2019.09.05 08:59:57.449,1.10376,1.10379,2810000,1870000
2019.09.05 08:59:57.551,1.10375,1.10378,1310000,1120000
2019.09.05 08:59:57.653,1.10375,1.10378,1310000,1370000
2019.09.05 08:59:58.396,1.10375,1.10378,2890000,750000
2019.09.05 08:59:58.497,1.10374,1.10378,2060000,2060000
2019.09.05 08:59:58.598,1.10374,1.10377,750000,2060000
2019.09.05 08:59:58.795,1.10374,1.10378,2810000,2060000
2019.09.05 08:59:59.518,1.10375,1.10378,1310000,500000
