2016.12.13 09:00:00.476,1.06249,1.06252,3.19,1.87
2016.12.13 09:00:01.042,1.0625,1.06252,1.00,1.87
2016.12.13 09:00:01.347,1.06249,1.0625,1.12,1.00
2016.12.13 09:00:01.701,1.0625,1.06251,2.06,1.42
2016.12.13 09:00:01.802,1.06249,1.06251,2.47,3.49
2016.12.13 09:00:02.215,1.0625,1.06251,3.56,1.00
2016.12.13 09:00:02.268,1.06251,1.06252,1.00,1.87
2016.12.13 09:00:02.829,1.0625,1.06252,4.31,1.50
2016.12.13 09:00:02.880,1.06251,1.06253,1.00,1.50
2016.12.13 09:00:03.134,1.0625,1.06251,1.31,2.25
2016.12.13 09:00:03.286,1.06248,1.06249,1.87,1.50
2016.12.13 09:00:03.520,1.06247,1.06248,1.87,1.50
2016.12.13 09:00:04.026,1.06246,1.06248,4.61,2.50
2016.12.13 09:00:04.837,1.06245,1.06247,2.62,4.49
2016.12.13 09:00:04.992,1.06243,1.06244,3.00,1.50
2016.12.13 09:00:05.094,1.06243,1.06245,2.25,2.25
2016.12.13 09:00:05.145,1.06244,1.06245,2.25,2.25
2016.12.13 09:00:05.450,1.06243,1.06244,1.00,2.25
2016.12.13 09:00:05.957,1.06242,1.06243,1.00,2.25
2016.12.13 09:00:06.713,1.06241,1.06243,2.62,2.25
2016.12.13 09:00:07.220,1.06242,1.06243,1.00,2.25
2016.12.13 09:00:07.524,1.06238,1.06239,1.00,2.55
2016.12.13 09:00:07.575,1.06237,1.06238,1.12,1.50
2016.12.13 09:00:08.347,1.06236,1.06238,2.81,1.50
2016.12.13 09:00:08.550,1.06235,1.06237,4.50,1.37
2016.12.13 09:00:09.056,1.06236,1.06237,1.00,2.25
2016.12.13 09:00:09.649,1.06233,1.06234,4.17,1.50
2016.12.13 09:00:09.705,1.06232,1.06234,3.75,2.25
2016.12.13 09:00:10.211,1.06233,1.06235,1.00,3.00
2016.12.13 09:00:12.170,1.06233,1.06235,1.00,2.62
2016.12.13 09:00:12.679,1.06233,1.06234,1.00,1.00
2016.12.13 09:00:13.225,1.06235,1.06236,1.50,1.00
2016.12.13 09:00:14.136,1.06235,1.06237,1.50,2.25
2016.12.13 09:00:14.653,1.06235,1.06236,1.00,2.25
2016.12.13 09:00:15.163,1.06234,1.06236,2.06,2.25
2016.12.13 09:00:15.973,1.06234,1.06235,2.81,1.00
2016.12.13 09:00:16.437,1.06241,1.06242,2.62,3.00
2016.12.13 09:00:16.495,1.06242,1.06243,1.12,1.00
2016.12.13 09:00:17.001,1.06242,1.06244,1.00,2.25
2016.12.13 09:00:17.507,1.06241,1.06244,2.81,1.50
2016.12.13 09:00:18.919,1.06242,1.06244,1.00,1.50
2016.12.13 09:00:19.530,1.06241,1.06244,3.37,1.50
2016.12.13 09:00:20.075,1.06242,1.06244,1.00,2.25
2016.12.13 09:00:21.764,1.06241,1.06244,2.62,2.25
2016.12.13 09:00:22.270,1.06242,1.06244,1.00,1.50
2016.12.13 09:00:24.826,1.06241,1.06244,2.62,1.00
2016.12.13 09:00:25.332,1.06242,1.06244,1.00,2.25
2016.12.13 09:00:25.838,1.06243,1.06244,1.00,1.00
2016.12.13 09:00:26.445,1.06244,1.06246,1.00,3.37
2016.12.13 09:00:26.688,1.06246,1.06247,1.00,5.44
2016.12.13 09:00:26.841,1.06244,1.06245,1.87,1.00
2016.12.13 09:00:27.146,1.06239,1.06241,11.81,1.00
2016.12.13 09:00:27.350,1.06239,1.06241,2.44,6.00
2016.12.13 09:00:27.402,1.06239,1.0624,3.19,1.12
2016.12.13 09:00:27.608,1.06239,1.06242,1.69,3.37
2016.12.13 09:00:27.761,1.06241,1.06242,1.35,3.00
2016.12.13 09:00:27.956,1.06242,1.06244,1.00,1.12
2016.12.13 09:00:28.615,1.06241,1.06244,1.87,1.87
2016.12.13 09:00:29.173,1.06242,1.06244,1.00,1.87
2016.12.13 09:00:29.705,1.06241,1.06243,1.12,1.50
2016.12.13 09:00:30.211,1.06242,1.06243,1.00,1.50
2016.12.13 09:00:30.869,1.06241,1.06243,1.12,1.50
2016.12.13 09:00:31.375,1.06241,1.06244,2.62,1.87
2016.12.13 09:00:31.905,1.06242,1.06244,1.00,1.87
2016.12.13 09:00:33.064,1.06241,1.06244,2.62,1.87
2016.12.13 09:00:33.574,1.06242,1.06244,1.00,1.87
2016.12.13 09:00:37.735,1.06241,1.06244,1.12,4.50
2016.12.13 09:00:38.240,1.06242,1.06243,1.00,1.00
2016.12.13 09:00:38.771,1.06241,1.06243,1.12,1.00
2016.12.13 09:00:39.382,1.06242,1.06243,1.00,1.50
2016.12.13 09:00:40.780,1.06241,1.06243,1.12,2.25
2016.12.13 09:00:41.034,1.06239,1.0624,5.25,1.35
2016.12.13 09:00:41.085,1.06239,1.0624,3.37,5.10
2016.12.13 09:00:41.245,1.06237,1.06239,1.12,3.75
2016.12.13 09:00:41.753,1.06236,1.06238,1.87,1.00
2016.12.13 09:00:42.787,1.06238,1.06239,1.50,2.25
2016.12.13 09:00:46.205,1.06237,1.06239,1.00,1.00
2016.12.13 09:00:46.551,1.06236,1.06237,1.00,1.00
2016.12.13 09:00:47.059,1.06235,1.06236,1.00,3.00
2016.12.13 09:00:47.566,1.06233,1.06234,1.50,1.00
2016.12.13 09:00:47.769,1.06232,1.06234,1.00,1.00
2016.12.13 09:00:48.283,1.06231,1.06234,1.12,1.00
2016.12.13 09:00:48.825,1.06232,1.06234,1.00,2.25
2016.12.13 09:00:48.876,1.06233,1.06235,1.00,4.69
2016.12.13 09:00:48.978,1.06235,1.06236,2.25,1.00
2016.12.13 09:00:49.233,1.06233,1.06235,3.75,1.25
2016.12.13 09:00:52.932,1.06232,1.06235,3.37,1.25
2016.12.13 09:00:53.467,1.06233,1.06235,1.00,1.25
2016.12.13 09:00:53.923,1.06237,1.06238,2.10,2.25
2016.12.13 09:00:53.974,1.0624,1.06241,1.00,10.69
2016.12.13 09:00:54.025,1.0624,1.06241,2.10,3.19
2016.12.13 09:00:54.076,1.06241,1.06242,1.50,1.00
2016.12.13 09:00:54.229,1.0624,1.06242,4.12,1.00
2016.12.13 09:00:54.744,1.06241,1.06244,1.00,8.81
2016.12.13 09:00:54.850,1.0624,1.06242,3.25,3.19
2016.12.13 09:00:54.951,1.06238,1.0624,2.62,1.00
2016.12.13 09:00:55.154,1.06238,1.06239,2.10,1.00
2016.12.13 09:00:55.459,1.06241,1.06242,2.62,6.94
2016.12.13 09:00:56.725,1.0624,1.06241,4.50,1.25
2016.12.13 09:00:57.282,1.06239,1.06241,1.50,1.69
2016.12.13 09:00:57.586,1.06241,1.06242,2.25,1.50
2016.12.13 09:00:58.139,1.0624,1.06243,1.50,5.81
2016.12.13 09:00:58.190,1.0624,1.06243,1.87,5.81
2016.12.13 09:00:58.850,1.0624,1.06243,5.25,3.56
2016.12.13 09:00:59.357,1.0624,1.06242,2.25,1.50
2016.12.13 09:01:00.136,1.06241,1.06242,1.50,1.00
2016.12.13 09:01:00.643,1.06241,1.06243,1.00,3.19
2016.12.13 09:01:00.947,1.0624,1.06241,1.00,2.06
2016.12.13 09:01:00.998,1.06239,1.0624,2.44,2.25
2016.12.13 09:01:01.100,1.06237,1.0624,3.00,6.94
2016.12.13 09:01:01.394,1.0624,1.06241,1.50,1.50
2016.12.13 09:01:01.547,1.0624,1.06243,3.00,5.81
2016.12.13 09:01:04.074,1.0624,1.06243,2.06,8.62
2016.12.13 09:01:05.872,1.0624,1.06241,2.44,1.00
2016.12.13 09:01:06.377,1.06239,1.06241,3.56,1.00
2016.12.13 09:01:06.479,1.06241,1.06242,1.50,2.25
2016.12.13 09:01:07.384,1.0624,1.06242,3.00,1.00
2016.12.13 09:01:07.892,1.06241,1.06242,1.00,1.50
2016.12.13 09:01:09.122,1.0624,1.06242,4.76,1.00
2016.12.13 09:01:09.628,1.06241,1.06242,1.00,1.00
2016.12.13 09:01:10.449,1.0624,1.06242,4.76,1.00
2016.12.13 09:01:11.977,1.06241,1.06242,1.00,1.00
2016.12.13 09:01:12.078,1.06239,1.06241,2.62,2.25
2016.12.13 09:01:12.281,1.06239,1.0624,4.50,1.87
2016.12.13 09:01:14.413,1.06238,1.06239,1.12,2.25
2016.12.13 09:01:14.919,1.06238,1.0624,1.87,2.10
2016.12.13 09:01:15.021,1.06238,1.06239,1.00,2.25
2016.12.13 09:01:15.376,1.06235,1.06237,5.81,1.00
2016.12.13 09:01:15.879,1.06236,1.06237,1.31,1.00
2016.12.13 09:01:16.941,1.06238,1.06239,1.50,3.00
2016.12.13 09:01:17.242,1.0624,1.06241,1.09,2.40
2016.12.13 09:01:17.656,1.06238,1.06239,1.00,2.25
2016.12.13 09:01:17.708,1.06237,1.06239,1.00,4.12
2016.12.13 09:01:18.415,1.06236,1.06238,1.87,1.00
2016.12.13 09:01:19.139,1.06237,1.06238,1.00,1.00
2016.12.13 09:01:19.557,1.06235,1.06238,2.25,2.62
2016.12.13 09:01:20.065,1.06234,1.06237,2.62,2.25
2016.12.13 09:01:20.217,1.06232,1.06234,4.50,1.00
2016.12.13 09:01:20.268,1.06232,1.06233,3.00,1.00
2016.12.13 09:01:20.776,1.06231,1.06233,1.12,1.87
2016.12.13 09:01:23.240,1.06232,1.06234,1.50,2.25
2016.12.13 09:01:23.392,1.06233,1.06235,1.87,1.12
2016.12.13 09:01:23.443,1.06235,1.06236,1.00,1.50
2016.12.13 09:01:23.982,1.06233,1.06236,4.31,1.12
2016.12.13 09:01:26.897,1.06234,1.06237,1.50,6.37
2016.12.13 09:01:26.948,1.06235,1.06237,1.00,3.37
2016.12.13 09:01:27.493,1.06236,1.06237,1.00,1.00
2016.12.13 09:01:28.000,1.06235,1.06236,3.75,1.12
2016.12.13 09:01:28.305,1.06233,1.06234,3.75,1.50
2016.12.13 09:01:28.356,1.06232,1.06234,5.62,1.87
2016.12.13 09:01:28.458,1.06232,1.06233,1.87,1.00
2016.12.13 09:01:28.960,1.06231,1.06233,2.44,1.00
2016.12.13 09:01:30.223,1.0623,1.06233,8.25,1.00
2016.12.13 09:01:30.274,1.06232,1.06233,1.00,1.00
2016.12.13 09:01:30.682,1.06232,1.06235,5.62,1.50
2016.12.13 09:01:31.037,1.06233,1.06235,1.00,4.12
2016.12.13 09:01:31.240,1.06231,1.06234,1.50,1.87
2016.12.13 09:01:31.848,1.06233,1.06235,1.50,4.12
2016.12.13 09:01:32.107,1.06233,1.06236,1.12,7.72
2016.12.13 09:01:32.158,1.06231,1.06234,3.00,2.81
2016.12.13 09:01:33.070,1.0623,1.06233,5.25,1.00
2016.12.13 09:01:33.476,1.06232,1.06235,1.00,6.00
2016.12.13 09:01:37.374,1.06232,1.06234,1.50,3.00
2016.12.13 09:01:38.778,1.06233,1.06234,1.50,3.37
2016.12.13 09:01:39.284,1.06233,1.06235,2.25,3.75
2016.12.13 09:01:39.797,1.06234,1.06235,2.25,1.00
2016.12.13 09:01:40.303,1.06233,1.06235,1.50,3.75
2016.12.13 09:01:41.569,1.06232,1.06235,1.12,3.75
2016.12.13 09:01:41.905,1.0623,1.06234,5.25,5.29
2016.12.13 09:01:42.007,1.0623,1.06231,1.87,1.35
2016.12.13 09:01:42.159,1.06226,1.06228,3.00,1.35
2016.12.13 09:01:42.666,1.06225,1.06228,2.06,1.35
2016.12.13 09:01:44.067,1.06225,1.06228,8.44,1.00
2016.12.13 09:01:48.678,1.06227,1.06229,1.00,3.37
2016.12.13 09:01:48.881,1.06227,1.06231,4.86,5.25
2016.12.13 09:01:49.387,1.06227,1.06231,4.69,4.12
2016.12.13 09:01:49.902,1.06227,1.06231,7.39,2.62
2016.12.13 09:01:50.409,1.06227,1.0623,4.69,1.00
2016.12.13 09:01:50.925,1.06227,1.06231,5.44,1.87
2016.12.13 09:01:51.077,1.06227,1.06229,3.94,1.00
2016.12.13 09:01:51.389,1.06225,1.06227,1.00,1.35
2016.12.13 09:01:51.693,1.06222,1.06224,1.69,1.00
2016.12.13 09:01:52.051,1.06225,1.06226,1.00,1.50
2016.12.13 09:01:52.103,1.06225,1.06227,1.87,1.00
2016.12.13 09:01:52.153,1.06227,1.06228,1.50,5.62
2016.12.13 09:01:52.306,1.06228,1.06231,1.12,2.62
2016.12.13 09:01:52.814,1.06229,1.06232,1.12,3.75
2016.12.13 09:01:52.865,1.06229,1.06231,1.87,1.00
2016.12.13 09:01:52.916,1.0623,1.06232,1.12,1.76
2016.12.13 09:01:53.473,1.0623,1.06233,1.12,3.56
2016.12.13 09:01:56.917,1.0623,1.06232,2.25,1.00
2016.12.13 09:01:58.562,1.0623,1.06231,1.00,1.00
2016.12.13 09:01:58.663,1.06228,1.06229,2.25,1.00
2016.12.13 09:01:58.715,1.06227,1.06229,1.00,2.10
2016.12.13 09:01:59.221,1.06226,1.06228,1.25,2.25
2016.12.13 09:01:59.530,1.06227,1.0623,1.87,4.12
2016.12.13 09:02:00.036,1.06227,1.06229,1.30,1.00
2016.12.13 09:02:00.241,1.06226,1.06228,1.25,1.00
2016.12.13 09:02:01.194,1.06226,1.06229,5.66,2.25
2016.12.13 09:02:01.700,1.06227,1.0623,1.57,1.87
2016.12.13 09:02:03.919,1.06228,1.0623,1.00,3.37
2016.12.13 09:02:03.970,1.06229,1.06231,1.00,6.19
2016.12.13 09:02:04.283,1.06231,1.06232,1.00,3.37
2016.12.13 09:02:04.334,1.0623,1.06232,1.50,3.37
2016.12.13 09:02:05.110,1.06229,1.06231,1.50,1.00
2016.12.13 09:02:06.638,1.06229,1.06232,1.50,4.12
2016.12.13 09:02:07.145,1.0623,1.06232,1.00,5.14
2016.12.13 09:02:07.922,1.06231,1.06232,1.00,1.12
2016.12.13 09:02:08.429,1.06231,1.06233,1.50,1.31
2016.12.13 09:02:09.575,1.0623,1.06233,6.75,1.69
2016.12.13 09:02:09.728,1.06229,1.06232,4.50,1.12
2016.12.13 09:02:10.235,1.06231,1.06232,2.25,1.00
2016.12.13 09:02:10.752,1.06231,1.06233,2.25,2.06
2016.12.13 09:02:11.591,1.0623,1.06233,3.00,2.06
2016.12.13 09:02:11.895,1.0623,1.06233,1.00,6.56
2016.12.13 09:02:12.401,1.0623,1.06233,1.00,5.81
2016.12.13 09:02:13.477,1.0623,1.06233,3.00,2.06
2016.12.13 09:02:20.158,1.0623,1.06234,2.25,5.85
2016.12.13 09:02:21.168,1.0623,1.06234,3.00,6.22
2016.12.13 09:02:25.525,1.0623,1.06231,1.00,1.20
2016.12.13 09:02:25.626,1.06228,1.0623,3.75,1.00
2016.12.13 09:02:25.986,1.06228,1.06232,4.12,4.50
2016.12.13 09:02:26.341,1.0623,1.06232,1.50,1.12
2016.12.13 09:02:26.493,1.06231,1.06234,2.25,1.12
2016.12.13 09:02:26.645,1.06233,1.06235,1.00,1.69
2016.12.13 09:02:27.152,1.06232,1.06235,3.37,1.69
2016.12.13 09:02:28.368,1.06232,1.06234,1.50,1.69
2016.12.13 09:02:28.874,1.06231,1.06234,1.00,6.41
2016.12.13 09:02:31.124,1.06231,1.06233,1.00,1.00
2016.12.13 09:02:31.666,1.0623,1.06232,1.25,3.37
2016.12.13 09:02:31.970,1.06232,1.06234,1.12,1.50
2016.12.13 09:02:34.127,1.06231,1.06233,1.50,1.00
2016.12.13 09:02:34.380,1.06229,1.06232,3.94,1.12
2016.12.13 09:02:34.920,1.06229,1.06233,3.94,9.22
2016.12.13 09:02:36.573,1.06229,1.06232,3.94,2.25
2016.12.13 09:02:36.836,1.06229,1.0623,1.50,1.00
2016.12.13 09:02:36.887,1.06228,1.06229,1.87,2.25
2016.12.13 09:02:37.397,1.06226,1.06229,2.66,4.87
2016.12.13 09:02:44.692,1.06225,1.06228,6.94,1.00
2016.12.13 09:02:44.744,1.06225,1.06228,3.56,1.00
2016.12.13 09:02:46.033,1.06226,1.06228,1.12,1.00
2016.12.13 09:02:46.539,1.06225,1.06229,3.19,5.81
2016.12.13 09:02:47.009,1.06226,1.06229,4.50,3.94
2016.12.13 09:02:47.524,1.06226,1.06228,1.50,2.25
2016.12.13 09:02:48.074,1.06226,1.06227,1.50,2.25
2016.12.13 09:02:50.224,1.06225,1.06227,5.44,2.50
2016.12.13 09:02:50.730,1.06225,1.06226,1.00,3.56
2016.12.13 09:02:50.831,1.06222,1.06224,5.44,2.50
2016.12.13 09:02:51.420,1.06221,1.06223,11.44,1.50
2016.12.13 09:02:51.681,1.06223,1.06224,1.00,1.50
2016.12.13 09:02:52.186,1.06222,1.06223,3.56,1.00
2016.12.13 09:02:55.313,1.06222,1.06224,5.31,2.25
2016.12.13 09:02:55.819,1.06222,1.06223,4.91,1.00
2016.12.13 09:02:56.325,1.06222,1.06224,2.81,2.25
2016.12.13 09:02:56.919,1.06222,1.06223,3.56,1.00
2016.12.13 09:02:57.426,1.06222,1.06224,5.66,2.25
2016.12.13 09:02:57.932,1.06223,1.06224,1.00,1.50
2016.12.13 09:03:00.176,1.06222,1.06224,7.69,1.00
2016.12.13 09:03:00.277,1.06223,1.06225,1.50,2.25
2016.12.13 09:03:00.784,1.06223,1.06224,1.50,1.50
2016.12.13 09:03:01.291,1.06223,1.06225,1.50,5.25
2016.12.13 09:03:01.797,1.06222,1.06223,4.12,2.25
2016.12.13 09:03:02.303,1.06223,1.06224,1.00,5.44
2016.12.13 09:03:02.910,1.06221,1.06222,2.25,1.50
2016.12.13 09:03:03.165,1.06219,1.06221,7.69,2.50
2016.12.13 09:03:03.672,1.0622,1.06221,2.44,2.25
2016.12.13 09:03:04.077,1.06222,1.06223,1.00,1.00
2016.12.13 09:03:04.602,1.06221,1.06222,2.62,1.50
2016.12.13 09:03:05.108,1.06219,1.06221,9.79,1.50
2016.12.13 09:03:05.614,1.06219,1.0622,8.74,2.25
2016.12.13 09:03:06.594,1.0622,1.06222,8.29,1.50
2016.12.13 09:03:07.101,1.06221,1.06223,4.97,3.75
2016.12.13 09:03:07.305,1.06223,1.06224,1.00,3.00
2016.12.13 09:03:07.811,1.06222,1.06224,2.92,3.00
2016.12.13 09:03:09.429,1.06223,1.06224,2.10,1.50
2016.12.13 09:03:09.480,1.06224,1.06226,1.00,3.75
2016.12.13 09:03:09.773,1.06225,1.06227,4.72,1.00
2016.12.13 09:03:10.278,1.06225,1.06227,1.00,1.50
2016.12.13 09:03:10.785,1.06225,1.06226,2.10,1.50
2016.12.13 09:03:10.836,1.06225,1.06228,7.35,2.25
2016.12.13 09:03:11.045,1.06226,1.06228,2.92,1.50
2016.12.13 09:03:11.298,1.06227,1.0623,1.35,9.00
2016.12.13 09:03:12.456,1.06226,1.06229,6.52,1.00
2016.12.13 09:03:13.899,1.06229,1.0623,1.00,1.50
2016.12.13 09:03:14.200,1.0623,1.06232,1.00,2.62
2016.12.13 09:03:14.706,1.06229,1.0623,3.37,3.00
2016.12.13 09:03:14.807,1.06228,1.06229,1.50,3.75
2016.12.13 09:03:14.909,1.06225,1.06227,9.52,3.19
2016.12.13 09:03:15.011,1.06225,1.06227,6.37,6.75
2016.12.13 09:03:15.062,1.06207,1.06208,1.12,1.25
2016.12.13 09:03:15.113,1.06208,1.06212,2.25,6.00
2016.12.13 09:03:15.164,1.06211,1.06212,1.50,3.75
2016.12.13 09:03:15.215,1.06209,1.0621,2.25,3.75
2016.12.13 09:03:15.542,1.06207,1.06208,1.50,3.37
2016.12.13 09:03:15.644,1.06203,1.06205,10.91,2.25
2016.12.13 09:03:15.848,1.06202,1.06204,1.12,3.75
2016.12.13 09:03:17.026,1.06203,1.06205,1.69,4.50
2016.12.13 09:03:17.128,1.06204,1.06206,1.00,3.75
2016.12.13 09:03:17.634,1.06204,1.06206,3.37,3.00
2016.12.13 09:03:18.605,1.06204,1.06205,1.00,2.25
2016.12.13 09:03:19.112,1.06203,1.06205,1.69,2.25
2016.12.13 09:03:19.875,1.06203,1.06206,3.94,3.00
2016.12.13 09:03:21.184,1.06204,1.06206,1.00,1.00
2016.12.13 09:03:21.589,1.06206,1.06208,1.50,2.62
2016.12.13 09:03:21.641,1.06206,1.06208,1.35,1.87
2016.12.13 09:03:21.945,1.06207,1.0621,3.75,2.44
2016.12.13 09:03:22.467,1.06207,1.06209,1.00,1.87
2016.12.13 09:03:22.518,1.06205,1.06207,1.87,2.44
2016.12.13 09:03:22.823,1.06204,1.06206,4.12,1.00
2016.12.13 09:03:23.331,1.06204,1.06207,2.25,1.87
2016.12.13 09:03:26.644,1.06204,1.06206,1.00,1.12
2016.12.13 09:03:26.695,1.06203,1.06204,1.50,1.00
2016.12.13 09:03:26.746,1.06202,1.06204,1.12,1.50
2016.12.13 09:03:26.848,1.062,1.06201,1.00,4.35
2016.12.13 09:03:27.050,1.06197,1.06199,1.00,1.00
2016.12.13 09:03:27.101,1.06191,1.06195,3.75,4.79
2016.12.13 09:03:27.445,1.06188,1.06189,1.00,1.12
2016.12.13 09:03:27.496,1.0619,1.06191,1.00,4.87
2016.12.13 09:03:27.548,1.06191,1.06192,1.00,2.25
2016.12.13 09:03:27.752,1.06192,1.06193,1.00,1.00
2016.12.13 09:03:28.384,1.06191,1.06193,1.12,1.00
2016.12.13 09:03:28.841,1.06189,1.06191,1.50,1.25
2016.12.13 09:03:28.942,1.06187,1.06189,1.00,1.50
2016.12.13 09:03:29.247,1.06185,1.06189,2.06,4.12
2016.12.13 09:03:29.829,1.06185,1.06188,1.31,2.25
2016.12.13 09:03:31.835,1.06185,1.06189,3.56,2.62
2016.12.13 09:03:32.499,1.06185,1.06188,2.06,1.00
2016.12.13 09:03:36.181,1.06185,1.06189,4.31,3.37
2016.12.13 09:03:36.687,1.06188,1.0619,4.69,2.62
2016.12.13 09:03:36.840,1.06191,1.06194,1.87,1.69
2016.12.13 09:03:37.777,1.06191,1.06193,3.00,1.25
2016.12.13 09:03:41.147,1.06192,1.06193,1.00,1.00
2016.12.13 09:03:41.249,1.06193,1.06195,1.00,1.50
2016.12.13 09:03:41.351,1.06195,1.06196,1.50,1.50
2016.12.13 09:03:41.781,1.06196,1.06199,2.25,2.25
2016.12.13 09:03:41.934,1.06196,1.06198,1.00,5.06
2016.12.13 09:03:42.086,1.06193,1.06196,4.87,1.00
2016.12.13 09:03:42.593,1.06193,1.06195,2.62,1.00
2016.12.13 09:03:43.143,1.06192,1.06195,6.19,1.00
2016.12.13 09:03:43.194,1.06191,1.06193,5.62,1.00
2016.12.13 09:03:43.535,1.06185,1.06187,1.00,1.12
2016.12.13 09:03:43.586,1.06185,1.06187,1.25,1.50
2016.12.13 09:03:44.977,1.06185,1.06188,3.19,1.12
2016.12.13 09:03:45.483,1.06186,1.06188,1.00,1.12
2016.12.13 09:03:45.989,1.06186,1.06187,1.00,1.00
2016.12.13 09:03:46.237,1.06186,1.06189,1.12,3.00
2016.12.13 09:03:46.743,1.06187,1.06189,1.12,1.72
2016.12.13 09:03:47.806,1.06187,1.0619,1.12,3.94
2016.12.13 09:03:53.032,1.06188,1.0619,1.00,1.12
2016.12.13 09:03:53.084,1.06189,1.06191,1.50,1.12
2016.12.13 09:03:53.186,1.0619,1.06193,5.62,1.00
2016.12.13 09:03:53.347,1.06191,1.06195,5.06,2.62
2016.12.13 09:03:53.855,1.06191,1.06195,6.94,1.00
2016.12.13 09:03:55.313,1.06191,1.06196,9.56,1.69
2016.12.13 09:03:55.468,1.06195,1.06198,7.35,1.00
2016.12.13 09:03:55.519,1.06196,1.06198,1.69,1.00
2016.12.13 09:03:55.621,1.06196,1.062,6.93,1.87
2016.12.13 09:03:56.079,1.06199,1.06201,3.75,1.50
2016.12.13 09:03:56.130,1.062,1.06202,3.37,1.00
2016.12.13 09:03:56.637,1.062,1.06203,6.18,2.25
2016.12.13 09:03:57.316,1.062,1.06202,3.74,1.00
2016.12.13 09:03:58.721,1.062,1.06202,3.75,1.00
2016.12.13 09:03:58.772,1.06198,1.062,8.72,2.85
2016.12.13 09:03:58.874,1.06197,1.06198,3.09,1.00
2016.12.13 09:03:58.925,1.06197,1.06198,2.62,1.00
2016.12.13 09:03:59.431,1.06198,1.06199,1.00,1.50
2016.12.13 09:04:00.039,1.06199,1.06201,1.00,1.00
2016.12.13 09:04:00.495,1.06201,1.06203,1.50,1.12
2016.12.13 09:04:00.698,1.06202,1.06205,3.37,3.00
2016.12.13 09:04:01.053,1.06201,1.06205,4.12,10.31
2016.12.13 09:04:01.627,1.06201,1.06204,2.62,2.25
2016.12.13 09:04:02.337,1.06199,1.06203,3.94,6.37
2016.12.13 09:04:02.844,1.06199,1.06203,1.31,9.37
2016.12.13 09:04:04.480,1.06198,1.062,2.62,1.50
2016.12.13 09:04:04.784,1.06194,1.06195,1.12,1.00
2016.12.13 09:04:04.835,1.06193,1.06195,2.81,1.00
2016.12.13 09:04:05.567,1.06193,1.06196,1.31,7.12
2016.12.13 09:04:06.072,1.06193,1.06195,1.31,2.25
2016.12.13 09:04:06.335,1.06192,1.06193,1.12,1.00
2016.12.13 09:04:06.537,1.0619,1.06192,3.75,1.00
2016.12.13 09:04:06.689,1.06189,1.06191,5.44,1.00
2016.12.13 09:04:07.113,1.0619,1.06192,4.50,1.69
2016.12.13 09:04:07.620,1.0619,1.06193,4.50,1.50
2016.12.13 09:04:08.310,1.0619,1.06192,3.00,1.00
2016.12.13 09:04:09.425,1.06191,1.06192,1.00,1.00
2016.12.13 09:04:09.476,1.06194,1.06195,3.75,5.25
2016.12.13 09:04:09.578,1.06196,1.06197,1.00,1.87
2016.12.13 09:04:09.983,1.06197,1.06199,1.87,1.00
2016.12.13 09:04:10.504,1.06197,1.062,1.12,8.25
2016.12.13 09:04:10.555,1.06196,1.06198,3.75,1.50
2016.12.13 09:04:11.516,1.06195,1.06197,3.19,1.50
2016.12.13 09:04:11.719,1.0619,1.06193,1.87,1.50
2016.12.13 09:04:13.305,1.06187,1.0619,12.56,2.25
2016.12.13 09:04:13.634,1.06185,1.06188,1.25,3.22
2016.12.13 09:04:14.653,1.06182,1.06185,6.75,2.25
2016.12.13 09:04:14.755,1.06182,1.06185,1.87,7.50
2016.12.13 09:04:15.322,1.0618,1.06184,3.19,4.69
2016.12.13 09:04:16.419,1.0618,1.06181,1.50,1.00
2016.12.13 09:04:16.571,1.06177,1.06181,4.12,8.09
2016.12.13 09:04:17.092,1.06176,1.0618,1.12,3.37
2016.12.13 09:04:18.581,1.06176,1.06179,1.12,6.00
2016.12.13 09:04:18.885,1.06172,1.06175,2.25,8.44
2016.12.13 09:04:19.391,1.06171,1.06174,2.25,3.94
2016.12.13 09:04:19.695,1.06174,1.06176,3.00,3.00
2016.12.13 09:04:19.989,1.06172,1.06174,2.25,1.00
2016.12.13 09:04:20.496,1.06171,1.06173,1.00,1.25
2016.12.13 09:04:21.878,1.0617,1.06171,6.89,1.00
2016.12.13 09:04:22.416,1.06171,1.06174,1.12,9.56
2016.12.13 09:04:22.619,1.06172,1.06176,6.37,4.91
2016.12.13 09:04:22.923,1.06171,1.06173,1.87,1.00
2016.12.13 09:04:23.436,1.06172,1.06174,1.00,5.44
2016.12.13 09:04:23.891,1.06168,1.0617,15.15,1.00
2016.12.13 09:04:24.095,1.06167,1.0617,8.06,3.37
2016.12.13 09:04:24.704,1.06167,1.0617,3.37,4.31
2016.12.13 09:04:25.222,1.06167,1.06169,1.50,1.31
2016.12.13 09:04:26.284,1.06168,1.0617,1.00,1.50
2016.12.13 09:04:26.811,1.06168,1.0617,1.50,1.12
2016.12.13 09:04:27.317,1.06167,1.0617,1.00,17.43
2016.12.13 09:04:27.826,1.06166,1.0617,3.00,11.28
2016.12.13 09:04:28.433,1.06168,1.0617,1.50,5.50
2016.12.13 09:04:28.665,1.06171,1.06173,1.50,2.25
2016.12.13 09:04:30.654,1.06174,1.06176,5.85,12.56
2016.12.13 09:04:30.857,1.06178,1.0618,2.25,3.00
2016.12.13 09:04:31.364,1.06177,1.06179,1.50,1.69
2016.12.13 09:04:31.872,1.06176,1.06178,2.25,1.12
2016.12.13 09:04:32.380,1.06176,1.06177,1.00,1.00
2016.12.13 09:04:33.189,1.06176,1.06178,3.75,1.50
2016.12.13 09:04:33.706,1.06176,1.06179,3.75,2.81
2016.12.13 09:04:34.870,1.06176,1.06178,3.00,1.50
2016.12.13 09:04:34.972,1.06176,1.06177,1.00,1.00
2016.12.13 09:04:35.074,1.06176,1.06178,1.00,1.00
2016.12.13 09:04:35.696,1.06176,1.06177,3.00,1.00
2016.12.13 09:04:37.771,1.06175,1.06177,2.62,1.00
2016.12.13 09:04:40.608,1.06176,1.06177,1.00,1.00
2016.12.13 09:04:41.114,1.06175,1.06177,2.62,1.00
2016.12.13 09:04:43.076,1.06175,1.06178,2.62,2.44
2016.12.13 09:04:45.119,1.06176,1.06178,1.00,2.44
2016.12.13 09:04:50.444,1.06175,1.06178,4.87,1.50
2016.12.13 09:04:50.697,1.06174,1.06176,5.62,4.19
2016.12.13 09:04:50.850,1.06173,1.06174,1.12,1.25
2016.12.13 09:04:50.951,1.06171,1.06174,2.62,1.31
2016.12.13 09:04:56.373,1.06172,1.06174,1.50,2.44
2016.12.13 09:04:56.425,1.06175,1.06176,1.69,7.69
2016.12.13 09:04:56.526,1.06176,1.06177,1.00,1.00
2016.12.13 09:04:56.628,1.06176,1.06178,2.62,1.00
2016.12.13 09:04:58.217,1.06176,1.06179,2.62,1.25
2016.12.13 09:05:01.393,1.06179,1.0618,1.00,5.81
2016.12.13 09:05:01.645,1.06181,1.06183,2.25,1.00
2016.12.13 09:05:02.001,1.06184,1.06186,3.85,10.87
2016.12.13 09:05:02.204,1.06187,1.06188,1.50,2.06
2016.12.13 09:05:02.558,1.06187,1.0619,1.00,4.12
2016.12.13 09:05:03.074,1.06188,1.0619,1.00,11.66
2016.12.13 09:05:03.125,1.06186,1.0619,3.37,13.91
2016.12.13 09:05:03.530,1.06185,1.06189,1.87,6.56
2016.12.13 09:05:03.935,1.06183,1.06187,4.12,3.82
2016.12.13 09:05:04.116,1.06181,1.06185,1.87,11.06
2016.12.13 09:05:04.631,1.06181,1.06184,1.12,2.32
2016.12.13 09:05:04.935,1.06181,1.06185,1.87,9.64
2016.12.13 09:05:05.443,1.06182,1.06185,1.50,5.81
2016.12.13 09:05:06.668,1.06183,1.06185,1.00,3.37
2016.12.13 09:05:08.095,1.06184,1.06185,1.00,1.00
2016.12.13 09:05:08.601,1.06184,1.06186,1.00,2.81
2016.12.13 09:05:08.853,1.06185,1.06187,4.00,2.25
2016.12.13 09:05:08.955,1.06186,1.06188,1.50,1.50
2016.12.13 09:05:09.494,1.06188,1.06189,1.00,2.44
2016.12.13 09:05:10.007,1.06188,1.06189,1.50,1.25
2016.12.13 09:05:10.513,1.06188,1.0619,1.50,1.25
2016.12.13 09:05:11.574,1.06187,1.0619,6.75,3.19
2016.12.13 09:05:11.878,1.06186,1.06188,6.94,2.87
2016.12.13 09:05:12.185,1.06182,1.06184,8.62,1.00
2016.12.13 09:05:12.287,1.06184,1.06185,2.62,1.00
2016.12.13 09:05:12.439,1.06182,1.06184,1.87,1.00
2016.12.13 09:05:14.170,1.06181,1.06183,7.12,2.75
2016.12.13 09:05:14.272,1.06176,1.0618,10.31,2.85
2016.12.13 09:05:14.414,1.06179,1.0618,1.12,9.79
2016.12.13 09:05:14.517,1.06175,1.06177,3.19,1.50
2016.12.13 09:05:15.024,1.06175,1.06176,2.06,1.50
2016.12.13 09:05:15.530,1.06175,1.06177,3.94,1.50
2016.12.13 09:05:17.646,1.06175,1.06177,6.94,1.00
2016.12.13 09:05:17.798,1.06177,1.06178,1.00,2.25
2016.12.13 09:05:18.315,1.06176,1.06178,2.62,2.25
2016.12.13 09:05:18.835,1.06176,1.06177,1.87,1.00
2016.12.13 09:05:25.281,1.06176,1.06178,1.00,3.00
2016.12.13 09:05:25.939,1.06175,1.06177,6.56,3.37
2016.12.13 09:05:26.091,1.06174,1.06176,1.87,1.00
2016.12.13 09:05:26.647,1.06174,1.06177,4.12,1.50
2016.12.13 09:05:26.903,1.06174,1.06176,1.12,1.00
2016.12.13 09:05:27.410,1.06173,1.06175,1.12,1.50
2016.12.13 09:05:29.883,1.06175,1.06176,1.00,1.12
2016.12.13 09:05:30.085,1.06175,1.06177,1.00,1.50
2016.12.13 09:05:30.719,1.06174,1.06177,6.37,1.50
2016.12.13 09:05:31.176,1.06176,1.06177,1.00,1.00
2016.12.13 09:05:31.682,1.06176,1.06178,1.12,2.25
2016.12.13 09:05:32.419,1.06175,1.06178,1.87,9.44
2016.12.13 09:05:32.773,1.06174,1.06176,1.12,2.62
2016.12.13 09:05:32.875,1.06172,1.06175,1.50,3.94
2016.12.13 09:05:33.382,1.06175,1.06176,1.00,3.00
2016.12.13 09:05:33.529,1.06175,1.06176,3.00,2.25
2016.12.13 09:05:34.361,1.06173,1.06174,1.87,2.10
2016.12.13 09:05:34.514,1.0617,1.06171,1.87,1.00
2016.12.13 09:05:34.565,1.0617,1.06171,1.00,1.50
2016.12.13 09:05:34.616,1.0617,1.06171,1.00,6.60
2016.12.13 09:05:34.718,1.06168,1.06169,2.62,3.94
2016.12.13 09:05:34.921,1.06164,1.06166,3.37,6.07
2016.12.13 09:05:35.037,1.06164,1.06165,1.50,7.69
2016.12.13 09:05:35.089,1.06161,1.06162,1.87,2.25
2016.12.13 09:05:35.140,1.0616,1.06162,5.06,2.25
2016.12.13 09:05:35.646,1.0616,1.06161,1.12,2.25
2016.12.13 09:05:36.342,1.0616,1.06162,2.62,2.25
2016.12.13 09:05:36.848,1.06161,1.06162,1.12,1.00
2016.12.13 09:05:38.025,1.0616,1.06162,3.00,1.50
2016.12.13 09:05:38.432,1.06158,1.0616,11.25,3.35
2016.12.13 09:05:38.635,1.06155,1.06156,1.12,1.00
2016.12.13 09:05:39.161,1.06153,1.06155,5.62,1.00
2016.12.13 09:05:39.667,1.06153,1.06156,10.12,2.25
2016.12.13 09:05:40.122,1.06153,1.06154,1.00,1.00
2016.12.13 09:05:40.173,1.06152,1.06153,3.00,1.00
2016.12.13 09:05:40.405,1.0615,1.06152,3.75,2.25
2016.12.13 09:05:41.933,1.06151,1.06152,1.25,2.25
2016.12.13 09:05:43.102,1.06151,1.06152,1.25,4.50
2016.12.13 09:05:43.562,1.06154,1.06156,1.00,6.67
2016.12.13 09:05:43.767,1.06156,1.06157,1.12,3.00
2016.12.13 09:05:43.970,1.06157,1.06158,3.75,1.00
2016.12.13 09:05:44.507,1.06157,1.06159,2.25,1.00
2016.12.13 09:05:44.711,1.06155,1.06158,10.31,3.00
2016.12.13 09:05:44.814,1.06155,1.06157,1.50,1.12
2016.12.13 09:05:46.608,1.06158,1.0616,3.25,7.12
2016.12.13 09:05:46.710,1.06159,1.0616,1.69,2.62
2016.12.13 09:05:46.913,1.06159,1.06161,2.81,1.00
2016.12.13 09:05:47.452,1.0616,1.06162,1.87,1.00
2016.12.13 09:05:48.210,1.0616,1.06162,3.37,1.00
2016.12.13 09:05:48.718,1.06161,1.06163,1.00,1.00
2016.12.13 09:05:48.870,1.06158,1.06159,4.12,4.54
2016.12.13 09:05:49.185,1.06154,1.06155,1.50,3.75
2016.12.13 09:05:49.338,1.06151,1.06153,4.31,2.50
2016.12.13 09:05:49.591,1.06149,1.0615,8.25,3.00
2016.12.13 09:05:49.744,1.06146,1.06147,1.87,1.00
2016.12.13 09:05:49.795,1.06144,1.06145,3.75,2.25
2016.12.13 09:05:49.948,1.06145,1.06146,3.37,1.50
2016.12.13 09:05:49.999,1.06145,1.06146,2.25,1.50
2016.12.13 09:05:50.049,1.06145,1.06146,2.25,1.50
2016.12.13 09:05:50.232,1.06142,1.06144,14.25,1.00
2016.12.13 09:05:50.488,1.06142,1.06143,1.50,2.62
2016.12.13 09:05:50.843,1.06142,1.06143,1.87,2.62
2016.12.13 09:05:54.043,1.06143,1.06144,1.87,2.25
2016.12.13 09:05:54.670,1.06142,1.06144,3.00,2.25
2016.12.13 09:05:55.937,1.06142,1.06144,1.87,3.00
2016.12.13 09:05:56.475,1.06142,1.06144,1.87,3.00
2016.12.13 09:05:58.169,1.06142,1.06145,3.37,1.50
2016.12.13 09:05:58.980,1.06142,1.06146,4.87,5.32
2016.12.13 09:06:00.011,1.06142,1.06146,5.25,2.62
2016.12.13 09:06:01.728,1.06144,1.06146,1.00,1.50
2016.12.13 09:06:02.234,1.06143,1.06146,4.12,1.50
2016.12.13 09:06:02.740,1.06144,1.06146,1.00,1.50
2016.12.13 09:06:03.265,1.06143,1.06146,4.87,1.50
2016.12.13 09:06:04.080,1.06144,1.06146,1.00,1.95
2016.12.13 09:06:04.486,1.06147,1.06148,1.00,2.44
2016.12.13 09:06:04.595,1.06146,1.06148,1.50,1.25
2016.12.13 09:06:04.935,1.06149,1.06151,1.00,4.12
2016.12.13 09:06:05.490,1.06149,1.06152,2.25,2.85
2016.12.13 09:06:05.895,1.06151,1.06152,1.00,4.20
2016.12.13 09:06:07.082,1.06151,1.06152,1.50,1.00
2016.12.13 09:06:07.134,1.06151,1.06152,1.00,1.35
2016.12.13 09:06:07.185,1.0615,1.06152,4.50,1.00
2016.12.13 09:06:07.288,1.06151,1.06154,2.25,3.19
2016.12.13 09:06:07.795,1.0615,1.06152,3.94,1.00
2016.12.13 09:06:08.319,1.06149,1.06152,2.62,1.35
2016.12.13 09:06:09.690,1.06149,1.06151,1.00,2.10
2016.12.13 09:06:09.894,1.06147,1.06151,4.87,9.78
2016.12.13 09:06:10.402,1.06148,1.06151,1.50,11.66
2016.12.13 09:06:11.776,1.06148,1.0615,2.25,3.19
2016.12.13 09:06:12.283,1.06147,1.0615,3.00,4.94
2016.12.13 09:06:13.017,1.06146,1.0615,2.62,14.81
2016.12.13 09:06:13.548,1.06146,1.06148,4.12,1.30
2016.12.13 09:06:14.517,1.06146,1.06149,3.42,3.41
2016.12.13 09:06:15.416,1.06148,1.06149,1.69,4.72
2016.12.13 09:06:15.517,1.0615,1.06152,1.69,4.13
2016.12.13 09:06:15.619,1.06151,1.06154,8.25,3.94
2016.12.13 09:06:16.165,1.06152,1.06154,2.25,1.69
2016.12.13 09:06:16.266,1.06154,1.06155,1.00,1.00
2016.12.13 09:06:16.724,1.06156,1.06157,1.50,1.87
2016.12.13 09:06:17.231,1.06157,1.06159,1.00,4.54
2016.12.13 09:06:17.539,1.06159,1.0616,2.25,2.32
2016.12.13 09:06:17.896,1.06157,1.06159,2.25,2.29
2016.12.13 09:06:18.568,1.06157,1.06158,3.00,1.00
2016.12.13 09:06:18.871,1.06158,1.0616,2.25,1.35
2016.12.13 09:06:19.077,1.0616,1.06162,2.50,4.01
2016.12.13 09:06:19.229,1.06162,1.06164,2.25,1.87
2016.12.13 09:06:19.432,1.06164,1.06166,1.00,1.10
2016.12.13 09:06:19.938,1.06164,1.06165,2.25,1.00
2016.12.13 09:06:20.443,1.06163,1.06165,2.25,2.21
2016.12.13 09:06:20.962,1.06163,1.06165,1.00,3.00
2016.12.13 09:06:22.002,1.06167,1.06169,1.00,25.31
2016.12.13 09:06:22.313,1.0617,1.06171,1.12,4.50
2016.12.13 09:06:22.365,1.0617,1.06171,1.00,2.25
2016.12.13 09:06:22.416,1.0617,1.06172,1.00,1.00
2016.12.13 09:06:22.923,1.06171,1.06173,5.25,1.25
2016.12.13 09:06:23.429,1.06172,1.06174,1.87,1.25
2016.12.13 09:06:23.608,1.06172,1.06174,1.92,1.25
2016.12.13 09:06:24.570,1.06173,1.06176,2.29,8.06
2016.12.13 09:06:24.824,1.06173,1.06176,1.50,8.81
2016.12.13 09:06:25.077,1.06173,1.06174,1.00,1.00
2016.12.13 09:06:25.582,1.06172,1.06175,4.12,3.00
2016.12.13 09:06:27.171,1.06175,1.06176,1.00,6.37
2016.12.13 09:06:27.328,1.06176,1.06178,3.75,1.69
2016.12.13 09:06:27.834,1.06177,1.06179,1.00,1.12
2016.12.13 09:06:29.111,1.06176,1.06179,4.12,1.15
2016.12.13 09:06:30.539,1.06176,1.06179,2.25,1.50
2016.12.13 09:06:31.045,1.06177,1.06179,1.50,1.12
2016.12.13 09:06:31.551,1.06176,1.06179,2.25,1.50
2016.12.13 09:06:32.771,1.06176,1.06179,2.25,4.27
2016.12.13 09:06:33.278,1.06177,1.06179,2.25,3.00
2016.12.13 09:06:33.865,1.06176,1.06178,3.00,1.12
2016.12.13 09:06:34.373,1.06176,1.06177,2.25,2.25
2016.12.13 09:06:34.727,1.06174,1.06175,1.00,1.00
2016.12.13 09:06:34.880,1.06175,1.06177,5.25,1.50
2016.12.13 09:06:35.398,1.06176,1.06178,1.50,1.87
2016.12.13 09:06:36.107,1.06177,1.06178,1.00,1.87
2016.12.13 09:06:36.259,1.06179,1.0618,1.00,2.44
2016.12.13 09:06:36.563,1.0618,1.06181,1.00,2.81
2016.12.13 09:06:37.107,1.06179,1.06181,3.00,1.87
2016.12.13 09:06:37.361,1.06181,1.06182,1.00,3.32
2016.12.13 09:06:37.867,1.0618,1.06182,3.75,5.57
2016.12.13 09:06:38.393,1.06179,1.06181,5.25,1.00
2016.12.13 09:06:38.930,1.06179,1.0618,1.00,3.19
2016.12.13 09:06:39.436,1.06178,1.0618,4.50,2.44
2016.12.13 09:06:39.758,1.06183,1.06184,5.81,1.12
2016.12.13 09:06:40.011,1.06186,1.06188,2.25,2.62
2016.12.13 09:06:40.671,1.06183,1.06185,8.25,2.10
2016.12.13 09:06:40.873,1.06183,1.06184,1.00,1.69
2016.12.13 09:06:41.126,1.06183,1.06186,1.50,6.41
2016.12.13 09:06:41.635,1.06184,1.06186,1.50,1.31
2016.12.13 09:06:42.141,1.06185,1.06187,1.50,1.12
2016.12.13 09:06:43.022,1.06186,1.06187,1.00,1.12
2016.12.13 09:06:43.529,1.06186,1.06188,5.44,1.00
2016.12.13 09:06:43.733,1.06184,1.06185,9.00,1.35
2016.12.13 09:06:43.885,1.06182,1.06185,2.62,5.66
2016.12.13 09:06:44.391,1.06181,1.06185,6.37,5.44
2016.12.13 09:06:47.769,1.06182,1.06185,1.00,6.19
2016.12.13 09:06:49.076,1.06183,1.06185,1.00,3.75
2016.12.13 09:06:49.646,1.06184,1.06186,1.00,4.69
2016.12.13 09:06:50.152,1.06183,1.06185,3.00,1.00
2016.12.13 09:06:50.658,1.06184,1.06186,1.50,1.31
2016.12.13 09:06:54.080,1.06183,1.06186,5.25,2.06
2016.12.13 09:06:56.221,1.06184,1.06186,1.00,2.06
2016.12.13 09:06:56.272,1.06185,1.06186,3.00,1.12
2016.12.13 09:06:56.424,1.06187,1.06188,3.00,3.37
2016.12.13 09:06:56.525,1.06186,1.06188,1.50,2.62
2016.12.13 09:06:58.927,1.06188,1.06189,1.50,1.50
2016.12.13 09:06:59.433,1.06188,1.0619,1.00,4.31
2016.12.13 09:07:00.090,1.06187,1.0619,4.87,4.31
2016.12.13 09:07:00.640,1.06188,1.0619,1.00,4.31
2016.12.13 09:07:01.146,1.06188,1.0619,1.50,2.06
2016.12.13 09:07:02.690,1.06188,1.06189,1.00,1.00
2016.12.13 09:07:03.196,1.06187,1.06189,1.87,1.50
2016.12.13 09:07:03.703,1.06186,1.06188,4.31,1.00
2016.12.13 09:07:04.999,1.06184,1.06186,11.62,1.50
2016.12.13 09:07:05.318,1.06178,1.0618,6.19,1.37
2016.12.13 09:07:05.370,1.06177,1.0618,1.12,2.62
2016.12.13 09:07:07.115,1.06178,1.0618,1.35,3.60
2016.12.13 09:07:07.166,1.0618,1.06182,2.25,4.65
2016.12.13 09:07:07.370,1.06187,1.06189,3.07,1.69
2016.12.13 09:07:07.878,1.06189,1.06191,1.00,3.60
2016.12.13 09:07:08.083,1.06198,1.062,1.00,1.87
2016.12.13 09:07:08.253,1.062,1.06201,6.00,1.00
2016.12.13 09:07:08.608,1.06203,1.06204,1.50,1.87
2016.12.13 09:07:08.659,1.06204,1.06206,1.00,6.94
2016.12.13 09:07:09.166,1.06204,1.06205,2.25,1.00
2016.12.13 09:07:09.735,1.06205,1.06206,1.00,4.54
2016.12.13 09:07:10.040,1.06204,1.06206,1.49,3.94
2016.12.13 09:07:10.546,1.06204,1.06205,1.24,1.50
2016.12.13 09:07:10.851,1.06207,1.06208,1.42,4.12
2016.12.13 09:07:11.065,1.06208,1.06209,2.25,1.00
2016.12.13 09:07:11.575,1.06207,1.06209,1.24,3.37
2016.12.13 09:07:12.183,1.06207,1.06208,1.24,1.00
2016.12.13 09:07:12.285,1.06203,1.06205,3.19,2.50
2016.12.13 09:07:12.545,1.06203,1.06207,10.68,3.00
2016.12.13 09:07:13.253,1.06204,1.06207,4.20,1.50
2016.12.13 09:07:13.773,1.06204,1.06207,4.20,1.50
2016.12.13 09:07:13.977,1.06204,1.06205,1.95,1.00
2016.12.13 09:07:15.101,1.06203,1.06204,4.39,1.00
2016.12.13 09:07:16.374,1.06204,1.06205,1.00,3.00
2016.12.13 09:07:16.881,1.06203,1.06204,3.64,2.25
2016.12.13 09:07:19.877,1.06204,1.06205,1.00,3.00
2016.12.13 09:07:20.418,1.06204,1.06206,1.00,4.72
2016.12.13 09:07:21.279,1.06204,1.06205,1.00,1.00
2016.12.13 09:07:22.194,1.06203,1.06204,5.14,1.50
2016.12.13 09:07:22.700,1.06204,1.06206,1.00,5.32
2016.12.13 09:07:23.206,1.06203,1.06204,4.39,1.00
2016.12.13 09:07:23.860,1.06204,1.06206,1.00,5.10
2016.12.13 09:07:24.114,1.06205,1.06207,1.50,3.75
2016.12.13 09:07:24.369,1.06206,1.06208,1.00,1.50
2016.12.13 09:07:24.877,1.06206,1.06208,1.00,1.50
2016.12.13 09:07:28.104,1.06207,1.06208,1.00,1.10
2016.12.13 09:07:28.618,1.06206,1.06208,1.50,1.10
2016.12.13 09:07:30.063,1.06207,1.06208,1.00,2.32
2016.12.13 09:07:30.574,1.06206,1.06208,1.50,1.00
2016.12.13 09:07:32.910,1.06205,1.06208,1.20,2.62
2016.12.13 09:07:34.677,1.06208,1.06209,3.60,3.37
2016.12.13 09:07:35.027,1.06217,1.06218,3.37,1.87
2016.12.13 09:07:35.331,1.06218,1.0622,1.00,8.06
2016.12.13 09:07:36.267,1.06218,1.0622,1.00,2.06
2016.12.13 09:07:37.079,1.06218,1.0622,1.00,2.06
2016.12.13 09:07:37.382,1.06215,1.06217,13.50,3.25
2016.12.13 09:07:37.484,1.06214,1.06215,3.19,1.00
2016.12.13 09:07:37.998,1.06214,1.06216,3.56,3.82
2016.12.13 09:07:38.151,1.06216,1.06217,1.00,1.12
2016.12.13 09:07:38.760,1.06216,1.06218,1.50,1.50
2016.12.13 09:07:39.015,1.06218,1.06219,1.00,1.12
2016.12.13 09:07:39.335,1.06214,1.06215,3.94,1.00
2016.12.13 09:07:39.691,1.06214,1.06215,3.19,1.50
2016.12.13 09:07:39.793,1.06214,1.06215,3.56,1.00
2016.12.13 09:07:40.148,1.06215,1.06217,1.00,5.62
2016.12.13 09:07:40.996,1.06215,1.06217,1.00,6.71
2016.12.13 09:07:41.098,1.06214,1.06217,1.50,7.54
2016.12.13 09:07:42.168,1.06215,1.06217,3.94,2.10
2016.12.13 09:07:42.321,1.06216,1.06219,6.75,1.12
2016.12.13 09:07:42.827,1.06217,1.0622,1.50,11.06
2016.12.13 09:07:44.426,1.06216,1.0622,3.75,13.56
2016.12.13 09:07:47.648,1.06216,1.06217,1.50,3.00
2016.12.13 09:07:47.800,1.06214,1.06215,4.12,1.00
2016.12.13 09:07:48.307,1.06214,1.06216,1.87,2.47
2016.12.13 09:07:48.662,1.06215,1.06218,3.75,2.62
2016.12.13 09:07:49.734,1.06214,1.06218,3.75,13.16
2016.12.13 09:07:50.239,1.06213,1.06216,4.31,3.00
2016.12.13 09:07:51.126,1.06214,1.06215,1.00,1.00
2016.12.13 09:07:52.688,1.06213,1.06215,4.31,1.00
2016.12.13 09:07:53.586,1.06213,1.06215,2.06,3.62
2016.12.13 09:07:57.799,1.06212,1.06215,4.12,6.06
2016.12.13 09:07:58.306,1.06212,1.06215,4.12,5.81
2016.12.13 09:08:02.680,1.06213,1.06215,1.00,5.06
2016.12.13 09:08:03.193,1.06214,1.06215,1.00,2.81
2016.12.13 09:08:03.698,1.06214,1.06216,1.00,10.39
2016.12.13 09:08:04.407,1.06214,1.06215,1.00,3.56
2016.12.13 09:08:07.949,1.06213,1.06215,1.50,3.56
2016.12.13 09:08:14.015,1.06213,1.06214,1.24,1.00
2016.12.13 09:08:17.829,1.06212,1.06214,1.50,1.00
2016.12.13 09:08:23.379,1.06211,1.06212,1.12,2.25
2016.12.13 09:08:23.601,1.06205,1.06206,3.01,1.12
2016.12.13 09:08:24.107,1.06205,1.06207,7.69,1.00
2016.12.13 09:08:24.209,1.06208,1.06209,2.25,2.25
2016.12.13 09:08:24.363,1.06208,1.06211,2.25,3.22
2016.12.13 09:08:24.515,1.06207,1.06208,3.00,1.25
2016.12.13 09:08:24.748,1.06204,1.06207,1.50,1.12
2016.12.13 09:08:26.667,1.06203,1.06205,1.87,1.50
2016.12.13 09:08:26.972,1.06198,1.062,1.87,3.60
2016.12.13 09:08:27.074,1.06197,1.062,2.00,18.22
2016.12.13 09:08:27.177,1.06197,1.06198,1.25,1.50
2016.12.13 09:08:28.771,1.06197,1.06199,1.25,4.57
2016.12.13 09:08:29.681,1.06198,1.06199,1.00,1.72
2016.12.13 09:08:30.200,1.06197,1.06199,1.00,1.50
2016.12.13 09:08:30.705,1.06197,1.06199,1.00,1.50
2016.12.13 09:08:32.131,1.06195,1.06199,7.87,1.50
2016.12.13 09:08:33.145,1.06197,1.06199,1.00,1.50
2016.12.13 09:08:33.247,1.06199,1.062,1.00,1.00
2016.12.13 09:08:33.552,1.06203,1.06205,2.62,2.62
2016.12.13 09:08:33.654,1.06203,1.06207,3.75,5.81
2016.12.13 09:08:34.821,1.06203,1.06207,3.75,7.31
2016.12.13 09:08:35.086,1.06202,1.06204,1.12,1.00
2016.12.13 09:08:37.806,1.06201,1.06205,6.19,3.00
2016.12.13 09:08:38.109,1.06201,1.06203,3.94,1.50
2016.12.13 09:08:39.522,1.06202,1.06204,3.37,2.25
2016.12.13 09:08:40.029,1.06202,1.06204,4.50,2.25
2016.12.13 09:08:40.536,1.06202,1.06203,3.75,2.25
2016.12.13 09:08:41.093,1.06201,1.06202,7.03,1.00
2016.12.13 09:08:41.397,1.06201,1.06202,1.12,2.25
2016.12.13 09:08:41.919,1.062,1.06203,4.12,3.00
2016.12.13 09:08:42.223,1.06203,1.06205,7.69,1.00
2016.12.13 09:08:42.476,1.06205,1.06207,7.87,1.00
2016.12.13 09:08:42.830,1.06205,1.06208,6.37,3.00
2016.12.13 09:08:45.793,1.06207,1.06209,7.54,1.00
2016.12.13 09:08:45.894,1.06211,1.06212,3.75,1.50
2016.12.13 09:08:45.945,1.06214,1.06216,1.87,7.87
2016.12.13 09:08:46.401,1.06214,1.06216,1.87,2.25
2016.12.13 09:08:46.866,1.06213,1.06214,2.25,1.50
2016.12.13 09:08:46.967,1.06211,1.06213,4.12,1.12
2016.12.13 09:08:47.221,1.0621,1.06211,4.50,1.00
2016.12.13 09:08:47.323,1.06209,1.06211,5.25,1.00
2016.12.13 09:08:47.476,1.06208,1.06209,2.25,1.00
2016.12.13 09:08:47.628,1.06207,1.06209,3.94,1.87
2016.12.13 09:08:49.158,1.06208,1.06209,1.00,1.50
2016.12.13 09:08:49.260,1.0621,1.06211,2.44,3.00
2016.12.13 09:08:49.463,1.06212,1.06213,1.00,1.00
2016.12.13 09:08:49.991,1.06212,1.06214,1.00,2.25
2016.12.13 09:08:50.498,1.06212,1.06213,1.00,1.00
2016.12.13 09:08:51.018,1.06212,1.06214,1.00,1.50
2016.12.13 09:08:51.884,1.06212,1.06213,1.00,1.00
2016.12.13 09:08:54.934,1.06213,1.06214,1.50,1.00
2016.12.13 09:08:55.044,1.06213,1.06215,1.00,1.00
2016.12.13 09:08:55.591,1.06213,1.06216,1.50,2.62
2016.12.13 09:08:55.996,1.06216,1.06218,4.00,4.87
2016.12.13 09:08:56.148,1.06219,1.0622,5.10,1.12
2016.12.13 09:08:56.401,1.0622,1.06222,7.12,1.69
2016.12.13 09:08:56.907,1.06221,1.06223,2.44,1.50
2016.12.13 09:08:57.421,1.0622,1.06221,3.37,1.72
2016.12.13 09:08:57.523,1.06218,1.0622,1.12,2.62
2016.12.13 09:08:57.676,1.06216,1.06219,3.56,1.15
2016.12.13 09:08:59.792,1.06217,1.06219,3.00,1.00
2016.12.13 09:08:59.843,1.06219,1.0622,1.50,2.25
2016.12.13 09:09:00.046,1.06219,1.06223,2.25,6.56
2016.12.13 09:09:00.942,1.06219,1.0622,1.00,5.10
2016.12.13 09:09:01.094,1.06216,1.06218,1.00,1.31
2016.12.13 09:09:01.600,1.06215,1.06218,1.87,1.69
2016.12.13 09:09:03.073,1.06214,1.06216,1.87,1.00
2016.12.13 09:09:03.578,1.06214,1.06217,1.50,1.50
2016.12.13 09:09:04.115,1.06214,1.06217,1.00,1.50
2016.12.13 09:09:06.482,1.06214,1.06215,1.00,1.00
2016.12.13 09:09:06.533,1.06214,1.06217,1.00,3.75
2016.12.13 09:09:07.039,1.06213,1.06217,2.06,6.37
2016.12.13 09:09:07.363,1.06216,1.06217,2.62,3.75
2016.12.13 09:09:07.517,1.06217,1.06221,2.62,8.29
2016.12.13 09:09:08.023,1.06216,1.06218,1.00,1.00
2016.12.13 09:09:08.539,1.06216,1.06219,1.00,8.44
2016.12.13 09:09:09.047,1.06216,1.06218,1.00,1.00
2016.12.13 09:09:09.980,1.06214,1.06218,2.25,5.25
2016.12.13 09:09:12.623,1.06214,1.06218,6.37,3.37
2016.12.13 09:09:13.192,1.06214,1.06218,6.37,1.87
2016.12.13 09:09:13.699,1.06215,1.06219,5.62,3.19
2016.12.13 09:09:15.819,1.06216,1.06217,1.00,1.00
2016.12.13 09:09:16.124,1.06209,1.0621,1.00,1.25
2016.12.13 09:09:16.276,1.06208,1.0621,1.50,2.06
2016.12.13 09:09:16.989,1.06209,1.06211,1.00,1.00
2016.12.13 09:09:17.090,1.0621,1.06211,6.75,1.00
2016.12.13 09:09:17.192,1.0621,1.06213,3.94,3.00
2016.12.13 09:09:17.546,1.06209,1.06212,2.62,3.00
2016.12.13 09:09:19.180,1.06208,1.0621,3.00,1.35
2016.12.13 09:09:19.384,1.06206,1.06209,4.31,1.50
2016.12.13 09:09:19.785,1.06203,1.06205,4.50,3.74
2016.12.13 09:09:19.990,1.06201,1.06203,1.50,2.25
2016.12.13 09:09:23.813,1.06201,1.06202,1.00,1.00
2016.12.13 09:09:23.965,1.06199,1.06203,6.56,6.97
2016.12.13 09:09:24.219,1.06199,1.062,2.25,2.10
2016.12.13 09:09:24.473,1.06196,1.06197,1.50,2.25
2016.12.13 09:09:24.727,1.06194,1.06197,1.50,1.37
2016.12.13 09:09:25.255,1.06194,1.06198,4.87,4.31
2016.12.13 09:09:25.610,1.06197,1.062,1.50,6.94
2016.12.13 09:09:26.117,1.06197,1.062,2.25,3.94
2016.12.13 09:09:26.422,1.06193,1.06194,2.25,1.25
2016.12.13 09:09:26.574,1.06192,1.06194,1.00,1.69
2016.12.13 09:09:28.119,1.06193,1.06195,2.50,4.31
2016.12.13 09:09:28.374,1.06198,1.062,2.25,4.54
2016.12.13 09:09:28.577,1.06196,1.06198,1.00,1.50
2016.12.13 09:09:29.096,1.06196,1.06199,1.50,2.62
2016.12.13 09:09:31.773,1.06195,1.06199,5.81,3.97
2016.12.13 09:09:32.303,1.06195,1.06198,6.56,1.00
2016.12.13 09:09:32.809,1.06195,1.06199,6.56,2.62
2016.12.13 09:09:35.875,1.06196,1.06199,1.25,3.22
2016.12.13 09:09:36.179,1.06198,1.06199,1.00,1.00
2016.12.13 09:09:36.686,1.06198,1.062,1.00,2.25
2016.12.13 09:09:37.209,1.06197,1.062,2.25,5.85
2016.12.13 09:09:38.563,1.06197,1.062,2.25,6.22
2016.12.13 09:09:40.060,1.06198,1.062,1.50,2.62
2016.12.13 09:09:40.263,1.06199,1.06201,1.50,6.04
2016.12.13 09:09:40.773,1.06199,1.06201,1.00,7.54
2016.12.13 09:09:40.825,1.06196,1.06198,6.37,9.79
2016.12.13 09:09:40.978,1.06194,1.06195,3.19,1.00
2016.12.13 09:09:41.279,1.06196,1.06198,3.19,1.00
2016.12.13 09:09:41.786,1.06197,1.06198,1.00,1.00
2016.12.13 09:09:42.633,1.06199,1.06201,1.00,10.50
2016.12.13 09:09:42.920,1.06203,1.06205,1.50,4.50
2016.12.13 09:09:43.022,1.06205,1.06206,1.25,3.37
2016.12.13 09:09:43.073,1.06205,1.06207,4.94,2.62
2016.12.13 09:09:43.124,1.06206,1.06208,2.25,1.50
2016.12.13 09:09:43.226,1.06208,1.0621,1.00,7.12
2016.12.13 09:09:43.732,1.06207,1.0621,1.69,7.12
2016.12.13 09:09:46.983,1.06207,1.06209,1.69,1.00
2016.12.13 09:09:51.771,1.06204,1.06206,7.87,2.85
2016.12.13 09:09:52.025,1.062,1.06203,2.44,5.99
2016.12.13 09:09:52.127,1.06199,1.062,3.37,1.00
2016.12.13 09:09:52.280,1.06198,1.062,2.62,3.60
2016.12.13 09:09:52.432,1.06197,1.06199,1.00,2.47
2016.12.13 09:09:52.981,1.06196,1.06199,1.69,4.72
2016.12.13 09:09:54.985,1.06198,1.06199,1.00,1.87
2016.12.13 09:09:55.137,1.062,1.06202,2.25,1.00
2016.12.13 09:09:55.644,1.062,1.06204,2.32,6.22
2016.12.13 09:09:56.149,1.062,1.06204,4.20,5.85
2016.12.13 09:09:57.686,1.062,1.06204,6.00,2.62
2016.12.13 09:09:59.578,1.06203,1.06204,1.00,1.00
2016.12.13 09:09:59.882,1.06202,1.06204,2.70,3.79
2016.12.13 09:09:59.934,1.06202,1.06204,1.00,6.79
2016.12.13 09:10:00.036,1.062,1.06204,8.81,4.54
2016.12.13 09:10:00.558,1.06201,1.06204,1.00,4.16
2016.12.13 09:10:02.095,1.062,1.06202,5.70,2.66
2016.12.13 09:10:02.417,1.06197,1.06199,4.84,2.10
2016.12.13 09:10:04.213,1.06197,1.06199,1.25,5.10
2016.12.13 09:10:04.723,1.06198,1.06199,3.00,1.50
2016.12.13 09:10:04.877,1.06199,1.06201,3.00,2.29
2016.12.13 09:10:05.333,1.06202,1.06203,1.69,4.12
2016.12.13 09:10:05.435,1.06203,1.06205,1.00,1.00
2016.12.13 09:10:05.978,1.06204,1.06206,1.50,1.00
2016.12.13 09:10:06.736,1.06204,1.06207,1.50,2.81
2016.12.13 09:10:18.341,1.06204,1.06206,1.00,1.25
2016.12.13 09:10:18.922,1.06205,1.06206,1.00,1.25
2016.12.13 09:10:23.200,1.06204,1.06207,1.50,3.37
2016.12.13 09:10:23.706,1.06204,1.06207,1.50,2.62
2016.12.13 09:10:28.425,1.06204,1.06206,1.00,2.47
2016.12.13 09:10:28.476,1.06202,1.06204,2.47,3.04
2016.12.13 09:10:28.577,1.06201,1.06204,1.50,6.04
2016.12.13 09:10:28.679,1.062,1.06203,1.50,2.92
2016.12.13 09:10:30.212,1.06201,1.06203,2.25,3.37
2016.12.13 09:10:30.263,1.06202,1.06204,4.50,3.00
2016.12.13 09:10:30.669,1.06204,1.06206,1.12,1.50
2016.12.13 09:10:30.922,1.06204,1.06207,2.25,3.75
2016.12.13 09:10:31.114,1.06205,1.06208,3.75,4.12
2016.12.13 09:10:31.673,1.06205,1.06207,3.75,1.00
2016.12.13 09:10:31.724,1.06203,1.06205,16.54,1.00
2016.12.13 09:10:31.877,1.06202,1.06203,3.60,1.00
2016.12.13 09:10:32.233,1.06202,1.06205,3.37,1.50
2016.12.13 09:10:33.592,1.06204,1.06206,1.37,4.12
2016.12.13 09:10:33.694,1.06204,1.06207,2.25,5.25
2016.12.13 09:10:34.520,1.06207,1.06209,2.47,12.00
2016.12.13 09:10:34.824,1.0621,1.06212,5.25,2.25
2016.12.13 09:10:35.262,1.06215,1.06216,1.00,1.00
2016.12.13 09:10:35.314,1.06216,1.06219,1.12,7.87
2016.12.13 09:10:35.466,1.06217,1.06219,1.37,1.87
2016.12.13 09:10:35.669,1.06218,1.06221,6.00,4.12
2016.12.13 09:10:35.872,1.06218,1.06219,1.00,4.50
2016.12.13 09:10:36.126,1.06216,1.06219,3.00,3.00
2016.12.13 09:10:36.531,1.06216,1.06218,2.62,1.00
2016.12.13 09:10:37.048,1.06216,1.06218,2.47,1.00
2016.12.13 09:10:38.491,1.06215,1.06217,10.84,1.00
2016.12.13 09:10:38.542,1.06213,1.06215,4.50,1.00
2016.12.13 09:10:39.454,1.06214,1.06215,1.12,2.62
2016.12.13 09:10:40.010,1.06214,1.06216,1.50,4.50
2016.12.13 09:10:40.061,1.06214,1.06215,1.12,1.00
2016.12.13 09:10:40.575,1.06213,1.06216,3.00,1.50
2016.12.13 09:10:41.031,1.06213,1.06216,3.15,1.00
2016.12.13 09:10:42.676,1.06213,1.06216,2.40,1.50
2016.12.13 09:10:43.182,1.06213,1.06215,2.25,1.00
2016.12.13 09:10:43.738,1.06213,1.06216,2.10,1.50
2016.12.13 09:10:44.096,1.06216,1.06218,2.44,7.12
2016.12.13 09:10:44.148,1.06216,1.06218,5.81,1.00
2016.12.13 09:10:44.654,1.06216,1.06218,3.19,3.75
2016.12.13 09:10:46.055,1.06216,1.06217,2.44,1.00
2016.12.13 09:10:46.561,1.06216,1.06218,2.29,3.00
2016.12.13 09:10:47.673,1.06216,1.06218,2.06,4.12
2016.12.13 09:10:48.944,1.06216,1.06217,1.12,3.00
2016.12.13 09:10:49.450,1.06214,1.06217,4.99,4.12
2016.12.13 09:10:50.069,1.06214,1.06215,5.59,1.00
2016.12.13 09:10:50.576,1.06214,1.06217,2.06,8.25
2016.12.13 09:10:50.728,1.06213,1.06214,4.69,2.25
2016.12.13 09:10:51.493,1.06212,1.06213,5.81,1.50
2016.12.13 09:10:52.000,1.06213,1.06214,1.12,7.12
2016.12.13 09:10:52.506,1.06212,1.06213,4.80,1.00
2016.12.13 09:10:55.981,1.06213,1.06214,1.00,6.37
2016.12.13 09:10:57.269,1.06212,1.06213,4.31,2.25
2016.12.13 09:11:02.727,1.06211,1.06213,8.44,2.50
2016.12.13 09:11:02.880,1.06213,1.06214,1.00,4.12
2016.12.13 09:11:03.547,1.06212,1.06213,5.66,1.00
2016.12.13 09:11:05.635,1.06211,1.06213,14.29,2.50
2016.12.13 09:11:06.166,1.06212,1.06213,6.04,2.25
2016.12.13 09:11:06.671,1.06211,1.06213,15.04,1.50
2016.12.13 09:11:07.177,1.06212,1.06213,6.04,2.25
2016.12.13 09:11:08.402,1.06211,1.06213,11.29,2.50
2016.12.13 09:11:08.929,1.06212,1.06213,6.04,2.25
2016.12.13 09:11:12.228,1.06211,1.06213,10.54,2.50
2016.12.13 09:11:13.978,1.06212,1.06213,4.35,2.25
2016.12.13 09:11:17.723,1.06213,1.06215,1.37,11.81
2016.12.13 09:11:18.381,1.0621,1.06211,6.75,6.41
2016.12.13 09:11:18.686,1.06201,1.06203,6.37,6.75
2016.12.13 09:11:18.847,1.062,1.06201,5.25,2.44
2016.12.13 09:11:18.899,1.06197,1.06199,15.37,1.00
2016.12.13 09:11:18.950,1.06197,1.06198,1.00,4.50
2016.12.13 09:11:19.456,1.06195,1.06197,3.00,4.50
2016.12.13 09:11:19.911,1.06197,1.06199,3.25,4.12
2016.12.13 09:11:20.425,1.06195,1.06196,5.81,3.75
2016.12.13 09:11:20.730,1.06193,1.06194,7.69,2.25
2016.12.13 09:11:21.645,1.06193,1.06194,4.69,1.50
2016.12.13 09:11:22.254,1.06192,1.06194,13.69,1.00
2016.12.13 09:11:22.761,1.06193,1.06194,3.94,2.25
2016.12.13 09:11:23.465,1.06192,1.06194,14.81,3.25
2016.12.13 09:11:23.926,1.06191,1.06192,8.59,2.25
2016.12.13 09:11:24.129,1.0619,1.06191,3.75,1.50
2016.12.13 09:11:24.432,1.06186,1.06187,11.85,1.00
2016.12.13 09:11:24.635,1.06184,1.06185,3.52,1.50
2016.12.13 09:11:25.137,1.06184,1.06186,3.37,2.25
2016.12.13 09:11:26.730,1.06187,1.06188,1.00,2.25
2016.12.13 09:11:26.977,1.0619,1.06192,3.56,1.50
2016.12.13 09:11:27.081,1.06191,1.06193,5.25,5.62
2016.12.13 09:11:27.386,1.06191,1.06192,1.00,2.25
2016.12.13 09:11:27.927,1.06191,1.06192,1.50,1.50
2016.12.13 09:11:28.029,1.06191,1.06192,1.00,3.75
2016.12.13 09:11:30.667,1.0619,1.06191,2.62,1.00
2016.12.13 09:11:31.223,1.06189,1.0619,5.44,1.50
2016.12.13 09:11:32.338,1.0619,1.06191,2.62,1.50
2016.12.13 09:11:32.847,1.0619,1.06191,1.87,2.25
2016.12.13 09:11:33.939,1.0619,1.06192,12.04,5.62
2016.12.13 09:11:34.180,1.06195,1.06196,1.31,5.62
2016.12.13 09:11:34.232,1.06195,1.06196,1.69,1.00
2016.12.13 09:11:34.738,1.06195,1.06197,1.50,5.62
2016.12.13 09:11:35.245,1.06195,1.06196,1.50,1.50
2016.12.13 09:11:37.081,1.06196,1.06197,2.25,2.25
2016.12.13 09:11:37.182,1.06196,1.06198,3.22,2.25
2016.12.13 09:11:37.385,1.06199,1.06201,2.85,4.12
2016.12.13 09:11:37.534,1.062,1.06201,6.79,1.50
2016.12.13 09:11:38.040,1.06201,1.06202,1.35,1.50
2016.12.13 09:11:38.797,1.06201,1.06202,1.35,1.50
2016.12.13 09:11:40.032,1.06202,1.06203,1.00,1.50
2016.12.13 09:11:40.578,1.06201,1.06202,2.10,1.50
2016.12.13 09:11:42.383,1.062,1.06202,5.10,1.00
2016.12.13 09:11:42.586,1.062,1.06201,1.12,2.25
2016.12.13 09:11:43.092,1.06199,1.06201,4.69,2.25
2016.12.13 09:11:43.636,1.06199,1.062,4.31,1.50
2016.12.13 09:11:44.175,1.06199,1.062,4.31,1.50
2016.12.13 09:11:44.721,1.06199,1.06201,4.31,2.25
2016.12.13 09:11:46.927,1.062,1.06201,1.00,2.25
2016.12.13 09:11:47.231,1.06198,1.062,10.69,1.00
2016.12.13 09:11:47.687,1.06199,1.06201,2.81,1.50
2016.12.13 09:11:49.121,1.06201,1.06202,1.50,4.87
2016.12.13 09:11:49.526,1.06198,1.062,7.69,2.50
2016.12.13 09:11:49.841,1.06195,1.06197,7.69,1.00
2016.12.13 09:11:50.347,1.06196,1.06197,3.37,2.25
2016.12.13 09:11:51.021,1.062,1.06202,1.00,11.25
2016.12.13 09:11:51.174,1.062,1.06201,3.19,1.50
2016.12.13 09:11:51.377,1.06203,1.06205,2.25,10.12
2016.12.13 09:11:51.553,1.06207,1.06208,2.06,1.12
2016.12.13 09:11:51.654,1.06208,1.0621,2.25,6.75
2016.12.13 09:11:51.705,1.06208,1.0621,2.87,6.75
2016.12.13 09:11:52.211,1.06207,1.06208,3.56,1.00
2016.12.13 09:11:53.053,1.06205,1.06207,18.56,1.00
2016.12.13 09:11:53.205,1.06205,1.06207,7.87,1.50
2016.12.13 09:11:53.357,1.06205,1.06207,5.25,5.47
2016.12.13 09:11:53.509,1.06201,1.06202,3.37,1.00
2016.12.13 09:11:53.611,1.062,1.06202,2.25,3.00
2016.12.13 09:11:53.712,1.06199,1.06201,5.44,1.00
2016.12.13 09:11:55.297,1.06198,1.06199,6.56,1.50
2016.12.13 09:11:55.601,1.06195,1.06198,3.19,3.75
2016.12.13 09:11:55.652,1.06195,1.06196,3.19,2.25
2016.12.13 09:11:56.158,1.06195,1.06197,4.31,2.25
2016.12.13 09:11:57.701,1.06195,1.06196,5.06,1.00
2016.12.13 09:11:58.493,1.06195,1.06196,3.56,2.25
2016.12.13 09:11:58.797,1.06196,1.06197,5.25,1.00
2016.12.13 09:11:59.202,1.06198,1.06199,2.25,1.50
2016.12.13 09:11:59.253,1.06198,1.06199,1.50,2.25
2016.12.13 09:11:59.304,1.06198,1.06199,1.50,1.50
2016.12.13 09:11:59.507,1.06197,1.06198,11.44,1.50
2016.12.13 09:11:59.558,1.06197,1.06198,9.19,1.50
2016.12.13 09:12:01.547,1.06197,1.06198,4.50,3.00
2016.12.13 09:12:01.862,1.06194,1.06195,1.00,3.00
2016.12.13 09:12:02.369,1.06192,1.06193,4.87,2.25
2016.12.13 09:12:03.030,1.06193,1.06194,1.12,2.25
2016.12.13 09:12:03.576,1.06192,1.06194,4.12,2.50
2016.12.13 09:12:04.090,1.06193,1.06194,1.12,1.50
2016.12.13 09:12:05.810,1.06192,1.06194,5.62,1.00
2016.12.13 09:12:06.474,1.06195,1.06196,1.50,2.25
2016.12.13 09:12:06.525,1.06196,1.06197,1.35,1.50
2016.12.13 09:12:06.577,1.06197,1.06199,1.35,3.00
2016.12.13 09:12:06.730,1.06199,1.062,1.50,1.00
2016.12.13 09:12:06.832,1.062,1.06201,2.25,2.25
2016.12.13 09:12:07.381,1.06199,1.062,1.12,2.25
2016.12.13 09:12:09.276,1.062,1.06201,1.00,2.25
2016.12.13 09:12:09.429,1.062,1.06202,1.50,1.00
2016.12.13 09:12:09.632,1.06202,1.06203,1.00,1.50
2016.12.13 09:12:10.137,1.06202,1.06204,1.50,2.25
2016.12.13 09:12:10.657,1.06199,1.06203,6.19,3.75
2016.12.13 09:12:11.617,1.062,1.06202,1.12,1.00
2016.12.13 09:12:13.263,1.062,1.06203,1.12,3.00
2016.12.13 09:12:13.314,1.06202,1.06203,1.00,1.00
2016.12.13 09:12:13.517,1.06203,1.06206,1.87,4.69
2016.12.13 09:12:14.023,1.06204,1.06206,1.00,2.44
2016.12.13 09:12:14.578,1.06205,1.06206,1.00,1.25
2016.12.13 09:12:15.264,1.06204,1.06205,1.00,1.50
2016.12.13 09:12:15.316,1.06203,1.06204,1.50,2.25
2016.12.13 09:12:15.468,1.06201,1.06204,3.56,2.25
2016.12.13 09:12:16.127,1.06201,1.06205,2.06,5.62
2016.12.13 09:12:16.633,1.06201,1.06204,2.06,1.00
2016.12.13 09:12:17.143,1.06201,1.06205,2.06,11.25
2016.12.13 09:12:17.547,1.06203,1.06205,1.00,2.62
2016.12.13 09:12:18.052,1.06203,1.06206,4.87,1.25
2016.12.13 09:12:18.357,1.06208,1.0621,6.00,1.50
2016.12.13 09:12:18.459,1.0621,1.06211,1.00,3.75
2016.12.13 09:12:18.612,1.0621,1.06213,1.00,3.37
2016.12.13 09:12:19.131,1.06209,1.06212,1.12,1.00
2016.12.13 09:12:23.064,1.06208,1.0621,3.37,1.50
2016.12.13 09:12:23.268,1.06207,1.06209,1.87,1.00
2016.12.13 09:12:23.773,1.06206,1.06209,1.31,2.25
2016.12.13 09:12:24.935,1.06205,1.06207,1.50,1.00
2016.12.13 09:12:25.088,1.06203,1.06206,6.19,1.00
2016.12.13 09:12:25.190,1.06205,1.06208,1.00,5.06
2016.12.13 09:12:25.847,1.06204,1.06208,5.62,3.19
2016.12.13 09:12:26.552,1.06205,1.06208,1.00,1.69
2016.12.13 09:12:28.849,1.06208,1.06209,1.00,4.50
2016.12.13 09:12:29.155,1.06212,1.06215,2.44,4.50
2016.12.13 09:12:29.460,1.06209,1.06213,8.44,3.75
2016.12.13 09:12:29.966,1.06212,1.06213,1.00,1.50
2016.12.13 09:12:30.120,1.06212,1.06215,1.12,6.37
2016.12.13 09:12:31.392,1.06212,1.06214,1.12,1.50
2016.12.13 09:12:31.906,1.06212,1.06214,1.50,1.50
2016.12.13 09:12:34.384,1.06209,1.06211,14.62,3.44
2016.12.13 09:12:34.435,1.06209,1.06211,5.25,4.19
2016.12.13 09:12:34.486,1.06209,1.0621,1.00,1.12
2016.12.13 09:12:34.791,1.06207,1.0621,7.12,1.50
2016.12.13 09:12:37.672,1.06207,1.06209,6.37,1.00
2016.12.13 09:12:38.178,1.06208,1.06209,1.50,1.00
2016.12.13 09:12:38.945,1.06209,1.0621,2.44,3.00
2016.12.13 09:12:39.095,1.0621,1.06211,1.00,2.25
2016.12.13 09:12:39.298,1.0621,1.06211,1.12,3.75
2016.12.13 09:12:39.400,1.06207,1.06209,3.75,1.50
2016.12.13 09:12:39.857,1.06206,1.06208,11.62,2.50
2016.12.13 09:12:40.163,1.06202,1.06203,10.87,1.50
2016.12.13 09:12:40.483,1.06198,1.062,15.37,1.00
2016.12.13 09:12:40.534,1.06198,1.062,4.50,1.00
2016.12.13 09:12:41.040,1.06198,1.062,3.75,1.00
2016.12.13 09:12:42.897,1.06198,1.062,3.00,1.00
2016.12.13 09:12:43.330,1.06197,1.06199,2.62,1.00
2016.12.13 09:12:43.539,1.06194,1.06197,2.25,2.25
2016.12.13 09:12:43.742,1.06194,1.06195,1.50,1.00
2016.12.13 09:12:44.248,1.06194,1.06195,1.12,2.25
2016.12.13 09:12:48.458,1.06195,1.06197,4.54,2.25
2016.12.13 09:12:48.560,1.06196,1.06198,10.69,2.50
2016.12.13 09:12:48.763,1.06197,1.06199,3.94,1.00
2016.12.13 09:12:49.284,1.06197,1.062,3.19,1.00
2016.12.13 09:12:51.734,1.06197,1.06199,1.50,1.00
2016.12.13 09:12:51.786,1.06196,1.06198,3.00,1.00
2016.12.13 09:12:51.988,1.06194,1.06197,1.50,2.25
2016.12.13 09:12:55.355,1.06194,1.06195,1.50,1.00
2016.12.13 09:12:55.457,1.06193,1.06195,1.00,2.25
2016.12.13 09:12:55.963,1.06193,1.06196,1.12,1.50
2016.12.13 09:12:56.602,1.06193,1.06195,1.12,1.00
2016.12.13 09:12:57.108,1.06193,1.06196,1.12,6.00
2016.12.13 09:12:57.776,1.06193,1.06195,1.12,2.25
2016.12.13 09:12:57.980,1.0619,1.06194,3.56,9.60
2016.12.13 09:12:58.495,1.0619,1.06194,3.94,10.35
2016.12.13 09:13:00.034,1.0619,1.06193,3.19,4.95
2016.12.13 09:13:00.545,1.0619,1.06193,3.19,4.80
2016.12.13 09:13:01.229,1.0619,1.06194,3.94,8.10
2016.12.13 09:13:02.227,1.0619,1.06191,2.25,2.25
2016.12.13 09:13:02.515,1.06186,1.06189,2.44,4.35
2016.12.13 09:13:09.740,1.06189,1.06191,3.10,9.56
2016.12.13 09:13:09.948,1.06191,1.06193,3.56,2.62
2016.12.13 09:13:10.151,1.06192,1.06195,1.00,4.87
2016.12.13 09:13:10.910,1.06191,1.06195,2.06,6.37
2016.12.13 09:13:10.961,1.06191,1.06193,1.12,1.50
2016.12.13 09:13:11.325,1.06186,1.06188,2.06,1.30
2016.12.13 09:13:16.423,1.06184,1.06187,3.37,1.50
2016.12.13 09:13:16.474,1.06184,1.06187,1.00,2.03
2016.12.13 09:13:16.778,1.06183,1.06185,1.87,1.00
2016.12.13 09:13:17.289,1.06183,1.06186,1.00,5.25
2016.12.13 09:13:22.307,1.06183,1.06185,1.50,2.25
2016.12.13 09:13:22.813,1.06183,1.06184,1.50,1.00
2016.12.13 09:13:27.377,1.06183,1.06186,6.00,4.12
2016.12.13 09:13:27.530,1.06184,1.06187,7.12,1.00
2016.12.13 09:13:28.035,1.06184,1.06188,9.74,1.00
2016.12.13 09:13:30.243,1.06187,1.06189,6.60,1.87
2016.12.13 09:13:30.344,1.06189,1.06191,2.25,3.00
2016.12.13 09:13:30.850,1.06188,1.0619,6.00,1.69
2016.12.13 09:13:31.046,1.0619,1.06192,2.62,1.00
2016.12.13 09:13:31.552,1.0619,1.06193,3.75,3.04
2016.12.13 09:13:33.421,1.0619,1.06192,1.50,1.00
2016.12.13 09:13:35.356,1.06191,1.06193,1.12,1.69
2016.12.13 09:13:37.218,1.06192,1.06193,1.00,1.00
2016.12.13 09:13:37.724,1.06193,1.06194,1.12,1.00
2016.12.13 09:13:39.446,1.06193,1.06195,1.12,2.85
2016.12.13 09:13:39.851,1.06192,1.06194,3.75,2.10
2016.12.13 09:13:40.054,1.06191,1.06192,1.12,1.00
2016.12.13 09:13:41.775,1.06191,1.06194,2.44,2.25
2016.12.13 09:13:42.281,1.06193,1.06195,1.12,3.19
2016.12.13 09:13:43.740,1.06194,1.06195,1.00,1.00
2016.12.13 09:13:43.791,1.06196,1.06198,1.50,4.12
2016.12.13 09:13:43.943,1.06197,1.062,4.50,2.44
2016.12.13 09:13:44.297,1.06201,1.06202,1.87,3.00
2016.12.13 09:13:44.348,1.06202,1.06203,1.00,1.00
2016.12.13 09:13:44.503,1.06203,1.06205,2.25,1.00
2016.12.13 09:13:45.010,1.06204,1.06206,1.12,1.69
2016.12.13 09:13:45.516,1.06204,1.06205,1.00,2.85
2016.12.13 09:13:45.619,1.06201,1.06205,1.87,8.62
2016.12.13 09:13:45.721,1.06199,1.06202,1.87,3.41
2016.12.13 09:13:46.038,1.06197,1.062,1.37,1.87
2016.12.13 09:13:46.747,1.06198,1.06201,2.06,1.00
2016.12.13 09:13:47.052,1.06205,1.06207,1.12,1.50
2016.12.13 09:13:47.675,1.06205,1.06208,1.12,2.10
2016.12.13 09:13:48.485,1.06206,1.06208,1.87,1.50
2016.12.13 09:13:48.789,1.06208,1.0621,1.50,1.50
2016.12.13 09:13:56.412,1.06207,1.06208,1.00,1.00
2016.12.13 09:13:56.466,1.06206,1.06209,1.12,7.94
2016.12.13 09:13:56.567,1.06203,1.06205,1.69,1.00
2016.12.13 09:13:57.074,1.06202,1.06205,1.12,3.75
2016.12.13 09:13:57.382,1.062,1.06203,3.94,2.25
2016.12.13 09:13:57.604,1.062,1.06202,1.87,4.54
2016.12.13 09:13:57.656,1.06199,1.062,1.12,3.37
2016.12.13 09:13:57.758,1.06197,1.062,1.87,3.00
2016.12.13 09:13:58.263,1.06198,1.062,1.00,1.00
2016.12.13 09:14:00.085,1.06199,1.062,2.25,1.00
2016.12.13 09:14:02.297,1.062,1.06201,1.00,1.50
2016.12.13 09:14:02.399,1.06201,1.06202,1.50,1.00
2016.12.13 09:14:02.501,1.06202,1.06204,1.87,1.00
2016.12.13 09:14:02.878,1.062,1.06202,8.25,4.54
2016.12.13 09:14:02.979,1.062,1.06201,2.62,2.81
2016.12.13 09:14:03.494,1.06197,1.062,2.00,3.00
2016.12.13 09:14:04.028,1.06197,1.062,1.54,4.50
2016.12.13 09:14:05.626,1.06195,1.06197,6.75,1.00
2016.12.13 09:14:05.779,1.06193,1.06195,2.62,3.94
2016.12.13 09:14:06.285,1.06191,1.06195,3.00,6.94
2016.12.13 09:14:06.588,1.06191,1.06193,1.50,1.00
2016.12.13 09:14:07.199,1.06191,1.06194,2.25,1.50
2016.12.13 09:14:08.033,1.06191,1.06195,6.00,5.21
2016.12.13 09:14:08.337,1.06194,1.06197,1.00,7.22
2016.12.13 09:14:08.844,1.06194,1.06196,2.25,1.00
2016.12.13 09:14:09.374,1.06195,1.06198,3.00,4.31
2016.12.13 09:14:09.890,1.06196,1.06198,1.50,1.12
2016.12.13 09:14:11.458,1.06196,1.06199,1.50,3.41
2016.12.13 09:14:14.826,1.06196,1.06197,1.00,1.00
2016.12.13 09:14:15.075,1.06194,1.06197,5.06,1.00
2016.12.13 09:14:15.581,1.06195,1.06198,2.25,1.12
2016.12.13 09:14:16.409,1.06195,1.06198,5.25,1.12
2016.12.13 09:14:17.183,1.06196,1.06199,1.00,3.41
2016.12.13 09:14:17.437,1.06199,1.06201,2.85,9.00
2016.12.13 09:14:17.946,1.06196,1.06197,1.00,1.00
2016.12.13 09:14:18.047,1.06194,1.06198,4.12,3.94
2016.12.13 09:14:18.597,1.06193,1.06197,5.25,1.00
2016.12.13 09:14:20.130,1.06194,1.06196,1.12,1.50
2016.12.13 09:14:20.788,1.06194,1.06195,1.00,1.00
2016.12.13 09:14:20.940,1.06192,1.06194,2.62,1.00
2016.12.13 09:14:21.142,1.06193,1.06196,1.50,1.12
2016.12.13 09:14:21.244,1.06195,1.06197,1.12,1.50
2016.12.13 09:14:21.565,1.06198,1.062,1.87,3.94
2016.12.13 09:14:21.628,1.06199,1.06202,2.44,1.50
2016.12.13 09:14:21.780,1.06201,1.06203,1.00,1.69
2016.12.13 09:14:22.287,1.06202,1.06203,1.00,1.25
2016.12.13 09:14:22.803,1.06202,1.06205,1.00,6.75
2016.12.13 09:14:23.311,1.06202,1.06206,6.75,2.06
2016.12.13 09:14:23.363,1.06203,1.06206,1.12,1.25
2016.12.13 09:14:24.682,1.06203,1.06205,1.12,2.85
2016.12.13 09:14:25.188,1.06202,1.06205,3.00,1.00
2016.12.13 09:14:25.696,1.06202,1.06204,1.12,2.10
2016.12.13 09:14:25.927,1.062,1.06203,2.25,2.85
2016.12.13 09:14:26.180,1.06201,1.06204,3.75,1.50
2016.12.13 09:14:26.434,1.06202,1.06206,4.12,3.56
2016.12.13 09:14:27.651,1.06204,1.06206,1.00,2.81
2016.12.13 09:14:27.703,1.06205,1.06207,2.85,3.37
2016.12.13 09:14:28.008,1.06212,1.06213,1.50,4.50
2016.12.13 09:14:28.212,1.06214,1.06215,1.00,1.00
2016.12.13 09:14:28.364,1.06215,1.06217,1.50,2.25
2016.12.13 09:14:29.132,1.06215,1.06218,2.25,4.01
2016.12.13 09:14:31.332,1.06217,1.06218,1.00,1.87
2016.12.13 09:14:31.834,1.06218,1.06219,1.87,1.00
2016.12.13 09:14:32.391,1.06217,1.06219,3.75,1.00
2016.12.13 09:14:32.898,1.06216,1.06219,1.87,3.00
2016.12.13 09:14:34.286,1.06217,1.06219,1.87,1.12
2016.12.13 09:14:34.619,1.06218,1.0622,1.50,1.69
2016.12.13 09:14:35.126,1.06218,1.0622,2.25,2.44
2016.12.13 09:14:36.135,1.06218,1.0622,3.00,1.00
2016.12.13 09:14:36.439,1.06222,1.06225,6.19,3.37
2016.12.13 09:14:36.845,1.06224,1.06226,2.44,1.12
2016.12.13 09:14:36.947,1.06224,1.06226,9.94,1.00
2016.12.13 09:14:37.156,1.06225,1.06228,5.25,1.12
2016.12.13 09:14:38.067,1.06225,1.06228,4.75,1.87
2016.12.13 09:14:38.980,1.06225,1.06228,2.25,4.12
2016.12.13 09:14:40.561,1.06226,1.06228,1.12,2.25
2016.12.13 09:14:41.064,1.06227,1.06229,3.19,1.50
2016.12.13 09:14:41.267,1.0623,1.06232,1.00,4.87
2016.12.13 09:14:41.773,1.06231,1.06233,1.00,1.87
2016.12.13 09:14:41.874,1.06229,1.06232,2.62,1.00
2016.12.13 09:14:42.077,1.06229,1.06231,3.37,2.75
2016.12.13 09:14:42.178,1.06227,1.0623,2.25,3.94
2016.12.13 09:14:42.696,1.06227,1.0623,1.12,7.69
2016.12.13 09:14:43.050,1.06229,1.0623,1.00,1.00
2016.12.13 09:14:43.557,1.06229,1.06231,1.00,2.44
2016.12.13 09:14:44.055,1.06208,1.06209,1.12,4.50
2016.12.13 09:14:44.360,1.06207,1.06209,1.50,6.56
2016.12.13 09:14:44.461,1.06205,1.06208,2.62,3.19
2016.12.13 09:14:44.512,1.06205,1.06207,2.25,1.00
2016.12.13 09:14:45.060,1.06205,1.06208,1.87,3.19
2016.12.13 09:14:45.416,1.06208,1.0621,5.10,3.00
2016.12.13 09:14:45.518,1.06211,1.06214,1.87,1.50
2016.12.13 09:14:45.569,1.06211,1.06215,2.25,7.50
2016.12.13 09:14:46.078,1.06211,1.06214,1.87,4.12
2016.12.13 09:14:47.537,1.06213,1.06214,1.50,3.75
2016.12.13 09:14:47.847,1.06215,1.06216,3.37,1.00
2016.12.13 09:14:47.899,1.06215,1.06218,1.87,3.00
2016.12.13 09:14:48.812,1.06214,1.06217,4.87,1.00
2016.12.13 09:14:52.730,1.06215,1.06219,2.25,3.19
2016.12.13 09:14:53.998,1.06215,1.06218,3.94,1.00
2016.12.13 09:14:54.252,1.06217,1.06218,1.50,1.00
2016.12.13 09:14:54.507,1.06221,1.06223,1.12,1.25
2016.12.13 09:15:00.566,1.0622,1.06224,10.91,2.25
2016.12.13 09:15:00.819,1.06222,1.06226,8.66,2.02
2016.12.13 09:15:00.870,1.06223,1.06226,3.37,1.65
2016.12.13 09:15:01.388,1.06223,1.06227,4.50,4.50
2016.12.13 09:15:01.904,1.06223,1.06227,2.62,8.17
2016.12.13 09:15:03.168,1.06222,1.06225,11.29,1.00
2016.12.13 09:15:03.670,1.06222,1.06227,11.29,6.75
2016.12.13 09:15:05.385,1.06222,1.06225,9.04,1.00
2016.12.13 09:15:05.941,1.06222,1.06226,8.29,1.12
2016.12.13 09:15:06.468,1.06222,1.06225,8.29,1.00
2016.12.13 09:15:07.103,1.06222,1.06226,8.29,1.12
2016.12.13 09:15:07.623,1.06222,1.06225,8.29,1.00
2016.12.13 09:15:08.132,1.06222,1.06227,9.04,6.75
2016.12.13 09:15:08.639,1.06222,1.06225,9.04,1.00
2016.12.13 09:15:09.190,1.06222,1.06227,9.04,7.12
2016.12.13 09:15:11.034,1.06225,1.06226,2.25,1.12
2016.12.13 09:15:11.138,1.06225,1.06228,5.62,2.62
2016.12.13 09:15:11.657,1.06225,1.06227,1.00,1.00
2016.12.13 09:15:12.181,1.06224,1.06227,1.00,4.12
2016.12.13 09:15:12.335,1.06224,1.06225,1.00,2.29
2016.12.13 09:15:12.487,1.06222,1.06225,1.00,9.19
2016.12.13 09:15:12.996,1.06221,1.06224,1.12,1.50
2016.12.13 09:15:13.614,1.06221,1.06223,1.00,2.44
2016.12.13 09:15:13.775,1.06219,1.06222,3.00,4.12
2016.12.13 09:15:14.281,1.06218,1.06222,2.25,4.12
2016.12.13 09:15:14.827,1.06218,1.06221,1.12,2.25
2016.12.13 09:15:15.332,1.06217,1.06221,10.16,1.12
2016.12.13 09:15:15.920,1.06218,1.06221,1.00,1.12
2016.12.13 09:15:17.225,1.06219,1.06222,2.25,2.62
2016.12.13 09:15:17.478,1.0622,1.06223,6.75,2.06
2016.12.13 09:15:18.014,1.06221,1.06223,2.25,2.06
2016.12.13 09:15:18.166,1.06223,1.06224,1.00,3.00
2016.12.13 09:15:18.319,1.06224,1.06225,1.50,1.12
2016.12.13 09:15:18.826,1.06224,1.06227,2.25,8.81
2016.12.13 09:15:19.082,1.06223,1.06225,1.50,1.00
2016.12.13 09:15:19.349,1.0622,1.06221,1.00,1.00
2016.12.13 09:15:19.501,1.06218,1.06221,2.62,1.00
2016.12.13 09:15:20.008,1.06219,1.06221,2.25,1.00
2016.12.13 09:15:21.435,1.06218,1.06221,1.12,3.00
2016.12.13 09:15:21.941,1.06218,1.06221,1.50,7.12
2016.12.13 09:15:23.094,1.06218,1.06219,1.50,1.00
2016.12.13 09:15:23.650,1.06218,1.0622,2.25,1.00
2016.12.13 09:15:24.891,1.06217,1.0622,3.22,1.50
2016.12.13 09:15:25.404,1.06218,1.0622,1.00,3.75
2016.12.13 09:15:25.913,1.06217,1.0622,1.35,3.37
2016.12.13 09:15:26.677,1.06216,1.06218,2.19,1.87
2016.12.13 09:15:26.984,1.06213,1.06215,1.00,7.35
2016.12.13 09:15:27.897,1.06207,1.06212,6.97,37.46
2016.12.13 09:15:28.741,1.06208,1.0621,1.00,1.00
2016.12.13 09:15:28.943,1.06207,1.06212,6.97,4.12
2016.12.13 09:15:29.448,1.06207,1.06211,6.97,1.00
2016.12.13 09:15:29.954,1.06207,1.06212,5.47,4.12
2016.12.13 09:15:30.106,1.06209,1.06212,1.50,1.00
2016.12.13 09:15:30.635,1.0621,1.06212,1.00,1.12
2016.12.13 09:15:34.934,1.06209,1.06213,2.62,4.69
2016.12.13 09:15:35.643,1.0621,1.06213,2.25,3.94
2016.12.13 09:15:36.150,1.0621,1.06213,2.25,1.31
2016.12.13 09:15:36.657,1.0621,1.06213,1.12,2.81
2016.12.13 09:15:39.541,1.06211,1.06213,1.00,1.25
2016.12.13 09:15:39.846,1.06213,1.06215,2.25,1.00
2016.12.13 09:15:40.352,1.06214,1.06215,1.00,1.00
2016.12.13 09:15:43.268,1.06213,1.06215,1.87,1.00
2016.12.13 09:15:47.521,1.06213,1.06215,1.97,1.00
2016.12.13 09:15:48.056,1.06215,1.06216,1.00,1.00
2016.12.13 09:15:48.107,1.06215,1.06217,3.19,1.12
2016.12.13 09:15:48.620,1.06216,1.06218,1.00,3.37
2016.12.13 09:15:48.722,1.06214,1.06218,1.97,7.12
2016.12.13 09:15:49.047,1.06216,1.06218,1.37,1.12
2016.12.13 09:15:49.959,1.06215,1.06218,3.88,1.12
2016.12.13 09:15:50.919,1.06215,1.06218,4.63,1.12
2016.12.13 09:15:51.126,1.06215,1.06218,2.44,1.12
2016.12.13 09:15:55.818,1.06215,1.06216,1.69,2.70
2016.12.13 09:15:55.919,1.06213,1.06215,1.12,1.00
2016.12.13 09:15:56.426,1.06212,1.06214,1.00,1.00
2016.12.13 09:15:58.967,1.06212,1.06215,1.12,5.25
2016.12.13 09:15:59.483,1.06212,1.06214,1.12,1.00
2016.12.13 09:16:00.263,1.06212,1.06215,3.97,3.75
2016.12.13 09:16:00.314,1.06214,1.06217,2.10,5.62
2016.12.13 09:16:00.467,1.06216,1.06218,1.12,1.50
2016.12.13 09:16:00.569,1.06216,1.0622,2.47,4.12
2016.12.13 09:16:00.774,1.06217,1.06219,1.00,2.25
2016.12.13 09:16:00.928,1.06215,1.06218,1.00,4.12
2016.12.13 09:16:01.081,1.06214,1.06217,1.12,2.25
2016.12.13 09:16:01.639,1.06214,1.06215,1.12,1.00
2016.12.13 09:16:02.095,1.06213,1.06217,1.87,9.56
2016.12.13 09:16:02.637,1.06213,1.06216,1.12,2.25
2016.12.13 09:16:07.063,1.06212,1.06215,3.04,1.00
2016.12.13 09:16:07.164,1.06213,1.06215,4.54,1.00
2016.12.13 09:16:07.266,1.06215,1.06217,2.44,3.00
2016.12.13 09:16:08.653,1.06215,1.06218,2.44,2.25
2016.12.13 09:16:09.159,1.06214,1.06217,1.00,2.25
2016.12.13 09:16:09.669,1.06213,1.06216,1.87,2.25
2016.12.13 09:16:10.630,1.06212,1.06214,3.00,1.50
2016.12.13 09:16:11.036,1.06212,1.06216,13.16,1.12
2016.12.13 09:16:11.540,1.06213,1.06217,1.50,3.56
2016.12.13 09:16:12.657,1.06213,1.06217,1.87,8.66
2016.12.13 09:16:13.201,1.06212,1.06215,1.00,5.25
2016.12.13 09:16:17.802,1.06211,1.06214,3.22,1.00
2016.12.13 09:16:24.127,1.06214,1.06215,2.85,2.25
2016.12.13 09:16:24.229,1.06215,1.06218,3.75,1.00
2016.12.13 09:16:24.381,1.06215,1.06216,1.12,1.00
2016.12.13 09:16:24.905,1.06213,1.06217,5.44,3.90
2016.12.13 09:16:25.212,1.06212,1.06215,1.12,5.25
2016.12.13 09:16:27.174,1.06212,1.06213,1.12,1.00
2016.12.13 09:16:27.477,1.0621,1.06212,1.50,1.00
2016.12.13 09:16:27.781,1.06207,1.06209,5.81,1.00
2016.12.13 09:16:27.832,1.06208,1.06209,1.00,2.25
2016.12.13 09:16:27.883,1.06205,1.06207,3.00,2.87
2016.12.13 09:16:27.934,1.06204,1.06205,4.87,1.00
2016.12.13 09:16:28.087,1.06201,1.06203,2.62,3.00
2016.12.13 09:16:28.601,1.06201,1.06202,1.00,1.12
2016.12.13 09:16:30.924,1.062,1.06202,4.69,1.12
2016.12.13 09:16:37.093,1.06201,1.06203,1.35,1.00
2016.12.13 09:16:37.245,1.06203,1.06204,1.00,2.62
2016.12.13 09:16:37.296,1.06203,1.06205,1.50,1.50
2016.12.13 09:16:37.398,1.06204,1.06206,1.00,1.87
2016.12.13 09:16:37.683,1.06202,1.06204,1.12,1.00
2016.12.13 09:16:44.435,1.06202,1.06204,3.27,1.00
2016.12.13 09:16:45.273,1.06203,1.06205,1.06,1.00
2016.12.13 09:16:46.031,1.06203,1.06205,3.23,1.00
2016.12.13 09:16:46.586,1.06204,1.06206,1.00,1.12
2016.12.13 09:16:47.437,1.06204,1.06206,1.04,1.12
2016.12.13 09:16:47.942,1.06204,1.06207,1.04,2.02
2016.12.13 09:16:48.627,1.06204,1.06208,2.29,4.65
2016.12.13 09:16:49.656,1.06205,1.06207,1.12,2.62
2016.12.13 09:16:50.164,1.06205,1.06206,1.50,1.00
2016.12.13 09:16:50.670,1.06205,1.06207,1.50,2.77
2016.12.13 09:16:51.278,1.06203,1.06207,4.31,4.27
2016.12.13 09:16:51.531,1.06203,1.06205,1.12,1.00
2016.12.13 09:16:51.683,1.06203,1.06207,1.12,7.31
2016.12.13 09:16:52.217,1.06203,1.06207,1.50,8.59
2016.12.13 09:16:56.531,1.06203,1.06205,1.00,1.00
2016.12.13 09:16:57.691,1.06202,1.06205,6.04,1.00
2016.12.13 09:16:57.893,1.06202,1.06203,3.56,1.50
2016.12.13 09:16:58.146,1.06198,1.062,1.50,3.19
2016.12.13 09:16:58.248,1.06197,1.06198,1.00,1.00
2016.12.13 09:16:58.350,1.06195,1.06198,6.41,1.00
2016.12.13 09:17:00.821,1.06195,1.06197,4.12,1.00
2016.12.13 09:17:06.822,1.06195,1.06198,1.35,1.87
2016.12.13 09:17:07.326,1.06195,1.06199,4.72,2.81
2016.12.13 09:17:08.873,1.06196,1.06199,1.00,2.81
2016.12.13 09:17:09.422,1.06197,1.062,1.00,5.25
2016.12.13 09:17:09.928,1.06197,1.062,1.50,3.37
2016.12.13 09:17:11.034,1.06199,1.06202,2.85,15.64
2016.12.13 09:17:11.085,1.06201,1.06204,3.04,1.87
2016.12.13 09:17:11.136,1.06201,1.06204,3.19,1.87
2016.12.13 09:17:11.641,1.06202,1.06205,1.00,7.69
2016.12.13 09:17:12.601,1.06199,1.06201,12.94,3.00
2016.12.13 09:17:12.838,1.06189,1.0619,2.25,6.19
2016.12.13 09:17:12.990,1.06186,1.0619,3.94,5.06
2016.12.13 09:17:13.142,1.06186,1.06188,1.12,1.25
2016.12.13 09:17:13.524,1.06185,1.06189,1.15,6.75
2016.12.13 09:17:13.575,1.06184,1.06188,4.35,2.62
2016.12.13 09:17:13.727,1.06185,1.06188,2.25,2.25
2016.12.13 09:17:13.828,1.06184,1.06187,5.29,1.87
2016.12.13 09:17:14.342,1.06185,1.06187,4.50,1.12
2016.12.13 09:17:14.805,1.06187,1.06189,3.60,2.25
2016.12.13 09:17:14.856,1.06188,1.06191,1.50,3.37
2016.12.13 09:17:15.009,1.0619,1.06191,1.50,1.00
2016.12.13 09:17:15.515,1.0619,1.06192,1.00,1.87
2016.12.13 09:17:17.610,1.0619,1.06191,1.00,1.25
2016.12.13 09:17:17.961,1.06185,1.06187,1.50,1.00
2016.12.13 09:17:18.113,1.06183,1.06187,5.25,1.50
2016.12.13 09:17:18.619,1.06184,1.06187,1.00,1.50
2016.12.13 09:17:19.177,1.06184,1.06188,2.62,3.94
2016.12.13 09:17:19.684,1.06184,1.06187,2.62,1.00
2016.12.13 09:17:20.341,1.06184,1.06188,2.62,3.94
2016.12.13 09:17:20.851,1.06184,1.06187,3.37,1.00
2016.12.13 09:17:21.205,1.06186,1.06189,2.44,3.37
2016.12.13 09:17:21.732,1.06187,1.0619,2.25,3.94
2016.12.13 09:17:22.255,1.06187,1.0619,1.50,2.81
2016.12.13 09:17:22.609,1.06189,1.06191,2.25,2.25
2016.12.13 09:17:22.761,1.06191,1.06193,1.00,1.50
2016.12.13 09:17:29.217,1.06191,1.06194,1.50,2.25
2016.12.13 09:17:29.753,1.06191,1.06193,1.50,1.00
2016.12.13 09:17:30.258,1.06192,1.06194,1.50,2.25
2016.12.13 09:17:30.360,1.06193,1.06195,3.79,4.12
2016.12.13 09:17:30.563,1.06198,1.062,2.81,2.25
2016.12.13 09:17:30.614,1.06199,1.062,2.25,1.50
2016.12.13 09:17:30.716,1.06199,1.06202,5.25,1.12
2016.12.13 09:17:30.767,1.06201,1.06202,1.00,1.12
2016.12.13 09:17:31.077,1.06203,1.06205,1.00,4.12
2016.12.13 09:17:31.583,1.06203,1.06205,1.00,3.25
2016.12.13 09:17:32.801,1.06203,1.06205,1.00,3.00
2016.12.13 09:17:33.056,1.06202,1.06204,1.00,3.04
2016.12.13 09:17:33.107,1.06199,1.06204,4.69,12.79
2016.12.13 09:17:33.158,1.06199,1.06202,3.00,3.00
2016.12.13 09:17:33.260,1.06198,1.06201,2.44,7.31
2016.12.13 09:17:36.762,1.06201,1.06202,2.10,18.75
2016.12.13 09:17:36.914,1.06203,1.06204,1.00,1.12
2016.12.13 09:17:37.449,1.06202,1.06204,1.50,1.00
2016.12.13 09:17:38.875,1.062,1.06202,8.81,7.94
2016.12.13 09:17:39.102,1.06194,1.06196,1.00,6.75
2016.12.13 09:17:39.304,1.06195,1.06197,3.60,4.20
2016.12.13 09:17:39.660,1.06197,1.062,3.22,4.50
2016.12.13 09:17:40.167,1.06197,1.06199,1.00,1.12
2016.12.13 09:17:40.810,1.06196,1.06199,6.19,1.12
2016.12.13 09:17:41.316,1.06197,1.06199,1.50,1.12
2016.12.13 09:17:42.720,1.06198,1.062,1.00,1.50
2016.12.13 09:17:42.822,1.062,1.06201,3.00,1.12
2016.12.13 09:17:42.974,1.06201,1.06203,1.50,1.12
2016.12.13 09:17:43.504,1.06201,1.06203,3.75,1.00
2016.12.13 09:17:47.179,1.06202,1.06203,1.12,1.12
2016.12.13 09:17:47.535,1.06203,1.06205,1.60,9.75
2016.12.13 09:17:47.638,1.06202,1.06203,3.97,1.00
2016.12.13 09:17:47.690,1.06203,1.06204,3.56,1.50
2016.12.13 09:17:47.742,1.06203,1.06204,5.06,2.25
2016.12.13 09:17:47.952,1.06204,1.06207,2.25,3.37
2016.12.13 09:17:48.105,1.06206,1.06208,1.00,2.25
2016.12.13 09:17:48.409,1.06211,1.06213,1.69,1.00
2016.12.13 09:17:49.848,1.06211,1.06214,4.39,1.12
2016.12.13 09:17:50.455,1.06211,1.06212,1.20,2.25
2016.12.13 09:17:50.759,1.06185,1.06187,3.37,4.39
2016.12.13 09:17:50.962,1.06182,1.06183,2.62,1.00
2016.12.13 09:17:51.204,1.0618,1.06182,1.00,3.00
2016.12.13 09:17:51.260,1.06178,1.06179,1.00,2.06
2016.12.13 09:17:51.513,1.06172,1.06174,3.37,1.12
2016.12.13 09:17:52.020,1.06172,1.06173,3.03,1.12
2016.12.13 09:17:52.298,1.06172,1.06173,3.03,1.12
2016.12.13 09:17:52.602,1.06176,1.06177,1.50,2.06
2016.12.13 09:17:52.654,1.06175,1.06176,3.75,1.95
2016.12.13 09:17:52.705,1.06174,1.06175,1.50,1.50
2016.12.13 09:17:52.857,1.06172,1.06174,2.66,1.00
2016.12.13 09:17:53.322,1.06171,1.06175,4.53,8.44
2016.12.13 09:17:53.476,1.06169,1.06172,1.69,2.25
2016.12.13 09:17:53.984,1.06169,1.06171,1.25,1.50
2016.12.13 09:17:54.136,1.06167,1.06171,5.25,1.50
2016.12.13 09:17:54.397,1.06169,1.06171,1.00,1.50
2016.12.13 09:17:55.475,1.0617,1.06171,2.25,1.50
2016.12.13 09:17:55.982,1.06171,1.06172,1.00,1.12
2016.12.13 09:17:56.519,1.06172,1.06173,1.00,1.50
2016.12.13 09:17:56.823,1.06173,1.06175,1.50,1.87
2016.12.13 09:17:57.127,1.06172,1.06176,3.75,8.81
2016.12.13 09:17:57.631,1.06171,1.06174,3.94,1.50
2016.12.13 09:17:59.602,1.06173,1.06174,1.50,1.00
2016.12.13 09:17:59.906,1.06175,1.06176,1.50,9.75
2016.12.13 09:17:59.957,1.06175,1.06176,3.00,6.00
2016.12.13 09:18:00.261,1.06175,1.06179,2.25,5.25
2016.12.13 09:18:01.737,1.06176,1.06178,1.50,1.50
2016.12.13 09:18:02.092,1.06177,1.06179,2.25,2.06
2016.12.13 09:18:02.143,1.06179,1.0618,1.00,2.06
2016.12.13 09:18:02.295,1.06179,1.06181,1.00,1.00
2016.12.13 09:18:02.545,1.06177,1.0618,5.62,1.00
2016.12.13 09:18:03.052,1.06176,1.0618,1.87,3.94
2016.12.13 09:18:04.259,1.06176,1.06178,1.00,1.87
2016.12.13 09:18:04.462,1.06174,1.06177,1.12,1.69
2016.12.13 09:18:04.564,1.06172,1.06175,7.31,1.00
2016.12.13 09:18:04.868,1.06176,1.06177,2.25,2.79
2016.12.13 09:18:05.122,1.06182,1.06185,2.81,3.75
2016.12.13 09:18:06.427,1.06182,1.06185,3.56,1.50
2016.12.13 09:18:06.680,1.0618,1.06182,13.31,1.00
2016.12.13 09:18:06.832,1.0618,1.06181,4.50,3.19
2016.12.13 09:18:07.034,1.06178,1.06179,1.50,1.00
2016.12.13 09:18:07.236,1.06176,1.06179,3.19,1.50
2016.12.13 09:18:07.742,1.06176,1.0618,3.19,3.56
2016.12.13 09:18:09.937,1.06179,1.06181,1.00,6.19
2016.12.13 09:18:10.039,1.0618,1.06182,1.00,2.62
2016.12.13 09:18:10.546,1.06181,1.06182,1.00,1.00
2016.12.13 09:18:11.052,1.06182,1.06183,1.50,1.00
2016.12.13 09:18:11.204,1.06185,1.06186,2.44,1.31
2016.12.13 09:18:11.364,1.06187,1.06188,1.50,3.00
2016.12.13 09:18:11.870,1.06185,1.06188,8.81,1.00
2016.12.13 09:18:12.278,1.06185,1.06186,4.12,1.25
2016.12.13 09:18:12.430,1.06182,1.06184,1.12,1.25
2016.12.13 09:18:12.532,1.06181,1.06184,1.50,5.29
2016.12.13 09:18:12.634,1.06179,1.06182,1.50,1.12
2016.12.13 09:18:12.735,1.06179,1.0618,1.00,1.00
2016.12.13 09:18:13.240,1.06179,1.06182,1.00,1.72
2016.12.13 09:18:13.675,1.0618,1.06182,10.31,1.00
2016.12.13 09:18:13.726,1.06182,1.06184,3.19,1.12
2016.12.13 09:18:13.828,1.06184,1.06185,1.87,2.44
2016.12.13 09:18:14.081,1.06181,1.06183,2.06,1.00
2016.12.13 09:18:14.587,1.06182,1.06183,1.00,1.00
2016.12.13 09:18:15.209,1.06182,1.06184,1.50,1.12
2016.12.13 09:18:15.714,1.06181,1.06184,2.51,1.12
2016.12.13 09:18:18.233,1.06181,1.06182,2.81,1.50
2016.12.13 09:18:18.587,1.06179,1.06181,6.19,2.50
2016.12.13 09:18:18.892,1.06179,1.06181,4.56,4.50
2016.12.13 09:18:19.560,1.06177,1.06179,16.31,2.50
2016.12.13 09:18:20.066,1.0618,1.06181,1.00,4.50
2016.12.13 09:18:20.370,1.06175,1.06177,4.12,1.50
2016.12.13 09:18:22.440,1.06173,1.06175,19.12,1.00
2016.12.13 09:18:22.800,1.06167,1.06169,7.87,2.81
2016.12.13 09:18:22.852,1.06165,1.06166,1.00,1.00
2016.12.13 09:18:23.054,1.06165,1.06166,1.00,1.50
2016.12.13 09:18:23.105,1.06165,1.06166,1.00,2.25
2016.12.13 09:18:23.156,1.06162,1.06163,1.87,1.50
2016.12.13 09:18:23.561,1.06164,1.06166,1.00,4.50
2016.12.13 09:18:23.612,1.06163,1.06164,3.37,1.00
2016.12.13 09:18:23.714,1.06164,1.06166,1.50,3.00
2016.12.13 09:18:24.221,1.06164,1.06165,1.00,1.50
2016.12.13 09:18:24.727,1.06163,1.06165,4.31,1.00
2016.12.13 09:18:25.234,1.06163,1.06165,4.31,1.00
2016.12.13 09:18:25.588,1.06166,1.06167,1.25,3.00
2016.12.13 09:18:25.639,1.06166,1.06167,1.09,1.50
2016.12.13 09:18:27.563,1.06164,1.06166,1.50,1.00
2016.12.13 09:18:28.258,1.06165,1.06168,2.46,1.87
2016.12.13 09:18:28.764,1.06164,1.06167,3.37,1.50
2016.12.13 09:18:29.068,1.06164,1.06165,1.12,1.50
2016.12.13 09:18:29.373,1.06155,1.06157,3.37,2.50
2016.12.13 09:18:29.475,1.06153,1.06154,1.87,1.00
2016.12.13 09:18:29.526,1.06151,1.06153,2.25,1.00
2016.12.13 09:18:29.577,1.0615,1.06152,1.37,1.00
2016.12.13 09:18:30.133,1.0615,1.06152,4.12,1.12
2016.12.13 09:18:30.362,1.0615,1.06153,6.37,1.00
2016.12.13 09:18:30.869,1.0615,1.06152,3.00,1.00
2016.12.13 09:18:30.971,1.06149,1.06151,4.87,1.25
2016.12.13 09:18:31.073,1.06148,1.0615,1.50,2.25
2016.12.13 09:18:31.124,1.06149,1.06151,1.50,4.12
2016.12.13 09:18:31.276,1.0615,1.06152,1.50,2.25
2016.12.13 09:18:31.691,1.06152,1.06153,2.25,1.00
2016.12.13 09:18:32.200,1.06152,1.06154,1.50,3.94
2016.12.13 09:18:33.968,1.06153,1.06155,1.00,2.62
2016.12.13 09:18:34.475,1.06155,1.06156,1.00,1.00
2016.12.13 09:18:34.984,1.06154,1.06156,1.50,1.00
2016.12.13 09:18:35.491,1.06153,1.06155,1.50,2.25
2016.12.13 09:18:37.608,1.06154,1.06156,4.69,7.20
2016.12.13 09:18:37.812,1.06157,1.06158,1.50,2.44
2016.12.13 09:18:38.407,1.06157,1.0616,1.50,2.25
2016.12.13 09:18:38.913,1.06158,1.0616,1.00,3.00
2016.12.13 09:18:39.017,1.06159,1.06161,1.50,2.25
2016.12.13 09:18:39.222,1.06169,1.06171,1.50,4.50
2016.12.13 09:18:39.375,1.06171,1.06173,3.90,1.00
2016.12.13 09:18:41.155,1.06171,1.06173,2.02,1.50
2016.12.13 09:18:41.675,1.0617,1.06172,4.69,1.00
2016.12.13 09:18:42.080,1.06167,1.06168,11.62,1.00
2016.12.13 09:18:42.183,1.06166,1.06167,2.62,2.25
2016.12.13 09:18:42.336,1.06166,1.06168,1.12,1.50
2016.12.13 09:18:42.641,1.06165,1.06167,7.87,1.00
2016.12.13 09:18:42.990,1.06168,1.06169,2.62,2.62
2016.12.13 09:18:43.244,1.06171,1.06172,1.50,1.50
2016.12.13 09:18:43.750,1.0617,1.06172,1.50,1.50
2016.12.13 09:18:44.157,1.06172,1.06173,2.29,3.00
2016.12.13 09:18:44.673,1.06171,1.06173,2.06,1.00
2016.12.13 09:18:45.847,1.06172,1.06174,1.25,2.25
2016.12.13 09:18:46.859,1.06173,1.06174,1.50,2.25
2016.12.13 09:18:47.263,1.06175,1.06177,1.50,5.62
2016.12.13 09:18:47.519,1.06179,1.0618,2.63,3.75
2016.12.13 09:18:47.622,1.0618,1.06181,1.00,2.25
2016.12.13 09:18:48.128,1.06177,1.0618,1.87,1.50
2016.12.13 09:18:48.534,1.06176,1.06178,1.12,1.00
2016.12.13 09:18:48.866,1.06178,1.06181,10.31,5.50
2016.12.13 09:18:48.917,1.0618,1.06182,2.81,3.25
2016.12.13 09:18:48.969,1.0618,1.06183,4.31,1.50
2016.12.13 09:18:50.590,1.06179,1.06182,2.44,1.87
2016.12.13 09:18:50.845,1.06179,1.0618,1.00,1.00
2016.12.13 09:18:50.896,1.06177,1.0618,2.25,1.00
2016.12.13 09:18:51.403,1.06177,1.0618,1.00,3.75
2016.12.13 09:18:51.957,1.06178,1.0618,1.69,3.75
2016.12.13 09:18:52.109,1.0618,1.06182,1.00,1.50
2016.12.13 09:18:52.312,1.06177,1.0618,1.12,4.69
2016.12.13 09:18:52.465,1.06175,1.06178,2.25,1.00
2016.12.13 09:18:52.972,1.06175,1.06178,4.87,1.50
2016.12.13 09:18:54.407,1.06176,1.06179,3.19,1.00
2016.12.13 09:18:54.968,1.06177,1.0618,1.00,3.00
2016.12.13 09:18:55.626,1.06177,1.06179,1.00,1.00
2016.12.13 09:18:56.136,1.06175,1.06178,2.06,1.50
2016.12.13 09:18:56.652,1.06175,1.06177,2.06,2.25
2016.12.13 09:18:57.828,1.06175,1.06177,3.56,2.25
2016.12.13 09:18:59.970,1.06175,1.06177,3.56,3.75
2016.12.13 09:19:00.225,1.06168,1.06169,1.00,1.50
2016.12.13 09:19:00.276,1.06167,1.0617,5.29,2.25
2016.12.13 09:19:00.739,1.0617,1.06172,3.00,1.00
2016.12.13 09:19:00.790,1.0617,1.06173,3.75,2.25
2016.12.13 09:19:01.753,1.06169,1.06172,2.81,1.00
2016.12.13 09:19:01.804,1.06169,1.06172,2.44,1.00
2016.12.13 09:19:02.264,1.0617,1.06173,8.47,1.00
2016.12.13 09:19:02.366,1.06171,1.06174,1.00,5.25
2016.12.13 09:19:02.468,1.0617,1.06172,1.87,1.00
2016.12.13 09:19:03.003,1.06169,1.06171,1.87,1.00
2016.12.13 09:19:03.104,1.06168,1.06169,1.00,1.00
2016.12.13 09:19:03.560,1.06168,1.06171,2.25,2.25
2016.12.13 09:19:03.914,1.0617,1.06171,1.00,1.50
2016.12.13 09:19:04.421,1.06169,1.06171,3.22,1.00
2016.12.13 09:19:04.947,1.0617,1.06172,1.87,1.50
2016.12.13 09:19:05.556,1.06169,1.06171,3.94,1.00
2016.12.13 09:19:06.061,1.0617,1.06172,1.00,2.25
2016.12.13 09:19:09.074,1.0617,1.06173,1.00,2.70
2016.12.13 09:19:17.198,1.0617,1.06174,1.12,8.62
2016.12.13 09:19:18.217,1.0617,1.06173,1.12,1.00
2016.12.13 09:19:18.850,1.0617,1.06174,3.37,4.87
2016.12.13 09:19:19.154,1.06172,1.06174,1.00,1.00
2016.12.13 09:19:19.660,1.06171,1.06175,8.66,1.00
2016.12.13 09:19:20.179,1.06171,1.06176,9.79,10.91
2016.12.13 09:19:21.818,1.06174,1.06176,2.85,4.95
2016.12.13 09:19:22.037,1.06176,1.0618,3.56,3.37
2016.12.13 09:19:22.745,1.06178,1.06181,1.50,4.50
2016.12.13 09:19:22.796,1.06178,1.06181,1.50,4.12
2016.12.13 09:19:23.952,1.06178,1.06181,1.12,4.75
2016.12.13 09:19:24.306,1.06176,1.0618,1.12,7.31
2016.12.13 09:19:24.510,1.06176,1.06178,1.00,4.12
2016.12.13 09:19:24.612,1.06174,1.06178,3.56,5.12
2016.12.13 09:19:25.119,1.06174,1.06178,2.06,6.37
2016.12.13 09:19:29.574,1.06175,1.06178,1.00,2.62
2016.12.13 09:19:30.557,1.06176,1.06178,1.00,1.87
2016.12.13 09:19:30.811,1.06178,1.0618,1.00,1.00
2016.12.13 09:19:30.913,1.0618,1.06181,2.25,1.00
2016.12.13 09:19:31.109,1.06181,1.06184,1.00,1.50
2016.12.13 09:19:31.616,1.06181,1.06185,1.00,12.19
2016.12.13 09:19:32.122,1.06181,1.06183,1.00,5.06
2016.12.13 09:19:32.580,1.06179,1.06183,8.81,1.87
2016.12.13 09:19:33.094,1.0618,1.06183,1.50,1.12
2016.12.13 09:19:34.004,1.06179,1.06183,8.06,1.12
2016.12.13 09:19:34.510,1.0618,1.06183,1.00,1.12
2016.12.13 09:19:35.057,1.06179,1.06181,2.62,2.40
2016.12.13 09:19:36.095,1.06177,1.06181,5.81,4.75
2016.12.13 09:19:36.247,1.06177,1.06181,2.44,4.07
2016.12.13 09:19:37.462,1.06178,1.06181,3.75,2.87
2016.12.13 09:19:37.564,1.0618,1.06181,2.25,1.87
2016.12.13 09:19:38.182,1.0618,1.06182,5.62,1.00
2016.12.13 09:19:38.688,1.0618,1.06182,1.87,1.00
2016.12.13 09:19:40.354,1.0618,1.06182,3.37,1.00
2016.12.13 09:19:40.860,1.0618,1.06182,3.37,1.00
2016.12.13 09:19:42.872,1.0618,1.06182,4.87,1.00
2016.12.13 09:19:42.974,1.06181,1.06184,1.00,2.62
2016.12.13 09:19:43.025,1.06183,1.06184,1.00,2.62
2016.12.13 09:19:43.329,1.06185,1.06186,3.75,1.00
2016.12.13 09:19:43.734,1.06185,1.06189,8.25,4.31
2016.12.13 09:19:49.087,1.06187,1.06189,1.60,1.12
2016.12.13 09:19:49.394,1.06189,1.0619,3.37,2.25
2016.12.13 09:19:49.648,1.06188,1.0619,1.50,1.87
2016.12.13 09:19:50.487,1.06188,1.06191,1.50,4.76
2016.12.13 09:19:50.588,1.0619,1.06191,1.00,3.56
2016.12.13 09:19:51.095,1.06189,1.06191,1.12,1.69
2016.12.13 09:19:51.926,1.06188,1.06191,3.37,2.81
2016.12.13 09:19:52.432,1.06189,1.06191,2.62,1.31
2016.12.13 09:19:54.779,1.06189,1.06193,7.50,4.50
2016.12.13 09:19:54.830,1.06191,1.06193,1.00,4.12
2016.12.13 09:19:55.336,1.0619,1.06192,4.12,1.00
2016.12.13 09:19:55.841,1.0619,1.06193,6.37,1.87
2016.12.13 09:19:58.327,1.06192,1.06194,5.87,8.06
2016.12.13 09:19:58.481,1.06195,1.06197,5.59,1.00
2016.12.13 09:19:58.533,1.06197,1.06198,2.25,1.87
2016.12.13 09:19:58.585,1.06197,1.06198,2.25,1.00
2016.12.13 09:20:00.725,1.06197,1.06199,4.12,1.31
2016.12.13 09:20:01.237,1.06198,1.06199,1.00,1.25
2016.12.13 09:20:02.299,1.06199,1.062,1.69,1.50
2016.12.13 09:20:02.401,1.06201,1.06202,2.10,3.00
2016.12.13 09:20:02.702,1.06203,1.06204,1.50,1.50
2016.12.13 09:20:03.006,1.06203,1.06206,1.00,14.44
2016.12.13 09:20:03.361,1.06202,1.06204,3.00,1.00
2016.12.13 09:20:04.019,1.06201,1.06205,4.50,6.75
2016.12.13 09:20:04.935,1.06201,1.06202,1.50,1.50
2016.12.13 09:20:05.294,1.06198,1.06199,2.62,1.00
2016.12.13 09:20:05.345,1.06196,1.06199,4.87,1.00
2016.12.13 09:20:05.800,1.06199,1.062,3.60,2.62
2016.12.13 09:20:06.104,1.06201,1.06204,1.00,1.50
2016.12.13 09:20:06.610,1.06201,1.06205,1.50,4.69
2016.12.13 09:20:07.256,1.06201,1.06206,5.06,8.96
2016.12.13 09:20:07.763,1.06201,1.06204,2.62,1.00
2016.12.13 09:20:08.278,1.06201,1.06205,1.37,10.31
2016.12.13 09:20:09.341,1.06201,1.06204,1.37,1.00
2016.12.13 09:20:09.878,1.062,1.06204,7.12,1.00
2016.12.13 09:20:10.384,1.062,1.06205,7.87,10.31
2016.12.13 09:20:12.317,1.062,1.06203,6.75,1.50
2016.12.13 09:20:12.823,1.062,1.06203,3.37,1.50
2016.12.13 09:20:18.619,1.062,1.06202,1.12,1.00
2016.12.13 09:20:19.170,1.06201,1.06203,1.00,1.69
2016.12.13 09:20:20.922,1.062,1.06203,2.25,3.94
2016.12.13 09:20:21.428,1.06199,1.06203,1.00,5.44
2016.12.13 09:20:21.939,1.06198,1.06203,10.54,5.44
2016.12.13 09:20:22.959,1.06199,1.06203,1.00,5.44
2016.12.13 09:20:23.496,1.06198,1.06203,10.54,5.44
2016.12.13 09:20:24.354,1.06198,1.062,5.25,1.00
2016.12.13 09:20:25.227,1.06198,1.062,4.12,1.00
2016.12.13 09:20:25.910,1.06199,1.062,1.00,1.00
2016.12.13 09:20:26.417,1.06199,1.06201,1.50,1.00
2016.12.13 09:20:26.923,1.062,1.06203,4.50,6.19
2016.12.13 09:20:27.440,1.062,1.06204,3.75,3.37
2016.12.13 09:20:28.270,1.062,1.06204,5.47,3.00
2016.12.13 09:20:28.928,1.062,1.06202,1.00,1.50
2016.12.13 09:20:29.474,1.06198,1.06202,3.00,2.25
2016.12.13 09:20:30.023,1.06198,1.06201,3.00,1.00
2016.12.13 09:20:30.934,1.06199,1.06202,1.12,1.50
2016.12.13 09:20:33.930,1.06199,1.06203,1.94,1.87
2016.12.13 09:20:34.435,1.062,1.06203,1.09,1.87
2016.12.13 09:20:34.971,1.062,1.06203,6.82,1.00
2016.12.13 09:20:35.732,1.06201,1.06205,1.87,5.81
2016.12.13 09:20:36.819,1.06201,1.06204,1.19,1.69
2016.12.13 09:20:37.022,1.06199,1.06202,2.44,1.00
2016.12.13 09:20:37.528,1.06199,1.06203,1.69,4.50
2016.12.13 09:20:38.034,1.06199,1.06202,1.69,1.00
2016.12.13 09:20:40.124,1.06199,1.06201,2.06,1.00
2016.12.13 09:20:40.628,1.06199,1.062,2.06,1.00
2016.12.13 09:20:43.859,1.06199,1.06201,1.31,1.05
2016.12.13 09:20:45.119,1.06199,1.062,1.31,1.00
2016.12.13 09:20:45.425,1.06197,1.06198,1.00,3.56
2016.12.13 09:20:45.476,1.06196,1.06198,1.00,3.94
2016.12.13 09:20:45.527,1.06195,1.06197,1.37,1.00
2016.12.13 09:20:45.731,1.06193,1.06195,1.69,1.50
2016.12.13 09:20:46.843,1.06193,1.06196,1.69,1.50
2016.12.13 09:20:47.452,1.06193,1.06197,3.94,4.12
2016.12.13 09:20:47.610,1.06195,1.06197,8.06,1.12
2016.12.13 09:20:48.116,1.06196,1.06198,1.12,1.00
2016.12.13 09:20:49.027,1.06196,1.06198,1.12,1.00
2016.12.13 09:20:50.126,1.06196,1.062,2.62,9.94
2016.12.13 09:20:50.177,1.06198,1.062,1.50,6.75
2016.12.13 09:20:50.482,1.062,1.06202,2.25,1.69
2016.12.13 09:20:52.966,1.062,1.06201,1.00,2.25
2016.12.13 09:20:53.068,1.06198,1.062,1.12,1.00
2016.12.13 09:20:53.574,1.06198,1.06199,1.00,1.00
2016.12.13 09:20:54.079,1.06197,1.06199,1.12,1.00
2016.12.13 09:20:55.173,1.06197,1.06198,1.12,3.19
2016.12.13 09:20:55.274,1.06194,1.06198,1.50,7.69
2016.12.13 09:20:55.325,1.06194,1.06196,1.00,1.00
2016.12.13 09:20:55.831,1.06193,1.06195,1.50,1.00
2016.12.13 09:20:59.527,1.06195,1.06196,1.50,1.00
2016.12.13 09:20:59.781,1.06195,1.06197,3.75,1.50
2016.12.13 09:21:00.288,1.06195,1.06197,2.25,1.00
2016.12.13 09:21:00.803,1.06193,1.06197,4.12,4.12
2016.12.13 09:21:02.818,1.06194,1.06197,1.00,3.37
2016.12.13 09:21:03.325,1.06195,1.06198,3.00,3.75
2016.12.13 09:21:04.927,1.06196,1.06198,1.00,3.00
2016.12.13 09:21:05.080,1.06197,1.06199,1.00,3.00
2016.12.13 09:21:05.181,1.06196,1.06199,3.75,2.50
2016.12.13 09:21:06.000,1.06196,1.06199,1.00,7.34
2016.12.13 09:21:06.152,1.06194,1.06198,1.00,7.76
2016.12.13 09:21:06.658,1.06192,1.06197,9.04,7.12
2016.12.13 09:21:12.245,1.06193,1.06195,1.12,1.00
2016.12.13 09:21:12.751,1.06193,1.06196,1.12,2.62
2016.12.13 09:21:14.123,1.06193,1.06195,1.12,1.00
2016.12.13 09:21:14.737,1.06193,1.06196,1.12,5.62
2016.12.13 09:21:15.252,1.06192,1.06195,2.66,2.62
2016.12.13 09:21:16.380,1.06191,1.06194,1.37,2.44
2016.12.13 09:21:16.481,1.0619,1.06192,2.62,1.00
2016.12.13 09:21:17.032,1.06189,1.06191,3.37,3.19
2016.12.13 09:21:17.338,1.06185,1.06188,4.31,1.50
2016.12.13 09:21:19.275,1.06185,1.06187,2.81,1.00
2016.12.13 09:21:19.587,1.06192,1.06194,2.10,4.50
2016.12.13 09:21:19.850,1.06192,1.06195,3.00,1.12
2016.12.13 09:21:20.357,1.06192,1.06196,4.87,3.37
2016.12.13 09:21:20.864,1.06191,1.06195,8.29,1.00
2016.12.13 09:21:21.832,1.06191,1.06195,3.41,7.12
2016.12.13 09:21:22.489,1.06192,1.06195,2.25,12.37
2016.12.13 09:21:23.010,1.06191,1.06195,5.66,9.37
2016.12.13 09:21:23.772,1.06191,1.06194,5.66,1.00
2016.12.13 09:21:26.687,1.06191,1.06193,5.66,1.00
2016.12.13 09:21:31.626,1.06191,1.06195,5.29,7.12
2016.12.13 09:21:31.829,1.06193,1.06195,1.00,1.50
2016.12.13 09:21:32.334,1.06192,1.06196,6.97,4.50
2016.12.13 09:21:33.615,1.06194,1.06196,2.10,3.00
2016.12.13 09:21:33.869,1.06196,1.06199,1.12,1.00
2016.12.13 09:21:34.392,1.06196,1.06198,1.12,1.00
2016.12.13 09:21:34.904,1.06197,1.06199,1.00,1.00
2016.12.13 09:21:35.409,1.06196,1.06199,7.12,1.00
2016.12.13 09:21:36.165,1.06196,1.06198,1.12,1.00
2016.12.13 09:21:36.520,1.06196,1.062,1.87,6.93
2016.12.13 09:21:37.127,1.06196,1.06199,1.00,1.87
2016.12.13 09:21:37.633,1.06196,1.06198,1.00,1.50
2016.12.13 09:21:42.455,1.06196,1.06199,1.00,3.75
2016.12.13 09:21:56.809,1.06195,1.06196,3.37,1.25
2016.12.13 09:21:57.012,1.06193,1.06195,3.37,1.00
2016.12.13 09:21:57.367,1.06195,1.06197,2.25,1.00
2016.12.13 09:21:57.899,1.06195,1.06198,3.75,3.94
2016.12.13 09:21:59.497,1.06194,1.06198,3.56,6.94
2016.12.13 09:22:00.039,1.06195,1.06198,1.00,6.94
2016.12.13 09:22:01.321,1.06195,1.06197,1.00,1.50
2016.12.13 09:22:01.829,1.06195,1.06198,2.62,1.69
2016.12.13 09:22:02.335,1.06196,1.06198,1.50,2.06
2016.12.13 09:22:03.790,1.06194,1.06197,6.94,1.00
2016.12.13 09:22:04.297,1.06194,1.06197,2.44,1.00
2016.12.13 09:22:07.219,1.06195,1.06197,1.50,1.00
2016.12.13 09:22:07.757,1.06194,1.06198,7.54,3.19
2016.12.13 09:22:08.363,1.06194,1.06197,6.04,1.00
2016.12.13 09:22:10.412,1.06194,1.06198,5.29,2.44
2016.12.13 09:22:11.327,1.06195,1.06198,1.50,2.44
2016.12.13 09:22:11.884,1.06194,1.06198,8.66,2.44
2016.12.13 09:22:12.416,1.06195,1.06198,1.00,2.44
2016.12.13 09:22:12.922,1.06194,1.06197,3.94,1.00
2016.12.13 09:22:17.089,1.06194,1.06196,1.00,1.65
2016.12.13 09:22:17.595,1.06193,1.06196,1.12,4.57
2016.12.13 09:22:18.126,1.06192,1.06195,5.66,3.00
2016.12.13 09:22:19.533,1.06193,1.06196,1.30,9.37
2016.12.13 09:22:20.039,1.06192,1.06195,2.66,1.00
2016.12.13 09:22:23.906,1.06192,1.06195,3.56,7.00
2016.12.13 09:22:28.409,1.06192,1.06193,1.87,1.00
2016.12.13 09:22:28.915,1.06191,1.06193,3.97,1.00
2016.12.13 09:22:29.685,1.06192,1.06193,1.00,1.00
2016.12.13 09:22:30.196,1.06191,1.06193,3.22,1.00
2016.12.13 09:22:30.820,1.06192,1.06194,2.85,1.00
2016.12.13 09:22:30.922,1.06192,1.06195,4.35,2.62
2016.12.13 09:22:31.276,1.06195,1.06197,3.79,6.37
2016.12.13 09:22:31.377,1.06195,1.06198,8.06,1.50
2016.12.13 09:22:31.890,1.06195,1.06198,4.69,1.12
2016.12.13 09:22:32.042,1.06194,1.06198,3.00,5.62
2016.12.13 09:22:32.954,1.06194,1.06197,3.37,1.50
2016.12.13 09:22:34.022,1.06194,1.06198,3.37,5.25
2016.12.13 09:22:35.676,1.06195,1.06198,1.00,5.25
2016.12.13 09:22:40.219,1.06195,1.06198,9.04,1.50
2016.12.13 09:22:40.735,1.06196,1.06198,6.00,1.00
2016.12.13 09:22:42.152,1.06197,1.06199,4.72,1.12
2016.12.13 09:22:42.209,1.06199,1.062,3.97,1.12
2016.12.13 09:22:42.310,1.062,1.06202,2.85,4.87
2016.12.13 09:22:42.564,1.06199,1.06201,1.87,5.81
2016.12.13 09:22:42.817,1.06197,1.062,1.87,2.44
2016.12.13 09:22:43.120,1.06198,1.062,1.50,1.50
2016.12.13 09:22:43.278,1.06197,1.06199,1.12,1.00
2016.12.13 09:22:44.689,1.06196,1.06198,1.87,2.44
2016.12.13 09:22:44.791,1.06195,1.06198,1.00,2.81
2016.12.13 09:22:45.313,1.06195,1.06197,1.50,1.00
2016.12.13 09:22:46.726,1.06199,1.062,1.35,4.87
2016.12.13 09:22:46.981,1.06201,1.06202,1.35,1.00
2016.12.13 09:22:47.082,1.06202,1.06204,1.87,3.94
2016.12.13 09:22:47.134,1.06203,1.06204,1.00,2.81
2016.12.13 09:22:47.237,1.06204,1.06206,3.29,12.75
2016.12.13 09:22:47.420,1.06206,1.06208,1.00,2.62
2016.12.13 09:22:47.926,1.06205,1.06207,3.75,1.12
2016.12.13 09:22:48.728,1.06204,1.06207,3.00,1.87
2016.12.13 09:22:49.297,1.06203,1.06207,4.87,3.37
2016.12.13 09:22:49.500,1.06206,1.06207,1.00,1.50
2016.12.13 09:22:49.551,1.06206,1.06209,1.00,1.50
2016.12.13 09:22:50.059,1.06205,1.06209,6.37,1.50
2016.12.13 09:22:51.002,1.06206,1.06209,1.00,1.00
2016.12.13 09:22:51.509,1.06206,1.0621,1.87,3.56
2016.12.13 09:22:52.280,1.06207,1.0621,1.35,1.31
2016.12.13 09:22:52.331,1.06209,1.06211,2.10,5.06
2016.12.13 09:22:52.628,1.06214,1.06216,4.35,6.00
2016.12.13 09:22:52.680,1.06215,1.06217,4.69,6.25
2016.12.13 09:22:53.187,1.06216,1.06217,1.69,1.00
2016.12.13 09:22:53.968,1.06216,1.06219,1.69,1.50
2016.12.13 09:22:54.627,1.06213,1.06216,7.91,3.00
2016.12.13 09:22:55.045,1.06214,1.06216,3.00,4.95
2016.12.13 09:22:57.663,1.06214,1.06217,1.00,1.12
2016.12.13 09:22:58.437,1.06214,1.06217,2.25,1.12
2016.12.13 09:23:02.850,1.06214,1.06218,2.06,4.12
2016.12.13 09:23:03.698,1.06215,1.06217,2.25,1.12
2016.12.13 09:23:03.850,1.06215,1.06219,4.87,1.87
2016.12.13 09:23:04.359,1.06216,1.06219,1.00,1.87
2016.12.13 09:23:05.670,1.06216,1.06218,2.25,1.00
2016.12.13 09:23:09.353,1.06216,1.06219,3.00,1.87
2016.12.13 09:23:12.472,1.06216,1.06218,1.50,1.00
2016.12.13 09:23:12.979,1.06215,1.06218,7.87,1.00
2016.12.13 09:23:13.506,1.06215,1.06219,9.37,1.12
2016.12.13 09:23:16.881,1.06216,1.06219,1.50,2.62
2016.12.13 09:23:18.134,1.06215,1.06219,3.37,4.87
2016.12.13 09:23:18.650,1.06215,1.06218,4.50,2.62
2016.12.13 09:23:22.625,1.06214,1.06218,6.37,1.87
2016.12.13 09:23:22.879,1.06214,1.06215,1.00,1.00
2016.12.13 09:23:23.031,1.06212,1.06214,2.25,1.00
2016.12.13 09:23:23.493,1.0621,1.06213,2.62,3.00
2016.12.13 09:23:23.798,1.06209,1.06211,3.56,1.00
2016.12.13 09:23:24.304,1.06209,1.06212,3.56,4.50
2016.12.13 09:23:25.289,1.0621,1.06213,2.47,1.50
2016.12.13 09:23:25.491,1.06211,1.06214,2.85,1.00
2016.12.13 09:23:27.022,1.06214,1.06215,3.60,6.37
2016.12.13 09:23:27.289,1.06212,1.06216,3.37,12.56
2016.12.13 09:23:27.795,1.06212,1.06215,2.62,4.50
2016.12.13 09:23:30.561,1.06212,1.06213,1.00,1.00
2016.12.13 09:23:30.613,1.0621,1.06213,2.62,1.50
2016.12.13 09:23:32.466,1.06209,1.06212,3.00,2.25
2016.12.13 09:23:32.618,1.06208,1.06211,2.62,1.12
2016.12.13 09:23:34.091,1.06208,1.06211,3.37,6.22
2016.12.13 09:23:34.294,1.06206,1.06208,1.50,1.00
2016.12.13 09:23:34.749,1.06205,1.06206,1.00,2.44
2016.12.13 09:23:34.902,1.06203,1.06205,1.00,1.87
2016.12.13 09:23:35.109,1.06201,1.06205,5.81,2.25
2016.12.13 09:23:35.621,1.06201,1.06205,2.44,8.25
2016.12.13 09:23:36.180,1.06202,1.06205,1.00,8.25
2016.12.13 09:23:36.685,1.06201,1.06205,3.94,9.00
2016.12.13 09:23:45.052,1.06204,1.06205,2.85,5.25
2016.12.13 09:23:45.356,1.06206,1.06207,5.10,3.00
2016.12.13 09:23:45.559,1.06207,1.0621,2.25,4.69
2016.12.13 09:23:49.877,1.06207,1.0621,1.00,9.94
2016.12.13 09:23:52.903,1.06208,1.06209,1.35,1.12
2016.12.13 09:23:53.108,1.06209,1.06211,1.50,1.12
2016.12.13 09:23:53.615,1.06209,1.06212,2.25,2.06
2016.12.13 09:23:53.818,1.0621,1.06213,2.95,5.62
2016.12.13 09:23:54.021,1.0621,1.06214,4.83,3.31
2016.12.13 09:23:54.746,1.0621,1.06214,4.83,3.31
2016.12.13 09:23:55.678,1.0621,1.06212,1.98,1.50
2016.12.13 09:23:55.729,1.06208,1.0621,4.98,2.10
2016.12.13 09:23:55.831,1.06207,1.06209,1.37,1.50
2016.12.13 09:23:56.084,1.06206,1.06208,1.69,1.00
2016.12.13 09:23:56.640,1.06205,1.06207,1.12,5.40
2016.12.13 09:23:56.894,1.06203,1.06206,3.56,2.62
2016.12.13 09:23:57.653,1.06204,1.06207,2.74,1.50
2016.12.13 09:23:58.162,1.06205,1.06207,1.00,1.12
2016.12.13 09:23:59.630,1.06205,1.06208,6.00,1.87
2016.12.13 09:23:59.968,1.06206,1.06209,1.31,1.12
2016.12.13 09:24:01.380,1.06206,1.06207,1.31,1.00
2016.12.13 09:24:01.897,1.06205,1.06207,4.31,1.00
2016.12.13 09:24:03.839,1.06205,1.06206,1.00,1.00
2016.12.13 09:24:06.044,1.06204,1.06205,1.00,1.50
2016.12.13 09:24:06.197,1.06203,1.06205,2.02,2.25
2016.12.13 09:24:06.551,1.06202,1.06203,4.87,1.50
2016.12.13 09:24:06.754,1.06198,1.06202,5.81,1.00
2016.12.13 09:24:06.900,1.06198,1.06202,5.44,1.00
2016.12.13 09:24:07.406,1.06199,1.06202,1.84,1.00
2016.12.13 09:24:16.717,1.062,1.06201,1.50,3.15
2016.12.13 09:24:16.768,1.06198,1.06201,4.69,4.35
2016.12.13 09:24:17.022,1.062,1.06201,3.00,1.57
2016.12.13 09:24:17.532,1.062,1.06203,2.21,4.12
2016.12.13 09:24:18.038,1.06201,1.06203,1.50,2.62
2016.12.13 09:24:18.292,1.06201,1.06205,4.31,7.12
2016.12.13 09:24:18.821,1.06202,1.06205,2.85,2.25
2016.12.13 09:24:18.980,1.06203,1.06206,6.41,3.00
2016.12.13 09:24:19.741,1.06205,1.06207,1.09,8.06
2016.12.13 09:24:20.249,1.06204,1.06207,1.00,5.06
2016.12.13 09:24:21.279,1.06205,1.06207,1.00,1.87
2016.12.13 09:24:22.779,1.06204,1.06206,3.34,1.00
2016.12.13 09:24:23.689,1.06205,1.06206,1.50,1.00
2016.12.13 09:24:24.630,1.06204,1.06206,1.50,1.50
2016.12.13 09:24:25.725,1.06203,1.06204,1.12,1.35
2016.12.13 09:24:26.136,1.06197,1.062,1.12,2.25
2016.12.13 09:24:26.643,1.06195,1.06199,5.10,3.19
2016.12.13 09:24:28.730,1.06195,1.06196,2.25,3.90
2016.12.13 09:24:28.832,1.06194,1.06197,1.69,1.50
2016.12.13 09:24:30.222,1.06194,1.06196,1.25,1.50
2016.12.13 09:24:30.728,1.06193,1.06196,1.30,5.06
2016.12.13 09:24:31.698,1.06192,1.06194,7.54,1.00
2016.12.13 09:24:31.799,1.06191,1.06192,1.00,1.00
2016.12.13 09:24:34.695,1.06192,1.06194,2.85,1.12
2016.12.13 09:24:34.746,1.06192,1.06195,1.35,6.00
2016.12.13 09:24:35.253,1.06193,1.06195,1.35,3.37
2016.12.13 09:24:35.761,1.06192,1.06195,1.35,4.12
2016.12.13 09:24:41.688,1.06192,1.06194,3.60,1.00
2016.12.13 09:24:45.831,1.06193,1.06195,1.00,1.87
2016.12.13 09:24:50.543,1.06193,1.06194,1.00,2.44
2016.12.13 09:24:51.050,1.06192,1.06195,3.60,4.12
2016.12.13 09:24:53.018,1.06194,1.06196,1.00,17.62
2016.12.13 09:24:53.513,1.06192,1.06194,4.72,2.81
2016.12.13 09:24:53.564,1.0619,1.06192,5.85,1.00
2016.12.13 09:24:53.720,1.06192,1.06194,2.10,7.50
2016.12.13 09:24:54.226,1.06192,1.06195,5.10,1.12
2016.12.13 09:24:58.814,1.06192,1.06195,2.47,1.00
2016.12.13 09:25:00.281,1.06192,1.06196,2.47,17.44
2016.12.13 09:25:00.787,1.06192,1.06195,2.47,1.00
2016.12.13 09:25:01.494,1.06193,1.06195,2.10,1.00
2016.12.13 09:25:01.955,1.06195,1.06196,1.00,12.19
2016.12.13 09:25:02.261,1.06198,1.06199,2.47,1.00
2016.12.13 09:25:02.312,1.06198,1.062,3.22,1.50
2016.12.13 09:25:02.820,1.06196,1.06198,1.12,1.00
2016.12.13 09:25:03.327,1.06195,1.06198,3.75,2.62
2016.12.13 09:25:06.978,1.06196,1.06198,1.50,2.62
2016.12.13 09:25:10.801,1.06198,1.06199,1.00,1.50
2016.12.13 09:25:11.055,1.06198,1.062,1.12,2.62
2016.12.13 09:25:15.314,1.06201,1.06204,2.10,7.31
2016.12.13 09:25:15.614,1.06202,1.06204,3.00,1.25
2016.12.13 09:25:16.525,1.06201,1.06204,3.00,7.31
2016.12.13 09:25:17.088,1.062,1.06203,3.37,1.00
2016.12.13 09:25:17.847,1.062,1.06204,4.87,5.81
2016.12.13 09:25:19.488,1.062,1.06203,4.12,1.00
2016.12.13 09:25:21.678,1.062,1.06202,1.12,3.34
2016.12.13 09:25:21.830,1.06198,1.06201,2.25,2.70
2016.12.13 09:25:22.084,1.06198,1.06199,1.12,3.79
2016.12.13 09:25:22.236,1.06195,1.06198,4.50,1.50
2016.12.13 09:25:25.584,1.06197,1.06198,1.00,1.12
2016.12.13 09:25:25.636,1.06198,1.062,3.60,4.12
2016.12.13 09:25:25.687,1.06199,1.062,1.35,1.00
2016.12.13 09:25:25.788,1.062,1.06202,4.50,2.62
2016.12.13 09:25:26.293,1.06201,1.06203,3.00,1.12
2016.12.13 09:25:34.241,1.062,1.06202,5.25,1.20
2016.12.13 09:25:34.393,1.06198,1.062,1.00,2.81
2016.12.13 09:25:34.797,1.06197,1.06199,1.50,1.00
2016.12.13 09:25:35.671,1.06196,1.06197,5.25,1.25
2016.12.13 09:25:35.775,1.06194,1.06195,1.12,1.00
2016.12.13 09:25:37.583,1.06194,1.06196,1.00,2.85
2016.12.13 09:25:38.105,1.06193,1.06196,3.41,1.00
2016.12.13 09:25:43.942,1.06194,1.06196,6.79,1.50
2016.12.13 09:25:43.993,1.06195,1.06197,6.94,1.12
2016.12.13 09:25:44.517,1.06196,1.06199,1.87,2.06
2016.12.13 09:25:47.923,1.06197,1.06199,1.00,1.46
2016.12.13 09:25:47.974,1.06199,1.062,2.47,5.81
2016.12.13 09:25:48.178,1.06199,1.06203,6.00,2.25
2016.12.13 09:25:49.695,1.062,1.06203,1.00,4.37
2016.12.13 09:25:50.233,1.062,1.06203,1.50,2.62
2016.12.13 09:25:50.891,1.062,1.06203,1.50,5.12
2016.12.13 09:25:51.601,1.062,1.06203,1.00,1.87
2016.12.13 09:25:53.841,1.062,1.06202,1.00,1.00
2016.12.13 09:25:54.145,1.06199,1.062,1.12,1.50
2016.12.13 09:25:54.297,1.06197,1.062,1.00,3.37
2016.12.13 09:25:57.802,1.06198,1.062,1.00,4.27
2016.12.13 09:25:59.121,1.06197,1.062,1.00,2.77
2016.12.13 09:26:00.373,1.06197,1.062,4.35,2.02
2016.12.13 09:26:00.829,1.06196,1.06199,1.69,3.75
2016.12.13 09:26:02.048,1.06197,1.062,1.00,4.27
2016.12.13 09:26:02.858,1.06198,1.062,3.60,3.15
2016.12.13 09:26:03.388,1.06199,1.06201,1.50,1.00
2016.12.13 09:26:04.552,1.06199,1.06202,1.00,2.02
2016.12.13 09:26:05.451,1.062,1.06202,1.00,2.02
2016.12.13 09:26:05.958,1.06201,1.06203,1.00,1.87
2016.12.13 09:26:06.545,1.062,1.06203,1.69,1.87
2016.12.13 09:26:07.051,1.062,1.06202,1.69,1.00
2016.12.13 09:26:07.255,1.06197,1.06201,5.10,6.97
2016.12.13 09:26:07.711,1.06199,1.06201,1.50,6.79
2016.12.13 09:26:07.966,1.06197,1.062,2.10,3.94
2016.12.13 09:26:10.821,1.06198,1.062,1.35,1.27
2016.12.13 09:26:12.172,1.06199,1.062,1.35,1.25
2016.12.13 09:26:12.225,1.06201,1.06203,2.10,9.15
2016.12.13 09:26:12.379,1.06202,1.06204,3.60,3.37
2016.12.13 09:26:12.481,1.06203,1.06206,2.62,2.25
2016.12.13 09:26:12.988,1.06203,1.06205,2.25,1.50
2016.12.13 09:26:14.154,1.06203,1.06206,3.00,1.00
2016.12.13 09:26:14.660,1.06204,1.06207,1.00,3.34
2016.12.13 09:26:16.254,1.06203,1.06207,4.50,2.59
2016.12.13 09:26:16.759,1.06204,1.06207,1.00,2.44
2016.12.13 09:26:16.860,1.06205,1.06208,9.04,2.40
2016.12.13 09:26:17.265,1.06206,1.06209,3.00,1.00
2016.12.13 09:26:17.773,1.06207,1.06209,1.00,1.50
2016.12.13 09:26:19.728,1.06209,1.0621,1.50,4.69
2016.12.13 09:26:19.880,1.0621,1.06213,7.91,1.12
2016.12.13 09:26:20.033,1.06213,1.06215,1.00,3.37
2016.12.13 09:26:20.614,1.06213,1.06216,3.75,1.12
2016.12.13 09:26:21.122,1.06213,1.06215,1.00,1.12
2016.12.13 09:26:22.481,1.06214,1.06217,3.60,4.31
2016.12.13 09:26:22.583,1.06215,1.06217,4.50,1.50
2016.12.13 09:26:22.786,1.06217,1.06219,1.00,3.19
2016.12.13 09:26:23.789,1.06214,1.06218,1.69,4.12
2016.12.13 09:26:24.294,1.06214,1.06217,1.25,1.12
2016.12.13 09:26:25.222,1.06213,1.06216,3.37,2.59
2016.12.13 09:26:25.387,1.06212,1.06215,3.00,5.62
2016.12.13 09:26:25.601,1.0621,1.06213,3.75,1.87
2016.12.13 09:26:26.112,1.0621,1.06214,5.25,2.25
2016.12.13 09:26:27.278,1.0621,1.06214,3.75,3.75
2016.12.13 09:26:29.270,1.06211,1.06215,4.31,8.62
2016.12.13 09:26:29.805,1.06211,1.06214,3.19,1.50
2016.12.13 09:26:31.919,1.06212,1.06215,1.12,3.75
2016.12.13 09:26:33.171,1.06214,1.06215,1.35,3.00
2016.12.13 09:26:33.476,1.06215,1.06218,1.00,3.00
2016.12.13 09:26:36.568,1.06214,1.06218,1.00,7.50
2016.12.13 09:26:39.929,1.06213,1.06215,2.25,1.00
2016.12.13 09:26:40.132,1.06212,1.06215,1.00,3.75
2016.12.13 09:26:40.735,1.06211,1.06215,7.35,4.50
2016.12.13 09:26:41.394,1.06211,1.06215,5.10,5.25
2016.12.13 09:26:42.491,1.06211,1.06214,1.12,3.56
2016.12.13 09:26:43.017,1.0621,1.06213,4.50,1.12
2016.12.13 09:26:46.127,1.0621,1.06212,2.25,1.00
2016.12.13 09:26:46.279,1.06209,1.0621,1.00,1.50
2016.12.13 09:26:46.482,1.06207,1.0621,1.50,3.94
2016.12.13 09:26:47.898,1.06207,1.0621,1.12,10.31
2016.12.13 09:26:48.304,1.06205,1.06208,1.00,1.57
2016.12.13 09:26:50.860,1.06206,1.06208,2.25,1.12
2016.12.13 09:26:51.365,1.06207,1.06208,1.00,1.00
2016.12.13 09:26:52.338,1.06207,1.06209,1.00,1.95
2016.12.13 09:26:52.843,1.06207,1.0621,1.50,2.89
2016.12.13 09:26:53.554,1.06207,1.06209,1.50,1.00
2016.12.13 09:26:54.065,1.06207,1.0621,1.50,2.81
2016.12.13 09:26:57.836,1.06206,1.0621,7.20,4.31
2016.12.13 09:26:58.349,1.06207,1.0621,1.00,3.56
2016.12.13 09:26:59.067,1.06208,1.0621,1.00,2.06
2016.12.13 09:26:59.169,1.06206,1.06209,4.87,1.00
2016.12.13 09:27:00.383,1.06208,1.06209,1.50,1.12
2016.12.13 09:27:00.637,1.0621,1.06213,6.04,1.87
2016.12.13 09:27:00.842,1.06212,1.06214,1.00,1.31
2016.12.13 09:27:01.348,1.06212,1.06213,1.00,1.00
2016.12.13 09:27:01.876,1.0621,1.06213,4.72,1.25
2016.12.13 09:27:02.382,1.0621,1.06213,3.22,1.25
2016.12.13 09:27:08.051,1.0621,1.06212,2.25,1.00
2016.12.13 09:27:08.592,1.06209,1.06213,3.19,5.06
2016.12.13 09:27:10.303,1.0621,1.06213,1.00,4.12
2016.12.13 09:27:10.811,1.06213,1.06214,1.35,1.50
2016.12.13 09:27:10.862,1.06213,1.06215,2.47,1.00
2016.12.13 09:27:11.014,1.06214,1.06216,5.66,1.12
2016.12.13 09:27:11.318,1.06214,1.06218,10.54,3.75
2016.12.13 09:27:11.369,1.06215,1.06216,1.00,1.00
2016.12.13 09:27:11.779,1.06212,1.06215,4.50,3.37
2016.12.13 09:27:12.285,1.06212,1.06214,3.00,1.00
2016.12.13 09:27:12.740,1.0621,1.06213,3.56,3.07
2016.12.13 09:27:13.044,1.0621,1.06211,1.69,1.00
2016.12.13 09:27:13.243,1.06208,1.0621,4.12,1.00
2016.12.13 09:27:16.573,1.06208,1.06211,3.37,1.25
2016.12.13 09:27:20.513,1.06209,1.06212,1.00,1.31
2016.12.13 09:27:20.564,1.06211,1.06212,1.00,1.31
2016.12.13 09:27:20.665,1.06211,1.06213,2.25,1.87
2016.12.13 09:27:21.177,1.06212,1.06214,1.00,1.50
2016.12.13 09:27:21.574,1.0621,1.06212,7.87,3.25
2016.12.13 09:27:21.778,1.06209,1.06212,3.37,2.25
2016.12.13 09:27:22.236,1.0621,1.06212,8.29,1.00
2016.12.13 09:27:22.389,1.06211,1.06214,6.22,1.12
2016.12.13 09:27:22.895,1.06211,1.06214,5.62,1.12
2016.12.13 09:27:26.076,1.06213,1.06214,1.00,1.12
2016.12.13 09:27:26.329,1.06211,1.06214,2.25,1.12
2016.12.13 09:27:28.373,1.0621,1.06213,6.56,1.00
2016.12.13 09:27:28.879,1.0621,1.06212,3.75,1.00
2016.12.13 09:27:31.220,1.0621,1.06213,1.50,1.27
2016.12.13 09:27:31.729,1.06212,1.06214,1.50,1.12
2016.12.13 09:27:32.083,1.06214,1.06215,1.00,2.62
2016.12.13 09:27:32.236,1.06215,1.06217,2.62,1.00
2016.12.13 09:27:32.742,1.06216,1.06218,1.12,1.00
2016.12.13 09:27:35.272,1.06215,1.06218,3.75,1.87
2016.12.13 09:27:37.495,1.06215,1.06216,2.62,1.00
2016.12.13 09:27:37.748,1.06213,1.06216,5.81,1.50
2016.12.13 09:27:39.072,1.06212,1.06215,3.75,1.00
2016.12.13 09:27:39.601,1.06211,1.06215,6.00,1.00
2016.12.13 09:27:40.108,1.0621,1.06214,10.99,1.50
2016.12.13 09:27:40.644,1.0621,1.06215,13.49,7.87
2016.12.13 09:27:41.506,1.0621,1.06213,11.99,1.00
2016.12.13 09:27:42.012,1.0621,1.06214,11.99,1.12
2016.12.13 09:27:43.004,1.0621,1.06211,7.39,1.00
2016.12.13 09:27:43.210,1.06209,1.06211,2.06,1.00
2016.12.13 09:27:43.414,1.06209,1.06213,4.56,4.87
2016.12.13 09:27:43.921,1.06209,1.06212,9.56,1.00
2016.12.13 09:27:44.466,1.0621,1.06213,2.25,2.25
2016.12.13 09:27:44.973,1.0621,1.06212,2.25,1.00
2016.12.13 09:27:45.522,1.0621,1.06213,2.25,2.62
2016.12.13 09:27:48.698,1.0621,1.06212,3.75,1.00
2016.12.13 09:27:49.202,1.06209,1.06212,1.25,3.90
2016.12.13 09:27:49.405,1.06211,1.06212,1.00,1.10
2016.12.13 09:27:49.558,1.06212,1.06214,1.50,1.87
2016.12.13 09:27:50.831,1.0621,1.06214,3.37,8.21
2016.12.13 09:27:51.085,1.0621,1.06214,1.12,5.36
2016.12.13 09:27:51.187,1.0621,1.06214,2.62,7.69
2016.12.13 09:27:51.743,1.0621,1.06213,7.12,1.00
2016.12.13 09:27:52.420,1.0621,1.06214,6.37,4.76
2016.12.13 09:27:52.926,1.0621,1.06213,2.62,1.00
2016.12.13 09:27:53.870,1.0621,1.06214,4.12,4.31
2016.12.13 09:27:54.421,1.0621,1.06213,4.87,1.00
2016.12.13 09:27:54.988,1.06206,1.06207,24.00,3.04
2016.12.13 09:27:55.243,1.06206,1.06207,1.00,3.00
2016.12.13 09:27:55.447,1.06203,1.06207,3.37,5.36
2016.12.13 09:27:55.925,1.06205,1.06206,1.00,1.50
2016.12.13 09:27:56.229,1.06211,1.06212,3.00,7.87
2016.12.13 09:27:56.387,1.06212,1.06216,2.62,7.69
2016.12.13 09:27:56.882,1.06211,1.06214,3.00,1.05
2016.12.13 09:27:57.389,1.0621,1.06214,5.44,2.25
2016.12.13 09:27:57.907,1.06211,1.06214,1.50,2.25
2016.12.13 09:27:58.009,1.06212,1.06214,3.49,1.87
2016.12.13 09:27:58.567,1.06212,1.06215,1.25,3.00
2016.12.13 09:28:00.138,1.06211,1.06213,1.50,2.47
2016.12.13 09:28:00.461,1.06209,1.06211,1.00,3.07
2016.12.13 09:28:00.968,1.06208,1.06211,1.69,8.62
2016.12.13 09:28:03.702,1.06208,1.06211,1.69,6.22
2016.12.13 09:28:04.358,1.06206,1.06207,4.12,1.00
2016.12.13 09:28:04.498,1.06205,1.06207,5.06,1.50
2016.12.13 09:28:04.600,1.06204,1.06205,1.00,1.00
2016.12.13 09:28:05.106,1.06204,1.06207,1.25,5.10
2016.12.13 09:28:05.410,1.06203,1.06207,5.44,4.09
2016.12.13 09:28:05.714,1.06205,1.06207,1.50,1.37
2016.12.13 09:28:06.234,1.06204,1.06205,1.12,2.25
2016.12.13 09:28:06.285,1.06203,1.06205,1.12,2.25
2016.12.13 09:28:06.791,1.06202,1.06205,1.69,1.12
2016.12.13 09:28:10.280,1.06202,1.06205,1.00,2.25
2016.12.13 09:28:13.518,1.06201,1.06202,2.25,1.00
2016.12.13 09:28:13.670,1.06199,1.06202,5.25,2.25
2016.12.13 09:28:13.722,1.06201,1.06203,1.00,3.56
2016.12.13 09:28:14.187,1.06198,1.06202,6.19,6.00
2016.12.13 09:28:15.053,1.06199,1.06201,1.00,1.10
2016.12.13 09:28:15.872,1.06198,1.06201,1.50,3.26
2016.12.13 09:28:16.378,1.06198,1.062,1.00,1.00
2016.12.13 09:28:16.921,1.06198,1.06199,1.50,1.00
2016.12.13 09:28:16.974,1.06199,1.06201,3.60,2.62
2016.12.13 09:28:17.136,1.062,1.06202,12.41,2.25
2016.12.13 09:28:17.191,1.06203,1.06204,1.25,1.87
2016.12.13 09:28:17.337,1.06204,1.06205,1.12,2.25
2016.12.13 09:28:17.442,1.06203,1.06204,2.62,2.85
2016.12.13 09:28:17.595,1.06199,1.062,5.25,1.00
2016.12.13 09:28:17.697,1.06199,1.062,1.50,1.00
2016.12.13 09:28:18.236,1.062,1.06201,2.25,1.12
2016.12.13 09:28:18.960,1.06201,1.06202,1.00,2.62
2016.12.13 09:28:20.165,1.062,1.06201,2.25,1.00
2016.12.13 09:28:20.419,1.06198,1.06199,2.62,1.00
2016.12.13 09:28:20.925,1.06196,1.06198,5.44,1.50
2016.12.13 09:28:22.767,1.06196,1.06198,1.69,2.62
2016.12.13 09:28:23.173,1.06195,1.06196,4.87,2.25
2016.12.13 09:28:23.376,1.06193,1.06195,2.62,2.25
2016.12.13 09:28:23.578,1.06192,1.06194,2.25,2.25
2016.12.13 09:28:24.091,1.06191,1.06193,2.62,2.25
2016.12.13 09:28:27.593,1.06191,1.06192,1.12,2.25
2016.12.13 09:28:27.999,1.06187,1.06188,2.25,1.00
2016.12.13 09:28:28.050,1.06183,1.06185,2.25,1.00
2016.12.13 09:28:28.152,1.06181,1.06183,4.50,3.62
2016.12.13 09:28:28.253,1.06181,1.06184,4.31,5.25
2016.12.13 09:28:28.766,1.06181,1.06184,7.31,2.62
2016.12.13 09:28:29.273,1.06182,1.06184,1.00,2.25
2016.12.13 09:28:29.775,1.0618,1.06183,3.19,2.62
2016.12.13 09:28:30.299,1.0618,1.06183,3.37,2.06
2016.12.13 09:28:30.805,1.06181,1.06183,1.00,2.06
2016.12.13 09:28:31.345,1.0618,1.06183,1.87,3.56
2016.12.13 09:28:31.547,1.0618,1.06181,1.12,2.25
2016.12.13 09:28:31.751,1.06176,1.06178,2.06,3.75
2016.12.13 09:28:31.853,1.06174,1.06176,4.12,2.25
2016.12.13 09:28:31.903,1.06174,1.06175,3.00,2.25
2016.12.13 09:28:32.221,1.06175,1.06177,1.50,2.62
2016.12.13 09:28:33.762,1.06175,1.06177,1.00,6.97
2016.12.13 09:28:33.864,1.06172,1.06175,2.81,1.50
2016.12.13 09:28:37.347,1.06172,1.06175,4.31,3.15
2016.12.13 09:28:38.332,1.06172,1.06173,1.12,1.69
2016.12.13 09:28:38.855,1.06171,1.06172,1.12,2.25
2016.12.13 09:28:43.316,1.06171,1.06173,1.12,2.25
2016.12.13 09:28:45.124,1.0617,1.06173,3.37,6.19
2016.12.13 09:28:47.191,1.06169,1.06172,3.94,4.50
2016.12.13 09:28:47.696,1.0617,1.06172,3.19,1.50
2016.12.13 09:28:51.564,1.06171,1.06172,1.00,1.00
2016.12.13 09:28:52.104,1.0617,1.06173,3.19,2.25
2016.12.13 09:28:53.076,1.0617,1.06172,3.19,1.00
2016.12.13 09:28:53.329,1.06171,1.06173,1.00,3.00
2016.12.13 09:28:53.633,1.06172,1.06174,4.12,9.30
2016.12.13 09:28:54.146,1.06172,1.06173,4.50,2.25
2016.12.13 09:28:54.754,1.0617,1.06172,2.62,4.50
2016.12.13 09:28:54.857,1.06166,1.06169,13.87,1.50
2016.12.13 09:28:54.908,1.06165,1.06167,12.00,2.25
2016.12.13 09:28:54.959,1.06163,1.06166,13.12,3.94
2016.12.13 09:28:55.287,1.06157,1.06159,15.37,1.69
2016.12.13 09:28:55.543,1.06149,1.06152,4.50,2.85
2016.12.13 09:28:55.594,1.06151,1.06152,1.00,2.85
2016.12.13 09:28:55.847,1.06147,1.0615,5.62,1.72
2016.12.13 09:28:55.949,1.06148,1.0615,1.50,2.50
2016.12.13 09:28:56.109,1.06148,1.0615,1.00,2.25
2016.12.13 09:28:57.172,1.06149,1.0615,1.00,1.50
2016.12.13 09:28:57.715,1.06148,1.0615,1.00,2.96
2016.12.13 09:28:58.229,1.06148,1.0615,1.00,4.54
2016.12.13 09:28:58.984,1.06148,1.0615,1.00,1.31
2016.12.13 09:28:59.087,1.0615,1.06151,3.00,1.12
2016.12.13 09:28:59.392,1.06159,1.0616,1.00,2.62
2016.12.13 09:28:59.444,1.06159,1.0616,1.00,1.00
2016.12.13 09:28:59.545,1.06159,1.06162,1.00,2.81
2016.12.13 09:28:59.698,1.06161,1.06162,1.00,1.12
2016.12.13 09:29:00.421,1.06162,1.06163,1.00,1.00
2016.12.13 09:29:00.573,1.06165,1.06167,1.00,5.62
2016.12.13 09:29:00.878,1.06166,1.06169,2.25,2.06
2016.12.13 09:29:01.384,1.06167,1.06169,1.00,1.25
2016.12.13 09:29:01.591,1.06169,1.06171,2.62,2.06
2016.12.13 09:29:02.610,1.06171,1.06173,1.00,2.25
2016.12.13 09:29:03.121,1.06172,1.06173,1.00,1.00
2016.12.13 09:29:03.324,1.0617,1.06172,1.50,1.50
2016.12.13 09:29:05.104,1.06171,1.06172,1.00,1.00
2016.12.13 09:29:05.610,1.06171,1.06173,1.00,1.50
2016.12.13 09:29:06.170,1.06171,1.06172,1.00,1.00
2016.12.13 09:29:06.711,1.06171,1.06172,3.37,1.00
2016.12.13 09:29:06.864,1.0617,1.06172,1.12,1.00
2016.12.13 09:29:07.067,1.06172,1.06174,1.00,4.80
2016.12.13 09:29:07.372,1.0618,1.06181,1.00,1.12
2016.12.13 09:29:07.474,1.06181,1.06183,1.00,3.19
2016.12.13 09:29:07.777,1.06184,1.06186,4.94,5.77
2016.12.13 09:29:08.083,1.06182,1.06183,8.25,3.19
2016.12.13 09:29:08.185,1.06182,1.06183,1.00,1.20
2016.12.13 09:29:08.287,1.06182,1.06183,1.00,1.69
2016.12.13 09:29:09.100,1.06181,1.06183,1.00,1.00
2016.12.13 09:29:09.303,1.06179,1.06184,4.69,4.87
2016.12.13 09:29:09.557,1.06181,1.06184,2.25,5.62
2016.12.13 09:29:10.224,1.06181,1.06185,2.25,4.69
2016.12.13 09:29:10.983,1.06183,1.06185,1.00,1.12
2016.12.13 09:29:12.574,1.06182,1.06185,1.00,2.70
2016.12.13 09:29:13.533,1.06181,1.06182,3.75,1.00
2016.12.13 09:29:13.686,1.06179,1.06181,1.00,1.35
2016.12.13 09:29:13.788,1.06177,1.06179,3.37,4.00
2016.12.13 09:29:14.093,1.06173,1.06176,1.12,2.51
2016.12.13 09:29:14.720,1.06173,1.06176,1.50,1.36
2016.12.13 09:29:15.227,1.06173,1.06176,3.37,1.25
2016.12.13 09:29:16.621,1.06174,1.06176,1.00,1.25
2016.12.13 09:29:17.126,1.06175,1.06177,3.00,1.00
2016.12.13 09:29:17.329,1.06175,1.06178,6.75,1.24
2016.12.13 09:29:17.431,1.06177,1.06178,1.00,1.15
2016.12.13 09:29:17.634,1.06181,1.06184,2.25,1.37
2016.12.13 09:29:17.799,1.06183,1.06185,1.00,2.06
2016.12.13 09:29:18.366,1.06183,1.06185,2.25,1.25
2016.12.13 09:29:18.620,1.06188,1.06191,1.69,5.32
2016.12.13 09:29:18.723,1.0619,1.06191,2.25,1.00
2016.12.13 09:29:19.243,1.06191,1.06192,1.00,1.00
2016.12.13 09:29:19.586,1.06186,1.06187,2.25,14.29
2016.12.13 09:29:19.688,1.06184,1.06186,1.50,16.46
2016.12.13 09:29:19.789,1.06181,1.06182,1.50,1.00
2016.12.13 09:29:20.310,1.0618,1.06182,1.12,1.50
2016.12.13 09:29:20.666,1.06178,1.0618,1.12,1.00
2016.12.13 09:29:20.970,1.06174,1.06177,1.87,4.31
2016.12.13 09:29:21.021,1.06174,1.06177,1.50,4.31
2016.12.13 09:29:21.667,1.06173,1.06176,1.12,1.87
2016.12.13 09:29:26.823,1.06174,1.06177,1.00,2.62
2016.12.13 09:29:27.329,1.06173,1.06177,2.62,5.44
2016.12.13 09:29:29.119,1.06173,1.06175,1.12,1.50
2016.12.13 09:29:29.474,1.06171,1.06174,1.00,1.00
2016.12.13 09:29:30.004,1.06172,1.06175,1.00,3.94
2016.12.13 09:29:31.755,1.06172,1.06174,1.00,1.00
2016.12.13 09:29:32.264,1.06172,1.06175,1.00,3.00
2016.12.13 09:29:32.720,1.06171,1.06175,6.37,1.50
2016.12.13 09:29:33.143,1.06173,1.06177,3.37,3.00
2016.12.13 09:29:33.649,1.06173,1.06178,4.87,6.37
2016.12.13 09:29:33.752,1.06175,1.06178,5.25,1.50
2016.12.13 09:29:33.854,1.06176,1.0618,1.87,3.75
2016.12.13 09:29:35.566,1.06175,1.06179,4.65,1.12
2016.12.13 09:29:35.617,1.06175,1.06179,4.27,1.50
2016.12.13 09:29:36.134,1.06176,1.06179,1.00,1.00
2016.12.13 09:29:36.656,1.06176,1.0618,1.00,4.87
2016.12.13 09:29:37.931,1.06176,1.06178,1.00,2.50
2016.12.13 09:29:38.192,1.06172,1.06174,1.87,1.00
2016.12.13 09:29:38.698,1.06171,1.06174,1.00,1.00
2016.12.13 09:29:39.002,1.06171,1.06172,1.00,3.97
2016.12.13 09:29:39.228,1.06166,1.06169,1.37,4.12
2016.12.13 09:29:39.432,1.06166,1.06168,1.00,4.72
2016.12.13 09:29:39.557,1.06164,1.06167,2.25,1.12
2016.12.13 09:29:39.924,1.06166,1.06167,1.00,1.00
2016.12.13 09:29:40.128,1.06168,1.06171,1.00,4.12
2016.12.13 09:29:40.634,1.06169,1.06171,1.00,2.70
2016.12.13 09:29:40.787,1.06167,1.0617,1.12,1.50
2016.12.13 09:29:41.288,1.06167,1.06169,1.00,1.00
2016.12.13 09:29:41.339,1.06168,1.0617,1.37,1.50
2016.12.13 09:29:41.593,1.06167,1.06169,1.00,1.00
2016.12.13 09:29:42.202,1.06165,1.06167,1.87,1.00
2016.12.13 09:29:42.717,1.06164,1.06167,1.12,1.00
2016.12.13 09:29:43.021,1.06167,1.06169,1.00,1.00
2016.12.13 09:29:43.123,1.06167,1.06171,2.25,9.00
2016.12.13 09:29:43.516,1.0617,1.06171,1.00,1.00
2016.12.13 09:29:43.820,1.06172,1.06174,1.00,1.60
2016.12.13 09:29:43.871,1.06172,1.06175,1.00,1.00
2016.12.13 09:29:44.023,1.06174,1.06176,1.00,1.95
2016.12.13 09:29:44.548,1.06173,1.06176,1.00,2.70
2016.12.13 09:29:45.054,1.06172,1.06176,1.12,5.10
2016.12.13 09:29:45.583,1.06172,1.06176,1.50,1.87
2016.12.13 09:29:45.887,1.06175,1.06178,1.00,1.12
2016.12.13 09:29:46.453,1.06175,1.06178,1.00,1.00
2016.12.13 09:29:46.757,1.06173,1.06177,1.50,3.22
2016.12.13 09:29:47.272,1.06172,1.06176,1.87,2.10
2016.12.13 09:29:48.424,1.06172,1.06175,1.00,2.10
2016.12.13 09:29:48.577,1.0617,1.06173,1.00,2.25
2016.12.13 09:29:48.730,1.06168,1.06172,1.37,4.50
2016.12.13 09:29:49.236,1.06167,1.06171,3.75,1.00
2016.12.13 09:29:49.744,1.06169,1.06172,1.87,1.37
2016.12.13 09:29:50.049,1.06163,1.06166,6.75,1.00
2016.12.13 09:29:50.353,1.06162,1.06165,3.75,1.00
2016.12.13 09:29:50.404,1.06164,1.06167,2.25,4.50
2016.12.13 09:29:50.929,1.06163,1.06167,3.37,2.25
2016.12.13 09:29:51.455,1.06163,1.06167,4.12,1.87
2016.12.13 09:29:51.764,1.06166,1.06167,1.00,1.00
2016.12.13 09:29:51.815,1.06166,1.06169,3.37,1.00
2016.12.13 09:29:51.917,1.06167,1.06171,1.50,2.85
2016.12.13 09:29:52.574,1.0617,1.06172,1.50,2.47
2016.12.13 09:29:52.676,1.0617,1.06173,6.75,1.00
2016.12.13 09:29:53.183,1.0617,1.06173,1.00,2.25
2016.12.13 09:29:53.234,1.0617,1.06171,1.00,1.00
2016.12.13 09:29:53.516,1.06166,1.06168,1.12,1.00
2016.12.13 09:29:54.023,1.06164,1.06167,1.87,1.00
2016.12.13 09:29:54.530,1.06164,1.06166,1.12,1.50
2016.12.13 09:29:54.812,1.06167,1.06169,1.00,2.62
2016.12.13 09:29:54.863,1.06166,1.06169,1.50,1.50
2016.12.13 09:29:54.915,1.06168,1.06169,1.00,1.50
2016.12.13 09:29:55.422,1.06167,1.06169,1.12,1.50
2016.12.13 09:29:55.726,1.06164,1.06168,3.37,2.25
2016.12.13 09:29:56.246,1.06164,1.06167,1.87,1.50
2016.12.13 09:29:56.752,1.06164,1.06168,1.12,1.00
2016.12.13 09:29:57.056,1.06165,1.06168,3.75,1.00
2016.12.13 09:29:57.574,1.06166,1.06169,1.87,1.50
2016.12.13 09:29:57.979,1.06167,1.06171,1.00,3.90
2016.12.13 09:29:58.489,1.06166,1.0617,2.62,1.00
2016.12.13 09:29:59.008,1.06166,1.06169,3.37,1.50
2016.12.13 09:29:59.717,1.06166,1.06168,1.12,1.00
2016.12.13 09:29:59.972,1.06164,1.06165,1.12,1.00
2016.12.13 09:30:00.023,1.06163,1.06167,2.25,2.25
2016.12.13 09:30:00.372,1.06166,1.06167,1.00,3.00
2016.12.13 09:30:00.677,1.06171,1.06173,1.50,3.75
2016.12.13 09:30:00.729,1.06169,1.06171,1.50,1.50
2016.12.13 09:30:00.832,1.06166,1.06169,1.87,1.00
2016.12.13 09:30:00.883,1.06168,1.0617,1.00,1.00
2016.12.13 09:30:01.086,1.06168,1.06172,2.25,4.12
2016.12.13 09:30:01.593,1.06169,1.06173,1.87,4.50
2016.12.13 09:30:01.745,1.06169,1.06171,1.12,1.00
2016.12.13 09:30:02.253,1.06166,1.0617,4.50,1.00
2016.12.13 09:30:02.478,1.06165,1.06169,6.00,1.00
2016.12.13 09:30:02.632,1.06163,1.06165,13.50,2.25
2016.12.13 09:30:02.886,1.06158,1.06159,5.25,2.25
2016.12.13 09:30:02.937,1.06155,1.06156,12.00,1.00
2016.12.13 09:30:02.988,1.06151,1.06153,3.62,3.00
2016.12.13 09:30:03.040,1.06151,1.06152,1.00,3.00
2016.12.13 09:30:03.092,1.06151,1.06152,1.00,3.75
2016.12.13 09:30:03.194,1.0615,1.06152,1.00,1.00
2016.12.13 09:30:03.351,1.06148,1.06153,1.87,4.35
2016.12.13 09:30:03.857,1.06148,1.06152,1.00,3.22
2016.12.13 09:30:03.909,1.06146,1.0615,2.25,1.00
2016.12.13 09:30:04.213,1.06147,1.06148,1.00,1.00
2016.12.13 09:30:04.466,1.06148,1.06153,1.12,4.12
2016.12.13 09:30:04.618,1.06147,1.06151,3.75,1.00
2016.12.13 09:30:05.127,1.06148,1.06152,2.62,1.00
2016.12.13 09:30:05.431,1.06147,1.0615,1.12,1.00
2016.12.13 09:30:05.741,1.0615,1.06152,1.00,2.62
2016.12.13 09:30:06.046,1.06156,1.06157,1.00,1.50
2016.12.13 09:30:06.098,1.06156,1.06159,1.00,4.12
2016.12.13 09:30:06.201,1.06153,1.06158,1.50,2.25
2016.12.13 09:30:06.708,1.06153,1.06158,3.37,3.37
2016.12.13 09:30:07.226,1.06154,1.06158,1.00,2.62
2016.12.13 09:30:07.585,1.06153,1.06156,2.62,1.60
2016.12.13 09:30:07.891,1.06149,1.06151,1.00,1.00
2016.12.13 09:30:07.942,1.06149,1.06151,1.00,1.00
2016.12.13 09:30:08.341,1.0615,1.06154,4.12,1.00
2016.12.13 09:30:08.949,1.0615,1.06154,2.62,2.50
2016.12.13 09:30:09.203,1.0615,1.06154,2.62,2.25
2016.12.13 09:30:09.305,1.0615,1.06153,1.87,3.60
2016.12.13 09:30:09.611,1.06147,1.06153,3.75,8.62
2016.12.13 09:30:10.119,1.06147,1.06153,1.50,8.47
2016.12.13 09:30:10.473,1.06147,1.06152,1.50,3.30
2016.12.13 09:30:10.780,1.06145,1.06147,1.00,1.50
2016.12.13 09:30:10.831,1.06144,1.06145,1.50,2.25
2016.12.13 09:30:10.987,1.06143,1.06144,2.25,1.50
2016.12.13 09:30:11.245,1.06141,1.06144,6.00,1.50
2016.12.13 09:30:12.407,1.06141,1.06142,1.50,1.50
2016.12.13 09:30:12.712,1.06137,1.06139,4.50,1.00
2016.12.13 09:30:12.813,1.06137,1.0614,2.25,2.25
2016.12.13 09:30:12.865,1.06139,1.0614,1.00,1.00
2016.12.13 09:30:13.019,1.0614,1.06142,2.25,1.00
2016.12.13 09:30:13.454,1.06142,1.06144,1.00,3.75
2016.12.13 09:30:13.657,1.06143,1.06147,3.00,5.25
2016.12.13 09:30:14.163,1.06144,1.06147,1.00,1.50
2016.12.13 09:30:15.533,1.06143,1.06147,3.75,1.50
2016.12.13 09:30:15.686,1.06144,1.06147,1.50,1.00
2016.12.13 09:30:16.140,1.06147,1.06149,1.00,5.10
2016.12.13 09:30:16.205,1.06149,1.0615,1.00,5.25
2016.12.13 09:30:16.307,1.06151,1.06152,1.50,1.20
2016.12.13 09:30:16.358,1.06151,1.06153,1.87,3.00
2016.12.13 09:30:16.510,1.06151,1.06155,4.12,2.25
2016.12.13 09:30:16.561,1.06153,1.06156,1.87,5.92
2016.12.13 09:30:16.865,1.06158,1.06161,2.25,1.50
2016.12.13 09:30:16.916,1.06158,1.06163,2.25,3.00
2016.12.13 09:30:17.461,1.0616,1.06163,2.62,1.50
2016.12.13 09:30:17.818,1.0616,1.06161,1.12,1.50
2016.12.13 09:30:18.072,1.06156,1.0616,3.00,7.50
2016.12.13 09:30:18.542,1.06156,1.06158,1.50,1.50
2016.12.13 09:30:18.644,1.06156,1.0616,1.50,3.75
2016.12.13 09:30:19.171,1.06156,1.0616,1.60,3.00
2016.12.13 09:30:19.323,1.0616,1.06161,1.50,2.70
2016.12.13 09:30:19.628,1.06164,1.06166,3.00,1.00
2016.12.13 09:30:19.679,1.06164,1.06166,3.75,1.50
2016.12.13 09:30:21.650,1.06163,1.06165,1.00,1.50
2016.12.13 09:30:22.157,1.06161,1.06165,2.25,7.76
2016.12.13 09:30:22.876,1.0616,1.06163,2.25,7.01
2016.12.13 09:30:22.927,1.06158,1.06161,3.00,3.00
2016.12.13 09:30:23.079,1.06157,1.06161,3.00,10.35
2016.12.13 09:30:23.181,1.06159,1.06161,2.25,2.51
2016.12.13 09:30:23.489,1.06166,1.06168,1.87,6.00
2016.12.13 09:30:23.641,1.06166,1.06168,1.00,1.00
2016.12.13 09:30:23.692,1.06166,1.06169,1.00,3.30
2016.12.13 09:30:24.201,1.06165,1.06168,3.75,1.50
2016.12.13 09:30:25.062,1.06165,1.06168,1.00,3.60
2016.12.13 09:30:25.113,1.06164,1.06166,3.25,5.85
2016.12.13 09:30:25.213,1.06162,1.06164,4.12,1.35
2016.12.13 09:30:25.265,1.0616,1.06162,3.00,4.05
2016.12.13 09:30:25.366,1.06158,1.0616,2.25,1.00
2016.12.13 09:30:25.468,1.06158,1.06162,1.50,5.85
2016.12.13 09:30:25.570,1.06158,1.06161,1.50,1.30
2016.12.13 09:30:25.823,1.06158,1.06162,1.50,3.60
2016.12.13 09:30:25.927,1.06158,1.0616,1.50,1.00
2016.12.13 09:30:26.684,1.06156,1.0616,1.75,6.15
2016.12.13 09:30:26.786,1.06156,1.0616,1.30,6.15
2016.12.13 09:30:27.293,1.06156,1.06158,1.30,1.50
2016.12.13 09:30:27.445,1.06157,1.06159,1.00,7.50
2016.12.13 09:30:27.789,1.06166,1.06167,1.12,1.50
2016.12.13 09:30:27.962,1.06166,1.06168,1.87,2.25
2016.12.13 09:30:28.064,1.06165,1.06166,2.25,1.50
2016.12.13 09:30:28.217,1.06164,1.06166,1.87,1.50
2016.12.13 09:30:29.580,1.06162,1.06165,3.75,1.00
2016.12.13 09:30:30.087,1.06163,1.06165,1.16,3.75
2016.12.13 09:30:30.804,1.06162,1.06163,3.37,4.35
2016.12.13 09:30:30.957,1.06159,1.06161,1.12,2.85
2016.12.13 09:30:31.464,1.06157,1.0616,2.25,1.05
2016.12.13 09:30:33.473,1.0616,1.06162,3.19,1.30
2016.12.13 09:30:33.574,1.06163,1.06164,1.50,1.00
2016.12.13 09:30:33.676,1.06163,1.06166,3.37,1.87
2016.12.13 09:30:34.226,1.06164,1.06166,1.00,3.00
2016.12.13 09:30:34.733,1.06163,1.06165,1.12,1.00
2016.12.13 09:30:35.241,1.06162,1.06166,3.94,12.37
2016.12.13 09:30:35.343,1.06162,1.06164,2.25,1.00
2016.12.13 09:30:35.673,1.06155,1.06156,13.69,1.00
2016.12.13 09:30:35.774,1.06155,1.06156,1.69,2.25
2016.12.13 09:30:36.028,1.06155,1.06156,1.00,3.00
2016.12.13 09:30:36.230,1.06151,1.06153,3.94,1.00
2016.12.13 09:30:36.744,1.06151,1.06152,3.37,3.75
2016.12.13 09:30:37.073,1.06149,1.06151,7.69,3.25
2016.12.13 09:30:37.377,1.06146,1.06148,3.56,1.00
2016.12.13 09:30:38.036,1.06145,1.06147,4.31,6.75
2016.12.13 09:30:39.127,1.06146,1.06147,1.69,2.25
2016.12.13 09:30:39.634,1.06147,1.06148,2.62,1.50
2016.12.13 09:30:40.171,1.06147,1.06149,1.50,3.00
2016.12.13 09:30:40.939,1.06148,1.06149,1.69,1.00
2016.12.13 09:30:41.092,1.0615,1.06151,1.69,1.50
2016.12.13 09:30:41.396,1.06152,1.06154,3.50,7.87
2016.12.13 09:30:41.707,1.06154,1.06155,4.50,8.10
2016.12.13 09:30:42.011,1.06149,1.0615,1.50,1.50
2016.12.13 09:30:42.519,1.06151,1.06152,2.44,1.12
2016.12.13 09:30:42.786,1.06153,1.06155,3.94,1.50
2016.12.13 09:30:43.292,1.06154,1.06155,1.00,1.50
2016.12.13 09:30:43.798,1.06153,1.06154,1.69,1.00
2016.12.13 09:30:44.000,1.06149,1.06151,16.50,3.10
2016.12.13 09:30:44.051,1.06146,1.06147,5.06,1.35
2016.12.13 09:30:44.206,1.06145,1.06147,5.77,3.04
2016.12.13 09:30:44.358,1.06141,1.06142,5.62,3.00
2016.12.13 09:30:44.663,1.06138,1.06139,1.87,2.25
2016.12.13 09:30:45.291,1.06137,1.06138,1.12,1.00
2016.12.13 09:30:45.803,1.06138,1.0614,1.00,3.00
2016.12.13 09:30:46.675,1.06138,1.0614,3.00,5.25
2016.12.13 09:30:47.181,1.06137,1.06139,3.94,2.25
2016.12.13 09:30:47.676,1.06138,1.06139,1.00,3.75
2016.12.13 09:30:47.828,1.06138,1.06141,2.62,3.75
2016.12.13 09:30:48.370,1.06138,1.06141,3.37,3.75
2016.12.13 09:30:48.775,1.06136,1.06138,5.25,2.10
2016.12.13 09:30:49.029,1.06128,1.06131,3.75,4.31
2016.12.13 09:30:49.233,1.06129,1.06131,1.50,1.00
2016.12.13 09:30:49.493,1.0613,1.06132,1.37,3.37
2016.12.13 09:30:49.595,1.06131,1.06134,4.12,3.00
2016.12.13 09:30:49.798,1.06133,1.06136,2.25,3.37
2016.12.13 09:30:50.001,1.06132,1.06136,3.37,5.46
2016.12.13 09:30:51.126,1.06132,1.06136,1.87,3.94
2016.12.13 09:30:52.203,1.06133,1.06136,2.44,2.25
2016.12.13 09:30:52.735,1.06136,1.06138,1.00,7.61
2016.12.13 09:30:53.421,1.06137,1.06138,1.00,3.04
2016.12.13 09:30:53.726,1.06141,1.06145,3.75,3.94
2016.12.13 09:30:54.265,1.06142,1.06145,1.00,4.05
2016.12.13 09:30:54.721,1.0614,1.06145,1.87,12.04
2016.12.13 09:30:55.227,1.06139,1.06144,5.81,4.35
2016.12.13 09:30:55.417,1.06144,1.06145,1.00,2.62
2016.12.13 09:30:55.622,1.06146,1.0615,2.62,1.12
2016.12.13 09:30:55.724,1.06146,1.06149,3.00,1.50
2016.12.13 09:30:56.236,1.06146,1.06149,3.75,1.61
2016.12.13 09:30:57.075,1.06146,1.06148,3.75,1.00
2016.12.13 09:30:57.429,1.06145,1.06148,1.00,6.94
2016.12.13 09:30:57.936,1.06145,1.06147,1.00,1.50
2016.12.13 09:30:58.088,1.06144,1.06145,1.00,1.00
2016.12.13 09:30:58.691,1.06144,1.06146,1.00,3.90
2016.12.13 09:30:59.550,1.06143,1.06146,1.00,5.77
2016.12.13 09:31:00.287,1.06143,1.06146,1.00,6.02
2016.12.13 09:31:00.945,1.06143,1.06146,1.50,5.59
2016.12.13 09:31:01.249,1.06149,1.06151,1.87,4.95
2016.12.13 09:31:01.550,1.06154,1.06155,4.12,6.22
2016.12.13 09:31:01.614,1.06157,1.06158,2.25,10.87
2016.12.13 09:31:01.867,1.06157,1.06159,1.00,2.62
2016.12.13 09:31:02.373,1.06156,1.06159,1.25,1.50
2016.12.13 09:31:02.727,1.06155,1.06156,2.62,1.25
2016.12.13 09:31:03.042,1.06153,1.06154,1.00,1.00
2016.12.13 09:31:03.093,1.06151,1.06154,1.00,1.00
2016.12.13 09:31:03.996,1.06151,1.06155,3.56,3.75
2016.12.13 09:31:04.199,1.06153,1.06155,1.69,1.00
2016.12.13 09:31:04.430,1.06155,1.06158,1.00,2.25
2016.12.13 09:31:05.044,1.06155,1.06158,4.12,2.60
2016.12.13 09:31:05.196,1.06154,1.06157,1.50,5.06
2016.12.13 09:31:05.348,1.06153,1.06156,1.00,3.19
2016.12.13 09:31:05.957,1.06152,1.06156,2.62,4.19
2016.12.13 09:31:06.464,1.06153,1.06156,1.00,14.58
2016.12.13 09:31:06.567,1.06151,1.06155,1.12,6.19
2016.12.13 09:31:07.076,1.06152,1.06154,1.00,1.50
2016.12.13 09:31:07.600,1.06152,1.06155,1.00,2.06
2016.12.13 09:31:08.135,1.06152,1.06154,1.00,1.50
2016.12.13 09:31:08.389,1.06151,1.06152,1.87,3.94
2016.12.13 09:31:08.490,1.06149,1.0615,3.00,3.00
2016.12.13 09:31:08.845,1.06147,1.06148,1.00,1.00
2016.12.13 09:31:08.896,1.06146,1.06148,1.00,1.50
2016.12.13 09:31:09.588,1.06146,1.06147,1.00,4.54
2016.12.13 09:31:09.942,1.06142,1.06145,2.44,2.53
2016.12.13 09:31:10.798,1.06143,1.06145,1.00,1.69
2016.12.13 09:31:10.849,1.06143,1.06144,1.00,1.00
2016.12.13 09:31:10.900,1.06141,1.06145,3.37,6.47
2016.12.13 09:31:11.204,1.06141,1.06143,1.50,1.00
2016.12.13 09:31:11.559,1.06142,1.06145,5.62,1.69
2016.12.13 09:31:12.265,1.06144,1.06145,2.25,1.00
2016.12.13 09:31:12.571,1.0615,1.06152,3.37,10.69
2016.12.13 09:31:12.674,1.0615,1.06152,4.12,3.19
2016.12.13 09:31:13.588,1.0615,1.06154,8.06,3.37
2016.12.13 09:31:14.195,1.06151,1.06154,1.12,1.12
2016.12.13 09:31:14.297,1.06153,1.06155,3.44,5.25
2016.12.13 09:31:14.551,1.06157,1.06159,2.25,3.00
2016.12.13 09:31:14.967,1.06155,1.06158,2.81,3.00
2016.12.13 09:31:15.373,1.06154,1.06156,5.25,1.00
2016.12.13 09:31:16.540,1.06154,1.06155,2.25,1.00
2016.12.13 09:31:17.046,1.06153,1.06154,1.00,1.00
2016.12.13 09:31:18.067,1.06152,1.06154,3.75,1.00
2016.12.13 09:31:18.681,1.06151,1.06153,3.00,4.00
2016.12.13 09:31:18.934,1.06149,1.06151,3.75,3.75
2016.12.13 09:31:20.323,1.0615,1.06151,1.00,1.00
2016.12.13 09:31:20.868,1.06149,1.06151,7.12,1.00
2016.12.13 09:31:21.388,1.0615,1.06151,1.00,1.00
2016.12.13 09:31:21.735,1.06149,1.06151,1.00,5.62
2016.12.13 09:31:21.787,1.06147,1.06149,1.50,1.50
2016.12.13 09:31:21.990,1.06145,1.06149,1.31,6.00
2016.12.13 09:31:22.906,1.06145,1.06148,1.31,4.50
2016.12.13 09:31:23.423,1.06145,1.06147,1.69,1.50
2016.12.13 09:31:23.931,1.06145,1.06147,1.31,1.00
2016.12.13 09:31:24.475,1.06145,1.06147,1.31,1.00
2016.12.13 09:31:25.605,1.06145,1.06147,3.19,1.00
2016.12.13 09:31:26.373,1.06146,1.06148,1.00,1.50
2016.12.13 09:31:27.394,1.06145,1.06146,2.62,1.35
2016.12.13 09:31:27.698,1.06141,1.06143,7.50,1.00
2016.12.13 09:31:27.850,1.0614,1.06143,5.25,1.00
2016.12.13 09:31:28.514,1.06143,1.06145,1.60,7.87
2016.12.13 09:31:28.760,1.06145,1.0615,4.50,9.94
2016.12.13 09:31:28.811,1.06145,1.0615,3.75,7.69
2016.12.13 09:31:29.519,1.06145,1.06149,3.75,1.00
2016.12.13 09:31:29.620,1.06145,1.06146,3.00,3.04
2016.12.13 09:31:29.823,1.0614,1.06143,4.87,1.00
2016.12.13 09:31:30.235,1.06141,1.06145,2.62,8.06
2016.12.13 09:31:30.489,1.06143,1.06145,4.75,6.56
2016.12.13 09:31:30.742,1.06142,1.06144,1.12,1.00
2016.12.13 09:31:33.681,1.06142,1.06143,1.12,1.00
2016.12.13 09:31:34.788,1.06142,1.06144,1.12,1.00
2016.12.13 09:31:36.959,1.06143,1.06144,1.00,1.00
2016.12.13 09:31:37.010,1.06147,1.06149,2.10,6.37
2016.12.13 09:31:37.215,1.06151,1.06152,4.12,1.87
2016.12.13 09:31:37.367,1.06152,1.06154,6.00,2.44
2016.12.13 09:31:37.469,1.06153,1.06155,5.50,4.50
2016.12.13 09:31:37.621,1.06155,1.06157,1.00,1.37
2016.12.13 09:31:37.773,1.06155,1.06158,1.50,4.12
2016.12.13 09:31:38.316,1.06155,1.06158,1.00,2.87
2016.12.13 09:31:38.973,1.06154,1.06158,5.62,3.62
2016.12.13 09:31:39.176,1.06153,1.06155,2.25,2.06
2016.12.13 09:31:39.430,1.06145,1.06149,5.44,4.69
2016.12.13 09:31:39.481,1.06145,1.06149,7.31,4.94
2016.12.13 09:31:39.584,1.06146,1.06149,1.00,4.19
2016.12.13 09:31:40.086,1.06147,1.06149,1.00,1.50
2016.12.13 09:31:41.109,1.06147,1.06151,3.37,2.25
2016.12.13 09:31:43.072,1.06147,1.06151,3.75,2.87
2016.12.13 09:31:44.202,1.06147,1.06151,1.50,7.12
2016.12.13 09:31:44.304,1.06146,1.06149,4.12,3.00
2016.12.13 09:31:44.456,1.06144,1.06148,1.87,2.06
2016.12.13 09:31:44.608,1.06144,1.06147,1.12,4.12
2016.12.13 09:31:45.114,1.06143,1.06147,1.12,7.50
2016.12.13 09:31:45.621,1.06142,1.06146,3.56,2.25
2016.12.13 09:31:49.144,1.06143,1.06145,1.12,1.50
2016.12.13 09:31:49.650,1.06142,1.06145,1.12,2.62
2016.12.13 09:31:53.450,1.06141,1.06145,2.59,7.87
2016.12.13 09:31:53.793,1.06141,1.06143,1.00,2.25
2016.12.13 09:31:54.304,1.0614,1.06142,1.50,1.50
2016.12.13 09:31:55.115,1.06139,1.06142,1.00,1.50
2016.12.13 09:31:55.632,1.0614,1.06143,6.94,4.50
2016.12.13 09:31:55.957,1.06144,1.06146,1.00,4.95
2016.12.13 09:31:56.012,1.06145,1.06146,2.25,1.12
2016.12.13 09:31:56.215,1.06146,1.06148,9.19,2.12
2016.12.13 09:31:56.542,1.06144,1.06145,3.68,1.50
2016.12.13 09:31:56.644,1.06141,1.06142,3.19,1.00
2016.12.13 09:31:57.153,1.0614,1.06142,6.19,1.00
2016.12.13 09:31:57.670,1.06142,1.06143,1.00,1.50
2016.12.13 09:31:58.176,1.06141,1.06143,1.84,3.00
2016.12.13 09:32:00.353,1.06139,1.06141,1.00,3.00
2016.12.13 09:32:00.506,1.06137,1.06141,1.12,8.81
2016.12.13 09:32:00.709,1.06138,1.06141,1.25,6.37
2016.12.13 09:32:01.221,1.06139,1.0614,1.25,1.00
2016.12.13 09:32:01.627,1.06137,1.06138,1.12,1.00
2016.12.13 09:32:01.729,1.06136,1.06138,1.87,1.00
2016.12.13 09:32:02.236,1.06136,1.06138,1.50,1.00
2016.12.13 09:32:02.650,1.06136,1.06139,3.19,1.87
2016.12.13 09:32:03.156,1.06136,1.0614,4.50,6.19
2016.12.13 09:32:03.916,1.06137,1.0614,2.40,1.00
2016.12.13 09:32:04.300,1.06139,1.06142,1.69,2.25
2016.12.13 09:32:04.807,1.0614,1.06142,1.30,1.00
2016.12.13 09:32:07.220,1.06141,1.06142,1.25,1.00
2016.12.13 09:32:07.666,1.06139,1.06142,1.12,1.50
2016.12.13 09:32:08.174,1.0614,1.06142,1.00,1.00
2016.12.13 09:32:08.681,1.06139,1.06142,1.00,9.40
2016.12.13 09:32:08.783,1.06138,1.06142,1.69,9.90
2016.12.13 09:32:09.637,1.06137,1.06142,3.75,12.04
2016.12.13 09:32:09.740,1.06137,1.0614,1.69,4.87
2016.12.13 09:32:10.247,1.06136,1.06139,1.00,1.25
2016.12.13 09:32:12.459,1.06136,1.06139,1.50,4.41
2016.12.13 09:32:12.965,1.06136,1.06139,1.00,5.10
2016.12.13 09:32:13.610,1.06137,1.06139,1.37,1.25
2016.12.13 09:32:13.813,1.06135,1.06139,8.81,3.94
2016.12.13 09:32:13.966,1.06137,1.06139,1.50,7.69
2016.12.13 09:32:15.142,1.06137,1.0614,1.87,3.75
2016.12.13 09:32:18.234,1.06137,1.0614,2.62,4.25
2016.12.13 09:32:18.507,1.06138,1.06141,3.37,3.75
2016.12.13 09:32:19.029,1.06138,1.06142,4.50,9.79
2016.12.13 09:32:20.523,1.06138,1.06142,5.62,10.79
2016.12.13 09:32:21.767,1.06138,1.0614,3.37,1.00
2016.12.13 09:32:22.374,1.06138,1.06141,1.12,8.62
2016.12.13 09:32:24.137,1.06138,1.0614,1.12,3.00
2016.12.13 09:32:24.642,1.06137,1.06139,3.00,1.50
2016.12.13 09:32:25.150,1.06138,1.0614,1.50,1.69
2016.12.13 09:32:28.404,1.06139,1.0614,1.00,1.50
2016.12.13 09:32:28.505,1.0614,1.06142,3.00,4.50
2016.12.13 09:32:28.658,1.06141,1.06143,2.62,1.00
2016.12.13 09:32:29.163,1.06142,1.06144,1.00,3.75
2016.12.13 09:32:29.489,1.0614,1.06143,1.50,3.79
2016.12.13 09:32:30.148,1.06139,1.06143,4.50,5.06
2016.12.13 09:32:30.503,1.06142,1.06143,1.00,1.00
2016.12.13 09:32:31.009,1.06141,1.06145,6.00,9.56
2016.12.13 09:32:31.543,1.06142,1.06145,2.25,7.31
2016.12.13 09:32:32.049,1.06141,1.06144,14.25,1.50
2016.12.13 09:32:32.557,1.06141,1.06143,3.00,1.50
2016.12.13 09:32:33.082,1.06139,1.06143,5.44,4.35
2016.12.13 09:32:33.386,1.06137,1.06139,9.00,4.00
2016.12.13 09:32:33.690,1.06137,1.06138,1.12,1.50
2016.12.13 09:32:34.198,1.06136,1.06138,1.50,3.00
2016.12.13 09:32:34.704,1.06137,1.06138,1.00,2.25
2016.12.13 09:32:35.910,1.06137,1.06139,1.00,3.79
2016.12.13 09:32:36.669,1.06135,1.06137,6.75,1.50
2016.12.13 09:32:36.974,1.06131,1.06135,8.06,6.75
2016.12.13 09:32:37.541,1.06132,1.06135,2.44,8.25
2016.12.13 09:32:38.049,1.06133,1.06135,1.50,6.00
2016.12.13 09:32:39.126,1.06131,1.06134,4.12,5.32
2016.12.13 09:32:39.329,1.06129,1.0613,4.50,1.50
2016.12.13 09:32:39.431,1.06127,1.06129,3.94,1.00
2016.12.13 09:32:39.685,1.06127,1.06128,1.00,1.00
2016.12.13 09:32:41.500,1.06128,1.06129,1.00,1.50
2016.12.13 09:32:42.020,1.06127,1.06129,3.00,1.00
2016.12.13 09:32:42.523,1.06127,1.06129,3.00,1.50
2016.12.13 09:32:43.041,1.06127,1.06129,1.00,1.00
2016.12.13 09:32:43.805,1.06128,1.06129,1.87,1.50
2016.12.13 09:32:43.907,1.06129,1.0613,1.12,1.00
2016.12.13 09:32:44.414,1.06128,1.0613,1.87,1.50
2016.12.13 09:32:44.617,1.06126,1.0613,3.56,4.31
2016.12.13 09:32:45.277,1.06126,1.0613,2.06,4.31
2016.12.13 09:32:46.074,1.06126,1.06129,1.31,1.50
2016.12.13 09:32:46.749,1.06126,1.06129,2.06,1.00
2016.12.13 09:32:47.257,1.06126,1.0613,3.56,5.06
2016.12.13 09:32:47.763,1.06127,1.0613,1.00,5.06
2016.12.13 09:32:48.337,1.06128,1.06132,2.25,3.56
2016.12.13 09:32:48.843,1.06129,1.06132,1.12,3.19
2016.12.13 09:32:50.206,1.0613,1.06133,1.50,4.31
2016.12.13 09:32:50.713,1.06131,1.06134,1.31,2.25
2016.12.13 09:32:51.333,1.06132,1.06134,1.00,2.62
2016.12.13 09:32:52.042,1.0613,1.06131,3.37,1.50
2016.12.13 09:32:52.093,1.0613,1.06131,2.62,3.00
2016.12.13 09:32:52.346,1.06128,1.0613,1.12,1.00
2016.12.13 09:32:53.377,1.06128,1.06131,1.12,4.95
2016.12.13 09:32:53.886,1.06127,1.06131,2.06,4.97
2016.12.13 09:32:55.071,1.06127,1.0613,1.37,12.75
2016.12.13 09:32:55.577,1.06127,1.0613,1.00,7.12
2016.12.13 09:32:56.084,1.06128,1.06132,1.12,3.60
2016.12.13 09:32:56.581,1.06128,1.06131,1.12,1.50
2016.12.13 09:32:57.088,1.06127,1.0613,1.00,13.31
2016.12.13 09:32:57.595,1.06127,1.0613,1.00,14.10
2016.12.13 09:32:58.002,1.06128,1.0613,2.50,9.87
2016.12.13 09:32:58.154,1.06129,1.06131,1.50,1.00
2016.12.13 09:32:58.206,1.0613,1.06132,1.00,2.25
2016.12.13 09:32:58.257,1.06129,1.06132,3.00,1.50
2016.12.13 09:33:00.050,1.06129,1.06132,2.62,1.12
2016.12.13 09:33:00.760,1.06128,1.06132,3.75,3.75
2016.12.13 09:33:02.338,1.06129,1.06132,3.37,1.50
2016.12.13 09:33:02.745,1.06131,1.06134,1.00,5.06
2016.12.13 09:33:07.862,1.06132,1.06134,6.79,1.12
2016.12.13 09:33:07.913,1.06134,1.06135,2.25,1.00
2016.12.13 09:33:07.964,1.06135,1.06137,1.00,3.37
2016.12.13 09:33:08.474,1.06136,1.06137,1.00,1.00
2016.12.13 09:33:09.146,1.0614,1.06142,2.85,8.44
2016.12.13 09:33:09.450,1.06144,1.06145,1.50,1.00
2016.12.13 09:33:09.956,1.06144,1.06146,1.00,3.26
2016.12.13 09:33:10.630,1.06144,1.06145,1.00,3.94
2016.12.13 09:33:10.934,1.06137,1.06138,1.00,1.00
2016.12.13 09:33:10.986,1.06136,1.06138,1.00,1.00
2016.12.13 09:33:11.494,1.06135,1.06138,1.31,2.62
2016.12.13 09:33:12.378,1.06135,1.06137,1.31,2.25
2016.12.13 09:33:12.430,1.06134,1.06136,2.62,5.06
2016.12.13 09:33:12.583,1.06132,1.06135,2.25,3.75
2016.12.13 09:33:12.735,1.06131,1.06135,5.44,6.37
2016.12.13 09:33:14.851,1.06131,1.06135,3.19,7.50
2016.12.13 09:33:15.104,1.06129,1.06131,7.12,4.00
2016.12.13 09:33:15.324,1.06127,1.0613,1.50,2.62
2016.12.13 09:33:15.881,1.06127,1.0613,1.00,4.12
2016.12.13 09:33:16.387,1.06126,1.0613,1.87,3.37
2016.12.13 09:33:17.903,1.06126,1.0613,2.62,4.31
2016.12.13 09:33:19.298,1.0613,1.06131,1.50,6.15
2016.12.13 09:33:19.400,1.0613,1.06132,4.50,1.12
2016.12.13 09:33:19.602,1.0613,1.06134,7.50,3.19
2016.12.13 09:33:19.653,1.06132,1.06134,2.50,3.19
2016.12.13 09:33:20.233,1.06133,1.06135,1.00,2.62
2016.12.13 09:33:22.428,1.06134,1.06136,1.00,4.74
2016.12.13 09:33:22.733,1.06136,1.06138,2.50,5.62
2016.12.13 09:33:22.943,1.06139,1.0614,4.87,2.62
2016.12.13 09:33:23.096,1.06137,1.06139,3.00,3.79
2016.12.13 09:33:23.552,1.06135,1.06136,2.25,1.50
2016.12.13 09:33:23.603,1.06134,1.06135,3.37,1.00
2016.12.13 09:33:23.907,1.06133,1.06137,2.62,3.56
2016.12.13 09:33:24.305,1.06135,1.06137,1.00,1.50
2016.12.13 09:33:24.812,1.06136,1.06138,1.00,1.12
2016.12.13 09:33:25.836,1.06137,1.06138,2.25,1.12
2016.12.13 09:33:25.938,1.06138,1.0614,1.00,4.69
2016.12.13 09:33:26.394,1.0614,1.06141,1.00,4.35
2016.12.13 09:33:26.649,1.0614,1.06142,3.94,3.00
2016.12.13 09:33:28.280,1.06144,1.06145,2.25,2.44
2016.12.13 09:33:28.332,1.06145,1.06146,1.00,1.12
2016.12.13 09:33:28.839,1.06145,1.06148,1.00,4.12
2016.12.13 09:33:29.345,1.06145,1.06148,7.50,1.12
2016.12.13 09:33:29.770,1.06148,1.06149,1.00,1.25
2016.12.13 09:33:30.732,1.06144,1.06146,11.25,3.60
2016.12.13 09:33:30.969,1.06143,1.06144,1.00,3.00
2016.12.13 09:33:31.121,1.06145,1.06146,1.69,12.75
2016.12.13 09:33:31.274,1.06146,1.06149,1.87,2.44
2016.12.13 09:33:31.731,1.0615,1.06151,1.35,9.82
2016.12.13 09:33:32.045,1.06153,1.06156,1.00,1.50
2016.12.13 09:33:32.554,1.06153,1.06157,2.25,7.69
2016.12.13 09:33:33.314,1.06153,1.06157,1.50,9.19
2016.12.13 09:33:33.589,1.06153,1.06154,1.00,1.00
2016.12.13 09:33:33.894,1.0615,1.06152,1.00,6.19
2016.12.13 09:33:33.945,1.06148,1.06152,1.87,8.44
2016.12.13 09:33:34.452,1.06149,1.06152,1.00,3.94
2016.12.13 09:33:35.193,1.06149,1.06152,1.00,2.06
2016.12.13 09:33:35.244,1.06151,1.06152,1.00,1.12
2016.12.13 09:33:35.396,1.06151,1.06154,2.62,1.12
2016.12.13 09:33:35.902,1.0615,1.06154,1.87,6.37
2016.12.13 09:33:35.953,1.0615,1.06152,1.12,2.85
2016.12.13 09:33:36.523,1.0615,1.06153,4.87,1.50
2016.12.13 09:33:36.929,1.06151,1.06155,1.87,8.11
2016.12.13 09:33:37.132,1.06152,1.06155,4.12,1.54
2016.12.13 09:33:37.235,1.06155,1.06156,1.00,1.87
2016.12.13 09:33:37.468,1.06153,1.06155,1.12,1.50
2016.12.13 09:33:37.974,1.06153,1.06156,1.50,1.12
2016.12.13 09:33:38.505,1.06152,1.06155,1.00,4.87
2016.12.13 09:33:39.163,1.06152,1.06156,2.62,4.12
2016.12.13 09:33:39.316,1.06154,1.06156,1.00,1.87
2016.12.13 09:33:39.582,1.06154,1.06158,3.37,1.12
2016.12.13 09:33:39.990,1.06154,1.06156,3.19,1.00
2016.12.13 09:33:40.501,1.06153,1.06155,1.69,1.50
2016.12.13 09:33:40.949,1.06155,1.06156,1.25,3.75
2016.12.13 09:33:41.455,1.06155,1.06159,2.44,9.75
2016.12.13 09:33:42.421,1.06153,1.06155,5.25,3.60
2016.12.13 09:33:42.523,1.06153,1.06155,1.00,3.75
2016.12.13 09:33:42.676,1.06151,1.06155,1.87,4.12
2016.12.13 09:33:43.235,1.06151,1.06153,1.87,1.50
2016.12.13 09:33:43.547,1.06148,1.0615,1.00,4.87
2016.12.13 09:33:44.054,1.06147,1.0615,1.00,2.62
2016.12.13 09:33:44.560,1.06147,1.06151,1.00,5.44
2016.12.13 09:33:45.070,1.06147,1.0615,1.00,2.62
2016.12.13 09:33:45.374,1.06144,1.06147,1.00,6.00
2016.12.13 09:33:45.884,1.06144,1.06146,1.00,1.00
2016.12.13 09:33:47.325,1.06145,1.06146,1.00,1.00
2016.12.13 09:33:47.831,1.06145,1.06147,1.00,3.56
2016.12.13 09:33:48.136,1.06143,1.06145,1.12,1.00
2016.12.13 09:33:49.099,1.06143,1.06146,1.12,3.00
2016.12.13 09:33:49.659,1.06142,1.06144,3.19,1.00
2016.12.13 09:33:50.166,1.06142,1.06144,1.69,2.25
2016.12.13 09:33:51.920,1.06144,1.06145,1.00,6.37
2016.12.13 09:33:52.072,1.06144,1.06146,1.00,1.95
2016.12.13 09:33:52.325,1.06142,1.06144,11.44,1.00
2016.12.13 09:33:52.630,1.06138,1.0614,26.66,1.00
2016.12.13 09:33:52.812,1.0614,1.06141,3.75,1.50
2016.12.13 09:33:53.677,1.06135,1.06138,6.00,6.04
2016.12.13 09:33:53.728,1.06135,1.06137,14.25,1.00
2016.12.13 09:33:53.779,1.06136,1.06137,3.76,1.87
2016.12.13 09:33:54.046,1.06132,1.06133,1.12,1.50
2016.12.13 09:33:54.097,1.06132,1.06133,1.12,2.25
2016.12.13 09:33:54.604,1.06131,1.06133,3.94,2.50
2016.12.13 09:33:55.111,1.06132,1.06133,1.12,3.00
2016.12.13 09:33:55.462,1.06131,1.06132,1.00,3.75
2016.12.13 09:33:55.615,1.06129,1.0613,1.00,1.50
2016.12.13 09:33:55.919,1.0613,1.06132,1.50,1.59
2016.12.13 09:33:56.426,1.06131,1.06134,1.50,1.87
2016.12.13 09:33:56.936,1.0613,1.06133,2.25,1.12
2016.12.13 09:33:57.644,1.0613,1.06133,1.00,4.50
2016.12.13 09:33:58.160,1.06135,1.06136,1.00,1.00
2016.12.13 09:33:58.211,1.06136,1.06137,1.00,1.87
2016.12.13 09:33:58.515,1.06134,1.06136,1.12,1.00
2016.12.13 09:33:58.971,1.06133,1.06134,1.00,1.00
2016.12.13 09:33:59.772,1.06133,1.06135,1.00,1.50
2016.12.13 09:34:00.278,1.06133,1.06136,2.62,2.25
2016.12.13 09:34:00.887,1.06135,1.06137,3.19,1.87
2016.12.13 09:34:01.232,1.06139,1.06141,5.62,2.50
2016.12.13 09:34:01.435,1.06138,1.06139,1.50,1.00
2016.12.13 09:34:01.789,1.06139,1.06141,1.00,3.75
2016.12.13 09:34:01.941,1.06138,1.0614,1.00,1.50
2016.12.13 09:34:04.933,1.06138,1.06141,1.12,3.84
2016.12.13 09:34:06.364,1.06139,1.06141,1.00,2.25
2016.12.13 09:34:06.878,1.06139,1.06142,2.25,2.62
2016.12.13 09:34:07.849,1.0614,1.06142,2.81,1.50
2016.12.13 09:34:08.160,1.06141,1.06144,1.87,1.87
2016.12.13 09:34:08.671,1.06142,1.06145,1.00,3.75
2016.12.13 09:34:09.177,1.06142,1.06144,1.00,1.50
2016.12.13 09:34:10.546,1.06147,1.06149,6.04,22.87
2016.12.13 09:34:10.648,1.06148,1.06149,3.00,1.00
2016.12.13 09:34:10.751,1.06148,1.06151,6.00,1.50
2016.12.13 09:34:11.296,1.06149,1.0615,2.06,1.50
2016.12.13 09:34:11.449,1.0615,1.06151,6.19,1.50
2016.12.13 09:34:11.551,1.06151,1.06154,6.56,1.00
2016.12.13 09:34:11.705,1.06152,1.06156,1.12,4.87
2016.12.13 09:34:13.010,1.06153,1.06156,1.69,3.37
2016.12.13 09:34:14.589,1.06152,1.06156,3.37,3.37
2016.12.13 09:34:15.249,1.06152,1.06155,1.12,1.00
2016.12.13 09:34:16.155,1.06152,1.06154,1.12,1.00
2016.12.13 09:34:16.464,1.0615,1.06151,1.50,1.50
2016.12.13 09:34:16.567,1.06148,1.06149,1.87,1.50
2016.12.13 09:34:16.668,1.06146,1.06148,1.00,1.00
2016.12.13 09:34:16.820,1.06147,1.06149,3.79,2.25
2016.12.13 09:34:16.871,1.06148,1.0615,3.19,1.87
2016.12.13 09:34:17.378,1.06148,1.06151,1.25,1.87
2016.12.13 09:34:17.682,1.0615,1.06151,3.19,1.12
2016.12.13 09:34:17.835,1.06151,1.06153,1.00,2.25
2016.12.13 09:34:18.342,1.06151,1.06154,1.50,1.50
2016.12.13 09:34:20.661,1.06154,1.06155,1.25,1.50
2016.12.13 09:34:20.864,1.06155,1.06158,2.62,1.00
2016.12.13 09:34:21.370,1.06155,1.06159,4.50,2.81
2016.12.13 09:34:22.619,1.06155,1.06158,3.00,1.00
2016.12.13 09:34:22.821,1.06155,1.06156,1.50,1.20
2016.12.13 09:34:22.974,1.06153,1.06155,2.62,2.25
2016.12.13 09:34:23.480,1.06152,1.06155,1.12,3.75
2016.12.13 09:34:25.012,1.06152,1.06154,1.50,1.00
2016.12.13 09:34:25.165,1.0615,1.06152,1.00,1.50
2016.12.13 09:34:25.370,1.06148,1.06151,1.87,3.37
2016.12.13 09:34:25.872,1.06147,1.0615,6.56,1.00
2016.12.13 09:34:29.525,1.06147,1.0615,1.25,3.75
2016.12.13 09:34:32.231,1.06147,1.06149,1.00,2.25
2016.12.13 09:34:32.282,1.06146,1.06148,2.62,1.00
2016.12.13 09:34:32.486,1.06144,1.06146,1.12,1.50
2016.12.13 09:34:33.033,1.06142,1.06145,3.19,1.50
2016.12.13 09:34:34.348,1.06142,1.06144,2.44,1.00
2016.12.13 09:34:34.868,1.06143,1.06145,2.37,3.00
2016.12.13 09:34:35.374,1.06143,1.06144,2.06,1.00
2016.12.13 09:34:35.881,1.06143,1.06145,2.06,2.25
2016.12.13 09:34:41.980,1.06144,1.06145,1.25,1.50
2016.12.13 09:34:42.244,1.06145,1.06147,1.00,2.62
2016.12.13 09:34:44.461,1.06147,1.06148,1.00,1.72
2016.12.13 09:34:44.815,1.06145,1.06147,1.12,1.50
2016.12.13 09:34:47.358,1.06146,1.06147,1.00,1.00
2016.12.13 09:34:47.409,1.06146,1.06149,2.29,1.00
2016.12.13 09:34:47.918,1.06147,1.0615,1.00,1.87
2016.12.13 09:34:48.374,1.06149,1.06151,1.00,1.12
2016.12.13 09:34:48.880,1.06149,1.06153,1.00,7.69
2016.12.13 09:34:49.832,1.0615,1.06152,1.00,1.87
2016.12.13 09:34:50.136,1.06149,1.0615,1.00,2.29
2016.12.13 09:34:50.339,1.06147,1.06149,1.00,1.12
2016.12.13 09:34:50.953,1.06146,1.06148,1.69,2.51
2016.12.13 09:34:54.313,1.06142,1.06144,3.75,2.50
2016.12.13 09:34:54.820,1.06141,1.06143,6.41,1.00
2016.12.13 09:34:55.328,1.06143,1.06144,1.00,1.50
2016.12.13 09:34:55.631,1.06141,1.06143,3.19,1.50
2016.12.13 09:34:56.153,1.06141,1.06144,3.19,1.50
2016.12.13 09:34:57.670,1.06141,1.06143,2.06,2.25
2016.12.13 09:34:58.178,1.06141,1.06144,2.06,1.87
2016.12.13 09:35:04.291,1.06141,1.06143,2.06,1.00
2016.12.13 09:35:20.206,1.06142,1.06143,1.00,1.50
2016.12.13 09:35:20.868,1.06142,1.06144,1.00,3.75
2016.12.13 09:35:21.505,1.06142,1.06143,1.00,1.00
2016.12.13 09:35:28.397,1.06141,1.06143,1.12,1.50
2016.12.13 09:35:37.269,1.06141,1.06144,1.12,5.25
2016.12.13 09:35:38.383,1.0614,1.06143,5.81,1.00
2016.12.13 09:35:39.041,1.06141,1.06143,2.85,1.00
2016.12.13 09:35:39.549,1.06141,1.06144,6.30,1.50
2016.12.13 09:35:40.171,1.06141,1.06143,5.85,1.00
2016.12.13 09:35:40.714,1.06141,1.06144,6.97,1.00
2016.12.13 09:35:41.448,1.06141,1.06144,6.97,1.00
2016.12.13 09:35:41.955,1.06141,1.06144,6.60,1.50
2016.12.13 09:35:42.057,1.06143,1.06145,3.25,2.25
2016.12.13 09:35:42.363,1.06146,1.06147,4.72,2.25
2016.12.13 09:35:42.819,1.06145,1.06147,3.94,1.00
2016.12.13 09:35:45.020,1.06147,1.06148,3.75,1.50
2016.12.13 09:35:45.172,1.06149,1.0615,1.87,1.00
2016.12.13 09:35:45.326,1.06147,1.06149,2.62,4.54
2016.12.13 09:35:45.575,1.06146,1.06148,1.12,6.22
2016.12.13 09:35:45.730,1.06145,1.06146,1.85,1.00
2016.12.13 09:35:49.099,1.06144,1.06145,2.41,1.69
2016.12.13 09:35:49.200,1.06143,1.06144,1.12,1.00
2016.12.13 09:35:49.503,1.06144,1.06145,4.12,1.12
2016.12.13 09:35:50.010,1.06143,1.06145,2.62,1.00
2016.12.13 09:35:51.036,1.06144,1.06145,4.12,1.00
2016.12.13 09:35:51.572,1.06144,1.06145,3.00,1.00
2016.12.13 09:35:52.811,1.06144,1.06146,3.00,1.00
2016.12.13 09:35:53.317,1.06143,1.06147,4.50,1.50
2016.12.13 09:35:54.177,1.06143,1.06146,6.00,1.00
2016.12.13 09:35:54.747,1.06143,1.06148,6.00,6.75
2016.12.13 09:35:55.424,1.06144,1.06147,1.00,1.00
2016.12.13 09:35:55.914,1.06146,1.06149,3.75,2.25
2016.12.13 09:35:56.218,1.0615,1.06153,3.75,2.25
2016.12.13 09:35:56.269,1.0615,1.06153,3.37,1.87
2016.12.13 09:35:56.786,1.0615,1.06154,6.37,3.37
2016.12.13 09:35:58.665,1.0615,1.06152,4.12,1.50
2016.12.13 09:35:58.971,1.06148,1.06149,1.00,1.30
2016.12.13 09:35:59.485,1.06147,1.0615,1.50,6.97
2016.12.13 09:36:01.067,1.06147,1.0615,1.00,4.72
2016.12.13 09:36:01.579,1.06147,1.06149,1.00,1.00
2016.12.13 09:36:01.884,1.06149,1.06151,3.00,1.12
2016.12.13 09:36:02.290,1.06147,1.06149,9.00,1.85
2016.12.13 09:36:02.341,1.06148,1.06149,1.00,1.54
2016.12.13 09:36:02.703,1.06146,1.06149,1.87,2.29
2016.12.13 09:36:04.425,1.06146,1.06149,1.00,4.91
2016.12.13 09:36:04.951,1.06146,1.06149,1.00,7.16
2016.12.13 09:36:11.885,1.06145,1.06148,1.12,1.00
2016.12.13 09:36:12.899,1.06144,1.06145,4.87,1.05
2016.12.13 09:36:13.203,1.06142,1.06144,4.12,2.69
2016.12.13 09:36:13.973,1.06144,1.06145,1.00,3.37
2016.12.13 09:36:14.075,1.06145,1.06146,2.25,2.25
2016.12.13 09:36:14.582,1.06145,1.06147,5.25,2.50
2016.12.13 09:36:15.194,1.06146,1.06147,1.00,2.25
2016.12.13 09:36:15.503,1.06145,1.06147,2.25,2.25
2016.12.13 09:36:16.009,1.06145,1.06147,1.50,2.25
2016.12.13 09:36:16.516,1.06145,1.06147,1.50,1.50
2016.12.13 09:36:16.843,1.0615,1.06151,10.35,1.00
2016.12.13 09:36:16.895,1.06154,1.06155,1.00,4.87
2016.12.13 09:36:17.148,1.06155,1.06156,1.00,1.50
2016.12.13 09:36:17.981,1.06154,1.06156,2.25,1.50
2016.12.13 09:36:18.490,1.06154,1.06155,2.25,1.00
2016.12.13 09:36:19.803,1.06153,1.06154,3.00,1.00
2016.12.13 09:36:20.308,1.06153,1.06154,1.50,1.50
2016.12.13 09:36:21.932,1.06152,1.06154,6.37,2.50
2016.12.13 09:36:22.439,1.06151,1.06152,4.50,1.69
2016.12.13 09:36:22.541,1.0615,1.06151,3.37,1.50
2016.12.13 09:36:23.105,1.0615,1.06151,2.81,1.50
2016.12.13 09:36:23.611,1.06151,1.06152,1.00,1.50
2016.12.13 09:36:24.303,1.06151,1.06153,1.00,3.75
2016.12.13 09:36:24.969,1.06151,1.06152,2.25,1.50
2016.12.13 09:36:25.475,1.06152,1.06153,3.37,3.00
2016.12.13 09:36:27.577,1.06151,1.06154,2.25,4.69
2016.12.13 09:36:28.098,1.06152,1.06153,1.00,1.00
2016.12.13 09:36:30.695,1.06152,1.06153,1.87,1.00
2016.12.13 09:36:31.202,1.06152,1.06154,1.87,3.00
2016.12.13 09:36:31.565,1.06152,1.06153,1.50,2.25
2016.12.13 09:36:31.770,1.06154,1.06155,1.50,2.25
2016.12.13 09:36:32.024,1.06153,1.06157,3.37,6.56
2016.12.13 09:36:32.227,1.06154,1.06155,1.00,1.69
2016.12.13 09:36:32.734,1.06153,1.06154,1.00,1.50
2016.12.13 09:36:32.886,1.06152,1.06154,1.87,1.50
2016.12.13 09:36:33.422,1.06152,1.06155,3.22,3.37
2016.12.13 09:36:35.090,1.06152,1.06154,1.87,1.00
2016.12.13 09:36:35.495,1.06151,1.06152,2.62,1.00
2016.12.13 09:36:38.797,1.06151,1.06153,1.87,1.50
2016.12.13 09:36:51.129,1.06152,1.06153,1.50,1.59
2016.12.13 09:36:51.758,1.06151,1.06152,1.00,1.00
2016.12.13 09:36:51.809,1.0615,1.06151,3.75,1.00
2016.12.13 09:36:52.064,1.06148,1.0615,1.50,3.60
2016.12.13 09:36:52.267,1.06144,1.06145,1.12,2.85
2016.12.13 09:36:52.419,1.06142,1.06144,1.00,1.00
2016.12.13 09:36:53.201,1.06142,1.06145,2.25,6.15
2016.12.13 09:36:55.509,1.06142,1.06144,1.50,2.25
2016.12.13 09:36:56.115,1.06141,1.06144,3.56,3.00
2016.12.13 09:36:56.997,1.06143,1.06144,1.50,1.00
2016.12.13 09:36:57.301,1.06151,1.06152,1.00,7.50
2016.12.13 09:36:57.504,1.06152,1.06154,1.50,3.19
2016.12.13 09:36:57.789,1.06154,1.06155,1.25,1.00
2016.12.13 09:36:58.297,1.06153,1.06154,1.00,1.00
2016.12.13 09:36:58.804,1.06151,1.06154,3.22,1.00
2016.12.13 09:36:59.323,1.06152,1.06155,1.50,5.62
2016.12.13 09:36:59.840,1.06153,1.06155,2.06,1.00
2016.12.13 09:37:00.345,1.06153,1.06156,1.31,8.44
2016.12.13 09:37:00.693,1.06152,1.06154,1.87,1.00
2016.12.13 09:37:01.200,1.06153,1.06155,1.00,1.00
2016.12.13 09:37:02.061,1.06152,1.06155,4.87,1.00
2016.12.13 09:37:02.813,1.06153,1.06155,1.00,2.25
2016.12.13 09:37:03.117,1.06155,1.06158,1.00,4.72
2016.12.13 09:37:03.780,1.06155,1.06157,1.00,3.00
2016.12.13 09:37:04.539,1.06154,1.06157,2.62,3.19
2016.12.13 09:37:04.944,1.06156,1.06158,1.00,3.00
2016.12.13 09:37:05.276,1.06156,1.0616,3.37,10.31
2016.12.13 09:37:05.631,1.06158,1.0616,1.00,10.31
2016.12.13 09:37:06.140,1.06157,1.0616,1.50,8.81
2016.12.13 09:37:06.654,1.06156,1.0616,1.00,9.56
2016.12.13 09:37:07.210,1.06156,1.06159,1.00,2.25
2016.12.13 09:37:07.515,1.06156,1.06159,1.00,5.25
2016.12.13 09:37:08.227,1.06155,1.06156,3.75,1.50
2016.12.13 09:37:08.531,1.06151,1.06155,2.25,9.00
2016.12.13 09:37:10.150,1.06152,1.06155,1.50,5.25
2016.12.13 09:37:10.657,1.06154,1.06155,1.00,1.00
2016.12.13 09:37:11.107,1.06152,1.06154,3.19,1.12
2016.12.13 09:37:11.613,1.06153,1.06156,1.00,2.25
2016.12.13 09:37:11.917,1.06151,1.06155,8.36,1.50
2016.12.13 09:37:12.069,1.06153,1.06156,4.61,3.86
2016.12.13 09:37:12.582,1.06155,1.06156,1.00,1.00
2016.12.13 09:37:12.974,1.06155,1.06157,4.12,1.15
2016.12.13 09:37:13.075,1.06157,1.06158,1.00,1.00
2016.12.13 09:37:13.378,1.06164,1.06165,1.00,1.10
2016.12.13 09:37:13.480,1.06164,1.06166,1.12,2.32
2016.12.13 09:37:13.904,1.06165,1.06168,7.12,2.44
2016.12.13 09:37:13.956,1.06167,1.0617,2.25,4.39
2016.12.13 09:37:14.514,1.06167,1.0617,2.62,5.36
2016.12.13 09:37:15.020,1.06166,1.06168,1.00,1.12
2016.12.13 09:37:16.994,1.06165,1.06167,3.56,2.32
2016.12.13 09:37:17.047,1.06162,1.06163,1.00,3.04
2016.12.13 09:37:17.151,1.06161,1.06163,1.00,4.91
2016.12.13 09:37:17.667,1.0616,1.06163,1.87,6.26
2016.12.13 09:37:18.174,1.0616,1.06163,1.12,7.50
2016.12.13 09:37:18.690,1.0616,1.06163,1.12,8.51
2016.12.13 09:37:19.398,1.0616,1.06162,1.12,2.59
2016.12.13 09:37:20.124,1.0616,1.06163,1.50,1.10
2016.12.13 09:37:23.743,1.0616,1.06163,1.00,7.27
2016.12.13 09:37:24.603,1.0616,1.06163,1.50,1.10
2016.12.13 09:37:25.449,1.0616,1.06163,1.00,2.36
2016.12.13 09:37:25.971,1.0616,1.06163,1.12,7.39
2016.12.13 09:37:26.477,1.06159,1.06162,4.87,1.00
2016.12.13 09:37:28.779,1.0616,1.06162,1.00,1.39
2016.12.13 09:37:33.922,1.06159,1.06162,2.25,4.01
2016.12.13 09:37:34.175,1.06161,1.06164,1.35,4.99
2016.12.13 09:37:34.226,1.06162,1.06164,1.50,1.42
2016.12.13 09:37:34.328,1.06162,1.06165,3.00,1.00
2016.12.13 09:37:34.582,1.06164,1.06166,1.87,1.30
2016.12.13 09:37:34.633,1.06164,1.06168,2.62,4.42
2016.12.13 09:37:35.199,1.06166,1.06168,1.00,3.30
2016.12.13 09:37:35.452,1.06172,1.06173,1.00,4.50
2016.12.13 09:37:35.605,1.06173,1.06175,1.00,1.42
2016.12.13 09:37:36.061,1.06172,1.06174,1.20,1.69
2016.12.13 09:37:36.265,1.0617,1.06171,1.50,1.00
2016.12.13 09:37:36.424,1.06169,1.0617,1.00,1.50
2016.12.13 09:37:36.527,1.06166,1.0617,2.62,6.75
2016.12.13 09:37:37.033,1.06165,1.06169,6.19,1.87
2016.12.13 09:37:37.742,1.06167,1.06169,1.12,1.00
2016.12.13 09:37:37.948,1.06168,1.06171,1.00,11.62
2016.12.13 09:37:38.454,1.06167,1.06171,4.12,4.99
2016.12.13 09:37:38.708,1.06169,1.06171,1.50,2.44
2016.12.13 09:37:38.861,1.0617,1.06173,2.25,1.80
2016.12.13 09:37:39.344,1.06168,1.06172,7.12,1.12
2016.12.13 09:37:39.850,1.06169,1.06172,1.00,2.17
2016.12.13 09:37:41.775,1.06171,1.06173,1.00,4.05
2016.12.13 09:37:41.877,1.06171,1.06173,2.25,1.42
2016.12.13 09:37:42.383,1.06172,1.06174,1.00,1.05
2016.12.13 09:37:44.386,1.06171,1.06173,1.00,1.31
2016.12.13 09:37:44.917,1.0617,1.06173,3.75,1.31
2016.12.13 09:37:46.384,1.06171,1.06174,3.75,4.24
2016.12.13 09:37:46.702,1.06176,1.06177,1.00,1.05
2016.12.13 09:37:46.806,1.06177,1.06178,3.00,1.00
2016.12.13 09:37:48.245,1.06176,1.06178,1.12,1.00
2016.12.13 09:37:48.902,1.06175,1.06179,6.75,3.86
2016.12.13 09:37:50.392,1.06175,1.06179,4.87,4.20
2016.12.13 09:37:50.899,1.06175,1.06179,5.25,3.11
2016.12.13 09:37:52.390,1.06177,1.06179,1.00,2.25
2016.12.13 09:37:52.906,1.06176,1.06179,1.12,4.09
2016.12.13 09:37:53.414,1.06175,1.06178,1.12,2.14
2016.12.13 09:37:55.202,1.06175,1.06178,1.00,2.17
2016.12.13 09:37:58.553,1.06176,1.06178,2.25,1.30
2016.12.13 09:37:58.958,1.06176,1.06179,1.00,1.87
2016.12.13 09:37:59.464,1.06177,1.0618,2.25,1.42
2016.12.13 09:38:00.506,1.06179,1.0618,1.00,1.42
2016.12.13 09:38:00.810,1.06182,1.06185,14.44,1.97
2016.12.13 09:38:01.166,1.06181,1.06184,6.19,1.12
2016.12.13 09:38:01.686,1.06182,1.06184,2.25,1.12
2016.12.13 09:38:03.227,1.06183,1.06185,3.37,1.00
2016.12.13 09:38:03.279,1.06183,1.06188,11.81,4.12
2016.12.13 09:38:03.330,1.06185,1.06188,3.75,2.25
2016.12.13 09:38:03.635,1.06187,1.06189,2.25,2.44
2016.12.13 09:38:05.413,1.06186,1.06189,3.75,1.69
2016.12.13 09:38:05.717,1.06184,1.06188,4.87,4.12
2016.12.13 09:38:07.360,1.06184,1.06186,1.50,3.19
2016.12.13 09:38:07.665,1.06181,1.06184,3.75,1.31
2016.12.13 09:38:10.399,1.06182,1.06185,1.00,5.81
2016.12.13 09:38:10.602,1.06183,1.06186,5.44,1.50
2016.12.13 09:38:11.108,1.06183,1.06185,4.69,1.00
2016.12.13 09:38:11.775,1.06183,1.06184,1.00,1.25
2016.12.13 09:38:12.180,1.06181,1.06184,4.12,1.25
2016.12.13 09:38:13.849,1.06181,1.06185,4.12,6.19
2016.12.13 09:38:15.402,1.06182,1.06185,1.00,7.69
2016.12.13 09:38:15.908,1.06181,1.06185,6.37,7.69
2016.12.13 09:38:16.514,1.06182,1.06185,1.00,7.69
2016.12.13 09:38:17.030,1.06182,1.06184,1.00,1.50
2016.12.13 09:38:17.337,1.06184,1.06185,1.50,2.62
2016.12.13 09:38:17.851,1.06183,1.06185,1.00,3.00
2016.12.13 09:38:19.714,1.06184,1.06186,1.00,5.81
2016.12.13 09:38:23.127,1.06183,1.06184,1.50,1.25
2016.12.13 09:38:25.721,1.06183,1.06185,1.00,2.44
2016.12.13 09:38:27.606,1.06184,1.06185,1.00,1.57
2016.12.13 09:38:27.910,1.06186,1.06187,1.00,4.87
2016.12.13 09:38:28.012,1.06186,1.06188,3.00,1.87
2016.12.13 09:38:28.265,1.06185,1.06187,5.62,3.50
2016.12.13 09:38:28.772,1.06185,1.06187,1.50,6.12
2016.12.13 09:38:29.280,1.06184,1.06187,6.00,7.56
2016.12.13 09:38:29.931,1.06185,1.06187,1.50,7.31
2016.12.13 09:38:31.117,1.06185,1.06187,1.00,12.04
2016.12.13 09:38:31.622,1.06184,1.06186,1.50,5.29
2016.12.13 09:38:32.128,1.06185,1.06186,1.00,6.04
2016.12.13 09:38:32.634,1.06184,1.06186,2.25,6.29
2016.12.13 09:38:33.140,1.06185,1.06187,1.00,5.66
2016.12.13 09:38:33.695,1.06186,1.06188,1.00,3.00
2016.12.13 09:38:33.897,1.06189,1.0619,3.00,4.50
2016.12.13 09:38:34.100,1.06191,1.06192,1.00,1.00
2016.12.13 09:38:34.619,1.06191,1.06193,3.00,1.25
2016.12.13 09:38:36.012,1.06192,1.06193,1.00,1.25
2016.12.13 09:38:36.666,1.06192,1.06194,1.00,1.87
2016.12.13 09:38:37.175,1.06193,1.06194,1.00,1.25
2016.12.13 09:38:37.329,1.06195,1.06196,1.12,3.00
2016.12.13 09:38:37.733,1.06194,1.06195,1.00,2.44
2016.12.13 09:38:38.139,1.06195,1.06197,1.00,2.25
2016.12.13 09:38:38.646,1.06196,1.06199,1.50,3.19
2016.12.13 09:38:38.697,1.06196,1.06199,2.62,2.44
2016.12.13 09:38:40.177,1.06195,1.06197,8.62,1.20
2016.12.13 09:38:40.430,1.06194,1.06195,1.00,4.69
2016.12.13 09:38:40.938,1.06193,1.06195,1.00,4.31
2016.12.13 09:38:42.402,1.06193,1.06196,5.62,1.00
2016.12.13 09:38:42.932,1.06193,1.06195,5.62,1.00
2016.12.13 09:38:43.820,1.06193,1.06196,5.62,1.50
2016.12.13 09:38:44.321,1.06193,1.06195,6.00,1.00
2016.12.13 09:38:44.724,1.06195,1.06196,1.00,1.50
2016.12.13 09:38:44.877,1.06196,1.06197,3.00,1.00
2016.12.13 09:38:45.383,1.06196,1.06198,3.37,1.12
2016.12.13 09:38:49.536,1.06195,1.06197,6.00,3.45
2016.12.13 09:38:49.941,1.06194,1.06196,1.87,1.00
2016.12.13 09:38:50.143,1.06195,1.06197,1.00,4.50
2016.12.13 09:38:50.245,1.06194,1.06196,1.87,1.00
2016.12.13 09:38:52.026,1.06194,1.06196,4.12,1.00
2016.12.13 09:38:52.584,1.06194,1.06196,4.12,1.00
2016.12.13 09:38:53.494,1.06194,1.06197,4.12,1.05
2016.12.13 09:38:53.544,1.06194,1.06195,4.12,1.00
2016.12.13 09:38:54.050,1.06194,1.06195,6.75,1.00
2016.12.13 09:38:55.070,1.06194,1.06195,3.75,1.00
2016.12.13 09:38:55.525,1.06196,1.06197,1.00,1.28
2016.12.13 09:38:55.627,1.06196,1.06198,3.37,1.69
2016.12.13 09:38:56.133,1.06196,1.06199,1.50,2.25
2016.12.13 09:38:57.260,1.06197,1.062,1.00,4.91
2016.12.13 09:38:57.766,1.06196,1.062,4.50,5.66
2016.12.13 09:38:59.334,1.06198,1.062,1.00,5.06
2016.12.13 09:38:59.690,1.06201,1.06202,3.00,1.25
2016.12.13 09:38:59.842,1.06202,1.06204,1.00,3.94
2016.12.13 09:38:59.893,1.06201,1.06204,3.37,3.04
2016.12.13 09:39:00.401,1.06202,1.06205,7.87,1.65
2016.12.13 09:39:00.553,1.06204,1.06205,1.00,1.12
2016.12.13 09:39:01.080,1.06203,1.06205,1.00,1.87
2016.12.13 09:39:01.586,1.06202,1.06205,2.25,4.12
2016.12.13 09:39:02.094,1.06202,1.06204,1.00,1.69
2016.12.13 09:39:02.788,1.06202,1.06205,5.10,2.62
2016.12.13 09:39:03.093,1.06204,1.06205,1.00,1.00
2016.12.13 09:39:04.674,1.06204,1.06206,2.25,3.75
2016.12.13 09:39:05.129,1.06203,1.06204,1.12,1.50
2016.12.13 09:39:05.433,1.06201,1.06203,3.25,16.50
2016.12.13 09:39:05.686,1.062,1.06201,2.25,1.12
2016.12.13 09:39:06.212,1.06201,1.06202,3.37,1.00
2016.12.13 09:39:06.466,1.06201,1.06203,3.56,1.50
2016.12.13 09:39:06.972,1.06202,1.06204,1.50,3.75
2016.12.13 09:39:07.517,1.06202,1.06204,1.00,3.75
2016.12.13 09:39:08.022,1.06202,1.06204,1.50,3.75
2016.12.13 09:39:08.325,1.06203,1.06205,1.00,4.12
2016.12.13 09:39:08.831,1.06203,1.06204,1.00,1.00
2016.12.13 09:39:09.359,1.06203,1.06205,1.00,3.37
2016.12.13 09:39:09.730,1.06201,1.06202,3.37,1.50
2016.12.13 09:39:09.781,1.062,1.06202,5.81,1.50
2016.12.13 09:39:09.933,1.06199,1.062,3.00,2.25
2016.12.13 09:39:10.439,1.062,1.06202,3.94,1.50
2016.12.13 09:39:10.642,1.06201,1.06204,3.00,1.87
2016.12.13 09:39:11.151,1.06202,1.06204,1.00,1.12
2016.12.13 09:39:11.641,1.06204,1.06205,2.25,1.12
2016.12.13 09:39:11.844,1.06205,1.06207,3.07,1.87
2016.12.13 09:39:14.168,1.06204,1.06207,6.19,4.12
2016.12.13 09:39:14.750,1.06204,1.06206,1.69,2.32
2016.12.13 09:39:15.258,1.06204,1.06206,1.25,3.60
2016.12.13 09:39:19.034,1.06204,1.06206,1.25,2.47
2016.12.13 09:39:19.389,1.06205,1.06206,3.00,1.20
2016.12.13 09:39:19.541,1.06204,1.06208,9.19,4.50
2016.12.13 09:39:21.799,1.06205,1.06207,1.00,1.00
2016.12.13 09:39:22.526,1.06204,1.06207,4.31,1.50
2016.12.13 09:39:22.779,1.06206,1.06207,1.50,1.50
2016.12.13 09:39:23.286,1.06205,1.06207,3.00,1.50
2016.12.13 09:39:23.813,1.06206,1.06207,1.00,1.50
2016.12.13 09:39:24.320,1.06207,1.06208,1.00,1.87
2016.12.13 09:39:24.422,1.06208,1.0621,2.25,2.25
2016.12.13 09:39:25.592,1.06208,1.06209,2.25,1.00
2016.12.13 09:39:28.221,1.06207,1.06209,1.00,1.00
2016.12.13 09:39:31.018,1.06205,1.06206,6.00,2.62
2016.12.13 09:39:31.119,1.06202,1.06205,9.56,1.12
2016.12.13 09:39:31.170,1.06202,1.06205,5.81,2.62
2016.12.13 09:39:33.236,1.06202,1.06204,5.81,1.00
2016.12.13 09:39:33.745,1.06202,1.06204,1.25,3.37
2016.12.13 09:39:42.409,1.06202,1.06205,1.25,8.04
2016.12.13 09:39:42.966,1.06202,1.06205,1.25,9.54
2016.12.13 09:39:43.674,1.06201,1.06204,4.69,1.20
2016.12.13 09:39:44.078,1.06202,1.06205,1.25,5.32
2016.12.13 09:39:51.019,1.06202,1.06203,1.25,1.00
2016.12.13 09:39:51.122,1.06201,1.06202,1.00,4.27
2016.12.13 09:39:51.274,1.06199,1.062,1.69,1.50
2016.12.13 09:39:51.491,1.06199,1.06203,17.28,3.00
2016.12.13 09:39:51.594,1.06201,1.06204,4.72,2.25
2016.12.13 09:39:52.101,1.06201,1.06205,10.91,1.00
2016.12.13 09:39:55.943,1.06202,1.06206,5.06,9.86
2016.12.13 09:39:56.247,1.06205,1.06207,4.47,7.50
2016.12.13 09:39:56.449,1.06207,1.06208,2.25,1.00
2016.12.13 09:39:56.987,1.06206,1.06208,3.56,1.00
2016.12.13 09:39:58.557,1.06206,1.06209,3.56,2.25
2016.12.13 09:39:59.062,1.06206,1.06209,3.56,3.11
2016.12.13 09:39:59.671,1.06208,1.0621,3.75,14.25
2016.12.13 09:39:59.977,1.06211,1.06213,3.19,3.37
2016.12.13 09:40:01.910,1.06211,1.06214,5.06,1.61
2016.12.13 09:40:04.262,1.06213,1.06215,1.00,11.17
2016.12.13 09:40:07.468,1.06213,1.06215,6.04,1.50
2016.12.13 09:40:07.722,1.06216,1.06219,5.44,1.00
2016.12.13 09:40:07.824,1.06216,1.06219,7.69,1.50
2016.12.13 09:40:08.331,1.06216,1.06219,5.43,1.00
2016.12.13 09:40:09.186,1.06216,1.0622,6.93,9.00
2016.12.13 09:40:09.692,1.06217,1.06219,2.62,1.00
2016.12.13 09:40:10.198,1.06217,1.0622,2.62,6.00
2016.12.13 09:40:12.889,1.06217,1.06219,1.50,1.00
2016.12.13 09:40:13.406,1.06217,1.06218,1.00,1.00
2016.12.13 09:40:13.831,1.06215,1.06217,7.87,2.40
2016.12.13 09:40:14.034,1.06215,1.06217,1.00,3.37
2016.12.13 09:40:14.553,1.06214,1.06217,3.00,1.87
2016.12.13 09:40:15.421,1.06214,1.06216,1.00,4.20
2016.12.13 09:40:15.927,1.06213,1.06215,1.50,1.00
2016.12.13 09:40:17.526,1.06212,1.06215,3.37,1.50
2016.12.13 09:40:19.602,1.06212,1.06215,10.16,1.00
2016.12.13 09:40:19.703,1.06215,1.06216,1.76,1.50
2016.12.13 09:40:20.232,1.06215,1.06217,2.44,1.00
2016.12.13 09:40:21.420,1.06216,1.06217,1.50,1.00
2016.12.13 09:40:21.622,1.06217,1.06219,1.25,1.00
2016.12.13 09:40:22.617,1.06215,1.06217,4.12,7.49
2016.12.13 09:40:22.921,1.06194,1.06196,1.25,2.25
2016.12.13 09:40:23.023,1.06195,1.06197,7.69,1.00
2016.12.13 09:40:23.125,1.06194,1.06196,2.06,1.00
2016.12.13 09:40:23.433,1.06196,1.06198,1.00,1.50
2016.12.13 09:40:23.939,1.06197,1.06199,1.00,5.25
2016.12.13 09:40:24.446,1.06196,1.06199,1.00,4.50
2016.12.13 09:40:24.976,1.06195,1.06197,3.75,1.50
2016.12.13 09:40:25.280,1.06196,1.06197,3.00,2.62
2016.12.13 09:40:25.331,1.06196,1.06197,1.00,2.62
2016.12.13 09:40:25.434,1.06198,1.06199,1.00,4.69
2016.12.13 09:40:25.638,1.06198,1.06201,2.06,3.00
2016.12.13 09:40:25.963,1.06197,1.06199,4.12,3.97
2016.12.13 09:40:26.116,1.06194,1.06195,1.25,1.00
2016.12.13 09:40:26.624,1.06193,1.06194,2.44,1.00
2016.12.13 09:40:27.187,1.06194,1.06195,1.25,4.50
2016.12.13 09:40:27.694,1.06193,1.06194,2.44,1.50
2016.12.13 09:40:27.896,1.06191,1.06192,3.56,1.50
2016.12.13 09:40:28.403,1.06191,1.06193,1.00,2.25
2016.12.13 09:40:28.916,1.06191,1.06194,1.50,5.14
2016.12.13 09:40:29.523,1.06192,1.06194,1.00,4.76
2016.12.13 09:40:30.028,1.06191,1.06194,1.00,4.76
2016.12.13 09:40:30.232,1.06191,1.06192,1.00,1.00
2016.12.13 09:40:30.541,1.06183,1.06185,2.25,6.19
2016.12.13 09:40:30.592,1.06181,1.06184,6.56,1.87
2016.12.13 09:40:30.693,1.06181,1.06183,1.00,3.37
2016.12.13 09:40:30.845,1.06179,1.06181,3.00,1.00
2016.12.13 09:40:31.048,1.06176,1.06178,2.81,2.25
2016.12.13 09:40:31.252,1.06174,1.06175,1.25,1.12
2016.12.13 09:40:31.303,1.06176,1.06177,1.25,6.75
2016.12.13 09:40:31.611,1.06185,1.06186,3.19,1.12
2016.12.13 09:40:31.662,1.06185,1.06187,3.94,1.87
2016.12.13 09:40:32.170,1.06186,1.06188,2.06,1.00
2016.12.13 09:40:32.322,1.06187,1.06189,1.50,3.34
2016.12.13 09:40:32.862,1.06187,1.0619,2.81,3.00
2016.12.13 09:40:33.374,1.06189,1.06191,3.94,1.87
2016.12.13 09:40:33.680,1.06186,1.06187,1.25,1.00
2016.12.13 09:40:34.519,1.06184,1.06187,2.44,3.00
2016.12.13 09:40:34.621,1.06184,1.06185,1.00,1.69
2016.12.13 09:40:34.773,1.06182,1.06184,1.00,2.25
2016.12.13 09:40:35.128,1.06183,1.06186,1.87,3.00
2016.12.13 09:40:35.635,1.06182,1.06185,3.75,2.62
2016.12.13 09:40:36.169,1.06183,1.06185,1.00,2.62
2016.12.13 09:40:36.675,1.06184,1.06187,2.44,5.25
2016.12.13 09:40:37.924,1.06183,1.06185,1.50,4.12
2016.12.13 09:40:38.483,1.06184,1.06186,1.00,5.25
2016.12.13 09:40:38.990,1.06183,1.06185,1.00,1.12
2016.12.13 09:40:39.582,1.06183,1.06186,1.00,4.87
2016.12.13 09:40:41.703,1.06182,1.06186,3.75,6.37
2016.12.13 09:40:44.618,1.06182,1.06185,4.31,1.50
2016.12.13 09:40:45.892,1.06183,1.06185,1.00,3.00
2016.12.13 09:40:46.679,1.06182,1.06185,3.94,4.87
2016.12.13 09:40:48.874,1.06183,1.06185,1.00,4.87
2016.12.13 09:40:49.498,1.06184,1.06186,1.00,2.62
2016.12.13 09:40:50.105,1.06186,1.06188,1.00,9.75
2016.12.13 09:40:50.410,1.06189,1.0619,3.94,3.00
2016.12.13 09:40:50.664,1.06191,1.06193,4.69,1.12
2016.12.13 09:40:51.170,1.06191,1.06193,1.69,1.87
2016.12.13 09:40:51.686,1.06191,1.06193,1.25,8.62
2016.12.13 09:40:52.900,1.06192,1.06194,1.69,8.10
2016.12.13 09:40:53.206,1.06197,1.06199,1.87,1.50
2016.12.13 09:40:53.511,1.06195,1.06199,5.44,3.75
2016.12.13 09:40:55.939,1.06196,1.06198,1.00,1.95
2016.12.13 09:40:55.991,1.06197,1.06199,3.25,5.32
2016.12.13 09:40:56.195,1.062,1.06202,7.91,1.00
2016.12.13 09:40:56.296,1.06203,1.06204,1.50,1.87
2016.12.13 09:40:56.499,1.06203,1.06206,1.50,2.62
2016.12.13 09:40:57.116,1.06204,1.06207,1.00,6.00
2016.12.13 09:40:57.618,1.06204,1.06205,1.00,1.00
2016.12.13 09:40:57.872,1.06202,1.06205,1.12,2.25
2016.12.13 09:40:58.177,1.06204,1.06205,1.00,1.50
2016.12.13 09:40:58.512,1.06208,1.06209,1.31,1.50
2016.12.13 09:40:58.915,1.06206,1.06209,1.69,1.87
2016.12.13 09:41:00.151,1.06206,1.06208,1.00,3.75
2016.12.13 09:41:00.327,1.06204,1.06207,1.31,1.00
2016.12.13 09:41:02.212,1.06203,1.06205,1.87,1.00
2016.12.13 09:41:02.718,1.06201,1.06204,3.19,3.37
2016.12.13 09:41:03.375,1.062,1.06201,3.75,2.40
2016.12.13 09:41:03.426,1.06199,1.06201,3.19,2.50
2016.12.13 09:41:03.630,1.06197,1.06199,1.69,1.50
2016.12.13 09:41:09.722,1.06197,1.062,1.78,4.50
2016.12.13 09:41:10.228,1.06197,1.06199,1.69,4.12
2016.12.13 09:41:10.585,1.06196,1.06197,1.00,2.25
2016.12.13 09:41:10.686,1.06194,1.06196,2.44,1.00
2016.12.13 09:41:11.194,1.06194,1.06195,1.25,1.12
2016.12.13 09:41:11.772,1.06193,1.06195,1.50,1.12
2016.12.13 09:41:11.925,1.06191,1.06194,1.17,2.25
2016.12.13 09:41:12.456,1.0619,1.06194,5.48,4.50
2016.12.13 09:41:14.678,1.0619,1.06191,1.55,1.00
2016.12.13 09:41:14.984,1.06187,1.0619,1.31,8.47
2016.12.13 09:41:15.086,1.06187,1.06188,1.31,1.00
2016.12.13 09:41:15.628,1.06187,1.06189,1.31,1.00
2016.12.13 09:41:18.365,1.06187,1.06188,1.25,1.00
2016.12.13 09:41:18.931,1.06187,1.06189,1.25,3.75
2016.12.13 09:41:21.079,1.06188,1.0619,4.25,4.50
2016.12.13 09:41:21.383,1.06193,1.06194,1.69,1.00
2016.12.13 09:41:21.560,1.06194,1.06196,1.00,2.62
2016.12.13 09:41:21.765,1.06193,1.06196,2.25,8.36
2016.12.13 09:41:22.281,1.06192,1.06195,1.69,6.37
2016.12.13 09:41:23.847,1.06192,1.06195,1.25,7.50
2016.12.13 09:41:24.505,1.06193,1.06195,1.00,3.37
2016.12.13 09:41:25.051,1.06194,1.06195,1.00,5.25
2016.12.13 09:41:32.551,1.06193,1.06195,1.00,2.25
2016.12.13 09:41:33.776,1.06194,1.06195,1.00,3.75
2016.12.13 09:41:34.874,1.06197,1.06199,3.60,8.25
2016.12.13 09:41:34.925,1.06199,1.062,3.94,3.00
2016.12.13 09:41:34.976,1.06202,1.06203,2.29,5.62
2016.12.13 09:41:35.280,1.06207,1.06209,2.12,6.75
2016.12.13 09:41:35.381,1.06208,1.06209,1.00,1.50
2016.12.13 09:41:35.919,1.06208,1.0621,2.87,1.87
2016.12.13 09:41:38.199,1.06208,1.0621,2.12,3.00
2016.12.13 09:41:41.903,1.06208,1.06209,1.35,1.00
2016.12.13 09:41:42.104,1.06212,1.06214,2.29,7.50
2016.12.13 09:41:42.206,1.06212,1.06214,3.41,2.26
2016.12.13 09:41:42.307,1.06212,1.06216,4.16,6.37
2016.12.13 09:41:43.191,1.06212,1.06215,4.16,1.50
2016.12.13 09:41:43.700,1.06213,1.06216,1.69,2.62
2016.12.13 09:41:45.521,1.06214,1.06216,1.00,2.25
2016.12.13 09:41:45.572,1.06215,1.06217,1.00,4.31
2016.12.13 09:41:45.724,1.06214,1.06216,1.00,1.50
2016.12.13 09:41:46.231,1.06214,1.06217,1.00,2.44
2016.12.13 09:41:46.828,1.06213,1.06217,4.50,3.19
2016.12.13 09:41:47.334,1.06214,1.06217,1.00,3.19
2016.12.13 09:41:49.541,1.06214,1.06216,1.00,2.25
2016.12.13 09:41:49.693,1.06211,1.06214,6.37,1.00
2016.12.13 09:41:50.199,1.06211,1.06215,3.75,4.97
2016.12.13 09:41:50.865,1.06211,1.06214,1.50,1.00
2016.12.13 09:41:51.119,1.06209,1.06212,1.50,1.69
2016.12.13 09:41:51.423,1.06207,1.06209,1.72,1.50
2016.12.13 09:41:52.776,1.06206,1.06209,2.06,1.12
2016.12.13 09:41:53.082,1.06208,1.06209,5.06,1.00
2016.12.13 09:41:53.234,1.06209,1.06213,3.75,4.12
2016.12.13 09:41:53.748,1.06209,1.06213,4.12,3.37
2016.12.13 09:41:54.253,1.0621,1.06213,5.89,1.00
2016.12.13 09:41:54.759,1.0621,1.06213,5.89,1.00
2016.12.13 09:41:55.012,1.06212,1.06214,4.00,2.62
2016.12.13 09:41:55.547,1.06211,1.06213,4.75,2.06
2016.12.13 09:41:55.852,1.06212,1.06214,3.75,1.12
2016.12.13 09:41:56.360,1.06213,1.06214,3.75,1.12
2016.12.13 09:41:57.374,1.06213,1.06215,4.00,4.69
2016.12.13 09:42:02.035,1.06214,1.06216,5.25,4.12
2016.12.13 09:42:02.339,1.06216,1.06218,1.00,1.87
2016.12.13 09:42:02.642,1.06215,1.06216,4.12,1.00
2016.12.13 09:42:02.694,1.06214,1.06216,1.00,2.62
2016.12.13 09:42:02.948,1.06214,1.06217,4.00,11.44
2016.12.13 09:42:03.455,1.06214,1.06215,4.50,1.00
2016.12.13 09:42:04.035,1.06213,1.06215,3.75,2.66
2016.12.13 09:42:04.238,1.06215,1.06217,1.00,8.44
2016.12.13 09:42:04.746,1.06216,1.06218,1.00,3.37
2016.12.13 09:42:05.253,1.06216,1.06218,1.00,3.37
2016.12.13 09:42:08.546,1.06216,1.06218,1.00,3.56
2016.12.13 09:42:09.824,1.06216,1.06218,1.00,2.81
2016.12.13 09:42:12.432,1.06216,1.06218,1.00,4.31
2016.12.13 09:42:12.933,1.06216,1.06218,4.75,2.81
2016.12.13 09:42:13.447,1.06216,1.06217,1.00,1.12
2016.12.13 09:42:16.334,1.06216,1.06218,3.75,3.00
2016.12.13 09:42:16.538,1.06218,1.0622,1.00,4.69
2016.12.13 09:42:18.340,1.06218,1.0622,1.00,3.94
2016.12.13 09:42:19.603,1.06217,1.06218,4.50,1.00
2016.12.13 09:42:19.857,1.06217,1.06218,1.50,1.00
2016.12.13 09:42:20.332,1.06216,1.06217,1.50,7.35
2016.12.13 09:42:20.637,1.06212,1.06214,12.00,2.69
2016.12.13 09:42:21.866,1.06213,1.06215,1.00,7.12
2016.12.13 09:42:22.949,1.06213,1.06214,1.00,1.50
2016.12.13 09:42:23.458,1.06212,1.06213,1.50,1.00
2016.12.13 09:42:24.268,1.06212,1.06214,1.50,1.00
2016.12.13 09:42:25.342,1.06212,1.06214,4.00,1.00
2016.12.13 09:42:25.872,1.06212,1.06215,4.75,4.12
2016.12.13 09:42:30.593,1.0621,1.06211,10.50,1.50
2016.12.13 09:42:30.894,1.06206,1.06208,1.50,1.35
2016.12.13 09:42:31.451,1.06207,1.06209,1.00,5.36
2016.12.13 09:42:31.957,1.06206,1.06208,1.50,1.50
2016.12.13 09:42:32.875,1.06207,1.06209,1.00,5.36
2016.12.13 09:42:32.977,1.06206,1.06208,1.00,1.00
2016.12.13 09:42:33.520,1.06206,1.06209,3.00,3.86
2016.12.13 09:42:33.723,1.06208,1.0621,1.25,3.37
2016.12.13 09:42:34.043,1.06212,1.06213,1.50,1.87
2016.12.13 09:42:36.381,1.06212,1.06213,1.00,1.87
2016.12.13 09:42:36.922,1.06212,1.06214,4.75,5.85
2016.12.13 09:42:37.125,1.06214,1.06215,1.50,1.12
2016.12.13 09:42:37.480,1.06215,1.06217,3.94,1.87
2016.12.13 09:42:38.417,1.06215,1.06216,1.25,1.00
2016.12.13 09:42:38.924,1.06215,1.06218,4.69,3.00
2016.12.13 09:42:51.121,1.06216,1.06218,1.00,3.00
2016.12.13 09:42:51.627,1.06217,1.06218,1.00,1.00
2016.12.13 09:42:53.457,1.06217,1.06219,3.00,1.50
2016.12.13 09:42:53.972,1.06217,1.0622,3.00,3.37
2016.12.13 09:42:54.181,1.06219,1.06221,5.69,6.75
2016.12.13 09:42:54.334,1.06222,1.06223,1.31,1.00
2016.12.13 09:42:54.385,1.06222,1.06225,2.06,3.00
2016.12.13 09:42:54.998,1.06221,1.06225,2.44,3.97
2016.12.13 09:42:55.100,1.0622,1.06221,5.25,1.03
2016.12.13 09:42:55.607,1.06221,1.06222,1.00,1.72
2016.12.13 09:42:55.961,1.06218,1.06222,4.31,5.47
2016.12.13 09:42:56.913,1.06218,1.0622,1.25,2.85
2016.12.13 09:43:00.828,1.06218,1.06221,1.25,4.72
2016.12.13 09:43:02.529,1.06218,1.06221,2.44,3.97
2016.12.13 09:43:03.035,1.06217,1.06219,1.00,1.35
2016.12.13 09:43:04.226,1.06216,1.06219,1.69,1.35
2016.12.13 09:43:06.745,1.06216,1.06219,1.69,2.85
2016.12.13 09:43:06.898,1.06214,1.06217,4.69,3.00
2016.12.13 09:43:07.411,1.06214,1.06216,1.69,2.36
2016.12.13 09:43:07.917,1.06214,1.06215,1.25,2.25
2016.12.13 09:43:08.524,1.06214,1.06216,1.25,4.12
2016.12.13 09:43:15.605,1.06216,1.06217,1.54,2.62
2016.12.13 09:43:15.910,1.06217,1.06219,6.75,3.37
2016.12.13 09:43:16.432,1.06217,1.06219,6.75,1.50
2016.12.13 09:43:18.553,1.06216,1.06219,2.34,2.85
2016.12.13 09:43:18.606,1.06215,1.06218,4.69,1.50
2016.12.13 09:43:18.810,1.06215,1.06217,1.00,4.84
2016.12.13 09:43:18.962,1.06212,1.06215,10.69,1.00
2016.12.13 09:43:20.855,1.06212,1.06216,7.69,6.34
2016.12.13 09:43:21.374,1.06212,1.06215,7.69,1.00
2016.12.13 09:43:23.356,1.06212,1.06216,5.06,6.34
2016.12.13 09:43:23.862,1.06212,1.06215,4.31,1.00
2016.12.13 09:43:23.964,1.06212,1.06213,1.00,1.00
2016.12.13 09:43:31.572,1.06212,1.06214,1.00,1.24
2016.12.13 09:43:34.681,1.06213,1.06215,1.00,2.25
2016.12.13 09:43:35.188,1.06213,1.06215,1.00,1.12
2016.12.13 09:43:37.073,1.06212,1.06215,1.69,1.87
2016.12.13 09:43:38.950,1.06212,1.06215,1.25,4.16
2016.12.13 09:43:40.686,1.06212,1.06214,3.19,1.04
2016.12.13 09:43:43.088,1.06212,1.06215,3.79,1.87
2016.12.13 09:43:46.067,1.06213,1.06215,1.00,1.87
2016.12.13 09:43:48.743,1.06212,1.06215,1.54,1.12
2016.12.13 09:43:50.392,1.06213,1.06215,1.00,1.00
2016.12.13 09:43:55.761,1.06215,1.06216,2.44,6.37
2016.12.13 09:43:55.988,1.06218,1.0622,1.00,1.12
2016.12.13 09:43:56.393,1.06217,1.06219,1.69,3.60
2016.12.13 09:43:56.926,1.06218,1.06219,1.00,1.35
2016.12.13 09:43:57.535,1.06218,1.0622,1.00,1.12
2016.12.13 09:43:59.578,1.06218,1.0622,1.50,1.00
2016.12.13 09:44:00.438,1.06224,1.06225,1.54,33.37
2016.12.13 09:44:00.769,1.06227,1.06229,1.25,2.25
2016.12.13 09:44:01.273,1.06227,1.0623,2.44,2.62
2016.12.13 09:44:01.779,1.06227,1.06229,1.69,1.50
2016.12.13 09:44:03.733,1.06227,1.06229,3.56,1.00
2016.12.13 09:44:04.623,1.06231,1.06233,2.44,3.37
2016.12.13 09:44:04.822,1.06231,1.06234,21.71,1.87
2016.12.13 09:44:04.874,1.06231,1.06233,22.24,1.00
2016.12.13 09:44:05.127,1.06228,1.06231,1.87,5.74
2016.12.13 09:44:05.633,1.06228,1.0623,1.87,1.35
2016.12.13 09:44:05.836,1.06228,1.06231,4.72,1.00
2016.12.13 09:44:06.107,1.0623,1.06233,6.37,1.12
2016.12.13 09:44:06.613,1.06231,1.06233,1.87,1.00
2016.12.13 09:44:06.868,1.06229,1.0623,3.00,1.00
2016.12.13 09:44:06.970,1.06229,1.0623,1.87,2.25
2016.12.13 09:44:07.073,1.06228,1.0623,6.56,1.50
2016.12.13 09:44:07.592,1.06228,1.0623,3.37,1.00
2016.12.13 09:44:08.098,1.06228,1.06231,1.37,2.70
2016.12.13 09:44:09.034,1.06228,1.0623,1.37,1.50
2016.12.13 09:44:09.645,1.06228,1.06229,1.12,3.19
2016.12.13 09:44:09.697,1.06226,1.06229,1.00,5.44
2016.12.13 09:44:09.900,1.06224,1.06227,1.50,1.50
2016.12.13 09:44:10.214,1.06224,1.06225,1.12,1.00
2016.12.13 09:44:10.724,1.06223,1.06225,1.50,1.00
2016.12.13 09:44:11.030,1.06226,1.06228,6.75,2.25
2016.12.13 09:44:11.336,1.0623,1.06232,3.37,1.87
2016.12.13 09:44:11.885,1.0623,1.06233,5.25,1.00
2016.12.13 09:44:12.343,1.06233,1.06234,1.00,1.00
2016.12.13 09:44:12.597,1.06235,1.06237,3.75,1.50
2016.12.13 09:44:13.846,1.06236,1.06237,1.00,1.00
2016.12.13 09:44:13.897,1.06236,1.06239,2.25,3.37
2016.12.13 09:44:14.430,1.06237,1.06239,1.00,1.87
2016.12.13 09:44:21.572,1.06237,1.0624,11.47,3.75
2016.12.13 09:44:21.623,1.06238,1.06241,9.00,5.25
2016.12.13 09:44:21.970,1.06242,1.06245,6.75,1.37
2016.12.13 09:44:22.021,1.06242,1.06245,7.12,2.44
2016.12.13 09:44:22.529,1.06241,1.06244,4.50,1.69
2016.12.13 09:44:22.782,1.06242,1.06246,6.37,7.57
2016.12.13 09:44:23.315,1.06242,1.06245,7.49,1.00
2016.12.13 09:44:23.822,1.06243,1.06246,1.00,3.75
2016.12.13 09:44:24.533,1.06243,1.06245,1.00,5.06
2016.12.13 09:44:25.039,1.06242,1.06245,2.62,2.44
2016.12.13 09:44:27.885,1.06241,1.06245,5.62,7.69
2016.12.13 09:44:28.088,1.06241,1.06242,2.62,2.25
2016.12.13 09:44:28.444,1.06239,1.06242,1.87,2.06
2016.12.13 09:44:28.964,1.06239,1.06242,11.31,1.12
2016.12.13 09:44:29.225,1.06241,1.06244,2.25,3.00
2016.12.13 09:44:29.480,1.06241,1.06246,4.31,7.12
2016.12.13 09:44:29.938,1.06248,1.06251,2.25,4.50
2016.12.13 09:44:30.341,1.0625,1.06254,7.87,1.87
2016.12.13 09:44:30.480,1.06251,1.06254,3.75,1.00
2016.12.13 09:44:32.201,1.06251,1.06252,3.00,2.10
2016.12.13 09:44:32.404,1.06249,1.0625,1.00,6.82
2016.12.13 09:44:32.455,1.06247,1.06249,2.06,1.00
2016.12.13 09:44:32.506,1.06246,1.06248,5.06,2.10
2016.12.13 09:44:32.874,1.06246,1.06249,1.00,3.79
2016.12.13 09:44:33.280,1.06246,1.06248,3.00,3.79
2016.12.13 09:44:33.483,1.06246,1.06249,1.00,2.10
2016.12.13 09:44:33.940,1.06246,1.06248,1.50,1.60
2016.12.13 09:44:35.819,1.06245,1.06246,1.50,3.00
2016.12.13 09:44:36.057,1.06243,1.06244,1.50,1.25
2016.12.13 09:44:36.569,1.06243,1.06246,1.50,3.19
2016.12.13 09:44:37.075,1.06243,1.06245,1.50,1.50
2016.12.13 09:44:37.699,1.06243,1.06246,1.50,3.19
2016.12.13 09:44:37.750,1.06243,1.06244,1.50,1.25
2016.12.13 09:44:37.952,1.06241,1.06244,3.75,2.29
2016.12.13 09:44:38.560,1.06241,1.06244,4.75,2.44
2016.12.13 09:44:40.604,1.06241,1.06242,2.25,2.10
2016.12.13 09:44:40.807,1.06239,1.06241,2.62,2.62
2016.12.13 09:44:40.959,1.0624,1.06242,1.00,5.85
2016.12.13 09:44:41.466,1.0624,1.06242,1.00,4.50
2016.12.13 09:44:41.978,1.0624,1.06242,1.00,5.25
2016.12.13 09:44:42.791,1.06238,1.06242,4.50,5.10
2016.12.13 09:44:43.920,1.06238,1.06242,4.75,2.25
2016.12.13 09:44:47.691,1.06239,1.06241,1.50,1.00
2016.12.13 09:44:47.793,1.06238,1.0624,2.25,1.00
2016.12.13 09:44:48.096,1.06237,1.06239,2.25,2.25
2016.12.13 09:44:48.198,1.06237,1.06238,1.00,3.79
2016.12.13 09:44:48.300,1.06235,1.06236,1.00,1.87
2016.12.13 09:44:48.455,1.06233,1.06235,2.06,1.50
2016.12.13 09:44:48.912,1.06233,1.06237,4.54,1.87
2016.12.13 09:44:48.964,1.06236,1.06239,1.50,2.85
2016.12.13 09:44:49.116,1.06238,1.06241,6.37,1.87
2016.12.13 09:44:49.221,1.06239,1.06241,4.83,1.00
2016.12.13 09:44:49.577,1.06235,1.06236,1.00,1.50
2016.12.13 09:44:50.086,1.06234,1.06235,2.25,1.00
2016.12.13 09:44:51.022,1.06234,1.06236,1.00,2.25
2016.12.13 09:44:51.556,1.06234,1.06235,1.00,1.00
2016.12.13 09:44:53.088,1.06233,1.06235,6.82,1.00
2016.12.13 09:44:53.190,1.06235,1.06236,3.00,1.12
2016.12.13 09:44:53.292,1.06235,1.06238,4.12,2.25
2016.12.13 09:44:55.516,1.06236,1.06238,3.00,2.25
2016.12.13 09:44:55.668,1.06238,1.06239,1.00,1.50
2016.12.13 09:44:56.174,1.06238,1.0624,1.00,2.44
2016.12.13 09:44:57.529,1.06238,1.06239,1.00,1.00
2016.12.13 09:44:57.681,1.06236,1.06238,1.50,1.00
2016.12.13 09:44:58.198,1.06236,1.06237,1.00,1.00
2016.12.13 09:44:58.704,1.06233,1.06235,3.00,1.00
2016.12.13 09:44:58.856,1.06232,1.06235,1.00,3.75
2016.12.13 09:44:59.734,1.06233,1.06235,1.87,1.50
2016.12.13 09:44:59.887,1.06235,1.06236,1.00,1.50
2016.12.13 09:44:59.938,1.06236,1.06238,1.00,5.62
2016.12.13 09:45:00.091,1.06238,1.06239,1.00,2.25
2016.12.13 09:45:00.345,1.06237,1.0624,1.69,3.37
2016.12.13 09:45:00.852,1.06235,1.06239,6.75,3.00
2016.12.13 09:45:00.903,1.06235,1.06239,4.87,4.50
2016.12.13 09:45:01.161,1.06234,1.06237,3.75,1.00
2016.12.13 09:45:01.667,1.06234,1.06237,2.25,1.50
2016.12.13 09:45:03.209,1.06236,1.06238,1.00,1.50
2016.12.13 09:45:03.714,1.06236,1.06239,1.00,1.87
2016.12.13 09:45:04.121,1.06233,1.06238,13.69,5.62
2016.12.13 09:45:04.627,1.06235,1.06238,1.12,2.25
2016.12.13 09:45:08.045,1.06235,1.06237,1.00,1.00
2016.12.13 09:45:08.566,1.06234,1.06237,1.87,1.00
2016.12.13 09:45:10.301,1.06235,1.06238,6.94,2.62
2016.12.13 09:45:10.808,1.06236,1.06239,1.00,3.75
2016.12.13 09:45:11.639,1.06235,1.06238,1.69,2.62
2016.12.13 09:45:12.144,1.06234,1.06238,2.25,4.87
2016.12.13 09:45:13.535,1.06234,1.06237,2.25,1.00
2016.12.13 09:45:13.890,1.06234,1.06235,2.25,1.50
2016.12.13 09:45:14.700,1.06233,1.06235,9.67,2.50
2016.12.13 09:45:15.827,1.06234,1.06235,1.12,2.25
2016.12.13 09:45:16.875,1.06233,1.06235,7.72,2.50
2016.12.13 09:45:17.433,1.06234,1.06237,3.22,2.25
2016.12.13 09:45:17.939,1.06234,1.06236,3.97,2.25
2016.12.13 09:45:18.446,1.06235,1.06236,1.00,1.50
2016.12.13 09:45:18.953,1.06234,1.06235,6.41,1.00
2016.12.13 09:45:19.055,1.06232,1.06234,8.44,1.50
2016.12.13 09:45:19.561,1.06231,1.06232,4.12,2.25
2016.12.13 09:45:21.157,1.06231,1.06232,1.00,2.25
2016.12.13 09:45:21.664,1.0623,1.06232,6.56,2.25
2016.12.13 09:45:22.854,1.0623,1.06232,7.91,2.25
2016.12.13 09:45:25.183,1.06232,1.06234,1.00,4.12
2016.12.13 09:45:27.767,1.06227,1.06229,16.31,1.00
2016.12.13 09:45:28.073,1.06226,1.06227,1.00,2.62
2016.12.13 09:45:28.529,1.06224,1.06225,5.06,2.25
2016.12.13 09:45:29.053,1.06224,1.06225,4.31,2.25
2016.12.13 09:45:29.256,1.06226,1.06227,1.25,2.62
2016.12.13 09:45:29.357,1.06226,1.06227,2.66,1.50
2016.12.13 09:45:29.408,1.06228,1.06229,2.44,2.25
2016.12.13 09:45:29.510,1.06229,1.0623,1.00,3.37
2016.12.13 09:45:29.612,1.06229,1.0623,4.54,3.00
2016.12.13 09:45:29.998,1.06235,1.06237,5.87,5.25
2016.12.13 09:45:30.243,1.06235,1.06236,1.00,1.00
2016.12.13 09:45:30.395,1.06231,1.06233,6.19,1.50
2016.12.13 09:45:30.962,1.06231,1.06233,2.25,1.50
2016.12.13 09:45:31.469,1.0623,1.06233,8.06,2.25
2016.12.13 09:45:32.026,1.0623,1.06232,3.56,1.50
2016.12.13 09:45:32.128,1.06229,1.06231,4.31,1.00
2016.12.13 09:45:32.647,1.06231,1.06232,1.00,6.37
2016.12.13 09:45:32.698,1.06231,1.06233,1.00,9.75
2016.12.13 09:45:33.104,1.06231,1.06232,1.50,1.50
2016.12.13 09:45:33.672,1.06231,1.06232,1.50,1.50
2016.12.13 09:45:36.277,1.06232,1.06233,1.00,1.50
2016.12.13 09:45:36.784,1.06233,1.06235,1.00,4.69
2016.12.13 09:45:37.393,1.06233,1.06235,1.50,2.25
2016.12.13 09:45:37.917,1.06233,1.06235,1.00,3.75
2016.12.13 09:45:38.830,1.06233,1.06235,1.00,2.62
2016.12.13 09:45:41.489,1.06233,1.06234,1.00,1.50
2016.12.13 09:45:42.687,1.06233,1.06234,1.00,1.87
2016.12.13 09:45:44.041,1.06233,1.06235,1.00,3.75
2016.12.13 09:45:45.096,1.06233,1.06235,1.00,3.75
2016.12.13 09:45:45.617,1.06231,1.06233,1.87,2.12
2016.12.13 09:45:45.719,1.06228,1.0623,2.62,1.87
2016.12.13 09:45:46.680,1.0623,1.06231,1.00,1.00
2016.12.13 09:45:46.731,1.06231,1.06232,1.00,2.62
2016.12.13 09:45:47.124,1.06233,1.06234,1.00,4.31
2016.12.13 09:45:47.530,1.06231,1.06233,1.50,5.06
2016.12.13 09:45:48.038,1.06231,1.06232,1.00,2.62
2016.12.13 09:45:49.260,1.06231,1.06233,2.25,2.62
2016.12.13 09:45:49.311,1.06232,1.06234,1.00,3.75
2016.12.13 09:45:49.817,1.06233,1.06234,3.00,1.00
2016.12.13 09:45:51.024,1.06233,1.06235,2.25,6.75
2016.12.13 09:45:51.555,1.06232,1.06234,2.25,4.31
2016.12.13 09:45:52.062,1.06232,1.06233,3.00,2.47
2016.12.13 09:45:52.467,1.06231,1.06232,1.87,6.00
2016.12.13 09:45:52.779,1.06231,1.06232,3.00,3.00
2016.12.13 09:45:53.755,1.06231,1.06232,1.00,1.87
2016.12.13 09:45:53.806,1.06231,1.06233,3.00,2.25
2016.12.13 09:45:53.959,1.06234,1.06235,3.94,1.00
2016.12.13 09:45:54.162,1.06235,1.06238,1.00,1.87
2016.12.13 09:45:54.681,1.06234,1.06236,4.12,1.00
2016.12.13 09:45:55.138,1.06234,1.06236,2.62,1.72
2016.12.13 09:45:55.445,1.06236,1.06237,1.00,4.12
2016.12.13 09:45:55.698,1.06237,1.06238,1.50,2.81
2016.12.13 09:45:57.265,1.06237,1.06238,2.25,1.31
2016.12.13 09:46:02.433,1.06237,1.0624,3.75,4.84
2016.12.13 09:46:02.484,1.06239,1.0624,1.00,1.87
2016.12.13 09:46:02.640,1.06241,1.06242,1.00,1.00
2016.12.13 09:46:02.944,1.06242,1.06244,1.00,2.06
2016.12.13 09:46:03.449,1.06243,1.06244,1.00,1.31
2016.12.13 09:46:09.137,1.06243,1.06245,1.00,5.85
2016.12.13 09:46:11.039,1.06242,1.06244,1.00,1.35
2016.12.13 09:46:11.550,1.06243,1.06244,1.00,1.35
2016.12.13 09:46:13.414,1.06245,1.06246,1.00,1.65
2016.12.13 09:46:13.466,1.06245,1.06247,2.25,3.37
2016.12.13 09:46:14.023,1.06244,1.06245,2.25,1.00
2016.12.13 09:46:14.298,1.06242,1.06244,3.75,2.66
2016.12.13 09:46:14.451,1.06242,1.06244,1.00,4.91
2016.12.13 09:46:14.957,1.06242,1.06244,1.00,2.66
2016.12.13 09:46:15.464,1.06242,1.06244,1.00,3.41
2016.12.13 09:46:15.974,1.06243,1.06245,1.00,13.54
2016.12.13 09:46:17.474,1.06242,1.06244,1.00,3.04
2016.12.13 09:46:17.628,1.06243,1.06244,1.50,1.12
2016.12.13 09:46:17.935,1.06249,1.0625,2.25,1.00
2016.12.13 09:46:18.509,1.06252,1.06254,1.00,1.50
2016.12.13 09:46:18.663,1.0625,1.06253,5.25,4.91
2016.12.13 09:46:19.171,1.0625,1.06251,1.50,1.12
2016.12.13 09:46:19.627,1.0625,1.06252,1.87,2.06
2016.12.13 09:46:20.177,1.0625,1.06252,1.00,2.06
2016.12.13 09:46:20.936,1.06249,1.06251,2.25,1.50
2016.12.13 09:46:21.088,1.06248,1.06249,1.00,1.00
2016.12.13 09:46:21.623,1.06248,1.0625,1.00,1.50
2016.12.13 09:46:22.673,1.06248,1.0625,1.00,2.62
2016.12.13 09:46:23.181,1.06248,1.06249,1.00,1.00
2016.12.13 09:46:25.258,1.06247,1.06249,1.00,3.04
2016.12.13 09:46:25.562,1.06245,1.06247,4.50,1.00
2016.12.13 09:46:26.068,1.06246,1.06248,1.50,5.10
2016.12.13 09:46:27.024,1.06244,1.06246,14.21,1.00
2016.12.13 09:46:27.125,1.06246,1.06248,1.50,3.00
2016.12.13 09:46:27.177,1.06246,1.06248,3.00,3.00
2016.12.13 09:46:27.481,1.06247,1.06249,1.50,1.30
2016.12.13 09:46:27.989,1.06248,1.06249,1.50,1.30
2016.12.13 09:46:28.495,1.06248,1.06251,3.75,2.10
2016.12.13 09:46:29.001,1.06249,1.0625,1.00,1.12
2016.12.13 09:46:29.514,1.06249,1.06251,1.00,10.35
2016.12.13 09:46:29.718,1.06247,1.06249,1.12,1.30
2016.12.13 09:46:30.680,1.06246,1.06249,4.50,1.30
2016.12.13 09:46:31.230,1.06247,1.06249,2.25,1.30
2016.12.13 09:46:33.924,1.06248,1.0625,1.00,2.10
2016.12.13 09:46:34.227,1.06247,1.06249,1.00,1.72
2016.12.13 09:46:35.820,1.06247,1.0625,1.00,11.36
2016.12.13 09:46:36.341,1.06247,1.06249,1.00,1.30
2016.12.13 09:46:38.037,1.06246,1.06249,3.37,1.30
2016.12.13 09:46:38.450,1.06247,1.06249,1.00,1.30
2016.12.13 09:46:39.275,1.06246,1.06249,2.62,1.30
2016.12.13 09:46:39.377,1.06248,1.06249,1.00,1.30
2016.12.13 09:46:39.700,1.06246,1.06249,1.00,2.47
2016.12.13 09:46:40.815,1.06246,1.06249,1.00,2.47
2016.12.13 09:46:42.680,1.06246,1.06249,1.50,2.47
2016.12.13 09:46:43.257,1.06245,1.06249,5.81,4.35
2016.12.13 09:46:44.130,1.06245,1.06247,5.62,3.04
2016.12.13 09:46:44.182,1.06244,1.06246,10.12,1.25
2016.12.13 09:46:44.689,1.06245,1.06246,1.50,1.00
2016.12.13 09:46:45.239,1.06245,1.06247,1.50,2.29
2016.12.13 09:46:45.543,1.06244,1.06245,7.30,1.69
2016.12.13 09:46:46.101,1.06244,1.06245,2.80,1.69
2016.12.13 09:46:46.455,1.06245,1.06247,1.00,5.66
2016.12.13 09:46:46.608,1.06244,1.06246,5.05,1.00
2016.12.13 09:46:47.118,1.06244,1.06245,2.80,1.69
2016.12.13 09:46:49.090,1.06244,1.06246,2.27,2.81
2016.12.13 09:46:50.962,1.06244,1.06245,2.77,1.69
2016.12.13 09:46:51.879,1.06244,1.06246,3.77,2.44
2016.12.13 09:46:55.972,1.06243,1.06245,5.62,4.54
2016.12.13 09:46:56.207,1.06236,1.06238,2.44,1.00
2016.12.13 09:46:56.258,1.06234,1.06236,16.50,1.25
2016.12.13 09:46:56.360,1.06233,1.06234,1.50,1.69
2016.12.13 09:46:56.665,1.06231,1.06234,3.37,3.41
2016.12.13 09:46:57.173,1.06231,1.06233,2.62,1.00
2016.12.13 09:46:57.685,1.06231,1.06233,3.00,1.00
2016.12.13 09:46:58.141,1.0623,1.06232,4.50,7.16
2016.12.13 09:46:58.192,1.06228,1.0623,5.25,2.10
2016.12.13 09:46:58.294,1.06228,1.06229,1.50,5.10
2016.12.13 09:46:58.821,1.06227,1.06229,1.00,2.47
2016.12.13 09:46:59.615,1.06228,1.06229,2.25,1.12
2016.12.13 09:46:59.666,1.06228,1.0623,6.41,4.87
2016.12.13 09:46:59.818,1.0623,1.06232,6.37,1.12
2016.12.13 09:47:00.333,1.06231,1.06233,1.50,1.00
2016.12.13 09:47:00.842,1.06231,1.06234,1.50,2.25
2016.12.13 09:47:01.491,1.06232,1.06234,1.00,1.00
2016.12.13 09:47:03.926,1.06232,1.06234,1.00,1.87
2016.12.13 09:47:05.426,1.06232,1.06234,1.00,1.12
2016.12.13 09:47:06.589,1.06231,1.06234,1.00,3.22
2016.12.13 09:47:07.812,1.06232,1.06234,1.00,1.12
2016.12.13 09:47:09.541,1.06234,1.06235,1.69,6.75
2016.12.13 09:47:09.848,1.06232,1.06234,1.00,6.22
2016.12.13 09:47:10.001,1.06231,1.06232,1.00,1.12
2016.12.13 09:47:10.987,1.0623,1.06232,1.69,2.62
2016.12.13 09:47:11.725,1.06232,1.06233,1.00,1.00
2016.12.13 09:47:12.077,1.06232,1.06234,1.00,3.97
2016.12.13 09:47:14.450,1.06232,1.06234,1.00,3.97
2016.12.13 09:47:14.971,1.06231,1.06232,1.50,1.00
2016.12.13 09:47:15.029,1.06228,1.06229,3.19,2.10
2016.12.13 09:47:15.083,1.06227,1.06228,1.69,1.35
2016.12.13 09:47:16.511,1.06228,1.06229,1.25,1.72
2016.12.13 09:47:17.025,1.06227,1.0623,3.19,7.35
2016.12.13 09:47:17.379,1.06228,1.0623,3.00,2.25
2016.12.13 09:47:17.531,1.0623,1.06231,1.00,2.25
2016.12.13 09:47:17.870,1.0623,1.06231,4.50,1.00
2016.12.13 09:47:18.047,1.0623,1.06232,2.62,1.00
2016.12.13 09:47:18.099,1.06231,1.06233,4.00,1.12
2016.12.13 09:47:18.505,1.0623,1.06232,4.87,1.00
2016.12.13 09:47:19.877,1.06229,1.06232,9.37,2.10
2016.12.13 09:47:21.363,1.0623,1.06232,1.50,1.00
2016.12.13 09:47:21.750,1.06231,1.06233,1.00,4.72
2016.12.13 09:47:22.375,1.06232,1.06233,1.50,2.47
2016.12.13 09:47:22.680,1.06229,1.0623,7.12,2.10
2016.12.13 09:47:22.832,1.06228,1.06229,2.81,1.12
2016.12.13 09:47:24.399,1.06229,1.0623,2.25,3.00
2016.12.13 09:47:24.451,1.0623,1.06232,4.00,8.70
2016.12.13 09:47:24.604,1.0623,1.06232,3.75,1.50
2016.12.13 09:47:25.130,1.06231,1.06232,1.00,1.12
2016.12.13 09:47:25.721,1.0623,1.06232,1.87,3.75
2016.12.13 09:47:25.873,1.06229,1.0623,5.25,1.50
2016.12.13 09:47:26.228,1.06228,1.0623,2.40,2.47
2016.12.13 09:47:26.446,1.06227,1.06228,1.25,1.00
2016.12.13 09:47:26.957,1.06227,1.06228,1.25,1.50
2016.12.13 09:47:27.261,1.06225,1.06226,1.87,1.00
2016.12.13 09:47:27.567,1.06223,1.06225,1.50,7.16
2016.12.13 09:47:29.061,1.06223,1.06224,1.00,3.56
2016.12.13 09:47:29.112,1.06222,1.06223,1.00,2.25
2016.12.13 09:47:29.163,1.06222,1.06223,1.00,3.45
2016.12.13 09:47:29.265,1.0622,1.06221,1.87,3.19
2016.12.13 09:47:29.367,1.06218,1.06219,1.00,1.00
2016.12.13 09:47:29.700,1.06216,1.06217,3.00,1.00
2016.12.13 09:47:32.278,1.06216,1.06219,3.00,5.62
2016.12.13 09:47:34.158,1.06217,1.06219,1.00,2.62
2016.12.13 09:47:34.777,1.06217,1.06219,1.00,2.62
2016.12.13 09:47:35.951,1.06217,1.06219,1.00,2.62
2016.12.13 09:47:37.226,1.06217,1.06219,1.00,1.87
2016.12.13 09:47:37.926,1.06217,1.0622,1.00,6.56
2016.12.13 09:47:39.229,1.0622,1.06222,1.00,1.12
2016.12.13 09:47:39.735,1.0622,1.06222,1.00,1.12
2016.12.13 09:47:40.140,1.06219,1.0622,1.00,1.00
2016.12.13 09:47:40.544,1.06218,1.06221,3.37,3.19
2016.12.13 09:47:41.053,1.0622,1.06222,1.50,2.62
2016.12.13 09:47:42.116,1.0622,1.06221,1.00,1.50
2016.12.13 09:47:43.546,1.06221,1.06223,1.00,3.34
2016.12.13 09:47:43.597,1.06221,1.06223,1.00,2.25
2016.12.13 09:47:44.204,1.06221,1.06223,1.00,3.11
2016.12.13 09:47:44.728,1.06221,1.06223,1.00,5.47
2016.12.13 09:47:45.286,1.06221,1.06223,1.00,6.71
2016.12.13 09:47:45.793,1.06221,1.06223,1.00,4.87
2016.12.13 09:47:46.310,1.0622,1.06223,1.00,5.96
2016.12.13 09:47:46.816,1.0622,1.06223,1.00,4.12
2016.12.13 09:47:47.321,1.06221,1.06223,1.00,4.87
2016.12.13 09:47:49.321,1.06221,1.06223,1.00,3.11
2016.12.13 09:47:50.131,1.06221,1.06223,1.00,1.87
2016.12.13 09:47:51.127,1.06221,1.06224,1.00,6.30
2016.12.13 09:47:51.632,1.06221,1.06223,1.00,1.12
2016.12.13 09:47:54.080,1.06221,1.06222,1.00,1.50
2016.12.13 09:47:54.786,1.06221,1.06223,1.15,4.61
2016.12.13 09:47:55.292,1.06221,1.06222,1.00,1.00
2016.12.13 09:47:55.798,1.06221,1.06223,3.00,4.37
2016.12.13 09:47:56.399,1.06222,1.06223,2.25,4.12
2016.12.13 09:47:57.359,1.06221,1.06223,4.12,4.37
2016.12.13 09:48:00.232,1.06222,1.06223,2.25,4.72
2016.12.13 09:48:00.536,1.06224,1.06226,1.00,14.06
2016.12.13 09:48:00.637,1.06222,1.06224,4.87,2.29
2016.12.13 09:48:01.153,1.06223,1.06224,2.25,5.66
2016.12.13 09:48:01.659,1.06222,1.06224,3.37,5.16
2016.12.13 09:48:02.165,1.06221,1.06223,4.87,1.00
2016.12.13 09:48:02.767,1.06222,1.06223,3.00,1.50
2016.12.13 09:48:03.273,1.06223,1.06224,2.25,3.41
2016.12.13 09:48:04.444,1.06223,1.06224,1.50,1.25
2016.12.13 09:48:04.899,1.06222,1.06224,3.75,5.31
2016.12.13 09:48:05.637,1.0622,1.06222,8.81,1.60
2016.12.13 09:48:05.941,1.06219,1.0622,2.25,7.72
2016.12.13 09:48:05.993,1.06217,1.06219,4.50,1.00
2016.12.13 09:48:06.348,1.0622,1.06222,1.00,9.94
2016.12.13 09:48:06.866,1.06219,1.0622,3.75,1.00
2016.12.13 09:48:06.968,1.06219,1.06221,3.00,3.79
2016.12.13 09:48:07.070,1.0622,1.06222,1.00,9.26
2016.12.13 09:48:07.576,1.06221,1.06222,1.00,3.37
2016.12.13 09:48:08.098,1.06221,1.06222,2.25,3.37
2016.12.13 09:48:09.864,1.06221,1.06223,1.00,4.69
2016.12.13 09:48:10.370,1.06221,1.06222,1.50,1.50
2016.12.13 09:48:10.923,1.06221,1.06223,1.00,6.04
2016.12.13 09:48:11.886,1.06222,1.06224,1.00,7.16
2016.12.13 09:48:12.039,1.06223,1.06224,1.50,1.50
2016.12.13 09:48:12.292,1.06226,1.06228,1.00,13.76
2016.12.13 09:48:12.446,1.06226,1.06227,1.50,2.62
2016.12.13 09:48:12.952,1.06227,1.06229,1.00,4.39
2016.12.13 09:48:14.672,1.06226,1.06228,1.50,2.85
2016.12.13 09:48:16.883,1.06226,1.06227,1.50,1.00
2016.12.13 09:48:25.597,1.06223,1.06225,7.50,4.39
2016.12.13 09:48:25.698,1.06223,1.06224,1.50,4.42
2016.12.13 09:48:25.951,1.06221,1.06222,3.00,1.00
2016.12.13 09:48:26.569,1.0622,1.06222,2.25,7.61
2016.12.13 09:48:27.079,1.06222,1.06223,1.50,2.62
2016.12.13 09:48:28.325,1.06221,1.06223,2.25,3.22
2016.12.13 09:48:28.831,1.06222,1.06225,2.25,7.69
2016.12.13 09:48:29.859,1.06222,1.06225,1.50,10.16
2016.12.13 09:48:30.365,1.06223,1.06224,1.50,1.12
2016.12.13 09:48:31.373,1.06223,1.06225,2.25,3.37
2016.12.13 09:48:31.526,1.06225,1.06227,2.25,2.10
2016.12.13 09:48:32.034,1.06226,1.06228,2.25,1.72
2016.12.13 09:48:32.849,1.06226,1.06228,2.25,1.12
2016.12.13 09:48:34.522,1.06225,1.06228,1.87,1.50
2016.12.13 09:48:35.525,1.06226,1.06228,1.00,1.50
2016.12.13 09:48:36.031,1.06225,1.06228,2.62,3.75
2016.12.13 09:48:40.005,1.06226,1.06228,1.00,1.50
2016.12.13 09:48:40.512,1.06225,1.06228,9.75,1.50
2016.12.13 09:48:41.019,1.06226,1.06228,3.00,1.50
2016.12.13 09:48:41.324,1.06232,1.06233,6.60,1.00
2016.12.13 09:48:41.568,1.06235,1.06236,2.25,1.12
2016.12.13 09:48:41.771,1.06236,1.06238,1.00,1.87
2016.12.13 09:48:42.277,1.06236,1.06237,1.00,1.00
2016.12.13 09:48:42.785,1.06235,1.06237,1.00,1.00
2016.12.13 09:48:44.003,1.06236,1.06237,1.00,1.00
2016.12.13 09:48:44.509,1.06236,1.06238,2.25,1.00
2016.12.13 09:48:45.130,1.06236,1.06237,1.00,1.00
2016.12.13 09:48:46.043,1.06234,1.06237,7.87,1.00
2016.12.13 09:48:46.711,1.06236,1.06238,1.00,3.37
2016.12.13 09:48:47.220,1.06237,1.06239,1.00,5.47
2016.12.13 09:48:47.321,1.06236,1.06238,1.00,1.12
2016.12.13 09:48:47.928,1.06237,1.06238,1.00,1.12
2016.12.13 09:48:48.513,1.06237,1.06239,1.00,2.47
2016.12.13 09:48:49.838,1.06236,1.06239,1.50,2.47
2016.12.13 09:48:51.213,1.06237,1.06239,1.00,2.47
2016.12.13 09:48:51.719,1.06237,1.06239,1.00,1.72
2016.12.13 09:48:52.421,1.06236,1.06239,1.87,2.10
2016.12.13 09:48:52.725,1.06236,1.06239,1.50,3.60
2016.12.13 09:48:54.851,1.06235,1.06239,3.75,7.91
2016.12.13 09:48:56.154,1.06236,1.06239,4.50,4.87
2016.12.13 09:48:56.459,1.06236,1.06239,1.50,2.62
2016.12.13 09:48:56.510,1.06236,1.06239,4.50,3.37
2016.12.13 09:48:57.124,1.06237,1.06238,1.50,1.00
2016.12.13 09:48:58.324,1.06236,1.06239,1.50,4.12
2016.12.13 09:48:58.628,1.06238,1.06239,1.00,3.37
2016.12.13 09:48:59.136,1.06237,1.06239,1.00,2.62
2016.12.13 09:49:01.135,1.06236,1.06239,1.00,1.50
2016.12.13 09:49:02.062,1.06237,1.06239,1.00,2.62
2016.12.13 09:49:03.146,1.06236,1.06238,1.00,1.00
2016.12.13 09:49:04.943,1.06237,1.06239,1.00,6.41
2016.12.13 09:49:05.460,1.06236,1.06238,1.00,1.00
2016.12.13 09:49:05.663,1.06237,1.06239,1.00,5.66
2016.12.13 09:49:05.766,1.06236,1.06238,1.00,1.00
2016.12.13 09:49:06.324,1.06237,1.06239,1.00,5.66
2016.12.13 09:49:07.262,1.06236,1.06238,1.00,1.00
2016.12.13 09:49:07.715,1.06237,1.06239,1.00,2.47
2016.12.13 09:49:07.816,1.06236,1.06239,2.25,2.47
2016.12.13 09:49:08.120,1.06237,1.06239,4.00,2.47
2016.12.13 09:49:09.150,1.06237,1.06239,1.00,2.47
2016.12.13 09:49:09.661,1.06237,1.06239,1.00,2.10
2016.12.13 09:49:09.762,1.06236,1.06239,2.25,2.10
2016.12.13 09:49:10.422,1.06237,1.06239,1.00,2.47
2016.12.13 09:49:10.524,1.06236,1.06239,1.50,2.47
2016.12.13 09:49:10.625,1.06237,1.06239,1.00,2.47
2016.12.13 09:49:11.489,1.06236,1.06238,3.75,3.37
2016.12.13 09:49:11.540,1.06236,1.06237,1.00,4.50
2016.12.13 09:49:11.742,1.06233,1.06234,1.12,3.04
2016.12.13 09:49:12.250,1.06232,1.06233,1.50,1.00
2016.12.13 09:49:13.122,1.06232,1.06233,2.25,1.00
2016.12.13 09:49:14.362,1.06231,1.06233,3.00,5.16
2016.12.13 09:49:14.870,1.06233,1.06234,1.50,2.06
2016.12.13 09:49:19.757,1.06232,1.06233,1.00,1.25
2016.12.13 09:49:20.641,1.06232,1.06234,1.00,2.06
2016.12.13 09:49:21.147,1.06231,1.06233,4.35,1.25
2016.12.13 09:49:21.659,1.06231,1.06233,5.10,1.25
2016.12.13 09:49:22.519,1.06231,1.06234,5.10,1.12
2016.12.13 09:49:22.924,1.06234,1.06236,2.62,6.24
2016.12.13 09:49:23.112,1.06236,1.06237,1.00,2.62
2016.12.13 09:49:23.619,1.06235,1.06238,8.62,1.87
2016.12.13 09:49:24.024,1.06234,1.06236,4.12,1.00
2016.12.13 09:49:24.412,1.06232,1.06235,5.25,5.80
2016.12.13 09:49:25.070,1.06233,1.06235,1.00,3.75
2016.12.13 09:49:25.626,1.06234,1.06237,9.04,2.57
2016.12.13 09:49:25.778,1.06236,1.06237,1.12,1.07
2016.12.13 09:49:26.290,1.06235,1.06237,9.94,1.00
2016.12.13 09:49:26.493,1.06236,1.06239,1.12,1.12
2016.12.13 09:49:26.847,1.06238,1.06239,1.00,1.50
2016.12.13 09:49:27.378,1.06237,1.0624,1.50,3.00
2016.12.13 09:49:28.543,1.06237,1.0624,5.10,3.00
2016.12.13 09:49:28.695,1.06239,1.0624,1.00,1.00
2016.12.13 09:49:29.207,1.06239,1.06241,2.10,2.62
2016.12.13 09:49:29.714,1.06239,1.0624,1.50,1.00
2016.12.13 09:49:32.271,1.06239,1.06241,2.10,1.00
2016.12.13 09:49:33.119,1.0624,1.06241,1.25,1.00
2016.12.13 09:49:33.321,1.06238,1.06239,2.25,1.00
2016.12.13 09:49:33.475,1.06237,1.06239,1.00,1.50
2016.12.13 09:49:33.982,1.06235,1.06239,12.04,1.50
2016.12.13 09:49:34.630,1.06236,1.06239,1.50,1.50
2016.12.13 09:49:34.681,1.06238,1.06239,1.54,1.00
2016.12.13 09:49:34.884,1.06238,1.06241,2.29,1.12
2016.12.13 09:49:35.794,1.0624,1.06241,1.25,1.12
2016.12.13 09:49:36.299,1.0624,1.06243,1.25,3.37
2016.12.13 09:49:36.804,1.06239,1.06243,5.34,3.37
2016.12.13 09:49:37.109,1.06238,1.0624,2.30,5.85
2016.12.13 09:49:37.160,1.06237,1.06239,1.12,1.35
2016.12.13 09:49:37.312,1.06236,1.06238,1.00,1.50
2016.12.13 09:49:37.818,1.06237,1.06238,1.50,3.00
2016.12.13 09:49:39.193,1.06234,1.06236,3.00,3.60
2016.12.13 09:49:39.244,1.06234,1.06236,1.00,8.66
2016.12.13 09:49:39.439,1.06233,1.06235,1.50,8.14
2016.12.13 09:49:40.098,1.06234,1.06235,1.00,2.25
2016.12.13 09:49:40.199,1.06235,1.06236,2.44,3.37
2016.12.13 09:49:40.705,1.06236,1.06237,1.50,1.00
2016.12.13 09:49:41.237,1.06236,1.06238,1.50,1.12
2016.12.13 09:49:45.087,1.06235,1.06238,6.19,1.12
2016.12.13 09:49:45.593,1.06236,1.06238,1.00,1.12
2016.12.13 09:49:46.099,1.06235,1.06238,6.19,1.12
2016.12.13 09:49:46.822,1.06236,1.06238,1.00,1.12
2016.12.13 09:49:47.328,1.06235,1.06238,6.19,1.12
2016.12.13 09:49:48.541,1.06235,1.06238,1.25,2.25
2016.12.13 09:49:54.221,1.06235,1.06239,3.19,8.10
2016.12.13 09:49:56.305,1.06235,1.06238,3.19,1.80
2016.12.13 09:49:56.817,1.06235,1.06238,3.19,1.12
2016.12.13 09:49:57.425,1.06235,1.06239,3.94,3.30
2016.12.13 09:49:57.932,1.06235,1.06238,6.19,1.00
2016.12.13 09:50:03.695,1.06235,1.0624,10.12,10.87
2016.12.13 09:50:04.201,1.06237,1.06241,1.87,5.14
2016.12.13 09:50:08.424,1.06237,1.0624,1.00,3.45
2016.12.13 09:50:08.953,1.06235,1.0624,11.62,4.12
2016.12.13 09:50:09.462,1.06236,1.0624,1.12,3.07
2016.12.13 09:50:11.346,1.06235,1.0624,14.66,4.69
2016.12.13 09:50:18.977,1.06236,1.06239,1.50,1.35
2016.12.13 09:50:19.280,1.06235,1.06238,1.69,2.74
2016.12.13 09:50:19.784,1.06235,1.06238,2.44,1.50
2016.12.13 09:50:20.138,1.06235,1.06236,1.00,1.00
2016.12.13 09:50:20.341,1.06232,1.06235,1.00,6.94
2016.12.13 09:50:24.273,1.06231,1.06234,3.94,1.87
2016.12.13 09:50:24.614,1.06228,1.0623,20.66,1.50
2016.12.13 09:50:24.665,1.06227,1.06229,1.50,1.62
2016.12.13 09:50:24.868,1.06225,1.06229,1.50,3.52
2016.12.13 09:50:25.376,1.06225,1.06229,1.50,2.81
2016.12.13 09:50:25.578,1.06225,1.06229,1.00,7.87
2016.12.13 09:50:27.362,1.06225,1.06228,1.00,1.91
2016.12.13 09:50:27.867,1.06225,1.06228,1.00,1.91
2016.12.13 09:50:29.976,1.06223,1.06227,12.19,1.50
2016.12.13 09:50:30.497,1.06224,1.06227,1.00,1.50
2016.12.13 09:50:31.923,1.06223,1.06227,7.69,1.69
2016.12.13 09:50:32.890,1.06224,1.06227,1.00,2.25
2016.12.13 09:50:33.446,1.06225,1.06227,1.12,1.12
2016.12.13 09:50:33.952,1.06226,1.06229,1.00,2.40
2016.12.13 09:50:35.545,1.06227,1.06228,1.00,2.25
2016.12.13 09:50:36.354,1.06226,1.06228,1.00,2.25
2016.12.13 09:50:37.253,1.06226,1.06227,1.00,1.00
2016.12.13 09:50:37.456,1.06227,1.06229,4.35,3.75
2016.12.13 09:50:37.608,1.06228,1.06231,6.41,1.87
2016.12.13 09:50:38.114,1.06229,1.06232,1.00,2.25
2016.12.13 09:50:40.165,1.06231,1.06232,1.25,1.12
2016.12.13 09:50:40.317,1.06231,1.06233,1.69,3.75
2016.12.13 09:50:40.823,1.06231,1.06232,1.25,1.00
2016.12.13 09:50:41.076,1.06227,1.06229,6.37,2.47
2016.12.13 09:50:41.178,1.06225,1.06227,3.00,2.50
2016.12.13 09:50:41.533,1.06222,1.06224,1.00,2.25
2016.12.13 09:50:42.038,1.06221,1.06224,1.87,2.25
2016.12.13 09:50:44.571,1.06221,1.06223,1.50,1.00
2016.12.13 09:50:46.976,1.06221,1.06223,2.25,3.37
2016.12.13 09:50:53.958,1.06221,1.06222,1.50,1.00
2016.12.13 09:50:54.476,1.06221,1.06223,1.00,2.62
2016.12.13 09:50:54.830,1.0622,1.06221,4.31,2.85
2016.12.13 09:50:55.286,1.06216,1.06218,1.69,3.37
2016.12.13 09:50:57.730,1.06214,1.06218,5.62,7.12
2016.12.13 09:50:58.236,1.06214,1.06217,5.62,1.00
2016.12.13 09:50:58.751,1.06214,1.06217,5.25,1.00
2016.12.13 09:50:59.523,1.06214,1.06216,2.62,1.50
2016.12.13 09:50:59.574,1.06213,1.06215,3.37,4.94
2016.12.13 09:50:59.727,1.06211,1.06213,1.12,5.85
2016.12.13 09:51:01.775,1.06211,1.06214,3.22,5.62
2016.12.13 09:51:03.003,1.06211,1.06214,2.47,4.12
2016.12.13 09:51:03.509,1.06212,1.06214,1.35,4.12
2016.12.13 09:51:05.320,1.06211,1.06214,1.72,3.75
2016.12.13 09:51:07.384,1.06212,1.06214,1.00,6.00
2016.12.13 09:51:07.587,1.06213,1.06216,1.50,9.94
2016.12.13 09:51:08.421,1.06214,1.06216,1.00,4.69
2016.12.13 09:51:08.928,1.06215,1.06217,1.00,5.62
2016.12.13 09:51:11.459,1.06213,1.06214,5.25,3.94
2016.12.13 09:51:11.968,1.06212,1.06214,1.72,3.37
2016.12.13 09:51:12.475,1.06212,1.06214,2.10,1.00
2016.12.13 09:51:13.017,1.06212,1.06215,2.10,6.75
2016.12.13 09:51:13.994,1.06212,1.06215,1.35,5.62
2016.12.13 09:51:14.500,1.06211,1.06215,4.72,5.62
2016.12.13 09:51:15.008,1.06211,1.06215,6.22,6.37
2016.12.13 09:51:15.525,1.06211,1.06215,3.97,7.87
2016.12.13 09:51:16.569,1.06211,1.06215,5.47,10.12
2016.12.13 09:51:17.447,1.06211,1.06214,5.47,3.37
2016.12.13 09:51:18.055,1.06211,1.06214,4.35,2.62
2016.12.13 09:51:18.359,1.06212,1.06215,2.10,10.50
2016.12.13 09:51:18.893,1.06211,1.06215,5.85,10.50
2016.12.13 09:51:19.399,1.06211,1.06214,2.85,3.37
2016.12.13 09:51:20.121,1.06212,1.06214,2.10,4.12
2016.12.13 09:51:21.784,1.06211,1.06214,7.35,4.12
2016.12.13 09:51:22.294,1.06211,1.06214,5.85,1.50
2016.12.13 09:51:23.209,1.06211,1.06215,6.60,9.75
2016.12.13 09:51:23.716,1.06211,1.06214,6.60,1.00
2016.12.13 09:51:24.121,1.06213,1.06215,4.54,6.37
2016.12.13 09:51:24.222,1.06214,1.06216,2.10,2.62
2016.12.13 09:51:24.690,1.06217,1.06219,6.79,10.50
2016.12.13 09:51:24.995,1.06216,1.06218,3.60,1.37
2016.12.13 09:51:25.197,1.06216,1.06219,2.25,1.87
2016.12.13 09:51:26.448,1.06216,1.06217,2.25,1.00
2016.12.13 09:51:26.954,1.06216,1.06218,2.25,1.50
2016.12.13 09:51:29.327,1.06216,1.06217,1.00,1.00
2016.12.13 09:51:29.729,1.06211,1.06212,1.00,1.00
2016.12.13 09:51:30.235,1.0621,1.06212,2.81,1.00
2016.12.13 09:51:30.842,1.0621,1.06212,1.31,2.25
2016.12.13 09:51:31.146,1.0621,1.06213,2.06,6.00
2016.12.13 09:51:31.691,1.0621,1.06212,2.06,6.00
2016.12.13 09:51:31.793,1.06209,1.0621,3.37,2.25
2016.12.13 09:51:31.996,1.06207,1.06209,1.31,1.50
2016.12.13 09:51:32.502,1.06206,1.06207,2.06,1.00
2016.12.13 09:51:33.828,1.06204,1.06207,5.44,5.25
2016.12.13 09:51:33.930,1.06203,1.06204,5.62,1.00
2016.12.13 09:51:34.032,1.06202,1.06203,1.87,1.50
2016.12.13 09:51:34.562,1.062,1.06202,2.25,1.50
2016.12.13 09:51:35.078,1.062,1.06203,2.25,5.25
2016.12.13 09:51:35.434,1.06202,1.06205,1.87,9.37
2016.12.13 09:51:35.939,1.06203,1.06206,3.94,1.87
2016.12.13 09:51:36.198,1.06205,1.06206,1.50,1.00
2016.12.13 09:51:36.704,1.06204,1.06207,6.04,1.00
2016.12.13 09:51:37.515,1.06204,1.06206,3.56,1.00
2016.12.13 09:51:38.454,1.06204,1.06207,1.50,2.25
2016.12.13 09:51:39.416,1.06208,1.06213,2.25,48.56
2016.12.13 09:51:39.656,1.0621,1.06213,7.50,1.00
2016.12.13 09:51:40.164,1.06211,1.06213,4.91,1.00
2016.12.13 09:51:40.673,1.06211,1.06213,2.62,2.81
2016.12.13 09:51:41.337,1.0621,1.06213,2.62,3.56
2016.12.13 09:51:43.396,1.0621,1.06212,1.99,2.25
2016.12.13 09:51:44.711,1.0621,1.06213,3.11,5.06
2016.12.13 09:51:45.470,1.0621,1.06211,2.36,1.69
2016.12.13 09:51:45.780,1.06205,1.06206,2.25,1.00
2016.12.13 09:51:46.034,1.06201,1.06203,1.00,4.87
2016.12.13 09:51:46.187,1.062,1.06202,2.06,1.00
2016.12.13 09:51:46.693,1.062,1.06203,4.31,3.00
2016.12.13 09:51:49.336,1.06201,1.06203,1.50,2.25
2016.12.13 09:51:49.842,1.062,1.06204,3.56,9.04
2016.12.13 09:51:50.348,1.062,1.06203,4.31,1.00
2016.12.13 09:51:52.225,1.062,1.06204,6.67,6.79
2016.12.13 09:51:52.831,1.062,1.06204,6.56,10.04
2016.12.13 09:51:53.042,1.06199,1.06202,1.87,1.50
2016.12.13 09:51:56.401,1.06199,1.062,1.87,1.00
2016.12.13 09:51:56.999,1.06199,1.06201,1.12,1.00
2016.12.13 09:51:57.562,1.06199,1.062,1.12,1.00
2016.12.13 09:51:58.663,1.06198,1.06201,8.25,1.00
2016.12.13 09:51:59.170,1.06198,1.062,8.25,1.00
2016.12.13 09:51:59.574,1.06198,1.06202,9.75,1.00
2016.12.13 09:52:11.551,1.06198,1.06201,11.25,1.00
2016.12.13 09:52:12.057,1.06199,1.06202,1.12,1.50
2016.12.13 09:52:13.247,1.06199,1.06203,4.12,5.06
2016.12.13 09:52:13.762,1.06199,1.06203,5.62,4.31
2016.12.13 09:52:18.109,1.06202,1.06203,1.00,1.12
2016.12.13 09:52:18.262,1.06202,1.06205,1.00,1.87
2016.12.13 09:52:18.516,1.06204,1.06206,1.00,1.12
2016.12.13 09:52:18.568,1.06205,1.06208,1.50,4.31
2016.12.13 09:52:19.108,1.06205,1.06207,1.00,1.00
2016.12.13 09:52:20.222,1.06204,1.06205,4.87,1.50
2016.12.13 09:52:20.526,1.06203,1.06204,2.25,6.60
2016.12.13 09:52:20.577,1.06201,1.06202,2.62,1.50
2016.12.13 09:52:20.719,1.06199,1.062,4.87,1.00
2016.12.13 09:52:21.228,1.06199,1.062,2.62,1.50
2016.12.13 09:52:21.735,1.06198,1.062,12.37,2.50
2016.12.13 09:52:21.938,1.06196,1.06197,14.81,1.00
2016.12.13 09:52:22.039,1.06195,1.06197,4.50,1.00
2016.12.13 09:52:22.394,1.06193,1.06194,2.62,2.44
2016.12.13 09:52:22.648,1.06192,1.06193,1.00,2.25
2016.12.13 09:52:22.851,1.06192,1.06193,1.50,1.00
2016.12.13 09:52:23.397,1.06192,1.06193,1.00,1.50
2016.12.13 09:52:23.907,1.06192,1.06193,1.50,2.25
2016.12.13 09:52:25.749,1.06192,1.06194,1.00,1.69
2016.12.13 09:52:26.271,1.06192,1.06193,2.25,1.50
2016.12.13 09:52:28.109,1.06193,1.06194,2.44,4.12
2016.12.13 09:52:28.160,1.06193,1.06195,3.19,3.37
2016.12.13 09:52:28.464,1.06194,1.06196,4.50,1.00
2016.12.13 09:52:28.516,1.06195,1.06197,1.12,3.75
2016.12.13 09:52:30.835,1.06196,1.06197,1.00,1.50
2016.12.13 09:52:31.342,1.06195,1.06197,1.12,1.00
2016.12.13 09:52:33.013,1.06195,1.06196,1.12,1.50
2016.12.13 09:52:33.066,1.06193,1.06194,9.00,1.50
2016.12.13 09:52:33.117,1.06193,1.06194,9.00,1.50
2016.12.13 09:52:33.622,1.06192,1.06194,4.12,3.00
2016.12.13 09:52:35.056,1.06192,1.06195,2.62,4.87
2016.12.13 09:52:35.600,1.06193,1.06196,4.69,2.62
2016.12.13 09:52:35.854,1.06192,1.06193,2.25,1.00
2016.12.13 09:52:36.361,1.06192,1.06194,1.50,3.75
2016.12.13 09:52:37.747,1.06191,1.06193,2.25,2.25
2016.12.13 09:52:38.052,1.0619,1.06191,1.87,1.00
2016.12.13 09:52:38.558,1.06187,1.06188,2.62,1.50
2016.12.13 09:52:38.713,1.06186,1.06187,1.00,1.00
2016.12.13 09:52:40.571,1.06186,1.06188,1.00,4.12
2016.12.13 09:52:41.380,1.06186,1.06189,1.12,1.00
2016.12.13 09:52:42.928,1.06185,1.06188,5.06,1.50
2016.12.13 09:52:43.436,1.06185,1.06188,2.81,3.49
2016.12.13 09:52:47.498,1.06184,1.06187,1.12,1.62
2016.12.13 09:52:48.028,1.06184,1.06186,1.12,1.00
2016.12.13 09:52:50.680,1.06181,1.06183,18.75,2.35
2016.12.13 09:52:50.731,1.06179,1.06181,15.19,3.60
2016.12.13 09:52:50.883,1.06178,1.06179,1.50,1.00
2016.12.13 09:52:51.409,1.06177,1.06178,2.25,1.00
2016.12.13 09:52:51.915,1.06177,1.06178,7.50,1.00
2016.12.13 09:52:52.017,1.06179,1.0618,2.85,1.00
2016.12.13 09:52:52.068,1.0618,1.06182,4.50,2.81
2016.12.13 09:52:52.169,1.06179,1.0618,6.75,1.00
2016.12.13 09:52:52.427,1.06181,1.06182,1.00,2.44
2016.12.13 09:52:54.595,1.06181,1.06183,1.00,2.25
2016.12.13 09:52:55.253,1.06182,1.06183,1.00,1.50
2016.12.13 09:52:56.974,1.06183,1.06184,2.85,1.50
2016.12.13 09:52:57.179,1.06187,1.06188,4.87,2.06
2016.12.13 09:52:58.078,1.06187,1.06188,1.00,3.19
2016.12.13 09:52:58.179,1.06185,1.06187,4.69,5.69
2016.12.13 09:52:58.687,1.06184,1.06185,1.00,2.25
2016.12.13 09:52:59.775,1.06183,1.06184,1.87,1.00
2016.12.13 09:53:00.283,1.06183,1.06184,2.25,1.00
2016.12.13 09:53:00.435,1.06184,1.06187,5.62,1.87
2016.12.13 09:53:01.031,1.06184,1.06188,11.44,2.25
2016.12.13 09:53:04.098,1.06184,1.06185,6.56,1.00
2016.12.13 09:53:04.352,1.06182,1.06184,1.12,3.75
2016.12.13 09:53:04.858,1.06181,1.06184,3.75,3.00
2016.12.13 09:53:09.374,1.06181,1.06184,2.06,1.00
2016.12.13 09:53:10.133,1.06181,1.06183,2.06,1.00
2016.12.13 09:53:10.639,1.06182,1.06183,1.00,1.00
2016.12.13 09:53:11.718,1.06182,1.06186,3.56,4.69
2016.12.13 09:53:13.467,1.06184,1.06186,4.72,1.12
2016.12.13 09:53:13.691,1.06188,1.0619,3.09,1.00
2016.12.13 09:53:14.199,1.06189,1.06192,1.50,3.19
2016.12.13 09:53:15.190,1.06189,1.06192,1.12,2.44
2016.12.13 09:53:17.452,1.0619,1.06192,1.50,1.69
2016.12.13 09:53:18.724,1.06189,1.06192,2.62,1.69
2016.12.13 09:53:20.663,1.0619,1.06192,1.00,1.25
2016.12.13 09:53:21.368,1.06189,1.06192,6.37,1.25
2016.12.13 09:53:21.875,1.0619,1.06192,1.00,1.25
2016.12.13 09:53:23.172,1.06189,1.06192,6.37,1.25
2016.12.13 09:53:23.695,1.0619,1.06192,1.00,1.25
2016.12.13 09:53:24.199,1.06189,1.06192,4.87,1.31
2016.12.13 09:53:24.503,1.06192,1.06194,2.10,6.82
2016.12.13 09:53:25.010,1.06192,1.06195,1.00,9.45
2016.12.13 09:53:25.314,1.0619,1.06194,6.00,2.47
2016.12.13 09:53:25.780,1.0619,1.06194,5.62,5.47
2016.12.13 09:53:26.337,1.06189,1.0619,3.75,1.35
2016.12.13 09:53:26.642,1.06186,1.06187,1.50,1.12
2016.12.13 09:53:26.887,1.06184,1.06187,3.19,1.12
2016.12.13 09:53:27.394,1.06185,1.06187,1.00,1.12
2016.12.13 09:53:29.220,1.06186,1.06187,2.10,1.00
2016.12.13 09:53:29.271,1.06188,1.06189,3.75,1.00
2016.12.13 09:53:29.373,1.06189,1.06191,8.81,3.37
2016.12.13 09:53:29.424,1.0619,1.06193,1.50,1.12
2016.12.13 09:53:30.090,1.06191,1.06194,1.00,4.72
2016.12.13 09:53:31.828,1.0619,1.06194,12.75,2.25
2016.12.13 09:53:34.352,1.0619,1.06194,6.00,2.47
2016.12.13 09:53:34.896,1.06191,1.06194,1.50,1.87
2016.12.13 09:53:35.554,1.0619,1.06194,3.00,5.25
2016.12.13 09:53:36.060,1.0619,1.06194,4.50,4.50
2016.12.13 09:53:37.678,1.06191,1.06194,3.37,3.37
2016.12.13 09:53:38.185,1.06192,1.06194,2.25,3.75
2016.12.13 09:53:38.287,1.06195,1.06196,3.94,3.37
2016.12.13 09:53:38.593,1.06199,1.06202,3.00,4.50
2016.12.13 09:53:38.853,1.062,1.06204,9.56,1.31
2016.12.13 09:53:39.258,1.062,1.06201,1.00,1.00
2016.12.13 09:53:39.410,1.06198,1.06201,3.00,1.00
2016.12.13 09:53:39.562,1.06198,1.06199,1.00,1.00
2016.12.13 09:53:39.613,1.06196,1.06198,2.62,1.00
2016.12.13 09:53:40.115,1.06195,1.06197,1.00,2.25
2016.12.13 09:53:41.253,1.06195,1.06198,1.00,3.37
2016.12.13 09:53:42.552,1.06196,1.06198,3.37,1.00
2016.12.13 09:53:42.654,1.06198,1.062,3.00,2.25
2016.12.13 09:53:42.857,1.06201,1.06203,1.50,3.56
2016.12.13 09:53:43.110,1.06199,1.06201,5.25,1.00
2016.12.13 09:53:43.620,1.06198,1.06202,3.37,3.00
2016.12.13 09:53:43.979,1.062,1.06202,1.00,1.37
2016.12.13 09:53:44.081,1.062,1.06203,6.00,1.00
2016.12.13 09:53:44.234,1.06202,1.06204,1.50,1.00
2016.12.13 09:53:44.740,1.06202,1.06205,1.50,2.25
2016.12.13 09:53:48.476,1.06203,1.06206,1.00,4.31
2016.12.13 09:53:48.628,1.06204,1.06207,3.00,4.87
2016.12.13 09:53:48.935,1.06204,1.06205,1.00,2.10
2016.12.13 09:53:49.236,1.062,1.06203,6.37,2.25
2016.12.13 09:53:49.652,1.06203,1.06205,1.12,4.12
2016.12.13 09:53:49.957,1.06205,1.06206,8.62,1.31
2016.12.13 09:53:50.262,1.06203,1.06204,4.50,2.29
2016.12.13 09:53:50.588,1.06201,1.06202,3.75,1.00
2016.12.13 09:53:50.639,1.062,1.06202,2.25,1.00
2016.12.13 09:53:50.793,1.06202,1.06205,3.75,3.37
2016.12.13 09:53:51.005,1.06204,1.06205,1.87,1.00
2016.12.13 09:53:51.512,1.06202,1.06205,2.25,2.25
2016.12.13 09:53:52.037,1.06202,1.06205,2.10,2.25
2016.12.13 09:53:52.460,1.06202,1.06203,2.10,1.00
2016.12.13 09:53:52.512,1.06201,1.06203,1.84,3.60
2016.12.13 09:53:52.716,1.062,1.06201,1.00,1.00
2016.12.13 09:53:53.223,1.062,1.06203,1.12,5.25
2016.12.13 09:53:55.586,1.062,1.06201,1.12,1.50
2016.12.13 09:53:55.905,1.06196,1.06198,2.81,1.50
2016.12.13 09:53:56.413,1.06196,1.06199,1.12,8.47
2016.12.13 09:53:57.126,1.06196,1.06199,2.25,3.97
2016.12.13 09:53:57.512,1.06198,1.06201,1.50,5.25
2016.12.13 09:53:58.021,1.06198,1.062,1.12,1.00
2016.12.13 09:53:58.779,1.06198,1.06199,1.12,1.00
2016.12.13 09:53:59.302,1.06198,1.062,1.12,2.25
2016.12.13 09:54:03.932,1.06198,1.062,3.00,1.50
2016.12.13 09:54:04.439,1.06198,1.062,1.87,2.25
2016.12.13 09:54:04.973,1.06199,1.062,1.00,2.25
2016.12.13 09:54:05.926,1.06199,1.06201,1.00,5.85
2016.12.13 09:54:06.435,1.06199,1.062,1.00,1.00
2016.12.13 09:54:07.323,1.06199,1.06201,1.00,5.85
2016.12.13 09:54:07.829,1.06199,1.062,1.00,1.00
2016.12.13 09:54:08.673,1.06198,1.062,1.12,1.00
2016.12.13 09:54:11.140,1.06198,1.06199,1.12,1.35
2016.12.13 09:54:11.347,1.06196,1.06197,3.00,1.00
2016.12.13 09:54:11.600,1.06194,1.06195,2.25,3.04
2016.12.13 09:54:12.105,1.06193,1.06194,1.00,3.00
2016.12.13 09:54:16.020,1.06193,1.06195,1.00,2.81
2016.12.13 09:54:16.071,1.06194,1.06195,5.25,1.12
2016.12.13 09:54:16.172,1.06196,1.06197,1.00,2.25
2016.12.13 09:54:16.701,1.06195,1.06196,1.87,1.50
2016.12.13 09:54:17.106,1.06194,1.06195,1.00,1.00
2016.12.13 09:54:18.019,1.06194,1.06196,1.00,2.25
2016.12.13 09:54:18.529,1.06194,1.06195,1.00,1.00
2016.12.13 09:54:19.062,1.06194,1.06195,1.50,1.00
2016.12.13 09:54:20.023,1.06195,1.06196,1.00,2.25
2016.12.13 09:54:20.572,1.06194,1.06195,1.50,1.00
2016.12.13 09:54:25.545,1.06194,1.06195,1.50,1.00
2016.12.13 09:54:26.456,1.06194,1.06195,1.00,5.44
2016.12.13 09:54:26.618,1.06189,1.0619,11.62,1.00
2016.12.13 09:54:26.719,1.06187,1.06188,15.00,3.37
2016.12.13 09:54:27.024,1.06186,1.06188,4.75,10.87
2016.12.13 09:54:27.075,1.06186,1.06187,4.50,3.37
2016.12.13 09:54:27.177,1.06186,1.06187,4.50,2.62
2016.12.13 09:54:28.361,1.06187,1.06188,1.00,4.50
2016.12.13 09:54:28.870,1.06187,1.06189,1.00,1.69
2016.12.13 09:54:29.451,1.06188,1.06189,1.00,1.69
2016.12.13 09:54:31.971,1.06188,1.0619,1.50,3.37
2016.12.13 09:54:32.123,1.0619,1.06191,1.00,1.50
2016.12.13 09:54:32.276,1.0619,1.06192,1.00,5.25
2016.12.13 09:54:33.101,1.06189,1.06192,2.25,3.37
2016.12.13 09:54:34.636,1.0619,1.06192,1.50,5.62
2016.12.13 09:54:37.073,1.06189,1.06191,2.25,1.00
2016.12.13 09:54:37.996,1.06188,1.06189,2.70,1.50
2016.12.13 09:54:38.253,1.06186,1.06187,3.75,1.00
2016.12.13 09:54:38.406,1.06184,1.06185,8.06,1.00
2016.12.13 09:54:38.559,1.06184,1.06186,1.87,1.87
2016.12.13 09:54:39.061,1.06185,1.06188,5.62,5.44
2016.12.13 09:54:39.264,1.06186,1.0619,4.16,9.00
2016.12.13 09:54:39.769,1.06187,1.0619,2.32,4.50
2016.12.13 09:54:40.778,1.06189,1.06191,1.00,6.37
2016.12.13 09:54:42.521,1.06186,1.06187,5.32,3.00
2016.12.13 09:54:42.776,1.06181,1.06182,1.00,1.50
2016.12.13 09:54:42.979,1.06179,1.0618,1.87,1.50
2016.12.13 09:54:43.284,1.0618,1.06182,1.00,4.12
2016.12.13 09:54:43.446,1.06181,1.06183,3.00,2.10
2016.12.13 09:54:43.954,1.06181,1.06183,2.62,6.37
2016.12.13 09:54:44.106,1.0618,1.06182,1.50,3.00
2016.12.13 09:54:44.776,1.0618,1.06183,1.50,2.74
2016.12.13 09:54:45.282,1.0618,1.06183,1.50,1.99
2016.12.13 09:54:46.075,1.06179,1.06181,4.48,1.50
2016.12.13 09:54:48.177,1.0618,1.06182,1.50,2.25
2016.12.13 09:54:48.683,1.06181,1.06182,1.00,2.25
2016.12.13 09:54:49.210,1.0618,1.06182,4.12,1.00
2016.12.13 09:54:49.715,1.0618,1.06182,3.37,1.00
2016.12.13 09:54:50.681,1.06181,1.06182,8.10,1.00
2016.12.13 09:54:50.783,1.06182,1.06183,4.50,1.50
2016.12.13 09:54:51.443,1.06182,1.06183,1.87,2.25
2016.12.13 09:54:51.698,1.06181,1.06182,1.50,2.25
2016.12.13 09:54:52.105,1.06182,1.06183,1.50,2.25
2016.12.13 09:54:52.309,1.06179,1.0618,1.50,1.50
2016.12.13 09:54:52.411,1.06176,1.06178,14.25,1.00
2016.12.13 09:54:52.512,1.06177,1.06178,1.87,2.25
2016.12.13 09:54:52.665,1.06175,1.06176,2.06,1.50
2016.12.13 09:54:53.222,1.06175,1.06176,3.56,2.25
2016.12.13 09:54:53.736,1.06174,1.06175,7.69,2.25
2016.12.13 09:54:54.393,1.06175,1.06176,4.31,2.25
2016.12.13 09:54:54.899,1.06174,1.06175,9.94,2.25
2016.12.13 09:54:55.437,1.06175,1.06176,4.31,2.25
2016.12.13 09:54:55.943,1.06178,1.0618,1.00,5.62
2016.12.13 09:54:55.994,1.06179,1.0618,1.00,2.62
2016.12.13 09:54:56.500,1.06179,1.0618,4.12,1.87
2016.12.13 09:54:56.958,1.06181,1.06182,1.50,1.12
2016.12.13 09:54:57.211,1.06182,1.06184,1.00,1.50
2016.12.13 09:54:57.718,1.06182,1.06183,1.00,1.50
2016.12.13 09:54:58.225,1.06181,1.06183,2.62,1.50
2016.12.13 09:54:58.598,1.0618,1.06182,1.00,4.12
2016.12.13 09:54:58.801,1.06175,1.06178,6.56,1.87
2016.12.13 09:54:59.055,1.06181,1.06183,1.00,28.50
2016.12.13 09:54:59.106,1.06183,1.06185,1.00,6.00
2016.12.13 09:54:59.208,1.06184,1.06186,1.31,12.00
2016.12.13 09:54:59.259,1.06185,1.06186,2.25,1.50
2016.12.13 09:54:59.310,1.06183,1.06185,6.00,1.50
2016.12.13 09:54:59.462,1.06181,1.06185,11.81,3.10
2016.12.13 09:54:59.825,1.06181,1.06185,3.00,3.75
2016.12.13 09:55:00.489,1.06182,1.06185,3.37,3.75
2016.12.13 09:55:01.062,1.06181,1.06185,5.62,5.62
2016.12.13 09:55:01.571,1.06182,1.06185,2.70,3.37
2016.12.13 09:55:02.282,1.06181,1.06183,10.61,2.50
2016.12.13 09:55:02.641,1.06182,1.06184,2.40,2.32
2016.12.13 09:55:03.148,1.06182,1.06183,3.00,1.00
2016.12.13 09:55:03.199,1.06182,1.06183,1.00,2.10
2016.12.13 09:55:03.251,1.0618,1.06181,2.25,3.19
2016.12.13 09:55:03.403,1.06177,1.06178,4.87,1.50
2016.12.13 09:55:03.556,1.06176,1.06177,1.50,1.00
2016.12.13 09:55:03.760,1.06174,1.06175,1.12,1.50
2016.12.13 09:55:03.913,1.06171,1.06173,1.00,1.00
2016.12.13 09:55:04.420,1.06171,1.06172,1.87,1.00
2016.12.13 09:55:04.623,1.06171,1.06172,1.87,1.00
2016.12.13 09:55:04.960,1.06169,1.06171,6.07,1.00
2016.12.13 09:55:05.011,1.06169,1.06171,1.57,1.50
2016.12.13 09:55:05.517,1.06169,1.06171,1.00,1.50
2016.12.13 09:55:06.075,1.06169,1.0617,1.50,1.00
2016.12.13 09:55:06.392,1.06167,1.06169,2.81,1.00
2016.12.13 09:55:06.646,1.06169,1.0617,3.00,1.50
2016.12.13 09:55:07.152,1.06169,1.0617,3.79,1.50
2016.12.13 09:55:07.655,1.06168,1.0617,3.56,1.00
2016.12.13 09:55:08.161,1.06171,1.06172,1.00,1.87
2016.12.13 09:55:08.666,1.0617,1.06171,3.00,2.25
2016.12.13 09:55:10.374,1.06172,1.06173,1.00,2.62
2016.12.13 09:55:11.838,1.0617,1.06171,3.75,2.25
2016.12.13 09:55:11.940,1.06167,1.06169,9.52,1.00
2016.12.13 09:55:12.496,1.06166,1.06168,8.66,1.00
2016.12.13 09:55:12.953,1.06168,1.06169,1.12,1.50
2016.12.13 09:55:13.055,1.0617,1.06171,1.00,3.56
2016.12.13 09:55:13.866,1.06169,1.06171,4.72,2.50
2016.12.13 09:55:14.069,1.0617,1.06171,1.00,2.25
2016.12.13 09:55:14.222,1.06167,1.06168,1.00,1.50
2016.12.13 09:55:14.738,1.06166,1.06167,3.19,1.50
2016.12.13 09:55:15.245,1.06166,1.06168,3.94,1.50
2016.12.13 09:55:15.791,1.06167,1.06168,1.30,2.25
2016.12.13 09:55:16.300,1.06166,1.06167,2.81,1.00
2016.12.13 09:55:16.807,1.06167,1.06168,1.00,1.50
2016.12.13 09:55:17.010,1.06169,1.0617,1.25,2.25
2016.12.13 09:55:17.216,1.0617,1.06171,4.87,3.00
2016.12.13 09:55:17.722,1.0617,1.06172,3.37,3.00
2016.12.13 09:55:17.926,1.06169,1.06171,3.04,3.00
2016.12.13 09:55:17.977,1.06168,1.06169,3.37,1.50
2016.12.13 09:55:18.514,1.06168,1.06169,2.25,2.25
2016.12.13 09:55:19.031,1.06166,1.06168,5.62,1.00
2016.12.13 09:55:19.536,1.06167,1.06168,1.50,1.00
2016.12.13 09:55:20.839,1.06167,1.06169,4.35,1.00
2016.12.13 09:55:20.891,1.06169,1.0617,3.82,1.87
2016.12.13 09:55:21.043,1.0617,1.06172,4.00,4.50
2016.12.13 09:55:21.448,1.06169,1.0617,2.29,2.25
2016.12.13 09:55:21.752,1.06166,1.06167,2.81,1.50
2016.12.13 09:55:22.010,1.06169,1.0617,1.30,3.75
2016.12.13 09:55:22.062,1.06169,1.0617,1.30,3.00
2016.12.13 09:55:22.368,1.06169,1.0617,1.30,2.25
2016.12.13 09:55:22.873,1.06167,1.06169,4.12,1.00
2016.12.13 09:55:23.378,1.06167,1.06168,1.12,1.00
2016.12.13 09:55:23.683,1.0617,1.06172,2.50,9.00
2016.12.13 09:55:23.784,1.06169,1.0617,2.47,1.50
2016.12.13 09:55:24.294,1.06168,1.06169,3.94,1.50
2016.12.13 09:55:26.779,1.06167,1.06168,3.37,1.50
2016.12.13 09:55:26.830,1.06167,1.06168,1.87,1.50
2016.12.13 09:55:26.982,1.06166,1.06167,1.50,2.25
2016.12.13 09:55:27.979,1.06166,1.06167,1.00,2.25
2016.12.13 09:55:28.484,1.06165,1.06166,8.44,1.50
2016.12.13 09:55:31.160,1.06164,1.06165,2.77,1.00
2016.12.13 09:55:31.400,1.0616,1.06161,4.12,1.00
2016.12.13 09:55:31.552,1.0616,1.06161,1.87,2.10
2016.12.13 09:55:31.705,1.06155,1.06157,11.81,2.50
2016.12.13 09:55:31.959,1.06155,1.06156,1.12,3.00
2016.12.13 09:55:32.265,1.06152,1.06153,4.87,3.75
2016.12.13 09:55:32.494,1.06151,1.06152,1.12,1.00
2016.12.13 09:55:32.697,1.06152,1.06153,1.00,1.50
2016.12.13 09:55:32.900,1.06153,1.06154,3.19,1.00
2016.12.13 09:55:33.204,1.06155,1.06157,12.00,1.00
2016.12.13 09:55:33.255,1.06155,1.06157,3.75,1.50
2016.12.13 09:55:33.407,1.06154,1.06155,2.25,2.25
2016.12.13 09:55:33.908,1.06155,1.06156,1.00,9.00
2016.12.13 09:55:34.111,1.06156,1.06158,1.00,5.25
2016.12.13 09:55:34.417,1.06159,1.06161,15.19,1.87
2016.12.13 09:55:34.468,1.06162,1.06163,1.00,5.25
2016.12.13 09:55:34.521,1.0616,1.06162,3.19,2.25
2016.12.13 09:55:35.042,1.06162,1.06164,2.12,3.94
2016.12.13 09:55:35.599,1.0616,1.06162,7.69,1.00
2016.12.13 09:55:35.650,1.06159,1.06161,4.50,3.25
2016.12.13 09:55:35.854,1.06157,1.06159,3.75,1.00
2016.12.13 09:55:36.123,1.06159,1.0616,1.50,1.50
2016.12.13 09:55:38.632,1.06159,1.06161,2.12,7.12
2016.12.13 09:55:38.835,1.06161,1.06163,1.00,15.37
2016.12.13 09:55:39.038,1.06162,1.06163,1.87,1.87
2016.12.13 09:55:39.271,1.06163,1.06164,1.87,3.00
2016.12.13 09:55:39.678,1.06166,1.06168,3.37,5.25
2016.12.13 09:55:39.830,1.06168,1.06169,3.37,1.00
2016.12.13 09:55:39.983,1.06171,1.06173,1.00,16.69
2016.12.13 09:55:40.434,1.06173,1.06175,1.37,24.22
2016.12.13 09:55:40.587,1.06174,1.06175,2.25,4.31
2016.12.13 09:55:41.145,1.06175,1.06176,1.00,3.37
2016.12.13 09:55:41.196,1.06176,1.06178,1.00,13.69
2016.12.13 09:55:41.297,1.06177,1.06178,2.25,2.62
2016.12.13 09:55:41.399,1.06176,1.06178,4.87,1.50
2016.12.13 09:55:41.519,1.06177,1.0618,4.69,8.25
2016.12.13 09:55:41.825,1.06178,1.0618,16.12,3.25
2016.12.13 09:55:41.877,1.06181,1.06182,2.25,1.00
2016.12.13 09:55:41.980,1.06182,1.06184,5.06,1.00
2016.12.13 09:55:42.085,1.06183,1.06184,6.94,1.00
2016.12.13 09:55:42.390,1.06173,1.06182,1.00,9.35
2016.12.13 09:55:42.441,1.06175,1.06181,2.25,8.54
2016.12.13 09:55:42.715,1.06173,1.06174,1.50,4.50
2016.12.13 09:55:43.222,1.06172,1.06174,2.25,3.00
2016.12.13 09:55:43.779,1.06173,1.06174,1.50,1.00
2016.12.13 09:55:43.952,1.06169,1.06171,11.25,2.25
2016.12.13 09:55:44.459,1.06169,1.06171,2.25,2.06
2016.12.13 09:55:45.016,1.06169,1.0617,1.50,1.00
2016.12.13 09:55:45.420,1.06177,1.06179,2.50,8.44
2016.12.13 09:55:45.724,1.06176,1.06177,1.00,3.94
2016.12.13 09:55:45.826,1.06174,1.06175,1.72,1.50
2016.12.13 09:55:46.332,1.06174,1.06176,1.87,1.50
2016.12.13 09:55:46.852,1.06173,1.06176,2.62,3.19
2016.12.13 09:55:47.462,1.06174,1.06176,1.50,1.69
2016.12.13 09:55:47.565,1.06174,1.06175,1.50,4.50
2016.12.13 09:55:48.188,1.06171,1.06173,8.62,1.00
2016.12.13 09:55:49.051,1.06172,1.06174,4.50,1.50
2016.12.13 09:55:49.592,1.06174,1.06175,2.25,5.25
2016.12.13 09:55:49.898,1.06172,1.06173,2.62,1.54
2016.12.13 09:55:50.407,1.06171,1.06173,6.19,1.00
2016.12.13 09:55:50.914,1.06172,1.06173,3.00,1.05
2016.12.13 09:55:51.131,1.06173,1.06175,8.81,5.25
2016.12.13 09:55:51.183,1.06175,1.06176,3.00,3.00
2016.12.13 09:55:51.386,1.06173,1.06175,4.12,1.50
2016.12.13 09:55:51.743,1.06174,1.06175,1.00,1.50
2016.12.13 09:55:52.299,1.06174,1.06175,1.50,1.00
2016.12.13 09:55:52.855,1.06173,1.06175,2.25,1.00
2016.12.13 09:55:53.373,1.06173,1.06174,3.00,1.00
2016.12.13 09:55:53.981,1.06173,1.06177,3.00,6.79
2016.12.13 09:55:56.112,1.06175,1.06177,1.50,4.54
2016.12.13 09:55:56.922,1.06176,1.06177,1.50,1.35
2016.12.13 09:55:57.471,1.06175,1.06177,2.50,13.35
2016.12.13 09:55:58.103,1.06175,1.06176,2.25,2.10
2016.12.13 09:55:58.626,1.06174,1.06176,2.25,2.47
2016.12.13 09:55:59.149,1.06175,1.06177,1.50,6.04
2016.12.13 09:56:00.504,1.06176,1.06177,1.50,1.00
2016.12.13 09:56:00.808,1.06184,1.06185,2.25,1.00
2016.12.13 09:56:00.859,1.06186,1.06187,2.25,4.87
2016.12.13 09:56:01.368,1.06187,1.06189,2.25,3.06
2016.12.13 09:56:01.419,1.06188,1.06189,2.25,1.50
2016.12.13 09:56:01.723,1.06192,1.06193,5.25,1.00
2016.12.13 09:56:01.774,1.06195,1.06197,2.50,5.85
2016.12.13 09:56:02.180,1.06193,1.06194,2.25,1.00
2016.12.13 09:56:02.694,1.06193,1.06195,2.25,1.50
2016.12.13 09:56:03.965,1.06192,1.06193,1.00,3.22
2016.12.13 09:56:04.117,1.0619,1.06192,1.00,3.22
2016.12.13 09:56:04.775,1.06191,1.06193,1.00,4.35
2016.12.13 09:56:04.978,1.06193,1.06195,1.50,1.50
2016.12.13 09:56:05.209,1.06195,1.06196,1.00,2.44
2016.12.13 09:56:05.260,1.06196,1.06197,2.25,3.60
2016.12.13 09:56:05.783,1.06196,1.06197,2.25,1.35
2016.12.13 09:56:07.529,1.06195,1.06197,2.25,1.50
2016.12.13 09:56:08.232,1.06194,1.06195,2.25,1.50
2016.12.13 09:56:08.334,1.06194,1.06195,1.00,3.00
2016.12.13 09:56:08.841,1.06193,1.06195,1.50,5.62
2016.12.13 09:56:09.450,1.06193,1.06195,2.62,4.50
2016.12.13 09:56:09.501,1.06193,1.06194,3.37,1.87
2016.12.13 09:56:09.867,1.06193,1.06195,6.56,3.00
2016.12.13 09:56:10.019,1.06198,1.06199,1.50,2.25
2016.12.13 09:56:10.070,1.06198,1.06199,1.50,1.50
2016.12.13 09:56:10.172,1.06199,1.062,1.50,3.19
2016.12.13 09:56:10.426,1.06201,1.06203,1.00,3.94
2016.12.13 09:56:10.477,1.06202,1.06204,1.00,7.54
2016.12.13 09:56:12.082,1.06204,1.06205,1.50,3.00
2016.12.13 09:56:12.386,1.06206,1.06207,2.25,4.54
2016.12.13 09:56:12.741,1.06203,1.06205,3.00,3.86
2016.12.13 09:56:12.893,1.06203,1.06205,3.00,4.50
2016.12.13 09:56:13.807,1.06204,1.06205,1.50,2.25
2016.12.13 09:56:14.111,1.06206,1.06208,1.00,8.29
2016.12.13 09:56:14.630,1.06206,1.06207,2.25,1.50
2016.12.13 09:56:16.987,1.06204,1.06205,3.75,1.50
2016.12.13 09:56:17.089,1.06203,1.06204,2.25,1.50
2016.12.13 09:56:17.241,1.06204,1.06206,1.00,7.12
2016.12.13 09:56:17.545,1.06206,1.06208,3.00,1.00
2016.12.13 09:56:17.596,1.06207,1.06209,3.00,6.94
2016.12.13 09:56:18.116,1.06207,1.06209,3.00,6.94
2016.12.13 09:56:18.779,1.06207,1.06208,1.50,2.62
2016.12.13 09:56:19.286,1.06208,1.06209,3.00,4.69
2016.12.13 09:56:22.334,1.06208,1.06209,3.75,1.00
2016.12.13 09:56:22.538,1.06212,1.06213,1.50,1.31
2016.12.13 09:56:23.060,1.06213,1.06214,1.50,4.31
2016.12.13 09:56:23.314,1.06213,1.06215,2.25,3.94
2016.12.13 09:56:23.365,1.06214,1.06216,1.00,4.50
2016.12.13 09:56:25.094,1.06214,1.06216,2.25,1.50
2016.12.13 09:56:25.550,1.06218,1.06219,1.50,5.06
2016.12.13 09:56:25.652,1.06218,1.06219,1.50,1.25
2016.12.13 09:56:26.210,1.06218,1.0622,2.25,7.87
2016.12.13 09:56:30.894,1.06218,1.0622,2.25,2.25
2016.12.13 09:56:33.653,1.06219,1.06221,1.00,4.69
2016.12.13 09:56:34.022,1.06218,1.06221,2.25,5.81
2016.12.13 09:56:34.529,1.06218,1.0622,2.25,2.25
2016.12.13 09:56:35.262,1.06218,1.0622,2.25,4.50
2016.12.13 09:56:35.313,1.06216,1.06218,1.50,2.25
2016.12.13 09:56:35.415,1.06215,1.06216,2.25,1.00
2016.12.13 09:56:35.594,1.06214,1.06215,1.50,1.00
2016.12.13 09:56:36.100,1.06215,1.06216,2.25,3.56
2016.12.13 09:56:36.657,1.06215,1.06217,2.25,4.31
2016.12.13 09:56:37.163,1.06216,1.06217,1.00,5.44
2016.12.13 09:56:38.384,1.06217,1.06218,2.25,1.87
2016.12.13 09:56:38.486,1.06218,1.0622,1.50,2.81
2016.12.13 09:56:38.537,1.06219,1.06221,1.00,4.46
2016.12.13 09:56:39.883,1.06219,1.0622,3.00,2.44
2016.12.13 09:56:40.491,1.06218,1.0622,3.00,1.69
2016.12.13 09:56:40.815,1.06217,1.06218,1.87,3.00
2016.12.13 09:56:40.866,1.06217,1.06218,2.25,3.00
2016.12.13 09:56:43.140,1.06216,1.06217,3.00,2.62
2016.12.13 09:56:44.529,1.06216,1.06218,4.12,4.12
2016.12.13 09:56:45.396,1.06216,1.06219,3.75,5.25
2016.12.13 09:56:45.448,1.06216,1.06219,4.50,4.87
2016.12.13 09:56:45.853,1.06216,1.06219,1.50,5.62
2016.12.13 09:56:45.955,1.06216,1.06217,2.25,3.00
2016.12.13 09:56:46.483,1.06217,1.06218,3.00,2.25
2016.12.13 09:56:47.004,1.06218,1.06219,1.50,2.25
2016.12.13 09:56:48.073,1.06218,1.0622,1.50,8.47
2016.12.13 09:56:49.857,1.06219,1.06221,1.00,6.60
2016.12.13 09:56:50.061,1.06225,1.06226,1.00,1.50
2016.12.13 09:56:50.112,1.06224,1.06225,4.50,2.25
2016.12.13 09:56:50.239,1.06226,1.06228,2.87,8.81
2016.12.13 09:56:50.494,1.06228,1.06229,1.50,4.50
2016.12.13 09:56:51.003,1.06228,1.0623,1.12,6.94
2016.12.13 09:56:52.253,1.06225,1.06227,5.25,5.29
2016.12.13 09:56:52.760,1.06225,1.06226,2.25,1.35
2016.12.13 09:56:53.049,1.06224,1.06225,3.00,1.00
2016.12.13 09:56:53.252,1.06226,1.06227,1.12,2.62
2016.12.13 09:56:53.353,1.06227,1.06229,2.25,1.12
2016.12.13 09:56:53.507,1.0623,1.06232,2.69,8.02
2016.12.13 09:56:53.661,1.06234,1.06235,1.00,1.00
2016.12.13 09:56:53.763,1.06236,1.06237,1.87,3.00
2016.12.13 09:56:54.133,1.06238,1.06239,1.12,1.87
2016.12.13 09:56:54.654,1.06238,1.06241,3.37,6.07
2016.12.13 09:56:55.161,1.06237,1.0624,3.75,3.97
2016.12.13 09:56:55.728,1.06237,1.0624,3.75,3.60
2016.12.13 09:56:56.690,1.06238,1.0624,2.25,1.50
2016.12.13 09:56:57.240,1.06239,1.06241,1.50,3.97
2016.12.13 09:57:00.683,1.06237,1.06239,1.50,1.00
2016.12.13 09:57:00.785,1.06235,1.06237,5.44,3.94
2016.12.13 09:57:01.089,1.06229,1.0623,3.00,3.00
2016.12.13 09:57:01.191,1.06228,1.0623,1.37,5.25
2016.12.13 09:57:01.394,1.06227,1.06229,2.81,2.25
2016.12.13 09:57:01.599,1.06226,1.06227,4.50,3.94
2016.12.13 09:57:01.964,1.06223,1.06224,1.00,1.00
2016.12.13 09:57:02.472,1.06223,1.06225,1.50,1.12
2016.12.13 09:57:04.101,1.06223,1.06224,1.00,1.25
2016.12.13 09:57:04.457,1.06225,1.06226,2.62,1.00
2016.12.13 09:57:04.662,1.06229,1.0623,1.50,1.50
2016.12.13 09:57:04.815,1.06229,1.06232,3.00,3.19
2016.12.13 09:57:05.323,1.06231,1.06233,1.50,1.87
2016.12.13 09:57:06.769,1.06229,1.06233,5.25,2.62
2016.12.13 09:57:10.107,1.06228,1.0623,5.62,1.25
2016.12.13 09:57:10.362,1.06226,1.0623,2.81,6.37
2016.12.13 09:57:10.903,1.06226,1.06229,1.69,1.87
2016.12.13 09:57:11.411,1.06226,1.0623,2.06,7.54
2016.12.13 09:57:12.677,1.06226,1.06229,2.06,1.00
2016.12.13 09:57:13.284,1.06224,1.06225,7.12,3.19
2016.12.13 09:57:13.336,1.06223,1.06224,1.12,1.72
2016.12.13 09:57:13.387,1.06221,1.06223,2.25,1.50
2016.12.13 09:57:13.893,1.0622,1.06222,1.00,1.50
2016.12.13 09:57:14.430,1.06219,1.06222,1.25,1.00
2016.12.13 09:57:15.341,1.06221,1.06222,2.25,1.00
2016.12.13 09:57:15.595,1.06225,1.06228,3.00,1.69
2016.12.13 09:57:16.546,1.06224,1.06228,5.25,5.44
2016.12.13 09:57:17.002,1.06223,1.06225,3.37,3.79
2016.12.13 09:57:17.105,1.06221,1.06223,1.50,1.31
2016.12.13 09:57:17.207,1.06219,1.06221,2.62,1.00
2016.12.13 09:57:17.733,1.06219,1.0622,1.00,1.00
2016.12.13 09:57:18.997,1.06218,1.0622,2.62,1.50
2016.12.13 09:57:19.600,1.06219,1.0622,1.00,1.50
2016.12.13 09:57:20.665,1.06215,1.06217,12.37,3.00
2016.12.13 09:57:20.818,1.06213,1.06214,2.25,1.72
2016.12.13 09:57:20.920,1.0621,1.06214,4.12,2.81
2016.12.13 09:57:21.023,1.0621,1.06213,3.37,1.00
2016.12.13 09:57:21.221,1.0621,1.06211,1.87,1.00
2016.12.13 09:57:21.526,1.06207,1.06208,1.12,1.50
2016.12.13 09:57:21.882,1.06208,1.06211,10.39,1.87
2016.12.13 09:57:22.035,1.06207,1.06209,5.25,1.00
2016.12.13 09:57:22.452,1.06206,1.06207,1.87,2.25
2016.12.13 09:57:23.226,1.06206,1.06208,1.87,2.25
2016.12.13 09:57:26.126,1.06206,1.06208,2.67,2.25
2016.12.13 09:57:28.321,1.06209,1.0621,1.50,2.62
2016.12.13 09:57:28.534,1.0621,1.06211,1.00,1.50
2016.12.13 09:57:29.626,1.06209,1.06211,3.00,1.50
2016.12.13 09:57:30.178,1.0621,1.06212,1.00,2.25
2016.12.13 09:57:30.685,1.06208,1.06211,2.30,3.56
2016.12.13 09:57:30.736,1.06208,1.06209,1.07,1.00
2016.12.13 09:57:30.789,1.06206,1.06207,3.05,1.00
2016.12.13 09:57:30.840,1.06205,1.06206,1.12,3.94
2016.12.13 09:57:30.942,1.06201,1.06203,1.00,1.50
2016.12.13 09:57:31.044,1.062,1.06202,1.37,1.50
2016.12.13 09:57:31.247,1.06199,1.06201,2.06,1.00
2016.12.13 09:57:31.757,1.06199,1.06202,2.44,1.50
2016.12.13 09:57:32.263,1.062,1.06202,1.00,1.50
2016.12.13 09:57:32.928,1.062,1.06201,1.00,2.25
2016.12.13 09:57:32.980,1.06198,1.06199,1.12,1.00
2016.12.13 09:57:33.031,1.06197,1.06198,1.50,1.00
2016.12.13 09:57:33.302,1.06196,1.06199,1.87,3.00
2016.12.13 09:57:33.809,1.06196,1.06197,1.00,1.12
2016.12.13 09:57:34.013,1.06194,1.06197,1.00,1.37
2016.12.13 09:57:34.354,1.06195,1.06199,1.50,5.81
2016.12.13 09:57:34.762,1.06197,1.06199,1.00,3.75
2016.12.13 09:57:35.017,1.06202,1.06203,1.00,1.12
2016.12.13 09:57:38.604,1.06201,1.06202,1.00,1.00
2016.12.13 09:57:38.807,1.06199,1.062,1.00,1.50
2016.12.13 09:57:39.061,1.06195,1.06199,6.56,3.00
2016.12.13 09:57:39.578,1.06195,1.06198,4.31,1.00
2016.12.13 09:57:42.194,1.06195,1.06198,6.94,2.25
2016.12.13 09:57:42.700,1.06197,1.06199,1.00,2.62
2016.12.13 09:57:43.759,1.06198,1.06199,1.00,1.87
2016.12.13 09:57:43.861,1.062,1.06201,1.00,1.87
2016.12.13 09:57:44.165,1.06202,1.06205,6.22,2.25
2016.12.13 09:57:44.727,1.06203,1.06205,1.00,1.00
2016.12.13 09:57:44.983,1.06205,1.06207,1.00,5.40
2016.12.13 09:57:45.876,1.06205,1.06206,1.00,1.12
2016.12.13 09:57:47.404,1.06204,1.06205,1.00,1.00
2016.12.13 09:57:47.910,1.06204,1.06206,1.00,2.62
2016.12.13 09:57:49.502,1.06204,1.06206,1.00,2.62
2016.12.13 09:57:50.153,1.06204,1.06205,1.00,1.00
2016.12.13 09:57:51.333,1.06204,1.06206,1.00,2.62
2016.12.13 09:57:51.637,1.06206,1.06208,1.87,3.37
2016.12.13 09:57:51.959,1.06209,1.0621,1.00,1.12
2016.12.13 09:57:55.022,1.0621,1.06211,2.85,2.77
2016.12.13 09:57:55.073,1.06211,1.06213,6.22,3.52
2016.12.13 09:57:55.226,1.06214,1.06215,1.00,1.50
2016.12.13 09:57:55.757,1.06214,1.06216,1.00,2.44
2016.12.13 09:57:56.264,1.06214,1.06215,1.00,3.75
2016.12.13 09:57:56.770,1.06213,1.06215,1.50,5.32
2016.12.13 09:58:01.340,1.06213,1.06216,1.00,2.81
2016.12.13 09:58:01.846,1.06214,1.06216,1.00,1.95
2016.12.13 09:58:02.705,1.06212,1.06216,3.56,1.95
2016.12.13 09:58:03.362,1.06212,1.06215,3.56,1.50
2016.12.13 09:58:03.867,1.06212,1.06216,5.06,1.20
2016.12.13 09:58:04.374,1.06212,1.06215,5.06,1.00
2016.12.13 09:58:04.728,1.06211,1.06213,2.25,1.00
2016.12.13 09:58:04.880,1.0621,1.06213,5.02,1.00
2016.12.13 09:58:05.525,1.0621,1.06214,4.27,3.60
2016.12.13 09:58:06.033,1.0621,1.06213,3.52,1.10
2016.12.13 09:58:06.540,1.0621,1.06214,3.37,4.72
2016.12.13 09:58:07.698,1.0621,1.06214,4.12,5.55
2016.12.13 09:58:08.204,1.06211,1.06214,1.50,1.20
2016.12.13 09:58:11.423,1.06212,1.06214,1.25,1.20
2016.12.13 09:58:12.185,1.06213,1.06214,1.00,1.25
2016.12.13 09:58:12.896,1.06213,1.06215,1.00,3.26
2016.12.13 09:58:14.482,1.06213,1.06214,1.50,1.25
2016.12.13 09:58:15.194,1.06212,1.06214,1.00,1.25
2016.12.13 09:58:15.711,1.06216,1.06218,3.75,11.32
2016.12.13 09:58:15.813,1.06218,1.06219,1.87,5.47
2016.12.13 09:58:16.117,1.06216,1.06218,1.87,2.44
2016.12.13 09:58:16.623,1.06216,1.06219,1.87,1.50
2016.12.13 09:58:18.116,1.06216,1.0622,2.62,8.29
2016.12.13 09:58:18.369,1.06215,1.06217,8.06,3.25
2016.12.13 09:58:18.675,1.0621,1.06211,1.00,1.54
2016.12.13 09:58:18.819,1.06208,1.0621,3.00,1.00
2016.12.13 09:58:19.330,1.06208,1.06211,1.00,2.81
2016.12.13 09:58:22.177,1.06213,1.06214,2.10,10.18
2016.12.13 09:58:22.411,1.06216,1.06219,1.00,3.75
2016.12.13 09:58:22.916,1.06216,1.06219,1.50,1.87
2016.12.13 09:58:25.604,1.06216,1.06219,1.00,6.22
2016.12.13 09:58:25.881,1.06214,1.06217,1.87,1.50
2016.12.13 09:58:25.933,1.06213,1.06215,1.12,1.00
2016.12.13 09:58:27.050,1.06212,1.06216,4.31,3.75
2016.12.13 09:58:27.555,1.06212,1.06215,1.50,1.00
2016.12.13 09:58:28.122,1.06212,1.06216,1.50,4.31
2016.12.13 09:58:28.721,1.06212,1.06215,1.50,1.00
2016.12.13 09:58:30.286,1.06212,1.06216,3.75,4.69
2016.12.13 09:58:30.859,1.06212,1.06215,2.25,1.00
2016.12.13 09:58:31.365,1.06212,1.06215,1.50,4.12
2016.12.13 09:58:32.750,1.06211,1.06215,3.00,9.56
2016.12.13 09:58:33.054,1.06207,1.06209,1.00,4.69
2016.12.13 09:58:33.156,1.06205,1.06208,1.50,1.87
2016.12.13 09:58:33.662,1.06204,1.06208,4.31,1.00
2016.12.13 09:58:35.254,1.06207,1.06208,1.00,1.00
2016.12.13 09:58:35.357,1.06207,1.0621,1.50,1.50
2016.12.13 09:58:35.888,1.06207,1.06211,2.62,1.87
2016.12.13 09:58:37.404,1.06207,1.0621,2.25,1.00
2016.12.13 09:58:39.437,1.06207,1.06211,2.25,2.62
2016.12.13 09:58:39.723,1.06209,1.06212,1.72,2.62
2016.12.13 09:58:40.027,1.06211,1.06214,3.37,1.00
2016.12.13 09:58:41.190,1.06211,1.06213,4.12,2.62
2016.12.13 09:58:41.384,1.06208,1.0621,1.12,4.12
2016.12.13 09:58:41.486,1.06206,1.06208,4.69,1.00
2016.12.13 09:58:41.590,1.06204,1.06207,8.62,2.81
2016.12.13 09:58:41.693,1.06203,1.06206,2.25,1.87
2016.12.13 09:58:49.395,1.06202,1.06205,5.06,1.00
2016.12.13 09:58:50.784,1.06202,1.06206,3.19,1.00
2016.12.13 09:58:51.089,1.06201,1.06204,1.00,4.31
2016.12.13 09:58:51.604,1.062,1.06204,7.12,3.56
2016.12.13 09:58:51.924,1.06204,1.06207,1.50,4.12
2016.12.13 09:58:51.975,1.06204,1.06206,1.00,1.00
2016.12.13 09:58:52.229,1.06204,1.06208,3.41,1.87
2016.12.13 09:58:53.252,1.06203,1.06205,9.56,1.50
2016.12.13 09:58:53.304,1.06204,1.06206,2.62,1.50
2016.12.13 09:58:53.355,1.06202,1.06203,2.62,2.10
2016.12.13 09:58:53.507,1.06201,1.06203,2.62,5.10
2016.12.13 09:58:53.659,1.062,1.06202,1.25,1.12
2016.12.13 09:58:54.166,1.06202,1.06204,1.00,1.50
2016.12.13 09:58:54.267,1.06203,1.06205,1.00,1.69
2016.12.13 09:58:54.770,1.06202,1.06205,2.25,1.25
2016.12.13 09:58:55.276,1.06203,1.06205,1.00,1.25
2016.12.13 09:58:55.783,1.06202,1.06204,3.75,1.00
2016.12.13 09:58:55.884,1.06204,1.06205,1.00,1.25
2016.12.13 09:58:56.201,1.06205,1.06208,1.00,3.56
2016.12.13 09:58:56.708,1.06206,1.06209,1.50,1.00
2016.12.13 09:58:57.771,1.06206,1.0621,2.62,2.81
2016.12.13 09:58:58.342,1.06206,1.06209,2.25,1.00
2016.12.13 09:58:58.495,1.06204,1.06208,1.12,3.56
2016.12.13 09:59:00.224,1.06204,1.06206,1.12,1.00
2016.12.13 09:59:00.529,1.06202,1.06204,4.27,1.25
2016.12.13 09:59:00.835,1.06204,1.06207,1.00,3.94
2016.12.13 09:59:01.140,1.06207,1.06209,1.00,1.00
2016.12.13 09:59:02.332,1.06207,1.0621,1.00,3.56
2016.12.13 09:59:04.675,1.06208,1.0621,1.00,1.25
2016.12.13 09:59:04.980,1.0621,1.06211,1.00,1.12
2016.12.13 09:59:05.292,1.06215,1.06216,1.25,2.25
2016.12.13 09:59:05.496,1.06215,1.06218,2.06,1.50
2016.12.13 09:59:06.004,1.06215,1.06218,2.25,1.50
2016.12.13 09:59:07.833,1.06216,1.06219,1.87,5.44
2016.12.13 09:59:08.384,1.06216,1.06219,1.12,7.69
2016.12.13 09:59:08.890,1.06217,1.06219,1.00,6.94
2016.12.13 09:59:10.672,1.06216,1.06217,1.87,1.50
2016.12.13 09:59:11.178,1.06216,1.06217,1.00,3.00
2016.12.13 09:59:12.384,1.06213,1.06215,3.56,1.87
2016.12.13 09:59:12.587,1.06208,1.0621,3.00,3.00
2016.12.13 09:59:13.094,1.06208,1.06209,1.00,1.00
2016.12.13 09:59:14.227,1.06208,1.06211,6.37,1.00
2016.12.13 09:59:14.381,1.06207,1.06208,1.12,1.12
2016.12.13 09:59:14.433,1.06206,1.06208,2.62,3.19
2016.12.13 09:59:14.585,1.06204,1.06207,2.62,1.50
2016.12.13 09:59:15.486,1.06205,1.06206,3.60,1.00
2016.12.13 09:59:15.638,1.06206,1.06208,1.87,1.00
2016.12.13 09:59:15.740,1.06206,1.0621,3.37,2.62
2016.12.13 09:59:16.498,1.06207,1.0621,1.00,1.00
2016.12.13 09:59:18.122,1.06206,1.0621,3.22,3.00
2016.12.13 09:59:18.976,1.06206,1.06209,1.87,2.25
2016.12.13 09:59:19.583,1.06205,1.06208,2.25,1.25
2016.12.13 09:59:20.140,1.06205,1.06207,2.25,1.00
2016.12.13 09:59:20.343,1.06204,1.06207,1.00,4.69
2016.12.13 09:59:20.780,1.06206,1.06209,3.37,1.00
2016.12.13 09:59:21.287,1.06207,1.06209,1.00,1.69
2016.12.13 09:59:23.129,1.06206,1.06209,1.87,1.69
2016.12.13 09:59:23.636,1.06205,1.06209,1.50,4.19
2016.12.13 09:59:24.972,1.06208,1.06209,1.50,6.19
2016.12.13 09:59:25.023,1.06205,1.06209,1.57,5.31
2016.12.13 09:59:25.075,1.06208,1.06209,5.25,1.50
2016.12.13 09:59:25.379,1.06211,1.06212,1.00,1.31
2016.12.13 09:59:26.018,1.06211,1.06213,1.00,1.87
2016.12.13 09:59:27.338,1.06211,1.06215,1.50,6.34
2016.12.13 09:59:28.976,1.0621,1.06214,3.00,2.25
2016.12.13 09:59:31.815,1.06211,1.06214,1.00,1.00
2016.12.13 09:59:33.234,1.06213,1.06215,1.00,7.46
2016.12.13 09:59:33.585,1.06213,1.06215,1.50,2.62
2016.12.13 09:59:33.889,1.06213,1.06215,1.00,3.75
2016.12.13 09:59:34.396,1.06213,1.06215,1.00,3.00
2016.12.13 09:59:34.952,1.06212,1.06213,1.12,1.00
2016.12.13 09:59:35.123,1.06211,1.06213,1.00,1.37
2016.12.13 09:59:35.277,1.06211,1.06214,1.00,5.44
2016.12.13 09:59:36.694,1.0621,1.06214,1.50,3.19
2016.12.13 09:59:38.189,1.06212,1.06214,1.00,2.81
2016.12.13 09:59:38.695,1.06212,1.06215,1.50,1.87
2016.12.13 09:59:39.220,1.06213,1.06215,1.00,1.50
2016.12.13 09:59:39.726,1.06213,1.06216,1.00,5.81
2016.12.13 09:59:43.375,1.06213,1.06215,1.00,1.50
2016.12.13 09:59:43.681,1.06207,1.06208,9.37,1.50
2016.12.13 09:59:43.782,1.06205,1.06206,1.00,1.87
2016.12.13 09:59:43.833,1.06203,1.06206,1.00,3.37
2016.12.13 09:59:44.038,1.06201,1.06204,1.50,1.50
2016.12.13 09:59:44.545,1.06201,1.06205,1.00,2.44
2016.12.13 09:59:45.254,1.06201,1.06204,1.00,1.00
2016.12.13 09:59:45.556,1.06198,1.062,7.80,1.00
2016.12.13 09:59:45.608,1.06199,1.062,1.00,2.44
2016.12.13 09:59:46.115,1.06198,1.062,1.00,1.61
2016.12.13 09:59:46.319,1.06196,1.06199,1.12,1.50
2016.12.13 09:59:46.677,1.06195,1.06196,1.50,3.75
2016.12.13 09:59:47.006,1.06185,1.06187,5.62,1.70
2016.12.13 09:59:47.209,1.06182,1.06184,1.00,1.50
2016.12.13 09:59:47.312,1.0618,1.06182,1.00,1.00
2016.12.13 09:59:47.618,1.06181,1.06185,1.00,1.50
2016.12.13 09:59:48.121,1.0618,1.06185,5.81,3.75
2016.12.13 09:59:48.629,1.06181,1.06185,1.00,3.75
2016.12.13 09:59:48.832,1.06183,1.06186,3.19,1.00
2016.12.13 09:59:48.934,1.06184,1.06188,1.00,1.50
2016.12.13 09:59:49.485,1.06185,1.06188,1.00,1.00
2016.12.13 09:59:50.225,1.06184,1.06188,1.50,1.00
2016.12.13 09:59:51.525,1.06184,1.06188,1.50,1.00
2016.12.13 09:59:51.577,1.06185,1.06188,3.90,1.00
2016.12.13 09:59:51.831,1.06196,1.062,2.44,1.00
2016.12.13 09:59:51.934,1.06196,1.06198,4.37,1.00
2016.12.13 09:59:52.141,1.06196,1.062,4.37,1.25
2016.12.13 09:59:53.389,1.06196,1.06197,2.62,1.50
2016.12.13 09:59:53.440,1.06195,1.06198,1.00,3.19
2016.12.13 09:59:53.641,1.06195,1.062,3.00,2.81
2016.12.13 09:59:55.101,1.06194,1.06199,2.00,1.50
2016.12.13 09:59:55.340,1.06194,1.06199,1.69,1.00
2016.12.13 09:59:56.002,1.06197,1.06201,1.00,2.62
2016.12.13 09:59:56.331,1.06198,1.06204,1.50,1.50
2016.12.13 09:59:56.533,1.062,1.06205,1.00,3.00
2016.12.13 09:59:56.839,1.06198,1.062,1.00,1.00
2016.12.13 09:59:56.942,1.06196,1.062,3.75,1.00
2016.12.13 09:59:56.994,1.06193,1.06197,4.87,1.00
2016.12.13 09:59:57.045,1.06192,1.062,1.00,2.17
2016.12.13 09:59:57.148,1.06195,1.062,1.95,1.00
2016.12.13 09:59:57.694,1.06194,1.06201,1.37,6.00
2016.12.13 09:59:58.012,1.062,1.06205,2.62,2.25
2016.12.13 09:59:58.374,1.062,1.06203,1.00,1.69
2016.12.13 09:59:58.480,1.06197,1.06204,1.00,1.25
2016.12.13 09:59:58.531,1.06195,1.06203,5.06,1.00
2016.12.13 09:59:58.989,1.06194,1.062,1.87,1.25
2016.12.13 09:59:59.403,1.06194,1.06196,1.12,1.00
2016.12.13 09:59:59.454,1.06192,1.06195,1.00,1.50
2016.12.13 09:59:59.556,1.06189,1.06194,1.00,2.25
2016.12.13 09:59:59.607,1.06189,1.06191,1.00,1.00
2016.12.13 09:59:59.658,1.06189,1.06193,1.00,1.50
2016.12.13 09:59:59.810,1.06185,1.06193,2.25,1.00
