2008.05.16 11:00:02.574,1.54598,1.54614,3.60,1.00
2008.05.16 11:00:04.005,1.54593,1.54608,3.00,9.60
2008.05.16 11:00:04.594,1.54588,1.54603,2.40,8.40
2008.05.16 11:00:05.262,1.54581,1.54596,4.20,1.00
2008.05.16 11:00:05.427,1.5458,1.54585,26.50,8.40
2008.05.16 11:00:05.592,1.54576,1.54581,21.80,4.80
2008.05.16 11:00:05.755,1.54569,1.54579,7.20,10.80
2008.05.16 11:00:05.919,1.54569,1.54579,7.30,1.00
2008.05.16 11:00:06.243,1.54566,1.54581,9.10,1.00
2008.05.16 11:00:06.675,1.54568,1.54583,23.40,4.20
2008.05.16 11:00:07.539,1.54569,1.54584,12.60,4.20
2008.05.16 11:00:07.766,1.5457,1.54585,1.00,4.80
2008.05.16 11:00:12.953,1.54573,1.54583,5.60,4.80
2008.05.16 11:00:13.208,1.54571,1.54581,9.00,4.80
2008.05.16 11:00:13.458,1.54566,1.54581,6.60,12.00
2008.05.16 11:00:13.890,1.5456,1.54575,6.00,5.50
2008.05.16 11:00:14.036,1.54552,1.54567,11.40,3.00
2008.05.16 11:00:14.184,1.54544,1.54559,10.20,4.80
2008.05.16 11:00:14.475,1.54538,1.54558,9.00,1.20
2008.05.16 11:00:15.107,1.54542,1.54562,7.80,4.80
2008.05.16 11:00:15.422,1.54548,1.54568,3.00,1.00
2008.05.16 11:00:15.670,1.54554,1.54574,4.80,5.40
2008.05.16 11:00:16.159,1.5456,1.54576,7.80,8.40
2008.05.16 11:00:16.403,1.54564,1.54578,1.00,3.60
2008.05.16 11:00:17.978,1.54566,1.54576,6.60,8.40
2008.05.16 11:00:18.182,1.54568,1.54578,5.40,7.80
2008.05.16 11:00:18.386,1.54567,1.54577,3.60,13.50
2008.05.16 11:00:20.018,1.54566,1.54576,12.60,7.80
2008.05.16 11:00:20.243,1.54567,1.54572,22.20,3.00
2008.05.16 11:00:20.466,1.54565,1.54575,8.40,11.50
2008.05.16 11:00:20.703,1.54566,1.54576,4.80,2.80
2008.05.16 11:00:21.010,1.54568,1.54578,12.60,6.40
2008.05.16 11:00:30.612,1.54572,1.54577,2.40,11.50
2008.05.16 11:00:30.776,1.54573,1.54578,1.00,8.50
2008.05.16 11:00:31.102,1.54573,1.54578,2.40,2.10
2008.05.16 11:00:31.266,1.54569,1.54579,10.20,14.10
2008.05.16 11:00:31.430,1.54568,1.54578,11.40,2.40
2008.05.16 11:00:33.919,1.54566,1.54576,18.00,6.00
2008.05.16 11:00:35.494,1.54567,1.54572,7.80,10.90
2008.05.16 11:00:35.717,1.54566,1.54571,5.40,4.80
2008.05.16 11:00:35.994,1.54566,1.54571,16.80,12.90
2008.05.16 11:00:36.157,1.54562,1.54572,1.20,9.00
2008.05.16 11:00:36.436,1.54563,1.54573,5.20,2.40
2008.05.16 11:00:37.036,1.54566,1.54576,7.80,10.20
2008.05.16 11:00:38.797,1.54571,1.54576,12.60,17.70
2008.05.16 11:00:38.955,1.54576,1.5458,18.60,8.40
2008.05.16 11:00:39.112,1.5458,1.54584,2.40,3.60
2008.05.16 11:00:39.270,1.54584,1.54589,1.00,6.00
2008.05.16 11:00:39.426,1.54585,1.54595,1.80,5.80
2008.05.16 11:00:40.130,1.5459,1.546,12.60,5.50
2008.05.16 11:00:40.378,1.5459,1.54605,2.50,4.80
2008.05.16 11:00:40.626,1.54595,1.5461,26.70,4.00
2008.05.16 11:00:45.246,1.546,1.54615,9.00,2.80
2008.05.16 11:00:46.922,1.54604,1.54619,2.40,5.90
2008.05.16 11:00:47.086,1.54607,1.54617,2.40,18.60
2008.05.16 11:00:47.250,1.54602,1.54612,3.00,16.90
2008.05.16 11:00:47.426,1.54594,1.54604,6.60,4.80
2008.05.16 11:00:48.626,1.54588,1.54598,1.00,6.00
2008.05.16 11:00:49.446,1.54585,1.54595,24.00,9.00
2008.05.16 11:00:49.662,1.54583,1.54593,6.60,4.80
2008.05.16 11:00:49.878,1.54582,1.54592,15.00,6.90
2008.05.16 11:00:50.095,1.54584,1.54589,3.60,4.20
2008.05.16 11:00:50.436,1.54582,1.54592,2.40,1.00
2008.05.16 11:00:50.774,1.54586,1.54591,8.40,8.40
2008.05.16 11:00:51.114,1.54582,1.54592,3.90,14.10
2008.05.16 11:00:51.670,1.5458,1.5459,9.00,11.10
2008.05.16 11:00:55.014,1.54578,1.54588,4.80,6.88
2008.05.16 11:00:55.234,1.54575,1.54585,6.60,8.40
2008.05.16 11:00:56.431,1.54573,1.54583,2.40,16.20
2008.05.16 11:00:57.607,1.54573,1.54583,5.40,4.20
2008.05.16 11:00:57.952,1.54572,1.54582,7.20,1.00
2008.05.16 11:00:58.295,1.54573,1.54583,1.00,8.70
2008.05.16 11:00:58.591,1.54572,1.54588,6.00,1.00
2008.05.16 11:01:00.213,1.54581,1.54597,2.40,3.00
2008.05.16 11:01:01.864,1.54579,1.54594,2.40,10.80
2008.05.16 11:01:03.797,1.54582,1.54587,7.80,14.40
2008.05.16 11:01:03.974,1.54578,1.54583,7.80,8.40
2008.05.16 11:01:04.152,1.54572,1.54582,11.40,3.10
2008.05.16 11:01:04.328,1.54569,1.54579,2.40,7.50
2008.05.16 11:01:04.616,1.54568,1.54578,8.40,7.20
2008.05.16 11:01:04.900,1.54566,1.54576,2.40,3.00
2008.05.16 11:01:07.004,1.54565,1.54575,5.40,10.80
2008.05.16 11:01:07.213,1.54563,1.54573,4.20,21.60
2008.05.16 11:01:07.420,1.5456,1.54575,6.00,8.80
2008.05.16 11:01:07.564,1.54561,1.54571,6.60,13.00
2008.05.16 11:01:07.708,1.54562,1.54572,2.40,7.80
2008.05.16 11:01:07.992,1.5456,1.54576,6.40,2.40
2008.05.16 11:01:08.136,1.5456,1.54575,25.80,11.50
2008.05.16 11:01:19.216,1.54559,1.54574,3.60,2.40
2008.05.16 11:01:19.557,1.54561,1.54571,3.00,6.00
2008.05.16 11:01:19.903,1.54562,1.54567,7.20,1.00
2008.05.16 11:01:20.144,1.54561,1.54571,3.60,3.20
2008.05.16 11:01:20.375,1.54562,1.54572,1.00,2.40
2008.05.16 11:01:20.604,1.54563,1.54569,7.20,23.20
2008.05.16 11:01:25.199,1.54562,1.54567,2.40,6.00
2008.05.16 11:01:25.453,1.54557,1.54567,16.80,3.00
2008.05.16 11:01:25.904,1.54555,1.54565,2.40,4.80
2008.05.16 11:01:27.901,1.54554,1.54564,2.40,7.30
2008.05.16 11:01:28.100,1.54555,1.5456,3.00,3.00
2008.05.16 11:01:28.300,1.54555,1.5456,9.60,6.00
2008.05.16 11:01:29.120,1.54557,1.54562,5.40,1.80
2008.05.16 11:01:31.644,1.54561,1.54566,2.40,6.00
2008.05.16 11:01:34.236,1.54567,1.54572,8.40,1.00
2008.05.16 11:01:34.568,1.54576,1.54581,6.00,10.20
2008.05.16 11:01:34.911,1.54585,1.5459,9.00,1.00
2008.05.16 11:01:39.776,1.54588,1.54592,14.40,5.40
2008.05.16 11:01:40.324,1.54581,1.54591,6.00,3.10
2008.05.16 11:01:41.284,1.54574,1.54584,3.60,3.60
2008.05.16 11:01:41.409,1.5457,1.54575,9.10,3.00
2008.05.16 11:01:42.026,1.54563,1.54569,7.80,2.40
2008.05.16 11:01:42.608,1.54559,1.54564,4.80,5.70
2008.05.16 11:01:42.950,1.54555,1.54565,5.40,1.00
2008.05.16 11:01:47.021,1.54553,1.54563,3.00,2.40
2008.05.16 11:01:47.230,1.54555,1.54559,10.80,4.80
2008.05.16 11:01:47.436,1.54556,1.54561,2.40,8.40
2008.05.16 11:01:47.644,1.54559,1.54563,2.40,2.40
2008.05.16 11:01:48.056,1.5456,1.54565,5.40,3.00
2008.05.16 11:01:48.656,1.54561,1.54566,9.00,8.50
2008.05.16 11:01:48.820,1.54563,1.54567,6.00,6.60
2008.05.16 11:01:48.984,1.54562,1.54572,8.40,3.00
2008.05.16 11:01:49.308,1.54562,1.54572,8.40,2.40
2008.05.16 11:01:49.472,1.54564,1.54574,2.40,4.80
2008.05.16 11:01:49.772,1.54568,1.54573,7.80,2.40
2008.05.16 11:01:50.072,1.54564,1.54574,3.00,9.00
2008.05.16 11:01:51.786,1.5456,1.54575,4.50,6.00
2008.05.16 11:01:51.988,1.54559,1.54574,4.80,5.40
2008.05.16 11:01:52.188,1.54557,1.54572,4.80,13.60
2008.05.16 11:01:52.389,1.54553,1.54568,3.00,9.50
2008.05.16 11:01:54.026,1.54548,1.54563,1.00,4.80
2008.05.16 11:01:54.144,1.54543,1.54553,1.80,7.80
2008.05.16 11:01:56.905,1.54535,1.54545,4.80,1.20
2008.05.16 11:01:57.140,1.5453,1.5454,6.60,4.80
2008.05.16 11:02:00.906,1.54555,1.54565,1.00,4.80
2008.05.16 11:02:01.174,1.54556,1.54566,48.60,1.30
2008.05.16 11:02:04.216,1.54558,1.54568,15.60,9.00
2008.05.16 11:02:04.394,1.54559,1.54569,3.60,10.20
2008.05.16 11:02:04.822,1.54557,1.54567,6.60,6.60
2008.05.16 11:02:05.041,1.54558,1.54563,1.00,6.40
2008.05.16 11:02:05.170,1.54554,1.54564,19.80,1.00
2008.05.16 11:02:05.422,1.5455,1.54565,12.60,2.40
2008.05.16 11:02:05.550,1.54552,1.54562,18.60,2.20
2008.05.16 11:02:05.890,1.54554,1.54564,5.40,10.90
2008.05.16 11:02:06.230,1.54554,1.54569,15.30,1.00
2008.05.16 11:02:06.570,1.54555,1.5457,5.40,8.40
2008.05.16 11:02:06.800,1.54556,1.54571,6.00,59.60
2008.05.16 11:02:08.600,1.5456,1.5457,2.40,15.70
2008.05.16 11:02:08.733,1.54565,1.5457,2.40,8.50
2008.05.16 11:02:08.855,1.54568,1.54573,1.00,2.50
2008.05.16 11:02:08.993,1.54568,1.54578,2.40,11.80
2008.05.16 11:02:09.116,1.54569,1.54579,2.40,7.80
2008.05.16 11:02:09.239,1.54574,1.54579,11.40,7.20
2008.05.16 11:02:09.358,1.54575,1.5458,19.20,5.40
2008.05.16 11:02:09.484,1.54576,1.54581,6.60,11.70
2008.05.16 11:02:09.602,1.54577,1.54582,7.80,14.40
2008.05.16 11:02:10.251,1.54576,1.54586,1.00,7.20
2008.05.16 11:02:12.522,1.54578,1.54593,6.00,1.00
2008.05.16 11:02:12.722,1.54585,1.54595,3.90,4.80
2008.05.16 11:02:13.062,1.54592,1.54597,6.90,7.20
2008.05.16 11:02:13.402,1.54599,1.54604,1.00,4.40
2008.05.16 11:02:13.894,1.54602,1.54606,6.00,1.00
2008.05.16 11:02:14.894,1.54594,1.54604,7.20,4.80
2008.05.16 11:02:15.134,1.54589,1.54599,2.40,32.50
2008.05.16 11:02:15.610,1.54582,1.54598,6.00,8.40
2008.05.16 11:02:15.850,1.54581,1.54591,3.00,2.80
2008.05.16 11:02:16.110,1.54579,1.54589,1.20,3.60
2008.05.16 11:02:16.370,1.54578,1.54588,10.80,4.80
2008.05.16 11:02:16.601,1.54575,1.5459,1.00,3.60
2008.05.16 11:02:17.425,1.54578,1.54588,1.00,18.20
2008.05.16 11:02:17.686,1.54581,1.54586,4.80,19.20
2008.05.16 11:02:17.951,1.54579,1.54584,12.00,3.00
2008.05.16 11:02:18.694,1.54575,1.54585,7.80,4.80
2008.05.16 11:02:18.899,1.54575,1.54585,3.00,9.00
2008.05.16 11:02:20.070,1.54576,1.54586,5.40,6.90
2008.05.16 11:02:20.210,1.54575,1.54591,6.60,6.60
2008.05.16 11:02:20.424,1.54579,1.54589,8.40,2.40
2008.05.16 11:02:20.510,1.54578,1.54588,12.60,12.00
2008.05.16 11:02:20.714,1.54576,1.54586,2.40,3.30
2008.05.16 11:02:20.782,1.54575,1.54585,2.40,5.20
2008.05.16 11:02:21.191,1.54575,1.5458,10.80,7.80
2008.05.16 11:02:21.546,1.54569,1.54579,5.40,8.40
2008.05.16 11:02:21.886,1.54565,1.5458,15.00,9.00
2008.05.16 11:02:22.122,1.54565,1.5458,4.80,7.20
2008.05.16 11:02:23.275,1.54566,1.54576,14.80,2.40
2008.05.16 11:02:24.046,1.54565,1.54575,2.40,1.00
2008.05.16 11:02:26.251,1.54564,1.54579,7.80,8.40
2008.05.16 11:02:27.697,1.54565,1.5458,1.00,7.20
2008.05.16 11:02:28.067,1.54567,1.54582,8.40,7.80
2008.05.16 11:02:28.165,1.54568,1.54583,16.20,2.40
2008.05.16 11:02:28.674,1.54571,1.54581,4.20,11.10
2008.05.16 11:02:28.886,1.5457,1.54585,15.00,2.70
2008.05.16 11:02:29.207,1.54571,1.54586,22.50,4.80
2008.05.16 11:02:29.315,1.54571,1.54586,6.00,2.40
2008.05.16 11:02:29.422,1.5457,1.54585,15.90,2.40
2008.05.16 11:02:29.530,1.54569,1.54584,13.80,7.80
2008.05.16 11:02:29.638,1.54568,1.54583,9.30,4.80
2008.05.16 11:02:30.038,1.54567,1.54582,13.20,2.40
2008.05.16 11:02:31.149,1.54568,1.54578,9.60,1.80
2008.05.16 11:02:31.472,1.54561,1.54581,3.60,3.00
2008.05.16 11:02:31.774,1.54558,1.54573,2.40,2.40
2008.05.16 11:02:32.080,1.54552,1.54567,2.40,4.20
2008.05.16 11:02:33.942,1.54544,1.54559,2.40,6.10
2008.05.16 11:02:35.694,1.54534,1.54549,3.60,2.40
2008.05.16 11:02:37.974,1.54534,1.54539,17.40,18.70
2008.05.16 11:02:38.126,1.54534,1.54539,1.00,4.80
2008.05.16 11:02:38.911,1.54534,1.54544,19.80,17.40
2008.05.16 11:02:39.399,1.54539,1.54549,7.80,4.20
2008.05.16 11:02:39.454,1.54544,1.54554,7.20,4.80
2008.05.16 11:02:39.567,1.54549,1.54559,12.60,7.20
2008.05.16 11:02:39.706,1.54554,1.54564,7.20,19.60
2008.05.16 11:02:40.003,1.54556,1.54571,4.80,6.60
2008.05.16 11:02:41.415,1.54557,1.54572,17.40,10.60
2008.05.16 11:02:42.499,1.54558,1.54573,6.00,7.90
2008.05.16 11:02:43.696,1.54562,1.54572,4.80,13.20
2008.05.16 11:02:44.010,1.54564,1.54574,3.00,10.80
2008.05.16 11:02:44.326,1.54561,1.54576,3.00,11.70
2008.05.16 11:02:44.466,1.5456,1.54576,7.20,5.40
2008.05.16 11:02:44.606,1.54565,1.54575,7.20,4.80
2008.05.16 11:02:44.746,1.54564,1.54579,3.60,8.40
2008.05.16 11:02:44.886,1.54565,1.5458,9.60,20.70
2008.05.16 11:02:45.644,1.54569,1.54579,4.80,12.60
2008.05.16 11:02:45.895,1.54569,1.54579,7.20,6.70
2008.05.16 11:02:46.142,1.54568,1.54578,2.40,1.00
2008.05.16 11:02:46.390,1.54566,1.54576,6.00,3.40
2008.05.16 11:02:46.660,1.54565,1.54575,3.00,6.00
2008.05.16 11:02:46.928,1.54564,1.54574,4.20,4.80
2008.05.16 11:02:47.196,1.54565,1.54575,4.80,4.80
2008.05.16 11:02:48.310,1.54569,1.54574,2.40,6.40
2008.05.16 11:02:48.517,1.5457,1.54575,9.00,4.80
2008.05.16 11:02:48.821,1.54566,1.54581,1.80,22.00
2008.05.16 11:02:49.318,1.54568,1.54583,20.40,4.80
2008.05.16 11:02:50.710,1.54569,1.54584,3.70,5.40
2008.05.16 11:02:51.239,1.54569,1.54584,4.80,2.40
2008.05.16 11:02:54.317,1.54572,1.54582,3.00,4.80
2008.05.16 11:02:54.422,1.54572,1.54582,13.20,2.40
2008.05.16 11:02:54.633,1.5457,1.5458,7.80,4.80
2008.05.16 11:02:54.742,1.54573,1.54583,7.80,7.20
2008.05.16 11:02:54.987,1.54574,1.54584,6.00,3.00
2008.05.16 11:02:55.382,1.54573,1.54588,1.20,3.00
2008.05.16 11:02:57.560,1.5458,1.5459,7.20,4.80
2008.05.16 11:02:58.818,1.54583,1.54593,2.40,9.60
2008.05.16 11:03:08.799,1.54582,1.54598,3.00,1.20
2008.05.16 11:03:10.957,1.54582,1.54597,9.00,2.40
2008.05.16 11:03:13.142,1.54581,1.54596,9.00,4.80
2008.05.16 11:03:13.256,1.54581,1.54591,7.20,5.80
2008.05.16 11:03:13.275,1.54579,1.54589,6.00,2.40
2008.05.16 11:03:13.324,1.54575,1.54585,1.00,4.80
2008.05.16 11:03:13.552,1.54573,1.54583,4.80,4.40
2008.05.16 11:03:13.623,1.54572,1.54582,7.20,4.80
2008.05.16 11:03:13.643,1.5457,1.5458,5.40,8.40
2008.05.16 11:03:13.709,1.54572,1.54582,15.00,1.80
2008.05.16 11:03:15.761,1.54573,1.54583,5.40,3.00
2008.05.16 11:03:15.862,1.54578,1.54583,9.00,1.80
2008.05.16 11:03:15.963,1.54579,1.54589,14.50,1.20
2008.05.16 11:03:16.159,1.54582,1.54592,2.40,3.00
2008.05.16 11:03:16.259,1.54583,1.54593,4.80,9.60
2008.05.16 11:03:16.483,1.54587,1.54592,6.10,5.10
2008.05.16 11:03:16.676,1.54588,1.54593,14.40,1.80
2008.05.16 11:03:16.774,1.54589,1.54594,8.40,6.00
2008.05.16 11:03:16.875,1.54589,1.54594,7.90,4.80
2008.05.16 11:03:17.211,1.54589,1.54594,5.40,6.00
2008.05.16 11:03:17.547,1.54585,1.54595,10.20,9.10
2008.05.16 11:03:17.884,1.54581,1.54596,4.80,15.30
2008.05.16 11:03:18.047,1.5458,1.54595,7.20,1.80
2008.05.16 11:03:18.375,1.54582,1.54587,10.20,1.80
2008.05.16 11:03:18.542,1.54579,1.54584,3.00,6.00
2008.05.16 11:03:18.704,1.54578,1.54582,7.80,11.40
2008.05.16 11:03:18.881,1.54574,1.54584,3.60,14.80
2008.05.16 11:03:19.243,1.54575,1.54585,23.70,4.80
2008.05.16 11:03:19.583,1.54576,1.54586,3.60,3.00
2008.05.16 11:03:19.924,1.5458,1.54585,7.20,20.80
2008.05.16 11:03:20.111,1.54577,1.54587,13.80,7.20
2008.05.16 11:03:20.298,1.54572,1.54588,5.80,6.40
2008.05.16 11:03:20.487,1.54567,1.54583,18.00,6.00
2008.05.16 11:03:20.859,1.54558,1.54574,22.90,3.90
2008.05.16 11:03:21.047,1.54547,1.54562,13.20,3.00
2008.05.16 11:03:21.387,1.54537,1.54552,3.00,11.20
2008.05.16 11:03:22.615,1.54532,1.54548,3.00,2.40
2008.05.16 11:03:22.895,1.54535,1.5455,13.80,12.00
2008.05.16 11:03:23.175,1.54541,1.54556,11.40,3.10
2008.05.16 11:03:23.342,1.54546,1.54561,2.40,3.00
2008.05.16 11:03:23.510,1.54551,1.54566,4.20,17.20
2008.05.16 11:03:23.679,1.54555,1.5457,9.00,6.00
2008.05.16 11:03:23.847,1.54561,1.54566,6.00,6.00
2008.05.16 11:03:24.014,1.54563,1.54568,7.20,4.80
2008.05.16 11:03:24.355,1.54565,1.5457,4.80,28.00
2008.05.16 11:03:24.695,1.54564,1.54574,10.60,4.80
2008.05.16 11:03:25.035,1.54566,1.54576,5.40,5.40
2008.05.16 11:03:25.286,1.54567,1.54577,2.40,6.90
2008.05.16 11:03:25.414,1.54569,1.54579,4.20,28.00
2008.05.16 11:03:25.542,1.54569,1.54579,7.80,9.60
2008.05.16 11:03:25.671,1.54568,1.54578,4.80,7.20
2008.05.16 11:03:25.799,1.54564,1.54579,8.40,34.20
2008.05.16 11:03:25.927,1.54562,1.54577,1.20,7.20
2008.05.16 11:03:26.494,1.54561,1.54576,3.00,2.50
2008.05.16 11:03:26.718,1.5456,1.54575,1.00,6.00
2008.05.16 11:03:27.962,1.54559,1.54574,2.40,1.00
2008.05.16 11:03:28.275,1.54558,1.54578,4.80,9.95
2008.05.16 11:03:28.591,1.54562,1.54577,14.90,5.40
2008.05.16 11:03:28.701,1.54563,1.54578,3.30,5.40
2008.05.16 11:03:28.911,1.54566,1.54581,6.00,6.00
2008.05.16 11:03:29.125,1.54573,1.54583,7.00,8.40
2008.05.16 11:03:29.470,1.54578,1.54588,6.00,1.00
2008.05.16 11:03:30.147,1.54583,1.54593,9.00,2.80
2008.05.16 11:03:30.734,1.54584,1.54594,3.90,4.80
2008.05.16 11:03:32.461,1.54586,1.54596,2.40,6.40
2008.05.16 11:03:32.719,1.54583,1.54599,1.00,3.60
2008.05.16 11:03:32.963,1.54588,1.54598,1.20,9.00
2008.05.16 11:03:33.207,1.54584,1.546,4.00,12.00
2008.05.16 11:03:33.496,1.54583,1.54598,2.40,4.80
2008.05.16 11:03:33.785,1.54581,1.54597,4.80,7.20
2008.05.16 11:03:34.071,1.54586,1.54596,16.60,3.60
2008.05.16 11:03:34.359,1.54584,1.546,3.00,7.20
2008.05.16 11:03:34.699,1.54589,1.54599,1.00,14.40
2008.05.16 11:03:35.039,1.54588,1.54603,6.00,4.80
2008.05.16 11:03:35.379,1.54593,1.54603,18.00,6.00
2008.05.16 11:03:35.539,1.54597,1.54607,3.60,12.10
2008.05.16 11:03:35.687,1.54601,1.54611,8.40,2.40
2008.05.16 11:03:35.835,1.54602,1.54617,6.00,1.00
2008.05.16 11:03:35.982,1.54607,1.54622,10.00,1.00
2008.05.16 11:03:37.552,1.54612,1.54627,1.20,1.00
2008.05.16 11:03:42.111,1.54616,1.54631,2.40,7.00
2008.05.16 11:03:42.290,1.54616,1.5463,21.00,1.20
2008.05.16 11:03:43.679,1.54611,1.54621,11.70,9.00
2008.05.16 11:03:44.002,1.54599,1.54619,10.80,2.50
2008.05.16 11:03:45.676,1.54595,1.5461,6.00,7.80
2008.05.16 11:03:45.922,1.5459,1.54605,26.00,2.40
2008.05.16 11:03:46.147,1.54588,1.54598,6.00,3.00
2008.05.16 11:03:47.031,1.54587,1.54592,2.40,1.00
2008.05.16 11:03:47.236,1.54582,1.54587,13.20,3.00
2008.05.16 11:03:47.407,1.5458,1.54585,19.20,9.00
2008.05.16 11:03:47.595,1.54576,1.54586,3.60,2.40
2008.05.16 11:03:47.783,1.54574,1.54584,4.80,7.20
2008.05.16 11:03:47.971,1.54572,1.54582,3.60,9.00
2008.05.16 11:03:48.179,1.54564,1.54584,1.00,3.60
2008.05.16 11:03:48.386,1.54565,1.5458,22.80,5.40
2008.05.16 11:03:48.599,1.54565,1.5458,6.00,1.90
2008.05.16 11:03:48.807,1.54566,1.54576,7.20,4.80
2008.05.16 11:03:49.015,1.54567,1.54577,13.80,27.60
2008.05.16 11:03:49.355,1.54569,1.54579,5.40,6.00
2008.05.16 11:03:50.035,1.5457,1.5458,3.00,3.00
2008.05.16 11:03:50.351,1.54572,1.54582,6.60,7.20
2008.05.16 11:03:50.471,1.54571,1.54591,4.80,1.00
2008.05.16 11:03:50.592,1.54575,1.5459,5.40,7.20
2008.05.16 11:03:51.029,1.54578,1.54593,7.80,4.80
2008.05.16 11:03:51.138,1.54583,1.54598,2.40,2.70
2008.05.16 11:03:51.366,1.5459,1.546,3.60,9.00
2008.05.16 11:03:51.594,1.54593,1.54603,3.00,9.00
2008.05.16 11:04:02.793,1.54595,1.54599,8.40,1.00
2008.05.16 11:04:02.939,1.54603,1.54608,2.40,6.00
2008.05.16 11:04:03.016,1.54613,1.54618,18.90,2.40
2008.05.16 11:04:03.163,1.54619,1.54629,12.00,3.00
2008.05.16 11:04:03.238,1.54629,1.54634,6.60,4.20
2008.05.16 11:04:03.474,1.54632,1.54642,3.00,8.40
2008.05.16 11:04:03.550,1.54636,1.54646,3.00,2.50
2008.05.16 11:04:03.626,1.54636,1.54646,1.00,4.40
2008.05.16 11:04:04.203,1.54636,1.54646,5.40,11.40
2008.05.16 11:04:04.544,1.54635,1.54645,2.40,6.10
2008.05.16 11:04:06.622,1.54628,1.54643,7.80,2.40
2008.05.16 11:04:07.171,1.54625,1.54635,3.60,3.00
2008.05.16 11:04:07.378,1.54617,1.54627,7.80,8.40
2008.05.16 11:04:07.586,1.54609,1.54619,10.50,4.80
2008.05.16 11:04:07.794,1.546,1.5461,10.00,4.80
2008.05.16 11:04:08.003,1.5459,1.546,4.80,12.70
2008.05.16 11:04:08.206,1.54577,1.54593,1.00,2.50
2008.05.16 11:04:08.610,1.54568,1.54583,1.20,9.40
2008.05.16 11:04:08.814,1.54565,1.5458,6.00,2.40
2008.05.16 11:04:10.078,1.54575,1.54585,3.00,7.80
2008.05.16 11:04:10.355,1.54583,1.54593,2.40,1.90
2008.05.16 11:04:10.630,1.54592,1.54602,12.60,5.40
2008.05.16 11:04:11.878,1.54597,1.54611,5.40,6.40
2008.05.16 11:04:13.925,1.54604,1.54618,9.00,10.20
2008.05.16 11:04:14.227,1.5461,1.5462,1.20,2.40
2008.05.16 11:04:14.518,1.54614,1.54624,10.20,9.10
2008.05.16 11:04:14.666,1.54617,1.54627,7.20,9.27
2008.05.16 11:04:14.815,1.54618,1.54628,7.80,2.40
2008.05.16 11:04:15.099,1.5462,1.5463,1.20,6.00
2008.05.16 11:04:15.382,1.54619,1.54634,9.00,2.40
2008.05.16 11:04:15.666,1.54621,1.54636,3.60,2.40
2008.05.16 11:04:15.950,1.54622,1.54637,6.00,6.60
2008.05.16 11:04:17.071,1.54628,1.54643,1.00,5.90
2008.05.16 11:04:17.332,1.54638,1.54643,4.20,6.00
2008.05.16 11:04:17.592,1.54644,1.54649,5.40,6.00
2008.05.16 11:04:17.858,1.54653,1.54658,4.20,1.00
2008.05.16 11:04:18.115,1.5466,1.5467,21.00,6.00
2008.05.16 11:04:18.215,1.5467,1.5468,6.00,2.40
2008.05.16 11:04:18.506,1.54677,1.54692,7.20,4.80
2008.05.16 11:04:18.702,1.54682,1.54697,5.40,1.20
2008.05.16 11:04:19.556,1.54679,1.54695,6.60,4.80
2008.05.16 11:04:21.702,1.54672,1.54688,22.80,2.40
2008.05.16 11:04:21.938,1.54666,1.5468,1.80,7.20
2008.05.16 11:04:22.466,1.5466,1.54674,10.20,4.80
2008.05.16 11:04:25.811,1.54655,1.54671,4.80,7.20
2008.05.16 11:04:25.857,1.54651,1.54666,7.20,26.40
2008.05.16 11:04:25.916,1.54649,1.54659,14.40,12.00
2008.05.16 11:04:25.951,1.54646,1.54656,21.00,6.00
2008.05.16 11:04:26.111,1.54644,1.54654,4.80,2.40
2008.05.16 11:04:26.159,1.5464,1.54655,8.40,10.90
2008.05.16 11:04:26.916,1.54641,1.54651,1.20,1.00
2008.05.16 11:04:27.866,1.54637,1.54647,7.80,3.00
2008.05.16 11:04:28.190,1.54631,1.54646,2.40,1.20
2008.05.16 11:04:28.854,1.54626,1.54641,6.60,1.80
2008.05.16 11:04:29.018,1.54625,1.5464,4.80,11.20
2008.05.16 11:04:38.146,1.54626,1.54636,2.40,12.00
2008.05.16 11:04:50.367,1.54627,1.54632,2.40,8.70
2008.05.16 11:04:50.561,1.54626,1.54631,8.00,6.00
2008.05.16 11:04:50.749,1.54622,1.54632,5.40,6.00
2008.05.16 11:04:50.934,1.5462,1.5463,5.40,7.30
2008.05.16 11:04:51.312,1.54618,1.54628,15.60,7.20
2008.05.16 11:04:53.331,1.54617,1.54627,5.40,6.00
2008.05.16 11:04:53.401,1.54616,1.54626,10.20,5.70
2008.05.16 11:04:53.998,1.54612,1.54627,1.20,4.80
2008.05.16 11:04:54.338,1.54613,1.54627,1.00,6.00
2008.05.16 11:05:02.085,1.54634,1.54644,10.20,5.50
2008.05.16 11:05:17.606,1.54633,1.54643,10.60,11.40
2008.05.16 11:05:21.403,1.54631,1.54641,3.00,2.40
2008.05.16 11:05:21.549,1.54626,1.54636,13.80,4.80
2008.05.16 11:05:21.693,1.54622,1.54632,5.40,12.30
2008.05.16 11:05:21.838,1.54614,1.54629,4.80,7.20
2008.05.16 11:05:22.232,1.54607,1.54622,32.60,2.40
2008.05.16 11:05:22.340,1.546,1.54614,10.80,2.40
2008.05.16 11:05:23.785,1.54591,1.54605,6.00,7.90
2008.05.16 11:05:27.752,1.54586,1.54596,6.00,3.90
2008.05.16 11:05:32.739,1.54583,1.54598,3.00,7.50
2008.05.16 11:05:32.846,1.54592,1.54602,24.30,3.30
2008.05.16 11:05:33.056,1.546,1.5461,2.40,7.00
2008.05.16 11:05:33.164,1.54605,1.5462,5.40,7.20
2008.05.16 11:05:33.272,1.54612,1.54627,24.00,3.00
2008.05.16 11:05:34.172,1.54617,1.54633,9.00,4.80
2008.05.16 11:05:34.468,1.54622,1.54637,14.10,1.00
2008.05.16 11:05:35.778,1.54628,1.54643,9.00,5.40
2008.05.16 11:05:40.124,1.54638,1.54648,2.40,1.00
2008.05.16 11:05:43.580,1.54647,1.54657,3.00,11.10
2008.05.16 11:05:44.513,1.54656,1.54671,12.00,1.00
2008.05.16 11:05:46.988,1.54667,1.54682,10.20,2.40
2008.05.16 11:05:47.752,1.54672,1.54687,23.40,3.60
2008.05.16 11:05:48.769,1.54667,1.54682,3.00,4.80
2008.05.16 11:05:50.256,1.54664,1.54674,3.60,12.00
2008.05.16 11:05:50.458,1.54656,1.54666,12.60,1.20
2008.05.16 11:05:50.669,1.5465,1.5466,12.80,5.40
2008.05.16 11:05:50.868,1.54646,1.54656,4.80,5.40
2008.05.16 11:05:51.068,1.54642,1.54652,2.40,8.70
2008.05.16 11:05:51.488,1.54637,1.54653,4.50,9.60
2008.05.16 11:05:51.940,1.54639,1.54649,11.40,8.40
2008.05.16 11:05:53.544,1.54638,1.54648,5.40,6.00
2008.05.16 11:05:53.680,1.54637,1.54647,20.50,9.00
2008.05.16 11:05:53.817,1.54637,1.54647,16.20,4.80
2008.05.16 11:05:53.952,1.54639,1.54649,9.60,7.20
2008.05.16 11:05:54.101,1.54639,1.54654,3.00,9.00
2008.05.16 11:05:54.237,1.5464,1.54655,4.20,2.40
2008.05.16 11:05:55.916,1.5464,1.54656,1.00,2.50
2008.05.16 11:06:04.868,1.54646,1.54656,2.40,7.80
2008.05.16 11:06:05.003,1.54646,1.54661,5.40,16.80
2008.05.16 11:06:05.160,1.54649,1.54664,8.40,7.30
2008.05.16 11:06:05.302,1.54656,1.54666,8.40,2.40
2008.05.16 11:06:05.585,1.5466,1.5467,6.00,1.80
2008.05.16 11:06:05.730,1.54664,1.54669,10.80,7.50
2008.05.16 11:06:05.877,1.54663,1.54673,15.00,4.20
2008.05.16 11:06:06.195,1.54662,1.54677,8.40,6.00
2008.05.16 11:06:06.515,1.54663,1.54678,6.60,2.40
2008.05.16 11:06:06.833,1.54663,1.54678,6.00,1.80
2008.05.16 11:06:07.441,1.54664,1.54674,2.40,6.40
2008.05.16 11:06:07.733,1.54662,1.54672,13.80,4.80
2008.05.16 11:06:08.025,1.54663,1.54673,14.40,1.00
2008.05.16 11:06:08.357,1.54659,1.54674,21.00,5.40
2008.05.16 11:06:13.912,1.54657,1.54672,6.00,30.00
2008.05.16 11:06:19.010,1.54661,1.54671,12.60,2.40
2008.05.16 11:06:19.351,1.54658,1.54674,2.40,4.20
2008.05.16 11:06:19.719,1.5466,1.5467,3.00,3.70
2008.05.16 11:06:20.073,1.54656,1.54671,1.00,4.80
2008.05.16 11:06:20.253,1.54655,1.5467,6.60,8.90
2008.05.16 11:06:20.606,1.54654,1.5467,2.40,3.00
2008.05.16 11:06:21.197,1.54658,1.54662,11.40,4.20
2008.05.16 11:06:21.374,1.54657,1.54661,2.40,5.40
2008.05.16 11:06:21.804,1.54655,1.54665,2.40,1.00
2008.05.16 11:06:22.031,1.54658,1.54668,1.20,2.40
2008.05.16 11:06:23.543,1.54666,1.54671,2.40,9.00
2008.05.16 11:06:24.701,1.54672,1.54682,17.40,4.80
2008.05.16 11:06:25.127,1.54684,1.54689,7.20,2.66
2008.05.16 11:06:26.363,1.54684,1.54694,6.00,5.40
2008.05.16 11:06:26.626,1.54679,1.54685,2.40,6.00
2008.05.16 11:06:26.979,1.5467,1.54675,27.90,2.40
2008.05.16 11:06:27.103,1.5466,1.5467,7.20,1.00
2008.05.16 11:06:27.337,1.54653,1.54663,5.40,2.40
2008.05.16 11:06:27.822,1.54649,1.54659,2.40,8.20
2008.05.16 11:06:28.067,1.54647,1.54657,3.60,5.40
2008.05.16 11:06:28.310,1.54648,1.54653,4.80,3.00
2008.05.16 11:06:28.374,1.54647,1.54652,2.40,4.80
2008.05.16 11:06:28.553,1.54646,1.54656,1.00,12.70
2008.05.16 11:06:28.661,1.54647,1.54657,1.20,8.40
2008.05.16 11:06:29.005,1.54646,1.54656,18.30,3.30
2008.05.16 11:06:30.797,1.54644,1.54654,2.40,16.20
2008.05.16 11:06:31.097,1.54643,1.54653,12.00,12.60
2008.05.16 11:06:33.290,1.54644,1.54654,4.80,3.00
2008.05.16 11:06:33.428,1.54644,1.54654,2.40,7.60
2008.05.16 11:06:33.526,1.54642,1.54652,6.00,4.80
2008.05.16 11:06:33.623,1.54643,1.54648,4.80,28.00
2008.05.16 11:06:33.997,1.54639,1.54649,5.40,4.80
2008.05.16 11:06:39.052,1.54637,1.54642,6.00,2.40
2008.05.16 11:06:39.266,1.54633,1.54637,1.00,2.40
2008.05.16 11:06:39.571,1.54625,1.5463,6.60,10.20
2008.05.16 11:06:39.873,1.54615,1.54625,1.00,2.40
2008.05.16 11:06:40.163,1.54614,1.54624,10.20,11.50
2008.05.16 11:06:40.602,1.54618,1.54628,4.80,1.00
2008.05.16 11:06:41.055,1.54623,1.54638,5.40,6.00
2008.05.16 11:06:42.713,1.54635,1.54639,14.40,1.00
2008.05.16 11:06:42.843,1.54637,1.54652,13.20,8.50
2008.05.16 11:06:43.647,1.54644,1.54659,8.40,11.20
2008.05.16 11:06:45.893,1.54648,1.54663,1.00,26.90
2008.05.16 11:06:45.997,1.54652,1.54667,4.20,2.40
2008.05.16 11:06:46.597,1.54656,1.54671,10.80,3.00
2008.05.16 11:06:47.025,1.54659,1.54674,18.60,2.40
2008.05.16 11:06:48.073,1.54663,1.54673,11.40,1.20
2008.05.16 11:06:51.487,1.54667,1.54672,15.00,4.80
2008.05.16 11:06:51.690,1.54667,1.54672,21.00,2.40
2008.05.16 11:06:51.835,1.54666,1.54676,1.00,2.40
2008.05.16 11:06:51.977,1.54666,1.54671,2.40,7.20
2008.05.16 11:06:52.260,1.54665,1.5467,6.60,3.90
2008.05.16 11:06:52.544,1.5466,1.5467,3.00,1.00
2008.05.16 11:06:52.949,1.54657,1.54667,9.00,6.00
2008.05.16 11:06:53.213,1.54656,1.54666,3.00,1.90
2008.05.16 11:06:53.477,1.54654,1.54664,2.40,16.80
2008.05.16 11:06:53.885,1.54655,1.5466,3.60,2.40
2008.05.16 11:06:53.977,1.54649,1.54664,10.80,3.90
2008.05.16 11:06:54.197,1.54652,1.54662,1.80,2.40
2008.05.16 11:06:54.417,1.54656,1.54661,21.00,5.40
2008.05.16 11:06:54.637,1.54658,1.54663,23.70,1.00
2008.05.16 11:06:54.859,1.54657,1.54667,4.80,24.00
2008.05.16 11:06:57.826,1.54661,1.54666,25.20,1.00
2008.05.16 11:06:57.933,1.5466,1.5467,8.40,2.40
2008.05.16 11:06:58.145,1.54664,1.54669,4.80,1.00
2008.05.16 11:06:58.253,1.54665,1.54671,1.00,4.80
2008.05.16 11:07:00.089,1.54651,1.54667,4.80,14.50
2008.05.16 11:07:00.357,1.5465,1.54665,2.40,18.20
2008.05.16 11:07:00.775,1.54648,1.54663,4.80,10.70
2008.05.16 11:07:00.931,1.54646,1.54661,7.20,4.80
2008.05.16 11:07:04.307,1.54642,1.54662,1.00,8.80
2008.05.16 11:07:04.435,1.5464,1.5466,5.40,4.80
2008.05.16 11:07:04.816,1.54639,1.54654,27.60,2.40
2008.05.16 11:07:05.835,1.54638,1.54653,6.00,13.20
2008.05.16 11:07:07.394,1.54638,1.54653,4.80,7.80
2008.05.16 11:07:08.516,1.54639,1.54649,6.00,6.00
2008.05.16 11:07:08.732,1.54639,1.54649,9.00,6.60
2008.05.16 11:07:08.920,1.54637,1.54647,1.00,6.00
2008.05.16 11:07:09.107,1.54633,1.54648,11.40,10.20
2008.05.16 11:07:09.503,1.54632,1.54647,4.80,2.50
2008.05.16 11:07:09.691,1.54632,1.54646,4.20,4.00
2008.05.16 11:07:09.949,1.54632,1.54646,15.00,3.00
2008.05.16 11:07:11.608,1.54633,1.54648,36.00,7.90
2008.05.16 11:07:12.970,1.54638,1.54648,20.10,2.40
2008.05.16 11:07:13.112,1.5464,1.5465,7.20,2.40
2008.05.16 11:07:13.256,1.54643,1.54653,2.40,1.00
2008.05.16 11:07:14.831,1.54643,1.54658,3.00,12.00
2008.05.16 11:07:14.928,1.54651,1.54656,8.40,6.00
2008.05.16 11:07:15.045,1.54657,1.54662,1.20,13.60
2008.05.16 11:07:15.164,1.54662,1.54667,6.60,3.00
2008.05.16 11:07:15.284,1.5467,1.54674,10.80,3.60
2008.05.16 11:07:15.404,1.54675,1.54685,12.00,9.30
2008.05.16 11:07:15.642,1.54675,1.54685,12.60,2.40
2008.05.16 11:07:15.762,1.54667,1.54682,22.80,7.80
2008.05.16 11:07:21.903,1.54659,1.54675,4.80,4.00
2008.05.16 11:07:22.600,1.54654,1.54664,9.60,7.20
2008.05.16 11:07:23.028,1.54648,1.54658,1.00,2.40
2008.05.16 11:07:25.358,1.54644,1.54654,4.80,4.80
2008.05.16 11:07:25.586,1.54642,1.54652,3.00,1.80
2008.05.16 11:07:25.995,1.5464,1.5465,4.80,1.20
2008.05.16 11:07:28.468,1.54641,1.54646,15.00,1.80
2008.05.16 11:07:28.594,1.5464,1.54645,4.80,1.00
2008.05.16 11:07:33.538,1.54639,1.54644,12.60,2.40
2008.05.16 11:07:35.007,1.54638,1.54643,11.40,3.00
2008.05.16 11:07:35.169,1.54637,1.54647,2.40,30.00
2008.05.16 11:07:35.467,1.54638,1.54648,6.00,10.80
2008.05.16 11:07:35.623,1.54641,1.54651,6.60,1.00
2008.05.16 11:07:35.779,1.54643,1.54653,9.00,2.80
2008.05.16 11:07:37.749,1.54643,1.54653,2.40,1.80
2008.05.16 11:07:38.424,1.54644,1.54654,9.60,1.00
2008.05.16 11:07:40.205,1.54648,1.54653,11.40,2.40
2008.05.16 11:07:40.368,1.54647,1.54657,5.40,7.80
2008.05.16 11:07:40.545,1.54646,1.54656,6.60,3.60
2008.05.16 11:07:40.708,1.54644,1.54654,4.80,5.40
2008.05.16 11:07:40.794,1.54644,1.54649,2.40,3.00
2008.05.16 11:07:40.955,1.5464,1.5465,5.40,11.40
2008.05.16 11:07:42.612,1.54638,1.54643,7.20,4.80
2008.05.16 11:07:42.954,1.54631,1.54641,4.80,2.40
2008.05.16 11:07:43.309,1.54622,1.54632,11.60,5.50
2008.05.16 11:07:46.037,1.54618,1.54623,5.00,7.20
2008.05.16 11:07:46.368,1.54614,1.54624,1.00,3.00
2008.05.16 11:07:47.040,1.54624,1.54628,4.80,3.00
2008.05.16 11:07:47.345,1.54631,1.54636,7.20,8.80
2008.05.16 11:07:47.649,1.54639,1.54644,3.00,5.40
2008.05.16 11:07:47.952,1.54644,1.54654,24.00,9.00
2008.05.16 11:07:48.225,1.54648,1.54658,35.60,6.00
2008.05.16 11:07:50.762,1.54655,1.5466,2.40,1.80
2008.05.16 11:07:50.934,1.54653,1.54663,12.60,8.40
2008.05.16 11:07:51.000,1.54652,1.54667,36.00,11.40
2008.05.16 11:07:51.056,1.54655,1.54665,7.20,1.80
2008.05.16 11:07:51.285,1.54654,1.54664,21.00,1.00
2008.05.16 11:07:51.472,1.54654,1.54664,11.40,2.40
2008.05.16 11:07:51.538,1.54655,1.54665,6.00,11.40
2008.05.16 11:07:51.593,1.54658,1.54663,6.00,2.40
2008.05.16 11:07:51.699,1.54657,1.54662,2.40,11.10
2008.05.16 11:07:51.808,1.54653,1.54663,11.40,1.20
2008.05.16 11:07:51.865,1.5465,1.5466,7.20,9.00
2008.05.16 11:07:52.258,1.54651,1.54656,2.40,1.00
2008.05.16 11:07:52.608,1.54647,1.54657,3.00,4.80
2008.05.16 11:08:04.367,1.54635,1.54645,3.60,3.00
2008.05.16 11:08:04.438,1.54636,1.54646,1.80,13.90
2008.05.16 11:08:04.503,1.54634,1.54644,8.40,4.20
2008.05.16 11:08:07.148,1.54633,1.54643,5.40,1.20
2008.05.16 11:08:07.392,1.54632,1.54642,12.00,3.00
2008.05.16 11:08:08.998,1.54633,1.54638,1.00,2.80
2008.05.16 11:08:09.186,1.54632,1.54637,2.40,10.20
2008.05.16 11:08:09.374,1.54629,1.54639,1.00,10.20
2008.05.16 11:08:09.566,1.5463,1.54635,2.40,6.00
2008.05.16 11:08:09.753,1.54623,1.54638,10.80,6.00
2008.05.16 11:08:10.092,1.54625,1.5464,10.80,4.80
2008.05.16 11:08:10.433,1.54625,1.5464,5.40,11.10
2008.05.16 11:08:10.773,1.54626,1.54636,12.60,2.40
2008.05.16 11:08:11.015,1.54625,1.54635,6.00,5.40
2008.05.16 11:08:11.261,1.54623,1.54633,2.40,14.10
2008.05.16 11:08:13.255,1.54619,1.54629,7.20,2.40
2008.05.16 11:08:13.607,1.54616,1.54621,6.60,4.80
2008.05.16 11:08:13.879,1.54609,1.54619,7.80,9.00
2008.05.16 11:08:13.945,1.54606,1.54611,2.40,1.80
2008.05.16 11:08:14.175,1.54603,1.54609,9.00,3.00
2008.05.16 11:08:14.331,1.54608,1.54613,4.80,18.00
2008.05.16 11:08:14.500,1.54612,1.54622,9.00,3.00
2008.05.16 11:08:14.731,1.54617,1.54627,18.00,3.00
2008.05.16 11:08:16.204,1.54618,1.54633,5.40,7.20
2008.05.16 11:08:16.586,1.54624,1.54634,26.70,4.00
2008.05.16 11:08:18.363,1.54626,1.54636,3.00,1.80
2008.05.16 11:08:18.735,1.5463,1.54634,2.40,1.80
2008.05.16 11:08:19.559,1.54629,1.54639,4.80,1.80
2008.05.16 11:08:21.927,1.54632,1.54638,3.60,19.60
2008.05.16 11:08:23.107,1.54628,1.54638,7.20,12.00
2008.05.16 11:08:26.488,1.54627,1.54637,3.00,9.30
2008.05.16 11:08:26.529,1.54629,1.54639,4.80,4.80
2008.05.16 11:08:26.627,1.54633,1.54638,4.80,7.20
2008.05.16 11:08:26.669,1.54634,1.54639,20.40,3.00
2008.05.16 11:08:26.718,1.54633,1.54643,14.50,4.80
2008.05.16 11:08:26.790,1.54634,1.54644,1.00,1.00
2008.05.16 11:08:26.823,1.54634,1.54649,2.40,6.00
2008.05.16 11:08:26.864,1.54638,1.54648,16.20,2.50
2008.05.16 11:08:26.904,1.54643,1.54647,5.40,2.40
2008.05.16 11:08:27.051,1.54643,1.54647,11.40,17.40
2008.05.16 11:08:27.118,1.54642,1.54652,9.60,6.00
2008.05.16 11:08:27.164,1.54646,1.54651,4.80,3.60
2008.05.16 11:08:27.254,1.54645,1.54655,6.00,4.20
2008.05.16 11:08:27.324,1.54649,1.54654,3.00,3.00
2008.05.16 11:08:27.674,1.5465,1.54655,7.20,7.80
2008.05.16 11:08:28.011,1.54652,1.54657,1.20,11.40
2008.05.16 11:08:28.953,1.54651,1.54661,5.40,6.00
2008.05.16 11:08:29.157,1.54655,1.5466,1.00,4.80
2008.05.16 11:08:29.596,1.54656,1.54661,1.80,1.00
2008.05.16 11:08:29.947,1.54658,1.54663,7.80,8.40
2008.05.16 11:08:30.067,1.5466,1.54665,14.40,9.40
2008.05.16 11:08:30.187,1.54661,1.54666,4.80,5.40
2008.05.16 11:08:30.423,1.54664,1.54669,6.00,6.00
2008.05.16 11:08:30.921,1.54666,1.54676,2.40,6.00
2008.05.16 11:08:31.182,1.54671,1.54681,24.60,4.20
2008.05.16 11:08:31.432,1.54681,1.54687,1.20,2.80
2008.05.16 11:08:32.055,1.54688,1.54693,5.40,1.20
2008.05.16 11:08:32.685,1.5469,1.54695,7.80,4.25
2008.05.16 11:08:32.962,1.54687,1.54691,5.40,7.80
2008.05.16 11:08:33.223,1.54679,1.54685,4.80,1.20
2008.05.16 11:08:35.705,1.54672,1.54677,19.80,1.20
2008.05.16 11:08:35.968,1.54665,1.5467,2.40,8.50
2008.05.16 11:08:36.637,1.54661,1.54666,1.80,3.60
2008.05.16 11:08:36.774,1.54657,1.54662,1.00,15.60
2008.05.16 11:08:36.908,1.54652,1.54658,3.00,15.30
2008.05.16 11:08:37.045,1.54651,1.54655,6.00,10.60
2008.05.16 11:08:39.032,1.54649,1.54654,7.60,3.00
2008.05.16 11:08:39.485,1.54648,1.54652,17.40,13.00
2008.05.16 11:08:39.712,1.54646,1.54651,3.00,9.90
2008.05.16 11:08:39.969,1.54645,1.5465,7.20,1.00
2008.05.16 11:08:40.224,1.54644,1.54649,1.20,3.00
2008.05.16 11:08:43.389,1.54646,1.5465,6.00,6.00
2008.05.16 11:08:45.071,1.54646,1.54651,1.20,2.40
2008.05.16 11:08:45.301,1.54647,1.54652,2.40,9.20
2008.05.16 11:08:45.527,1.54648,1.54653,3.00,14.10
2008.05.16 11:08:45.755,1.54647,1.54657,7.80,2.80
2008.05.16 11:08:46.328,1.54651,1.54656,1.00,2.80
2008.05.16 11:08:46.881,1.54652,1.54657,4.80,14.20
2008.05.16 11:08:47.124,1.54653,1.54658,1.00,7.40
2008.05.16 11:08:47.226,1.54653,1.54658,22.20,2.40
2008.05.16 11:08:47.515,1.5465,1.5466,1.00,2.60
2008.05.16 11:08:47.615,1.54648,1.54658,7.20,1.00
2008.05.16 11:08:47.717,1.5465,1.54655,1.00,4.80
2008.05.16 11:08:47.817,1.54652,1.54657,12.60,2.40
2008.05.16 11:08:48.011,1.54652,1.54657,7.20,1.00
2008.05.16 11:08:48.352,1.5465,1.54655,17.40,21.60
2008.05.16 11:08:50.041,1.54646,1.54656,13.20,8.40
2008.05.16 11:08:50.260,1.54644,1.54654,4.80,9.70
2008.05.16 11:08:50.464,1.54643,1.54653,2.40,15.10
2008.05.16 11:08:51.067,1.54642,1.54652,7.90,3.60
2008.05.16 11:08:51.397,1.54643,1.54648,1.20,2.40
2008.05.16 11:08:51.555,1.54639,1.54649,14.40,2.10
2008.05.16 11:08:51.718,1.54637,1.54647,3.00,3.10
2008.05.16 11:08:51.882,1.54637,1.54647,3.10,9.60
2008.05.16 11:08:52.039,1.54636,1.54646,2.40,1.80
2008.05.16 11:09:01.623,1.54656,1.54676,17.40,2.40
2008.05.16 11:09:01.842,1.54654,1.54669,4.80,15.00
2008.05.16 11:09:02.562,1.5465,1.54665,18.60,2.40
2008.05.16 11:09:02.719,1.5465,1.5466,20.40,6.30
2008.05.16 11:09:02.874,1.54649,1.54659,2.40,3.00
2008.05.16 11:09:03.345,1.54648,1.54663,6.00,8.70
2008.05.16 11:09:03.663,1.5465,1.54665,5.40,3.70
2008.05.16 11:09:03.911,1.54651,1.54666,6.60,3.90
2008.05.16 11:09:06.679,1.54655,1.54665,2.40,6.60
2008.05.16 11:09:12.322,1.54654,1.54669,7.20,1.00
2008.05.16 11:09:12.622,1.54657,1.54672,1.00,2.40
2008.05.16 11:09:13.194,1.54666,1.54676,6.60,12.90
2008.05.16 11:09:13.594,1.54672,1.54687,4.80,1.20
2008.05.16 11:09:15.070,1.54683,1.54698,21.60,4.80
2008.05.16 11:09:15.238,1.54695,1.5471,7.20,5.10
2008.05.16 11:09:15.742,1.54703,1.54713,5.40,17.20
2008.05.16 11:09:15.950,1.54697,1.54707,8.40,9.10
2008.05.16 11:09:16.158,1.54689,1.54699,4.80,4.40
2008.05.16 11:09:16.596,1.54678,1.54693,9.60,6.00
2008.05.16 11:09:17.607,1.54673,1.54683,10.80,3.60
2008.05.16 11:09:17.869,1.54665,1.54675,2.40,4.80
2008.05.16 11:09:18.188,1.5466,1.5467,2.40,2.40
2008.05.16 11:09:19.615,1.54657,1.54667,19.20,3.00
2008.05.16 11:09:21.570,1.54654,1.54664,10.80,5.40
2008.05.16 11:09:21.831,1.54651,1.54665,9.00,4.80
2008.05.16 11:09:22.097,1.54649,1.54664,8.40,10.80
2008.05.16 11:09:22.318,1.54647,1.54662,6.60,8.40
2008.05.16 11:09:22.498,1.54648,1.54663,4.80,7.80
2008.05.16 11:09:22.546,1.54649,1.54664,2.40,2.40
2008.05.16 11:09:22.647,1.54651,1.54665,2.40,6.60
2008.05.16 11:09:22.740,1.54651,1.54666,7.20,2.40
2008.05.16 11:09:22.796,1.54651,1.54661,2.40,1.00
2008.05.16 11:09:23.033,1.54643,1.54658,1.00,2.40
2008.05.16 11:09:23.372,1.54637,1.54647,4.20,2.70
2008.05.16 11:09:23.711,1.54629,1.54639,1.00,4.40
2008.05.16 11:09:24.266,1.54623,1.54639,1.20,9.60
2008.05.16 11:09:25.458,1.54627,1.54647,26.10,1.80
2008.05.16 11:09:27.362,1.54638,1.54652,4.80,8.80
2008.05.16 11:09:32.291,1.54643,1.54658,3.00,6.00
2008.05.16 11:09:32.652,1.54646,1.54661,8.40,15.30
2008.05.16 11:09:32.714,1.54647,1.54661,2.40,7.00
2008.05.16 11:09:39.691,1.54644,1.54659,2.40,8.50
2008.05.16 11:09:40.106,1.54645,1.54655,5.40,6.10
2008.05.16 11:09:43.547,1.54641,1.54655,2.40,2.70
2008.05.16 11:09:45.268,1.54639,1.54655,1.20,14.40
2008.05.16 11:09:45.410,1.54639,1.54654,5.40,1.80
2008.05.16 11:09:45.816,1.54644,1.54654,24.00,8.40
2008.05.16 11:09:46.018,1.54646,1.54656,2.40,3.00
2008.05.16 11:09:46.222,1.54651,1.54661,18.00,8.40
2008.05.16 11:09:46.426,1.54656,1.54666,1.00,2.40
2008.05.16 11:09:49.552,1.54658,1.54673,8.40,9.60
2008.05.16 11:09:49.890,1.54663,1.54678,4.80,5.40
2008.05.16 11:09:50.194,1.54664,1.54679,1.00,8.40
2008.05.16 11:09:50.298,1.54666,1.54681,4.80,2.40
2008.05.16 11:09:53.604,1.54667,1.54682,2.40,1.00
2008.05.16 11:09:54.650,1.54669,1.54684,1.00,9.40
2008.05.16 11:09:55.756,1.54674,1.54684,6.00,8.70
2008.05.16 11:09:56.099,1.54675,1.54685,4.80,4.80
2008.05.16 11:09:58.058,1.54677,1.54687,18.40,4.80
2008.05.16 11:09:58.302,1.5468,1.5469,3.00,1.80
2008.05.16 11:09:59.011,1.54681,1.54695,11.40,4.90
2008.05.16 11:10:05.116,1.54674,1.54684,1.20,8.40
2008.05.16 11:10:05.271,1.54673,1.54683,13.80,4.80
2008.05.16 11:10:05.364,1.54671,1.54681,2.40,1.80
2008.05.16 11:10:05.443,1.54667,1.54682,9.60,1.90
2008.05.16 11:10:05.523,1.54666,1.54681,3.00,4.00
2008.05.16 11:10:05.755,1.54664,1.54679,27.40,5.40
2008.05.16 11:10:05.884,1.54666,1.54676,16.80,11.90
2008.05.16 11:10:06.223,1.54664,1.54674,21.60,4.80
2008.05.16 11:10:06.563,1.54662,1.54672,5.40,8.40
2008.05.16 11:10:06.903,1.54663,1.54668,21.60,15.60
2008.05.16 11:10:07.396,1.54658,1.54673,10.20,1.80
2008.05.16 11:10:07.643,1.54662,1.54672,4.80,17.50
2008.05.16 11:10:07.891,1.54664,1.54674,2.40,8.80
2008.05.16 11:10:08.231,1.54665,1.54675,12.60,4.80
2008.05.16 11:10:08.573,1.54667,1.54677,2.40,11.50
2008.05.16 11:10:08.913,1.54661,1.54677,6.60,21.00
2008.05.16 11:10:20.539,1.54661,1.54671,3.60,2.50
2008.05.16 11:10:21.975,1.54655,1.54665,3.60,5.70
2008.05.16 11:10:24.585,1.54644,1.5466,6.00,1.00
2008.05.16 11:10:26.349,1.54635,1.54651,2.40,3.30
2008.05.16 11:10:27.629,1.54637,1.54641,21.90,1.00
2008.05.16 11:10:28.018,1.54643,1.54647,2.40,18.60
2008.05.16 11:10:28.214,1.54647,1.54657,21.00,1.20
2008.05.16 11:10:28.291,1.54652,1.54666,6.90,1.00
2008.05.16 11:10:28.410,1.54658,1.54668,2.40,6.60
2008.05.16 11:10:28.663,1.54663,1.54673,4.80,6.00
2008.05.16 11:10:28.921,1.54667,1.54677,20.40,3.00
2008.05.16 11:10:29.176,1.54669,1.54679,9.60,4.80
2008.05.16 11:10:31.499,1.54674,1.54684,3.00,1.20
2008.05.16 11:10:34.075,1.54676,1.54686,4.80,10.80
2008.05.16 11:10:35.932,1.54675,1.5469,2.40,12.00
2008.05.16 11:10:38.279,1.54679,1.54689,9.60,9.00
2008.05.16 11:10:38.769,1.54684,1.54689,13.40,3.00
2008.05.16 11:10:38.915,1.54685,1.5469,4.80,6.88
2008.05.16 11:10:39.043,1.5469,1.54695,12.60,4.80
2008.05.16 11:10:39.296,1.54692,1.54697,1.20,6.00
2008.05.16 11:10:39.673,1.54691,1.54701,2.40,4.80
2008.05.16 11:10:41.834,1.54691,1.54701,8.40,3.60
2008.05.16 11:10:42.014,1.54689,1.54704,3.00,2.40
2008.05.16 11:10:42.192,1.54687,1.54702,7.20,9.60
2008.05.16 11:10:42.773,1.54688,1.54698,1.20,4.80
2008.05.16 11:10:42.876,1.54682,1.54697,2.40,8.50
2008.05.16 11:10:43.079,1.54677,1.54692,10.20,2.40
2008.05.16 11:10:43.183,1.54674,1.54689,12.60,2.40
2008.05.16 11:10:44.733,1.5467,1.54685,4.20,8.40
2008.05.16 11:10:44.904,1.5467,1.54685,11.40,1.90
2008.05.16 11:10:45.446,1.54669,1.54685,12.60,2.40
2008.05.16 11:10:45.618,1.54671,1.54686,5.40,8.40
2008.05.16 11:10:46.794,1.54676,1.54691,20.40,7.20
2008.05.16 11:10:47.272,1.54684,1.54694,1.00,2.40
2008.05.16 11:10:47.404,1.54693,1.54703,10.80,15.70
2008.05.16 11:10:47.672,1.54699,1.54714,1.00,2.40
2008.05.16 11:10:50.448,1.54706,1.54716,2.40,14.40
2008.05.16 11:10:50.555,1.54703,1.54713,2.40,11.40
2008.05.16 11:10:50.763,1.54697,1.54707,16.20,0.50
2008.05.16 11:10:50.867,1.54689,1.54699,1.00,7.80
2008.05.16 11:10:50.975,1.54682,1.54697,9.20,2.40
2008.05.16 11:10:51.675,1.54679,1.54694,20.60,2.40
2008.05.16 11:10:51.974,1.54674,1.54689,14.70,1.90
2008.05.16 11:10:53.447,1.54674,1.54684,2.40,2.40
2008.05.16 11:10:53.605,1.54673,1.54683,2.40,22.30
2008.05.16 11:10:53.764,1.54671,1.54681,7.20,4.80
2008.05.16 11:10:55.430,1.54671,1.54681,4.50,6.00
2008.05.16 11:10:55.685,1.54673,1.54683,2.40,2.40
2008.05.16 11:10:56.201,1.54674,1.54684,4.80,1.20
2008.05.16 11:10:56.589,1.54676,1.54686,2.40,19.20
2008.05.16 11:10:57.437,1.54674,1.54684,2.40,8.40
2008.05.16 11:10:57.936,1.54671,1.54687,7.80,3.60
2008.05.16 11:10:58.364,1.54672,1.54682,3.60,4.80
2008.05.16 11:10:58.729,1.54671,1.54686,2.40,15.00
2008.05.16 11:10:58.932,1.54673,1.54687,2.40,1.20
2008.05.16 11:11:02.808,1.54669,1.54685,12.00,2.40
2008.05.16 11:11:03.068,1.54665,1.5468,13.00,2.40
2008.05.16 11:11:03.328,1.5466,1.54675,9.60,1.90
2008.05.16 11:11:04.700,1.54661,1.54666,1.00,8.90
2008.05.16 11:11:04.739,1.5466,1.54665,7.20,5.40
2008.05.16 11:11:04.777,1.5466,1.54665,9.00,2.40
2008.05.16 11:11:05.060,1.54659,1.54664,16.20,2.60
2008.05.16 11:11:05.105,1.54656,1.54671,3.00,3.00
2008.05.16 11:11:05.204,1.5466,1.5467,19.20,13.80
2008.05.16 11:11:05.306,1.54661,1.54671,2.40,6.00
2008.05.16 11:11:05.344,1.54665,1.5467,8.40,3.60
2008.05.16 11:11:05.724,1.54664,1.54674,1.00,1.00
2008.05.16 11:11:06.068,1.54665,1.54675,2.40,6.10
2008.05.16 11:11:07.132,1.54667,1.54677,4.80,19.50
2008.05.16 11:11:07.368,1.5467,1.54675,1.80,4.80
2008.05.16 11:11:07.807,1.54667,1.54677,6.00,1.80
2008.05.16 11:11:08.004,1.54666,1.54676,7.20,5.40
2008.05.16 11:11:08.949,1.54662,1.54677,4.60,6.00
2008.05.16 11:11:09.288,1.54663,1.54673,7.80,14.40
2008.05.16 11:11:09.628,1.54659,1.54674,2.40,1.80
2008.05.16 11:11:09.832,1.5466,1.5467,6.60,4.80
2008.05.16 11:11:10.038,1.54659,1.54669,3.10,6.30
2008.05.16 11:11:10.240,1.54655,1.5467,17.40,1.00
2008.05.16 11:11:10.698,1.54656,1.54666,6.00,7.80
2008.05.16 11:11:10.900,1.54657,1.54662,4.50,4.80
2008.05.16 11:11:11.105,1.54656,1.54662,12.80,4.80
2008.05.16 11:11:11.308,1.54656,1.54661,2.40,4.80
2008.05.16 11:11:11.508,1.54657,1.54662,3.00,2.40
2008.05.16 11:11:11.712,1.54659,1.54665,1.80,11.40
2008.05.16 11:11:12.022,1.54656,1.54671,6.00,4.20
2008.05.16 11:11:12.328,1.54662,1.54677,4.80,13.20
2008.05.16 11:11:12.636,1.54668,1.54683,9.00,4.80
2008.05.16 11:11:12.940,1.54676,1.54691,3.00,9.50
2008.05.16 11:11:13.311,1.54687,1.54701,27.60,8.40
2008.05.16 11:11:13.505,1.547,1.5471,1.80,7.20
2008.05.16 11:11:13.692,1.54711,1.54721,2.40,9.30
2008.05.16 11:11:13.973,1.54716,1.54726,11.40,1.80
2008.05.16 11:11:14.252,1.54713,1.54723,10.20,10.20
2008.05.16 11:11:14.532,1.5471,1.54715,3.60,5.40
2008.05.16 11:11:14.812,1.54697,1.54712,5.40,8.40
2008.05.16 11:11:15.128,1.54691,1.54706,6.60,2.40
2008.05.16 11:11:15.444,1.54686,1.54702,3.60,5.40
2008.05.16 11:11:16.068,1.54685,1.54691,13.80,2.40
2008.05.16 11:11:16.950,1.54681,1.54686,2.40,13.60
2008.05.16 11:11:17.236,1.54675,1.54681,2.40,3.00
2008.05.16 11:11:17.916,1.54666,1.54676,10.20,4.80
2008.05.16 11:11:18.312,1.54664,1.54669,9.00,1.00
2008.05.16 11:11:18.568,1.54661,1.54665,16.20,6.00
2008.05.16 11:11:18.825,1.54654,1.54664,6.60,2.40
2008.05.16 11:11:19.452,1.54653,1.54663,8.40,8.40
2008.05.16 11:11:20.287,1.54655,1.5466,8.40,2.40
2008.05.16 11:11:20.440,1.54656,1.54661,1.20,2.40
2008.05.16 11:11:20.596,1.54656,1.54666,2.40,2.80
2008.05.16 11:11:20.910,1.54658,1.54668,7.20,5.40
2008.05.16 11:11:21.064,1.5466,1.5467,2.40,1.80
2008.05.16 11:11:21.404,1.54659,1.54674,4.80,12.30
2008.05.16 11:11:21.744,1.54663,1.54673,7.20,1.00
2008.05.16 11:11:22.086,1.54664,1.54674,7.80,6.80
2008.05.16 11:11:23.399,1.54666,1.54676,6.60,12.00
2008.05.16 11:11:23.917,1.54664,1.54674,9.00,2.40
2008.05.16 11:11:24.055,1.54662,1.54672,25.20,1.00
2008.05.16 11:11:24.193,1.54661,1.54671,3.60,2.40
2008.05.16 11:11:24.983,1.54665,1.54669,6.60,7.20
2008.05.16 11:11:25.084,1.54666,1.54671,3.00,8.80
2008.05.16 11:11:25.188,1.54665,1.54675,9.00,4.80
2008.05.16 11:11:25.388,1.54667,1.54677,5.80,6.40
2008.05.16 11:11:25.739,1.54668,1.54678,1.20,6.70
2008.05.16 11:11:25.995,1.54668,1.54678,4.20,6.00
2008.05.16 11:11:26.251,1.5467,1.5468,4.80,7.80
2008.05.16 11:11:29.080,1.54671,1.54681,14.40,2.40
2008.05.16 11:11:31.468,1.54673,1.54683,10.80,8.40
2008.05.16 11:11:31.760,1.54677,1.54682,28.20,2.40
2008.05.16 11:11:32.058,1.54674,1.54684,4.80,6.60
2008.05.16 11:11:33.587,1.54671,1.54681,9.60,2.40
2008.05.16 11:11:33.939,1.5467,1.5468,1.20,3.60
2008.05.16 11:11:34.117,1.54672,1.54676,13.20,2.40
2008.05.16 11:11:34.269,1.5467,1.54675,4.80,11.80
2008.05.16 11:11:34.409,1.54668,1.54674,2.40,12.60
2008.05.16 11:11:34.552,1.54667,1.54672,2.40,15.10
2008.05.16 11:11:34.975,1.5466,1.5467,7.80,10.30
2008.05.16 11:11:35.839,1.54656,1.54666,4.80,1.00
2008.05.16 11:11:36.035,1.54652,1.54662,3.00,8.70
2008.05.16 11:11:36.475,1.54645,1.54655,7.20,9.60
2008.05.16 11:11:36.710,1.54635,1.5465,2.40,2.40
2008.05.16 11:11:36.927,1.54627,1.54642,1.00,2.40
2008.05.16 11:11:38.491,1.54619,1.54634,1.80,14.00
2008.05.16 11:11:40.548,1.54612,1.54628,7.80,4.80
2008.05.16 11:11:43.208,1.54613,1.54623,2.40,6.60
2008.05.16 11:11:43.287,1.54618,1.54628,21.30,9.00
2008.05.16 11:11:43.396,1.54625,1.54635,1.00,2.40
2008.05.16 11:11:43.524,1.54633,1.54643,7.20,2.40
2008.05.16 11:11:43.711,1.54641,1.54651,2.40,4.80
2008.05.16 11:11:43.758,1.54648,1.54658,3.00,8.80
2008.05.16 11:11:44.055,1.54654,1.54664,3.00,4.20
2008.05.16 11:11:44.308,1.54658,1.54668,4.80,6.10
2008.05.16 11:11:44.812,1.54659,1.54674,11.40,3.00
2008.05.16 11:11:45.783,1.54665,1.5467,5.40,10.20
2008.05.16 11:11:46.120,1.54665,1.5467,4.80,10.80
2008.05.16 11:11:46.459,1.54664,1.54674,21.30,15.40
2008.05.16 11:11:47.851,1.54663,1.54673,1.20,2.40
2008.05.16 11:11:50.915,1.54661,1.54671,9.30,1.20
2008.05.16 11:11:51.308,1.54661,1.54671,19.80,4.80
2008.05.16 11:11:51.699,1.5466,1.5467,13.80,2.40
2008.05.16 11:11:51.895,1.5466,1.5467,1.80,2.40
2008.05.16 11:11:52.418,1.54664,1.54669,6.00,4.20
2008.05.16 11:11:52.685,1.54664,1.54674,5.40,10.60
2008.05.16 11:11:52.944,1.54665,1.54675,29.40,6.00
2008.05.16 11:11:53.033,1.54665,1.5468,1.20,1.00
2008.05.16 11:11:53.155,1.54669,1.54679,10.20,4.80
2008.05.16 11:11:53.850,1.54671,1.54681,2.40,1.50
2008.05.16 11:11:54.128,1.54675,1.54685,4.80,10.80
2008.05.16 11:11:56.643,1.54682,1.54687,28.20,8.40
2008.05.16 11:11:56.856,1.54684,1.54694,1.00,8.40
2008.05.16 11:11:57.071,1.54688,1.54698,5.40,10.20
2008.05.16 11:11:57.386,1.54692,1.54702,13.80,4.20
2008.05.16 11:12:01.176,1.54693,1.54699,3.60,3.00
2008.05.16 11:12:02.355,1.54687,1.54697,2.40,1.80
2008.05.16 11:12:05.284,1.54683,1.54693,2.40,4.20
2008.05.16 11:12:08.795,1.54677,1.54692,6.60,1.00
2008.05.16 11:12:09.649,1.54675,1.54691,21.80,4.80
2008.05.16 11:12:11.898,1.54678,1.54688,3.00,9.00
2008.05.16 11:12:12.238,1.54677,1.54692,4.80,6.60
2008.05.16 11:12:12.576,1.54681,1.54691,2.40,7.80
2008.05.16 11:12:12.914,1.54682,1.54692,6.00,6.00
2008.05.16 11:12:12.998,1.54685,1.54695,16.80,4.20
2008.05.16 11:12:15.740,1.54685,1.54699,6.60,7.20
2008.05.16 11:12:15.890,1.54692,1.54697,1.20,2.40
2008.05.16 11:12:16.048,1.54691,1.54701,4.80,13.60
2008.05.16 11:12:17.598,1.54695,1.547,7.80,2.40
2008.05.16 11:12:21.135,1.54694,1.54704,1.80,13.90
2008.05.16 11:12:22.363,1.54698,1.54703,4.90,4.80
2008.05.16 11:12:22.507,1.54699,1.54703,14.70,1.00
2008.05.16 11:12:22.610,1.54692,1.54707,14.40,1.00
2008.05.16 11:12:22.710,1.54689,1.54705,5.40,6.00
2008.05.16 11:12:24.270,1.54686,1.54696,2.40,6.00
2008.05.16 11:12:24.354,1.54678,1.54688,1.00,2.40
2008.05.16 11:12:28.066,1.54669,1.54679,1.00,8.80
2008.05.16 11:12:28.454,1.54661,1.54677,2.40,6.00
2008.05.16 11:12:28.651,1.54668,1.54678,7.20,7.80
2008.05.16 11:12:31.059,1.54675,1.54685,6.00,2.40
2008.05.16 11:12:31.711,1.54676,1.5469,4.80,6.00
2008.05.16 11:12:32.169,1.54682,1.54692,6.00,1.80
2008.05.16 11:12:35.382,1.54686,1.54691,10.20,14.40
2008.05.16 11:12:36.050,1.54686,1.54692,6.00,3.60
2008.05.16 11:12:36.398,1.54683,1.54693,4.80,7.20
2008.05.16 11:12:40.790,1.54681,1.54691,6.00,5.40
2008.05.16 11:12:42.335,1.54681,1.54691,3.00,1.00
2008.05.16 11:12:42.524,1.54681,1.54696,7.20,15.10
2008.05.16 11:12:42.712,1.54684,1.54699,7.20,1.00
2008.05.16 11:12:43.082,1.54691,1.54701,5.40,9.70
2008.05.16 11:12:43.267,1.54697,1.54712,12.00,4.80
2008.05.16 11:12:43.362,1.54707,1.54717,2.40,17.60
2008.05.16 11:12:43.759,1.54711,1.54726,6.00,1.80
2008.05.16 11:12:44.998,1.54717,1.54727,18.00,4.80
2008.05.16 11:12:46.290,1.54713,1.54723,32.40,4.80
2008.05.16 11:12:46.430,1.54706,1.54716,5.40,7.80
2008.05.16 11:12:46.712,1.547,1.5471,12.40,6.00
2008.05.16 11:12:47.382,1.54693,1.54708,6.00,1.80
2008.05.16 11:12:49.385,1.54689,1.54705,12.00,7.50
2008.05.16 11:12:49.651,1.54692,1.54702,6.00,8.40
2008.05.16 11:12:49.938,1.54691,1.54701,6.30,4.80
2008.05.16 11:12:50.003,1.54691,1.54701,2.40,2.40
2008.05.16 11:12:50.098,1.54693,1.54703,4.80,10.20
2008.05.16 11:12:50.130,1.54693,1.54703,12.60,4.80
2008.05.16 11:12:50.194,1.54694,1.54698,18.60,5.40
2008.05.16 11:12:50.247,1.54691,1.54701,2.40,11.80
2008.05.16 11:12:50.430,1.54689,1.54699,2.40,8.40
2008.05.16 11:12:50.766,1.54688,1.54698,11.40,9.00
2008.05.16 11:12:51.104,1.54684,1.54699,34.30,2.40
2008.05.16 11:12:51.444,1.54686,1.54701,2.40,18.20
2008.05.16 11:12:51.663,1.54687,1.54702,3.00,1.00
2008.05.16 11:12:52.100,1.54688,1.54703,11.40,3.10
2008.05.16 11:12:52.318,1.54692,1.54702,2.40,1.00
2008.05.16 11:12:52.538,1.54694,1.54704,2.40,2.40
2008.05.16 11:12:52.723,1.54693,1.54708,8.40,9.00
2008.05.16 11:12:53.088,1.54695,1.5471,1.00,9.30
2008.05.16 11:12:53.270,1.54697,1.54712,13.80,4.80
2008.05.16 11:12:54.150,1.54701,1.54711,1.00,2.50
2008.05.16 11:12:55.690,1.54703,1.54713,1.20,1.80
2008.05.16 11:13:07.637,1.54693,1.54703,4.80,2.40
2008.05.16 11:13:07.770,1.54689,1.54699,9.00,4.80
2008.05.16 11:13:07.989,1.54684,1.54694,2.40,6.40
2008.05.16 11:13:08.431,1.54677,1.54692,9.20,2.40
2008.05.16 11:13:08.653,1.54673,1.54688,10.20,4.80
2008.05.16 11:13:08.873,1.54673,1.54688,1.00,2.40
2008.05.16 11:13:10.265,1.54672,1.54687,13.80,3.00
2008.05.16 11:13:11.936,1.54674,1.54684,3.00,2.40
2008.05.16 11:13:11.980,1.54675,1.54685,4.80,6.60
2008.05.16 11:13:12.262,1.54677,1.54687,3.60,3.00
2008.05.16 11:13:12.530,1.54678,1.54688,2.40,17.70
2008.05.16 11:13:16.943,1.54678,1.54693,4.80,4.80
2008.05.16 11:13:17.239,1.54679,1.54694,4.80,12.60
2008.05.16 11:13:17.539,1.54681,1.54696,3.60,6.00
2008.05.16 11:13:17.693,1.54686,1.54696,4.80,13.20
2008.05.16 11:13:17.850,1.54689,1.54699,1.00,8.80
2008.05.16 11:13:18.005,1.54691,1.54701,4.80,7.80
2008.05.16 11:13:18.486,1.54694,1.54704,6.00,2.40
2008.05.16 11:13:18.623,1.54696,1.54711,2.40,9.00
2008.05.16 11:13:18.764,1.547,1.54716,3.60,6.00
2008.05.16 11:13:18.902,1.54708,1.54718,10.20,10.50
2008.05.16 11:13:19.178,1.54707,1.54717,2.40,14.10
2008.05.16 11:13:19.453,1.54703,1.54713,31.20,12.60
2008.05.16 11:13:21.369,1.54699,1.54703,12.70,4.80
2008.05.16 11:13:21.690,1.54689,1.54699,8.40,4.80
2008.05.16 11:13:28.628,1.54683,1.54693,4.80,11.80
2008.05.16 11:13:29.000,1.54678,1.54688,2.40,1.80
2008.05.16 11:13:29.286,1.54674,1.54684,3.00,4.80
2008.05.16 11:13:29.857,1.54674,1.54684,2.40,9.00
2008.05.16 11:13:30.073,1.54674,1.54684,1.20,9.00
2008.05.16 11:13:30.722,1.54675,1.54685,6.00,5.40
2008.05.16 11:13:30.904,1.54676,1.54686,11.40,2.40
2008.05.16 11:13:32.313,1.54677,1.54687,6.60,2.40
2008.05.16 11:13:32.577,1.54676,1.54691,3.00,3.00
2008.05.16 11:13:33.105,1.54677,1.54687,2.40,21.10
2008.05.16 11:13:33.245,1.54676,1.54686,9.00,1.80
2008.05.16 11:13:33.386,1.54677,1.54687,7.20,1.20
2008.05.16 11:13:33.529,1.54676,1.54691,7.20,1.00
2008.05.16 11:13:33.809,1.54676,1.54691,4.20,10.30
2008.05.16 11:13:34.517,1.54676,1.54691,9.00,6.00
2008.05.16 11:13:36.643,1.54677,1.54687,2.40,1.00
2008.05.16 11:13:36.713,1.54676,1.54686,27.90,6.00
2008.05.16 11:13:36.999,1.54674,1.54684,23.40,3.00
2008.05.16 11:13:38.715,1.54672,1.54682,1.20,1.00
2008.05.16 11:13:38.769,1.54666,1.54676,2.40,9.00
2008.05.16 11:13:39.063,1.5466,1.5467,6.00,5.40
2008.05.16 11:13:39.254,1.54653,1.54663,6.60,7.20
2008.05.16 11:13:39.821,1.54648,1.54664,4.80,4.80
2008.05.16 11:13:40.189,1.54655,1.54659,11.10,4.80
2008.05.16 11:13:40.532,1.54656,1.54666,4.80,6.88
2008.05.16 11:13:40.870,1.54661,1.54671,4.80,12.60
2008.05.16 11:13:42.153,1.54665,1.54675,1.20,2.40
2008.05.16 11:13:42.359,1.54669,1.54679,1.00,9.30
2008.05.16 11:13:42.637,1.5467,1.54686,4.80,14.40
2008.05.16 11:13:42.961,1.54676,1.54686,8.40,1.00
2008.05.16 11:13:43.111,1.5468,1.54685,2.40,8.80
2008.05.16 11:13:43.375,1.5468,1.54686,3.60,2.40
2008.05.16 11:13:43.626,1.54682,1.54687,9.00,2.40
2008.05.16 11:13:44.141,1.54683,1.54688,8.40,4.80
2008.05.16 11:13:44.597,1.54681,1.54691,5.40,2.40
2008.05.16 11:13:44.913,1.54679,1.54689,7.80,12.00
2008.05.16 11:13:45.229,1.5468,1.5469,7.80,18.00
2008.05.16 11:13:45.550,1.54681,1.54691,6.00,6.00
2008.05.16 11:13:45.810,1.54681,1.54691,11.40,14.50
2008.05.16 11:13:47.434,1.54681,1.54686,7.20,5.40
2008.05.16 11:13:47.606,1.54677,1.54687,19.80,5.40
2008.05.16 11:13:47.779,1.54675,1.54685,1.20,10.20
2008.05.16 11:13:48.005,1.5467,1.5468,22.80,1.00
2008.05.16 11:13:48.365,1.54667,1.54677,8.40,1.00
2008.05.16 11:13:48.490,1.54667,1.54677,6.00,13.90
2008.05.16 11:13:55.113,1.54665,1.54675,7.20,2.40
2008.05.16 11:13:55.209,1.54666,1.54676,4.80,5.70
2008.05.16 11:13:55.426,1.54665,1.5468,7.80,12.00
2008.05.16 11:13:55.525,1.54667,1.54682,62.40,6.10
2008.05.16 11:13:56.149,1.54668,1.54683,6.00,7.20
2008.05.16 11:13:56.997,1.5467,1.54685,5.40,10.80
2008.05.16 11:13:57.143,1.54676,1.54686,10.20,1.00
2008.05.16 11:13:57.287,1.54678,1.54693,22.80,1.00
2008.05.16 11:13:57.429,1.5468,1.54696,21.60,4.80
2008.05.16 11:14:03.136,1.54682,1.54698,5.40,7.20
2008.05.16 11:14:03.368,1.54684,1.54699,2.40,8.40
2008.05.16 11:14:03.559,1.54686,1.54701,2.40,8.40
2008.05.16 11:14:03.967,1.54687,1.54697,6.00,4.80
2008.05.16 11:14:04.730,1.54683,1.54698,7.20,10.30
2008.05.16 11:14:06.387,1.54681,1.54696,2.40,3.00
2008.05.16 11:14:06.503,1.5468,1.54695,4.20,1.00
2008.05.16 11:14:06.619,1.54679,1.54694,19.80,2.40
2008.05.16 11:14:07.507,1.54679,1.54694,2.40,21.60
2008.05.16 11:14:08.481,1.54681,1.54696,5.40,2.40
2008.05.16 11:14:08.623,1.54685,1.54695,4.80,7.20
2008.05.16 11:14:08.749,1.54691,1.54701,3.00,3.00
2008.05.16 11:14:13.247,1.54701,1.54706,3.00,6.40
2008.05.16 11:14:13.553,1.54706,1.54716,3.00,6.10
2008.05.16 11:14:13.856,1.54716,1.54721,1.80,4.00
2008.05.16 11:14:14.163,1.54724,1.54734,7.80,4.80
2008.05.16 11:14:14.666,1.54734,1.54744,4.80,13.20
2008.05.16 11:14:16.042,1.54747,1.54751,2.40,24.60
2008.05.16 11:14:16.295,1.54756,1.54761,6.60,7.20
2008.05.16 11:14:16.519,1.54752,1.54768,6.00,4.80
2008.05.16 11:14:16.723,1.54749,1.54759,4.80,11.30
2008.05.16 11:14:16.928,1.54743,1.54748,18.60,9.60
2008.05.16 11:14:17.135,1.54737,1.54741,4.80,8.40
2008.05.16 11:14:17.339,1.54727,1.54742,6.00,3.00
2008.05.16 11:14:19.484,1.5473,1.54734,3.00,1.20
2008.05.16 11:14:19.765,1.54728,1.54732,1.20,11.40
2008.05.16 11:14:19.907,1.54721,1.54736,6.60,16.20
2008.05.16 11:14:20.839,1.54724,1.54734,1.00,4.80
2008.05.16 11:14:22.201,1.54728,1.54733,3.00,9.00
2008.05.16 11:14:22.332,1.54729,1.54735,3.60,8.80
2008.05.16 11:14:22.563,1.54731,1.54736,8.10,4.50
2008.05.16 11:14:23.272,1.54728,1.54738,2.40,6.00
2008.05.16 11:14:23.610,1.54729,1.54735,9.00,4.80
2008.05.16 11:14:23.931,1.54722,1.54737,4.80,3.60
2008.05.16 11:14:26.571,1.54723,1.54733,13.20,3.00
2008.05.16 11:14:29.168,1.54724,1.54729,2.40,1.80
2008.05.16 11:14:29.252,1.54722,1.54727,19.80,4.80
2008.05.16 11:14:29.337,1.54719,1.54724,24.00,2.40
2008.05.16 11:14:29.507,1.54709,1.54724,4.80,44.40
2008.05.16 11:14:29.675,1.5471,1.5472,8.40,1.00
2008.05.16 11:14:30.891,1.54711,1.54716,8.40,2.40
2008.05.16 11:14:31.111,1.5471,1.54715,4.80,11.20
2008.05.16 11:14:31.451,1.54704,1.54719,11.00,3.60
2008.05.16 11:14:31.791,1.54703,1.54718,5.40,11.40
2008.05.16 11:14:39.396,1.54707,1.54712,2.40,3.00
2008.05.16 11:14:39.527,1.54698,1.54713,2.40,6.00
2008.05.16 11:14:43.591,1.54698,1.54703,4.20,7.20
2008.05.16 11:14:43.710,1.5469,1.54695,12.60,4.80
2008.05.16 11:14:44.139,1.54674,1.5469,5.40,6.60
2008.05.16 11:14:44.460,1.54665,1.54681,2.40,6.40
2008.05.16 11:14:44.755,1.54663,1.54673,6.00,8.40
2008.05.16 11:14:45.063,1.54665,1.54675,13.20,1.90
2008.05.16 11:14:45.231,1.54672,1.54677,10.20,4.80
2008.05.16 11:14:45.399,1.5468,1.54685,2.40,10.80
2008.05.16 11:14:45.567,1.54683,1.54698,4.80,4.80
2008.05.16 11:14:45.747,1.54692,1.54702,4.20,8.40
2008.05.16 11:14:45.915,1.547,1.5471,5.40,4.80
2008.05.16 11:14:49.737,1.54705,1.54715,21.20,3.60
2008.05.16 11:14:49.908,1.54712,1.54717,6.00,4.20
2008.05.16 11:14:49.995,1.54717,1.54721,7.20,4.80
2008.05.16 11:14:50.083,1.54712,1.54728,9.00,13.80
2008.05.16 11:14:50.372,1.54715,1.54725,3.00,4.80
2008.05.16 11:14:50.685,1.54718,1.54723,22.90,16.20
2008.05.16 11:14:50.977,1.54718,1.54723,3.00,1.80
2008.05.16 11:14:51.267,1.54714,1.54729,3.60,11.80
2008.05.16 11:14:51.952,1.54718,1.54728,4.80,8.40
2008.05.16 11:14:52.289,1.54719,1.54729,5.40,3.00
2008.05.16 11:14:52.441,1.54723,1.54728,2.40,14.50
2008.05.16 11:14:52.590,1.54724,1.54729,4.80,10.20
2008.05.16 11:14:52.667,1.54723,1.54728,2.40,10.80
2008.05.16 11:14:52.743,1.54723,1.54728,3.00,4.60
2008.05.16 11:14:53.047,1.54717,1.54732,13.80,6.00
2008.05.16 11:14:53.198,1.54718,1.54728,16.80,6.00
2008.05.16 11:14:54.411,1.54719,1.54724,2.40,3.00
2008.05.16 11:14:54.696,1.54721,1.54726,2.40,6.60
2008.05.16 11:14:54.720,1.54722,1.54727,7.20,1.00
2008.05.16 11:14:54.978,1.54718,1.54733,6.60,5.40
2008.05.16 11:14:55.223,1.54722,1.54732,10.80,4.80
2008.05.16 11:14:56.186,1.54723,1.54733,1.80,8.40
2008.05.16 11:15:01.770,1.54734,1.54738,1.20,2.40
2008.05.16 11:15:02.450,1.54725,1.54735,11.40,3.00
2008.05.16 11:15:03.122,1.54717,1.54727,3.00,5.10
2008.05.16 11:15:05.973,1.54712,1.54717,5.40,7.20
2008.05.16 11:15:06.266,1.54708,1.54713,8.40,8.30
2008.05.16 11:15:06.555,1.54701,1.54711,15.90,6.00
2008.05.16 11:15:06.842,1.54698,1.54708,16.80,8.40
2008.05.16 11:15:08.054,1.54699,1.54704,1.80,4.80
2008.05.16 11:15:08.394,1.54695,1.54705,2.40,12.60
2008.05.16 11:15:08.734,1.54695,1.54705,4.80,3.60
2008.05.16 11:15:08.858,1.54697,1.54707,2.40,4.80
2008.05.16 11:15:08.983,1.54701,1.54706,4.80,7.20
2008.05.16 11:15:09.110,1.54702,1.54707,18.00,17.80
2008.05.16 11:15:09.234,1.547,1.5471,8.40,1.00
2008.05.16 11:15:09.482,1.54701,1.54711,14.80,2.40
2008.05.16 11:15:09.618,1.54703,1.54713,4.80,10.80
2008.05.16 11:15:09.742,1.54707,1.54712,6.60,4.30
2008.05.16 11:15:09.962,1.54706,1.54716,11.40,9.00
2008.05.16 11:15:10.182,1.5471,1.54715,4.80,5.80
2008.05.16 11:15:10.402,1.5471,1.54715,4.80,4.80
2008.05.16 11:15:10.622,1.54708,1.54713,10.80,3.00
2008.05.16 11:15:10.842,1.54704,1.54714,8.40,7.30
2008.05.16 11:15:11.182,1.54703,1.54709,9.60,1.00
2008.05.16 11:15:11.522,1.54696,1.54706,2.40,4.50
2008.05.16 11:15:11.797,1.54693,1.54698,20.40,15.60
2008.05.16 11:15:11.862,1.54683,1.54693,3.60,4.20
2008.05.16 11:15:15.058,1.54677,1.54682,2.40,1.90
2008.05.16 11:15:15.262,1.54669,1.54674,6.40,5.40
2008.05.16 11:15:15.450,1.54666,1.54672,6.00,6.60
2008.05.16 11:15:15.638,1.54672,1.54676,5.40,2.40
2008.05.16 11:15:15.826,1.54678,1.54683,4.80,3.00
2008.05.16 11:15:19.002,1.54682,1.54692,4.80,1.00
2008.05.16 11:15:19.030,1.5469,1.547,5.20,12.60
2008.05.16 11:15:27.983,1.54696,1.54701,2.40,17.60
2008.05.16 11:15:28.133,1.547,1.54706,24.00,21.00
2008.05.16 11:15:28.722,1.54705,1.5471,14.40,1.80
2008.05.16 11:15:28.857,1.54706,1.5471,6.60,9.00
2008.05.16 11:15:28.994,1.54707,1.54712,11.40,2.40
2008.05.16 11:15:29.130,1.54706,1.54716,7.80,6.00
2008.05.16 11:15:30.337,1.54708,1.54718,4.80,2.40
2008.05.16 11:15:30.446,1.54712,1.54717,18.30,16.30
2008.05.16 11:15:30.554,1.54711,1.54721,2.40,18.60
2008.05.16 11:15:33.154,1.54715,1.5472,17.40,1.00
2008.05.16 11:15:33.347,1.54711,1.54721,2.40,1.00
2008.05.16 11:15:34.601,1.54712,1.54717,6.60,1.90
2008.05.16 11:15:38.313,1.54708,1.54718,9.60,4.80
2008.05.16 11:15:38.481,1.54707,1.54717,18.60,4.80
2008.05.16 11:15:38.566,1.54705,1.54715,9.40,2.40
2008.05.16 11:15:38.744,1.54702,1.54717,13.80,3.00
2008.05.16 11:15:43.668,1.54703,1.54713,3.00,5.40
2008.05.16 11:15:43.934,1.54701,1.54711,7.20,1.00
2008.05.16 11:15:44.089,1.54701,1.54711,2.40,1.20
2008.05.16 11:15:44.139,1.54701,1.54711,6.00,4.80
2008.05.16 11:15:44.186,1.54703,1.54713,5.20,12.60
2008.05.16 11:15:44.233,1.54702,1.54717,6.60,8.40
2008.05.16 11:15:44.298,1.54703,1.54718,7.20,23.20
2008.05.16 11:15:44.517,1.54707,1.54717,12.60,3.00
2008.05.16 11:15:44.566,1.54707,1.54717,13.20,2.40
2008.05.16 11:15:44.615,1.54705,1.54715,5.40,1.00
2008.05.16 11:15:44.718,1.54701,1.54716,3.60,14.80
2008.05.16 11:15:44.813,1.547,1.54715,18.60,2.40
2008.05.16 11:15:45.153,1.54699,1.54713,5.40,8.80
2008.05.16 11:15:45.494,1.54698,1.54712,11.40,2.40
2008.05.16 11:15:46.907,1.54702,1.54706,2.40,4.80
2008.05.16 11:15:47.175,1.54703,1.54707,1.00,7.20
2008.05.16 11:15:47.238,1.54705,1.5471,4.80,8.40
2008.05.16 11:15:47.358,1.54708,1.54713,1.00,6.00
2008.05.16 11:15:47.488,1.54711,1.54721,6.00,3.00
2008.05.16 11:15:47.670,1.54721,1.54726,4.20,2.40
2008.05.16 11:15:47.729,1.54726,1.54736,2.40,6.00
2008.05.16 11:15:47.790,1.54734,1.54744,7.20,5.80
2008.05.16 11:15:47.909,1.54737,1.54747,4.80,3.00
2008.05.16 11:15:47.977,1.54737,1.54742,6.00,4.80
2008.05.16 11:15:48.318,1.54728,1.54738,35.40,1.20
2008.05.16 11:15:48.658,1.54724,1.54729,2.40,1.00
2008.05.16 11:15:48.998,1.54719,1.54724,14.40,17.60
2008.05.16 11:15:49.685,1.54716,1.54721,9.00,4.80
2008.05.16 11:15:49.815,1.54711,1.54716,1.00,4.80
2008.05.16 11:15:49.942,1.54706,1.54711,3.00,6.00
2008.05.16 11:15:50.069,1.54706,1.54711,2.40,10.30
2008.05.16 11:15:50.200,1.54705,1.5471,3.60,3.00
2008.05.16 11:15:50.330,1.54704,1.54709,7.80,9.60
2008.05.16 11:15:50.458,1.54703,1.54708,7.20,4.80
2008.05.16 11:15:50.714,1.54703,1.54708,11.40,9.70
2008.05.16 11:15:50.841,1.54703,1.54708,7.20,2.10
2008.05.16 11:15:52.594,1.54704,1.54709,4.80,4.80
2008.05.16 11:15:52.825,1.54705,1.5471,3.00,2.80
2008.05.16 11:15:53.014,1.54706,1.54711,5.40,8.80
2008.05.16 11:15:53.203,1.54707,1.54712,19.20,13.80
2008.05.16 11:15:53.396,1.54703,1.54713,5.40,10.80
2008.05.16 11:15:53.744,1.54705,1.54709,2.40,22.80
2008.05.16 11:15:57.933,1.54701,1.54711,1.20,1.00
2008.05.16 11:15:58.154,1.54705,1.5471,3.60,4.80
2008.05.16 11:15:58.362,1.54706,1.54711,4.80,7.20
2008.05.16 11:15:58.790,1.54707,1.54713,8.40,2.40
2008.05.16 11:16:01.041,1.54716,1.5472,6.60,3.00
2008.05.16 11:16:01.529,1.54712,1.54717,2.40,1.80
2008.05.16 11:16:02.505,1.5471,1.54715,30.00,2.40
2008.05.16 11:16:02.711,1.54709,1.54714,18.30,10.20
2008.05.16 11:16:02.915,1.54709,1.54714,3.00,4.80
2008.05.16 11:16:03.120,1.54708,1.54713,2.40,5.90
2008.05.16 11:16:03.323,1.54706,1.54711,2.40,19.00
2008.05.16 11:16:03.527,1.54708,1.54713,1.20,2.40
2008.05.16 11:16:03.822,1.54709,1.54714,1.80,13.60
2008.05.16 11:16:03.972,1.5471,1.54715,2.40,2.40
2008.05.16 11:16:04.270,1.54711,1.54716,21.00,1.00
2008.05.16 11:16:04.759,1.54712,1.54717,2.40,2.40
2008.05.16 11:16:05.439,1.54709,1.54724,8.40,5.50
2008.05.16 11:16:05.650,1.54713,1.54723,3.00,9.90
2008.05.16 11:16:05.705,1.54715,1.54725,4.80,6.70
2008.05.16 11:16:05.863,1.54716,1.54726,6.00,2.40
2008.05.16 11:16:05.962,1.54719,1.54729,9.00,1.90
2008.05.16 11:16:08.094,1.54723,1.54733,2.40,7.70
2008.05.16 11:16:08.383,1.54729,1.54739,5.20,2.40
2008.05.16 11:16:08.652,1.54731,1.54746,12.00,2.40
2008.05.16 11:16:08.971,1.5474,1.54744,9.00,2.80
2008.05.16 11:16:09.595,1.54739,1.54749,6.00,2.40
2008.05.16 11:16:09.690,1.54734,1.54744,1.00,3.00
2008.05.16 11:16:10.012,1.54727,1.54737,1.00,6.00
2008.05.16 11:16:10.653,1.54721,1.54731,8.40,2.40
2008.05.16 11:16:12.576,1.54716,1.54726,13.80,6.00
2008.05.16 11:16:12.765,1.54712,1.54722,2.40,1.80
2008.05.16 11:16:13.008,1.54708,1.54718,1.00,4.80
2008.05.16 11:16:14.687,1.54706,1.54711,35.70,10.60
2008.05.16 11:16:15.028,1.54705,1.54709,2.40,2.90
2008.05.16 11:16:15.264,1.54703,1.54709,28.20,8.40
2008.05.16 11:16:15.498,1.54702,1.54707,4.80,9.00
2008.05.16 11:16:15.734,1.54701,1.54705,9.00,28.20
2008.05.16 11:16:17.134,1.54701,1.54705,3.60,5.40
2008.05.16 11:16:17.554,1.54701,1.54706,4.80,3.00
2008.05.16 11:16:18.196,1.54703,1.54707,4.80,10.20
2008.05.16 11:16:18.914,1.54704,1.54709,9.00,6.00
2008.05.16 11:16:19.059,1.54703,1.54708,13.20,5.40
2008.05.16 11:16:20.754,1.54702,1.54707,1.00,6.00
2008.05.16 11:16:21.095,1.54701,1.54711,6.00,4.20
2008.05.16 11:16:21.494,1.54701,1.54711,1.20,3.00
2008.05.16 11:16:22.620,1.547,1.5471,8.40,2.40
2008.05.16 11:16:22.786,1.54699,1.54709,3.00,11.50
2008.05.16 11:16:23.612,1.54698,1.54708,21.40,4.80
2008.05.16 11:16:23.759,1.54697,1.54707,3.60,22.80
2008.05.16 11:16:23.908,1.54698,1.54703,3.00,2.40
2008.05.16 11:16:24.059,1.54698,1.54703,2.40,1.20
2008.05.16 11:16:24.207,1.54698,1.54703,3.00,2.40
2008.05.16 11:16:24.562,1.54697,1.54702,2.50,9.60
2008.05.16 11:16:25.600,1.54697,1.54702,3.00,4.20
2008.05.16 11:16:28.287,1.54696,1.54701,10.20,3.60
2008.05.16 11:16:28.526,1.54696,1.54701,5.40,6.00
2008.05.16 11:16:29.362,1.54697,1.54702,16.20,2.40
2008.05.16 11:16:30.535,1.54699,1.54703,7.20,4.80
2008.05.16 11:16:30.734,1.547,1.54705,4.80,3.00
2008.05.16 11:16:30.937,1.54702,1.54706,21.90,2.40
2008.05.16 11:16:31.041,1.54702,1.54708,1.80,2.40
2008.05.16 11:16:31.242,1.547,1.54705,2.40,6.00
2008.05.16 11:16:31.342,1.54699,1.54704,5.40,7.20
2008.05.16 11:16:31.452,1.54698,1.54703,6.00,12.80
2008.05.16 11:16:31.552,1.54696,1.54702,2.40,5.40
2008.05.16 11:16:31.914,1.5469,1.547,3.00,9.30
2008.05.16 11:16:32.242,1.54685,1.54695,13.20,12.60
2008.05.16 11:16:32.583,1.54683,1.54687,10.20,3.60
2008.05.16 11:16:32.867,1.54675,1.54685,9.00,4.80
2008.05.16 11:16:33.434,1.54669,1.54679,8.40,6.60
2008.05.16 11:16:41.623,1.54666,1.54671,4.20,14.80
2008.05.16 11:16:41.759,1.54665,1.54669,2.40,2.40
2008.05.16 11:16:44.942,1.54669,1.54674,10.20,2.40
2008.05.16 11:16:45.122,1.54677,1.54682,8.40,4.80
2008.05.16 11:16:45.302,1.54685,1.5469,13.80,6.00
2008.05.16 11:16:45.482,1.54689,1.54699,4.80,13.20
2008.05.16 11:16:45.822,1.54698,1.54703,6.60,4.20
2008.05.16 11:16:46.163,1.54703,1.54708,7.80,2.40
2008.05.16 11:16:46.514,1.54704,1.54714,8.40,25.30
2008.05.16 11:16:46.738,1.54708,1.54718,21.00,1.80
2008.05.16 11:16:46.963,1.5471,1.5472,5.40,6.00
2008.05.16 11:16:47.188,1.54711,1.54721,18.30,10.20
2008.05.16 11:16:50.410,1.54715,1.5472,7.20,5.20
2008.05.16 11:16:50.694,1.54714,1.54724,7.20,4.80
2008.05.16 11:16:54.354,1.54714,1.54724,15.00,1.00
2008.05.16 11:16:54.398,1.54714,1.54724,1.80,6.00
2008.05.16 11:16:54.486,1.54712,1.54722,13.20,7.20
2008.05.16 11:16:54.707,1.54711,1.54721,7.20,4.80
2008.05.16 11:16:54.913,1.54705,1.54725,2.40,3.00
2008.05.16 11:16:58.012,1.54706,1.54721,12.60,9.60
2008.05.16 11:16:58.338,1.54707,1.54717,15.60,9.60
2008.05.16 11:16:58.498,1.54706,1.54716,45.60,4.80
2008.05.16 11:17:01.014,1.54706,1.54716,6.00,1.00
2008.05.16 11:17:01.250,1.54708,1.54718,1.20,1.00
2008.05.16 11:17:01.485,1.54709,1.54719,4.80,7.80
2008.05.16 11:17:01.721,1.54711,1.54721,4.80,3.00
2008.05.16 11:17:02.698,1.54712,1.54722,5.40,14.40
2008.05.16 11:17:04.634,1.54715,1.54725,25.20,1.00
2008.05.16 11:17:05.093,1.5472,1.5473,4.90,4.80
2008.05.16 11:17:05.289,1.54725,1.5473,6.00,11.70
2008.05.16 11:17:05.681,1.54725,1.5473,10.20,4.80
2008.05.16 11:17:10.292,1.54726,1.54731,9.00,2.40
2008.05.16 11:17:13.832,1.54725,1.5473,2.40,25.30
2008.05.16 11:17:14.517,1.54721,1.54731,10.20,7.80
2008.05.16 11:17:14.586,1.54719,1.54729,14.40,4.20
2008.05.16 11:17:14.653,1.54717,1.54727,7.20,9.60
2008.05.16 11:17:14.993,1.54717,1.54722,8.40,1.00
2008.05.16 11:17:15.334,1.54716,1.54721,4.80,4.80
2008.05.16 11:17:15.674,1.54716,1.54721,7.80,4.90
2008.05.16 11:17:16.018,1.54713,1.54723,9.20,2.40
2008.05.16 11:17:16.698,1.54717,1.54722,6.00,8.10
2008.05.16 11:17:17.038,1.54718,1.54723,2.40,1.00
2008.05.16 11:17:17.126,1.5472,1.54725,7.80,12.00
2008.05.16 11:17:17.213,1.54719,1.54729,10.20,1.80
2008.05.16 11:17:17.302,1.54723,1.54728,10.80,9.90
2008.05.16 11:17:17.389,1.54723,1.54728,6.60,6.40
2008.05.16 11:17:17.661,1.54725,1.5473,18.60,5.40
2008.05.16 11:17:17.749,1.54726,1.54731,6.60,13.80
2008.05.16 11:17:18.057,1.54725,1.54735,10.80,1.90
2008.05.16 11:17:18.978,1.54725,1.5473,15.00,4.20
2008.05.16 11:17:19.073,1.54724,1.54729,2.40,2.70
2008.05.16 11:17:19.169,1.5472,1.5473,36.00,7.20
2008.05.16 11:17:19.265,1.54715,1.54725,17.40,5.40
2008.05.16 11:17:19.361,1.54708,1.54723,4.80,6.60
2008.05.16 11:17:19.645,1.54707,1.54717,7.20,19.60
2008.05.16 11:17:19.741,1.54702,1.54712,4.80,8.20
2008.05.16 11:17:20.511,1.547,1.5471,2.40,3.00
2008.05.16 11:17:20.849,1.54701,1.54705,13.80,2.40
2008.05.16 11:17:21.033,1.54701,1.54706,3.00,2.40
2008.05.16 11:17:21.217,1.547,1.5471,2.40,2.40
2008.05.16 11:17:24.880,1.54705,1.54715,8.40,9.40
2008.05.16 11:17:25.011,1.54709,1.54719,16.20,4.80
2008.05.16 11:17:25.332,1.54712,1.54728,42.00,4.80
2008.05.16 11:17:25.650,1.5472,1.54735,2.40,7.80
2008.05.16 11:17:25.966,1.5473,1.5474,8.40,4.80
2008.05.16 11:17:26.283,1.54738,1.54748,3.00,11.40
2008.05.16 11:17:26.508,1.54742,1.54757,3.00,6.00
2008.05.16 11:17:26.730,1.54745,1.5476,4.80,9.30
2008.05.16 11:17:26.950,1.54742,1.54757,3.00,11.40
2008.05.16 11:17:27.017,1.54738,1.54748,22.80,9.00
2008.05.16 11:17:27.169,1.54733,1.54743,7.80,2.40
2008.05.16 11:17:28.406,1.54727,1.54742,8.40,1.80
2008.05.16 11:17:29.709,1.54725,1.5474,2.40,2.40
2008.05.16 11:17:30.038,1.54724,1.54739,4.80,1.00
2008.05.16 11:17:30.143,1.54725,1.54735,7.80,1.20
2008.05.16 11:17:30.245,1.54726,1.54736,2.40,2.40
2008.05.16 11:17:30.350,1.54725,1.5474,10.80,3.30
2008.05.16 11:17:30.453,1.54725,1.5474,4.20,3.00
2008.05.16 11:17:32.101,1.54727,1.54737,2.50,13.30
2008.05.16 11:17:32.201,1.54723,1.54738,4.80,2.40
2008.05.16 11:17:32.315,1.54722,1.54737,14.40,9.00
2008.05.16 11:17:32.415,1.54721,1.54736,6.00,2.40
2008.05.16 11:17:32.526,1.5472,1.54735,2.10,2.40
2008.05.16 11:17:34.129,1.54718,1.54733,3.00,2.40
2008.05.16 11:17:34.309,1.54718,1.54733,7.20,6.60
2008.05.16 11:17:34.490,1.5472,1.5473,18.90,4.80
2008.05.16 11:17:34.828,1.54718,1.54728,2.40,6.00
2008.05.16 11:17:35.145,1.54714,1.54729,5.40,2.40
2008.05.16 11:17:35.465,1.5472,1.54725,2.40,17.50
2008.05.16 11:17:35.691,1.54719,1.54729,8.40,5.80
2008.05.16 11:17:35.909,1.5472,1.5473,4.80,1.20
2008.05.16 11:17:36.126,1.54721,1.54731,4.80,11.40
2008.05.16 11:17:36.558,1.54722,1.54732,16.80,7.20
2008.05.16 11:17:36.898,1.54721,1.54731,8.80,8.80
2008.05.16 11:17:37.573,1.5472,1.5473,6.00,8.40
2008.05.16 11:17:37.722,1.54717,1.54727,10.80,16.60
2008.05.16 11:17:38.014,1.54714,1.54724,3.00,34.70
2008.05.16 11:17:38.162,1.5471,1.5472,1.80,5.20
2008.05.16 11:17:41.674,1.54704,1.54714,3.00,3.00
2008.05.16 11:17:42.017,1.54698,1.54703,8.40,6.60
2008.05.16 11:17:42.134,1.54689,1.54694,7.20,5.40
2008.05.16 11:17:42.195,1.54684,1.54694,11.40,1.00
2008.05.16 11:17:42.333,1.54689,1.54694,8.40,7.20
2008.05.16 11:17:42.446,1.54694,1.54699,7.20,1.00
2008.05.16 11:17:42.493,1.54698,1.54702,7.80,7.90
2008.05.16 11:17:42.541,1.54694,1.54709,14.40,1.00
2008.05.16 11:17:43.002,1.54694,1.5471,1.20,7.80
2008.05.16 11:17:43.261,1.54698,1.54708,22.80,2.40
2008.05.16 11:17:43.886,1.54702,1.54707,29.70,2.40
2008.05.16 11:17:44.101,1.54704,1.54708,3.00,11.50
2008.05.16 11:17:44.217,1.54706,1.54711,5.40,8.40
2008.05.16 11:17:44.329,1.54708,1.54713,3.60,6.80
2008.05.16 11:17:44.438,1.54713,1.54718,9.00,2.40
2008.05.16 11:17:44.546,1.54715,1.5472,33.00,2.40
2008.05.16 11:17:44.656,1.54716,1.54721,3.60,6.00
2008.05.16 11:17:44.765,1.54716,1.54721,2.40,12.00
2008.05.16 11:17:44.874,1.54717,1.54722,6.00,4.20
2008.05.16 11:17:45.556,1.54718,1.54724,16.20,7.20
2008.05.16 11:17:45.897,1.54717,1.54722,1.20,4.80
2008.05.16 11:17:46.185,1.54716,1.54721,16.20,4.80
2008.05.16 11:17:46.473,1.54717,1.54721,8.40,2.40
2008.05.16 11:17:47.282,1.54715,1.54725,21.00,14.40
2008.05.16 11:17:47.511,1.5472,1.54725,3.60,2.40
2008.05.16 11:17:47.742,1.54721,1.54726,4.80,11.70
2008.05.16 11:17:47.971,1.54722,1.54727,6.00,2.40
2008.05.16 11:17:48.201,1.54724,1.54729,12.60,31.00
2008.05.16 11:17:48.401,1.54725,1.5473,6.00,6.00
2008.05.16 11:17:48.603,1.54723,1.54733,7.20,3.00
2008.05.16 11:17:48.801,1.54719,1.54734,7.20,5.40
2008.05.16 11:17:49.001,1.54718,1.54728,1.20,8.40
2008.05.16 11:17:49.202,1.54714,1.54724,1.20,7.20
2008.05.16 11:17:49.525,1.54709,1.54719,2.40,2.40
2008.05.16 11:17:49.847,1.54705,1.54715,16.20,3.10
2008.05.16 11:17:50.187,1.54701,1.54716,10.20,4.80
2008.05.16 11:17:50.505,1.54704,1.54714,6.00,2.40
2008.05.16 11:17:50.882,1.54705,1.54715,7.20,1.80
2008.05.16 11:17:51.041,1.54706,1.54716,6.60,4.80
2008.05.16 11:17:51.201,1.54709,1.54719,1.80,8.70
2008.05.16 11:17:51.697,1.54708,1.54723,6.00,1.80
2008.05.16 11:17:52.593,1.54711,1.54726,2.40,2.40
2008.05.16 11:17:52.813,1.54712,1.54727,3.00,1.00
2008.05.16 11:17:53.033,1.54714,1.54729,5.40,1.20
2008.05.16 11:17:53.253,1.54715,1.5473,2.40,16.20
2008.05.16 11:17:53.474,1.54714,1.54734,1.80,8.40
2008.05.16 11:17:55.560,1.54719,1.54734,6.00,8.40
2008.05.16 11:17:55.669,1.5472,1.54735,5.40,9.60
2008.05.16 11:17:55.893,1.54722,1.54736,24.30,12.40
2008.05.16 11:18:01.630,1.54704,1.5472,6.00,8.40
2008.05.16 11:18:02.510,1.54708,1.54718,1.80,14.50
2008.05.16 11:18:02.745,1.5471,1.5472,4.80,12.60
2008.05.16 11:18:02.981,1.54714,1.54724,22.80,1.90
2008.05.16 11:18:03.217,1.54715,1.54725,2.40,1.80
2008.05.16 11:18:06.218,1.54717,1.54727,5.40,1.00
2008.05.16 11:18:06.308,1.5472,1.5473,2.40,1.20
2008.05.16 11:18:06.543,1.54719,1.54734,10.20,4.80
2008.05.16 11:18:08.770,1.54723,1.54733,34.30,2.40
2008.05.16 11:18:08.925,1.54724,1.54734,13.90,1.80
2008.05.16 11:18:09.105,1.54725,1.54735,20.00,1.00
2008.05.16 11:18:10.414,1.54725,1.54735,5.40,4.80
2008.05.16 11:18:10.505,1.54726,1.54731,3.00,6.00
2008.05.16 11:18:10.680,1.54725,1.54735,7.20,1.00
2008.05.16 11:18:10.854,1.54726,1.54736,9.00,4.80
2008.05.16 11:18:12.258,1.54723,1.54738,10.80,17.80
2008.05.16 11:18:13.991,1.54723,1.54733,9.00,6.00
2008.05.16 11:18:14.150,1.54724,1.5473,1.00,8.40
2008.05.16 11:18:14.471,1.54721,1.54731,2.40,19.20
2008.05.16 11:18:15.774,1.54717,1.54727,4.80,4.80
2008.05.16 11:18:16.093,1.54715,1.54725,9.00,3.00
2008.05.16 11:18:16.174,1.54714,1.54724,2.40,4.00
2008.05.16 11:18:16.254,1.5471,1.5472,2.40,14.10
2008.05.16 11:18:16.333,1.54705,1.54715,4.80,11.80
2008.05.16 11:18:16.489,1.54697,1.54712,4.20,17.30
2008.05.16 11:18:16.570,1.54694,1.54704,16.80,4.80
2008.05.16 11:18:17.065,1.54693,1.54703,7.80,9.00
2008.05.16 11:18:17.742,1.54698,1.54708,4.80,11.40
2008.05.16 11:18:18.081,1.54703,1.54718,3.00,9.00
2008.05.16 11:18:19.361,1.54712,1.54722,1.20,7.20
2008.05.16 11:18:19.661,1.54716,1.54726,6.00,3.00
2008.05.16 11:18:19.961,1.54718,1.54733,3.00,11.50
2008.05.16 11:18:21.277,1.54719,1.54734,1.20,7.80
2008.05.16 11:18:21.497,1.54722,1.54732,7.80,7.80
2008.05.16 11:18:21.573,1.54721,1.54731,6.00,5.40
2008.05.16 11:18:21.649,1.54719,1.54729,2.40,19.00
2008.05.16 11:18:21.797,1.54718,1.54728,6.00,2.40
2008.05.16 11:18:21.949,1.54714,1.54729,6.00,1.80
2008.05.16 11:18:22.025,1.54714,1.54729,4.80,3.00
2008.05.16 11:18:22.101,1.54714,1.54729,3.60,4.20
2008.05.16 11:18:22.365,1.54717,1.54731,13.80,1.00
2008.05.16 11:18:24.384,1.54717,1.54733,4.80,7.80
2008.05.16 11:18:29.076,1.54722,1.54737,12.10,4.20
2008.05.16 11:18:33.293,1.54726,1.54741,6.60,4.20
2008.05.16 11:18:36.485,1.54734,1.5475,3.00,2.10
2008.05.16 11:18:36.521,1.54741,1.54756,5.40,9.00
2008.05.16 11:18:36.558,1.54745,1.54759,1.20,26.70
2008.05.16 11:18:36.689,1.54739,1.54755,9.00,1.20
2008.05.16 11:18:36.761,1.54733,1.54748,19.80,4.80
2008.05.16 11:18:37.717,1.54727,1.54743,7.80,4.80
2008.05.16 11:18:41.112,1.54724,1.54738,8.40,17.17
2008.05.16 11:18:41.316,1.54721,1.54736,21.20,3.60
2008.05.16 11:18:42.822,1.54725,1.5473,7.20,1.20
2008.05.16 11:18:43.037,1.54724,1.54728,24.00,10.20
2008.05.16 11:18:43.253,1.54721,1.54731,10.60,7.80
2008.05.16 11:18:43.557,1.54725,1.5473,5.40,6.60
2008.05.16 11:18:43.873,1.54724,1.54734,2.40,4.80
2008.05.16 11:18:48.789,1.54727,1.54732,25.30,10.20
2008.05.16 11:18:48.925,1.54728,1.54733,4.80,7.20
2008.05.16 11:18:49.201,1.54727,1.54737,4.80,4.20
2008.05.16 11:18:49.748,1.54728,1.54738,6.00,15.00
2008.05.16 11:18:51.126,1.54729,1.54739,4.80,7.20
2008.05.16 11:18:51.405,1.54731,1.54741,2.40,8.20
2008.05.16 11:18:51.837,1.54728,1.54738,9.00,2.40
2008.05.16 11:18:56.179,1.54729,1.54734,2.40,3.70
2008.05.16 11:18:56.444,1.54727,1.54732,3.00,8.40
2008.05.16 11:18:56.706,1.54721,1.54731,5.40,2.40
2008.05.16 11:18:56.965,1.54717,1.54727,33.00,2.40
2008.05.16 11:18:57.420,1.54711,1.54721,8.40,2.40
2008.05.16 11:18:57.564,1.54706,1.54722,6.00,16.90
2008.05.16 11:19:02.935,1.54708,1.54712,5.40,11.10
2008.05.16 11:19:03.164,1.54706,1.54711,2.40,2.40
2008.05.16 11:19:03.394,1.54705,1.5471,7.80,9.00
2008.05.16 11:19:03.660,1.54701,1.54711,10.20,5.40
2008.05.16 11:19:04.017,1.54702,1.54707,8.40,11.40
2008.05.16 11:19:04.609,1.54699,1.54709,6.00,12.80
2008.05.16 11:19:05.286,1.54698,1.54708,5.40,1.20
2008.05.16 11:19:05.352,1.54697,1.54707,2.40,7.00
2008.05.16 11:19:13.132,1.54695,1.54705,7.80,15.40
2008.05.16 11:19:14.240,1.54695,1.54705,1.20,6.60
2008.05.16 11:19:14.424,1.54697,1.54707,4.80,7.20
2008.05.16 11:19:14.540,1.54699,1.54709,2.40,3.00
2008.05.16 11:19:14.914,1.54701,1.54711,8.40,1.00
2008.05.16 11:19:15.097,1.54705,1.5471,7.80,6.60
2008.05.16 11:19:15.253,1.54706,1.54711,1.20,8.20
2008.05.16 11:19:17.517,1.54708,1.54713,4.80,3.70
2008.05.16 11:19:17.560,1.54708,1.54713,2.40,6.70
2008.05.16 11:19:17.844,1.54708,1.54713,4.90,5.40
2008.05.16 11:19:18.092,1.54705,1.54715,6.00,1.00
2008.05.16 11:19:18.225,1.54704,1.54714,1.80,11.10
2008.05.16 11:19:18.567,1.54705,1.54715,3.60,3.00
2008.05.16 11:19:18.908,1.54708,1.54718,8.40,8.40
2008.05.16 11:19:19.248,1.54709,1.54719,2.40,2.40
2008.05.16 11:19:19.492,1.54714,1.54724,11.40,2.50
2008.05.16 11:19:19.736,1.54722,1.54727,4.80,7.20
2008.05.16 11:19:19.980,1.54727,1.54737,2.40,2.40
2008.05.16 11:19:20.224,1.54735,1.54745,4.80,1.80
2008.05.16 11:19:20.468,1.54737,1.54747,2.40,6.20
2008.05.16 11:19:20.808,1.54732,1.54742,5.40,3.00
2008.05.16 11:19:21.152,1.54725,1.54735,10.80,9.00
2008.05.16 11:19:21.492,1.54716,1.54731,10.20,5.40
2008.05.16 11:19:21.770,1.5471,1.54725,1.00,11.50
2008.05.16 11:19:22.048,1.54707,1.54717,6.00,6.00
2008.05.16 11:19:22.324,1.547,1.54715,19.50,7.90
2008.05.16 11:19:22.528,1.54697,1.54707,10.80,6.60
2008.05.16 11:19:22.732,1.54692,1.54706,14.40,2.40
2008.05.16 11:19:24.248,1.5469,1.547,7.20,10.80
2008.05.16 11:19:24.477,1.54688,1.54698,15.00,1.00
2008.05.16 11:19:24.664,1.54684,1.54699,8.40,4.20
2008.05.16 11:19:24.853,1.54686,1.54702,4.80,7.20
2008.05.16 11:19:25.066,1.54691,1.54701,2.40,20.40
2008.05.16 11:19:25.732,1.54693,1.54703,22.20,3.00
2008.05.16 11:19:25.973,1.54698,1.54708,21.00,7.20
2008.05.16 11:19:26.210,1.547,1.54715,6.00,11.40
2008.05.16 11:19:27.512,1.54702,1.54717,4.80,1.00
2008.05.16 11:19:27.580,1.54706,1.54716,1.00,2.80
2008.05.16 11:19:27.804,1.54704,1.54719,3.00,2.40
2008.05.16 11:19:27.942,1.54708,1.54718,2.40,1.50
2008.05.16 11:19:28.079,1.54706,1.54716,14.40,10.90
2008.05.16 11:19:28.216,1.54702,1.54717,7.50,7.80
2008.05.16 11:19:28.352,1.547,1.54715,9.00,6.10
2008.05.16 11:19:29.159,1.54699,1.54714,10.80,9.00
2008.05.16 11:19:29.500,1.547,1.5471,1.80,4.80
2008.05.16 11:19:29.840,1.54696,1.54711,2.40,9.10
2008.05.16 11:19:30.346,1.54695,1.5471,15.60,7.20
2008.05.16 11:19:30.497,1.54699,1.54704,6.00,2.40
2008.05.16 11:19:30.641,1.54698,1.54703,11.00,5.40
2008.05.16 11:19:30.745,1.54698,1.54703,2.40,2.70
2008.05.16 11:19:30.849,1.54697,1.54707,1.00,12.00
2008.05.16 11:19:30.952,1.54698,1.54708,15.00,7.20
2008.05.16 11:19:31.056,1.54701,1.54711,10.80,11.80
2008.05.16 11:19:31.263,1.54701,1.54716,24.00,3.00
2008.05.16 11:19:31.916,1.54702,1.54717,8.40,1.80
2008.05.16 11:19:32.256,1.54703,1.54718,23.20,1.00
2008.05.16 11:19:32.933,1.54704,1.54719,2.40,8.40
2008.05.16 11:19:33.273,1.54708,1.54718,9.00,1.20
2008.05.16 11:19:33.750,1.54704,1.54719,1.00,8.40
2008.05.16 11:19:34.015,1.54708,1.54713,4.80,14.50
2008.05.16 11:19:34.152,1.54706,1.54711,3.60,6.00
2008.05.16 11:19:34.289,1.54705,1.5471,3.00,4.80
2008.05.16 11:19:34.424,1.54701,1.54711,6.80,18.00
2008.05.16 11:19:34.560,1.54701,1.54711,7.80,8.20
2008.05.16 11:19:34.696,1.54698,1.54713,4.80,4.00
2008.05.16 11:19:34.754,1.54705,1.5471,8.40,1.80
2008.05.16 11:19:35.012,1.54701,1.54716,21.60,4.80
2008.05.16 11:19:35.328,1.54702,1.54717,2.40,8.80
2008.05.16 11:19:35.643,1.54703,1.54719,1.20,7.90
2008.05.16 11:19:37.449,1.54705,1.5472,5.40,4.80
2008.05.16 11:19:40.294,1.54708,1.54713,2.40,14.10
2008.05.16 11:19:40.413,1.54705,1.5471,1.20,6.60
2008.05.16 11:19:40.648,1.54698,1.54703,36.00,7.20
2008.05.16 11:19:40.767,1.54688,1.54698,14.40,17.60
2008.05.16 11:19:40.888,1.54678,1.54688,3.00,22.90
2008.05.16 11:19:41.008,1.54676,1.5468,6.00,6.40
2008.05.16 11:19:41.128,1.54675,1.5468,5.40,3.00
2008.05.16 11:19:41.643,1.54678,1.54683,6.00,1.90
2008.05.16 11:19:41.906,1.5468,1.5469,4.80,4.80
2008.05.16 11:19:42.165,1.54685,1.54695,1.20,7.60
2008.05.16 11:19:42.311,1.54692,1.54696,4.80,11.20
2008.05.16 11:19:48.873,1.54693,1.54698,2.40,1.80
2008.05.16 11:19:49.016,1.54692,1.54702,3.00,3.60
2008.05.16 11:19:49.160,1.54695,1.547,21.00,1.00
2008.05.16 11:19:49.444,1.54696,1.54701,4.80,2.40
2008.05.16 11:19:49.587,1.54695,1.54705,4.80,4.20
2008.05.16 11:19:49.828,1.54697,1.54707,3.60,5.40
2008.05.16 11:19:50.070,1.54698,1.54708,21.00,4.80
2008.05.16 11:19:50.544,1.54699,1.54709,2.40,6.00
2008.05.16 11:19:51.267,1.54704,1.54709,13.80,1.00
2008.05.16 11:19:51.452,1.54705,1.54715,8.40,4.80
2008.05.16 11:19:51.637,1.54712,1.54717,15.30,2.40
2008.05.16 11:19:54.940,1.54717,1.54722,4.80,7.20
2008.05.16 11:19:55.195,1.54719,1.54729,7.20,5.40
2008.05.16 11:19:55.447,1.54721,1.54731,7.20,4.20
2008.05.16 11:19:55.917,1.54721,1.54731,2.40,8.80
2008.05.16 11:19:56.108,1.54722,1.54727,8.40,15.30
2008.05.16 11:19:56.296,1.54716,1.54726,2.40,2.40
2008.05.16 11:19:56.668,1.54711,1.54721,2.40,11.40
2008.05.16 11:19:56.871,1.54709,1.54719,3.00,6.00
2008.05.16 11:20:01.733,1.54702,1.54706,7.20,4.20
2008.05.16 11:20:02.096,1.54694,1.54699,6.00,8.40
2008.05.16 11:20:02.393,1.54685,1.54695,4.80,4.80
2008.05.16 11:20:02.745,1.5468,1.54685,8.40,46.90
2008.05.16 11:20:03.033,1.54674,1.54684,20.40,6.00
2008.05.16 11:20:03.320,1.5467,1.54685,2.40,6.00
2008.05.16 11:20:10.872,1.54669,1.54684,8.40,1.00
2008.05.16 11:20:11.010,1.54671,1.54681,8.40,6.90
2008.05.16 11:20:12.325,1.54673,1.54683,6.00,6.60
2008.05.16 11:20:12.490,1.54674,1.54684,13.80,4.80
2008.05.16 11:20:12.653,1.54674,1.54684,3.40,6.10
2008.05.16 11:20:13.217,1.54675,1.5468,6.00,13.30
2008.05.16 11:20:13.393,1.54674,1.54679,5.40,16.80
2008.05.16 11:20:13.569,1.54673,1.54678,2.40,4.80
2008.05.16 11:20:13.745,1.54669,1.54679,3.60,4.20
2008.05.16 11:20:13.920,1.54668,1.54678,7.80,4.80
2008.05.16 11:20:16.722,1.5467,1.54676,7.80,7.90
2008.05.16 11:20:19.751,1.54672,1.54678,4.20,10.20
2008.05.16 11:20:21.094,1.54674,1.54679,6.00,12.00
2008.05.16 11:20:21.257,1.54675,1.5468,10.20,1.20
2008.05.16 11:20:21.434,1.54674,1.54684,1.20,2.70
2008.05.16 11:20:22.449,1.54678,1.54683,2.40,1.20
2008.05.16 11:20:22.737,1.54679,1.54684,13.60,15.40
2008.05.16 11:20:23.025,1.54682,1.54687,2.40,4.80
2008.05.16 11:20:30.278,1.54686,1.54691,16.20,17.40
2008.05.16 11:20:30.513,1.54687,1.54693,19.60,2.70
2008.05.16 11:20:30.673,1.54693,1.54698,4.80,8.10
2008.05.16 11:20:30.833,1.54698,1.54702,11.40,2.70
2008.05.16 11:20:30.994,1.547,1.5471,10.20,7.80
2008.05.16 11:20:31.155,1.54708,1.54718,2.40,8.50
2008.05.16 11:20:31.887,1.54719,1.54724,1.20,4.50
2008.05.16 11:20:32.097,1.54724,1.54734,6.60,7.20
2008.05.16 11:20:32.510,1.54726,1.54736,4.80,1.20
2008.05.16 11:20:32.893,1.5472,1.5473,6.00,2.40
2008.05.16 11:20:33.640,1.54715,1.5472,21.60,4.80
2008.05.16 11:20:34.213,1.54708,1.54713,17.40,9.70
2008.05.16 11:20:34.501,1.54701,1.54706,10.00,5.40
2008.05.16 11:20:34.920,1.54694,1.54704,1.00,2.50
2008.05.16 11:20:35.069,1.54689,1.54704,12.60,2.40
2008.05.16 11:20:35.204,1.54689,1.54704,17.40,5.40
2008.05.16 11:20:35.340,1.5469,1.547,3.00,6.00
2008.05.16 11:20:35.479,1.5469,1.547,3.60,1.00
2008.05.16 11:20:35.956,1.54694,1.54698,21.00,1.00
2008.05.16 11:20:36.303,1.54694,1.54699,7.20,4.80
2008.05.16 11:20:36.639,1.54693,1.54698,6.00,1.80
2008.05.16 11:20:36.978,1.54694,1.54699,3.60,2.40
2008.05.16 11:20:39.521,1.54696,1.54701,1.00,8.50
2008.05.16 11:20:39.777,1.54696,1.54701,2.40,1.80
2008.05.16 11:20:42.012,1.54697,1.54702,7.80,4.80
2008.05.16 11:20:42.636,1.54696,1.54706,3.60,2.40
2008.05.16 11:20:42.766,1.54697,1.54707,2.40,4.80
2008.05.16 11:20:42.894,1.54697,1.54707,9.00,3.40
2008.05.16 11:20:43.880,1.54695,1.54705,18.60,4.80
2008.05.16 11:20:44.058,1.54693,1.54703,22.80,16.60
2008.05.16 11:20:44.344,1.54691,1.54701,4.80,6.00
2008.05.16 11:20:45.400,1.54684,1.547,2.40,4.50
2008.05.16 11:20:47.128,1.54682,1.54692,2.40,6.00
2008.05.16 11:20:47.755,1.54677,1.54687,13.20,4.80
2008.05.16 11:20:47.971,1.54675,1.54679,25.20,5.40
2008.05.16 11:20:48.061,1.54664,1.54674,2.40,4.00
2008.05.16 11:20:48.992,1.54656,1.54666,1.80,4.80
2008.05.16 11:20:49.930,1.54643,1.54658,16.20,4.80
2008.05.16 11:20:50.472,1.54634,1.54649,2.40,5.40
2008.05.16 11:20:50.552,1.54634,1.54644,6.00,2.80
2008.05.16 11:20:50.632,1.5464,1.5465,9.00,4.80
2008.05.16 11:20:50.803,1.54647,1.54657,2.10,7.20
2008.05.16 11:20:50.972,1.54655,1.54665,3.00,3.00
2008.05.16 11:20:51.151,1.54661,1.54671,5.40,3.00
2008.05.16 11:20:51.320,1.54663,1.54678,2.40,11.40
2008.05.16 11:20:51.652,1.54668,1.54683,4.80,15.70
2008.05.16 11:20:51.820,1.54674,1.54684,5.80,3.00
2008.05.16 11:20:52.161,1.54675,1.54685,2.40,10.20
2008.05.16 11:20:52.500,1.54677,1.54687,1.00,8.80
2008.05.16 11:20:52.841,1.54678,1.54688,7.80,13.80
2008.05.16 11:20:53.324,1.5468,1.5469,15.00,3.00
2008.05.16 11:20:53.568,1.54681,1.54691,2.40,2.40
2008.05.16 11:20:53.826,1.54683,1.54693,11.40,3.00
2008.05.16 11:20:54.966,1.54681,1.54691,16.20,11.20
2008.05.16 11:20:55.094,1.54681,1.54686,6.60,4.80
2008.05.16 11:20:55.344,1.54677,1.54682,14.40,12.00
2008.05.16 11:20:57.050,1.54673,1.54678,2.40,2.40
2008.05.16 11:20:58.614,1.54665,1.5467,9.60,9.00
2008.05.16 11:20:58.961,1.54659,1.54669,18.60,6.60
2008.05.16 11:21:06.278,1.54666,1.5467,21.30,1.00
2008.05.16 11:21:06.548,1.54662,1.54667,10.20,8.80
2008.05.16 11:21:06.816,1.54656,1.54666,13.80,4.80
2008.05.16 11:21:07.962,1.54652,1.54667,8.40,17.80
2008.05.16 11:21:08.207,1.54656,1.54661,6.60,4.80
2008.05.16 11:21:08.467,1.54655,1.5466,3.00,2.40
2008.05.16 11:21:09.098,1.5465,1.5466,10.20,3.00
2008.05.16 11:21:09.429,1.5465,1.5466,3.00,2.70
2008.05.16 11:21:09.594,1.54651,1.54656,7.20,9.60
2008.05.16 11:21:10.412,1.54647,1.54657,20.70,3.60
2008.05.16 11:21:10.757,1.54646,1.54656,4.80,10.20
2008.05.16 11:21:11.114,1.54649,1.54654,12.60,9.60
2008.05.16 11:21:13.872,1.5465,1.54655,1.00,6.10
2008.05.16 11:21:15.670,1.5465,1.54656,1.20,4.60
2008.05.16 11:21:15.855,1.5465,1.54654,4.20,2.80
2008.05.16 11:21:16.038,1.54648,1.54653,3.60,6.80
2008.05.16 11:21:16.222,1.54647,1.54652,5.40,13.20
2008.05.16 11:21:16.588,1.54648,1.54653,2.40,18.50
2008.05.16 11:21:16.927,1.5465,1.54654,2.40,6.00
2008.05.16 11:21:17.267,1.54653,1.54658,3.60,9.00
2008.05.16 11:21:17.607,1.54655,1.5467,1.00,8.40
2008.05.16 11:21:17.970,1.54665,1.54675,3.00,3.00
2008.05.16 11:21:18.154,1.54667,1.54677,6.00,2.40
2008.05.16 11:21:18.338,1.54662,1.54678,1.00,9.60
2008.05.16 11:21:18.522,1.54658,1.54673,12.60,7.80
2008.05.16 11:21:18.862,1.54654,1.54669,3.00,4.80
2008.05.16 11:21:19.538,1.54654,1.54664,4.80,2.40
2008.05.16 11:21:19.880,1.5465,1.54665,2.40,2.40
2008.05.16 11:21:20.738,1.54651,1.54661,11.40,2.40
2008.05.16 11:21:22.389,1.54651,1.54661,7.20,5.40
2008.05.16 11:21:22.722,1.5465,1.5466,9.00,9.40
2008.05.16 11:21:24.619,1.54648,1.54663,9.00,3.00
2008.05.16 11:21:24.886,1.54653,1.54658,3.00,4.80
2008.05.16 11:21:28.118,1.54649,1.54659,2.40,6.60
2008.05.16 11:21:31.402,1.54646,1.54656,2.40,10.20
2008.05.16 11:21:31.518,1.54643,1.54653,6.60,15.30
2008.05.16 11:21:33.664,1.54637,1.54647,17.40,6.00
2008.05.16 11:21:37.069,1.54629,1.54639,10.20,4.80
2008.05.16 11:21:37.978,1.54619,1.54629,2.40,5.40
2008.05.16 11:21:39.422,1.54612,1.54616,20.40,6.10
2008.05.16 11:21:44.401,1.54605,1.54615,22.80,3.00
2008.05.16 11:21:44.894,1.54613,1.54618,7.20,1.80
2008.05.16 11:21:48.274,1.54617,1.54627,4.80,5.20
2008.05.16 11:21:51.514,1.54626,1.54632,8.40,2.40
2008.05.16 11:21:51.571,1.54634,1.54639,10.80,13.00
2008.05.16 11:21:51.683,1.54638,1.54643,10.20,4.80
2008.05.16 11:21:51.855,1.54639,1.54649,4.80,1.80
2008.05.16 11:21:51.910,1.54644,1.54648,1.20,2.70
2008.05.16 11:21:52.031,1.54643,1.54653,6.00,6.00
2008.05.16 11:21:52.419,1.54642,1.54656,4.20,10.20
2008.05.16 11:21:54.582,1.54644,1.54654,4.80,1.00
2008.05.16 11:21:54.682,1.54643,1.54653,7.50,17.20
2008.05.16 11:21:54.783,1.5464,1.5465,12.60,9.70
2008.05.16 11:21:54.882,1.54639,1.54649,13.60,4.80
2008.05.16 11:21:57.498,1.54636,1.54646,6.00,8.40
2008.05.16 11:21:57.826,1.54632,1.54642,4.80,7.20
2008.05.16 11:21:59.638,1.54628,1.54638,21.60,2.40
2008.05.16 11:21:59.778,1.54627,1.54637,6.00,1.00
2008.05.16 11:22:05.385,1.54623,1.54633,1.20,2.40
2008.05.16 11:22:05.489,1.54623,1.54633,4.80,16.20
2008.05.16 11:22:09.689,1.54621,1.54631,13.20,9.60
2008.05.16 11:22:17.757,1.5462,1.5463,2.40,7.20
2008.05.16 11:22:18.100,1.54622,1.54627,2.40,1.00
2008.05.16 11:22:18.689,1.54625,1.54631,1.00,7.20
2008.05.16 11:22:19.104,1.54628,1.54638,2.40,1.20
2008.05.16 11:22:20.457,1.54635,1.54645,1.00,2.40
2008.05.16 11:22:20.602,1.54644,1.54654,6.00,9.00
2008.05.16 11:22:20.746,1.54644,1.54654,1.00,8.40
2008.05.16 11:22:21.174,1.5464,1.54645,3.60,8.80
2008.05.16 11:22:21.319,1.5463,1.54636,12.00,3.00
2008.05.16 11:22:21.614,1.54621,1.54631,7.20,4.80
2008.05.16 11:22:21.821,1.54614,1.54624,11.40,1.80
2008.05.16 11:22:29.505,1.5461,1.5462,10.20,4.80
2008.05.16 11:22:33.135,1.54606,1.54616,6.00,1.00
2008.05.16 11:22:33.242,1.54608,1.54612,2.40,1.00
2008.05.16 11:22:36.026,1.54601,1.54611,28.20,3.00
2008.05.16 11:22:37.420,1.54595,1.54605,5.40,15.40
2008.05.16 11:22:42.607,1.54594,1.54598,16.20,1.20
2008.05.16 11:22:43.008,1.54584,1.54594,11.70,9.00
2008.05.16 11:22:44.526,1.54583,1.54593,7.20,9.60
2008.05.16 11:22:44.713,1.54588,1.54598,2.40,6.60
2008.05.16 11:22:45.107,1.54596,1.54606,10.20,20.70
2008.05.16 11:22:45.328,1.54606,1.54611,5.40,1.50
2008.05.16 11:22:46.221,1.54607,1.54617,9.60,1.00
2008.05.16 11:22:46.497,1.54611,1.54621,2.40,6.00
2008.05.16 11:22:55.642,1.54613,1.54623,15.00,4.20
2008.05.16 11:22:56.749,1.54616,1.5462,8.40,10.80
2008.05.16 11:22:56.883,1.54616,1.54621,5.40,1.80
2008.05.16 11:22:56.949,1.54614,1.54619,19.20,9.00
2008.05.16 11:22:57.273,1.5461,1.5462,4.80,7.60
2008.05.16 11:22:57.405,1.54609,1.54619,1.00,2.40
2008.05.16 11:22:57.875,1.5461,1.54615,5.40,2.40
2008.05.16 11:22:58.229,1.5461,1.54615,12.00,6.10
2008.05.16 11:22:59.002,1.54609,1.54613,5.40,6.00
2008.05.16 11:23:17.029,1.54608,1.54612,6.00,7.40
2008.05.16 11:23:17.343,1.54607,1.54612,2.40,10.30
2008.05.16 11:23:18.822,1.54606,1.54611,5.00,2.40
2008.05.16 11:23:19.115,1.54604,1.54614,10.20,3.00
2008.05.16 11:23:19.263,1.54608,1.54613,1.00,8.80
2008.05.16 11:23:23.223,1.5461,1.54615,8.00,5.40
2008.05.16 11:23:23.566,1.54609,1.54619,24.00,4.80
2008.05.16 11:23:23.907,1.54614,1.54619,2.40,8.50
2008.05.16 11:23:24.375,1.5462,1.54625,2.40,11.10
2008.05.16 11:23:25.619,1.54625,1.5463,9.00,2.40
2008.05.16 11:23:26.015,1.54633,1.54637,1.00,19.00
2008.05.16 11:23:27.202,1.54639,1.54644,2.90,7.20
2008.05.16 11:23:37.374,1.54642,1.54646,4.20,12.21
2008.05.16 11:23:37.475,1.54634,1.54644,13.90,1.20
2008.05.16 11:23:37.768,1.54627,1.54642,1.20,2.40
2008.05.16 11:23:37.963,1.54625,1.54635,7.80,11.40
2008.05.16 11:23:38.254,1.54621,1.54631,2.40,1.80
2008.05.16 11:23:38.595,1.54616,1.54626,4.20,4.20
2008.05.16 11:23:38.935,1.5461,1.54626,26.70,4.00
2008.05.16 11:23:40.780,1.54609,1.54624,1.80,11.10
2008.05.16 11:23:40.968,1.54607,1.54622,6.00,7.40
2008.05.16 11:23:43.312,1.54605,1.5462,7.20,5.40
2008.05.16 11:23:43.658,1.54604,1.54619,1.00,6.40
2008.05.16 11:23:44.207,1.54606,1.54611,14.40,7.20
2008.05.16 11:23:44.471,1.54601,1.54611,5.40,4.80
2008.05.16 11:23:44.730,1.54597,1.54612,8.80,8.40
2008.05.16 11:23:46.006,1.54595,1.5461,1.00,6.70
2008.05.16 11:23:46.462,1.54594,1.54609,12.80,4.80
2008.05.16 11:23:46.891,1.54592,1.54602,21.00,14.40
2008.05.16 11:23:46.995,1.54588,1.54598,6.00,5.70
2008.05.16 11:23:47.051,1.54583,1.54593,2.40,6.60
2008.05.16 11:23:47.160,1.54581,1.54591,6.00,9.10
2008.05.16 11:23:47.231,1.54585,1.54599,12.00,5.40
2008.05.16 11:23:47.742,1.54589,1.54609,6.60,11.50
2008.05.16 11:23:48.840,1.54598,1.54614,2.40,12.00
2008.05.16 11:23:48.998,1.54603,1.54618,7.20,7.80
2008.05.16 11:23:49.159,1.54606,1.54622,5.40,9.00
2008.05.16 11:23:49.319,1.54608,1.54623,6.30,2.40
2008.05.16 11:23:49.652,1.54609,1.54624,1.00,8.80
2008.05.16 11:23:49.819,1.5461,1.54625,10.20,4.80
2008.05.16 11:23:49.987,1.54609,1.54624,5.40,2.10
2008.05.16 11:23:50.167,1.54608,1.54623,8.40,4.50
2008.05.16 11:23:50.651,1.54606,1.54621,9.00,16.80
2008.05.16 11:23:52.071,1.54605,1.5462,2.40,8.40
2008.05.16 11:23:55.816,1.54603,1.54618,6.60,2.40
2008.05.16 11:23:56.155,1.54605,1.54615,1.20,2.40
2008.05.16 11:23:56.495,1.54604,1.54614,2.40,6.10
2008.05.16 11:23:56.837,1.54608,1.54613,9.00,6.10
2008.05.16 11:23:57.096,1.54608,1.54613,10.80,3.30
2008.05.16 11:23:57.355,1.54606,1.54616,1.20,8.40
2008.05.16 11:23:57.619,1.54605,1.54615,4.80,13.20
2008.05.16 11:24:05.605,1.54623,1.54633,19.20,15.40
2008.05.16 11:24:05.704,1.54622,1.54627,6.00,6.00
2008.05.16 11:24:06.009,1.54618,1.54623,3.00,3.00
2008.05.16 11:24:06.094,1.54611,1.54621,10.00,3.60
2008.05.16 11:24:07.255,1.54609,1.54614,7.80,6.10
2008.05.16 11:24:07.534,1.54604,1.54609,4.80,3.60
2008.05.16 11:24:07.814,1.54601,1.54606,18.00,4.80
2008.05.16 11:24:08.082,1.54594,1.54604,5.60,5.40
2008.05.16 11:24:08.350,1.54595,1.546,13.20,3.00
2008.05.16 11:24:08.629,1.54594,1.54599,7.80,7.90
2008.05.16 11:24:08.794,1.54593,1.54598,2.50,9.60
2008.05.16 11:24:09.173,1.54592,1.54597,2.40,2.40
2008.05.16 11:24:11.632,1.54591,1.54596,15.00,4.80
2008.05.16 11:24:11.808,1.54591,1.54596,6.60,8.70
2008.05.16 11:24:12.229,1.54589,1.54599,11.40,8.70
2008.05.16 11:24:12.433,1.5459,1.546,6.60,1.00
2008.05.16 11:24:12.637,1.54591,1.54601,7.80,18.60
2008.05.16 11:24:12.844,1.5459,1.546,2.40,1.00
2008.05.16 11:24:13.085,1.54588,1.54598,4.80,19.00
2008.05.16 11:24:13.553,1.54582,1.54592,6.30,1.00
2008.05.16 11:24:14.363,1.54578,1.54583,7.80,4.90
2008.05.16 11:24:14.698,1.54576,1.54581,16.20,2.50
2008.05.16 11:24:16.225,1.54579,1.54589,2.40,10.20
2008.05.16 11:24:16.449,1.54583,1.54599,11.40,3.60
2008.05.16 11:24:16.681,1.54587,1.54602,7.80,4.80
2008.05.16 11:24:17.618,1.54589,1.54604,15.00,2.40
2008.05.16 11:24:20.781,1.54592,1.54602,16.80,5.10
2008.05.16 11:24:20.942,1.54592,1.54602,4.80,8.40
2008.05.16 11:24:21.101,1.5459,1.546,5.80,6.40
2008.05.16 11:24:23.744,1.54591,1.54601,21.00,3.00
2008.05.16 11:24:23.843,1.54589,1.54604,5.40,7.20
2008.05.16 11:24:24.042,1.5459,1.54606,6.00,6.00
2008.05.16 11:24:24.144,1.54595,1.54605,10.20,2.40
2008.05.16 11:24:24.241,1.54594,1.54609,4.80,17.50
2008.05.16 11:24:24.533,1.54595,1.5461,9.00,4.80
2008.05.16 11:24:24.633,1.54596,1.54611,1.00,3.00
2008.05.16 11:24:25.166,1.546,1.54605,26.60,1.00
2008.05.16 11:24:25.544,1.54594,1.54609,4.80,2.40
2008.05.16 11:24:27.883,1.54593,1.54608,7.20,25.20
2008.05.16 11:24:27.969,1.54597,1.54607,4.80,9.60
2008.05.16 11:24:28.057,1.54599,1.54609,4.80,12.00
2008.05.16 11:24:28.147,1.546,1.5461,3.00,1.80
2008.05.16 11:24:28.317,1.54599,1.54614,6.60,4.80
2008.05.16 11:24:30.015,1.54603,1.54613,7.80,8.80
2008.05.16 11:24:30.175,1.54603,1.54613,27.90,8.40
2008.05.16 11:24:30.333,1.54604,1.54614,8.40,4.80
2008.05.16 11:24:30.650,1.54603,1.54613,10.20,4.80
2008.05.16 11:24:30.872,1.54599,1.54615,7.20,13.20
2008.05.16 11:24:33.144,1.54603,1.54608,3.60,2.70
2008.05.16 11:24:33.365,1.54601,1.54606,1.00,7.20
2008.05.16 11:24:33.627,1.546,1.5461,1.00,12.40
2008.05.16 11:24:34.141,1.54603,1.54607,16.80,12.60
2008.05.16 11:24:35.670,1.54599,1.54609,2.40,2.40
2008.05.16 11:24:35.862,1.546,1.5461,7.20,1.80
2008.05.16 11:24:36.049,1.54601,1.54611,9.00,1.20
2008.05.16 11:24:38.198,1.54606,1.5461,11.40,1.20
2008.05.16 11:24:38.497,1.54608,1.54618,6.60,2.40
2008.05.16 11:24:38.797,1.54613,1.54623,16.20,2.40
2008.05.16 11:24:40.117,1.5462,1.5463,7.80,4.80
2008.05.16 11:24:40.378,1.54629,1.54634,7.60,6.00
2008.05.16 11:24:40.545,1.54629,1.54635,4.50,9.60
2008.05.16 11:24:40.812,1.54625,1.5463,4.80,11.50
2008.05.16 11:24:40.936,1.54618,1.54623,4.80,24.70
2008.05.16 11:24:41.003,1.54611,1.54616,6.60,3.00
2008.05.16 11:24:41.069,1.54607,1.54612,14.40,9.60
2008.05.16 11:24:41.452,1.54601,1.54611,7.20,2.40
2008.05.16 11:24:41.758,1.54598,1.54608,6.00,5.40
2008.05.16 11:24:45.896,1.54594,1.54609,3.60,4.80
2008.05.16 11:24:46.015,1.54595,1.54605,6.60,13.00
2008.05.16 11:24:46.133,1.54592,1.54602,5.40,15.40
2008.05.16 11:24:46.253,1.54591,1.54601,2.40,18.40
2008.05.16 11:24:46.373,1.5459,1.546,8.40,1.80
2008.05.16 11:24:46.493,1.5459,1.546,5.40,2.70
2008.05.16 11:24:48.057,1.54594,1.54599,9.00,11.70
2008.05.16 11:24:48.361,1.54595,1.54605,2.40,10.90
2008.05.16 11:24:51.542,1.54602,1.54607,7.20,3.00
2008.05.16 11:24:53.476,1.54605,1.54609,2.40,11.80
2008.05.16 11:25:01.926,1.54601,1.54607,1.00,3.30
2008.05.16 11:25:02.080,1.54607,1.54612,1.00,15.20
2008.05.16 11:25:02.235,1.54614,1.54619,3.00,6.10
2008.05.16 11:25:02.695,1.54617,1.54622,3.60,7.20
2008.05.16 11:25:06.347,1.54622,1.54627,2.40,29.50
2008.05.16 11:25:07.887,1.54624,1.54629,22.90,2.40
2008.05.16 11:25:08.037,1.54625,1.5463,2.40,5.70
2008.05.16 11:25:08.776,1.54625,1.5463,6.00,3.00
2008.05.16 11:25:09.025,1.54623,1.54628,6.60,1.20
2008.05.16 11:25:09.274,1.54622,1.54627,7.80,1.00
2008.05.16 11:25:10.920,1.54621,1.54626,2.40,3.70
2008.05.16 11:25:11.020,1.5462,1.5463,7.20,9.10
2008.05.16 11:25:11.236,1.54622,1.54632,8.70,2.40
2008.05.16 11:25:11.335,1.54627,1.54637,13.20,3.00
2008.05.16 11:25:11.531,1.54634,1.54638,3.60,1.00
2008.05.16 11:25:17.513,1.54636,1.54646,8.40,30.00
2008.05.16 11:25:17.649,1.54646,1.54651,41.80,2.40
2008.05.16 11:25:17.905,1.5465,1.5466,4.20,2.40
2008.05.16 11:25:18.160,1.54653,1.54668,1.00,8.40
2008.05.16 11:25:18.416,1.54658,1.54668,4.80,10.80
2008.05.16 11:25:18.672,1.54657,1.54667,6.60,1.80
2008.05.16 11:25:18.985,1.54649,1.54659,1.80,1.00
2008.05.16 11:25:19.507,1.54641,1.54651,3.00,9.60
2008.05.16 11:25:22.407,1.54636,1.54641,4.80,7.20
2008.05.16 11:25:22.614,1.54628,1.54638,11.40,5.40
2008.05.16 11:25:22.817,1.54623,1.54633,7.20,5.40
2008.05.16 11:25:23.103,1.54619,1.54629,12.40,1.20
2008.05.16 11:25:23.676,1.54621,1.54625,2.40,8.10
2008.05.16 11:25:23.964,1.5462,1.54625,7.20,1.20
2008.05.16 11:25:24.140,1.54616,1.54626,6.00,8.20
2008.05.16 11:25:24.316,1.54618,1.54622,26.50,8.40
2008.05.16 11:25:24.678,1.54617,1.54622,2.40,10.80
2008.05.16 11:25:24.835,1.54616,1.54626,2.40,16.00
2008.05.16 11:25:26.212,1.54617,1.54622,8.40,4.80
2008.05.16 11:25:27.607,1.54618,1.54623,9.60,4.80
2008.05.16 11:25:27.952,1.54617,1.54627,3.60,9.70
2008.05.16 11:25:28.258,1.54618,1.54628,4.80,4.80
2008.05.16 11:25:29.692,1.5462,1.5463,1.00,4.80
2008.05.16 11:25:30.008,1.5462,1.5463,4.80,7.80
2008.05.16 11:25:30.123,1.54624,1.54629,6.00,11.70
2008.05.16 11:25:30.352,1.54625,1.5463,5.40,3.00
2008.05.16 11:25:30.580,1.54621,1.54631,5.40,15.10
2008.05.16 11:25:32.067,1.54622,1.54627,1.80,14.50
2008.05.16 11:25:32.699,1.54621,1.54626,6.00,4.80
2008.05.16 11:25:32.949,1.54617,1.54627,6.00,2.40
2008.05.16 11:25:33.196,1.54618,1.54623,16.80,10.20
2008.05.16 11:25:33.433,1.54619,1.54624,3.00,11.10
2008.05.16 11:25:33.659,1.54619,1.54624,5.40,2.40
2008.05.16 11:25:33.888,1.54618,1.54623,8.40,6.00
2008.05.16 11:25:34.117,1.54618,1.54624,9.00,7.80
2008.05.16 11:25:34.453,1.54617,1.54627,4.80,11.40
2008.05.16 11:25:34.790,1.54616,1.54631,2.40,2.40
2008.05.16 11:25:35.676,1.54621,1.54631,2.40,4.80
2008.05.16 11:25:36.121,1.54625,1.54635,5.40,2.40
2008.05.16 11:25:36.343,1.54627,1.54642,33.40,1.00
2008.05.16 11:25:36.613,1.54631,1.54645,15.00,4.80
2008.05.16 11:25:36.879,1.54637,1.54647,17.40,5.40
2008.05.16 11:25:36.991,1.54639,1.54649,3.00,8.80
2008.05.16 11:25:37.147,1.54638,1.54653,2.40,7.80
2008.05.16 11:25:37.415,1.5464,1.54656,3.00,4.80
2008.05.16 11:25:37.729,1.54643,1.54653,10.80,1.60
2008.05.16 11:25:38.030,1.54642,1.54656,12.00,1.00
2008.05.16 11:25:38.327,1.54643,1.54658,6.00,11.60
2008.05.16 11:25:38.629,1.54643,1.54659,4.80,4.00
2008.05.16 11:25:40.937,1.54642,1.54658,4.80,9.00
2008.05.16 11:25:41.323,1.54641,1.54656,3.00,12.00
2008.05.16 11:25:41.711,1.54639,1.54649,11.40,10.80
2008.05.16 11:25:41.871,1.54633,1.54643,6.00,1.20
2008.05.16 11:25:42.175,1.54625,1.54635,16.20,2.40
2008.05.16 11:25:42.331,1.54614,1.54624,6.60,2.40
2008.05.16 11:25:42.935,1.54606,1.54611,16.40,2.40
2008.05.16 11:25:43.115,1.54591,1.54601,1.00,7.20
2008.05.16 11:25:43.219,1.54588,1.54594,13.20,6.00
2008.05.16 11:25:43.516,1.54591,1.54597,4.80,9.70
2008.05.16 11:25:43.802,1.54598,1.54602,6.00,4.80
2008.05.16 11:25:43.923,1.54604,1.54608,7.20,9.00
2008.05.16 11:25:44.047,1.54608,1.54613,13.80,4.80
2008.05.16 11:25:44.291,1.54612,1.54617,3.60,6.00
2008.05.16 11:25:44.535,1.54611,1.54621,17.20,8.80
2008.05.16 11:25:44.659,1.54613,1.54623,7.20,4.80
2008.05.16 11:25:44.923,1.54614,1.54624,3.00,8.40
2008.05.16 11:25:45.187,1.54616,1.54626,2.40,17.60
2008.05.16 11:25:45.452,1.54615,1.5463,10.50,6.40
2008.05.16 11:25:46.387,1.54617,1.54632,7.20,8.80
2008.05.16 11:25:46.729,1.5462,1.54635,4.80,10.80
2008.05.16 11:25:47.492,1.54624,1.54634,2.40,6.00
2008.05.16 11:25:47.699,1.54625,1.54635,7.20,4.40
2008.05.16 11:25:47.855,1.54626,1.54636,1.20,8.60
2008.05.16 11:25:47.995,1.54623,1.54638,1.00,2.40
2008.05.16 11:25:48.271,1.54623,1.54638,5.40,6.00
2008.05.16 11:25:54.596,1.54624,1.54634,14.40,1.00
2008.05.16 11:25:54.851,1.54626,1.54631,6.00,7.00
2008.05.16 11:25:55.143,1.54625,1.54635,3.00,4.80
2008.05.16 11:25:55.315,1.54623,1.54638,7.80,7.20
2008.05.16 11:25:55.583,1.54627,1.54637,15.60,9.60
2008.05.16 11:25:55.865,1.54624,1.54639,3.00,2.40
2008.05.16 11:25:56.659,1.54622,1.54638,14.40,9.40
2008.05.16 11:26:07.291,1.54633,1.54643,3.60,2.40
2008.05.16 11:26:07.480,1.54634,1.54639,1.20,8.00
2008.05.16 11:26:07.852,1.54628,1.54638,7.80,14.70
2008.05.16 11:26:08.039,1.54621,1.54636,8.40,18.10
2008.05.16 11:26:08.227,1.54618,1.54633,7.80,11.40
2008.05.16 11:26:08.415,1.5462,1.5463,7.80,4.80
2008.05.16 11:26:08.683,1.54619,1.54629,9.60,3.60
2008.05.16 11:26:08.951,1.54618,1.54633,1.00,2.40
2008.05.16 11:26:09.485,1.54622,1.54632,3.00,1.80
2008.05.16 11:26:09.753,1.54625,1.54635,3.00,4.20
2008.05.16 11:26:10.021,1.54627,1.54642,10.80,14.50
2008.05.16 11:26:10.155,1.54633,1.54643,16.20,2.60
2008.05.16 11:26:10.291,1.54635,1.54645,2.40,5.70
2008.05.16 11:26:10.427,1.54637,1.54647,4.80,7.20
2008.05.16 11:26:10.687,1.54643,1.54653,6.00,13.00
2008.05.16 11:26:10.947,1.54649,1.54659,10.80,11.40
2008.05.16 11:26:11.207,1.54652,1.54668,7.20,22.00
2008.05.16 11:26:15.903,1.54658,1.54668,10.00,5.40
2008.05.16 11:26:16.172,1.54652,1.54662,1.20,10.20
2008.05.16 11:26:16.439,1.54645,1.5466,19.80,7.80
2008.05.16 11:26:16.707,1.54641,1.54655,10.20,4.80
2008.05.16 11:26:17.379,1.54635,1.54651,35.40,7.20
2008.05.16 11:26:24.295,1.54633,1.54648,2.40,4.80
2008.05.16 11:26:24.544,1.54631,1.54647,2.40,1.20
2008.05.16 11:26:26.195,1.54628,1.54644,7.20,6.00
2008.05.16 11:26:26.352,1.54624,1.54638,9.00,3.00
2008.05.16 11:26:27.415,1.5462,1.54635,2.40,2.70
2008.05.16 11:26:27.581,1.54616,1.54631,2.40,12.60
2008.05.16 11:26:27.743,1.54615,1.5463,21.00,6.00
2008.05.16 11:26:27.907,1.54614,1.54629,4.20,10.20
2008.05.16 11:26:28.231,1.54613,1.54628,4.80,7.20
2008.05.16 11:26:28.395,1.54617,1.54627,2.40,18.90
2008.05.16 11:26:30.177,1.54619,1.54629,13.00,2.40
2008.05.16 11:26:30.463,1.54619,1.54629,1.00,3.60
2008.05.16 11:26:30.751,1.54617,1.54631,5.40,14.40
2008.05.16 11:26:34.819,1.54615,1.5463,42.00,23.40
2008.05.16 11:26:36.689,1.54619,1.54629,6.00,2.40
2008.05.16 11:26:36.771,1.54617,1.54633,10.20,7.20
2008.05.16 11:26:36.855,1.54617,1.54632,7.20,6.00
2008.05.16 11:26:37.019,1.54616,1.5463,2.40,2.40
2008.05.16 11:26:37.199,1.54611,1.54626,2.40,5.40
2008.05.16 11:26:37.283,1.54602,1.54617,8.40,3.00
2008.05.16 11:26:37.599,1.54594,1.5461,3.60,4.80
2008.05.16 11:26:37.683,1.54591,1.54606,5.40,1.00
2008.05.16 11:26:38.023,1.54593,1.54609,9.60,3.00
2008.05.16 11:26:39.036,1.546,1.54615,6.00,2.40
2008.05.16 11:26:40.103,1.54609,1.54619,7.20,15.10
2008.05.16 11:26:40.187,1.54616,1.54621,2.40,2.40
2008.05.16 11:26:40.274,1.54618,1.54628,6.60,8.40
2008.05.16 11:26:40.534,1.5462,1.5463,6.00,1.90
2008.05.16 11:26:41.083,1.54624,1.54629,9.60,1.00
2008.05.16 11:26:41.423,1.54622,1.54632,2.40,8.40
2008.05.16 11:26:41.765,1.54626,1.54631,6.00,2.40
2008.05.16 11:26:42.099,1.54624,1.54634,2.40,6.00
2008.05.16 11:26:42.767,1.54623,1.54638,6.00,1.90
2008.05.16 11:26:43.105,1.54624,1.54634,8.40,40.80
2008.05.16 11:26:43.391,1.54619,1.54634,1.20,19.10
2008.05.16 11:26:43.679,1.54617,1.54632,4.60,6.00
2008.05.16 11:26:49.383,1.54616,1.54631,18.30,9.10
2008.05.16 11:26:53.818,1.54615,1.54629,9.60,1.00
2008.05.16 11:27:01.680,1.54623,1.54637,4.80,10.20
2008.05.16 11:27:02.202,1.54624,1.54639,5.40,3.00
2008.05.16 11:27:02.882,1.54627,1.54637,1.20,4.80
2008.05.16 11:27:03.087,1.54626,1.54636,3.00,2.40
2008.05.16 11:27:03.288,1.54624,1.54634,2.40,4.80
2008.05.16 11:27:03.493,1.5462,1.54635,1.80,7.80
2008.05.16 11:27:05.464,1.54619,1.54634,5.40,1.00
2008.05.16 11:27:05.726,1.54618,1.54634,12.60,2.40
2008.05.16 11:27:08.972,1.5462,1.5463,8.40,10.90
2008.05.16 11:27:15.580,1.54618,1.54628,2.40,6.00
2008.05.16 11:27:15.750,1.54619,1.54624,6.80,1.20
2008.05.16 11:27:15.911,1.54618,1.54623,7.20,4.80
2008.05.16 11:27:16.073,1.54616,1.54626,3.60,4.80
2008.05.16 11:27:19.628,1.54617,1.54627,5.40,8.40
2008.05.16 11:27:19.786,1.54618,1.54628,7.80,9.60
2008.05.16 11:27:19.912,1.5462,1.5463,4.20,3.60
2008.05.16 11:27:20.040,1.54621,1.54631,4.80,3.00
2008.05.16 11:27:20.555,1.54623,1.54633,10.20,6.00
2008.05.16 11:27:20.681,1.54623,1.54633,1.20,1.00
2008.05.16 11:27:20.810,1.54627,1.54632,2.40,2.40
2008.05.16 11:27:20.950,1.54628,1.54633,8.40,3.60
2008.05.16 11:27:21.133,1.54627,1.54637,22.20,15.60
2008.05.16 11:27:21.316,1.54631,1.54636,3.00,16.90
2008.05.16 11:27:21.500,1.5463,1.54635,10.80,4.80
2008.05.16 11:27:21.684,1.54628,1.54633,8.40,10.20
2008.05.16 11:27:21.868,1.54624,1.54634,4.80,9.60
2008.05.16 11:27:22.364,1.54624,1.54629,4.80,10.20
2008.05.16 11:27:22.622,1.54618,1.54632,5.40,10.90
2008.05.16 11:27:23.171,1.54619,1.54629,8.40,9.60
2008.05.16 11:27:23.312,1.54617,1.54627,3.00,14.50
2008.05.16 11:27:23.456,1.54614,1.54624,7.20,13.20
2008.05.16 11:27:24.160,1.54608,1.54622,7.80,4.80
2008.05.16 11:27:24.430,1.54606,1.54616,7.20,1.20
2008.05.16 11:27:24.698,1.54601,1.54611,2.40,6.60
2008.05.16 11:27:25.230,1.54598,1.54603,17.40,6.00
2008.05.16 11:27:25.497,1.54588,1.54604,1.00,2.40
2008.05.16 11:27:25.812,1.54583,1.54593,10.80,2.40
2008.05.16 11:27:25.973,1.54581,1.54591,2.40,5.40
2008.05.16 11:27:28.786,1.54583,1.54593,1.20,12.00
2008.05.16 11:27:28.800,1.5459,1.54595,6.60,4.80
2008.05.16 11:27:28.893,1.54595,1.546,7.80,10.60
2008.05.16 11:27:28.925,1.54599,1.54603,3.00,6.00
2008.05.16 11:27:28.985,1.546,1.54604,2.40,12.60
2008.05.16 11:27:29.127,1.54601,1.54606,2.40,2.40
2008.05.16 11:27:29.153,1.54603,1.54608,6.00,1.00
2008.05.16 11:27:29.171,1.54604,1.54609,6.00,4.20
2008.05.16 11:27:29.401,1.54605,1.5461,10.20,4.80
2008.05.16 11:27:29.948,1.54606,1.54611,2.40,4.80
2008.05.16 11:27:30.290,1.54608,1.54613,16.20,2.40
2008.05.16 11:27:30.629,1.54609,1.54614,10.00,5.40
2008.05.16 11:27:31.154,1.5461,1.54615,6.00,1.00
2008.05.16 11:27:32.172,1.54611,1.54616,1.00,4.40
2008.05.16 11:27:32.424,1.54611,1.54616,1.20,6.60
2008.05.16 11:27:32.676,1.5461,1.54615,1.00,1.80
2008.05.16 11:27:33.016,1.54606,1.54616,12.40,2.40
2008.05.16 11:27:33.863,1.54609,1.54614,3.00,11.40
2008.05.16 11:27:34.036,1.5461,1.54615,7.20,1.00
2008.05.16 11:27:34.212,1.54609,1.54619,1.20,14.40
2008.05.16 11:27:34.388,1.54613,1.54618,3.00,6.00
2008.05.16 11:27:35.993,1.54615,1.5462,17.40,5.40
2008.05.16 11:27:36.389,1.54616,1.54621,1.80,2.40
2008.05.16 11:27:36.588,1.54617,1.54622,2.40,6.60
2008.05.16 11:27:36.788,1.54617,1.54622,14.20,14.40
2008.05.16 11:27:36.904,1.54618,1.54623,16.90,2.40
2008.05.16 11:27:37.025,1.54617,1.54627,6.00,3.10
2008.05.16 11:27:37.364,1.54622,1.54627,7.20,1.00
2008.05.16 11:27:37.480,1.54623,1.54628,3.60,9.00
2008.05.16 11:27:37.596,1.54625,1.54629,1.20,2.70
2008.05.16 11:27:37.712,1.54628,1.54633,20.50,2.40
2008.05.16 11:27:37.828,1.5463,1.5464,7.80,8.80
2008.05.16 11:27:38.168,1.54637,1.54642,2.40,8.40
2008.05.16 11:27:38.848,1.54641,1.54647,4.00,9.70
2008.05.16 11:27:39.184,1.54646,1.54656,1.20,4.80
2008.05.16 11:27:39.525,1.54651,1.54657,27.00,1.00
2008.05.16 11:27:39.864,1.54648,1.54653,1.00,7.20
2008.05.16 11:27:40.199,1.54641,1.54651,4.80,10.30
2008.05.16 11:27:41.465,1.54636,1.54646,3.00,2.40
2008.05.16 11:27:41.749,1.54631,1.54641,2.40,6.10
2008.05.16 11:27:42.032,1.54628,1.54638,3.60,3.40
2008.05.16 11:27:42.111,1.5463,1.54635,5.40,10.80
2008.05.16 11:27:42.188,1.54628,1.54633,2.40,16.00
2008.05.16 11:27:42.268,1.54627,1.54632,4.80,4.80
2008.05.16 11:27:42.424,1.54626,1.54631,7.20,7.80
2008.05.16 11:27:42.504,1.54627,1.54631,6.00,13.00
2008.05.16 11:27:42.584,1.54628,1.54633,7.80,5.40
2008.05.16 11:27:42.740,1.54625,1.54635,2.40,2.40
2008.05.16 11:27:43.320,1.54626,1.54632,1.00,2.40
2008.05.16 11:27:43.662,1.54623,1.54633,1.20,2.40
2008.05.16 11:27:44.000,1.54622,1.54632,6.60,2.40
2008.05.16 11:27:44.216,1.54623,1.54633,3.60,3.00
2008.05.16 11:27:44.856,1.54625,1.5463,7.20,1.00
2008.05.16 11:27:45.072,1.54626,1.54631,8.40,2.40
2008.05.16 11:27:45.412,1.54625,1.5463,16.00,5.40
2008.05.16 11:27:45.752,1.54623,1.54628,2.40,17.50
2008.05.16 11:27:50.232,1.54619,1.54629,43.20,8.40
2008.05.16 11:27:50.572,1.5462,1.54625,3.60,2.40
2008.05.16 11:27:50.912,1.54616,1.54626,3.00,2.40
2008.05.16 11:27:52.635,1.54618,1.54623,2.40,4.80
2008.05.16 11:27:52.798,1.54617,1.54622,4.80,1.80
2008.05.16 11:27:52.962,1.54616,1.54621,5.40,7.20
2008.05.16 11:27:53.125,1.54615,1.5462,2.40,3.00
2008.05.16 11:27:53.288,1.54615,1.5462,5.40,2.40
2008.05.16 11:27:56.097,1.54615,1.5462,4.80,1.00
2008.05.16 11:27:56.223,1.54616,1.54621,2.40,6.70
2008.05.16 11:27:56.348,1.54617,1.54622,1.20,6.60
2008.05.16 11:27:56.474,1.54613,1.54623,1.80,4.80
2008.05.16 11:27:56.871,1.54612,1.54622,10.20,9.60
2008.05.16 11:27:57.144,1.54613,1.54623,4.80,12.60
2008.05.16 11:27:57.420,1.54615,1.54625,12.00,6.00
2008.05.16 11:28:01.562,1.54625,1.54635,10.20,1.80
2008.05.16 11:28:05.753,1.54625,1.54635,3.00,4.80
2008.05.16 11:28:10.559,1.54623,1.54633,21.00,2.70
2008.05.16 11:28:11.888,1.54624,1.54629,8.40,7.00
2008.05.16 11:28:12.056,1.54621,1.54631,4.80,3.00
2008.05.16 11:28:12.234,1.54622,1.54632,3.00,9.00
2008.05.16 11:28:12.420,1.54626,1.54631,6.60,7.20
2008.05.16 11:28:12.599,1.54627,1.54632,16.80,1.80
2008.05.16 11:28:13.116,1.54628,1.54633,6.00,4.80
2008.05.16 11:28:13.455,1.5463,1.54635,6.60,4.80
2008.05.16 11:28:13.795,1.54628,1.54633,8.20,2.40
2008.05.16 11:28:14.234,1.54626,1.5463,17.40,4.80
2008.05.16 11:28:14.606,1.5462,1.54625,9.40,25.60
2008.05.16 11:28:15.766,1.54612,1.54622,4.80,8.40
2008.05.16 11:28:16.042,1.54605,1.54615,7.80,6.80
2008.05.16 11:28:17.913,1.54604,1.54614,3.00,7.20
2008.05.16 11:28:18.185,1.5461,1.5462,16.80,3.00
2008.05.16 11:28:19.026,1.54617,1.54627,2.40,7.80
2008.05.16 11:28:19.269,1.54625,1.54635,2.40,3.60
2008.05.16 11:28:19.389,1.54629,1.54639,2.40,2.40
2008.05.16 11:28:19.510,1.54635,1.54641,3.60,3.00
2008.05.16 11:28:19.873,1.54634,1.54644,8.40,1.00
2008.05.16 11:28:25.050,1.54637,1.54642,10.20,9.00
2008.05.16 11:28:25.283,1.54638,1.54644,7.20,4.90
2008.05.16 11:28:25.518,1.54637,1.54647,34.60,2.40
2008.05.16 11:28:25.753,1.54641,1.54646,6.60,4.80
2008.05.16 11:28:26.177,1.5464,1.5465,4.80,7.20
2008.05.16 11:28:27.885,1.54639,1.54649,3.00,9.90
2008.05.16 11:28:27.945,1.54638,1.54648,2.40,9.10
2008.05.16 11:28:28.221,1.5464,1.5465,9.00,4.90
2008.05.16 11:28:30.079,1.54644,1.54649,3.00,2.40
2008.05.16 11:28:30.356,1.54646,1.54652,18.60,4.20
2008.05.16 11:28:30.538,1.54651,1.54655,3.00,4.80
2008.05.16 11:28:34.816,1.54653,1.54663,6.00,6.90
2008.05.16 11:28:42.228,1.54661,1.54665,24.00,2.40
2008.05.16 11:28:42.435,1.54665,1.54669,5.40,16.80
2008.05.16 11:28:42.643,1.54669,1.54674,8.40,1.80
2008.05.16 11:28:42.763,1.54671,1.54677,15.60,5.40
2008.05.16 11:28:42.882,1.54667,1.54672,4.80,6.00
2008.05.16 11:28:43.002,1.54659,1.54669,4.80,19.00
2008.05.16 11:28:43.122,1.54652,1.54662,3.30,12.30
2008.05.16 11:28:43.256,1.54645,1.54655,12.00,2.40
2008.05.16 11:28:47.341,1.54641,1.54651,2.40,5.80
2008.05.16 11:28:47.623,1.54636,1.54646,12.60,3.00
2008.05.16 11:28:49.548,1.54633,1.54643,6.00,6.70
2008.05.16 11:28:49.693,1.54635,1.5464,3.00,4.80
2008.05.16 11:28:49.838,1.54631,1.54641,1.00,8.40
2008.05.16 11:28:49.985,1.54633,1.54638,11.40,1.80
2008.05.16 11:28:50.129,1.54635,1.5464,3.60,8.80
2008.05.16 11:28:50.273,1.54634,1.54644,6.60,8.40
2008.05.16 11:28:50.417,1.54634,1.54644,13.20,1.90
2008.05.16 11:28:50.561,1.54633,1.54643,13.50,2.40
2008.05.16 11:28:51.122,1.54631,1.54641,6.00,1.80
2008.05.16 11:28:51.398,1.54631,1.54636,7.20,4.20
2008.05.16 11:28:51.672,1.5463,1.54634,6.00,1.00
2008.05.16 11:29:02.465,1.54638,1.54648,9.00,7.20
2008.05.16 11:29:02.647,1.54641,1.54651,36.00,7.20
2008.05.16 11:29:02.822,1.54644,1.54654,4.80,19.80
2008.05.16 11:29:03.974,1.54651,1.54656,23.40,13.80
2008.05.16 11:29:04.245,1.5465,1.5466,2.40,1.00
2008.05.16 11:29:04.377,1.54654,1.54659,10.80,3.60
2008.05.16 11:29:04.510,1.54654,1.54659,1.00,4.80
2008.05.16 11:29:04.777,1.54655,1.5466,1.80,4.80
2008.05.16 11:29:06.395,1.54651,1.54661,7.20,5.40
2008.05.16 11:29:06.453,1.54651,1.54661,10.20,1.80
2008.05.16 11:29:06.509,1.54651,1.54661,4.80,4.80
2008.05.16 11:29:06.565,1.54653,1.54663,7.80,4.80
2008.05.16 11:29:06.656,1.54657,1.54662,13.80,2.40
2008.05.16 11:29:06.713,1.54659,1.54664,31.80,1.80
2008.05.16 11:29:07.009,1.5466,1.54665,3.60,2.40
2008.05.16 11:29:07.858,1.54655,1.54665,2.40,2.40
2008.05.16 11:29:08.098,1.54656,1.5466,4.80,11.40
2008.05.16 11:29:08.347,1.54652,1.54662,7.20,8.80
2008.05.16 11:29:08.590,1.54649,1.54655,2.40,2.40
2008.05.16 11:29:08.834,1.54648,1.54653,19.00,4.80
2008.05.16 11:29:09.078,1.54644,1.54654,3.60,2.40
2008.05.16 11:29:09.322,1.54645,1.5465,1.80,8.40
2008.05.16 11:29:09.604,1.54645,1.5465,3.00,9.30
2008.05.16 11:29:11.526,1.54643,1.54653,2.40,2.40
2008.05.16 11:29:11.646,1.5464,1.5465,15.00,5.40
2008.05.16 11:29:11.769,1.54636,1.54646,11.40,2.40
2008.05.16 11:29:11.890,1.54633,1.54637,10.20,10.20
2008.05.16 11:29:12.251,1.54627,1.54632,2.40,2.40
2008.05.16 11:29:22.952,1.54625,1.54629,6.00,4.20
2008.05.16 11:29:23.123,1.54627,1.54632,4.80,11.10
2008.05.16 11:29:23.298,1.54631,1.54636,10.20,4.80
2008.05.16 11:29:23.473,1.54635,1.5464,11.40,9.00
2008.05.16 11:29:23.646,1.54636,1.54641,5.50,6.40
2008.05.16 11:29:23.821,1.54637,1.54642,6.60,4.80
2008.05.16 11:29:23.993,1.54636,1.54646,7.80,2.40
2008.05.16 11:29:24.287,1.54637,1.54647,9.60,2.40
2008.05.16 11:29:24.581,1.54638,1.54648,3.00,7.30
2008.05.16 11:29:26.593,1.5464,1.5465,15.60,9.60
2008.05.16 11:29:26.786,1.54644,1.54649,2.40,7.80
2008.05.16 11:29:29.115,1.54645,1.5465,4.80,9.00
2008.05.16 11:29:29.913,1.54647,1.54652,11.40,1.20
2008.05.16 11:29:30.581,1.54648,1.54653,4.80,2.40
2008.05.16 11:29:33.073,1.54652,1.54657,1.00,6.00
2008.05.16 11:29:33.229,1.54654,1.54664,1.20,19.80
2008.05.16 11:29:33.381,1.54658,1.54663,7.20,6.40
2008.05.16 11:29:33.533,1.54659,1.54664,6.60,4.80
2008.05.16 11:29:33.837,1.54657,1.54667,4.80,7.20
2008.05.16 11:29:33.989,1.54656,1.54666,4.80,19.00
2008.05.16 11:29:34.417,1.54654,1.54664,7.80,20.40
2008.05.16 11:29:34.693,1.54655,1.54661,9.00,19.20
2008.05.16 11:29:34.971,1.54654,1.54659,16.80,9.00
2008.05.16 11:29:35.249,1.54656,1.54661,4.80,24.00
2008.05.16 11:29:35.449,1.54659,1.54669,26.70,4.00
2008.05.16 11:29:37.246,1.54666,1.54676,16.80,14.70
2008.05.16 11:29:38.165,1.54668,1.54678,4.20,9.60
2008.05.16 11:29:38.304,1.54664,1.54674,1.00,36.00
2008.05.16 11:29:38.481,1.5466,1.5467,5.40,10.20
2008.05.16 11:29:38.658,1.54655,1.54665,7.80,1.00
2008.05.16 11:29:42.125,1.54651,1.54661,3.00,3.00
2008.05.16 11:29:42.285,1.5465,1.5466,4.80,7.30
2008.05.16 11:29:43.129,1.54649,1.54659,4.80,8.80
2008.05.16 11:29:43.254,1.54646,1.54656,6.00,3.00
2008.05.16 11:29:43.509,1.54644,1.54654,6.00,16.20
2008.05.16 11:29:43.651,1.54644,1.54654,5.40,1.00
2008.05.16 11:29:53.205,1.54643,1.54653,3.00,11.50
2008.05.16 11:29:53.333,1.54643,1.54653,13.20,3.10
2008.05.16 11:29:53.437,1.54644,1.54654,7.20,13.20
2008.05.16 11:29:54.139,1.54643,1.54653,1.80,9.00
2008.05.16 11:29:54.429,1.54641,1.54651,2.40,1.20
2008.05.16 11:29:54.721,1.54639,1.54649,15.60,4.80
2008.05.16 11:29:55.583,1.54637,1.54647,7.50,7.20
2008.05.16 11:29:55.753,1.54636,1.54646,6.90,4.80
2008.05.16 11:30:04.992,1.54657,1.54667,5.40,4.80
2008.05.16 11:30:05.144,1.54658,1.54668,11.40,1.00
2008.05.16 11:30:05.446,1.5466,1.5467,7.50,6.00
2008.05.16 11:30:05.622,1.54661,1.54671,4.80,12.10
2008.05.16 11:30:05.798,1.54661,1.54671,13.80,4.80
2008.05.16 11:30:06.623,1.5466,1.5467,16.20,4.80
2008.05.16 11:30:06.768,1.54659,1.54669,10.20,2.80
2008.05.16 11:30:06.912,1.54659,1.54664,9.00,14.10
2008.05.16 11:30:11.634,1.54655,1.54665,7.80,16.80
2008.05.16 11:30:11.750,1.54653,1.54663,11.40,20.70
2008.05.16 11:30:11.924,1.54652,1.54662,9.00,16.20
2008.05.16 11:30:12.098,1.5465,1.54655,17.00,1.00
2008.05.16 11:30:12.270,1.54645,1.5465,2.40,6.40
2008.05.16 11:30:12.442,1.54641,1.54646,4.80,3.00
2008.05.16 11:30:12.979,1.54631,1.54646,3.60,9.00
2008.05.16 11:30:16.592,1.54635,1.5464,1.00,6.00
2008.05.16 11:30:16.770,1.54633,1.54638,7.80,2.40
2008.05.16 11:30:16.950,1.54629,1.54633,15.00,13.00
2008.05.16 11:30:17.090,1.54622,1.54632,5.40,10.80
2008.05.16 11:30:19.802,1.54619,1.54624,1.00,6.00
2008.05.16 11:30:19.961,1.54616,1.5462,5.10,1.00
2008.05.16 11:30:20.120,1.54617,1.54621,1.00,4.80
2008.05.16 11:30:20.259,1.54623,1.54633,5.40,2.10
2008.05.16 11:30:20.400,1.54635,1.5464,5.40,16.80
2008.05.16 11:30:20.542,1.54645,1.54649,6.00,15.40
2008.05.16 11:30:20.962,1.54652,1.54657,16.80,7.80
2008.05.16 11:30:23.062,1.54658,1.54663,11.40,9.70
2008.05.16 11:30:23.153,1.54661,1.54666,3.00,2.40
2008.05.16 11:30:23.406,1.54664,1.54669,8.40,2.40
2008.05.16 11:30:23.618,1.54664,1.54669,2.40,18.90
2008.05.16 11:30:23.830,1.54663,1.54673,5.40,6.10
2008.05.16 11:30:24.193,1.54661,1.54671,5.40,7.20
2008.05.16 11:30:29.278,1.5466,1.5467,2.40,17.70
2008.05.16 11:30:29.350,1.54658,1.54668,19.80,9.70
2008.05.16 11:30:29.422,1.5466,1.54665,6.00,2.40
2008.05.16 11:30:29.494,1.54657,1.54667,6.00,3.60
2008.05.16 11:30:29.710,1.54659,1.54669,4.80,2.40
2008.05.16 11:30:31.663,1.54657,1.54667,8.80,2.40
2008.05.16 11:30:31.755,1.54656,1.54666,4.80,4.80
2008.05.16 11:30:31.851,1.54654,1.54664,4.80,7.20
2008.05.16 11:30:32.879,1.54651,1.54666,26.60,1.00
2008.05.16 11:30:36.606,1.54652,1.54662,5.40,15.10
2008.05.16 11:30:36.830,1.54656,1.54661,8.40,2.40
2008.05.16 11:30:40.756,1.54657,1.54662,6.00,3.00
2008.05.16 11:30:41.080,1.54658,1.54663,6.60,4.20
2008.05.16 11:30:42.542,1.54657,1.54667,7.20,9.30
2008.05.16 11:30:42.648,1.54658,1.54668,1.00,2.40
2008.05.16 11:30:42.754,1.5466,1.5467,2.40,1.80
2008.05.16 11:30:42.962,1.54661,1.54671,1.20,5.20
2008.05.16 11:30:43.274,1.54663,1.54673,5.10,1.00
2008.05.16 11:30:43.378,1.54661,1.54671,21.00,1.80
2008.05.16 11:30:43.715,1.5466,1.5467,3.00,3.00
2008.05.16 11:30:44.055,1.54659,1.54669,8.70,1.20
2008.05.16 11:30:44.394,1.54657,1.54667,21.70,1.80
2008.05.16 11:30:49.445,1.54657,1.54667,3.00,7.20
2008.05.16 11:30:50.978,1.5466,1.5467,15.00,4.80
2008.05.16 11:30:51.258,1.54665,1.54675,14.40,6.00
2008.05.16 11:30:51.333,1.54672,1.54682,13.20,2.40
2008.05.16 11:30:51.399,1.54681,1.54691,2.40,10.30
2008.05.16 11:30:51.714,1.54693,1.54699,1.20,1.50
2008.05.16 11:30:52.962,1.54696,1.54701,12.00,12.00
2008.05.16 11:30:53.186,1.54687,1.54692,2.40,2.40
2008.05.16 11:30:53.412,1.54677,1.54682,2.40,2.40
2008.05.16 11:30:53.640,1.54664,1.54674,4.80,10.80
2008.05.16 11:30:53.864,1.54653,1.54669,6.60,4.20
2008.05.16 11:30:53.950,1.54647,1.54662,2.10,8.40
2008.05.16 11:30:54.462,1.54645,1.54655,2.40,6.60
2008.05.16 11:30:55.182,1.54642,1.54652,1.20,2.40
2008.05.16 11:30:55.806,1.54644,1.54649,6.00,5.70
2008.05.16 11:30:56.414,1.54645,1.5465,8.40,2.40
2008.05.16 11:30:56.718,1.54644,1.54654,15.60,7.20
2008.05.16 11:30:57.391,1.54645,1.54655,18.00,7.20
2008.05.16 11:30:57.482,1.54647,1.54662,2.40,6.00
2008.05.16 11:30:57.575,1.54654,1.54664,3.60,7.40
2008.05.16 11:30:57.760,1.54656,1.54671,6.00,3.00
2008.05.16 11:30:57.854,1.54664,1.54674,10.20,12.90
2008.05.16 11:30:58.058,1.54669,1.54679,1.80,4.80
2008.05.16 11:30:58.262,1.54677,1.54682,15.60,4.80
2008.05.16 11:30:58.888,1.54682,1.54692,5.40,2.40
2008.05.16 11:30:59.202,1.5469,1.54695,20.40,1.00
2008.05.16 11:30:59.358,1.54694,1.54698,4.80,8.40
2008.05.16 11:31:01.870,1.54692,1.54708,4.60,6.10
2008.05.16 11:31:05.116,1.54694,1.54704,5.40,1.20
2008.05.16 11:31:06.129,1.54692,1.54702,3.00,3.00
2008.05.16 11:31:10.978,1.54691,1.54701,1.20,6.00
2008.05.16 11:31:11.073,1.54693,1.54703,6.40,7.20
2008.05.16 11:31:11.163,1.54692,1.54707,13.20,8.80
2008.05.16 11:31:11.255,1.54696,1.54706,9.60,1.00
2008.05.16 11:31:11.348,1.54697,1.54707,1.20,6.00
2008.05.16 11:31:11.438,1.54696,1.54706,7.30,4.20
2008.05.16 11:31:11.624,1.54694,1.54704,6.60,7.20
2008.05.16 11:31:11.902,1.54687,1.54702,4.80,1.20
2008.05.16 11:31:15.236,1.54681,1.54696,13.20,2.40
2008.05.16 11:31:15.334,1.54674,1.54684,4.80,5.40
2008.05.16 11:31:15.724,1.54662,1.54672,6.60,7.20
2008.05.16 11:31:15.896,1.54648,1.54658,8.40,2.40
2008.05.16 11:31:16.699,1.54637,1.54641,6.00,4.80
2008.05.16 11:31:16.887,1.54628,1.54638,22.90,16.20
2008.05.16 11:31:16.950,1.54631,1.54646,13.80,4.20
2008.05.16 11:31:16.997,1.54642,1.54652,13.80,7.20
2008.05.16 11:31:17.022,1.54655,1.5466,4.80,9.40
2008.05.16 11:31:17.085,1.54664,1.54669,2.40,8.40
2008.05.16 11:31:17.158,1.54673,1.54678,7.80,4.80
2008.05.16 11:31:17.494,1.54681,1.54686,2.40,9.20
2008.05.16 11:31:17.574,1.54683,1.54699,5.40,7.20
2008.05.16 11:31:19.495,1.5469,1.54705,13.80,7.20
2008.05.16 11:31:20.839,1.54698,1.54708,8.70,2.40
2008.05.16 11:31:21.176,1.54703,1.54713,13.80,4.80
2008.05.16 11:31:21.278,1.54711,1.54721,3.00,8.80
2008.05.16 11:31:21.618,1.54719,1.54729,3.60,1.00
2008.05.16 11:31:23.615,1.5473,1.5474,9.00,2.10
2008.05.16 11:31:28.684,1.54738,1.54753,1.20,8.40
2008.05.16 11:31:28.965,1.5475,1.5476,6.00,13.00
2008.05.16 11:31:29.026,1.54753,1.54759,10.20,6.00
2008.05.16 11:31:29.085,1.54742,1.54748,1.20,5.70
2008.05.16 11:31:29.206,1.54729,1.54734,1.00,22.50
2008.05.16 11:31:29.326,1.54716,1.5472,2.40,5.40
2008.05.16 11:31:29.386,1.54704,1.54709,1.80,12.00
2008.05.16 11:31:29.733,1.54693,1.54707,4.50,4.80
2008.05.16 11:31:30.021,1.54689,1.54704,2.40,2.40
2008.05.16 11:31:30.309,1.54687,1.54697,6.00,7.80
2008.05.16 11:31:32.177,1.54686,1.54696,21.90,2.40
2008.05.16 11:31:39.542,1.54688,1.54692,2.40,15.00
2008.05.16 11:31:39.766,1.54687,1.54697,15.60,1.20
2008.05.16 11:31:41.846,1.54686,1.54701,2.25,4.80
2008.05.16 11:31:43.970,1.54687,1.54702,4.80,2.40
2008.05.16 11:31:51.619,1.54691,1.54701,6.60,8.40
2008.05.16 11:31:51.705,1.54692,1.54702,2.40,2.80
2008.05.16 11:31:51.790,1.54695,1.54705,2.40,10.80
2008.05.16 11:31:51.875,1.54699,1.54704,1.00,18.70
2008.05.16 11:31:52.130,1.54701,1.54711,3.00,3.00
2008.05.16 11:31:53.135,1.54708,1.54713,26.80,2.40
2008.05.16 11:31:53.562,1.54713,1.54718,6.60,2.40
2008.05.16 11:31:53.642,1.54716,1.54726,4.80,4.80
2008.05.16 11:31:56.220,1.54721,1.54731,1.00,8.50
2008.05.16 11:31:56.401,1.54727,1.54737,21.90,1.00
2008.05.16 11:31:56.581,1.54731,1.54741,3.00,3.00
2008.05.16 11:32:02.310,1.54734,1.54744,6.00,2.50
2008.05.16 11:32:02.434,1.54732,1.54742,4.80,7.20
2008.05.16 11:32:02.557,1.5473,1.5474,19.20,5.40
2008.05.16 11:32:02.807,1.54731,1.54736,8.40,6.00
2008.05.16 11:32:03.006,1.54724,1.54734,15.00,4.80
2008.05.16 11:32:03.206,1.5472,1.5473,4.20,3.00
2008.05.16 11:32:03.406,1.54716,1.54731,6.00,9.00
2008.05.16 11:32:03.606,1.54718,1.54728,6.00,7.20
2008.05.16 11:32:03.806,1.54716,1.54726,7.80,3.60
2008.05.16 11:32:04.125,1.54718,1.54728,6.60,2.70
2008.05.16 11:32:05.411,1.54719,1.54729,7.80,25.30
2008.05.16 11:32:06.266,1.54724,1.54729,7.20,4.80
2008.05.16 11:32:07.981,1.54724,1.54734,3.60,3.00
2008.05.16 11:32:08.139,1.54729,1.54739,2.40,5.40
2008.05.16 11:32:08.295,1.54729,1.54739,6.00,7.00
2008.05.16 11:32:08.606,1.54731,1.54741,2.40,5.70
2008.05.16 11:32:09.010,1.54731,1.54736,11.40,1.80
2008.05.16 11:32:09.150,1.54726,1.54731,4.80,6.10
2008.05.16 11:32:09.430,1.54718,1.54723,23.70,4.80
2008.05.16 11:32:09.570,1.54707,1.54717,9.00,3.00
2008.05.16 11:32:22.211,1.54701,1.54706,13.80,7.20
2008.05.16 11:32:22.462,1.54697,1.54707,1.80,10.80
2008.05.16 11:32:27.158,1.54706,1.54712,2.40,4.60
2008.05.16 11:32:27.269,1.54717,1.54722,31.20,5.40
2008.05.16 11:32:27.366,1.54726,1.54731,6.00,7.20
2008.05.16 11:32:27.657,1.54732,1.54742,1.20,1.80
2008.05.16 11:32:27.754,1.54741,1.54746,27.60,2.40
2008.05.16 11:32:27.850,1.54745,1.54749,10.80,4.80
2008.05.16 11:32:27.946,1.54748,1.54753,24.00,9.00
2008.05.16 11:32:28.049,1.54748,1.54753,6.00,7.80
2008.05.16 11:32:28.409,1.54749,1.54753,6.60,2.40
2008.05.16 11:32:28.746,1.54747,1.54753,6.60,4.80
2008.05.16 11:32:29.082,1.54745,1.54749,2.40,2.10
2008.05.16 11:32:29.399,1.54741,1.54751,3.60,4.80
2008.05.16 11:32:29.719,1.54739,1.54743,15.00,5.10
2008.05.16 11:32:30.038,1.54735,1.5474,2.40,9.00
2008.05.16 11:32:30.378,1.54731,1.54736,7.80,1.50
2008.05.16 11:32:31.068,1.54728,1.54738,2.40,4.80
2008.05.16 11:32:35.673,1.54726,1.54736,3.00,2.40
2008.05.16 11:32:36.936,1.54722,1.54737,1.00,4.80
2008.05.16 11:32:37.119,1.54721,1.54736,4.80,4.80
2008.05.16 11:32:37.309,1.54721,1.54736,5.40,16.80
2008.05.16 11:32:37.494,1.54722,1.54737,1.00,6.00
2008.05.16 11:32:37.732,1.54726,1.54736,12.30,10.20
2008.05.16 11:32:38.189,1.54725,1.5474,2.40,6.00
2008.05.16 11:32:38.417,1.54729,1.54739,3.60,2.40
2008.05.16 11:32:38.970,1.54733,1.54743,8.40,4.90
2008.05.16 11:32:39.166,1.54738,1.54748,3.00,7.80
2008.05.16 11:32:39.351,1.54745,1.5475,2.40,10.00
2008.05.16 11:32:39.539,1.54745,1.5475,2.40,2.40
2008.05.16 11:32:40.055,1.54747,1.54752,3.00,3.60
2008.05.16 11:32:40.324,1.54744,1.54754,2.40,8.40
2008.05.16 11:32:40.583,1.54742,1.54752,4.80,11.20
2008.05.16 11:32:41.161,1.54739,1.54749,2.40,1.20
2008.05.16 11:32:41.278,1.54741,1.54746,2.40,4.80
2008.05.16 11:32:41.409,1.54737,1.54747,7.20,6.00
2008.05.16 11:32:41.525,1.54735,1.54745,10.20,19.20
2008.05.16 11:32:41.982,1.54731,1.54746,7.20,1.80
2008.05.16 11:32:42.322,1.54732,1.54742,14.40,6.00
2008.05.16 11:32:42.662,1.54732,1.54742,3.00,7.20
2008.05.16 11:32:42.886,1.54735,1.54745,6.00,11.40
2008.05.16 11:32:43.785,1.54737,1.54747,2.40,2.40
2008.05.16 11:32:43.884,1.54742,1.54752,6.00,3.00
2008.05.16 11:32:43.966,1.5475,1.5476,6.00,8.40
2008.05.16 11:32:44.047,1.54755,1.5477,8.40,14.40
2008.05.16 11:32:44.633,1.54765,1.54775,2.40,16.20
2008.05.16 11:32:44.713,1.54767,1.54777,8.40,4.80
2008.05.16 11:32:45.403,1.54764,1.54768,6.30,11.50
2008.05.16 11:32:46.197,1.54755,1.54765,6.60,13.00
2008.05.16 11:32:47.793,1.54751,1.54756,9.60,4.80
2008.05.16 11:32:47.962,1.54747,1.54752,4.80,5.40
2008.05.16 11:32:48.166,1.54743,1.54748,6.00,1.20
2008.05.16 11:32:48.371,1.54739,1.54749,1.80,2.40
2008.05.16 11:32:48.574,1.5474,1.54745,1.00,15.00
2008.05.16 11:32:48.778,1.54737,1.54747,7.20,15.10
2008.05.16 11:32:48.982,1.54734,1.54749,8.40,2.70
2008.05.16 11:32:49.185,1.54738,1.54748,11.40,4.80
2008.05.16 11:32:49.390,1.54735,1.54745,3.00,7.90
2008.05.16 11:32:49.593,1.54734,1.54744,5.40,1.80
2008.05.16 11:32:50.682,1.54732,1.54742,1.80,2.40
2008.05.16 11:32:53.818,1.54733,1.54738,1.20,11.40
2008.05.16 11:32:54.109,1.5473,1.54735,2.40,4.50
2008.05.16 11:32:54.370,1.54728,1.54733,31.20,2.40
2008.05.16 11:32:54.640,1.54724,1.54734,4.50,6.00
2008.05.16 11:32:54.902,1.54722,1.54732,33.40,8.20
2008.05.16 11:32:55.162,1.54722,1.54732,1.20,4.80
2008.05.16 11:32:55.427,1.54723,1.54733,4.80,4.80
2008.05.16 11:32:55.694,1.54725,1.54735,6.00,9.00
2008.05.16 11:32:55.957,1.54723,1.54738,11.40,3.00
2008.05.16 11:32:56.222,1.54722,1.54737,2.40,7.80
2008.05.16 11:32:56.441,1.54726,1.54736,3.00,2.70
2008.05.16 11:32:56.663,1.54728,1.54738,4.80,5.10
2008.05.16 11:32:57.668,1.54733,1.54738,14.40,4.80
2008.05.16 11:32:58.119,1.54735,1.54745,2.40,2.40
2008.05.16 11:32:58.342,1.54743,1.54748,6.00,1.00
2008.05.16 11:32:58.566,1.5475,1.54755,3.60,1.20
2008.05.16 11:32:58.937,1.54754,1.54758,2.40,2.40
2008.05.16 11:33:01.704,1.54743,1.54753,2.40,10.20
2008.05.16 11:33:01.873,1.54741,1.54751,3.00,6.00
2008.05.16 11:33:04.116,1.54738,1.54748,9.00,16.20
2008.05.16 11:33:09.192,1.54733,1.54743,1.80,6.00
2008.05.16 11:33:14.087,1.54732,1.54737,3.00,4.80
2008.05.16 11:33:14.287,1.54727,1.54737,10.80,15.70
2008.05.16 11:33:14.696,1.54725,1.54735,7.60,1.00
2008.05.16 11:33:14.969,1.54724,1.54734,1.20,5.40
2008.05.16 11:33:15.105,1.5472,1.5473,9.60,2.40
2008.05.16 11:33:18.191,1.54715,1.54725,3.00,1.00
2008.05.16 11:33:18.697,1.54712,1.54717,13.40,4.80
2008.05.16 11:33:18.796,1.54704,1.54709,3.00,7.00
2008.05.16 11:33:19.169,1.54698,1.54703,2.40,5.40
2008.05.16 11:33:19.492,1.54694,1.54704,6.60,8.40
2008.05.16 11:33:19.817,1.547,1.5471,2.40,1.00
2008.05.16 11:33:22.182,1.54707,1.54717,28.20,4.80
2008.05.16 11:33:22.346,1.54713,1.54727,7.80,8.50
2008.05.16 11:33:22.508,1.54716,1.54732,3.00,4.80
2008.05.16 11:33:22.836,1.54719,1.54734,6.00,10.10
2008.05.16 11:33:23.001,1.54723,1.54733,3.00,9.00
2008.05.16 11:33:26.882,1.54719,1.54734,16.20,0.50
2008.05.16 11:33:27.022,1.54718,1.54733,11.40,11.70
2008.05.16 11:33:27.157,1.54719,1.54729,13.20,3.00
2008.05.16 11:33:27.412,1.54718,1.54728,2.40,13.60
2008.05.16 11:33:28.184,1.54716,1.54726,4.80,4.80
2008.05.16 11:33:28.760,1.5472,1.54725,12.60,7.20
2008.05.16 11:33:29.051,1.54719,1.54729,2.40,18.40
2008.05.16 11:33:29.337,1.5472,1.5473,3.00,2.40
2008.05.16 11:33:29.704,1.5472,1.5473,11.40,2.40
2008.05.16 11:33:31.742,1.54724,1.54729,21.00,14.40
2008.05.16 11:33:31.905,1.54723,1.54733,4.80,6.00
2008.05.16 11:33:32.232,1.54726,1.54736,4.80,4.80
2008.05.16 11:33:32.397,1.5473,1.54735,7.20,3.60
2008.05.16 11:33:33.032,1.54735,1.54739,3.60,6.90
2008.05.16 11:33:33.140,1.54733,1.54743,3.60,9.00
2008.05.16 11:33:33.346,1.54737,1.54742,6.00,3.10
2008.05.16 11:33:33.611,1.54738,1.54748,5.60,1.20
2008.05.16 11:33:33.873,1.54743,1.54753,18.30,15.60
2008.05.16 11:33:38.301,1.54749,1.54759,4.80,11.80
2008.05.16 11:33:40.942,1.54755,1.54765,9.60,3.00
2008.05.16 11:33:41.540,1.54756,1.54766,32.40,4.80
2008.05.16 11:33:41.774,1.54748,1.54762,3.60,2.40
2008.05.16 11:33:41.967,1.5474,1.54755,7.20,9.00
2008.05.16 11:33:42.524,1.54735,1.54745,20.50,4.80
2008.05.16 11:33:42.712,1.54728,1.54738,2.40,7.00
2008.05.16 11:33:44.483,1.54727,1.54732,6.00,11.40
2008.05.16 11:33:44.749,1.54723,1.54733,7.80,3.00
2008.05.16 11:33:44.837,1.54724,1.54729,6.00,1.00
2008.05.16 11:33:45.121,1.54724,1.54729,2.40,6.50
2008.05.16 11:33:45.208,1.54723,1.54733,4.80,9.95
2008.05.16 11:33:45.386,1.54725,1.54735,4.80,9.60
2008.05.16 11:33:45.648,1.54727,1.54737,3.00,11.70
2008.05.16 11:33:49.607,1.54732,1.54737,7.80,1.20
2008.05.16 11:33:49.935,1.54733,1.54738,8.40,6.00
2008.05.16 11:33:50.243,1.54732,1.54742,5.40,7.80
2008.05.16 11:33:50.820,1.54732,1.54742,14.40,9.00
2008.05.16 11:33:53.428,1.54734,1.54744,4.80,6.60
2008.05.16 11:34:03.697,1.54735,1.54745,18.60,2.40
2008.05.16 11:34:03.804,1.54738,1.54743,5.40,2.70
2008.05.16 11:34:03.874,1.54737,1.54742,7.20,4.80
2008.05.16 11:34:03.905,1.54737,1.54742,4.80,8.40
2008.05.16 11:34:03.957,1.54735,1.54745,7.80,9.60
2008.05.16 11:34:04.036,1.54737,1.54747,6.00,10.30
2008.05.16 11:34:04.170,1.54735,1.54745,7.80,11.40
2008.05.16 11:34:04.225,1.54735,1.54745,7.20,13.20
2008.05.16 11:34:04.255,1.54735,1.54745,19.80,4.80
2008.05.16 11:34:04.267,1.54735,1.54745,4.20,2.40
2008.05.16 11:34:04.588,1.54731,1.54746,1.00,11.60
2008.05.16 11:34:04.917,1.5473,1.54745,1.20,3.00
2008.05.16 11:34:05.238,1.54728,1.54743,4.80,28.00
2008.05.16 11:34:05.812,1.54729,1.54739,2.40,12.10
2008.05.16 11:34:06.304,1.5473,1.54735,7.20,9.60
2008.05.16 11:34:06.506,1.54727,1.54737,5.40,9.70
2008.05.16 11:34:06.721,1.54725,1.54735,1.00,16.30
2008.05.16 11:34:09.691,1.54726,1.54736,2.40,4.50
2008.05.16 11:34:09.894,1.54728,1.54738,8.40,11.50
2008.05.16 11:34:09.963,1.5473,1.5474,14.40,5.40
2008.05.16 11:34:10.098,1.54729,1.54744,6.60,8.70
2008.05.16 11:34:10.424,1.54732,1.54747,8.40,9.90
2008.05.16 11:34:10.782,1.54739,1.54749,2.40,6.00
2008.05.16 11:34:11.142,1.54746,1.54756,6.00,5.80
2008.05.16 11:34:11.674,1.54757,1.54762,6.00,2.40
2008.05.16 11:34:11.844,1.54765,1.5477,24.60,3.00
2008.05.16 11:34:12.014,1.54766,1.54776,8.40,3.60
2008.05.16 11:34:12.183,1.54762,1.54772,1.80,4.80
2008.05.16 11:34:12.351,1.54754,1.54769,10.20,3.10
2008.05.16 11:34:12.518,1.54749,1.54759,5.10,4.80
2008.05.16 11:34:12.686,1.54745,1.54755,18.60,4.80
2008.05.16 11:34:13.318,1.54743,1.54748,4.80,4.80
2008.05.16 11:34:13.654,1.54736,1.54746,12.60,4.80
2008.05.16 11:34:13.990,1.54732,1.54742,2.40,19.00
2008.05.16 11:34:14.783,1.54735,1.54739,6.00,4.40
2008.05.16 11:34:15.037,1.54731,1.54741,1.00,7.20
2008.05.16 11:34:15.205,1.54734,1.54739,9.00,26.40
2008.05.16 11:34:15.290,1.54735,1.5474,11.40,1.00
2008.05.16 11:34:15.458,1.54736,1.54741,6.00,2.40
2008.05.16 11:34:15.626,1.54732,1.54748,29.20,11.10
2008.05.16 11:34:15.710,1.54736,1.54746,14.40,24.60
2008.05.16 11:34:15.795,1.54735,1.5475,4.80,4.80
2008.05.16 11:34:16.220,1.54739,1.54744,1.80,2.40
2008.05.16 11:34:16.559,1.54735,1.54745,12.00,6.60
2008.05.16 11:34:16.903,1.54732,1.54742,4.80,4.80
2008.05.16 11:34:17.401,1.54731,1.54741,2.40,3.70
2008.05.16 11:34:17.643,1.5473,1.5474,11.60,3.00
2008.05.16 11:34:17.883,1.54731,1.54736,20.40,1.20
2008.05.16 11:34:18.043,1.54729,1.54735,7.30,4.80
2008.05.16 11:34:18.199,1.54729,1.54734,4.80,19.00
2008.05.16 11:34:18.368,1.54728,1.54733,2.40,6.00
2008.05.16 11:34:18.532,1.54729,1.54734,21.00,5.40
2008.05.16 11:34:18.702,1.54729,1.54739,4.80,8.40
2008.05.16 11:34:18.860,1.5473,1.5474,4.20,2.40
2008.05.16 11:34:19.202,1.54732,1.54742,2.40,2.70
2008.05.16 11:34:19.542,1.54737,1.54747,2.40,4.60
2008.05.16 11:34:19.882,1.54744,1.54749,5.40,11.40
2008.05.16 11:34:20.219,1.54748,1.54753,3.00,15.00
2008.05.16 11:34:20.554,1.54748,1.54753,2.40,5.40
2008.05.16 11:34:20.892,1.54747,1.54757,4.80,9.60
2008.05.16 11:34:21.226,1.54748,1.54758,8.40,1.00
2008.05.16 11:34:24.802,1.54751,1.54756,2.40,1.00
2008.05.16 11:34:25.046,1.54747,1.54757,6.00,2.40
2008.05.16 11:34:25.290,1.54745,1.54755,2.40,2.40
2008.05.16 11:34:26.090,1.54744,1.54754,4.80,7.50
2008.05.16 11:34:29.714,1.54742,1.54752,22.20,2.80
2008.05.16 11:34:34.531,1.54741,1.54751,5.40,7.20
2008.05.16 11:34:34.674,1.54742,1.54747,9.60,7.20
2008.05.16 11:34:34.822,1.54742,1.54747,19.80,6.10
2008.05.16 11:34:34.970,1.5474,1.5475,5.40,2.40
2008.05.16 11:34:35.118,1.54735,1.5475,3.00,15.10
2008.05.16 11:34:35.402,1.54731,1.54751,3.60,4.80
2008.05.16 11:34:35.686,1.54732,1.54747,9.00,6.00
2008.05.16 11:34:35.971,1.54731,1.54741,2.40,2.40
2008.05.16 11:34:36.254,1.54725,1.54735,8.40,2.40
2008.05.16 11:34:37.412,1.54723,1.54728,4.80,7.80
2008.05.16 11:34:37.643,1.54714,1.54719,13.30,22.50
2008.05.16 11:34:37.870,1.54706,1.54716,3.00,2.40
2008.05.16 11:34:38.098,1.54704,1.54714,4.80,3.00
2008.05.16 11:34:39.707,1.54712,1.54717,3.00,8.40
2008.05.16 11:34:39.892,1.54717,1.54727,18.00,2.40
2008.05.16 11:34:40.079,1.54724,1.54734,2.40,10.40
2008.05.16 11:34:40.761,1.54728,1.54738,1.00,9.30
2008.05.16 11:34:41.067,1.54732,1.54742,6.60,1.00
2008.05.16 11:34:43.235,1.54735,1.5474,23.40,2.40
2008.05.16 11:34:43.446,1.54737,1.54742,10.20,7.20
2008.05.16 11:34:43.556,1.54736,1.54741,2.40,10.20
2008.05.16 11:34:43.664,1.54732,1.54742,7.80,1.20
2008.05.16 11:34:44.006,1.54731,1.54741,9.00,2.40
2008.05.16 11:34:45.502,1.5473,1.5474,11.40,2.40
2008.05.16 11:34:45.676,1.54732,1.54742,24.40,5.20
2008.05.16 11:34:45.988,1.54732,1.54742,1.00,7.20
2008.05.16 11:34:46.610,1.54737,1.54741,18.60,4.20
2008.05.16 11:34:46.922,1.54735,1.54745,4.80,4.80
2008.05.16 11:34:47.534,1.54737,1.54747,12.60,8.40
2008.05.16 11:34:47.738,1.54738,1.54748,3.00,2.40
2008.05.16 11:34:47.943,1.54736,1.5475,27.60,2.40
2008.05.16 11:34:48.146,1.54737,1.54747,2.40,22.10
2008.05.16 11:34:48.458,1.54735,1.54745,12.60,8.40
2008.05.16 11:34:48.614,1.54734,1.54744,7.80,11.20
2008.05.16 11:34:49.266,1.54733,1.54743,21.40,4.80
2008.05.16 11:34:49.536,1.54729,1.54744,13.90,1.80
2008.05.16 11:34:49.807,1.54728,1.54743,19.20,9.00
2008.05.16 11:34:51.672,1.54727,1.54742,2.40,6.70
2008.05.16 11:34:51.881,1.54728,1.54738,6.00,8.40
2008.05.16 11:34:52.084,1.54727,1.54737,11.00,2.40
2008.05.16 11:34:52.288,1.54728,1.54738,3.00,4.80
2008.05.16 11:34:52.366,1.54729,1.54739,9.00,12.00
2008.05.16 11:34:52.446,1.54732,1.54742,7.20,4.80
2008.05.16 11:34:52.526,1.54733,1.54743,7.80,8.20
2008.05.16 11:34:52.954,1.54737,1.54747,7.80,8.70
2008.05.16 11:34:53.331,1.54738,1.54748,7.20,4.80
2008.05.16 11:34:54.212,1.54742,1.54747,5.40,7.80
2008.05.16 11:34:54.383,1.54743,1.54748,9.60,1.00
2008.05.16 11:34:54.537,1.54741,1.54751,7.20,3.60
2008.05.16 11:34:54.864,1.54743,1.54748,2.40,4.80
2008.05.16 11:34:55.178,1.54742,1.54747,7.80,1.90
2008.05.16 11:34:55.688,1.54739,1.54749,18.00,6.00
2008.05.16 11:34:56.032,1.54741,1.54751,5.40,11.20
2008.05.16 11:34:56.376,1.54745,1.5475,4.20,12.00
2008.05.16 11:34:56.891,1.54747,1.54752,15.00,1.00
2008.05.16 11:34:57.151,1.54742,1.54752,9.00,13.00
2008.05.16 11:34:57.975,1.54741,1.54751,1.00,2.80
2008.05.16 11:34:58.156,1.54741,1.54746,16.80,7.80
2008.05.16 11:34:58.337,1.54733,1.54743,11.40,3.00
2008.05.16 11:34:58.447,1.54731,1.54736,7.20,9.60
2008.05.16 11:34:58.554,1.54723,1.54728,3.00,4.80
2008.05.16 11:34:58.774,1.54715,1.5472,1.60,4.80
2008.05.16 11:34:58.990,1.5471,1.5472,4.80,4.20
2008.05.16 11:35:03.247,1.54743,1.54749,4.80,1.50
2008.05.16 11:35:03.733,1.54739,1.54743,1.00,4.40
2008.05.16 11:35:04.661,1.54732,1.54742,6.00,6.00
2008.05.16 11:35:05.001,1.54728,1.54738,21.20,3.60
2008.05.16 11:35:05.437,1.54726,1.54736,7.20,2.40
2008.05.16 11:35:06.346,1.54725,1.54735,15.60,7.80
2008.05.16 11:35:06.933,1.54724,1.54734,4.80,7.20
2008.05.16 11:35:07.229,1.54724,1.54734,11.00,1.80
2008.05.16 11:35:10.865,1.54725,1.54729,2.40,12.80
2008.05.16 11:35:11.609,1.54722,1.54732,10.20,2.40
2008.05.16 11:35:11.871,1.54722,1.54732,12.00,11.40
2008.05.16 11:35:12.333,1.54726,1.54731,2.40,4.80
2008.05.16 11:35:12.463,1.54727,1.54732,3.00,12.00
2008.05.16 11:35:12.598,1.54728,1.54733,7.20,4.80
2008.05.16 11:35:12.658,1.54729,1.54734,5.40,2.40
2008.05.16 11:35:12.718,1.5473,1.54735,1.20,2.40
2008.05.16 11:35:12.838,1.54731,1.54736,8.40,6.00
2008.05.16 11:35:12.962,1.5473,1.5474,9.00,4.80
2008.05.16 11:35:13.493,1.54729,1.54739,13.80,7.20
2008.05.16 11:35:13.833,1.54728,1.54738,3.00,12.10
2008.05.16 11:35:15.391,1.54728,1.54738,3.00,9.70
2008.05.16 11:35:15.478,1.54729,1.54739,2.40,3.00
2008.05.16 11:35:15.836,1.54732,1.54742,2.40,3.00
2008.05.16 11:35:17.821,1.54736,1.54741,1.80,8.40
2008.05.16 11:35:18.089,1.54737,1.54747,6.00,7.20
2008.05.16 11:35:18.357,1.54742,1.54752,4.20,7.20
2008.05.16 11:35:18.625,1.5475,1.5476,19.20,1.20
2008.05.16 11:35:18.766,1.54754,1.54769,11.40,5.40
2008.05.16 11:35:19.015,1.54754,1.54769,4.80,14.20
2008.05.16 11:35:19.142,1.54752,1.54762,7.20,1.00
2008.05.16 11:35:19.683,1.54745,1.54755,5.40,9.60
2008.05.16 11:35:20.649,1.54737,1.54747,2.40,3.00
2008.05.16 11:35:21.988,1.54734,1.54738,4.80,15.10
2008.05.16 11:35:22.053,1.54729,1.54734,7.80,9.00
2008.05.16 11:35:22.185,1.54725,1.5473,7.20,4.80
2008.05.16 11:35:22.405,1.54725,1.5473,1.20,2.40
2008.05.16 11:35:22.454,1.54723,1.54728,3.00,1.00
2008.05.16 11:35:22.777,1.54719,1.54729,27.60,2.40
2008.05.16 11:35:23.662,1.5472,1.54725,6.00,4.20
2008.05.16 11:35:24.001,1.54719,1.54729,2.40,1.00
2008.05.16 11:35:25.595,1.54723,1.54728,6.00,4.80
2008.05.16 11:35:25.706,1.54725,1.5473,2.40,14.40
2008.05.16 11:35:25.829,1.54727,1.54732,7.80,2.40
2008.05.16 11:35:25.953,1.54732,1.54737,7.80,8.40
2008.05.16 11:35:26.197,1.54733,1.54743,7.20,5.40
2008.05.16 11:35:26.353,1.54735,1.54745,4.80,6.00
2008.05.16 11:35:29.098,1.54738,1.54743,12.70,4.80
2008.05.16 11:35:29.285,1.54739,1.54745,12.00,9.30
2008.05.16 11:35:29.449,1.54735,1.54745,7.80,8.40
2008.05.16 11:35:29.613,1.54734,1.54744,1.00,1.80
2008.05.16 11:35:30.765,1.54733,1.54738,12.80,4.80
2008.05.16 11:35:31.014,1.5473,1.54735,3.60,10.20
2008.05.16 11:35:31.705,1.54727,1.54737,16.80,3.00
2008.05.16 11:35:32.461,1.54728,1.54732,8.40,7.20
2008.05.16 11:35:32.727,1.54724,1.54734,13.20,2.40
2008.05.16 11:35:34.917,1.54727,1.54732,1.80,10.20
2008.05.16 11:35:35.093,1.54726,1.54731,4.80,9.20
2008.05.16 11:35:35.265,1.54726,1.54731,18.00,1.20
2008.05.16 11:35:35.800,1.54725,1.5473,8.40,15.30
2008.05.16 11:35:36.509,1.54721,1.54731,6.00,6.60
2008.05.16 11:35:36.981,1.54722,1.54727,7.20,7.20
2008.05.16 11:35:37.158,1.54723,1.54728,8.40,40.80
2008.05.16 11:35:37.335,1.54723,1.54733,3.60,2.40
2008.05.16 11:35:37.522,1.54725,1.54735,2.40,2.40
2008.05.16 11:35:37.700,1.54726,1.54736,9.60,14.50
2008.05.16 11:35:38.039,1.54729,1.54739,10.70,4.80
2008.05.16 11:35:38.377,1.54729,1.54739,3.00,12.30
2008.05.16 11:35:38.717,1.54733,1.54738,2.40,6.00
2008.05.16 11:35:39.025,1.5473,1.5474,12.00,9.30
2008.05.16 11:35:39.333,1.54728,1.54738,1.80,6.60
2008.05.16 11:35:39.489,1.54729,1.54734,3.00,7.20
2008.05.16 11:35:39.645,1.54726,1.54731,12.60,4.80
2008.05.16 11:35:39.801,1.54719,1.54729,7.20,4.80
2008.05.16 11:35:40.105,1.54715,1.5472,3.00,16.00
2008.05.16 11:35:40.409,1.54708,1.54713,25.20,5.40
2008.05.16 11:35:40.716,1.54694,1.54709,10.80,9.00
2008.05.16 11:35:40.905,1.54696,1.547,2.40,4.80
2008.05.16 11:35:41.103,1.54701,1.54706,3.60,8.80
2008.05.16 11:35:41.291,1.54705,1.54715,4.80,7.20
2008.05.16 11:35:41.683,1.54709,1.54723,10.20,3.00
2008.05.16 11:35:41.869,1.54712,1.54727,1.20,34.40
2008.05.16 11:35:42.209,1.54716,1.54732,1.00,7.20
2008.05.16 11:35:42.549,1.54719,1.54733,6.60,7.20
2008.05.16 11:35:42.889,1.54721,1.54731,4.80,7.20
2008.05.16 11:35:43.229,1.54719,1.54735,3.00,3.00
2008.05.16 11:35:43.570,1.5472,1.54735,10.20,10.20
2008.05.16 11:35:43.909,1.5472,1.54735,2.40,2.80
2008.05.16 11:35:44.013,1.54719,1.54734,1.00,2.40
2008.05.16 11:35:44.117,1.5472,1.54735,8.40,2.50
2008.05.16 11:35:44.221,1.5472,1.54735,20.20,2.40
2008.05.16 11:35:44.425,1.54722,1.54732,10.80,3.00
2008.05.16 11:35:44.529,1.54724,1.54734,1.20,2.40
2008.05.16 11:35:44.633,1.54723,1.54738,2.40,3.60
2008.05.16 11:35:44.737,1.54722,1.54742,3.60,1.00
2008.05.16 11:35:44.841,1.54725,1.5474,9.60,3.60
2008.05.16 11:35:45.117,1.54727,1.54742,2.40,27.60
2008.05.16 11:35:45.187,1.54734,1.54738,5.40,7.20
2008.05.16 11:35:45.394,1.54731,1.54741,3.00,1.00
2008.05.16 11:35:45.671,1.54731,1.54741,9.00,6.10
2008.05.16 11:35:45.947,1.54729,1.54739,1.00,4.40
2008.05.16 11:35:46.045,1.54729,1.54739,4.80,10.30
2008.05.16 11:35:46.338,1.54725,1.5474,12.00,2.40
2008.05.16 11:35:46.438,1.54727,1.54737,18.00,7.80
2008.05.16 11:35:46.538,1.54725,1.54735,1.00,12.70
2008.05.16 11:35:46.925,1.54723,1.54733,2.40,4.80
2008.05.16 11:35:47.125,1.54726,1.5473,9.00,6.10
2008.05.16 11:35:47.193,1.54727,1.54732,2.40,2.40
2008.05.16 11:35:47.461,1.54728,1.54733,5.50,6.40
2008.05.16 11:35:47.597,1.54732,1.54737,15.60,1.20
2008.05.16 11:35:47.733,1.54735,1.5474,3.00,8.40
2008.05.16 11:35:48.337,1.54734,1.54744,13.80,9.60
2008.05.16 11:35:48.677,1.54735,1.54745,7.80,10.20
2008.05.16 11:35:49.233,1.54734,1.54749,3.00,11.50
2008.05.16 11:35:49.453,1.54736,1.54746,6.00,13.90
2008.05.16 11:35:49.675,1.54735,1.54745,12.00,1.90
2008.05.16 11:35:50.589,1.54735,1.54745,6.00,2.40
2008.05.16 11:35:51.074,1.54737,1.54747,2.40,8.50
2008.05.16 11:35:51.530,1.54738,1.54743,1.00,8.40
2008.05.16 11:35:51.630,1.54736,1.54741,15.00,9.00
2008.05.16 11:35:51.730,1.54734,1.54739,7.80,2.40
2008.05.16 11:35:51.930,1.54733,1.54738,6.00,4.50
2008.05.16 11:35:52.030,1.54732,1.54737,12.00,51.40
2008.05.16 11:35:52.226,1.54731,1.54736,3.60,8.80
2008.05.16 11:35:52.906,1.5473,1.54735,12.60,2.70
2008.05.16 11:35:59.641,1.54729,1.54734,6.00,3.00
2008.05.16 11:35:59.837,1.54728,1.54733,2.40,10.20
2008.05.16 11:36:02.842,1.54719,1.54725,1.00,7.80
2008.05.16 11:36:02.970,1.54723,1.54728,4.80,3.00
2008.05.16 11:36:03.223,1.54727,1.54732,4.80,4.80
2008.05.16 11:36:05.373,1.54729,1.54739,3.60,8.80
2008.05.16 11:36:05.518,1.54736,1.54741,5.40,15.00
2008.05.16 11:36:05.663,1.54739,1.54744,8.40,9.10
2008.05.16 11:36:05.809,1.54741,1.54746,11.40,5.80
2008.05.16 11:36:06.289,1.54745,1.5475,7.20,8.80
2008.05.16 11:36:10.499,1.54749,1.54755,4.80,13.30
2008.05.16 11:36:11.367,1.54754,1.54759,7.60,1.00
2008.05.16 11:36:11.655,1.54759,1.54764,12.00,7.80
2008.05.16 11:36:12.457,1.54763,1.54768,1.80,6.00
2008.05.16 11:36:12.693,1.54762,1.54772,2.40,3.00
2008.05.16 11:36:12.929,1.54764,1.54774,16.80,3.10
2008.05.16 11:36:13.165,1.54769,1.54774,25.80,29.50
2008.05.16 11:36:17.173,1.5477,1.54775,8.40,8.40
2008.05.16 11:36:17.437,1.54771,1.54776,2.40,2.40
2008.05.16 11:36:18.204,1.54772,1.54777,1.00,2.40
2008.05.16 11:36:18.452,1.54771,1.54781,1.00,2.40
2008.05.16 11:36:18.953,1.54773,1.54783,22.20,9.60
2008.05.16 11:36:20.840,1.54774,1.54784,17.40,2.40
2008.05.16 11:36:20.941,1.54773,1.54788,4.80,1.50
2008.05.16 11:36:21.365,1.5478,1.5479,13.20,8.40
2008.05.16 11:36:22.009,1.54785,1.54795,4.80,1.20
2008.05.16 11:36:22.733,1.54793,1.54798,8.40,15.60
2008.05.16 11:36:23.698,1.54797,1.54802,6.00,9.70
2008.05.16 11:36:23.814,1.548,1.5481,2.20,1.00
2008.05.16 11:36:23.930,1.54809,1.54814,5.40,1.20
2008.05.16 11:36:24.157,1.54812,1.54816,9.60,3.60
2008.05.16 11:36:24.273,1.54807,1.54811,16.80,4.80
2008.05.16 11:36:24.389,1.54802,1.54807,6.60,15.60
2008.05.16 11:36:24.505,1.54797,1.54802,2.40,6.00
2008.05.16 11:36:24.853,1.54792,1.54797,4.80,3.00
2008.05.16 11:36:25.089,1.54785,1.54795,26.40,4.80
2008.05.16 11:36:25.325,1.54782,1.54792,2.40,8.40
2008.05.16 11:36:25.561,1.54777,1.54787,1.20,2.40
2008.05.16 11:36:26.104,1.54775,1.54779,4.80,13.20
2008.05.16 11:36:27.585,1.5477,1.54775,17.10,1.90
2008.05.16 11:36:27.841,1.54765,1.5477,7.20,2.40
2008.05.16 11:36:28.065,1.54759,1.54764,9.00,10.20
2008.05.16 11:36:28.289,1.54754,1.54759,1.00,4.80
2008.05.16 11:36:29.561,1.54749,1.54754,3.60,2.40
2008.05.16 11:36:29.861,1.54744,1.54749,16.80,7.80
2008.05.16 11:36:30.105,1.54737,1.54747,4.80,2.20
2008.05.16 11:36:30.349,1.54732,1.54742,2.40,3.30
2008.05.16 11:36:30.593,1.54725,1.54735,11.00,1.80
2008.05.16 11:36:30.837,1.5472,1.54724,3.60,9.00
2008.05.16 11:36:31.081,1.54712,1.54716,9.00,5.20
2008.05.16 11:36:31.421,1.54705,1.54711,6.60,12.60
2008.05.16 11:36:31.761,1.54705,1.5471,1.20,4.80
2008.05.16 11:36:32.101,1.54712,1.54716,4.80,1.80
2008.05.16 11:36:32.297,1.5472,1.54725,11.40,6.00
2008.05.16 11:36:34.122,1.54728,1.54733,3.60,2.40
2008.05.16 11:36:34.333,1.54735,1.5474,7.80,4.80
2008.05.16 11:36:34.441,1.54741,1.54747,3.60,4.20
2008.05.16 11:36:34.769,1.54748,1.54752,8.00,2.40
2008.05.16 11:36:34.877,1.54752,1.54757,4.80,4.80
2008.05.16 11:36:34.985,1.54756,1.54762,4.80,7.20
2008.05.16 11:36:49.822,1.54761,1.54766,2.40,6.10
2008.05.16 11:36:49.891,1.54766,1.54771,7.80,2.40
2008.05.16 11:36:49.931,1.54771,1.54776,15.60,9.00
2008.05.16 11:36:50.205,1.54774,1.54779,2.40,6.00
2008.05.16 11:36:50.245,1.54776,1.54781,2.40,1.80
2008.05.16 11:36:54.737,1.54777,1.54782,18.30,16.30
2008.05.16 11:36:57.836,1.54778,1.54783,8.40,1.00
2008.05.16 11:36:58.034,1.54779,1.54784,4.80,2.20
2008.05.16 11:36:58.229,1.5478,1.54785,2.40,8.40
2008.05.16 11:36:58.426,1.54782,1.54787,5.40,9.70
2008.05.16 11:36:58.582,1.54783,1.54788,13.60,2.40
2008.05.16 11:36:58.737,1.54784,1.54789,2.40,1.20
2008.05.16 11:36:58.893,1.54788,1.54793,6.60,2.40
2008.05.16 11:36:59.353,1.54793,1.54798,10.20,11.50
2008.05.16 11:36:59.693,1.54796,1.548,6.00,4.80
2008.05.16 11:37:01.364,1.54787,1.54793,9.60,1.00
2008.05.16 11:37:01.574,1.54786,1.54791,21.00,3.60
2008.05.16 11:37:01.683,1.54784,1.54789,13.80,1.00
2008.05.16 11:37:01.790,1.54783,1.54788,1.80,9.00
2008.05.16 11:37:04.327,1.54781,1.54786,21.60,4.80
2008.05.16 11:37:04.732,1.5478,1.54785,13.20,2.40
2008.05.16 11:37:06.732,1.54778,1.54783,2.40,12.10
2008.05.16 11:37:06.857,1.54777,1.54782,2.40,15.00
2008.05.16 11:37:06.978,1.54776,1.54781,7.20,7.80
2008.05.16 11:37:07.223,1.54775,1.5478,7.80,6.00
2008.05.16 11:37:07.347,1.54774,1.54779,7.60,1.00
2008.05.16 11:37:07.471,1.54773,1.54778,1.00,4.60
2008.05.16 11:37:07.671,1.54768,1.54773,12.00,21.30
2008.05.16 11:37:07.871,1.54763,1.54768,8.40,12.60
2008.05.16 11:37:08.071,1.54757,1.54762,2.40,2.40
2008.05.16 11:37:11.171,1.54751,1.54755,17.40,4.80
2008.05.16 11:37:11.314,1.54743,1.54747,13.80,6.50
2008.05.16 11:37:11.473,1.54735,1.54741,4.20,7.30
2008.05.16 11:37:11.603,1.54729,1.54734,2.40,10.80
2008.05.16 11:37:11.748,1.54727,1.54733,12.00,4.80
2008.05.16 11:37:11.892,1.54734,1.5474,2.40,17.80
2008.05.16 11:37:12.238,1.54744,1.54749,8.40,2.10
2008.05.16 11:37:12.932,1.54754,1.54759,7.20,7.00
2008.05.16 11:37:13.108,1.54764,1.54768,15.60,7.20
2008.05.16 11:37:13.235,1.5477,1.54775,7.20,4.20
2008.05.16 11:37:14.990,1.54778,1.54783,2.40,10.20
2008.05.16 11:37:26.055,1.54783,1.54787,10.20,1.20
2008.05.16 11:37:26.263,1.54784,1.54794,9.00,6.00
2008.05.16 11:37:32.536,1.54787,1.54797,8.40,1.90
2008.05.16 11:37:33.967,1.54789,1.54799,6.00,2.40
2008.05.16 11:37:34.387,1.5479,1.548,4.80,2.40
2008.05.16 11:37:34.687,1.54792,1.54802,13.80,7.20
2008.05.16 11:37:35.225,1.54795,1.548,4.20,4.80
2008.05.16 11:37:35.469,1.54794,1.54799,4.80,7.20
2008.05.16 11:37:35.711,1.54793,1.54803,3.60,15.10
2008.05.16 11:37:35.950,1.54794,1.54804,9.60,4.20
2008.05.16 11:37:36.191,1.54796,1.54806,8.40,2.40
2008.05.16 11:37:36.387,1.54799,1.54809,2.20,2.40
2008.05.16 11:37:42.666,1.54803,1.54808,10.80,3.30
2008.05.16 11:37:42.795,1.54804,1.54809,16.50,2.40
2008.05.16 11:37:43.047,1.54805,1.5481,2.40,1.80
2008.05.16 11:37:43.174,1.54807,1.54812,7.80,6.00
2008.05.16 11:37:43.303,1.54811,1.54816,4.80,9.60
2008.05.16 11:37:43.690,1.54813,1.54823,10.20,4.80
2008.05.16 11:37:44.034,1.54819,1.54829,4.20,8.70
2008.05.16 11:37:44.370,1.54828,1.54838,9.00,4.80
2008.05.16 11:37:44.710,1.54835,1.54845,2.40,16.20
2008.05.16 11:37:45.218,1.54844,1.54854,3.00,16.00
2008.05.16 11:37:45.474,1.54854,1.54864,6.60,7.20
2008.05.16 11:37:47.040,1.54866,1.54871,7.20,2.40
2008.05.16 11:37:47.221,1.5487,1.54874,7.20,4.80
2008.05.16 11:37:47.403,1.54867,1.54872,7.20,4.80
2008.05.16 11:37:47.582,1.54861,1.54865,13.60,2.40
2008.05.16 11:37:47.775,1.5485,1.5486,2.40,12.10
2008.05.16 11:37:48.018,1.54845,1.54855,6.00,10.30
2008.05.16 11:37:48.262,1.5484,1.5485,7.80,8.40
2008.05.16 11:37:49.118,1.54838,1.54843,22.00,3.00
2008.05.16 11:37:49.460,1.54834,1.5484,4.80,9.90
2008.05.16 11:37:49.799,1.5483,1.54835,22.80,2.40
2008.05.16 11:37:49.938,1.54826,1.54831,6.90,1.00
2008.05.16 11:37:50.214,1.54821,1.54826,13.20,8.40
2008.05.16 11:37:50.626,1.54818,1.54828,1.20,14.40
2008.05.16 11:37:51.187,1.54817,1.54827,8.40,1.20
2008.05.16 11:37:51.484,1.54816,1.54826,7.80,18.00
2008.05.16 11:37:51.770,1.54814,1.54824,6.00,19.40
2008.05.16 11:37:53.206,1.54813,1.54823,7.80,4.80
2008.05.16 11:37:54.696,1.54814,1.54824,4.80,12.60
2008.05.16 11:37:55.019,1.54816,1.54826,12.00,8.40
2008.05.16 11:37:55.122,1.54817,1.54827,4.90,4.80
2008.05.16 11:37:55.927,1.54819,1.54829,4.80,2.70
2008.05.16 11:37:56.123,1.5482,1.5483,13.20,11.40
2008.05.16 11:37:56.341,1.54822,1.54832,6.00,7.80
2008.05.16 11:37:57.507,1.54823,1.54833,23.70,1.00
2008.05.16 11:38:05.059,1.54813,1.54823,4.80,1.20
2008.05.16 11:38:05.966,1.54809,1.54819,2.40,6.60
2008.05.16 11:38:06.666,1.54804,1.54814,2.40,20.20
2008.05.16 11:38:06.862,1.54799,1.54814,8.70,3.60
2008.05.16 11:38:07.058,1.54804,1.54809,7.20,1.20
2008.05.16 11:38:07.255,1.54803,1.54808,9.60,6.00
2008.05.16 11:38:07.451,1.54803,1.54808,5.40,10.80
2008.05.16 11:38:07.975,1.54804,1.54809,18.80,2.40
2008.05.16 11:38:08.238,1.54805,1.5481,13.80,4.80
2008.05.16 11:38:09.044,1.54806,1.54811,2.40,12.70
2008.05.16 11:38:09.226,1.54806,1.54811,9.00,3.00
2008.05.16 11:38:09.411,1.54805,1.5481,7.20,8.80
2008.05.16 11:38:09.594,1.54801,1.54811,3.00,1.80
2008.05.16 11:38:11.151,1.54802,1.54807,45.30,2.40
2008.05.16 11:38:11.491,1.54798,1.54808,6.00,2.40
2008.05.16 11:38:12.150,1.54797,1.54807,4.80,4.80
2008.05.16 11:38:12.330,1.54799,1.54809,15.00,2.40
2008.05.16 11:38:12.500,1.54799,1.54814,7.20,5.40
2008.05.16 11:38:13.177,1.54805,1.5481,6.60,8.70
2008.05.16 11:38:13.519,1.54806,1.54811,6.60,6.00
2008.05.16 11:38:13.743,1.54809,1.54814,3.00,8.40
2008.05.16 11:38:17.854,1.54809,1.54814,4.80,7.20
2008.05.16 11:38:18.123,1.5481,1.54815,11.40,6.40
2008.05.16 11:38:18.378,1.54806,1.54816,1.20,5.80
2008.05.16 11:38:18.634,1.54805,1.54815,8.40,9.30
2008.05.16 11:38:19.394,1.54803,1.54813,3.60,2.40
2008.05.16 11:38:21.056,1.54802,1.54812,4.80,1.00
2008.05.16 11:38:21.360,1.548,1.5481,1.80,4.80
2008.05.16 11:38:21.593,1.54799,1.54809,1.80,8.40
2008.05.16 11:38:21.710,1.54798,1.54808,4.80,13.30
2008.05.16 11:38:22.612,1.54799,1.54804,7.80,6.30
2008.05.16 11:38:22.840,1.54793,1.54809,22.80,3.00
2008.05.16 11:38:23.074,1.54796,1.54806,3.60,3.00
2008.05.16 11:38:23.628,1.54794,1.54804,1.20,5.80
2008.05.16 11:38:23.873,1.54792,1.54802,5.40,5.40
2008.05.16 11:38:23.952,1.54789,1.54799,11.60,4.80
2008.05.16 11:38:24.051,1.54783,1.54793,7.20,9.70
2008.05.16 11:38:24.146,1.54775,1.54785,2.40,12.70
2008.05.16 11:38:24.242,1.54768,1.54773,22.20,9.60
2008.05.16 11:38:26.307,1.54755,1.5477,2.40,11.40
2008.05.16 11:38:27.876,1.54758,1.54764,9.10,4.80
2008.05.16 11:38:28.087,1.54763,1.54773,20.40,7.80
2008.05.16 11:38:28.295,1.54772,1.54782,7.20,1.00
2008.05.16 11:38:28.502,1.54779,1.54789,6.60,19.00
2008.05.16 11:38:29.063,1.54787,1.54797,4.80,9.00
2008.05.16 11:38:29.359,1.5479,1.548,2.40,12.70
2008.05.16 11:38:29.618,1.54793,1.54803,4.80,23.50
2008.05.16 11:38:29.778,1.54796,1.54801,6.00,8.70
2008.05.16 11:38:29.938,1.54795,1.54805,5.40,1.80
2008.05.16 11:38:30.418,1.54796,1.54806,3.60,13.30
2008.05.16 11:38:30.590,1.54798,1.54808,7.80,4.80
2008.05.16 11:38:30.930,1.54794,1.54814,8.40,2.40
2008.05.16 11:38:31.270,1.54798,1.54813,7.80,8.40
2008.05.16 11:38:31.610,1.54799,1.54814,11.40,3.60
2008.05.16 11:38:31.915,1.54803,1.54813,6.00,7.20
2008.05.16 11:38:32.218,1.54802,1.54812,3.00,6.40
2008.05.16 11:38:32.525,1.548,1.5481,13.80,1.00
2008.05.16 11:38:32.827,1.548,1.5481,2.40,6.00
2008.05.16 11:38:37.350,1.54802,1.54812,12.00,3.00
2008.05.16 11:38:37.467,1.54803,1.54813,2.40,2.70
2008.05.16 11:38:37.707,1.54805,1.54815,2.40,2.40
2008.05.16 11:38:37.947,1.54806,1.54816,6.90,1.80
2008.05.16 11:38:38.186,1.54808,1.54818,9.00,1.20
2008.05.16 11:38:38.426,1.54808,1.54818,6.60,15.60
2008.05.16 11:38:39.094,1.54805,1.54815,7.80,11.40
2008.05.16 11:38:39.231,1.54806,1.54811,3.60,2.40
2008.05.16 11:38:39.366,1.54797,1.54812,7.20,4.80
2008.05.16 11:38:39.502,1.54795,1.54805,7.80,13.80
2008.05.16 11:38:41.099,1.5479,1.548,12.00,4.80
2008.05.16 11:38:41.403,1.54786,1.54796,6.00,4.80
2008.05.16 11:38:41.708,1.54782,1.54792,1.00,1.00
2008.05.16 11:38:41.953,1.54779,1.54789,4.20,8.40
2008.05.16 11:38:42.198,1.54779,1.54789,2.40,9.30
2008.05.16 11:38:42.322,1.54777,1.54787,6.60,3.00
2008.05.16 11:38:44.567,1.54778,1.54788,1.00,15.60
2008.05.16 11:38:44.850,1.54783,1.54788,7.80,7.20
2008.05.16 11:38:44.974,1.54786,1.54796,1.80,14.00
2008.05.16 11:38:45.218,1.54794,1.54804,13.80,1.00
2008.05.16 11:38:45.342,1.54807,1.54817,8.40,2.40
2008.05.16 11:38:45.466,1.54821,1.54831,1.20,2.40
2008.05.16 11:38:45.590,1.54836,1.54846,8.40,2.40
2008.05.16 11:38:48.353,1.54843,1.54853,7.00,8.40
2008.05.16 11:38:48.504,1.5484,1.5485,17.10,1.90
2008.05.16 11:38:48.605,1.54835,1.54845,2.40,6.00
2008.05.16 11:38:49.037,1.54831,1.54836,7.80,18.60
2008.05.16 11:38:49.062,1.54826,1.54831,4.80,8.80
2008.05.16 11:38:49.132,1.54821,1.54826,3.60,1.00
2008.05.16 11:38:49.202,1.54817,1.54821,9.00,4.80
2008.05.16 11:38:49.254,1.54811,1.54817,4.80,11.80
2008.05.16 11:38:49.388,1.54805,1.54815,13.30,10.00
2008.05.16 11:38:49.696,1.54803,1.54813,6.60,15.30
2008.05.16 11:38:50.322,1.54802,1.54812,10.20,4.80
2008.05.16 11:38:51.696,1.548,1.5481,17.60,15.60
2008.05.16 11:38:52.147,1.54799,1.54809,11.40,2.40
2008.05.16 11:38:52.266,1.54799,1.54809,5.40,3.00
2008.05.16 11:38:52.380,1.54798,1.54808,25.20,6.60
2008.05.16 11:38:52.606,1.54802,1.54807,7.30,4.20
2008.05.16 11:38:52.722,1.54801,1.54811,1.00,10.00
2008.05.16 11:38:52.842,1.54802,1.54812,6.60,12.90
2008.05.16 11:38:52.976,1.54803,1.54813,2.40,7.20
2008.05.16 11:38:53.550,1.54805,1.54815,1.00,17.40
2008.05.16 11:38:54.383,1.54803,1.54813,33.00,7.80
2008.05.16 11:38:57.590,1.54804,1.54809,7.50,2.40
2008.05.16 11:38:57.721,1.548,1.5481,5.40,2.40
2008.05.16 11:38:57.846,1.54799,1.54809,1.80,6.00
2008.05.16 11:38:57.974,1.54797,1.54807,7.30,4.20
2008.05.16 11:38:58.102,1.54795,1.54805,3.70,4.60
2008.05.16 11:38:59.064,1.54796,1.54801,3.00,1.20
2008.05.16 11:38:59.171,1.54795,1.548,9.60,4.80
2008.05.16 11:38:59.290,1.54789,1.54799,7.20,4.80
2008.05.16 11:38:59.726,1.54787,1.54797,13.20,4.20
2008.05.16 11:39:05.194,1.54788,1.54792,9.00,1.20
2008.05.16 11:39:05.330,1.54787,1.54792,4.20,8.70
2008.05.16 11:39:05.440,1.54786,1.54791,6.00,1.80
2008.05.16 11:39:05.684,1.54784,1.54789,4.80,7.20
2008.05.16 11:39:05.809,1.54783,1.54788,4.80,23.50
2008.05.16 11:39:05.933,1.54777,1.54787,6.60,4.80
2008.05.16 11:39:06.056,1.54772,1.54782,6.40,8.40
2008.05.16 11:39:06.180,1.54769,1.54779,6.00,3.90
2008.05.16 11:39:07.604,1.54768,1.54778,3.60,7.80
2008.05.16 11:39:08.164,1.54769,1.54774,7.80,4.80
2008.05.16 11:39:08.460,1.54767,1.54772,11.40,2.40
2008.05.16 11:39:08.756,1.54765,1.54775,4.80,1.20
2008.05.16 11:39:09.192,1.54764,1.54774,11.40,9.10
2008.05.16 11:39:10.949,1.54761,1.54771,6.00,4.80
2008.05.16 11:39:11.069,1.54755,1.54765,10.80,4.80
2008.05.16 11:39:11.124,1.54751,1.54761,4.20,6.00
2008.05.16 11:39:11.221,1.54744,1.54754,8.40,2.70
2008.05.16 11:39:11.270,1.54743,1.54753,7.80,10.50
2008.05.16 11:39:11.394,1.54748,1.54758,8.40,5.80
2008.05.16 11:39:16.998,1.54755,1.54765,5.40,8.30
2008.05.16 11:39:20.116,1.54761,1.54771,7.20,12.00
2008.05.16 11:39:20.224,1.54765,1.54775,19.80,6.00
2008.05.16 11:39:20.385,1.54766,1.54776,14.40,9.40
2008.05.16 11:39:20.448,1.54767,1.54772,2.40,6.00
2008.05.16 11:39:20.514,1.54764,1.54774,7.80,6.00
2008.05.16 11:39:20.708,1.54762,1.54772,2.40,6.00
2008.05.16 11:39:21.134,1.5476,1.5477,2.10,4.80
2008.05.16 11:39:21.488,1.54763,1.54767,7.80,9.00
2008.05.16 11:39:21.668,1.54762,1.54772,23.40,1.00
2008.05.16 11:39:22.024,1.54763,1.54773,9.60,10.20
2008.05.16 11:39:22.204,1.54765,1.54775,3.00,1.20
2008.05.16 11:39:22.540,1.54766,1.54776,13.80,27.60
2008.05.16 11:39:22.876,1.54768,1.54778,1.80,4.00
2008.05.16 11:39:23.428,1.54773,1.54778,1.00,10.60
2008.05.16 11:39:23.648,1.54774,1.54784,6.00,3.60
2008.05.16 11:39:27.624,1.54776,1.54786,4.80,1.80
2008.05.16 11:39:27.914,1.54778,1.54788,2.40,12.10
2008.05.16 11:39:28.200,1.54779,1.54789,5.40,2.40
2008.05.16 11:39:30.630,1.54781,1.54791,6.40,10.20
2008.05.16 11:39:30.679,1.54778,1.54788,12.80,4.80
2008.05.16 11:39:30.867,1.54776,1.54786,11.40,20.70
2008.05.16 11:39:31.016,1.54778,1.54783,12.00,1.00
2008.05.16 11:39:31.166,1.54774,1.54784,7.20,2.10
2008.05.16 11:39:31.325,1.54773,1.54783,3.60,5.40
2008.05.16 11:39:31.775,1.54772,1.54782,13.20,15.60
2008.05.16 11:39:32.591,1.5477,1.5478,3.60,6.00
2008.05.16 11:39:33.788,1.5477,1.5478,1.20,15.40
2008.05.16 11:39:35.320,1.54774,1.5478,13.80,4.80
2008.05.16 11:39:35.720,1.54776,1.54781,31.50,20.20
2008.05.16 11:39:35.989,1.54781,1.54786,11.40,1.00
2008.05.16 11:39:36.127,1.54786,1.54796,2.40,9.00
2008.05.16 11:39:36.246,1.54794,1.54804,4.80,4.80
2008.05.16 11:39:36.348,1.54797,1.54807,2.40,3.50
2008.05.16 11:39:38.565,1.54793,1.54803,6.00,2.40
2008.05.16 11:39:43.880,1.54787,1.54797,1.00,7.80
2008.05.16 11:39:45.156,1.54782,1.54792,6.60,4.20
2008.05.16 11:39:48.273,1.54779,1.54789,1.20,8.40
2008.05.16 11:39:48.680,1.54777,1.54787,2.40,6.00
2008.05.16 11:39:48.829,1.54776,1.54786,8.40,1.00
2008.05.16 11:39:48.978,1.54775,1.54785,11.40,2.40
2008.05.16 11:39:49.124,1.54775,1.54785,4.80,1.00
2008.05.16 11:39:49.275,1.54775,1.54785,2.40,5.70
2008.05.16 11:39:49.424,1.54773,1.54783,1.60,11.50
2008.05.16 11:39:49.784,1.54773,1.54783,9.00,6.00
2008.05.16 11:39:50.225,1.54773,1.54783,1.00,6.40
2008.05.16 11:39:50.441,1.54776,1.54781,9.60,2.80
2008.05.16 11:39:50.657,1.54775,1.5478,7.20,4.80
2008.05.16 11:39:50.812,1.5477,1.5478,2.40,3.00
2008.05.16 11:39:50.968,1.54768,1.54778,5.40,2.40
2008.05.16 11:39:51.440,1.54768,1.54773,11.10,7.20
2008.05.16 11:39:51.597,1.54761,1.54771,6.00,15.40
2008.05.16 11:39:51.904,1.54757,1.54767,7.20,4.80
2008.05.16 11:39:53.124,1.54756,1.54766,2.40,6.90
2008.05.16 11:40:05.957,1.54745,1.54755,18.30,15.10
2008.05.16 11:40:06.330,1.54747,1.54757,7.50,2.40
2008.05.16 11:40:06.538,1.54745,1.54755,1.00,13.80
2008.05.16 11:40:07.954,1.54746,1.54751,5.40,9.70
2008.05.16 11:40:08.215,1.54745,1.5475,8.40,7.20
2008.05.16 11:40:08.365,1.54741,1.54751,2.40,3.00
2008.05.16 11:40:08.631,1.54739,1.54749,10.80,3.30
2008.05.16 11:40:08.767,1.54739,1.54749,5.40,4.80
2008.05.16 11:40:10.639,1.54739,1.54749,1.20,4.20
2008.05.16 11:40:11.475,1.54741,1.54751,18.60,2.40
2008.05.16 11:40:13.143,1.54741,1.54751,12.60,4.80
2008.05.16 11:40:13.307,1.54739,1.54749,10.60,4.80
2008.05.16 11:40:13.631,1.54738,1.54748,2.40,9.10
2008.05.16 11:40:13.984,1.54736,1.54746,3.00,2.40
2008.05.16 11:40:14.323,1.54731,1.54741,13.20,2.40
2008.05.16 11:40:14.663,1.54731,1.54736,2.40,9.30
2008.05.16 11:40:14.779,1.54727,1.54737,5.40,6.00
2008.05.16 11:40:14.895,1.54727,1.54737,2.40,10.30
2008.05.16 11:40:15.011,1.54729,1.54739,3.60,2.40
2008.05.16 11:40:15.350,1.54735,1.54745,3.60,6.90
2008.05.16 11:40:15.467,1.54742,1.54752,4.80,1.20
2008.05.16 11:40:16.184,1.54753,1.54758,6.00,18.60
2008.05.16 11:40:16.432,1.54762,1.54772,3.60,19.60
2008.05.16 11:40:16.679,1.54771,1.54781,8.40,6.00
2008.05.16 11:40:16.799,1.54775,1.54785,7.20,7.80
2008.05.16 11:40:16.923,1.54773,1.54783,7.20,4.80
2008.05.16 11:40:17.044,1.54769,1.54774,10.60,1.20
2008.05.16 11:40:17.164,1.54759,1.54769,15.00,11.20
2008.05.16 11:40:17.405,1.54753,1.54763,5.40,2.10
2008.05.16 11:40:18.728,1.54751,1.54756,8.40,3.00
2008.05.16 11:40:19.069,1.54748,1.54753,1.00,16.40
2008.05.16 11:40:19.410,1.54744,1.54754,7.60,1.00
2008.05.16 11:40:19.751,1.54743,1.54753,2.40,4.80
2008.05.16 11:40:20.009,1.54746,1.5475,3.60,3.00
2008.05.16 11:40:20.251,1.54748,1.54752,2.40,1.00
2008.05.16 11:40:20.496,1.54746,1.54756,16.80,2.40
2008.05.16 11:40:21.536,1.54748,1.54754,2.40,1.80
2008.05.16 11:40:21.921,1.54749,1.54753,19.20,9.00
2008.05.16 11:40:23.006,1.5475,1.54754,19.80,6.00
2008.05.16 11:40:23.063,1.54748,1.54754,19.80,4.80
2008.05.16 11:40:23.301,1.54747,1.54752,2.40,6.00
2008.05.16 11:40:23.347,1.54747,1.54752,18.60,5.40
2008.05.16 11:40:23.396,1.54748,1.54753,1.20,7.20
2008.05.16 11:40:23.539,1.54747,1.54752,6.60,4.80
2008.05.16 11:40:23.631,1.54747,1.54752,1.00,4.40
2008.05.16 11:40:23.723,1.54746,1.54756,6.60,1.00
2008.05.16 11:40:23.771,1.54748,1.54758,1.00,15.60
2008.05.16 11:40:23.823,1.54749,1.54759,1.20,7.60
2008.05.16 11:40:24.340,1.5475,1.5476,7.80,9.60
2008.05.16 11:40:24.680,1.54752,1.54762,21.30,15.40
2008.05.16 11:40:25.028,1.54752,1.54762,3.00,5.40
2008.05.16 11:40:25.359,1.54753,1.54763,4.80,11.40
2008.05.16 11:40:25.662,1.54754,1.54759,3.00,6.00
2008.05.16 11:40:25.968,1.54749,1.54759,4.80,12.00
2008.05.16 11:40:26.272,1.54748,1.54758,2.40,7.80
2008.05.16 11:40:27.075,1.54744,1.54754,1.80,10.10
2008.05.16 11:40:27.279,1.54744,1.54749,15.60,3.00
2008.05.16 11:40:27.495,1.54741,1.54746,8.40,7.30
2008.05.16 11:40:27.711,1.54734,1.54744,24.60,10.80
2008.05.16 11:40:29.524,1.5473,1.5474,10.20,6.60
2008.05.16 11:40:29.711,1.54725,1.54735,4.80,30.90
2008.05.16 11:40:29.899,1.5472,1.5473,14.40,1.00
2008.05.16 11:40:31.391,1.54714,1.54724,1.20,2.40
2008.05.16 11:40:31.527,1.54713,1.54723,7.20,4.70
2008.05.16 11:40:31.795,1.54724,1.54729,18.60,4.80
2008.05.16 11:40:31.931,1.54733,1.54738,6.00,2.40
2008.05.16 11:40:32.067,1.54739,1.54744,6.00,8.20
2008.05.16 11:40:32.335,1.54746,1.54752,8.40,7.30
2008.05.16 11:40:32.419,1.5475,1.54755,10.20,9.60
2008.05.16 11:40:32.471,1.54749,1.54759,6.60,4.80
2008.05.16 11:40:36.017,1.5475,1.5476,4.80,7.20
2008.05.16 11:40:36.103,1.54752,1.54762,21.60,6.00
2008.05.16 11:40:36.275,1.54749,1.54759,3.00,9.00
2008.05.16 11:40:37.027,1.54748,1.54758,7.20,4.20
2008.05.16 11:40:37.345,1.54746,1.54756,2.40,9.00
2008.05.16 11:40:37.970,1.54743,1.54753,22.90,10.20
2008.05.16 11:40:39.689,1.54744,1.54749,2.40,1.00
2008.05.16 11:40:39.769,1.54743,1.54748,3.60,14.60
2008.05.16 11:40:39.852,1.54745,1.5475,3.60,17.20
2008.05.16 11:40:39.928,1.54746,1.54751,7.80,7.20
2008.05.16 11:40:40.007,1.54749,1.54754,2.40,2.40
2008.05.16 11:40:40.163,1.54752,1.54757,4.80,3.90
2008.05.16 11:40:40.243,1.54753,1.54758,5.40,5.40
2008.05.16 11:40:40.855,1.54752,1.54762,18.60,2.40
2008.05.16 11:40:44.203,1.54753,1.54763,16.50,2.40
2008.05.16 11:40:49.503,1.54757,1.54762,6.60,1.00
2008.05.16 11:40:51.206,1.54756,1.54766,4.80,4.80
2008.05.16 11:40:51.373,1.5476,1.54765,3.00,8.40
2008.05.16 11:40:51.539,1.54761,1.54766,48.60,1.30
2008.05.16 11:40:51.707,1.54762,1.54767,15.00,2.40
2008.05.16 11:40:51.875,1.54762,1.54767,1.00,18.70
2008.05.16 11:40:54.585,1.54764,1.54769,13.80,7.60
2008.05.16 11:40:54.809,1.54764,1.54769,4.80,4.80
2008.05.16 11:40:55.031,1.54762,1.54767,2.40,4.50
2008.05.16 11:40:55.255,1.5476,1.54765,4.80,4.80
2008.05.16 11:40:55.459,1.54756,1.54761,1.00,2.40
2008.05.16 11:40:55.863,1.54752,1.54757,9.00,4.80
2008.05.16 11:40:58.139,1.54751,1.54755,11.40,11.40
2008.05.16 11:41:00.881,1.54747,1.54753,10.20,6.00
2008.05.16 11:41:01.114,1.54748,1.54753,2.40,4.80
2008.05.16 11:41:01.286,1.54747,1.54752,11.50,4.80
2008.05.16 11:41:01.440,1.54744,1.54749,3.00,9.60
2008.05.16 11:41:01.756,1.54743,1.54748,4.80,7.80
2008.05.16 11:41:03.874,1.54742,1.54747,2.40,1.20
2008.05.16 11:41:04.309,1.54741,1.54746,8.40,2.40
2008.05.16 11:41:04.385,1.54738,1.54743,2.40,8.80
2008.05.16 11:41:04.448,1.54734,1.54739,1.20,13.20
2008.05.16 11:41:04.576,1.5473,1.54734,21.60,6.00
2008.05.16 11:41:04.881,1.54724,1.54729,6.00,8.40
2008.05.16 11:41:07.521,1.5472,1.54725,6.00,6.60
2008.05.16 11:41:12.598,1.54713,1.54718,11.40,13.90
2008.05.16 11:41:14.164,1.54707,1.54711,12.00,3.00
2008.05.16 11:41:15.664,1.54702,1.54712,4.80,4.20
2008.05.16 11:41:16.982,1.54706,1.54716,10.20,4.80
2008.05.16 11:41:17.724,1.54715,1.5472,4.80,3.00
2008.05.16 11:41:17.925,1.54722,1.54727,9.60,3.00
2008.05.16 11:41:18.320,1.54727,1.54732,3.00,3.00
2008.05.16 11:41:19.105,1.54729,1.54739,4.20,1.00
2008.05.16 11:41:19.645,1.54736,1.54741,7.20,6.00
2008.05.16 11:41:21.002,1.54739,1.54744,11.40,1.80
2008.05.16 11:41:22.838,1.5474,1.54745,1.20,9.10
2008.05.16 11:41:23.229,1.54742,1.54746,4.80,1.00
2008.05.16 11:41:23.518,1.54742,1.54748,1.30,4.80
2008.05.16 11:41:23.806,1.54744,1.54749,7.80,4.80
2008.05.16 11:41:24.093,1.54745,1.54749,8.40,10.20
2008.05.16 11:41:24.189,1.54747,1.54751,15.60,7.80
2008.05.16 11:41:24.376,1.54748,1.54753,18.60,4.80
2008.05.16 11:41:26.066,1.54748,1.54753,7.80,4.80
2008.05.16 11:41:26.385,1.54747,1.54752,5.40,14.40
2008.05.16 11:41:26.529,1.54747,1.54752,11.40,10.80
2008.05.16 11:41:26.812,1.54746,1.54756,5.40,4.80
2008.05.16 11:41:26.957,1.54748,1.54758,1.00,8.70
2008.05.16 11:41:27.103,1.5475,1.5476,3.00,4.20
2008.05.16 11:41:37.962,1.54754,1.54759,4.80,12.00
2008.05.16 11:41:38.181,1.54756,1.54761,25.20,2.40
2008.05.16 11:41:39.873,1.54761,1.54766,15.60,7.20
2008.05.16 11:41:39.998,1.54766,1.54771,4.80,28.00
2008.05.16 11:41:40.122,1.5477,1.54776,2.40,11.40
2008.05.16 11:41:42.801,1.54776,1.54781,15.90,1.00
2008.05.16 11:41:42.942,1.54782,1.54786,11.40,2.40
2008.05.16 11:41:43.097,1.54787,1.54797,14.40,1.00
2008.05.16 11:41:43.230,1.5479,1.548,11.40,2.40
2008.05.16 11:41:43.708,1.54791,1.54796,4.80,3.60
2008.05.16 11:41:44.049,1.54787,1.54792,4.80,9.00
2008.05.16 11:41:44.389,1.54782,1.54787,1.20,5.80
2008.05.16 11:41:46.692,1.54777,1.54782,10.20,7.80
2008.05.16 11:41:48.868,1.54772,1.54778,4.80,6.60
2008.05.16 11:41:49.129,1.54769,1.54773,15.60,6.70
2008.05.16 11:41:49.381,1.54766,1.54771,21.00,2.40
2008.05.16 11:41:49.846,1.54765,1.54769,6.00,4.90
2008.05.16 11:41:50.077,1.54761,1.54771,6.60,2.40
2008.05.16 11:41:50.292,1.54762,1.54767,4.80,6.60
2008.05.16 11:41:50.510,1.54758,1.54768,3.60,8.40
2008.05.16 11:41:50.741,1.54754,1.54769,7.80,12.30
2008.05.16 11:41:50.881,1.54754,1.54769,5.40,12.00
2008.05.16 11:41:51.033,1.5475,1.5477,4.80,7.20
2008.05.16 11:41:52.122,1.54756,1.54766,1.20,26.70
2008.05.16 11:41:52.797,1.5476,1.54765,6.60,8.40
2008.05.16 11:41:53.280,1.54761,1.54766,1.80,10.80
2008.05.16 11:41:53.431,1.54762,1.54767,7.20,4.80
2008.05.16 11:41:53.578,1.54764,1.54769,5.70,12.60
2008.05.16 11:41:53.726,1.54766,1.54771,3.00,3.60
2008.05.16 11:41:53.873,1.54767,1.54772,3.60,4.20
2008.05.16 11:41:54.109,1.54768,1.54773,3.70,5.40
2008.05.16 11:41:55.268,1.5477,1.54775,15.00,4.20
2008.05.16 11:41:55.377,1.54773,1.54779,2.40,8.50
2008.05.16 11:41:59.832,1.54776,1.54781,6.00,6.60
2008.05.16 11:42:03.230,1.54775,1.54785,12.60,12.40
2008.05.16 11:42:03.572,1.54773,1.54783,21.60,1.00
2008.05.16 11:42:03.766,1.54775,1.54785,8.10,12.00
2008.05.16 11:42:05.081,1.54773,1.54788,2.40,2.40
2008.05.16 11:42:05.379,1.54774,1.54784,2.40,18.30
2008.05.16 11:42:05.677,1.54775,1.5478,6.00,3.00
2008.05.16 11:42:05.759,1.54771,1.54781,4.80,6.88
2008.05.16 11:42:06.288,1.54769,1.54779,9.00,2.40
2008.05.16 11:42:07.570,1.54769,1.54774,2.40,2.40
2008.05.16 11:42:07.671,1.54767,1.54772,3.00,9.60
2008.05.16 11:42:07.866,1.54764,1.54774,21.00,2.40
2008.05.16 11:42:10.044,1.54763,1.54773,1.00,5.40
2008.05.16 11:42:11.425,1.54764,1.54774,6.80,1.00
2008.05.16 11:42:13.548,1.54768,1.54773,13.80,2.40
2008.05.16 11:42:13.759,1.54768,1.54778,24.00,2.40
2008.05.16 11:42:13.947,1.5477,1.5478,7.20,3.00
2008.05.16 11:42:14.318,1.54772,1.54782,6.00,13.80
2008.05.16 11:42:15.653,1.54773,1.54783,8.40,12.60
2008.05.16 11:42:15.974,1.54773,1.54788,13.60,15.40
2008.05.16 11:42:16.074,1.54778,1.54793,5.40,2.40
2008.05.16 11:42:20.342,1.54785,1.54795,3.00,2.80
2008.05.16 11:42:20.526,1.54791,1.54801,8.40,8.40
2008.05.16 11:42:20.710,1.54799,1.54809,8.80,2.40
2008.05.16 11:42:21.616,1.54806,1.54816,6.00,7.20
2008.05.16 11:42:21.769,1.54809,1.54813,9.40,4.80
2008.05.16 11:42:21.916,1.54804,1.54808,2.40,3.00
2008.05.16 11:42:21.990,1.54793,1.54803,1.20,5.70
2008.05.16 11:42:22.066,1.54786,1.54796,1.80,5.50
2008.05.16 11:42:22.142,1.54781,1.54791,6.00,6.60
2008.05.16 11:42:22.218,1.54775,1.54789,4.80,16.80
2008.05.16 11:42:22.367,1.54772,1.54787,1.20,2.40
2008.05.16 11:42:22.442,1.54768,1.54788,2.40,30.00
2008.05.16 11:42:22.519,1.54766,1.54786,18.00,1.20
2008.05.16 11:42:22.931,1.5477,1.5478,28.40,2.40
2008.05.16 11:42:23.271,1.54766,1.54781,26.00,2.40
2008.05.16 11:42:23.610,1.54768,1.54778,14.40,10.90
2008.05.16 11:42:23.855,1.54769,1.54779,5.40,7.20
2008.05.16 11:42:24.585,1.54773,1.54778,6.00,3.40
2008.05.16 11:42:24.834,1.54772,1.54782,3.60,2.40
2008.05.16 11:42:26.277,1.54771,1.54786,7.80,6.00
2008.05.16 11:42:26.370,1.54772,1.54787,6.00,2.40
2008.05.16 11:42:26.466,1.54776,1.54786,10.20,8.20
2008.05.16 11:42:26.679,1.54777,1.54787,35.40,2.40
2008.05.16 11:42:28.426,1.54781,1.54786,2.40,3.00
2008.05.16 11:42:28.814,1.54782,1.54787,6.60,17.80
2008.05.16 11:42:31.118,1.54783,1.54788,10.80,3.00
2008.05.16 11:42:31.161,1.54784,1.54789,1.80,1.00
2008.05.16 11:42:31.292,1.54786,1.54791,7.20,10.30
2008.05.16 11:42:32.648,1.54787,1.54792,2.50,6.30
2008.05.16 11:42:32.854,1.54787,1.54792,12.60,9.60
2008.05.16 11:42:33.063,1.54788,1.54793,4.80,11.40
2008.05.16 11:42:42.036,1.54786,1.54791,2.40,2.40
2008.05.16 11:42:42.136,1.54785,1.5479,4.80,25.90
2008.05.16 11:42:42.237,1.54782,1.54787,5.40,1.80
2008.05.16 11:42:42.430,1.54778,1.54783,1.00,4.80
2008.05.16 11:42:45.278,1.5477,1.5478,1.80,4.80
2008.05.16 11:42:45.620,1.54763,1.54773,4.80,5.40
2008.05.16 11:42:47.326,1.54758,1.54764,1.00,4.80
2008.05.16 11:42:47.483,1.54748,1.54753,7.20,4.80
2008.05.16 11:42:47.638,1.54739,1.54744,3.00,31.00
2008.05.16 11:42:49.143,1.54736,1.54741,9.00,10.00
2008.05.16 11:42:49.493,1.54742,1.54747,7.20,4.80
2008.05.16 11:42:49.650,1.54747,1.54753,6.00,1.80
2008.05.16 11:42:49.810,1.54754,1.5476,4.80,4.80
2008.05.16 11:42:49.971,1.54759,1.54764,1.00,24.70
2008.05.16 11:42:50.130,1.54762,1.54767,3.60,9.70
2008.05.16 11:42:50.446,1.54764,1.54769,4.80,7.80
2008.05.16 11:42:51.948,1.54765,1.54771,6.00,12.70
2008.05.16 11:42:52.084,1.54767,1.54772,7.20,1.20
2008.05.16 11:42:52.372,1.54765,1.54775,9.00,10.30
2008.05.16 11:42:52.918,1.54766,1.54776,24.30,3.30
2008.05.16 11:42:53.603,1.54766,1.54776,11.40,2.40
2008.05.16 11:42:53.944,1.54766,1.54776,2.40,1.20
2008.05.16 11:42:54.416,1.54768,1.54778,2.40,11.40
2008.05.16 11:42:54.646,1.54769,1.54779,6.00,6.40
2008.05.16 11:42:55.001,1.54771,1.54781,3.60,3.00
2008.05.16 11:42:55.306,1.54775,1.5478,1.00,3.60
2008.05.16 11:42:55.614,1.54776,1.54781,9.00,9.00
2008.05.16 11:42:56.484,1.54776,1.54781,2.40,21.70
2008.05.16 11:42:57.094,1.54774,1.54779,2.40,8.70
2008.05.16 11:42:57.246,1.54773,1.54778,12.60,6.00
2008.05.16 11:42:57.550,1.54769,1.54779,4.80,7.20
2008.05.16 11:42:57.706,1.5477,1.54775,4.80,4.80
2008.05.16 11:42:57.862,1.54769,1.54774,7.20,4.80
2008.05.16 11:42:58.171,1.54769,1.54774,2.40,4.80
2008.05.16 11:42:58.511,1.54767,1.54772,2.40,1.00
2008.05.16 11:42:58.851,1.54765,1.54775,11.40,3.00
2008.05.16 11:43:07.144,1.54764,1.54774,1.20,4.20
2008.05.16 11:43:07.309,1.54766,1.54771,2.40,6.00
2008.05.16 11:43:09.128,1.54765,1.5477,7.80,4.80
2008.05.16 11:43:09.232,1.54764,1.54769,6.60,4.80
2008.05.16 11:43:09.337,1.54762,1.54767,4.80,1.00
2008.05.16 11:43:09.441,1.54764,1.54769,8.40,4.80
2008.05.16 11:43:09.544,1.54765,1.5477,8.40,2.40
2008.05.16 11:43:10.583,1.54766,1.54771,7.20,4.80
2008.05.16 11:43:10.925,1.54767,1.54772,5.40,7.20
2008.05.16 11:43:12.041,1.5477,1.54775,7.80,22.80
2008.05.16 11:43:12.237,1.54772,1.54777,7.50,3.00
2008.05.16 11:43:12.449,1.54774,1.54779,2.40,5.40
2008.05.16 11:43:12.547,1.54778,1.54783,3.00,3.00
2008.05.16 11:43:14.268,1.54783,1.54788,18.60,1.00
2008.05.16 11:43:14.435,1.54787,1.54792,12.30,3.00
2008.05.16 11:43:14.932,1.54789,1.54799,19.90,2.40
2008.05.16 11:43:15.101,1.54792,1.54796,4.20,1.00
2008.05.16 11:43:15.268,1.54788,1.54794,3.00,12.30
2008.05.16 11:43:15.772,1.54785,1.54789,2.40,21.10
2008.05.16 11:43:16.112,1.5478,1.54786,6.60,7.20
2008.05.16 11:43:16.453,1.54776,1.54786,10.20,5.40
2008.05.16 11:43:16.708,1.54779,1.54783,11.40,1.00
2008.05.16 11:43:16.964,1.54777,1.54782,12.60,3.00
2008.05.16 11:43:17.219,1.54776,1.54781,9.00,5.20
2008.05.16 11:43:17.476,1.54776,1.5478,23.40,2.40
2008.05.16 11:43:17.657,1.54774,1.54779,1.20,2.40
2008.05.16 11:43:17.835,1.54772,1.54778,2.40,7.90
2008.05.16 11:43:18.015,1.54772,1.54777,6.60,7.20
2008.05.16 11:43:18.707,1.54771,1.54776,4.80,16.90
2008.05.16 11:43:19.048,1.5477,1.54775,4.80,12.60
2008.05.16 11:43:19.387,1.54769,1.54774,2.40,1.20
2008.05.16 11:43:19.991,1.54765,1.54775,3.60,7.90
2008.05.16 11:43:20.259,1.54766,1.54771,5.40,10.90
2008.05.16 11:43:21.200,1.54767,1.54772,2.40,17.50
2008.05.16 11:43:21.540,1.54769,1.54774,1.20,7.20
2008.05.16 11:43:21.879,1.54769,1.54774,2.40,1.80
2008.05.16 11:43:22.185,1.54767,1.54772,9.60,15.40
2008.05.16 11:43:30.335,1.54765,1.5477,7.20,5.40
2008.05.16 11:43:30.497,1.54763,1.54768,8.40,2.40
2008.05.16 11:43:30.656,1.54757,1.54762,3.30,4.80
2008.05.16 11:43:33.819,1.54753,1.54757,3.30,9.60
2008.05.16 11:43:34.077,1.54746,1.54751,1.00,13.80
2008.05.16 11:43:38.169,1.54743,1.54748,2.40,3.00
2008.05.16 11:43:38.463,1.54745,1.5475,8.50,1.00
2008.05.16 11:43:38.559,1.54749,1.54753,20.40,15.60
2008.05.16 11:43:38.655,1.54751,1.54761,16.20,2.40
2008.05.16 11:43:38.751,1.54756,1.54766,8.40,1.00
2008.05.16 11:43:41.849,1.5476,1.5477,9.00,6.00
2008.05.16 11:43:46.304,1.54764,1.5477,6.00,12.60
2008.05.16 11:43:46.642,1.54766,1.5477,1.00,8.40
2008.05.16 11:43:46.916,1.54767,1.54772,7.20,3.00
2008.05.16 11:43:49.740,1.54769,1.54774,2.40,1.20
2008.05.16 11:43:49.819,1.5477,1.54775,4.80,9.60
2008.05.16 11:43:49.891,1.54771,1.54776,11.40,7.30
2008.05.16 11:43:49.924,1.54772,1.54777,2.40,2.40
2008.05.16 11:43:50.209,1.54771,1.54781,4.80,1.00
2008.05.16 11:43:50.547,1.54772,1.54782,15.60,10.80
2008.05.16 11:43:53.839,1.54771,1.54781,3.60,12.10
2008.05.16 11:43:55.725,1.54773,1.54778,8.40,16.80
2008.05.16 11:43:56.066,1.54772,1.54777,2.40,10.20
2008.05.16 11:43:57.615,1.54771,1.54776,12.60,12.40
2008.05.16 11:43:58.497,1.54767,1.54777,3.60,2.40
2008.05.16 11:43:58.673,1.54768,1.54773,7.80,3.60
2008.05.16 11:43:58.915,1.54767,1.54773,11.40,2.40
2008.05.16 11:44:02.105,1.54757,1.54763,8.40,1.00
2008.05.16 11:44:02.456,1.54756,1.54761,7.20,9.70
2008.05.16 11:44:02.759,1.54757,1.54762,2.40,4.80
2008.05.16 11:44:03.075,1.54755,1.54765,6.60,8.40
2008.05.16 11:44:03.371,1.54759,1.54764,10.80,4.80
2008.05.16 11:44:03.673,1.5476,1.54765,4.80,14.40
2008.05.16 11:44:05.387,1.54761,1.54766,14.40,24.60
2008.05.16 11:44:05.651,1.54762,1.54767,1.20,3.00
2008.05.16 11:44:05.915,1.54763,1.54768,7.80,8.40
2008.05.16 11:44:06.813,1.54759,1.54769,6.60,2.80
2008.05.16 11:44:06.941,1.54758,1.54768,11.40,2.40
2008.05.16 11:44:07.068,1.54757,1.54767,25.80,21.60
2008.05.16 11:44:07.196,1.54761,1.54766,1.80,8.80
2008.05.16 11:44:09.248,1.54761,1.54766,4.80,7.20
2008.05.16 11:44:09.396,1.5476,1.54765,3.60,11.40
2008.05.16 11:44:09.545,1.54759,1.54764,13.20,3.10
2008.05.16 11:44:09.691,1.54758,1.54763,1.20,8.40
2008.05.16 11:44:09.839,1.54757,1.54762,1.00,7.80
2008.05.16 11:44:10.251,1.54755,1.5476,7.20,4.80
2008.05.16 11:44:10.519,1.54754,1.54759,7.20,2.40
2008.05.16 11:44:10.655,1.54753,1.54758,2.40,6.60
2008.05.16 11:44:10.791,1.5475,1.5476,7.20,3.00
2008.05.16 11:44:10.927,1.5475,1.5476,2.40,4.20
2008.05.16 11:44:11.267,1.54752,1.54762,6.00,2.40
2008.05.16 11:44:11.944,1.54752,1.54762,2.40,4.80
2008.05.16 11:44:12.147,1.54754,1.54764,3.60,8.40
2008.05.16 11:44:12.325,1.54758,1.54763,19.80,5.20
2008.05.16 11:44:13.346,1.54759,1.54765,3.60,13.30
2008.05.16 11:44:13.434,1.5476,1.54764,4.80,6.00
2008.05.16 11:44:13.630,1.54757,1.54762,7.20,14.10
2008.05.16 11:44:13.823,1.54756,1.5476,1.20,7.20
2008.05.16 11:44:14.022,1.54754,1.54759,2.40,17.70
2008.05.16 11:44:14.220,1.5475,1.54754,7.20,7.30
2008.05.16 11:44:14.422,1.54741,1.54751,2.40,3.30
2008.05.16 11:44:14.638,1.54737,1.54747,10.20,4.80
2008.05.16 11:44:15.369,1.54733,1.54743,1.20,3.80
2008.05.16 11:44:16.113,1.54733,1.54737,6.00,3.00
2008.05.16 11:44:16.378,1.54735,1.54739,10.20,12.40
2008.05.16 11:44:16.714,1.54739,1.54744,4.80,7.20
2008.05.16 11:44:16.871,1.54743,1.54748,6.00,11.40
2008.05.16 11:44:19.064,1.54747,1.54752,4.80,4.80
2008.05.16 11:44:19.384,1.5475,1.54755,2.40,10.80
2008.05.16 11:44:22.680,1.54751,1.54756,6.00,13.00
2008.05.16 11:44:22.856,1.5475,1.5476,2.40,1.00
2008.05.16 11:44:23.019,1.54752,1.54762,2.40,1.20
2008.05.16 11:44:23.183,1.54753,1.54763,11.40,37.50
2008.05.16 11:44:25.032,1.54757,1.54762,8.80,3.00
2008.05.16 11:44:25.068,1.54758,1.54763,11.40,6.60
2008.05.16 11:44:25.193,1.54759,1.54764,12.60,2.40
2008.05.16 11:44:25.330,1.5476,1.54765,10.20,8.80
2008.05.16 11:44:28.294,1.54762,1.54766,24.00,1.00
2008.05.16 11:44:28.979,1.54762,1.54767,8.50,5.10
2008.05.16 11:44:29.049,1.54764,1.54769,9.00,4.80
2008.05.16 11:44:29.118,1.54763,1.54773,7.80,10.20
2008.05.16 11:44:29.183,1.54762,1.54772,7.20,7.80
2008.05.16 11:44:29.379,1.54761,1.54771,4.20,8.40
2008.05.16 11:44:29.443,1.54759,1.54769,3.00,10.20
2008.05.16 11:44:29.509,1.54759,1.54769,8.40,7.90
2008.05.16 11:44:30.112,1.54758,1.54768,5.40,15.10
2008.05.16 11:44:33.143,1.54758,1.54768,5.40,10.60
2008.05.16 11:44:33.675,1.5476,1.5477,1.80,6.00
2008.05.16 11:44:33.965,1.54762,1.54772,2.40,6.00
2008.05.16 11:44:34.227,1.54766,1.54771,3.00,3.00
2008.05.16 11:44:34.400,1.54765,1.54775,4.80,5.80
2008.05.16 11:44:34.575,1.54767,1.54777,3.00,9.70
2008.05.16 11:44:34.747,1.54773,1.54783,7.20,4.80
2008.05.16 11:44:34.835,1.54777,1.54787,2.40,7.00
2008.05.16 11:44:36.149,1.54782,1.54792,3.00,6.00
2008.05.16 11:44:36.387,1.54787,1.54797,16.80,4.80
2008.05.16 11:44:36.863,1.54791,1.54795,2.40,1.80
2008.05.16 11:44:37.103,1.54788,1.54793,6.00,6.00
2008.05.16 11:44:37.356,1.54783,1.54789,2.40,15.40
2008.05.16 11:44:37.619,1.5478,1.54785,8.40,6.00
2008.05.16 11:44:37.883,1.54773,1.54783,1.00,2.40
2008.05.16 11:44:38.420,1.54769,1.54779,3.00,3.00
2008.05.16 11:44:39.095,1.54765,1.54775,7.20,1.00
2008.05.16 11:44:39.323,1.54764,1.54774,16.20,2.40
2008.05.16 11:44:39.551,1.54766,1.54771,2.40,2.40
2008.05.16 11:44:39.775,1.54762,1.54772,10.40,4.80
2008.05.16 11:44:39.999,1.54763,1.54769,6.00,7.20
2008.05.16 11:44:40.224,1.54762,1.54767,8.40,6.00
2008.05.16 11:44:40.447,1.54764,1.54769,6.00,1.80
2008.05.16 11:44:40.901,1.54765,1.54771,4.80,7.20
2008.05.16 11:44:43.399,1.54767,1.54771,10.20,3.00
2008.05.16 11:44:43.651,1.54768,1.54773,4.80,1.00
2008.05.16 11:44:43.787,1.54769,1.54775,4.80,4.80
2008.05.16 11:44:43.923,1.5477,1.54776,3.60,2.40
2008.05.16 11:44:44.059,1.54772,1.54776,2.40,10.20
2008.05.16 11:44:44.195,1.5477,1.54775,6.00,2.40
2008.05.16 11:44:44.331,1.54769,1.54774,1.20,32.10
2008.05.16 11:44:44.467,1.54767,1.54772,7.80,25.30
2008.05.16 11:44:45.155,1.54766,1.54771,2.40,4.80
2008.05.16 11:44:45.435,1.54765,1.5477,17.40,4.80
2008.05.16 11:44:45.955,1.54764,1.54769,12.00,5.40
2008.05.16 11:44:46.199,1.54762,1.54767,4.80,1.50
2008.05.16 11:44:46.751,1.54761,1.54766,6.00,12.30
2008.05.16 11:44:46.999,1.5476,1.54765,7.80,1.20
2008.05.16 11:44:47.169,1.54761,1.54766,6.60,10.80
2008.05.16 11:44:47.247,1.54761,1.54766,1.20,7.60
2008.05.16 11:44:47.495,1.54762,1.54767,6.00,4.80
2008.05.16 11:44:48.467,1.54764,1.54769,7.80,13.50
2008.05.16 11:44:48.988,1.54765,1.5477,9.00,4.80
2008.05.16 11:44:53.029,1.54766,1.54771,13.20,2.40
2008.05.16 11:44:56.027,1.54768,1.54772,7.80,4.80
2008.05.16 11:44:56.341,1.54769,1.54774,5.40,7.30
2008.05.16 11:44:56.644,1.5477,1.54775,4.80,2.40
2008.05.16 11:44:56.964,1.54771,1.54776,2.40,3.00
2008.05.16 11:44:57.091,1.54772,1.54777,2.40,7.80
2008.05.16 11:44:57.219,1.54774,1.54779,8.40,9.60
2008.05.16 11:44:58.930,1.54775,1.54781,12.30,7.00
2008.05.16 11:45:00.836,1.54765,1.54769,9.00,7.80
2008.05.16 11:45:02.372,1.54758,1.54768,5.40,6.60
2008.05.16 11:45:02.520,1.54756,1.5476,18.00,2.40
2008.05.16 11:45:02.706,1.54752,1.54757,1.20,2.80
2008.05.16 11:45:02.742,1.54745,1.54755,3.00,6.00
2008.05.16 11:45:02.869,1.54745,1.54755,6.40,2.40
2008.05.16 11:45:02.918,1.54743,1.54753,17.40,3.60
2008.05.16 11:45:03.444,1.54745,1.54755,4.80,6.00
2008.05.16 11:45:04.918,1.54748,1.54758,7.80,4.80
2008.05.16 11:45:04.971,1.54752,1.54762,6.00,11.40
2008.05.16 11:45:05.124,1.54758,1.54763,5.40,15.10
2008.05.16 11:45:05.260,1.54759,1.54764,4.80,4.80
2008.05.16 11:45:05.562,1.5476,1.54765,9.00,1.80
2008.05.16 11:45:05.666,1.54761,1.54766,10.80,10.50
2008.05.16 11:45:08.697,1.54759,1.54769,8.40,4.20
2008.05.16 11:45:08.763,1.5476,1.54765,15.60,9.10
2008.05.16 11:45:09.100,1.5476,1.54765,4.20,3.60
2008.05.16 11:45:09.404,1.5476,1.54765,14.40,1.00
2008.05.16 11:45:12.451,1.54761,1.54766,3.60,6.00
2008.05.16 11:45:12.730,1.54761,1.54766,8.40,6.90
2008.05.16 11:45:15.687,1.54761,1.54766,8.40,8.40
2008.05.16 11:45:16.180,1.5476,1.54765,4.80,4.80
2008.05.16 11:45:16.736,1.54759,1.54764,1.20,4.80
2008.05.16 11:45:17.142,1.54758,1.54763,1.20,8.70
2008.05.16 11:45:18.513,1.54759,1.54764,2.40,2.40
2008.05.16 11:45:19.327,1.54758,1.54768,2.40,12.00
2008.05.16 11:45:25.899,1.54759,1.54769,12.60,2.40
2008.05.16 11:45:26.238,1.5476,1.54765,7.80,9.00
2008.05.16 11:45:26.586,1.54756,1.54766,7.80,7.90
2008.05.16 11:45:26.957,1.54755,1.54765,9.90,6.00
2008.05.16 11:45:27.144,1.54754,1.54764,2.40,4.80
2008.05.16 11:45:28.197,1.54752,1.54762,17.40,15.60
2008.05.16 11:45:28.465,1.54749,1.54759,2.40,10.20
2008.05.16 11:45:28.710,1.5475,1.54756,17.40,18.70
2008.05.16 11:45:28.807,1.54748,1.54753,4.80,1.20
2008.05.16 11:45:28.905,1.54741,1.54751,1.00,8.40
2008.05.16 11:45:29.003,1.54732,1.54742,2.40,1.80
2008.05.16 11:45:29.101,1.54725,1.54735,4.80,13.60
2008.05.16 11:45:31.431,1.54726,1.5473,7.20,5.00
2008.05.16 11:45:31.632,1.54728,1.54738,12.00,6.00
2008.05.16 11:45:31.836,1.54734,1.54744,7.80,2.40
2008.05.16 11:45:32.324,1.5474,1.5475,1.00,6.00
2008.05.16 11:45:33.304,1.54747,1.54753,6.00,18.10
2008.05.16 11:45:33.425,1.54752,1.54757,1.20,14.80
2008.05.16 11:45:33.552,1.54754,1.54759,2.20,1.00
2008.05.16 11:45:33.804,1.54755,1.5476,8.40,2.70
2008.05.16 11:45:34.067,1.54754,1.54764,5.40,3.00
2008.05.16 11:45:34.324,1.54758,1.54763,7.20,1.80
2008.05.16 11:45:34.585,1.54759,1.54764,13.20,14.40
2008.05.16 11:45:35.508,1.5476,1.54765,5.40,9.70
2008.05.16 11:45:35.712,1.54761,1.54766,13.80,5.80
2008.05.16 11:45:35.921,1.54761,1.54766,3.00,8.80
2008.05.16 11:45:36.129,1.5476,1.5477,21.00,3.00
2008.05.16 11:45:36.451,1.54759,1.54769,9.00,4.80
2008.05.16 11:45:40.248,1.54758,1.54768,6.00,2.40
2008.05.16 11:45:40.455,1.54758,1.54768,2.40,3.00
2008.05.16 11:45:40.716,1.54758,1.54768,9.60,1.00
2008.05.16 11:45:40.980,1.54759,1.54769,6.60,7.80
2008.05.16 11:45:41.244,1.54762,1.54767,6.00,4.20
2008.05.16 11:45:41.508,1.54761,1.54771,2.40,8.70
2008.05.16 11:45:41.785,1.54761,1.54771,14.40,8.40
2008.05.16 11:45:42.073,1.54763,1.54769,7.40,4.80
2008.05.16 11:45:42.289,1.54762,1.54772,3.00,2.40
2008.05.16 11:45:42.348,1.54763,1.54773,2.40,6.00
2008.05.16 11:45:42.624,1.54769,1.54779,3.60,4.80
2008.05.16 11:45:42.881,1.54777,1.54787,7.80,4.80
2008.05.16 11:45:43.136,1.54786,1.54791,6.60,8.40
2008.05.16 11:45:43.398,1.54788,1.54792,6.60,3.60
2008.05.16 11:45:43.652,1.54778,1.54788,4.80,7.80
2008.05.16 11:45:43.800,1.54774,1.54779,6.00,11.50
2008.05.16 11:45:44.092,1.54768,1.54772,2.40,2.50
2008.05.16 11:45:44.240,1.5476,1.5477,10.80,9.00
2008.05.16 11:45:44.330,1.54759,1.54769,4.80,1.30
2008.05.16 11:45:44.388,1.5476,1.54765,2.40,6.40
2008.05.16 11:45:44.536,1.5476,1.54766,3.00,3.00
2008.05.16 11:45:44.984,1.54759,1.54769,11.40,4.00
2008.05.16 11:45:45.292,1.54757,1.54772,4.20,2.40
2008.05.16 11:45:45.600,1.54756,1.54771,17.40,2.40
2008.05.16 11:45:46.276,1.54757,1.54767,14.40,9.60
2008.05.16 11:45:46.615,1.54756,1.54766,9.60,2.40
2008.05.16 11:45:47.168,1.54755,1.54765,8.40,8.50
2008.05.16 11:45:48.862,1.54753,1.54763,2.40,6.60
2008.05.16 11:45:49.137,1.54755,1.54765,4.80,3.00
2008.05.16 11:45:49.549,1.54756,1.54766,7.80,10.90
2008.05.16 11:45:50.536,1.5476,1.54765,2.40,18.40
2008.05.16 11:45:50.776,1.54759,1.54769,1.20,12.70
2008.05.16 11:45:51.016,1.5476,1.5477,2.40,12.40
2008.05.16 11:45:51.220,1.54759,1.54774,3.60,2.40
2008.05.16 11:45:51.624,1.54759,1.54774,7.90,3.60
2008.05.16 11:45:51.828,1.5476,1.54775,8.40,2.40
2008.05.16 11:45:52.369,1.54764,1.54769,8.40,5.40
2008.05.16 11:45:52.709,1.54763,1.54768,1.80,28.20
2008.05.16 11:45:53.251,1.54762,1.54767,2.40,4.80
2008.05.16 11:45:53.487,1.54756,1.54771,6.00,2.40
2008.05.16 11:45:53.933,1.54757,1.54767,25.60,2.40
2008.05.16 11:45:54.049,1.54756,1.54766,13.60,4.80
2008.05.16 11:45:54.399,1.54755,1.54765,2.40,13.90
2008.05.16 11:45:55.668,1.54753,1.54763,16.80,11.90
2008.05.16 11:45:56.023,1.54756,1.54761,18.00,1.20
2008.05.16 11:45:56.209,1.54758,1.54763,8.40,3.00
2008.05.16 11:45:56.396,1.54759,1.54769,8.40,1.00
2008.05.16 11:45:56.584,1.54763,1.54773,2.40,12.00
2008.05.16 11:45:56.956,1.54767,1.54777,4.80,6.88
2008.05.16 11:45:57.140,1.54771,1.54781,4.80,16.30
2008.05.16 11:46:00.300,1.54771,1.54787,2.40,11.20
2008.05.16 11:46:00.535,1.54775,1.5478,5.20,2.40
2008.05.16 11:46:00.792,1.54771,1.54781,22.30,4.80
2008.05.16 11:46:01.041,1.54771,1.54776,2.40,2.40
2008.05.16 11:46:01.288,1.54769,1.54774,10.20,12.90
2008.05.16 11:46:02.531,1.54766,1.54771,1.80,4.20
2008.05.16 11:46:02.867,1.54765,1.5477,3.60,4.80
2008.05.16 11:46:03.222,1.54762,1.54767,6.00,10.20
2008.05.16 11:46:03.920,1.54759,1.54763,4.20,6.10
2008.05.16 11:46:06.403,1.54757,1.54762,4.80,1.20
2008.05.16 11:46:06.497,1.54755,1.5476,12.60,4.80
2008.05.16 11:46:06.538,1.54754,1.54759,3.60,2.40
2008.05.16 11:46:06.570,1.54753,1.54758,17.60,1.20
2008.05.16 11:46:06.620,1.54752,1.54762,2.40,15.10
2008.05.16 11:46:06.640,1.54752,1.54762,6.60,12.00
2008.05.16 11:46:07.413,1.54753,1.54763,1.00,2.40
2008.05.16 11:46:07.755,1.54753,1.54758,8.40,17.17
2008.05.16 11:46:07.891,1.54752,1.54757,2.40,2.40
2008.05.16 11:46:08.030,1.54751,1.54756,7.20,12.70
2008.05.16 11:46:08.168,1.54745,1.54755,1.00,13.80
2008.05.16 11:46:08.307,1.54743,1.54753,13.60,2.40
2008.05.16 11:46:08.582,1.54742,1.54752,1.00,10.20
2008.05.16 11:46:08.730,1.54743,1.54753,2.40,4.80
2008.05.16 11:46:09.086,1.54747,1.54752,8.40,11.50
2008.05.16 11:46:09.306,1.54748,1.54753,1.00,12.10
2008.05.16 11:46:09.526,1.54749,1.54754,1.80,7.80
2008.05.16 11:46:10.651,1.54748,1.54758,10.80,9.60
2008.05.16 11:46:11.951,1.54752,1.54757,6.00,7.80
2008.05.16 11:46:12.287,1.54751,1.54761,5.50,6.40
2008.05.16 11:46:12.634,1.54752,1.54762,2.40,19.00
2008.05.16 11:46:12.974,1.54754,1.54764,10.80,9.00
2008.05.16 11:46:13.594,1.54755,1.54765,5.60,5.40
2008.05.16 11:46:14.245,1.54758,1.54764,7.20,2.40
2008.05.16 11:46:14.439,1.54758,1.54763,3.60,2.40
2008.05.16 11:46:14.635,1.54758,1.54763,12.60,12.40
2008.05.16 11:46:14.841,1.54757,1.54762,5.40,24.00
2008.05.16 11:46:15.035,1.54755,1.5476,2.40,16.60
2008.05.16 11:46:16.311,1.54755,1.5476,4.20,7.80
2008.05.16 11:46:18.113,1.54754,1.54759,2.40,11.40
2008.05.16 11:46:18.397,1.54753,1.54758,2.40,4.80
2008.05.16 11:46:18.680,1.54749,1.54759,17.40,1.00
2008.05.16 11:46:18.964,1.54752,1.54757,19.80,6.00
2008.05.16 11:46:19.016,1.54754,1.54758,1.20,4.80
2008.05.16 11:46:19.252,1.54752,1.54757,6.00,2.40
2008.05.16 11:46:19.987,1.54746,1.5476,4.80,3.70
2008.05.16 11:46:20.218,1.54742,1.54752,2.40,6.60
2008.05.16 11:46:20.459,1.54738,1.54743,8.40,1.80
2008.05.16 11:46:20.668,1.54725,1.5474,5.70,7.20
2008.05.16 11:46:21.079,1.54718,1.54728,22.80,2.40
2008.05.16 11:46:21.292,1.54718,1.54723,2.40,1.20
2008.05.16 11:46:23.483,1.54724,1.54729,2.40,1.00
2008.05.16 11:46:23.541,1.54732,1.54737,17.40,1.20
2008.05.16 11:46:23.573,1.54739,1.54744,2.40,19.00
2008.05.16 11:46:25.063,1.54742,1.54747,6.00,4.80
2008.05.16 11:46:26.233,1.54745,1.5475,4.80,2.40
2008.05.16 11:46:26.645,1.54744,1.54754,7.20,1.00
2008.05.16 11:46:26.875,1.54747,1.54752,3.60,22.10
2008.05.16 11:46:27.786,1.54747,1.54752,2.40,18.20
2008.05.16 11:46:28.687,1.54748,1.54753,1.00,16.20
2008.05.16 11:46:28.843,1.54749,1.54754,4.80,4.80
2008.05.16 11:46:31.019,1.54748,1.54758,10.20,2.40
2008.05.16 11:46:31.172,1.54749,1.54759,2.40,23.20
2008.05.16 11:46:32.382,1.54749,1.54759,4.20,2.40
2008.05.16 11:46:32.493,1.54753,1.54758,26.50,8.40
2008.05.16 11:46:32.600,1.54754,1.54759,4.80,4.20
2008.05.16 11:46:32.895,1.54749,1.54759,11.40,4.80
2008.05.16 11:46:33.729,1.54749,1.54759,4.80,1.20
2008.05.16 11:46:34.235,1.54748,1.54758,5.40,4.80
2008.05.16 11:46:34.490,1.54746,1.54756,7.80,20.50
2008.05.16 11:46:34.743,1.54747,1.54752,8.70,2.40
2008.05.16 11:46:35.083,1.54743,1.54753,2.40,1.20
2008.05.16 11:46:35.629,1.54745,1.54749,1.00,3.30
2008.05.16 11:46:36.094,1.54741,1.54751,1.80,4.80
2008.05.16 11:46:36.687,1.54739,1.54749,2.40,6.00
2008.05.16 11:46:36.871,1.54738,1.54748,6.60,12.00
2008.05.16 11:46:37.191,1.54737,1.54747,6.00,8.40
2008.05.16 11:46:37.514,1.54735,1.54745,8.40,1.00
2008.05.16 11:46:38.570,1.54737,1.54741,1.20,7.20
2008.05.16 11:46:38.679,1.54733,1.54747,19.50,4.80
2008.05.16 11:46:38.809,1.54736,1.54746,18.00,6.00
2008.05.16 11:46:38.932,1.54738,1.54748,25.80,4.80
2008.05.16 11:46:39.087,1.54739,1.54749,6.00,13.00
2008.05.16 11:46:39.243,1.54742,1.54752,2.40,3.70
2008.05.16 11:46:39.399,1.54746,1.54756,6.00,7.20
2008.05.16 11:46:39.567,1.54751,1.54761,7.80,6.00
2008.05.16 11:46:39.724,1.54759,1.54769,7.20,19.60
2008.05.16 11:46:40.705,1.54767,1.54777,6.60,6.00
2008.05.16 11:46:41.043,1.54774,1.54784,4.80,1.80
2008.05.16 11:46:41.430,1.54777,1.54787,10.20,6.40
2008.05.16 11:46:41.622,1.54777,1.54781,4.20,3.00
2008.05.16 11:46:41.814,1.54769,1.54779,6.10,5.10
2008.05.16 11:46:42.006,1.54768,1.54773,4.20,8.80
2008.05.16 11:46:42.200,1.54767,1.54771,3.60,3.00
2008.05.16 11:46:42.399,1.54763,1.54773,2.40,8.50
2008.05.16 11:46:42.599,1.54762,1.54772,24.00,23.20
2008.05.16 11:46:42.809,1.54766,1.5477,7.80,13.80
2008.05.16 11:46:43.007,1.54763,1.54768,5.40,6.00
2008.05.16 11:46:43.206,1.54757,1.54771,3.00,3.00
2008.05.16 11:46:43.542,1.54755,1.54771,2.40,14.00
2008.05.16 11:46:43.879,1.54759,1.54764,2.40,6.00
2008.05.16 11:46:44.219,1.54758,1.54763,9.00,4.80
2008.05.16 11:46:44.421,1.54754,1.54764,15.60,4.20
2008.05.16 11:46:45.831,1.54755,1.5476,4.80,9.60
2008.05.16 11:46:46.171,1.54753,1.54763,9.00,3.00
2008.05.16 11:46:46.351,1.54755,1.54765,3.00,9.00
2008.05.16 11:46:46.526,1.54756,1.54766,6.60,1.90
2008.05.16 11:46:47.005,1.54761,1.54765,4.20,6.00
2008.05.16 11:46:48.737,1.54756,1.54766,6.00,2.40
2008.05.16 11:46:48.824,1.54758,1.54763,7.20,13.20
2008.05.16 11:46:48.920,1.54754,1.54764,6.00,2.80
2008.05.16 11:46:49.008,1.54752,1.54762,4.80,1.00
2008.05.16 11:46:50.637,1.54753,1.54758,2.40,1.00
2008.05.16 11:46:50.788,1.54752,1.54757,10.20,6.00
2008.05.16 11:46:50.945,1.54753,1.54758,2.40,9.10
2008.05.16 11:46:51.102,1.54754,1.54759,1.00,17.40
2008.05.16 11:46:51.257,1.54754,1.54759,4.80,3.00
2008.05.16 11:46:51.384,1.54755,1.5476,6.60,3.70
2008.05.16 11:46:51.508,1.54754,1.54764,32.40,4.80
2008.05.16 11:46:51.750,1.54755,1.5476,1.00,8.40
2008.05.16 11:46:52.903,1.54751,1.54761,23.10,3.00
2008.05.16 11:46:53.241,1.54749,1.54759,6.60,8.40
2008.05.16 11:46:53.854,1.54748,1.54758,1.20,8.40
2008.05.16 11:46:55.107,1.54748,1.54758,3.00,4.80
2008.05.16 11:46:55.430,1.54749,1.54759,1.00,9.60
2008.05.16 11:46:55.992,1.54751,1.54761,26.40,6.00
2008.05.16 11:46:56.719,1.54756,1.54766,2.40,9.00
2008.05.16 11:46:56.888,1.54759,1.54769,2.40,12.70
2008.05.16 11:46:57.054,1.54762,1.54772,3.00,1.80
2008.05.16 11:47:00.265,1.54768,1.54772,1.20,5.40
2008.05.16 11:47:00.536,1.54766,1.54776,1.80,6.00
2008.05.16 11:47:00.872,1.54765,1.5478,7.20,9.60
2008.05.16 11:47:01.544,1.54769,1.54779,3.60,3.00
2008.05.16 11:47:01.852,1.54773,1.54778,2.40,4.00
2008.05.16 11:47:02.323,1.54772,1.54782,9.60,9.90
2008.05.16 11:47:02.541,1.54771,1.54781,6.00,4.80
2008.05.16 11:47:03.061,1.54769,1.54779,2.40,10.90
2008.05.16 11:47:03.842,1.5477,1.54775,2.40,13.00
2008.05.16 11:47:04.036,1.54766,1.54776,15.60,2.40
2008.05.16 11:47:04.232,1.54762,1.54772,11.40,5.40
2008.05.16 11:47:04.319,1.54763,1.54768,5.40,2.40
2008.05.16 11:47:06.032,1.54759,1.54769,4.80,15.00
2008.05.16 11:47:06.891,1.54758,1.54768,4.20,6.40
2008.05.16 11:47:07.078,1.54759,1.54764,6.00,1.90
2008.05.16 11:47:07.321,1.54759,1.54764,21.00,6.60
2008.05.16 11:47:07.429,1.54758,1.54768,2.40,1.00
2008.05.16 11:47:07.485,1.54759,1.54769,10.20,1.20
2008.05.16 11:47:07.540,1.5476,1.5477,2.40,6.40
2008.05.16 11:47:07.594,1.54764,1.54769,8.40,9.30
2008.05.16 11:47:07.700,1.54765,1.5477,6.00,3.00
2008.05.16 11:47:07.812,1.54766,1.54771,6.00,3.60
2008.05.16 11:47:07.864,1.54767,1.54772,15.00,9.00
2008.05.16 11:47:07.916,1.54769,1.54773,2.40,12.90
2008.05.16 11:47:08.253,1.54767,1.54777,8.40,6.00
2008.05.16 11:47:09.564,1.54769,1.54779,15.60,10.80
2008.05.16 11:47:11.401,1.54771,1.54776,7.50,5.40
2008.05.16 11:47:11.685,1.54769,1.54775,4.80,6.00
2008.05.16 11:47:11.913,1.54768,1.54773,5.40,12.30
2008.05.16 11:47:12.159,1.54764,1.54774,7.20,4.80
2008.05.16 11:47:12.373,1.54762,1.54772,4.80,3.20
2008.05.16 11:47:12.452,1.54762,1.54772,22.00,3.00
2008.05.16 11:47:13.308,1.54763,1.54767,2.40,10.20
2008.05.16 11:47:14.278,1.54761,1.54771,16.20,17.40
2008.05.16 11:47:15.064,1.54765,1.5477,4.80,7.80
2008.05.16 11:47:15.140,1.54765,1.5477,4.80,3.60
2008.05.16 11:47:15.444,1.54762,1.54772,3.00,6.40
2008.05.16 11:47:15.521,1.54762,1.54772,6.00,2.40
2008.05.16 11:47:15.672,1.54761,1.54771,9.00,5.40
2008.05.16 11:47:16.986,1.54762,1.54767,3.00,6.00
2008.05.16 11:47:17.320,1.54758,1.54768,11.40,2.40
2008.05.16 11:47:19.342,1.54763,1.54768,2.40,10.00
2008.05.16 11:47:19.512,1.54762,1.54772,25.60,2.40
2008.05.16 11:47:19.665,1.54761,1.54777,2.40,20.40
2008.05.16 11:47:19.981,1.54767,1.54782,12.60,3.10
2008.05.16 11:47:20.044,1.54774,1.54784,15.90,6.00
2008.05.16 11:47:20.236,1.54779,1.54789,7.20,4.80
2008.05.16 11:47:20.296,1.54787,1.54797,7.80,4.80
2008.05.16 11:47:20.356,1.54793,1.54797,2.40,7.60
2008.05.16 11:47:20.693,1.5479,1.54795,6.60,18.40
2008.05.16 11:47:21.033,1.54787,1.54792,4.80,18.70
2008.05.16 11:47:21.372,1.54782,1.54787,7.80,2.40
2008.05.16 11:47:22.084,1.54775,1.54785,6.00,2.40
2008.05.16 11:47:22.313,1.54774,1.54779,6.60,5.70
2008.05.16 11:47:23.689,1.54772,1.54777,21.00,1.00
2008.05.16 11:47:23.918,1.54771,1.54776,13.20,11.40
2008.05.16 11:47:24.144,1.54769,1.54774,11.40,8.70
2008.05.16 11:47:24.378,1.54767,1.54772,2.40,10.20
2008.05.16 11:47:24.606,1.54767,1.54772,45.60,4.80
2008.05.16 11:47:24.844,1.54763,1.54773,2.10,8.40
2008.05.16 11:47:25.316,1.54762,1.54772,3.60,14.80
2008.05.16 11:47:25.552,1.54763,1.54773,6.60,7.80
2008.05.16 11:47:25.889,1.54767,1.54772,9.00,17.10
2008.05.16 11:47:26.229,1.54764,1.54779,3.00,8.40
2008.05.16 11:47:27.588,1.5477,1.54775,2.40,16.00
2008.05.16 11:47:27.728,1.54771,1.54776,4.80,3.00
2008.05.16 11:47:27.868,1.54771,1.54776,2.40,8.40
2008.05.16 11:47:28.791,1.5477,1.54775,7.80,2.70
2008.05.16 11:47:29.062,1.54766,1.54776,2.40,15.00
2008.05.16 11:47:29.324,1.54765,1.54775,4.80,7.20
2008.05.16 11:47:29.580,1.54764,1.54774,9.00,4.80
2008.05.16 11:47:29.721,1.54765,1.54769,2.40,19.90
2008.05.16 11:47:29.865,1.54764,1.54769,7.20,4.80
2008.05.16 11:47:32.128,1.54765,1.5477,3.00,7.80
2008.05.16 11:47:32.256,1.54764,1.54769,3.00,6.90
2008.05.16 11:47:32.332,1.54763,1.54768,9.00,4.20
2008.05.16 11:47:32.397,1.54759,1.54769,2.40,1.00
2008.05.16 11:47:32.597,1.54759,1.54769,4.80,11.70
2008.05.16 11:47:32.679,1.5476,1.54765,2.40,3.70
2008.05.16 11:47:33.431,1.54758,1.54763,8.40,6.70
2008.05.16 11:47:33.771,1.54756,1.54761,4.20,6.00
2008.05.16 11:47:33.849,1.5475,1.54756,11.40,2.70
2008.05.16 11:47:33.928,1.54745,1.5475,15.00,2.40
2008.05.16 11:47:34.088,1.54742,1.54748,4.80,4.80
2008.05.16 11:47:34.156,1.54744,1.54749,4.80,2.40
2008.05.16 11:47:34.248,1.54747,1.54752,3.00,6.00
2008.05.16 11:47:34.328,1.54752,1.54757,6.60,3.60
2008.05.16 11:47:34.648,1.54753,1.54758,1.00,7.80
2008.05.16 11:47:35.959,1.54756,1.5476,6.00,1.00
2008.05.16 11:47:36.251,1.5476,1.54765,3.00,10.80
2008.05.16 11:47:36.956,1.54764,1.54769,2.40,4.20
2008.05.16 11:47:37.676,1.54769,1.54774,1.80,3.90
2008.05.16 11:47:37.948,1.54769,1.54774,3.00,8.40
2008.05.16 11:47:38.585,1.5477,1.54775,6.60,1.00
2008.05.16 11:47:38.653,1.54769,1.54779,2.40,6.50
2008.05.16 11:47:38.797,1.54772,1.54777,3.00,6.00
2008.05.16 11:47:39.020,1.54771,1.54775,5.40,7.20
2008.05.16 11:47:39.285,1.54769,1.54774,21.00,4.80
2008.05.16 11:47:39.548,1.54766,1.54776,2.40,16.00
2008.05.16 11:47:39.812,1.5477,1.54775,5.70,8.80
2008.05.16 11:47:40.076,1.54769,1.54779,2.40,3.00
2008.05.16 11:47:40.301,1.54771,1.54781,1.80,10.10
2008.05.16 11:47:40.748,1.54772,1.54782,6.00,6.00
2008.05.16 11:47:41.786,1.54773,1.54783,4.20,2.40
2008.05.16 11:47:42.648,1.54775,1.54785,5.40,6.00
2008.05.16 11:47:43.129,1.54775,1.54785,7.20,28.00
2008.05.16 11:47:43.534,1.54779,1.54784,9.00,1.20
2008.05.16 11:47:43.836,1.54778,1.54788,6.00,18.60
2008.05.16 11:47:44.138,1.54779,1.54789,2.40,5.40
2008.05.16 11:47:44.386,1.54781,1.54791,2.40,6.90
2008.05.16 11:47:44.632,1.54778,1.54793,3.00,10.20
2008.05.16 11:47:44.876,1.54779,1.54789,5.40,7.30
2008.05.16 11:47:45.018,1.54777,1.54787,8.40,15.00
2008.05.16 11:47:45.120,1.54773,1.54788,2.40,10.80
2008.05.16 11:47:45.375,1.54771,1.54786,3.00,4.80
2008.05.16 11:47:46.214,1.54772,1.54782,2.40,2.40
2008.05.16 11:47:47.147,1.54767,1.54777,3.00,9.30
2008.05.16 11:47:48.041,1.54765,1.54775,4.20,11.10
2008.05.16 11:47:48.156,1.54765,1.54775,7.20,1.00
2008.05.16 11:47:48.271,1.54763,1.54773,18.60,3.10
2008.05.16 11:47:48.532,1.54763,1.54773,12.00,1.00
2008.05.16 11:47:49.052,1.54766,1.54776,11.00,1.80
2008.05.16 11:47:49.744,1.5477,1.5478,7.60,3.00
2008.05.16 11:47:53.421,1.5478,1.54785,2.40,5.40
2008.05.16 11:47:54.025,1.54783,1.54789,3.00,9.90
2008.05.16 11:48:02.874,1.54756,1.54766,4.80,4.80
2008.05.16 11:48:04.322,1.5476,1.54765,1.00,7.80
2008.05.16 11:48:04.443,1.54762,1.54767,2.40,2.40
2008.05.16 11:48:04.691,1.54762,1.54772,42.00,8.40
2008.05.16 11:48:05.218,1.54764,1.54774,6.00,6.00
2008.05.16 11:48:05.511,1.54766,1.54781,1.00,3.60
2008.05.16 11:48:07.711,1.54771,1.54781,7.20,7.00
2008.05.16 11:48:07.864,1.54772,1.54782,8.70,9.30
2008.05.16 11:48:08.017,1.54773,1.54783,11.40,4.80
2008.05.16 11:48:08.422,1.54775,1.54785,13.50,8.70
2008.05.16 11:48:10.528,1.54776,1.54786,25.20,4.80
2008.05.16 11:48:10.702,1.54776,1.54786,3.00,11.20
2008.05.16 11:48:10.862,1.54777,1.54787,2.40,3.00
2008.05.16 11:48:11.018,1.54779,1.54789,16.20,4.80
2008.05.16 11:48:11.174,1.54778,1.54788,5.40,7.20
2008.05.16 11:48:12.387,1.54776,1.54786,2.40,16.30
2008.05.16 11:48:12.988,1.54775,1.54785,10.80,7.20
2008.05.16 11:48:13.470,1.54773,1.54783,8.40,3.00
2008.05.16 11:48:13.696,1.54771,1.54781,6.00,8.40
2008.05.16 11:48:13.908,1.54769,1.54779,6.00,4.80
2008.05.16 11:48:14.180,1.54766,1.54776,10.20,6.00
2008.05.16 11:48:17.021,1.5476,1.5477,6.00,2.90
2008.05.16 11:48:20.475,1.54751,1.54761,4.80,4.10
2008.05.16 11:48:22.352,1.54743,1.54748,1.60,6.00
2008.05.16 11:48:22.562,1.54733,1.54737,1.20,8.40
2008.05.16 11:48:22.759,1.54726,1.54736,4.20,11.10
2008.05.16 11:48:28.415,1.54735,1.5474,2.40,8.40
2008.05.16 11:48:28.590,1.54742,1.54747,6.00,6.00
2008.05.16 11:48:29.166,1.5475,1.54755,6.00,2.40
2008.05.16 11:48:29.310,1.54752,1.54762,2.40,7.20
2008.05.16 11:48:29.456,1.54759,1.54764,6.00,30.00
2008.05.16 11:48:29.906,1.54762,1.54767,3.60,2.40
2008.05.16 11:48:30.211,1.5476,1.5477,9.00,9.10
2008.05.16 11:48:30.367,1.54762,1.54772,6.60,11.20
2008.05.16 11:48:30.525,1.54764,1.54774,10.20,4.80
2008.05.16 11:48:30.704,1.54765,1.54775,24.40,5.20
2008.05.16 11:48:30.883,1.54766,1.54771,7.20,1.00
2008.05.16 11:48:31.062,1.54762,1.54772,13.20,12.60
2008.05.16 11:48:31.595,1.5476,1.5477,4.80,11.10
2008.05.16 11:48:31.943,1.54762,1.54767,2.40,3.00
2008.05.16 11:48:32.282,1.54759,1.54769,4.20,8.40
2008.05.16 11:48:32.618,1.54758,1.54773,1.00,3.60
2008.05.16 11:48:32.744,1.54761,1.54771,4.80,16.20
2008.05.16 11:48:33.250,1.5476,1.54775,5.40,11.40
2008.05.16 11:48:34.368,1.54761,1.54771,7.20,19.80
2008.05.16 11:48:34.566,1.5476,1.5477,7.20,4.40
2008.05.16 11:48:34.766,1.5476,1.5477,1.20,1.20
2008.05.16 11:48:34.896,1.54761,1.54771,7.20,9.00
2008.05.16 11:48:35.014,1.54759,1.54769,2.40,4.80
2008.05.16 11:48:35.130,1.54755,1.5477,18.00,6.60
2008.05.16 11:48:35.246,1.54755,1.5477,21.70,4.20
2008.05.16 11:48:35.734,1.54754,1.54769,11.40,2.40
2008.05.16 11:48:36.847,1.54755,1.54765,14.20,2.40
2008.05.16 11:48:37.719,1.54755,1.54765,12.60,2.40
2008.05.16 11:48:37.890,1.54756,1.54766,4.80,10.80
2008.05.16 11:48:38.058,1.54758,1.54768,5.40,4.80
2008.05.16 11:48:38.902,1.54759,1.54769,3.60,1.20
2008.05.16 11:48:43.306,1.54762,1.54772,7.80,13.90
2008.05.16 11:48:43.566,1.54766,1.54771,12.60,3.10
2008.05.16 11:48:43.670,1.54769,1.54779,6.00,5.40
2008.05.16 11:48:43.788,1.54774,1.54784,22.20,1.00
2008.05.16 11:48:44.207,1.54783,1.54793,5.40,6.00
2008.05.16 11:48:44.316,1.54793,1.54803,11.40,7.80
2008.05.16 11:48:44.436,1.54802,1.54812,1.20,2.40
2008.05.16 11:48:49.432,1.54806,1.54816,4.80,7.20
2008.05.16 11:48:49.688,1.54802,1.54812,12.60,6.00
2008.05.16 11:48:49.878,1.54795,1.54805,1.00,16.20
2008.05.16 11:48:49.935,1.54787,1.54797,2.40,11.40
2008.05.16 11:48:50.144,1.54782,1.54792,1.00,6.00
2008.05.16 11:48:50.214,1.54777,1.54787,1.80,4.80
2008.05.16 11:48:50.350,1.54772,1.54782,6.00,1.80
2008.05.16 11:48:52.047,1.54767,1.54777,7.80,9.60
2008.05.16 11:48:52.252,1.54762,1.54772,12.60,3.00
2008.05.16 11:48:52.458,1.54758,1.54768,5.40,1.80
2008.05.16 11:48:52.673,1.54754,1.54764,3.60,3.00
2008.05.16 11:48:52.877,1.54752,1.54762,12.60,4.80
2008.05.16 11:48:53.142,1.5475,1.5476,6.60,16.80
2008.05.16 11:48:55.870,1.5475,1.5476,6.00,19.00
2008.05.16 11:48:55.970,1.54752,1.54762,2.40,1.80
2008.05.16 11:48:56.218,1.54754,1.54764,14.40,2.40
2008.05.16 11:48:57.163,1.54761,1.54766,4.80,8.10
2008.05.16 11:48:57.362,1.54765,1.5477,17.40,4.80
2008.05.16 11:48:57.563,1.54769,1.54779,4.80,3.00
2008.05.16 11:48:57.966,1.54777,1.54787,4.20,1.00
2008.05.16 11:48:58.242,1.54781,1.54791,1.00,10.00
2008.05.16 11:49:02.443,1.54805,1.54815,9.60,2.40
2008.05.16 11:49:02.635,1.54803,1.54813,16.40,2.40
2008.05.16 11:49:02.699,1.54801,1.54811,17.00,7.80
2008.05.16 11:49:02.763,1.548,1.5481,1.20,12.60
2008.05.16 11:49:02.833,1.548,1.5481,6.00,5.50
2008.05.16 11:49:02.963,1.54798,1.54808,3.00,2.40
2008.05.16 11:49:03.178,1.54796,1.54806,1.20,9.00
2008.05.16 11:49:03.245,1.54794,1.54804,1.20,11.50
2008.05.16 11:49:03.313,1.54789,1.54799,3.60,18.30
2008.05.16 11:49:03.657,1.54786,1.54796,6.00,13.20
2008.05.16 11:49:04.001,1.54785,1.54795,9.00,2.80
2008.05.16 11:49:04.685,1.54786,1.54791,6.00,1.00
2008.05.16 11:49:04.887,1.54788,1.54793,6.00,7.20
2008.05.16 11:49:05.084,1.54789,1.54794,6.30,1.90
2008.05.16 11:49:05.283,1.5479,1.548,17.40,1.00
2008.05.16 11:49:05.479,1.54797,1.54802,13.50,4.80
2008.05.16 11:49:05.627,1.54797,1.54807,14.20,14.40
2008.05.16 11:49:06.550,1.54799,1.54809,13.80,12.60
2008.05.16 11:49:09.175,1.54799,1.54809,4.80,9.00
2008.05.16 11:49:09.393,1.54798,1.54808,22.80,3.00
2008.05.16 11:49:09.612,1.54794,1.54804,3.00,1.80
2008.05.16 11:49:10.764,1.54788,1.54798,3.00,8.40
2008.05.16 11:49:11.001,1.54782,1.54787,17.40,1.00
2008.05.16 11:49:11.235,1.54772,1.54778,3.60,12.00
2008.05.16 11:49:11.979,1.54767,1.54772,3.00,2.40
2008.05.16 11:49:12.103,1.5477,1.54774,8.20,6.10
2008.05.16 11:49:12.271,1.54775,1.5478,18.60,4.20
2008.05.16 11:49:12.439,1.54778,1.54783,3.00,1.80
2008.05.16 11:49:12.607,1.54783,1.54788,4.80,1.80
2008.05.16 11:49:12.779,1.54788,1.54793,6.60,2.40
2008.05.16 11:49:13.458,1.54789,1.54799,4.80,10.10
2008.05.16 11:49:14.139,1.5479,1.548,7.20,6.60
2008.05.16 11:49:16.050,1.54795,1.54799,7.80,2.40
2008.05.16 11:49:16.249,1.54796,1.54801,2.40,8.40
2008.05.16 11:49:16.360,1.54797,1.54802,6.00,6.00
2008.05.16 11:49:16.467,1.54799,1.54803,3.00,8.40
2008.05.16 11:49:16.579,1.54799,1.54804,1.20,4.20
2008.05.16 11:49:16.808,1.54798,1.54808,4.20,8.70
2008.05.16 11:49:17.043,1.54797,1.54807,17.40,5.20
2008.05.16 11:49:17.131,1.54799,1.54804,8.40,1.20
2008.05.16 11:49:17.239,1.548,1.54805,4.80,4.10
2008.05.16 11:49:17.576,1.548,1.54805,3.60,9.40
2008.05.16 11:49:17.912,1.548,1.54805,3.00,6.90
2008.05.16 11:49:18.247,1.54799,1.54804,6.60,4.20
2008.05.16 11:49:18.391,1.54795,1.54805,10.80,3.90
2008.05.16 11:49:18.597,1.54796,1.54801,7.80,8.40
2008.05.16 11:49:18.940,1.54792,1.54802,9.00,6.00
2008.05.16 11:49:19.280,1.54793,1.54798,1.20,2.40
2008.05.16 11:49:19.539,1.5479,1.548,1.20,4.80
2008.05.16 11:49:20.063,1.5479,1.548,10.80,6.60
2008.05.16 11:49:20.479,1.54792,1.54802,2.40,6.10
2008.05.16 11:49:20.639,1.54793,1.54803,30.00,14.40
2008.05.16 11:49:20.800,1.54794,1.54804,7.20,4.80
2008.05.16 11:49:20.962,1.54796,1.54806,1.80,25.90
2008.05.16 11:49:21.307,1.548,1.54805,3.60,3.00
2008.05.16 11:49:21.989,1.54799,1.54809,10.20,19.20
2008.05.16 11:49:23.210,1.54799,1.54809,9.00,14.10
2008.05.16 11:49:28.215,1.548,1.5481,1.00,4.80
2008.05.16 11:49:28.555,1.54802,1.54812,12.00,3.00
2008.05.16 11:49:29.121,1.54803,1.54813,10.20,9.60
2008.05.16 11:49:29.343,1.54805,1.54815,2.40,15.10
2008.05.16 11:49:29.566,1.54808,1.54813,3.00,8.40
2008.05.16 11:49:29.791,1.54808,1.54813,6.60,2.40
2008.05.16 11:49:30.029,1.54806,1.54811,13.20,11.40
2008.05.16 11:49:30.267,1.54805,1.5481,11.10,15.60
2008.05.16 11:49:32.957,1.54801,1.54811,4.80,3.60
2008.05.16 11:49:33.168,1.54801,1.54806,4.80,4.80
2008.05.16 11:49:33.452,1.54796,1.54801,1.00,11.50
2008.05.16 11:49:33.739,1.5479,1.548,8.40,2.40
2008.05.16 11:49:34.307,1.54789,1.54799,22.80,1.00
2008.05.16 11:49:34.647,1.54787,1.54797,4.80,10.20
2008.05.16 11:49:34.987,1.54787,1.54797,4.80,13.90
2008.05.16 11:49:36.160,1.54791,1.54796,19.20,2.40
2008.05.16 11:49:36.280,1.54791,1.54801,1.00,7.90
2008.05.16 11:49:36.472,1.54796,1.54806,3.00,4.80
2008.05.16 11:49:38.395,1.54801,1.54811,22.80,5.40
2008.05.16 11:49:38.734,1.54809,1.54819,3.00,3.70
2008.05.16 11:49:39.076,1.5482,1.54825,3.90,14.10
2008.05.16 11:49:39.415,1.54827,1.54832,4.80,23.50
2008.05.16 11:49:39.755,1.54826,1.54836,2.40,17.70
2008.05.16 11:49:39.952,1.54823,1.54829,2.40,12.90
2008.05.16 11:49:40.147,1.54816,1.54821,4.80,15.00
2008.05.16 11:49:40.343,1.54807,1.54817,7.20,1.00
2008.05.16 11:49:40.773,1.54803,1.54813,1.00,2.40
2008.05.16 11:49:40.940,1.54799,1.54809,4.20,3.60
2008.05.16 11:49:41.878,1.54798,1.54808,2.40,5.40
2008.05.16 11:49:46.179,1.54799,1.54804,7.20,5.20
2008.05.16 11:49:46.287,1.54799,1.54803,10.20,11.50
2008.05.16 11:49:46.395,1.548,1.54805,1.00,3.00
2008.05.16 11:49:46.503,1.54801,1.54806,2.40,21.40
2008.05.16 11:49:46.610,1.548,1.54805,1.00,16.00
2008.05.16 11:49:46.827,1.54796,1.54806,2.40,12.40
2008.05.16 11:49:46.935,1.54795,1.54805,2.40,1.20
2008.05.16 11:49:47.145,1.54793,1.54803,4.80,3.00
2008.05.16 11:49:47.547,1.54794,1.54799,14.50,4.80
2008.05.16 11:49:48.170,1.54791,1.54801,1.80,12.00
2008.05.16 11:49:49.262,1.54794,1.54799,25.30,7.20
2008.05.16 11:49:49.459,1.54793,1.54798,6.00,9.00
2008.05.16 11:49:49.655,1.54792,1.54797,10.80,32.10
2008.05.16 11:49:49.851,1.54788,1.54798,3.00,1.80
2008.05.16 11:49:50.047,1.5479,1.54795,12.00,1.00
2008.05.16 11:49:50.367,1.54788,1.54798,2.40,1.00
2008.05.16 11:49:50.688,1.54789,1.54799,12.60,7.20
2008.05.16 11:49:51.008,1.5479,1.548,15.00,7.50
2008.05.16 11:49:53.277,1.54789,1.54799,4.80,8.80
2008.05.16 11:49:53.608,1.54788,1.54798,4.80,4.80
2008.05.16 11:49:53.935,1.54786,1.54796,2.40,5.80
2008.05.16 11:49:55.315,1.54787,1.54797,3.00,11.10
2008.05.16 11:49:55.416,1.54786,1.54796,4.80,23.50
2008.05.16 11:49:55.718,1.54787,1.54792,4.80,11.80
2008.05.16 11:49:55.818,1.54785,1.5479,4.80,10.20
2008.05.16 11:49:55.919,1.5478,1.5479,1.00,2.40
2008.05.16 11:49:56.226,1.54777,1.54787,2.40,6.00
2008.05.16 11:50:02.820,1.54783,1.54797,4.80,9.60
2008.05.16 11:50:03.119,1.54787,1.54791,2.40,2.70
2008.05.16 11:50:03.371,1.54787,1.54792,5.40,13.80
2008.05.16 11:50:03.495,1.54788,1.54793,1.00,5.50
2008.05.16 11:50:04.083,1.54789,1.54794,18.60,3.60
2008.05.16 11:50:04.763,1.54791,1.54796,4.80,6.60
2008.05.16 11:50:05.542,1.5479,1.548,5.40,9.00
2008.05.16 11:50:06.251,1.54792,1.54802,13.20,11.40
2008.05.16 11:50:06.787,1.54788,1.54803,13.30,3.00
2008.05.16 11:50:07.055,1.54788,1.54803,6.60,4.80
2008.05.16 11:50:07.283,1.54789,1.54799,5.40,6.00
2008.05.16 11:50:07.514,1.54787,1.54797,1.00,15.60
2008.05.16 11:50:07.744,1.54786,1.54796,2.40,2.40
2008.05.16 11:50:07.974,1.54785,1.54795,2.40,9.40
2008.05.16 11:50:08.299,1.54783,1.54793,10.00,3.60
2008.05.16 11:50:08.623,1.54782,1.54792,7.20,1.00
2008.05.16 11:50:08.947,1.5478,1.5479,21.60,4.20
2008.05.16 11:50:09.287,1.54778,1.54788,11.00,3.60
2008.05.16 11:50:09.975,1.54774,1.54789,3.00,2.80
2008.05.16 11:50:11.174,1.54774,1.54789,2.40,6.60
2008.05.16 11:50:11.333,1.54772,1.54787,23.40,8.40
2008.05.16 11:50:11.587,1.54776,1.54786,1.00,2.50
2008.05.16 11:50:13.343,1.5478,1.54785,10.00,4.80
2008.05.16 11:50:13.587,1.54778,1.54788,2.40,4.80
2008.05.16 11:50:13.831,1.54779,1.54789,4.80,6.00
2008.05.16 11:50:16.014,1.54778,1.54793,14.40,1.00
2008.05.16 11:50:16.183,1.54782,1.54792,7.20,23.20
2008.05.16 11:50:16.343,1.54779,1.54789,4.80,5.30
2008.05.16 11:50:16.662,1.54778,1.54788,16.20,4.80
2008.05.16 11:50:17.666,1.54772,1.54782,19.80,4.80
2008.05.16 11:50:18.123,1.54769,1.54774,13.30,22.50
2008.05.16 11:50:18.355,1.5476,1.54765,4.80,1.00
2008.05.16 11:50:18.557,1.54746,1.5476,25.60,2.40
2008.05.16 11:50:19.159,1.54747,1.54752,4.80,2.40
2008.05.16 11:50:19.421,1.54748,1.54763,2.40,15.60
2008.05.16 11:50:20.150,1.5476,1.54765,5.40,3.00
2008.05.16 11:50:21.136,1.54761,1.54776,5.40,1.00
2008.05.16 11:50:22.972,1.54769,1.54774,1.00,3.60
2008.05.16 11:50:23.113,1.54769,1.54779,13.20,2.40
2008.05.16 11:50:23.359,1.5477,1.5478,3.00,12.10
2008.05.16 11:50:23.615,1.54772,1.54782,9.00,4.80
2008.05.16 11:50:24.984,1.54772,1.54782,6.60,11.40
2008.05.16 11:50:25.207,1.54773,1.54783,5.50,1.00
2008.05.16 11:50:26.568,1.54776,1.54781,3.00,3.00
2008.05.16 11:50:26.802,1.54773,1.54783,6.00,4.20
2008.05.16 11:50:27.084,1.54772,1.54782,6.40,5.40
2008.05.16 11:50:27.928,1.54771,1.54781,15.00,2.40
2008.05.16 11:50:28.199,1.5477,1.5478,17.40,15.00
2008.05.16 11:50:28.608,1.5477,1.5478,4.80,16.80
2008.05.16 11:50:28.747,1.54772,1.54782,16.80,2.40
2008.05.16 11:50:29.087,1.54772,1.54782,1.00,8.40
2008.05.16 11:50:29.429,1.54772,1.54782,3.00,11.10
2008.05.16 11:50:29.771,1.54773,1.54783,4.80,1.20
2008.05.16 11:50:31.082,1.54777,1.54782,7.20,8.80
2008.05.16 11:50:31.188,1.54778,1.54783,10.20,4.80
2008.05.16 11:50:31.260,1.54779,1.54784,30.00,2.40
2008.05.16 11:50:31.342,1.54781,1.54786,7.80,4.80
2008.05.16 11:50:31.426,1.54782,1.54787,4.80,1.20
2008.05.16 11:50:31.594,1.54782,1.54792,5.70,7.20
2008.05.16 11:50:32.016,1.54784,1.54794,13.20,2.40
2008.05.16 11:50:32.102,1.54786,1.54796,1.20,10.20
2008.05.16 11:50:32.307,1.54786,1.54796,4.80,4.80
2008.05.16 11:50:32.512,1.54789,1.54799,4.80,7.20
2008.05.16 11:50:33.126,1.5479,1.548,9.60,4.80
2008.05.16 11:50:33.330,1.54791,1.54801,27.00,16.60
2008.05.16 11:50:35.106,1.54793,1.54803,2.40,9.30
2008.05.16 11:50:35.528,1.548,1.54804,4.80,4.80
2008.05.16 11:50:35.823,1.54803,1.54813,21.60,1.80
2008.05.16 11:50:38.116,1.54812,1.54817,17.70,4.80
2008.05.16 11:50:38.182,1.54819,1.54824,5.40,13.20
2008.05.16 11:50:38.705,1.54817,1.54827,3.00,7.80
2008.05.16 11:50:39.403,1.54813,1.54817,3.00,8.80
2008.05.16 11:50:39.619,1.54805,1.5481,7.20,9.60
2008.05.16 11:50:39.834,1.54795,1.54805,7.80,8.40
2008.05.16 11:50:40.266,1.54789,1.54799,6.30,1.80
2008.05.16 11:50:40.496,1.54785,1.54795,4.80,2.40
2008.05.16 11:50:41.018,1.54782,1.54792,1.20,8.80
2008.05.16 11:50:42.619,1.54782,1.54787,4.80,7.20
2008.05.16 11:50:42.708,1.54778,1.54788,21.00,1.80
2008.05.16 11:50:43.239,1.54779,1.54784,16.80,14.70
2008.05.16 11:50:43.327,1.54776,1.54786,7.80,8.40
2008.05.16 11:50:43.508,1.54777,1.54787,2.40,2.40
2008.05.16 11:50:43.691,1.54776,1.54791,2.40,6.00
2008.05.16 11:50:45.631,1.54783,1.54788,12.00,7.80
2008.05.16 11:50:46.580,1.54785,1.5479,2.40,19.00
2008.05.16 11:50:46.635,1.5479,1.54795,11.40,1.00
2008.05.16 11:50:46.690,1.54792,1.54797,7.00,5.70
2008.05.16 11:50:50.508,1.54793,1.54798,4.80,4.00
2008.05.16 11:50:50.740,1.54794,1.54799,20.60,2.40
2008.05.16 11:50:50.985,1.54795,1.548,7.80,4.80
2008.05.16 11:50:51.279,1.54794,1.54804,5.40,2.40
2008.05.16 11:50:53.778,1.54793,1.54808,3.60,16.00
2008.05.16 11:50:54.867,1.54799,1.54804,1.00,7.20
2008.05.16 11:50:55.051,1.54798,1.54808,2.40,3.00
2008.05.16 11:50:55.422,1.54801,1.54806,7.80,8.40
2008.05.16 11:50:55.607,1.54803,1.54808,22.90,10.20
2008.05.16 11:50:55.936,1.54801,1.54806,2.40,3.00
2008.05.16 11:50:57.753,1.548,1.54805,4.20,12.70
2008.05.16 11:50:58.083,1.54799,1.54804,6.60,3.00
2008.05.16 11:50:58.411,1.54796,1.54806,27.60,4.80
2008.05.16 11:50:58.576,1.54794,1.54804,4.80,2.40
2008.05.16 11:50:59.083,1.54793,1.54803,4.80,7.20
2008.05.16 11:50:59.423,1.54795,1.54805,1.80,4.80
2008.05.16 11:51:01.922,1.54798,1.54802,1.00,3.30
2008.05.16 11:51:02.265,1.54793,1.54803,5.40,1.80
2008.05.16 11:51:07.299,1.54795,1.548,4.80,4.80
2008.05.16 11:51:07.657,1.54791,1.54801,11.40,2.40
2008.05.16 11:51:07.876,1.5479,1.548,19.20,4.80
2008.05.16 11:51:09.592,1.54791,1.54797,7.80,5.40
2008.05.16 11:51:09.690,1.54788,1.54798,1.00,27.10
2008.05.16 11:51:10.457,1.54789,1.54794,1.20,7.20
2008.05.16 11:51:10.553,1.54788,1.54793,5.40,4.80
2008.05.16 11:51:10.833,1.54787,1.54792,2.40,8.80
2008.05.16 11:51:11.392,1.54786,1.54791,21.40,4.80
2008.05.16 11:51:11.681,1.54786,1.54791,7.20,1.80
2008.05.16 11:51:11.882,1.54784,1.54789,2.40,11.40
2008.05.16 11:51:12.082,1.54783,1.54788,6.00,12.70
2008.05.16 11:51:12.390,1.54782,1.54786,4.80,10.80
2008.05.16 11:51:12.980,1.54782,1.54787,8.40,2.40
2008.05.16 11:51:13.276,1.54781,1.54791,17.40,1.20
2008.05.16 11:51:25.061,1.54786,1.54791,6.00,8.50
2008.05.16 11:51:25.229,1.54782,1.54797,7.20,7.80
2008.05.16 11:51:25.414,1.54786,1.54796,12.00,6.00
2008.05.16 11:51:25.661,1.54788,1.54798,10.00,10.80
2008.05.16 11:51:26.257,1.54792,1.54802,4.80,3.00
2008.05.16 11:51:26.597,1.54794,1.54804,6.00,6.80
2008.05.16 11:51:27.192,1.54796,1.54806,1.20,10.80
2008.05.16 11:51:27.433,1.548,1.5481,23.40,2.40
2008.05.16 11:51:27.673,1.54797,1.54822,2.40,13.20
2008.05.16 11:51:27.912,1.548,1.5483,11.40,6.40
2008.05.16 11:51:28.152,1.54804,1.54834,9.00,4.20
2008.05.16 11:51:28.397,1.54805,1.5484,6.60,6.00
2008.05.16 11:51:28.641,1.54809,1.54839,6.60,8.40
2008.05.16 11:51:28.886,1.54813,1.54823,3.00,9.00
2008.05.16 11:51:29.423,1.54806,1.54816,7.20,4.80
2008.05.16 11:51:29.714,1.54798,1.54808,1.20,11.40
2008.05.16 11:51:31.497,1.54794,1.54799,15.60,6.60
2008.05.16 11:51:31.776,1.54789,1.54794,2.40,17.50
2008.05.16 11:51:32.057,1.54785,1.5479,7.80,4.80
2008.05.16 11:51:32.338,1.5478,1.54785,33.40,4.80
2008.05.16 11:51:32.650,1.54777,1.54781,5.40,3.60
2008.05.16 11:51:32.966,1.54775,1.5478,1.00,22.20
2008.05.16 11:51:33.276,1.54774,1.54778,10.80,18.00
2008.05.16 11:51:33.597,1.54773,1.54778,2.40,10.30
2008.05.16 11:51:34.554,1.54771,1.54777,4.80,4.80
2008.05.16 11:51:34.906,1.54765,1.5478,14.40,2.10
2008.05.16 11:51:35.177,1.54771,1.54776,2.40,2.40
2008.05.16 11:51:35.381,1.5477,1.5478,6.00,1.00
2008.05.16 11:51:35.773,1.54773,1.54778,29.40,6.00
2008.05.16 11:51:35.968,1.54771,1.54781,32.40,4.80
2008.05.16 11:51:36.035,1.54772,1.54776,4.80,7.20
2008.05.16 11:51:36.164,1.54768,1.54778,7.20,1.00
2008.05.16 11:51:36.373,1.54766,1.54776,2.40,4.80
2008.05.16 11:51:36.712,1.54765,1.54775,3.00,9.00
2008.05.16 11:51:37.243,1.54766,1.54771,2.40,1.00
2008.05.16 11:51:37.393,1.54765,1.5477,6.00,11.40
2008.05.16 11:51:37.733,1.54764,1.54769,7.80,18.60
2008.05.16 11:51:40.654,1.54762,1.54767,4.80,7.20
2008.05.16 11:51:40.922,1.54758,1.54768,2.20,1.00
2008.05.16 11:51:42.805,1.54759,1.54764,1.20,1.80
2008.05.16 11:51:43.041,1.54758,1.54763,6.00,9.60
2008.05.16 11:51:43.277,1.54754,1.54764,3.00,2.40
2008.05.16 11:51:43.528,1.54752,1.54762,13.80,4.80
2008.05.16 11:51:43.879,1.54752,1.54757,6.00,5.10
2008.05.16 11:51:44.703,1.54751,1.54756,1.20,4.80
2008.05.16 11:51:45.336,1.54749,1.54754,4.80,2.40
2008.05.16 11:51:45.484,1.54746,1.54751,3.00,3.60
2008.05.16 11:51:45.632,1.54741,1.54746,4.80,7.50
2008.05.16 11:51:45.882,1.54736,1.54741,10.80,5.40
2008.05.16 11:51:46.130,1.54725,1.5474,1.80,4.80
2008.05.16 11:51:46.378,1.54726,1.54731,1.80,6.00
2008.05.16 11:51:46.631,1.54721,1.54731,7.80,15.60
2008.05.16 11:51:46.929,1.54726,1.54736,2.40,12.60
2008.05.16 11:51:47.224,1.54732,1.54742,6.00,5.70
2008.05.16 11:51:47.521,1.54737,1.54747,2.40,6.00
2008.05.16 11:51:47.817,1.54737,1.54757,4.80,4.80
2008.05.16 11:51:48.156,1.54742,1.54762,1.00,15.60
2008.05.16 11:51:48.497,1.54751,1.54761,5.40,7.20
2008.05.16 11:51:48.837,1.54758,1.54763,3.00,1.80
2008.05.16 11:51:48.972,1.54757,1.54773,1.20,2.40
2008.05.16 11:51:49.109,1.54765,1.54775,3.60,8.80
2008.05.16 11:51:49.245,1.54768,1.54778,9.60,8.10
2008.05.16 11:51:49.380,1.54767,1.54782,7.80,10.20
2008.05.16 11:51:49.518,1.54774,1.54778,1.00,2.40
2008.05.16 11:51:49.653,1.5477,1.54784,3.60,8.40
2008.05.16 11:51:50.004,1.54774,1.54784,11.40,1.20
2008.05.16 11:51:50.348,1.54775,1.54785,5.40,10.80
2008.05.16 11:51:50.685,1.54776,1.54786,2.40,10.20
2008.05.16 11:51:51.213,1.54778,1.54788,1.80,4.80
2008.05.16 11:51:51.476,1.54774,1.54789,6.00,6.00
2008.05.16 11:51:51.740,1.54774,1.54789,4.80,3.00
2008.05.16 11:51:52.340,1.54775,1.54785,4.20,5.40
2008.05.16 11:51:52.677,1.54776,1.54781,2.40,5.80
2008.05.16 11:51:53.013,1.54772,1.54782,3.00,9.90
2008.05.16 11:51:53.252,1.54773,1.54778,2.40,17.50
2008.05.16 11:51:53.493,1.54772,1.54777,10.80,3.00
2008.05.16 11:51:53.732,1.54771,1.54776,3.00,2.20
2008.05.16 11:51:53.975,1.54767,1.54777,10.20,6.60
2008.05.16 11:51:54.345,1.5477,1.54775,6.00,3.00
2008.05.16 11:51:54.528,1.54771,1.54776,3.00,8.40
2008.05.16 11:51:54.726,1.54772,1.54777,6.60,13.20
2008.05.16 11:51:54.908,1.54773,1.54778,1.00,3.60
2008.05.16 11:51:55.228,1.54769,1.54784,3.60,4.80
2008.05.16 11:51:55.551,1.54773,1.54783,7.20,5.40
2008.05.16 11:51:55.869,1.54775,1.54785,7.80,10.80
2008.05.16 11:51:56.208,1.5478,1.54785,7.20,4.20
2008.05.16 11:51:56.549,1.54782,1.54787,2.40,3.00
2008.05.16 11:51:56.888,1.54783,1.54788,3.00,4.80
2008.05.16 11:51:57.229,1.54784,1.54789,6.00,3.70
2008.05.16 11:51:57.645,1.54785,1.5479,4.80,3.00
2008.05.16 11:51:57.717,1.54788,1.54793,10.20,12.00
2008.05.16 11:51:57.854,1.54793,1.54798,5.40,1.20
2008.05.16 11:51:58.061,1.54798,1.54803,2.40,7.20
2008.05.16 11:51:58.401,1.54803,1.54808,2.40,2.40
2008.05.16 11:51:58.743,1.54805,1.54811,13.10,2.40
2008.05.16 11:52:01.850,1.54783,1.54797,3.00,2.40
2008.05.16 11:52:02.091,1.54786,1.54791,7.20,9.00
2008.05.16 11:52:02.331,1.5478,1.548,7.80,12.30
2008.05.16 11:52:02.571,1.54783,1.54798,16.60,2.40
2008.05.16 11:52:02.673,1.54787,1.54797,4.20,5.10
2008.05.16 11:52:02.911,1.54786,1.54801,10.20,2.80
2008.05.16 11:52:03.251,1.54789,1.54799,1.20,3.00
2008.05.16 11:52:04.950,1.5479,1.548,2.40,6.00
2008.05.16 11:52:05.123,1.54794,1.54799,5.40,10.80
2008.05.16 11:52:05.219,1.54794,1.54799,1.20,2.40
2008.05.16 11:52:05.305,1.54788,1.54803,12.00,5.80
2008.05.16 11:52:05.399,1.54786,1.54801,3.00,5.10
2008.05.16 11:52:05.477,1.54786,1.54801,2.40,6.00
2008.05.16 11:52:05.561,1.54786,1.54801,5.40,6.00
2008.05.16 11:52:05.648,1.54793,1.54798,6.60,4.80
2008.05.16 11:52:05.991,1.54792,1.54802,24.00,21.00
2008.05.16 11:52:06.338,1.54793,1.54803,2.40,22.90
2008.05.16 11:52:06.681,1.54794,1.54804,13.20,3.00
2008.05.16 11:52:07.035,1.54793,1.54803,4.80,6.00
2008.05.16 11:52:07.388,1.54794,1.54799,16.50,2.40
2008.05.16 11:52:07.569,1.54793,1.54798,3.00,11.20
2008.05.16 11:52:08.104,1.54792,1.54797,3.60,6.00
2008.05.16 11:52:08.443,1.54791,1.54796,3.00,6.00
2008.05.16 11:52:08.783,1.54791,1.54796,26.80,2.40
2008.05.16 11:52:09.065,1.54792,1.54797,1.00,1.00
2008.05.16 11:52:10.391,1.54793,1.54798,18.60,1.00
2008.05.16 11:52:10.632,1.54789,1.54804,10.20,3.60
2008.05.16 11:52:10.872,1.54794,1.54799,6.00,13.20
2008.05.16 11:52:11.088,1.54795,1.548,15.40,4.80
2008.05.16 11:52:11.288,1.54795,1.548,23.40,3.00
2008.05.16 11:52:11.479,1.54794,1.54799,1.00,3.60
2008.05.16 11:52:12.207,1.54793,1.54798,10.20,11.20
2008.05.16 11:52:12.549,1.54789,1.54799,12.60,5.80
2008.05.16 11:52:12.891,1.54787,1.54797,12.00,2.40
2008.05.16 11:52:13.201,1.54789,1.54794,7.20,3.20
2008.05.16 11:52:13.495,1.54788,1.54793,6.60,4.80
2008.05.16 11:52:14.087,1.54785,1.54795,8.40,4.90
2008.05.16 11:52:14.345,1.54783,1.54793,1.00,12.70
2008.05.16 11:52:14.601,1.54782,1.54792,2.40,2.40
2008.05.16 11:52:14.856,1.54782,1.54792,1.00,2.80
2008.05.16 11:52:15.237,1.54786,1.54791,3.00,15.00
2008.05.16 11:52:15.347,1.54787,1.54792,2.40,6.00
2008.05.16 11:52:15.563,1.54788,1.54793,4.80,7.20
2008.05.16 11:52:15.775,1.54789,1.54794,2.40,2.40
2008.05.16 11:52:16.329,1.54785,1.548,2.40,2.40
2008.05.16 11:52:17.232,1.54789,1.54799,4.80,2.40
2008.05.16 11:52:17.452,1.54789,1.54799,22.20,9.30
2008.05.16 11:52:17.602,1.54789,1.54795,6.00,3.00
2008.05.16 11:52:17.894,1.54789,1.54793,2.40,5.40
2008.05.16 11:52:18.118,1.54785,1.54795,2.40,2.40
2008.05.16 11:52:18.463,1.5478,1.5479,4.80,11.40
2008.05.16 11:52:18.804,1.54776,1.54786,7.20,4.80
2008.05.16 11:52:19.156,1.54771,1.54786,7.20,2.40
2008.05.16 11:52:19.420,1.54767,1.54782,1.00,4.80
2008.05.16 11:52:19.684,1.54764,1.54779,9.60,2.40
2008.05.16 11:52:19.947,1.54762,1.54777,1.00,6.40
2008.05.16 11:52:20.919,1.5476,1.5477,22.80,1.90
2008.05.16 11:52:21.104,1.54755,1.54765,27.60,2.40
2008.05.16 11:52:21.388,1.54752,1.54762,7.80,4.80
2008.05.16 11:52:21.567,1.54755,1.5476,1.80,8.40
2008.05.16 11:52:21.747,1.54761,1.54766,6.00,9.40
2008.05.16 11:52:21.927,1.54768,1.54773,3.00,9.00
2008.05.16 11:52:22.107,1.54776,1.54781,17.40,2.40
2008.05.16 11:52:22.287,1.54779,1.54784,7.20,4.80
2008.05.16 11:52:22.627,1.54783,1.54788,4.80,13.20
2008.05.16 11:52:22.963,1.54782,1.54792,2.40,6.40
2008.05.16 11:52:24.808,1.54783,1.54793,17.40,4.80
2008.05.16 11:52:25.148,1.54783,1.54793,4.80,3.60
2008.05.16 11:52:25.488,1.54786,1.54796,9.00,4.80
2008.05.16 11:52:25.620,1.54786,1.54796,8.40,6.60
2008.05.16 11:52:25.727,1.54788,1.54798,3.70,5.40
2008.05.16 11:52:26.083,1.54789,1.54799,36.00,13.80
2008.05.16 11:52:27.299,1.5479,1.548,6.00,7.20
2008.05.16 11:52:27.548,1.54794,1.54799,7.20,1.00
2008.05.16 11:52:27.795,1.54792,1.54802,4.80,5.50
2008.05.16 11:52:28.291,1.54793,1.54798,2.40,2.40
2008.05.16 11:52:28.540,1.54786,1.54801,1.00,10.20
2008.05.16 11:52:28.787,1.54787,1.54797,7.20,9.60
2008.05.16 11:52:29.111,1.54785,1.54795,6.60,2.40
2008.05.16 11:52:29.436,1.54783,1.54788,11.40,7.20
2008.05.16 11:52:29.495,1.54778,1.54788,16.20,6.00
2008.05.16 11:52:29.767,1.54779,1.54784,3.60,9.10
2008.05.16 11:52:29.967,1.54778,1.54783,1.00,6.60
2008.05.16 11:52:30.168,1.54779,1.54784,3.00,4.80
2008.05.16 11:52:30.367,1.54778,1.54788,6.00,3.30
2008.05.16 11:52:30.568,1.54779,1.54789,17.40,6.00
2008.05.16 11:52:31.103,1.54781,1.54791,10.20,6.00
2008.05.16 11:52:31.785,1.54785,1.5479,2.40,5.40
2008.05.16 11:52:31.912,1.54786,1.54791,6.00,6.60
2008.05.16 11:52:32.039,1.54784,1.54789,11.40,6.40
2008.05.16 11:52:32.169,1.5478,1.54795,4.80,4.40
2008.05.16 11:52:32.299,1.54784,1.54794,8.40,1.00
2008.05.16 11:52:32.351,1.54788,1.54794,1.20,18.30
2008.05.16 11:52:32.427,1.54789,1.54794,2.40,8.60
2008.05.16 11:52:32.681,1.54788,1.54798,32.40,3.00
2008.05.16 11:52:33.024,1.5479,1.54795,6.60,21.00
2008.05.16 11:52:33.364,1.54787,1.54797,10.20,9.10
2008.05.16 11:52:33.717,1.54789,1.54794,12.10,4.80
2008.05.16 11:52:33.946,1.54788,1.54798,3.60,4.80
2008.05.16 11:52:34.186,1.54789,1.54799,5.60,2.40
2008.05.16 11:52:34.430,1.5479,1.548,19.80,4.80
2008.05.16 11:52:35.007,1.54794,1.54799,6.60,17.50
2008.05.16 11:52:35.347,1.54795,1.548,1.20,6.00
2008.05.16 11:52:35.687,1.54796,1.54801,3.60,4.80
2008.05.16 11:52:36.027,1.54793,1.54803,19.80,8.80
2008.05.16 11:52:36.203,1.54795,1.548,3.60,8.80
2008.05.16 11:52:36.552,1.54792,1.54802,5.40,6.10
2008.05.16 11:52:37.491,1.54794,1.54804,16.80,7.20
2008.05.16 11:52:37.792,1.54799,1.54804,7.20,7.00
2008.05.16 11:52:38.091,1.54804,1.54808,2.40,6.60
2008.05.16 11:52:38.420,1.54811,1.54816,7.20,8.80
2008.05.16 11:52:38.747,1.54817,1.54822,1.20,24.70
2008.05.16 11:52:39.076,1.54818,1.54824,7.20,3.60
2008.05.16 11:52:39.392,1.54806,1.54821,1.20,4.80
2008.05.16 11:52:39.707,1.54799,1.54809,1.80,4.80
2008.05.16 11:52:40.024,1.54793,1.54798,9.60,1.00
2008.05.16 11:52:40.251,1.54787,1.54792,9.60,3.00
2008.05.16 11:52:40.480,1.54781,1.54791,10.50,12.90
2008.05.16 11:52:40.707,1.54779,1.54789,5.40,9.90
2008.05.16 11:52:40.935,1.54777,1.54787,19.80,4.80
2008.05.16 11:52:41.275,1.54778,1.54788,28.20,4.80
2008.05.16 11:52:41.615,1.54782,1.54787,8.40,2.20
2008.05.16 11:52:41.956,1.54785,1.54789,18.40,7.60
2008.05.16 11:52:42.156,1.54786,1.5479,3.60,2.40
2008.05.16 11:52:42.355,1.54784,1.54794,2.40,1.00
2008.05.16 11:52:42.951,1.54786,1.54796,25.20,3.00
2008.05.16 11:52:43.291,1.54787,1.54797,2.40,9.00
2008.05.16 11:52:43.464,1.54789,1.54794,1.20,3.00
2008.05.16 11:52:43.631,1.54785,1.54795,14.40,1.80
2008.05.16 11:52:43.980,1.54786,1.54791,6.60,5.10
2008.05.16 11:52:44.248,1.54784,1.54789,10.20,12.00
2008.05.16 11:52:44.517,1.54781,1.54791,5.60,4.80
2008.05.16 11:52:44.789,1.5478,1.5479,4.80,12.60
2008.05.16 11:52:45.284,1.54781,1.54791,10.20,1.00
2008.05.16 11:52:45.952,1.54782,1.54792,4.80,1.50
2008.05.16 11:52:46.183,1.54786,1.54791,1.00,8.90
2008.05.16 11:52:46.703,1.54787,1.54792,2.40,1.00
2008.05.16 11:52:46.964,1.54786,1.54796,3.00,11.20
2008.05.16 11:52:47.226,1.54786,1.54796,1.00,4.80
2008.05.16 11:52:47.551,1.54785,1.54795,2.40,9.30
2008.05.16 11:52:48.196,1.54783,1.54793,1.80,6.00
2008.05.16 11:52:48.515,1.54785,1.5479,3.60,2.40
2008.05.16 11:52:48.761,1.54786,1.54791,6.00,14.40
2008.05.16 11:52:48.836,1.54782,1.54792,3.60,2.40
2008.05.16 11:52:49.157,1.54783,1.54788,5.40,8.20
2008.05.16 11:52:49.460,1.54785,1.5479,4.80,4.80
2008.05.16 11:52:49.760,1.54784,1.54794,6.00,2.40
2008.05.16 11:52:50.059,1.54783,1.54798,9.60,5.70
2008.05.16 11:52:50.276,1.54787,1.54797,7.20,4.80
2008.05.16 11:52:50.492,1.54793,1.54798,10.20,2.40
2008.05.16 11:52:50.711,1.54797,1.54802,3.00,4.60
2008.05.16 11:52:50.939,1.54798,1.54808,6.60,4.80
2008.05.16 11:52:51.155,1.54802,1.54807,6.00,4.20
2008.05.16 11:52:51.383,1.54803,1.54808,6.00,6.00
2008.05.16 11:52:51.611,1.54804,1.54809,2.40,2.50
2008.05.16 11:52:51.839,1.548,1.5481,5.40,6.40
2008.05.16 11:52:52.067,1.54798,1.54808,6.00,3.00
2008.05.16 11:52:52.295,1.54796,1.54806,13.90,3.00
2008.05.16 11:52:52.635,1.54791,1.54806,6.60,5.40
2008.05.16 11:52:53.311,1.54792,1.54797,2.40,2.80
2008.05.16 11:52:53.651,1.54784,1.54799,3.00,1.00
2008.05.16 11:52:54.584,1.54785,1.54795,6.00,4.80
2008.05.16 11:52:55.819,1.54782,1.54792,6.00,13.90
2008.05.16 11:52:56.059,1.54781,1.54791,16.20,6.60
2008.05.16 11:52:56.299,1.54781,1.54786,18.60,4.80
2008.05.16 11:52:56.455,1.5478,1.54785,1.00,11.40
2008.05.16 11:52:56.611,1.54776,1.54786,13.80,4.80
2008.05.16 11:52:56.919,1.54776,1.54786,1.00,4.80
2008.05.16 11:52:57.229,1.54775,1.54785,6.00,2.40
2008.05.16 11:52:57.592,1.54776,1.54786,12.00,8.40
2008.05.16 11:52:57.931,1.54778,1.54788,2.40,8.40
2008.05.16 11:52:58.272,1.54782,1.54787,3.00,14.40
2008.05.16 11:52:58.784,1.54781,1.54791,6.00,72.60
2008.05.16 11:52:59.040,1.54786,1.54796,22.90,10.20
2008.05.16 11:52:59.297,1.54793,1.54798,8.40,1.80
2008.05.16 11:52:59.639,1.54796,1.548,8.40,13.60
2008.05.16 11:53:01.857,1.54783,1.54793,2.40,1.80
2008.05.16 11:53:02.185,1.54782,1.54792,3.60,2.40
2008.05.16 11:53:02.511,1.54783,1.54788,1.20,8.40
2008.05.16 11:53:02.834,1.54777,1.54792,24.00,32.60
2008.05.16 11:53:03.157,1.54778,1.54788,4.80,4.80
2008.05.16 11:53:03.481,1.54775,1.54785,37.20,13.60
2008.05.16 11:53:03.729,1.54774,1.54784,7.80,4.80
2008.05.16 11:53:03.977,1.54772,1.54782,9.00,5.20
2008.05.16 11:53:04.226,1.54771,1.54776,3.00,1.00
2008.05.16 11:53:04.473,1.54764,1.54774,6.00,6.10
2008.05.16 11:53:04.761,1.5476,1.5477,3.00,4.80
2008.05.16 11:53:05.049,1.54759,1.54769,2.40,4.80
2008.05.16 11:53:05.337,1.54758,1.54768,16.80,1.20
2008.05.16 11:53:05.557,1.5476,1.5477,7.20,2.40
2008.05.16 11:53:06.226,1.54762,1.54772,1.20,7.20
2008.05.16 11:53:06.459,1.54766,1.54776,6.60,4.80
2008.05.16 11:53:06.818,1.54773,1.54778,9.60,9.00
2008.05.16 11:53:07.157,1.54776,1.54781,5.40,2.40
2008.05.16 11:53:07.497,1.5478,1.54785,4.80,3.60
2008.05.16 11:53:07.693,1.54778,1.54788,4.80,12.00
2008.05.16 11:53:08.081,1.54782,1.54787,2.40,3.00
2008.05.16 11:53:08.473,1.54783,1.54788,9.00,4.80
2008.05.16 11:53:08.758,1.5478,1.5479,7.20,14.20
2008.05.16 11:53:09.325,1.54781,1.54786,9.00,6.00
2008.05.16 11:53:09.609,1.5478,1.5479,7.20,5.40
2008.05.16 11:53:10.109,1.54784,1.54789,2.40,20.40
2008.05.16 11:53:10.237,1.54781,1.54791,1.00,17.50
2008.05.16 11:53:10.365,1.54778,1.54788,1.00,12.40
2008.05.16 11:53:10.493,1.54776,1.54786,18.30,9.10
2008.05.16 11:53:10.621,1.54775,1.54785,7.20,14.20
2008.05.16 11:53:10.961,1.54774,1.54784,2.40,4.80
2008.05.16 11:53:11.301,1.54775,1.5478,1.25,4.80
2008.05.16 11:53:11.641,1.54775,1.5478,11.40,20.10
2008.05.16 11:53:11.970,1.54775,1.5478,1.20,14.40
2008.05.16 11:53:12.297,1.54776,1.54781,13.80,2.40
2008.05.16 11:53:12.625,1.54775,1.54785,2.40,18.30
2008.05.16 11:53:12.925,1.54779,1.54784,6.00,1.80
2008.05.16 11:53:13.497,1.54779,1.54784,12.60,3.00
2008.05.16 11:53:13.961,1.54775,1.54785,6.00,6.00
2008.05.16 11:53:14.137,1.54772,1.54782,1.20,3.80
2008.05.16 11:53:14.326,1.54766,1.54776,10.20,9.60
2008.05.16 11:53:14.504,1.54758,1.54768,4.20,7.20
2008.05.16 11:53:14.681,1.54748,1.54758,4.80,16.60
2008.05.16 11:53:15.388,1.54742,1.54746,4.20,8.40
2008.05.16 11:53:15.667,1.54734,1.54744,4.80,4.80
2008.05.16 11:53:15.938,1.54739,1.54749,8.40,2.70
2008.05.16 11:53:16.167,1.54746,1.54756,5.40,2.40
2008.05.16 11:53:16.397,1.54752,1.54762,4.90,4.80
2008.05.16 11:53:16.626,1.54756,1.54766,8.40,1.00
2008.05.16 11:53:16.853,1.5476,1.5477,2.40,4.80
2008.05.16 11:53:18.089,1.54762,1.54772,4.80,12.60
2008.05.16 11:53:18.337,1.54763,1.54773,24.00,1.00
2008.05.16 11:53:19.077,1.54767,1.54772,12.60,4.20
2008.05.16 11:53:19.313,1.54768,1.54773,1.50,17.40
2008.05.16 11:53:19.380,1.54763,1.54783,2.40,2.40
2008.05.16 11:53:19.601,1.54774,1.54779,9.60,7.20
2008.05.16 11:53:20.385,1.54776,1.54781,7.20,4.80
2008.05.16 11:53:22.968,1.54775,1.54785,8.40,2.40
2008.05.16 11:53:23.265,1.54775,1.54785,7.20,9.27
2008.05.16 11:53:27.332,1.54774,1.54789,7.80,1.00
2008.05.16 11:53:27.647,1.54775,1.54785,23.40,13.80
2008.05.16 11:53:28.237,1.54773,1.54783,2.40,7.80
2008.05.16 11:53:28.536,1.54774,1.54779,3.60,2.40
2008.05.16 11:53:28.878,1.5477,1.5478,1.80,8.70
2008.05.16 11:53:29.583,1.54764,1.54784,6.00,3.20
2008.05.16 11:53:29.774,1.54771,1.54776,2.40,4.50
2008.05.16 11:53:30.002,1.54772,1.54777,5.40,8.40
2008.05.16 11:53:30.227,1.5477,1.5478,4.80,12.00
2008.05.16 11:53:31.877,1.54772,1.54782,13.00,3.00
2008.05.16 11:53:32.202,1.54776,1.54781,6.00,6.60
2008.05.16 11:53:32.527,1.54775,1.54785,10.80,6.00
2008.05.16 11:53:32.775,1.54775,1.54785,17.40,13.00
2008.05.16 11:53:33.241,1.54773,1.54783,1.00,6.00
2008.05.16 11:53:33.697,1.54772,1.54782,7.20,4.80
2008.05.16 11:53:34.141,1.54773,1.54783,7.80,4.80
2008.05.16 11:53:34.388,1.54776,1.54786,8.40,2.50
2008.05.16 11:53:34.613,1.5478,1.5479,7.20,2.40
2008.05.16 11:53:34.937,1.54787,1.54797,6.00,9.10
2008.05.16 11:53:35.665,1.54797,1.54802,17.40,5.40
2008.05.16 11:53:36.265,1.54806,1.54811,8.40,2.40
2008.05.16 11:53:36.606,1.54807,1.54811,2.40,18.20
2008.05.16 11:53:36.946,1.54801,1.54806,7.80,6.40
2008.05.16 11:53:37.286,1.54791,1.54801,1.00,7.20
2008.05.16 11:53:37.625,1.54784,1.54794,6.00,1.00
2008.05.16 11:53:37.966,1.54777,1.54787,19.80,5.40
2008.05.16 11:53:38.305,1.54773,1.54783,7.20,12.70
2008.05.16 11:53:39.011,1.54772,1.54782,7.80,1.20
2008.05.16 11:53:39.193,1.54772,1.54782,4.80,1.20
2008.05.16 11:53:39.373,1.54772,1.54782,4.80,3.60
2008.05.16 11:53:39.743,1.54765,1.54791,6.00,6.90
2008.05.16 11:53:40.257,1.54774,1.54784,22.20,4.80
2008.05.16 11:53:45.154,1.54775,1.5478,8.40,1.00
2008.05.16 11:53:45.189,1.54771,1.54781,3.00,5.10
2008.05.16 11:53:45.345,1.54769,1.54779,1.80,7.80
2008.05.16 11:53:45.385,1.54771,1.54776,3.60,3.00
2008.05.16 11:53:45.589,1.5477,1.54775,2.40,2.40
2008.05.16 11:53:45.841,1.54769,1.54774,5.40,2.40
2008.05.16 11:53:47.032,1.54765,1.54775,10.20,4.80
2008.05.16 11:53:47.179,1.54766,1.54771,5.40,7.80
2008.05.16 11:53:47.322,1.54762,1.54772,9.00,1.80
2008.05.16 11:53:47.466,1.54761,1.54771,8.40,4.20
2008.05.16 11:53:47.609,1.54759,1.54769,31.20,4.80
2008.05.16 11:53:47.898,1.54759,1.54769,4.20,5.10
2008.05.16 11:53:48.383,1.5476,1.5477,10.80,4.80
2008.05.16 11:53:48.726,1.54763,1.54773,12.60,2.70
2008.05.16 11:53:49.525,1.54767,1.54772,3.60,9.70
2008.05.16 11:53:49.681,1.54768,1.54773,1.00,7.20
2008.05.16 11:53:49.837,1.54766,1.54776,10.20,4.80
2008.05.16 11:53:50.145,1.54768,1.54778,3.40,4.80
2008.05.16 11:53:50.485,1.54769,1.54779,0.25,16.60
2008.05.16 11:53:50.825,1.5477,1.54775,7.80,4.80
2008.05.16 11:53:51.165,1.54766,1.54776,6.60,25.30
2008.05.16 11:53:51.435,1.54766,1.54776,8.40,5.70
2008.05.16 11:53:51.707,1.54765,1.54775,10.20,2.40
2008.05.16 11:53:51.975,1.54766,1.54771,4.80,1.00
2008.05.16 11:53:52.246,1.54764,1.54774,13.20,2.40
2008.05.16 11:53:52.646,1.54759,1.54779,14.40,4.80
2008.05.16 11:53:55.338,1.54767,1.54772,27.00,2.40
2008.05.16 11:53:55.473,1.54766,1.54771,23.40,6.00
2008.05.16 11:53:55.581,1.54767,1.54772,14.40,12.00
2008.05.16 11:53:56.127,1.54769,1.54774,34.80,4.80
2008.05.16 11:53:56.686,1.5477,1.54775,3.00,1.80
2008.05.16 11:53:57.034,1.54769,1.54779,7.20,2.40
2008.05.16 11:53:57.374,1.5477,1.5478,14.40,9.70
2008.05.16 11:53:57.830,1.54772,1.54782,2.40,9.30
2008.05.16 11:53:58.505,1.54773,1.54783,7.80,20.50
2008.05.16 11:53:58.793,1.54775,1.54785,1.00,6.00
2008.05.16 11:54:00.671,1.5478,1.54784,13.80,7.20
2008.05.16 11:54:00.875,1.54782,1.54787,4.80,7.20
2008.05.16 11:54:01.078,1.54783,1.54788,2.40,6.00
2008.05.16 11:54:03.462,1.54783,1.54788,2.40,4.80
2008.05.16 11:54:03.547,1.54784,1.54789,1.00,12.40
2008.05.16 11:54:04.528,1.54786,1.54791,7.80,7.60
2008.05.16 11:54:06.525,1.54787,1.54792,6.60,7.80
2008.05.16 11:54:06.785,1.54788,1.54793,4.80,4.80
2008.05.16 11:54:07.046,1.54789,1.54794,4.80,3.30
2008.05.16 11:54:07.103,1.54791,1.54796,4.80,11.70
2008.05.16 11:54:07.221,1.54792,1.54797,4.60,6.00
2008.05.16 11:54:07.335,1.54793,1.54798,14.40,6.00
2008.05.16 11:54:07.392,1.54792,1.54797,3.00,2.40
2008.05.16 11:54:07.462,1.54791,1.54796,2.40,2.40
2008.05.16 11:54:08.066,1.54789,1.54794,3.00,13.30
2008.05.16 11:54:08.487,1.54788,1.54793,1.00,6.00
2008.05.16 11:54:09.831,1.54787,1.54792,10.20,1.20
2008.05.16 11:54:10.844,1.54786,1.54791,3.00,9.00
2008.05.16 11:54:11.287,1.54784,1.54789,8.40,9.60
2008.05.16 11:54:11.965,1.54783,1.54788,5.50,6.40
2008.05.16 11:54:12.152,1.54782,1.54787,7.80,7.20
2008.05.16 11:54:12.340,1.54781,1.54785,6.00,4.80
2008.05.16 11:54:12.716,1.54782,1.54786,12.00,5.70
2008.05.16 11:54:12.904,1.54783,1.54788,4.80,4.80
2008.05.16 11:54:13.131,1.54784,1.54789,4.80,6.00
2008.05.16 11:54:17.388,1.54783,1.54788,4.20,4.20
2008.05.16 11:54:21.691,1.54781,1.54786,6.00,1.00
2008.05.16 11:54:21.988,1.5478,1.54785,9.00,10.20
2008.05.16 11:54:22.194,1.54778,1.54782,2.20,1.00
2008.05.16 11:54:22.223,1.54773,1.54778,3.00,2.80
2008.05.16 11:54:22.275,1.54769,1.54774,5.40,7.20
2008.05.16 11:54:22.549,1.54762,1.54766,5.40,4.80
2008.05.16 11:54:22.788,1.54753,1.54758,13.20,7.80
2008.05.16 11:54:23.024,1.54747,1.54752,9.00,9.00
2008.05.16 11:54:23.260,1.54745,1.54749,5.80,4.80
2008.05.16 11:54:23.546,1.54748,1.54753,2.40,3.60
2008.05.16 11:54:25.675,1.54754,1.54759,7.20,7.80
2008.05.16 11:54:26.249,1.54756,1.54766,2.40,3.60
2008.05.16 11:54:26.539,1.54763,1.54768,3.00,4.20
2008.05.16 11:54:26.675,1.54767,1.54772,7.20,1.80
2008.05.16 11:54:26.810,1.54769,1.54774,4.80,7.80
2008.05.16 11:54:29.951,1.54768,1.54778,16.00,3.00
2008.05.16 11:54:30.111,1.54772,1.54777,3.00,8.40
2008.05.16 11:54:30.427,1.54774,1.54779,1.00,1.00
2008.05.16 11:54:30.587,1.54775,1.5478,7.80,6.30
2008.05.16 11:54:30.864,1.54776,1.54781,2.40,17.50
2008.05.16 11:54:31.139,1.54777,1.54782,16.20,1.20
2008.05.16 11:54:31.415,1.54778,1.54783,6.00,1.00
2008.05.16 11:54:31.691,1.54779,1.54784,8.40,3.30
2008.05.16 11:54:31.967,1.54778,1.54783,10.80,7.20
2008.05.16 11:54:37.191,1.54778,1.54783,7.60,3.00
2008.05.16 11:54:37.295,1.54778,1.54783,9.00,8.50
2008.05.16 11:54:37.492,1.54778,1.54783,5.40,9.40
2008.05.16 11:54:37.784,1.54779,1.54784,2.40,7.50
2008.05.16 11:54:37.884,1.54778,1.54788,4.80,7.20
2008.05.16 11:54:37.983,1.54782,1.54787,7.20,1.20
2008.05.16 11:54:38.846,1.54783,1.54788,6.00,3.00
2008.05.16 11:54:39.145,1.54784,1.54789,9.00,3.00
2008.05.16 11:54:39.489,1.54783,1.54788,10.00,2.40
2008.05.16 11:54:39.833,1.54774,1.54794,7.20,4.80
2008.05.16 11:54:40.176,1.54773,1.54793,2.40,4.00
2008.05.16 11:54:40.736,1.54772,1.54792,5.40,2.40
2008.05.16 11:54:41.296,1.54776,1.54786,6.60,7.20
2008.05.16 11:54:41.452,1.54775,1.54785,4.80,4.80
2008.05.16 11:54:41.543,1.54776,1.54781,2.40,7.20
2008.05.16 11:54:41.791,1.54774,1.5478,1.00,9.60
2008.05.16 11:54:42.040,1.54776,1.54781,12.60,2.40
2008.05.16 11:54:42.292,1.54778,1.54782,13.20,4.20
2008.05.16 11:54:42.625,1.5478,1.54785,1.00,5.40
2008.05.16 11:54:42.955,1.54779,1.54789,4.80,7.20
2008.05.16 11:54:43.277,1.54781,1.54791,7.80,4.80
2008.05.16 11:54:43.601,1.54787,1.54797,6.60,2.40
2008.05.16 11:54:43.923,1.54794,1.54798,4.80,3.60
2008.05.16 11:54:44.251,1.54797,1.54803,5.40,2.10
2008.05.16 11:54:44.586,1.54802,1.54807,7.80,2.40
2008.05.16 11:54:44.909,1.54807,1.54817,27.60,2.40
2008.05.16 11:54:45.550,1.54808,1.54818,6.00,6.00
2008.05.16 11:54:46.227,1.54804,1.54814,10.80,11.40
2008.05.16 11:54:46.567,1.54797,1.54807,8.40,13.80
2008.05.16 11:54:46.852,1.54791,1.54801,2.40,6.60
2008.05.16 11:54:47.135,1.54786,1.54796,2.40,12.10
2008.05.16 11:54:47.610,1.54779,1.54794,10.80,1.00
2008.05.16 11:54:47.807,1.54775,1.5479,1.00,2.40
2008.05.16 11:54:48.003,1.54774,1.54789,10.00,6.40
2008.05.16 11:54:48.199,1.54775,1.54785,6.00,4.80
2008.05.16 11:54:48.395,1.54775,1.54785,15.00,2.40
2008.05.16 11:54:48.711,1.54773,1.54783,7.20,3.30
2008.05.16 11:54:49.035,1.54775,1.54785,5.40,5.50
2008.05.16 11:54:49.663,1.54776,1.54786,15.60,10.80
2008.05.16 11:54:49.927,1.54777,1.54787,5.40,4.80
2008.05.16 11:54:50.191,1.54779,1.54789,14.40,1.00
2008.05.16 11:54:50.454,1.5478,1.5479,4.80,6.60
2008.05.16 11:54:50.770,1.54783,1.54788,2.40,2.40
2008.05.16 11:54:51.087,1.54782,1.54792,6.00,1.20
2008.05.16 11:54:51.403,1.54783,1.54793,11.40,2.40
2008.05.16 11:54:51.719,1.54784,1.54794,7.80,7.60
2008.05.16 11:54:51.926,1.54786,1.54796,2.40,12.10
2008.05.16 11:54:52.813,1.54787,1.54797,14.40,2.40
2008.05.16 11:54:54.242,1.54791,1.54796,11.40,4.80
2008.05.16 11:54:54.460,1.54792,1.54797,11.10,15.60
2008.05.16 11:54:54.677,1.54793,1.54798,15.00,11.20
2008.05.16 11:54:55.021,1.54793,1.54803,33.00,9.00
2008.05.16 11:54:55.359,1.54793,1.54803,8.40,6.60
2008.05.16 11:55:03.457,1.54783,1.54793,7.20,2.10
2008.05.16 11:55:03.705,1.54781,1.54791,22.80,5.40
2008.05.16 11:55:03.953,1.54779,1.54789,3.00,5.30
2008.05.16 11:55:04.200,1.54777,1.54787,9.60,3.00
2008.05.16 11:55:04.792,1.54779,1.54784,4.80,9.80
2008.05.16 11:55:05.133,1.54775,1.54785,6.80,4.80
2008.05.16 11:55:05.473,1.54773,1.54783,1.20,3.00
2008.05.16 11:55:05.812,1.54772,1.54782,3.00,13.20
2008.05.16 11:55:05.993,1.54773,1.54778,1.20,4.80
2008.05.16 11:55:06.173,1.54772,1.54777,2.40,6.00
2008.05.16 11:55:06.353,1.54766,1.54786,12.00,3.00
2008.05.16 11:55:06.532,1.54769,1.54784,1.00,13.00
2008.05.16 11:55:06.837,1.54771,1.54781,8.50,5.10
2008.05.16 11:55:07.141,1.54772,1.54777,4.80,9.80
2008.05.16 11:55:07.445,1.54771,1.54776,2.40,18.10
2008.05.16 11:55:07.749,1.5477,1.54775,9.60,4.20
2008.05.16 11:55:08.089,1.54766,1.54776,20.20,2.40
2008.05.16 11:55:08.429,1.54767,1.54772,8.40,1.00
2008.05.16 11:55:08.781,1.54766,1.54771,2.40,6.00
2008.05.16 11:55:09.105,1.54765,1.5477,25.80,8.40
2008.05.16 11:55:09.429,1.54765,1.5477,7.20,29.60
2008.05.16 11:55:09.753,1.54764,1.54769,2.40,1.00
2008.05.16 11:55:09.957,1.5476,1.5477,5.40,4.80
2008.05.16 11:55:10.161,1.54763,1.54768,9.60,6.00
2008.05.16 11:55:10.364,1.54764,1.54769,9.60,6.00
2008.05.16 11:55:10.569,1.54762,1.54767,9.00,4.80
2008.05.16 11:55:11.109,1.54761,1.54771,3.00,7.20
2008.05.16 11:55:11.449,1.5476,1.54775,6.00,5.10
2008.05.16 11:55:11.789,1.5476,1.54775,4.80,15.00
2008.05.16 11:55:11.969,1.54761,1.54776,15.00,4.80
2008.05.16 11:55:12.149,1.54767,1.54772,4.80,17.20
2008.05.16 11:55:12.336,1.54767,1.54772,5.40,2.40
2008.05.16 11:55:12.530,1.54765,1.54775,7.80,3.00
2008.05.16 11:55:12.709,1.54766,1.54771,10.20,4.80
2008.05.16 11:55:13.050,1.54762,1.54772,2.40,2.50
2008.05.16 11:55:13.391,1.54764,1.54774,17.40,4.80
2008.05.16 11:55:14.045,1.54768,1.54773,7.80,7.80
2008.05.16 11:55:14.361,1.5477,1.54775,11.40,1.00
2008.05.16 11:55:14.678,1.54773,1.54778,2.40,1.80
2008.05.16 11:55:14.998,1.54778,1.54783,5.40,9.00
2008.05.16 11:55:15.286,1.54783,1.54789,35.80,3.00
2008.05.16 11:55:15.394,1.54786,1.548,6.60,4.20
2008.05.16 11:55:15.574,1.54797,1.54807,3.60,14.30
2008.05.16 11:55:15.861,1.54804,1.54814,6.00,17.40
2008.05.16 11:55:16.081,1.5481,1.54814,6.60,9.00
2008.05.16 11:55:16.301,1.54804,1.54814,2.10,8.40
2008.05.16 11:55:17.288,1.548,1.54805,10.20,4.20
2008.05.16 11:55:17.629,1.54794,1.54799,9.00,2.40
2008.05.16 11:55:17.969,1.5479,1.54795,8.40,6.60
2008.05.16 11:55:18.309,1.54783,1.54793,20.50,4.80
2008.05.16 11:55:18.649,1.54783,1.54788,2.40,2.40
2008.05.16 11:55:18.989,1.54782,1.54787,1.00,4.20
2008.05.16 11:55:19.309,1.54781,1.54786,4.80,3.00
2008.05.16 11:55:19.626,1.54777,1.54787,16.80,1.00
2008.05.16 11:55:19.941,1.5478,1.54785,4.80,3.60
2008.05.16 11:55:20.256,1.54779,1.54789,25.20,1.00
2008.05.16 11:55:20.676,1.54779,1.54789,1.00,24.70
2008.05.16 11:55:21.695,1.54778,1.54788,2.40,1.80
2008.05.16 11:55:22.008,1.54779,1.54784,2.40,2.40
2008.05.16 11:55:22.152,1.54777,1.54783,1.80,2.40
2008.05.16 11:55:22.298,1.54776,1.54781,8.40,10.20
2008.05.16 11:55:22.443,1.54775,1.54779,9.60,2.40
2008.05.16 11:55:22.730,1.5477,1.5478,10.20,11.50
2008.05.16 11:55:22.874,1.54771,1.54776,22.20,2.40
2008.05.16 11:55:23.019,1.5477,1.54775,1.80,8.40
2008.05.16 11:55:23.361,1.54769,1.54774,21.00,5.40
2008.05.16 11:55:23.700,1.54765,1.54775,1.80,4.80
2008.05.16 11:55:24.041,1.54764,1.54774,4.80,3.00
2008.05.16 11:55:24.261,1.54762,1.54772,11.40,15.10
2008.05.16 11:55:24.497,1.54763,1.54768,4.80,7.20
2008.05.16 11:55:24.713,1.54762,1.54767,4.80,1.00
2008.05.16 11:55:24.933,1.54761,1.54766,4.80,6.00
2008.05.16 11:55:25.153,1.5476,1.54764,3.40,13.20
2008.05.16 11:55:26.186,1.5476,1.54765,20.40,2.40
2008.05.16 11:55:26.312,1.5476,1.54765,22.80,10.80
2008.05.16 11:55:26.440,1.54759,1.54769,7.80,12.30
2008.05.16 11:55:26.568,1.54761,1.54771,5.40,5.40
2008.05.16 11:55:26.696,1.54765,1.5477,16.50,7.80
2008.05.16 11:55:26.824,1.54764,1.54769,14.90,5.40
2008.05.16 11:55:28.549,1.54764,1.54769,3.00,3.00
2008.05.16 11:55:28.889,1.54764,1.54769,6.60,4.80
2008.05.16 11:55:29.049,1.54765,1.5477,6.00,4.80
2008.05.16 11:55:29.210,1.54764,1.54774,8.40,6.00
2008.05.16 11:55:29.368,1.54765,1.54775,27.00,4.80
2008.05.16 11:55:29.528,1.54765,1.54775,3.60,11.40
2008.05.16 11:55:29.688,1.54764,1.54774,6.00,9.40
2008.05.16 11:55:30.029,1.54765,1.5477,7.20,1.00
2008.05.16 11:55:30.371,1.54762,1.54772,4.80,8.10
2008.05.16 11:55:30.709,1.54763,1.54768,4.80,9.60
2008.05.16 11:55:30.877,1.54762,1.54767,22.90,10.20
2008.05.16 11:55:31.052,1.54761,1.54766,4.80,1.00
2008.05.16 11:55:31.224,1.5476,1.54765,6.00,3.00
2008.05.16 11:55:31.393,1.54759,1.54764,2.40,12.00
2008.05.16 11:55:31.560,1.5475,1.5477,1.20,2.40
2008.05.16 11:55:32.054,1.54756,1.54761,4.80,2.40
2008.05.16 11:55:32.382,1.54752,1.54762,2.20,5.40
2008.05.16 11:55:32.710,1.54753,1.54758,3.00,4.20
2008.05.16 11:55:33.049,1.54749,1.54764,2.40,12.10
2008.05.16 11:55:33.389,1.54753,1.54763,1.20,9.60
2008.05.16 11:55:33.729,1.54751,1.54766,8.40,10.20
2008.05.16 11:55:34.013,1.5475,1.5477,16.20,2.50
2008.05.16 11:55:34.297,1.54757,1.54767,3.60,2.40
2008.05.16 11:55:34.583,1.54754,1.54769,22.50,17.50
2008.05.16 11:55:34.869,1.54748,1.54773,8.40,2.40
2008.05.16 11:55:35.202,1.54748,1.54773,22.80,10.20
2008.05.16 11:55:35.549,1.54754,1.54764,12.60,2.40
2008.05.16 11:55:35.880,1.54752,1.54762,2.40,25.60
2008.05.16 11:55:36.197,1.54753,1.54758,6.00,17.40
2008.05.16 11:55:36.520,1.54749,1.54759,2.40,1.20
2008.05.16 11:55:36.841,1.54752,1.54757,1.80,4.80
2008.05.16 11:55:37.044,1.54752,1.54757,1.00,24.70
2008.05.16 11:55:37.245,1.54753,1.54758,4.80,11.70
2008.05.16 11:55:37.446,1.54749,1.54764,1.80,2.70
2008.05.16 11:55:37.645,1.54753,1.54763,2.40,1.20
2008.05.16 11:55:37.846,1.54754,1.54759,8.40,3.30
2008.05.16 11:55:38.186,1.54753,1.54758,6.00,28.20
2008.05.16 11:55:38.526,1.54752,1.54757,10.80,2.40
2008.05.16 11:55:38.868,1.54749,1.54754,2.40,3.60
2008.05.16 11:55:39.133,1.54744,1.54749,13.20,9.60
2008.05.16 11:55:39.410,1.54739,1.54744,8.40,8.50
2008.05.16 11:55:39.673,1.5473,1.5474,1.20,5.40
2008.05.16 11:55:39.937,1.54726,1.54731,5.40,2.40
2008.05.16 11:55:40.200,1.54723,1.54733,3.60,3.00
2008.05.16 11:55:40.484,1.54726,1.54741,4.80,11.20
2008.05.16 11:55:40.768,1.54736,1.54746,1.00,2.80
2008.05.16 11:55:41.053,1.54744,1.54754,3.60,6.00
2008.05.16 11:55:41.229,1.54751,1.54761,4.80,5.70
2008.05.16 11:55:41.419,1.54758,1.54763,12.00,10.80
2008.05.16 11:55:41.598,1.54756,1.54772,5.40,4.80
2008.05.16 11:55:41.773,1.54765,1.5477,7.80,4.80
2008.05.16 11:55:41.961,1.54761,1.54776,3.00,1.80
2008.05.16 11:55:42.301,1.54765,1.54775,2.40,10.30
2008.05.16 11:55:42.641,1.54766,1.54776,4.80,1.80
2008.05.16 11:55:42.981,1.5477,1.54775,7.20,4.80
2008.05.16 11:55:43.321,1.54769,1.54774,17.60,3.00
2008.05.16 11:55:43.661,1.54767,1.54772,7.20,1.00
2008.05.16 11:55:44.001,1.54767,1.54772,21.20,3.60
2008.05.16 11:55:44.342,1.54768,1.54773,6.00,8.40
2008.05.16 11:55:44.403,1.54767,1.54777,17.40,3.00
2008.05.16 11:55:44.617,1.54772,1.54776,2.10,8.40
2008.05.16 11:55:44.897,1.5477,1.54775,16.20,2.40
2008.05.16 11:55:45.167,1.54766,1.54776,8.40,4.80
2008.05.16 11:55:45.405,1.54765,1.54775,3.60,12.00
2008.05.16 11:55:45.641,1.54766,1.54771,2.40,4.80
2008.05.16 11:55:45.878,1.54762,1.54772,6.00,7.80
2008.05.16 11:55:46.113,1.54764,1.54769,8.40,6.90
2008.05.16 11:55:46.420,1.54762,1.54768,6.00,10.20
2008.05.16 11:55:46.733,1.5476,1.54766,9.00,4.80
2008.05.16 11:55:47.043,1.54759,1.54764,4.80,12.00
2008.05.16 11:55:47.359,1.54757,1.54767,26.40,6.00
2008.05.16 11:55:47.669,1.54756,1.54771,2.40,1.00
2008.05.16 11:55:48.275,1.54762,1.54767,18.00,10.50
2008.05.16 11:55:48.557,1.54764,1.54769,4.80,12.60
2008.05.16 11:55:48.837,1.5476,1.54775,1.00,7.20
2008.05.16 11:55:49.117,1.54764,1.54774,6.60,7.20
2008.05.16 11:55:49.399,1.54767,1.54772,4.80,3.00
2008.05.16 11:55:49.745,1.54766,1.54771,8.40,30.00
2008.05.16 11:55:50.088,1.54763,1.54773,8.40,13.60
2008.05.16 11:55:50.426,1.54757,1.54777,12.00,1.20
2008.05.16 11:55:50.637,1.54758,1.54773,6.00,1.80
2008.05.16 11:55:51.054,1.54759,1.54769,6.00,2.40
2008.05.16 11:55:51.264,1.5476,1.54765,7.20,4.80
2008.05.16 11:55:51.469,1.54754,1.54769,7.20,17.80
2008.05.16 11:55:51.770,1.54758,1.54763,2.40,1.80
2008.05.16 11:55:52.073,1.54757,1.54762,4.80,1.00
2008.05.16 11:55:52.372,1.5475,1.54765,2.40,16.30
2008.05.16 11:55:52.712,1.54751,1.54761,7.80,1.20
2008.05.16 11:55:53.053,1.54755,1.5476,13.20,4.80
2008.05.16 11:55:53.393,1.54756,1.54761,12.60,6.00
2008.05.16 11:55:53.633,1.54754,1.54764,4.80,19.00
2008.05.16 11:55:54.108,1.54758,1.54763,1.80,2.40
2008.05.16 11:55:54.605,1.54757,1.54767,5.40,5.40
2008.05.16 11:55:54.897,1.54761,1.54766,7.20,8.80
2008.05.16 11:55:55.214,1.54761,1.54766,7.80,8.40
2008.05.16 11:55:55.529,1.54761,1.54766,6.60,4.80
2008.05.16 11:55:55.705,1.54762,1.54767,10.80,1.00
2008.05.16 11:55:56.405,1.54764,1.54769,6.90,4.20
2008.05.16 11:55:56.581,1.54765,1.5477,10.20,7.90
2008.05.16 11:55:56.843,1.54765,1.54775,22.80,2.40
2008.05.16 11:55:57.099,1.54771,1.54776,21.00,1.00
2008.05.16 11:55:57.357,1.54776,1.54781,1.00,6.40
2008.05.16 11:55:57.620,1.54781,1.54786,5.40,2.40
2008.05.16 11:55:57.917,1.54784,1.54794,7.30,4.80
2008.05.16 11:55:58.216,1.54791,1.54796,2.40,10.80
2008.05.16 11:55:58.810,1.54794,1.54798,13.80,7.20
2008.05.16 11:56:03.015,1.54788,1.54792,2.40,3.00
2008.05.16 11:56:03.322,1.54789,1.54794,4.80,9.00
2008.05.16 11:56:04.633,1.5479,1.54795,16.20,1.80
2008.05.16 11:56:04.976,1.54788,1.54798,13.20,1.20
2008.05.16 11:56:05.871,1.54791,1.54797,3.60,4.80
2008.05.16 11:56:06.025,1.5479,1.548,9.00,11.70
2008.05.16 11:56:06.231,1.54792,1.54802,6.60,11.40
2008.05.16 11:56:06.435,1.54792,1.54802,2.40,4.80
2008.05.16 11:56:06.641,1.54792,1.54802,10.20,4.80
2008.05.16 11:56:07.044,1.54793,1.54798,2.40,2.40
2008.05.16 11:56:07.202,1.54792,1.54797,4.80,6.90
2008.05.16 11:56:08.152,1.54791,1.54796,4.20,8.40
2008.05.16 11:56:08.269,1.5479,1.54796,8.40,2.20
2008.05.16 11:56:08.399,1.54789,1.54794,6.00,4.20
2008.05.16 11:56:08.647,1.54788,1.54793,4.80,14.10
2008.05.16 11:56:08.895,1.54784,1.54794,1.00,4.80
2008.05.16 11:56:09.142,1.54786,1.54796,11.40,2.40
2008.05.16 11:56:09.726,1.54788,1.54798,2.40,4.80
2008.05.16 11:56:10.070,1.54786,1.54796,9.60,5.40
2008.05.16 11:56:10.411,1.54789,1.54794,4.80,3.20
2008.05.16 11:56:10.678,1.54791,1.54796,2.40,2.80
2008.05.16 11:56:11.476,1.54791,1.54801,4.80,9.00
2008.05.16 11:56:11.664,1.54795,1.548,14.80,2.40
2008.05.16 11:56:11.851,1.54797,1.54802,11.40,9.70
2008.05.16 11:56:12.038,1.54802,1.54807,2.40,9.30
2008.05.16 11:56:12.412,1.54806,1.54811,3.00,3.00
2008.05.16 11:56:12.711,1.54808,1.54818,1.20,7.80
2008.05.16 11:56:13.015,1.54812,1.54818,6.60,6.60
2008.05.16 11:56:13.316,1.54809,1.54819,6.60,8.50
2008.05.16 11:56:13.939,1.54808,1.54813,22.40,1.00
2008.05.16 11:56:14.263,1.54804,1.54809,5.40,6.00
2008.05.16 11:56:14.582,1.54799,1.54804,9.60,2.70
2008.05.16 11:56:14.890,1.54793,1.54803,5.40,6.60
2008.05.16 11:56:15.499,1.54795,1.54799,4.80,1.20
2008.05.16 11:56:15.768,1.5479,1.548,8.40,2.40
2008.05.16 11:56:16.036,1.54792,1.54797,7.20,7.40
2008.05.16 11:56:16.304,1.54788,1.54798,1.20,11.60
2008.05.16 11:56:16.585,1.54788,1.54798,14.40,9.70
2008.05.16 11:56:16.786,1.54789,1.54799,29.70,2.40
2008.05.16 11:56:16.990,1.54788,1.54798,1.20,4.80
2008.05.16 11:56:17.396,1.54787,1.54797,7.80,6.60
2008.05.16 11:56:17.600,1.54786,1.54796,13.20,3.00
2008.05.16 11:56:17.957,1.54784,1.54794,1.00,2.40
2008.05.16 11:56:18.295,1.54784,1.54794,6.60,2.40
2008.05.16 11:56:18.635,1.54785,1.54795,4.80,7.20
2008.05.16 11:56:18.883,1.54786,1.54791,4.80,5.40
2008.05.16 11:56:19.369,1.54784,1.5479,4.80,3.00
2008.05.16 11:56:19.627,1.54781,1.54791,2.44,1.00
2008.05.16 11:56:21.910,1.54779,1.54789,5.80,7.20
2008.05.16 11:56:22.638,1.5478,1.54785,1.00,7.80
2008.05.16 11:56:22.959,1.54779,1.54784,7.20,3.20
2008.05.16 11:56:23.134,1.54778,1.54783,7.20,9.00
2008.05.16 11:56:23.312,1.54778,1.54783,4.80,3.00
2008.05.16 11:56:23.487,1.54779,1.54784,1.00,7.20
2008.05.16 11:56:23.663,1.54777,1.54787,5.40,7.80
2008.05.16 11:56:23.838,1.54779,1.54789,9.00,7.20
2008.05.16 11:56:24.178,1.54781,1.54791,16.20,14.40
2008.05.16 11:56:24.519,1.54782,1.54792,1.20,12.60
2008.05.16 11:56:24.861,1.54783,1.54793,3.60,6.80
2008.05.16 11:56:25.058,1.54785,1.54795,16.80,11.20
2008.05.16 11:56:25.835,1.54786,1.54796,18.00,1.20
2008.05.16 11:56:26.861,1.54788,1.54798,4.80,5.20
2008.05.16 11:56:27.869,1.54789,1.54799,2.40,2.40
2008.05.16 11:56:28.860,1.5479,1.548,12.00,3.00
2008.05.16 11:56:29.997,1.54792,1.54797,10.80,2.40
2008.05.16 11:56:30.826,1.54791,1.54796,6.30,2.40
2008.05.16 11:56:31.035,1.54791,1.54796,7.80,8.40
2008.05.16 11:56:33.075,1.54787,1.54797,3.60,18.40
2008.05.16 11:56:33.347,1.54786,1.54796,4.80,4.50
2008.05.16 11:56:33.714,1.54784,1.54794,4.80,9.20
2008.05.16 11:56:34.174,1.54783,1.54793,2.40,9.00
2008.05.16 11:56:34.875,1.54785,1.5479,36.00,13.80
2008.05.16 11:56:35.195,1.54786,1.54791,4.80,4.30
2008.05.16 11:56:35.739,1.54785,1.54795,7.20,5.40
2008.05.16 11:56:35.922,1.54789,1.54794,6.00,3.60
2008.05.16 11:56:36.106,1.54789,1.54794,4.80,9.80
2008.05.16 11:56:36.290,1.54785,1.54795,20.70,4.80
2008.05.16 11:56:36.498,1.54784,1.54794,4.20,4.20
2008.05.16 11:56:36.706,1.54782,1.54792,3.00,4.20
2008.05.16 11:56:36.914,1.54782,1.54787,13.20,3.00
2008.05.16 11:56:37.122,1.54777,1.54782,7.20,1.00
2008.05.16 11:56:37.330,1.54772,1.54777,2.40,3.00
2008.05.16 11:56:37.774,1.54764,1.54774,2.40,1.80
2008.05.16 11:56:37.998,1.54761,1.54771,6.00,8.20
2008.05.16 11:56:39.750,1.54768,1.54773,4.80,9.80
2008.05.16 11:56:40.083,1.54774,1.54779,3.00,4.80
2008.05.16 11:56:41.252,1.54776,1.54786,1.80,7.80
2008.05.16 11:56:41.553,1.5478,1.5479,16.80,12.60
2008.05.16 11:56:41.698,1.54783,1.54793,2.40,6.00
2008.05.16 11:56:42.224,1.54788,1.54793,6.00,7.20
2008.05.16 11:56:42.300,1.54789,1.54794,24.00,1.00
2008.05.16 11:56:42.727,1.54791,1.54795,6.00,3.30
2008.05.16 11:56:43.015,1.54789,1.54799,36.00,13.80
2008.05.16 11:56:43.295,1.5479,1.54794,6.60,7.20
2008.05.16 11:56:43.859,1.54788,1.54793,6.60,8.40
2008.05.16 11:56:44.146,1.54786,1.54792,31.50,20.20
2008.05.16 11:56:45.396,1.54783,1.54793,13.20,12.60
2008.05.16 11:56:45.739,1.54784,1.5479,6.00,1.80
2008.05.16 11:56:45.930,1.54783,1.54788,12.60,2.40
2008.05.16 11:56:46.115,1.54782,1.54787,2.40,6.00
2008.05.16 11:56:46.302,1.54781,1.54786,6.00,7.80
2008.05.16 11:56:48.690,1.5478,1.54784,7.20,5.40
2008.05.16 11:56:49.190,1.54778,1.54783,7.80,7.80
2008.05.16 11:56:49.866,1.54777,1.54782,1.00,15.70
2008.05.16 11:56:50.257,1.54775,1.54785,2.50,13.80
2008.05.16 11:56:50.453,1.54773,1.54783,2.40,1.20
2008.05.16 11:56:50.652,1.54775,1.5478,12.60,12.00
2008.05.16 11:56:50.847,1.54771,1.54781,7.20,1.00
2008.05.16 11:56:51.042,1.54767,1.54782,1.20,11.70
2008.05.16 11:56:51.383,1.54766,1.54781,6.60,4.80
2008.05.16 11:56:51.725,1.5477,1.5478,2.40,4.80
2008.05.16 11:56:52.076,1.54775,1.5478,4.20,7.80
2008.05.16 11:56:52.217,1.54774,1.54784,7.20,4.80
2008.05.16 11:56:52.767,1.54773,1.54788,4.80,6.88
2008.05.16 11:56:53.179,1.54779,1.54789,4.80,8.50
2008.05.16 11:56:53.244,1.54785,1.5479,11.40,6.00
2008.05.16 11:56:53.309,1.54789,1.54794,4.80,7.20
2008.05.16 11:56:53.370,1.5479,1.54795,15.60,9.00
2008.05.16 11:56:53.435,1.54791,1.54796,3.60,9.40
2008.05.16 11:56:54.171,1.54792,1.54798,10.20,4.80
2008.05.16 11:56:54.556,1.54794,1.54799,21.00,1.80
2008.05.16 11:56:54.895,1.54791,1.54801,4.80,9.80
2008.05.16 11:56:56.248,1.54792,1.54797,8.40,6.00
2008.05.16 11:56:56.639,1.54791,1.54796,2.40,18.20
2008.05.16 11:56:57.414,1.5479,1.54795,4.80,7.20
2008.05.16 11:56:57.746,1.54791,1.54796,8.40,2.40
2008.05.16 11:56:57.910,1.54789,1.54794,1.00,2.40
2008.05.16 11:56:59.126,1.54788,1.54792,2.40,1.00
2008.05.16 11:57:02.931,1.54783,1.54793,8.40,4.80
2008.05.16 11:57:02.992,1.54782,1.54792,7.20,10.60
2008.05.16 11:57:03.161,1.54783,1.54788,4.80,6.00
2008.05.16 11:57:03.304,1.54782,1.54787,6.00,2.50
2008.05.16 11:57:05.572,1.54781,1.54786,3.00,1.90
2008.05.16 11:57:05.673,1.54777,1.54782,4.80,1.20
2008.05.16 11:57:05.868,1.54775,1.5478,7.80,2.20
2008.05.16 11:57:05.967,1.54774,1.54779,1.80,7.20
2008.05.16 11:57:06.403,1.54774,1.54779,9.60,5.70
2008.05.16 11:57:07.079,1.54772,1.54777,4.80,5.40
2008.05.16 11:57:07.422,1.54771,1.54776,3.60,3.30
2008.05.16 11:57:07.660,1.5477,1.54775,2.40,6.60
2008.05.16 11:57:07.900,1.54766,1.54776,6.00,5.50
2008.05.16 11:57:08.140,1.5477,1.54775,5.40,1.20
2008.05.16 11:57:08.481,1.54771,1.54776,2.40,17.50
2008.05.16 11:57:08.823,1.54772,1.54777,9.10,2.40
2008.05.16 11:57:09.147,1.54773,1.54778,7.20,5.70
2008.05.16 11:57:09.431,1.54772,1.54782,13.20,2.40
2008.05.16 11:57:09.716,1.54776,1.54781,4.80,4.80
2008.05.16 11:57:10.001,1.54778,1.54783,3.00,1.90
2008.05.16 11:57:10.301,1.54777,1.54787,2.40,1.20
2008.05.16 11:57:10.487,1.54781,1.54786,10.20,7.80
2008.05.16 11:57:10.675,1.54782,1.54787,7.20,4.80
2008.05.16 11:57:10.863,1.54778,1.54793,7.80,9.60
2008.05.16 11:57:11.052,1.5478,1.54795,4.20,2.40
2008.05.16 11:57:12.067,1.54782,1.54797,6.00,1.00
2008.05.16 11:57:12.347,1.54786,1.54796,7.80,6.00
2008.05.16 11:57:12.634,1.5479,1.54794,15.00,4.80
2008.05.16 11:57:12.915,1.5479,1.548,2.40,1.20
2008.05.16 11:57:13.479,1.54798,1.54802,13.20,8.40
2008.05.16 11:57:13.704,1.54802,1.54807,4.80,1.00
2008.05.16 11:57:13.929,1.54807,1.54812,1.00,3.00
2008.05.16 11:57:14.595,1.54812,1.54816,3.60,11.10
2008.05.16 11:57:15.243,1.54812,1.54816,4.80,7.20
2008.05.16 11:57:16.680,1.54809,1.54813,2.40,2.40
2008.05.16 11:57:18.128,1.54804,1.54809,15.00,4.20
2008.05.16 11:57:18.435,1.54799,1.54804,4.20,1.80
2008.05.16 11:57:18.758,1.54792,1.54802,3.60,2.40
2008.05.16 11:57:18.984,1.54787,1.54797,8.40,8.50
2008.05.16 11:57:19.211,1.54789,1.54794,2.40,11.40
2008.05.16 11:57:19.432,1.54788,1.54793,6.00,2.40
2008.05.16 11:57:20.330,1.54787,1.54792,7.20,9.00
2008.05.16 11:57:20.670,1.54786,1.54791,21.00,25.80
2008.05.16 11:57:23.569,1.54784,1.54789,7.90,10.20
2008.05.16 11:57:23.853,1.5478,1.5479,5.40,2.40
2008.05.16 11:57:26.589,1.54781,1.54786,5.40,10.80
2008.05.16 11:57:27.236,1.54779,1.54784,5.40,6.00
2008.05.16 11:57:27.722,1.54779,1.54784,22.20,10.20
2008.05.16 11:57:27.966,1.54779,1.54784,16.50,2.40
2008.05.16 11:57:28.249,1.54781,1.54786,13.60,2.40
2008.05.16 11:57:30.327,1.54779,1.54784,3.00,3.00
2008.05.16 11:57:30.826,1.54778,1.54783,3.60,2.40
2008.05.16 11:57:32.154,1.54777,1.54782,2.40,1.00
2008.05.16 11:57:32.409,1.54776,1.54781,6.00,3.00
2008.05.16 11:57:32.643,1.54773,1.54783,25.80,2.40
2008.05.16 11:57:32.879,1.54774,1.54779,9.00,1.00
2008.05.16 11:57:33.115,1.54772,1.54777,6.60,16.80
2008.05.16 11:57:33.687,1.54771,1.54776,3.00,8.40
2008.05.16 11:57:34.027,1.5477,1.54775,6.60,4.80
2008.05.16 11:57:34.367,1.54766,1.54776,21.00,1.80
2008.05.16 11:57:34.614,1.54765,1.54775,1.00,6.40
2008.05.16 11:57:34.855,1.54763,1.54773,5.40,6.00
2008.05.16 11:57:35.099,1.54766,1.54771,3.60,1.00
2008.05.16 11:57:35.343,1.54765,1.54775,6.00,3.90
2008.05.16 11:57:35.563,1.54766,1.54776,5.40,7.20
2008.05.16 11:57:35.785,1.54769,1.54774,3.60,4.20
2008.05.16 11:57:36.003,1.54768,1.54778,2.40,5.20
2008.05.16 11:57:36.236,1.54769,1.54779,6.60,4.80
2008.05.16 11:57:36.577,1.54773,1.54778,3.60,6.00
2008.05.16 11:57:37.251,1.54772,1.54782,22.00,2.70
2008.05.16 11:57:37.982,1.54772,1.54782,7.80,6.60
2008.05.16 11:57:38.227,1.54774,1.54779,1.00,2.40
2008.05.16 11:57:38.471,1.54773,1.54783,1.00,4.80
2008.05.16 11:57:38.791,1.54774,1.54784,13.80,4.80
2008.05.16 11:57:39.111,1.54778,1.54783,7.00,8.40
2008.05.16 11:57:39.431,1.54777,1.54787,2.40,19.00
2008.05.16 11:57:39.995,1.54781,1.54785,1.20,8.90
2008.05.16 11:57:40.279,1.54779,1.54784,2.40,2.20
2008.05.16 11:57:41.083,1.54777,1.54782,12.10,4.20
2008.05.16 11:57:41.287,1.54773,1.54783,10.20,13.90
2008.05.16 11:57:41.452,1.54771,1.54777,1.00,26.90
2008.05.16 11:57:41.935,1.54767,1.54772,2.10,8.40
2008.05.16 11:57:43.952,1.54761,1.54767,1.20,8.40
2008.05.16 11:57:44.156,1.54754,1.54764,2.40,8.40
2008.05.16 11:57:44.351,1.54751,1.54761,11.40,2.50
2008.05.16 11:57:44.894,1.54753,1.54768,8.40,1.80
2008.05.16 11:57:45.235,1.54762,1.54772,6.00,2.40
2008.05.16 11:57:45.576,1.54769,1.54774,6.00,2.50
2008.05.16 11:57:45.723,1.54774,1.54779,4.80,3.00
2008.05.16 11:57:45.871,1.54778,1.54783,7.80,4.80
2008.05.16 11:57:46.019,1.54782,1.54787,2.40,6.00
2008.05.16 11:57:46.612,1.5478,1.5479,4.80,7.20
2008.05.16 11:57:46.895,1.54782,1.54792,4.20,6.00
2008.05.16 11:57:47.184,1.54786,1.54791,3.90,4.80
2008.05.16 11:57:47.465,1.54785,1.54795,6.00,2.40
2008.05.16 11:57:48.752,1.54786,1.54796,3.60,2.40
2008.05.16 11:57:49.019,1.54784,1.54794,15.60,1.20
2008.05.16 11:57:49.287,1.54783,1.54793,15.00,2.40
2008.05.16 11:57:49.555,1.54782,1.54792,4.80,2.90
2008.05.16 11:57:49.999,1.5478,1.5479,12.00,7.80
2008.05.16 11:57:51.070,1.54781,1.54786,13.20,3.00
2008.05.16 11:57:51.260,1.54782,1.54787,5.40,9.40
2008.05.16 11:57:51.448,1.54782,1.54787,13.00,2.40
2008.05.16 11:57:53.175,1.54781,1.54786,21.00,1.20
2008.05.16 11:57:55.495,1.54779,1.54784,11.40,7.90
2008.05.16 11:57:55.724,1.54778,1.54783,5.40,9.60
2008.05.16 11:57:55.951,1.54777,1.54782,5.40,16.80
2008.05.16 11:57:56.188,1.54773,1.54783,2.40,1.00
2008.05.16 11:57:56.423,1.54775,1.54785,14.40,1.80
2008.05.16 11:57:56.660,1.54776,1.54786,3.10,9.60
2008.05.16 11:57:56.895,1.54779,1.54789,9.00,4.70
2008.05.16 11:57:57.131,1.54783,1.54788,4.80,4.20
2008.05.16 11:57:57.346,1.54782,1.54792,10.20,2.40
2008.05.16 11:57:57.471,1.54786,1.54791,6.60,2.40
2008.05.16 11:57:58.147,1.54787,1.54792,15.60,2.40
2008.05.16 11:57:58.407,1.54788,1.54793,6.00,1.90
2008.05.16 11:57:58.522,1.54787,1.54797,4.80,8.10
2008.05.16 11:57:58.667,1.54793,1.54798,31.20,5.40
2008.05.16 11:57:58.927,1.54796,1.548,4.80,9.70
2008.05.16 11:58:01.448,1.5479,1.548,9.60,6.00
2008.05.16 11:58:01.765,1.54788,1.54793,7.20,2.66
2008.05.16 11:58:02.012,1.5478,1.54785,13.80,1.00
2008.05.16 11:58:02.494,1.54777,1.54782,1.00,3.00
2008.05.16 11:58:04.252,1.54775,1.5478,1.20,1.00
2008.05.16 11:58:04.436,1.54772,1.54782,7.20,12.70
2008.05.16 11:58:04.952,1.54771,1.54781,6.60,7.20
2008.05.16 11:58:05.137,1.54772,1.54782,2.40,2.40
2008.05.16 11:58:05.284,1.54771,1.54781,2.40,4.80
2008.05.16 11:58:05.432,1.54769,1.54779,2.40,8.40
2008.05.16 11:58:05.580,1.54768,1.54778,1.00,2.40
2008.05.16 11:58:05.872,1.54767,1.54777,6.30,3.00
2008.05.16 11:58:06.024,1.54766,1.54776,16.80,11.90
2008.05.16 11:58:06.232,1.54767,1.54777,2.40,9.00
2008.05.16 11:58:06.440,1.54769,1.54779,8.40,7.20
2008.05.16 11:58:06.648,1.54773,1.54778,2.40,3.30
2008.05.16 11:58:06.858,1.54772,1.54782,17.40,2.40
2008.05.16 11:58:07.065,1.54775,1.54785,6.60,1.20
2008.05.16 11:58:07.405,1.54776,1.54786,2.40,12.10
2008.05.16 11:58:08.489,1.54777,1.54787,7.80,1.00
2008.05.16 11:58:08.597,1.54778,1.54788,4.80,8.40
2008.05.16 11:58:08.706,1.5478,1.54785,16.80,2.40
2008.05.16 11:58:09.500,1.54779,1.54784,2.40,5.40
2008.05.16 11:58:09.839,1.54778,1.54783,7.80,3.60
2008.05.16 11:58:10.178,1.54779,1.54784,2.40,6.00
2008.05.16 11:58:10.652,1.54779,1.54784,11.40,33.10
2008.05.16 11:58:13.025,1.5478,1.54784,12.00,12.00
2008.05.16 11:58:13.364,1.54778,1.54783,19.20,9.00
2008.05.16 11:58:13.688,1.54778,1.54783,8.40,9.40
2008.05.16 11:58:13.852,1.54777,1.54782,14.40,4.20
2008.05.16 11:58:14.016,1.54771,1.54786,4.80,5.10
2008.05.16 11:58:14.180,1.54778,1.54782,1.20,2.40
2008.05.16 11:58:14.344,1.54779,1.54784,4.80,13.60
2008.05.16 11:58:14.607,1.54779,1.54784,10.90,1.20
2008.05.16 11:58:14.872,1.54778,1.54782,3.00,1.80
2008.05.16 11:58:15.396,1.54778,1.54782,1.00,3.00
2008.05.16 11:58:15.886,1.54773,1.54783,3.00,12.30
2008.05.16 11:58:16.113,1.54772,1.54782,16.80,11.90
2008.05.16 11:58:16.340,1.54773,1.54778,13.80,2.40
2008.05.16 11:58:16.568,1.54772,1.54777,6.60,8.90
2008.05.16 11:58:16.768,1.54769,1.54779,13.20,15.60
2008.05.16 11:58:16.968,1.54771,1.54781,4.80,11.70
2008.05.16 11:58:17.840,1.54769,1.54779,17.60,1.90
2008.05.16 11:58:18.109,1.54769,1.54774,5.40,4.80
2008.05.16 11:58:18.391,1.54761,1.54771,7.80,7.80
2008.05.16 11:58:18.924,1.54753,1.54763,12.60,5.40
2008.05.16 11:58:19.195,1.54746,1.54756,4.80,3.60
2008.05.16 11:58:19.464,1.54744,1.54754,3.00,9.00
2008.05.16 11:58:19.731,1.54751,1.54761,6.10,13.20
2008.05.16 11:58:20.311,1.54759,1.54765,11.40,2.40
2008.05.16 11:58:20.488,1.54763,1.54773,8.40,1.00
2008.05.16 11:58:21.392,1.54769,1.54773,9.00,4.80
2008.05.16 11:58:21.728,1.54768,1.54778,1.00,2.40
2008.05.16 11:58:22.219,1.54769,1.54779,5.40,7.20
2008.05.16 11:58:22.490,1.54768,1.54778,6.00,4.80
2008.05.16 11:58:22.717,1.54766,1.54776,3.00,10.90
2008.05.16 11:58:22.956,1.54765,1.54775,5.40,10.60
2008.05.16 11:58:23.432,1.54763,1.54773,4.80,10.80
2008.05.16 11:58:23.672,1.54763,1.54773,8.40,9.40
2008.05.16 11:58:24.711,1.54766,1.54771,7.20,12.70
2008.05.16 11:58:25.200,1.54764,1.54774,16.20,3.00
2008.05.16 11:58:25.672,1.54768,1.54773,3.60,3.30
2008.05.16 11:58:25.984,1.54767,1.54777,1.20,15.60
2008.05.16 11:58:27.813,1.54769,1.54779,6.00,6.00
2008.05.16 11:58:28.145,1.5477,1.5478,5.40,1.80
2008.05.16 11:58:28.320,1.54776,1.54781,4.80,2.40
2008.05.16 11:58:28.496,1.54777,1.54787,2.40,2.40
2008.05.16 11:58:28.672,1.5478,1.5479,11.60,4.80
2008.05.16 11:58:29.645,1.54784,1.54789,8.40,3.00
2008.05.16 11:58:29.962,1.54782,1.54792,1.20,3.00
2008.05.16 11:58:31.696,1.54785,1.5479,13.80,7.20
2008.05.16 11:58:31.952,1.5478,1.5479,13.20,7.80
2008.05.16 11:58:32.364,1.54778,1.54788,9.60,5.70
2008.05.16 11:58:32.572,1.54776,1.54786,2.40,6.00
2008.05.16 11:58:33.320,1.54775,1.54785,2.40,15.00
2008.05.16 11:58:33.660,1.54775,1.54785,12.60,10.20
2008.05.16 11:58:34.000,1.54773,1.54783,19.20,10.20
2008.05.16 11:58:34.258,1.54772,1.54782,3.00,1.00
2008.05.16 11:58:34.513,1.54773,1.54783,2.40,5.40
2008.05.16 11:58:34.768,1.54775,1.54785,7.20,22.80
2008.05.16 11:58:36.043,1.54777,1.54787,8.40,4.20
2008.05.16 11:58:36.173,1.54779,1.54789,3.60,3.40
2008.05.16 11:58:36.813,1.5478,1.5479,17.40,9.60
2008.05.16 11:58:37.068,1.54785,1.5479,9.60,5.40
2008.05.16 11:58:37.408,1.54786,1.54792,3.00,9.60
2008.05.16 11:58:37.748,1.54785,1.54795,13.20,3.00
2008.05.16 11:58:38.426,1.54786,1.54796,26.40,13.50
2008.05.16 11:58:38.860,1.54789,1.54794,1.00,4.90
2008.05.16 11:58:39.152,1.54788,1.54793,5.40,6.00
2008.05.16 11:58:39.492,1.54785,1.54795,9.40,7.20
2008.05.16 11:58:39.836,1.54783,1.54793,7.80,14.40
2008.05.16 11:58:40.182,1.54784,1.54794,12.00,9.30
2008.05.16 11:58:40.278,1.54783,1.54793,8.40,1.00
2008.05.16 11:58:40.376,1.54782,1.54792,4.80,6.00
2008.05.16 11:58:40.571,1.54781,1.54791,7.80,6.10
2008.05.16 11:58:41.307,1.5478,1.5479,2.40,7.00
2008.05.16 11:58:42.197,1.54779,1.54789,2.40,2.90
2008.05.16 11:58:42.936,1.54781,1.54786,6.00,4.80
2008.05.16 11:58:43.379,1.54781,1.54791,11.60,2.40
2008.05.16 11:58:43.604,1.54787,1.54797,7.20,3.00
2008.05.16 11:58:43.833,1.54796,1.54806,18.60,1.00
2008.05.16 11:58:44.048,1.54803,1.54813,1.20,2.40
2008.05.16 11:58:44.252,1.54807,1.54817,5.40,7.20
2008.05.16 11:58:44.460,1.54804,1.54814,7.80,4.80
2008.05.16 11:58:44.895,1.54801,1.54806,5.40,4.00
2008.05.16 11:58:45.136,1.54794,1.54804,10.00,6.60
2008.05.16 11:58:45.376,1.54789,1.54799,6.10,2.50
2008.05.16 11:58:45.616,1.54785,1.54795,2.40,1.00
2008.05.16 11:58:46.193,1.54784,1.54794,4.20,8.40
2008.05.16 11:58:46.870,1.54783,1.54793,5.40,5.10
2008.05.16 11:58:47.932,1.54782,1.54792,57.30,1.00
2008.05.16 11:58:48.190,1.5478,1.5479,3.00,4.20
2008.05.16 11:58:48.444,1.54779,1.54789,4.20,14.50
2008.05.16 11:58:49.202,1.5478,1.54785,8.40,6.00
2008.05.16 11:58:50.492,1.54779,1.54789,22.20,4.80
2008.05.16 11:58:50.796,1.5478,1.5479,6.60,7.80
2008.05.16 11:58:51.101,1.54781,1.54791,12.30,3.00
2008.05.16 11:58:51.448,1.54779,1.54789,11.40,3.00
2008.05.16 11:58:51.796,1.54779,1.54789,1.20,2.80
2008.05.16 11:58:54.194,1.54779,1.54789,7.80,1.50
2008.05.16 11:58:56.351,1.54782,1.54787,1.20,1.80
2008.05.16 11:58:56.506,1.54782,1.54787,24.00,2.40
2008.05.16 11:58:56.672,1.54779,1.54789,5.40,10.20
2008.05.16 11:58:56.839,1.5478,1.54785,2.40,2.40
2008.05.16 11:58:57.008,1.54776,1.54786,19.80,8.40
2008.05.16 11:58:57.176,1.54775,1.54785,10.20,6.40
2008.05.16 11:58:57.343,1.54773,1.54783,1.00,6.60
2008.05.16 11:58:58.356,1.54773,1.54783,21.00,5.40
2008.05.16 11:58:58.696,1.54774,1.54784,16.80,7.80
2008.05.16 11:58:59.036,1.54776,1.54786,16.90,2.40
2008.05.16 11:58:59.712,1.54783,1.54788,6.60,2.40
2008.05.16 11:58:59.876,1.54783,1.54793,7.20,6.00
2008.05.16 11:59:03.960,1.54777,1.54787,4.80,4.10
2008.05.16 11:59:04.290,1.54781,1.54791,10.20,3.00
2008.05.16 11:59:04.819,1.54788,1.54793,4.80,1.00
2008.05.16 11:59:05.009,1.54791,1.54796,3.00,13.20
2008.05.16 11:59:05.201,1.5479,1.548,11.40,4.00
2008.05.16 11:59:05.574,1.54794,1.54799,2.40,6.50
2008.05.16 11:59:05.916,1.54795,1.548,8.40,6.00
2008.05.16 11:59:06.257,1.54795,1.548,24.90,4.00
2008.05.16 11:59:06.598,1.54796,1.54801,12.00,6.10
2008.05.16 11:59:06.910,1.54798,1.54803,2.40,9.30
2008.05.16 11:59:07.210,1.54798,1.54803,4.20,11.40
2008.05.16 11:59:07.510,1.54799,1.54804,5.40,9.10
2008.05.16 11:59:07.809,1.54795,1.54805,6.60,7.20
2008.05.16 11:59:08.130,1.54792,1.54802,10.20,4.80
2008.05.16 11:59:08.450,1.54786,1.54806,23.40,1.00
2008.05.16 11:59:08.793,1.54792,1.54797,2.40,8.80
2008.05.16 11:59:08.981,1.54789,1.54794,9.00,3.00
2008.05.16 11:59:09.352,1.54784,1.54789,1.20,2.40
2008.05.16 11:59:09.969,1.5478,1.54785,3.60,3.60
2008.05.16 11:59:10.217,1.54776,1.54786,4.80,6.60
2008.05.16 11:59:10.465,1.54775,1.54785,21.00,7.20
2008.05.16 11:59:10.713,1.54776,1.54781,11.40,37.50
2008.05.16 11:59:11.053,1.54775,1.5478,14.40,4.80
2008.05.16 11:59:11.393,1.54774,1.54779,9.60,1.90
2008.05.16 11:59:11.733,1.54774,1.54779,9.40,3.00
2008.05.16 11:59:12.073,1.54771,1.54781,5.40,7.80
2008.05.16 11:59:12.413,1.54769,1.54779,6.00,4.20
2008.05.16 11:59:12.753,1.5477,1.5478,6.00,2.40
2008.05.16 11:59:13.124,1.54772,1.54782,7.80,15.30
2008.05.16 11:59:13.312,1.54773,1.54783,1.80,11.40
2008.05.16 11:59:13.500,1.54772,1.54787,10.20,3.60
2008.05.16 11:59:13.689,1.54776,1.54786,4.80,7.20
2008.05.16 11:59:14.702,1.54775,1.5479,8.40,2.40
2008.05.16 11:59:14.905,1.54781,1.54786,10.80,7.20
2008.05.16 11:59:15.109,1.54779,1.54789,6.00,4.80
2008.05.16 11:59:15.321,1.5478,1.54785,14.40,1.00
2008.05.16 11:59:15.525,1.54774,1.54789,5.40,8.40
2008.05.16 11:59:15.729,1.54775,1.54785,5.40,11.80
2008.05.16 11:59:16.069,1.5478,1.54785,7.50,7.20
2008.05.16 11:59:16.410,1.54782,1.54787,4.80,5.90
2008.05.16 11:59:16.749,1.54778,1.54793,2.40,10.20
2008.05.16 11:59:17.015,1.54776,1.548,7.20,4.80
2008.05.16 11:59:17.278,1.54779,1.54805,6.00,1.00
2008.05.16 11:59:17.541,1.54786,1.54806,9.60,1.90
2008.05.16 11:59:17.805,1.54787,1.54807,15.60,4.80
2008.05.16 11:59:18.746,1.5479,1.54806,7.80,1.00
2008.05.16 11:59:19.062,1.54796,1.54806,3.00,17.40
2008.05.16 11:59:19.210,1.548,1.54805,11.10,4.80
2008.05.16 11:59:19.357,1.54801,1.54806,19.20,10.20
2008.05.16 11:59:19.656,1.54801,1.54811,6.60,4.80
2008.05.16 11:59:19.805,1.54807,1.54817,11.40,2.40
2008.05.16 11:59:20.289,1.54812,1.54827,5.40,7.80
2008.05.16 11:59:20.629,1.54823,1.54833,12.00,2.40
2008.05.16 11:59:20.969,1.54832,1.54842,2.40,6.00
2008.05.16 11:59:21.271,1.54834,1.5484,4.80,25.00
2008.05.16 11:59:21.569,1.54821,1.54831,23.40,3.00
2008.05.16 11:59:21.869,1.5481,1.54815,6.90,4.80
2008.05.16 11:59:22.209,1.54798,1.54802,2.40,3.00
2008.05.16 11:59:22.549,1.54788,1.54792,15.00,7.50
2008.05.16 11:59:22.889,1.5478,1.54786,3.60,6.00
2008.05.16 11:59:23.229,1.54777,1.54782,8.40,1.00
2008.05.16 11:59:23.339,1.54772,1.54782,10.20,1.20
2008.05.16 11:59:23.412,1.5477,1.5478,3.00,5.40
2008.05.16 11:59:23.957,1.54772,1.54782,2.40,2.70
2008.05.16 11:59:25.190,1.54776,1.54781,3.60,5.40
2008.05.16 11:59:25.414,1.54772,1.54787,10.80,9.60
2008.05.16 11:59:25.637,1.54772,1.54787,1.20,1.80
2008.05.16 11:59:26.393,1.54776,1.54786,13.80,4.80
2008.05.16 11:59:26.710,1.5478,1.54785,12.00,51.40
2008.05.16 11:59:28.117,1.54779,1.54789,1.20,10.20
2008.05.16 11:59:28.275,1.54775,1.5479,9.90,6.00
2008.05.16 11:59:28.431,1.54774,1.54789,16.80,30.00
2008.05.16 11:59:28.585,1.54774,1.54789,5.40,14.40
2008.05.16 11:59:28.743,1.54772,1.54787,22.90,8.70
2008.05.16 11:59:29.545,1.54771,1.54786,3.00,10.80
2008.05.16 11:59:29.721,1.5477,1.54785,3.00,3.60
2008.05.16 11:59:29.897,1.54769,1.54784,6.00,2.40
2008.05.16 11:59:30.072,1.54768,1.54783,6.00,18.60
2008.05.16 11:59:30.249,1.54769,1.54779,10.20,5.10
2008.05.16 11:59:30.589,1.54763,1.54783,2.40,18.60
2008.05.16 11:59:30.929,1.54767,1.54782,26.50,8.40
2008.05.16 11:59:31.269,1.54771,1.54781,1.00,2.40
2008.05.16 11:59:31.537,1.54775,1.5478,2.40,6.10
2008.05.16 11:59:31.805,1.54774,1.54784,7.80,14.70
2008.05.16 11:59:32.623,1.54778,1.54783,3.00,10.80
2008.05.16 11:59:32.910,1.54777,1.54787,10.40,4.80
2008.05.16 11:59:33.197,1.54781,1.54786,8.40,3.60
2008.05.16 11:59:33.916,1.54782,1.54787,2.40,5.40
2008.05.16 11:59:34.065,1.54781,1.54791,2.40,9.30
2008.05.16 11:59:34.212,1.54784,1.54789,9.00,8.50
2008.05.16 11:59:34.360,1.54785,1.5479,8.40,1.00
2008.05.16 11:59:34.524,1.54787,1.54792,6.00,10.20
2008.05.16 11:59:34.689,1.54787,1.54792,22.90,10.20
2008.05.16 11:59:34.852,1.54788,1.54793,1.20,19.30
2008.05.16 11:59:35.016,1.54787,1.54797,12.30,4.80
2008.05.16 11:59:35.182,1.54788,1.54798,6.00,4.80
2008.05.16 11:59:35.346,1.54783,1.54798,7.80,1.20
2008.05.16 11:59:35.687,1.54782,1.54792,3.00,13.60
2008.05.16 11:59:36.361,1.54775,1.54785,1.00,6.40
2008.05.16 11:59:38.355,1.54768,1.54772,6.60,4.80
2008.05.16 11:59:38.433,1.54755,1.5476,3.00,16.90
2008.05.16 11:59:39.000,1.54744,1.54749,3.00,4.80
2008.05.16 11:59:39.704,1.5474,1.54745,2.40,6.30
2008.05.16 11:59:39.855,1.54747,1.54752,4.80,3.00
2008.05.16 11:59:40.003,1.54757,1.54761,7.20,4.80
2008.05.16 11:59:40.295,1.54763,1.54773,6.00,5.40
2008.05.16 11:59:41.065,1.5477,1.5478,14.40,2.40
2008.05.16 11:59:41.352,1.54775,1.54785,12.60,2.40
2008.05.16 11:59:41.416,1.54776,1.54791,5.40,11.70
2008.05.16 11:59:41.761,1.54783,1.54787,2.40,9.60
2008.05.16 11:59:42.003,1.54785,1.54789,6.00,6.60
2008.05.16 11:59:42.244,1.54786,1.54791,9.60,3.60
2008.05.16 11:59:42.489,1.54782,1.54792,4.80,8.40
2008.05.16 11:59:42.732,1.5478,1.5479,5.40,6.00
2008.05.16 11:59:43.256,1.54782,1.54792,3.00,6.00
2008.05.16 11:59:43.520,1.54782,1.54792,10.20,4.80
2008.05.16 11:59:43.957,1.54786,1.54791,11.40,3.00
2008.05.16 11:59:44.133,1.54784,1.54789,13.20,1.00
2008.05.16 11:59:44.309,1.54784,1.54789,4.80,6.00
2008.05.16 11:59:44.485,1.54783,1.54788,6.00,7.20
2008.05.16 11:59:44.662,1.54784,1.54789,14.20,3.00
2008.05.16 11:59:44.836,1.54785,1.5479,2.40,7.80
2008.05.16 11:59:45.145,1.54784,1.54794,2.40,5.40
2008.05.16 11:59:45.453,1.54788,1.54793,5.40,2.10
2008.05.16 11:59:45.761,1.54789,1.54794,7.20,4.80
2008.05.16 11:59:46.065,1.54788,1.54798,5.40,13.20
2008.05.16 11:59:46.355,1.54786,1.54801,10.20,2.40
2008.05.16 11:59:46.460,1.54793,1.54798,7.80,1.00
2008.05.16 11:59:46.641,1.54792,1.54802,3.60,6.00
2008.05.16 11:59:46.940,1.54789,1.54804,7.20,1.00
2008.05.16 11:59:47.281,1.54788,1.54803,10.80,6.60
2008.05.16 11:59:47.622,1.54791,1.54797,8.40,10.20
2008.05.16 11:59:47.963,1.5479,1.54795,1.00,10.00
2008.05.16 11:59:48.250,1.54787,1.54797,9.00,4.80
2008.05.16 11:59:48.539,1.54788,1.54793,18.00,4.80
2008.05.16 11:59:48.825,1.54784,1.54794,21.00,1.00
2008.05.16 11:59:49.116,1.54788,1.54793,42.00,24.00
2008.05.16 11:59:49.572,1.54786,1.54796,7.20,14.20
2008.05.16 11:59:49.803,1.5479,1.54795,8.40,6.60
2008.05.16 11:59:50.033,1.54789,1.54799,2.40,4.80
2008.05.16 11:59:50.710,1.54791,1.54796,4.80,1.30
2008.05.16 11:59:51.349,1.54789,1.54794,1.80,2.40
2008.05.16 11:59:51.653,1.54786,1.54796,4.80,9.00
2008.05.16 11:59:51.958,1.54787,1.54797,2.40,2.40
2008.05.16 11:59:52.868,1.54789,1.54799,7.20,10.30
2008.05.16 11:59:53.368,1.54789,1.54799,11.40,1.20
2008.05.16 11:59:53.568,1.54793,1.54798,9.60,8.80
2008.05.16 11:59:53.771,1.54794,1.54799,14.40,9.40
2008.05.16 11:59:53.969,1.54795,1.548,6.60,7.20
2008.05.16 11:59:54.309,1.54795,1.548,4.80,6.10
2008.05.16 11:59:54.645,1.54786,1.54806,9.60,9.00
2008.05.16 11:59:54.979,1.54791,1.54801,16.20,2.80
2008.05.16 11:59:55.287,1.5479,1.548,4.80,9.00
2008.05.16 11:59:55.592,1.54792,1.54802,35.40,2.40
2008.05.16 11:59:55.902,1.54782,1.54812,6.00,16.20
2008.05.16 11:59:56.212,1.54773,1.54823,21.60,7.20
2008.05.16 11:59:56.456,1.54777,1.54822,8.40,5.40
2008.05.16 11:59:56.908,1.54793,1.54808,5.40,6.60
2008.05.16 11:59:57.137,1.54795,1.5481,12.00,9.30
2008.05.16 11:59:57.478,1.54799,1.54809,4.90,5.40
2008.05.16 11:59:57.817,1.548,1.5481,4.80,4.80
2008.05.16 11:59:58.517,1.54803,1.54813,4.80,14.50
2008.05.16 11:59:58.880,1.54805,1.5482,4.80,3.00
2008.05.16 11:59:59.150,1.54812,1.54822,6.00,5.40
2008.05.16 11:59:59.245,1.5482,1.54825,2.40,6.40
2008.05.16 11:59:59.872,1.54823,1.54829,15.90,6.00
