2014.08.12 17:00:00.415,1.33596,1.33598,1.50,6.00
2014.08.12 17:00:00.926,1.33596,1.33598,1.50,5.44
2014.08.12 17:00:01.538,1.33596,1.33598,1.00,5.25
2014.08.12 17:00:08.263,1.33595,1.33598,2.25,2.44
2014.08.12 17:00:08.775,1.33597,1.33599,1.50,4.50
2014.08.12 17:00:09.283,1.33597,1.336,1.00,15.83
2014.08.12 17:00:09.789,1.33599,1.336,1.50,1.25
2014.08.12 17:00:10.092,1.33601,1.33602,2.25,2.25
2014.08.12 17:00:10.598,1.33601,1.33602,2.25,4.39
2014.08.12 17:00:11.103,1.33601,1.33603,1.00,6.94
2014.08.12 17:00:11.623,1.33601,1.33602,1.50,3.00
2014.08.12 17:00:12.128,1.33601,1.33602,1.50,5.25
2014.08.12 17:00:14.954,1.336,1.33603,1.00,8.10
2014.08.12 17:00:15.474,1.33601,1.33602,1.00,3.05
2014.08.12 17:00:15.980,1.33601,1.33603,1.00,5.25
2014.08.12 17:00:17.869,1.33601,1.33603,1.00,4.69
2014.08.12 17:00:18.400,1.33601,1.33602,1.50,2.25
2014.08.12 17:00:20.003,1.33601,1.33603,1.00,4.69
2014.08.12 17:00:20.522,1.33601,1.33602,1.50,2.25
2014.08.12 17:00:23.433,1.33602,1.33604,2.50,6.00
2014.08.12 17:00:24.494,1.33603,1.33604,1.50,3.19
2014.08.12 17:00:25.977,1.33602,1.33603,1.00,1.25
2014.08.12 17:00:26.079,1.33598,1.33602,4.88,6.29
2014.08.12 17:00:26.382,1.33601,1.33603,1.00,14.25
2014.08.12 17:00:26.888,1.33601,1.33603,1.00,1.69
2014.08.12 17:00:27.545,1.33601,1.33603,1.00,3.00
2014.08.12 17:00:27.999,1.33601,1.33603,1.50,2.44
2014.08.12 17:00:28.509,1.336,1.33602,2.29,1.50
2014.08.12 17:00:31.643,1.33601,1.33603,1.50,2.44
2014.08.12 17:00:31.997,1.336,1.33602,3.00,3.75
2014.08.12 17:00:32.098,1.33601,1.33603,1.00,8.44
2014.08.12 17:00:32.797,1.33601,1.33604,1.00,8.70
2014.08.12 17:00:34.138,1.33601,1.33603,2.20,5.25
2014.08.12 17:01:09.277,1.33599,1.33602,6.00,1.69
2014.08.12 17:01:10.366,1.33601,1.33603,1.50,4.50
2014.08.12 17:01:18.119,1.336,1.33602,2.25,5.25
2014.08.12 17:01:18.170,1.33599,1.33601,5.25,1.19
2014.08.12 17:01:21.057,1.336,1.33601,1.00,1.25
2014.08.12 17:01:23.384,1.33599,1.33601,3.00,1.69
2014.08.12 17:01:24.448,1.33599,1.33601,2.25,2.44
2014.08.12 17:01:25.477,1.336,1.33601,1.00,1.50
2014.08.12 17:01:25.998,1.336,1.33602,1.50,3.94
2014.08.12 17:01:26.747,1.336,1.33602,1.50,3.19
2014.08.12 17:01:34.447,1.336,1.33602,1.50,3.27
2014.08.12 17:01:34.976,1.336,1.33602,1.50,3.19
2014.08.12 17:01:38.341,1.336,1.33602,1.50,3.94
2014.08.12 17:01:39.049,1.33599,1.33601,5.25,3.19
2014.08.12 17:01:39.554,1.33599,1.336,2.25,1.00
2014.08.12 17:01:40.161,1.33598,1.336,3.00,1.19
2014.08.12 17:01:40.868,1.33598,1.336,3.00,1.69
2014.08.12 17:01:41.173,1.33597,1.33598,1.00,1.15
2014.08.12 17:01:41.224,1.33595,1.33598,3.75,1.77
2014.08.12 17:01:41.476,1.33594,1.33596,1.50,1.00
2014.08.12 17:01:41.679,1.33591,1.33593,1.00,2.85
2014.08.12 17:01:41.881,1.3359,1.33591,1.50,1.25
2014.08.12 17:01:42.551,1.33589,1.33591,3.00,2.44
2014.08.12 17:01:43.056,1.3359,1.33591,1.00,2.44
2014.08.12 17:01:46.316,1.33589,1.33591,2.25,1.25
2014.08.12 17:01:49.344,1.3359,1.33591,1.00,1.25
2014.08.12 17:01:56.208,1.33591,1.33594,4.23,5.33
2014.08.12 17:01:56.513,1.33594,1.33596,1.00,1.50
2014.08.12 17:02:00.519,1.33595,1.33597,1.50,1.25
2014.08.12 17:02:01.024,1.33595,1.33596,1.50,1.50
2014.08.12 17:02:01.691,1.33594,1.33596,1.50,3.94
2014.08.12 17:02:02.196,1.33595,1.33596,1.00,1.69
2014.08.12 17:02:05.463,1.33594,1.33596,1.50,2.07
2014.08.12 17:02:08.815,1.33593,1.33596,3.75,3.00
2014.08.12 17:02:09.324,1.33593,1.33596,4.69,3.00
2014.08.12 17:02:09.939,1.33595,1.33596,1.00,3.00
2014.08.12 17:02:17.189,1.33595,1.33597,1.00,4.69
2014.08.12 17:02:32.720,1.33595,1.33596,1.00,1.00
2014.08.12 17:02:34.407,1.33594,1.33596,1.25,1.50
2014.08.12 17:02:39.548,1.33595,1.33597,1.00,1.69
2014.08.12 17:03:02.544,1.33595,1.33596,1.50,1.00
2014.08.12 17:03:03.093,1.33595,1.33597,1.50,2.25
2014.08.12 17:03:28.965,1.33595,1.33596,1.00,1.50
2014.08.12 17:03:31.479,1.33594,1.33596,3.19,1.50
2014.08.12 17:03:50.339,1.33594,1.33596,2.25,1.50
2014.08.12 17:04:01.549,1.33594,1.33597,2.25,2.44
2014.08.12 17:04:13.127,1.33594,1.33596,3.94,1.50
2014.08.12 17:04:18.221,1.33593,1.33595,2.44,1.50
2014.08.12 17:04:20.269,1.33594,1.33595,1.00,1.50
2014.08.12 17:04:25.428,1.33593,1.33595,3.19,1.50
2014.08.12 17:04:28.668,1.33594,1.33597,1.50,4.69
2014.08.12 17:04:29.810,1.33594,1.33597,1.69,3.19
2014.08.12 17:04:53.202,1.33595,1.33597,1.00,1.69
2014.08.12 17:04:53.725,1.33596,1.33598,1.50,1.50
2014.08.12 17:04:54.029,1.33598,1.336,1.00,5.07
2014.08.12 17:04:54.534,1.33598,1.336,1.50,4.50
2014.08.12 17:04:55.273,1.33599,1.336,1.00,4.50
2014.08.12 17:04:58.270,1.33598,1.336,2.25,3.75
2014.08.12 17:05:03.935,1.33598,1.33599,1.00,1.50
2014.08.12 17:05:04.239,1.33596,1.33598,1.25,3.00
2014.08.12 17:05:04.744,1.33596,1.33597,1.00,1.50
2014.08.12 17:05:06.767,1.33596,1.33598,1.00,3.19
2014.08.12 17:05:08.348,1.33595,1.33598,1.69,3.94
2014.08.12 17:05:09.672,1.33596,1.33598,1.50,2.44
2014.08.12 17:05:09.925,1.33597,1.336,2.25,3.57
2014.08.12 17:05:10.432,1.33598,1.336,1.50,1.69
2014.08.12 17:05:48.737,1.33598,1.33599,1.50,1.00
2014.08.12 17:05:49.820,1.33597,1.33599,3.94,1.00
2014.08.12 17:05:59.214,1.33597,1.33598,1.00,1.00
2014.08.12 17:05:59.366,1.33594,1.33596,4.69,1.50
2014.08.12 17:05:59.892,1.33594,1.33596,1.25,2.25
2014.08.12 17:06:01.119,1.33594,1.33595,1.00,1.00
2014.08.12 17:06:03.328,1.33593,1.33595,1.00,2.25
2014.08.12 17:06:03.998,1.33593,1.33596,2.25,3.00
2014.08.12 17:06:09.922,1.33594,1.33596,1.00,3.19
2014.08.12 17:06:11.884,1.33594,1.33595,1.50,1.00
2014.08.12 17:06:13.626,1.33594,1.33596,1.00,3.19
2014.08.12 17:06:19.044,1.33594,1.33596,1.00,3.94
2014.08.12 17:06:19.554,1.33593,1.33596,1.50,3.94
2014.08.12 17:06:22.521,1.33593,1.33596,1.50,3.94
2014.08.12 17:06:29.871,1.33593,1.33595,1.50,1.25
2014.08.12 17:06:44.197,1.33594,1.33595,1.00,2.82
2014.08.12 17:06:47.149,1.33593,1.33595,1.00,3.57
2014.08.12 17:06:47.661,1.33592,1.33595,5.44,3.57
2014.08.12 17:06:47.766,1.33592,1.33594,4.69,1.00
2014.08.12 17:06:48.074,1.33588,1.3359,2.25,1.69
2014.08.12 17:06:48.589,1.33588,1.33589,1.50,1.00
2014.08.12 17:06:50.440,1.33588,1.3359,3.00,2.82
2014.08.12 17:06:52.329,1.33587,1.33589,1.50,2.44
2014.08.12 17:06:55.444,1.33588,1.3359,1.50,5.82
2014.08.12 17:06:58.763,1.33586,1.33589,1.50,2.44
2014.08.12 17:06:59.017,1.33586,1.33589,3.75,3.94
2014.08.12 17:07:04.429,1.33587,1.33588,1.00,1.25
2014.08.12 17:07:04.933,1.33586,1.33588,3.00,1.69
2014.08.12 17:07:06.145,1.33586,1.33588,3.00,3.94
2014.08.12 17:07:07.140,1.33586,1.33588,3.00,3.94
2014.08.12 17:07:08.554,1.33586,1.33588,3.00,3.94
2014.08.12 17:07:09.063,1.33587,1.33588,1.00,3.75
2014.08.12 17:07:09.568,1.33588,1.33589,1.50,3.00
2014.08.12 17:07:10.351,1.33588,1.33589,1.50,1.25
2014.08.12 17:07:28.056,1.33588,1.3359,1.50,2.63
2014.08.12 17:07:31.996,1.33589,1.33591,1.00,1.00
2014.08.12 17:07:32.098,1.3359,1.33593,4.94,5.25
2014.08.12 17:07:32.300,1.33593,1.33595,2.35,1.25
2014.08.12 17:07:32.836,1.33594,1.33595,2.25,1.25
2014.08.12 17:07:37.815,1.33595,1.33596,1.00,1.50
2014.08.12 17:07:42.221,1.33594,1.33595,1.69,1.00
2014.08.12 17:07:45.646,1.33593,1.33594,1.50,1.00
2014.08.12 17:07:45.949,1.3359,1.33592,1.00,8.44
2014.08.12 17:07:48.669,1.3359,1.33591,2.25,1.50
2014.08.12 17:07:50.512,1.33589,1.33591,3.75,1.69
2014.08.12 17:07:51.019,1.33588,1.33591,1.69,3.94
2014.08.12 17:08:00.046,1.33588,1.33591,2.44,3.75
2014.08.12 17:08:00.566,1.3359,1.33592,1.88,1.69
2014.08.12 17:08:04.134,1.3359,1.33591,1.50,1.25
2014.08.12 17:08:04.287,1.33588,1.3359,1.69,1.00
2014.08.12 17:08:06.698,1.33588,1.33589,1.50,1.00
2014.08.12 17:08:16.464,1.33588,1.3359,1.50,1.25
2014.08.12 17:08:18.428,1.33589,1.33591,1.00,5.55
2014.08.12 17:08:18.732,1.336,1.33601,2.25,1.00
2014.08.12 17:08:19.273,1.33599,1.33603,7.32,4.99
2014.08.12 17:08:19.786,1.33599,1.33601,4.32,1.50
2014.08.12 17:08:20.291,1.336,1.33602,1.88,3.19
2014.08.12 17:08:20.695,1.33601,1.33603,1.00,5.25
2014.08.12 17:08:20.897,1.33602,1.33604,4.54,1.00
2014.08.12 17:08:21.150,1.33604,1.33607,1.50,3.19
2014.08.12 17:08:21.251,1.33605,1.33607,1.00,3.00
2014.08.12 17:08:21.800,1.33605,1.33607,1.00,2.44
2014.08.12 17:08:22.334,1.33604,1.33606,1.25,1.00
2014.08.12 17:08:24.646,1.33604,1.33606,1.69,1.00
2014.08.12 17:08:28.603,1.33605,1.33606,1.00,1.00
2014.08.12 17:08:29.208,1.33605,1.33607,1.00,2.44
2014.08.12 17:08:31.936,1.33604,1.33607,2.44,2.44
2014.08.12 17:08:39.919,1.33604,1.33606,1.25,1.00
2014.08.12 17:08:40.430,1.33603,1.33606,3.27,1.25
2014.08.12 17:08:43.380,1.33605,1.33607,1.00,4.50
2014.08.12 17:08:43.532,1.33607,1.33611,6.94,2.25
2014.08.12 17:08:43.584,1.33607,1.33609,2.44,1.50
2014.08.12 17:08:43.686,1.33608,1.33611,2.25,3.19
2014.08.12 17:08:44.191,1.33608,1.3361,3.75,1.00
2014.08.12 17:08:56.739,1.33609,1.3361,1.00,1.25
2014.08.12 17:09:03.431,1.33608,1.3361,2.25,1.69
2014.08.12 17:09:04.879,1.33609,1.3361,1.00,1.25
2014.08.12 17:09:05.383,1.33609,1.33611,1.00,1.00
2014.08.12 17:09:09.900,1.3361,1.33611,1.00,1.50
2014.08.12 17:09:15.573,1.33609,1.33611,1.00,3.94
2014.08.12 17:09:16.091,1.33609,1.33611,1.00,3.19
2014.08.12 17:09:18.617,1.33609,1.33611,1.50,2.44
2014.08.12 17:09:19.765,1.33609,1.33611,1.00,1.69
2014.08.12 17:09:24.081,1.33609,1.33611,1.00,2.44
2014.08.12 17:09:24.586,1.33609,1.33611,1.50,3.19
2014.08.12 17:09:25.756,1.33609,1.33611,1.50,2.44
2014.08.12 17:09:28.479,1.33609,1.33611,1.50,3.94
2014.08.12 17:09:29.603,1.33608,1.3361,3.00,1.25
2014.08.12 17:09:30.119,1.33609,1.33611,1.00,4.84
2014.08.12 17:09:30.638,1.33608,1.33611,2.25,4.69
2014.08.12 17:09:31.567,1.33609,1.33611,1.00,6.34
2014.08.12 17:09:32.764,1.33608,1.33611,1.00,5.59
2014.08.12 17:09:36.320,1.33609,1.33611,1.00,5.89
2014.08.12 17:09:36.826,1.33608,1.33611,2.44,3.34
2014.08.12 17:09:37.702,1.33609,1.33611,1.00,1.69
2014.08.12 17:09:49.673,1.3361,1.33611,1.00,1.25
2014.08.12 17:09:56.331,1.33609,1.33611,2.25,1.00
2014.08.12 17:10:02.164,1.3361,1.33611,1.50,1.65
2014.08.12 17:10:06.270,1.3361,1.33612,1.50,5.44
2014.08.12 17:10:10.331,1.3361,1.33612,1.50,6.19
2014.08.12 17:10:16.850,1.33609,1.33612,1.50,7.69
2014.08.12 17:10:27.593,1.3361,1.33611,1.50,1.25
2014.08.12 17:10:28.111,1.33611,1.33612,1.00,2.44
2014.08.12 17:10:31.523,1.3361,1.33612,2.63,3.19
2014.08.12 17:10:55.146,1.3361,1.33611,1.39,1.50
2014.08.12 17:10:55.652,1.33609,1.33612,3.19,5.44
2014.08.12 17:10:56.181,1.33609,1.33611,2.25,1.25
2014.08.12 17:11:26.177,1.33608,1.33611,3.19,1.25
2014.08.12 17:11:29.126,1.33607,1.3361,2.25,1.00
2014.08.12 17:11:29.429,1.33605,1.33608,13.88,2.50
2014.08.12 17:11:29.480,1.33607,1.33608,1.00,1.50
2014.08.12 17:11:29.985,1.33606,1.33608,6.94,2.50
2014.08.12 17:11:30.521,1.33607,1.33608,1.00,1.50
2014.08.12 17:11:47.261,1.33606,1.33608,6.75,1.50
2014.08.12 17:11:57.922,1.33607,1.33608,1.50,1.00
2014.08.12 17:11:58.428,1.33608,1.33609,1.00,1.50
2014.08.12 17:11:59.184,1.33607,1.33609,4.69,1.50
2014.08.12 17:12:00.021,1.33607,1.33611,3.94,5.74
2014.08.12 17:12:00.526,1.33608,1.3361,1.00,1.25
2014.08.12 17:12:01.390,1.33607,1.3361,6.19,1.25
2014.08.12 17:12:02.720,1.33608,1.3361,1.00,1.25
2014.08.12 17:12:03.234,1.33607,1.3361,3.19,4.69
2014.08.12 17:12:03.745,1.33607,1.33609,2.44,1.00
2014.08.12 17:12:17.285,1.33607,1.3361,1.69,3.19
2014.08.12 17:12:50.730,1.33607,1.33609,1.00,1.00
2014.08.12 17:12:51.348,1.33607,1.33608,1.00,1.00
2014.08.12 17:12:56.520,1.33607,1.33609,1.00,3.00
2014.08.12 17:12:57.935,1.33606,1.33609,5.10,2.25
2014.08.12 17:12:58.439,1.33606,1.33608,4.35,1.00
2014.08.12 17:12:59.920,1.33606,1.33608,5.93,1.00
2014.08.12 17:13:00.172,1.33607,1.3361,2.93,7.69
2014.08.12 17:13:00.577,1.33606,1.33608,5.33,1.35
2014.08.12 17:13:01.187,1.33606,1.33608,3.75,1.35
2014.08.12 17:13:02.050,1.33606,1.33607,3.00,1.00
2014.08.12 17:13:02.560,1.33606,1.33608,2.25,1.50
2014.08.12 17:13:05.566,1.33606,1.33608,2.44,1.00
2014.08.12 17:13:07.704,1.33607,1.33608,1.00,1.00
2014.08.12 17:13:08.217,1.33607,1.33608,1.50,1.00
2014.08.12 17:13:08.904,1.33607,1.33609,1.50,1.25
2014.08.12 17:13:09.410,1.33608,1.33609,1.00,1.69
2014.08.12 17:13:14.754,1.33608,1.3361,2.25,1.69
2014.08.12 17:13:22.985,1.33608,1.33609,2.25,1.00
2014.08.12 17:13:23.496,1.33608,1.3361,2.25,1.25
2014.08.12 17:13:25.601,1.33608,1.33609,2.25,1.00
2014.08.12 17:13:26.111,1.33608,1.3361,1.50,1.25
2014.08.12 17:13:26.724,1.33608,1.33609,1.50,1.00
2014.08.12 17:13:27.232,1.33608,1.3361,1.50,1.69
2014.08.12 17:13:28.447,1.33608,1.33609,2.25,1.00
2014.08.12 17:13:28.963,1.33608,1.3361,2.25,1.69
2014.08.12 17:13:29.627,1.33608,1.33609,2.25,1.00
2014.08.12 17:13:30.234,1.33608,1.3361,1.50,1.69
2014.08.12 17:13:30.747,1.33608,1.33609,1.50,1.50
2014.08.12 17:13:31.261,1.33608,1.3361,2.25,1.69
2014.08.12 17:13:32.742,1.33608,1.33609,2.25,1.00
2014.08.12 17:13:33.668,1.33608,1.3361,1.50,2.44
2014.08.12 17:13:34.193,1.33608,1.33609,1.50,1.00
2014.08.12 17:13:34.735,1.33608,1.3361,1.50,2.44
2014.08.12 17:13:36.370,1.33608,1.33609,2.25,1.00
2014.08.12 17:13:44.656,1.33608,1.3361,2.25,1.32
2014.08.12 17:13:45.163,1.33608,1.33609,2.25,1.00
2014.08.12 17:13:45.677,1.33608,1.3361,2.33,1.50
2014.08.12 17:13:49.986,1.33608,1.33609,1.50,1.00
2014.08.12 17:13:51.100,1.33608,1.3361,1.50,1.50
2014.08.12 17:13:52.791,1.33608,1.33609,2.25,1.00
2014.08.12 17:13:55.339,1.33608,1.3361,2.25,1.50
2014.08.12 17:13:55.852,1.33608,1.33609,2.25,1.50
2014.08.12 17:13:58.855,1.33608,1.3361,1.50,1.00
2014.08.12 17:14:00.509,1.33608,1.33609,2.25,1.00
2014.08.12 17:14:01.013,1.33608,1.3361,2.25,1.50
2014.08.12 17:14:02.183,1.33608,1.33609,2.25,1.00
2014.08.12 17:14:02.688,1.33608,1.3361,2.25,1.00
2014.08.12 17:14:13.071,1.33609,1.3361,1.00,1.00
2014.08.12 17:14:13.575,1.33608,1.3361,3.00,1.25
2014.08.12 17:14:14.530,1.33608,1.33611,3.00,3.00
2014.08.12 17:14:17.726,1.33608,1.33611,1.50,3.19
2014.08.12 17:14:22.441,1.33608,1.33611,1.50,1.50
2014.08.12 17:14:27.520,1.33608,1.3361,1.25,1.00
2014.08.12 17:14:28.041,1.33608,1.33611,3.19,1.99
2014.08.12 17:14:28.546,1.33608,1.33611,3.00,2.74
2014.08.12 17:14:33.126,1.33608,1.33611,1.69,2.74
2014.08.12 17:14:37.960,1.33608,1.3361,1.50,1.50
2014.08.12 17:14:48.357,1.33608,1.33611,3.94,3.19
2014.08.12 17:14:52.403,1.33608,1.3361,1.69,1.00
2014.08.12 17:14:53.822,1.33608,1.33609,1.50,1.00
2014.08.12 17:15:00.220,1.33609,1.3361,1.00,1.25
2014.08.12 17:15:06.183,1.33608,1.33609,2.25,1.00
2014.08.12 17:15:19.489,1.33609,1.3361,1.00,1.25
2014.08.12 17:15:20.704,1.33608,1.33609,3.00,1.00
2014.08.12 17:15:21.215,1.33609,1.3361,1.00,1.69
2014.08.12 17:15:21.821,1.33608,1.33609,2.25,1.00
2014.08.12 17:15:22.355,1.33608,1.33609,2.25,1.50
2014.08.12 17:15:24.032,1.33608,1.3361,2.25,2.44
2014.08.12 17:15:25.567,1.33609,1.3361,1.00,1.69
2014.08.12 17:15:28.539,1.33608,1.33609,1.50,1.00
2014.08.12 17:15:29.349,1.33609,1.3361,1.00,1.69
2014.08.12 17:15:29.653,1.33607,1.33609,1.00,2.44
2014.08.12 17:15:29.804,1.33606,1.33608,1.69,1.00
2014.08.12 17:15:30.350,1.33606,1.33608,2.44,1.50
2014.08.12 17:15:32.800,1.33607,1.33608,1.00,1.50
2014.08.12 17:15:33.104,1.33608,1.3361,3.75,1.69
2014.08.12 17:15:33.256,1.33607,1.33609,6.19,1.00
2014.08.12 17:15:34.995,1.33608,1.33609,1.00,1.00
2014.08.12 17:15:35.541,1.33608,1.3361,1.50,3.19
2014.08.12 17:16:16.494,1.33608,1.33611,2.44,2.44
2014.08.12 17:16:18.508,1.33608,1.33611,3.00,3.19
2014.08.12 17:16:21.316,1.33608,1.33611,2.44,3.19
2014.08.12 17:16:21.834,1.33608,1.3361,1.69,1.50
2014.08.12 17:16:22.337,1.33608,1.33611,2.44,3.19
2014.08.12 17:16:22.846,1.33608,1.3361,1.50,1.50
2014.08.12 17:16:25.400,1.33608,1.33611,3.94,3.19
2014.08.12 17:16:25.910,1.33608,1.3361,2.44,1.00
2014.08.12 17:16:26.416,1.33608,1.33611,3.19,2.44
2014.08.12 17:16:26.980,1.33608,1.3361,1.69,1.50
2014.08.12 17:16:36.849,1.33607,1.3361,7.69,1.69
2014.08.12 17:16:37.475,1.33608,1.3361,1.00,1.69
2014.08.12 17:16:37.708,1.3361,1.33611,2.25,2.25
2014.08.12 17:16:37.860,1.33611,1.33612,2.25,3.00
2014.08.12 17:16:38.370,1.3361,1.33612,1.13,3.75
2014.08.12 17:16:38.876,1.33609,1.33611,2.44,2.25
2014.08.12 17:16:40.808,1.3361,1.33611,1.00,1.69
2014.08.12 17:16:42.192,1.33609,1.33611,1.69,1.50
2014.08.12 17:16:47.315,1.33609,1.3361,1.50,1.00
2014.08.12 17:16:47.848,1.33609,1.33611,1.50,1.25
2014.08.12 17:16:48.353,1.33609,1.3361,1.50,1.00
2014.08.12 17:16:50.889,1.33608,1.3361,3.19,1.50
2014.08.12 17:16:52.872,1.33609,1.3361,1.00,1.50
2014.08.12 17:16:53.402,1.33609,1.33611,1.00,3.19
2014.08.12 17:16:54.134,1.33609,1.3361,1.00,1.50
2014.08.12 17:16:54.676,1.33609,1.33611,1.00,3.94
2014.08.12 17:16:56.021,1.3361,1.33611,1.00,3.19
2014.08.12 17:16:56.626,1.33609,1.33611,2.25,3.19
2014.08.12 17:16:57.223,1.3361,1.33611,1.00,3.19
2014.08.12 17:16:57.757,1.33609,1.33611,2.25,3.19
2014.08.12 17:16:58.378,1.3361,1.33611,1.00,3.00
2014.08.12 17:16:58.984,1.33609,1.33611,2.44,3.00
2014.08.12 17:16:59.599,1.3361,1.33611,1.00,1.50
2014.08.12 17:17:00.108,1.33609,1.33612,4.69,3.27
2014.08.12 17:17:15.049,1.33609,1.33612,3.00,8.52
2014.08.12 17:17:18.175,1.33609,1.3361,1.50,1.00
2014.08.12 17:17:26.927,1.33608,1.3361,1.69,1.50
2014.08.12 17:17:29.163,1.33608,1.33609,1.00,1.00
2014.08.12 17:17:42.893,1.33607,1.33609,4.69,1.00
2014.08.12 17:17:43.462,1.33608,1.33609,1.50,1.00
2014.08.12 17:17:44.902,1.33607,1.33609,1.69,2.50
2014.08.12 17:17:48.779,1.33607,1.33608,1.50,2.25
2014.08.12 17:17:48.830,1.33607,1.33608,1.50,2.25
2014.08.12 17:17:49.448,1.33607,1.33609,1.00,3.94
2014.08.12 17:17:49.960,1.33607,1.33608,1.50,1.00
2014.08.12 17:17:51.804,1.33607,1.33608,1.50,1.50
2014.08.12 17:18:04.135,1.33608,1.3361,1.00,7.32
2014.08.12 17:18:10.324,1.33607,1.33609,3.94,1.00
2014.08.12 17:18:11.396,1.33608,1.3361,1.00,6.57
2014.08.12 17:18:23.183,1.33608,1.33609,3.38,1.50
2014.08.12 17:18:24.156,1.33607,1.33609,3.00,1.00
2014.08.12 17:18:30.979,1.33607,1.33609,3.94,1.00
2014.08.12 17:18:31.524,1.33608,1.3361,1.50,6.19
2014.08.12 17:18:33.186,1.33607,1.33609,3.19,1.00
2014.08.12 17:18:33.734,1.33608,1.3361,1.00,6.19
2014.08.12 17:18:34.339,1.33607,1.33609,3.19,1.00
2014.08.12 17:18:34.881,1.33608,1.3361,1.00,6.19
2014.08.12 17:18:35.469,1.33607,1.33609,3.19,1.00
2014.08.12 17:18:35.980,1.33608,1.33609,1.50,1.00
2014.08.12 17:18:38.443,1.33608,1.3361,1.00,5.44
2014.08.12 17:19:10.155,1.33608,1.33611,2.44,3.19
2014.08.12 17:19:15.333,1.33609,1.33611,1.00,1.00
2014.08.12 17:19:15.384,1.33609,1.33611,3.38,1.00
2014.08.12 17:19:15.637,1.33612,1.33615,3.79,3.19
2014.08.12 17:19:15.739,1.33614,1.33615,1.00,1.25
2014.08.12 17:19:16.193,1.33614,1.33617,3.19,3.27
2014.08.12 17:19:16.697,1.33614,1.33617,3.75,2.52
2014.08.12 17:19:17.971,1.33615,1.33617,1.00,2.52
2014.08.12 17:19:20.032,1.33615,1.33617,1.00,3.27
2014.08.12 17:19:20.565,1.33615,1.33617,1.00,3.27
2014.08.12 17:19:21.777,1.33615,1.33617,1.00,2.52
2014.08.12 17:19:22.287,1.33615,1.33617,1.00,2.52
2014.08.12 17:19:23.813,1.33615,1.33617,1.00,2.52
2014.08.12 17:19:24.351,1.33615,1.33617,1.00,3.27
2014.08.12 17:19:24.860,1.33615,1.33617,1.00,3.27
2014.08.12 17:19:25.388,1.33615,1.33617,1.00,3.27
2014.08.12 17:19:26.986,1.33615,1.33617,1.00,3.27
2014.08.12 17:19:27.498,1.33615,1.33617,1.00,3.27
2014.08.12 17:19:29.080,1.33615,1.33617,1.00,3.27
2014.08.12 17:19:29.695,1.33615,1.33617,1.00,3.27
2014.08.12 17:19:30.237,1.33615,1.33617,1.00,3.27
2014.08.12 17:19:30.594,1.33615,1.3362,1.00,20.18
2014.08.12 17:19:30.697,1.33618,1.33622,13.54,1.88
2014.08.12 17:19:30.849,1.33621,1.33623,4.00,5.44
2014.08.12 17:19:31.052,1.33623,1.33625,2.50,20.25
2014.08.12 17:19:31.103,1.33624,1.33625,1.00,3.00
2014.08.12 17:19:31.459,1.33625,1.33627,1.50,2.25
2014.08.12 17:19:39.877,1.33624,1.33627,3.75,4.50
2014.08.12 17:19:44.080,1.33625,1.33627,2.44,3.75
2014.08.12 17:19:44.584,1.33626,1.33629,2.25,5.44
2014.08.12 17:19:48.341,1.33625,1.33628,10.47,1.69
2014.08.12 17:19:48.846,1.33625,1.33627,8.97,1.00
2014.08.12 17:19:49.251,1.33623,1.33626,4.77,1.69
2014.08.12 17:19:50.899,1.33624,1.33626,1.00,1.25
2014.08.12 17:19:51.866,1.33624,1.33627,2.85,4.32
2014.08.12 17:19:51.917,1.33626,1.33631,7.75,3.00
2014.08.12 17:19:52.119,1.33629,1.33632,10.08,4.50
2014.08.12 17:19:52.791,1.3363,1.33632,5.63,1.69
2014.08.12 17:19:53.312,1.33631,1.33632,1.00,1.50
2014.08.12 17:19:53.921,1.3363,1.33632,4.50,1.50
2014.08.12 17:19:54.430,1.33631,1.33632,1.00,1.69
2014.08.12 17:19:54.938,1.33629,1.33631,1.00,2.25
2014.08.12 17:19:55.453,1.3363,1.33631,1.00,1.00
2014.08.12 17:19:58.415,1.3363,1.33633,3.75,14.44
2014.08.12 17:20:07.746,1.3363,1.33631,2.25,1.69
2014.08.12 17:20:07.898,1.33628,1.3363,2.33,4.69
2014.08.12 17:20:08.416,1.33628,1.33629,1.50,1.50
2014.08.12 17:20:08.922,1.33627,1.33629,1.50,1.00
2014.08.12 17:20:09.886,1.33626,1.33629,5.82,2.44
2014.08.12 17:20:10.391,1.33627,1.3363,1.50,7.32
2014.08.12 17:20:15.469,1.33627,1.3363,2.25,4.50
2014.08.12 17:20:18.233,1.33629,1.3363,1.00,2.63
2014.08.12 17:20:18.738,1.33628,1.3363,2.44,1.00
2014.08.12 17:20:24.003,1.33627,1.3363,4.88,3.75
2014.08.12 17:20:26.406,1.33628,1.3363,4.00,3.94
2014.08.12 17:20:26.608,1.33628,1.33632,1.50,8.82
2014.08.12 17:20:27.122,1.33629,1.33631,1.00,1.00
2014.08.12 17:20:27.766,1.33627,1.33631,10.02,1.50
2014.08.12 17:20:28.171,1.33627,1.33629,1.25,1.00
2014.08.12 17:20:29.153,1.33626,1.33629,3.19,1.69
2014.08.12 17:20:32.124,1.33625,1.33627,5.33,1.00
2014.08.12 17:20:32.277,1.3362,1.33624,2.07,15.19
2014.08.12 17:20:37.012,1.3362,1.33621,1.00,1.00
2014.08.12 17:20:38.984,1.33619,1.33621,2.25,1.25
2014.08.12 17:20:55.430,1.33621,1.33622,1.69,4.50
2014.08.12 17:20:55.633,1.33622,1.33624,1.50,1.00
2014.08.12 17:20:56.188,1.33622,1.33623,1.50,1.35
2014.08.12 17:20:56.289,1.3362,1.33622,12.00,2.25
2014.08.12 17:20:59.786,1.33619,1.33622,5.44,3.19
2014.08.12 17:20:59.887,1.3362,1.33622,1.00,3.19
2014.08.12 17:21:00.192,1.33622,1.33624,1.50,3.75
2014.08.12 17:21:00.445,1.3362,1.33623,2.44,3.94
2014.08.12 17:21:00.958,1.3362,1.33622,1.25,3.00
2014.08.12 17:21:05.221,1.33619,1.33622,8.07,3.19
2014.08.12 17:21:07.147,1.33619,1.33622,3.00,5.52
2014.08.12 17:21:07.879,1.33619,1.33622,3.08,7.24
2014.08.12 17:21:08.031,1.33619,1.33621,3.00,1.00
2014.08.12 17:21:22.463,1.3362,1.33621,1.00,1.25
2014.08.12 17:21:22.968,1.3362,1.33622,1.00,3.19
2014.08.12 17:21:25.767,1.33619,1.33622,1.50,3.94
2014.08.12 17:21:26.495,1.33619,1.33621,1.50,1.00
2014.08.12 17:21:30.191,1.33619,1.33622,1.69,3.19
2014.08.12 17:21:35.054,1.33619,1.33621,1.69,1.00
2014.08.12 17:21:35.703,1.33619,1.33622,1.69,1.25
2014.08.12 17:21:37.154,1.3362,1.33622,1.00,1.50
2014.08.12 17:21:37.306,1.33621,1.33624,3.00,3.75
2014.08.12 17:21:37.827,1.33622,1.33624,1.50,1.00
2014.08.12 17:21:44.306,1.33623,1.33624,2.25,1.00
2014.08.12 17:21:44.458,1.33623,1.33626,3.75,2.25
2014.08.12 17:21:50.220,1.33624,1.33626,1.50,1.00
2014.08.12 17:21:52.311,1.33623,1.33626,5.25,2.25
2014.08.12 17:21:53.131,1.33624,1.33626,1.50,1.00
2014.08.12 17:22:05.123,1.33624,1.33627,1.69,4.69
2014.08.12 17:22:06.113,1.33624,1.33627,1.50,5.44
2014.08.12 17:22:13.547,1.33624,1.33627,2.44,3.94
2014.08.12 17:22:15.351,1.33623,1.33626,4.99,1.50
2014.08.12 17:22:16.404,1.33623,1.33626,4.77,1.69
2014.08.12 17:22:17.243,1.33624,1.33627,1.00,5.44
2014.08.12 17:22:18.374,1.33624,1.33627,2.44,3.19
2014.08.12 17:22:18.911,1.33625,1.33627,4.24,1.00
2014.08.12 17:22:19.422,1.33626,1.33629,1.00,3.94
2014.08.12 17:22:20.766,1.33627,1.33629,1.00,2.44
2014.08.12 17:22:21.271,1.33627,1.33629,1.50,1.25
2014.08.12 17:22:27.596,1.33628,1.3363,1.00,4.69
2014.08.12 17:22:28.684,1.33628,1.3363,1.00,1.69
2014.08.12 17:22:29.693,1.33629,1.33631,1.00,6.19
2014.08.12 17:22:29.946,1.3363,1.33632,4.00,3.00
2014.08.12 17:22:30.300,1.33629,1.33632,2.44,5.52
2014.08.12 17:22:31.135,1.3363,1.33632,1.00,3.94
2014.08.12 17:22:31.902,1.33631,1.33632,1.00,1.50
2014.08.12 17:22:32.004,1.33632,1.33634,1.00,3.94
2014.08.12 17:22:32.156,1.33633,1.33635,1.00,3.19
2014.08.12 17:22:32.308,1.33634,1.33636,3.25,1.25
2014.08.12 17:22:32.512,1.33635,1.33637,1.25,2.25
2014.08.12 17:22:32.613,1.33636,1.33638,2.50,1.69
2014.08.12 17:22:32.967,1.33637,1.33639,1.00,2.44
2014.08.12 17:22:40.409,1.33636,1.33639,2.44,3.94
2014.08.12 17:22:41.427,1.33635,1.33638,4.77,1.00
2014.08.12 17:22:41.946,1.33635,1.33637,3.49,1.50
2014.08.12 17:22:42.469,1.33635,1.33637,2.55,1.50
2014.08.12 17:22:42.979,1.33636,1.33638,1.00,3.75
2014.08.12 17:22:52.748,1.33637,1.33638,1.50,1.00
2014.08.12 17:23:03.304,1.33637,1.33639,1.50,4.69
2014.08.12 17:23:03.405,1.33637,1.33638,1.50,1.00
2014.08.12 17:23:03.658,1.33635,1.33638,4.77,2.44
2014.08.12 17:23:04.985,1.33635,1.33637,2.74,1.00
2014.08.12 17:23:10.397,1.33635,1.33636,1.00,1.50
2014.08.12 17:23:10.549,1.33633,1.33635,2.25,1.00
2014.08.12 17:23:11.004,1.33634,1.33636,1.50,1.25
2014.08.12 17:23:12.013,1.33634,1.33637,1.69,4.32
2014.08.12 17:23:19.610,1.33633,1.33636,9.49,1.58
2014.08.12 17:23:20.158,1.33634,1.33637,1.25,3.57
2014.08.12 17:23:30.452,1.33634,1.33636,1.25,1.00
2014.08.12 17:23:30.957,1.33632,1.33635,3.49,5.25
2014.08.12 17:23:31.592,1.33632,1.33635,1.99,6.57
2014.08.12 17:23:39.533,1.33634,1.33636,1.00,6.94
2014.08.12 17:23:40.043,1.33634,1.33636,1.25,1.50
2014.08.12 17:23:46.731,1.33634,1.33637,3.19,5.07
2014.08.12 17:23:54.163,1.33634,1.33637,3.94,4.13
2014.08.12 17:24:02.863,1.33634,1.33637,3.19,2.44
2014.08.12 17:24:10.691,1.33634,1.33636,2.44,1.00
2014.08.12 17:24:11.199,1.33634,1.33637,3.19,3.19
2014.08.12 17:24:22.731,1.33635,1.33637,1.00,3.00
2014.08.12 17:24:23.085,1.33636,1.33639,3.94,3.00
2014.08.12 17:24:25.999,1.33636,1.33639,6.19,3.00
2014.08.12 17:24:29.835,1.33636,1.33639,3.94,3.19
2014.08.12 17:24:33.631,1.33636,1.33638,3.00,1.69
2014.08.12 17:24:33.934,1.33634,1.33637,2.44,3.27
2014.08.12 17:24:34.514,1.33635,1.33637,1.00,2.44
2014.08.12 17:24:35.072,1.33636,1.33638,1.00,2.44
2014.08.12 17:24:44.406,1.33635,1.33638,7.50,2.25
2014.08.12 17:24:46.141,1.33636,1.33638,1.00,1.50
2014.08.12 17:24:56.300,1.33636,1.33639,1.69,3.94
2014.08.12 17:25:00.269,1.33636,1.33639,1.69,4.02
2014.08.12 17:25:03.229,1.33636,1.33639,1.69,3.94
2014.08.12 17:25:03.963,1.33636,1.33638,1.25,1.50
2014.08.12 17:25:05.208,1.33637,1.33638,2.25,1.50
2014.08.12 17:25:05.310,1.33637,1.33639,3.94,3.75
2014.08.12 17:25:05.563,1.33641,1.33642,3.19,1.00
2014.08.12 17:25:05.765,1.33642,1.33644,1.50,1.25
2014.08.12 17:25:08.449,1.33642,1.33645,1.69,3.19
2014.08.12 17:25:11.746,1.33641,1.33644,4.69,1.00
2014.08.12 17:25:23.594,1.33641,1.33644,6.19,1.25
2014.08.12 17:25:24.125,1.33641,1.33644,6.94,1.00
2014.08.12 17:25:26.621,1.33641,1.33644,5.44,1.69
2014.08.12 17:25:27.674,1.33641,1.33643,3.94,1.00
2014.08.12 17:25:28.280,1.33641,1.33643,2.25,1.69
2014.08.12 17:25:28.785,1.33641,1.33642,1.50,1.00
2014.08.12 17:25:29.290,1.33639,1.33642,4.69,2.25
2014.08.12 17:25:29.846,1.33639,1.33642,2.44,3.19
2014.08.12 17:25:30.351,1.33639,1.33641,1.00,1.69
2014.08.12 17:25:31.032,1.33639,1.33642,3.75,6.75
2014.08.12 17:25:31.336,1.33641,1.33642,1.25,1.00
2014.08.12 17:25:31.695,1.33641,1.33644,2.44,5.44
2014.08.12 17:25:37.100,1.33641,1.33643,1.25,1.00
2014.08.12 17:25:37.252,1.3364,1.33642,8.25,1.00
2014.08.12 17:25:37.353,1.33639,1.33641,6.57,6.75
2014.08.12 17:25:37.656,1.33638,1.33639,1.00,5.25
2014.08.12 17:25:38.247,1.33638,1.33639,1.00,5.25
2014.08.12 17:25:39.577,1.33637,1.33639,3.94,5.25
2014.08.12 17:25:40.655,1.33637,1.3364,3.94,7.69
2014.08.12 17:25:41.957,1.33637,1.33639,1.69,1.00
2014.08.12 17:25:42.537,1.33637,1.33638,1.69,1.00
2014.08.12 17:25:43.605,1.33636,1.33638,1.69,1.00
2014.08.12 17:25:53.934,1.33636,1.33639,3.00,5.25
2014.08.12 17:25:54.953,1.33637,1.33639,1.00,4.50
2014.08.12 17:25:57.324,1.33639,1.3364,1.50,3.00
2014.08.12 17:25:57.476,1.3364,1.33641,2.25,1.50
2014.08.12 17:25:57.829,1.33638,1.3364,1.00,1.50
2014.08.12 17:25:58.334,1.33637,1.33639,2.25,1.00
2014.08.12 17:26:09.373,1.33639,1.3364,3.60,1.25
2014.08.12 17:26:09.676,1.33641,1.33643,4.69,1.50
2014.08.12 17:26:11.216,1.33641,1.33644,4.69,9.00
2014.08.12 17:26:22.019,1.33642,1.33644,1.00,5.44
2014.08.12 17:26:22.525,1.33641,1.33643,1.25,1.50
2014.08.12 17:26:23.033,1.33642,1.33643,1.50,1.00
2014.08.12 17:26:23.550,1.33641,1.33643,4.69,1.00
2014.08.12 17:26:24.073,1.33641,1.33644,2.44,6.75
2014.08.12 17:26:27.200,1.33641,1.33644,3.19,6.75
2014.08.12 17:26:27.713,1.33641,1.33643,5.44,1.00
2014.08.12 17:26:28.483,1.33641,1.33643,4.69,1.00
2014.08.12 17:26:32.578,1.33641,1.33644,4.69,8.25
2014.08.12 17:26:33.087,1.33641,1.33643,3.19,1.00
2014.08.12 17:26:33.605,1.33641,1.33644,2.44,9.19
2014.08.12 17:26:34.204,1.33641,1.33643,3.19,1.00
2014.08.12 17:26:35.141,1.3364,1.33643,7.69,1.69
2014.08.12 17:26:36.419,1.3364,1.33643,7.69,2.25
2014.08.12 17:26:36.931,1.3364,1.33642,3.19,1.00
2014.08.12 17:26:37.437,1.33641,1.33643,3.19,6.00
2014.08.12 17:26:40.255,1.3364,1.33643,6.94,3.00
2014.08.12 17:26:45.323,1.33641,1.33642,1.00,1.00
2014.08.12 17:26:46.257,1.3364,1.33642,7.50,1.00
2014.08.12 17:26:46.795,1.3364,1.33641,9.19,1.00
2014.08.12 17:26:48.890,1.3364,1.33642,9.94,1.50
2014.08.12 17:26:53.303,1.3364,1.33642,9.94,2.25
2014.08.12 17:26:55.971,1.33641,1.33643,1.69,1.50
2014.08.12 17:27:00.828,1.33641,1.33644,2.74,7.69
2014.08.12 17:27:01.382,1.33642,1.33644,1.00,4.69
2014.08.12 17:27:01.932,1.33641,1.33644,6.49,4.50
2014.08.12 17:27:03.518,1.33642,1.33644,1.50,3.00
2014.08.12 17:27:12.303,1.33641,1.33644,4.69,6.19
2014.08.12 17:27:12.809,1.33642,1.33643,1.50,1.00
2014.08.12 17:27:13.337,1.33641,1.33643,3.19,1.00
2014.08.12 17:27:17.435,1.33641,1.33644,3.19,5.82
2014.08.12 17:27:17.958,1.33641,1.33643,3.19,1.00
2014.08.12 17:27:21.496,1.33641,1.33644,3.19,11.29
2014.08.12 17:27:21.799,1.33641,1.33642,1.69,1.00
2014.08.12 17:27:22.309,1.33641,1.33643,1.69,1.00
2014.08.12 17:27:23.033,1.33642,1.33643,1.00,1.00
2014.08.12 17:27:24.668,1.33641,1.33643,3.19,1.00
2014.08.12 17:27:25.181,1.33641,1.33644,3.19,11.44
2014.08.12 17:27:25.693,1.3364,1.33643,15.19,1.50
2014.08.12 17:27:26.203,1.33641,1.33644,1.69,7.32
2014.08.12 17:27:29.430,1.33641,1.33643,1.25,1.00
2014.08.12 17:27:32.658,1.3364,1.33643,13.69,3.94
2014.08.12 17:27:35.348,1.3364,1.33642,12.19,1.00
2014.08.12 17:27:35.449,1.3364,1.33643,6.94,3.94
2014.08.12 17:27:44.443,1.33641,1.33643,1.00,1.25
2014.08.12 17:27:44.948,1.3364,1.33643,12.57,1.69
2014.08.12 17:27:53.788,1.3364,1.33643,15.49,3.44
2014.08.12 17:27:54.293,1.33641,1.33643,1.00,1.25
2014.08.12 17:27:55.371,1.33641,1.33644,1.25,4.69
2014.08.12 17:27:55.882,1.33642,1.33644,1.50,2.25
2014.08.12 17:27:56.395,1.33641,1.33644,4.99,3.75
2014.08.12 17:28:03.334,1.33642,1.33644,1.00,1.50
2014.08.12 17:28:03.877,1.33642,1.33645,1.00,7.50
2014.08.12 17:28:04.383,1.33641,1.33644,5.74,1.50
2014.08.12 17:28:05.202,1.33641,1.33643,5.74,1.50
2014.08.12 17:28:06.518,1.33641,1.33643,6.49,1.50
2014.08.12 17:28:07.073,1.33641,1.33643,5.74,1.50
2014.08.12 17:28:10.005,1.33641,1.33643,4.69,1.50
2014.08.12 17:28:13.073,1.33641,1.33643,3.94,1.50
2014.08.12 17:28:21.710,1.33642,1.33643,1.00,1.50
2014.08.12 17:28:24.214,1.33641,1.33643,4.69,1.50
2014.08.12 17:28:24.898,1.33642,1.33643,1.00,1.50
2014.08.12 17:28:26.753,1.33641,1.33643,3.94,1.50
2014.08.12 17:28:27.839,1.33641,1.33643,3.94,1.50
2014.08.12 17:28:29.376,1.33641,1.33643,3.19,1.50
2014.08.12 17:28:32.241,1.33641,1.33643,3.94,1.50
2014.08.12 17:28:32.896,1.33642,1.33644,1.25,1.00
2014.08.12 17:28:36.989,1.33642,1.33645,1.25,9.57
2014.08.12 17:28:40.804,1.33642,1.33644,2.44,1.00
2014.08.12 17:28:45.403,1.33642,1.33645,1.69,5.63
2014.08.12 17:29:05.980,1.33642,1.33644,4.69,1.00
2014.08.12 17:29:07.863,1.33642,1.33645,4.50,5.07
2014.08.12 17:29:08.216,1.33643,1.33645,4.69,1.00
2014.08.12 17:29:08.722,1.33644,1.33646,3.94,3.00
2014.08.12 17:29:09.380,1.33644,1.33647,7.77,1.69
2014.08.12 17:29:09.884,1.33645,1.33647,1.50,1.69
2014.08.12 17:29:10.188,1.3365,1.33653,10.88,2.25
2014.08.12 17:29:10.441,1.33651,1.33654,6.27,1.25
2014.08.12 17:29:10.543,1.33653,1.33655,1.25,5.25
2014.08.12 17:29:10.898,1.33654,1.33656,3.38,1.69
2014.08.12 17:29:11.613,1.33655,1.33656,2.63,1.25
2014.08.12 17:29:16.914,1.33655,1.33657,1.50,3.19
2014.08.12 17:29:33.191,1.33656,1.33658,1.00,1.69
2014.08.12 17:29:33.696,1.33657,1.33659,1.88,1.69
2014.08.12 17:29:34.454,1.33657,1.33659,1.00,1.25
2014.08.12 17:29:35.060,1.33658,1.33659,1.00,1.25
2014.08.12 17:29:35.716,1.33657,1.33658,1.00,1.00
2014.08.12 17:29:36.241,1.33657,1.33659,1.00,1.25
2014.08.12 17:29:36.746,1.33657,1.3366,2.44,3.57
2014.08.12 17:29:37.247,1.33657,1.33659,2.44,1.00
2014.08.12 17:29:37.968,1.33657,1.3366,3.27,2.07
2014.08.12 17:29:38.272,1.33661,1.33665,12.60,13.32
2014.08.12 17:29:38.425,1.33666,1.33667,1.00,1.50
2014.08.12 17:29:38.779,1.33667,1.33669,2.25,1.25
2014.08.12 17:29:39.298,1.33668,1.3367,2.25,2.25
2014.08.12 17:29:39.906,1.33669,1.3367,1.00,2.25
2014.08.12 17:29:40.411,1.33669,1.33671,1.00,2.25
2014.08.12 17:29:40.462,1.33668,1.3367,2.25,1.69
2014.08.12 17:29:41.270,1.33666,1.33668,4.77,1.00
2014.08.12 17:29:41.817,1.33667,1.33668,1.50,2.25
2014.08.12 17:29:45.490,1.33665,1.33668,3.38,3.25
2014.08.12 17:29:46.261,1.33666,1.33667,1.50,1.00
2014.08.12 17:29:46.770,1.33665,1.33667,4.13,1.00
2014.08.12 17:29:48.338,1.33665,1.33667,3.00,1.25
2014.08.12 17:29:51.539,1.33665,1.33667,1.69,1.00
2014.08.12 17:29:54.834,1.33666,1.33668,1.50,2.25
2014.08.12 17:29:55.087,1.33667,1.33669,1.69,3.00
2014.08.12 17:29:55.138,1.33666,1.33668,3.83,1.00
2014.08.12 17:29:55.643,1.33666,1.33667,1.25,1.00
2014.08.12 17:29:56.900,1.33666,1.33669,2.33,3.94
2014.08.12 17:29:57.403,1.33666,1.33669,3.19,1.50
2014.08.12 17:30:00.287,1.33667,1.33669,1.00,1.50
2014.08.12 17:30:00.791,1.33666,1.33669,2.44,2.25
2014.08.12 17:30:01.570,1.33668,1.33669,1.00,1.50
2014.08.12 17:30:02.085,1.33667,1.33669,5.25,1.25
2014.08.12 17:30:03.568,1.33666,1.33669,1.69,4.54
2014.08.12 17:30:04.077,1.33666,1.33669,1.25,11.82
2014.08.12 17:30:04.740,1.33665,1.33668,6.19,3.75
2014.08.12 17:30:05.538,1.33665,1.33667,5.44,1.50
2014.08.12 17:30:10.395,1.33665,1.33668,2.44,3.00
2014.08.12 17:30:11.316,1.33666,1.33668,1.69,1.00
2014.08.12 17:30:11.569,1.33667,1.3367,3.19,2.25
2014.08.12 17:30:14.490,1.33667,1.3367,1.69,2.69
2014.08.12 17:30:14.692,1.33665,1.33669,8.07,7.28
2014.08.12 17:30:15.197,1.33664,1.33667,3.19,4.75
2014.08.12 17:30:16.090,1.33664,1.33667,1.69,6.44
2014.08.12 17:30:21.816,1.33663,1.33666,6.49,3.19
2014.08.12 17:30:22.388,1.33663,1.33665,3.19,2.25
2014.08.12 17:30:24.927,1.33664,1.33665,1.00,2.25
2014.08.12 17:30:25.446,1.33663,1.33665,2.44,1.50
2014.08.12 17:30:31.172,1.33664,1.33666,1.00,1.50
2014.08.12 17:30:31.425,1.33662,1.33667,5.65,2.25
2014.08.12 17:30:31.476,1.33662,1.33667,5.55,2.25
2014.08.12 17:30:32.148,1.33663,1.33667,1.33,2.44
2014.08.12 17:30:33.367,1.33662,1.33667,3.94,3.19
2014.08.12 17:30:34.634,1.33662,1.33667,8.74,4.94
2014.08.12 17:30:36.379,1.33663,1.33667,1.80,3.94
2014.08.12 17:30:39.358,1.33663,1.33666,1.05,1.00
2014.08.12 17:30:39.916,1.33663,1.33665,1.05,1.00
2014.08.12 17:30:41.120,1.33663,1.33666,1.24,1.69
2014.08.12 17:30:41.625,1.33662,1.33665,7.99,1.50
2014.08.12 17:30:57.072,1.33663,1.33666,2.82,3.75
2014.08.12 17:30:57.737,1.33663,1.33665,1.99,1.00
2014.08.12 17:30:58.692,1.33663,1.33665,2.74,1.00
2014.08.12 17:31:14.036,1.33663,1.33665,1.24,2.25
2014.08.12 17:31:30.746,1.33662,1.33665,1.55,3.44
2014.08.12 17:31:36.457,1.33662,1.33664,3.19,1.00
2014.08.12 17:31:36.509,1.3366,1.33662,12.75,3.00
2014.08.12 17:31:37.017,1.3366,1.33662,9.19,1.00
2014.08.12 17:31:37.572,1.3366,1.33662,13.69,1.00
2014.08.12 17:31:38.077,1.33659,1.33661,15.00,1.00
2014.08.12 17:31:39.084,1.33659,1.33661,15.57,1.00
2014.08.12 17:31:39.135,1.3366,1.33661,7.32,1.00
2014.08.12 17:31:39.287,1.33657,1.33659,1.69,1.50
2014.08.12 17:31:39.799,1.33656,1.33658,1.69,1.50
2014.08.12 17:31:40.238,1.33655,1.33658,2.82,2.25
2014.08.12 17:31:40.339,1.33655,1.33656,1.25,1.00
2014.08.12 17:31:40.491,1.33653,1.33655,1.69,3.00
2014.08.12 17:31:41.003,1.33652,1.33654,2.44,1.50
2014.08.12 17:31:42.062,1.33651,1.33654,4.69,2.25
2014.08.12 17:31:49.038,1.33651,1.33654,6.94,2.25
2014.08.12 17:31:52.796,1.33651,1.33654,6.94,2.25
2014.08.12 17:31:56.586,1.33652,1.33654,1.00,1.00
2014.08.12 17:31:57.091,1.33651,1.33654,6.94,2.25
2014.08.12 17:31:57.604,1.33651,1.33654,5.44,2.25
2014.08.12 17:32:01.649,1.33652,1.33654,2.44,1.00
2014.08.12 17:32:02.517,1.33652,1.33655,2.44,4.47
2014.08.12 17:32:03.030,1.33652,1.33655,1.69,4.65
2014.08.12 17:32:13.057,1.33653,1.33655,1.00,3.15
2014.08.12 17:32:37.061,1.33653,1.33656,1.25,5.07
2014.08.12 17:32:41.869,1.33653,1.33655,1.25,1.00
2014.08.12 17:32:46.160,1.33652,1.33655,2.44,2.44
2014.08.12 17:32:51.210,1.33652,1.33654,1.00,1.50
2014.08.12 17:32:51.724,1.33651,1.33653,2.74,1.00
2014.08.12 17:32:52.245,1.33651,1.33654,3.94,4.50
2014.08.12 17:32:52.754,1.33652,1.33654,1.50,1.50
2014.08.12 17:32:53.317,1.33652,1.33654,4.69,1.50
2014.08.12 17:32:53.929,1.33652,1.33654,1.00,2.25
2014.08.12 17:32:54.435,1.33651,1.33653,2.44,1.10
2014.08.12 17:32:55.511,1.33651,1.33654,2.25,5.25
2014.08.12 17:33:01.331,1.33652,1.33654,1.00,4.13
2014.08.12 17:33:02.148,1.33652,1.33655,6.00,3.94
2014.08.12 17:33:02.741,1.33652,1.33655,6.94,3.75
2014.08.12 17:33:15.821,1.33652,1.33655,5.74,3.30
2014.08.12 17:33:16.345,1.33652,1.33655,4.99,4.05
2014.08.12 17:33:16.875,1.33652,1.33655,4.99,4.24
2014.08.12 17:33:17.416,1.33652,1.33655,4.24,4.24
2014.08.12 17:33:17.973,1.33652,1.33655,4.99,4.24
2014.08.12 17:33:18.892,1.33652,1.33655,4.24,3.49
2014.08.12 17:33:19.432,1.33652,1.33655,4.99,4.24
2014.08.12 17:33:19.996,1.33652,1.33655,4.24,2.22
2014.08.12 17:33:20.507,1.33652,1.33655,4.99,4.24
2014.08.12 17:33:21.394,1.33652,1.33655,4.24,3.49
2014.08.12 17:33:21.902,1.33652,1.33655,4.99,3.49
2014.08.12 17:33:22.767,1.33652,1.33655,4.24,2.74
2014.08.12 17:33:23.293,1.33652,1.33655,4.99,3.49
2014.08.12 17:33:24.905,1.33652,1.33655,4.24,2.74
2014.08.12 17:33:25.429,1.33652,1.33655,4.99,2.22
2014.08.12 17:33:26.501,1.33652,1.33655,4.24,1.99
2014.08.12 17:33:27.010,1.33652,1.33655,5.44,2.55
2014.08.12 17:33:28.740,1.33654,1.33655,1.00,2.25
2014.08.12 17:33:29.245,1.33654,1.33656,1.00,3.19
2014.08.12 17:33:29.787,1.33653,1.33656,5.44,3.19
2014.08.12 17:33:30.394,1.33654,1.33656,1.10,1.69
2014.08.12 17:33:30.937,1.33653,1.33656,1.25,2.44
2014.08.12 17:33:31.770,1.33653,1.33655,1.25,1.00
2014.08.12 17:33:34.562,1.33653,1.33656,1.00,5.25
2014.08.12 17:33:35.174,1.33653,1.33655,1.00,1.00
2014.08.12 17:33:35.855,1.33653,1.33656,1.00,5.25
2014.08.12 17:33:36.396,1.33653,1.33655,1.00,1.00
2014.08.12 17:33:37.213,1.33653,1.33656,1.00,5.25
2014.08.12 17:33:37.836,1.33653,1.33655,1.00,1.00
2014.08.12 17:33:39.466,1.33653,1.33656,1.00,5.25
2014.08.12 17:33:40.045,1.33653,1.33655,1.00,1.00
2014.08.12 17:33:40.552,1.33653,1.33656,1.00,5.25
2014.08.12 17:33:41.056,1.33653,1.33655,1.00,1.00
2014.08.12 17:33:41.711,1.33653,1.33656,1.00,5.25
2014.08.12 17:33:42.243,1.33653,1.33655,1.00,1.00
2014.08.12 17:33:42.747,1.33653,1.33656,1.00,5.25
2014.08.12 17:33:43.297,1.33653,1.33655,2.25,1.00
2014.08.12 17:33:44.901,1.33653,1.33656,2.25,3.00
2014.08.12 17:33:45.414,1.33653,1.33655,2.25,1.00
2014.08.12 17:33:45.919,1.33653,1.33655,1.50,3.30
2014.08.12 17:33:46.868,1.33653,1.33655,1.50,3.30
2014.08.12 17:33:47.402,1.33653,1.33655,1.50,2.55
2014.08.12 17:33:49.054,1.33653,1.33655,1.50,2.55
2014.08.12 17:33:49.573,1.33653,1.33655,1.50,2.55
2014.08.12 17:33:50.107,1.33653,1.33655,1.50,3.15
2014.08.12 17:33:50.717,1.33653,1.33655,1.50,3.30
2014.08.12 17:33:51.230,1.33653,1.33655,1.50,2.40
2014.08.12 17:33:52.283,1.33653,1.33655,1.69,3.30
2014.08.12 17:33:55.018,1.33653,1.33655,1.50,3.49
2014.08.12 17:33:55.523,1.33652,1.33655,3.19,3.49
2014.08.12 17:33:57.196,1.33652,1.33655,4.24,3.30
2014.08.12 17:33:57.699,1.33652,1.33655,5.74,3.30
2014.08.12 17:33:57.851,1.33651,1.33653,9.38,1.00
2014.08.12 17:33:58.104,1.33652,1.33655,2.44,4.99
2014.08.12 17:33:58.608,1.33653,1.33655,1.00,2.74
2014.08.12 17:33:59.607,1.33653,1.33655,1.25,2.40
2014.08.12 17:34:00.227,1.33653,1.33655,1.25,2.55
2014.08.12 17:34:00.733,1.33653,1.33655,1.25,2.55
2014.08.12 17:34:01.443,1.33653,1.33655,1.25,2.55
2014.08.12 17:34:01.953,1.33653,1.33655,1.25,2.55
2014.08.12 17:34:02.717,1.33653,1.33655,1.25,2.55
2014.08.12 17:34:03.249,1.33653,1.33655,1.25,2.55
2014.08.12 17:34:03.761,1.33653,1.33655,1.25,2.93
2014.08.12 17:34:04.598,1.33653,1.33655,1.00,5.22
2014.08.12 17:34:05.144,1.33653,1.33655,1.00,5.37
2014.08.12 17:34:05.658,1.33653,1.33655,1.00,2.63
2014.08.12 17:34:12.987,1.33653,1.33656,3.94,2.44
2014.08.12 17:34:14.753,1.33653,1.33657,3.00,4.69
2014.08.12 17:34:15.772,1.33653,1.33657,3.19,6.50
2014.08.12 17:34:22.302,1.33653,1.33656,3.00,3.19
2014.08.12 17:34:23.329,1.33653,1.33656,3.19,3.19
2014.08.12 17:34:29.701,1.33653,1.33656,2.25,3.19
2014.08.12 17:34:32.595,1.33653,1.33657,1.50,11.82
2014.08.12 17:34:33.126,1.33654,1.33657,1.50,9.94
2014.08.12 17:34:33.227,1.33654,1.33655,1.50,1.50
2014.08.12 17:34:33.278,1.33652,1.33655,5.74,1.50
2014.08.12 17:34:45.043,1.33653,1.33655,1.00,1.00
2014.08.12 17:34:45.561,1.33653,1.33656,1.50,3.75
2014.08.12 17:34:48.237,1.33653,1.33656,1.00,3.94
2014.08.12 17:34:48.773,1.33652,1.33655,3.94,2.52
2014.08.12 17:34:49.333,1.33652,1.33655,5.44,1.50
2014.08.12 17:35:04.418,1.33654,1.33656,1.00,2.44
2014.08.12 17:35:04.934,1.33655,1.33656,1.00,1.25
2014.08.12 17:35:06.412,1.33655,1.33657,1.00,2.44
2014.08.12 17:35:08.148,1.33655,1.33657,1.00,3.19
2014.08.12 17:35:19.838,1.33654,1.33655,1.00,1.00
2014.08.12 17:35:20.369,1.33655,1.33656,1.00,2.44
2014.08.12 17:35:20.910,1.33654,1.33655,1.00,1.00
2014.08.12 17:35:23.109,1.33653,1.33655,1.25,1.50
2014.08.12 17:35:23.613,1.33652,1.33655,1.69,2.44
2014.08.12 17:35:43.619,1.33652,1.33655,2.52,3.00
2014.08.12 17:35:45.111,1.33652,1.33655,1.02,3.19
2014.08.12 17:35:49.837,1.33652,1.33655,2.52,3.75
2014.08.12 17:35:50.808,1.33652,1.33655,2.52,3.94
2014.08.12 17:35:51.981,1.33652,1.33655,3.94,3.75
2014.08.12 17:35:54.431,1.33652,1.33655,4.02,2.44
2014.08.12 17:35:56.647,1.33653,1.33655,1.00,2.44
2014.08.12 17:36:05.931,1.33654,1.33655,1.00,3.00
2014.08.12 17:36:06.479,1.33653,1.33655,1.50,2.44
2014.08.12 17:36:12.674,1.33654,1.33655,1.00,2.25
2014.08.12 17:36:23.205,1.33654,1.33656,1.00,3.57
2014.08.12 17:36:34.018,1.33654,1.33656,1.00,4.38
2014.08.12 17:36:52.907,1.33653,1.33655,2.44,1.00
2014.08.12 17:36:54.185,1.33653,1.33656,3.19,4.02
2014.08.12 17:36:55.568,1.33653,1.33655,3.19,1.00
2014.08.12 17:36:56.075,1.33653,1.33656,2.44,3.94
2014.08.12 17:36:57.034,1.33654,1.33656,1.00,1.69
2014.08.12 17:37:09.470,1.33653,1.33656,3.00,3.90
2014.08.12 17:37:09.988,1.33653,1.33655,1.50,1.50
2014.08.12 17:37:10.551,1.33653,1.33656,2.44,3.49
2014.08.12 17:37:51.769,1.33652,1.33656,9.75,2.32
2014.08.12 17:37:52.074,1.33645,1.33648,1.69,10.32
2014.08.12 17:37:52.226,1.33646,1.33648,3.00,1.69
2014.08.12 17:37:54.719,1.33647,1.33649,1.69,6.00
2014.08.12 17:37:54.820,1.33649,1.33652,4.94,4.50
2014.08.12 17:37:55.022,1.33651,1.33653,2.44,1.50
2014.08.12 17:37:55.527,1.33652,1.33653,1.00,1.50
2014.08.12 17:37:56.038,1.33651,1.33653,3.75,1.50
2014.08.12 17:37:56.570,1.33651,1.33652,3.75,1.00
2014.08.12 17:37:56.948,1.33649,1.33651,2.25,3.94
2014.08.12 17:37:57.050,1.33648,1.33651,2.25,5.44
2014.08.12 17:38:00.559,1.33649,1.33651,1.00,6.19
2014.08.12 17:38:01.981,1.3365,1.33651,5.25,1.50
2014.08.12 17:38:02.493,1.33651,1.33653,3.00,2.25
2014.08.12 17:38:03.004,1.33652,1.33653,1.50,2.25
2014.08.12 17:38:06.560,1.33651,1.33653,3.27,3.00
2014.08.12 17:38:09.207,1.3365,1.33651,5.25,1.50
2014.08.12 17:38:09.561,1.3365,1.33653,5.44,3.94
2014.08.12 17:38:10.081,1.33651,1.33653,1.00,2.44
2014.08.12 17:38:10.693,1.3365,1.33653,8.82,2.44
2014.08.12 17:38:18.203,1.33651,1.33653,1.00,3.94
2014.08.12 17:38:45.133,1.33651,1.33653,2.25,4.32
2014.08.12 17:38:45.675,1.3365,1.33652,2.25,2.44
2014.08.12 17:38:45.878,1.33647,1.3365,3.19,3.45
2014.08.12 17:38:46.384,1.33646,1.33649,1.25,3.94
2014.08.12 17:38:46.913,1.33646,1.33649,1.00,5.82
2014.08.12 17:38:49.755,1.33645,1.33648,6.94,1.25
2014.08.12 17:38:54.007,1.33646,1.33648,1.00,1.25
2014.08.12 17:38:54.512,1.33645,1.33648,7.99,1.25
2014.08.12 17:39:03.482,1.33645,1.33647,3.75,1.00
2014.08.12 17:39:03.987,1.33644,1.33647,1.50,6.19
2014.08.12 17:39:04.576,1.33643,1.33646,3.19,1.69
2014.08.12 17:39:06.826,1.33643,1.33645,3.75,1.00
2014.08.12 17:39:09.687,1.33643,1.33646,3.75,2.25
2014.08.12 17:39:10.194,1.33644,1.33646,1.00,1.69
2014.08.12 17:39:14.125,1.33643,1.33646,5.44,1.69
2014.08.12 17:39:26.301,1.33643,1.33645,3.19,1.50
2014.08.12 17:39:36.335,1.33643,1.33644,1.00,1.00
2014.08.12 17:39:36.840,1.33642,1.33644,1.47,1.50
2014.08.12 17:39:37.570,1.33643,1.33644,1.00,1.50
2014.08.12 17:39:40.384,1.33643,1.33645,1.00,4.69
2014.08.12 17:40:04.056,1.33643,1.33644,1.00,1.00
2014.08.12 17:40:06.009,1.33643,1.33645,1.00,3.19
2014.08.12 17:40:11.750,1.33643,1.33644,1.00,1.00
2014.08.12 17:40:19.385,1.33642,1.33644,1.50,1.50
2014.08.12 17:40:30.487,1.33641,1.33644,3.00,4.00
2014.08.12 17:40:31.003,1.33641,1.33643,1.69,4.00
2014.08.12 17:40:33.514,1.3364,1.33642,8.63,2.25
2014.08.12 17:40:34.019,1.3364,1.33642,11.97,1.00
2014.08.12 17:40:34.989,1.3364,1.33642,10.32,2.25
2014.08.12 17:40:35.769,1.3364,1.33641,9.38,1.00
2014.08.12 17:40:36.074,1.33639,1.3364,1.25,8.25
2014.08.12 17:40:37.295,1.33637,1.33639,4.69,1.00
2014.08.12 17:40:37.830,1.33637,1.3364,4.69,3.19
2014.08.12 17:40:53.650,1.33638,1.3364,1.00,1.50
2014.08.12 17:40:53.751,1.3364,1.33641,1.50,2.25
2014.08.12 17:40:54.256,1.33641,1.33643,1.50,1.00
2014.08.12 17:40:54.761,1.33641,1.33643,3.00,1.00
2014.08.12 17:41:03.305,1.33642,1.33644,1.00,3.19
2014.08.12 17:41:04.373,1.33642,1.33644,1.00,3.57
2014.08.12 17:41:06.892,1.33641,1.33643,5.25,3.10
2014.08.12 17:41:07.398,1.33641,1.33643,2.44,1.00
2014.08.12 17:41:13.371,1.33641,1.33643,2.44,1.00
2014.08.12 17:41:14.401,1.33641,1.33643,3.94,1.00
2014.08.12 17:41:15.897,1.33641,1.33643,1.25,1.00
2014.08.12 17:41:16.200,1.33641,1.33643,2.44,1.13
2014.08.12 17:41:19.120,1.33641,1.33643,2.44,1.13
2014.08.12 17:41:25.263,1.3364,1.33642,8.89,1.00
2014.08.12 17:41:25.809,1.33641,1.33643,1.50,2.07
2014.08.12 17:41:27.342,1.33641,1.33643,3.00,2.82
2014.08.12 17:41:35.078,1.3364,1.33643,14.97,4.57
2014.08.12 17:41:36.273,1.3364,1.33643,10.39,3.63
2014.08.12 17:41:36.778,1.3364,1.33643,4.50,8.48
2014.08.12 17:41:36.981,1.33641,1.33643,3.00,5.50
2014.08.12 17:41:39.846,1.3364,1.33642,7.39,1.00
2014.08.12 17:41:40.371,1.3364,1.33643,7.39,3.75
2014.08.12 17:41:40.876,1.3364,1.33643,8.14,3.57
2014.08.12 17:41:42.947,1.3364,1.33643,7.20,3.57
2014.08.12 17:41:44.091,1.3364,1.33643,7.92,3.57
2014.08.12 17:41:47.389,1.3364,1.33643,6.79,3.75
2014.08.12 17:41:48.589,1.3364,1.33643,11.14,3.57
2014.08.12 17:41:49.746,1.3364,1.33643,9.45,4.17
2014.08.12 17:41:51.102,1.3364,1.33643,10.39,2.25
2014.08.12 17:42:06.848,1.3364,1.33642,10.20,1.00
2014.08.12 17:42:16.295,1.3364,1.33642,11.14,1.00
2014.08.12 17:42:16.863,1.3364,1.33642,10.95,1.00
2014.08.12 17:42:17.168,1.3364,1.33643,11.14,4.13
2014.08.12 17:42:23.379,1.3364,1.33643,9.98,3.00
2014.08.12 17:42:24.415,1.3364,1.33643,18.27,3.00
2014.08.12 17:42:27.776,1.3364,1.33643,17.52,2.25
2014.08.12 17:42:28.289,1.3364,1.33643,10.92,2.25
2014.08.12 17:42:34.308,1.33642,1.33643,1.00,1.00
2014.08.12 17:42:36.819,1.33641,1.33643,3.19,1.00
2014.08.12 17:42:42.508,1.33641,1.33644,1.69,4.69
2014.08.12 17:42:50.188,1.33643,1.33645,2.85,6.00
2014.08.12 17:42:50.491,1.33646,1.33648,3.19,6.00
2014.08.12 17:42:51.805,1.33646,1.33648,1.69,1.50
2014.08.12 17:42:52.058,1.33647,1.33649,1.00,3.19
2014.08.12 17:42:52.588,1.33648,1.33649,1.50,3.19
2014.08.12 17:42:57.383,1.33647,1.33649,1.00,3.94
2014.08.12 17:42:57.687,1.33646,1.33648,3.19,1.00
2014.08.12 17:42:58.189,1.33647,1.33648,1.00,1.00
2014.08.12 17:42:58.890,1.33648,1.33649,1.00,1.69
2014.08.12 17:43:00.216,1.33647,1.33649,3.19,1.50
2014.08.12 17:43:00.730,1.33647,1.33648,1.25,1.00
2014.08.12 17:43:05.864,1.33647,1.3365,1.00,7.32
2014.08.12 17:43:07.890,1.33648,1.3365,1.50,7.32
2014.08.12 17:43:08.882,1.33648,1.3365,1.50,6.57
2014.08.12 17:43:10.918,1.33648,1.3365,1.50,7.32
2014.08.12 17:43:12.018,1.33646,1.33649,3.75,1.69
2014.08.12 17:43:12.120,1.33645,1.33648,5.63,5.85
2014.08.12 17:43:12.644,1.33646,1.33648,1.00,4.32
2014.08.12 17:43:13.681,1.33646,1.33648,1.50,3.19
2014.08.12 17:43:22.068,1.33645,1.33648,3.94,3.19
2014.08.12 17:43:22.674,1.33644,1.33648,5.40,4.54
2014.08.12 17:43:24.047,1.33644,1.33648,3.19,6.04
2014.08.12 17:43:27.285,1.33645,1.33647,1.50,1.25
2014.08.12 17:43:27.803,1.33645,1.33646,1.50,1.00
2014.08.12 17:43:28.309,1.33644,1.33646,1.50,1.00
2014.08.12 17:43:28.817,1.33645,1.33646,1.50,1.00
2014.08.12 17:43:36.421,1.33644,1.33646,1.00,1.25
2014.08.12 17:43:47.734,1.33645,1.33646,1.50,1.25
2014.08.12 17:43:53.736,1.33644,1.33646,3.75,1.25
2014.08.12 17:43:59.316,1.33645,1.33646,1.00,1.69
2014.08.12 17:44:00.436,1.33645,1.33646,1.00,1.00
2014.08.12 17:44:27.655,1.33646,1.33647,1.00,1.25
2014.08.12 17:45:00.357,1.33645,1.33647,3.00,1.50
2014.08.12 17:45:00.823,1.33646,1.33648,1.00,5.44
2014.08.12 17:45:03.433,1.33645,1.33647,1.50,2.44
2014.08.12 17:45:27.168,1.33645,1.33647,1.47,3.19
2014.08.12 17:45:29.308,1.33646,1.33647,1.50,2.44
2014.08.12 17:45:31.220,1.33645,1.33646,1.47,1.00
2014.08.12 17:45:34.923,1.33645,1.33646,2.97,1.00
2014.08.12 17:45:42.158,1.33644,1.33646,1.69,1.00
2014.08.12 17:45:45.513,1.33643,1.33646,3.00,1.00
2014.08.12 17:45:47.050,1.33645,1.33646,1.00,1.00
2014.08.12 17:45:51.285,1.33645,1.33647,1.00,3.19
2014.08.12 17:45:54.715,1.33645,1.33647,1.00,3.94
2014.08.12 17:45:55.692,1.33645,1.33647,1.00,3.94
2014.08.12 17:45:58.878,1.33645,1.33647,1.00,3.94
2014.08.12 17:46:04.017,1.33645,1.33647,1.50,2.44
2014.08.12 17:46:11.486,1.33643,1.33647,4.69,4.69
2014.08.12 17:46:12.219,1.33643,1.33646,3.19,1.50
2014.08.12 17:46:14.276,1.33643,1.33646,1.50,1.50
2014.08.12 17:46:16.511,1.33645,1.33646,1.00,1.50
2014.08.12 17:46:32.456,1.33644,1.33646,1.00,1.50
2014.08.12 17:46:53.194,1.33643,1.33646,2.44,2.44
2014.08.12 17:46:57.905,1.33643,1.33644,1.00,1.50
2014.08.12 17:46:59.746,1.33642,1.33644,4.69,1.50
2014.08.12 17:47:00.266,1.33643,1.33644,1.00,1.50
2014.08.12 17:47:00.795,1.33642,1.33644,4.69,1.50
2014.08.12 17:47:01.328,1.33643,1.33644,1.00,1.50
2014.08.12 17:47:04.505,1.33642,1.33644,4.69,1.50
2014.08.12 17:47:05.065,1.33643,1.33644,1.00,1.50
2014.08.12 17:47:05.597,1.33642,1.33644,4.69,1.50
2014.08.12 17:47:06.106,1.33643,1.33644,1.00,1.50
2014.08.12 17:47:07.533,1.33643,1.33645,1.25,1.50
2014.08.12 17:47:35.871,1.33642,1.33645,3.94,1.50
2014.08.12 17:47:36.418,1.33643,1.33644,1.25,1.00
2014.08.12 17:47:44.271,1.33643,1.33645,1.25,1.50
2014.08.12 17:47:47.315,1.33642,1.33645,4.69,1.50
2014.08.12 17:47:47.827,1.33643,1.33645,1.00,1.50
2014.08.12 17:47:48.338,1.33642,1.33645,3.94,1.50
2014.08.12 17:47:49.218,1.33643,1.33645,1.00,1.69
2014.08.12 17:47:49.831,1.33642,1.33645,3.94,1.69
2014.08.12 17:47:50.380,1.33643,1.33644,1.00,1.00
2014.08.12 17:47:50.791,1.33644,1.33646,1.00,1.25
2014.08.12 17:47:53.911,1.33644,1.33645,1.00,1.00
2014.08.12 17:48:19.623,1.33643,1.33645,2.44,1.00
2014.08.12 17:48:20.134,1.33644,1.33645,1.00,1.00
2014.08.12 17:48:25.550,1.33644,1.33646,1.00,1.50
2014.08.12 17:48:39.464,1.33644,1.33647,2.44,3.19
2014.08.12 17:49:04.822,1.33644,1.33647,1.50,7.69
2014.08.12 17:49:05.748,1.33645,1.33647,1.00,5.44
2014.08.12 17:49:08.615,1.33645,1.33647,1.00,4.69
2014.08.12 17:49:09.803,1.33645,1.33647,1.00,5.44
2014.08.12 17:49:13.363,1.33645,1.33647,1.00,4.69
2014.08.12 17:49:30.798,1.33644,1.33647,1.50,4.50
2014.08.12 17:49:56.874,1.33644,1.33646,1.69,1.00
2014.08.12 17:49:57.380,1.33643,1.33645,1.69,1.50
2014.08.12 17:49:57.894,1.33643,1.33646,3.19,4.02
2014.08.12 17:49:58.398,1.33643,1.33645,1.69,1.50
2014.08.12 17:50:27.714,1.33642,1.33645,2.44,4.02
2014.08.12 17:50:28.250,1.33643,1.33645,1.00,1.69
2014.08.12 17:50:58.094,1.33643,1.33646,2.25,4.69
2014.08.12 17:50:58.604,1.33643,1.33645,2.25,1.00
2014.08.12 17:51:01.214,1.33643,1.33646,2.44,3.19
2014.08.12 17:51:19.879,1.33643,1.33645,3.19,1.50
2014.08.12 17:51:23.688,1.33642,1.33645,1.69,3.00
2014.08.12 17:51:25.139,1.33642,1.33644,1.50,1.00
2014.08.12 17:51:26.422,1.33643,1.33644,1.50,1.50
2014.08.12 17:51:26.927,1.33643,1.33645,1.69,1.50
2014.08.12 17:51:51.792,1.33644,1.33645,1.50,1.50
2014.08.12 17:51:57.252,1.33644,1.33647,1.50,7.69
2014.08.12 17:51:58.172,1.33644,1.33647,1.69,6.19
2014.08.12 17:52:02.108,1.33644,1.33646,1.25,1.50
2014.08.12 17:52:02.639,1.33643,1.33645,2.25,2.63
2014.08.12 17:52:03.145,1.33643,1.33644,2.25,1.00
2014.08.12 17:52:04.598,1.33643,1.33645,2.50,2.44
2014.08.12 17:52:05.107,1.33644,1.33645,2.25,1.69
2014.08.12 17:52:06.847,1.33644,1.33646,2.50,4.50
2014.08.12 17:52:07.102,1.33645,1.33647,1.50,1.50
2014.08.12 17:52:07.607,1.33647,1.33649,1.50,5.44
2014.08.12 17:52:08.226,1.33647,1.33649,1.00,5.44
2014.08.12 17:52:08.732,1.33648,1.3365,1.50,10.80
2014.08.12 17:52:09.505,1.33648,1.3365,1.50,7.62
2014.08.12 17:52:18.716,1.33649,1.33651,2.50,6.75
2014.08.12 17:52:19.019,1.33652,1.33655,1.00,7.50
2014.08.12 17:52:19.223,1.33654,1.33656,2.25,1.69
2014.08.12 17:52:19.733,1.33655,1.33657,1.50,6.19
2014.08.12 17:52:20.341,1.33655,1.33657,1.50,3.94
2014.08.12 17:52:23.029,1.33656,1.33657,1.00,3.19
2014.08.12 17:52:23.539,1.33655,1.33657,2.25,2.44
2014.08.12 17:52:24.049,1.33656,1.33657,1.00,3.19
2014.08.12 17:52:24.970,1.33655,1.33657,1.50,3.19
2014.08.12 17:52:26.908,1.33656,1.33657,1.00,3.19
2014.08.12 17:52:27.637,1.33655,1.33657,3.00,2.44
2014.08.12 17:52:28.149,1.33656,1.33657,1.00,3.19
2014.08.12 17:52:28.715,1.33655,1.33657,3.00,2.44
2014.08.12 17:52:29.222,1.33655,1.33656,1.50,1.00
2014.08.12 17:52:29.615,1.33655,1.33658,1.00,6.19
2014.08.12 17:52:32.077,1.33655,1.33657,1.00,3.00
2014.08.12 17:52:32.584,1.33655,1.33657,1.00,3.00
2014.08.12 17:52:40.790,1.33655,1.33657,1.00,3.19
2014.08.12 17:52:41.399,1.33653,1.33655,1.50,1.00
2014.08.12 17:52:43.380,1.33654,1.33656,1.50,1.25
2014.08.12 17:52:43.927,1.33654,1.33656,1.00,1.25
2014.08.12 17:52:45.263,1.33654,1.33656,1.50,1.25
2014.08.12 17:52:45.776,1.33654,1.33656,1.50,2.44
2014.08.12 17:52:46.296,1.33655,1.33657,1.00,5.25
2014.08.12 17:52:49.504,1.33656,1.33658,1.00,3.75
2014.08.12 17:52:56.427,1.33656,1.33658,2.25,7.69
2014.08.12 17:53:02.548,1.33655,1.33656,2.25,1.00
2014.08.12 17:53:08.474,1.33655,1.33657,1.00,2.44
2014.08.12 17:53:17.691,1.33655,1.33656,1.00,1.25
2014.08.12 17:53:28.157,1.33654,1.33656,1.50,1.00
2014.08.12 17:53:28.410,1.33653,1.33656,3.19,1.00
2014.08.12 17:53:33.238,1.33654,1.33655,1.00,1.00
2014.08.12 17:53:33.833,1.33654,1.33657,1.50,5.44
2014.08.12 17:53:35.015,1.33653,1.33655,3.19,1.00
2014.08.12 17:53:35.524,1.33654,1.33655,1.50,1.00
2014.08.12 17:53:46.379,1.33654,1.33655,1.50,1.00
2014.08.12 17:53:46.429,1.3365,1.33654,24.60,5.25
2014.08.12 17:53:46.632,1.33648,1.33649,1.50,1.50
2014.08.12 17:53:47.137,1.33648,1.3365,1.50,4.13
2014.08.12 17:53:49.491,1.33649,1.33651,1.00,3.00
2014.08.12 17:53:49.995,1.33649,1.33651,2.25,1.19
2014.08.12 17:53:51.180,1.33649,1.33651,2.25,1.25
2014.08.12 17:53:57.580,1.33649,1.33651,2.25,2.44
2014.08.12 17:54:02.234,1.33649,1.33651,2.25,1.25
2014.08.12 17:54:04.787,1.33649,1.33651,1.50,3.19
2014.08.12 17:54:09.246,1.33648,1.33651,3.75,4.69
2014.08.12 17:54:10.932,1.33648,1.33651,3.00,3.94
2014.08.12 17:54:11.437,1.33648,1.3365,1.50,2.44
2014.08.12 17:54:22.372,1.33647,1.3365,2.44,2.44
2014.08.12 17:54:41.968,1.33648,1.3365,1.00,1.69
2014.08.12 17:54:46.712,1.33647,1.3365,1.69,3.19
2014.08.12 17:54:53.537,1.33646,1.33649,4.69,1.50
2014.08.12 17:54:54.059,1.33647,1.3365,1.69,6.19
2014.08.12 17:54:54.598,1.33647,1.3365,1.50,4.69
2014.08.12 17:54:56.476,1.33647,1.3365,1.69,3.94
2014.08.12 17:54:58.821,1.33646,1.33649,4.50,1.50
2014.08.12 17:54:59.338,1.33646,1.33648,3.00,1.50
2014.08.12 17:55:02.460,1.33647,1.3365,1.50,4.32
2014.08.12 17:55:08.369,1.33646,1.33649,4.69,1.50
2014.08.12 17:55:14.360,1.33646,1.33648,1.69,1.00
2014.08.12 17:55:18.486,1.33646,1.33649,3.19,3.19
2014.08.12 17:55:27.334,1.33646,1.33648,3.19,1.00
2014.08.12 17:55:28.144,1.33646,1.33647,2.44,1.00
2014.08.12 17:55:28.659,1.33646,1.33648,1.69,2.25
2014.08.12 17:55:29.239,1.33646,1.33647,2.44,1.00
2014.08.12 17:55:29.783,1.33646,1.33648,2.44,2.25
2014.08.12 17:55:30.296,1.33646,1.33647,2.44,1.00
2014.08.12 17:55:30.800,1.33646,1.33648,3.94,1.00
2014.08.12 17:55:32.033,1.33646,1.33649,3.94,3.19
2014.08.12 17:55:33.400,1.33646,1.33648,3.19,1.00
2014.08.12 17:55:35.357,1.33646,1.33649,3.94,3.94
2014.08.12 17:55:53.764,1.33647,1.33649,1.00,3.94
2014.08.12 17:55:54.268,1.33646,1.33649,2.44,3.75
2014.08.12 17:55:57.637,1.33646,1.33649,3.94,3.75
2014.08.12 17:56:00.597,1.33647,1.3365,1.69,6.19
2014.08.12 17:56:04.061,1.33647,1.33649,1.25,1.00
2014.08.12 17:56:09.546,1.33647,1.3365,1.69,6.19
2014.08.12 17:56:11.786,1.33646,1.33649,3.94,1.00
2014.08.12 17:56:14.493,1.33647,1.3365,1.25,5.44
2014.08.12 17:56:16.387,1.33647,1.33649,1.25,1.00
2014.08.12 17:56:17.618,1.33646,1.3365,4.69,4.69
2014.08.12 17:56:22.625,1.33646,1.33649,6.19,1.00
2014.08.12 17:56:24.036,1.33647,1.33648,1.25,1.50
2014.08.12 17:56:24.584,1.33646,1.33648,3.00,1.50
2014.08.12 17:56:26.819,1.33647,1.33648,1.50,1.00
2014.08.12 17:56:28.933,1.33646,1.33648,3.75,1.00
2014.08.12 17:56:29.938,1.33647,1.33648,1.00,1.00
2014.08.12 17:56:50.422,1.33646,1.33648,2.44,1.00
2014.08.12 17:56:50.624,1.33645,1.33647,2.44,1.00
2014.08.12 17:56:51.130,1.33645,1.33646,1.25,1.00
2014.08.12 17:56:51.646,1.33644,1.33646,3.19,1.00
2014.08.12 17:56:52.418,1.33644,1.33646,3.27,1.00
2014.08.12 17:56:52.926,1.33644,1.33647,3.19,3.19
2014.08.12 17:56:53.431,1.33644,1.33647,2.25,3.94
2014.08.12 17:56:55.468,1.33644,1.33645,2.25,1.00
2014.08.12 17:56:56.025,1.33644,1.33646,3.08,1.69
2014.08.12 17:56:58.557,1.33645,1.33646,1.00,1.00
2014.08.12 17:57:00.385,1.33644,1.33646,2.44,1.00
2014.08.12 17:57:00.899,1.33645,1.33646,1.00,1.00
2014.08.12 17:57:01.417,1.33644,1.33646,3.94,1.00
2014.08.12 17:57:01.927,1.33644,1.33646,3.94,1.00
2014.08.12 17:57:05.623,1.33645,1.33647,2.44,1.50
2014.08.12 17:57:09.688,1.33644,1.33647,3.19,3.19
2014.08.12 17:57:12.153,1.33645,1.33647,1.00,1.69
2014.08.12 17:57:12.355,1.33647,1.33648,1.00,1.25
2014.08.12 17:57:12.456,1.33647,1.3365,3.75,4.50
2014.08.12 17:57:15.238,1.33647,1.33649,4.69,1.00
2014.08.12 17:57:16.130,1.33647,1.3365,4.69,4.69
2014.08.12 17:57:16.635,1.33647,1.33649,4.69,1.00
2014.08.12 17:57:17.694,1.33647,1.3365,3.94,3.75
2014.08.12 17:57:18.199,1.33647,1.33649,3.94,1.00
2014.08.12 17:57:18.832,1.33647,1.3365,3.94,4.69
2014.08.12 17:57:19.344,1.33647,1.33649,3.94,1.00
2014.08.12 17:57:19.855,1.33647,1.3365,4.69,3.19
2014.08.12 17:57:20.373,1.33648,1.33651,1.50,5.44
2014.08.12 17:57:21.243,1.33649,1.33651,1.00,2.44
2014.08.12 17:57:21.344,1.3365,1.33651,1.00,1.00
2014.08.12 17:57:21.670,1.33654,1.33656,3.00,3.94
2014.08.12 17:57:21.823,1.33656,1.33658,3.25,6.38
2014.08.12 17:57:22.229,1.33657,1.33659,2.25,3.19
2014.08.12 17:57:22.735,1.33657,1.33659,3.00,2.44
2014.08.12 17:57:23.639,1.33657,1.33659,3.00,1.25
2014.08.12 17:57:24.295,1.33658,1.33659,1.00,1.25
2014.08.12 17:57:27.673,1.33657,1.33659,3.00,1.69
2014.08.12 17:57:29.003,1.33656,1.33659,2.44,5.44
2014.08.12 17:57:29.155,1.33656,1.33657,1.00,1.50
2014.08.12 17:57:29.694,1.33655,1.33657,1.50,2.44
2014.08.12 17:57:30.250,1.33655,1.33657,2.25,1.69
2014.08.12 17:57:31.262,1.33655,1.33657,2.25,1.25
2014.08.12 17:57:53.432,1.33655,1.33657,1.00,2.44
2014.08.12 17:57:59.888,1.33654,1.33656,3.94,1.00
2014.08.12 17:58:02.433,1.33656,1.33657,2.25,2.25
2014.08.12 17:58:02.946,1.33655,1.33657,1.25,2.50
2014.08.12 17:58:03.451,1.33655,1.33657,1.00,1.69
2014.08.12 17:58:04.018,1.33656,1.33657,1.00,1.69
2014.08.12 17:58:05.959,1.33655,1.33657,3.00,1.69
2014.08.12 17:58:07.380,1.33655,1.33657,1.50,3.94
2014.08.12 17:58:12.894,1.33656,1.33657,1.50,1.69
2014.08.12 17:58:13.421,1.33656,1.33657,2.25,2.44
2014.08.12 17:58:14.311,1.33655,1.33657,1.50,2.69
2014.08.12 17:58:14.821,1.33656,1.33657,1.50,1.50
2014.08.12 17:58:23.132,1.33656,1.33658,1.50,3.19
2014.08.12 17:58:27.794,1.33656,1.33657,1.50,1.50
2014.08.12 17:58:29.496,1.33655,1.33657,4.69,1.00
2014.08.12 17:58:30.115,1.33655,1.33658,5.07,1.69
2014.08.12 17:58:31.345,1.33656,1.33658,1.50,1.69
2014.08.12 17:58:31.849,1.33656,1.33659,4.69,3.49
2014.08.12 17:58:32.155,1.33657,1.33659,1.50,3.49
2014.08.12 17:58:32.717,1.33658,1.33659,1.69,1.00
2014.08.12 17:58:32.920,1.33663,1.33665,2.69,10.50
2014.08.12 17:58:33.175,1.33666,1.33668,1.00,1.50
2014.08.12 17:58:33.227,1.33667,1.33668,1.50,1.25
2014.08.12 17:58:33.783,1.33666,1.33668,1.58,1.00
2014.08.12 17:58:34.288,1.33667,1.33669,1.50,1.19
2014.08.12 17:58:35.200,1.33666,1.33668,3.19,1.00
2014.08.12 17:58:38.358,1.33667,1.33668,1.69,1.00
2014.08.12 17:58:41.776,1.33667,1.33669,1.69,1.50
2014.08.12 17:58:43.823,1.33669,1.3367,1.25,2.25
2014.08.12 17:58:43.975,1.3367,1.33673,1.69,9.27
2014.08.12 17:58:44.128,1.3367,1.33672,2.82,1.00
2014.08.12 17:58:44.330,1.3367,1.33673,6.72,6.00
2014.08.12 17:58:44.431,1.33673,1.33674,1.25,1.50
2014.08.12 17:58:44.734,1.33674,1.33677,5.44,2.25
2014.08.12 17:58:45.189,1.33674,1.33677,6.19,2.25
2014.08.12 17:58:47.504,1.33676,1.33678,1.00,3.19
2014.08.12 17:58:48.591,1.33675,1.33677,2.63,1.00
2014.08.12 17:58:49.731,1.33675,1.33676,3.19,1.00
2014.08.12 17:58:50.237,1.33675,1.33677,2.44,1.00
2014.08.12 17:58:50.743,1.33675,1.33677,2.82,1.00
2014.08.12 17:58:51.147,1.33674,1.33676,6.57,1.00
2014.08.12 17:58:55.563,1.33675,1.33676,1.00,1.00
2014.08.12 17:58:57.466,1.33674,1.33676,5.44,1.00
2014.08.12 17:59:00.169,1.33674,1.33677,5.44,2.44
2014.08.12 17:59:00.683,1.33675,1.33677,1.00,1.25
2014.08.12 17:59:08.495,1.33676,1.33677,1.00,1.00
2014.08.12 17:59:09.000,1.33675,1.33677,4.69,1.00
2014.08.12 17:59:13.669,1.33675,1.33676,2.82,1.00
2014.08.12 17:59:15.043,1.33674,1.33676,1.69,1.00
2014.08.12 17:59:15.548,1.33675,1.33676,1.50,1.00
2014.08.12 17:59:17.178,1.33674,1.33676,1.69,1.00
2014.08.12 17:59:21.138,1.33675,1.33676,1.00,1.00
2014.08.12 17:59:21.673,1.33674,1.33676,2.44,1.00
2014.08.12 17:59:24.178,1.33674,1.33676,3.57,1.00
2014.08.12 17:59:24.935,1.33675,1.33677,1.00,1.69
2014.08.12 17:59:25.036,1.33676,1.33677,1.50,1.69
2014.08.12 17:59:25.866,1.33675,1.33677,5.07,1.50
2014.08.12 17:59:26.371,1.33676,1.33677,1.25,1.50
2014.08.12 17:59:26.698,1.33674,1.33676,5.63,2.50
2014.08.12 17:59:26.800,1.33673,1.33675,2.44,6.75
2014.08.12 17:59:27.406,1.33674,1.33675,1.00,3.00
2014.08.12 17:59:27.558,1.33675,1.33677,3.94,1.50
2014.08.12 17:59:28.686,1.33675,1.33676,1.88,1.00
2014.08.12 17:59:30.171,1.33674,1.33676,2.63,1.00
2014.08.12 17:59:30.476,1.33672,1.33674,1.50,1.00
2014.08.12 17:59:30.779,1.33674,1.33677,1.69,3.94
2014.08.12 17:59:31.297,1.33675,1.33677,3.00,1.00
2014.08.12 17:59:32.609,1.33674,1.33676,2.25,2.10
2014.08.12 17:59:32.660,1.3367,1.33674,19.50,11.10
2014.08.12 17:59:33.001,1.33669,1.33671,1.00,2.44
2014.08.12 17:59:34.762,1.3367,1.33671,1.25,1.50
2014.08.12 17:59:34.813,1.33671,1.33673,1.00,3.19
2014.08.12 17:59:34.965,1.33672,1.33673,1.69,1.00
2014.08.12 17:59:35.016,1.33673,1.33675,1.00,3.94
2014.08.12 17:59:35.520,1.33674,1.33675,2.25,1.25
2014.08.12 17:59:36.025,1.33675,1.33677,1.50,1.69
2014.08.12 17:59:41.609,1.33675,1.33676,1.50,2.25
2014.08.12 17:59:45.397,1.33675,1.33678,3.00,6.94
2014.08.12 17:59:47.450,1.33674,1.33677,3.94,1.00
2014.08.12 17:59:48.877,1.33676,1.33678,3.00,1.25
2014.08.12 17:59:50.189,1.33674,1.33677,2.44,1.00
2014.08.12 17:59:51.278,1.33675,1.33676,1.69,1.00
2014.08.12 17:59:51.582,1.33676,1.33679,4.83,3.00
2014.08.12 17:59:53.018,1.33676,1.33678,3.19,1.00
2014.08.12 17:59:57.774,1.33676,1.33678,3.00,1.50
2014.08.12 17:59:58.605,1.33676,1.33678,5.44,1.00
2014.08.12 17:59:59.992,1.33677,1.3368,1.69,3.38
