2011.09.21 21:00:00.308,1.35714,1.35736,0.45,0.45
2011.09.21 21:00:00.424,1.3572,1.35736,0.45,0.45
2011.09.21 21:00:00.534,1.35722,1.35744,0.45,0.45
2011.09.21 21:00:03.513,1.35722,1.35733,0.45,0.45
2011.09.21 21:00:03.733,1.3571,1.35731,0.75,0.45
2011.09.21 21:00:05.325,1.3571,1.35724,0.75,0.45
2011.09.21 21:00:05.654,1.35709,1.35722,0.75,0.45
2011.09.21 21:00:08.634,1.35709,1.35716,0.75,0.45
2011.09.21 21:00:08.743,1.35699,1.35716,0.75,0.45
2011.09.21 21:00:08.963,1.35697,1.35716,0.60,0.45
2011.09.21 21:00:09.520,1.35697,1.35711,0.60,0.45
2011.09.21 21:00:10.744,1.35699,1.35706,0.75,0.45
2011.09.21 21:00:14.492,1.35681,1.35722,0.75,0.45
2011.09.21 21:00:21.033,1.35694,1.35708,0.30,0.45
2011.09.21 21:00:24.593,1.35675,1.35725,0.75,0.45
2011.09.21 21:00:24.812,1.35674,1.35724,0.75,0.45
2011.09.21 21:00:25.033,1.3567,1.35726,0.75,0.45
2011.09.21 21:00:28.233,1.35691,1.35703,0.30,0.75
2011.09.21 21:00:28.783,1.35688,1.35704,0.30,0.30
2011.09.21 21:00:30.214,1.3569,1.357,0.75,0.75
2011.09.21 21:00:30.761,1.35668,1.3572,0.45,0.45
2011.09.21 21:00:30.876,1.35665,1.3572,0.45,0.45
2011.09.21 21:00:30.992,1.35664,1.35719,0.45,0.45
2011.09.21 21:00:31.101,1.35662,1.35718,0.30,0.45
2011.09.21 21:00:31.321,1.35685,1.35693,0.75,0.45
2011.09.21 21:00:32.542,1.35677,1.35699,0.30,0.45
2011.09.21 21:00:32.872,1.35679,1.35695,0.30,0.30
2011.09.21 21:00:35.262,1.35679,1.35693,0.75,0.30
2011.09.21 21:00:35.592,1.35686,1.35692,0.45,0.45
2011.09.21 21:00:35.701,1.35686,1.35693,0.45,0.45
2011.09.21 21:00:37.016,1.3567,1.35707,0.45,0.75
2011.09.21 21:00:39.281,1.35683,1.35692,0.45,0.45
2011.09.21 21:00:39.392,1.35674,1.35698,1.20,0.45
2011.09.21 21:00:39.501,1.35674,1.35696,0.45,0.45
2011.09.21 21:00:39.831,1.35676,1.35692,0.30,0.30
2011.09.21 21:00:48.191,1.35676,1.35689,0.45,0.30
2011.09.21 21:00:50.802,1.35674,1.35689,0.45,0.30
2011.09.21 21:00:55.974,1.35674,1.35687,0.45,0.30
2011.09.21 21:00:58.881,1.35675,1.35685,0.45,0.30
2011.09.21 21:01:02.110,1.35677,1.35681,0.45,0.30
2011.09.21 21:01:02.221,1.35671,1.35685,0.45,0.30
2011.09.21 21:01:08.638,1.35671,1.35684,0.45,0.75
2011.09.21 21:01:08.753,1.35668,1.35684,0.30,0.30
2011.09.21 21:01:10.230,1.35668,1.35682,0.45,0.30
2011.09.21 21:01:11.861,1.35668,1.3568,0.45,0.30
2011.09.21 21:01:13.711,1.35666,1.3568,0.45,0.30
2011.09.21 21:01:20.801,1.35666,1.35678,0.45,0.30
2011.09.21 21:01:21.021,1.35663,1.35679,0.75,0.30
2011.09.21 21:01:23.024,1.35662,1.35678,0.45,0.30
2011.09.21 21:01:28.142,1.35664,1.35673,0.45,0.30
2011.09.21 21:01:28.251,1.35658,1.35677,0.45,0.30
2011.09.21 21:01:28.546,1.35656,1.35677,0.45,0.30
2011.09.21 21:01:28.661,1.35654,1.35677,0.75,0.30
2011.09.21 21:01:30.201,1.35654,1.35675,0.30,0.30
2011.09.21 21:01:40.741,1.35651,1.35676,0.75,0.30
2011.09.21 21:01:43.171,1.3565,1.35675,0.30,0.75
2011.09.21 21:01:43.282,1.35653,1.35669,0.30,0.30
2011.09.21 21:01:56.260,1.3565,1.3567,0.30,0.30
2011.09.21 21:01:59.751,1.3565,1.35668,0.45,0.30
2011.09.21 21:02:02.378,1.35648,1.35668,0.30,0.30
2011.09.21 21:02:02.711,1.35649,1.35665,0.30,0.30
2011.09.21 21:02:05.801,1.35647,1.35664,0.30,0.30
2011.09.21 21:02:06.131,1.35649,1.3566,0.45,0.30
2011.09.21 21:02:06.241,1.35647,1.35661,0.45,0.30
2011.09.21 21:02:07.143,1.35645,1.35661,0.45,0.30
2011.09.21 21:02:15.951,1.35647,1.35658,0.30,0.30
2011.09.21 21:02:16.281,1.35644,1.35659,0.45,0.30
2011.09.21 21:02:16.893,1.35644,1.35657,0.45,0.30
2011.09.21 21:02:17.223,1.35634,1.35653,0.45,0.30
2011.09.21 21:02:17.441,1.35632,1.35653,0.45,0.30
2011.09.21 21:02:23.034,1.35632,1.35652,0.45,0.75
2011.09.21 21:02:24.693,1.35632,1.35653,0.45,0.30
2011.09.21 21:02:32.171,1.35634,1.35653,0.45,0.30
2011.09.21 21:02:32.503,1.35636,1.35653,0.45,0.30
2011.09.21 21:02:32.814,1.35639,1.35653,0.45,0.30
2011.09.21 21:02:33.616,1.35641,1.35653,0.45,0.30
2011.09.21 21:02:34.494,1.35639,1.35653,0.45,0.30
2011.09.21 21:02:34.607,1.35645,1.35653,0.45,0.30
2011.09.21 21:02:34.724,1.35647,1.35662,0.45,0.30
2011.09.21 21:02:35.654,1.35649,1.35662,0.45,0.30
2011.09.21 21:02:35.983,1.35653,1.35662,0.45,0.30
2011.09.21 21:02:36.204,1.35653,1.35672,0.45,0.30
2011.09.21 21:02:39.436,1.35651,1.35663,0.45,0.45
2011.09.21 21:02:39.544,1.35641,1.35662,0.45,0.75
2011.09.21 21:02:39.764,1.35641,1.35653,0.45,0.30
2011.09.21 21:02:41.966,1.35642,1.35654,0.45,0.45
2011.09.21 21:02:42.185,1.35639,1.35659,0.45,0.30
2011.09.21 21:02:49.494,1.35639,1.35661,0.90,0.75
2011.09.21 21:02:59.043,1.35643,1.35659,0.45,0.30
2011.09.21 21:02:59.266,1.35641,1.35663,0.45,0.45
2011.09.21 21:03:04.473,1.35642,1.35664,0.45,0.45
2011.09.21 21:03:05.473,1.35643,1.35665,0.45,0.45
2011.09.21 21:03:06.734,1.35645,1.35664,0.45,0.45
2011.09.21 21:03:06.844,1.35645,1.35667,0.45,0.45
2011.09.21 21:03:08.423,1.35646,1.35668,0.45,0.45
2011.09.21 21:03:09.894,1.35647,1.35669,0.45,4.20
2011.09.21 21:03:14.134,1.35649,1.35669,0.45,1.05
2011.09.21 21:03:17.775,1.35651,1.35669,0.45,0.30
2011.09.21 21:03:19.004,1.35653,1.35669,0.45,0.30
2011.09.21 21:03:19.883,1.35653,1.35671,0.90,0.30
2011.09.21 21:03:20.323,1.35655,1.35671,0.45,0.30
2011.09.21 21:03:20.665,1.35655,1.35673,0.45,0.30
2011.09.21 21:03:20.994,1.35655,1.35676,0.45,0.30
2011.09.21 21:03:21.214,1.35662,1.35669,0.45,0.75
2011.09.21 21:03:21.436,1.35657,1.35666,0.30,4.20
2011.09.21 21:03:21.545,1.35657,1.3567,0.30,0.45
2011.09.21 21:03:21.654,1.35659,1.35681,0.45,4.20
2011.09.21 21:03:21.873,1.35657,1.35679,0.90,0.45
2011.09.21 21:03:24.863,1.3566,1.35681,0.45,3.75
2011.09.21 21:03:30.744,1.35664,1.35683,0.45,0.30
2011.09.21 21:03:52.445,1.35666,1.35683,0.45,0.30
2011.09.21 21:03:53.444,1.35668,1.35683,0.45,0.30
2011.09.21 21:03:59.634,1.35666,1.35673,0.45,0.45
2011.09.21 21:03:59.964,1.35665,1.35672,0.75,0.30
2011.09.21 21:04:00.139,1.35661,1.35673,0.45,0.30
2011.09.21 21:04:00.704,1.35662,1.35673,0.45,0.45
2011.09.21 21:04:00.817,1.35664,1.35677,0.45,0.75
2011.09.21 21:04:00.934,1.35664,1.35683,0.45,0.30
2011.09.21 21:04:26.154,1.35669,1.35683,0.45,0.30
2011.09.21 21:04:30.055,1.35678,1.35683,0.45,0.30
2011.09.21 21:04:30.273,1.35671,1.35693,0.45,0.45
2011.09.21 21:04:30.603,1.35672,1.35694,0.45,0.45
2011.09.21 21:04:30.924,1.35673,1.35695,0.45,0.45
2011.09.21 21:04:31.810,1.3568,1.35684,0.45,0.75
2011.09.21 21:04:31.925,1.35674,1.35688,0.30,0.45
2011.09.21 21:04:32.034,1.35667,1.35681,0.30,0.45
2011.09.21 21:04:32.145,1.35667,1.35679,0.30,0.45
2011.09.21 21:04:32.254,1.35664,1.3568,0.75,0.30
2011.09.21 21:04:37.279,1.35667,1.35679,0.30,0.45
2011.09.21 21:04:37.399,1.35664,1.35685,0.45,0.30
2011.09.21 21:04:38.304,1.35665,1.35687,0.45,0.45
2011.09.21 21:04:39.484,1.35666,1.35688,0.45,0.75
2011.09.21 21:04:41.463,1.35681,1.35685,0.45,0.75
2011.09.21 21:04:41.794,1.35675,1.35689,0.75,0.30
2011.09.21 21:04:47.014,1.35675,1.35687,0.75,0.30
2011.09.21 21:04:48.225,1.35675,1.35685,0.45,0.45
2011.09.21 21:04:48.336,1.35669,1.35692,0.45,0.75
2011.09.21 21:04:48.556,1.35669,1.357,0.45,0.45
2011.09.21 21:04:50.204,1.35674,1.357,0.45,0.90
2011.09.21 21:04:50.558,1.35681,1.35703,0.45,0.45
2011.09.21 21:04:51.847,1.35679,1.35701,0.45,0.45
2011.09.21 21:04:52.738,1.35679,1.35699,0.45,0.45
2011.09.21 21:04:52.854,1.35675,1.35697,0.45,0.45
2011.09.21 21:04:53.076,1.3567,1.35692,0.45,0.45
2011.09.21 21:04:54.824,1.3567,1.35691,0.45,0.45
2011.09.21 21:04:55.215,1.35675,1.35683,0.75,0.75
2011.09.21 21:04:55.326,1.35673,1.35683,0.30,0.75
2011.09.21 21:04:56.307,1.35674,1.3568,0.45,1.20
2011.09.21 21:04:56.418,1.3567,1.35682,0.79,0.45
2011.09.21 21:04:56.536,1.35665,1.35685,0.45,0.45
2011.09.21 21:04:56.643,1.35658,1.35689,0.45,0.30
2011.09.21 21:04:56.753,1.35651,1.35694,0.45,0.45
2011.09.21 21:04:58.865,1.3565,1.35692,0.45,0.45
2011.09.21 21:05:01.975,1.35647,1.35687,0.45,0.45
2011.09.21 21:05:02.341,1.35649,1.35688,0.45,0.45
2011.09.21 21:05:02.676,1.35664,1.35686,0.90,0.45
2011.09.21 21:05:03.006,1.35668,1.3569,0.45,0.45
2011.09.21 21:05:04.087,1.35668,1.35689,0.45,0.45
2011.09.21 21:05:04.205,1.35665,1.35687,0.45,0.45
2011.09.21 21:05:05.226,1.35659,1.35686,0.45,0.45
2011.09.21 21:05:05.445,1.35652,1.35684,0.45,0.45
2011.09.21 21:05:05.758,1.35665,1.35684,0.19,0.45
2011.09.21 21:05:05.985,1.35665,1.35686,0.19,0.45
2011.09.21 21:05:08.195,1.35665,1.35687,0.19,0.45
2011.09.21 21:05:08.905,1.35665,1.3569,0.19,0.45
2011.09.21 21:05:09.125,1.35665,1.35687,0.64,0.45
2011.09.21 21:05:09.456,1.35668,1.3569,0.45,0.45
2011.09.21 21:05:09.786,1.35674,1.35682,0.56,0.75
2011.09.21 21:05:09.895,1.35669,1.35685,0.60,0.75
2011.09.21 21:05:10.007,1.35672,1.35679,0.75,0.30
2011.09.21 21:05:11.597,1.35668,1.35681,0.68,0.30
2011.09.21 21:05:11.816,1.35665,1.35682,0.75,0.30
2011.09.21 21:05:11.924,1.35665,1.3568,0.75,0.45
2011.09.21 21:05:12.286,1.35664,1.35679,0.75,0.90
2011.09.21 21:05:12.855,1.35662,1.35678,0.75,0.45
2011.09.21 21:05:13.076,1.35666,1.35672,0.42,0.30
2011.09.21 21:05:13.296,1.35661,1.35675,0.75,0.38
2011.09.21 21:05:13.624,1.35659,1.35675,0.75,0.38
2011.09.21 21:05:15.639,1.35658,1.35673,0.75,0.45
2011.09.21 21:05:15.764,1.35658,1.35671,0.38,0.30
2011.09.21 21:05:16.895,1.35657,1.35669,0.60,0.30
2011.09.21 21:05:17.228,1.35658,1.35666,0.45,0.30
2011.09.21 21:05:17.346,1.35647,1.35669,0.30,0.45
2011.09.21 21:05:17.969,1.35648,1.35669,0.75,0.45
2011.09.21 21:05:18.195,1.35647,1.35665,0.30,0.45
2011.09.21 21:05:23.816,1.35647,1.35665,1.88,0.38
2011.09.21 21:05:24.385,1.35648,1.35665,0.75,0.38
2011.09.21 21:05:26.915,1.3565,1.35665,0.60,0.38
2011.09.21 21:05:27.245,1.35657,1.35669,0.30,0.45
2011.09.21 21:05:27.577,1.35657,1.35665,0.30,0.38
2011.09.21 21:05:27.971,1.35648,1.35665,0.83,0.38
2011.09.21 21:05:28.525,1.35648,1.35664,0.75,0.83
2011.09.21 21:05:28.747,1.35647,1.35667,1.05,0.45
2011.09.21 21:05:28.858,1.35658,1.35667,0.60,0.45
2011.09.21 21:05:28.976,1.35658,1.35673,0.60,0.30
2011.09.21 21:05:29.085,1.35666,1.35673,0.12,0.30
2011.09.21 21:05:29.306,1.35659,1.35682,0.45,0.45
2011.09.21 21:05:29.526,1.35666,1.35687,1.17,0.45
2011.09.21 21:05:29.858,1.35668,1.35682,0.30,0.45
2011.09.21 21:05:30.086,1.35666,1.35682,0.30,0.45
2011.09.21 21:05:32.536,1.3567,1.35676,0.45,0.30
2011.09.21 21:05:32.866,1.35663,1.35681,0.38,0.38
2011.09.21 21:05:32.975,1.35664,1.35679,0.45,0.38
2011.09.21 21:05:33.086,1.35662,1.35679,0.45,0.38
2011.09.21 21:05:33.700,1.35661,1.35677,0.75,0.38
2011.09.21 21:05:33.817,1.3566,1.35675,0.45,0.38
2011.09.21 21:05:34.036,1.35657,1.35675,0.83,0.38
2011.09.21 21:05:34.146,1.35654,1.35668,0.75,0.38
2011.09.21 21:05:35.307,1.35654,1.35667,0.75,0.38
2011.09.21 21:05:35.801,1.35657,1.35661,0.38,0.30
2011.09.21 21:05:36.146,1.3565,1.35657,0.45,0.38
2011.09.21 21:05:36.255,1.3565,1.35657,0.45,0.38
2011.09.21 21:05:36.366,1.35648,1.35657,0.45,0.38
2011.09.21 21:05:36.585,1.35646,1.35657,0.45,0.38
2011.09.21 21:05:37.209,1.35646,1.35668,0.50,0.45
2011.09.21 21:05:37.331,1.35655,1.35661,0.45,0.30
2011.09.21 21:05:37.715,1.35648,1.3567,0.45,0.45
2011.09.21 21:05:38.346,1.35649,1.35671,0.45,0.45
2011.09.21 21:05:38.456,1.3565,1.35673,0.30,0.45
2011.09.21 21:05:38.678,1.35648,1.35661,0.45,0.45
2011.09.21 21:05:38.798,1.3564,1.35655,0.75,0.45
2011.09.21 21:05:39.027,1.35637,1.35656,0.30,0.45
2011.09.21 21:05:39.247,1.35637,1.35658,0.30,0.45
2011.09.21 21:05:39.366,1.35637,1.35658,0.30,0.75
2011.09.21 21:05:40.332,1.35645,1.35653,0.45,0.53
2011.09.21 21:05:40.666,1.35646,1.35655,0.45,0.45
2011.09.21 21:05:40.777,1.35647,1.35656,0.45,0.45
2011.09.21 21:05:40.896,1.35637,1.35668,0.45,0.45
2011.09.21 21:05:41.005,1.35638,1.3567,0.45,0.45
2011.09.21 21:05:42.197,1.35643,1.35667,0.45,0.75
2011.09.21 21:05:42.527,1.35645,1.35667,0.45,0.45
2011.09.21 21:05:42.990,1.35652,1.35669,1.20,0.38
2011.09.21 21:05:44.690,1.35652,1.3567,1.13,0.38
2011.09.21 21:05:45.269,1.35653,1.35671,0.30,0.45
2011.09.21 21:05:45.498,1.35653,1.35673,0.30,0.45
2011.09.21 21:05:47.720,1.35659,1.35668,0.30,0.45
2011.09.21 21:05:47.840,1.35659,1.35671,0.79,0.75
2011.09.21 21:05:47.958,1.35657,1.35676,0.45,0.75
2011.09.21 21:05:48.187,1.35664,1.35675,0.45,0.45
2011.09.21 21:05:48.307,1.35658,1.35679,0.45,0.45
2011.09.21 21:05:49.596,1.35657,1.35678,0.45,0.45
2011.09.21 21:05:50.100,1.35654,1.35672,0.75,0.45
2011.09.21 21:05:50.658,1.35666,1.35672,0.38,0.45
2011.09.21 21:05:50.778,1.35667,1.35679,0.30,0.45
2011.09.21 21:05:50.899,1.35667,1.35683,0.30,0.30
2011.09.21 21:05:52.678,1.35667,1.35677,0.30,0.38
2011.09.21 21:05:53.017,1.35667,1.35674,0.30,0.45
2011.09.21 21:05:53.246,1.35659,1.35674,0.38,0.45
2011.09.21 21:05:53.470,1.35652,1.35674,0.45,0.45
2011.09.21 21:05:53.698,1.35648,1.35679,0.45,1.20
2011.09.21 21:05:54.456,1.35648,1.3568,0.45,0.45
2011.09.21 21:05:55.068,1.35656,1.35678,0.45,0.45
2011.09.21 21:05:55.407,1.35651,1.35669,0.75,0.45
2011.09.21 21:05:55.645,1.35651,1.35671,0.75,0.90
2011.09.21 21:05:56.164,1.3565,1.35671,0.75,0.45
2011.09.21 21:05:56.726,1.35649,1.35671,0.45,0.45
2011.09.21 21:05:57.946,1.35651,1.35673,0.45,1.20
2011.09.21 21:05:59.466,1.35655,1.35673,0.38,1.58
2011.09.21 21:05:59.872,1.35655,1.35671,0.38,0.45
2011.09.21 21:06:00.209,1.35654,1.3567,0.30,0.38
2011.09.21 21:06:00.327,1.35652,1.3567,0.38,0.38
2011.09.21 21:06:00.877,1.35653,1.35665,0.38,0.45
2011.09.21 21:06:00.997,1.35653,1.35667,0.38,0.45
2011.09.21 21:06:01.448,1.35653,1.35671,0.38,0.83
2011.09.21 21:06:01.569,1.35655,1.35671,0.38,0.45
2011.09.21 21:06:01.688,1.35655,1.35673,0.38,0.68
2011.09.21 21:06:03.906,1.35656,1.35673,0.38,0.30
2011.09.21 21:06:05.297,1.35655,1.35673,0.45,0.30
2011.09.21 21:06:05.854,1.35659,1.35681,0.45,0.45
2011.09.21 21:06:08.893,1.35657,1.35678,0.45,0.75
2011.09.21 21:06:09.232,1.35657,1.35675,0.38,0.38
2011.09.21 21:06:09.567,1.35654,1.35669,0.45,0.38
2011.09.21 21:06:09.688,1.35652,1.35669,0.45,0.38
2011.09.21 21:06:10.247,1.35651,1.35668,0.75,0.38
2011.09.21 21:06:10.817,1.3565,1.35667,0.38,0.45
2011.09.21 21:06:11.266,1.35648,1.35666,0.38,0.38
2011.09.21 21:06:18.496,1.35649,1.35667,1.13,0.83
2011.09.21 21:06:19.013,1.3565,1.35667,0.45,0.38
2011.09.21 21:06:19.617,1.35649,1.35667,1.13,0.38
2011.09.21 21:06:19.947,1.35648,1.35669,0.45,0.75
2011.09.21 21:06:20.068,1.35647,1.35659,0.30,0.45
2011.09.21 21:06:20.300,1.35644,1.35659,0.30,0.30
2011.09.21 21:06:22.361,1.35638,1.35662,0.45,0.45
2011.09.21 21:06:22.587,1.35638,1.3566,0.45,0.45
2011.09.21 21:06:24.057,1.35639,1.35657,0.38,0.38
2011.09.21 21:06:24.387,1.35634,1.3565,0.45,0.38
2011.09.21 21:06:25.116,1.35634,1.35651,0.45,0.38
2011.09.21 21:06:25.566,1.3564,1.35653,0.45,0.30
2011.09.21 21:06:25.790,1.35637,1.35659,0.45,0.45
2011.09.21 21:06:26.020,1.35646,1.35664,0.45,0.38
2011.09.21 21:06:26.575,1.35647,1.35664,0.45,0.38
2011.09.21 21:06:27.256,1.35647,1.35665,0.83,0.38
2011.09.21 21:06:27.818,1.35648,1.35666,0.38,0.38
2011.09.21 21:06:28.376,1.35649,1.35666,0.45,0.38
2011.09.21 21:06:29.636,1.35649,1.35667,0.83,0.38
2011.09.21 21:06:29.747,1.35651,1.35669,0.38,0.38
2011.09.21 21:06:29.859,1.35651,1.35671,0.45,0.30
2011.09.21 21:06:30.311,1.35655,1.35677,0.45,0.45
2011.09.21 21:06:31.536,1.35657,1.35675,0.38,0.38
2011.09.21 21:06:31.867,1.35659,1.35675,0.45,0.38
2011.09.21 21:06:32.206,1.35657,1.35675,0.83,0.38
2011.09.21 21:06:32.570,1.35657,1.35666,0.45,0.38
2011.09.21 21:06:32.799,1.35648,1.35663,0.38,0.30
2011.09.21 21:06:33.717,1.35649,1.35663,0.38,0.30
2011.09.21 21:06:37.857,1.35647,1.35663,1.13,0.30
2011.09.21 21:06:39.387,1.35645,1.35663,0.38,1.73
2011.09.21 21:06:41.336,1.35647,1.35663,0.38,0.75
2011.09.21 21:06:46.978,1.35649,1.35663,0.38,0.30
2011.09.21 21:06:47.317,1.35655,1.35668,0.38,0.45
2011.09.21 21:06:47.548,1.35655,1.35673,0.83,0.38
2011.09.21 21:06:47.777,1.35655,1.35676,0.45,0.60
2011.09.21 21:06:48.007,1.35649,1.35671,0.45,0.45
2011.09.21 21:06:48.339,1.35647,1.35669,0.45,0.45
2011.09.21 21:06:49.247,1.35653,1.35675,0.45,0.45
2011.09.21 21:06:52.166,1.35651,1.35673,0.45,0.45
2011.09.21 21:06:57.040,1.35651,1.3567,0.45,0.75
2011.09.21 21:06:57.377,1.35652,1.35667,0.45,0.30
2011.09.21 21:06:58.860,1.35651,1.35666,4.05,0.30
2011.09.21 21:07:00.358,1.35651,1.35664,4.05,0.45
2011.09.21 21:07:00.696,1.35655,1.35659,0.45,1.50
2011.09.21 21:07:00.918,1.35654,1.35658,3.00,0.38
2011.09.21 21:07:03.328,1.35652,1.35657,3.00,0.30
2011.09.21 21:07:03.455,1.35648,1.35658,3.05,0.68
2011.09.21 21:07:03.570,1.35647,1.35656,0.45,0.68
2011.09.21 21:07:03.691,1.35645,1.35656,0.90,0.68
2011.09.21 21:07:03.806,1.35644,1.35654,0.45,0.30
2011.09.21 21:07:04.899,1.35643,1.35653,0.45,0.30
2011.09.21 21:07:05.017,1.35641,1.35653,3.75,0.30
2011.09.21 21:07:05.131,1.3564,1.35651,0.45,0.38
2011.09.21 21:07:05.247,1.3564,1.35649,0.45,0.45
2011.09.21 21:07:05.356,1.35639,1.35648,0.45,0.45
2011.09.21 21:07:05.466,1.35638,1.35647,0.45,0.45
2011.09.21 21:07:05.577,1.35636,1.35647,3.75,0.45
2011.09.21 21:07:06.166,1.35629,1.3564,0.45,0.30
2011.09.21 21:07:08.009,1.35628,1.35635,1.50,0.30
2011.09.21 21:07:08.129,1.35628,1.35633,1.50,0.38
2011.09.21 21:07:08.250,1.35619,1.35632,0.87,0.60
2011.09.21 21:07:08.369,1.3562,1.35633,0.38,0.30
2011.09.21 21:07:08.926,1.35619,1.35633,0.38,0.30
2011.09.21 21:07:09.896,1.3562,1.35633,0.38,0.30
2011.09.21 21:07:10.007,1.3562,1.35633,0.38,0.30
2011.09.21 21:07:10.494,1.35617,1.35633,1.13,0.30
2011.09.21 21:07:10.858,1.3562,1.35633,0.30,0.30
2011.09.21 21:07:13.678,1.35623,1.35633,0.38,0.30
2011.09.21 21:07:14.031,1.35623,1.35634,0.45,0.45
2011.09.21 21:07:14.152,1.35629,1.35641,0.75,1.50
2011.09.21 21:07:14.608,1.35618,1.35653,0.75,0.60
2011.09.21 21:07:14.728,1.35625,1.35647,2.25,0.45
2011.09.21 21:07:15.070,1.35622,1.35639,0.75,0.38
2011.09.21 21:07:15.405,1.35624,1.35638,0.30,0.83
2011.09.21 21:07:16.408,1.35624,1.35631,0.30,0.38
2011.09.21 21:07:16.746,1.35622,1.35631,0.75,0.38
2011.09.21 21:07:20.868,1.35622,1.35633,0.75,0.30
2011.09.21 21:07:25.738,1.35621,1.35636,0.45,1.73
2011.09.21 21:07:25.848,1.35623,1.35636,0.45,0.75
2011.09.21 21:07:25.967,1.35622,1.35639,0.75,0.75
2011.09.21 21:07:26.479,1.35621,1.35642,0.75,0.45
2011.09.21 21:07:28.818,1.35623,1.35642,0.75,0.45
2011.09.21 21:07:28.937,1.35623,1.35645,0.45,0.45
2011.09.21 21:07:31.357,1.35624,1.35646,0.45,0.45
2011.09.21 21:07:31.688,1.35627,1.35646,0.75,0.45
2011.09.21 21:07:32.028,1.35631,1.35644,0.38,0.45
2011.09.21 21:07:33.299,1.35634,1.35644,0.38,0.45
2011.09.21 21:07:33.417,1.35635,1.35646,0.38,0.45
2011.09.21 21:07:34.290,1.35635,1.35649,0.38,0.45
2011.09.21 21:07:34.518,1.35641,1.35653,0.38,0.45
2011.09.21 21:07:34.858,1.35636,1.3565,0.38,0.45
2011.09.21 21:07:35.201,1.35636,1.35645,0.38,0.30
2011.09.21 21:07:37.128,1.35639,1.35645,0.38,0.30
2011.09.21 21:07:37.357,1.35639,1.35652,0.38,0.30
2011.09.21 21:07:38.788,1.3564,1.35652,0.38,0.30
2011.09.21 21:07:39.888,1.35639,1.35652,0.38,0.30
2011.09.21 21:07:40.010,1.35645,1.35652,0.38,0.30
2011.09.21 21:07:40.347,1.35645,1.35658,0.38,0.45
2011.09.21 21:07:41.051,1.35645,1.35659,0.38,0.60
2011.09.21 21:07:42.186,1.35645,1.35658,0.38,0.60
2011.09.21 21:07:42.297,1.3564,1.35657,0.38,0.75
2011.09.21 21:07:42.527,1.3564,1.35655,0.38,0.45
2011.09.21 21:07:42.856,1.3564,1.35653,0.38,0.30
2011.09.21 21:07:45.120,1.35641,1.35655,0.50,0.75
2011.09.21 21:07:45.240,1.35645,1.35653,0.45,0.75
2011.09.21 21:07:45.576,1.35641,1.3566,0.45,0.75
2011.09.21 21:07:45.686,1.3564,1.35662,0.45,0.45
2011.09.21 21:07:46.557,1.35641,1.35663,0.45,0.45
2011.09.21 21:07:47.122,1.35638,1.35668,0.45,0.45
2011.09.21 21:07:47.237,1.35639,1.35669,0.45,0.45
2011.09.21 21:07:47.578,1.35646,1.35662,0.45,0.75
2011.09.21 21:07:47.700,1.35641,1.35659,0.38,0.45
2011.09.21 21:07:48.557,1.35641,1.35661,0.38,0.90
2011.09.21 21:07:55.368,1.35653,1.35661,0.75,0.45
2011.09.21 21:07:55.487,1.35653,1.35663,0.75,0.30
2011.09.21 21:07:55.706,1.35658,1.35663,0.75,0.30
2011.09.21 21:07:55.927,1.35658,1.35676,1.50,0.45
2011.09.21 21:07:57.244,1.35658,1.35674,1.50,0.60
2011.09.21 21:07:57.577,1.35658,1.35668,0.75,0.45
2011.09.21 21:07:57.907,1.35646,1.35668,0.45,0.45
2011.09.21 21:07:59.916,1.35641,1.35662,0.42,0.45
2011.09.21 21:08:01.379,1.35654,1.35662,0.38,0.45
2011.09.21 21:08:01.496,1.35654,1.35664,0.38,0.45
2011.09.21 21:08:11.076,1.35654,1.35666,0.38,0.45
2011.09.21 21:08:11.326,1.35654,1.35664,0.38,0.45
2011.09.21 21:08:11.666,1.35654,1.35659,0.38,0.60
2011.09.21 21:08:11.777,1.35645,1.35657,0.38,0.75
2011.09.21 21:08:11.898,1.35645,1.35655,0.38,0.45
2011.09.21 21:08:12.018,1.35645,1.35657,0.38,1.20
2011.09.21 21:08:12.357,1.35645,1.35657,0.38,1.20
2011.09.21 21:08:13.949,1.35656,1.3566,0.38,1.20
2011.09.21 21:08:14.288,1.35651,1.35667,0.38,0.45
2011.09.21 21:08:14.407,1.35658,1.35674,0.38,0.45
2011.09.21 21:08:14.627,1.35658,1.35674,0.38,0.45
2011.09.21 21:08:15.728,1.35658,1.35672,0.38,0.45
2011.09.21 21:08:15.959,1.3565,1.35668,0.45,0.45
2011.09.21 21:08:16.186,1.35648,1.35668,0.45,0.45
2011.09.21 21:08:16.408,1.35646,1.35668,0.45,0.45
2011.09.21 21:08:21.447,1.35648,1.3567,0.45,0.45
2011.09.21 21:08:35.880,1.35646,1.35668,0.45,0.45
2011.09.21 21:08:40.729,1.35652,1.35662,0.38,0.75
2011.09.21 21:08:55.657,1.3565,1.3566,0.38,0.45
2011.09.21 21:08:59.747,1.35657,1.35662,0.38,1.20
2011.09.21 21:09:00.127,1.35657,1.35663,0.38,0.30
2011.09.21 21:09:00.243,1.35657,1.35673,0.68,0.75
2011.09.21 21:09:02.060,1.35657,1.35669,0.30,0.38
2011.09.21 21:09:02.406,1.35657,1.35666,0.38,0.45
2011.09.21 21:09:02.517,1.35651,1.35662,0.38,0.45
2011.09.21 21:09:02.747,1.35656,1.35662,0.23,0.45
2011.09.21 21:09:02.857,1.35656,1.35666,0.23,0.45
2011.09.21 21:09:03.090,1.35651,1.35666,0.42,0.45
2011.09.21 21:09:03.316,1.35651,1.35663,0.38,0.45
2011.09.21 21:09:04.362,1.3565,1.35663,0.38,0.45
2011.09.21 21:09:07.359,1.35654,1.35663,0.38,0.45
2011.09.21 21:09:07.587,1.35654,1.35665,0.38,0.45
2011.09.21 21:09:09.477,1.35646,1.35665,0.38,0.45
2011.09.21 21:09:09.591,1.35651,1.35662,0.75,0.30
2011.09.21 21:09:09.977,1.35652,1.35663,0.30,0.30
2011.09.21 21:09:11.387,1.35658,1.35662,0.30,0.45
2011.09.21 21:09:11.837,1.35646,1.35662,0.38,0.45
2011.09.21 21:09:11.947,1.35657,1.35662,0.23,0.45
2011.09.21 21:09:12.057,1.35657,1.35668,0.23,0.45
2011.09.21 21:09:12.506,1.35657,1.35665,0.23,0.45
2011.09.21 21:09:12.629,1.35646,1.35665,0.38,0.45
2011.09.21 21:09:13.047,1.35658,1.35665,0.75,0.90
2011.09.21 21:09:13.451,1.35658,1.35672,0.75,0.45
2011.09.21 21:09:14.124,1.35658,1.35673,0.75,0.75
2011.09.21 21:09:15.128,1.35662,1.35666,0.50,0.75
2011.09.21 21:09:15.249,1.35658,1.35667,0.30,1.20
2011.09.21 21:09:15.368,1.35654,1.35669,0.75,0.45
2011.09.21 21:09:15.820,1.3565,1.35671,0.45,0.45
2011.09.21 21:09:16.047,1.35648,1.35671,0.45,1.20
2011.09.21 21:09:16.158,1.35646,1.35671,0.75,0.45
2011.09.21 21:09:16.706,1.35643,1.35671,0.45,0.45
2011.09.21 21:09:17.265,1.35643,1.35669,0.45,0.45
2011.09.21 21:09:17.706,1.3564,1.3567,0.38,0.45
2011.09.21 21:09:18.039,1.35636,1.35671,0.45,0.45
2011.09.21 21:09:18.158,1.35637,1.35667,0.45,0.45
2011.09.21 21:09:18.498,1.35636,1.35666,0.45,0.45
2011.09.21 21:09:18.617,1.35634,1.35666,0.45,0.45
2011.09.21 21:09:18.948,1.35641,1.35657,0.75,0.45
2011.09.21 21:09:19.288,1.35641,1.35654,0.30,0.45
2011.09.21 21:09:19.406,1.35639,1.35655,0.30,0.30
2011.09.21 21:09:22.861,1.35638,1.35653,0.60,0.30
2011.09.21 21:09:22.981,1.35634,1.35643,0.75,0.30
2011.09.21 21:09:23.317,1.35631,1.35648,0.30,0.30
2011.09.21 21:09:23.548,1.35637,1.35654,0.30,0.45
2011.09.21 21:09:23.779,1.3563,1.35658,0.45,0.45
2011.09.21 21:09:23.898,1.35624,1.35655,0.45,0.45
2011.09.21 21:09:24.019,1.35617,1.35663,0.45,0.45
2011.09.21 21:09:24.136,1.35621,1.35667,0.45,0.45
2011.09.21 21:09:24.467,1.35623,1.35669,0.45,0.45
2011.09.21 21:09:24.577,1.35618,1.35666,0.45,0.45
2011.09.21 21:09:25.056,1.35623,1.35651,0.45,0.75
2011.09.21 21:09:25.388,1.35624,1.35646,0.45,0.45
2011.09.21 21:09:25.728,1.35628,1.3565,0.45,0.45
2011.09.21 21:09:26.960,1.35628,1.35645,0.45,0.38
2011.09.21 21:09:27.480,1.35627,1.35645,0.38,0.38
2011.09.21 21:09:28.438,1.35633,1.35648,0.38,0.45
2011.09.21 21:09:28.559,1.35633,1.35651,0.38,0.38
2011.09.21 21:09:29.217,1.35633,1.35651,0.38,0.38
2011.09.21 21:09:29.327,1.35627,1.35643,0.30,0.38
2011.09.21 21:09:31.258,1.35627,1.35643,0.30,0.68
2011.09.21 21:09:38.176,1.35629,1.35643,0.38,0.30
2011.09.21 21:09:42.227,1.35627,1.35639,0.30,0.98
2011.09.21 21:09:42.792,1.35625,1.35636,0.38,0.30
2011.09.21 21:09:43.745,1.35627,1.35636,0.38,0.30
2011.09.21 21:09:44.296,1.35627,1.35643,0.68,0.90
2011.09.21 21:09:45.067,1.35627,1.35641,0.30,1.50
2011.09.21 21:09:45.288,1.35623,1.35641,0.45,1.50
2011.09.21 21:09:45.407,1.35621,1.35641,0.45,1.50
2011.09.21 21:09:47.527,1.35621,1.35642,0.45,0.75
2011.09.21 21:09:47.636,1.35623,1.35642,0.45,0.75
2011.09.21 21:09:51.117,1.35625,1.35642,0.45,0.75
2011.09.21 21:09:51.228,1.35625,1.35647,0.45,1.05
2011.09.21 21:09:51.348,1.35627,1.35647,0.45,0.60
2011.09.21 21:09:52.276,1.35627,1.35647,0.45,2.10
2011.09.21 21:09:55.237,1.35626,1.35647,0.75,1.95
2011.09.21 21:09:55.568,1.35623,1.35639,0.45,0.75
2011.09.21 21:09:56.188,1.35623,1.35641,0.45,0.75
2011.09.21 21:09:57.698,1.35623,1.35643,0.45,0.30
2011.09.21 21:09:58.239,1.35623,1.35643,0.45,0.30
2011.09.21 21:09:58.578,1.35625,1.35643,1.20,0.30
2011.09.21 21:09:58.917,1.35627,1.35643,0.75,0.30
2011.09.21 21:10:01.839,1.35629,1.35643,0.75,0.30
2011.09.21 21:10:02.390,1.3563,1.3565,0.45,0.60
2011.09.21 21:10:03.343,1.3563,1.35652,0.45,1.20
2011.09.21 21:10:06.416,1.35631,1.35652,0.75,1.20
2011.09.21 21:10:07.082,1.35632,1.35652,0.45,0.75
2011.09.21 21:10:08.130,1.35631,1.3565,0.75,0.45
2011.09.21 21:10:08.467,1.35627,1.35648,0.30,1.50
2011.09.21 21:10:11.241,1.35627,1.35647,0.30,0.75
2011.09.21 21:10:11.810,1.35629,1.3565,0.45,0.45
2011.09.21 21:10:11.936,1.3563,1.35648,0.75,0.60
2011.09.21 21:10:12.380,1.35627,1.35648,0.45,0.60
2011.09.21 21:10:13.416,1.35627,1.35649,0.45,0.45
2011.09.21 21:10:14.199,1.35624,1.35646,0.45,0.45
2011.09.21 21:10:14.537,1.35622,1.35644,0.45,0.45
2011.09.21 21:10:31.756,1.35624,1.35643,0.45,1.05
2011.09.21 21:10:32.090,1.35626,1.35643,0.45,0.30
2011.09.21 21:10:32.451,1.35628,1.35645,0.45,0.60
2011.09.21 21:10:33.702,1.35628,1.3565,0.45,0.45
2011.09.21 21:10:34.368,1.35628,1.35648,0.45,1.43
2011.09.21 21:10:34.760,1.35626,1.35645,0.45,0.45
2011.09.21 21:10:34.885,1.35629,1.35651,0.45,1.20
2011.09.21 21:10:36.188,1.35627,1.35649,0.45,0.45
2011.09.21 21:10:36.527,1.35625,1.35645,0.45,0.75
2011.09.21 21:10:36.859,1.35625,1.35643,0.45,0.30
2011.09.21 21:10:40.967,1.35627,1.35643,0.45,0.30
2011.09.21 21:10:41.819,1.35627,1.35642,0.45,0.60
2011.09.21 21:10:42.171,1.35632,1.35643,0.45,0.30
2011.09.21 21:10:42.287,1.35632,1.35652,1.20,0.60
2011.09.21 21:10:42.397,1.35635,1.35652,0.45,0.60
2011.09.21 21:10:48.081,1.35633,1.35653,0.45,0.30
2011.09.21 21:10:48.527,1.35631,1.35653,1.20,0.75
2011.09.21 21:10:48.747,1.35629,1.35653,0.45,0.75
2011.09.21 21:10:56.098,1.3563,1.35651,0.75,0.45
2011.09.21 21:10:59.927,1.35635,1.35651,0.75,0.45
2011.09.21 21:11:00.040,1.35635,1.35653,0.75,0.75
2011.09.21 21:11:00.378,1.35637,1.35653,0.30,0.30
2011.09.21 21:11:10.599,1.35638,1.35653,0.45,0.30
2011.09.21 21:11:11.733,1.35641,1.3566,0.75,1.05
2011.09.21 21:11:12.400,1.35643,1.35663,0.75,0.30
2011.09.21 21:11:13.066,1.35642,1.35663,0.75,0.30
2011.09.21 21:11:31.289,1.35638,1.35653,0.45,0.30
2011.09.21 21:11:31.819,1.35637,1.35653,0.30,0.30
2011.09.21 21:11:32.377,1.35638,1.35653,0.45,0.30
2011.09.21 21:11:54.308,1.35645,1.35653,0.75,0.30
2011.09.21 21:11:54.677,1.35647,1.35653,0.45,0.30
2011.09.21 21:11:54.788,1.35647,1.35663,0.30,0.30
2011.09.21 21:11:55.337,1.35648,1.35663,0.75,0.30
2011.09.21 21:11:56.727,1.35647,1.35663,0.30,0.30
2011.09.21 21:11:57.606,1.35647,1.35661,0.30,1.50
2011.09.21 21:11:58.269,1.35641,1.35661,1.20,1.50
2011.09.21 21:11:58.498,1.3565,1.35663,0.60,0.30
2011.09.21 21:11:58.838,1.3565,1.35665,0.30,0.30
2011.09.21 21:11:59.398,1.35657,1.35672,0.30,0.45
2011.09.21 21:12:00.131,1.35657,1.35673,0.30,0.30
2011.09.21 21:12:00.468,1.35657,1.35665,0.30,0.60
2011.09.21 21:12:00.808,1.35648,1.35663,0.75,0.30
2011.09.21 21:12:00.927,1.3565,1.35663,0.75,0.30
2011.09.21 21:12:03.298,1.35651,1.35663,0.75,0.30
2011.09.21 21:12:03.700,1.35651,1.35669,0.75,0.60
2011.09.21 21:12:06.389,1.35651,1.3567,0.75,0.75
2011.09.21 21:12:06.508,1.35655,1.3567,0.75,0.75
2011.09.21 21:12:06.619,1.35655,1.35673,1.50,1.20
2011.09.21 21:12:06.738,1.35657,1.35673,0.30,0.75
2011.09.21 21:12:14.167,1.35658,1.35673,0.45,0.30
2011.09.21 21:12:21.228,1.35657,1.35673,1.05,0.30
2011.09.21 21:12:22.280,1.35657,1.35671,0.75,0.75
2011.09.21 21:12:22.399,1.35654,1.35671,0.45,0.75
2011.09.21 21:12:23.101,1.35653,1.35671,0.75,0.75
2011.09.21 21:12:24.008,1.35655,1.35671,0.45,0.75
2011.09.21 21:12:24.117,1.35655,1.35673,1.95,0.30
2011.09.21 21:12:24.228,1.35657,1.35673,0.75,0.30
2011.09.21 21:12:29.469,1.35658,1.35673,0.75,0.30
2011.09.21 21:12:29.808,1.3566,1.35673,0.75,0.30
2011.09.21 21:12:38.067,1.35659,1.35673,0.75,0.30
2011.09.21 21:12:38.978,1.3566,1.35673,0.38,0.30
2011.09.21 21:12:41.198,1.35659,1.35673,0.38,0.30
2011.09.21 21:12:42.506,1.35663,1.35673,0.75,0.30
2011.09.21 21:12:43.184,1.35666,1.35681,0.30,0.38
2011.09.21 21:12:43.741,1.35665,1.35681,2.70,0.38
2011.09.21 21:12:47.739,1.35665,1.35679,1.50,0.75
2011.09.21 21:12:48.301,1.35665,1.35676,0.98,0.30
2011.09.21 21:12:48.758,1.35666,1.35681,0.30,0.38
2011.09.21 21:12:49.590,1.35666,1.3568,0.30,0.75
2011.09.21 21:12:49.710,1.35664,1.35676,0.30,0.30
2011.09.21 21:12:50.269,1.35666,1.35679,0.30,0.60
2011.09.21 21:12:50.718,1.35666,1.35681,0.30,0.38
2011.09.21 21:12:52.867,1.35666,1.35679,0.30,0.75
2011.09.21 21:12:53.307,1.35665,1.35676,0.23,0.30
2011.09.21 21:12:53.851,1.35664,1.35676,0.30,0.30
2011.09.21 21:12:54.195,1.35665,1.35673,0.75,0.60
2011.09.21 21:12:54.313,1.35657,1.35668,0.75,0.45
2011.09.21 21:12:54.431,1.35657,1.35671,0.75,0.38
2011.09.21 21:12:54.659,1.35654,1.35663,0.75,0.60
2011.09.21 21:12:54.782,1.35655,1.35668,0.75,0.45
2011.09.21 21:12:54.900,1.35655,1.3567,0.75,0.38
2011.09.21 21:12:55.021,1.35654,1.35667,0.75,0.75
2011.09.21 21:12:55.140,1.35652,1.35667,1.50,1.13
2011.09.21 21:12:55.262,1.35654,1.35667,0.30,0.38
2011.09.21 21:12:55.611,1.35654,1.3566,0.30,0.60
2011.09.21 21:12:55.843,1.3565,1.35661,0.75,0.45
2011.09.21 21:12:55.960,1.3565,1.35664,0.75,0.45
2011.09.21 21:12:56.082,1.3565,1.35662,0.75,0.75
2011.09.21 21:12:56.201,1.35644,1.35662,0.75,0.75
2011.09.21 21:12:56.768,1.35644,1.35663,0.75,1.13
2011.09.21 21:12:56.877,1.3565,1.35663,0.75,1.13
2011.09.21 21:12:56.987,1.35644,1.35663,0.75,1.13
2011.09.21 21:13:02.655,1.35643,1.35655,0.45,0.75
2011.09.21 21:13:02.773,1.35642,1.35657,0.79,1.80
2011.09.21 21:13:02.890,1.3564,1.35657,0.83,0.75
2011.09.21 21:13:03.010,1.35642,1.35657,0.75,0.75
2011.09.21 21:13:03.369,1.35646,1.35661,0.45,1.73
2011.09.21 21:13:03.488,1.35642,1.35661,0.45,1.73
2011.09.21 21:13:04.298,1.35642,1.35661,0.45,0.98
2011.09.21 21:13:04.639,1.35644,1.35661,0.45,0.38
2011.09.21 21:13:11.983,1.35643,1.3566,0.45,0.75
2011.09.21 21:13:12.104,1.35642,1.35659,0.45,0.75
2011.09.21 21:13:12.452,1.35639,1.35659,0.45,1.13
2011.09.21 21:13:12.571,1.35639,1.35657,0.45,0.38
2011.09.21 21:13:12.910,1.35639,1.35654,0.45,1.88
2011.09.21 21:13:13.030,1.35637,1.35654,0.45,1.88
2011.09.21 21:13:13.148,1.35635,1.35654,0.45,2.63
2011.09.21 21:13:13.270,1.35635,1.35652,0.45,1.88
2011.09.21 21:13:13.610,1.35631,1.35653,0.45,0.45
2011.09.21 21:13:14.280,1.35631,1.3565,0.45,0.45
2011.09.21 21:13:14.839,1.3563,1.3565,0.45,0.38
2011.09.21 21:13:15.399,1.35631,1.35648,0.45,0.75
2011.09.21 21:13:15.739,1.35631,1.35647,0.45,0.75
2011.09.21 21:13:16.078,1.35628,1.35647,0.75,0.75
2011.09.21 21:13:16.728,1.35627,1.35645,0.45,0.75
2011.09.21 21:13:17.618,1.35627,1.35643,0.45,0.75
2011.09.21 21:13:18.189,1.35625,1.35642,0.45,0.75
2011.09.21 21:13:19.568,1.35623,1.35642,0.90,0.75
2011.09.21 21:13:20.290,1.35624,1.3564,0.45,0.75
2011.09.21 21:13:20.411,1.35622,1.3564,0.45,0.75
2011.09.21 21:13:20.971,1.3562,1.3564,0.75,0.75
2011.09.21 21:13:22.508,1.3562,1.35638,0.45,0.75
2011.09.21 21:13:23.828,1.35618,1.35637,0.75,0.75
2011.09.21 21:13:24.610,1.35614,1.35632,0.75,1.35
2011.09.21 21:13:25.044,1.35617,1.35632,0.30,0.98
2011.09.21 21:13:25.553,1.35617,1.35631,0.30,0.45
2011.09.21 21:13:26.119,1.35617,1.35628,0.30,0.75
2011.09.21 21:13:26.349,1.35617,1.3563,0.30,0.75
2011.09.21 21:13:26.689,1.35613,1.3563,0.45,0.75
2011.09.21 21:13:26.810,1.35615,1.35631,0.45,1.13
2011.09.21 21:13:27.149,1.35613,1.35628,0.45,0.60
2011.09.21 21:13:27.490,1.35613,1.35626,0.45,0.75
2011.09.21 21:13:27.829,1.35614,1.35623,0.45,0.30
2011.09.21 21:13:28.365,1.35612,1.35628,1.20,0.60
2011.09.21 21:13:28.599,1.35616,1.35631,0.45,1.13
2011.09.21 21:13:28.941,1.35613,1.35628,0.45,0.60
2011.09.21 21:13:29.609,1.35612,1.35628,0.75,0.60
2011.09.21 21:13:30.555,1.35611,1.35628,1.50,0.60
2011.09.21 21:13:32.799,1.35615,1.35628,0.75,0.60
2011.09.21 21:13:33.249,1.35617,1.35628,0.30,0.60
2011.09.21 21:13:33.372,1.35617,1.35632,0.30,0.38
2011.09.21 21:13:37.550,1.35619,1.35632,0.45,0.38
2011.09.21 21:13:38.061,1.35619,1.35633,0.75,0.38
2011.09.21 21:13:39.820,1.35621,1.35633,0.75,0.38
2011.09.21 21:13:40.159,1.35626,1.35635,0.38,0.30
2011.09.21 21:13:40.280,1.35628,1.35639,0.38,0.30
2011.09.21 21:13:40.728,1.35628,1.35643,0.38,0.30
2011.09.21 21:13:42.649,1.35626,1.35641,0.68,0.38
2011.09.21 21:13:43.099,1.35626,1.35639,0.30,0.75
2011.09.21 21:13:43.221,1.35623,1.35639,0.75,1.20
2011.09.21 21:13:43.451,1.35618,1.35634,0.75,0.38
2011.09.21 21:13:44.019,1.35618,1.35633,0.75,0.30
2011.09.21 21:13:44.599,1.35619,1.35633,0.75,0.30
2011.09.21 21:13:44.833,1.35622,1.35638,0.75,1.13
2011.09.21 21:13:45.058,1.3562,1.35638,1.20,0.75
2011.09.21 21:13:45.858,1.3562,1.35635,0.75,0.75
2011.09.21 21:13:46.189,1.35618,1.35634,0.75,0.38
2011.09.21 21:13:46.894,1.35618,1.35633,0.75,0.30
2011.09.21 21:13:49.570,1.35617,1.35632,0.30,0.75
2011.09.21 21:13:49.798,1.35614,1.35631,0.45,0.38
2011.09.21 21:13:49.909,1.35612,1.35631,1.95,0.38
2011.09.21 21:13:50.553,1.35613,1.35631,0.75,0.38
2011.09.21 21:13:51.330,1.35615,1.35631,0.75,0.38
2011.09.21 21:13:51.670,1.35617,1.35633,0.75,0.68
2011.09.21 21:13:52.450,1.35618,1.35633,0.45,0.68
2011.09.21 21:13:53.009,1.35619,1.35633,0.38,0.30
2011.09.21 21:13:53.128,1.35617,1.35632,0.30,0.38
2011.09.21 21:13:55.308,1.35617,1.3563,0.30,0.75
2011.09.21 21:13:55.758,1.3561,1.3563,1.50,1.13
2011.09.21 21:13:58.221,1.35611,1.3563,0.45,1.13
2011.09.21 21:13:58.340,1.35613,1.35628,0.75,0.75
2011.09.21 21:13:58.917,1.35614,1.35628,0.45,0.75
2011.09.21 21:13:59.434,1.35613,1.35628,1.20,0.75
2011.09.21 21:14:04.890,1.35614,1.35628,0.75,0.75
2011.09.21 21:14:05.121,1.35616,1.35631,0.45,0.75
2011.09.21 21:14:07.655,1.35616,1.35631,0.75,0.75
2011.09.21 21:14:07.878,1.35616,1.35631,0.75,0.75
2011.09.21 21:14:08.424,1.35616,1.35631,0.75,0.75
2011.09.21 21:14:10.831,1.35615,1.35626,0.75,0.75
2011.09.21 21:14:11.340,1.35617,1.35622,0.50,0.30
2011.09.21 21:14:11.469,1.35612,1.35624,0.38,0.30
2011.09.21 21:14:11.701,1.35611,1.35623,0.30,0.38
2011.09.21 21:14:11.823,1.3561,1.35622,0.38,0.30
2011.09.21 21:14:11.942,1.35608,1.35622,0.75,0.30
2011.09.21 21:14:12.840,1.35607,1.35621,0.30,0.30
2011.09.21 21:14:14.741,1.35605,1.35621,0.30,0.30
2011.09.21 21:14:15.299,1.35605,1.35619,0.38,0.30
2011.09.21 21:14:15.750,1.35604,1.35618,0.38,0.75
2011.09.21 21:14:15.874,1.35606,1.35614,0.38,0.60
2011.09.21 21:14:16.103,1.35606,1.35613,0.30,0.60
2011.09.21 21:14:16.331,1.35603,1.35615,0.12,0.30
2011.09.21 21:14:17.149,1.356,1.35616,1.05,0.68
2011.09.21 21:14:17.712,1.35599,1.35614,0.45,0.68
2011.09.21 21:14:18.268,1.35597,1.35614,0.30,0.68
2011.09.21 21:14:19.908,1.35596,1.35613,0.75,0.68
2011.09.21 21:14:24.289,1.35598,1.35608,0.45,0.68
2011.09.21 21:14:24.630,1.35598,1.35606,0.45,0.30
2011.09.21 21:14:24.751,1.35594,1.35607,0.45,0.75
2011.09.21 21:14:25.348,1.35593,1.35607,0.75,0.38
2011.09.21 21:14:25.798,1.3559,1.35601,0.75,0.38
2011.09.21 21:14:25.920,1.3559,1.35603,0.75,0.60
2011.09.21 21:14:26.259,1.35589,1.35601,0.38,0.30
2011.09.21 21:14:27.041,1.35587,1.35601,1.43,0.30
2011.09.21 21:14:27.268,1.35589,1.35601,0.38,0.30
2011.09.21 21:14:28.010,1.35588,1.35601,0.75,0.30
2011.09.21 21:14:28.349,1.35586,1.35601,1.20,0.30
2011.09.21 21:14:29.091,1.35584,1.356,0.38,0.60
2011.09.21 21:14:30.239,1.35583,1.35597,0.75,0.98
2011.09.21 21:14:30.366,1.3558,1.35597,0.75,1.73
2011.09.21 21:14:30.959,1.35585,1.35597,0.75,1.73
2011.09.21 21:14:31.301,1.35583,1.35595,1.05,0.30
2011.09.21 21:14:32.848,1.3558,1.35597,0.75,1.73
2011.09.21 21:14:33.179,1.3558,1.35594,0.75,0.38
2011.09.21 21:14:33.788,1.35579,1.35593,0.75,0.30
2011.09.21 21:14:34.691,1.35584,1.3559,0.75,0.98
2011.09.21 21:14:34.937,1.35583,1.35593,0.38,0.83
2011.09.21 21:14:35.379,1.35583,1.35596,0.38,0.30
2011.09.21 21:14:38.448,1.35585,1.35597,0.38,0.75
2011.09.21 21:14:38.571,1.35588,1.35596,0.38,0.60
2011.09.21 21:14:38.691,1.35588,1.35598,0.30,1.05
2011.09.21 21:14:38.810,1.35585,1.35602,0.75,1.05
2011.09.21 21:14:38.932,1.3559,1.356,0.38,0.60
2011.09.21 21:14:39.054,1.3559,1.35603,0.38,0.30
2011.09.21 21:14:39.862,1.35591,1.35605,0.75,0.30
2011.09.21 21:14:40.330,1.35595,1.35612,0.75,0.68
2011.09.21 21:14:40.561,1.356,1.35612,0.75,0.30
2011.09.21 21:14:42.062,1.35609,1.35615,0.75,0.45
2011.09.21 21:14:42.292,1.35609,1.35622,1.05,0.38
2011.09.21 21:14:44.491,1.35613,1.35624,0.75,0.38
2011.09.21 21:14:44.831,1.35615,1.35626,0.30,0.38
2011.09.21 21:14:46.472,1.35615,1.35626,0.30,0.45
2011.09.21 21:14:46.809,1.35611,1.35625,0.38,0.68
2011.09.21 21:14:48.559,1.35614,1.35623,0.75,0.38
2011.09.21 21:14:48.686,1.35615,1.35625,0.75,0.30
2011.09.21 21:14:48.802,1.35612,1.3563,0.75,0.15
2011.09.21 21:14:49.033,1.35616,1.35628,1.13,0.45
2011.09.21 21:14:49.368,1.35617,1.35629,0.38,0.38
2011.09.21 21:14:50.831,1.35617,1.35631,0.30,0.83
2011.09.21 21:14:51.060,1.35619,1.35631,0.30,0.45
2011.09.21 21:14:51.401,1.3562,1.35632,0.38,0.38
2011.09.21 21:14:53.401,1.35626,1.35638,0.30,0.45
2011.09.21 21:14:53.849,1.35628,1.35638,0.75,0.45
2011.09.21 21:14:54.191,1.35622,1.35631,0.75,0.38
2011.09.21 21:14:54.722,1.35622,1.35629,0.30,4.50
2011.09.21 21:14:54.852,1.35617,1.35631,0.45,0.75
2011.09.21 21:14:54.974,1.35617,1.35629,0.45,0.75
2011.09.21 21:14:55.321,1.35618,1.3563,0.30,0.38
2011.09.21 21:14:57.433,1.35621,1.35625,0.60,0.75
2011.09.21 21:14:57.770,1.35616,1.35625,0.83,0.75
2011.09.21 21:14:57.892,1.35615,1.35629,0.75,0.38
2011.09.21 21:14:58.125,1.35624,1.35628,0.45,0.75
2011.09.21 21:14:58.242,1.35619,1.35625,0.45,0.75
2011.09.21 21:14:58.363,1.35614,1.35625,0.50,0.75
2011.09.21 21:14:58.484,1.35613,1.35628,0.75,0.45
2011.09.21 21:14:59.111,1.35615,1.35629,0.30,0.45
2011.09.21 21:14:59.903,1.35618,1.35628,0.75,0.30
2011.09.21 21:15:00.349,1.35617,1.35631,0.75,0.45
2011.09.21 21:15:01.020,1.35618,1.35633,0.75,0.38
2011.09.21 21:15:01.990,1.35625,1.35639,0.75,0.38
2011.09.21 21:15:02.305,1.35624,1.35632,0.30,0.75
2011.09.21 21:15:02.653,1.35624,1.3563,1.08,0.60
2011.09.21 21:15:02.775,1.3562,1.35631,0.75,0.75
2011.09.21 21:15:03.123,1.35621,1.35627,1.55,0.75
2011.09.21 21:15:03.242,1.35619,1.35632,0.75,0.45
2011.09.21 21:15:03.363,1.3562,1.35625,0.45,0.75
2011.09.21 21:15:03.712,1.35618,1.35628,0.75,0.45
2011.09.21 21:15:03.830,1.35618,1.3563,0.30,0.38
2011.09.21 21:15:04.423,1.3562,1.3563,0.75,0.38
2011.09.21 21:15:04.769,1.3562,1.35633,0.75,0.45
2011.09.21 21:15:05.433,1.35619,1.35637,0.75,0.45
2011.09.21 21:15:06.430,1.35621,1.35637,0.75,0.45
2011.09.21 21:15:06.549,1.35621,1.3564,0.30,0.75
2011.09.21 21:15:06.779,1.35628,1.35643,1.05,0.30
2011.09.21 21:15:07.234,1.35628,1.35637,0.30,0.75
2011.09.21 21:15:07.352,1.35617,1.35637,1.55,0.75
2011.09.21 21:15:07.578,1.35617,1.35631,1.05,0.38
2011.09.21 21:15:08.643,1.35622,1.35631,0.75,0.38
2011.09.21 21:15:08.882,1.35621,1.35633,0.75,0.30
2011.09.21 21:15:09.329,1.35621,1.35638,0.75,0.45
2011.09.21 21:15:13.898,1.35622,1.3564,0.75,0.38
2011.09.21 21:15:15.558,1.35621,1.3564,0.83,1.13
2011.09.21 21:15:16.127,1.35622,1.3564,0.75,0.38
2011.09.21 21:15:19.692,1.35621,1.3564,1.13,0.38
2011.09.21 21:15:19.930,1.35619,1.35632,0.68,0.75
2011.09.21 21:15:20.273,1.35617,1.35629,0.38,0.75
2011.09.21 21:15:20.391,1.35619,1.35632,0.75,0.45
2011.09.21 21:15:20.511,1.35619,1.35637,0.75,0.45
2011.09.21 21:15:20.629,1.35619,1.35635,0.75,0.45
2011.09.21 21:15:21.548,1.35619,1.35632,0.75,0.45
2011.09.21 21:15:21.888,1.35619,1.35635,0.75,0.45
2011.09.21 21:15:22.543,1.35617,1.35633,0.38,0.83
2011.09.21 21:15:22.998,1.35615,1.35627,0.38,0.75
2011.09.21 21:15:23.368,1.35618,1.3563,0.68,0.38
2011.09.21 21:15:23.699,1.3562,1.3563,0.38,0.38
2011.09.21 21:15:24.372,1.3562,1.35631,0.38,0.83
2011.09.21 21:15:30.092,1.3562,1.3563,0.38,0.38
2011.09.21 21:15:30.213,1.35618,1.35629,0.38,3.75
2011.09.21 21:15:30.771,1.3562,1.35624,0.60,0.75
2011.09.21 21:15:30.893,1.35617,1.35625,1.05,0.75
2011.09.21 21:15:31.424,1.3562,1.3563,0.38,0.38
2011.09.21 21:15:32.570,1.35619,1.35629,0.30,0.38
2011.09.21 21:15:32.695,1.3562,1.35626,1.43,0.75
2011.09.21 21:15:32.814,1.35612,1.35632,1.20,0.75
2011.09.21 21:15:32.930,1.35612,1.35618,0.75,0.75
2011.09.21 21:15:33.285,1.35614,1.35618,0.38,0.45
2011.09.21 21:15:33.521,1.35614,1.3562,1.13,0.45
2011.09.21 21:15:33.641,1.35613,1.35624,1.13,0.30
2011.09.21 21:15:33.760,1.35613,1.35627,1.13,0.45
2011.09.21 21:15:34.541,1.35621,1.35627,0.38,0.75
2011.09.21 21:15:34.662,1.35619,1.35627,0.30,0.75
2011.09.21 21:15:34.785,1.35613,1.35627,0.75,0.75
2011.09.21 21:15:34.902,1.35614,1.35628,0.75,0.45
2011.09.21 21:15:35.480,1.3562,1.35634,0.75,0.45
2011.09.21 21:15:36.432,1.3562,1.35633,0.75,0.38
2011.09.21 21:15:36.661,1.35619,1.35631,0.38,0.45
2011.09.21 21:15:37.379,1.35619,1.35631,0.38,0.90
2011.09.21 21:15:37.719,1.35619,1.35629,0.38,0.15
2011.09.21 21:15:42.302,1.35619,1.35624,0.38,3.75
2011.09.21 21:15:42.423,1.35617,1.35623,1.80,0.75
2011.09.21 21:15:42.541,1.35612,1.35626,0.45,1.35
2011.09.21 21:15:42.888,1.35617,1.35621,0.75,0.38
2011.09.21 21:15:43.004,1.35611,1.35621,0.38,0.38
2011.09.21 21:15:43.124,1.35609,1.35613,0.45,0.60
2011.09.21 21:15:43.243,1.35602,1.35614,0.75,0.75
2011.09.21 21:15:43.362,1.356,1.35614,0.75,0.75
2011.09.21 21:15:43.838,1.35608,1.3562,0.75,0.38
2011.09.21 21:15:44.083,1.3561,1.35623,0.75,0.30
2011.09.21 21:15:44.200,1.3561,1.35627,0.75,0.53
2011.09.21 21:15:45.848,1.35611,1.35625,0.75,0.53
2011.09.21 21:15:47.325,1.35614,1.35629,0.38,0.15
2011.09.21 21:15:52.950,1.35616,1.35629,0.75,0.15
2011.09.21 21:15:53.859,1.35617,1.35629,0.30,1.35
2011.09.21 21:15:53.992,1.35615,1.35629,0.38,0.15
2011.09.21 21:15:54.237,1.35611,1.35629,0.45,0.15
2011.09.21 21:15:54.874,1.3561,1.35629,0.75,0.15
2011.09.21 21:15:58.057,1.35612,1.35629,0.75,0.15
2011.09.21 21:15:58.179,1.35612,1.35631,0.75,0.83
2011.09.21 21:15:59.539,1.35612,1.35629,0.75,0.45
2011.09.21 21:16:00.429,1.35612,1.35628,0.75,0.38
2011.09.21 21:16:00.662,1.35608,1.35625,0.38,0.38
2011.09.21 21:16:04.010,1.35608,1.35621,0.38,0.38
2011.09.21 21:16:08.932,1.35607,1.35621,0.45,0.38
2011.09.21 21:16:09.283,1.35611,1.35615,1.20,0.30
2011.09.21 21:16:09.404,1.35608,1.35621,0.75,1.28
2011.09.21 21:16:09.646,1.35611,1.35616,1.50,0.75
2011.09.21 21:16:09.765,1.3561,1.35615,0.45,0.38
2011.09.21 21:16:10.205,1.35605,1.35609,1.50,0.75
2011.09.21 21:16:10.333,1.35596,1.35607,0.75,0.38
2011.09.21 21:16:10.452,1.35594,1.35604,1.13,0.38
2011.09.21 21:16:10.816,1.35596,1.35603,0.75,0.45
2011.09.21 21:16:11.171,1.35594,1.35604,0.42,0.38
2011.09.21 21:16:11.293,1.35594,1.35604,0.38,0.38
2011.09.21 21:16:11.414,1.35595,1.35605,0.38,0.38
2011.09.21 21:16:11.533,1.35596,1.35605,0.75,0.38
2011.09.21 21:16:11.658,1.35598,1.35605,0.75,0.45
2011.09.21 21:16:11.901,1.35597,1.35607,0.45,0.15
2011.09.21 21:16:12.025,1.356,1.35606,0.45,0.15
2011.09.21 21:16:12.140,1.35597,1.35611,0.45,0.30
2011.09.21 21:16:12.589,1.35597,1.35613,0.45,0.75
2011.09.21 21:16:13.270,1.35597,1.35615,0.45,0.75
2011.09.21 21:16:15.309,1.35597,1.35617,0.75,0.75
2011.09.21 21:16:18.260,1.35598,1.35617,0.45,0.75
2011.09.21 21:16:18.818,1.35599,1.35619,1.20,0.75
2011.09.21 21:16:31.152,1.35601,1.35619,0.45,0.75
2011.09.21 21:16:31.498,1.35602,1.3562,0.45,0.75
2011.09.21 21:16:33.044,1.35604,1.3562,0.45,0.75
2011.09.21 21:16:33.166,1.35604,1.35622,0.45,0.75
2011.09.21 21:16:33.507,1.35607,1.3562,1.13,0.38
2011.09.21 21:16:33.861,1.35606,1.35624,0.45,1.88
2011.09.21 21:16:34.279,1.35606,1.35626,1.20,1.88
2011.09.21 21:16:35.481,1.35607,1.35627,1.20,1.50
2011.09.21 21:16:35.606,1.35613,1.35623,0.45,1.50
2011.09.21 21:16:35.962,1.35617,1.35622,1.20,0.30
2011.09.21 21:16:36.301,1.35612,1.35629,0.45,1.13
2011.09.21 21:16:36.421,1.35612,1.35632,0.75,1.88
2011.09.21 21:16:39.769,1.35614,1.35632,0.75,1.13
2011.09.21 21:16:40.770,1.35615,1.35634,0.75,0.68
2011.09.21 21:16:40.893,1.35618,1.35633,0.75,0.30
2011.09.21 21:16:41.338,1.35617,1.35637,1.20,1.88
2011.09.21 21:16:41.899,1.35618,1.35638,0.75,0.45
2011.09.21 21:16:43.172,1.3562,1.35637,0.75,0.45
2011.09.21 21:16:43.409,1.3562,1.3564,0.75,1.88
2011.09.21 21:16:43.639,1.35623,1.3564,0.75,1.13
2011.09.21 21:16:44.174,1.35624,1.35641,0.75,1.13
2011.09.21 21:16:46.284,1.35628,1.3564,0.75,0.38
2011.09.21 21:16:46.623,1.35631,1.35639,0.45,0.30
2011.09.21 21:16:46.850,1.35627,1.35645,0.45,0.38
2011.09.21 21:16:47.633,1.35628,1.35647,0.75,0.38
2011.09.21 21:16:55.278,1.35628,1.35648,1.20,1.13
2011.09.21 21:16:55.971,1.3563,1.35648,0.75,0.38
2011.09.21 21:17:00.781,1.35632,1.35648,0.38,0.38
2011.09.21 21:17:01.382,1.35633,1.35648,0.45,0.38
2011.09.21 21:17:06.210,1.35635,1.35648,0.45,0.38
2011.09.21 21:17:08.598,1.35635,1.3565,0.45,0.38
2011.09.21 21:17:11.787,1.35635,1.35652,0.45,0.75
2011.09.21 21:17:17.269,1.35635,1.35654,0.45,0.75
2011.09.21 21:17:17.838,1.35637,1.35654,0.45,0.75
2011.09.21 21:17:18.223,1.35639,1.35654,0.45,0.75
2011.09.21 21:17:20.350,1.35639,1.35656,0.45,0.75
2011.09.21 21:17:20.471,1.35639,1.35658,0.45,0.75
2011.09.21 21:17:21.917,1.35641,1.35658,0.45,0.75
2011.09.21 21:17:22.030,1.35642,1.35658,0.45,0.75
2011.09.21 21:17:25.042,1.35642,1.3566,0.45,0.75
2011.09.21 21:17:41.699,1.35642,1.35662,1.20,1.50
2011.09.21 21:17:52.913,1.35646,1.3566,0.75,0.75
2011.09.21 21:17:53.038,1.35645,1.35664,1.20,0.75
2011.09.21 21:17:57.134,1.35646,1.35666,1.20,0.75
2011.09.21 21:18:02.188,1.35648,1.35667,0.45,0.75
2011.09.21 21:18:02.298,1.3565,1.35667,0.45,0.75
2011.09.21 21:18:04.672,1.35651,1.35668,0.45,0.75
2011.09.21 21:18:05.013,1.35654,1.35667,0.45,0.75
2011.09.21 21:18:05.461,1.35654,1.3567,0.45,0.75
2011.09.21 21:18:05.581,1.3566,1.35678,0.45,0.75
2011.09.21 21:18:09.708,1.35662,1.35678,0.45,0.75
2011.09.21 21:18:11.281,1.35659,1.35678,0.45,0.75
2011.09.21 21:18:11.848,1.35661,1.35678,0.45,0.75
2011.09.21 21:18:12.711,1.35668,1.35681,0.75,0.38
2011.09.21 21:18:12.831,1.35666,1.35681,0.75,0.38
2011.09.21 21:18:12.951,1.35669,1.35681,0.38,0.38
2011.09.21 21:18:16.473,1.35667,1.35681,0.68,0.38
2011.09.21 21:18:16.590,1.35665,1.35681,0.45,0.38
2011.09.21 21:18:22.937,1.35672,1.35676,0.38,0.68
2011.09.21 21:18:23.272,1.35669,1.3568,0.38,0.38
2011.09.21 21:18:25.811,1.35672,1.3568,0.38,0.75
2011.09.21 21:18:26.161,1.35676,1.3568,0.30,0.60
2011.09.21 21:18:26.284,1.35662,1.3568,0.75,0.60
2011.09.21 21:18:26.402,1.35669,1.35676,0.38,0.45
2011.09.21 21:18:26.522,1.35668,1.35679,0.38,0.38
2011.09.21 21:18:30.470,1.3567,1.3568,0.38,0.75
2011.09.21 21:18:30.594,1.35672,1.35678,0.75,0.75
2011.09.21 21:18:30.714,1.35661,1.35679,0.75,0.75
2011.09.21 21:18:30.832,1.35659,1.35679,0.75,0.75
2011.09.21 21:18:30.953,1.35671,1.35679,0.75,0.75
2011.09.21 21:18:31.301,1.35668,1.35685,0.75,0.45
2011.09.21 21:18:31.698,1.3567,1.35685,0.75,0.45
2011.09.21 21:18:33.090,1.3567,1.35687,0.75,0.90
2011.09.21 21:18:33.689,1.35674,1.35685,0.75,0.45
2011.09.21 21:18:34.139,1.35672,1.35688,0.75,0.45
2011.09.21 21:18:37.010,1.35674,1.35688,0.75,0.45
2011.09.21 21:18:38.458,1.35674,1.35691,0.75,0.45
2011.09.21 21:18:46.247,1.35676,1.35691,0.75,0.45
2011.09.21 21:18:48.236,1.35676,1.35693,0.75,0.45
2011.09.21 21:18:51.418,1.35684,1.35699,0.75,0.45
2011.09.21 21:18:56.911,1.35684,1.35701,0.75,0.45
2011.09.21 21:18:57.251,1.35685,1.35703,0.75,0.75
2011.09.21 21:18:57.368,1.3569,1.35705,0.45,0.75
2011.09.21 21:18:57.963,1.357,1.35707,1.50,0.75
2011.09.21 21:18:58.325,1.35699,1.35711,0.75,2.25
2011.09.21 21:18:58.440,1.35703,1.3571,0.75,0.75
2011.09.21 21:18:58.826,1.35698,1.35718,0.75,1.50
2011.09.21 21:19:00.453,1.35703,1.35716,0.38,0.75
2011.09.21 21:19:00.809,1.357,1.3572,0.75,1.50
2011.09.21 21:19:01.039,1.35703,1.35712,0.75,0.75
2011.09.21 21:19:01.163,1.35701,1.35712,0.45,0.75
2011.09.21 21:19:01.280,1.3569,1.3571,1.95,0.75
2011.09.21 21:19:01.838,1.3569,1.35709,0.75,0.75
2011.09.21 21:19:02.947,1.3569,1.3571,1.50,0.75
2011.09.21 21:19:03.518,1.3569,1.35709,0.75,0.75
2011.09.21 21:19:04.162,1.35689,1.35709,0.75,0.75
2011.09.21 21:19:05.111,1.3569,1.3571,0.75,0.75
2011.09.21 21:19:05.896,1.35689,1.35709,0.75,0.75
2011.09.21 21:19:06.133,1.35694,1.35712,0.75,0.45
2011.09.21 21:19:06.249,1.35694,1.35714,1.20,0.75
2011.09.21 21:19:07.998,1.35696,1.35714,0.45,0.75
2011.09.21 21:19:08.437,1.35698,1.35714,0.45,0.75
2011.09.21 21:19:09.049,1.35696,1.35714,0.45,1.50
2011.09.21 21:19:09.175,1.35696,1.35703,0.45,0.38
2011.09.21 21:19:09.288,1.35689,1.35703,0.38,0.68
2011.09.21 21:19:09.408,1.35689,1.357,0.38,0.38
2011.09.21 21:19:11.107,1.35689,1.35701,0.38,0.38
2011.09.21 21:19:11.457,1.35694,1.35703,0.45,0.30
2011.09.21 21:19:11.578,1.35692,1.35703,1.20,0.30
2011.09.21 21:19:11.806,1.35692,1.35711,1.20,0.38
2011.09.21 21:19:13.103,1.35689,1.35706,0.38,0.75
2011.09.21 21:19:13.442,1.35687,1.35702,0.75,0.45
2011.09.21 21:19:13.824,1.35683,1.35699,1.50,0.45
2011.09.21 21:19:14.270,1.35683,1.35697,1.50,0.45
2011.09.21 21:19:14.608,1.3568,1.35691,0.75,0.90
2011.09.21 21:19:15.168,1.35681,1.35691,0.75,0.45
2011.09.21 21:19:15.917,1.35681,1.35696,0.75,0.45
2011.09.21 21:19:16.651,1.35681,1.35694,0.75,0.45
2011.09.21 21:19:16.771,1.35672,1.35689,0.68,0.75
2011.09.21 21:19:16.895,1.35672,1.35692,0.75,0.75
2011.09.21 21:19:17.010,1.35669,1.35689,0.75,0.75
2011.09.21 21:19:18.049,1.35666,1.35685,0.75,0.75
2011.09.21 21:19:18.391,1.35667,1.35681,0.75,0.75
2011.09.21 21:19:20.897,1.35661,1.35681,0.75,2.25
2011.09.21 21:19:21.480,1.35662,1.35682,0.75,0.75
2011.09.21 21:19:22.148,1.35663,1.35682,0.45,0.75
2011.09.21 21:19:22.268,1.35665,1.35685,0.75,0.75
2011.09.21 21:19:22.609,1.35667,1.35687,0.75,0.75
2011.09.21 21:19:23.383,1.35667,1.35684,0.75,3.75
2011.09.21 21:19:23.718,1.35671,1.35678,0.75,1.13
2011.09.21 21:19:23.837,1.35665,1.35682,0.45,1.13
2011.09.21 21:19:24.542,1.35665,1.3568,0.45,0.75
2011.09.21 21:19:24.780,1.35664,1.35684,1.20,0.75
2011.09.21 21:19:24.898,1.35664,1.35682,0.45,0.75
2011.09.21 21:19:27.507,1.35662,1.35682,1.20,0.75
2011.09.21 21:19:28.987,1.35662,1.35673,1.20,0.38
2011.09.21 21:19:29.446,1.35654,1.35671,0.45,0.38
2011.09.21 21:19:29.562,1.35656,1.35671,0.45,0.38
2011.09.21 21:19:30.327,1.35658,1.35671,0.45,0.38
2011.09.21 21:19:30.668,1.35664,1.35671,0.45,0.38
2011.09.21 21:19:30.790,1.35666,1.3568,0.90,0.75
2011.09.21 21:19:30.908,1.35668,1.3568,0.45,0.75
2011.09.21 21:19:31.033,1.35668,1.35688,1.20,0.75
2011.09.21 21:19:31.784,1.35669,1.35689,0.75,0.75
2011.09.21 21:19:35.669,1.35666,1.35679,1.20,0.75
2011.09.21 21:19:36.007,1.35659,1.35675,0.45,0.75
2011.09.21 21:19:36.598,1.35656,1.35675,0.45,0.75
2011.09.21 21:19:39.277,1.35657,1.35675,0.45,0.75
2011.09.21 21:19:39.397,1.35659,1.35675,0.45,0.75
2011.09.21 21:19:42.068,1.35663,1.35681,0.75,0.83
2011.09.21 21:19:42.189,1.35668,1.3568,0.45,0.75
2011.09.21 21:19:42.309,1.35666,1.35681,0.45,0.38
2011.09.21 21:19:42.868,1.35664,1.35681,0.45,0.38
2011.09.21 21:19:43.164,1.35667,1.35681,0.75,0.38
2011.09.21 21:19:43.278,1.35667,1.35683,0.75,0.30
2011.09.21 21:19:43.399,1.35669,1.35683,0.45,0.30
2011.09.21 21:19:43.750,1.35672,1.35683,0.75,0.30
2011.09.21 21:19:43.868,1.35673,1.35691,0.45,0.38
2011.09.21 21:19:50.650,1.35673,1.3569,0.45,0.60
2011.09.21 21:19:50.775,1.35671,1.35687,0.45,0.75
2011.09.21 21:19:51.123,1.35669,1.35681,0.38,1.13
2011.09.21 21:19:51.237,1.35667,1.35681,0.30,1.13
2011.09.21 21:19:51.356,1.35664,1.35681,0.45,0.38
2011.09.21 21:19:51.591,1.35666,1.35683,1.20,0.30
2011.09.21 21:19:51.830,1.35666,1.35685,1.20,0.75
2011.09.21 21:19:52.729,1.35665,1.35685,0.75,1.50
2011.09.21 21:19:53.287,1.35665,1.35684,0.75,0.45
2011.09.21 21:19:54.081,1.35664,1.35684,0.75,1.20
2011.09.21 21:20:05.065,1.35665,1.35681,1.28,0.75
2011.09.21 21:20:05.188,1.35664,1.35679,1.28,1.35
2011.09.21 21:20:05.315,1.35661,1.35679,1.50,1.20
2011.09.21 21:20:05.438,1.35661,1.35676,1.50,1.20
2011.09.21 21:20:05.684,1.35661,1.35674,0.75,1.20
2011.09.21 21:20:05.804,1.35652,1.35681,1.20,1.20
2011.09.21 21:20:06.443,1.35655,1.35675,1.65,0.75
2011.09.21 21:20:10.497,1.3565,1.35678,1.20,1.20
2011.09.21 21:20:14.913,1.35649,1.35677,1.20,1.20
2011.09.21 21:20:18.236,1.35646,1.35678,1.20,1.13
2011.09.21 21:20:18.597,1.35651,1.35671,1.50,1.20
2011.09.21 21:20:18.733,1.35648,1.35671,1.20,1.20
2011.09.21 21:20:20.045,1.35646,1.3567,1.65,1.20
2011.09.21 21:20:20.402,1.35647,1.35668,1.20,1.20
2011.09.21 21:20:20.529,1.35641,1.35672,1.20,1.58
2011.09.21 21:20:20.988,1.35636,1.35667,1.50,1.50
2011.09.21 21:20:21.649,1.35636,1.35667,1.50,1.50
2011.09.21 21:20:23.556,1.35642,1.35663,1.20,1.20
2011.09.21 21:20:23.691,1.35643,1.35664,1.20,2.25
2011.09.21 21:20:23.814,1.35644,1.35665,1.20,1.20
2011.09.21 21:20:25.648,1.35645,1.35667,1.20,1.20
2011.09.21 21:20:26.392,1.35646,1.35668,1.20,1.95
2011.09.21 21:20:34.714,1.35647,1.35669,1.20,1.13
2011.09.21 21:20:35.073,1.35644,1.35675,1.20,1.05
2011.09.21 21:20:35.316,1.35643,1.35678,1.20,1.65
2011.09.21 21:20:38.147,1.35649,1.35675,1.50,1.65
2011.09.21 21:20:38.525,1.35651,1.35675,1.65,1.20
2011.09.21 21:20:39.268,1.35653,1.35675,1.20,1.20
2011.09.21 21:20:42.723,1.35654,1.35677,1.20,1.20
2011.09.21 21:20:43.193,1.35655,1.35679,1.65,1.50
2011.09.21 21:20:43.312,1.35656,1.35679,1.20,1.20
2011.09.21 21:20:44.709,1.35657,1.3568,1.58,1.20
2011.09.21 21:20:44.833,1.35661,1.35678,1.88,1.20
2011.09.21 21:20:44.961,1.3566,1.35681,1.88,1.95
2011.09.21 21:20:45.084,1.35662,1.35682,1.20,1.05
2011.09.21 21:20:45.325,1.35662,1.35684,1.20,1.20
2011.09.21 21:20:45.924,1.35663,1.35685,1.20,1.20
2011.09.21 21:20:46.432,1.35663,1.35686,1.95,1.20
2011.09.21 21:20:47.833,1.35665,1.35687,1.28,1.50
2011.09.21 21:20:48.192,1.35668,1.35686,1.13,1.20
2011.09.21 21:20:51.545,1.3567,1.35686,1.05,1.50
2011.09.21 21:20:51.772,1.3567,1.35689,1.88,1.50
2011.09.21 21:20:52.329,1.35671,1.3569,1.13,1.50
2011.09.21 21:20:54.946,1.35675,1.35688,2.10,1.05
2011.09.21 21:20:55.306,1.35676,1.35689,1.20,1.88
2011.09.21 21:20:55.426,1.35673,1.35694,1.20,1.43
2011.09.21 21:20:58.900,1.35674,1.35696,1.50,1.05
2011.09.21 21:20:59.255,1.35678,1.35694,1.05,1.05
2011.09.21 21:21:03.326,1.3568,1.35695,1.13,1.13
2011.09.21 21:21:03.452,1.35682,1.35696,1.20,0.75
2011.09.21 21:21:03.580,1.35688,1.35692,0.30,0.75
2011.09.21 21:21:03.827,1.35671,1.357,1.50,0.75
2011.09.21 21:21:05.246,1.35673,1.357,0.75,1.50
2011.09.21 21:21:05.844,1.35674,1.35702,1.20,1.20
2011.09.21 21:21:07.045,1.35675,1.35702,1.20,1.65
2011.09.21 21:21:07.167,1.35677,1.35701,1.20,1.65
2011.09.21 21:21:08.080,1.35678,1.35702,1.20,1.65
2011.09.21 21:21:12.695,1.35685,1.35703,1.20,1.20
2011.09.21 21:21:12.817,1.35677,1.35697,1.20,1.20
2011.09.21 21:21:12.944,1.35677,1.35697,1.20,1.95
2011.09.21 21:21:13.184,1.35677,1.35697,1.95,1.95
2011.09.21 21:21:13.894,1.35677,1.35693,2.25,1.05
2011.09.21 21:21:15.746,1.35674,1.35691,1.20,1.13
2011.09.21 21:21:15.983,1.35671,1.35691,1.65,1.13
2011.09.21 21:21:17.529,1.35676,1.35696,1.20,1.43
2011.09.21 21:21:17.763,1.35677,1.35699,1.20,1.20
2011.09.21 21:21:26.807,1.35682,1.35699,1.20,0.10
2011.09.21 21:21:27.735,1.35682,1.35699,1.20,0.10
2011.09.21 21:21:32.891,1.35682,1.35699,0.45,0.10
2011.09.21 21:21:34.748,1.35682,1.35706,0.45,1.50
2011.09.21 21:21:37.283,1.35686,1.35707,1.20,1.50
2011.09.21 21:21:37.643,1.3569,1.3571,1.65,1.50
2011.09.21 21:21:39.348,1.3569,1.3571,1.65,1.50
2011.09.21 21:21:39.585,1.35685,1.35705,1.65,1.50
2011.09.21 21:21:39.829,1.35684,1.35705,1.20,1.50
2011.09.21 21:21:40.555,1.35681,1.35705,1.65,1.50
2011.09.21 21:21:40.677,1.3568,1.357,2.25,1.50
2011.09.21 21:21:40.795,1.3568,1.357,2.25,2.40
2011.09.21 21:21:41.653,1.3568,1.357,1.50,2.78
2011.09.21 21:21:48.694,1.3568,1.357,1.50,1.20
2011.09.21 21:21:49.043,1.35685,1.35704,1.65,1.05
2011.09.21 21:21:49.472,1.35685,1.35705,1.65,1.50
2011.09.21 21:21:50.163,1.35685,1.35705,1.20,1.50
2011.09.21 21:21:51.588,1.35679,1.357,1.13,2.40
2011.09.21 21:21:51.892,1.35679,1.357,1.13,2.40
2011.09.21 21:21:53.434,1.35678,1.35699,1.13,1.20
2011.09.21 21:21:53.556,1.35675,1.35697,1.50,1.20
2011.09.21 21:21:53.676,1.35675,1.35695,1.05,2.40
2011.09.21 21:21:53.914,1.3567,1.35692,1.50,1.20
2011.09.21 21:21:54.034,1.3567,1.35692,1.50,1.20
2011.09.21 21:21:55.446,1.35671,1.35695,1.20,2.40
2011.09.21 21:21:56.133,1.35669,1.35695,1.88,1.50
2011.09.21 21:21:57.934,1.35669,1.35694,1.88,1.58
2011.09.21 21:21:58.056,1.35669,1.35691,1.13,1.13
2011.09.21 21:21:58.528,1.35669,1.3569,1.13,1.88
2011.09.21 21:21:59.228,1.35668,1.35687,1.13,1.13
2011.09.21 21:22:00.366,1.35669,1.35687,2.48,1.13
2011.09.21 21:22:00.724,1.35679,1.35691,1.05,1.13
2011.09.21 21:22:01.204,1.35679,1.35694,1.05,1.05
2011.09.21 21:22:01.339,1.35675,1.35697,1.50,1.95
2011.09.21 21:22:02.055,1.35675,1.35699,1.50,1.20
2011.09.21 21:22:05.932,1.35672,1.35693,1.35,1.20
2011.09.21 21:22:06.051,1.35671,1.35691,1.35,1.95
2011.09.21 21:22:07.415,1.3567,1.35691,1.88,1.95
2011.09.21 21:22:07.982,1.3567,1.35691,1.88,1.20
2011.09.21 21:22:11.514,1.3567,1.3569,1.13,1.28
2011.09.21 21:22:11.635,1.3567,1.35696,1.20,1.65
2011.09.21 21:22:12.289,1.3567,1.35695,1.20,1.65
2011.09.21 21:22:14.834,1.35669,1.35692,1.58,1.95
2011.09.21 21:22:14.954,1.35669,1.35689,1.13,1.65
2011.09.21 21:22:15.742,1.35669,1.35689,1.13,1.65
2011.09.21 21:22:17.322,1.35669,1.35689,1.13,1.20
2011.09.21 21:22:18.008,1.35668,1.35687,1.13,1.58
2011.09.21 21:22:18.616,1.35668,1.35687,1.13,1.58
2011.09.21 21:22:22.452,1.35669,1.35686,1.13,1.28
2011.09.21 21:22:22.815,1.35674,1.35689,1.05,1.05
2011.09.21 21:22:23.505,1.35677,1.35691,1.05,1.13
2011.09.21 21:22:24.073,1.35673,1.35693,2.25,2.25
2011.09.21 21:22:24.197,1.35673,1.35691,1.50,1.13
2011.09.21 21:22:24.444,1.35668,1.35688,1.88,1.65
2011.09.21 21:22:24.922,1.35668,1.35688,1.88,1.20
2011.09.21 21:22:25.529,1.35668,1.35689,1.88,1.20
2011.09.21 21:22:42.514,1.35668,1.35689,1.13,1.20
2011.09.21 21:22:42.759,1.35664,1.3569,1.20,1.20
2011.09.21 21:22:43.375,1.35663,1.35688,1.20,1.20
2011.09.21 21:22:45.651,1.35658,1.35684,1.20,1.20
2011.09.21 21:22:46.222,1.35654,1.35679,1.20,1.20
2011.09.21 21:22:46.909,1.35654,1.3568,1.20,1.20
2011.09.21 21:22:47.275,1.35655,1.35676,1.13,1.65
2011.09.21 21:22:49.021,1.35649,1.3567,1.13,1.65
2011.09.21 21:22:49.260,1.35652,1.35674,1.20,1.88
2011.09.21 21:22:49.626,1.35659,1.35669,1.13,1.05
2011.09.21 21:22:49.869,1.35656,1.35674,0.75,1.20
2011.09.21 21:22:50.115,1.35656,1.35676,0.75,1.65
2011.09.21 21:22:51.874,1.35653,1.35681,1.20,1.20
2011.09.21 21:23:00.269,1.35656,1.3568,1.20,1.50
2011.09.21 21:23:08.793,1.35658,1.3568,1.20,1.20
2011.09.21 21:23:09.152,1.35662,1.35685,1.20,1.20
2011.09.21 21:23:09.832,1.35662,1.35684,1.20,1.20
2011.09.21 21:23:10.288,1.3566,1.35684,1.20,1.65
2011.09.21 21:23:10.694,1.35662,1.35685,1.20,1.20
2011.09.21 21:23:11.279,1.35664,1.35686,1.20,1.20
2011.09.21 21:23:17.243,1.35664,1.35686,1.20,1.20
2011.09.21 21:23:17.968,1.35666,1.35687,1.20,1.50
2011.09.21 21:23:19.533,1.35664,1.35687,1.20,1.95
2011.09.21 21:23:28.964,1.35664,1.35687,1.20,1.20
2011.09.21 21:23:30.522,1.35664,1.35689,1.20,1.65
2011.09.21 21:23:30.754,1.35666,1.35689,1.20,1.20
2011.09.21 21:23:31.184,1.35663,1.35689,1.95,2.40
2011.09.21 21:23:31.425,1.35663,1.35687,1.95,1.65
2011.09.21 21:23:34.305,1.35663,1.35689,1.95,2.40
2011.09.21 21:23:34.423,1.35665,1.35689,1.20,2.40
2011.09.21 21:23:35.004,1.35667,1.35689,1.20,1.95
2011.09.21 21:23:38.742,1.35665,1.35689,1.20,2.40
2011.09.21 21:23:39.119,1.35664,1.35687,1.50,1.65
2011.09.21 21:23:44.500,1.35664,1.35687,1.50,1.65
2011.09.21 21:23:48.761,1.35665,1.35688,1.20,1.20
2011.09.21 21:23:51.623,1.35668,1.35689,1.20,1.50
2011.09.21 21:23:57.191,1.35669,1.35691,1.20,1.50
2011.09.21 21:24:01.328,1.35673,1.35694,1.95,2.25
2011.09.21 21:24:01.697,1.35678,1.35698,2.25,1.50
2011.09.21 21:24:01.818,1.35678,1.357,2.70,1.20
2011.09.21 21:24:02.416,1.35677,1.35696,1.43,1.20
2011.09.21 21:24:02.540,1.35677,1.35696,1.05,1.20
2011.09.21 21:24:03.178,1.35675,1.35696,1.50,1.20
2011.09.21 21:24:04.402,1.35675,1.35697,1.95,1.20
2011.09.21 21:24:06.603,1.35676,1.35699,1.20,1.20
2011.09.21 21:24:09.573,1.35675,1.35697,1.20,1.20
2011.09.21 21:24:11.210,1.35672,1.35695,1.88,1.65
2011.09.21 21:24:11.347,1.3567,1.35693,1.20,1.20
2011.09.21 21:24:12.073,1.35666,1.35691,1.20,1.65
2011.09.21 21:24:12.654,1.35666,1.35688,1.20,1.20
2011.09.21 21:24:12.780,1.35666,1.35688,1.20,1.20
2011.09.21 21:24:13.147,1.35664,1.35688,1.20,1.65
2011.09.21 21:24:13.387,1.35667,1.35689,1.20,1.20
2011.09.21 21:24:13.520,1.35673,1.35689,1.50,1.20
2011.09.21 21:24:13.889,1.35673,1.35691,1.81,1.13
2011.09.21 21:24:14.135,1.35674,1.35692,2.34,1.58
2011.09.21 21:24:18.304,1.35676,1.35692,1.05,1.13
2011.09.21 21:24:18.428,1.35679,1.35692,1.05,1.20
2011.09.21 21:24:18.796,1.35674,1.35696,1.20,1.65
2011.09.21 21:24:19.752,1.35676,1.35698,1.20,1.05
2011.09.21 21:24:20.106,1.35684,1.35704,1.55,1.43
2011.09.21 21:24:29.474,1.35684,1.35703,1.43,1.58
2011.09.21 21:24:29.714,1.35682,1.35701,1.05,1.65
2011.09.21 21:24:29.835,1.35681,1.35701,1.88,1.65
2011.09.21 21:24:30.453,1.35681,1.35701,1.13,1.20
2011.09.21 21:24:33.233,1.35681,1.35702,1.13,2.70
2011.09.21 21:24:35.145,1.35678,1.35694,2.55,1.31
2011.09.21 21:24:35.504,1.35678,1.35683,1.05,1.13
2011.09.21 21:24:35.733,1.35664,1.35683,1.95,1.43
2011.09.21 21:24:37.725,1.35662,1.35682,1.13,1.95
2011.09.21 21:24:38.313,1.35661,1.35681,1.50,1.95
2011.09.21 21:24:40.522,1.35663,1.35683,1.20,2.18
2011.09.21 21:24:41.383,1.35663,1.35683,1.20,1.80
2011.09.21 21:24:47.307,1.35663,1.35683,1.58,1.05
2011.09.21 21:24:47.673,1.35663,1.35684,1.58,1.05
2011.09.21 21:24:48.408,1.35663,1.35685,1.58,1.76
2011.09.21 21:25:06.514,1.35672,1.35677,0.38,1.76
2011.09.21 21:25:06.756,1.35671,1.3568,1.13,1.43
2011.09.21 21:25:09.824,1.35665,1.35688,2.00,2.19
2011.09.21 21:25:10.277,1.35669,1.35692,1.50,1.83
2011.09.21 21:25:11.675,1.3567,1.35691,1.20,1.56
2011.09.21 21:25:12.280,1.35682,1.35691,1.50,1.23
2011.09.21 21:25:12.644,1.3568,1.35695,1.50,1.05
2011.09.21 21:25:12.872,1.35681,1.35696,1.05,1.13
2011.09.21 21:25:13.867,1.35692,1.35698,1.50,0.45
2011.09.21 21:25:13.998,1.35691,1.35702,1.05,2.25
2011.09.21 21:25:14.129,1.35686,1.35705,1.50,1.05
2011.09.21 21:25:14.256,1.35695,1.35699,0.38,1.50
2011.09.21 21:25:14.378,1.35696,1.3571,1.50,1.50
2011.09.21 21:25:14.509,1.35696,1.35713,1.50,1.13
2011.09.21 21:25:16.341,1.357,1.35707,0.90,1.35
2011.09.21 21:25:16.478,1.35692,1.35712,1.65,1.35
2011.09.21 21:25:16.609,1.35693,1.35705,1.50,1.95
2011.09.21 21:25:16.738,1.35695,1.3571,1.13,1.50
2011.09.21 21:25:16.867,1.35699,1.35713,1.05,1.28
2011.09.21 21:25:16.994,1.35699,1.35713,1.05,1.28
2011.09.21 21:25:17.874,1.35699,1.35714,1.05,1.13
2011.09.21 21:25:18.802,1.35693,1.35711,1.43,1.50
2011.09.21 21:25:19.180,1.35695,1.35709,1.13,1.20
2011.09.21 21:25:19.306,1.35697,1.3571,1.05,1.65
2011.09.21 21:25:19.535,1.35697,1.35714,1.05,2.33
2011.09.21 21:25:26.312,1.35697,1.35712,1.05,1.50
2011.09.21 21:25:26.682,1.35691,1.35704,1.05,1.20
2011.09.21 21:25:26.813,1.35697,1.35711,1.50,1.65
2011.09.21 21:25:26.938,1.35696,1.35712,1.50,1.20
2011.09.21 21:25:27.313,1.35696,1.35713,1.80,1.20
2011.09.21 21:25:28.214,1.35696,1.35713,1.05,1.20
2011.09.21 21:25:35.461,1.35696,1.35713,1.80,1.13
2011.09.21 21:26:27.222,1.35696,1.35714,1.50,1.43
2011.09.21 21:26:41.713,1.35694,1.35708,1.50,2.10
2011.09.21 21:26:42.054,1.35692,1.35708,1.20,2.48
2011.09.21 21:26:42.556,1.35694,1.35708,1.05,2.78
2011.09.21 21:26:47.140,1.35698,1.35715,1.50,2.55
2011.09.21 21:26:47.272,1.35699,1.35715,1.20,1.65
2011.09.21 21:26:47.758,1.35697,1.35715,1.05,1.65
2011.09.21 21:26:53.100,1.35697,1.35715,1.05,1.28
2011.09.21 21:26:53.680,1.35692,1.35712,2.07,1.35
2011.09.21 21:26:54.199,1.35692,1.35712,1.13,1.35
2011.09.21 21:26:55.431,1.35692,1.35713,1.20,1.05
2011.09.21 21:26:55.557,1.35696,1.35716,1.20,1.05
2011.09.21 21:26:55.792,1.35696,1.35719,1.20,1.80
2011.09.21 21:26:56.150,1.35705,1.35719,1.50,1.05
2011.09.21 21:26:56.516,1.3571,1.35726,1.20,1.05
2011.09.21 21:26:57.817,1.3571,1.35726,1.20,1.65
2011.09.21 21:26:58.404,1.3571,1.35726,1.20,1.65
2011.09.21 21:26:58.825,1.35713,1.35726,1.13,1.65
2011.09.21 21:26:59.177,1.35718,1.35734,1.65,1.50
2011.09.21 21:26:59.308,1.35718,1.35738,1.65,2.85
2011.09.21 21:26:59.907,1.35718,1.35738,1.65,2.85
2011.09.21 21:27:02.205,1.35718,1.35741,1.65,1.50
2011.09.21 21:27:07.715,1.3572,1.35742,1.95,1.95
2011.09.21 21:27:07.836,1.3572,1.35743,3.15,3.68
2011.09.21 21:27:07.960,1.35723,1.35743,1.28,1.80
2011.09.21 21:27:08.087,1.35724,1.35743,2.03,1.80
2011.09.21 21:27:08.817,1.35726,1.35745,1.95,1.05
2011.09.21 21:27:09.426,1.35727,1.35745,1.95,1.05
2011.09.21 21:27:09.544,1.35728,1.35745,1.20,1.05
2011.09.21 21:27:09.786,1.35725,1.35744,1.50,1.43
2011.09.21 21:27:10.714,1.35729,1.35745,1.20,1.05
2011.09.21 21:27:11.092,1.35728,1.35748,1.65,2.10
2011.09.21 21:27:11.216,1.35735,1.35755,1.65,1.73
2011.09.21 21:27:11.577,1.35736,1.35756,2.03,2.85
2011.09.21 21:27:11.695,1.35736,1.35756,1.58,2.85
2011.09.21 21:27:12.294,1.35736,1.35756,1.58,2.25
2011.09.21 21:27:12.640,1.35739,1.35757,1.20,1.05
2011.09.21 21:27:12.885,1.35738,1.35761,2.03,1.80
2011.09.21 21:27:13.013,1.35739,1.35763,1.28,1.13
2011.09.21 21:27:13.137,1.3574,1.35763,1.65,1.13
2011.09.21 21:27:13.382,1.35737,1.35763,1.65,1.43
2011.09.21 21:27:13.863,1.35737,1.35762,2.70,1.13
2011.09.21 21:27:13.999,1.3574,1.35762,1.58,1.13
2011.09.21 21:27:14.127,1.3574,1.35762,1.58,1.13
2011.09.21 21:27:21.478,1.35738,1.35757,1.20,1.50
2011.09.21 21:27:22.376,1.35737,1.35754,1.80,1.50
2011.09.21 21:27:22.738,1.35736,1.35752,1.95,1.05
2011.09.21 21:27:22.866,1.35731,1.3575,1.58,2.18
2011.09.21 21:27:22.988,1.35731,1.35744,1.20,1.05
2011.09.21 21:27:23.236,1.35727,1.35743,1.95,1.05
2011.09.21 21:27:23.477,1.3573,1.3575,1.95,2.18
2011.09.21 21:27:23.595,1.3573,1.3575,2.40,1.43
2011.09.21 21:27:23.714,1.3573,1.3575,2.40,1.13
2011.09.21 21:27:23.943,1.3573,1.3575,1.20,1.13
2011.09.21 21:27:25.464,1.3573,1.35751,1.20,1.13
2011.09.21 21:27:26.632,1.35731,1.35751,1.20,1.13
2011.09.21 21:27:28.085,1.35732,1.35752,1.65,1.88
2011.09.21 21:27:28.684,1.35733,1.35752,1.65,1.13
2011.09.21 21:27:29.704,1.35733,1.35753,1.65,2.55
2011.09.21 21:27:42.125,1.3574,1.35744,1.05,0.38
2011.09.21 21:27:42.250,1.35733,1.35749,1.28,1.05
2011.09.21 21:27:42.380,1.35729,1.35751,1.20,1.13
2011.09.21 21:27:42.512,1.35728,1.3575,1.20,1.05
2011.09.21 21:27:42.641,1.35729,1.35739,1.13,1.20
2011.09.21 21:27:43.163,1.35729,1.35751,1.58,1.58
2011.09.21 21:27:43.746,1.35729,1.35751,1.58,1.58
2011.09.21 21:27:46.832,1.3573,1.35751,1.20,1.13
2011.09.21 21:27:47.080,1.35727,1.3575,1.05,2.03
2011.09.21 21:27:47.206,1.35727,1.35749,1.50,1.20
2011.09.21 21:27:47.330,1.35728,1.35751,1.50,2.18
2011.09.21 21:27:47.459,1.35729,1.3575,1.20,1.13
2011.09.21 21:27:47.584,1.35729,1.3575,2.03,1.13
2011.09.21 21:27:47.825,1.35732,1.35752,1.20,2.55
2011.09.21 21:27:48.069,1.35732,1.35752,1.65,2.18
2011.09.21 21:27:48.624,1.35732,1.35752,1.20,2.18
2011.09.21 21:27:48.866,1.35731,1.35751,1.20,1.13
2011.09.21 21:27:49.505,1.35731,1.35752,1.20,2.55
2011.09.21 21:27:51.867,1.35731,1.35752,1.20,2.55
2011.09.21 21:27:52.509,1.35733,1.35752,1.20,1.43
2011.09.21 21:27:54.085,1.35733,1.35751,2.03,1.50
2011.09.21 21:27:54.225,1.35726,1.3575,1.65,2.63
2011.09.21 21:27:55.296,1.35726,1.35748,1.65,1.50
2011.09.21 21:28:00.143,1.35725,1.3575,2.78,2.63
2011.09.21 21:28:00.506,1.35728,1.3575,2.33,1.88
2011.09.21 21:28:03.182,1.35729,1.3575,1.28,1.13
2011.09.21 21:28:07.391,1.35729,1.3575,2.03,1.13
2011.09.21 21:28:07.937,1.35729,1.3575,1.28,1.13
2011.09.21 21:28:10.061,1.35729,1.3575,2.03,1.13
2011.09.21 21:28:10.292,1.35729,1.3575,1.13,1.58
2011.09.21 21:28:10.633,1.35729,1.3575,2.03,1.13
2011.09.21 21:28:22.373,1.35729,1.3575,1.58,1.13
2011.09.21 21:28:22.954,1.35729,1.35749,2.33,1.13
2011.09.21 21:28:24.306,1.35728,1.35748,2.03,1.13
2011.09.21 21:28:24.893,1.35728,1.35746,1.13,1.13
2011.09.21 21:28:25.383,1.35728,1.35745,1.13,1.13
2011.09.21 21:28:25.868,1.35728,1.35741,1.13,1.05
2011.09.21 21:28:28.549,1.35727,1.3574,1.13,1.73
2011.09.21 21:28:28.798,1.35724,1.35738,1.13,1.50
2011.09.21 21:28:28.926,1.35723,1.35736,1.28,1.05
2011.09.21 21:28:29.639,1.35724,1.35741,1.43,1.43
2011.09.21 21:28:29.884,1.35724,1.35741,1.28,1.43
2011.09.21 21:28:32.351,1.35726,1.35742,1.20,1.05
2011.09.21 21:28:33.672,1.3573,1.35742,1.20,1.05
2011.09.21 21:28:34.034,1.3573,1.3575,1.65,1.05
2011.09.21 21:28:34.373,1.3573,1.35751,1.65,1.88
2011.09.21 21:28:34.494,1.3573,1.35751,1.65,1.88
2011.09.21 21:28:35.424,1.3573,1.35751,1.65,1.88
2011.09.21 21:28:46.481,1.3573,1.35751,1.65,1.13
2011.09.21 21:28:46.857,1.35735,1.35755,1.65,1.05
2011.09.21 21:28:47.453,1.3574,1.3576,1.20,1.50
2011.09.21 21:28:47.580,1.35737,1.35761,1.65,1.35
2011.09.21 21:28:47.703,1.35737,1.35761,1.65,1.35
2011.09.21 21:28:49.863,1.35737,1.35761,1.65,1.35
2011.09.21 21:28:52.481,1.35738,1.35761,1.65,1.35
2011.09.21 21:28:53.283,1.35742,1.35762,1.20,1.43
2011.09.21 21:28:53.406,1.35741,1.35762,1.65,1.43
2011.09.21 21:28:53.643,1.35741,1.35762,1.65,1.43
2011.09.21 21:28:54.923,1.35738,1.35762,1.13,1.43
2011.09.21 21:28:55.504,1.35738,1.35762,1.13,1.43
2011.09.21 21:28:56.273,1.35738,1.35762,1.13,1.43
2011.09.21 21:28:56.504,1.3574,1.35762,1.13,1.05
2011.09.21 21:28:57.113,1.35746,1.35767,1.20,1.05
2011.09.21 21:28:57.357,1.3575,1.35774,1.65,1.20
2011.09.21 21:28:58.233,1.35752,1.35774,1.20,1.20
2011.09.21 21:28:58.591,1.35752,1.35776,1.65,1.20
2011.09.21 21:28:59.355,1.35752,1.35774,1.20,1.20
2011.09.21 21:29:01.307,1.35749,1.35771,1.20,1.20
2011.09.21 21:29:02.594,1.35747,1.35771,1.65,1.20
2011.09.21 21:29:02.958,1.35756,1.35771,2.30,1.65
2011.09.21 21:29:03.212,1.35756,1.35774,1.50,1.20
2011.09.21 21:29:03.336,1.35762,1.35782,1.50,1.05
2011.09.21 21:29:06.544,1.35761,1.35782,2.33,1.43
2011.09.21 21:29:07.352,1.35761,1.35782,2.33,1.43
2011.09.21 21:29:07.714,1.3576,1.3578,1.80,1.20
2011.09.21 21:29:08.314,1.35758,1.35781,1.88,2.03
2011.09.21 21:29:08.442,1.35761,1.35781,1.13,2.03
2011.09.21 21:29:10.705,1.3576,1.3578,1.05,1.20
2011.09.21 21:29:10.934,1.35759,1.35779,1.80,1.65
2011.09.21 21:29:11.512,1.35759,1.3578,1.13,1.65
2011.09.21 21:29:12.495,1.35758,1.35776,1.05,1.50
2011.09.21 21:29:13.975,1.35757,1.35777,1.32,1.80
2011.09.21 21:29:15.897,1.35755,1.35773,1.05,3.23
2011.09.21 21:29:16.264,1.35751,1.35771,1.50,1.80
2011.09.21 21:29:16.503,1.35751,1.35771,1.20,1.35
2011.09.21 21:29:17.884,1.3575,1.35771,1.13,1.20
2011.09.21 21:29:20.645,1.35749,1.35771,1.58,1.20
2011.09.21 21:29:20.883,1.35754,1.35764,1.50,1.35
2011.09.21 21:29:21.011,1.35749,1.35766,1.80,1.35
2011.09.21 21:29:21.139,1.35742,1.35762,1.13,1.58
2011.09.21 21:29:21.267,1.35744,1.35767,1.05,1.20
2011.09.21 21:29:21.626,1.35744,1.35768,1.20,1.35
2011.09.21 21:29:22.219,1.35744,1.35768,1.20,1.80
2011.09.21 21:29:33.736,1.35746,1.35768,1.58,1.20
2011.09.21 21:29:33.967,1.35748,1.3577,2.33,1.20
2011.09.21 21:29:35.356,1.35748,1.3577,1.20,1.95
2011.09.21 21:29:35.476,1.35745,1.35768,2.25,1.20
2011.09.21 21:29:35.837,1.35745,1.35765,1.50,1.20
2011.09.21 21:29:41.725,1.35743,1.35765,1.20,1.20
2011.09.21 21:29:41.847,1.35741,1.35764,1.50,1.20
2011.09.21 21:29:41.977,1.3574,1.35761,1.05,1.20
2011.09.21 21:29:42.463,1.3574,1.35762,1.20,1.65
2011.09.21 21:29:42.991,1.35738,1.35764,1.24,1.65
2011.09.21 21:29:55.764,1.35744,1.35765,1.50,1.20
2011.09.21 21:29:56.343,1.35741,1.35766,3.19,1.20
2011.09.21 21:30:00.640,1.35746,1.35767,1.50,1.20
2011.09.21 21:30:01.933,1.35746,1.35768,1.95,1.80
2011.09.21 21:30:02.560,1.35746,1.35768,1.20,1.35
2011.09.21 21:30:05.506,1.35746,1.35768,1.20,1.80
2011.09.21 21:30:10.267,1.35746,1.35768,1.20,1.80
2011.09.21 21:30:10.854,1.35747,1.35768,1.50,1.80
2011.09.21 21:30:11.873,1.35747,1.35768,1.95,1.35
2011.09.21 21:30:13.662,1.35746,1.35768,1.20,1.35
2011.09.21 21:30:16.244,1.35748,1.35768,1.20,1.35
2011.09.21 21:30:22.351,1.35748,1.35768,1.95,1.35
2011.09.21 21:30:26.243,1.35748,1.35768,1.50,1.80
2011.09.21 21:30:26.845,1.35748,1.35768,1.50,1.35
2011.09.21 21:30:43.014,1.35747,1.35768,1.50,1.20
2011.09.21 21:30:47.555,1.35747,1.35769,1.20,1.20
2011.09.21 21:30:49.885,1.35745,1.35769,1.95,1.20
2011.09.21 21:30:50.243,1.35744,1.35766,1.20,2.10
2011.09.21 21:30:52.545,1.35744,1.35763,1.65,1.43
2011.09.21 21:30:52.664,1.35743,1.35763,1.20,1.43
2011.09.21 21:30:56.704,1.35744,1.35764,1.20,1.05
2011.09.21 21:30:58.973,1.35746,1.35763,1.50,1.43
2011.09.21 21:31:06.076,1.35745,1.35762,1.43,2.70
2011.09.21 21:31:06.320,1.3574,1.35756,1.13,1.05
2011.09.21 21:31:06.805,1.35742,1.3576,1.20,2.85
2011.09.21 21:31:08.438,1.35742,1.3576,1.20,2.85
2011.09.21 21:31:10.364,1.35742,1.35761,1.20,1.13
2011.09.21 21:31:11.262,1.35742,1.35761,1.20,1.13
2011.09.21 21:31:12.724,1.35742,1.35759,1.20,2.10
2011.09.21 21:31:12.848,1.35741,1.35756,1.13,1.05
2011.09.21 21:31:12.976,1.35739,1.35756,1.43,2.55
2011.09.21 21:31:14.792,1.3574,1.35754,1.58,1.05
2011.09.21 21:31:14.931,1.35742,1.35761,2.33,1.13
2011.09.21 21:31:16.555,1.35742,1.35761,1.58,1.13
2011.09.21 21:31:17.275,1.35741,1.35761,1.43,1.13
2011.09.21 21:31:18.813,1.35741,1.35761,1.43,1.13
2011.09.21 21:31:21.254,1.3574,1.35761,1.13,2.48
2011.09.21 21:31:21.615,1.3574,1.35759,1.43,1.95
2011.09.21 21:31:36.209,1.35741,1.35758,1.13,2.10
2011.09.21 21:31:36.337,1.35742,1.3576,1.20,2.10
2011.09.21 21:31:36.868,1.35742,1.3576,1.20,2.10
2011.09.21 21:31:38.125,1.35742,1.35763,1.20,3.15
2011.09.21 21:31:44.063,1.35743,1.35763,1.50,2.40
2011.09.21 21:31:48.434,1.35744,1.35763,1.50,1.65
2011.09.21 21:32:09.573,1.35742,1.35763,2.33,1.65
2011.09.21 21:32:13.275,1.35741,1.35762,1.43,1.58
2011.09.21 21:32:13.399,1.35741,1.35762,1.43,2.33
2011.09.21 21:32:14.844,1.35741,1.35761,1.43,2.03
2011.09.21 21:32:14.968,1.35739,1.35759,1.05,1.20
2011.09.21 21:32:15.578,1.35738,1.3576,2.33,1.20
2011.09.21 21:32:19.271,1.35738,1.35761,1.58,1.58
2011.09.21 21:32:30.487,1.35738,1.35761,1.13,2.03
2011.09.21 21:32:30.607,1.35737,1.35757,1.43,1.95
2011.09.21 21:32:30.728,1.35737,1.35754,1.43,1.50
2011.09.21 21:32:35.834,1.35736,1.35751,1.43,2.10
2011.09.21 21:32:36.205,1.35729,1.35749,1.88,1.05
2011.09.21 21:32:41.385,1.35729,1.35751,1.13,1.65
2011.09.21 21:32:42.393,1.35729,1.35752,1.88,2.78
2011.09.21 21:32:42.636,1.35729,1.35751,1.13,1.65
2011.09.21 21:32:52.715,1.35729,1.35751,1.13,1.65
2011.09.21 21:32:55.313,1.35729,1.35752,1.13,3.53
2011.09.21 21:32:56.297,1.35728,1.35748,1.58,2.48
2011.09.21 21:32:56.654,1.35728,1.35744,1.13,1.20
2011.09.21 21:32:59.195,1.35728,1.35743,1.05,2.03
2011.09.21 21:32:59.557,1.35728,1.35737,0.30,1.65
2011.09.21 21:32:59.675,1.35715,1.35737,1.50,1.65
2011.09.21 21:33:00.023,1.35715,1.35737,1.95,1.20
2011.09.21 21:33:00.554,1.35715,1.35735,1.20,1.50
2011.09.21 21:33:00.917,1.35715,1.35733,1.13,1.65
2011.09.21 21:33:01.489,1.35707,1.35727,1.50,1.20
2011.09.21 21:33:02.033,1.35713,1.35733,1.20,1.50
2011.09.21 21:33:02.395,1.35713,1.35734,1.20,1.50
2011.09.21 21:33:03.561,1.35713,1.35734,1.20,1.50
2011.09.21 21:33:08.634,1.35715,1.35734,1.20,1.50
2011.09.21 21:33:08.994,1.35719,1.35738,1.20,1.50
2011.09.21 21:33:09.532,1.35719,1.35738,1.20,1.50
2011.09.21 21:33:12.189,1.3572,1.3574,1.20,1.50
2011.09.21 21:33:12.314,1.3572,1.3574,1.20,1.50
2011.09.21 21:33:12.895,1.35718,1.3574,1.20,1.95
2011.09.21 21:33:14.982,1.35718,1.3574,1.20,1.95
2011.09.21 21:33:15.334,1.3572,1.3574,1.20,1.50
2011.09.21 21:33:16.334,1.35722,1.3574,1.20,1.50
2011.09.21 21:33:16.983,1.35723,1.35742,1.20,2.10
2011.09.21 21:33:20.475,1.3572,1.3574,1.20,2.25
2011.09.21 21:33:21.883,1.35718,1.35739,1.20,1.50
2011.09.21 21:33:22.565,1.35718,1.35739,1.20,1.13
2011.09.21 21:33:22.685,1.35718,1.35737,1.20,1.50
2011.09.21 21:33:23.148,1.35718,1.35737,1.65,1.50
2011.09.21 21:33:23.516,1.35716,1.35732,2.40,1.13
2011.09.21 21:33:23.999,1.35716,1.35732,1.20,1.50
2011.09.21 21:33:25.115,1.35716,1.35731,1.20,1.05
2011.09.21 21:33:25.236,1.35718,1.35731,1.20,1.05
2011.09.21 21:33:25.360,1.3572,1.35734,1.20,2.25
2011.09.21 21:33:25.725,1.35718,1.35734,1.20,1.50
2011.09.21 21:33:32.030,1.35717,1.35734,2.25,1.50
2011.09.21 21:33:32.594,1.35719,1.35734,1.20,1.50
2011.09.21 21:33:33.344,1.35719,1.35739,1.20,1.50
2011.09.21 21:33:34.564,1.35719,1.35738,1.65,1.13
2011.09.21 21:33:34.683,1.35721,1.35742,1.20,3.98
2011.09.21 21:33:36.457,1.3572,1.35742,1.20,5.18
2011.09.21 21:33:37.033,1.35724,1.35742,1.20,3.98
2011.09.21 21:33:37.829,1.35723,1.35742,1.20,3.98
2011.09.21 21:33:40.409,1.35722,1.35742,1.20,4.73
2011.09.21 21:33:43.603,1.35722,1.35742,1.65,4.73
2011.09.21 21:33:48.295,1.35719,1.35741,1.58,3.23
2011.09.21 21:33:48.414,1.35719,1.35739,1.58,1.28
2011.09.21 21:33:49.157,1.35721,1.35739,1.20,1.28
2011.09.21 21:33:49.384,1.35723,1.35742,1.20,3.23
2011.09.21 21:33:49.506,1.35721,1.35741,1.20,1.95
2011.09.21 21:33:49.627,1.35719,1.35737,1.58,1.05
2011.09.21 21:33:56.445,1.35718,1.35737,1.95,1.05
2011.09.21 21:33:56.567,1.35718,1.35737,1.50,1.80
2011.09.21 21:33:56.687,1.35719,1.35737,1.13,1.05
2011.09.21 21:33:58.324,1.35722,1.35737,1.20,1.05
2011.09.21 21:33:58.685,1.35729,1.35744,1.58,1.43
2011.09.21 21:33:58.926,1.35729,1.35746,2.25,1.05
2011.09.21 21:34:00.339,1.3573,1.35747,1.50,1.50
2011.09.21 21:34:01.996,1.3573,1.35747,1.13,1.05
2011.09.21 21:34:11.632,1.35729,1.35746,1.13,1.43
2011.09.21 21:34:13.674,1.35732,1.35747,1.13,1.50
2011.09.21 21:34:13.916,1.35733,1.3575,2.25,1.50
2011.09.21 21:34:14.038,1.35733,1.35752,3.00,1.58
2011.09.21 21:34:15.340,1.35736,1.35753,3.00,2.18
2011.09.21 21:34:15.915,1.35742,1.35755,1.50,1.20
2011.09.21 21:34:16.053,1.3574,1.35762,1.43,1.20
2011.09.21 21:34:16.416,1.35743,1.35765,1.20,1.50
2011.09.21 21:34:16.775,1.35746,1.35768,1.20,1.35
2011.09.21 21:34:17.015,1.35748,1.35769,1.20,2.10
2011.09.21 21:34:17.620,1.3575,1.3577,1.20,3.15
2011.09.21 21:34:17.870,1.35751,1.3577,1.20,3.15
2011.09.21 21:34:18.238,1.35748,1.3577,1.20,3.75
2011.09.21 21:34:18.826,1.35744,1.35765,1.20,1.50
2011.09.21 21:34:19.065,1.35744,1.35766,1.20,1.20
2011.09.21 21:34:19.444,1.35744,1.35766,1.20,1.65
2011.09.21 21:34:19.575,1.35749,1.3577,1.20,1.05
2011.09.21 21:34:20.165,1.35747,1.35769,1.20,1.20
2011.09.21 21:34:20.517,1.35747,1.35766,1.20,1.50
2011.09.21 21:34:21.094,1.35744,1.35766,1.65,1.20
2011.09.21 21:34:23.099,1.35747,1.35765,1.13,1.20
2011.09.21 21:34:23.470,1.35752,1.35769,2.48,1.20
2011.09.21 21:34:23.716,1.35754,1.35772,1.13,1.13
2011.09.21 21:34:24.054,1.35754,1.35772,1.13,1.13
2011.09.21 21:34:24.659,1.35754,1.35771,1.50,2.25
2011.09.21 21:34:24.786,1.35753,1.35771,1.73,2.25
2011.09.21 21:34:25.391,1.35752,1.3577,1.13,1.65
2011.09.21 21:34:26.107,1.35756,1.3577,1.50,1.28
2011.09.21 21:34:26.227,1.35755,1.35768,1.50,2.25
2011.09.21 21:34:26.470,1.35754,1.35771,2.25,2.63
2011.09.21 21:34:26.598,1.35754,1.3577,1.50,2.25
2011.09.21 21:34:26.836,1.35751,1.35766,1.50,2.25
2011.09.21 21:34:27.425,1.3575,1.35766,2.25,2.25
2011.09.21 21:34:28.326,1.3575,1.35767,1.50,2.25
2011.09.21 21:34:28.925,1.35749,1.35766,2.55,2.25
2011.09.21 21:34:29.529,1.35749,1.35766,2.55,1.13
2011.09.21 21:34:30.135,1.3575,1.35765,1.50,1.05
2011.09.21 21:34:30.827,1.3575,1.35763,1.73,1.05
2011.09.21 21:34:31.293,1.35749,1.35765,2.18,1.05
2011.09.21 21:34:31.423,1.35751,1.35767,1.50,2.25
2011.09.21 21:34:31.876,1.35751,1.35767,1.50,2.25
2011.09.21 21:34:32.236,1.35754,1.35767,1.50,2.25
2011.09.21 21:34:32.356,1.35755,1.35771,1.50,2.63
2011.09.21 21:34:32.695,1.35752,1.35771,1.13,2.63
2011.09.21 21:34:33.154,1.35751,1.35769,1.50,2.25
2011.09.21 21:34:33.276,1.35752,1.3577,1.13,1.20
2011.09.21 21:34:33.396,1.35751,1.35772,1.88,1.88
2011.09.21 21:34:33.516,1.35758,1.35773,2.18,1.80
2011.09.21 21:34:33.863,1.35758,1.35776,2.18,2.25
2011.09.21 21:34:34.460,1.35761,1.35776,1.50,2.25
2011.09.21 21:34:35.196,1.35761,1.35778,1.50,2.25
2011.09.21 21:34:48.233,1.35762,1.3578,1.50,2.70
2011.09.21 21:34:48.598,1.35764,1.3578,1.50,2.25
2011.09.21 21:34:49.199,1.35764,1.3578,1.50,2.25
2011.09.21 21:34:49.329,1.35763,1.3578,2.63,2.25
2011.09.21 21:34:50.264,1.35764,1.35779,1.50,2.25
2011.09.21 21:34:52.115,1.35764,1.35778,1.50,1.13
2011.09.21 21:34:52.465,1.35757,1.35774,1.80,1.13
2011.09.21 21:34:56.734,1.35759,1.35774,1.80,1.05
2011.09.21 21:34:57.315,1.35762,1.35778,1.88,2.25
2011.09.21 21:34:58.075,1.35763,1.35778,1.13,2.25
2011.09.21 21:35:13.629,1.35757,1.3577,1.50,3.38
2011.09.21 21:35:13.761,1.35757,1.3577,1.05,1.20
2011.09.21 21:35:14.005,1.35753,1.35773,1.50,1.20
2011.09.21 21:35:14.364,1.35752,1.35775,1.20,1.95
2011.09.21 21:35:14.488,1.35751,1.35775,1.50,2.40
2011.09.21 21:35:14.835,1.35752,1.35775,1.95,2.40
2011.09.21 21:35:17.072,1.35752,1.35775,1.50,1.95
2011.09.21 21:35:21.181,1.35752,1.35775,1.95,1.95
2011.09.21 21:35:25.457,1.35752,1.35772,1.50,1.20
2011.09.21 21:35:31.425,1.35751,1.35768,1.20,2.25
2011.09.21 21:35:31.545,1.35749,1.35768,3.38,2.25
2011.09.21 21:35:35.141,1.35749,1.35768,2.18,2.25
2011.09.21 21:35:41.206,1.35748,1.35769,1.43,1.20
2011.09.21 21:35:41.860,1.35742,1.35764,1.58,1.20
2011.09.21 21:35:41.989,1.35741,1.35767,1.50,1.50
2011.09.21 21:35:42.120,1.35742,1.35764,1.95,1.13
2011.09.21 21:35:42.483,1.35744,1.35766,1.58,1.50
2011.09.21 21:35:43.087,1.35744,1.35767,1.58,3.00
2011.09.21 21:35:45.381,1.35745,1.35768,1.13,2.25
2011.09.21 21:35:48.524,1.35745,1.35768,2.33,2.25
2011.09.21 21:35:52.734,1.35748,1.35771,1.13,3.00
2011.09.21 21:35:53.257,1.35748,1.35771,1.13,2.25
2011.09.21 21:35:53.645,1.35751,1.35773,2.40,1.43
2011.09.21 21:35:53.766,1.35754,1.35776,1.20,1.35
2011.09.21 21:35:53.895,1.35756,1.35781,1.65,1.20
2011.09.21 21:35:54.311,1.35756,1.35779,1.65,1.20
2011.09.21 21:35:54.815,1.35755,1.35777,1.20,1.20
2011.09.21 21:35:55.403,1.35756,1.35779,1.20,1.20
2011.09.21 21:35:56.092,1.35759,1.35782,1.65,1.43
2011.09.21 21:36:01.575,1.3576,1.35775,1.65,2.25
2011.09.21 21:36:02.060,1.35761,1.35775,1.65,2.25
2011.09.21 21:36:03.516,1.35761,1.35776,1.65,2.25
2011.09.21 21:36:04.531,1.35761,1.35776,1.65,2.25
2011.09.21 21:36:06.900,1.3576,1.35776,1.20,2.25
2011.09.21 21:36:09.783,1.35761,1.35776,1.20,2.25
2011.09.21 21:36:11.697,1.3576,1.35776,1.20,2.25
2011.09.21 21:36:12.541,1.35758,1.35775,1.95,1.50
2011.09.21 21:36:12.931,1.35758,1.35775,2.40,1.50
2011.09.21 21:36:13.545,1.35762,1.35777,1.20,1.50
2011.09.21 21:36:13.919,1.35762,1.35777,1.65,2.25
2011.09.21 21:36:14.404,1.35767,1.35784,1.50,1.43
2011.09.21 21:36:14.525,1.35768,1.35784,1.20,1.05
2011.09.21 21:36:14.765,1.35762,1.35791,1.65,1.50
2011.09.21 21:36:14.883,1.35763,1.35792,1.65,1.05
2011.09.21 21:36:15.122,1.3577,1.35796,1.20,1.65
2011.09.21 21:36:15.493,1.35768,1.35799,3.60,1.35
2011.09.21 21:36:19.020,1.35768,1.35796,3.60,1.20
2011.09.21 21:36:19.604,1.35773,1.35796,1.20,1.20
2011.09.21 21:36:20.416,1.35772,1.35793,1.20,1.20
2011.09.21 21:36:21.601,1.35772,1.35793,1.50,1.20
2011.09.21 21:36:24.470,1.35773,1.35795,1.95,1.20
2011.09.21 21:36:24.809,1.35773,1.35797,1.95,1.20
2011.09.21 21:36:27.738,1.35773,1.358,2.78,1.35
2011.09.21 21:36:27.870,1.35774,1.35798,1.58,2.70
2011.09.21 21:36:28.001,1.35779,1.358,1.20,2.25
2011.09.21 21:36:28.363,1.35782,1.35802,1.50,1.13
2011.09.21 21:36:31.945,1.35781,1.35802,2.55,1.58
2011.09.21 21:36:32.900,1.35783,1.35801,1.13,2.63
2011.09.21 21:36:35.494,1.35781,1.35798,1.43,2.25
2011.09.21 21:36:35.855,1.35781,1.35799,1.13,1.95
2011.09.21 21:36:36.421,1.35781,1.358,1.13,2.25
2011.09.21 21:36:38.141,1.35781,1.358,1.88,2.25
2011.09.21 21:36:38.731,1.35782,1.358,1.13,1.50
2011.09.21 21:36:41.081,1.35781,1.35799,1.88,2.25
2011.09.21 21:36:41.784,1.3578,1.35799,1.50,2.25
2011.09.21 21:36:41.906,1.35778,1.35797,3.08,2.25
2011.09.21 21:36:42.271,1.35778,1.35794,2.25,1.05
2011.09.21 21:36:43.871,1.35778,1.35794,2.33,1.05
2011.09.21 21:36:44.233,1.35781,1.35798,1.20,1.05
2011.09.21 21:36:44.351,1.35781,1.35799,1.20,2.25
2011.09.21 21:36:45.088,1.3578,1.35799,2.33,2.25
2011.09.21 21:36:45.661,1.35779,1.35799,1.20,2.25
2011.09.21 21:36:56.298,1.35781,1.358,1.88,2.25
2011.09.21 21:36:57.015,1.35781,1.358,2.25,2.25
2011.09.21 21:36:57.134,1.35781,1.358,2.25,2.25
2011.09.21 21:36:59.491,1.35781,1.35799,1.13,2.25
2011.09.21 21:37:02.330,1.35781,1.35801,1.88,3.38
2011.09.21 21:37:03.220,1.35781,1.35801,1.13,3.38
2011.09.21 21:37:04.042,1.35781,1.35801,1.95,3.38
2011.09.21 21:37:04.841,1.35781,1.35801,1.13,3.38
2011.09.21 21:37:13.862,1.35781,1.35801,1.58,3.38
2011.09.21 21:37:26.570,1.35782,1.35801,1.58,3.38
2011.09.21 21:37:27.129,1.35782,1.35801,1.13,3.38
2011.09.21 21:37:31.278,1.35782,1.35801,1.58,3.38
2011.09.21 21:37:31.839,1.35782,1.35801,1.13,3.38
2011.09.21 21:37:34.312,1.35782,1.35801,1.50,1.95
2011.09.21 21:37:34.435,1.35782,1.35801,1.13,2.63
2011.09.21 21:37:35.819,1.35781,1.358,1.13,2.25
2011.09.21 21:37:36.911,1.35781,1.358,1.13,2.25
2011.09.21 21:37:38.564,1.35779,1.35798,2.25,2.70
2011.09.21 21:37:39.279,1.35779,1.35798,2.25,2.25
2011.09.21 21:37:42.682,1.35779,1.35796,1.50,2.25
2011.09.21 21:37:43.254,1.35778,1.35796,1.20,2.25
2011.09.21 21:37:44.672,1.35777,1.35796,1.88,2.25
2011.09.21 21:37:44.930,1.35777,1.35795,1.50,2.25
2011.09.21 21:37:45.057,1.35776,1.35795,1.58,2.25
2011.09.21 21:37:45.641,1.35776,1.35794,1.13,1.20
2011.09.21 21:37:46.741,1.35776,1.35794,1.13,1.65
2011.09.21 21:37:46.865,1.35774,1.3579,1.13,2.70
2011.09.21 21:37:47.225,1.35766,1.35784,1.43,1.20
2011.09.21 21:37:47.343,1.35766,1.35784,1.13,1.20
2011.09.21 21:37:48.222,1.35765,1.35784,1.13,2.25
2011.09.21 21:37:48.821,1.35765,1.35784,1.13,2.25
2011.09.21 21:37:51.412,1.35764,1.35779,1.13,2.25
2011.09.21 21:37:51.781,1.35763,1.35779,1.43,1.50
2011.09.21 21:37:51.904,1.3576,1.3578,1.88,2.33
2011.09.21 21:37:52.473,1.35759,1.35779,1.88,1.88
2011.09.21 21:37:52.591,1.35757,1.35772,1.20,1.88
2011.09.21 21:37:54.073,1.3576,1.35775,1.50,3.00
2011.09.21 21:37:54.198,1.35763,1.35776,1.13,1.13
2011.09.21 21:37:54.781,1.35763,1.35778,1.13,2.25
2011.09.21 21:37:56.543,1.35761,1.35778,1.95,2.25
2011.09.21 21:37:56.661,1.35761,1.35776,1.95,2.25
2011.09.21 21:37:58.217,1.35761,1.35771,1.05,2.25
2011.09.21 21:37:58.354,1.35754,1.35771,1.95,2.25
2011.09.21 21:37:58.861,1.35755,1.35771,1.65,2.25
2011.09.21 21:37:59.431,1.35755,1.35771,1.20,2.25
2011.09.21 21:38:00.237,1.35763,1.35771,1.20,2.25
2011.09.21 21:38:00.365,1.35763,1.35775,1.88,1.50
2011.09.21 21:38:00.493,1.35763,1.35778,2.25,1.13
2011.09.21 21:38:01.767,1.35766,1.35779,1.05,2.55
2011.09.21 21:38:02.473,1.35767,1.35777,1.13,1.13
2011.09.21 21:38:02.595,1.35759,1.35775,1.50,2.25
2011.09.21 21:38:03.072,1.35757,1.35775,1.50,2.25
2011.09.21 21:38:10.671,1.35758,1.35775,1.65,2.25
2011.09.21 21:38:12.202,1.3576,1.35776,1.20,3.00
2011.09.21 21:38:13.610,1.35759,1.35776,1.20,2.25
2011.09.21 21:38:14.139,1.35761,1.35776,1.20,2.25
2011.09.21 21:38:15.065,1.35764,1.35776,1.20,2.25
2011.09.21 21:38:15.197,1.35764,1.3578,1.20,1.13
2011.09.21 21:38:15.855,1.35766,1.35783,1.20,2.25
2011.09.21 21:38:17.361,1.35765,1.35783,1.20,2.25
2011.09.21 21:38:18.225,1.35759,1.35776,1.20,2.25
2011.09.21 21:38:18.341,1.35758,1.35776,3.08,2.25
2011.09.21 21:38:19.656,1.35763,1.3578,1.20,1.13
2011.09.21 21:38:20.253,1.35766,1.35783,1.20,2.25
2011.09.21 21:38:24.474,1.35765,1.35783,1.65,2.25
2011.09.21 21:38:31.632,1.35766,1.35783,1.20,2.25
2011.09.21 21:38:32.134,1.35765,1.35783,1.65,2.25
2011.09.21 21:38:32.892,1.35765,1.35783,1.20,2.25
2011.09.21 21:38:34.683,1.35765,1.35783,1.20,2.25
2011.09.21 21:38:34.913,1.35771,1.35787,1.13,1.50
2011.09.21 21:38:35.272,1.35772,1.35789,1.88,1.13
2011.09.21 21:38:37.065,1.35775,1.3579,2.70,1.13
2011.09.21 21:38:38.003,1.35775,1.35786,2.25,2.25
2011.09.21 21:38:38.247,1.35772,1.35786,1.50,2.25
2011.09.21 21:38:38.496,1.35769,1.35787,2.00,2.25
2011.09.21 21:38:39.765,1.35766,1.35787,1.95,1.13
2011.09.21 21:38:39.887,1.35765,1.35787,2.70,2.25
2011.09.21 21:38:40.241,1.35761,1.3578,1.88,2.25
2011.09.21 21:38:40.781,1.35762,1.3578,1.20,2.25
2011.09.21 21:38:43.172,1.35764,1.35783,1.13,3.00
2011.09.21 21:38:43.294,1.35765,1.35783,1.95,3.00
2011.09.21 21:38:44.098,1.35769,1.35783,1.20,2.25
2011.09.21 21:38:44.452,1.35769,1.35785,1.65,2.25
2011.09.21 21:38:44.572,1.35769,1.35787,1.65,3.38
2011.09.21 21:38:46.353,1.3577,1.35787,2.03,1.13
2011.09.21 21:38:46.474,1.35771,1.35787,1.28,1.13
2011.09.21 21:38:46.711,1.3577,1.35787,2.40,1.13
2011.09.21 21:38:50.083,1.35769,1.35787,3.45,1.88
2011.09.21 21:38:50.203,1.35769,1.35787,2.25,2.55
2011.09.21 21:38:50.791,1.35768,1.35786,1.05,1.43
2011.09.21 21:38:52.182,1.35768,1.35785,1.13,1.13
2011.09.21 21:38:52.533,1.3577,1.35787,1.58,1.80
2011.09.21 21:38:52.892,1.3577,1.35787,2.03,1.80
2011.09.21 21:38:53.662,1.3577,1.35787,1.58,1.43
2011.09.21 21:38:54.233,1.3577,1.35787,1.58,1.80
2011.09.21 21:38:55.221,1.3577,1.35787,2.03,1.80
2011.09.21 21:38:55.716,1.35774,1.35787,1.95,1.13
2011.09.21 21:38:56.312,1.35769,1.35788,1.58,1.88
2011.09.21 21:38:56.870,1.35769,1.35788,2.03,1.88
2011.09.21 21:38:56.992,1.35769,1.35786,1.65,2.25
2011.09.21 21:39:00.531,1.35768,1.35785,2.78,2.25
2011.09.21 21:39:00.652,1.35768,1.35785,1.58,2.25
2011.09.21 21:39:01.122,1.35768,1.35783,2.03,1.05
2011.09.21 21:39:03.098,1.35767,1.35784,2.03,1.43
2011.09.21 21:39:03.223,1.35767,1.35784,2.03,1.43
2011.09.21 21:39:03.582,1.35768,1.35784,1.65,1.43
2011.09.21 21:39:04.634,1.35768,1.35784,1.95,1.43
2011.09.21 21:39:04.982,1.35767,1.35784,2.03,1.43
2011.09.21 21:39:06.253,1.35769,1.35784,1.58,1.05
2011.09.21 21:39:06.665,1.35769,1.35784,1.20,1.05
2011.09.21 21:39:08.736,1.35767,1.35784,1.28,1.43
2011.09.21 21:39:09.435,1.35767,1.35784,1.28,1.43
2011.09.21 21:39:09.892,1.35767,1.35784,2.03,1.43
2011.09.21 21:39:10.493,1.35767,1.35784,2.03,1.43
2011.09.21 21:39:11.543,1.35768,1.35783,1.20,1.43
2011.09.21 21:39:12.112,1.35767,1.35783,1.20,1.43
2011.09.21 21:39:12.452,1.35767,1.35783,1.65,1.43
2011.09.21 21:39:14.212,1.35768,1.35784,1.28,1.05
2011.09.21 21:39:16.169,1.35768,1.35784,2.25,1.05
2011.09.21 21:39:16.840,1.35768,1.35784,2.25,1.05
2011.09.21 21:39:18.171,1.35768,1.35784,2.70,1.05
2011.09.21 21:39:19.781,1.35769,1.35784,1.28,1.05
2011.09.21 21:39:20.371,1.3577,1.35785,1.28,1.05
2011.09.21 21:39:20.855,1.35773,1.35792,3.00,1.28
2011.09.21 21:39:21.223,1.35776,1.35793,2.03,1.05
2011.09.21 21:39:21.943,1.35775,1.35793,1.50,1.05
2011.09.21 21:39:22.306,1.35777,1.35794,1.58,1.43
2011.09.21 21:39:22.809,1.35776,1.35794,1.88,1.13
2011.09.21 21:39:23.764,1.3578,1.35794,1.28,1.05
2011.09.21 21:39:24.128,1.35785,1.35802,1.65,1.05
2011.09.21 21:39:24.256,1.35785,1.35802,2.40,1.05
2011.09.21 21:39:24.385,1.35786,1.35802,1.65,1.05
2011.09.21 21:39:24.869,1.35787,1.358,1.28,2.10
2011.09.21 21:39:24.997,1.35786,1.35801,1.28,1.05
2011.09.21 21:39:25.125,1.35781,1.35799,1.50,1.50
2011.09.21 21:39:25.242,1.35779,1.35799,1.13,1.95
2011.09.21 21:39:25.366,1.35777,1.35797,2.93,2.25
2011.09.21 21:39:26.078,1.35773,1.35793,1.50,1.50
2011.09.21 21:39:28.663,1.35776,1.35795,1.50,1.50
2011.09.21 21:39:29.459,1.35776,1.35795,1.50,1.20
2011.09.21 21:39:30.011,1.35776,1.35797,1.50,2.70
2011.09.21 21:39:31.453,1.35775,1.35795,1.50,1.20
2011.09.21 21:39:32.021,1.35775,1.35797,1.20,1.50
2011.09.21 21:39:33.107,1.3578,1.35795,1.20,1.13
2011.09.21 21:39:33.761,1.3578,1.35797,1.20,1.50
2011.09.21 21:39:36.758,1.3578,1.35797,1.95,1.50
2011.09.21 21:39:37.122,1.3578,1.35798,1.95,2.25
2011.09.21 21:39:37.360,1.3578,1.358,1.20,3.00
2011.09.21 21:39:38.963,1.3578,1.35797,1.95,2.25
2011.09.21 21:39:39.326,1.35777,1.35796,1.50,1.20
2011.09.21 21:39:39.901,1.35776,1.35796,1.50,1.95
2011.09.21 21:39:40.644,1.3577,1.35792,1.95,1.95
2011.09.21 21:39:42.651,1.3577,1.35785,1.20,1.13
2011.09.21 21:39:43.012,1.35769,1.35784,1.50,2.25
2011.09.21 21:39:43.132,1.35767,1.35784,1.50,2.25
2011.09.21 21:39:44.302,1.3576,1.35777,1.50,2.25
2011.09.21 21:39:44.665,1.35766,1.35785,1.50,1.20
2011.09.21 21:39:44.904,1.35772,1.35792,1.20,1.50
2011.09.21 21:39:48.095,1.35769,1.35791,1.20,1.95
2011.09.21 21:39:49.511,1.35771,1.35792,1.20,2.25
2011.09.21 21:40:11.262,1.35766,1.3579,1.20,1.65
2011.09.21 21:40:14.071,1.35768,1.3579,1.20,1.20
2011.09.21 21:40:14.624,1.35768,1.3579,1.20,1.20
2011.09.21 21:40:18.410,1.35766,1.3579,1.20,1.65
2011.09.21 21:40:19.672,1.35768,1.3579,1.20,1.65
2011.09.21 21:40:20.395,1.35766,1.3579,1.20,1.65
2011.09.21 21:40:20.743,1.35771,1.35791,1.20,1.50
2011.09.21 21:40:21.021,1.35771,1.35791,1.65,1.50
2011.09.21 21:40:34.551,1.35774,1.35792,1.20,1.50
2011.09.21 21:40:39.400,1.35772,1.35792,1.20,1.50
2011.09.21 21:40:43.311,1.35772,1.35792,1.20,1.50
2011.09.21 21:40:51.170,1.3577,1.3579,2.40,1.50
2011.09.21 21:40:51.524,1.35771,1.35789,1.20,1.88
2011.09.21 21:40:52.364,1.35771,1.35789,1.20,1.88
2011.09.21 21:40:53.521,1.3577,1.35789,1.13,1.88
2011.09.21 21:40:53.975,1.35771,1.35792,1.20,2.33
2011.09.21 21:40:54.093,1.35773,1.35792,1.20,1.13
2011.09.21 21:40:54.331,1.35773,1.35794,1.20,2.25
2011.09.21 21:40:55.652,1.35771,1.35792,1.20,1.50
2011.09.21 21:41:02.001,1.35771,1.35793,1.20,1.20
2011.09.21 21:41:02.341,1.35773,1.35794,1.20,1.50
2011.09.21 21:41:04.304,1.35773,1.35794,1.58,2.25
2011.09.21 21:41:04.542,1.35773,1.35794,1.13,2.40
2011.09.21 21:41:05.100,1.35773,1.35794,1.58,1.50
2011.09.21 21:41:06.320,1.35773,1.35794,1.20,1.50
2011.09.21 21:41:06.902,1.35773,1.35795,2.33,1.20
2011.09.21 21:41:07.266,1.35783,1.35798,1.13,1.50
2011.09.21 21:41:07.392,1.35783,1.35801,1.13,2.33
2011.09.21 21:41:09.002,1.35782,1.35801,1.13,3.45
2011.09.21 21:41:09.516,1.35783,1.35802,1.13,1.50
2011.09.21 21:41:12.185,1.35783,1.35802,1.13,1.88
2011.09.21 21:41:12.303,1.35782,1.35801,1.13,2.70
2011.09.21 21:41:15.869,1.35781,1.35799,1.13,1.20
2011.09.21 21:41:19.144,1.35781,1.35799,1.13,1.20
2011.09.21 21:41:19.264,1.35779,1.35798,2.93,2.25
2011.09.21 21:41:21.513,1.35779,1.35792,1.80,2.25
2011.09.21 21:41:21.873,1.35774,1.35794,1.55,1.20
2011.09.21 21:41:21.992,1.35772,1.35794,1.62,1.20
2011.09.21 21:41:22.660,1.35771,1.35792,1.25,2.25
2011.09.21 21:41:26.385,1.35772,1.35789,1.65,2.25
2011.09.21 21:41:26.508,1.35771,1.35788,1.20,2.25
2011.09.21 21:41:29.035,1.35767,1.3578,1.13,1.20
2011.09.21 21:41:29.506,1.35768,1.35784,1.13,1.50
2011.09.21 21:41:29.754,1.35769,1.3579,1.50,1.95
2011.09.21 21:41:29.880,1.35773,1.35792,1.58,1.05
2011.09.21 21:41:30.233,1.35777,1.35796,2.40,1.05
2011.09.21 21:41:30.352,1.35777,1.35797,2.40,1.50
2011.09.21 21:41:31.351,1.35777,1.35797,2.40,1.50
2011.09.21 21:41:34.222,1.35777,1.35798,2.40,1.50
2011.09.21 21:41:36.882,1.35779,1.35798,1.65,1.50
2011.09.21 21:41:37.457,1.35779,1.358,1.20,1.50
2011.09.21 21:41:39.080,1.35779,1.358,1.95,2.25
2011.09.21 21:41:39.754,1.35779,1.358,1.95,1.50
2011.09.21 21:41:40.335,1.35779,1.358,1.50,1.20
2011.09.21 21:41:41.940,1.3578,1.35801,1.20,2.03
2011.09.21 21:41:52.413,1.3578,1.35801,1.20,1.28
2011.09.21 21:41:56.900,1.3578,1.35801,1.20,2.03
2011.09.21 21:41:57.470,1.35779,1.358,1.50,1.20
2011.09.21 21:42:01.363,1.35777,1.358,1.20,1.20
2011.09.21 21:42:01.605,1.35774,1.35794,1.65,1.13
2011.09.21 21:42:01.726,1.35774,1.35796,1.95,1.20
2011.09.21 21:42:02.073,1.35777,1.35799,1.20,1.20
2011.09.21 21:42:02.911,1.35775,1.35799,1.65,1.20
2011.09.21 21:42:06.831,1.35772,1.35794,1.20,1.95
2011.09.21 21:42:09.183,1.35772,1.3579,1.50,2.25
2011.09.21 21:42:09.543,1.35767,1.35789,1.58,1.20
2011.09.21 21:42:10.654,1.35767,1.35788,1.13,1.20
2011.09.21 21:42:11.872,1.35768,1.35787,1.13,2.25
2011.09.21 21:42:11.995,1.35768,1.35787,1.13,2.70
2011.09.21 21:42:12.748,1.35767,1.35786,1.13,2.25
2011.09.21 21:42:15.233,1.35768,1.35785,1.50,1.20
2011.09.21 21:42:15.592,1.3577,1.35786,1.13,1.28
2011.09.21 21:42:15.935,1.3577,1.35787,1.80,1.28
2011.09.21 21:42:16.394,1.35771,1.35788,1.80,1.13
2011.09.21 21:42:16.975,1.35771,1.3579,2.93,1.58
2011.09.21 21:42:17.213,1.35778,1.35797,1.13,2.03
2011.09.21 21:42:19.844,1.35779,1.35797,1.13,2.78
2011.09.21 21:42:19.963,1.3578,1.35799,1.13,1.80
2011.09.21 21:42:20.082,1.35781,1.35798,1.13,1.13
2011.09.21 21:42:21.305,1.35783,1.35801,1.13,1.58
2011.09.21 21:42:22.592,1.35783,1.35801,1.13,2.03
2011.09.21 21:42:22.943,1.35783,1.35801,1.88,1.20
2011.09.21 21:42:25.291,1.35783,1.35801,1.50,1.65
2011.09.21 21:42:25.751,1.35782,1.35801,1.13,2.40
2011.09.21 21:42:27.773,1.35779,1.35794,1.88,2.25
2011.09.21 21:42:27.896,1.35779,1.35794,2.25,2.25
2011.09.21 21:42:30.275,1.35778,1.358,1.88,1.65
2011.09.21 21:42:30.396,1.35783,1.35801,3.38,1.58
2011.09.21 21:42:30.992,1.35783,1.35802,2.63,1.65
2011.09.21 21:42:31.564,1.35783,1.35801,2.25,1.20
2011.09.21 21:42:41.123,1.35782,1.358,1.05,1.13
2011.09.21 21:42:41.369,1.35781,1.35797,1.05,3.45
2011.09.21 21:42:41.722,1.35775,1.35797,1.20,4.20
2011.09.21 21:42:41.845,1.35773,1.35797,3.08,3.15
2011.09.21 21:42:47.425,1.3578,1.35792,1.13,1.95
2011.09.21 21:42:47.543,1.35779,1.35795,1.50,1.13
2011.09.21 21:42:49.231,1.3578,1.35797,2.18,1.05
2011.09.21 21:43:07.892,1.35782,1.35798,1.88,1.05
2011.09.21 21:43:09.228,1.35782,1.358,3.45,1.35
2011.09.21 21:43:09.357,1.35783,1.35801,1.13,2.25
2011.09.21 21:43:10.553,1.35784,1.35802,1.58,2.25
2011.09.21 21:43:11.702,1.35785,1.35804,2.03,1.13
2011.09.21 21:43:12.179,1.35786,1.35805,1.58,2.63
2011.09.21 21:43:12.305,1.35792,1.35809,1.95,2.25
2011.09.21 21:43:13.008,1.35791,1.35809,1.50,2.25
2011.09.21 21:43:24.322,1.3579,1.35811,1.58,2.63
2011.09.21 21:43:24.891,1.3579,1.35811,2.33,2.63
2011.09.21 21:43:25.396,1.35792,1.35811,1.58,2.63
2011.09.21 21:43:31.196,1.35793,1.35804,1.88,1.05
2011.09.21 21:43:31.325,1.35789,1.35804,2.85,1.05
2011.09.21 21:43:31.683,1.35789,1.35808,1.05,1.50
2011.09.21 21:43:31.924,1.35792,1.35812,1.88,1.43
2011.09.21 21:43:32.044,1.35794,1.35813,1.95,1.43
2011.09.21 21:43:32.405,1.35791,1.35818,1.13,1.65
2011.09.21 21:43:32.829,1.35793,1.35818,1.13,1.20
2011.09.21 21:43:32.954,1.35794,1.35819,1.20,1.65
2011.09.21 21:43:33.422,1.35795,1.35819,1.65,1.20
2011.09.21 21:43:34.022,1.35802,1.35826,1.20,1.20
2011.09.21 21:43:37.779,1.35801,1.35814,1.88,1.20
2011.09.21 21:43:38.028,1.35793,1.35813,1.50,1.28
2011.09.21 21:43:38.656,1.35796,1.35815,1.50,1.20
2011.09.21 21:43:40.173,1.35796,1.35809,1.50,2.25
2011.09.21 21:43:40.612,1.35792,1.35809,2.03,2.25
2011.09.21 21:43:41.212,1.35789,1.35807,2.18,1.20
2011.09.21 21:43:43.314,1.3579,1.35808,1.13,1.20
2011.09.21 21:43:48.999,1.3579,1.35808,1.50,2.70
2011.09.21 21:43:49.126,1.35789,1.35806,1.05,2.70
2011.09.21 21:43:53.184,1.35789,1.35805,1.05,2.25
2011.09.21 21:43:53.555,1.35787,1.35801,1.05,1.50
2011.09.21 21:43:53.794,1.35775,1.358,1.20,1.65
2011.09.21 21:43:53.919,1.35783,1.35795,1.13,2.40
2011.09.21 21:43:54.454,1.35783,1.358,1.43,1.50
2011.09.21 21:43:54.575,1.3579,1.35802,1.20,1.50
2011.09.21 21:43:54.699,1.3579,1.35808,1.65,2.25
2011.09.21 21:43:55.303,1.35791,1.35808,1.20,2.25
2011.09.21 21:43:55.895,1.35787,1.35806,1.13,1.50
2011.09.21 21:43:56.019,1.35783,1.35805,2.18,1.65
2011.09.21 21:43:56.146,1.35783,1.35803,1.65,1.65
2011.09.21 21:43:56.275,1.35787,1.35801,1.13,1.20
2011.09.21 21:43:56.872,1.35787,1.35806,1.13,1.20
2011.09.21 21:43:59.253,1.35787,1.35806,1.13,1.20
2011.09.21 21:43:59.860,1.35785,1.35804,1.13,1.20
2011.09.21 21:44:00.337,1.35781,1.35802,1.13,1.20
2011.09.21 21:44:00.473,1.35782,1.35804,1.20,1.20
2011.09.21 21:44:00.715,1.35782,1.35806,1.20,1.65
2011.09.21 21:44:02.103,1.35782,1.35806,2.03,1.20
2011.09.21 21:44:02.349,1.35776,1.358,1.20,1.50
2011.09.21 21:44:02.988,1.35775,1.35797,1.58,1.20
2011.09.21 21:44:03.118,1.35775,1.35799,1.58,1.65
2011.09.21 21:44:09.907,1.35779,1.35797,1.13,1.50
2011.09.21 21:44:11.066,1.35784,1.35794,1.13,1.05
2011.09.21 21:44:11.312,1.35781,1.35799,1.13,1.20
2011.09.21 21:44:16.128,1.35781,1.358,1.13,1.95
2011.09.21 21:44:16.256,1.35782,1.35802,1.13,1.50
2011.09.21 21:44:16.864,1.35783,1.35803,1.88,1.20
2011.09.21 21:44:17.448,1.35785,1.35803,1.13,1.50
2011.09.21 21:44:19.399,1.35791,1.358,1.50,1.20
2011.09.21 21:44:19.530,1.35788,1.35806,1.50,1.13
2011.09.21 21:44:20.693,1.35789,1.35806,1.05,1.05
2011.09.21 21:44:22.223,1.35791,1.35806,1.13,1.05
2011.09.21 21:44:22.584,1.35792,1.35807,1.20,1.13
2011.09.21 21:44:22.701,1.35793,1.35808,1.20,1.13
2011.09.21 21:44:23.886,1.35792,1.35811,1.28,3.00
2011.09.21 21:44:24.122,1.35793,1.35811,1.58,1.13
2011.09.21 21:44:25.618,1.35793,1.35813,2.33,3.00
2011.09.21 21:44:25.986,1.35796,1.35813,1.05,1.95
2011.09.21 21:44:26.223,1.35796,1.35816,3.75,1.95
2011.09.21 21:44:26.342,1.35798,1.35817,1.88,1.20
2011.09.21 21:44:29.367,1.35799,1.35818,1.88,2.25
2011.09.21 21:44:29.497,1.35801,1.35819,1.05,1.20
2011.09.21 21:44:30.005,1.35804,1.35824,1.13,1.28
2011.09.21 21:44:30.481,1.35804,1.35825,1.13,1.95
2011.09.21 21:44:32.404,1.35805,1.35825,1.20,1.50
2011.09.21 21:44:33.175,1.35804,1.35825,1.58,1.50
2011.09.21 21:44:33.775,1.35804,1.35825,1.20,1.50
2011.09.21 21:44:35.046,1.35804,1.35825,1.58,1.50
2011.09.21 21:44:35.171,1.35804,1.35825,1.20,3.00
2011.09.21 21:44:36.340,1.35802,1.35825,1.88,2.78
2011.09.21 21:44:36.584,1.35802,1.35827,1.50,2.40
2011.09.21 21:44:36.705,1.35802,1.35827,1.50,2.40
2011.09.21 21:44:37.217,1.35798,1.35822,1.20,1.20
2011.09.21 21:44:37.879,1.35798,1.35822,1.20,2.40
2011.09.21 21:44:38.114,1.358,1.35822,1.20,2.40
2011.09.21 21:44:39.207,1.35805,1.35822,1.50,1.20
2011.09.21 21:44:39.710,1.35809,1.35827,1.43,1.20
2011.09.21 21:44:39.833,1.35809,1.35828,1.13,2.25
2011.09.21 21:44:40.773,1.35808,1.35826,1.13,1.13
2011.09.21 21:44:40.896,1.35807,1.35822,1.05,1.95
2011.09.21 21:44:41.015,1.35805,1.35822,1.05,1.95
2011.09.21 21:44:41.243,1.35796,1.35822,1.95,2.40
2011.09.21 21:44:42.383,1.35799,1.35822,1.17,1.65
2011.09.21 21:44:42.625,1.35803,1.35821,1.13,1.13
2011.09.21 21:44:42.742,1.35809,1.35829,1.13,3.75
2011.09.21 21:44:44.206,1.3581,1.35829,1.50,1.13
2011.09.21 21:44:44.563,1.3581,1.35829,1.13,3.00
2011.09.21 21:44:45.328,1.35809,1.35828,1.88,1.65
2011.09.21 21:44:46.401,1.35809,1.35829,1.13,3.75
2011.09.21 21:44:46.971,1.35809,1.35828,1.13,2.70
2011.09.21 21:44:47.872,1.35809,1.35828,1.13,2.70
2011.09.21 21:44:49.661,1.35808,1.35828,2.25,3.45
2011.09.21 21:44:50.012,1.35807,1.35826,1.43,1.20
2011.09.21 21:44:51.303,1.35809,1.35828,1.13,1.88
2011.09.21 21:44:51.872,1.3581,1.35829,1.13,1.50
2011.09.21 21:44:52.493,1.3581,1.35829,1.50,1.13
2011.09.21 21:44:53.532,1.3581,1.3583,3.00,2.33
2011.09.21 21:44:54.981,1.3581,1.3583,1.95,1.13
2011.09.21 21:45:00.851,1.3581,1.35829,2.03,1.50
2011.09.21 21:45:00.973,1.3581,1.35829,1.58,1.88
2011.09.21 21:45:01.339,1.35809,1.35827,1.58,1.13
2011.09.21 21:45:01.934,1.35808,1.35826,1.58,1.13
2011.09.21 21:45:02.833,1.35807,1.35826,2.18,1.13
2011.09.21 21:45:03.962,1.35807,1.35826,2.55,1.13
2011.09.21 21:45:04.740,1.35806,1.35826,1.43,2.25
2011.09.21 21:45:05.101,1.35805,1.35825,1.80,3.38
2011.09.21 21:45:06.294,1.35806,1.35823,1.05,1.88
2011.09.21 21:45:06.765,1.35803,1.3582,1.88,1.95
2011.09.21 21:45:07.221,1.35805,1.35823,1.05,3.19
2011.09.21 21:45:09.836,1.35806,1.3582,1.28,1.05
2011.09.21 21:45:09.973,1.35807,1.35823,1.13,2.18
2011.09.21 21:45:11.136,1.35807,1.35823,1.50,1.43
2011.09.21 21:45:11.265,1.35813,1.35823,2.48,1.05
2011.09.21 21:45:11.507,1.35809,1.35824,2.55,1.05
2011.09.21 21:45:11.635,1.35808,1.35823,3.30,1.05
2011.09.21 21:45:12.202,1.35808,1.35823,3.30,1.05
2011.09.21 21:45:12.931,1.35808,1.35822,2.93,1.05
2011.09.21 21:45:13.733,1.35808,1.35822,2.93,1.05
2011.09.21 21:45:13.855,1.35808,1.35823,2.93,1.43
2011.09.21 21:45:13.976,1.3581,1.35824,2.85,1.05
2011.09.21 21:45:14.562,1.3581,1.35823,2.48,1.56
2011.09.21 21:45:14.938,1.3581,1.35821,1.73,1.50
2011.09.21 21:45:15.662,1.35807,1.35822,1.13,2.25
2011.09.21 21:45:15.896,1.35806,1.35821,1.13,2.37
2011.09.21 21:45:16.027,1.35803,1.35822,1.88,2.44
2011.09.21 21:45:17.603,1.35797,1.35814,1.05,1.58
2011.09.21 21:45:19.021,1.35795,1.35814,1.05,2.59
2011.09.21 21:45:20.313,1.35792,1.3581,2.25,2.33
2011.09.21 21:45:20.665,1.35797,1.3581,2.25,2.33
2011.09.21 21:45:20.788,1.35791,1.3581,1.50,1.58
2011.09.21 21:45:20.916,1.35797,1.35812,2.25,1.05
2011.09.21 21:45:21.272,1.35797,1.35815,2.25,2.40
2011.09.21 21:45:22.589,1.35799,1.35815,1.50,1.65
2011.09.21 21:45:22.953,1.35801,1.35819,2.25,1.20
2011.09.21 21:45:26.704,1.35804,1.3582,1.05,1.95
2011.09.21 21:45:29.367,1.35805,1.35822,1.05,1.13
2011.09.21 21:45:30.857,1.35807,1.35823,1.05,1.13
2011.09.21 21:45:31.341,1.35809,1.35828,1.50,2.25
2011.09.21 21:45:32.375,1.35811,1.35828,1.13,2.25
2011.09.21 21:45:32.496,1.35814,1.35831,1.13,1.20
2011.09.21 21:45:32.723,1.35814,1.35834,1.13,1.13
2011.09.21 21:45:32.844,1.35815,1.35835,1.50,2.70
2011.09.21 21:45:35.096,1.3582,1.3584,1.20,1.50
2011.09.21 21:45:35.337,1.35816,1.35835,1.58,1.50
2011.09.21 21:45:35.467,1.35814,1.35834,2.33,1.13
2011.09.21 21:45:36.052,1.35816,1.35834,1.13,1.13
2011.09.21 21:45:42.175,1.35813,1.35831,1.73,1.20
2011.09.21 21:45:43.555,1.35813,1.35832,1.73,1.20
2011.09.21 21:45:44.247,1.35814,1.35833,1.20,1.88
2011.09.21 21:45:49.240,1.35814,1.35833,2.70,1.50
2011.09.21 21:45:51.902,1.35814,1.35833,1.50,1.20
2011.09.21 21:45:52.148,1.35814,1.35831,2.30,1.50
2011.09.21 21:45:52.396,1.35812,1.35831,1.05,1.13
2011.09.21 21:45:53.345,1.35806,1.35824,1.13,1.43
2011.09.21 21:45:54.804,1.35808,1.35824,1.47,1.80
2011.09.21 21:45:55.177,1.35813,1.35821,1.20,0.45
2011.09.21 21:45:55.303,1.35813,1.35823,1.35,0.45
2011.09.21 21:45:55.426,1.35808,1.3583,1.35,1.20
2011.09.21 21:45:55.655,1.3581,1.3583,1.35,1.13
2011.09.21 21:45:56.018,1.35811,1.35827,2.10,2.70
2011.09.21 21:45:56.143,1.35809,1.35826,4.20,1.20
2011.09.21 21:45:56.263,1.35814,1.35826,1.35,1.20
2011.09.21 21:45:56.862,1.35811,1.35826,2.10,2.25
2011.09.21 21:45:56.982,1.35809,1.35826,1.50,2.25
2011.09.21 21:45:57.444,1.3581,1.3583,1.88,1.95
2011.09.21 21:46:00.012,1.3581,1.3583,2.70,3.00
2011.09.21 21:46:03.700,1.3581,1.3583,1.95,1.50
2011.09.21 21:46:06.182,1.3581,1.3583,4.20,1.13
2011.09.21 21:46:06.775,1.35813,1.35831,1.20,1.88
2011.09.21 21:46:07.723,1.35812,1.35831,1.95,1.88
2011.09.21 21:46:11.483,1.35819,1.35831,2.10,1.13
2011.09.21 21:46:11.610,1.35822,1.35835,1.35,1.05
2011.09.21 21:46:11.738,1.35823,1.35841,1.20,1.05
2011.09.21 21:46:11.864,1.35823,1.35842,1.20,1.50
2011.09.21 21:46:12.399,1.35822,1.35842,2.10,1.50
2011.09.21 21:46:16.494,1.35823,1.35842,1.20,1.50
2011.09.21 21:46:17.184,1.35822,1.35843,2.03,1.50
2011.09.21 21:46:17.531,1.35825,1.35847,1.20,1.95
2011.09.21 21:46:23.122,1.35825,1.35847,1.20,1.95
2011.09.21 21:46:23.491,1.35832,1.35843,1.50,1.06
2011.09.21 21:46:23.619,1.35829,1.35849,1.50,1.20
2011.09.21 21:46:23.750,1.35829,1.35852,1.50,1.65
2011.09.21 21:46:23.876,1.3583,1.35853,1.95,1.20
2011.09.21 21:46:24.114,1.35831,1.35854,1.50,1.65
2011.09.21 21:46:24.822,1.35833,1.35855,1.50,1.65
2011.09.21 21:46:25.144,1.35834,1.35856,1.95,1.20
2011.09.21 21:46:25.533,1.35835,1.35857,1.50,1.65
2011.09.21 21:46:26.856,1.35838,1.35857,1.47,1.20
2011.09.21 21:46:26.974,1.35847,1.35862,1.43,1.20
2011.09.21 21:46:27.465,1.35844,1.35863,1.43,1.20
2011.09.21 21:46:27.584,1.35843,1.35863,1.43,1.20
2011.09.21 21:46:29.453,1.35849,1.35855,1.20,0.75
2011.09.21 21:46:29.575,1.35842,1.35859,1.02,1.20
2011.09.21 21:46:29.697,1.3584,1.35859,1.20,1.20
2011.09.21 21:46:29.825,1.35838,1.35859,1.80,1.20
2011.09.21 21:46:30.892,1.35837,1.35858,1.13,1.20
2011.09.21 21:46:31.133,1.35836,1.35856,2.25,1.20
2011.09.21 21:46:31.734,1.35829,1.3585,2.25,1.20
2011.09.21 21:46:32.224,1.35829,1.35849,1.50,1.20
2011.09.21 21:46:33.095,1.35829,1.35846,1.50,1.13
2011.09.21 21:46:33.337,1.35826,1.35841,1.05,1.50
2011.09.21 21:46:33.803,1.35824,1.35842,1.13,1.58
2011.09.21 21:46:34.479,1.35816,1.35836,2.18,1.13
2011.09.21 21:46:35.062,1.35816,1.35837,1.88,2.70
2011.09.21 21:46:35.670,1.35816,1.35837,1.13,3.15
2011.09.21 21:46:37.295,1.35816,1.35836,1.13,1.28
2011.09.21 21:46:37.634,1.35813,1.35829,1.13,1.65
2011.09.21 21:46:37.992,1.35811,1.35828,1.88,1.28
2011.09.21 21:46:38.113,1.35811,1.35828,1.13,1.28
2011.09.21 21:46:38.682,1.35811,1.3583,1.13,2.25
2011.09.21 21:46:38.835,1.35809,1.35828,2.25,2.25
2011.09.21 21:46:39.077,1.35814,1.35834,1.13,2.03
2011.09.21 21:46:39.205,1.35815,1.35835,1.20,1.50
2011.09.21 21:46:40.524,1.35816,1.35836,1.28,1.13
2011.09.21 21:46:40.884,1.35817,1.35837,2.78,1.88
2011.09.21 21:46:41.003,1.35818,1.35837,1.28,1.88
2011.09.21 21:46:41.343,1.35817,1.35837,2.78,1.88
2011.09.21 21:46:42.271,1.35817,1.35837,2.33,1.88
2011.09.21 21:46:43.943,1.35819,1.35841,1.20,3.23
2011.09.21 21:46:44.065,1.35819,1.35841,1.58,2.70
2011.09.21 21:46:44.608,1.35821,1.35841,1.20,1.50
2011.09.21 21:46:45.695,1.35819,1.35839,1.65,3.00
2011.09.21 21:46:45.935,1.35816,1.35836,1.13,1.13
2011.09.21 21:46:46.993,1.35815,1.35836,1.13,1.50
2011.09.21 21:46:48.673,1.35816,1.35836,2.25,1.50
2011.09.21 21:46:49.276,1.35815,1.35835,1.50,1.50
2011.09.21 21:46:50.282,1.35817,1.35837,1.20,1.88
2011.09.21 21:46:50.871,1.35818,1.35837,1.20,1.13
2011.09.21 21:46:51.463,1.35818,1.35837,1.58,1.13
2011.09.21 21:46:51.824,1.35822,1.35842,1.65,1.50
2011.09.21 21:46:52.203,1.35822,1.35842,1.65,1.50
2011.09.21 21:46:52.963,1.35822,1.35842,1.20,1.50
2011.09.21 21:46:53.972,1.35822,1.35842,1.65,1.50
2011.09.21 21:46:54.670,1.35822,1.35842,1.20,1.50
2011.09.21 21:46:55.833,1.3582,1.35841,1.20,1.50
2011.09.21 21:46:56.445,1.3582,1.35838,1.20,2.25
2011.09.21 21:46:56.806,1.35821,1.35835,1.80,1.50
2011.09.21 21:46:57.174,1.3582,1.35834,1.05,1.50
2011.09.21 21:46:57.775,1.35819,1.35834,1.05,1.50
2011.09.21 21:46:59.823,1.35818,1.35833,1.05,1.13
2011.09.21 21:47:00.302,1.35816,1.35833,2.63,1.13
2011.09.21 21:47:01.425,1.35815,1.35833,1.13,1.13
2011.09.21 21:47:01.900,1.35814,1.35831,1.50,1.05
2011.09.21 21:47:02.030,1.35812,1.35831,1.95,1.43
2011.09.21 21:47:02.273,1.35811,1.3583,1.95,1.13
2011.09.21 21:47:04.232,1.35809,1.35829,3.00,1.95
2011.09.21 21:47:04.352,1.35809,1.35827,2.25,1.20
2011.09.21 21:47:04.923,1.35802,1.35822,2.70,1.50
2011.09.21 21:47:07.535,1.358,1.3582,1.95,3.00
2011.09.21 21:47:10.643,1.35799,1.35819,2.63,1.95
2011.09.21 21:47:11.123,1.35799,1.35817,1.50,1.28
2011.09.21 21:47:11.586,1.35799,1.35818,1.50,1.20
2011.09.21 21:47:12.637,1.35799,1.35817,1.50,1.28
2011.09.21 21:47:12.884,1.35799,1.35819,3.38,2.03
2011.09.21 21:47:13.234,1.35799,1.35819,3.38,1.58
2011.09.21 21:47:13.854,1.35799,1.35819,2.63,2.40
2011.09.21 21:47:14.356,1.35799,1.35819,2.63,1.95
2011.09.21 21:47:16.624,1.35801,1.35821,1.50,1.95
2011.09.21 21:47:16.984,1.35803,1.35823,2.70,1.13
2011.09.21 21:47:17.103,1.35804,1.35823,1.13,2.25
2011.09.21 21:47:17.224,1.35804,1.35823,2.03,2.25
2011.09.21 21:47:19.976,1.35806,1.35823,2.40,2.25
2011.09.21 21:47:20.097,1.35806,1.35825,1.20,1.05
2011.09.21 21:47:20.228,1.35806,1.35828,1.20,2.25
2011.09.21 21:47:20.357,1.35806,1.35831,1.20,1.50
2011.09.21 21:47:20.487,1.35811,1.35831,1.20,1.50
2011.09.21 21:47:20.621,1.35802,1.35828,1.95,1.65
2011.09.21 21:47:20.983,1.35804,1.35828,1.20,1.65
2011.09.21 21:47:21.565,1.35804,1.35827,1.20,1.20
2011.09.21 21:47:22.302,1.35804,1.35828,1.20,1.65
2011.09.21 21:47:22.752,1.35807,1.35829,1.20,1.20
2011.09.21 21:47:23.511,1.35807,1.35829,1.20,1.20
2011.09.21 21:47:23.631,1.35807,1.35827,1.20,1.20
2011.09.21 21:47:23.756,1.35801,1.35823,1.20,1.20
2011.09.21 21:47:23.886,1.35799,1.35822,2.18,1.65
2011.09.21 21:47:24.006,1.35801,1.35823,1.20,1.20
2011.09.21 21:47:24.936,1.35799,1.35821,1.88,1.20
2011.09.21 21:47:25.298,1.35798,1.35819,1.20,1.50
2011.09.21 21:47:27.543,1.35797,1.35817,1.20,1.50
2011.09.21 21:47:27.665,1.3579,1.3581,1.20,1.50
2011.09.21 21:47:27.789,1.35787,1.35809,1.65,1.50
2011.09.21 21:47:27.923,1.35782,1.35806,1.20,1.65
2011.09.21 21:47:28.044,1.35782,1.35803,1.20,1.50
2011.09.21 21:47:28.907,1.35781,1.35803,1.20,1.50
2011.09.21 21:47:29.514,1.35783,1.35803,1.20,1.50
2011.09.21 21:47:30.016,1.3578,1.35803,1.20,1.50
2011.09.21 21:47:30.147,1.35779,1.35797,0.75,1.65
2011.09.21 21:47:30.280,1.35777,1.35795,0.75,1.20
2011.09.21 21:47:30.884,1.35774,1.35797,1.20,1.95
2011.09.21 21:47:32.056,1.35777,1.35797,1.65,1.50
2011.09.21 21:47:32.859,1.35786,1.35797,2.25,1.50
2011.09.21 21:47:33.111,1.35782,1.35803,1.50,1.50
2011.09.21 21:47:33.243,1.35788,1.35804,1.95,1.50
2011.09.21 21:47:33.373,1.35783,1.35804,1.10,1.50
2011.09.21 21:47:33.500,1.35792,1.35807,0.90,1.50
2011.09.21 21:47:34.061,1.3579,1.35809,1.20,1.50
2011.09.21 21:47:35.227,1.35791,1.35809,1.20,1.50
2011.09.21 21:47:35.484,1.35794,1.35819,1.65,1.50
2011.09.21 21:47:35.610,1.35798,1.35813,2.44,0.75
2011.09.21 21:47:35.735,1.35797,1.35812,1.43,0.75
2011.09.21 21:47:35.856,1.35793,1.35813,1.20,1.05
2011.09.21 21:47:36.097,1.358,1.35812,2.25,1.05
2011.09.21 21:47:36.605,1.35798,1.35817,1.20,1.50
2011.09.21 21:47:37.254,1.35805,1.35824,1.65,1.50
2011.09.21 21:47:37.615,1.35813,1.35818,0.75,1.13
2011.09.21 21:47:37.738,1.35813,1.35821,1.50,1.50
2011.09.21 21:47:37.870,1.35807,1.35829,0.75,1.50
2011.09.21 21:47:37.997,1.35807,1.3583,1.65,1.50
2011.09.21 21:47:38.127,1.35807,1.35832,1.35,1.50
2011.09.21 21:47:38.738,1.35815,1.35837,1.35,1.50
2011.09.21 21:47:41.166,1.3581,1.35837,1.20,1.50
2011.09.21 21:47:41.842,1.35807,1.35839,1.20,1.50
2011.09.21 21:47:42.461,1.35808,1.35836,1.25,1.50
2011.09.21 21:47:43.065,1.35808,1.35834,1.20,1.50
2011.09.21 21:47:43.841,1.35807,1.35833,1.20,2.25
2011.09.21 21:47:44.552,1.35806,1.35832,1.20,1.50
2011.09.21 21:47:45.077,1.35805,1.35831,1.20,2.25
2011.09.21 21:47:45.327,1.35804,1.35829,1.20,1.50
2011.09.21 21:47:45.454,1.35806,1.35825,1.65,2.25
2011.09.21 21:47:47.418,1.35804,1.35824,1.20,2.25
2011.09.21 21:47:47.663,1.35803,1.35823,1.65,2.25
2011.09.21 21:47:47.905,1.35801,1.35824,1.95,1.50
2011.09.21 21:47:48.026,1.35802,1.35821,1.65,1.50
2011.09.21 21:47:48.266,1.35801,1.3582,1.20,1.50
2011.09.21 21:47:48.393,1.358,1.35819,1.65,1.50
2011.09.21 21:47:48.914,1.35799,1.35818,1.65,1.50
2011.09.21 21:47:49.502,1.35797,1.35817,1.20,1.50
2011.09.21 21:47:51.097,1.35791,1.3581,1.20,1.50
2011.09.21 21:47:53.643,1.35789,1.3581,1.20,2.25
2011.09.21 21:47:56.672,1.3579,1.3581,1.65,2.25
2011.09.21 21:47:57.424,1.35787,1.35808,1.20,1.50
2011.09.21 21:47:57.547,1.35787,1.35808,1.20,1.50
2011.09.21 21:48:01.511,1.35788,1.35808,1.20,1.50
2011.09.21 21:48:01.632,1.35785,1.35808,1.65,1.50
2011.09.21 21:48:02.233,1.35786,1.35806,1.20,1.50
2011.09.21 21:48:02.758,1.35785,1.35806,1.20,1.50
2011.09.21 21:48:04.302,1.35785,1.35806,1.20,1.50
2011.09.21 21:48:09.518,1.35785,1.35806,1.65,1.50
2011.09.21 21:48:09.873,1.35786,1.35806,1.20,1.50
2011.09.21 21:48:10.237,1.35781,1.35806,1.65,1.50
2011.09.21 21:48:10.366,1.35782,1.35805,1.65,1.50
2011.09.21 21:48:12.994,1.35786,1.35803,1.20,1.13
2011.09.21 21:48:13.236,1.35786,1.35805,2.03,1.50
2011.09.21 21:48:13.354,1.35786,1.35806,2.03,1.88
2011.09.21 21:48:15.375,1.35782,1.35799,1.65,1.13
2011.09.21 21:48:15.991,1.35787,1.35791,1.58,0.38
2011.09.21 21:48:16.116,1.3578,1.358,1.58,2.63
2011.09.21 21:48:16.965,1.35787,1.35801,1.20,2.25
2011.09.21 21:48:17.562,1.35782,1.35801,1.50,2.63
2011.09.21 21:48:18.796,1.35786,1.35802,1.50,1.20
2011.09.21 21:48:19.157,1.35787,1.35806,2.03,1.05
2011.09.21 21:48:19.282,1.35787,1.35807,2.03,1.88
2011.09.21 21:48:19.404,1.35787,1.35807,1.58,1.88
2011.09.21 21:48:22.044,1.35787,1.35805,1.20,2.25
2011.09.21 21:48:22.166,1.35787,1.35807,1.13,2.33
2011.09.21 21:48:22.523,1.35787,1.35807,2.03,1.88
2011.09.21 21:48:27.051,1.35787,1.35807,2.03,1.88
2011.09.21 21:48:27.621,1.35787,1.35807,2.03,1.13
2011.09.21 21:48:28.072,1.35787,1.35807,1.58,1.13
2011.09.21 21:48:28.201,1.35786,1.35803,1.28,1.05
2011.09.21 21:48:28.979,1.35785,1.35802,1.20,1.13
2011.09.21 21:48:45.144,1.35787,1.35807,1.58,1.80
2011.09.21 21:48:45.263,1.35787,1.35807,1.58,1.43
2011.09.21 21:48:45.383,1.35787,1.35807,1.58,1.13
2011.09.21 21:48:51.490,1.35787,1.3581,2.78,1.13
2011.09.21 21:48:52.691,1.35787,1.35807,2.03,1.13
2011.09.21 21:48:54.572,1.35787,1.35807,2.78,1.13
2011.09.21 21:48:57.782,1.3579,1.35808,1.28,1.50
2011.09.21 21:48:59.813,1.35791,1.35808,1.28,1.13
2011.09.21 21:49:00.752,1.3579,1.35808,1.28,1.13
2011.09.21 21:49:07.802,1.35789,1.35808,1.20,1.13
2011.09.21 21:49:08.383,1.35787,1.35807,2.03,1.13
2011.09.21 21:49:09.004,1.35788,1.35805,1.28,1.13
2011.09.21 21:49:09.123,1.35786,1.35806,1.65,1.13
2011.09.21 21:49:09.579,1.35787,1.35807,1.13,2.25
2011.09.21 21:49:10.314,1.35786,1.35807,2.40,1.88
2011.09.21 21:49:13.043,1.35787,1.35807,1.58,1.13
2011.09.21 21:49:14.384,1.35786,1.35804,1.28,1.13
2011.09.21 21:49:14.972,1.35785,1.35804,1.20,1.13
2011.09.21 21:49:15.785,1.35786,1.35805,1.20,1.13
2011.09.21 21:49:18.683,1.35788,1.35805,1.28,1.13
2011.09.21 21:49:27.132,1.35786,1.35804,2.40,1.50
2011.09.21 21:49:28.829,1.35787,1.35805,1.20,1.50
2011.09.21 21:49:30.830,1.35788,1.35806,1.58,1.13
2011.09.21 21:49:31.186,1.35793,1.35812,1.28,1.05
2011.09.21 21:49:31.309,1.35797,1.3582,1.20,2.70
2011.09.21 21:49:31.434,1.35797,1.35821,1.65,1.88
2011.09.21 21:49:36.511,1.35797,1.3582,1.65,1.20
2011.09.21 21:49:37.082,1.35794,1.35819,1.65,1.20
2011.09.21 21:49:40.081,1.35794,1.35821,1.65,2.33
2011.09.21 21:49:41.642,1.35794,1.35819,1.65,1.20
2011.09.21 21:49:41.764,1.35794,1.35812,1.20,1.50
2011.09.21 21:49:43.121,1.35792,1.35812,1.20,1.50
2011.09.21 21:49:43.823,1.35787,1.35811,1.20,2.40
2011.09.21 21:49:45.623,1.35791,1.35811,1.20,1.50
2011.09.21 21:49:45.862,1.35787,1.35812,1.20,1.50
2011.09.21 21:49:51.789,1.3579,1.35811,1.20,3.00
2011.09.21 21:49:57.632,1.35788,1.35808,2.40,3.75
2011.09.21 21:50:01.434,1.35791,1.35808,1.65,3.00
2011.09.21 21:50:01.798,1.35793,1.35807,1.20,1.10
2011.09.21 21:50:02.169,1.35797,1.35806,2.70,0.15
2011.09.21 21:50:02.418,1.35792,1.35813,1.58,1.50
2011.09.21 21:50:02.801,1.35796,1.35812,1.65,1.20
2011.09.21 21:50:02.938,1.35792,1.35817,1.20,1.65
2011.09.21 21:50:03.067,1.35795,1.35817,1.20,1.20
2011.09.21 21:50:04.413,1.35794,1.3582,1.20,1.50
2011.09.21 21:50:05.782,1.35796,1.35821,1.20,1.50
2011.09.21 21:50:06.799,1.35797,1.35822,1.20,1.50
2011.09.21 21:50:09.794,1.35804,1.35829,1.20,1.50
2011.09.21 21:50:10.153,1.35799,1.35821,1.20,1.95
2011.09.21 21:50:10.753,1.358,1.35821,1.20,1.50
2011.09.21 21:50:11.238,1.35796,1.35818,1.20,1.20
2011.09.21 21:50:11.920,1.35798,1.35819,1.20,2.25
2011.09.21 21:50:12.165,1.35799,1.35819,1.20,1.50
2011.09.21 21:50:12.287,1.35797,1.35825,1.20,1.50
2011.09.21 21:50:15.273,1.35799,1.35825,1.20,1.50
2011.09.21 21:50:15.633,1.35798,1.35825,1.20,1.50
2011.09.21 21:50:17.573,1.358,1.35825,1.20,1.50
2011.09.21 21:50:18.133,1.35802,1.35825,1.20,1.50
2011.09.21 21:50:19.425,1.35798,1.35825,1.20,1.50
2011.09.21 21:50:19.789,1.358,1.35828,1.20,1.50
2011.09.21 21:50:20.915,1.358,1.35824,1.65,1.20
2011.09.21 21:50:21.393,1.35804,1.3582,1.35,1.50
2011.09.21 21:50:22.748,1.35805,1.35821,1.35,1.50
2011.09.21 21:50:55.254,1.35805,1.35821,1.05,1.50
2011.09.21 21:50:57.535,1.35813,1.35821,0.15,1.95
2011.09.21 21:50:59.716,1.35807,1.35824,1.35,2.25
2011.09.21 21:51:01.757,1.35812,1.35817,0.15,1.50
2011.09.21 21:51:02.006,1.35813,1.3582,0.15,1.50
2011.09.21 21:51:17.922,1.35801,1.35819,1.35,2.25
2011.09.21 21:51:24.863,1.35806,1.3582,1.05,1.50
2011.09.21 21:51:25.099,1.35813,1.35821,1.73,1.50
2011.09.21 21:51:25.466,1.35807,1.35828,1.20,1.05
2011.09.21 21:51:25.585,1.35808,1.3583,1.20,1.20
2011.09.21 21:51:28.373,1.35809,1.35832,1.20,1.20
2011.09.21 21:51:28.617,1.35811,1.35832,1.20,1.50
2011.09.21 21:51:31.574,1.35813,1.35833,1.20,1.50
2011.09.21 21:51:37.721,1.35814,1.35834,1.20,2.25
2011.09.21 21:51:38.394,1.35815,1.35835,1.20,1.50
2011.09.21 21:51:38.626,1.35814,1.35838,1.20,1.95
2011.09.21 21:51:38.985,1.35822,1.35842,1.65,1.50
2011.09.21 21:51:42.974,1.35821,1.35842,1.20,1.50
2011.09.21 21:51:43.098,1.35817,1.35842,1.65,1.50
2011.09.21 21:51:43.229,1.35817,1.35837,1.20,1.50
2011.09.21 21:51:43.676,1.35817,1.35837,1.65,1.50
2011.09.21 21:51:45.178,1.35811,1.35837,1.65,1.50
2011.09.21 21:51:45.308,1.35811,1.35833,1.20,1.20
2011.09.21 21:51:45.436,1.35808,1.35828,1.65,1.50
2011.09.21 21:51:46.037,1.35808,1.35828,1.65,1.50
2011.09.21 21:51:47.757,1.35816,1.35822,0.75,1.50
2011.09.21 21:51:47.998,1.35812,1.35829,1.50,1.13
2011.09.21 21:51:48.127,1.35814,1.35828,1.28,1.50
2011.09.21 21:51:48.259,1.35821,1.35829,0.90,1.50
2011.09.21 21:51:48.724,1.3582,1.35828,0.90,1.50
2011.09.21 21:51:48.845,1.3581,1.35836,1.20,1.20
2011.09.21 21:51:49.669,1.35809,1.35835,1.20,1.50
2011.09.21 21:51:50.160,1.35804,1.35833,1.20,1.50
2011.09.21 21:52:04.464,1.35809,1.35832,1.20,1.20
2011.09.21 21:52:04.824,1.35806,1.35828,1.65,1.50
2011.09.21 21:52:05.183,1.35806,1.35828,1.20,1.50
2011.09.21 21:52:07.235,1.35806,1.35828,1.20,1.50
2011.09.21 21:52:07.477,1.35799,1.35822,1.65,1.20
2011.09.21 21:52:07.732,1.35796,1.35819,1.28,1.20
2011.09.21 21:52:08.217,1.35799,1.35821,1.65,1.50
2011.09.21 21:52:10.414,1.3581,1.35821,3.75,1.50
2011.09.21 21:52:10.537,1.35814,1.3583,1.20,1.13
2011.09.21 21:52:11.122,1.35817,1.35833,1.05,1.80
2011.09.21 21:52:11.856,1.35818,1.35836,1.13,2.25
2011.09.21 21:52:12.097,1.35819,1.35839,1.58,1.05
2011.09.21 21:52:12.223,1.35819,1.35841,2.03,1.88
2011.09.21 21:52:12.918,1.35819,1.35841,2.03,1.88
2011.09.21 21:52:13.165,1.35818,1.35841,2.03,1.88
2011.09.21 21:52:13.288,1.35815,1.35839,1.65,1.20
2011.09.21 21:52:13.415,1.3581,1.35832,1.65,1.50
2011.09.21 21:52:13.534,1.3581,1.35832,1.20,1.95
2011.09.21 21:52:18.353,1.35805,1.35831,1.65,1.50
2011.09.21 21:52:18.716,1.35806,1.35828,1.20,1.20
2011.09.21 21:52:21.797,1.35804,1.35828,1.80,1.50
2011.09.21 21:52:21.930,1.35804,1.35826,1.73,1.20
2011.09.21 21:52:23.409,1.35804,1.35824,1.80,1.50
2011.09.21 21:52:23.865,1.35802,1.35823,1.73,1.50
2011.09.21 21:52:23.988,1.35797,1.35817,1.65,1.50
2011.09.21 21:52:24.118,1.35803,1.35825,1.20,1.05
2011.09.21 21:52:24.246,1.35803,1.35826,1.20,1.50
2011.09.21 21:52:26.668,1.35811,1.3582,1.13,1.20
2011.09.21 21:52:27.035,1.35807,1.35827,1.95,1.80
2011.09.21 21:52:27.154,1.35808,1.35828,1.95,1.80
2011.09.21 21:52:27.276,1.35813,1.35825,1.05,1.50
2011.09.21 21:52:27.518,1.35811,1.3583,1.05,1.05
2011.09.21 21:52:27.650,1.35811,1.35831,1.20,1.50
2011.09.21 21:52:27.776,1.3581,1.35834,1.65,1.50
2011.09.21 21:52:32.172,1.35811,1.35836,1.20,1.50
2011.09.21 21:52:32.528,1.35811,1.35839,1.20,1.50
2011.09.21 21:52:32.882,1.35814,1.35846,1.20,1.20
2011.09.21 21:52:33.396,1.35816,1.35847,1.20,1.50
2011.09.21 21:52:34.078,1.35821,1.35847,1.20,1.50
2011.09.21 21:52:34.674,1.3582,1.35847,1.20,1.50
2011.09.21 21:52:36.713,1.35819,1.35847,1.20,1.50
2011.09.21 21:52:37.692,1.35819,1.35847,1.20,1.50
2011.09.21 21:52:38.042,1.35829,1.35847,1.65,1.50
2011.09.21 21:52:40.924,1.35829,1.35847,1.20,1.50
2011.09.21 21:52:41.285,1.35829,1.35843,1.20,1.50
2011.09.21 21:52:43.354,1.35828,1.35843,1.65,1.50
2011.09.21 21:52:44.279,1.35825,1.35843,1.20,1.50
2011.09.21 21:52:44.405,1.35814,1.35843,1.20,1.50
2011.09.21 21:53:01.251,1.35822,1.35842,1.20,1.50
2011.09.21 21:53:06.498,1.35821,1.35842,1.65,1.50
2011.09.21 21:53:09.652,1.35822,1.35842,1.20,1.50
2011.09.21 21:53:12.217,1.35825,1.35842,1.20,1.50
2011.09.21 21:53:12.594,1.35832,1.35837,1.50,0.30
2011.09.21 21:53:13.106,1.35826,1.35845,1.05,1.65
2011.09.21 21:53:14.738,1.35827,1.35847,1.85,1.20
2011.09.21 21:53:17.612,1.35828,1.35848,1.50,1.20
2011.09.21 21:53:18.734,1.35829,1.35849,1.80,1.20
2011.09.21 21:53:18.854,1.3583,1.35851,1.80,1.20
2011.09.21 21:53:19.504,1.35834,1.3585,2.25,1.20
2011.09.21 21:53:20.065,1.35839,1.35848,1.20,0.75
2011.09.21 21:53:20.428,1.35828,1.35861,1.25,1.20
2011.09.21 21:53:21.078,1.35839,1.35859,1.20,0.75
2011.09.21 21:53:24.494,1.35833,1.35857,1.50,0.75
2011.09.21 21:53:25.534,1.35833,1.35868,1.50,1.20
2011.09.21 21:53:26.627,1.35834,1.35864,1.20,0.75
2011.09.21 21:53:27.946,1.35847,1.35853,1.20,1.50
2011.09.21 21:53:28.187,1.35843,1.3586,1.10,2.25
2011.09.21 21:53:28.321,1.35845,1.3586,1.50,1.50
2011.09.21 21:53:28.804,1.35838,1.3586,0.75,1.50
2011.09.21 21:53:29.659,1.35848,1.35853,0.75,1.20
2011.09.21 21:53:29.909,1.35842,1.35861,2.25,1.50
2011.09.21 21:53:30.527,1.35843,1.35862,1.05,1.05
2011.09.21 21:53:32.545,1.35844,1.35863,1.05,1.13
2011.09.21 21:53:32.664,1.35847,1.35863,2.25,4.50
2011.09.21 21:53:33.241,1.35848,1.35864,2.25,3.45
2011.09.21 21:53:45.176,1.35857,1.35869,4.50,1.20
2011.09.21 21:53:45.300,1.35856,1.35871,1.13,1.20
2011.09.21 21:53:45.426,1.35841,1.35872,1.50,1.50
2011.09.21 21:53:45.543,1.35854,1.35861,0.75,1.20
2011.09.21 21:53:45.666,1.35838,1.35872,1.50,1.50
2011.09.21 21:53:47.735,1.35838,1.35872,1.50,1.50
2011.09.21 21:53:48.411,1.35836,1.3587,1.50,1.50
2011.09.21 21:53:48.866,1.35842,1.3587,1.13,1.50
2011.09.21 21:53:48.991,1.35844,1.3587,1.20,1.65
2011.09.21 21:53:49.769,1.35845,1.35871,1.20,1.65
2011.09.21 21:53:50.741,1.35851,1.35868,1.80,1.80
2011.09.21 21:53:50.986,1.35852,1.3587,1.80,2.25
2011.09.21 21:53:59.303,1.35854,1.35871,1.13,2.25
2011.09.21 21:54:01.633,1.35856,1.35871,2.25,2.25
2011.09.21 21:54:01.753,1.35857,1.35873,1.13,2.25
2011.09.21 21:54:02.679,1.35857,1.35875,1.88,2.63
2011.09.21 21:54:05.692,1.35859,1.35874,2.25,2.25
2011.09.21 21:54:07.492,1.3586,1.35876,1.13,2.25
2011.09.21 21:54:09.007,1.35862,1.35877,2.25,2.25
2011.09.21 21:54:16.023,1.35864,1.35878,2.25,2.25
2011.09.21 21:54:17.613,1.3587,1.35885,1.13,2.25
2011.09.21 21:54:22.403,1.35867,1.35885,1.80,2.70
2011.09.21 21:54:22.526,1.35867,1.35884,1.43,1.13
2011.09.21 21:54:23.091,1.35867,1.35885,1.43,4.20
2011.09.21 21:54:23.829,1.35863,1.35887,1.20,1.65
2011.09.21 21:54:26.573,1.35861,1.35887,1.95,1.65
2011.09.21 21:54:27.219,1.35861,1.35885,1.20,1.65
2011.09.21 21:54:28.163,1.35856,1.35876,1.13,1.58
2011.09.21 21:54:28.750,1.35852,1.35875,1.20,1.20
2011.09.21 21:54:28.993,1.35851,1.35874,1.20,1.20
2011.09.21 21:54:29.715,1.35849,1.35871,1.20,1.20
2011.09.21 21:54:30.048,1.35859,1.35864,0.75,1.20
2011.09.21 21:54:30.414,1.35857,1.35868,1.50,2.25
2011.09.21 21:54:30.844,1.35858,1.35869,1.50,2.25
2011.09.21 21:54:31.218,1.35853,1.35877,1.95,1.65
2011.09.21 21:54:31.574,1.35855,1.35877,1.20,1.20
2011.09.21 21:54:31.695,1.35852,1.35872,1.65,1.13
2011.09.21 21:54:32.758,1.35852,1.35872,1.65,1.13
2011.09.21 21:54:32.992,1.35852,1.35872,1.20,1.13
2011.09.21 21:54:33.336,1.35852,1.35872,1.65,1.13
2011.09.21 21:54:33.459,1.35853,1.35873,1.20,1.05
2011.09.21 21:54:33.823,1.35857,1.35871,2.25,2.25
2011.09.21 21:54:34.428,1.35857,1.35874,1.13,2.25
2011.09.21 21:54:34.676,1.35862,1.3588,2.22,1.65
2011.09.21 21:54:34.795,1.3586,1.35878,4.95,1.20
2011.09.21 21:54:35.154,1.35854,1.35877,1.20,1.20
2011.09.21 21:54:35.275,1.35854,1.35881,1.20,1.65
2011.09.21 21:54:35.794,1.35863,1.35882,2.25,1.20
2011.09.21 21:54:36.623,1.35864,1.35884,2.25,1.20
2011.09.21 21:54:36.985,1.35864,1.35884,2.25,1.20
2011.09.21 21:54:37.659,1.35864,1.35884,2.25,1.20
2011.09.21 21:54:39.813,1.35864,1.35885,2.25,2.70
2011.09.21 21:54:39.938,1.35868,1.35883,1.50,3.75
2011.09.21 21:54:40.067,1.35865,1.35888,1.20,1.50
2011.09.21 21:54:40.425,1.35868,1.35887,2.25,1.58
2011.09.21 21:54:40.543,1.35869,1.35888,2.63,3.38
2011.09.21 21:54:40.667,1.35873,1.35887,1.50,1.20
2011.09.21 21:54:40.797,1.35871,1.35892,2.63,1.20
2011.09.21 21:54:42.404,1.35872,1.35893,1.50,1.13
2011.09.21 21:54:43.305,1.35874,1.35894,1.50,1.88
2011.09.21 21:54:43.427,1.35875,1.35895,2.25,2.33
2011.09.21 21:54:43.558,1.35879,1.35899,1.13,1.13
2011.09.21 21:54:43.805,1.35876,1.35898,4.20,1.20
2011.09.21 21:54:44.387,1.35876,1.35898,3.45,1.20
2011.09.21 21:54:44.978,1.35876,1.35898,1.95,1.58
2011.09.21 21:54:48.016,1.35873,1.35887,1.20,1.20
2011.09.21 21:54:48.141,1.35877,1.35881,3.75,0.75
2011.09.21 21:54:48.269,1.35868,1.35888,1.25,1.13
2011.09.21 21:54:48.400,1.35864,1.35889,1.13,1.88
2011.09.21 21:54:48.785,1.35862,1.35889,1.50,1.88
2011.09.21 21:54:49.297,1.35862,1.35887,1.50,1.88
2011.09.21 21:54:50.025,1.3586,1.35887,1.50,1.20
2011.09.21 21:54:50.384,1.35862,1.35884,1.65,1.50
2011.09.21 21:54:50.802,1.35861,1.35883,1.65,1.50
2011.09.21 21:54:51.353,1.35856,1.35877,1.20,1.50
2011.09.21 21:54:51.596,1.35857,1.35877,2.40,1.50
2011.09.21 21:54:52.113,1.35857,1.35877,2.40,1.50
2011.09.21 21:54:52.482,1.35862,1.35874,4.05,4.05
2011.09.21 21:54:52.728,1.35858,1.3588,1.20,1.56
2011.09.21 21:54:53.439,1.3586,1.3588,2.85,1.94
2011.09.21 21:54:54.035,1.35861,1.35882,2.10,1.26
2011.09.21 21:54:54.155,1.35862,1.35883,2.10,1.56
2011.09.21 21:54:54.586,1.35862,1.35884,1.95,1.64
2011.09.21 21:54:55.995,1.3587,1.35879,1.58,1.13
2011.09.21 21:54:56.121,1.35866,1.35876,1.10,1.20
2011.09.21 21:54:56.254,1.35868,1.35879,1.05,1.50
2011.09.21 21:54:56.381,1.35862,1.35886,1.47,1.35
2011.09.21 21:54:56.504,1.35863,1.35887,1.47,1.20
2011.09.21 21:54:56.625,1.35863,1.35889,1.47,2.01
2011.09.21 21:54:57.223,1.3587,1.35895,1.10,1.26
2011.09.21 21:54:58.625,1.35875,1.35895,1.35,1.26
2011.09.21 21:54:59.214,1.35873,1.35894,2.85,1.20
2011.09.21 21:54:59.855,1.35873,1.35893,3.23,3.00
2011.09.21 21:55:00.786,1.35873,1.35895,3.15,1.56
2011.09.21 21:55:01.145,1.35876,1.35894,1.13,1.13
2011.09.21 21:55:02.205,1.35876,1.35893,2.85,2.55
2011.09.21 21:55:02.571,1.35875,1.35892,1.35,1.13
2011.09.21 21:55:02.698,1.35876,1.35891,2.85,1.13
2011.09.21 21:55:02.826,1.35876,1.35891,2.85,1.13
2011.09.21 21:55:03.764,1.35883,1.35891,3.00,1.13
2011.09.21 21:55:04.375,1.3588,1.35897,1.05,1.49
2011.09.21 21:55:04.622,1.35881,1.35897,1.92,1.11
2011.09.21 21:55:04.986,1.35886,1.35905,1.43,1.26
2011.09.21 21:55:05.695,1.35886,1.359,1.50,1.56
2011.09.21 21:55:05.816,1.3588,1.35893,1.13,1.05
2011.09.21 21:55:05.935,1.35876,1.35893,1.35,2.25
2011.09.21 21:55:07.929,1.35872,1.35886,3.30,1.50
2011.09.21 21:55:08.060,1.35869,1.35886,1.28,1.50
2011.09.21 21:55:08.592,1.35868,1.35883,1.43,1.05
2011.09.21 21:55:08.717,1.35868,1.35884,1.50,1.05
2011.09.21 21:55:10.585,1.3587,1.35887,1.05,1.05
2011.09.21 21:55:10.705,1.35875,1.35888,2.03,1.05
2011.09.21 21:55:10.949,1.35874,1.35891,1.88,1.19
2011.09.21 21:55:11.414,1.35875,1.35892,2.85,1.19
2011.09.21 21:55:11.887,1.35875,1.35894,3.00,1.34
2011.09.21 21:55:14.242,1.35876,1.35895,2.25,2.09
2011.09.21 21:55:14.719,1.3588,1.35897,1.50,1.94
2011.09.21 21:55:15.782,1.35873,1.35892,2.55,1.20
2011.09.21 21:55:17.852,1.35873,1.35889,1.47,1.13
2011.09.21 21:55:18.329,1.35871,1.35889,1.73,1.13
2011.09.21 21:55:20.285,1.3587,1.35883,1.95,2.63
2011.09.21 21:55:20.644,1.35871,1.35885,3.68,1.80
2011.09.21 21:55:20.765,1.35872,1.35886,3.68,1.80
2011.09.21 21:55:21.368,1.35871,1.35888,1.10,1.20
2011.09.21 21:55:21.846,1.35869,1.35882,1.50,2.25
2011.09.21 21:55:21.977,1.35862,1.35878,1.50,1.65
2011.09.21 21:55:22.107,1.35862,1.35878,1.50,1.65
2011.09.21 21:55:22.238,1.35858,1.35878,2.85,1.65
2011.09.21 21:55:22.366,1.35858,1.35879,2.85,1.20
2011.09.21 21:55:24.709,1.35862,1.3588,1.65,1.50
2011.09.21 21:55:25.127,1.35862,1.3588,1.65,1.50
2011.09.21 21:55:26.624,1.35862,1.3588,1.65,1.56
2011.09.21 21:55:27.914,1.35862,1.3588,1.65,1.56
2011.09.21 21:55:28.266,1.35856,1.35875,1.50,1.19
2011.09.21 21:55:28.627,1.35857,1.35872,1.10,1.50
2011.09.21 21:55:28.996,1.35854,1.35872,1.50,1.05
2011.09.21 21:55:29.848,1.35854,1.3587,1.50,1.13
2011.09.21 21:55:30.093,1.35853,1.35869,1.50,1.50
2011.09.21 21:55:30.225,1.35855,1.35865,1.13,1.50
2011.09.21 21:55:30.353,1.35854,1.35864,1.05,1.50
2011.09.21 21:55:30.712,1.35846,1.35869,1.35,1.50
2011.09.21 21:55:31.112,1.35845,1.35868,1.35,1.50
2011.09.21 21:55:31.464,1.35845,1.35865,1.65,1.50
2011.09.21 21:55:32.052,1.35846,1.35862,1.05,1.50
2011.09.21 21:55:32.419,1.35844,1.35862,1.65,2.25
2011.09.21 21:55:32.774,1.35841,1.35862,1.65,1.88
2011.09.21 21:55:33.020,1.35847,1.35854,1.20,1.88
2011.09.21 21:55:33.484,1.35845,1.35855,1.20,2.25
2011.09.21 21:55:33.614,1.35845,1.35856,1.20,1.50
2011.09.21 21:55:33.976,1.35845,1.35858,1.20,1.50
2011.09.21 21:55:34.097,1.35845,1.3586,1.20,1.50
2011.09.21 21:55:34.227,1.35843,1.3586,1.20,1.50
2011.09.21 21:55:34.356,1.35843,1.35862,1.20,1.50
2011.09.21 21:55:35.149,1.35843,1.35854,1.20,1.50
2011.09.21 21:55:35.651,1.35835,1.35852,1.65,1.13
2011.09.21 21:55:35.895,1.35833,1.35853,1.65,1.80
2011.09.21 21:55:36.015,1.35832,1.35852,2.25,1.13
2011.09.21 21:55:36.260,1.35839,1.35854,1.20,1.05
2011.09.21 21:55:36.757,1.35836,1.35853,2.30,1.05
2011.09.21 21:55:37.012,1.3583,1.35851,2.40,1.13
2011.09.21 21:55:37.137,1.3583,1.35851,1.95,1.13
2011.09.21 21:55:37.266,1.35835,1.35853,2.03,1.80
2011.09.21 21:55:37.625,1.3584,1.35853,1.58,1.05
2011.09.21 21:55:37.866,1.35842,1.35859,1.20,2.25
2011.09.21 21:55:37.987,1.35842,1.35859,1.65,2.25
2011.09.21 21:55:38.333,1.35842,1.35859,1.65,2.25
2011.09.21 21:55:38.688,1.35847,1.35861,1.80,2.63
2011.09.21 21:55:39.665,1.35848,1.35863,1.80,1.43
2011.09.21 21:55:40.273,1.35849,1.35861,1.43,1.13
2011.09.21 21:55:41.218,1.35845,1.35859,1.05,2.25
2011.09.21 21:55:41.356,1.3584,1.35858,1.13,1.95
2011.09.21 21:55:42.637,1.35837,1.35852,1.05,1.13
2011.09.21 21:55:42.758,1.35829,1.35848,2.07,3.00
2011.09.21 21:55:42.887,1.35826,1.35844,2.63,1.95
2011.09.21 21:55:44.065,1.35827,1.35843,2.25,1.80
2011.09.21 21:55:45.002,1.35831,1.35843,1.20,1.80
2011.09.21 21:55:45.523,1.35833,1.35842,1.35,1.80
2011.09.21 21:55:45.657,1.35829,1.35848,1.35,2.33
2011.09.21 21:55:47.258,1.35831,1.35849,1.35,3.00
2011.09.21 21:55:47.857,1.35832,1.35851,3.60,3.45
2011.09.21 21:55:48.217,1.35838,1.35851,2.10,1.13
2011.09.21 21:55:48.351,1.35836,1.3585,1.05,1.13
2011.09.21 21:55:48.838,1.35831,1.3585,2.55,1.13
2011.09.21 21:55:49.577,1.35843,1.35851,2.10,4.20
2011.09.21 21:55:49.828,1.35847,1.3586,1.05,1.50
2011.09.21 21:55:50.073,1.35847,1.35861,1.05,1.13
2011.09.21 21:55:50.666,1.35847,1.35863,1.65,1.05
2011.09.21 21:55:50.909,1.35846,1.35861,1.13,1.13
2011.09.21 21:55:51.275,1.35847,1.35856,0.30,1.95
2011.09.21 21:55:51.397,1.35835,1.35856,1.35,1.95
2011.09.21 21:55:52.937,1.35838,1.35855,1.58,1.13
2011.09.21 21:55:53.517,1.3584,1.35857,1.20,2.25
2011.09.21 21:55:53.889,1.35838,1.3586,1.80,1.26
2011.09.21 21:55:58.890,1.3584,1.3586,1.35,2.70
2011.09.21 21:55:59.346,1.35842,1.35861,1.50,2.33
2011.09.21 21:56:00.384,1.35843,1.35862,3.00,1.50
2011.09.21 21:56:01.466,1.35844,1.35864,1.13,1.58
2011.09.21 21:56:02.094,1.35845,1.35865,1.13,1.58
2011.09.21 21:56:02.801,1.35851,1.35868,1.02,0.75
2011.09.21 21:56:03.257,1.35847,1.35876,1.50,1.50
2011.09.21 21:56:03.642,1.35846,1.35874,1.50,1.50
2011.09.21 21:56:05.218,1.35855,1.35867,0.75,1.50
2011.09.21 21:56:05.591,1.3585,1.35874,1.20,1.65
2011.09.21 21:56:05.834,1.35852,1.35874,1.20,1.20
2011.09.21 21:56:06.074,1.35852,1.35876,1.20,1.65
2011.09.21 21:56:07.049,1.35853,1.35877,1.95,2.40
2011.09.21 21:56:07.295,1.35855,1.35877,1.20,1.50
2011.09.21 21:56:08.076,1.35856,1.35878,1.20,1.95
2011.09.21 21:56:08.557,1.35858,1.35878,1.50,1.20
2011.09.21 21:56:09.954,1.35859,1.35879,1.50,1.95
2011.09.21 21:56:15.358,1.35865,1.35884,1.13,1.20
2011.09.21 21:56:15.489,1.3586,1.35881,1.58,1.20
2011.09.21 21:56:15.620,1.35858,1.35879,1.05,1.65
2011.09.21 21:56:19.571,1.35855,1.3588,1.20,1.65
2011.09.21 21:56:20.777,1.35855,1.35878,1.20,1.20
2011.09.21 21:56:22.017,1.35861,1.35874,1.50,1.65
2011.09.21 21:56:22.135,1.35862,1.35875,1.50,1.20
2011.09.21 21:56:22.374,1.35861,1.35878,1.50,1.28
2011.09.21 21:56:23.541,1.35867,1.35882,1.43,1.20
2011.09.21 21:56:23.788,1.35865,1.35881,1.50,1.65
2011.09.21 21:56:23.919,1.35866,1.35877,1.13,1.13
2011.09.21 21:56:24.526,1.35865,1.35877,2.25,1.20
2011.09.21 21:56:25.251,1.35857,1.35872,3.00,1.20
2011.09.21 21:56:25.378,1.35854,1.35873,1.20,1.43
2011.09.21 21:56:25.744,1.35856,1.35879,1.20,1.20
2011.09.21 21:56:28.177,1.35865,1.35881,2.25,1.50
2011.09.21 21:56:28.428,1.35869,1.35885,1.13,1.13
2011.09.21 21:56:28.555,1.35869,1.35886,1.13,1.20
2011.09.21 21:56:29.153,1.35869,1.35886,1.13,1.95
2011.09.21 21:56:32.282,1.35869,1.35886,1.50,1.13
2011.09.21 21:56:32.825,1.35869,1.35887,1.50,1.50
2011.09.21 21:56:33.821,1.35869,1.35888,1.50,3.45
2011.09.21 21:56:34.387,1.3587,1.35888,1.13,1.95
2011.09.21 21:56:36.398,1.3587,1.35887,1.13,1.13
2011.09.21 21:56:43.230,1.35879,1.35889,0.75,1.13
2011.09.21 21:56:43.835,1.35872,1.35889,1.20,1.13
2011.09.21 21:56:59.897,1.3587,1.3589,1.13,2.03
2011.09.21 21:57:00.491,1.35864,1.35893,1.20,1.20
2011.09.21 21:57:00.744,1.35859,1.35886,1.20,1.20
2011.09.21 21:57:00.869,1.35859,1.35887,1.20,1.20
2011.09.21 21:57:00.999,1.35858,1.35888,1.20,1.20
2011.09.21 21:57:02.042,1.3587,1.35889,1.13,2.40
2011.09.21 21:57:02.404,1.3587,1.3589,1.13,1.13
2011.09.21 21:57:02.528,1.35874,1.35884,1.17,1.13
2011.09.21 21:57:02.899,1.3587,1.35886,1.13,1.20
2011.09.21 21:57:04.544,1.35868,1.35886,1.13,1.20
2011.09.21 21:57:05.555,1.35872,1.35881,0.75,1.65
2011.09.21 21:57:05.688,1.35864,1.3588,2.78,1.05
2011.09.21 21:57:05.821,1.35869,1.35888,2.33,1.20
2011.09.21 21:57:05.948,1.35869,1.35891,2.33,1.20
2011.09.21 21:57:07.017,1.35871,1.35893,1.20,1.20
2011.09.21 21:57:09.813,1.3587,1.35887,1.20,3.00
2011.09.21 21:57:09.937,1.35867,1.35885,1.43,1.13
2011.09.21 21:57:10.554,1.35867,1.35881,1.43,1.13
2011.09.21 21:57:13.615,1.35869,1.35882,1.13,1.05
2011.09.21 21:57:13.749,1.35872,1.35887,1.35,1.05
2011.09.21 21:57:13.876,1.35872,1.35891,1.35,1.13
2011.09.21 21:57:14.752,1.35872,1.35891,1.35,1.58
2011.09.21 21:57:20.471,1.35871,1.35889,1.13,1.50
2011.09.21 21:57:20.598,1.35868,1.35882,1.13,1.13
2011.09.21 21:57:22.089,1.35871,1.35883,1.13,1.05
2011.09.21 21:57:22.220,1.35871,1.35888,1.13,1.05
2011.09.21 21:57:22.350,1.35871,1.35891,1.13,1.13
2011.09.21 21:57:22.476,1.35871,1.35891,1.13,1.13
2011.09.21 21:57:23.783,1.35872,1.3589,1.20,1.50
2011.09.21 21:57:23.904,1.3587,1.35889,1.95,1.13
2011.09.21 21:57:29.933,1.35869,1.35889,2.25,1.13
2011.09.21 21:57:32.314,1.35869,1.35889,2.25,1.13
2011.09.21 21:57:34.714,1.35869,1.35883,1.13,1.50
2011.09.21 21:57:35.076,1.35867,1.35879,1.13,1.50
2011.09.21 21:57:35.200,1.3586,1.35876,1.05,1.13
2011.09.21 21:57:35.324,1.35857,1.35876,1.95,1.13
2011.09.21 21:57:38.586,1.35858,1.35876,1.13,1.58
2011.09.21 21:57:40.445,1.35857,1.35876,1.50,1.58
2011.09.21 21:57:42.242,1.35854,1.35871,2.25,1.13
2011.09.21 21:57:42.608,1.35851,1.35869,1.50,1.13
2011.09.21 21:57:42.964,1.35853,1.35869,1.13,1.20
2011.09.21 21:57:43.328,1.35849,1.35863,1.13,1.20
2011.09.21 21:57:43.927,1.35847,1.35863,1.13,1.20
2011.09.21 21:57:46.706,1.35841,1.35861,2.18,1.20
2011.09.21 21:57:46.825,1.35841,1.35857,1.50,1.20
2011.09.21 21:57:47.425,1.3584,1.35855,1.50,1.20
2011.09.21 21:57:48.033,1.35833,1.35855,1.20,1.20
2011.09.21 21:57:48.298,1.35832,1.35846,1.20,0.75
2011.09.21 21:57:48.429,1.35832,1.3585,1.13,1.13
2011.09.21 21:57:51.501,1.35828,1.35851,1.20,1.20
2011.09.21 21:57:51.991,1.35834,1.35848,1.13,1.28
2011.09.21 21:57:52.584,1.35835,1.35849,1.80,1.20
2011.09.21 21:57:54.464,1.35837,1.3585,1.80,3.75
2011.09.21 21:57:54.829,1.35843,1.35855,0.45,1.50
2011.09.21 21:57:54.960,1.35833,1.35855,1.20,1.50
2011.09.21 21:57:56.773,1.35835,1.3585,2.40,1.13
2011.09.21 21:58:00.734,1.35834,1.35849,1.50,1.13
2011.09.21 21:58:01.079,1.35835,1.35843,1.50,1.05
2011.09.21 21:58:01.205,1.35835,1.35849,1.50,1.13
2011.09.21 21:58:01.326,1.35834,1.35854,3.00,2.33
2011.09.21 21:58:01.443,1.35836,1.35854,1.13,2.33
2011.09.21 21:58:03.553,1.35837,1.35854,1.13,1.58
2011.09.21 21:58:04.123,1.35837,1.35854,1.13,2.03
2011.09.21 21:58:07.571,1.35837,1.35852,1.13,1.20
2011.09.21 21:58:14.433,1.35838,1.35855,1.13,2.03
2011.09.21 21:58:14.554,1.35838,1.35854,1.13,1.20
2011.09.21 21:58:16.434,1.35838,1.35855,1.13,1.13
2011.09.21 21:58:16.979,1.35838,1.35855,1.13,1.13
2011.09.21 21:58:18.405,1.35839,1.35856,1.13,1.95
2011.09.21 21:58:19.154,1.35839,1.35856,1.13,1.95
2011.09.21 21:58:20.045,1.35839,1.35856,1.13,1.95
2011.09.21 21:58:22.192,1.35838,1.35855,1.13,1.58
2011.09.21 21:58:23.009,1.35838,1.35854,1.13,1.20
2011.09.21 21:58:23.904,1.35838,1.35854,1.13,1.20
2011.09.21 21:58:26.696,1.35839,1.35854,1.13,1.20
2011.09.21 21:58:27.853,1.35838,1.35854,1.13,1.20
2011.09.21 21:58:34.237,1.35834,1.35849,1.13,2.25
2011.09.21 21:58:34.366,1.35837,1.35854,1.13,1.58
2011.09.21 21:58:39.071,1.35837,1.35855,1.13,1.58
2011.09.21 21:58:39.321,1.35842,1.35855,1.58,1.13
2011.09.21 21:58:39.448,1.35841,1.35856,1.13,1.13
2011.09.21 21:58:39.578,1.3584,1.35857,1.13,1.88
2011.09.21 21:58:40.125,1.35839,1.35855,2.40,1.20
2011.09.21 21:58:40.252,1.35844,1.35861,1.20,1.13
2011.09.21 21:58:41.925,1.35844,1.35861,1.20,1.13
2011.09.21 21:58:42.283,1.35845,1.35863,1.50,1.50
2011.09.21 21:58:42.644,1.35847,1.35865,1.20,1.05
2011.09.21 21:58:45.525,1.35847,1.35859,1.20,1.13
2011.09.21 21:58:45.885,1.35842,1.35859,2.33,1.13
2011.09.21 21:58:46.235,1.35842,1.35859,2.03,1.13
2011.09.21 21:58:48.702,1.35841,1.35859,2.70,1.13
2011.09.21 21:58:51.862,1.35842,1.35859,1.58,1.13
2011.09.21 21:59:05.461,1.35843,1.35857,0.75,0.75
2011.09.21 21:59:07.581,1.35842,1.35855,0.83,0.75
2011.09.21 21:59:26.377,1.3585,1.35859,0.75,0.38
2011.09.21 21:59:26.498,1.35847,1.3586,0.75,0.38
2011.09.21 21:59:27.094,1.35847,1.35861,0.75,0.75
2011.09.21 21:59:27.808,1.35848,1.35861,0.75,0.75
2011.09.21 21:59:28.598,1.35851,1.35865,0.75,0.75
2011.09.21 21:59:30.945,1.35856,1.3587,0.75,0.75
2011.09.21 21:59:33.783,1.35855,1.35869,1.13,0.75
2011.09.21 21:59:35.932,1.35856,1.3587,0.75,0.75
2011.09.21 21:59:37.327,1.35858,1.35871,0.75,0.38
2011.09.21 21:59:37.902,1.35857,1.35871,0.75,1.13
2011.09.21 21:59:38.793,1.35859,1.35871,0.75,0.38
2011.09.21 21:59:40.476,1.35863,1.35873,0.75,1.05
2011.09.21 21:59:40.599,1.3586,1.35873,0.75,0.68
2011.09.21 21:59:40.730,1.35864,1.35878,0.75,1.95
2011.09.21 21:59:41.434,1.35863,1.35877,0.75,0.75
2011.09.21 21:59:42.422,1.35864,1.35878,0.75,0.75
2011.09.21 21:59:42.787,1.35872,1.3588,0.75,0.38
2011.09.21 21:59:43.153,1.35875,1.35881,0.75,0.30
2011.09.21 21:59:43.273,1.35875,1.35889,0.75,0.75
2011.09.21 21:59:43.924,1.35871,1.3589,0.75,0.75
2011.09.21 21:59:44.645,1.35873,1.35892,0.75,0.75
2011.09.21 21:59:45.232,1.35874,1.35893,0.75,1.20
2011.09.21 21:59:45.584,1.35874,1.35891,0.75,0.45
2011.09.21 21:59:46.086,1.35874,1.35893,1.50,1.65
2011.09.21 21:59:46.613,1.35878,1.35892,0.75,0.75
2011.09.21 21:59:49.224,1.35876,1.3589,0.75,0.75
2011.09.21 21:59:58.773,1.35875,1.35889,0.75,0.75
2011.09.21 21:59:59.605,1.35876,1.3589,0.75,0.75
