2019.10.03 14:00:00.049,1.096,1.09605,1500000,750000
2019.10.03 14:00:00.100,1.09602,1.09615,750000,8250000
2019.10.03 14:00:00.151,1.09595,1.09615,750000,4000000
2019.10.03 14:00:00.202,1.09699,1.09701,750000,500000
2019.10.03 14:00:00.273,1.09699,1.09706,2250000,750000
2019.10.03 14:00:00.324,1.09731,1.09734,3870000,1500000
2019.10.03 14:00:00.374,1.09733,1.09738,1250000,750000
2019.10.03 14:00:00.426,1.0974,1.09747,2250000,750000
2019.10.03 14:00:00.565,1.09735,1.09748,840000,2250000
2019.10.03 14:00:00.705,1.09743,1.09746,1500000,750000
2019.10.03 14:00:00.814,1.09743,1.09745,750000,750000
2019.10.03 14:00:00.879,1.09741,1.09745,750000,1500000
2019.10.03 14:00:00.959,1.09738,1.09747,1500000,2250000
2019.10.03 14:00:01.037,1.09743,1.09746,750000,750000
2019.10.03 14:00:01.155,1.09744,1.09746,750000,750000
2019.10.03 14:00:01.270,1.09748,1.0975,750000,2250000
2019.10.03 14:00:01.345,1.09751,1.09752,750000,500000
2019.10.03 14:00:01.413,1.09752,1.09754,750000,750000
2019.10.03 14:00:01.465,1.09749,1.09754,750000,1120000
2019.10.03 14:00:01.606,1.09749,1.09758,1000000,750000
2019.10.03 14:00:01.658,1.09752,1.09757,750000,750000
2019.10.03 14:00:01.709,1.09761,1.09763,750000,750000
2019.10.03 14:00:01.810,1.09761,1.09765,850000,750000
2019.10.03 14:00:01.914,1.09766,1.09771,750000,900000
2019.10.03 14:00:02.015,1.0977,1.09772,750000,3000000
2019.10.03 14:00:02.141,1.09774,1.09782,2440000,670000
2019.10.03 14:00:02.215,1.09776,1.09782,1500000,750000
2019.10.03 14:00:02.378,1.09776,1.09783,750000,750000
2019.10.03 14:00:02.479,1.09777,1.09783,750000,750000
2019.10.03 14:00:02.617,1.09777,1.09781,750000,3000000
2019.10.03 14:00:02.811,1.09778,1.09781,750000,1120000
2019.10.03 14:00:02.913,1.09779,1.09782,750000,1120000
2019.10.03 14:00:03.060,1.0978,1.09782,750000,550000
2019.10.03 14:00:03.111,1.09781,1.09784,750000,750000
2019.10.03 14:00:03.221,1.09782,1.09784,750000,2250000
2019.10.03 14:00:03.380,1.09782,1.09783,750000,1500000
2019.10.03 14:00:03.481,1.09782,1.09784,750000,1050000
2019.10.03 14:00:03.584,1.09781,1.09783,750000,1800000
2019.10.03 14:00:03.635,1.09776,1.09779,750000,1870000
2019.10.03 14:00:03.686,1.09779,1.09782,2620000,750000
2019.10.03 14:00:03.737,1.09782,1.09787,750000,750000
2019.10.03 14:00:03.788,1.09781,1.0979,750000,750000
2019.10.03 14:00:03.893,1.09783,1.09791,750000,500000
2019.10.03 14:00:04.001,1.09784,1.09792,1000000,750000
2019.10.03 14:00:04.052,1.09782,1.09791,1190000,1120000
2019.10.03 14:00:04.103,1.09782,1.09786,750000,1120000
2019.10.03 14:00:04.221,1.09777,1.09785,750000,750000
2019.10.03 14:00:04.272,1.09777,1.09782,750000,750000
2019.10.03 14:00:04.323,1.09772,1.09782,1120000,1870000
2019.10.03 14:00:04.552,1.09778,1.09782,750000,750000
2019.10.03 14:00:04.602,1.09775,1.09783,1500000,500000
2019.10.03 14:00:04.653,1.09779,1.09783,1500000,750000
2019.10.03 14:00:04.705,1.09779,1.09787,1870000,750000
2019.10.03 14:00:04.859,1.09779,1.09785,750000,750000
2019.10.03 14:00:04.960,1.09779,1.09786,750000,750000
2019.10.03 14:00:05.192,1.09779,1.09786,750000,1570000
2019.10.03 14:00:05.459,1.0978,1.09786,750000,1570000
2019.10.03 14:00:05.561,1.09783,1.09791,1750000,1500000
2019.10.03 14:00:05.612,1.09783,1.09791,750000,2250000
2019.10.03 14:00:05.828,1.09784,1.09792,1000000,750000
2019.10.03 14:00:05.930,1.09786,1.09792,1000000,1140000
2019.10.03 14:00:06.034,1.09786,1.09794,500000,1500000
2019.10.03 14:00:06.085,1.09787,1.09794,500000,750000
2019.10.03 14:00:06.186,1.09787,1.09796,2250000,1970000
2019.10.03 14:00:06.335,1.09792,1.09797,750000,1120000
2019.10.03 14:00:06.437,1.09792,1.09796,750000,1500000
2019.10.03 14:00:06.519,1.09794,1.098,600000,3750000
2019.10.03 14:00:06.635,1.09801,1.09809,750000,1500000
2019.10.03 14:00:06.709,1.09801,1.09805,2250000,2250000
2019.10.03 14:00:06.772,1.09799,1.098,100000,4500000
2019.10.03 14:00:06.823,1.09799,1.098,2000000,750000
2019.10.03 14:00:06.928,1.09801,1.09811,500000,2260000
2019.10.03 14:00:06.979,1.09802,1.09809,750000,2260000
2019.10.03 14:00:07.142,1.09799,1.09801,3750000,750000
2019.10.03 14:00:07.286,1.09798,1.09801,2250000,750000
2019.10.03 14:00:07.388,1.09798,1.098,2170000,750000
2019.10.03 14:00:07.520,1.09796,1.09798,750000,750000
2019.10.03 14:00:07.571,1.09795,1.09798,2250000,750000
2019.10.03 14:00:07.622,1.09798,1.09803,500000,770000
2019.10.03 14:00:07.727,1.09801,1.09805,750000,850000
2019.10.03 14:00:07.830,1.09805,1.09806,1630000,940000
2019.10.03 14:00:07.881,1.09809,1.09812,750000,750000
2019.10.03 14:00:07.992,1.0981,1.09812,750000,2250000
2019.10.03 14:00:08.047,1.09808,1.09812,750000,500000
2019.10.03 14:00:08.097,1.09811,1.09812,750000,500000
2019.10.03 14:00:08.309,1.09809,1.09812,750000,500000
2019.10.03 14:00:08.411,1.09809,1.09812,2620000,750000
2019.10.03 14:00:08.463,1.09803,1.09805,4570000,750000
2019.10.03 14:00:08.575,1.09804,1.09806,4570000,750000
2019.10.03 14:00:08.694,1.09801,1.09806,4570000,970000
2019.10.03 14:00:08.745,1.09807,1.09812,750000,750000
2019.10.03 14:00:08.802,1.0981,1.09816,2500000,600000
2019.10.03 14:00:08.924,1.09809,1.09813,750000,500000
2019.10.03 14:00:08.975,1.09809,1.09813,1500000,500000
2019.10.03 14:00:09.077,1.09808,1.09813,1500000,750000
2019.10.03 14:00:09.186,1.09807,1.09812,750000,500000
2019.10.03 14:00:09.287,1.09806,1.0981,2250000,1120000
2019.10.03 14:00:09.421,1.09801,1.09808,2250000,500000
2019.10.03 14:00:09.472,1.09799,1.09802,750000,820000
2019.10.03 14:00:09.522,1.09796,1.09802,1500000,3100000
2019.10.03 14:00:09.624,1.09796,1.098,750000,4600000
2019.10.03 14:00:09.781,1.09796,1.098,750000,2700000
2019.10.03 14:00:09.832,1.09797,1.09801,750000,1500000
2019.10.03 14:00:09.934,1.09796,1.098,750000,1870000
2019.10.03 14:00:10.088,1.09797,1.098,750000,750000
2019.10.03 14:00:10.194,1.09798,1.098,1500000,500000
2019.10.03 14:00:10.336,1.09794,1.09799,1500000,750000
2019.10.03 14:00:10.437,1.09795,1.098,1500000,1220000
2019.10.03 14:00:10.539,1.09798,1.09801,2250000,3750000
2019.10.03 14:00:10.651,1.09797,1.09802,1690000,4970000
2019.10.03 14:00:10.760,1.09801,1.09804,940000,750000
2019.10.03 14:00:10.810,1.09806,1.09807,1690000,750000
2019.10.03 14:00:10.938,1.09805,1.09811,1750000,1570000
2019.10.03 14:00:11.040,1.09805,1.09811,3000000,750000
2019.10.03 14:00:11.141,1.09807,1.09811,750000,520000
2019.10.03 14:00:11.242,1.09806,1.09813,3250000,820000
2019.10.03 14:00:11.343,1.09807,1.09813,1750000,2350000
2019.10.03 14:00:11.509,1.09811,1.09814,1000000,750000
2019.10.03 14:00:11.562,1.09813,1.09817,1500000,2620000
2019.10.03 14:00:11.619,1.09812,1.09814,1000000,1120000
2019.10.03 14:00:11.722,1.09813,1.09815,1000000,820000
2019.10.03 14:00:11.834,1.09813,1.09816,1750000,820000
2019.10.03 14:00:11.935,1.09812,1.09817,750000,650000
2019.10.03 14:00:12.036,1.09815,1.09818,940000,2250000
2019.10.03 14:00:12.175,1.09813,1.09819,1000000,4010000
2019.10.03 14:00:12.226,1.09815,1.09818,1690000,500000
2019.10.03 14:00:12.328,1.09818,1.0982,1000000,1500000
2019.10.03 14:00:12.378,1.09818,1.09821,2770000,1200000
2019.10.03 14:00:12.480,1.09818,1.0982,1570000,1800000
2019.10.03 14:00:12.581,1.09817,1.09819,1750000,750000
2019.10.03 14:00:12.632,1.09814,1.09818,940000,1970000
2019.10.03 14:00:12.746,1.09814,1.09816,1500000,750000
2019.10.03 14:00:12.818,1.098,1.09801,750000,750000
2019.10.03 14:00:12.869,1.09797,1.098,1500000,750000
2019.10.03 14:00:12.933,1.09795,1.09796,4500000,750000
2019.10.03 14:00:13.052,1.09801,1.09804,2140000,750000
2019.10.03 14:00:13.103,1.09804,1.09806,2890000,750000
2019.10.03 14:00:13.154,1.09803,1.09804,1500000,1760000
2019.10.03 14:00:13.216,1.09803,1.09807,750000,1760000
2019.10.03 14:00:13.318,1.09808,1.0981,750000,1310000
2019.10.03 14:00:13.459,1.0981,1.09813,750000,820000
2019.10.03 14:00:13.514,1.09811,1.09815,750000,1120000
2019.10.03 14:00:13.569,1.09811,1.09817,750000,750000
2019.10.03 14:00:13.621,1.09814,1.09817,750000,750000
2019.10.03 14:00:13.727,1.09814,1.09817,750000,2350000
2019.10.03 14:00:13.778,1.09814,1.09818,750000,2620000
2019.10.03 14:00:13.828,1.09815,1.0982,2250000,1220000
2019.10.03 14:00:13.930,1.09813,1.09815,1500000,1500000
2019.10.03 14:00:13.981,1.0981,1.09815,2500000,750000
2019.10.03 14:00:14.091,1.0981,1.09815,2440000,750000
2019.10.03 14:00:14.253,1.09811,1.09815,3370000,750000
2019.10.03 14:00:14.304,1.09808,1.09812,750000,750000
2019.10.03 14:00:14.436,1.09806,1.09811,2250000,1000000
2019.10.03 14:00:14.544,1.09809,1.09812,950000,750000
2019.10.03 14:00:14.646,1.0981,1.09813,750000,750000
2019.10.03 14:00:14.697,1.09812,1.09814,3190000,750000
2019.10.03 14:00:14.830,1.0981,1.09811,750000,750000
2019.10.03 14:00:14.890,1.09808,1.0981,1000000,1500000
2019.10.03 14:00:14.941,1.09797,1.09798,2140000,2510000
2019.10.03 14:00:15.043,1.09799,1.098,750000,750000
2019.10.03 14:00:15.132,1.09797,1.098,750000,6260000
2019.10.03 14:00:15.234,1.09796,1.09799,1120000,1010000
2019.10.03 14:00:15.285,1.09793,1.09795,750000,1500000
2019.10.03 14:00:15.336,1.09795,1.09797,2510000,750000
2019.10.03 14:00:15.494,1.09795,1.09797,1500000,1120000
2019.10.03 14:00:15.545,1.09798,1.098,1600000,750000
2019.10.03 14:00:15.647,1.09799,1.09801,3190000,750000
2019.10.03 14:00:16.009,1.09801,1.09806,750000,750000
2019.10.03 14:00:16.116,1.09802,1.09809,750000,3920000
2019.10.03 14:00:16.234,1.09802,1.0981,4390000,2700000
2019.10.03 14:00:16.285,1.09802,1.09806,1000000,2250000
2019.10.03 14:00:16.348,1.09804,1.0981,2250000,1120000
2019.10.03 14:00:16.399,1.09803,1.09806,940000,3470000
2019.10.03 14:00:16.533,1.09803,1.09811,5250000,2340000
2019.10.03 14:00:16.584,1.09804,1.09814,750000,1120000
2019.10.03 14:00:16.635,1.09804,1.09807,940000,500000
2019.10.03 14:00:16.686,1.09807,1.09812,1000000,1120000
2019.10.03 14:00:16.736,1.09804,1.09807,750000,940000
2019.10.03 14:00:16.787,1.09805,1.09809,940000,1120000
2019.10.03 14:00:16.856,1.09807,1.09812,1000000,1120000
2019.10.03 14:00:16.958,1.09808,1.09812,1000000,750000
2019.10.03 14:00:17.010,1.09815,1.09817,1690000,750000
2019.10.03 14:00:17.061,1.09816,1.0982,1120000,820000
2019.10.03 14:00:17.112,1.09818,1.09822,750000,1310000
2019.10.03 14:00:17.164,1.0982,1.09825,500000,820000
2019.10.03 14:00:17.332,1.09822,1.09827,750000,750000
2019.10.03 14:00:17.384,1.09823,1.09829,1120000,1570000
2019.10.03 14:00:17.435,1.09826,1.09831,1320000,2320000
2019.10.03 14:00:17.582,1.09825,1.09829,750000,2250000
2019.10.03 14:00:17.633,1.09825,1.09831,500000,3000000
2019.10.03 14:00:17.736,1.09826,1.0983,1000000,1870000
2019.10.03 14:00:17.989,1.09828,1.09831,750000,750000
2019.10.03 14:00:18.091,1.09827,1.09829,1500000,2220000
2019.10.03 14:00:18.193,1.09824,1.09827,750000,4470000
2019.10.03 14:00:18.321,1.09824,1.09827,2250000,2890000
2019.10.03 14:00:18.373,1.09825,1.09829,1500000,1010000
2019.10.03 14:00:18.425,1.09824,1.09825,750000,750000
2019.10.03 14:00:18.528,1.09823,1.09825,3000000,2140000
2019.10.03 14:00:18.643,1.09824,1.09829,1000000,750000
2019.10.03 14:00:18.749,1.09824,1.09828,940000,2690000
2019.10.03 14:00:18.800,1.09824,1.09828,1750000,2690000
2019.10.03 14:00:18.957,1.09824,1.09829,1000000,3450000
2019.10.03 14:00:19.008,1.09824,1.09829,1000000,3440000
2019.10.03 14:00:19.110,1.09825,1.09829,1000000,1120000
2019.10.03 14:00:19.243,1.09826,1.09831,1750000,820000
2019.10.03 14:00:19.374,1.09827,1.09832,5870000,1120000
2019.10.03 14:00:19.489,1.09827,1.09831,1690000,2140000
2019.10.03 14:00:19.563,1.09833,1.09836,750000,750000
2019.10.03 14:00:19.613,1.09832,1.09833,750000,3000000
2019.10.03 14:00:19.664,1.09833,1.09835,2250000,750000
2019.10.03 14:00:19.741,1.09833,1.09837,750000,1500000
2019.10.03 14:00:19.792,1.09833,1.09835,2250000,750000
2019.10.03 14:00:19.893,1.09833,1.09838,750000,1500000
2019.10.03 14:00:19.944,1.09833,1.09835,1750000,1500000
2019.10.03 14:00:20.118,1.09833,1.09835,2250000,940000
2019.10.03 14:00:20.220,1.09833,1.09836,1500000,750000
2019.10.03 14:00:20.364,1.09833,1.09835,750000,1000000
2019.10.03 14:00:20.470,1.09833,1.09837,1000000,1800000
2019.10.03 14:00:20.572,1.09834,1.09839,2500000,750000
2019.10.03 14:00:20.673,1.09835,1.09837,1000000,750000
2019.10.03 14:00:20.724,1.09838,1.09839,750000,1120000
2019.10.03 14:00:20.832,1.09839,1.09843,7120000,500000
2019.10.03 14:00:20.883,1.09836,1.09839,1000000,1200000
2019.10.03 14:00:21.023,1.09837,1.09839,1000000,820000
2019.10.03 14:00:21.124,1.09836,1.09837,3370000,500000
2019.10.03 14:00:21.275,1.09837,1.09839,750000,7840000
2019.10.03 14:00:21.327,1.09841,1.09843,2500000,750000
2019.10.03 14:00:21.381,1.09842,1.09843,2620000,1050000
2019.10.03 14:00:21.432,1.09839,1.0984,750000,1500000
2019.10.03 14:00:21.482,1.0984,1.09842,2060000,750000
2019.10.03 14:00:21.635,1.09839,1.09844,1750000,3750000
2019.10.03 14:00:21.687,1.09842,1.09845,3750000,750000
2019.10.03 14:00:21.738,1.09843,1.09845,1500000,750000
2019.10.03 14:00:21.849,1.09844,1.09846,1690000,500000
2019.10.03 14:00:21.922,1.09855,1.09857,500000,1600000
2019.10.03 14:00:21.983,1.09854,1.09855,750000,500000
2019.10.03 14:00:22.034,1.09849,1.09853,750000,750000
2019.10.03 14:00:22.088,1.09849,1.09851,750000,750000
2019.10.03 14:00:22.190,1.09844,1.09849,750000,750000
2019.10.03 14:00:22.241,1.09844,1.09847,750000,750000
2019.10.03 14:00:22.342,1.09844,1.09847,750000,1010000
2019.10.03 14:00:22.444,1.09843,1.09846,750000,1760000
2019.10.03 14:00:22.583,1.09843,1.09848,5260000,1000000
2019.10.03 14:00:22.684,1.09843,1.09848,5260000,1000000
2019.10.03 14:00:22.786,1.09842,1.09845,950000,940000
2019.10.03 14:00:22.897,1.09839,1.0984,1500000,2140000
2019.10.03 14:00:22.948,1.09838,1.09842,750000,4500000
2019.10.03 14:00:23.000,1.0984,1.09843,2250000,1000000
2019.10.03 14:00:23.101,1.0984,1.09843,1500000,1000000
2019.10.03 14:00:23.221,1.09839,1.09841,2250000,1070000
2019.10.03 14:00:23.273,1.09839,1.09843,1690000,750000
2019.10.03 14:00:23.534,1.0984,1.09845,4750000,820000
2019.10.03 14:00:23.635,1.09839,1.09844,1000000,1500000
2019.10.03 14:00:23.686,1.09852,1.09864,750000,500000
2019.10.03 14:00:23.737,1.09859,1.09864,3950000,750000
2019.10.03 14:00:23.862,1.09859,1.09864,1500000,1970000
2019.10.03 14:00:23.963,1.09857,1.09861,750000,930000
2019.10.03 14:00:24.065,1.09857,1.09862,2250000,1000000
2019.10.03 14:00:24.195,1.09855,1.09857,750000,1070000
2019.10.03 14:00:24.296,1.09853,1.09854,750000,1010000
2019.10.03 14:00:24.398,1.09851,1.09854,1500000,2700000
2019.10.03 14:00:24.532,1.09848,1.09851,500000,1500000
2019.10.03 14:00:24.634,1.09847,1.0985,1500000,4470000
2019.10.03 14:00:24.773,1.09847,1.0985,1500000,2130000
2019.10.03 14:00:24.874,1.09847,1.0985,1000000,1200000
2019.10.03 14:00:24.925,1.09847,1.0985,940000,1220000
2019.10.03 14:00:25.137,1.09847,1.09852,750000,1220000
2019.10.03 14:00:25.188,1.09846,1.09848,750000,1950000
2019.10.03 14:00:25.292,1.09847,1.0985,1310000,1220000
2019.10.03 14:00:25.492,1.09848,1.09852,2500000,1500000
2019.10.03 14:00:25.609,1.09851,1.09856,3000000,1050000
2019.10.03 14:00:25.711,1.09854,1.09856,750000,750000
2019.10.03 14:00:25.761,1.0985,1.09853,1500000,750000
2019.10.03 14:00:25.845,1.09847,1.09851,1000000,1570000
2019.10.03 14:00:25.896,1.09847,1.09851,1500000,1010000
2019.10.03 14:00:25.946,1.09847,1.09849,750000,1010000
2019.10.03 14:00:26.048,1.09841,1.09843,500000,750000
2019.10.03 14:00:26.099,1.09839,1.09842,2250000,1500000
2019.10.03 14:00:26.188,1.09837,1.09841,750000,2890000
2019.10.03 14:00:26.290,1.09838,1.09842,2250000,750000
2019.10.03 14:00:26.392,1.09837,1.09842,2250000,4010000
2019.10.03 14:00:26.443,1.09839,1.09842,750000,1760000
2019.10.03 14:00:26.566,1.09841,1.09843,1500000,900000
2019.10.03 14:00:26.718,1.09841,1.09843,750000,500000
2019.10.03 14:00:26.840,1.0984,1.09843,750000,2250000
2019.10.03 14:00:26.891,1.09846,1.0985,1000000,2250000
2019.10.03 14:00:26.942,1.09848,1.0985,500000,3580000
2019.10.03 14:00:26.993,1.09849,1.09853,4190000,1500000
2019.10.03 14:00:27.170,1.09848,1.09852,1940000,1500000
2019.10.03 14:00:27.225,1.0985,1.09852,1000000,750000
2019.10.03 14:00:27.327,1.09849,1.09852,1000000,940000
2019.10.03 14:00:27.428,1.09849,1.09853,5690000,750000
2019.10.03 14:00:27.530,1.0985,1.09853,1750000,750000
2019.10.03 14:00:27.631,1.09849,1.09853,2500000,750000
2019.10.03 14:00:27.682,1.09851,1.09853,1750000,750000
2019.10.03 14:00:27.784,1.09854,1.09856,750000,750000
2019.10.03 14:00:27.872,1.09852,1.09857,750000,1500000
2019.10.03 14:00:27.924,1.09853,1.09856,1000000,1570000
2019.10.03 14:00:27.976,1.09858,1.0986,500000,1500000
2019.10.03 14:00:28.027,1.09862,1.09864,940000,750000
2019.10.03 14:00:28.238,1.09861,1.09863,750000,1500000
2019.10.03 14:00:28.289,1.09854,1.09858,1000000,820000
2019.10.03 14:00:28.340,1.09856,1.09858,2440000,750000
2019.10.03 14:00:28.552,1.09853,1.09856,750000,1500000
2019.10.03 14:00:28.654,1.0985,1.09852,750000,2250000
2019.10.03 14:00:28.783,1.09852,1.09853,750000,3000000
2019.10.03 14:00:28.885,1.09857,1.09859,750000,750000
2019.10.03 14:00:28.936,1.09858,1.0986,1500000,750000
2019.10.03 14:00:29.100,1.09859,1.09861,750000,750000
2019.10.03 14:00:29.157,1.09859,1.09863,4500000,750000
2019.10.03 14:00:29.258,1.09857,1.09862,2690000,1760000
2019.10.03 14:00:29.360,1.09857,1.09859,1750000,2620000
2019.10.03 14:00:29.504,1.09852,1.09856,1500000,2510000
2019.10.03 14:00:29.605,1.09855,1.09857,2250000,940000
2019.10.03 14:00:29.706,1.09856,1.09859,3000000,1000000
2019.10.03 14:00:29.812,1.09857,1.09859,2250000,1000000
2019.10.03 14:00:29.914,1.09858,1.09862,750000,1570000
2019.10.03 14:00:29.964,1.09857,1.09862,1750000,7800000
2019.10.03 14:00:30.015,1.09858,1.09862,750000,1500000
2019.10.03 14:00:30.116,1.09857,1.09859,1500000,2420000
2019.10.03 14:00:30.340,1.09857,1.09858,750000,1050000
2019.10.03 14:00:30.517,1.09853,1.09858,750000,3720000
2019.10.03 14:00:30.618,1.09854,1.09857,750000,1000000
2019.10.03 14:00:30.719,1.09856,1.09859,750000,750000
2019.10.03 14:00:30.770,1.09855,1.09859,1000000,820000
2019.10.03 14:00:30.921,1.09854,1.0986,1000000,1570000
2019.10.03 14:00:31.022,1.09854,1.09858,940000,2720000
2019.10.03 14:00:31.124,1.09853,1.09858,1000000,4220000
2019.10.03 14:00:31.314,1.09857,1.09861,1000000,1500000
2019.10.03 14:00:31.415,1.09856,1.0986,750000,1970000
2019.10.03 14:00:31.624,1.09854,1.09858,1000000,750000
2019.10.03 14:00:31.675,1.09857,1.09861,3370000,940000
2019.10.03 14:00:31.829,1.09859,1.09862,2500000,3000000
2019.10.03 14:00:31.880,1.09864,1.09866,750000,3470000
2019.10.03 14:00:32.032,1.09864,1.09866,750000,1970000
2019.10.03 14:00:32.133,1.09863,1.09864,750000,1500000
2019.10.03 14:00:32.234,1.09862,1.09863,750000,940000
2019.10.03 14:00:32.285,1.0986,1.09862,750000,750000
2019.10.03 14:00:32.336,1.0986,1.09864,750000,750000
2019.10.03 14:00:32.387,1.09861,1.09865,2250000,1000000
2019.10.03 14:00:32.489,1.09861,1.09864,750000,1200000
2019.10.03 14:00:32.590,1.0986,1.09864,750000,820000
2019.10.03 14:00:32.738,1.09858,1.09864,750000,1970000
2019.10.03 14:00:32.840,1.0986,1.09864,1000000,1220000
2019.10.03 14:00:32.941,1.09859,1.09864,1000000,2720000
2019.10.03 14:00:33.049,1.09859,1.09864,940000,3660000
2019.10.03 14:00:33.151,1.09861,1.09864,1000000,750000
2019.10.03 14:00:33.252,1.0986,1.09864,1000000,1220000
2019.10.03 14:00:33.353,1.0986,1.09863,940000,750000
2019.10.03 14:00:33.468,1.09863,1.09865,1000000,820000
2019.10.03 14:00:33.571,1.09861,1.09865,1000000,6450000
2019.10.03 14:00:33.622,1.09862,1.09865,1750000,820000
2019.10.03 14:00:33.724,1.0986,1.09864,1750000,4040000
2019.10.03 14:00:33.838,1.0986,1.09863,1500000,1070000
2019.10.03 14:00:33.939,1.0986,1.09862,750000,1000000
2019.10.03 14:00:34.040,1.09858,1.0986,750000,3650000
2019.10.03 14:00:34.142,1.09854,1.09855,1500000,2510000
2019.10.03 14:00:34.269,1.09853,1.09856,750000,2890000
2019.10.03 14:00:34.421,1.09853,1.09855,750000,750000
2019.10.03 14:00:34.472,1.09853,1.09856,750000,1000000
2019.10.03 14:00:34.637,1.09857,1.0986,750000,2330000
2019.10.03 14:00:34.738,1.09855,1.09858,1000000,820000
2019.10.03 14:00:34.839,1.09853,1.09854,750000,750000
2019.10.03 14:00:34.890,1.09853,1.09855,750000,1000000
2019.10.03 14:00:34.941,1.09853,1.09857,1570000,1000000
2019.10.03 14:00:34.997,1.09853,1.09855,750000,1000000
2019.10.03 14:00:35.050,1.09851,1.09854,750000,1010000
2019.10.03 14:00:35.101,1.0985,1.09852,750000,1010000
2019.10.03 14:00:35.156,1.09851,1.09853,2250000,940000
2019.10.03 14:00:35.257,1.09849,1.09851,750000,1000000
2019.10.03 14:00:35.404,1.09848,1.09853,1500000,1820000
2019.10.03 14:00:35.459,1.09848,1.09852,750000,1010000
2019.10.03 14:00:35.560,1.09848,1.09851,940000,1760000
2019.10.03 14:00:35.611,1.09847,1.09849,750000,1070000
2019.10.03 14:00:35.749,1.09847,1.09848,750000,820000
2019.10.03 14:00:35.807,1.09844,1.09846,1500000,1000000
2019.10.03 14:00:35.959,1.09842,1.09846,1690000,820000
2019.10.03 14:00:36.337,1.09841,1.09842,750000,820000
2019.10.03 14:00:36.439,1.0984,1.09845,1000000,2250000
2019.10.03 14:00:36.556,1.09842,1.09845,940000,750000
2019.10.03 14:00:36.658,1.0984,1.09843,750000,1970000
2019.10.03 14:00:36.891,1.0984,1.09843,1000000,1220000
2019.10.03 14:00:36.959,1.09838,1.09843,1750000,2720000
2019.10.03 14:00:37.060,1.09837,1.0984,750000,820000
2019.10.03 14:00:37.161,1.09837,1.09839,1500000,750000
2019.10.03 14:00:37.272,1.09835,1.09837,1500000,2140000
2019.10.03 14:00:37.373,1.09834,1.09837,750000,1000000
2019.10.03 14:00:37.474,1.09835,1.09837,750000,1220000
2019.10.03 14:00:37.576,1.09835,1.09837,3000000,940000
2019.10.03 14:00:37.683,1.09831,1.09834,750000,2220000
2019.10.03 14:00:37.734,1.09832,1.09836,750000,1010000
2019.10.03 14:00:37.835,1.09832,1.09837,2440000,2160000
2019.10.03 14:00:37.886,1.09831,1.09835,750000,2220000
2019.10.03 14:00:38.101,1.09832,1.09836,3750000,940000
2019.10.03 14:00:38.354,1.09833,1.09836,750000,750000
2019.10.03 14:00:38.495,1.09834,1.09837,940000,1220000
2019.10.03 14:00:38.596,1.09834,1.09838,1000000,2720000
2019.10.03 14:00:38.697,1.09835,1.09838,1000000,1970000
2019.10.03 14:00:38.873,1.09835,1.09838,1500000,1220000
2019.10.03 14:00:38.974,1.09834,1.09837,1500000,1010000
2019.10.03 14:00:39.025,1.09834,1.0984,4000000,1010000
2019.10.03 14:00:39.076,1.09835,1.09837,750000,750000
2019.10.03 14:00:39.354,1.09834,1.09837,750000,1760000
2019.10.03 14:00:39.504,1.09832,1.09836,750000,4790000
2019.10.03 14:00:39.605,1.09833,1.09836,750000,2720000
2019.10.03 14:00:39.707,1.09833,1.09835,750000,1570000
2019.10.03 14:00:39.758,1.09833,1.09838,3620000,2720000
2019.10.03 14:00:39.865,1.09833,1.09838,2810000,1010000
2019.10.03 14:00:39.916,1.09834,1.09836,750000,750000
2019.10.03 14:00:40.336,1.09833,1.09835,750000,820000
2019.10.03 14:00:40.438,1.09833,1.09836,750000,2160000
2019.10.03 14:00:40.539,1.09831,1.09833,1500000,1010000
2019.10.03 14:00:40.654,1.09832,1.09833,750000,750000
2019.10.03 14:00:40.704,1.09829,1.09833,750000,2500000
2019.10.03 14:00:40.808,1.09831,1.09835,1750000,1570000
2019.10.03 14:00:40.960,1.0983,1.09835,1120000,2570000
2019.10.03 14:00:41.063,1.09829,1.09834,750000,4470000
2019.10.03 14:00:41.117,1.09829,1.09834,940000,3940000
2019.10.03 14:00:41.168,1.09829,1.09834,940000,4000000
2019.10.03 14:00:41.319,1.09829,1.09833,750000,1820000
2019.10.03 14:00:41.421,1.09828,1.09831,1500000,3250000
2019.10.03 14:00:41.533,1.09826,1.09827,1500000,750000
2019.10.03 14:00:41.736,1.09822,1.09827,940000,1080000
2019.10.03 14:00:41.837,1.09822,1.09826,750000,1080000
2019.10.03 14:00:42.537,1.09822,1.09826,1310000,940000
2019.10.03 14:00:42.639,1.0982,1.09824,750000,2220000
2019.10.03 14:00:42.749,1.0982,1.09825,750000,1070000
2019.10.03 14:00:42.853,1.0982,1.09826,3560000,1070000
2019.10.03 14:00:42.957,1.09818,1.09825,750000,5220000
2019.10.03 14:00:43.152,1.09818,1.09826,5890000,3720000
2019.10.03 14:00:43.253,1.09819,1.09821,500000,2160000
2019.10.03 14:00:43.304,1.09818,1.09821,500000,750000
2019.10.03 14:00:43.558,1.09817,1.0982,750000,2250000
2019.10.03 14:00:43.659,1.09817,1.09818,750000,750000
2019.10.03 14:00:43.921,1.09815,1.09817,750000,750000
2019.10.03 14:00:43.971,1.09812,1.09814,750000,3640000
2019.10.03 14:00:44.022,1.09813,1.09815,2060000,750000
2019.10.03 14:00:44.124,1.0981,1.09814,3370000,2500000
2019.10.03 14:00:44.383,1.09812,1.09815,3370000,1000000
2019.10.03 14:00:44.586,1.09812,1.09815,1870000,940000
2019.10.03 14:00:44.835,1.09812,1.09815,750000,1000000
2019.10.03 14:00:44.998,1.09812,1.09815,750000,7640000
2019.10.03 14:00:45.114,1.09812,1.09816,1120000,1000000
2019.10.03 14:00:45.216,1.09811,1.09812,1500000,750000
2019.10.03 14:00:45.267,1.09809,1.09811,4870000,750000
2019.10.03 14:00:45.368,1.09806,1.09808,1360000,3000000
2019.10.03 14:00:45.505,1.09805,1.09808,1500000,1070000
2019.10.03 14:00:45.556,1.09805,1.09809,4310000,1010000
2019.10.03 14:00:45.707,1.09805,1.09809,750000,1820000
2019.10.03 14:00:45.980,1.09806,1.09809,750000,1370000
2019.10.03 14:00:46.082,1.09807,1.0981,1690000,750000
2019.10.03 14:00:46.184,1.09809,1.09813,5120000,1500000
2019.10.03 14:00:46.315,1.09812,1.09815,1000000,2720000
2019.10.03 14:00:46.368,1.09812,1.09816,750000,3720000
2019.10.03 14:00:46.419,1.09811,1.09814,750000,4070000
2019.10.03 14:00:46.522,1.09811,1.09814,1310000,1470000
2019.10.03 14:00:46.624,1.09811,1.09815,1500000,2220000
2019.10.03 14:00:46.756,1.09812,1.09814,1120000,1070000
2019.10.03 14:00:46.807,1.0981,1.09811,750000,1760000
2019.10.03 14:00:46.858,1.09803,1.09807,2620000,1750000
2019.10.03 14:00:46.909,1.098,1.09806,1750000,3250000
2019.10.03 14:00:47.010,1.09801,1.09803,750000,1410000
2019.10.03 14:00:47.111,1.098,1.09803,940000,940000
2019.10.03 14:00:47.294,1.09802,1.09804,1000000,500000
2019.10.03 14:00:47.395,1.09802,1.09804,940000,500000
2019.10.03 14:00:47.496,1.09802,1.09805,3250000,750000
2019.10.03 14:00:47.626,1.09801,1.09805,1750000,1570000
2019.10.03 14:00:47.730,1.09801,1.09805,1570000,940000
2019.10.03 14:00:47.831,1.098,1.09805,1750000,2910000
2019.10.03 14:00:47.882,1.09802,1.09805,750000,750000
2019.10.03 14:00:48.205,1.09803,1.09806,940000,940000
2019.10.03 14:00:48.407,1.09802,1.09805,1000000,1500000
2019.10.03 14:00:48.568,1.09801,1.09805,500000,1690000
2019.10.03 14:00:48.670,1.09802,1.09805,500000,750000
2019.10.03 14:00:48.771,1.09801,1.09806,560000,2890000
2019.10.03 14:00:48.909,1.09802,1.09807,1000000,750000
2019.10.03 14:00:49.010,1.09803,1.09807,1000000,1500000
2019.10.03 14:00:49.112,1.09805,1.09808,750000,940000
2019.10.03 14:00:49.163,1.09808,1.0981,3190000,750000
2019.10.03 14:00:49.215,1.09812,1.09813,3750000,750000
2019.10.03 14:00:49.361,1.09812,1.09815,2500000,2250000
2019.10.03 14:00:49.412,1.09814,1.09815,940000,750000
2019.10.03 14:00:49.463,1.09814,1.09818,2120000,1120000
2019.10.03 14:00:49.565,1.09814,1.09816,750000,1870000
2019.10.03 14:00:49.719,1.09812,1.09816,4690000,1010000
2019.10.03 14:00:49.770,1.09814,1.09816,750000,750000
2019.10.03 14:00:49.821,1.09814,1.09817,2250000,1500000
2019.10.03 14:00:50.138,1.09814,1.09815,750000,750000
2019.10.03 14:00:50.297,1.09814,1.09816,750000,1870000
2019.10.03 14:00:50.759,1.09815,1.09816,750000,750000
2019.10.03 14:00:50.970,1.09815,1.09817,750000,750000
2019.10.03 14:00:51.021,1.09813,1.09815,1000000,750000
2019.10.03 14:00:51.072,1.09811,1.09814,1750000,750000
2019.10.03 14:00:51.123,1.09814,1.09816,1190000,750000
2019.10.03 14:00:51.174,1.09814,1.09817,750000,1120000
2019.10.03 14:00:51.351,1.09817,1.09818,940000,1500000
2019.10.03 14:00:51.402,1.09817,1.09819,940000,1120000
2019.10.03 14:00:51.503,1.09818,1.0982,940000,500000
2019.10.03 14:00:51.605,1.09817,1.09819,1750000,750000
2019.10.03 14:00:51.730,1.09816,1.09819,1000000,3940000
2019.10.03 14:00:51.838,1.09817,1.09819,1750000,750000
2019.10.03 14:00:51.941,1.09816,1.09819,1750000,1690000
2019.10.03 14:00:52.042,1.09817,1.09819,1750000,750000
2019.10.03 14:00:52.247,1.09817,1.09819,3940000,750000
2019.10.03 14:00:52.350,1.09818,1.09819,1500000,750000
2019.10.03 14:00:52.501,1.09818,1.09821,2870000,3000000
2019.10.03 14:00:52.603,1.0982,1.09821,940000,1500000
2019.10.03 14:00:52.710,1.09822,1.09823,3190000,750000
2019.10.03 14:00:52.761,1.09823,1.09826,1750000,750000
2019.10.03 14:00:52.862,1.09823,1.09828,2060000,640000
2019.10.03 14:00:52.913,1.09823,1.09828,750000,1390000
2019.10.03 14:00:53.015,1.09823,1.09828,3620000,820000
2019.10.03 14:00:53.145,1.09824,1.09828,8060000,750000
2019.10.03 14:00:53.247,1.09824,1.09828,2060000,1750000
2019.10.03 14:00:53.399,1.09826,1.0983,2500000,750000
2019.10.03 14:00:53.519,1.09827,1.0983,1000000,750000
2019.10.03 14:00:53.620,1.09827,1.09831,1310000,940000
2019.10.03 14:00:54.179,1.09826,1.09831,3560000,3190000
2019.10.03 14:00:54.280,1.09828,1.09831,1750000,750000
2019.10.03 14:00:54.384,1.09827,1.09831,1500000,1690000
2019.10.03 14:00:54.486,1.09828,1.09831,2060000,750000
2019.10.03 14:00:54.840,1.09827,1.09831,5060000,750000
2019.10.03 14:00:54.941,1.09827,1.09829,750000,750000
2019.10.03 14:00:55.093,1.09827,1.0983,2440000,750000
2019.10.03 14:00:55.195,1.09828,1.0983,2250000,500000
2019.10.03 14:00:55.289,1.0983,1.09832,1120000,1120000
2019.10.03 14:00:55.343,1.09831,1.09835,1370000,3750000
2019.10.03 14:00:55.444,1.09834,1.09835,560000,750000
2019.10.03 14:00:55.546,1.09835,1.09838,2500000,500000
2019.10.03 14:00:55.722,1.09835,1.09838,1500000,500000
2019.10.03 14:00:55.924,1.09834,1.09839,1690000,2060000
2019.10.03 14:00:55.975,1.09834,1.09837,750000,1690000
2019.10.03 14:00:56.077,1.09836,1.09839,750000,750000
2019.10.03 14:00:56.211,1.09836,1.09838,750000,1310000
2019.10.03 14:00:56.312,1.09837,1.0984,1000000,1500000
2019.10.03 14:00:56.414,1.09839,1.09842,1000000,2620000
2019.10.03 14:00:56.465,1.09843,1.09845,2250000,750000
2019.10.03 14:00:56.569,1.09843,1.09845,750000,3370000
2019.10.03 14:00:56.670,1.09844,1.09845,940000,750000
2019.10.03 14:00:56.772,1.09843,1.09845,750000,2620000
2019.10.03 14:00:56.873,1.09843,1.09846,940000,1870000
2019.10.03 14:00:56.975,1.09843,1.09846,940000,6100000
2019.10.03 14:00:57.441,1.09844,1.09846,750000,3940000
2019.10.03 14:00:57.492,1.09843,1.09847,750000,5950000
2019.10.03 14:00:57.695,1.09844,1.09848,940000,2440000
2019.10.03 14:00:57.797,1.09843,1.09847,750000,6700000
2019.10.03 14:00:58.113,1.09844,1.09847,750000,1470000
2019.10.03 14:00:58.215,1.09844,1.09846,750000,1450000
2019.10.03 14:00:58.266,1.09845,1.0985,2060000,1000000
2019.10.03 14:00:58.333,1.09845,1.09848,750000,940000
2019.10.03 14:00:58.435,1.09845,1.09846,750000,2250000
2019.10.03 14:00:58.537,1.09847,1.09849,750000,750000
2019.10.03 14:00:58.638,1.09845,1.09849,3000000,1000000
2019.10.03 14:00:58.753,1.09845,1.09848,750000,2500000
2019.10.03 14:00:58.804,1.09848,1.0985,1690000,1500000
2019.10.03 14:00:59.097,1.09848,1.09851,2440000,1500000
2019.10.03 14:00:59.625,1.09846,1.09848,750000,2160000
2019.10.03 14:00:59.729,1.09847,1.09849,940000,3750000
2019.10.03 14:00:59.779,1.09848,1.0985,940000,500000
2019.10.03 14:00:59.830,1.0985,1.09852,2250000,750000
2019.10.03 14:01:00.058,1.09852,1.09857,2570000,750000
2019.10.03 14:01:00.160,1.09856,1.09859,2500000,750000
2019.10.03 14:01:00.261,1.09854,1.09857,1500000,820000
2019.10.03 14:01:00.362,1.09853,1.09857,1500000,2570000
2019.10.03 14:01:00.474,1.09852,1.09855,750000,1000000
2019.10.03 14:01:00.577,1.09853,1.09855,750000,1000000
2019.10.03 14:01:00.628,1.09852,1.09855,750000,940000
2019.10.03 14:01:00.746,1.09851,1.09857,1070000,2320000
2019.10.03 14:01:00.850,1.09851,1.09857,1070000,2700000
2019.10.03 14:01:00.952,1.09851,1.09858,4470000,2440000
2019.10.03 14:01:01.053,1.09851,1.09857,1070000,3660000
2019.10.03 14:01:01.105,1.09854,1.09858,1100000,1950000
2019.10.03 14:01:01.208,1.09855,1.09859,2500000,1870000
2019.10.03 14:01:01.325,1.09858,1.0986,750000,1500000
2019.10.03 14:01:01.414,1.09859,1.09862,4120000,1500000
2019.10.03 14:01:01.515,1.09859,1.09863,1750000,1950000
2019.10.03 14:01:01.618,1.0986,1.09863,1000000,2250000
2019.10.03 14:01:01.669,1.0986,1.09863,940000,2250000
2019.10.03 14:01:01.923,1.09859,1.09861,750000,560000
2019.10.03 14:01:02.026,1.09857,1.09862,1500000,2500000
2019.10.03 14:01:02.245,1.09859,1.0986,750000,750000
2019.10.03 14:01:02.347,1.0986,1.09862,1750000,1500000
2019.10.03 14:01:02.448,1.09857,1.09861,750000,1820000
2019.10.03 14:01:02.550,1.09858,1.09861,1500000,1500000
2019.10.03 14:01:02.656,1.09858,1.0986,750000,1470000
2019.10.03 14:01:02.909,1.09859,1.09861,1500000,1500000
2019.10.03 14:01:03.170,1.09859,1.0986,750000,500000
2019.10.03 14:01:03.220,1.09856,1.09857,750000,940000
2019.10.03 14:01:03.271,1.09851,1.09852,750000,750000
2019.10.03 14:01:03.373,1.09849,1.09852,2250000,750000
2019.10.03 14:01:03.466,1.09851,1.09852,750000,2250000
2019.10.03 14:01:03.520,1.09854,1.09856,1000000,500000
2019.10.03 14:01:03.622,1.09853,1.09856,1750000,750000
2019.10.03 14:01:03.673,1.09853,1.09856,1000000,1200000
2019.10.03 14:01:03.867,1.09853,1.09857,1500000,1690000
2019.10.03 14:01:03.918,1.09855,1.09856,750000,750000
2019.10.03 14:01:03.969,1.09853,1.09857,2250000,7390000
2019.10.03 14:01:04.071,1.09855,1.09858,940000,500000
2019.10.03 14:01:04.233,1.09857,1.09859,2440000,1500000
2019.10.03 14:01:04.335,1.09867,1.0987,1500000,1110000
2019.10.03 14:01:04.386,1.09867,1.0987,1500000,750000
2019.10.03 14:01:04.488,1.09869,1.0987,750000,750000
2019.10.03 14:01:04.597,1.09868,1.09871,750000,7970000
2019.10.03 14:01:04.699,1.09868,1.0987,1500000,2250000
2019.10.03 14:01:04.851,1.09866,1.09869,750000,2500000
2019.10.03 14:01:04.940,1.09864,1.09866,1500000,2510000
2019.10.03 14:01:04.992,1.09863,1.09867,1690000,750000
2019.10.03 14:01:05.094,1.09864,1.09866,750000,1950000
2019.10.03 14:01:05.196,1.09864,1.09868,2250000,1750000
2019.10.03 14:01:05.247,1.09864,1.09867,750000,940000
2019.10.03 14:01:05.361,1.09866,1.09869,1000000,750000
2019.10.03 14:01:05.462,1.09866,1.09871,1000000,1970000
2019.10.03 14:01:05.563,1.09868,1.09871,1000000,500000
2019.10.03 14:01:05.715,1.09868,1.09871,1370000,500000
2019.10.03 14:01:05.775,1.09866,1.09871,1370000,750000
2019.10.03 14:01:05.826,1.09865,1.09867,1500000,2220000
2019.10.03 14:01:06.132,1.09863,1.09867,750000,1070000
2019.10.03 14:01:06.223,1.09862,1.09867,750000,4100000
2019.10.03 14:01:06.528,1.09862,1.09867,3940000,1690000
2019.10.03 14:01:06.606,1.0986,1.09862,750000,1750000
2019.10.03 14:01:06.809,1.09857,1.09862,1870000,750000
2019.10.03 14:01:06.910,1.09857,1.09862,2810000,560000
2019.10.03 14:01:07.011,1.09857,1.09861,1750000,560000
2019.10.03 14:01:07.113,1.09863,1.09864,3750000,1500000
2019.10.03 14:01:07.164,1.09864,1.09868,750000,870000
2019.10.03 14:01:07.300,1.09863,1.09868,750000,600000
2019.10.03 14:01:07.401,1.09863,1.09868,750000,3850000
2019.10.03 14:01:07.454,1.09864,1.09866,1120000,750000
2019.10.03 14:01:07.556,1.09863,1.09868,2500000,2620000
2019.10.03 14:01:07.607,1.09863,1.09867,940000,3560000
2019.10.03 14:01:07.746,1.09865,1.09869,1000000,600000
2019.10.03 14:01:07.848,1.09866,1.09868,940000,9510000
2019.10.03 14:01:08.132,1.09866,1.0987,750000,2250000
2019.10.03 14:01:08.187,1.09868,1.09871,1310000,750000
2019.10.03 14:01:08.441,1.09867,1.09871,500000,1390000
2019.10.03 14:01:08.578,1.09868,1.09871,500000,1500000
2019.10.03 14:01:08.679,1.0987,1.09873,750000,3000000
2019.10.03 14:01:08.781,1.09871,1.09873,1000000,750000
2019.10.03 14:01:08.944,1.09872,1.09873,940000,500000
2019.10.03 14:01:09.045,1.0987,1.09874,1500000,1410000
2019.10.03 14:01:09.154,1.0987,1.09872,750000,640000
2019.10.03 14:01:09.282,1.0987,1.09873,1500000,1450000
2019.10.03 14:01:09.333,1.09868,1.09872,1870000,1840000
2019.10.03 14:01:09.485,1.09868,1.09872,1000000,5440000
2019.10.03 14:01:09.586,1.09868,1.09872,940000,4200000
2019.10.03 14:01:09.695,1.09868,1.09873,2810000,4760000
2019.10.03 14:01:09.808,1.09869,1.09873,2810000,600000
2019.10.03 14:01:09.960,1.0987,1.09874,560000,500000
2019.10.03 14:01:10.125,1.09871,1.09875,940000,2250000
2019.10.03 14:01:10.176,1.09873,1.09875,1750000,500000
2019.10.03 14:01:10.447,1.09873,1.09875,940000,1500000
2019.10.03 14:01:10.650,1.09873,1.09875,750000,1500000
2019.10.03 14:01:10.816,1.09872,1.09875,2250000,1690000
2019.10.03 14:01:10.922,1.09873,1.09876,1750000,500000
2019.10.03 14:01:11.023,1.09873,1.09875,1000000,500000
2019.10.03 14:01:11.125,1.09873,1.09876,1000000,500000
2019.10.03 14:01:11.228,1.09873,1.09876,1690000,500000
2019.10.03 14:01:11.380,1.09874,1.09876,2440000,500000
2019.10.03 14:01:11.614,1.09875,1.09876,1500000,750000
2019.10.03 14:01:11.717,1.09874,1.09875,2440000,1120000
2019.10.03 14:01:11.769,1.0987,1.09871,2250000,940000
2019.10.03 14:01:11.871,1.0987,1.09873,5500000,750000
2019.10.03 14:01:11.986,1.0987,1.09871,1690000,750000
2019.10.03 14:01:12.089,1.0987,1.09872,940000,750000
2019.10.03 14:01:13.082,1.09869,1.09871,1690000,750000
2019.10.03 14:01:13.342,1.09869,1.09871,3190000,750000
2019.10.03 14:01:13.444,1.0987,1.09871,1690000,750000
2019.10.03 14:01:13.597,1.09867,1.09868,1500000,940000
2019.10.03 14:01:13.648,1.09869,1.0987,500000,750000
2019.10.03 14:01:13.729,1.09868,1.09873,1750000,1310000
2019.10.03 14:01:13.825,1.09871,1.09872,750000,750000
2019.10.03 14:01:13.876,1.09868,1.09871,940000,1500000
2019.10.03 14:01:14.028,1.09869,1.09871,750000,750000
2019.10.03 14:01:14.080,1.09869,1.09873,940000,1870000
2019.10.03 14:01:14.200,1.0987,1.09873,1500000,940000
2019.10.03 14:01:14.352,1.0987,1.09872,750000,940000
2019.10.03 14:01:14.454,1.09869,1.09873,750000,5200000
2019.10.03 14:01:14.556,1.09871,1.09873,750000,1870000
2019.10.03 14:01:14.635,1.09871,1.09876,1890000,2500000
2019.10.03 14:01:14.736,1.09873,1.09876,750000,500000
2019.10.03 14:01:14.841,1.09873,1.09877,940000,1950000
2019.10.03 14:01:15.190,1.09872,1.09873,750000,940000
2019.10.03 14:01:15.240,1.09871,1.09876,2620000,1820000
2019.10.03 14:01:15.291,1.0987,1.09874,1500000,2500000
2019.10.03 14:01:15.446,1.0987,1.09872,500000,1000000
2019.10.03 14:01:15.548,1.09867,1.09868,1500000,3640000
2019.10.03 14:01:15.599,1.09865,1.09868,750000,750000
2019.10.03 14:01:15.700,1.09865,1.09868,750000,1750000
2019.10.03 14:01:15.804,1.09869,1.0987,3940000,750000
2019.10.03 14:01:15.906,1.09868,1.0987,1000000,3750000
2019.10.03 14:01:15.957,1.09868,1.09872,750000,4000000
2019.10.03 14:01:16.058,1.09868,1.09872,1000000,4000000
2019.10.03 14:01:16.373,1.09868,1.09872,2500000,3000000
2019.10.03 14:01:16.525,1.09868,1.09869,1500000,500000
2019.10.03 14:01:16.692,1.09865,1.09869,2250000,1000000
2019.10.03 14:01:16.793,1.09865,1.09869,2500000,1000000
2019.10.03 14:01:17.159,1.09863,1.09865,750000,2870000
2019.10.03 14:01:17.264,1.09861,1.09864,750000,1000000
2019.10.03 14:01:17.365,1.09861,1.09864,1500000,940000
2019.10.03 14:01:17.680,1.0986,1.09865,2440000,1000000
2019.10.03 14:01:18.038,1.09861,1.09864,750000,1010000
2019.10.03 14:01:18.140,1.09859,1.09863,940000,1690000
2019.10.03 14:01:18.292,1.0986,1.09864,1000000,500000
2019.10.03 14:01:18.452,1.09859,1.09863,3250000,820000
2019.10.03 14:01:18.554,1.09859,1.09863,1000000,750000
2019.10.03 14:01:18.656,1.0986,1.09862,1000000,750000
2019.10.03 14:01:18.758,1.0986,1.09864,750000,3250000
2019.10.03 14:01:18.966,1.0986,1.09862,750000,1070000
2019.10.03 14:01:19.067,1.09861,1.09865,5120000,750000
2019.10.03 14:01:19.175,1.0986,1.09863,940000,2510000
2019.10.03 14:01:19.287,1.0986,1.09863,750000,1000000
2019.10.03 14:01:19.439,1.0986,1.09863,750000,940000
2019.10.03 14:01:19.847,1.0986,1.09863,500000,1750000
2019.10.03 14:01:20.117,1.09859,1.09862,750000,1750000
2019.10.03 14:01:20.219,1.09858,1.09861,750000,6320000
2019.10.03 14:01:20.321,1.09859,1.09862,750000,750000
2019.10.03 14:01:20.423,1.09858,1.09862,750000,4000000
2019.10.03 14:01:20.566,1.09858,1.09863,2120000,4010000
2019.10.03 14:01:20.768,1.0986,1.09863,1000000,750000
2019.10.03 14:01:20.920,1.09858,1.09861,1120000,1750000
2019.10.03 14:01:21.034,1.09858,1.09861,940000,1870000
2019.10.03 14:01:21.186,1.09866,1.09867,500000,750000
2019.10.03 14:01:21.288,1.09866,1.09869,1690000,2250000
2019.10.03 14:01:21.444,1.09865,1.09868,560000,750000
2019.10.03 14:01:21.646,1.09865,1.09866,750000,750000
2019.10.03 14:01:21.699,1.09863,1.09864,1120000,500000
2019.10.03 14:01:21.750,1.09861,1.09864,750000,640000
2019.10.03 14:01:21.871,1.0986,1.09863,520000,1000000
2019.10.03 14:01:21.978,1.0986,1.09862,750000,940000
2019.10.03 14:01:22.228,1.0986,1.09864,1000000,1570000
2019.10.03 14:01:22.333,1.09863,1.09866,1000000,750000
2019.10.03 14:01:22.383,1.09862,1.09866,1750000,750000
2019.10.03 14:01:22.607,1.09863,1.09865,1000000,750000
2019.10.03 14:01:22.658,1.09861,1.09865,4190000,1570000
2019.10.03 14:01:22.760,1.09861,1.09865,5440000,820000
2019.10.03 14:01:22.862,1.09864,1.09865,2250000,1120000
2019.10.03 14:01:22.988,1.09865,1.09868,3620000,750000
2019.10.03 14:01:23.089,1.09865,1.09868,1370000,1500000
2019.10.03 14:01:23.141,1.09869,1.09872,1870000,750000
2019.10.03 14:01:23.243,1.0987,1.09872,1120000,750000
2019.10.03 14:01:23.387,1.09868,1.0987,1000000,2250000
2019.10.03 14:01:23.439,1.09874,1.09875,750000,750000
2019.10.03 14:01:23.541,1.09873,1.09876,1500000,1500000
2019.10.03 14:01:23.810,1.09874,1.09877,1370000,750000
2019.10.03 14:01:23.911,1.09873,1.09877,1000000,2250000
2019.10.03 14:01:24.014,1.09873,1.09875,940000,1690000
2019.10.03 14:01:24.416,1.09874,1.09875,940000,750000
2019.10.03 14:01:24.518,1.09872,1.09874,750000,1030000
2019.10.03 14:01:24.619,1.09872,1.09875,750000,1030000
2019.10.03 14:01:24.774,1.09875,1.09877,1190000,1500000
2019.10.03 14:01:24.825,1.09875,1.09878,3940000,750000
2019.10.03 14:01:24.930,1.09874,1.09877,750000,940000
2019.10.03 14:01:25.097,1.09875,1.09878,1750000,1500000
2019.10.03 14:01:25.249,1.09875,1.09878,940000,1500000
2019.10.03 14:01:25.518,1.09875,1.09877,750000,750000
2019.10.03 14:01:25.620,1.09874,1.09878,940000,3190000
2019.10.03 14:01:25.671,1.09876,1.09878,750000,750000
2019.10.03 14:01:25.772,1.09875,1.09878,750000,940000
2019.10.03 14:01:25.945,1.09876,1.09877,750000,750000
2019.10.03 14:01:25.996,1.09877,1.09879,940000,750000
2019.10.03 14:01:26.097,1.09876,1.09879,940000,1120000
2019.10.03 14:01:26.199,1.09876,1.09879,940000,1370000
2019.10.03 14:01:26.346,1.09874,1.09878,1500000,1070000
2019.10.03 14:01:26.480,1.09874,1.09877,750000,820000
2019.10.03 14:01:26.790,1.09873,1.09877,750000,2500000
2019.10.03 14:01:26.841,1.09877,1.09878,1690000,750000
2019.10.03 14:01:26.942,1.09874,1.09877,750000,1130000
2019.10.03 14:01:27.044,1.09874,1.09877,1000000,2440000
2019.10.03 14:01:27.149,1.09873,1.09877,1500000,3340000
2019.10.03 14:01:27.252,1.09874,1.09877,940000,750000
2019.10.03 14:01:27.354,1.09874,1.09876,750000,940000
2019.10.03 14:01:28.125,1.09874,1.09875,750000,750000
2019.10.03 14:01:28.528,1.09872,1.09874,750000,1310000
2019.10.03 14:01:28.630,1.09869,1.09873,1690000,3940000
2019.10.03 14:01:28.732,1.0987,1.09872,750000,750000
2019.10.03 14:01:28.837,1.09871,1.09873,2440000,750000
2019.10.03 14:01:29.102,1.0987,1.09873,1690000,750000
2019.10.03 14:01:29.586,1.09873,1.09875,1500000,750000
2019.10.03 14:01:29.637,1.09871,1.09875,1690000,2060000
2019.10.03 14:01:29.739,1.09871,1.09875,1690000,2060000
2019.10.03 14:01:29.844,1.09875,1.09876,940000,940000
2019.10.03 14:01:29.894,1.09873,1.09876,940000,750000
2019.10.03 14:01:29.996,1.09872,1.09876,940000,3560000
2019.10.03 14:01:30.351,1.09876,1.09877,1310000,1500000
2019.10.03 14:01:30.453,1.09878,1.0988,3680000,2110000
2019.10.03 14:01:30.595,1.09876,1.09879,3000000,1370000
2019.10.03 14:01:30.646,1.09874,1.09877,940000,1500000
2019.10.03 14:01:30.749,1.09873,1.09876,750000,940000
2019.10.03 14:01:30.851,1.09872,1.09876,3310000,1690000
2019.10.03 14:01:31.686,1.09873,1.09876,3180000,1500000
2019.10.03 14:01:31.787,1.09872,1.09876,3180000,2810000
2019.10.03 14:01:31.838,1.09871,1.09873,1120000,1680000
2019.10.03 14:01:31.940,1.0987,1.09873,1120000,1750000
2019.10.03 14:01:32.143,1.09872,1.09873,750000,750000
2019.10.03 14:01:32.194,1.09872,1.09875,750000,1750000
2019.10.03 14:01:32.245,1.09872,1.09874,750000,750000
2019.10.03 14:01:32.392,1.09872,1.09875,940000,750000
2019.10.03 14:01:32.705,1.09873,1.09875,560000,750000
2019.10.03 14:01:32.806,1.09872,1.09874,750000,750000
2019.10.03 14:01:32.919,1.09872,1.09875,1870000,3250000
2019.10.03 14:01:33.021,1.09873,1.09874,750000,940000
2019.10.03 14:01:33.173,1.09872,1.09875,1120000,6320000
2019.10.03 14:01:33.283,1.09872,1.09874,1120000,6000000
2019.10.03 14:01:33.384,1.09872,1.09874,1120000,5570000
2019.10.03 14:01:33.897,1.09872,1.09874,1500000,3940000
2019.10.03 14:01:34.001,1.09869,1.09871,1500000,1000000
2019.10.03 14:01:34.114,1.09869,1.09871,750000,750000
2019.10.03 14:01:34.215,1.09867,1.09871,750000,9320000
2019.10.03 14:01:34.317,1.09869,1.09872,1310000,750000
2019.10.03 14:01:34.368,1.09871,1.09873,3250000,1500000
2019.10.03 14:01:34.531,1.09875,1.09879,1500000,2320000
2019.10.03 14:01:34.582,1.09875,1.09877,750000,1500000
2019.10.03 14:01:34.744,1.09875,1.09877,2120000,750000
2019.10.03 14:01:34.846,1.09875,1.09877,2250000,750000
2019.10.03 14:01:34.964,1.09875,1.09876,750000,750000
2019.10.03 14:01:35.065,1.09875,1.09877,1500000,820000
2019.10.03 14:01:35.167,1.0988,1.09881,750000,750000
2019.10.03 14:01:35.218,1.09886,1.09887,750000,750000
2019.10.03 14:01:35.286,1.09886,1.09888,1500000,1500000
2019.10.03 14:01:35.387,1.09887,1.09889,750000,750000
2019.10.03 14:01:35.489,1.09887,1.0989,750000,750000
2019.10.03 14:01:35.591,1.09888,1.09889,940000,790000
2019.10.03 14:01:35.680,1.09886,1.09889,940000,2320000
2019.10.03 14:01:35.782,1.09887,1.09891,2870000,750000
2019.10.03 14:01:35.883,1.09889,1.09891,1750000,750000
2019.10.03 14:01:35.984,1.09888,1.09891,1750000,600000
2019.10.03 14:01:36.309,1.09888,1.0989,750000,1790000
2019.10.03 14:01:36.411,1.09887,1.0989,1500000,1010000
2019.10.03 14:01:37.032,1.09887,1.09889,750000,2250000
2019.10.03 14:01:37.217,1.09886,1.09887,750000,1120000
2019.10.03 14:01:37.318,1.09887,1.09888,500000,1120000
2019.10.03 14:01:37.427,1.09887,1.09889,940000,500000
2019.10.03 14:01:37.831,1.09887,1.0989,750000,940000
2019.10.03 14:01:37.947,1.09887,1.09888,750000,750000
2019.10.03 14:01:38.048,1.09884,1.09886,750000,1760000
2019.10.03 14:01:38.200,1.09885,1.09887,940000,2540000
2019.10.03 14:01:38.369,1.09885,1.09887,750000,1310000
2019.10.03 14:01:38.420,1.09883,1.09885,750000,3640000
2019.10.03 14:01:38.522,1.09883,1.09886,750000,1760000
2019.10.03 14:01:38.674,1.09883,1.09887,750000,560000
2019.10.03 14:01:38.819,1.09884,1.09887,750000,750000
2019.10.03 14:01:38.995,1.09885,1.09888,940000,750000
2019.10.03 14:01:39.046,1.09888,1.0989,2120000,750000
2019.10.03 14:01:39.147,1.09888,1.0989,1750000,2250000
2019.10.03 14:01:39.319,1.09887,1.0989,1750000,2810000
2019.10.03 14:01:39.420,1.09886,1.09888,750000,750000
2019.10.03 14:01:39.522,1.09887,1.0989,4000000,500000
2019.10.03 14:01:39.667,1.09886,1.09887,750000,500000
2019.10.03 14:01:39.718,1.09884,1.09886,750000,1120000
2019.10.03 14:01:39.869,1.09884,1.09888,1750000,1120000
2019.10.03 14:01:39.971,1.09888,1.0989,4370000,750000
2019.10.03 14:01:40.081,1.09889,1.09892,1120000,1200000
2019.10.03 14:01:40.184,1.09888,1.09891,3000000,1970000
2019.10.03 14:01:40.235,1.09891,1.09892,1500000,750000
2019.10.03 14:01:40.373,1.09892,1.09894,2500000,500000
2019.10.03 14:01:40.424,1.0989,1.09892,940000,1200000
2019.10.03 14:01:40.475,1.0989,1.09893,1690000,1200000
2019.10.03 14:01:40.877,1.0989,1.09892,750000,500000
2019.10.03 14:01:40.978,1.09888,1.09892,750000,1450000
2019.10.03 14:01:41.104,1.09888,1.09893,2500000,1390000
2019.10.03 14:01:41.307,1.09893,1.09895,2250000,750000
2019.10.03 14:01:41.408,1.09892,1.09895,1500000,4010000
2019.10.03 14:01:41.519,1.09893,1.09896,2440000,500000
2019.10.03 14:01:41.644,1.09893,1.09896,4000000,500000
2019.10.03 14:01:42.259,1.09892,1.09895,940000,1570000
2019.10.03 14:01:42.576,1.09893,1.09895,940000,1120000
2019.10.03 14:01:43.135,1.09892,1.09895,940000,1570000
2019.10.03 14:01:43.347,1.09892,1.09894,750000,1500000
2019.10.03 14:01:43.449,1.09891,1.09893,1500000,750000
2019.10.03 14:01:43.552,1.0989,1.09893,750000,940000
2019.10.03 14:01:44.123,1.09889,1.09893,1750000,3320000
2019.10.03 14:01:44.225,1.09888,1.09892,1500000,940000
2019.10.03 14:01:44.275,1.09888,1.0989,940000,750000
2019.10.03 14:01:44.326,1.09889,1.09892,2440000,750000
2019.10.03 14:01:44.615,1.09888,1.09892,2250000,1310000
2019.10.03 14:01:45.052,1.09888,1.09891,750000,2060000
2019.10.03 14:01:45.205,1.09888,1.0989,940000,750000
2019.10.03 14:01:45.400,1.09889,1.09891,750000,1120000
2019.10.03 14:01:45.554,1.09889,1.09892,750000,560000
2019.10.03 14:01:45.706,1.0989,1.09892,1500000,500000
2019.10.03 14:01:45.809,1.09889,1.09892,750000,1310000
2019.10.03 14:01:45.911,1.09889,1.09893,2060000,640000
2019.10.03 14:01:46.163,1.0989,1.09892,750000,820000
2019.10.03 14:01:46.291,1.09889,1.09893,1750000,1120000
2019.10.03 14:01:46.393,1.09889,1.09892,1750000,500000
2019.10.03 14:01:46.495,1.09888,1.09892,4750000,750000
2019.10.03 14:01:46.597,1.09888,1.0989,750000,3000000
2019.10.03 14:01:46.868,1.09888,1.09891,750000,4010000
2019.10.03 14:01:46.970,1.09889,1.09892,940000,2250000
2019.10.03 14:01:47.111,1.09889,1.09893,560000,1760000
2019.10.03 14:01:47.315,1.0989,1.09893,560000,750000
2019.10.03 14:01:47.417,1.09891,1.09893,500000,2440000
2019.10.03 14:01:47.468,1.09893,1.09894,750000,500000
2019.10.03 14:01:47.585,1.09893,1.09895,940000,500000
2019.10.03 14:01:47.687,1.09892,1.09895,940000,1180000
2019.10.03 14:01:48.114,1.09891,1.09895,2060000,1010000
2019.10.03 14:01:48.215,1.09891,1.09893,500000,1970000
2019.10.03 14:01:48.418,1.0989,1.09894,1870000,3040000
2019.10.03 14:01:48.613,1.09892,1.09894,1500000,750000
2019.10.03 14:01:48.715,1.09891,1.09893,500000,2160000
2019.10.03 14:01:48.766,1.0989,1.09894,940000,4380000
2019.10.03 14:01:48.817,1.09893,1.09895,1690000,1500000
2019.10.03 14:01:48.998,1.09893,1.09896,940000,750000
2019.10.03 14:01:49.100,1.09891,1.09895,750000,5570000
2019.10.03 14:01:49.304,1.09891,1.09895,1310000,3630000
2019.10.03 14:01:49.481,1.09892,1.09894,500000,820000
2019.10.03 14:01:50.095,1.09891,1.09894,750000,940000
2019.10.03 14:01:50.197,1.09892,1.09894,750000,1120000
2019.10.03 14:01:50.399,1.09893,1.09894,750000,750000
2019.10.03 14:01:50.652,1.09893,1.09895,750000,750000
2019.10.03 14:01:50.876,1.09892,1.09895,1690000,1500000
2019.10.03 14:01:51.028,1.09892,1.09894,750000,820000
2019.10.03 14:01:51.130,1.09892,1.09895,750000,1690000
2019.10.03 14:01:51.247,1.09892,1.09895,1750000,940000
2019.10.03 14:01:51.603,1.0989,1.09891,750000,940000
2019.10.03 14:01:51.708,1.09887,1.09889,1500000,1000000
2019.10.03 14:01:51.810,1.09885,1.09889,3370000,1000000
2019.10.03 14:01:51.912,1.09884,1.09888,750000,2120000
2019.10.03 14:01:52.013,1.09884,1.09887,500000,2060000
2019.10.03 14:01:52.162,1.09887,1.09891,2500000,750000
2019.10.03 14:01:52.213,1.09888,1.09892,560000,3000000
2019.10.03 14:01:52.264,1.09889,1.09893,750000,3000000
2019.10.03 14:01:52.365,1.09889,1.09896,6250000,3190000
2019.10.03 14:01:52.467,1.0989,1.09895,1750000,940000
2019.10.03 14:01:52.568,1.09889,1.09894,1310000,2120000
2019.10.03 14:01:52.724,1.09889,1.09892,1500000,1390000
2019.10.03 14:01:52.775,1.09887,1.09892,1500000,820000
2019.10.03 14:01:52.910,1.09887,1.09892,750000,3250000
2019.10.03 14:01:53.012,1.09888,1.09894,2440000,1690000
2019.10.03 14:01:53.063,1.09888,1.09893,1750000,1500000
2019.10.03 14:01:53.164,1.09888,1.09893,1310000,2440000
2019.10.03 14:01:53.266,1.0989,1.09893,750000,1500000
2019.10.03 14:01:53.414,1.09892,1.09894,1690000,750000
2019.10.03 14:01:53.516,1.09889,1.09892,750000,1000000
2019.10.03 14:01:53.668,1.09888,1.09892,2060000,1750000
2019.10.03 14:01:54.073,1.09888,1.09892,500000,2190000
2019.10.03 14:01:54.124,1.09888,1.09891,750000,3560000
2019.10.03 14:01:54.237,1.09888,1.09892,1120000,3560000
2019.10.03 14:01:54.288,1.09887,1.09891,4000000,2250000
2019.10.03 14:01:54.391,1.09886,1.09887,2250000,2250000
2019.10.03 14:01:54.442,1.09884,1.09887,2250000,560000
2019.10.03 14:01:54.543,1.09883,1.09887,2440000,940000
2019.10.03 14:01:54.645,1.09882,1.09886,940000,4870000
2019.10.03 14:01:54.746,1.09882,1.09885,1690000,2250000
2019.10.03 14:01:55.271,1.09883,1.09886,940000,750000
2019.10.03 14:01:55.373,1.09883,1.09887,2060000,560000
2019.10.03 14:01:55.661,1.09884,1.09887,1500000,1370000
2019.10.03 14:01:55.712,1.09883,1.09887,1500000,2500000
2019.10.03 14:01:55.813,1.09883,1.09886,1500000,560000
2019.10.03 14:01:55.914,1.09883,1.09884,750000,500000
2019.10.03 14:01:56.063,1.09882,1.09885,940000,1870000
2019.10.03 14:01:56.316,1.09879,1.09884,500000,5570000
2019.10.03 14:01:56.417,1.0988,1.09883,1500000,1000000
2019.10.03 14:01:56.572,1.0988,1.09884,750000,1750000
2019.10.03 14:01:56.674,1.0988,1.09883,750000,1750000
2019.10.03 14:01:56.776,1.0988,1.09885,3560000,1820000
2019.10.03 14:01:56.877,1.0988,1.09884,750000,1820000
2019.10.03 14:01:57.019,1.0988,1.09884,2440000,940000
2019.10.03 14:01:57.121,1.09881,1.09884,1690000,500000
2019.10.03 14:01:57.223,1.0988,1.09884,940000,940000
2019.10.03 14:01:57.631,1.09879,1.09882,750000,1750000
2019.10.03 14:01:57.733,1.09879,1.09883,1870000,1750000
2019.10.03 14:01:58.009,1.09878,1.0988,2440000,1220000
2019.10.03 14:01:58.060,1.09876,1.09879,2620000,1690000
2019.10.03 14:01:58.161,1.09874,1.09879,1690000,2500000
2019.10.03 14:01:58.314,1.09874,1.09878,750000,850000
2019.10.03 14:01:58.422,1.09874,1.09878,940000,560000
2019.10.03 14:01:58.535,1.09875,1.09878,940000,750000
2019.10.03 14:01:58.586,1.09874,1.09878,1000000,500000
2019.10.03 14:01:58.687,1.09876,1.09878,750000,1500000
2019.10.03 14:01:58.738,1.09878,1.09881,2250000,600000
2019.10.03 14:01:58.920,1.09877,1.09879,940000,1690000
2019.10.03 14:01:59.022,1.09877,1.09881,1500000,1760000
2019.10.03 14:01:59.124,1.09878,1.09881,1120000,2500000
2019.10.03 14:01:59.254,1.0988,1.09882,750000,750000
2019.10.03 14:01:59.305,1.09881,1.09884,2250000,1690000
2019.10.03 14:01:59.459,1.09881,1.09883,750000,1690000
2019.10.03 14:01:59.509,1.09882,1.09884,1420000,750000
2019.10.03 14:01:59.560,1.09886,1.09887,750000,1500000
2019.10.03 14:01:59.611,1.09884,1.09887,1000000,820000
2019.10.03 14:01:59.699,1.09885,1.09888,2620000,750000
2019.10.03 14:01:59.800,1.09886,1.09889,940000,820000
2019.10.03 14:01:59.962,1.09886,1.09888,750000,940000
2019.10.03 14:02:00.130,1.09887,1.0989,1770000,500000
2019.10.03 14:02:00.231,1.09887,1.0989,940000,750000
2019.10.03 14:02:00.398,1.09887,1.09888,750000,750000
2019.10.03 14:02:00.450,1.09889,1.09892,1310000,750000
2019.10.03 14:02:00.659,1.0989,1.09891,1690000,1950000
2019.10.03 14:02:00.760,1.09889,1.09893,940000,3640000
2019.10.03 14:02:00.862,1.09889,1.09893,750000,1820000
2019.10.03 14:02:01.064,1.09892,1.09894,1310000,750000
2019.10.03 14:02:01.166,1.09893,1.09896,2810000,750000
2019.10.03 14:02:01.267,1.09892,1.09896,2120000,1880000
2019.10.03 14:02:01.318,1.09892,1.09896,2870000,1880000
2019.10.03 14:02:01.697,1.09891,1.09895,940000,940000
2019.10.03 14:02:01.748,1.09893,1.09896,1120000,1690000
2019.10.03 14:02:01.891,1.09894,1.09898,2120000,3000000
2019.10.03 14:02:01.993,1.09894,1.09897,1750000,2250000
2019.10.03 14:02:02.145,1.09895,1.09897,1000000,1500000
2019.10.03 14:02:02.414,1.09894,1.09896,940000,2250000
2019.10.03 14:02:02.648,1.09894,1.09897,940000,3000000
2019.10.03 14:02:02.953,1.09895,1.09898,1750000,750000
2019.10.03 14:02:03.102,1.09893,1.09898,1750000,2660000
2019.10.03 14:02:03.441,1.09895,1.09898,940000,1000000
2019.10.03 14:02:03.543,1.09896,1.09899,1690000,1500000
2019.10.03 14:02:03.731,1.09896,1.09898,750000,2620000
2019.10.03 14:02:03.832,1.09895,1.09898,1500000,2440000
2019.10.03 14:02:03.933,1.09896,1.09898,1500000,750000
2019.10.03 14:02:04.215,1.09895,1.09899,560000,3190000
2019.10.03 14:02:04.317,1.09899,1.09901,1690000,4870000
2019.10.03 14:02:04.435,1.09899,1.09904,750000,1000000
2019.10.03 14:02:04.537,1.09899,1.09904,3370000,940000
2019.10.03 14:02:04.707,1.09901,1.09903,500000,940000
2019.10.03 14:02:04.758,1.09906,1.09907,560000,3520000
2019.10.03 14:02:04.847,1.09908,1.09909,1120000,3000000
2019.10.03 14:02:04.898,1.09906,1.09909,1000000,3940000
2019.10.03 14:02:04.949,1.09908,1.0991,800000,750000
2019.10.03 14:02:05.106,1.09906,1.0991,1310000,1000000
2019.10.03 14:02:05.157,1.09906,1.09909,1500000,940000
2019.10.03 14:02:05.258,1.09906,1.09909,1500000,1000000
2019.10.03 14:02:05.360,1.09906,1.0991,1370000,750000
2019.10.03 14:02:05.472,1.09907,1.0991,1310000,2250000
2019.10.03 14:02:05.573,1.09906,1.09908,750000,2870000
2019.10.03 14:02:05.675,1.09906,1.09909,1500000,1750000
2019.10.03 14:02:05.811,1.09907,1.09909,750000,750000
2019.10.03 14:02:05.912,1.09907,1.09911,3250000,1120000
2019.10.03 14:02:06.014,1.09907,1.09911,2440000,1750000
2019.10.03 14:02:06.115,1.09906,1.09908,500000,1000000
2019.10.03 14:02:06.206,1.09904,1.09908,500000,2590000
2019.10.03 14:02:06.308,1.09907,1.0991,1370000,2440000
2019.10.03 14:02:06.409,1.09908,1.0991,1120000,750000
2019.10.03 14:02:06.511,1.09907,1.0991,500000,2440000
2019.10.03 14:02:06.738,1.09909,1.0991,500000,500000
2019.10.03 14:02:06.789,1.0991,1.09913,1120000,1000000
2019.10.03 14:02:07.039,1.09916,1.09917,3370000,1120000
2019.10.03 14:02:07.091,1.09916,1.09919,500000,1750000
2019.10.03 14:02:07.193,1.09915,1.09917,1120000,1000000
2019.10.03 14:02:07.247,1.09913,1.09917,1870000,1000000
2019.10.03 14:02:07.392,1.09914,1.09917,2120000,750000
2019.10.03 14:02:07.501,1.09914,1.09917,1870000,1500000
2019.10.03 14:02:07.856,1.09913,1.09916,750000,2570000
2019.10.03 14:02:07.908,1.0991,1.09912,1500000,500000
2019.10.03 14:02:07.959,1.09908,1.09909,750000,3750000
2019.10.03 14:02:08.010,1.09906,1.09908,1120000,1500000
2019.10.03 14:02:08.112,1.09904,1.09908,1120000,750000
2019.10.03 14:02:08.233,1.09904,1.09908,1120000,2870000
2019.10.03 14:02:08.335,1.09899,1.09901,1500000,1500000
2019.10.03 14:02:08.387,1.09896,1.09898,750000,750000
2019.10.03 14:02:08.439,1.09896,1.09899,1120000,750000
2019.10.03 14:02:08.617,1.09896,1.099,1010000,2620000
2019.10.03 14:02:08.719,1.09897,1.099,1010000,500000
2019.10.03 14:02:08.972,1.09896,1.09899,600000,940000
2019.10.03 14:02:09.074,1.09896,1.09899,600000,1000000
2019.10.03 14:02:09.348,1.09899,1.09901,1000000,1120000
2019.10.03 14:02:09.449,1.09899,1.09901,1500000,1000000
2019.10.03 14:02:09.551,1.09897,1.099,750000,1750000
2019.10.03 14:02:09.601,1.09897,1.099,750000,940000
2019.10.03 14:02:09.920,1.09896,1.09901,940000,4000000
2019.10.03 14:02:10.022,1.09896,1.09901,1750000,3940000
2019.10.03 14:02:10.196,1.09897,1.09902,3620000,750000
2019.10.03 14:02:10.499,1.09899,1.09902,2810000,1000000
2019.10.03 14:02:10.611,1.09899,1.09902,1000000,750000
2019.10.03 14:02:10.865,1.099,1.09902,1000000,750000
2019.10.03 14:02:11.126,1.09899,1.09902,1500000,1000000
2019.10.03 14:02:11.227,1.099,1.09903,4500000,1000000
2019.10.03 14:02:11.278,1.09898,1.09902,1690000,2100000
2019.10.03 14:02:11.385,1.09899,1.09902,940000,820000
2019.10.03 14:02:11.486,1.09899,1.09901,750000,820000
2019.10.03 14:02:11.893,1.09898,1.09901,1120000,2440000
2019.10.03 14:02:11.944,1.09897,1.09899,750000,4070000
2019.10.03 14:02:11.995,1.09895,1.09899,750000,4470000
2019.10.03 14:02:12.222,1.09898,1.09899,750000,750000
2019.10.03 14:02:12.324,1.09898,1.09902,4000000,1500000
2019.10.03 14:02:12.425,1.09898,1.09902,1750000,1220000
2019.10.03 14:02:12.527,1.09896,1.09901,4750000,5890000
2019.10.03 14:02:12.577,1.09898,1.09901,4500000,940000
2019.10.03 14:02:12.697,1.09897,1.099,2440000,820000
2019.10.03 14:02:12.798,1.09897,1.09899,750000,750000
2019.10.03 14:02:12.899,1.09896,1.099,2440000,1690000
2019.10.03 14:02:13.001,1.09897,1.099,1690000,1500000
2019.10.03 14:02:13.150,1.09896,1.099,2440000,1010000
2019.10.03 14:02:13.252,1.09895,1.09898,750000,1070000
2019.10.03 14:02:13.354,1.09894,1.09898,1500000,2570000
2019.10.03 14:02:13.473,1.09894,1.09895,3000000,940000
2019.10.03 14:02:13.524,1.09887,1.09891,1500000,1500000
2019.10.03 14:02:13.632,1.09886,1.09891,750000,20959999
2019.10.03 14:02:13.682,1.09889,1.09891,500000,940000
2019.10.03 14:02:13.733,1.09898,1.099,1500000,21670000
2019.10.03 14:02:13.785,1.09896,1.09898,750000,750000
2019.10.03 14:02:13.887,1.09897,1.099,750000,1120000
2019.10.03 14:02:13.989,1.09895,1.099,500000,1950000
2019.10.03 14:02:14.092,1.09895,1.099,1250000,1570000
2019.10.03 14:02:14.198,1.09896,1.099,2000000,820000
2019.10.03 14:02:14.249,1.09895,1.09897,750000,1000000
2019.10.03 14:02:14.351,1.09893,1.09895,750000,1000000
2019.10.03 14:02:14.453,1.09891,1.09895,1500000,3260000
2019.10.03 14:02:14.554,1.09891,1.09894,1500000,2700000
2019.10.03 14:02:14.660,1.09891,1.09895,3000000,1070000
2019.10.03 14:02:14.762,1.0989,1.09893,750000,1000000
2019.10.03 14:02:14.864,1.09889,1.09893,750000,1070000
2019.10.03 14:02:14.965,1.09888,1.09893,750000,2970000
2019.10.03 14:02:15.124,1.09888,1.09893,750000,1820000
2019.10.03 14:02:15.175,1.09887,1.0989,1870000,2120000
2019.10.03 14:02:15.327,1.09885,1.09889,750000,750000
2019.10.03 14:02:15.462,1.09884,1.09889,2620000,1750000
2019.10.03 14:02:15.564,1.09884,1.09889,2810000,2440000
2019.10.03 14:02:15.666,1.09884,1.09888,500000,1690000
2019.10.03 14:02:15.829,1.09883,1.09886,750000,2120000
2019.10.03 14:02:16.032,1.09883,1.09886,940000,500000
2019.10.03 14:02:16.257,1.09884,1.09886,1500000,750000
2019.10.03 14:02:16.460,1.09883,1.09886,940000,1870000
2019.10.03 14:02:16.606,1.0988,1.09882,1500000,1000000
2019.10.03 14:02:16.759,1.09878,1.09882,2500000,500000
2019.10.03 14:02:16.861,1.09878,1.09882,2440000,3250000
2019.10.03 14:02:16.962,1.09879,1.09882,1750000,750000
2019.10.03 14:02:17.064,1.09878,1.09882,1750000,750000
2019.10.03 14:02:17.166,1.09878,1.09882,2500000,1000000
2019.10.03 14:02:17.282,1.09878,1.09882,1750000,750000
2019.10.03 14:02:17.719,1.09881,1.09882,1690000,1500000
2019.10.03 14:02:17.845,1.09879,1.09882,1500000,1000000
2019.10.03 14:02:17.946,1.09879,1.09881,1500000,500000
2019.10.03 14:02:18.048,1.09878,1.0988,750000,3560000
2019.10.03 14:02:18.149,1.09878,1.09881,1500000,560000
2019.10.03 14:02:18.690,1.09878,1.0988,750000,1310000
2019.10.03 14:02:18.842,1.09879,1.0988,750000,750000
2019.10.03 14:02:18.944,1.09878,1.0988,750000,1310000
2019.10.03 14:02:19.052,1.09882,1.09883,940000,1500000
2019.10.03 14:02:19.156,1.09878,1.09881,750000,1370000
2019.10.03 14:02:19.258,1.09878,1.09881,750000,1370000
2019.10.03 14:02:19.408,1.09878,1.09882,940000,560000
2019.10.03 14:02:20.169,1.0988,1.09883,750000,1370000
2019.10.03 14:02:20.278,1.0988,1.09883,750000,1690000
2019.10.03 14:02:20.329,1.09881,1.09884,1000000,3360000
2019.10.03 14:02:20.430,1.09883,1.09885,1500000,500000
2019.10.03 14:02:20.481,1.09881,1.09883,1500000,1750000
2019.10.03 14:02:20.684,1.09879,1.09883,1500000,560000
2019.10.03 14:02:20.836,1.0988,1.09883,940000,750000
2019.10.03 14:02:21.125,1.09882,1.09884,750000,2060000
2019.10.03 14:02:21.179,1.09883,1.09887,1500000,2120000
2019.10.03 14:02:21.230,1.09883,1.09885,750000,1310000
2019.10.03 14:02:21.280,1.09883,1.09887,1750000,1120000
2019.10.03 14:02:22.115,1.09883,1.09885,750000,500000
2019.10.03 14:02:22.268,1.09882,1.09884,750000,500000
2019.10.03 14:02:22.389,1.09881,1.09883,1500000,500000
2019.10.03 14:02:22.444,1.09879,1.09883,2440000,2060000
2019.10.03 14:02:22.596,1.09879,1.09882,750000,1310000
2019.10.03 14:02:22.764,1.09879,1.09883,2440000,1310000
2019.10.03 14:02:22.929,1.09879,1.09882,750000,2060000
2019.10.03 14:02:23.032,1.09879,1.09884,3250000,2810000
2019.10.03 14:02:23.184,1.0988,1.09882,750000,750000
2019.10.03 14:02:23.423,1.09881,1.09884,1000000,1500000
2019.10.03 14:02:23.474,1.09883,1.09885,1000000,750000
2019.10.03 14:02:23.630,1.09881,1.09882,750000,1500000
2019.10.03 14:02:23.732,1.0988,1.09882,750000,940000
2019.10.03 14:02:23.833,1.09879,1.09883,1500000,1370000
2019.10.03 14:02:23.934,1.09877,1.09881,1120000,6190000
2019.10.03 14:02:24.070,1.09878,1.09881,1500000,940000
2019.10.03 14:02:24.172,1.09878,1.0988,1500000,940000
2019.10.03 14:02:24.374,1.09878,1.09881,750000,940000
2019.10.03 14:02:24.519,1.09879,1.09882,1690000,500000
2019.10.03 14:02:24.620,1.09878,1.09882,940000,1310000
2019.10.03 14:02:24.783,1.09881,1.09884,1120000,2500000
2019.10.03 14:02:24.885,1.09882,1.09885,940000,750000
2019.10.03 14:02:25.017,1.09882,1.09885,750000,2870000
2019.10.03 14:02:25.119,1.09881,1.09884,4000000,1120000
2019.10.03 14:02:25.170,1.09879,1.09883,940000,940000
2019.10.03 14:02:25.372,1.0988,1.09883,1500000,1000000
2019.10.03 14:02:25.492,1.09882,1.09884,750000,750000
2019.10.03 14:02:25.643,1.09882,1.09886,2060000,940000
2019.10.03 14:02:25.745,1.09882,1.09886,1120000,1000000
2019.10.03 14:02:26.058,1.09883,1.09886,1750000,940000
2019.10.03 14:02:26.462,1.09881,1.09883,750000,2060000
2019.10.03 14:02:26.563,1.09878,1.09883,940000,1690000
2019.10.03 14:02:27.465,1.09877,1.0988,3750000,1690000
2019.10.03 14:02:27.567,1.09875,1.09879,1120000,1000000
2019.10.03 14:02:27.732,1.09877,1.09882,2060000,1000000
2019.10.03 14:02:27.783,1.09877,1.09882,2120000,940000
2019.10.03 14:02:27.885,1.09878,1.09881,1000000,940000
2019.10.03 14:02:28.144,1.09879,1.0988,1690000,790000
2019.10.03 14:02:28.246,1.09878,1.0988,940000,2810000
2019.10.03 14:02:28.347,1.09879,1.09881,1000000,750000
2019.10.03 14:02:28.449,1.09879,1.09882,1750000,1500000
2019.10.03 14:02:28.620,1.09878,1.09881,750000,1310000
2019.10.03 14:02:28.899,1.0988,1.09884,4750000,750000
2019.10.03 14:02:29.001,1.09879,1.09882,1000000,1500000
2019.10.03 14:02:29.102,1.09878,1.09882,1000000,1870000
2019.10.03 14:02:29.205,1.09878,1.09882,940000,2060000
2019.10.03 14:02:29.443,1.09879,1.09883,2870000,750000
2019.10.03 14:02:29.544,1.09878,1.09882,940000,2060000
2019.10.03 14:02:30.362,1.09878,1.0988,750000,1310000
2019.10.03 14:02:30.464,1.09879,1.09881,2250000,1500000
2019.10.03 14:02:30.516,1.09876,1.0988,750000,5570000
2019.10.03 14:02:30.986,1.09876,1.09879,940000,1750000
2019.10.03 14:02:31.089,1.09876,1.09878,750000,1000000
2019.10.03 14:02:31.213,1.09876,1.09877,750000,940000
2019.10.03 14:02:31.315,1.09875,1.09877,940000,750000
2019.10.03 14:02:31.366,1.09874,1.09877,1310000,750000
2019.10.03 14:02:31.417,1.09873,1.09874,1500000,940000
2019.10.03 14:02:31.518,1.09872,1.09875,500000,2440000
2019.10.03 14:02:31.620,1.09871,1.09874,750000,1750000
2019.10.03 14:02:31.755,1.0987,1.09874,3250000,1000000
2019.10.03 14:02:32.200,1.09869,1.09873,1940000,2500000
2019.10.03 14:02:32.252,1.09868,1.09871,1120000,560000
2019.10.03 14:02:32.304,1.0987,1.09871,500000,750000
2019.10.03 14:02:32.507,1.09869,1.0987,750000,940000
2019.10.03 14:02:32.614,1.09869,1.09871,2120000,600000
2019.10.03 14:02:32.665,1.09869,1.09872,2440000,600000
2019.10.03 14:02:32.768,1.0987,1.09872,3190000,750000
2019.10.03 14:02:32.921,1.0987,1.09872,500000,1600000
2019.10.03 14:02:33.064,1.0987,1.09872,3000000,750000
2019.10.03 14:02:33.172,1.09867,1.0987,750000,2060000
2019.10.03 14:02:33.274,1.09866,1.09869,2440000,1750000
2019.10.03 14:02:33.376,1.09865,1.09868,1500000,1000000
2019.10.03 14:02:33.480,1.09862,1.09866,1500000,4000000
2019.10.03 14:02:33.581,1.09862,1.09864,750000,2120000
2019.10.03 14:02:33.682,1.09862,1.09864,750000,1370000
2019.10.03 14:02:33.830,1.09861,1.09864,750000,1000000
2019.10.03 14:02:33.983,1.09861,1.09864,750000,1690000
2019.10.03 14:02:34.186,1.0986,1.09863,750000,2870000
2019.10.03 14:02:34.424,1.09858,1.0986,1500000,750000
2019.10.03 14:02:34.525,1.09858,1.09859,750000,940000
2019.10.03 14:02:34.627,1.09856,1.09859,2250000,3250000
2019.10.03 14:02:34.753,1.09855,1.09857,750000,2500000
2019.10.03 14:02:34.855,1.09855,1.09857,750000,940000
2019.10.03 14:02:35.109,1.09856,1.09858,1870000,1000000
2019.10.03 14:02:35.162,1.09858,1.0986,3190000,2620000
2019.10.03 14:02:35.212,1.09858,1.09861,750000,940000
2019.10.03 14:02:35.314,1.09859,1.0986,750000,750000
2019.10.03 14:02:35.365,1.09857,1.0986,1500000,4690000
2019.10.03 14:02:35.466,1.09856,1.09859,750000,2440000
2019.10.03 14:02:35.568,1.09857,1.0986,1690000,1870000
2019.10.03 14:02:35.619,1.09861,1.09863,2870000,500000
2019.10.03 14:02:35.721,1.09866,1.09867,1500000,1120000
2019.10.03 14:02:35.772,1.09867,1.09869,1500000,2250000
2019.10.03 14:02:35.823,1.09866,1.09867,1500000,750000
2019.10.03 14:02:35.918,1.09864,1.09867,750000,750000
2019.10.03 14:02:36.019,1.09863,1.09867,2250000,970000
2019.10.03 14:02:36.070,1.09864,1.09868,4500000,1750000
2019.10.03 14:02:36.222,1.09864,1.09866,750000,1000000
2019.10.03 14:02:36.382,1.09864,1.09866,750000,940000
2019.10.03 14:02:36.484,1.09863,1.09867,2250000,1000000
2019.10.03 14:02:36.638,1.09862,1.09864,1500000,750000
2019.10.03 14:02:36.748,1.09862,1.09865,1690000,940000
2019.10.03 14:02:36.849,1.09862,1.09864,500000,1690000
2019.10.03 14:02:36.951,1.09863,1.09865,1690000,750000
2019.10.03 14:02:37.053,1.0986,1.09861,500000,1690000
2019.10.03 14:02:37.157,1.09859,1.09861,3000000,1690000
2019.10.03 14:02:37.260,1.09856,1.0986,750000,2500000
2019.10.03 14:02:37.361,1.09857,1.0986,2250000,1000000
2019.10.03 14:02:37.464,1.09857,1.0986,1500000,1000000
2019.10.03 14:02:37.643,1.09857,1.09859,750000,750000
2019.10.03 14:02:37.748,1.09856,1.09859,1690000,3370000
2019.10.03 14:02:37.851,1.09857,1.09859,1690000,750000
2019.10.03 14:02:37.953,1.09859,1.0986,2060000,500000
2019.10.03 14:02:38.062,1.09859,1.09861,2120000,2620000
2019.10.03 14:02:38.168,1.09858,1.09861,750000,1000000
2019.10.03 14:02:38.269,1.09859,1.09862,2250000,1000000
2019.10.03 14:02:38.371,1.09857,1.0986,750000,5060000
2019.10.03 14:02:38.535,1.09858,1.09861,940000,2250000
2019.10.03 14:02:38.637,1.09857,1.0986,750000,2440000
2019.10.03 14:02:38.842,1.09857,1.0986,750000,2870000
2019.10.03 14:02:39.232,1.09857,1.09859,2250000,750000
2019.10.03 14:02:39.483,1.09856,1.09858,1690000,750000
2019.10.03 14:02:39.584,1.09856,1.09857,750000,750000
2019.10.03 14:02:39.686,1.09853,1.09855,750000,750000
2019.10.03 14:02:39.938,1.09852,1.09855,750000,2440000
2019.10.03 14:02:40.040,1.09853,1.09855,750000,3370000
2019.10.03 14:02:40.142,1.09852,1.09855,750000,5810000
2019.10.03 14:02:40.334,1.09853,1.09855,750000,750000
2019.10.03 14:02:40.442,1.09852,1.09855,1500000,560000
2019.10.03 14:02:40.543,1.09852,1.09856,1500000,750000
2019.10.03 14:02:40.644,1.09852,1.09855,750000,560000
2019.10.03 14:02:40.757,1.09852,1.09856,940000,1310000
2019.10.03 14:02:40.860,1.09852,1.09856,1500000,750000
2019.10.03 14:02:41.012,1.09853,1.09857,500000,3250000
2019.10.03 14:02:41.266,1.09855,1.09857,750000,500000
2019.10.03 14:02:41.398,1.09857,1.0986,1500000,940000
2019.10.03 14:02:41.499,1.09858,1.09859,750000,500000
2019.10.03 14:02:41.601,1.09855,1.09859,940000,2120000
2019.10.03 14:02:41.702,1.09855,1.09858,750000,1370000
2019.10.03 14:02:41.862,1.09857,1.0986,500000,1000000
2019.10.03 14:02:41.913,1.09857,1.0986,1370000,940000
2019.10.03 14:02:42.014,1.09857,1.09861,1870000,1000000
2019.10.03 14:02:42.836,1.09857,1.09861,2810000,3560000
2019.10.03 14:02:42.888,1.09857,1.09859,750000,1690000
2019.10.03 14:02:42.991,1.09856,1.0986,1120000,3250000
2019.10.03 14:02:43.205,1.09856,1.09859,560000,1000000
2019.10.03 14:02:43.306,1.09857,1.09859,500000,1000000
2019.10.03 14:02:43.957,1.09857,1.09859,1500000,560000
2019.10.03 14:02:44.483,1.09857,1.09861,1750000,1500000
2019.10.03 14:02:44.631,1.09858,1.09861,2250000,940000
2019.10.03 14:02:44.783,1.09858,1.0986,750000,940000
2019.10.03 14:02:44.885,1.09858,1.0986,750000,1310000
2019.10.03 14:02:45.371,1.09857,1.0986,6190000,500000
2019.10.03 14:02:45.525,1.09856,1.09859,1690000,2100000
2019.10.03 14:02:45.651,1.09857,1.09859,2250000,750000
2019.10.03 14:02:45.753,1.09857,1.09859,940000,750000
2019.10.03 14:02:45.855,1.09859,1.0986,750000,1120000
2019.10.03 14:02:45.957,1.09858,1.0986,750000,1690000
2019.10.03 14:02:46.275,1.09859,1.09861,4690000,750000
2019.10.03 14:02:46.852,1.09858,1.09861,1690000,750000
2019.10.03 14:02:46.953,1.09857,1.09861,1690000,3560000
2019.10.03 14:02:47.379,1.09858,1.09859,750000,750000
2019.10.03 14:02:47.481,1.09855,1.09857,4120000,1000000
2019.10.03 14:02:47.582,1.09854,1.09856,750000,940000
2019.10.03 14:02:47.683,1.09854,1.09855,750000,750000
2019.10.03 14:02:47.897,1.09853,1.09856,750000,1690000
2019.10.03 14:02:47.999,1.09855,1.09856,750000,750000
2019.10.03 14:02:48.101,1.09855,1.09856,750000,750000
2019.10.03 14:02:48.202,1.09853,1.09857,2620000,1690000
2019.10.03 14:02:48.383,1.09853,1.09856,750000,1690000
2019.10.03 14:02:48.484,1.09854,1.09855,750000,750000
2019.10.03 14:02:48.636,1.09854,1.09857,3370000,750000
2019.10.03 14:02:48.686,1.09853,1.09855,1120000,750000
2019.10.03 14:02:49.150,1.09854,1.09855,500000,750000
2019.10.03 14:02:49.252,1.09853,1.09855,560000,1500000
2019.10.03 14:02:49.383,1.09852,1.09855,1690000,1500000
2019.10.03 14:02:49.488,1.09853,1.09855,940000,1500000
2019.10.03 14:02:50.059,1.09853,1.09856,2440000,1690000
2019.10.03 14:02:50.160,1.09853,1.09856,1690000,1750000
2019.10.03 14:02:50.663,1.09853,1.09855,940000,750000
2019.10.03 14:02:50.815,1.09852,1.09856,2120000,1870000
2019.10.03 14:02:50.962,1.09855,1.09856,750000,940000
2019.10.03 14:02:51.063,1.09854,1.09857,750000,750000
2019.10.03 14:02:51.451,1.09853,1.09857,2250000,2060000
2019.10.03 14:02:51.555,1.09854,1.09857,1500000,940000
2019.10.03 14:02:51.944,1.09853,1.09857,2440000,3190000
2019.10.03 14:02:52.096,1.09852,1.09856,1870000,2120000
2019.10.03 14:02:52.480,1.09854,1.09856,940000,750000
2019.10.03 14:02:52.581,1.09853,1.09856,940000,2250000
2019.10.03 14:02:52.683,1.09853,1.09855,500000,750000
2019.10.03 14:02:52.805,1.09852,1.09854,500000,940000
2019.10.03 14:02:52.907,1.0985,1.09853,750000,3750000
2019.10.03 14:02:53.280,1.09852,1.09854,750000,1500000
2019.10.03 14:02:53.331,1.09852,1.09856,3190000,4690000
2019.10.03 14:02:53.433,1.09852,1.09856,1500000,2870000
2019.10.03 14:02:53.534,1.09852,1.09855,750000,560000
2019.10.03 14:02:53.654,1.09853,1.09855,1500000,1500000
2019.10.03 14:02:53.865,1.09854,1.09856,1500000,750000
2019.10.03 14:02:53.917,1.09855,1.09857,3000000,2060000
2019.10.03 14:02:54.156,1.09857,1.09858,750000,750000
2019.10.03 14:02:54.207,1.09857,1.0986,3000000,1310000
2019.10.03 14:02:54.308,1.09858,1.0986,2250000,500000
2019.10.03 14:02:54.410,1.09857,1.0986,2250000,1310000
2019.10.03 14:02:54.596,1.09857,1.09861,2060000,2810000
2019.10.03 14:02:54.698,1.09857,1.0986,750000,4310000
2019.10.03 14:02:55.106,1.09856,1.09859,750000,2440000
2019.10.03 14:02:55.310,1.09856,1.09858,750000,1690000
2019.10.03 14:02:55.412,1.09856,1.09859,1500000,940000
2019.10.03 14:02:55.564,1.09857,1.09859,1500000,750000
2019.10.03 14:02:55.674,1.09857,1.09859,750000,1000000
2019.10.03 14:02:56.105,1.09858,1.09861,2810000,1120000
2019.10.03 14:02:56.207,1.09859,1.09861,750000,650000
2019.10.03 14:02:56.309,1.0986,1.09862,1500000,940000
2019.10.03 14:02:56.360,1.09862,1.09863,3370000,750000
2019.10.03 14:02:56.461,1.09862,1.09865,1870000,2120000
2019.10.03 14:02:57.150,1.09865,1.09867,1310000,750000
2019.10.03 14:02:57.252,1.09865,1.09868,1500000,1000000
2019.10.03 14:02:57.455,1.09863,1.09868,1500000,3250000
2019.10.03 14:02:58.217,1.09863,1.09868,4120000,1750000
2019.10.03 14:02:58.318,1.09863,1.09868,6370000,2500000
2019.10.03 14:02:58.522,1.09864,1.09868,7120000,940000
2019.10.03 14:02:58.638,1.09861,1.09865,5060000,940000
2019.10.03 14:02:58.740,1.09859,1.09863,2620000,940000
2019.10.03 14:02:58.841,1.09859,1.09863,3560000,940000
2019.10.03 14:02:58.958,1.0986,1.09863,1120000,1750000
2019.10.03 14:02:59.110,1.09859,1.09863,3000000,1000000
2019.10.03 14:02:59.379,1.09863,1.09864,1500000,750000
2019.10.03 14:02:59.481,1.09863,1.09866,1000000,1500000
2019.10.03 14:02:59.583,1.09863,1.09867,3560000,940000
2019.10.03 14:02:59.770,1.09864,1.09867,4870000,750000
2019.10.03 14:02:59.872,1.09862,1.09866,3000000,1750000
2019.10.03 14:03:00.028,1.09862,1.09865,750000,1750000
2019.10.03 14:03:00.364,1.0986,1.09862,1120000,7050000
2019.10.03 14:03:00.990,1.09861,1.09862,940000,750000
2019.10.03 14:03:01.092,1.09859,1.09863,2500000,750000
2019.10.03 14:03:01.143,1.09859,1.09863,3000000,1750000
2019.10.03 14:03:01.194,1.09859,1.09863,3190000,940000
2019.10.03 14:03:01.447,1.09859,1.09863,4000000,940000
2019.10.03 14:03:02.615,1.09861,1.09863,1000000,1500000
2019.10.03 14:03:02.665,1.09867,1.09869,3000000,2620000
2019.10.03 14:03:02.716,1.09872,1.09874,17290001,750000
2019.10.03 14:03:02.829,1.09874,1.09876,1500000,1500000
2019.10.03 14:03:02.880,1.09877,1.0988,6000000,750000
2019.10.03 14:03:02.981,1.0988,1.09881,750000,750000
2019.10.03 14:03:03.083,1.0988,1.09884,2620000,1870000
2019.10.03 14:03:03.222,1.09881,1.09884,2620000,1500000
2019.10.03 14:03:03.273,1.09883,1.09884,1500000,750000
2019.10.03 14:03:03.374,1.09882,1.09884,3000000,750000
2019.10.03 14:03:03.477,1.09881,1.09884,1750000,750000
2019.10.03 14:03:03.638,1.0988,1.09882,1500000,940000
2019.10.03 14:03:03.740,1.09879,1.09883,1500000,1000000
2019.10.03 14:03:03.842,1.09881,1.09883,1500000,1000000
2019.10.03 14:03:03.943,1.09884,1.09885,1690000,1500000
2019.10.03 14:03:04.013,1.09887,1.0989,750000,750000
2019.10.03 14:03:04.064,1.09889,1.09892,750000,1500000
2019.10.03 14:03:04.165,1.09891,1.09893,1500000,750000
2019.10.03 14:03:04.320,1.09892,1.09894,750000,3750000
2019.10.03 14:03:04.371,1.09894,1.09897,1500000,750000
2019.10.03 14:03:04.498,1.09893,1.09896,1500000,750000
2019.10.03 14:03:04.549,1.09893,1.09895,1000000,1500000
2019.10.03 14:03:04.650,1.09894,1.09896,1750000,4500000
2019.10.03 14:03:04.752,1.09894,1.09897,750000,3940000
2019.10.03 14:03:04.938,1.09894,1.09896,1000000,750000
2019.10.03 14:03:04.989,1.09894,1.09897,940000,750000
2019.10.03 14:03:05.090,1.09893,1.09897,1690000,940000
2019.10.03 14:03:05.141,1.09892,1.09894,750000,1750000
2019.10.03 14:03:05.242,1.09894,1.09895,940000,750000
2019.10.03 14:03:05.409,1.09896,1.09898,1310000,750000
2019.10.03 14:03:05.512,1.09898,1.09901,7870000,750000
2019.10.03 14:03:05.614,1.09897,1.09901,4870000,2250000
2019.10.03 14:03:05.664,1.09899,1.09901,2120000,750000
2019.10.03 14:03:05.775,1.09899,1.09901,1000000,1120000
2019.10.03 14:03:05.826,1.09909,1.0991,2250000,750000
2019.10.03 14:03:05.877,1.0991,1.09913,750000,1500000
2019.10.03 14:03:05.927,1.09912,1.09914,2250000,750000
2019.10.03 14:03:06.031,1.09912,1.09914,750000,1500000
2019.10.03 14:03:06.146,1.0991,1.09912,1500000,500000
2019.10.03 14:03:06.197,1.09908,1.09911,750000,1120000
2019.10.03 14:03:06.248,1.09907,1.0991,1000000,1500000
2019.10.03 14:03:06.299,1.09908,1.09911,750000,940000
2019.10.03 14:03:06.401,1.09906,1.09908,750000,3750000
2019.10.03 14:03:06.502,1.09905,1.09908,1500000,750000
2019.10.03 14:03:06.621,1.09904,1.09907,750000,750000
2019.10.03 14:03:06.723,1.09905,1.09908,750000,1750000
2019.10.03 14:03:06.824,1.09905,1.09907,750000,940000
2019.10.03 14:03:06.925,1.09905,1.09907,750000,940000
2019.10.03 14:03:06.977,1.09908,1.09909,940000,750000
2019.10.03 14:03:07.104,1.09907,1.09911,2870000,750000
2019.10.03 14:03:07.206,1.09908,1.0991,1000000,750000
2019.10.03 14:03:07.308,1.09906,1.09908,1500000,1370000
2019.10.03 14:03:07.410,1.09902,1.09903,750000,2440000
2019.10.03 14:03:07.462,1.09899,1.09901,1500000,750000
2019.10.03 14:03:07.563,1.09898,1.09901,750000,4750000
2019.10.03 14:03:07.664,1.09899,1.09901,750000,1500000
2019.10.03 14:03:07.766,1.099,1.09901,750000,750000
2019.10.03 14:03:08.054,1.09901,1.09902,750000,750000
2019.10.03 14:03:08.207,1.09902,1.09905,5870000,1500000
2019.10.03 14:03:08.308,1.09904,1.09905,940000,750000
2019.10.03 14:03:08.564,1.09903,1.09905,2500000,750000
2019.10.03 14:03:08.615,1.09902,1.09905,2500000,940000
2019.10.03 14:03:08.716,1.09903,1.09905,1690000,750000
2019.10.03 14:03:08.919,1.09902,1.09906,2120000,2250000
2019.10.03 14:03:09.050,1.09903,1.09905,1000000,1500000
2019.10.03 14:03:09.101,1.09904,1.09908,2870000,1500000
2019.10.03 14:03:09.202,1.09904,1.09908,1370000,750000
2019.10.03 14:03:09.304,1.09905,1.09908,1370000,750000
2019.10.03 14:03:09.410,1.09906,1.09909,1750000,1120000
2019.10.03 14:03:09.511,1.09906,1.09909,2120000,500000
2019.10.03 14:03:09.612,1.09906,1.09909,2620000,1120000
2019.10.03 14:03:09.825,1.09906,1.09908,750000,1120000
2019.10.03 14:03:09.976,1.09906,1.09908,1690000,750000
2019.10.03 14:03:10.334,1.09905,1.09907,3000000,750000
2019.10.03 14:03:10.386,1.09902,1.09905,1500000,940000
2019.10.03 14:03:10.437,1.09902,1.09903,500000,750000
2019.10.03 14:03:10.590,1.09901,1.09903,560000,750000
2019.10.03 14:03:10.699,1.09902,1.09904,1870000,750000
2019.10.03 14:03:10.800,1.09901,1.09903,1500000,750000
2019.10.03 14:03:10.851,1.09902,1.09904,940000,2250000
2019.10.03 14:03:10.952,1.09902,1.09903,500000,1500000
2019.10.03 14:03:11.055,1.09902,1.09904,750000,1500000
2019.10.03 14:03:11.156,1.09902,1.09903,500000,1500000
2019.10.03 14:03:11.258,1.099,1.09903,500000,1690000
2019.10.03 14:03:11.382,1.099,1.09903,500000,1750000
2019.10.03 14:03:11.485,1.09901,1.09904,940000,1000000
2019.10.03 14:03:11.536,1.099,1.09903,1120000,1500000
2019.10.03 14:03:11.638,1.09901,1.09903,750000,750000
2019.10.03 14:03:11.787,1.09899,1.09903,3000000,1690000
2019.10.03 14:03:11.841,1.09901,1.09903,3750000,750000
2019.10.03 14:03:11.943,1.09901,1.09903,750000,1500000
2019.10.03 14:03:12.045,1.09901,1.09904,1690000,750000
2019.10.03 14:03:12.182,1.09899,1.09903,2440000,1500000
2019.10.03 14:03:12.283,1.099,1.09903,1310000,750000
2019.10.03 14:03:12.385,1.09902,1.09904,1370000,750000
2019.10.03 14:03:12.486,1.09902,1.09904,4310000,750000
2019.10.03 14:03:12.688,1.09902,1.09904,1750000,1500000
2019.10.03 14:03:12.791,1.09903,1.09906,2870000,1500000
2019.10.03 14:03:13.151,1.09902,1.09906,2120000,1500000
2019.10.03 14:03:13.253,1.09902,1.09906,5870000,1500000
2019.10.03 14:03:13.355,1.09901,1.09905,3000000,750000
2019.10.03 14:03:13.490,1.09903,1.09905,1750000,750000
2019.10.03 14:03:13.642,1.09904,1.09906,1310000,750000
2019.10.03 14:03:13.743,1.09905,1.09906,750000,940000
2019.10.03 14:03:13.902,1.09905,1.09908,1000000,750000
2019.10.03 14:03:14.004,1.09905,1.09909,2870000,750000
2019.10.03 14:03:14.105,1.09905,1.09908,1310000,750000
2019.10.03 14:03:14.206,1.09904,1.09908,1690000,1690000
2019.10.03 14:03:14.490,1.09905,1.09906,750000,750000
2019.10.03 14:03:14.885,1.09906,1.09909,3560000,2500000
2019.10.03 14:03:15.258,1.09905,1.09909,1120000,2500000
2019.10.03 14:03:15.364,1.09907,1.09909,2620000,750000
2019.10.03 14:03:15.465,1.09907,1.09911,2870000,2250000
2019.10.03 14:03:15.567,1.09908,1.09911,940000,1500000
2019.10.03 14:03:15.684,1.09907,1.0991,3000000,940000
2019.10.03 14:03:15.837,1.09906,1.09909,750000,5060000
2019.10.03 14:03:15.938,1.09906,1.0991,1690000,6560000
2019.10.03 14:03:16.040,1.09906,1.09909,750000,3560000
2019.10.03 14:03:16.150,1.09906,1.09908,1120000,940000
2019.10.03 14:03:16.353,1.09904,1.09906,1120000,750000
2019.10.03 14:03:16.455,1.09903,1.09906,1120000,1690000
2019.10.03 14:03:16.680,1.09903,1.09904,750000,750000
2019.10.03 14:03:16.781,1.09902,1.09903,750000,750000
2019.10.03 14:03:16.934,1.09901,1.09903,750000,2060000
2019.10.03 14:03:17.066,1.09901,1.09904,750000,2060000
2019.10.03 14:03:17.218,1.09902,1.09904,2620000,750000
2019.10.03 14:03:17.321,1.09899,1.09902,3560000,750000
2019.10.03 14:03:17.482,1.09898,1.09902,3560000,940000
2019.10.03 14:03:17.583,1.09898,1.09901,750000,940000
2019.10.03 14:03:17.685,1.09897,1.09898,3000000,940000
2019.10.03 14:03:17.736,1.09894,1.09897,3940000,750000
2019.10.03 14:03:17.881,1.09894,1.09897,1870000,1000000
2019.10.03 14:03:17.983,1.09894,1.09897,2060000,750000
2019.10.03 14:03:18.197,1.09893,1.09896,750000,2440000
2019.10.03 14:03:18.400,1.09894,1.09896,1500000,750000
2019.10.03 14:03:18.501,1.09891,1.09895,2250000,4370000
2019.10.03 14:03:18.654,1.09891,1.09893,750000,3660000
2019.10.03 14:03:18.705,1.0989,1.09892,3370000,1000000
2019.10.03 14:03:18.806,1.09889,1.09891,1500000,1000000
2019.10.03 14:03:18.908,1.0989,1.09894,1750000,3370000
2019.10.03 14:03:19.047,1.0989,1.09893,1000000,1870000
2019.10.03 14:03:19.099,1.09891,1.09894,1000000,1500000
2019.10.03 14:03:19.150,1.09894,1.09896,1750000,750000
2019.10.03 14:03:19.252,1.09893,1.09894,750000,750000
2019.10.03 14:03:19.354,1.09891,1.09895,2060000,2440000
2019.10.03 14:03:19.509,1.09893,1.09896,3620000,750000
2019.10.03 14:03:19.611,1.09893,1.09897,1120000,1690000
2019.10.03 14:03:19.662,1.09893,1.09895,1000000,1500000
2019.10.03 14:03:19.712,1.09893,1.09896,940000,1500000
2019.10.03 14:03:20.031,1.09894,1.09896,1690000,750000
2019.10.03 14:03:20.538,1.09893,1.09897,2120000,940000
2019.10.03 14:03:20.640,1.09893,1.09895,750000,940000
2019.10.03 14:03:20.742,1.09891,1.09893,750000,3620000
2019.10.03 14:03:20.893,1.09889,1.09893,1870000,2500000
2019.10.03 14:03:20.994,1.09889,1.09893,2620000,3250000
2019.10.03 14:03:21.248,1.09891,1.09894,560000,750000
2019.10.03 14:03:21.299,1.09893,1.09895,1000000,750000
2019.10.03 14:03:21.492,1.09893,1.09898,4750000,1500000
2019.10.03 14:03:21.593,1.09893,1.09898,4000000,2440000
2019.10.03 14:03:21.644,1.09894,1.09898,2500000,1690000
2019.10.03 14:03:21.745,1.09893,1.09898,3190000,940000
2019.10.03 14:03:21.877,1.09892,1.09896,500000,3250000
2019.10.03 14:03:21.978,1.09892,1.09896,500000,3190000
2019.10.03 14:03:22.079,1.09893,1.09896,500000,750000
2019.10.03 14:03:22.673,1.09896,1.09897,1690000,500000
2019.10.03 14:03:22.724,1.09895,1.09898,940000,750000
2019.10.03 14:03:22.834,1.09896,1.099,3940000,1690000
2019.10.03 14:03:23.038,1.09895,1.09899,500000,2200000
2019.10.03 14:03:23.469,1.09896,1.09898,750000,2810000
2019.10.03 14:03:23.734,1.09895,1.09897,750000,750000
2019.10.03 14:03:23.794,1.09893,1.09898,2120000,3940000
2019.10.03 14:03:24.107,1.09894,1.09898,2870000,750000
2019.10.03 14:03:24.256,1.09895,1.09899,2870000,2250000
2019.10.03 14:03:24.357,1.09895,1.09899,2500000,1750000
2019.10.03 14:03:24.637,1.09895,1.099,3940000,1750000
2019.10.03 14:03:24.689,1.09895,1.09898,750000,2500000
2019.10.03 14:03:24.790,1.09896,1.09899,750000,940000
2019.10.03 14:03:24.931,1.09896,1.099,7370000,1500000
2019.10.03 14:03:25.032,1.09896,1.09899,940000,2250000
2019.10.03 14:03:25.135,1.09898,1.09901,2810000,500000
2019.10.03 14:03:25.237,1.09898,1.09901,2870000,820000
2019.10.03 14:03:25.413,1.09898,1.09901,500000,1000000
2019.10.03 14:03:25.514,1.09897,1.09901,500000,2810000
2019.10.03 14:03:25.812,1.09898,1.09901,560000,750000
2019.10.03 14:03:25.913,1.09899,1.09901,560000,750000
2019.10.03 14:03:26.015,1.099,1.09904,2120000,3000000
2019.10.03 14:03:26.117,1.09901,1.09906,5120000,4690000
2019.10.03 14:03:26.235,1.09901,1.09906,2060000,5500000
2019.10.03 14:03:26.387,1.09901,1.09904,750000,3320000
2019.10.03 14:03:26.488,1.09901,1.09904,2060000,750000
2019.10.03 14:03:26.629,1.099,1.09904,1310000,940000
2019.10.03 14:03:26.732,1.09898,1.09901,750000,2440000
2019.10.03 14:03:26.834,1.09898,1.09902,560000,1690000
2019.10.03 14:03:26.935,1.099,1.09904,5870000,750000
2019.10.03 14:03:27.109,1.09903,1.09906,1750000,750000
2019.10.03 14:03:27.161,1.09906,1.09908,1870000,750000
2019.10.03 14:03:27.212,1.09905,1.09909,1750000,5250000
2019.10.03 14:03:27.264,1.09907,1.09909,2500000,750000
2019.10.03 14:03:27.315,1.09905,1.09907,940000,750000
2019.10.03 14:03:27.437,1.09905,1.09908,750000,1000000
2019.10.03 14:03:27.539,1.09905,1.09909,2250000,1000000
2019.10.03 14:03:27.641,1.09904,1.09907,1500000,1750000
2019.10.03 14:03:27.692,1.09904,1.09907,1500000,1690000
2019.10.03 14:03:27.743,1.09905,1.09909,2440000,1500000
2019.10.03 14:03:27.846,1.09907,1.09909,1690000,750000
2019.10.03 14:03:27.947,1.09909,1.0991,940000,750000
2019.10.03 14:03:28.049,1.09909,1.09914,3750000,2250000
2019.10.03 14:03:28.101,1.09909,1.09911,1000000,750000
2019.10.03 14:03:28.257,1.09908,1.09912,940000,3560000
2019.10.03 14:03:28.308,1.0991,1.09914,2440000,940000
2019.10.03 14:03:28.416,1.09909,1.09913,1870000,1750000
2019.10.03 14:03:28.517,1.09907,1.09909,1500000,750000
2019.10.03 14:03:28.618,1.09905,1.09909,2620000,750000
2019.10.03 14:03:28.720,1.09904,1.09909,1870000,3000000
2019.10.03 14:03:28.821,1.09905,1.09909,1870000,750000
2019.10.03 14:03:28.872,1.09908,1.0991,1120000,1000000
2019.10.03 14:03:29.018,1.09907,1.09911,3250000,1500000
2019.10.03 14:03:29.120,1.09908,1.09911,1750000,750000
2019.10.03 14:03:29.221,1.09908,1.09912,1500000,940000
2019.10.03 14:03:29.346,1.0991,1.09913,1310000,750000
2019.10.03 14:03:29.448,1.09908,1.09911,1000000,750000
2019.10.03 14:03:29.551,1.09911,1.09914,1000000,1120000
2019.10.03 14:03:29.652,1.0991,1.09915,3250000,5620000
2019.10.03 14:03:29.785,1.0991,1.09915,3250000,5620000
2019.10.03 14:03:29.888,1.09914,1.09915,750000,750000
2019.10.03 14:03:30.041,1.09914,1.09917,1000000,1120000
2019.10.03 14:03:30.202,1.09915,1.09918,1000000,3750000
2019.10.03 14:03:30.305,1.09916,1.09918,1000000,1870000
2019.10.03 14:03:30.356,1.09915,1.09918,1690000,500000
2019.10.03 14:03:30.458,1.09916,1.09919,2500000,750000
2019.10.03 14:03:30.562,1.09915,1.09919,3250000,1750000
2019.10.03 14:03:30.717,1.09914,1.09916,1500000,3000000
2019.10.03 14:03:30.819,1.09912,1.09916,1120000,1750000
2019.10.03 14:03:30.972,1.09914,1.09916,500000,750000
2019.10.03 14:03:31.074,1.09913,1.09916,560000,2620000
2019.10.03 14:03:31.920,1.09913,1.09914,1500000,750000
2019.10.03 14:03:31.971,1.09911,1.09912,500000,750000
2019.10.03 14:03:32.102,1.0991,1.09913,630000,1000000
2019.10.03 14:03:32.203,1.09912,1.09915,3620000,1500000
2019.10.03 14:03:32.305,1.09913,1.09915,750000,750000
2019.10.03 14:03:32.406,1.09913,1.09915,560000,750000
2019.10.03 14:03:32.611,1.09912,1.09913,750000,750000
2019.10.03 14:03:32.865,1.09913,1.09914,750000,750000
2019.10.03 14:03:33.122,1.09913,1.09915,500000,750000
2019.10.03 14:03:33.224,1.09913,1.09917,2120000,820000
2019.10.03 14:03:33.465,1.09915,1.09917,500000,2250000
2019.10.03 14:03:33.569,1.09914,1.09917,2060000,820000
2019.10.03 14:03:33.672,1.09913,1.09917,1370000,3070000
2019.10.03 14:03:33.774,1.09913,1.09917,1370000,4220000
2019.10.03 14:03:33.886,1.09914,1.09917,1310000,1950000
2019.10.03 14:03:34.038,1.09915,1.09917,1310000,1500000
2019.10.03 14:03:34.190,1.09915,1.09919,5870000,1950000
2019.10.03 14:03:34.301,1.09914,1.09918,2810000,750000
2019.10.03 14:03:34.403,1.09914,1.09917,940000,1120000
2019.10.03 14:03:34.504,1.09913,1.09916,750000,1690000
2019.10.03 14:03:34.605,1.09913,1.09917,2060000,940000
2019.10.03 14:03:34.719,1.09912,1.09917,1370000,5060000
2019.10.03 14:03:34.821,1.09911,1.09912,1120000,1310000
2019.10.03 14:03:34.923,1.09909,1.09911,750000,1000000
2019.10.03 14:03:35.026,1.09908,1.0991,1500000,1370000
2019.10.03 14:03:35.077,1.09906,1.09909,1870000,750000
2019.10.03 14:03:35.195,1.09906,1.09909,1120000,2500000
2019.10.03 14:03:35.300,1.09906,1.09908,750000,750000
2019.10.03 14:03:35.402,1.09905,1.09909,560000,940000
2019.10.03 14:03:35.554,1.09906,1.09909,1310000,750000
2019.10.03 14:03:35.605,1.09908,1.0991,1000000,750000
2019.10.03 14:03:35.727,1.09907,1.09911,1370000,1120000
2019.10.03 14:03:35.829,1.09908,1.09911,750000,1120000
2019.10.03 14:03:35.930,1.09908,1.09911,750000,1870000
2019.10.03 14:03:36.082,1.09909,1.09913,1750000,1370000
2019.10.03 14:03:36.264,1.09908,1.09911,500000,1370000
2019.10.03 14:03:36.826,1.09909,1.09911,500000,750000
2019.10.03 14:03:37.028,1.09909,1.09911,500000,1750000
2019.10.03 14:03:37.190,1.0991,1.09913,3190000,750000
2019.10.03 14:03:37.291,1.09909,1.09912,750000,2440000
2019.10.03 14:03:37.804,1.09909,1.09911,500000,1750000
2019.10.03 14:03:37.936,1.09909,1.09911,500000,750000
2019.10.03 14:03:38.087,1.09908,1.09911,500000,2440000
2019.10.03 14:03:38.239,1.09909,1.09911,500000,750000
2019.10.03 14:03:38.496,1.0991,1.09911,500000,1500000
2019.10.03 14:03:38.597,1.09908,1.09911,500000,2060000
2019.10.03 14:03:38.884,1.09908,1.0991,750000,750000
2019.10.03 14:03:38.986,1.09907,1.0991,750000,2810000
2019.10.03 14:03:39.163,1.09908,1.09911,560000,750000
2019.10.03 14:03:39.814,1.09908,1.0991,1000000,750000
2019.10.03 14:03:39.916,1.09906,1.0991,3620000,1000000
2019.10.03 14:03:40.028,1.09906,1.0991,2620000,1000000
2019.10.03 14:03:40.129,1.09907,1.0991,560000,3370000
2019.10.03 14:03:40.281,1.09907,1.0991,500000,5500000
2019.10.03 14:03:40.382,1.09911,1.09912,1500000,750000
2019.10.03 14:03:40.433,1.0991,1.09914,560000,4750000
2019.10.03 14:03:40.535,1.09913,1.09915,1370000,1500000
2019.10.03 14:03:40.585,1.09915,1.09917,1690000,750000
2019.10.03 14:03:40.687,1.09916,1.09918,750000,1500000
2019.10.03 14:03:40.845,1.09916,1.09919,560000,7790000
2019.10.03 14:03:40.955,1.09915,1.09919,1310000,1690000
2019.10.03 14:03:41.057,1.09918,1.09919,1120000,750000
2019.10.03 14:03:41.199,1.09917,1.09919,1310000,750000
2019.10.03 14:03:41.301,1.09916,1.09917,750000,500000
2019.10.03 14:03:41.352,1.09914,1.09918,2060000,1690000
2019.10.03 14:03:41.453,1.09914,1.09918,1870000,3250000
2019.10.03 14:03:41.568,1.09914,1.09918,2060000,940000
2019.10.03 14:03:41.670,1.09915,1.09918,2810000,750000
2019.10.03 14:03:41.779,1.09915,1.09919,1120000,3190000
2019.10.03 14:03:41.881,1.09915,1.09919,2060000,750000
2019.10.03 14:03:41.998,1.09914,1.09919,2120000,6190000
2019.10.03 14:03:42.353,1.09915,1.09919,2060000,750000
2019.10.03 14:03:42.497,1.09914,1.09919,2060000,3940000
2019.10.03 14:03:42.959,1.09915,1.09919,2870000,1750000
2019.10.03 14:03:43.263,1.09915,1.09919,2810000,1000000
2019.10.03 14:03:43.384,1.09914,1.09919,2120000,4000000
2019.10.03 14:03:43.586,1.09915,1.09918,1310000,940000
2019.10.03 14:03:43.688,1.09914,1.09918,2060000,1000000
2019.10.03 14:03:43.811,1.09913,1.09918,2810000,5500000
2019.10.03 14:03:43.913,1.09913,1.09918,2810000,4690000
2019.10.03 14:03:44.015,1.09913,1.09918,3560000,4750000
2019.10.03 14:03:44.116,1.09913,1.09918,2810000,4820000
2019.10.03 14:03:44.168,1.09913,1.09917,4120000,1750000
2019.10.03 14:03:44.303,1.09913,1.09917,3190000,1500000
2019.10.03 14:03:44.919,1.09913,1.09917,2440000,940000
2019.10.03 14:03:45.172,1.09914,1.09918,4370000,750000
2019.10.03 14:03:45.521,1.09914,1.09918,1870000,1690000
2019.10.03 14:03:45.673,1.09915,1.09918,750000,1000000
2019.10.03 14:03:45.944,1.09915,1.09918,1750000,1500000
2019.10.03 14:03:46.047,1.09913,1.09917,940000,5440000
2019.10.03 14:03:46.279,1.09914,1.09917,940000,750000
2019.10.03 14:03:46.380,1.09913,1.09918,1000000,2550000
2019.10.03 14:03:46.482,1.09914,1.09918,1750000,1800000
2019.10.03 14:03:46.758,1.09913,1.09917,1690000,750000
2019.10.03 14:03:46.859,1.09914,1.09918,2810000,1500000
2019.10.03 14:03:47.169,1.09914,1.09918,2870000,4500000
2019.10.03 14:03:47.270,1.09914,1.09916,750000,2250000
2019.10.03 14:03:47.424,1.09914,1.09917,940000,750000
2019.10.03 14:03:47.674,1.09914,1.09916,750000,1500000
2019.10.03 14:03:47.776,1.09913,1.09916,1000000,750000
2019.10.03 14:03:47.928,1.09912,1.09916,1000000,3370000
2019.10.03 14:03:48.036,1.09913,1.09916,1000000,1870000
2019.10.03 14:03:48.138,1.09912,1.09914,500000,4310000
2019.10.03 14:03:48.239,1.0991,1.09913,750000,1370000
2019.10.03 14:03:48.603,1.0991,1.09913,3560000,750000
2019.10.03 14:03:48.730,1.09909,1.09912,1120000,560000
2019.10.03 14:03:48.782,1.09907,1.0991,2250000,1000000
2019.10.03 14:03:48.934,1.09907,1.09909,750000,1000000
2019.10.03 14:03:49.036,1.09907,1.09911,500000,2500000
2019.10.03 14:03:49.161,1.09907,1.09911,2120000,3000000
2019.10.03 14:03:49.268,1.09906,1.09909,750000,3440000
2019.10.03 14:03:49.369,1.09906,1.09911,4370000,1940000
2019.10.03 14:03:49.420,1.09907,1.0991,940000,1000000
2019.10.03 14:03:49.532,1.09907,1.09911,2060000,3250000
2019.10.03 14:03:49.644,1.09907,1.09909,1000000,3750000
2019.10.03 14:03:49.695,1.09907,1.09911,750000,3750000
2019.10.03 14:03:49.845,1.09908,1.09911,750000,1500000
2019.10.03 14:03:49.950,1.09909,1.09911,560000,1500000
2019.10.03 14:03:50.153,1.09911,1.09914,1310000,750000
2019.10.03 14:03:50.383,1.0991,1.09915,2120000,6620000
2019.10.03 14:03:50.535,1.09913,1.09915,750000,2250000
2019.10.03 14:03:50.586,1.09914,1.09916,560000,2250000
2019.10.03 14:03:51.031,1.09914,1.09918,1370000,3750000
2019.10.03 14:03:51.693,1.09914,1.09918,1310000,3000000
2019.10.03 14:03:51.953,1.09915,1.09918,560000,1000000
2019.10.03 14:03:55.009,1.09917,1.09919,1000000,1500000
2019.10.03 14:03:55.111,1.09917,1.0992,2120000,1690000
2019.10.03 14:03:55.213,1.09918,1.0992,1370000,2250000
2019.10.03 14:03:55.264,1.09921,1.09923,940000,3000000
2019.10.03 14:03:55.315,1.09922,1.09924,1310000,1500000
2019.10.03 14:03:55.417,1.09922,1.09925,1690000,1500000
2019.10.03 14:03:55.518,1.09921,1.09923,1500000,3940000
2019.10.03 14:03:55.625,1.09921,1.09924,940000,3000000
2019.10.03 14:03:55.728,1.09925,1.09927,1000000,1500000
2019.10.03 14:03:55.830,1.09925,1.09926,940000,1500000
2019.10.03 14:03:55.881,1.09924,1.09927,1870000,2250000
2019.10.03 14:03:56.008,1.09923,1.09927,500000,6620000
2019.10.03 14:03:56.873,1.09924,1.09925,750000,940000
2019.10.03 14:03:56.924,1.09923,1.09925,750000,2680000
2019.10.03 14:03:57.047,1.09923,1.09926,2060000,1690000
2019.10.03 14:03:57.149,1.09923,1.09926,3620000,750000
2019.10.03 14:03:57.250,1.09924,1.09926,750000,1500000
2019.10.03 14:03:57.351,1.09923,1.09926,500000,3750000
2019.10.03 14:03:57.566,1.0992,1.09922,1500000,3640000
2019.10.03 14:03:57.667,1.09918,1.09922,750000,4310000
2019.10.03 14:03:57.719,1.0992,1.09922,750000,750000
2019.10.03 14:03:57.820,1.09918,1.09922,750000,5160000
2019.10.03 14:03:57.923,1.0992,1.09923,1120000,940000
2019.10.03 14:03:58.036,1.09922,1.09923,750000,750000
2019.10.03 14:03:58.138,1.09919,1.09922,940000,940000
2019.10.03 14:03:58.341,1.0992,1.09923,1000000,1500000
2019.10.03 14:03:58.471,1.09922,1.09924,1750000,750000
2019.10.03 14:03:58.573,1.09921,1.09924,940000,1870000
2019.10.03 14:03:58.725,1.09922,1.09925,750000,750000
2019.10.03 14:03:58.903,1.09923,1.09926,750000,1500000
2019.10.03 14:03:59.005,1.09924,1.09927,750000,750000
2019.10.03 14:03:59.157,1.09923,1.09927,2250000,2810000
2019.10.03 14:03:59.326,1.09923,1.09926,750000,850000
2019.10.03 14:03:59.428,1.09923,1.09925,750000,1850000
2019.10.03 14:03:59.479,1.09923,1.09927,2440000,1100000
2019.10.03 14:04:00.154,1.09925,1.09927,1690000,750000
2019.10.03 14:04:00.256,1.09927,1.09928,940000,2250000
2019.10.03 14:04:00.316,1.09927,1.09929,1120000,2060000
2019.10.03 14:04:00.418,1.09925,1.09927,1500000,1370000
2019.10.03 14:04:00.469,1.09924,1.09927,1500000,2250000
2019.10.03 14:04:00.628,1.09922,1.09927,1690000,6750000
2019.10.03 14:04:00.691,1.09922,1.09924,750000,1000000
2019.10.03 14:04:00.742,1.09922,1.09926,1870000,1000000
2019.10.03 14:04:00.793,1.09921,1.09925,1500000,750000
2019.10.03 14:04:00.902,1.09923,1.09926,2060000,1500000
2019.10.03 14:04:01.019,1.09925,1.09927,2060000,750000
2019.10.03 14:04:01.121,1.09924,1.09928,1000000,750000
2019.10.03 14:04:01.223,1.09924,1.09928,2500000,750000
2019.10.03 14:04:01.325,1.09924,1.09928,1000000,750000
2019.10.03 14:04:01.943,1.09923,1.09925,750000,1310000
2019.10.03 14:04:02.044,1.09923,1.09927,6560000,940000
2019.10.03 14:04:02.246,1.09923,1.09926,1000000,750000
2019.10.03 14:04:02.365,1.09923,1.09927,2870000,750000
2019.10.03 14:04:02.466,1.09923,1.09927,1000000,750000
2019.10.03 14:04:02.618,1.09929,1.09931,2620000,750000
2019.10.03 14:04:02.669,1.09928,1.09929,6190000,1870000
2019.10.03 14:04:02.740,1.09935,1.09936,4870000,1500000
2019.10.03 14:04:02.847,1.09936,1.09939,1500000,500000
2019.10.03 14:04:02.963,1.09935,1.09937,750000,750000
2019.10.03 14:04:03.015,1.09933,1.09935,1000000,1500000
2019.10.03 14:04:03.116,1.09934,1.09936,940000,940000
2019.10.03 14:04:03.248,1.09933,1.09935,750000,1750000
2019.10.03 14:04:03.452,1.09933,1.09935,750000,850000
2019.10.03 14:04:03.554,1.09933,1.09936,940000,1040000
2019.10.03 14:04:03.605,1.09933,1.09935,1500000,1760000
2019.10.03 14:04:03.730,1.09932,1.09935,940000,1120000
2019.10.03 14:04:03.832,1.09934,1.09936,1000000,750000
2019.10.03 14:04:03.934,1.09934,1.09937,2810000,750000
2019.10.03 14:04:04.186,1.09936,1.09937,1120000,1500000
2019.10.03 14:04:04.288,1.09935,1.09938,1120000,2500000
2019.10.03 14:04:04.392,1.09935,1.09939,1690000,1690000
2019.10.03 14:04:04.493,1.09935,1.09938,750000,1690000
2019.10.03 14:04:04.622,1.09934,1.09937,940000,1000000
2019.10.03 14:04:04.726,1.09933,1.09935,1500000,3250000
2019.10.03 14:04:04.827,1.09931,1.09932,750000,750000
2019.10.03 14:04:04.929,1.0993,1.09933,1500000,1500000
2019.10.03 14:04:05.024,1.09932,1.09934,5250000,1000000
2019.10.03 14:04:05.129,1.09934,1.09936,2500000,750000
2019.10.03 14:04:05.231,1.09932,1.09935,2440000,850000
2019.10.03 14:04:05.519,1.09932,1.09936,2810000,1040000
2019.10.03 14:04:05.621,1.09932,1.09935,1870000,940000
2019.10.03 14:04:05.722,1.09932,1.09934,940000,940000
2019.10.03 14:04:05.874,1.09931,1.09935,1690000,2440000
2019.10.03 14:04:06.128,1.09931,1.09934,1500000,1690000
2019.10.03 14:04:06.229,1.0993,1.09933,750000,2500000
2019.10.03 14:04:06.430,1.09929,1.09933,1500000,750000
2019.10.03 14:04:06.735,1.09929,1.09933,3190000,560000
2019.10.03 14:04:06.786,1.09929,1.0993,750000,1120000
2019.10.03 14:04:06.937,1.09926,1.09928,750000,940000
2019.10.03 14:04:06.988,1.09923,1.09924,1500000,3750000
2019.10.03 14:04:07.091,1.09922,1.09926,1750000,3000000
2019.10.03 14:04:07.193,1.09923,1.09926,1000000,750000
2019.10.03 14:04:07.244,1.09923,1.09927,2810000,940000
2019.10.03 14:04:07.496,1.09926,1.09927,940000,1500000
2019.10.03 14:04:07.597,1.09929,1.0993,940000,750000
2019.10.03 14:04:07.699,1.09931,1.09935,4870000,1500000
2019.10.03 14:04:07.813,1.09932,1.09935,1000000,1500000
2019.10.03 14:04:07.918,1.09932,1.09935,1000000,4200000
2019.10.03 14:04:08.019,1.09933,1.09937,2500000,750000
2019.10.03 14:04:08.070,1.09933,1.09935,1000000,750000
2019.10.03 14:04:08.121,1.09933,1.09936,940000,1500000
2019.10.03 14:04:08.276,1.09933,1.09935,750000,750000
2019.10.03 14:04:08.379,1.09931,1.09934,1500000,3700000
2019.10.03 14:04:08.430,1.0993,1.09932,750000,1000000
2019.10.03 14:04:08.481,1.09931,1.09934,1500000,1000000
2019.10.03 14:04:08.662,1.09931,1.09934,750000,2060000
2019.10.03 14:04:08.763,1.09931,1.09933,750000,940000
2019.10.03 14:04:09.067,1.0993,1.09934,750000,4370000
2019.10.03 14:04:09.193,1.0993,1.09933,1120000,6250000
2019.10.03 14:04:09.244,1.0993,1.09931,750000,2250000
2019.10.03 14:04:09.396,1.09928,1.09931,1500000,1000000
2019.10.03 14:04:09.447,1.09927,1.0993,750000,940000
2019.10.03 14:04:09.601,1.09928,1.09931,1690000,750000
2019.10.03 14:04:09.853,1.09929,1.09931,1690000,750000
2019.10.03 14:04:09.955,1.09928,1.09931,1690000,1500000
2019.10.03 14:04:10.130,1.09928,1.0993,750000,1500000
2019.10.03 14:04:10.231,1.09929,1.0993,750000,750000
2019.10.03 14:04:10.332,1.09929,1.09932,2500000,750000
2019.10.03 14:04:10.464,1.09929,1.09932,1000000,1500000
2019.10.03 14:04:10.515,1.09929,1.09932,1500000,940000
2019.10.03 14:04:10.617,1.09928,1.09932,1000000,1500000
2019.10.03 14:04:10.719,1.09928,1.09932,1690000,1750000
2019.10.03 14:04:11.702,1.09929,1.09933,2250000,1000000
2019.10.03 14:04:11.880,1.0993,1.09932,750000,1310000
2019.10.03 14:04:11.930,1.09933,1.09935,7690000,1500000
2019.10.03 14:04:12.032,1.09932,1.09933,750000,750000
2019.10.03 14:04:12.083,1.09931,1.09933,750000,2060000
2019.10.03 14:04:12.186,1.0993,1.09934,4500000,1750000
2019.10.03 14:04:12.338,1.09932,1.09933,750000,750000
2019.10.03 14:04:13.119,1.09931,1.09934,560000,750000
2019.10.03 14:04:13.221,1.0993,1.09934,560000,1690000
2019.10.03 14:04:13.322,1.0993,1.09934,500000,1750000
2019.10.03 14:04:13.661,1.0993,1.09933,750000,850000
2019.10.03 14:04:13.763,1.0993,1.09934,1690000,940000
2019.10.03 14:04:14.020,1.09929,1.09934,750000,5870000
2019.10.03 14:04:14.326,1.0993,1.09932,750000,940000
2019.10.03 14:04:15.685,1.09929,1.09933,750000,3250000
2019.10.03 14:04:15.786,1.09929,1.09933,3560000,940000
2019.10.03 14:04:15.887,1.09929,1.09932,750000,940000
2019.10.03 14:04:15.989,1.0993,1.09933,2250000,940000
2019.10.03 14:04:16.103,1.09929,1.09933,1120000,940000
2019.10.03 14:04:16.407,1.09931,1.09933,1870000,500000
2019.10.03 14:04:16.529,1.09931,1.09932,750000,750000
2019.10.03 14:04:16.631,1.09929,1.09932,1500000,2500000
2019.10.03 14:04:17.036,1.0993,1.09933,750000,940000
2019.10.03 14:04:17.178,1.09932,1.09934,1310000,1500000
2019.10.03 14:04:17.332,1.09933,1.09936,2250000,750000
2019.10.03 14:04:17.434,1.09931,1.09935,1500000,2120000
2019.10.03 14:04:17.537,1.09931,1.09933,750000,1750000
2019.10.03 14:04:17.639,1.09931,1.09936,5870000,3190000
2019.10.03 14:04:17.740,1.09934,1.09936,1370000,750000
2019.10.03 14:04:17.791,1.09932,1.09936,1000000,3370000
2019.10.03 14:04:17.899,1.09934,1.09936,1000000,750000
2019.10.03 14:04:18.053,1.09935,1.09937,940000,1870000
2019.10.03 14:04:18.105,1.09933,1.09938,1310000,5060000
2019.10.03 14:04:18.206,1.09933,1.09937,750000,3190000
2019.10.03 14:04:18.257,1.09933,1.09936,750000,3250000
2019.10.03 14:04:18.409,1.09933,1.09936,750000,940000
2019.10.03 14:04:18.635,1.09934,1.09936,750000,820000
2019.10.03 14:04:18.736,1.09933,1.09936,750000,3260000
2019.10.03 14:04:19.051,1.09933,1.09934,750000,1570000
2019.10.03 14:04:19.153,1.09931,1.09935,1690000,3560000
2019.10.03 14:04:19.254,1.09931,1.09935,750000,2660000
2019.10.03 14:04:19.356,1.09933,1.09935,750000,910000
2019.10.03 14:04:19.458,1.09932,1.09936,4500000,2040000
2019.10.03 14:04:19.600,1.09932,1.09935,750000,1100000
2019.10.03 14:04:19.704,1.09933,1.09936,750000,2660000
2019.10.03 14:04:19.806,1.09933,1.09936,940000,1750000
2019.10.03 14:04:20.434,1.09932,1.09935,750000,3190000
2019.10.03 14:04:20.610,1.09933,1.09935,750000,750000
2019.10.03 14:04:20.712,1.09932,1.09934,750000,560000
2019.10.03 14:04:20.814,1.09932,1.09936,2870000,1500000
2019.10.03 14:04:20.916,1.09933,1.09935,1690000,750000
2019.10.03 14:04:21.018,1.09932,1.09935,560000,1120000
2019.10.03 14:04:21.142,1.09931,1.09935,1310000,4690000
2019.10.03 14:04:21.244,1.09933,1.09936,940000,750000
2019.10.03 14:04:21.700,1.09932,1.09934,750000,940000
2019.10.03 14:04:21.751,1.09929,1.09932,750000,2060000
2019.10.03 14:04:21.853,1.0993,1.09933,750000,940000
2019.10.03 14:04:22.106,1.09931,1.09934,4310000,750000
2019.10.03 14:04:22.223,1.09931,1.09933,1750000,500000
2019.10.03 14:04:22.324,1.09932,1.09934,1750000,750000
2019.10.03 14:04:22.426,1.09931,1.09933,750000,1870000
2019.10.03 14:04:22.661,1.09929,1.09933,1690000,560000
2019.10.03 14:04:22.763,1.09931,1.09933,750000,1120000
2019.10.03 14:04:22.965,1.09929,1.09933,1500000,2120000
2019.10.03 14:04:23.117,1.09929,1.09932,750000,1310000
2019.10.03 14:04:23.218,1.09929,1.09933,750000,3620000
2019.10.03 14:04:23.320,1.09929,1.09932,750000,3560000
2019.10.03 14:04:23.421,1.09929,1.09931,1120000,2620000
2019.10.03 14:04:23.522,1.09928,1.09931,750000,3190000
2019.10.03 14:04:23.665,1.09927,1.09931,1690000,1690000
2019.10.03 14:04:23.767,1.09926,1.09929,1690000,2250000
2019.10.03 14:04:23.869,1.09923,1.09927,1500000,2120000
2019.10.03 14:04:23.971,1.09923,1.09927,1750000,1500000
2019.10.03 14:04:24.282,1.09922,1.09926,4690000,2160000
2019.10.03 14:04:24.384,1.09925,1.09927,1000000,2620000
2019.10.03 14:04:24.485,1.09924,1.09926,750000,1120000
2019.10.03 14:04:24.659,1.09924,1.09928,2060000,2440000
2019.10.03 14:04:24.760,1.09926,1.09928,1370000,750000
2019.10.03 14:04:24.861,1.09925,1.09929,2870000,3750000
2019.10.03 14:04:25.014,1.09923,1.09927,1310000,2250000
2019.10.03 14:04:25.165,1.09923,1.09927,1870000,4000000
2019.10.03 14:04:25.318,1.09924,1.09927,1870000,1750000
2019.10.03 14:04:25.369,1.09923,1.09927,2810000,2440000
2019.10.03 14:04:25.420,1.09923,1.09924,1500000,1500000
2019.10.03 14:04:25.521,1.09924,1.09925,750000,750000
2019.10.03 14:04:25.629,1.09923,1.09926,1120000,1690000
2019.10.03 14:04:25.730,1.09923,1.09926,1370000,2250000
2019.10.03 14:04:25.984,1.09923,1.09927,2060000,2440000
2019.10.03 14:04:26.890,1.09924,1.09925,2250000,750000
2019.10.03 14:04:26.992,1.09923,1.09925,940000,750000
2019.10.03 14:04:27.093,1.09922,1.09925,2060000,2250000
2019.10.03 14:04:27.207,1.09922,1.09923,500000,1500000
2019.10.03 14:04:27.309,1.09922,1.09925,940000,750000
2019.10.03 14:04:27.410,1.09923,1.09926,1000000,750000
2019.10.03 14:04:27.562,1.09922,1.09923,750000,750000
2019.10.03 14:04:27.613,1.09921,1.09922,750000,1690000
2019.10.03 14:04:27.732,1.0992,1.09922,750000,1000000
2019.10.03 14:04:27.836,1.09918,1.09922,3000000,2500000
2019.10.03 14:04:27.940,1.09917,1.09921,2250000,4000000
2019.10.03 14:04:27.991,1.09922,1.09923,940000,1500000
2019.10.03 14:04:28.100,1.09922,1.09925,3250000,1120000
2019.10.03 14:04:28.201,1.0992,1.09922,1750000,1870000
2019.10.03 14:04:28.303,1.09918,1.09921,2060000,1500000
2019.10.03 14:04:28.404,1.09917,1.0992,1500000,1000000
2019.10.03 14:04:28.455,1.09916,1.09918,1500000,2250000
2019.10.03 14:04:28.656,1.09915,1.09918,750000,750000
2019.10.03 14:04:28.709,1.09916,1.09918,750000,1000000
2019.10.03 14:04:28.810,1.09918,1.09919,1690000,1500000
2019.10.03 14:04:28.913,1.09916,1.09918,940000,1120000
2019.10.03 14:04:29.017,1.09918,1.09919,4310000,750000
2019.10.03 14:04:29.118,1.09917,1.0992,1750000,1500000
2019.10.03 14:04:29.220,1.09918,1.0992,2440000,750000
2019.10.03 14:04:29.321,1.09917,1.09921,1750000,750000
2019.10.03 14:04:29.434,1.09919,1.09921,940000,750000
2019.10.03 14:04:29.536,1.09918,1.0992,1000000,1500000
2019.10.03 14:04:29.637,1.09918,1.0992,940000,1500000
2019.10.03 14:04:29.739,1.09919,1.09923,2120000,1500000
2019.10.03 14:04:29.790,1.09918,1.09923,3190000,3250000
2019.10.03 14:04:29.841,1.09919,1.09922,1000000,750000
2019.10.03 14:04:29.949,1.0992,1.09922,750000,750000
2019.10.03 14:04:30.052,1.0992,1.09923,1750000,750000
2019.10.03 14:04:30.154,1.09919,1.09923,940000,750000
2019.10.03 14:04:30.884,1.09921,1.09925,2130000,750000
2019.10.03 14:04:30.987,1.09923,1.09925,1000000,1870000
2019.10.03 14:04:31.088,1.09923,1.09926,2440000,1210000
2019.10.03 14:04:31.190,1.09923,1.09926,2440000,1210000
2019.10.03 14:04:31.434,1.09923,1.09926,1690000,1120000
2019.10.03 14:04:31.535,1.09921,1.09922,1500000,560000
2019.10.03 14:04:31.586,1.09922,1.09923,3000000,940000
2019.10.03 14:04:31.707,1.0992,1.09923,1120000,1000000
2019.10.03 14:04:31.808,1.0992,1.09922,750000,970000
2019.10.03 14:04:31.910,1.0992,1.09923,1870000,910000
2019.10.03 14:04:32.012,1.09924,1.09925,750000,1470000
2019.10.03 14:04:32.063,1.09926,1.09928,1870000,750000
2019.10.03 14:04:32.172,1.09927,1.09928,500000,720000
2019.10.03 14:04:32.223,1.09923,1.09927,1500000,1120000
2019.10.03 14:04:32.325,1.09923,1.09927,1000000,1870000
2019.10.03 14:04:32.426,1.09924,1.09928,4000000,750000
2019.10.03 14:04:32.477,1.09924,1.09928,3250000,750000
2019.10.03 14:04:32.578,1.09924,1.09928,1870000,1750000
2019.10.03 14:04:32.740,1.09924,1.09926,940000,750000
2019.10.03 14:04:32.892,1.09925,1.09926,940000,500000
2019.10.03 14:04:32.993,1.09926,1.09929,1750000,1870000
2019.10.03 14:04:33.249,1.09925,1.09929,1370000,1500000
2019.10.03 14:04:33.351,1.09927,1.0993,4750000,1500000
2019.10.03 14:04:33.402,1.09927,1.0993,2440000,1500000
2019.10.03 14:04:33.453,1.09926,1.09929,1000000,4500000
2019.10.03 14:04:33.556,1.09926,1.09929,1000000,4500000
2019.10.03 14:04:33.712,1.09926,1.0993,3250000,5250000
2019.10.03 14:04:33.864,1.09927,1.09928,940000,2250000
2019.10.03 14:04:33.966,1.09922,1.09925,1690000,3370000
2019.10.03 14:04:34.125,1.09922,1.09924,750000,750000
2019.10.03 14:04:34.277,1.09922,1.09926,4750000,750000
2019.10.03 14:04:34.691,1.09921,1.09925,3190000,4310000
2019.10.03 14:04:34.742,1.09923,1.09925,1690000,750000
2019.10.03 14:04:34.894,1.09924,1.09925,940000,750000
2019.10.03 14:04:34.945,1.09924,1.09927,3560000,1500000
2019.10.03 14:04:35.047,1.09923,1.09926,750000,1690000
2019.10.03 14:04:35.148,1.09923,1.09926,1000000,2060000
2019.10.03 14:04:35.199,1.09924,1.09927,1500000,560000
2019.10.03 14:04:35.301,1.09926,1.09928,2120000,500000
2019.10.03 14:04:35.501,1.09927,1.09929,940000,500000
2019.10.03 14:04:35.603,1.09927,1.09929,1750000,1120000
2019.10.03 14:04:35.705,1.09927,1.09929,940000,500000
2019.10.03 14:04:35.756,1.09925,1.09926,2250000,940000
2019.10.03 14:04:35.963,1.09931,1.09933,3260000,500000
2019.10.03 14:04:36.014,1.09933,1.09935,2250000,500000
2019.10.03 14:04:36.116,1.09933,1.09935,2250000,500000
2019.10.03 14:04:36.218,1.09933,1.09934,750000,500000
2019.10.03 14:04:36.336,1.09933,1.09935,2250000,500000
2019.10.03 14:04:36.437,1.09932,1.09934,1750000,1120000
2019.10.03 14:04:36.596,1.09932,1.09934,1750000,1500000
2019.10.03 14:04:36.754,1.09933,1.09935,1690000,500000
2019.10.03 14:04:37.294,1.09933,1.09935,4750000,500000
2019.10.03 14:04:37.446,1.09933,1.09934,940000,500000
2019.10.03 14:04:37.648,1.09931,1.09933,1500000,3000000
2019.10.03 14:04:37.795,1.09931,1.09932,1690000,500000
2019.10.03 14:04:38.098,1.0993,1.09932,4000000,1120000
2019.10.03 14:04:38.245,1.0993,1.09932,3190000,500000
2019.10.03 14:04:38.296,1.09929,1.09931,1690000,1120000
2019.10.03 14:04:38.398,1.09929,1.0993,750000,500000
2019.10.03 14:04:38.499,1.09926,1.09928,1500000,2120000
2019.10.03 14:04:38.551,1.09928,1.0993,2440000,500000
2019.10.03 14:04:38.702,1.0993,1.09931,1500000,500000
2019.10.03 14:04:38.753,1.0993,1.09932,4870000,500000
2019.10.03 14:04:38.855,1.09929,1.09932,4120000,500000
2019.10.03 14:04:38.906,1.09929,1.09932,4750000,500000
2019.10.03 14:04:38.957,1.09929,1.09932,3750000,500000
2019.10.03 14:04:39.059,1.0993,1.09931,1310000,500000
2019.10.03 14:04:39.267,1.09931,1.09933,1690000,3750000
2019.10.03 14:04:39.369,1.09934,1.09936,2530000,1120000
2019.10.03 14:04:39.470,1.09934,1.09937,2620000,500000
2019.10.03 14:04:39.521,1.09936,1.09938,4870000,1250000
2019.10.03 14:04:39.629,1.09936,1.09937,500000,750000
2019.10.03 14:04:39.690,1.09934,1.09936,750000,1990000
2019.10.03 14:04:39.792,1.09933,1.09936,1000000,3940000
2019.10.03 14:04:39.893,1.09934,1.09936,1690000,750000
2019.10.03 14:04:40.170,1.09938,1.09939,750000,500000
2019.10.03 14:04:40.220,1.09938,1.0994,1500000,1120000
2019.10.03 14:04:40.322,1.09938,1.09939,750000,1120000
2019.10.03 14:04:40.373,1.09938,1.09941,3820000,1120000
2019.10.03 14:04:40.474,1.09938,1.09939,940000,1120000
2019.10.03 14:04:40.602,1.09939,1.0994,940000,750000
2019.10.03 14:04:40.654,1.09937,1.09941,2570000,4120000
2019.10.03 14:04:40.755,1.09938,1.09941,3320000,750000
2019.10.03 14:04:40.857,1.09937,1.09941,2570000,1870000
2019.10.03 14:04:41.213,1.09938,1.0994,1190000,750000
2019.10.03 14:04:41.316,1.09937,1.0994,1750000,4120000
2019.10.03 14:04:41.473,1.09938,1.0994,1190000,750000
2019.10.03 14:04:41.575,1.09941,1.09943,750000,1500000
2019.10.03 14:04:41.677,1.09941,1.09945,3190000,3560000
2019.10.03 14:04:41.778,1.09942,1.09944,1000000,750000
2019.10.03 14:04:42.141,1.09941,1.09944,1000000,5060000
2019.10.03 14:04:42.243,1.09941,1.09942,750000,2440000
2019.10.03 14:04:42.389,1.09939,1.09943,1690000,1750000
2019.10.03 14:04:42.491,1.09939,1.09942,1500000,1750000
2019.10.03 14:04:42.593,1.09941,1.09944,1750000,1120000
2019.10.03 14:04:42.695,1.09939,1.09941,1000000,750000
2019.10.03 14:04:42.778,1.09938,1.09942,940000,1690000
2019.10.03 14:04:42.879,1.09941,1.09944,2120000,750000
2019.10.03 14:04:42.931,1.09942,1.09944,2060000,750000
2019.10.03 14:04:43.032,1.09941,1.09943,940000,1120000
2019.10.03 14:04:43.134,1.09942,1.09945,2250000,750000
2019.10.03 14:04:43.243,1.09941,1.09944,1750000,3560000
2019.10.03 14:04:43.445,1.09942,1.09946,6620000,750000
2019.10.03 14:04:43.599,1.0994,1.09942,750000,1750000
2019.10.03 14:04:43.711,1.09939,1.09942,750000,1370000
2019.10.03 14:04:43.914,1.09939,1.09942,1500000,1370000
2019.10.03 14:04:44.016,1.09939,1.09942,750000,1530000
2019.10.03 14:04:44.136,1.09939,1.09941,940000,1870000
2019.10.03 14:04:44.237,1.09938,1.09942,3620000,750000
2019.10.03 14:04:44.441,1.09938,1.09942,2870000,1500000
2019.10.03 14:04:44.544,1.09937,1.09942,2870000,1120000
2019.10.03 14:04:44.649,1.09938,1.09941,1000000,750000
2019.10.03 14:04:44.750,1.09937,1.09941,1750000,1120000
2019.10.03 14:04:44.902,1.09938,1.09939,750000,750000
2019.10.03 14:04:44.953,1.09936,1.09938,2620000,3000000
2019.10.03 14:04:45.074,1.09936,1.09937,560000,3000000
2019.10.03 14:04:45.277,1.09933,1.09937,1500000,2200000
2019.10.03 14:04:45.379,1.09934,1.09937,1500000,1000000
2019.10.03 14:04:45.488,1.09935,1.09937,1750000,1120000
2019.10.03 14:04:45.539,1.09936,1.0994,3750000,1500000
2019.10.03 14:04:45.692,1.09936,1.09939,1000000,2250000
2019.10.03 14:04:45.905,1.09935,1.09938,1870000,1500000
2019.10.03 14:04:46.007,1.09937,1.09939,2120000,2250000
2019.10.03 14:04:46.108,1.09937,1.0994,1000000,1060000
2019.10.03 14:04:46.427,1.09937,1.09941,2060000,4690000
2019.10.03 14:04:46.529,1.09937,1.0994,1000000,2250000
2019.10.03 14:04:46.654,1.09938,1.0994,1000000,1870000
2019.10.03 14:04:46.757,1.0994,1.09942,1000000,750000
2019.10.03 14:04:46.858,1.09938,1.09942,1750000,3820000
2019.10.03 14:04:46.960,1.09939,1.09942,940000,750000
2019.10.03 14:04:47.073,1.09941,1.09943,1120000,750000
2019.10.03 14:04:47.174,1.09941,1.09942,1120000,1500000
2019.10.03 14:04:47.650,1.09939,1.09942,560000,1500000
2019.10.03 14:04:47.751,1.0994,1.09942,1310000,750000
2019.10.03 14:04:47.904,1.09939,1.09942,1870000,3000000
2019.10.03 14:04:48.146,1.0994,1.09942,500000,750000
2019.10.03 14:04:48.197,1.09942,1.09943,940000,750000
2019.10.03 14:04:48.299,1.09942,1.09945,560000,4000000
2019.10.03 14:04:48.501,1.09944,1.09946,1000000,750000
2019.10.03 14:04:48.666,1.09942,1.09945,560000,2500000
2019.10.03 14:04:48.819,1.09944,1.09947,2870000,750000
2019.10.03 14:04:48.920,1.09942,1.09947,2870000,4000000
2019.10.03 14:04:50.056,1.09947,1.09948,1310000,750000
2019.10.03 14:04:50.174,1.09949,1.0995,940000,1880000
2019.10.03 14:04:50.276,1.0995,1.09952,1000000,1870000
2019.10.03 14:04:50.440,1.0995,1.09953,750000,2810000
2019.10.03 14:04:50.576,1.09951,1.09953,1120000,750000
2019.10.03 14:04:50.728,1.09952,1.09954,1750000,500000
2019.10.03 14:04:50.830,1.09951,1.09954,1000000,1870000
2019.10.03 14:04:50.996,1.09952,1.09954,1000000,1500000
2019.10.03 14:04:51.047,1.09952,1.09956,1000000,3000000
2019.10.03 14:04:51.149,1.09953,1.09957,4560000,750000
2019.10.03 14:04:51.251,1.09952,1.09956,1750000,5620000
2019.10.03 14:04:51.302,1.09953,1.09957,5870000,750000
2019.10.03 14:04:51.389,1.09952,1.09957,4370000,7120000
2019.10.03 14:04:51.495,1.09951,1.09955,2810000,1690000
2019.10.03 14:04:51.596,1.09951,1.09955,2250000,1000000
2019.10.03 14:04:51.749,1.09951,1.09955,2500000,750000
2019.10.03 14:04:51.954,1.09952,1.09955,940000,750000
2019.10.03 14:04:52.055,1.09953,1.09955,1000000,750000
2019.10.03 14:04:52.359,1.09953,1.09955,750000,1500000
2019.10.03 14:04:52.410,1.0995,1.09953,750000,4000000
2019.10.03 14:04:52.511,1.09952,1.09953,1500000,940000
2019.10.03 14:04:52.613,1.09952,1.09955,1500000,940000
2019.10.03 14:04:52.844,1.09951,1.09954,1000000,9750000
2019.10.03 14:04:52.946,1.09952,1.09955,1750000,3370000
2019.10.03 14:04:53.098,1.09953,1.09955,1000000,750000
2019.10.03 14:04:53.199,1.09952,1.09956,1000000,1120000
2019.10.03 14:04:53.258,1.09952,1.09957,3620000,1310000
2019.10.03 14:04:53.462,1.09953,1.09957,2870000,1500000
2019.10.03 14:04:53.564,1.09956,1.09958,1000000,750000
2019.10.03 14:04:53.710,1.09957,1.09959,750000,750000
2019.10.03 14:04:53.761,1.09955,1.09959,2500000,3000000
2019.10.03 14:04:53.862,1.09955,1.09958,750000,3250000
2019.10.03 14:04:53.963,1.09956,1.09958,2250000,1000000
2019.10.03 14:04:54.084,1.09954,1.09957,1500000,2500000
2019.10.03 14:04:54.137,1.0995,1.09952,750000,2250000
2019.10.03 14:04:54.289,1.0995,1.09951,1870000,1500000
2019.10.03 14:04:54.391,1.09948,1.0995,750000,1500000
2019.10.03 14:04:54.538,1.09948,1.09951,1120000,1750000
2019.10.03 14:04:54.589,1.09948,1.09951,1310000,750000
2019.10.03 14:04:54.690,1.09947,1.09949,1500000,750000
2019.10.03 14:04:54.792,1.09947,1.0995,2810000,750000
2019.10.03 14:04:54.952,1.09947,1.09952,5120000,1690000
2019.10.03 14:04:55.070,1.09947,1.09949,940000,1500000
2019.10.03 14:04:55.171,1.09948,1.0995,1000000,750000
2019.10.03 14:04:55.273,1.09948,1.09951,1000000,750000
2019.10.03 14:04:55.374,1.09949,1.09951,1000000,1500000
2019.10.03 14:04:55.476,1.09949,1.09952,1000000,750000
2019.10.03 14:04:55.577,1.09949,1.09951,1000000,750000
2019.10.03 14:04:55.682,1.0995,1.09952,2810000,1130000
2019.10.03 14:04:55.733,1.09948,1.09952,2870000,2060000
2019.10.03 14:04:55.834,1.09948,1.09952,2120000,750000
2019.10.03 14:04:56.036,1.09948,1.09952,1310000,940000
2019.10.03 14:04:56.138,1.09948,1.09952,2870000,1870000
2019.10.03 14:04:56.741,1.09948,1.09952,3250000,2050000
2019.10.03 14:04:56.843,1.09949,1.09951,1690000,750000
2019.10.03 14:04:56.945,1.09948,1.09952,4000000,1120000
2019.10.03 14:04:57.046,1.09947,1.09951,560000,1990000
2019.10.03 14:04:57.189,1.09948,1.09951,2120000,2550000
2019.10.03 14:04:57.241,1.09946,1.09949,3750000,3940000
2019.10.03 14:04:57.292,1.09946,1.09949,2250000,4750000
2019.10.03 14:04:57.394,1.09945,1.09947,500000,1000000
2019.10.03 14:04:57.496,1.09944,1.09947,5250000,1750000
2019.10.03 14:04:57.606,1.09944,1.09947,6750000,1000000
2019.10.03 14:04:57.657,1.09942,1.09947,4690000,2870000
2019.10.03 14:04:57.708,1.09943,1.09947,7190000,750000
2019.10.03 14:04:57.809,1.09942,1.09945,750000,2060000
2019.10.03 14:04:57.910,1.09942,1.09947,4750000,1310000
2019.10.03 14:04:58.524,1.09943,1.09946,1690000,750000
2019.10.03 14:04:58.876,1.09943,1.09945,750000,750000
2019.10.03 14:04:58.977,1.09946,1.09947,940000,750000
2019.10.03 14:04:59.028,1.09946,1.09949,1690000,1500000
2019.10.03 14:04:59.167,1.09945,1.09947,750000,940000
2019.10.03 14:04:59.268,1.09944,1.09948,2810000,940000
2019.10.03 14:04:59.638,1.09945,1.09948,940000,750000
2019.10.03 14:04:59.741,1.09946,1.0995,4000000,1500000
2019.10.03 14:04:59.895,1.09947,1.0995,2500000,2250000
2019.10.03 14:04:59.996,1.09947,1.0995,1000000,750000
2019.10.03 14:05:00.199,1.09947,1.0995,940000,750000
2019.10.03 14:05:00.439,1.09945,1.09949,2620000,3620000
2019.10.03 14:05:00.541,1.09945,1.09949,4870000,2120000
2019.10.03 14:05:00.921,1.09946,1.0995,1000000,6370000
2019.10.03 14:05:01.023,1.09947,1.0995,1690000,750000
2019.10.03 14:05:01.398,1.09948,1.0995,750000,750000
2019.10.03 14:05:01.560,1.09947,1.09951,2870000,1120000
2019.10.03 14:05:01.839,1.09948,1.0995,750000,940000
2019.10.03 14:05:01.948,1.09947,1.09951,2500000,5620000
2019.10.03 14:05:02.383,1.09947,1.09952,4370000,4310000
2019.10.03 14:05:02.488,1.09947,1.0995,1000000,2810000
2019.10.03 14:05:02.589,1.09947,1.09951,2620000,2120000
2019.10.03 14:05:02.690,1.09947,1.09951,3620000,2120000
2019.10.03 14:05:02.792,1.09947,1.09951,3620000,1120000
2019.10.03 14:05:02.894,1.09946,1.0995,940000,5440000
2019.10.03 14:05:02.997,1.09946,1.09947,750000,1870000
2019.10.03 14:05:03.099,1.09945,1.09948,1500000,2440000
2019.10.03 14:05:03.201,1.09945,1.09947,1500000,1750000
2019.10.03 14:05:03.402,1.09945,1.09949,3250000,1870000
2019.10.03 14:05:03.507,1.09944,1.09948,1750000,1500000
2019.10.03 14:05:03.660,1.09945,1.09949,3190000,1000000
2019.10.03 14:05:03.792,1.09944,1.09948,1500000,3250000
2019.10.03 14:05:03.894,1.09944,1.09948,2060000,3190000
2019.10.03 14:05:03.996,1.09945,1.09948,2810000,750000
2019.10.03 14:05:04.047,1.09944,1.09946,750000,1690000
2019.10.03 14:05:04.098,1.09944,1.09948,3940000,1690000
2019.10.03 14:05:04.149,1.09944,1.09945,2620000,750000
2019.10.03 14:05:04.262,1.09942,1.09945,1500000,1690000
2019.10.03 14:05:04.363,1.09943,1.09945,1940000,750000
2019.10.03 14:05:04.466,1.09942,1.09944,750000,750000
2019.10.03 14:05:04.642,1.09941,1.09944,1500000,1690000
2019.10.03 14:05:04.743,1.09942,1.09945,940000,1690000
2019.10.03 14:05:04.846,1.09941,1.09944,500000,3940000
2019.10.03 14:05:04.947,1.09942,1.09945,1690000,750000
2019.10.03 14:05:05.048,1.09942,1.09944,750000,2250000
2019.10.03 14:05:05.189,1.09943,1.09945,940000,750000
2019.10.03 14:05:05.291,1.09943,1.09947,7690000,2440000
2019.10.03 14:05:05.342,1.09944,1.09946,1000000,750000
2019.10.03 14:05:05.443,1.09944,1.09947,1370000,750000
2019.10.03 14:05:05.602,1.09947,1.09949,1000000,1500000
2019.10.03 14:05:05.653,1.09947,1.09949,1500000,3000000
2019.10.03 14:05:05.754,1.09945,1.09947,750000,940000
2019.10.03 14:05:05.906,1.09943,1.09948,2870000,4690000
2019.10.03 14:05:06.290,1.09947,1.09949,1690000,750000
2019.10.03 14:05:06.392,1.09945,1.09947,750000,3940000
2019.10.03 14:05:06.493,1.09943,1.09945,1120000,1000000
2019.10.03 14:05:06.544,1.09942,1.09946,3250000,3000000
2019.10.03 14:05:06.673,1.09942,1.09945,1690000,2250000
2019.10.03 14:05:06.775,1.09942,1.09946,1120000,2500000
2019.10.03 14:05:06.876,1.09942,1.09945,940000,1500000
2019.10.03 14:05:07.614,1.09944,1.09946,2060000,1500000
2019.10.03 14:05:07.716,1.09944,1.09946,1120000,750000
2019.10.03 14:05:07.817,1.09943,1.09945,750000,500000
2019.10.03 14:05:07.958,1.09942,1.09946,2060000,940000
2019.10.03 14:05:08.061,1.09942,1.09945,940000,2250000
2019.10.03 14:05:08.162,1.0994,1.09942,3370000,2060000
2019.10.03 14:05:08.264,1.09936,1.0994,2250000,3240000
2019.10.03 14:05:08.315,1.09936,1.09939,750000,4120000
2019.10.03 14:05:08.375,1.09937,1.0994,2620000,1000000
2019.10.03 14:05:08.427,1.09935,1.09939,3000000,2500000
2019.10.03 14:05:08.478,1.09935,1.09939,2620000,2500000
2019.10.03 14:05:08.580,1.09936,1.09941,1000000,5440000
2019.10.03 14:05:08.682,1.09937,1.0994,940000,1500000
2019.10.03 14:05:08.732,1.09937,1.0994,1750000,1500000
2019.10.03 14:05:08.783,1.09937,1.0994,1690000,1500000
2019.10.03 14:05:08.904,1.09936,1.09938,750000,3940000
2019.10.03 14:05:09.209,1.09934,1.09936,1500000,750000
2019.10.03 14:05:09.327,1.09933,1.09936,750000,3190000
2019.10.03 14:05:09.580,1.09934,1.09936,940000,750000
2019.10.03 14:05:09.682,1.09933,1.09936,940000,4500000
2019.10.03 14:05:10.408,1.09934,1.09937,2500000,750000
2019.10.03 14:05:10.561,1.09933,1.09934,750000,750000
2019.10.03 14:05:10.611,1.09931,1.09934,2120000,1120000
2019.10.03 14:05:10.713,1.0993,1.09933,2440000,750000
2019.10.03 14:05:10.861,1.09931,1.09933,1690000,750000
2019.10.03 14:05:10.963,1.09931,1.09932,750000,750000
2019.10.03 14:05:11.014,1.09928,1.09931,750000,2440000
2019.10.03 14:05:11.117,1.09927,1.09929,750000,6250000
2019.10.03 14:05:11.257,1.09928,1.09931,940000,2620000
2019.10.03 14:05:11.510,1.09928,1.0993,1120000,500000
2019.10.03 14:05:11.666,1.09928,1.09932,3250000,750000
2019.10.03 14:05:11.774,1.09929,1.09932,2500000,750000
2019.10.03 14:05:11.925,1.09928,1.09931,940000,1500000
2019.10.03 14:05:12.027,1.09929,1.09931,940000,750000
2019.10.03 14:05:12.163,1.09928,1.09931,1690000,1500000
2019.10.03 14:05:12.214,1.09928,1.09931,1500000,2500000
2019.10.03 14:05:12.315,1.09931,1.09934,2200000,940000
2019.10.03 14:05:12.417,1.09932,1.09934,1000000,2250000
2019.10.03 14:05:12.575,1.09931,1.09934,1000000,7500000
2019.10.03 14:05:12.727,1.09933,1.09934,940000,750000
2019.10.03 14:05:12.828,1.09932,1.09935,1500000,5870000
2019.10.03 14:05:13.059,1.09932,1.09936,1500000,2120000
2019.10.03 14:05:13.160,1.09933,1.09936,2050000,1500000
2019.10.03 14:05:13.211,1.09935,1.09936,940000,750000
2019.10.03 14:05:13.262,1.09933,1.09937,2050000,1120000
2019.10.03 14:05:13.363,1.09933,1.09934,750000,940000
2019.10.03 14:05:13.493,1.09933,1.09935,1500000,940000
2019.10.03 14:05:13.595,1.09932,1.09936,1870000,1000000
2019.10.03 14:05:13.697,1.09932,1.09936,2120000,1500000
2019.10.03 14:05:13.748,1.09934,1.09936,1000000,750000
2019.10.03 14:05:13.921,1.09934,1.09937,1000000,2250000
2019.10.03 14:05:14.073,1.09933,1.09937,4000000,2250000
2019.10.03 14:05:14.125,1.09933,1.09937,3000000,2500000
2019.10.03 14:05:14.362,1.09933,1.09937,3750000,1750000
2019.10.03 14:05:14.565,1.09932,1.09937,2500000,2250000
2019.10.03 14:05:14.616,1.09932,1.09937,2250000,1750000
2019.10.03 14:05:14.667,1.09932,1.09935,2250000,1000000
2019.10.03 14:05:14.931,1.09933,1.09936,750000,1690000
2019.10.03 14:05:15.285,1.09933,1.09936,750000,1000000
2019.10.03 14:05:15.437,1.09931,1.09935,1500000,6630000
2019.10.03 14:05:15.539,1.09932,1.09933,750000,1690000
2019.10.03 14:05:15.640,1.09931,1.09934,1500000,4000000
2019.10.03 14:05:15.744,1.09932,1.09935,4140000,940000
2019.10.03 14:05:15.847,1.09932,1.09935,4000000,750000
2019.10.03 14:05:15.948,1.09931,1.09935,3250000,2250000
2019.10.03 14:05:16.100,1.0993,1.09934,2810000,2440000
2019.10.03 14:05:16.243,1.09932,1.09935,1000000,750000
2019.10.03 14:05:16.347,1.09932,1.09936,2250000,3250000
2019.10.03 14:05:16.448,1.09933,1.09935,750000,940000
2019.10.03 14:05:16.989,1.09934,1.09935,1500000,500000
2019.10.03 14:05:17.040,1.09935,1.09937,2440000,1500000
2019.10.03 14:05:17.141,1.09937,1.09938,750000,940000
2019.10.03 14:05:17.406,1.09937,1.09939,750000,940000
2019.10.03 14:05:17.610,1.09937,1.09939,750000,2500000
2019.10.03 14:05:17.784,1.09937,1.0994,1500000,1000000
2019.10.03 14:05:17.885,1.09937,1.0994,750000,1000000
2019.10.03 14:05:17.936,1.09936,1.0994,750000,5500000
2019.10.03 14:05:18.323,1.09936,1.09937,1500000,1500000
2019.10.03 14:05:18.424,1.09934,1.09935,750000,1500000
2019.10.03 14:05:18.525,1.09933,1.09936,2440000,750000
2019.10.03 14:05:18.627,1.09932,1.09936,1690000,3560000
2019.10.03 14:05:18.782,1.09933,1.09937,2120000,750000
2019.10.03 14:05:19.199,1.09934,1.09937,2120000,750000
2019.10.03 14:05:19.309,1.09935,1.09938,1000000,750000
2019.10.03 14:05:19.413,1.09934,1.09937,2250000,750000
2019.10.03 14:05:19.565,1.09933,1.09937,3750000,1750000
2019.10.03 14:05:19.666,1.09933,1.09936,750000,1750000
2019.10.03 14:05:19.846,1.09933,1.09937,940000,1690000
2019.10.03 14:05:19.948,1.09934,1.09937,940000,2250000
2019.10.03 14:05:20.049,1.09934,1.09938,3190000,1690000
2019.10.03 14:05:20.102,1.09936,1.09938,3190000,750000
2019.10.03 14:05:20.292,1.09937,1.09939,2500000,750000
2019.10.03 14:05:20.343,1.09936,1.09939,5120000,750000
2019.10.03 14:05:20.394,1.09936,1.09938,1500000,940000
2019.10.03 14:05:20.546,1.09936,1.09937,750000,1120000
2019.10.03 14:05:20.636,1.09936,1.09939,750000,2500000
2019.10.03 14:05:20.740,1.09935,1.09937,1500000,940000
2019.10.03 14:05:20.842,1.09937,1.09939,1120000,750000
2019.10.03 14:05:21.076,1.09937,1.09939,750000,750000
2019.10.03 14:05:21.339,1.09937,1.09939,1870000,1870000
2019.10.03 14:05:21.574,1.09938,1.09939,500000,750000
2019.10.03 14:05:21.676,1.0994,1.09942,4750000,1500000
2019.10.03 14:05:21.727,1.09941,1.09945,1500000,4500000
2019.10.03 14:05:21.778,1.09941,1.09944,1000000,6000000
2019.10.03 14:05:21.891,1.09943,1.09945,2500000,750000
2019.10.03 14:05:21.993,1.09943,1.09945,1500000,940000
2019.10.03 14:05:22.196,1.09943,1.09946,2250000,2120000
2019.10.03 14:05:22.247,1.09946,1.09948,1500000,1000000
2019.10.03 14:05:22.402,1.09946,1.0995,3560000,4750000
2019.10.03 14:05:22.503,1.09947,1.0995,5120000,940000
2019.10.03 14:05:22.655,1.09946,1.09948,3000000,2500000
2019.10.03 14:05:22.777,1.09944,1.09947,1500000,1750000
2019.10.03 14:05:22.880,1.09946,1.09947,1500000,750000
2019.10.03 14:05:22.931,1.09944,1.09945,750000,1690000
2019.10.03 14:05:22.984,1.09944,1.09947,1500000,1000000
2019.10.03 14:05:23.085,1.09943,1.09946,750000,1000000
2019.10.03 14:05:23.232,1.09945,1.09948,2440000,940000
2019.10.03 14:05:23.638,1.09947,1.09949,1500000,1690000
2019.10.03 14:05:23.854,1.09946,1.09949,500000,4690000
2019.10.03 14:05:23.955,1.09946,1.0995,1120000,4380000
2019.10.03 14:05:24.974,1.09946,1.09947,750000,1760000
2019.10.03 14:05:25.075,1.09945,1.09947,2250000,750000
2019.10.03 14:05:25.177,1.09944,1.09946,750000,1690000
2019.10.03 14:05:25.290,1.09942,1.09944,750000,3940000
2019.10.03 14:05:25.341,1.09941,1.09945,750000,5870000
2019.10.03 14:05:25.443,1.09943,1.09945,750000,750000
2019.10.03 14:05:25.545,1.09945,1.09947,1000000,750000
2019.10.03 14:05:25.646,1.09946,1.09947,940000,3370000
2019.10.03 14:05:25.753,1.09944,1.09948,1750000,2250000
2019.10.03 14:05:25.804,1.09946,1.09948,750000,750000
2019.10.03 14:05:25.905,1.09947,1.0995,1690000,750000
2019.10.03 14:05:26.007,1.09946,1.0995,1690000,3190000
2019.10.03 14:05:26.108,1.09946,1.0995,2120000,3000000
2019.10.03 14:05:26.291,1.09948,1.0995,1310000,750000
2019.10.03 14:05:26.392,1.09946,1.09949,750000,3940000
2019.10.03 14:05:26.494,1.09946,1.0995,3190000,3250000
2019.10.03 14:05:26.595,1.09946,1.0995,3190000,3190000
2019.10.03 14:05:26.895,1.09947,1.0995,3560000,750000
2019.10.03 14:05:27.014,1.09946,1.0995,3560000,3940000
2019.10.03 14:05:27.116,1.09946,1.09948,750000,2440000
2019.10.03 14:05:27.284,1.09944,1.09946,1120000,6250000
2019.10.03 14:05:27.386,1.09943,1.09945,2250000,990000
2019.10.03 14:05:27.437,1.09943,1.09944,750000,750000
2019.10.03 14:05:27.539,1.09941,1.09943,750000,940000
2019.10.03 14:05:27.750,1.09942,1.09944,1500000,2250000
2019.10.03 14:05:27.851,1.09941,1.09944,750000,3940000
2019.10.03 14:05:27.902,1.0994,1.09942,750000,2440000
2019.10.03 14:05:28.004,1.09939,1.09941,2250000,1000000
2019.10.03 14:05:28.133,1.09938,1.09941,3000000,1000000
2019.10.03 14:05:28.190,1.09936,1.09937,750000,3190000
2019.10.03 14:05:28.241,1.09937,1.09939,3190000,940000
2019.10.03 14:05:28.544,1.09937,1.0994,1310000,2250000
2019.10.03 14:05:28.646,1.09937,1.09939,940000,940000
2019.10.03 14:05:28.880,1.09936,1.09939,750000,2440000
2019.10.03 14:05:28.931,1.09936,1.09937,750000,940000
2019.10.03 14:05:29.033,1.09934,1.09936,500000,1000000
2019.10.03 14:05:29.135,1.09934,1.09936,500000,940000
2019.10.03 14:05:29.237,1.09933,1.09937,3940000,1690000
2019.10.03 14:05:29.367,1.09935,1.09936,750000,750000
2019.10.03 14:05:29.676,1.09935,1.09937,2250000,750000
2019.10.03 14:05:29.804,1.09937,1.09938,750000,750000
2019.10.03 14:05:29.856,1.09935,1.09937,750000,1690000
2019.10.03 14:05:29.907,1.09936,1.09938,750000,750000
2019.10.03 14:05:30.059,1.09935,1.09937,1500000,2810000
2019.10.03 14:05:30.170,1.09935,1.09938,750000,3560000
2019.10.03 14:05:30.272,1.09934,1.09938,2440000,6940000
2019.10.03 14:05:30.373,1.09934,1.09938,2250000,7000000
2019.10.03 14:05:30.738,1.09934,1.09938,3560000,3940000
2019.10.03 14:05:30.839,1.09935,1.09939,750000,5620000
2019.10.03 14:05:30.890,1.09937,1.0994,3190000,750000
2019.10.03 14:05:30.992,1.09937,1.09938,750000,1500000
2019.10.03 14:05:31.139,1.09932,1.09934,1500000,1500000
2019.10.03 14:05:31.193,1.09935,1.09937,750000,750000
2019.10.03 14:05:31.244,1.09933,1.09936,1750000,750000
2019.10.03 14:05:31.346,1.09931,1.09934,750000,6250000
2019.10.03 14:05:31.447,1.09932,1.09934,750000,750000
2019.10.03 14:05:31.554,1.09931,1.09934,750000,2440000
2019.10.03 14:05:31.606,1.09933,1.09934,1690000,750000
2019.10.03 14:05:31.708,1.09934,1.09936,1750000,750000
2019.10.03 14:05:31.812,1.09933,1.09936,3250000,750000
2019.10.03 14:05:31.863,1.09933,1.09936,1500000,750000
2019.10.03 14:05:32.075,1.09934,1.09937,2500000,2250000
2019.10.03 14:05:32.126,1.09935,1.09939,1370000,3750000
2019.10.03 14:05:32.177,1.09937,1.09939,1000000,1120000
2019.10.03 14:05:32.379,1.09938,1.09941,1500000,750000
2019.10.03 14:05:32.525,1.09938,1.09941,1750000,750000
2019.10.03 14:05:32.627,1.09938,1.09941,1690000,1500000
2019.10.03 14:05:32.729,1.09939,1.09942,3620000,750000
2019.10.03 14:05:33.221,1.09938,1.09942,1370000,750000
2019.10.03 14:05:33.323,1.09938,1.09942,1500000,1690000
2019.10.03 14:05:33.428,1.09938,1.09941,750000,940000
2019.10.03 14:05:33.529,1.09938,1.09942,1500000,2440000
2019.10.03 14:05:33.681,1.09939,1.09942,1500000,1500000
2019.10.03 14:05:33.783,1.09938,1.09942,1690000,3190000
2019.10.03 14:05:34.026,1.09938,1.09941,750000,2440000
2019.10.03 14:05:34.177,1.09939,1.09941,1500000,750000
2019.10.03 14:05:34.279,1.09937,1.09941,1120000,1750000
2019.10.03 14:05:34.706,1.09939,1.09941,1870000,750000
2019.10.03 14:05:34.978,1.09938,1.09941,2060000,1500000
2019.10.03 14:05:35.080,1.09938,1.0994,750000,820000
2019.10.03 14:05:35.181,1.09937,1.0994,1500000,940000
2019.10.03 14:05:35.334,1.09938,1.0994,750000,1500000
2019.10.03 14:05:35.461,1.09937,1.0994,750000,940000
2019.10.03 14:05:35.817,1.09938,1.09941,2140000,750000
2019.10.03 14:05:35.869,1.0994,1.09942,2160000,750000
2019.10.03 14:05:35.987,1.09944,1.09946,750000,750000
2019.10.03 14:05:36.089,1.09943,1.09947,2620000,1000000
2019.10.03 14:05:36.190,1.09942,1.09944,750000,1750000
2019.10.03 14:05:36.291,1.09942,1.09945,1120000,1000000
2019.10.03 14:05:36.555,1.09942,1.09945,500000,3190000
2019.10.03 14:05:36.707,1.09941,1.09943,750000,1750000
2019.10.03 14:05:36.759,1.09941,1.09945,1120000,4000000
2019.10.03 14:05:36.909,1.09941,1.09944,1000000,3190000
2019.10.03 14:05:37.011,1.09942,1.09944,1750000,2250000
2019.10.03 14:05:37.112,1.09942,1.09945,1690000,750000
2019.10.03 14:05:37.214,1.09941,1.09943,750000,3940000
2019.10.03 14:05:37.265,1.09942,1.09945,1120000,940000
2019.10.03 14:05:37.416,1.09943,1.09946,1000000,750000
2019.10.03 14:05:37.517,1.09943,1.09947,5060000,2440000
2019.10.03 14:05:37.619,1.09943,1.09947,2620000,2500000
2019.10.03 14:05:37.720,1.09944,1.09947,1500000,1000000
2019.10.03 14:05:37.771,1.09947,1.09948,940000,750000
2019.10.03 14:05:37.880,1.09947,1.09949,2440000,2440000
2019.10.03 14:05:37.981,1.09946,1.09949,1690000,3000000
2019.10.03 14:05:38.083,1.09948,1.09949,750000,750000
2019.10.03 14:05:38.408,1.09947,1.0995,940000,1500000
2019.10.03 14:05:38.563,1.09946,1.0995,940000,6940000
2019.10.03 14:05:38.665,1.09948,1.09949,750000,750000
2019.10.03 14:05:38.766,1.09949,1.0995,940000,750000
2019.10.03 14:05:38.883,1.09948,1.09949,750000,1870000
2019.10.03 14:05:38.985,1.09947,1.09949,750000,2440000
2019.10.03 14:05:39.086,1.09947,1.0995,2440000,750000
2019.10.03 14:05:39.260,1.09947,1.09948,500000,750000
2019.10.03 14:05:39.311,1.09947,1.0995,2810000,1500000
2019.10.03 14:05:39.412,1.09947,1.09948,750000,750000
2019.10.03 14:05:39.463,1.09945,1.09947,3620000,1500000
2019.10.03 14:05:39.565,1.09944,1.09947,2250000,2440000
2019.10.03 14:05:39.738,1.09944,1.09946,2250000,750000
2019.10.03 14:05:39.839,1.09942,1.09946,2440000,2440000
2019.10.03 14:05:39.890,1.09942,1.09943,750000,940000
2019.10.03 14:05:39.991,1.09941,1.09944,940000,4500000
2019.10.03 14:05:40.162,1.09942,1.09945,1690000,3750000
2019.10.03 14:05:40.263,1.09943,1.09946,1690000,1500000
2019.10.03 14:05:40.364,1.09944,1.09946,750000,2250000
2019.10.03 14:05:40.774,1.09942,1.09945,750000,5060000
2019.10.03 14:05:40.927,1.09942,1.09946,1690000,1310000
2019.10.03 14:05:41.030,1.09943,1.09945,1500000,1500000
2019.10.03 14:05:41.287,1.09942,1.09946,3370000,2440000
2019.10.03 14:05:41.395,1.09942,1.09945,750000,940000
2019.10.03 14:05:41.496,1.09943,1.09945,750000,750000
2019.10.03 14:05:41.597,1.09942,1.09946,3620000,2250000
2019.10.03 14:05:41.729,1.09943,1.09946,2120000,750000
2019.10.03 14:05:42.250,1.09942,1.09945,940000,3000000
2019.10.03 14:05:42.352,1.09944,1.09946,2120000,750000
2019.10.03 14:05:42.676,1.09946,1.09948,1870000,1500000
2019.10.03 14:05:42.779,1.09946,1.09949,1120000,750000
2019.10.03 14:05:42.830,1.09947,1.09948,750000,750000
2019.10.03 14:05:42.882,1.09946,1.09948,1690000,1500000
2019.10.03 14:05:43.108,1.09947,1.09949,1750000,750000
2019.10.03 14:05:43.212,1.09947,1.09949,940000,2250000
2019.10.03 14:05:43.313,1.09947,1.09948,750000,750000
2019.10.03 14:05:43.415,1.09947,1.09949,940000,750000
2019.10.03 14:05:43.822,1.09946,1.09947,1500000,1500000
2019.10.03 14:05:43.873,1.09945,1.09946,750000,1500000
2019.10.03 14:05:43.975,1.09944,1.09947,3190000,750000
2019.10.03 14:05:44.403,1.09944,1.09947,2500000,750000
2019.10.03 14:05:44.613,1.09943,1.09946,940000,750000
2019.10.03 14:05:44.715,1.09942,1.09946,2500000,3000000
2019.10.03 14:05:45.000,1.09944,1.09946,1000000,750000
2019.10.03 14:05:45.459,1.09945,1.09947,750000,1690000
2019.10.03 14:05:45.510,1.09948,1.09949,5250000,750000
2019.10.03 14:05:45.640,1.09946,1.0995,1690000,2440000
2019.10.03 14:05:45.741,1.09946,1.0995,3000000,2870000
2019.10.03 14:05:46.729,1.09947,1.0995,2500000,940000
2019.10.03 14:05:46.830,1.09947,1.0995,2440000,750000
2019.10.03 14:05:46.958,1.09947,1.09948,750000,1500000
2019.10.03 14:05:47.060,1.09946,1.09949,750000,3310000
2019.10.03 14:05:47.161,1.09945,1.09947,1500000,500000
2019.10.03 14:05:47.263,1.09944,1.09947,750000,940000
2019.10.03 14:05:47.477,1.09943,1.09947,940000,1690000
2019.10.03 14:05:47.680,1.09944,1.09947,940000,750000
2019.10.03 14:05:47.886,1.09944,1.09947,3620000,750000
2019.10.03 14:05:47.987,1.09943,1.09945,1500000,750000
2019.10.03 14:05:48.636,1.09942,1.09944,750000,1690000
2019.10.03 14:05:48.738,1.09942,1.09945,750000,940000
2019.10.03 14:05:49.068,1.09941,1.09943,750000,3940000
2019.10.03 14:05:49.170,1.09942,1.09945,1500000,2440000
2019.10.03 14:05:49.271,1.09942,1.09944,750000,2440000
2019.10.03 14:05:49.372,1.09942,1.09945,750000,2440000
2019.10.03 14:05:49.507,1.09944,1.09946,2620000,500000
2019.10.03 14:05:49.558,1.09948,1.09949,4570000,750000
2019.10.03 14:05:49.609,1.09947,1.0995,940000,1500000
2019.10.03 14:05:49.711,1.09947,1.09949,750000,2250000
2019.10.03 14:05:49.813,1.09947,1.0995,1500000,4690000
2019.10.03 14:05:49.937,1.09948,1.0995,1870000,750000
2019.10.03 14:05:49.988,1.0995,1.09952,2120000,750000
2019.10.03 14:05:50.092,1.09947,1.09951,2500000,5250000
2019.10.03 14:05:50.194,1.09948,1.09951,1000000,940000
2019.10.03 14:05:50.656,1.09947,1.0995,560000,4120000
2019.10.03 14:05:50.707,1.09949,1.09951,1200000,2250000
2019.10.03 14:05:50.809,1.09948,1.09951,1000000,1500000
2019.10.03 14:05:50.965,1.09949,1.09951,1750000,2250000
2019.10.03 14:05:51.067,1.09949,1.09952,3750000,3250000
2019.10.03 14:05:51.118,1.09949,1.09952,4750000,2250000
2019.10.03 14:05:51.219,1.0995,1.09952,4750000,750000
2019.10.03 14:05:51.321,1.09949,1.09952,4000000,2250000
2019.10.03 14:05:51.422,1.0995,1.09952,2500000,750000
2019.10.03 14:05:51.473,1.09948,1.09952,3250000,3370000
2019.10.03 14:05:51.574,1.09949,1.09952,2500000,750000
2019.10.03 14:05:51.726,1.0995,1.09952,940000,750000
2019.10.03 14:05:51.925,1.09951,1.09953,1690000,1500000
2019.10.03 14:05:51.976,1.09951,1.09955,3250000,2250000
2019.10.03 14:05:52.027,1.09951,1.09953,1750000,3750000
2019.10.03 14:05:52.079,1.09951,1.09955,1310000,3560000
2019.10.03 14:05:52.181,1.09952,1.09955,560000,1500000
2019.10.03 14:05:52.330,1.09952,1.09954,500000,750000
2019.10.03 14:05:52.482,1.09951,1.09954,500000,4690000
2019.10.03 14:05:52.583,1.09952,1.09954,500000,1690000
2019.10.03 14:05:53.166,1.09951,1.09954,750000,5060000
2019.10.03 14:05:53.371,1.09952,1.09954,500000,940000
2019.10.03 14:05:53.423,1.09954,1.09956,500000,750000
2019.10.03 14:05:53.526,1.09954,1.09955,1310000,1500000
2019.10.03 14:05:53.628,1.09953,1.09955,1120000,1000000
2019.10.03 14:05:53.730,1.09953,1.09954,500000,1690000
2019.10.03 14:05:53.956,1.09953,1.09955,940000,940000
2019.10.03 14:05:54.210,1.09953,1.09954,500000,940000
2019.10.03 14:05:54.363,1.09951,1.09952,750000,1870000
2019.10.03 14:05:54.503,1.0995,1.09952,1500000,1500000
2019.10.03 14:05:54.606,1.09949,1.09952,1500000,1500000
2019.10.03 14:05:55.007,1.09948,1.09952,750000,7500000
2019.10.03 14:05:55.116,1.09948,1.09951,750000,3000000
2019.10.03 14:05:55.268,1.09949,1.09951,750000,750000
2019.10.03 14:05:55.420,1.0995,1.09953,750000,1690000
2019.10.03 14:05:55.471,1.09949,1.09951,750000,1750000
2019.10.03 14:05:55.580,1.09949,1.09951,750000,1500000
2019.10.03 14:05:55.682,1.09947,1.09948,750000,2440000
2019.10.03 14:05:55.783,1.09947,1.09949,750000,940000
2019.10.03 14:05:56.093,1.09946,1.09949,750000,4690000
2019.10.03 14:05:56.144,1.09944,1.09946,2250000,940000
2019.10.03 14:05:56.246,1.09942,1.09946,2060000,5440000
2019.10.03 14:05:57.041,1.09942,1.09945,560000,750000
2019.10.03 14:05:57.092,1.09941,1.09942,1120000,3190000
2019.10.03 14:05:57.195,1.0994,1.09942,500000,3000000
2019.10.03 14:05:57.299,1.09942,1.09944,1370000,2620000
2019.10.03 14:05:57.402,1.09942,1.09945,1750000,2440000
2019.10.03 14:05:57.554,1.09942,1.09945,2440000,3370000
2019.10.03 14:05:57.721,1.09942,1.09943,500000,750000
2019.10.03 14:05:57.873,1.09942,1.09945,2440000,1500000
2019.10.03 14:05:57.974,1.09941,1.09942,1120000,2440000
2019.10.03 14:05:58.076,1.09941,1.09944,2500000,3190000
2019.10.03 14:05:58.217,1.09941,1.09942,1120000,750000
2019.10.03 14:05:58.318,1.09939,1.09942,1120000,4000000
2019.10.03 14:05:58.470,1.09942,1.09943,560000,750000
2019.10.03 14:05:58.734,1.09941,1.09943,1370000,3000000
2019.10.03 14:05:58.837,1.09943,1.09944,1870000,500000
2019.10.03 14:05:58.888,1.09944,1.09946,2500000,1500000
2019.10.03 14:05:58.995,1.09942,1.09945,1690000,1500000
2019.10.03 14:05:59.147,1.09942,1.09945,750000,1000000
2019.10.03 14:05:59.248,1.09943,1.09945,750000,500000
2019.10.03 14:05:59.451,1.09943,1.09945,750000,750000
2019.10.03 14:05:59.604,1.09943,1.09945,940000,500000
2019.10.03 14:05:59.655,1.0994,1.09941,750000,940000
2019.10.03 14:05:59.706,1.09938,1.0994,500000,3940000
2019.10.03 14:05:59.808,1.09941,1.09942,2250000,1500000
2019.10.03 14:05:59.910,1.0994,1.09942,500000,2060000
2019.10.03 14:05:59.961,1.0994,1.09943,500000,2440000
2019.10.03 14:06:00.063,1.0994,1.09943,500000,2500000
2019.10.03 14:06:00.186,1.0994,1.09942,750000,500000
2019.10.03 14:06:00.288,1.09939,1.09941,750000,2440000
2019.10.03 14:06:00.390,1.09939,1.09942,1120000,1690000
2019.10.03 14:06:00.821,1.09941,1.09944,940000,1500000
2019.10.03 14:06:00.923,1.09942,1.09944,1500000,750000
2019.10.03 14:06:01.024,1.09943,1.09944,500000,500000
2019.10.03 14:06:01.468,1.09943,1.09945,2250000,500000
2019.10.03 14:06:01.699,1.09943,1.09944,940000,500000
2019.10.03 14:06:01.750,1.09941,1.09943,500000,3750000
2019.10.03 14:06:01.803,1.09943,1.09944,750000,500000
2019.10.03 14:06:01.854,1.09944,1.09945,560000,500000
2019.10.03 14:06:01.956,1.09943,1.09945,560000,500000
2019.10.03 14:06:02.427,1.09944,1.09945,500000,500000
2019.10.03 14:06:02.529,1.09944,1.09946,1870000,500000
2019.10.03 14:06:02.630,1.09943,1.09944,1690000,500000
2019.10.03 14:06:02.681,1.09941,1.09943,940000,560000
2019.10.03 14:06:02.808,1.09941,1.09942,750000,500000
2019.10.03 14:06:02.859,1.09942,1.09944,1000000,500000
2019.10.03 14:06:02.962,1.09942,1.09945,2120000,500000
2019.10.03 14:06:03.063,1.09942,1.09945,560000,500000
2019.10.03 14:06:03.164,1.0994,1.09942,1500000,3940000
2019.10.03 14:06:03.288,1.09942,1.09943,500000,500000
2019.10.03 14:06:03.391,1.09939,1.09942,750000,560000
2019.10.03 14:06:03.493,1.09939,1.09942,1500000,750000
2019.10.03 14:06:03.644,1.09939,1.09942,1000000,500000
2019.10.03 14:06:04.279,1.09938,1.09941,940000,2620000
2019.10.03 14:06:04.381,1.0994,1.09943,3620000,750000
2019.10.03 14:06:04.532,1.09941,1.09942,940000,750000
2019.10.03 14:06:04.634,1.09942,1.09944,1000000,2250000
2019.10.03 14:06:04.743,1.09942,1.09945,2120000,1870000
2019.10.03 14:06:04.846,1.09942,1.09945,2120000,1500000
2019.10.03 14:06:04.948,1.09942,1.09945,1310000,2120000
2019.10.03 14:06:05.050,1.09942,1.09943,1500000,750000
2019.10.03 14:06:05.204,1.09941,1.09943,500000,3370000
2019.10.03 14:06:05.305,1.09942,1.09944,940000,750000
2019.10.03 14:06:05.407,1.09943,1.09944,750000,750000
2019.10.03 14:06:05.660,1.09942,1.09944,750000,4570000
2019.10.03 14:06:07.109,1.09942,1.09943,1500000,750000
2019.10.03 14:06:07.160,1.0994,1.09941,1500000,2250000
2019.10.03 14:06:07.211,1.09929,1.09931,750000,1120000
2019.10.03 14:06:07.262,1.09927,1.09928,1120000,3000000
2019.10.03 14:06:07.312,1.09926,1.09927,940000,11890000
2019.10.03 14:06:07.399,1.09927,1.09928,500000,3190000
2019.10.03 14:06:07.468,1.09926,1.09928,1120000,940000
2019.10.03 14:06:07.620,1.09927,1.09928,1120000,750000
2019.10.03 14:06:07.722,1.09926,1.09928,560000,750000
2019.10.03 14:06:07.908,1.09927,1.09928,750000,1500000
2019.10.03 14:06:08.212,1.09927,1.0993,2120000,3000000
2019.10.03 14:06:08.323,1.09929,1.09931,3940000,1250000
2019.10.03 14:06:08.425,1.09928,1.09931,1750000,1500000
2019.10.03 14:06:08.577,1.09928,1.0993,750000,750000
2019.10.03 14:06:08.678,1.09928,1.09931,1500000,560000
2019.10.03 14:06:09.342,1.09927,1.09931,1120000,640000
2019.10.03 14:06:09.393,1.09927,1.09929,750000,600000
2019.10.03 14:06:09.494,1.09926,1.09929,1120000,1790000
2019.10.03 14:06:09.565,1.09926,1.09929,1870000,1690000
2019.10.03 14:06:09.687,1.09926,1.09928,750000,3000000
2019.10.03 14:06:09.922,1.09926,1.09928,750000,2250000
2019.10.03 14:06:10.024,1.09928,1.0993,2060000,750000
2019.10.03 14:06:10.176,1.09928,1.0993,1750000,1120000
2019.10.03 14:06:10.315,1.09928,1.09931,750000,1120000
2019.10.03 14:06:10.417,1.09932,1.09933,1690000,750000
2019.10.03 14:06:10.569,1.09933,1.09935,500000,1500000
2019.10.03 14:06:10.676,1.09934,1.09936,1000000,4870000
2019.10.03 14:06:10.730,1.09936,1.09937,1120000,3380000
2019.10.03 14:06:10.781,1.09937,1.09939,500000,1500000
2019.10.03 14:06:10.833,1.09935,1.09939,2120000,9750000
2019.10.03 14:06:11.040,1.09938,1.09941,1120000,2250000
2019.10.03 14:06:11.142,1.09939,1.09942,1120000,750000
2019.10.03 14:06:11.193,1.09941,1.09942,500000,1500000
2019.10.03 14:06:11.355,1.09942,1.09944,2620000,750000
2019.10.03 14:06:11.626,1.09941,1.09944,1310000,5620000
2019.10.03 14:06:11.758,1.09942,1.09944,500000,2440000
2019.10.03 14:06:11.864,1.09943,1.09944,500000,1500000
2019.10.03 14:06:13.350,1.09942,1.09944,1120000,750000
2019.10.03 14:06:13.467,1.09941,1.09944,2060000,2250000
2019.10.03 14:06:13.568,1.09941,1.09945,1120000,5500000
2019.10.03 14:06:13.670,1.09943,1.09945,1120000,500000
2019.10.03 14:06:13.771,1.09941,1.09945,1120000,4370000
2019.10.03 14:06:14.241,1.09941,1.09945,2810000,4690000
2019.10.03 14:06:14.458,1.09945,1.09947,940000,2250000
2019.10.03 14:06:14.559,1.09946,1.09948,750000,3000000
2019.10.03 14:06:14.661,1.09947,1.09949,3620000,750000
2019.10.03 14:06:14.714,1.09946,1.09947,1500000,1690000
2019.10.03 14:06:14.816,1.09943,1.09946,2440000,500000
2019.10.03 14:06:14.926,1.09944,1.09946,940000,750000
2019.10.03 14:06:15.078,1.09945,1.09946,940000,750000
2019.10.03 14:06:15.180,1.09944,1.09945,750000,1500000
2019.10.03 14:06:15.281,1.09944,1.09946,940000,750000
2019.10.03 14:06:15.438,1.09943,1.09946,1690000,2620000
2019.10.03 14:06:15.539,1.09943,1.09945,750000,1870000
2019.10.03 14:06:15.640,1.09942,1.09943,750000,940000
2019.10.03 14:06:15.742,1.09941,1.09943,750000,2250000
2019.10.03 14:06:15.880,1.09938,1.09939,750000,6560000
2019.10.03 14:06:15.981,1.09937,1.09941,3560000,3190000
2019.10.03 14:06:16.032,1.09937,1.09939,750000,1310000
2019.10.03 14:06:16.134,1.09937,1.0994,1690000,500000
2019.10.03 14:06:16.236,1.09938,1.0994,560000,1500000
2019.10.03 14:06:16.352,1.09938,1.09941,1310000,1120000
2019.10.03 14:06:16.454,1.09941,1.09943,2870000,2620000
2019.10.03 14:06:16.505,1.09942,1.09943,750000,1870000
2019.10.03 14:06:16.606,1.09943,1.09946,2120000,1500000
2019.10.03 14:06:16.708,1.09942,1.09946,1000000,5620000
2019.10.03 14:06:16.832,1.09943,1.09945,940000,750000
2019.10.03 14:06:16.936,1.09942,1.09945,750000,940000
2019.10.03 14:06:17.037,1.09941,1.09942,750000,560000
2019.10.03 14:06:17.139,1.0994,1.09943,1120000,1000000
2019.10.03 14:06:17.240,1.09939,1.09943,1120000,4000000
2019.10.03 14:06:17.360,1.09939,1.09942,1690000,2870000
2019.10.03 14:06:17.514,1.09939,1.09942,750000,3190000
2019.10.03 14:06:17.666,1.0994,1.09942,750000,750000
2019.10.03 14:06:17.790,1.09939,1.09942,750000,1500000
2019.10.03 14:06:17.993,1.0994,1.09942,2250000,750000
2019.10.03 14:06:18.094,1.09938,1.0994,750000,750000
2019.10.03 14:06:18.196,1.09939,1.09941,940000,750000
2019.10.03 14:06:18.310,1.09938,1.09941,1690000,750000
2019.10.03 14:06:18.663,1.09939,1.09941,1310000,750000
2019.10.03 14:06:18.929,1.09937,1.09938,750000,750000
2019.10.03 14:06:19.081,1.09936,1.09938,500000,2440000
2019.10.03 14:06:19.182,1.09937,1.09939,1120000,500000
2019.10.03 14:06:19.317,1.09936,1.09939,1310000,3750000
2019.10.03 14:06:19.469,1.09936,1.09938,750000,1500000
2019.10.03 14:06:19.570,1.09935,1.09938,1120000,1130000
2019.10.03 14:06:20.213,1.09934,1.09936,500000,2440000
2019.10.03 14:06:20.315,1.09933,1.09936,3370000,940000
2019.10.03 14:06:20.743,1.09932,1.09936,2060000,2620000
2019.10.03 14:06:21.373,1.09931,1.09936,2810000,7310000
2019.10.03 14:06:21.519,1.09932,1.09934,2440000,750000
2019.10.03 14:06:21.671,1.09931,1.09933,750000,750000
2019.10.03 14:06:21.773,1.09931,1.09934,940000,2250000
2019.10.03 14:06:21.924,1.09932,1.09935,2810000,940000
2019.10.03 14:06:22.047,1.09931,1.09935,1370000,3750000
2019.10.03 14:06:22.249,1.09931,1.09935,1310000,4690000
2019.10.03 14:06:22.351,1.09931,1.09934,750000,5440000
2019.10.03 14:06:22.502,1.09932,1.09934,750000,940000
2019.10.03 14:06:22.616,1.09931,1.09934,750000,6190000
2019.10.03 14:06:22.718,1.09932,1.09935,750000,2440000
2019.10.03 14:06:22.870,1.09933,1.09935,750000,750000
2019.10.03 14:06:23.484,1.09935,1.09936,3000000,1500000
2019.10.03 14:06:23.600,1.09937,1.09939,940000,1500000
2019.10.03 14:06:23.702,1.09936,1.0994,2250000,4750000
2019.10.03 14:06:24.706,1.09936,1.09939,750000,3250000
2019.10.03 14:06:24.757,1.09935,1.09937,2250000,2440000
2019.10.03 14:06:24.809,1.09934,1.09936,750000,2060000
2019.10.03 14:06:24.961,1.09935,1.09936,750000,750000
2019.10.03 14:06:25.317,1.09934,1.09936,1690000,1690000
2019.10.03 14:06:25.570,1.09939,1.09941,4310000,1500000
2019.10.03 14:06:25.621,1.09937,1.09939,750000,3250000
2019.10.03 14:06:25.760,1.0994,1.09942,1750000,1500000
2019.10.03 14:06:25.861,1.09938,1.09941,750000,1000000
2019.10.03 14:06:25.963,1.09938,1.09942,2620000,1750000
2019.10.03 14:06:26.115,1.09938,1.09942,2620000,3940000
2019.10.03 14:06:26.235,1.09939,1.09942,3370000,750000
2019.10.03 14:06:26.595,1.09938,1.09942,1120000,3190000
2019.10.03 14:06:26.809,1.09939,1.09942,500000,750000
2019.10.03 14:06:26.873,1.09942,1.09943,940000,750000
2019.10.03 14:06:26.975,1.09943,1.09944,1690000,750000
2019.10.03 14:06:27.127,1.09944,1.09946,500000,2250000
2019.10.03 14:06:27.229,1.09944,1.09946,1000000,4120000
2019.10.03 14:06:27.382,1.09944,1.09947,1000000,7870000
2019.10.03 14:06:27.484,1.09944,1.09948,2250000,1000000
2019.10.03 14:06:27.586,1.09944,1.09947,1690000,1500000
2019.10.03 14:06:27.739,1.09945,1.09947,1690000,750000
2019.10.03 14:06:27.841,1.09943,1.09945,750000,2620000
2019.10.03 14:06:27.992,1.09943,1.09946,500000,1500000
2019.10.03 14:06:28.737,1.09944,1.09946,500000,750000
2019.10.03 14:06:28.838,1.09942,1.09946,1120000,2440000
2019.10.03 14:06:28.976,1.09942,1.09946,1370000,5250000
2019.10.03 14:06:29.077,1.09943,1.09946,750000,750000
2019.10.03 14:06:29.181,1.09945,1.09946,500000,750000
2019.10.03 14:06:29.333,1.09943,1.09946,1310000,6250000
2019.10.03 14:06:29.483,1.09943,1.09946,1310000,1500000
2019.10.03 14:06:29.686,1.09943,1.09945,750000,1500000
2019.10.03 14:06:29.976,1.09943,1.09944,750000,1500000
2019.10.03 14:06:30.089,1.09942,1.09944,750000,940000
2019.10.03 14:06:30.202,1.09941,1.09944,750000,3190000
2019.10.03 14:06:30.354,1.09941,1.09943,750000,2250000
2019.10.03 14:06:30.508,1.09939,1.09943,3000000,3250000
2019.10.03 14:06:30.620,1.09939,1.09942,750000,3250000
2019.10.03 14:06:30.823,1.09938,1.09939,750000,940000
2019.10.03 14:06:31.805,1.09937,1.09939,940000,940000
2019.10.03 14:06:32.351,1.09937,1.09941,2440000,2500000
2019.10.03 14:06:32.452,1.09937,1.09939,750000,7370000
2019.10.03 14:06:32.757,1.09936,1.09937,1500000,2250000
2019.10.03 14:06:32.904,1.09933,1.09936,2250000,940000
2019.10.03 14:06:33.008,1.09932,1.09935,2440000,1500000
2019.10.03 14:06:33.059,1.09932,1.09933,500000,750000
2019.10.03 14:06:33.219,1.0993,1.09932,1870000,1230000
2019.10.03 14:06:33.271,1.09929,1.0993,1500000,750000
2019.10.03 14:06:33.373,1.09927,1.0993,750000,3000000
2019.10.03 14:06:33.475,1.09929,1.09931,4120000,1000000
2019.10.03 14:06:33.526,1.09926,1.09929,2250000,4500000
2019.10.03 14:06:33.676,1.09928,1.0993,750000,1750000
2019.10.03 14:06:33.729,1.09928,1.0993,940000,750000
2019.10.03 14:06:33.830,1.09928,1.0993,1000000,750000
2019.10.03 14:06:33.982,1.09928,1.0993,940000,750000
2019.10.03 14:06:34.084,1.09925,1.09927,750000,1000000
2019.10.03 14:06:34.195,1.09925,1.09928,4370000,750000
2019.10.03 14:06:34.296,1.09924,1.09928,3250000,750000
2019.10.03 14:06:34.549,1.09923,1.09927,940000,3190000
2019.10.03 14:06:34.651,1.09924,1.09927,940000,750000
2019.10.03 14:06:35.063,1.09925,1.09927,560000,750000
2019.10.03 14:06:35.164,1.09924,1.09927,500000,6250000
2019.10.03 14:06:35.278,1.09926,1.09929,2870000,3560000
2019.10.03 14:06:35.379,1.09926,1.09929,1310000,1750000
2019.10.03 14:06:35.480,1.09926,1.09928,1500000,1750000
2019.10.03 14:06:35.581,1.09926,1.09928,750000,750000
2019.10.03 14:06:35.838,1.09925,1.09929,5500000,1500000
2019.10.03 14:06:36.181,1.09924,1.09926,750000,750000
2019.10.03 14:06:36.380,1.09923,1.09927,1370000,3000000
2019.10.03 14:06:37.205,1.09925,1.09928,2500000,2620000
2019.10.03 14:06:37.256,1.09925,1.09928,560000,2620000
2019.10.03 14:06:37.410,1.09925,1.09928,1500000,3440000
2019.10.03 14:06:37.536,1.09924,1.09927,750000,1000000
2019.10.03 14:06:37.638,1.09924,1.09927,1000000,750000
2019.10.03 14:06:37.739,1.09925,1.09927,1000000,1870000
2019.10.03 14:06:37.841,1.09925,1.09928,940000,750000
2019.10.03 14:06:37.993,1.09925,1.09929,2060000,1690000
2019.10.03 14:06:38.147,1.09926,1.09929,750000,2060000
2019.10.03 14:06:38.249,1.09925,1.09928,1120000,1690000
2019.10.03 14:06:38.350,1.09926,1.09928,500000,1500000
2019.10.03 14:06:38.455,1.09924,1.09928,1870000,2570000
2019.10.03 14:06:38.557,1.09924,1.09928,1310000,1690000
2019.10.03 14:06:38.854,1.09927,1.09929,1310000,750000
2019.10.03 14:06:38.964,1.09926,1.0993,2500000,3000000
2019.10.03 14:06:39.065,1.09927,1.0993,2870000,750000
2019.10.03 14:06:39.167,1.09926,1.0993,2870000,750000
2019.10.03 14:06:39.369,1.09926,1.09928,1870000,1500000
2019.10.03 14:06:39.490,1.09924,1.09928,1370000,2500000
2019.10.03 14:06:39.592,1.09925,1.09928,560000,1000000
2019.10.03 14:06:39.693,1.09925,1.09927,750000,1000000
2019.10.03 14:06:39.795,1.09925,1.09927,1120000,750000
2019.10.03 14:06:39.896,1.09923,1.09927,1120000,7150000
2019.10.03 14:06:39.997,1.09924,1.09927,3750000,3100000
2019.10.03 14:06:40.149,1.09923,1.09926,750000,3250000
2019.10.03 14:06:40.250,1.09922,1.09925,1690000,3000000
2019.10.03 14:06:40.396,1.09922,1.09924,750000,1500000
2019.10.03 14:06:40.497,1.09921,1.09924,750000,1690000
2019.10.03 14:06:40.912,1.09921,1.09922,750000,750000
2019.10.03 14:06:41.216,1.09919,1.09922,750000,560000
2019.10.03 14:06:42.089,1.0992,1.09923,1690000,1750000
2019.10.03 14:06:42.191,1.09919,1.09924,4690000,2870000
2019.10.03 14:06:42.443,1.0992,1.09923,750000,940000
2019.10.03 14:06:42.581,1.09922,1.09924,500000,3000000
2019.10.03 14:06:42.936,1.09922,1.09925,1310000,1750000
2019.10.03 14:06:43.687,1.09923,1.09924,750000,750000
2019.10.03 14:06:43.788,1.0992,1.09923,1310000,1500000
2019.10.03 14:06:43.890,1.09922,1.09924,560000,750000
2019.10.03 14:06:43.991,1.09921,1.09925,3250000,1500000
2019.10.03 14:06:44.143,1.09922,1.09925,940000,750000
2019.10.03 14:06:45.045,1.09923,1.09925,940000,750000
2019.10.03 14:06:45.408,1.09925,1.09928,4310000,1000000
2019.10.03 14:06:45.510,1.09923,1.09927,1870000,1000000
2019.10.03 14:06:45.814,1.09923,1.09927,2620000,940000
2019.10.03 14:06:45.968,1.09922,1.09926,2250000,3250000
2019.10.03 14:06:46.018,1.09923,1.09924,1500000,750000
2019.10.03 14:06:46.120,1.09922,1.09924,560000,1690000
2019.10.03 14:06:46.222,1.09923,1.09925,1000000,750000
2019.10.03 14:06:46.326,1.09923,1.09925,940000,940000
2019.10.03 14:06:46.384,1.09921,1.09924,750000,5440000
2019.10.03 14:06:46.486,1.09921,1.09924,940000,5500000
2019.10.03 14:06:46.875,1.0992,1.09923,750000,2500000
2019.10.03 14:06:47.229,1.09919,1.09923,2060000,2500000
2019.10.03 14:06:47.409,1.09921,1.09924,750000,940000
2019.10.03 14:06:47.512,1.09921,1.09925,3560000,1690000
2019.10.03 14:06:47.563,1.09921,1.09922,750000,940000
2019.10.03 14:06:47.715,1.09919,1.09923,3560000,2500000
2019.10.03 14:06:47.851,1.09919,1.09921,1870000,1000000
2019.10.03 14:06:47.903,1.09919,1.09921,1690000,2060000
2019.10.03 14:06:48.005,1.0992,1.09921,1500000,940000
2019.10.03 14:06:48.208,1.09918,1.0992,1500000,1750000
2019.10.03 14:06:48.278,1.09918,1.09921,1500000,1000000
2019.10.03 14:06:48.380,1.09917,1.0992,750000,2500000
2019.10.03 14:06:48.482,1.09916,1.09918,1120000,3250000
2019.10.03 14:06:48.584,1.09916,1.09918,750000,1500000
2019.10.03 14:06:48.793,1.09916,1.09918,750000,3620000
2019.10.03 14:06:48.894,1.09916,1.0992,940000,5870000
2019.10.03 14:06:48.996,1.09916,1.09919,1500000,3620000
2019.10.03 14:06:49.249,1.09916,1.09918,750000,3250000
2019.10.03 14:06:49.366,1.09916,1.09919,750000,2500000
2019.10.03 14:06:49.519,1.09916,1.09918,750000,3250000
2019.10.03 14:06:49.767,1.09915,1.09916,750000,750000
2019.10.03 14:06:49.868,1.09913,1.09916,1690000,750000
2019.10.03 14:06:49.969,1.09913,1.09916,1750000,940000
2019.10.03 14:06:50.121,1.09913,1.09917,1870000,1750000
2019.10.03 14:06:50.286,1.09913,1.09917,2810000,940000
2019.10.03 14:06:50.387,1.09915,1.09917,750000,750000
2019.10.03 14:06:50.489,1.09915,1.09916,750000,940000
2019.10.03 14:06:50.540,1.09914,1.09916,750000,1500000
2019.10.03 14:06:50.801,1.09915,1.09917,1000000,750000
2019.10.03 14:06:50.904,1.09915,1.09917,1500000,750000
2019.10.03 14:06:51.005,1.09914,1.09918,4000000,750000
2019.10.03 14:06:51.107,1.09914,1.09918,4000000,1690000
2019.10.03 14:06:51.158,1.09916,1.09918,750000,1500000
2019.10.03 14:06:51.571,1.09916,1.09919,1690000,1500000
2019.10.03 14:06:51.723,1.09915,1.09917,1500000,1690000
2019.10.03 14:06:51.844,1.09913,1.09916,2250000,1000000
2019.10.03 14:06:51.945,1.09913,1.09915,750000,1500000
2019.10.03 14:06:52.046,1.09911,1.09914,500000,3250000
2019.10.03 14:06:52.148,1.09911,1.09914,500000,3190000
2019.10.03 14:06:52.249,1.09913,1.09914,500000,750000
2019.10.03 14:06:52.351,1.09912,1.09915,1000000,2440000
2019.10.03 14:06:52.458,1.09913,1.09916,1370000,750000
2019.10.03 14:06:53.985,1.09912,1.09915,2060000,1500000
2019.10.03 14:06:54.411,1.09913,1.09915,1310000,750000
2019.10.03 14:06:54.541,1.09914,1.09916,750000,1000000
2019.10.03 14:06:54.592,1.09913,1.09916,750000,3640000
2019.10.03 14:06:54.693,1.09914,1.09916,1500000,750000
2019.10.03 14:06:54.795,1.09913,1.09915,750000,1690000
2019.10.03 14:06:55.343,1.09913,1.09916,750000,940000
2019.10.03 14:06:55.471,1.09913,1.09916,1000000,940000
2019.10.03 14:06:55.573,1.09913,1.09916,940000,1500000
2019.10.03 14:06:55.625,1.09914,1.09918,560000,3560000
2019.10.03 14:06:55.777,1.09914,1.09917,500000,1000000
2019.10.03 14:06:55.889,1.09914,1.09917,2060000,1120000
2019.10.03 14:06:55.991,1.09913,1.09916,500000,2140000
2019.10.03 14:06:56.094,1.09912,1.09915,1500000,2500000
2019.10.03 14:06:56.195,1.09912,1.09914,750000,750000
2019.10.03 14:06:56.340,1.09911,1.09914,1500000,2440000
2019.10.03 14:06:56.441,1.09912,1.09914,750000,750000
2019.10.03 14:06:56.593,1.09911,1.09915,2060000,3190000
2019.10.03 14:06:56.806,1.09911,1.09913,500000,750000
2019.10.03 14:06:56.911,1.0991,1.09913,750000,1690000
2019.10.03 14:06:57.013,1.0991,1.09912,940000,940000
2019.10.03 14:06:58.200,1.09908,1.09911,750000,4000000
2019.10.03 14:06:58.301,1.09907,1.09908,1500000,3190000
2019.10.03 14:06:58.403,1.09905,1.09908,3750000,1000000
2019.10.03 14:06:58.454,1.09904,1.09908,3750000,1750000
2019.10.03 14:06:58.504,1.09904,1.09905,1870000,560000
2019.10.03 14:06:58.555,1.09899,1.09901,750000,3750000
2019.10.03 14:06:58.657,1.09896,1.09898,750000,3750000
2019.10.03 14:06:58.774,1.09896,1.09898,1120000,2250000
2019.10.03 14:06:58.825,1.09896,1.099,7120000,3750000
2019.10.03 14:06:58.927,1.09896,1.09899,750000,3630000
2019.10.03 14:06:58.978,1.09897,1.099,1120000,1750000
2019.10.03 14:06:59.067,1.09897,1.09899,750000,940000
2019.10.03 14:06:59.170,1.09894,1.09896,750000,1000000
2019.10.03 14:06:59.423,1.09892,1.09895,1500000,1500000
2019.10.03 14:06:59.735,1.09892,1.09895,1750000,1690000
2019.10.03 14:07:00.042,1.09891,1.09892,750000,940000
2019.10.03 14:07:00.143,1.09888,1.09889,750000,2250000
2019.10.03 14:07:00.245,1.09889,1.0989,2250000,1500000
2019.10.03 14:07:00.488,1.09889,1.09891,1500000,1750000
2019.10.03 14:07:00.589,1.09888,1.09891,1000000,3940000
2019.10.03 14:07:00.905,1.09889,1.09891,1000000,750000
2019.10.03 14:07:00.956,1.09892,1.09893,2440000,2250000
2019.10.03 14:07:01.108,1.09894,1.09895,750000,750000
2019.10.03 14:07:01.159,1.09892,1.09894,1000000,750000
2019.10.03 14:07:01.464,1.09892,1.09895,940000,4500000
2019.10.03 14:07:01.566,1.09893,1.09895,750000,750000
2019.10.03 14:07:01.667,1.09893,1.09894,1500000,1500000
2019.10.03 14:07:01.869,1.09892,1.09893,1870000,750000
2019.10.03 14:07:01.970,1.09892,1.09894,2250000,750000
2019.10.03 14:07:02.072,1.09893,1.09894,750000,1500000
2019.10.03 14:07:02.230,1.09893,1.09896,2870000,750000
2019.10.03 14:07:02.332,1.09893,1.09896,1370000,1500000
2019.10.03 14:07:02.433,1.09892,1.09896,2120000,4500000
2019.10.03 14:07:02.534,1.09893,1.09895,1000000,750000
2019.10.03 14:07:02.636,1.09893,1.09896,2060000,1500000
2019.10.03 14:07:02.922,1.09894,1.09896,1690000,750000
2019.10.03 14:07:02.973,1.09896,1.09898,1750000,2250000
2019.10.03 14:07:03.075,1.09895,1.09898,1000000,4500000
2019.10.03 14:07:03.126,1.09896,1.09899,2120000,940000
2019.10.03 14:07:03.273,1.09896,1.09899,1310000,750000
2019.10.03 14:07:03.374,1.09897,1.09898,750000,3000000
2019.10.03 14:07:03.475,1.09897,1.09898,1120000,2250000
2019.10.03 14:07:03.577,1.09897,1.09899,940000,750000
2019.10.03 14:07:03.678,1.09896,1.09899,940000,3750000
2019.10.03 14:07:03.787,1.09897,1.09899,1690000,750000
2019.10.03 14:07:03.888,1.09896,1.09899,2620000,3940000
2019.10.03 14:07:03.939,1.09897,1.09899,2250000,750000
2019.10.03 14:07:04.093,1.09896,1.09899,3000000,2440000
2019.10.03 14:07:04.144,1.09896,1.09899,2250000,3250000
2019.10.03 14:07:04.195,1.09896,1.09899,2250000,2440000
2019.10.03 14:07:04.307,1.09897,1.099,2440000,2250000
2019.10.03 14:07:04.460,1.09896,1.099,1690000,7690000
2019.10.03 14:07:04.562,1.09897,1.099,1500000,2440000
2019.10.03 14:07:04.663,1.09896,1.09898,750000,4070000
2019.10.03 14:07:04.766,1.09896,1.09899,750000,2440000
2019.10.03 14:07:04.868,1.09897,1.099,1310000,2250000
2019.10.03 14:07:05.448,1.09899,1.099,750000,1500000
2019.10.03 14:07:05.550,1.09897,1.09899,1870000,2500000
2019.10.03 14:07:05.652,1.09896,1.09898,1500000,1750000
2019.10.03 14:07:05.703,1.09896,1.09898,1500000,1500000
2019.10.03 14:07:06.334,1.09895,1.09897,500000,3000000
2019.10.03 14:07:06.435,1.09894,1.09897,1870000,2810000
2019.10.03 14:07:06.587,1.09894,1.09897,940000,4000000
2019.10.03 14:07:07.224,1.09894,1.09897,1370000,2250000
2019.10.03 14:07:07.541,1.09896,1.09897,500000,1690000
2019.10.03 14:07:07.642,1.09897,1.099,940000,750000
2019.10.03 14:07:07.743,1.09896,1.099,940000,5440000
2019.10.03 14:07:07.794,1.09897,1.099,940000,1000000
2019.10.03 14:07:08.038,1.09896,1.099,1370000,7000000
2019.10.03 14:07:08.139,1.09897,1.099,940000,1500000
2019.10.03 14:07:08.241,1.09898,1.09901,2500000,750000
2019.10.03 14:07:08.342,1.09899,1.09903,940000,4130000
2019.10.03 14:07:08.393,1.09899,1.09901,1500000,2440000
2019.10.03 14:07:08.513,1.099,1.09902,2120000,750000
2019.10.03 14:07:08.671,1.09899,1.099,750000,500000
2019.10.03 14:07:08.772,1.09898,1.099,750000,750000
2019.10.03 14:07:09.071,1.09897,1.09901,3250000,750000
2019.10.03 14:07:09.173,1.09897,1.09899,1120000,750000
2019.10.03 14:07:09.275,1.09896,1.09899,940000,750000
2019.10.03 14:07:09.403,1.09896,1.09899,1000000,2440000
2019.10.03 14:07:09.505,1.09896,1.09899,940000,2250000
2019.10.03 14:07:09.658,1.09896,1.09898,500000,1500000
2019.10.03 14:07:09.760,1.09895,1.09897,1500000,750000
2019.10.03 14:07:09.862,1.09895,1.09898,1310000,750000
2019.10.03 14:07:09.968,1.09896,1.09898,750000,750000
2019.10.03 14:07:10.896,1.09895,1.09897,500000,560000
2019.10.03 14:07:11.048,1.09895,1.09898,750000,2870000
2019.10.03 14:07:11.150,1.09896,1.09899,1870000,940000
2019.10.03 14:07:11.403,1.09899,1.099,500000,3190000
2019.10.03 14:07:11.468,1.099,1.09902,6150000,1500000
2019.10.03 14:07:11.569,1.09902,1.09904,940000,750000
2019.10.03 14:07:11.671,1.09901,1.09905,1750000,4500000
2019.10.03 14:07:11.773,1.09902,1.09905,2250000,1690000
2019.10.03 14:07:11.875,1.09906,1.09907,1690000,1500000
2019.10.03 14:07:11.986,1.09906,1.09909,940000,2500000
2019.10.03 14:07:12.090,1.09906,1.09909,940000,3000000
2019.10.03 14:07:12.396,1.09906,1.09908,1120000,940000
2019.10.03 14:07:12.498,1.09905,1.09907,750000,940000
2019.10.03 14:07:12.549,1.09905,1.09909,3190000,940000
2019.10.03 14:07:12.651,1.09905,1.09908,750000,1690000
2019.10.03 14:07:13.184,1.09905,1.09908,750000,1000000
2019.10.03 14:07:13.392,1.09905,1.09908,750000,1690000
2019.10.03 14:07:13.641,1.09905,1.09908,1370000,1690000
2019.10.03 14:07:13.742,1.09905,1.09908,500000,1750000
2019.10.03 14:07:14.493,1.09906,1.09907,750000,1500000
2019.10.03 14:07:14.596,1.09904,1.09907,750000,3440000
2019.10.03 14:07:14.697,1.09903,1.09907,750000,3250000
2019.10.03 14:07:14.799,1.09903,1.09907,1690000,940000
2019.10.03 14:07:15.090,1.09902,1.09906,1690000,5060000
2019.10.03 14:07:15.191,1.09903,1.09906,1310000,750000
2019.10.03 14:07:15.635,1.09902,1.09906,1310000,6940000
2019.10.03 14:07:16.169,1.09904,1.09907,560000,4320000
2019.10.03 14:07:16.271,1.09905,1.09908,2250000,940000
2019.10.03 14:07:16.372,1.09904,1.09907,750000,1690000
2019.10.03 14:07:16.664,1.09906,1.09908,750000,750000
2019.10.03 14:07:16.866,1.09905,1.09909,2810000,3000000
2019.10.03 14:07:16.968,1.09904,1.09907,1870000,1750000
2019.10.03 14:07:17.082,1.09902,1.09905,3000000,2500000
2019.10.03 14:07:17.133,1.09902,1.09905,3000000,2250000
2019.10.03 14:07:17.234,1.09902,1.09905,4000000,2440000
2019.10.03 14:07:17.335,1.09902,1.09905,3000000,3190000
2019.10.03 14:07:17.752,1.09902,1.09904,750000,4690000
2019.10.03 14:07:17.853,1.09902,1.09905,3000000,2440000
2019.10.03 14:07:18.056,1.09902,1.09904,750000,3190000
2019.10.03 14:07:18.220,1.09902,1.09905,750000,6940000
2019.10.03 14:07:19.088,1.09905,1.09906,1690000,750000
2019.10.03 14:07:19.224,1.09904,1.09908,3000000,5440000
2019.10.03 14:07:19.325,1.09904,1.09907,750000,3190000
2019.10.03 14:07:19.477,1.09905,1.09907,750000,750000
2019.10.03 14:07:19.578,1.09904,1.09907,750000,2440000
2019.10.03 14:07:20.002,1.09903,1.09907,5440000,1690000
2019.10.03 14:07:20.104,1.09903,1.09905,3560000,750000
2019.10.03 14:07:20.231,1.09902,1.09904,750000,1870000
2019.10.03 14:07:20.282,1.099,1.09904,5620000,5120000
2019.10.03 14:07:20.387,1.09902,1.09904,1500000,750000
2019.10.03 14:07:21.538,1.09902,1.09905,3940000,750000
2019.10.03 14:07:21.590,1.09901,1.09903,1690000,2250000
2019.10.03 14:07:21.691,1.09901,1.09904,3750000,1500000
2019.10.03 14:07:22.414,1.09902,1.09903,750000,750000
2019.10.03 14:07:22.658,1.09905,1.09907,3620000,2250000
2019.10.03 14:07:22.709,1.09904,1.09908,3750000,3250000
2019.10.03 14:07:22.811,1.09903,1.09906,750000,1000000
2019.10.03 14:07:22.912,1.09903,1.09906,1120000,940000
2019.10.03 14:07:23.351,1.09904,1.09906,1500000,750000
2019.10.03 14:07:23.452,1.09905,1.09906,1120000,750000
2019.10.03 14:07:23.571,1.09904,1.09907,940000,4500000
2019.10.03 14:07:23.676,1.09906,1.09909,560000,750000
2019.10.03 14:07:23.929,1.09907,1.09909,2440000,1690000
2019.10.03 14:07:24.030,1.09907,1.0991,5060000,1500000
2019.10.03 14:07:24.132,1.09906,1.09909,750000,4000000
2019.10.03 14:07:24.783,1.09907,1.09909,750000,2500000
2019.10.03 14:07:24.887,1.09906,1.09907,750000,2250000
2019.10.03 14:07:25.090,1.09905,1.09907,1120000,940000
2019.10.03 14:07:25.192,1.09904,1.09906,2620000,940000
2019.10.03 14:07:25.575,1.09903,1.09905,750000,750000
2019.10.03 14:07:25.676,1.09902,1.09905,5060000,750000
2019.10.03 14:07:25.993,1.09902,1.09904,1120000,1690000
2019.10.03 14:07:26.145,1.09902,1.09905,3190000,750000
2019.10.03 14:07:26.317,1.09902,1.09904,2250000,2500000
2019.10.03 14:07:26.469,1.09902,1.09904,500000,750000
2019.10.03 14:07:26.570,1.09901,1.09905,3000000,4000000
2019.10.03 14:07:26.672,1.09901,1.09904,750000,4750000
2019.10.03 14:07:26.865,1.099,1.09903,750000,7370000
2019.10.03 14:07:26.970,1.09901,1.09904,3750000,2440000
2019.10.03 14:07:27.345,1.09899,1.09903,2250000,2500000
2019.10.03 14:07:27.447,1.099,1.09902,1870000,1000000
2019.10.03 14:07:27.549,1.09899,1.09901,750000,1750000
2019.10.03 14:07:27.683,1.09897,1.099,1120000,750000
2019.10.03 14:07:27.787,1.09897,1.09901,4500000,4500000
2019.10.03 14:07:27.837,1.099,1.09901,4120000,750000
2019.10.03 14:07:27.939,1.09899,1.09901,4120000,500000
2019.10.03 14:07:27.990,1.09897,1.09902,5440000,3250000
2019.10.03 14:07:28.116,1.09897,1.09901,1500000,12250000
2019.10.03 14:07:28.268,1.09897,1.09901,1500000,4000000
2019.10.03 14:07:28.420,1.099,1.09902,750000,750000
2019.10.03 14:07:28.521,1.09901,1.09902,940000,750000
2019.10.03 14:07:28.673,1.09901,1.09905,5120000,3750000
2019.10.03 14:07:28.775,1.09901,1.09905,4370000,3000000
2019.10.03 14:07:28.969,1.09901,1.09902,940000,940000
2019.10.03 14:07:29.076,1.09901,1.09903,2250000,1310000
2019.10.03 14:07:29.649,1.09899,1.09901,3370000,1000000
2019.10.03 14:07:29.750,1.09898,1.09899,750000,750000
2019.10.03 14:07:29.801,1.09896,1.099,4310000,1690000
2019.10.03 14:07:29.883,1.09895,1.09897,1250000,2440000
2019.10.03 14:07:29.934,1.09894,1.09895,1500000,750000
2019.10.03 14:07:30.087,1.09893,1.09895,1500000,560000
2019.10.03 14:07:30.393,1.09892,1.09895,2060000,1500000
2019.10.03 14:07:30.645,1.09892,1.09895,940000,2500000
2019.10.03 14:07:31.421,1.09894,1.09897,1870000,2250000
2019.10.03 14:07:31.598,1.09892,1.09895,500000,2500000
2019.10.03 14:07:31.700,1.09892,1.09896,2620000,4750000
2019.10.03 14:07:31.802,1.09892,1.09895,500000,2500000
2019.10.03 14:07:31.904,1.09892,1.09894,1870000,750000
2019.10.03 14:07:32.060,1.09891,1.09894,750000,1690000
2019.10.03 14:07:32.162,1.09894,1.09896,5810000,750000
2019.10.03 14:07:32.264,1.09894,1.09896,2120000,1500000
2019.10.03 14:07:32.366,1.09896,1.09897,940000,1500000
2019.10.03 14:07:32.417,1.09896,1.09899,3560000,750000
2019.10.03 14:07:32.521,1.09896,1.09898,750000,1500000
2019.10.03 14:07:32.776,1.099,1.09901,940000,750000
2019.10.03 14:07:32.922,1.09901,1.09903,1500000,750000
2019.10.03 14:07:33.025,1.09902,1.09903,1500000,750000
2019.10.03 14:07:33.228,1.09902,1.09905,1750000,940000
2019.10.03 14:07:33.454,1.09902,1.09905,940000,3190000
2019.10.03 14:07:33.556,1.09902,1.09905,2500000,940000
2019.10.03 14:07:33.657,1.09902,1.09905,750000,1000000
2019.10.03 14:07:33.922,1.09901,1.09905,1220000,5870000
2019.10.03 14:07:34.492,1.09901,1.09905,1200000,3560000
2019.10.03 14:07:34.594,1.09901,1.09904,1200000,1690000
2019.10.03 14:07:34.695,1.09901,1.09902,1870000,940000
2019.10.03 14:07:34.797,1.09899,1.09901,750000,1310000
2019.10.03 14:07:34.909,1.09897,1.099,1120000,2500000
2019.10.03 14:07:35.010,1.09896,1.09899,1120000,2870000
2019.10.03 14:07:35.111,1.09897,1.09899,750000,1000000
2019.10.03 14:07:35.213,1.09896,1.09899,1120000,2060000
2019.10.03 14:07:35.424,1.09897,1.099,820000,1000000
2019.10.03 14:07:35.475,1.09897,1.099,1950000,940000
2019.10.03 14:07:35.576,1.09896,1.099,4070000,2870000
2019.10.03 14:07:36.075,1.09897,1.09898,500000,1690000
2019.10.03 14:07:36.176,1.09896,1.09899,1950000,2810000
2019.10.03 14:07:36.278,1.09896,1.09898,750000,3190000
2019.10.03 14:07:36.621,1.09897,1.09898,750000,750000
2019.10.03 14:07:37.104,1.09897,1.09899,2620000,750000
2019.10.03 14:07:37.409,1.09896,1.09899,2250000,3940000
2019.10.03 14:07:37.561,1.09896,1.099,4120000,4750000
2019.10.03 14:07:37.670,1.09902,1.09904,1820000,3000000
2019.10.03 14:07:37.721,1.09905,1.09906,3450000,750000
2019.10.03 14:07:37.823,1.09905,1.09908,1370000,3000000
2019.10.03 14:07:37.924,1.09906,1.09908,560000,2250000
2019.10.03 14:07:38.035,1.09907,1.09908,1500000,750000
2019.10.03 14:07:38.147,1.09905,1.09908,1570000,3250000
2019.10.03 14:07:38.248,1.09906,1.09909,2250000,1690000
2019.10.03 14:07:38.393,1.09907,1.09909,1500000,750000
2019.10.03 14:07:38.494,1.09906,1.09909,1500000,3940000
2019.10.03 14:07:38.545,1.09908,1.09909,750000,750000
2019.10.03 14:07:38.597,1.09912,1.09913,3750000,500000
2019.10.03 14:07:38.739,1.09913,1.09915,1870000,750000
2019.10.03 14:07:38.841,1.09913,1.09914,750000,750000
2019.10.03 14:07:38.943,1.09912,1.09914,1950000,750000
2019.10.03 14:07:38.994,1.09913,1.09916,6260000,750000
2019.10.03 14:07:39.045,1.09912,1.09916,4450000,2250000
2019.10.03 14:07:39.096,1.09913,1.09916,4070000,1500000
2019.10.03 14:07:39.230,1.09913,1.09916,3000000,1500000
2019.10.03 14:07:39.332,1.09913,1.09916,3260000,1750000
2019.10.03 14:07:39.433,1.09913,1.09916,3820000,1690000
2019.10.03 14:07:39.535,1.09914,1.09917,1760000,3750000
2019.10.03 14:07:39.585,1.09917,1.09918,940000,750000
2019.10.03 14:07:39.769,1.09917,1.09919,750000,750000
2019.10.03 14:07:39.870,1.09918,1.09919,500000,750000
2019.10.03 14:07:39.921,1.09918,1.09921,4500000,2250000
2019.10.03 14:07:39.972,1.0992,1.09921,1310000,750000
2019.10.03 14:07:40.073,1.09922,1.09924,1750000,750000
2019.10.03 14:07:40.177,1.09922,1.09925,1750000,2250000
2019.10.03 14:07:40.228,1.09923,1.09925,1690000,750000
2019.10.03 14:07:40.430,1.09924,1.09925,1500000,750000
2019.10.03 14:07:40.651,1.09926,1.09929,5590000,750000
2019.10.03 14:07:40.803,1.09929,1.0993,500000,750000
2019.10.03 14:07:41.030,1.0993,1.09931,1310000,3000000
2019.10.03 14:07:41.081,1.09932,1.09934,2500000,2250000
2019.10.03 14:07:41.334,1.09932,1.09934,1000000,750000
2019.10.03 14:07:41.463,1.09932,1.09933,1500000,1690000
2019.10.03 14:07:41.565,1.09932,1.09934,750000,940000
2019.10.03 14:07:41.717,1.09931,1.09933,500000,1000000
2019.10.03 14:07:41.819,1.09931,1.09934,2250000,1750000
2019.10.03 14:07:41.923,1.09931,1.09934,2250000,940000
2019.10.03 14:07:42.025,1.0993,1.09933,750000,1750000
2019.10.03 14:07:42.177,1.09931,1.09934,3190000,1750000
2019.10.03 14:07:42.279,1.0993,1.09933,2250000,1370000
2019.10.03 14:07:42.428,1.0993,1.09933,1870000,940000
2019.10.03 14:07:42.631,1.09929,1.09932,2620000,1750000
2019.10.03 14:07:42.682,1.09929,1.09931,1120000,940000
2019.10.03 14:07:42.835,1.09928,1.09931,600000,1690000
2019.10.03 14:07:42.942,1.09931,1.09933,600000,2500000
2019.10.03 14:07:43.048,1.09932,1.09935,1500000,750000
2019.10.03 14:07:43.100,1.09931,1.09932,750000,940000
2019.10.03 14:07:43.151,1.09929,1.09932,1500000,2810000
2019.10.03 14:07:43.252,1.09928,1.09932,2320000,1720000
2019.10.03 14:07:43.392,1.09928,1.09931,820000,750000
2019.10.03 14:07:43.495,1.09927,1.09931,820000,1690000
2019.10.03 14:07:43.596,1.09928,1.09932,3640000,750000
2019.10.03 14:07:43.697,1.09928,1.09932,2910000,750000
2019.10.03 14:07:43.799,1.09927,1.09932,4410000,3190000
2019.10.03 14:07:43.900,1.09928,1.09931,600000,750000
2019.10.03 14:07:44.030,1.09929,1.09932,1570000,1750000
2019.10.03 14:07:44.132,1.0993,1.09932,1120000,1370000
2019.10.03 14:07:44.285,1.09929,1.09932,1570000,940000
2019.10.03 14:07:44.386,1.09928,1.09931,750000,940000
2019.10.03 14:07:44.495,1.09929,1.09933,2510000,940000
2019.10.03 14:07:44.597,1.0993,1.09933,2510000,710000
2019.10.03 14:07:44.799,1.09928,1.09932,750000,1000000
2019.10.03 14:07:44.941,1.09927,1.09931,500000,1000000
2019.10.03 14:07:45.144,1.09929,1.09931,500000,2500000
2019.10.03 14:07:45.195,1.0993,1.09933,750000,2120000
2019.10.03 14:07:45.297,1.09931,1.09934,750000,2440000
2019.10.03 14:07:45.398,1.09931,1.09934,750000,2500000
2019.10.03 14:07:45.501,1.09934,1.09936,1540000,750000
2019.10.03 14:07:45.602,1.09934,1.09937,750000,940000
2019.10.03 14:07:45.704,1.09935,1.09938,2890000,750000
2019.10.03 14:07:45.806,1.09934,1.09938,2810000,2440000
2019.10.03 14:07:45.909,1.09934,1.09938,1310000,2500000
2019.10.03 14:07:46.019,1.09937,1.0994,850000,1500000
2019.10.03 14:07:46.121,1.09938,1.09941,1000000,4870000
2019.10.03 14:07:46.172,1.0994,1.09942,750000,1500000
2019.10.03 14:07:46.274,1.09941,1.09944,4000000,750000
2019.10.03 14:07:46.412,1.09941,1.09943,500000,2250000
2019.10.03 14:07:46.514,1.0994,1.09941,1120000,940000
2019.10.03 14:07:46.615,1.09938,1.0994,2250000,750000
2019.10.03 14:07:46.666,1.09939,1.09941,2320000,1000000
2019.10.03 14:07:46.875,1.09942,1.09943,750000,940000
2019.10.03 14:07:47.027,1.09941,1.09944,940000,2500000
2019.10.03 14:07:47.130,1.09941,1.09943,1000000,750000
2019.10.03 14:07:47.245,1.09941,1.09944,1370000,3000000
2019.10.03 14:07:47.346,1.09941,1.09944,1690000,2250000
2019.10.03 14:07:47.448,1.09941,1.09944,750000,1750000
2019.10.03 14:07:47.549,1.09941,1.09944,750000,2440000
2019.10.03 14:07:47.650,1.09941,1.09943,1870000,1000000
2019.10.03 14:07:47.765,1.0994,1.09943,2250000,1000000
2019.10.03 14:07:47.917,1.09939,1.09943,2620000,2500000
2019.10.03 14:07:48.169,1.09939,1.09942,750000,2500000
2019.10.03 14:07:48.297,1.09938,1.09942,750000,2500000
2019.10.03 14:07:48.399,1.09939,1.09941,3750000,1750000
2019.10.03 14:07:48.450,1.09937,1.09939,750000,750000
2019.10.03 14:07:48.862,1.09937,1.09939,750000,1750000
2019.10.03 14:07:49.534,1.09938,1.09941,1310000,750000
2019.10.03 14:07:49.702,1.09936,1.09939,1870000,940000
2019.10.03 14:07:49.803,1.09935,1.09937,750000,750000
2019.10.03 14:07:49.904,1.09934,1.09938,2810000,1690000
2019.10.03 14:07:50.056,1.09936,1.09938,1120000,750000
2019.10.03 14:07:50.205,1.09935,1.09938,750000,1690000
2019.10.03 14:07:50.307,1.09936,1.09939,940000,1500000
2019.10.03 14:07:50.663,1.09936,1.0994,1120000,3250000
2019.10.03 14:07:51.429,1.09936,1.0994,2810000,3940000
2019.10.03 14:07:51.531,1.09937,1.09939,750000,2250000
2019.10.03 14:07:51.633,1.09936,1.09938,750000,750000
2019.10.03 14:07:51.737,1.09929,1.0993,750000,750000
2019.10.03 14:07:51.839,1.09927,1.0993,1120000,1690000
2019.10.03 14:07:51.940,1.09927,1.09928,1870000,750000
2019.10.03 14:07:52.042,1.09925,1.09927,750000,2440000
2019.10.03 14:07:52.210,1.09925,1.09928,1870000,2440000
2019.10.03 14:07:52.362,1.09925,1.09927,750000,1690000
2019.10.03 14:07:52.565,1.09925,1.09926,500000,1690000
2019.10.03 14:07:52.825,1.09927,1.09929,4310000,1500000
2019.10.03 14:07:52.877,1.09932,1.09934,3370000,1500000
2019.10.03 14:07:52.981,1.09933,1.09935,1120000,750000
2019.10.03 14:07:53.083,1.09933,1.09935,1000000,750000
2019.10.03 14:07:53.210,1.09934,1.09935,940000,750000
2019.10.03 14:07:53.311,1.09932,1.09935,1000000,10690000
2019.10.03 14:07:53.412,1.09933,1.09935,2060000,940000
2019.10.03 14:07:53.514,1.09931,1.09935,3750000,2500000
2019.10.03 14:07:53.672,1.09932,1.09935,750000,4370000
2019.10.03 14:07:53.774,1.09933,1.09935,1690000,750000
2019.10.03 14:07:53.875,1.09933,1.09935,750000,2250000
2019.10.03 14:07:55.209,1.09933,1.09936,1120000,2250000
2019.10.03 14:07:55.677,1.09935,1.09937,560000,750000
2019.10.03 14:07:55.832,1.09936,1.09939,4000000,750000
2019.10.03 14:07:55.883,1.09935,1.09939,3940000,2060000
2019.10.03 14:07:55.984,1.09935,1.09938,750000,4310000
2019.10.03 14:07:56.085,1.09936,1.09939,3560000,2620000
2019.10.03 14:07:56.187,1.09937,1.09939,3560000,750000
2019.10.03 14:07:56.503,1.09935,1.09937,4870000,750000
2019.10.03 14:07:56.554,1.09932,1.09935,500000,1750000
2019.10.03 14:07:57.018,1.09936,1.09937,500000,750000
2019.10.03 14:07:57.121,1.09936,1.09938,750000,2250000
2019.10.03 14:07:57.288,1.09936,1.09939,940000,1870000
2019.10.03 14:07:57.389,1.09937,1.0994,4750000,750000
2019.10.03 14:07:57.490,1.09937,1.0994,2510000,750000
2019.10.03 14:07:57.790,1.09937,1.09938,500000,750000
2019.10.03 14:07:57.840,1.09937,1.0994,2890000,750000
2019.10.03 14:07:58.196,1.09937,1.0994,1870000,2500000
2019.10.03 14:07:58.511,1.09939,1.0994,1500000,500000
2019.10.03 14:07:58.562,1.0994,1.09942,820000,1500000
2019.10.03 14:07:58.664,1.09941,1.09943,1120000,500000
2019.10.03 14:07:58.772,1.09941,1.09942,1120000,560000
2019.10.03 14:07:58.873,1.09939,1.09943,4120000,1960000
2019.10.03 14:07:58.974,1.09939,1.09942,940000,1960000
2019.10.03 14:07:59.101,1.0994,1.09941,500000,530000
2019.10.03 14:07:59.203,1.0994,1.09943,5120000,940000
2019.10.03 14:07:59.914,1.09939,1.0994,500000,1150000
2019.10.03 14:08:00.215,1.09935,1.09938,1120000,500000
2019.10.03 14:08:00.267,1.09934,1.09936,500000,3000000
2019.10.03 14:08:00.368,1.09933,1.09934,750000,1500000
2019.10.03 14:08:00.482,1.09931,1.09932,750000,3000000
2019.10.03 14:08:00.533,1.09928,1.0993,1120000,750000
2019.10.03 14:08:00.786,1.09929,1.0993,500000,750000
2019.10.03 14:08:00.941,1.09928,1.0993,500000,900000
2019.10.03 14:08:01.042,1.09931,1.09933,3620000,750000
2019.10.03 14:08:01.093,1.09929,1.09932,1000000,2250000
2019.10.03 14:08:01.144,1.09931,1.09932,500000,750000
2019.10.03 14:08:01.301,1.09929,1.09932,500000,3750000
2019.10.03 14:08:01.402,1.0993,1.09933,940000,750000
2019.10.03 14:08:01.504,1.0993,1.09933,750000,1000000
2019.10.03 14:08:01.657,1.09932,1.09933,1500000,750000
2019.10.03 14:08:01.763,1.0993,1.09934,3000000,1750000
2019.10.03 14:08:01.864,1.0993,1.09933,2620000,1690000
2019.10.03 14:08:01.966,1.0993,1.09933,1120000,2500000
2019.10.03 14:08:02.067,1.09929,1.09932,1500000,4000000
2019.10.03 14:08:02.367,1.09929,1.09932,1120000,3190000
2019.10.03 14:08:02.418,1.09929,1.09932,1120000,3250000
2019.10.03 14:08:02.468,1.09929,1.09932,1120000,2440000
2019.10.03 14:08:02.570,1.0993,1.09932,1690000,940000
2019.10.03 14:08:02.863,1.09929,1.09931,750000,1750000
2019.10.03 14:08:02.964,1.09928,1.0993,750000,3250000
2019.10.03 14:08:03.066,1.09928,1.0993,1120000,1000000
2019.10.03 14:08:03.167,1.09928,1.09931,1120000,940000
2019.10.03 14:08:03.302,1.09928,1.09931,2120000,940000
2019.10.03 14:08:03.505,1.09928,1.09931,2440000,750000
2019.10.03 14:08:04.045,1.09929,1.09931,1690000,750000
2019.10.03 14:08:04.318,1.09929,1.09931,2440000,750000
2019.10.03 14:08:04.369,1.09927,1.09931,2440000,2440000
2019.10.03 14:08:04.532,1.09927,1.0993,1120000,3560000
2019.10.03 14:08:04.583,1.09925,1.09928,4500000,2810000
2019.10.03 14:08:04.686,1.09925,1.09927,750000,940000
2019.10.03 14:08:04.838,1.09925,1.09927,2250000,1000000
2019.10.03 14:08:04.940,1.09925,1.09929,6260000,3190000
2019.10.03 14:08:05.062,1.09925,1.09927,500000,1690000
2019.10.03 14:08:05.164,1.09924,1.09926,750000,4150000
2019.10.03 14:08:05.268,1.09925,1.09927,500000,1750000
2019.10.03 14:08:05.420,1.09926,1.09928,500000,2440000
2019.10.03 14:08:05.571,1.09927,1.0993,1100000,2250000
2019.10.03 14:08:05.749,1.09927,1.0993,1370000,2250000
2019.10.03 14:08:05.901,1.09927,1.09931,2810000,4690000
2019.10.03 14:08:06.080,1.09927,1.09931,2620000,3250000
2019.10.03 14:08:06.746,1.09931,1.09933,2060000,3000000
2019.10.03 14:08:06.848,1.09932,1.09934,560000,1690000
2019.10.03 14:08:06.899,1.09933,1.09936,4690000,2250000
2019.10.03 14:08:07.001,1.09934,1.09936,750000,750000
2019.10.03 14:08:07.962,1.09932,1.09937,2250000,5570000
2019.10.03 14:08:08.220,1.09933,1.09936,750000,1000000
2019.10.03 14:08:08.364,1.09937,1.09939,940000,750000
2019.10.03 14:08:08.465,1.09937,1.0994,1870000,4000000
2019.10.03 14:08:08.618,1.0994,1.09942,940000,1500000
2019.10.03 14:08:08.719,1.09942,1.09944,2870000,750000
2019.10.03 14:08:08.882,1.09942,1.09946,4370000,750000
2019.10.03 14:08:08.983,1.09942,1.09946,5870000,750000
2019.10.03 14:08:09.152,1.09942,1.09946,4870000,940000
2019.10.03 14:08:09.304,1.09942,1.09945,500000,1690000
2019.10.03 14:08:09.507,1.09942,1.09945,750000,4750000
2019.10.03 14:08:09.694,1.09943,1.09946,1120000,560000
2019.10.03 14:08:09.795,1.09943,1.09946,1120000,1370000
2019.10.03 14:08:09.897,1.09946,1.09949,3700000,750000
2019.10.03 14:08:10.235,1.09946,1.0995,1870000,2870000
2019.10.03 14:08:10.387,1.09946,1.0995,2120000,3620000
2019.10.03 14:08:10.597,1.09947,1.0995,750000,2440000
2019.10.03 14:08:10.982,1.09947,1.0995,1870000,4000000
2019.10.03 14:08:11.186,1.09949,1.0995,1120000,750000
2019.10.03 14:08:11.297,1.09952,1.09956,3260000,1500000
2019.10.03 14:08:11.399,1.09952,1.09955,750000,1750000
2019.10.03 14:08:11.551,1.09952,1.09954,750000,1750000
2019.10.03 14:08:11.602,1.09954,1.09956,2060000,2250000
2019.10.03 14:08:11.703,1.09956,1.09957,940000,1870000
2019.10.03 14:08:11.753,1.09957,1.0996,1120000,2620000
2019.10.03 14:08:11.805,1.09959,1.0996,500000,750000
2019.10.03 14:08:11.906,1.09957,1.09959,1000000,750000
2019.10.03 14:08:12.026,1.09958,1.09959,940000,1500000
2019.10.03 14:08:12.141,1.09956,1.09959,750000,7750000
2019.10.03 14:08:12.242,1.09957,1.0996,5140000,2250000
2019.10.03 14:08:12.344,1.09956,1.09959,500000,2440000
2019.10.03 14:08:12.657,1.09956,1.09959,3620000,1690000
2019.10.03 14:08:12.762,1.09954,1.09956,3370000,2250000
2019.10.03 14:08:12.864,1.09952,1.09955,1870000,2250000
2019.10.03 14:08:12.967,1.09953,1.09956,3750000,3250000
2019.10.03 14:08:13.069,1.09953,1.09954,750000,2440000
2019.10.03 14:08:13.173,1.09953,1.09955,1000000,2250000
2019.10.03 14:08:13.275,1.09954,1.09956,940000,750000
2019.10.03 14:08:13.497,1.09955,1.09957,1000000,2250000
2019.10.03 14:08:13.598,1.09955,1.09957,2060000,2250000
2019.10.03 14:08:13.700,1.09954,1.09957,2120000,2250000
2019.10.03 14:08:14.578,1.09956,1.09958,1500000,2440000
2019.10.03 14:08:14.731,1.09957,1.09958,750000,2250000
2019.10.03 14:08:14.884,1.09957,1.09959,940000,4500000
2019.10.03 14:08:14.988,1.09958,1.0996,3560000,2250000
2019.10.03 14:08:15.142,1.09957,1.09958,750000,3750000
2019.10.03 14:08:15.249,1.09957,1.09959,940000,3750000
2019.10.03 14:08:15.515,1.09956,1.09958,1120000,750000
2019.10.03 14:08:15.618,1.09953,1.09955,1870000,2500000
2019.10.03 14:08:15.770,1.09952,1.09955,2440000,4500000
2019.10.03 14:08:15.970,1.09953,1.09955,940000,750000
2019.10.03 14:08:16.122,1.09953,1.09957,2120000,3000000
2019.10.03 14:08:16.173,1.09952,1.09954,750000,1690000
2019.10.03 14:08:16.274,1.09951,1.09954,2250000,2500000
2019.10.03 14:08:16.387,1.09951,1.09953,750000,3750000
2019.10.03 14:08:16.488,1.0995,1.09952,500000,1490000
2019.10.03 14:08:16.539,1.09947,1.09949,750000,1500000
2019.10.03 14:08:16.590,1.09948,1.0995,1500000,1000000
2019.10.03 14:08:16.691,1.09947,1.0995,3190000,3000000
2019.10.03 14:08:16.793,1.0995,1.09952,1000000,3000000
2019.10.03 14:08:16.910,1.09947,1.09951,1690000,3190000
2019.10.03 14:08:17.062,1.09947,1.09951,1500000,5500000
2019.10.03 14:08:17.113,1.09948,1.09951,1500000,1000000
2019.10.03 14:08:17.214,1.09951,1.09953,1750000,1500000
2019.10.03 14:08:17.331,1.0995,1.09953,1000000,3750000
2019.10.03 14:08:17.433,1.09951,1.09954,940000,3370000
2019.10.03 14:08:17.539,1.09953,1.09955,1000000,3370000
2019.10.03 14:08:17.641,1.09953,1.09956,1750000,1500000
2019.10.03 14:08:17.743,1.09952,1.09955,1000000,3190000
2019.10.03 14:08:17.855,1.09952,1.09956,2440000,2500000
2019.10.03 14:08:18.451,1.09954,1.09956,1000000,2250000
2019.10.03 14:08:18.553,1.09955,1.09956,750000,500000
2019.10.03 14:08:18.656,1.09954,1.09956,750000,940000
2019.10.03 14:08:19.120,1.09952,1.09956,2810000,2440000
2019.10.03 14:08:19.272,1.09952,1.09956,2500000,1500000
2019.10.03 14:08:19.486,1.09952,1.09956,2060000,2440000
2019.10.03 14:08:19.587,1.09953,1.09955,750000,1500000
2019.10.03 14:08:20.217,1.09953,1.09956,1870000,1690000
2019.10.03 14:08:20.319,1.09954,1.09957,3370000,940000
2019.10.03 14:08:20.420,1.09955,1.09958,2440000,3750000
2019.10.03 14:08:20.471,1.09957,1.09959,3190000,750000
2019.10.03 14:08:20.614,1.09957,1.09958,1500000,940000
2019.10.03 14:08:20.918,1.09955,1.09958,750000,1750000
2019.10.03 14:08:21.328,1.09956,1.0996,2570000,4000000
2019.10.03 14:08:21.429,1.09956,1.0996,1500000,7190000
2019.10.03 14:08:21.635,1.09957,1.0996,1690000,1750000
2019.10.03 14:08:22.382,1.09958,1.0996,3560000,1500000
2019.10.03 14:08:22.432,1.09957,1.0996,4690000,750000
2019.10.03 14:08:22.534,1.09956,1.0996,4690000,3190000
2019.10.03 14:08:22.855,1.09956,1.09959,750000,3190000
2019.10.03 14:08:22.956,1.09954,1.09958,3560000,1690000
2019.10.03 14:08:23.072,1.09954,1.09957,1500000,940000
2019.10.03 14:08:23.173,1.09954,1.09956,750000,940000
2019.10.03 14:08:23.382,1.09955,1.09956,750000,1120000
2019.10.03 14:08:23.483,1.09954,1.09956,750000,2060000
2019.10.03 14:08:23.585,1.09955,1.09957,750000,1690000
2019.10.03 14:08:23.737,1.09952,1.09954,1870000,560000
2019.10.03 14:08:23.906,1.09952,1.09953,750000,940000
2019.10.03 14:08:24.060,1.09951,1.09952,2250000,750000
2019.10.03 14:08:24.111,1.0995,1.09951,750000,940000
2019.10.03 14:08:24.275,1.0995,1.09952,3000000,940000
2019.10.03 14:08:24.629,1.0995,1.09951,750000,940000
2019.10.03 14:08:24.730,1.09949,1.09951,750000,940000
2019.10.03 14:08:24.847,1.09949,1.09952,1870000,750000
2019.10.03 14:08:24.999,1.09949,1.09952,750000,1000000
2019.10.03 14:08:25.151,1.09949,1.09951,750000,1000000
2019.10.03 14:08:25.286,1.09949,1.09952,1690000,1370000
2019.10.03 14:08:25.337,1.09952,1.09953,1120000,750000
2019.10.03 14:08:25.439,1.0995,1.09953,1870000,940000
2019.10.03 14:08:25.540,1.09948,1.09952,750000,3250000
2019.10.03 14:08:25.793,1.09948,1.0995,1500000,500000
2019.10.03 14:08:25.895,1.09947,1.09949,750000,1750000
2019.10.03 14:08:25.946,1.09946,1.09947,750000,1500000
2019.10.03 14:08:26.200,1.09946,1.09949,1310000,2620000
2019.10.03 14:08:26.348,1.09946,1.09949,1750000,4120000
2019.10.03 14:08:26.449,1.09946,1.09949,750000,4120000
2019.10.03 14:08:26.551,1.09946,1.09949,750000,3620000
2019.10.03 14:08:26.762,1.09946,1.09949,1500000,2060000
2019.10.03 14:08:26.875,1.09946,1.09948,1500000,1500000
2019.10.03 14:08:26.978,1.09944,1.09946,750000,1130000
2019.10.03 14:08:27.081,1.09943,1.09945,1500000,940000
2019.10.03 14:08:27.182,1.09944,1.09947,2870000,750000
2019.10.03 14:08:27.286,1.09943,1.09945,750000,940000
2019.10.03 14:08:27.641,1.09942,1.09945,2060000,940000
2019.10.03 14:08:28.026,1.09943,1.09945,1310000,750000
2019.10.03 14:08:28.127,1.09941,1.09944,750000,2500000
2019.10.03 14:08:28.391,1.09941,1.09942,750000,1500000
2019.10.03 14:08:28.442,1.09941,1.09944,1690000,1500000
2019.10.03 14:08:28.747,1.09941,1.09944,1500000,4370000
2019.10.03 14:08:29.715,1.09947,1.09948,2440000,9450000
2019.10.03 14:08:29.815,1.09954,1.09955,750000,750000
2019.10.03 14:08:29.918,1.09954,1.09956,2250000,750000
2019.10.03 14:08:30.019,1.09953,1.09955,750000,1500000
2019.10.03 14:08:30.415,1.09953,1.09954,750000,750000
2019.10.03 14:08:30.618,1.09953,1.09955,3370000,750000
2019.10.03 14:08:30.780,1.09957,1.09958,1010000,750000
2019.10.03 14:08:30.881,1.09957,1.09959,1500000,750000
2019.10.03 14:08:30.983,1.09955,1.09957,2500000,2250000
2019.10.03 14:08:31.247,1.09953,1.09957,2620000,1870000
2019.10.03 14:08:31.397,1.09954,1.09957,750000,1370000
2019.10.03 14:08:31.549,1.09954,1.09957,940000,750000
2019.10.03 14:08:31.650,1.09952,1.09956,750000,1750000
2019.10.03 14:08:31.751,1.09952,1.09956,1500000,2120000
2019.10.03 14:08:31.895,1.09952,1.09956,1690000,940000
2019.10.03 14:08:32.523,1.09952,1.09956,2250000,750000
2019.10.03 14:08:32.624,1.09953,1.09955,750000,940000
2019.10.03 14:08:32.812,1.09953,1.09956,3000000,560000
2019.10.03 14:08:33.511,1.09952,1.09953,1500000,2440000
2019.10.03 14:08:33.562,1.09949,1.09951,3000000,1000000
2019.10.03 14:08:33.664,1.09947,1.09951,750000,2120000
2019.10.03 14:08:33.810,1.09946,1.09948,2620000,4370000
2019.10.03 14:08:33.861,1.09945,1.09947,3370000,500000
2019.10.03 14:08:33.962,1.09942,1.09946,750000,5100000
2019.10.03 14:08:34.063,1.09942,1.09947,4870000,3600000
2019.10.03 14:08:34.139,1.09944,1.09947,4870000,1000000
2019.10.03 14:08:34.247,1.09944,1.09947,1310000,1500000
2019.10.03 14:08:34.348,1.09945,1.09947,1690000,1500000
2019.10.03 14:08:34.449,1.09943,1.09947,940000,3560000
2019.10.03 14:08:34.599,1.09943,1.09946,1500000,1000000
2019.10.03 14:08:34.751,1.09942,1.09945,750000,1000000
2019.10.03 14:08:34.853,1.09942,1.09945,4120000,2120000
2019.10.03 14:08:34.975,1.09943,1.09946,1500000,940000
2019.10.03 14:08:35.077,1.09943,1.09946,3250000,750000
2019.10.03 14:08:35.179,1.09942,1.09946,3250000,1870000
2019.10.03 14:08:35.280,1.09943,1.09946,3000000,940000
2019.10.03 14:08:35.442,1.09941,1.09945,1500000,2870000
2019.10.03 14:08:35.544,1.0994,1.09941,1500000,750000
2019.10.03 14:08:35.594,1.09938,1.0994,750000,750000
2019.10.03 14:08:35.754,1.0994,1.09942,1500000,940000
2019.10.03 14:08:35.863,1.09938,1.09941,750000,940000
2019.10.03 14:08:36.123,1.09937,1.09941,2250000,3250000
2019.10.03 14:08:36.174,1.09937,1.09941,1500000,1750000
2019.10.03 14:08:36.376,1.09938,1.09941,1500000,1000000
2019.10.03 14:08:36.488,1.0994,1.09942,2440000,750000
2019.10.03 14:08:36.590,1.09941,1.09943,940000,750000
2019.10.03 14:08:36.692,1.09942,1.09944,940000,1500000
2019.10.03 14:08:36.743,1.09944,1.09945,940000,1120000
2019.10.03 14:08:36.794,1.09945,1.09947,1500000,1500000
2019.10.03 14:08:36.844,1.09944,1.09945,940000,1500000
2019.10.03 14:08:36.998,1.09947,1.09948,940000,750000
2019.10.03 14:08:37.150,1.09948,1.09949,940000,1500000
2019.10.03 14:08:37.364,1.09948,1.09949,940000,1500000
2019.10.03 14:08:37.568,1.09945,1.09947,750000,1000000
2019.10.03 14:08:37.710,1.09945,1.09948,500000,2500000
2019.10.03 14:08:37.761,1.09944,1.09946,1500000,2820000
2019.10.03 14:08:37.862,1.09944,1.09946,750000,1000000
2019.10.03 14:08:37.964,1.09943,1.09946,750000,3220000
2019.10.03 14:08:38.115,1.09943,1.09946,1000000,750000
2019.10.03 14:08:38.985,1.09942,1.09946,1000000,750000
2019.10.03 14:08:39.138,1.09941,1.09944,1000000,2440000
2019.10.03 14:08:39.261,1.09942,1.09945,6620000,750000
2019.10.03 14:08:39.413,1.09942,1.09946,2120000,3370000
2019.10.03 14:08:39.565,1.09943,1.09946,2120000,750000
2019.10.03 14:08:39.667,1.09945,1.09947,1750000,3000000
2019.10.03 14:08:39.789,1.09946,1.0995,1000000,3370000
2019.10.03 14:08:39.890,1.09947,1.0995,1000000,2250000
2019.10.03 14:08:39.992,1.09948,1.09952,2870000,1690000
2019.10.03 14:08:40.331,1.09947,1.09949,750000,1370000
2019.10.03 14:08:40.432,1.09948,1.0995,1690000,750000
2019.10.03 14:08:40.483,1.09949,1.09952,940000,1000000
2019.10.03 14:08:40.534,1.09948,1.09951,750000,1690000
2019.10.03 14:08:40.839,1.09948,1.0995,750000,1690000
2019.10.03 14:08:41.800,1.09949,1.0995,750000,750000
2019.10.03 14:08:41.909,1.09948,1.0995,750000,1690000
2019.10.03 14:08:42.263,1.09949,1.09953,6370000,4000000
2019.10.03 14:08:42.314,1.09953,1.09954,3000000,750000
2019.10.03 14:08:42.417,1.09953,1.09954,750000,940000
2019.10.03 14:08:42.520,1.09953,1.09956,2120000,940000
2019.10.03 14:08:43.544,1.09956,1.09958,2120000,3000000
2019.10.03 14:08:43.645,1.09956,1.0996,4000000,4500000
2019.10.03 14:08:43.696,1.09956,1.0996,3000000,5500000
2019.10.03 14:08:43.797,1.09956,1.0996,2250000,3250000
2019.10.03 14:08:43.945,1.09955,1.09957,3000000,1310000
2019.10.03 14:08:44.046,1.09954,1.09956,1500000,940000
2019.10.03 14:08:44.147,1.09951,1.09953,2250000,3190000
2019.10.03 14:08:44.249,1.09948,1.09951,750000,2120000
2019.10.03 14:08:44.401,1.0995,1.09951,750000,750000
2019.10.03 14:08:44.502,1.09951,1.09953,1370000,750000
2019.10.03 14:08:44.604,1.09951,1.09953,750000,940000
2019.10.03 14:08:44.705,1.09952,1.09955,2200000,2250000
2019.10.03 14:08:44.926,1.09952,1.09955,750000,2250000
2019.10.03 14:08:45.180,1.09952,1.09953,500000,2250000
2019.10.03 14:08:45.230,1.0995,1.09954,4310000,1950000
2019.10.03 14:08:45.281,1.0995,1.09952,750000,1130000
2019.10.03 14:08:45.431,1.0995,1.09952,2120000,750000
2019.10.03 14:08:45.482,1.09947,1.0995,560000,1120000
2019.10.03 14:08:45.989,1.09948,1.09949,940000,1500000
2019.10.03 14:08:46.040,1.0995,1.09951,940000,750000
2019.10.03 14:08:46.142,1.09949,1.09952,750000,1000000
2019.10.03 14:08:46.243,1.09949,1.09951,750000,1750000
2019.10.03 14:08:46.396,1.09948,1.09952,1870000,1310000
2019.10.03 14:08:46.502,1.09947,1.0995,500000,1000000
2019.10.03 14:08:46.607,1.09945,1.09947,2620000,2870000
2019.10.03 14:08:46.709,1.09943,1.09946,500000,1000000
2019.10.03 14:08:46.760,1.09943,1.09945,1120000,940000
2019.10.03 14:08:46.861,1.09943,1.09946,4120000,940000
2019.10.03 14:08:47.005,1.09942,1.09946,3560000,2440000
2019.10.03 14:08:47.360,1.09942,1.09945,560000,750000
2019.10.03 14:08:47.665,1.09941,1.09945,1310000,3560000
2019.10.03 14:08:47.969,1.09941,1.09944,750000,1690000
2019.10.03 14:08:48.079,1.09942,1.09944,750000,2440000
2019.10.03 14:08:48.181,1.09939,1.09942,1500000,3320000
2019.10.03 14:08:48.232,1.09939,1.0994,750000,1010000
2019.10.03 14:08:48.284,1.09939,1.09942,5620000,1000000
2019.10.03 14:08:48.538,1.09937,1.09941,3560000,1690000
2019.10.03 14:08:48.640,1.09937,1.0994,1870000,1500000
2019.10.03 14:08:49.282,1.09936,1.0994,940000,3370000
2019.10.03 14:08:49.334,1.09936,1.09937,1870000,1500000
2019.10.03 14:08:49.486,1.09933,1.09937,2810000,1690000
2019.10.03 14:08:49.830,1.09932,1.09934,750000,2060000
2019.10.03 14:08:49.932,1.09932,1.09935,2810000,750000
2019.10.03 14:08:50.033,1.09931,1.09934,1690000,2250000
2019.10.03 14:08:50.192,1.09932,1.09935,1000000,2250000
2019.10.03 14:08:50.294,1.09932,1.09936,2440000,2440000
2019.10.03 14:08:50.396,1.09934,1.09935,750000,750000
2019.10.03 14:08:50.498,1.09933,1.09936,940000,750000
2019.10.03 14:08:50.600,1.09935,1.09938,1310000,750000
2019.10.03 14:08:50.719,1.09935,1.09937,750000,1690000
2019.10.03 14:08:50.770,1.09936,1.09939,940000,750000
2019.10.03 14:08:50.874,1.09935,1.09938,750000,940000
2019.10.03 14:08:50.975,1.09936,1.0994,1370000,2250000
2019.10.03 14:08:51.026,1.0994,1.09941,3000000,1500000
2019.10.03 14:08:51.077,1.09938,1.09941,1500000,1690000
2019.10.03 14:08:51.230,1.09937,1.09941,1310000,4690000
2019.10.03 14:08:51.332,1.09937,1.09941,3250000,750000
2019.10.03 14:08:51.536,1.09937,1.09941,2440000,2440000
2019.10.03 14:08:52.553,1.09939,1.09941,500000,940000
2019.10.03 14:08:52.856,1.09938,1.09942,1690000,1690000
2019.10.03 14:08:53.233,1.0994,1.09941,750000,750000
2019.10.03 14:08:53.284,1.09941,1.09943,1390000,750000
2019.10.03 14:08:53.385,1.09941,1.09944,940000,3750000
2019.10.03 14:08:53.643,1.09943,1.09945,750000,2620000
2019.10.03 14:08:53.989,1.09942,1.09946,1310000,3000000
2019.10.03 14:08:54.100,1.09943,1.09946,1310000,750000
2019.10.03 14:08:54.891,1.09943,1.09945,940000,750000
2019.10.03 14:08:54.993,1.0994,1.09942,750000,1120000
2019.10.03 14:08:55.147,1.09939,1.09942,1120000,4690000
2019.10.03 14:08:55.551,1.09938,1.0994,750000,3250000
2019.10.03 14:08:56.002,1.09939,1.09941,750000,940000
2019.10.03 14:08:56.053,1.09942,1.09943,510000,750000
2019.10.03 14:08:56.156,1.09941,1.09943,1260000,750000
2019.10.03 14:08:56.261,1.09942,1.09945,4000000,3750000
2019.10.03 14:08:56.363,1.09943,1.09947,4750000,3000000
2019.10.03 14:08:56.464,1.09944,1.09947,4750000,750000
2019.10.03 14:08:56.735,1.09945,1.09947,1000000,2250000
2019.10.03 14:08:57.089,1.09945,1.09948,2500000,1500000
2019.10.03 14:08:57.648,1.09946,1.09948,1750000,2250000
2019.10.03 14:08:57.784,1.09948,1.0995,1750000,750000
2019.10.03 14:08:57.885,1.09947,1.0995,750000,3250000
2019.10.03 14:08:58.198,1.09946,1.09948,750000,2440000
2019.10.03 14:08:58.302,1.09945,1.09947,1120000,1120000
2019.10.03 14:08:58.403,1.09944,1.09947,2250000,2500000
2019.10.03 14:08:58.454,1.09944,1.09947,2500000,1500000
2019.10.03 14:08:58.607,1.09944,1.09946,1000000,1500000
2019.10.03 14:08:59.655,1.09944,1.09946,1500000,1500000
2019.10.03 14:08:59.959,1.09944,1.09946,750000,2500000
2019.10.03 14:09:00.010,1.09947,1.09949,2320000,750000
2019.10.03 14:09:00.111,1.09948,1.09949,750000,750000
2019.10.03 14:09:00.217,1.09948,1.0995,2060000,750000
2019.10.03 14:09:00.321,1.09947,1.09949,1870000,750000
2019.10.03 14:09:00.373,1.09946,1.09947,750000,750000
2019.10.03 14:09:00.425,1.09944,1.09947,1310000,750000
2019.10.03 14:09:00.526,1.09945,1.09947,1310000,750000
2019.10.03 14:09:00.639,1.09945,1.09947,2870000,750000
2019.10.03 14:09:00.740,1.09945,1.09948,750000,3250000
2019.10.03 14:09:00.841,1.09947,1.09949,3560000,940000
2019.10.03 14:09:01.793,1.09948,1.09949,940000,750000
2019.10.03 14:09:02.158,1.09947,1.09949,500000,1500000
2019.10.03 14:09:02.858,1.0995,1.09951,750000,940000
2019.10.03 14:09:02.968,1.09952,1.09953,500000,2250000
2019.10.03 14:09:03.070,1.09952,1.09956,2120000,2250000
2019.10.03 14:09:03.173,1.09952,1.09956,1750000,3000000
2019.10.03 14:09:03.718,1.09953,1.09955,940000,750000
2019.10.03 14:09:04.783,1.09953,1.09957,3250000,1500000
2019.10.03 14:09:04.986,1.09952,1.09953,750000,1690000
2019.10.03 14:09:05.037,1.09951,1.09952,750000,750000
2019.10.03 14:09:05.161,1.09944,1.09947,2250000,3940000
2019.10.03 14:09:05.212,1.09945,1.09948,4120000,1000000
2019.10.03 14:09:05.313,1.09944,1.09947,2620000,1000000
2019.10.03 14:09:05.426,1.09944,1.09947,2870000,750000
2019.10.03 14:09:05.531,1.09946,1.09948,1000000,2250000
2019.10.03 14:09:06.083,1.09941,1.09945,4870000,3250000
2019.10.03 14:09:06.134,1.09941,1.09943,500000,1000000
2019.10.03 14:09:06.344,1.0994,1.09943,500000,2500000
2019.10.03 14:09:06.446,1.0994,1.09943,500000,2440000
2019.10.03 14:09:07.260,1.09939,1.09942,1870000,3620000
2019.10.03 14:09:07.311,1.09938,1.0994,2620000,3560000
2019.10.03 14:09:07.419,1.09936,1.09938,500000,560000
2019.10.03 14:09:07.524,1.09935,1.09937,750000,1000000
2019.10.03 14:09:07.626,1.09937,1.0994,630000,3750000
2019.10.03 14:09:07.732,1.09937,1.09939,1000000,4500000
2019.10.03 14:09:07.834,1.09936,1.09939,1000000,4500000
2019.10.03 14:09:07.885,1.09942,1.09943,7500000,750000
2019.10.03 14:09:07.936,1.0994,1.09943,1500000,2250000
2019.10.03 14:09:08.037,1.0994,1.09944,3000000,1500000
2019.10.03 14:09:08.088,1.09939,1.09941,1000000,750000
2019.10.03 14:09:08.203,1.09938,1.09942,2500000,3370000
2019.10.03 14:09:08.306,1.09938,1.09942,2500000,1500000
2019.10.03 14:09:08.357,1.09938,1.09942,1500000,2500000
2019.10.03 14:09:08.459,1.0994,1.09943,940000,750000
2019.10.03 14:09:08.561,1.09939,1.09941,940000,750000
2019.10.03 14:09:08.667,1.09938,1.09942,1000000,2250000
2019.10.03 14:09:08.768,1.09938,1.09942,750000,2500000
2019.10.03 14:09:08.870,1.09938,1.09942,1000000,2440000
2019.10.03 14:09:09.228,1.09939,1.09942,1000000,750000
2019.10.03 14:09:09.329,1.09941,1.09943,560000,3000000
2019.10.03 14:09:09.431,1.09943,1.09947,3250000,750000
2019.10.03 14:09:09.680,1.09943,1.09945,1500000,940000
2019.10.03 14:09:09.882,1.09942,1.09944,1250000,2620000
2019.10.03 14:09:09.984,1.0994,1.09943,1120000,1000000
2019.10.03 14:09:10.106,1.09938,1.09942,500000,3620000
2019.10.03 14:09:10.258,1.0994,1.09942,500000,750000
2019.10.03 14:09:10.359,1.09941,1.09944,1750000,750000
2019.10.03 14:09:10.461,1.09941,1.09944,1350000,750000
2019.10.03 14:09:10.613,1.09943,1.09944,560000,750000
2019.10.03 14:09:10.715,1.09943,1.09946,1000000,2440000
2019.10.03 14:09:10.816,1.09944,1.09946,1000000,750000
2019.10.03 14:09:10.919,1.09943,1.09947,2870000,940000
2019.10.03 14:09:11.234,1.09944,1.09947,1750000,750000
2019.10.03 14:09:11.336,1.09945,1.09946,940000,750000
2019.10.03 14:09:11.387,1.09947,1.09948,560000,750000
2019.10.03 14:09:11.438,1.09947,1.09949,580000,1500000
2019.10.03 14:09:11.548,1.09947,1.0995,1750000,2250000
2019.10.03 14:09:11.650,1.09946,1.09949,5060000,2250000
2019.10.03 14:09:11.752,1.09945,1.09949,7310000,1690000
2019.10.03 14:09:11.803,1.09945,1.09949,5810000,1750000
2019.10.03 14:09:11.904,1.09943,1.09947,1870000,3620000
2019.10.03 14:09:12.008,1.09943,1.09947,1870000,1000000
2019.10.03 14:09:12.109,1.09943,1.09946,750000,1750000
2019.10.03 14:09:12.261,1.09943,1.09946,1500000,940000
2019.10.03 14:09:12.569,1.09945,1.09948,1370000,750000
2019.10.03 14:09:12.722,1.09946,1.0995,2200000,750000
2019.10.03 14:09:12.823,1.09945,1.09949,1000000,3750000
2019.10.03 14:09:12.924,1.09947,1.09949,1000000,750000
2019.10.03 14:09:13.193,1.09946,1.0995,3250000,1870000
2019.10.03 14:09:13.347,1.09947,1.0995,2500000,1500000
2019.10.03 14:09:13.463,1.09947,1.0995,1000000,750000
2019.10.03 14:09:13.565,1.09946,1.09951,4370000,2620000
2019.10.03 14:09:13.666,1.09946,1.0995,1000000,3370000
2019.10.03 14:09:13.768,1.09947,1.09951,4370000,750000
2019.10.03 14:09:13.904,1.09946,1.09951,2870000,4120000
2019.10.03 14:09:14.006,1.09947,1.0995,1000000,750000
2019.10.03 14:09:14.188,1.09946,1.0995,1000000,1870000
2019.10.03 14:09:14.313,1.09945,1.09947,2810000,3190000
2019.10.03 14:09:14.417,1.09943,1.09947,2810000,1690000
2019.10.03 14:09:14.620,1.09943,1.09947,2870000,1690000
2019.10.03 14:09:15.016,1.09944,1.09947,2870000,750000
2019.10.03 14:09:15.230,1.09944,1.09947,2810000,750000
2019.10.03 14:09:15.382,1.09944,1.09946,750000,2250000
2019.10.03 14:09:15.740,1.09941,1.09943,2250000,560000
2019.10.03 14:09:15.841,1.09939,1.09943,2060000,3190000
2019.10.03 14:09:16.145,1.0994,1.09943,3560000,750000
2019.10.03 14:09:17.207,1.0994,1.09942,750000,940000
2019.10.03 14:09:18.197,1.0994,1.09944,4030000,2440000
2019.10.03 14:09:18.907,1.09941,1.09944,1690000,1500000
2019.10.03 14:09:19.008,1.09941,1.09943,750000,750000
2019.10.03 14:09:19.109,1.09941,1.09942,750000,750000
2019.10.03 14:09:19.211,1.09941,1.09943,1310000,750000
2019.10.03 14:09:20.025,1.09938,1.09941,750000,4070000
2019.10.03 14:09:20.076,1.09938,1.09942,4750000,3000000
2019.10.03 14:09:20.178,1.09939,1.09942,4000000,750000
2019.10.03 14:09:20.292,1.09938,1.09941,940000,3000000
2019.10.03 14:09:20.394,1.09939,1.09941,1010000,750000
2019.10.03 14:09:20.606,1.09939,1.09941,1070000,750000
2019.10.03 14:09:21.114,1.09937,1.09938,750000,2250000
2019.10.03 14:09:21.265,1.09934,1.09938,2440000,2440000
2019.10.03 14:09:21.316,1.09934,1.09938,1690000,2500000
2019.10.03 14:09:21.417,1.09934,1.09938,2500000,1750000
2019.10.03 14:09:21.717,1.09934,1.09938,1500000,1000000
2019.10.03 14:09:21.922,1.09934,1.09938,2500000,1500000
2019.10.03 14:09:22.444,1.09937,1.0994,1690000,1500000
2019.10.03 14:09:22.546,1.09937,1.09939,750000,750000
2019.10.03 14:09:22.887,1.09939,1.09941,750000,2440000
2019.10.03 14:09:22.989,1.09939,1.09942,940000,1500000
2019.10.03 14:09:23.091,1.09942,1.09944,940000,750000
2019.10.03 14:09:23.243,1.09943,1.09945,1750000,750000
2019.10.03 14:09:23.459,1.09943,1.09945,940000,750000
2019.10.03 14:09:23.947,1.09944,1.09946,1000000,750000
2019.10.03 14:09:24.049,1.09943,1.09946,1000000,3000000
2019.10.03 14:09:24.162,1.09944,1.09947,2120000,750000
2019.10.03 14:09:24.213,1.09943,1.09946,1000000,4500000
2019.10.03 14:09:24.314,1.09944,1.09946,1000000,750000
2019.10.03 14:09:24.415,1.09943,1.09947,2120000,3190000
2019.10.03 14:09:25.106,1.09944,1.09946,1000000,750000
2019.10.03 14:09:25.948,1.09945,1.09947,1000000,1500000
2019.10.03 14:09:26.033,1.09946,1.0995,2250000,2250000
2019.10.03 14:09:26.135,1.09946,1.0995,2120000,3000000
2019.10.03 14:09:26.236,1.09945,1.09947,940000,940000
2019.10.03 14:09:26.338,1.09944,1.09946,1000000,750000
2019.10.03 14:09:26.484,1.09943,1.09946,1750000,4310000
2019.10.03 14:09:26.586,1.09941,1.09943,1120000,820000
2019.10.03 14:09:26.688,1.09939,1.09943,1120000,2870000
2019.10.03 14:09:26.840,1.09939,1.09943,2500000,2620000
2019.10.03 14:09:27.051,1.09939,1.09943,940000,4370000
2019.10.03 14:09:27.684,1.09941,1.09946,4750000,3000000
2019.10.03 14:09:28.531,1.09942,1.09945,3250000,750000
2019.10.03 14:09:28.632,1.09941,1.09945,5500000,2320000
2019.10.03 14:09:28.733,1.09942,1.09944,940000,1120000
2019.10.03 14:09:28.943,1.09941,1.09943,940000,1500000
2019.10.03 14:09:29.146,1.09939,1.09943,940000,940000
2019.10.03 14:09:29.434,1.09938,1.09942,1120000,1750000
2019.10.03 14:09:29.489,1.09938,1.09939,1500000,1120000
2019.10.03 14:09:29.591,1.09937,1.09939,1870000,750000
2019.10.03 14:09:29.692,1.09936,1.09938,1000000,750000
2019.10.03 14:09:29.794,1.09934,1.09938,1000000,4000000
2019.10.03 14:09:30.763,1.09934,1.09939,2440000,4070000
2019.10.03 14:09:31.078,1.09934,1.09938,750000,2870000
2019.10.03 14:09:31.179,1.09934,1.09938,3250000,3620000
2019.10.03 14:09:31.280,1.09934,1.09938,750000,3620000
2019.10.03 14:09:31.331,1.09937,1.09939,750000,2440000
2019.10.03 14:09:31.473,1.09939,1.0994,750000,940000
2019.10.03 14:09:31.625,1.09938,1.09941,1690000,3000000
2019.10.03 14:09:31.878,1.09939,1.09941,940000,750000
2019.10.03 14:09:31.983,1.09938,1.0994,750000,3000000
2019.10.03 14:09:32.085,1.09939,1.0994,1500000,750000
2019.10.03 14:09:32.186,1.09938,1.0994,1500000,1500000
2019.10.03 14:09:32.389,1.09939,1.0994,1500000,750000
2019.10.03 14:09:32.512,1.09938,1.09939,750000,750000
2019.10.03 14:09:32.563,1.09934,1.09938,2440000,4310000
2019.10.03 14:09:32.719,1.09934,1.09937,750000,2810000
2019.10.03 14:09:33.022,1.09935,1.09936,750000,750000
2019.10.03 14:09:33.147,1.09934,1.09937,940000,1870000
2019.10.03 14:09:33.349,1.09935,1.09936,750000,750000
2019.10.03 14:09:33.450,1.09934,1.09936,750000,1500000
2019.10.03 14:09:33.591,1.09934,1.09937,940000,1500000
2019.10.03 14:09:33.692,1.09933,1.09936,3750000,2060000
2019.10.03 14:09:33.794,1.09932,1.09935,3190000,1120000
2019.10.03 14:09:33.896,1.09931,1.09934,750000,3560000
2019.10.03 14:09:33.998,1.09931,1.09932,750000,1500000
2019.10.03 14:09:34.115,1.09927,1.09931,1500000,3620000
2019.10.03 14:09:34.166,1.09927,1.09931,1500000,2870000
2019.10.03 14:09:34.267,1.09927,1.09931,2500000,2870000
2019.10.03 14:09:35.171,1.09926,1.09929,2250000,3620000
2019.10.03 14:09:35.304,1.09925,1.09926,750000,1010000
2019.10.03 14:09:35.406,1.09924,1.09927,3000000,560000
2019.10.03 14:09:35.507,1.09923,1.09927,3130000,3250000
2019.10.03 14:09:35.558,1.09923,1.09926,750000,2440000
2019.10.03 14:09:35.719,1.09924,1.09927,2440000,1500000
2019.10.03 14:09:35.775,1.09925,1.09927,2440000,750000
2019.10.03 14:09:36.078,1.09923,1.09926,750000,3940000
2019.10.03 14:09:36.341,1.09925,1.09926,940000,1500000
2019.10.03 14:09:36.442,1.09925,1.09928,1040000,1690000
2019.10.03 14:09:36.546,1.09927,1.0993,3940000,750000
2019.10.03 14:09:36.677,1.09928,1.0993,3190000,750000
2019.10.03 14:09:36.779,1.09928,1.0993,1750000,750000
2019.10.03 14:09:36.880,1.09929,1.0993,1690000,750000
2019.10.03 14:09:37.082,1.0993,1.09932,2250000,750000
2019.10.03 14:09:37.220,1.09928,1.09931,4000000,1500000
2019.10.03 14:09:37.322,1.09927,1.09929,750000,1120000
2019.10.03 14:09:37.424,1.09926,1.09928,750000,3000000
2019.10.03 14:09:37.525,1.09926,1.09929,2440000,1500000
2019.10.03 14:09:37.916,1.09926,1.09928,750000,2250000
2019.10.03 14:09:38.017,1.09926,1.09929,3190000,1500000
2019.10.03 14:09:38.579,1.09927,1.09929,750000,1500000
2019.10.03 14:09:39.646,1.09925,1.09928,750000,3750000
2019.10.03 14:09:39.747,1.09926,1.09929,3190000,750000
2019.10.03 14:09:39.848,1.09924,1.09928,3000000,5500000
2019.10.03 14:09:39.950,1.09925,1.09927,750000,750000
2019.10.03 14:09:40.054,1.09924,1.09928,3190000,3940000
2019.10.03 14:09:40.155,1.09924,1.09927,1500000,1310000
2019.10.03 14:09:40.358,1.09925,1.09927,1500000,750000
2019.10.03 14:09:40.459,1.09924,1.09927,750000,560000
2019.10.03 14:09:40.867,1.09924,1.09928,1120000,2870000
2019.10.03 14:09:41.205,1.09925,1.09927,750000,940000
2019.10.03 14:09:41.343,1.09924,1.09926,750000,1000000
2019.10.03 14:09:41.833,1.09924,1.09927,750000,1000000
2019.10.03 14:09:41.934,1.09924,1.09928,3750000,1750000
2019.10.03 14:09:42.036,1.09926,1.09929,5510000,3000000
2019.10.03 14:09:42.138,1.09928,1.09929,2250000,750000
2019.10.03 14:09:42.342,1.09927,1.09929,750000,2250000
2019.10.03 14:09:42.455,1.09928,1.0993,1500000,1500000
2019.10.03 14:09:42.557,1.09927,1.0993,1500000,2060000
2019.10.03 14:09:42.659,1.09926,1.09929,940000,4500000
2019.10.03 14:09:43.050,1.09926,1.09929,2500000,3940000
2019.10.03 14:09:43.405,1.09926,1.0993,5060000,2440000
2019.10.03 14:09:43.589,1.09927,1.0993,1690000,750000
2019.10.03 14:09:43.841,1.09926,1.09928,940000,2440000
2019.10.03 14:09:43.943,1.09926,1.09929,940000,3250000
2019.10.03 14:09:44.281,1.09926,1.09928,1500000,1500000
2019.10.03 14:09:44.382,1.09925,1.09928,750000,560000
2019.10.03 14:09:44.632,1.09926,1.09928,750000,750000
2019.10.03 14:09:44.986,1.09925,1.09928,1500000,3190000
2019.10.03 14:09:45.239,1.09924,1.09927,750000,3750000
2019.10.03 14:09:45.342,1.09924,1.09928,6000000,1000000
2019.10.03 14:09:45.444,1.09923,1.09927,2060000,1010000
2019.10.03 14:09:45.494,1.09925,1.09926,1500000,500000
2019.10.03 14:09:45.596,1.09924,1.09926,1120000,750000
2019.10.03 14:09:45.697,1.09922,1.09926,750000,2570000
2019.10.03 14:09:45.823,1.09924,1.09926,1500000,750000
2019.10.03 14:09:45.924,1.09924,1.09928,4850000,3000000
2019.10.03 14:09:46.027,1.09925,1.09928,4750000,750000
2019.10.03 14:09:46.179,1.09924,1.09927,940000,3000000
2019.10.03 14:09:46.681,1.09922,1.09925,750000,4310000
2019.10.03 14:09:46.784,1.09922,1.09926,940000,2060000
2019.10.03 14:09:46.887,1.09924,1.09926,1130000,1120000
2019.10.03 14:09:46.989,1.09924,1.09926,1130000,1250000
2019.10.03 14:09:47.039,1.09922,1.09926,1880000,4760000
2019.10.03 14:09:47.141,1.09922,1.09925,750000,3560000
2019.10.03 14:09:47.652,1.09923,1.09925,750000,750000
2019.10.03 14:09:47.805,1.09922,1.09925,940000,2620000
2019.10.03 14:09:47.866,1.09922,1.09923,750000,1500000
2019.10.03 14:09:47.918,1.09917,1.09918,750000,1120000
2019.10.03 14:09:48.020,1.09916,1.09919,1010000,1500000
2019.10.03 14:09:48.122,1.09917,1.0992,1750000,1120000
2019.10.03 14:09:48.224,1.09917,1.09921,3250000,2620000
2019.10.03 14:09:48.327,1.09918,1.09921,1690000,750000
2019.10.03 14:09:48.429,1.09917,1.0992,750000,2060000
2019.10.03 14:09:48.732,1.09919,1.0992,750000,940000
2019.10.03 14:09:48.783,1.0992,1.09923,1200000,940000
2019.10.03 14:09:48.917,1.09919,1.09922,750000,4000000
2019.10.03 14:09:49.019,1.09919,1.09923,1500000,2870000
2019.10.03 14:09:49.171,1.09921,1.09924,1010000,2250000
2019.10.03 14:09:49.323,1.09921,1.09923,750000,1500000
2019.10.03 14:09:49.432,1.0992,1.09923,2250000,560000
2019.10.03 14:09:49.636,1.09919,1.09921,750000,750000
2019.10.03 14:09:49.737,1.09917,1.09921,1690000,4310000
2019.10.03 14:09:49.839,1.09917,1.09921,1750000,2500000
2019.10.03 14:09:50.004,1.09919,1.09921,750000,2500000
2019.10.03 14:09:50.303,1.0992,1.09922,2250000,750000
2019.10.03 14:09:50.455,1.0992,1.09921,1870000,750000
2019.10.03 14:09:50.573,1.09917,1.09921,4690000,2960000
2019.10.03 14:09:50.675,1.09916,1.0992,500000,6250000
2019.10.03 14:09:50.776,1.09916,1.09921,5060000,5870000
2019.10.03 14:09:50.928,1.0992,1.09922,4310000,750000
2019.10.03 14:09:50.979,1.09921,1.09923,1690000,1870000
2019.10.03 14:09:51.123,1.09923,1.09925,3190000,750000
2019.10.03 14:09:51.226,1.09921,1.09924,2440000,2620000
2019.10.03 14:09:51.327,1.09922,1.09924,2440000,750000
2019.10.03 14:09:51.429,1.09921,1.09924,2440000,2620000
2019.10.03 14:09:51.841,1.09921,1.09922,1500000,1500000
2019.10.03 14:09:51.891,1.09919,1.09922,1500000,2810000
2019.10.03 14:09:52.043,1.0992,1.09922,1500000,750000
2019.10.03 14:09:52.144,1.09919,1.09922,1500000,2060000
2019.10.03 14:09:52.572,1.0992,1.09922,2250000,750000
2019.10.03 14:09:52.673,1.09919,1.09922,2250000,1500000
2019.10.03 14:09:52.926,1.0992,1.09924,3940000,940000
2019.10.03 14:09:53.028,1.09921,1.09924,2440000,3000000
2019.10.03 14:09:53.153,1.09922,1.09924,2500000,500000
2019.10.03 14:09:53.256,1.09921,1.09923,940000,2810000
2019.10.03 14:09:53.459,1.09919,1.0992,3560000,1500000
2019.10.03 14:09:53.510,1.09918,1.0992,2060000,750000
2019.10.03 14:09:53.562,1.09916,1.09918,750000,1500000
2019.10.03 14:09:53.705,1.09913,1.09916,1500000,5500000
2019.10.03 14:09:53.756,1.09913,1.09916,3250000,1120000
2019.10.03 14:09:53.807,1.09914,1.09916,3000000,1500000
2019.10.03 14:09:53.909,1.09914,1.09917,4000000,750000
2019.10.03 14:09:53.959,1.09912,1.09916,940000,4310000
2019.10.03 14:09:54.111,1.09914,1.09916,1690000,750000
2019.10.03 14:09:54.365,1.09912,1.09916,2440000,3560000
2019.10.03 14:09:54.925,1.09912,1.09916,2440000,2500000
2019.10.03 14:09:55.462,1.09916,1.09918,2570000,750000
2019.10.03 14:09:55.513,1.09916,1.09919,3620000,1500000
2019.10.03 14:09:55.614,1.09914,1.09917,1500000,1150000
2019.10.03 14:09:55.730,1.09913,1.09917,1500000,3250000
2019.10.03 14:09:56.395,1.09912,1.09916,750000,3620000
2019.10.03 14:09:56.509,1.09913,1.09915,750000,750000
2019.10.03 14:09:57.088,1.09913,1.09916,2250000,1500000
2019.10.03 14:09:57.189,1.09913,1.09917,2440000,1500000
2019.10.03 14:09:57.291,1.09913,1.09917,940000,2500000
2019.10.03 14:09:57.443,1.09914,1.09916,750000,940000
2019.10.03 14:09:57.853,1.09915,1.09916,750000,1690000
2019.10.03 14:09:57.904,1.09915,1.09919,2140000,2440000
2019.10.03 14:09:58.005,1.09916,1.09919,2060000,750000
2019.10.03 14:09:58.273,1.09916,1.09918,1500000,750000
2019.10.03 14:09:58.375,1.09914,1.09918,1500000,3020000
2019.10.03 14:09:58.476,1.09916,1.0992,1820000,1500000
2019.10.03 14:09:59.084,1.09915,1.09917,2810000,1690000
2019.10.03 14:09:59.241,1.09911,1.09915,750000,5500000
2019.10.03 14:09:59.551,1.09912,1.09914,750000,2440000
2019.10.03 14:09:59.652,1.09913,1.09915,940000,750000
2019.10.03 14:09:59.793,1.09914,1.09917,2500000,2250000
2019.10.03 14:09:59.844,1.09916,1.09918,1000000,2620000
2019.10.03 14:09:59.997,1.09916,1.09919,1000000,4120000
2019.10.03 14:10:00.098,1.09918,1.0992,940000,2250000
2019.10.03 14:10:00.213,1.09922,1.09924,500000,3000000
2019.10.03 14:10:00.265,1.09922,1.09926,1500000,1500000
2019.10.03 14:10:00.366,1.09923,1.09926,750000,750000
2019.10.03 14:10:00.468,1.09924,1.09926,1000000,2250000
2019.10.03 14:10:00.628,1.09923,1.09927,2500000,2250000
2019.10.03 14:10:00.780,1.09923,1.09927,2500000,1500000
2019.10.03 14:10:00.831,1.09924,1.09927,2620000,1000000
2019.10.03 14:10:00.882,1.09923,1.09927,2620000,1750000
2019.10.03 14:10:00.933,1.09926,1.09927,750000,750000
2019.10.03 14:10:01.059,1.09932,1.09934,4390000,2750000
2019.10.03 14:10:01.161,1.09933,1.09936,3000000,1500000
2019.10.03 14:10:01.263,1.09933,1.09937,2620000,3000000
2019.10.03 14:10:01.410,1.09933,1.09936,750000,750000
2019.10.03 14:10:01.616,1.09933,1.09936,1000000,750000
2019.10.03 14:10:01.717,1.09932,1.09936,750000,4830000
2019.10.03 14:10:02.032,1.09937,1.09938,500000,750000
2019.10.03 14:10:02.134,1.09937,1.09939,1120000,1500000
2019.10.03 14:10:02.318,1.09937,1.0994,1690000,3250000
2019.10.03 14:10:02.370,1.09937,1.09939,500000,1690000
2019.10.03 14:10:02.471,1.09939,1.09942,1370000,3940000
2019.10.03 14:10:02.573,1.09938,1.09942,2500000,750000
2019.10.03 14:10:02.674,1.09938,1.09941,1000000,750000
2019.10.03 14:10:02.792,1.0994,1.09944,1390000,4310000
2019.10.03 14:10:02.843,1.09942,1.09946,3470000,2250000
2019.10.03 14:10:02.948,1.09945,1.09947,500000,750000
2019.10.03 14:10:02.999,1.09945,1.09949,9220000,3000000
2019.10.03 14:10:03.173,1.09945,1.09947,750000,3000000
2019.10.03 14:10:03.275,1.09946,1.09948,750000,750000
2019.10.03 14:10:03.376,1.09947,1.09949,5500000,750000
2019.10.03 14:10:03.478,1.09947,1.09949,3190000,750000
2019.10.03 14:10:03.662,1.09947,1.09949,940000,750000
2019.10.03 14:10:03.764,1.09947,1.09949,1690000,750000
2019.10.03 14:10:03.966,1.09947,1.09949,1000000,750000
2019.10.03 14:10:04.137,1.09946,1.0995,2500000,3940000
2019.10.03 14:10:04.735,1.09947,1.09949,4370000,750000
2019.10.03 14:10:04.836,1.09946,1.09949,4370000,940000
2019.10.03 14:10:04.989,1.09947,1.09949,1000000,1500000
2019.10.03 14:10:05.090,1.09946,1.09949,750000,3560000
2019.10.03 14:10:05.196,1.09948,1.09949,750000,750000
2019.10.03 14:10:05.247,1.09948,1.09951,2440000,750000
2019.10.03 14:10:05.349,1.09947,1.09951,2440000,940000
2019.10.03 14:10:05.631,1.09951,1.09952,1690000,750000
2019.10.03 14:10:05.762,1.09953,1.09955,750000,750000
2019.10.03 14:10:07.759,1.09952,1.09953,1500000,940000
2019.10.03 14:10:07.861,1.0995,1.09951,750000,940000
2019.10.03 14:10:08.006,1.09949,1.09952,3190000,750000
2019.10.03 14:10:08.108,1.09948,1.0995,750000,940000
2019.10.03 14:10:08.674,1.09947,1.09951,2320000,1000000
2019.10.03 14:10:08.876,1.09947,1.09951,2440000,940000
2019.10.03 14:10:08.978,1.09947,1.0995,750000,1690000
2019.10.03 14:10:09.245,1.09946,1.09949,750000,4370000
2019.10.03 14:10:09.347,1.09945,1.09947,5250000,1500000
2019.10.03 14:10:09.398,1.09943,1.09946,1690000,750000
2019.10.03 14:10:09.756,1.09946,1.09948,500000,750000
2019.10.03 14:10:09.858,1.09947,1.0995,2870000,940000
2019.10.03 14:10:09.959,1.09947,1.0995,2060000,3250000
2019.10.03 14:10:10.248,1.09947,1.0995,3560000,2250000
2019.10.03 14:10:10.557,1.09947,1.0995,4120000,2500000
2019.10.03 14:10:10.757,1.09947,1.0995,1870000,2440000
2019.10.03 14:10:11.499,1.09948,1.0995,750000,750000
2019.10.03 14:10:11.752,1.09948,1.0995,750000,3250000
2019.10.03 14:10:11.803,1.09947,1.09951,1870000,2120000
2019.10.03 14:10:11.904,1.09947,1.0995,750000,1000000
2019.10.03 14:10:12.546,1.09949,1.09951,1120000,750000
2019.10.03 14:10:12.597,1.09951,1.09953,750000,3000000
2019.10.03 14:10:12.682,1.09954,1.09955,2440000,1500000
2019.10.03 14:10:12.733,1.09955,1.09957,1750000,1870000
2019.10.03 14:10:12.784,1.09955,1.09958,1690000,1870000
2019.10.03 14:10:12.835,1.09955,1.09957,4120000,750000
2019.10.03 14:10:12.987,1.09955,1.09957,1950000,750000
2019.10.03 14:10:13.184,1.09953,1.09955,750000,940000
2019.10.03 14:10:13.474,1.09953,1.09957,3620000,750000
2019.10.03 14:10:14.304,1.09955,1.09957,2870000,750000
2019.10.03 14:10:14.456,1.09954,1.09957,2870000,750000
2019.10.03 14:10:14.557,1.09953,1.09957,2570000,1500000
2019.10.03 14:10:14.762,1.09954,1.09957,1370000,1870000
2019.10.03 14:10:14.863,1.09953,1.09957,1000000,2250000
2019.10.03 14:10:14.964,1.09953,1.09957,1690000,2440000
2019.10.03 14:10:15.146,1.09953,1.09956,750000,2440000
2019.10.03 14:10:15.656,1.09954,1.09957,560000,1500000
2019.10.03 14:10:15.757,1.09953,1.09956,750000,3190000
2019.10.03 14:10:15.859,1.09954,1.09956,750000,750000
2019.10.03 14:10:16.124,1.09953,1.09956,750000,2440000
2019.10.03 14:10:16.309,1.09953,1.09955,750000,750000
2019.10.03 14:10:16.411,1.0995,1.09953,750000,2060000
2019.10.03 14:10:16.513,1.09948,1.09952,1500000,1750000
2019.10.03 14:10:16.615,1.09948,1.09952,1500000,1000000
2019.10.03 14:10:16.722,1.09948,1.09952,1970000,1000000
2019.10.03 14:10:16.823,1.09948,1.09952,3450000,1750000
2019.10.03 14:10:17.178,1.09947,1.09948,1500000,940000
2019.10.03 14:10:17.279,1.09947,1.09949,1120000,1120000
2019.10.03 14:10:17.466,1.09947,1.09949,1370000,750000
2019.10.03 14:10:17.571,1.09947,1.09949,1310000,750000
2019.10.03 14:10:18.196,1.09946,1.09949,1310000,3940000
2019.10.03 14:10:18.599,1.09947,1.09949,500000,750000
2019.10.03 14:10:18.733,1.09946,1.09949,500000,5250000
2019.10.03 14:10:19.318,1.09946,1.09949,750000,4500000
2019.10.03 14:10:19.926,1.09947,1.09948,940000,750000
2019.10.03 14:10:20.062,1.09943,1.09946,3000000,1750000
2019.10.03 14:10:20.118,1.09943,1.09946,2250000,1500000
2019.10.03 14:10:20.220,1.09944,1.09947,5890000,1500000
2019.10.03 14:10:20.322,1.09942,1.09946,750000,1690000
2019.10.03 14:10:20.451,1.09942,1.09946,1500000,1750000
2019.10.03 14:10:20.704,1.09946,1.09948,600000,2250000
2019.10.03 14:10:20.806,1.09946,1.09949,3190000,3370000
2019.10.03 14:10:20.969,1.09947,1.09949,3190000,750000
2019.10.03 14:10:21.070,1.09946,1.09949,2440000,4120000
2019.10.03 14:10:21.121,1.0994,1.09941,750000,750000
2019.10.03 14:10:21.222,1.09939,1.0994,750000,1120000
2019.10.03 14:10:21.337,1.0994,1.09941,1120000,750000
2019.10.03 14:10:21.388,1.09941,1.09943,1870000,750000
2019.10.03 14:10:21.490,1.0994,1.09943,2870000,2250000
2019.10.03 14:10:21.541,1.0994,1.09943,2060000,2500000
2019.10.03 14:10:21.645,1.09941,1.09943,1310000,750000
2019.10.03 14:10:21.747,1.09942,1.09943,1310000,750000
2019.10.03 14:10:21.908,1.09941,1.09943,1120000,2440000
2019.10.03 14:10:22.010,1.09941,1.09944,1120000,2810000
2019.10.03 14:10:22.162,1.09942,1.09945,3700000,940000
2019.10.03 14:10:22.584,1.09939,1.09942,940000,2120000
2019.10.03 14:10:22.686,1.09939,1.09942,6250000,940000
2019.10.03 14:10:23.267,1.09938,1.09941,750000,940000
2019.10.03 14:10:24.615,1.09938,1.0994,750000,940000
2019.10.03 14:10:25.065,1.09937,1.09938,2250000,2250000
2019.10.03 14:10:25.116,1.09935,1.09937,940000,500000
2019.10.03 14:10:25.217,1.09935,1.09936,750000,750000
2019.10.03 14:10:25.268,1.09933,1.09937,5060000,940000
2019.10.03 14:10:25.967,1.09933,1.09936,1500000,940000
2019.10.03 14:10:26.259,1.09933,1.09935,750000,1120000
2019.10.03 14:10:26.361,1.09933,1.09936,1870000,1500000
2019.10.03 14:10:27.335,1.09932,1.09936,2620000,2060000
2019.10.03 14:10:27.487,1.09931,1.09935,3190000,3190000
2019.10.03 14:10:27.589,1.09932,1.09935,4750000,1500000
2019.10.03 14:10:27.769,1.09931,1.09935,4000000,4120000
2019.10.03 14:10:27.996,1.09931,1.09932,940000,1500000
2019.10.03 14:10:28.047,1.09929,1.09932,2810000,1500000
2019.10.03 14:10:28.148,1.09928,1.09931,1870000,940000
2019.10.03 14:10:28.334,1.09927,1.0993,3750000,940000
2019.10.03 14:10:28.441,1.09927,1.09931,2810000,1690000
2019.10.03 14:10:28.790,1.09927,1.09928,1500000,940000
2019.10.03 14:10:28.892,1.09925,1.09928,2250000,1000000
2019.10.03 14:10:28.994,1.09926,1.0993,3750000,3250000
2019.10.03 14:10:29.108,1.09928,1.09931,1500000,1690000
2019.10.03 14:10:29.209,1.09931,1.09933,500000,750000
2019.10.03 14:10:29.260,1.09932,1.09935,3000000,750000
2019.10.03 14:10:29.361,1.09931,1.09934,750000,3370000
2019.10.03 14:10:29.463,1.09931,1.09935,3620000,2250000
2019.10.03 14:10:29.564,1.09931,1.09935,2870000,4500000
2019.10.03 14:10:29.678,1.09931,1.09935,2810000,4760000
2019.10.03 14:10:29.729,1.09931,1.09932,3000000,1760000
2019.10.03 14:10:29.881,1.09928,1.09932,4120000,940000
2019.10.03 14:10:29.982,1.09929,1.09931,750000,750000
2019.10.03 14:10:30.084,1.09929,1.09932,1310000,940000
2019.10.03 14:10:30.281,1.09931,1.09934,1310000,3250000
2019.10.03 14:10:30.484,1.09932,1.09934,750000,1000000
2019.10.03 14:10:30.630,1.09934,1.09936,4120000,750000
2019.10.03 14:10:30.681,1.09937,1.09938,750000,750000
2019.10.03 14:10:30.784,1.09936,1.09938,750000,940000
2019.10.03 14:10:30.936,1.09933,1.09937,750000,6250000
2019.10.03 14:10:31.037,1.09933,1.09937,750000,3250000
2019.10.03 14:10:31.242,1.09933,1.09938,3000000,3250000
2019.10.03 14:10:31.343,1.09933,1.09936,750000,2500000
2019.10.03 14:10:31.445,1.09935,1.09936,750000,750000
2019.10.03 14:10:31.495,1.09933,1.09938,4500000,2950000
2019.10.03 14:10:31.597,1.09933,1.09937,1500000,4750000
2019.10.03 14:10:31.746,1.09937,1.09939,1310000,750000
2019.10.03 14:10:31.847,1.09937,1.0994,3000000,1690000
2019.10.03 14:10:32.100,1.09937,1.09939,750000,2440000
2019.10.03 14:10:32.303,1.09937,1.09941,3560000,2500000
2019.10.03 14:10:32.528,1.09939,1.09941,500000,2500000
2019.10.03 14:10:32.579,1.0994,1.09943,7390000,1370000
2019.10.03 14:10:32.630,1.09943,1.09944,940000,2250000
2019.10.03 14:10:32.681,1.09946,1.09948,10240000,3000000
2019.10.03 14:10:32.793,1.09947,1.09951,2450000,6000000
2019.10.03 14:10:32.844,1.09946,1.09949,1000000,9450000
2019.10.03 14:10:32.895,1.09947,1.09951,1750000,2250000
2019.10.03 14:10:33.047,1.09946,1.09948,2250000,940000
2019.10.03 14:10:33.182,1.09945,1.09948,750000,2500000
2019.10.03 14:10:33.283,1.09945,1.09947,750000,1000000
2019.10.03 14:10:33.385,1.09947,1.09949,2320000,750000
2019.10.03 14:10:33.486,1.09947,1.0995,940000,4500000
2019.10.03 14:10:33.588,1.09948,1.0995,1000000,750000
2019.10.03 14:10:33.712,1.09947,1.0995,1000000,6190000
2019.10.03 14:10:33.814,1.0995,1.09952,1370000,2250000
2019.10.03 14:10:33.916,1.0995,1.09952,1750000,1500000
2019.10.03 14:10:34.192,1.09948,1.09951,940000,1000000
2019.10.03 14:10:34.293,1.09948,1.09951,2250000,1750000
2019.10.03 14:10:34.445,1.09947,1.09951,1500000,1000000
2019.10.03 14:10:34.547,1.09948,1.0995,750000,750000
2019.10.03 14:10:35.016,1.09948,1.09951,750000,750000
2019.10.03 14:10:35.170,1.09948,1.09952,2620000,3260000
2019.10.03 14:10:35.283,1.09949,1.09952,1120000,2500000
2019.10.03 14:10:36.216,1.09952,1.09953,940000,750000
2019.10.03 14:10:36.368,1.09952,1.09954,1500000,1000000
2019.10.03 14:10:36.474,1.09953,1.09955,750000,940000
2019.10.03 14:10:36.727,1.09953,1.09956,750000,3190000
2019.10.03 14:10:36.778,1.09955,1.09956,1500000,750000
2019.10.03 14:10:36.829,1.09957,1.09958,1840000,2250000
2019.10.03 14:10:37.039,1.09957,1.0996,4000000,750000
2019.10.03 14:10:37.141,1.09956,1.09958,2250000,1000000
2019.10.03 14:10:37.243,1.09957,1.09958,560000,1690000
2019.10.03 14:10:37.294,1.09957,1.0996,1690000,1500000
2019.10.03 14:10:37.553,1.09957,1.0996,2250000,2500000
2019.10.03 14:10:37.958,1.09959,1.09961,2590000,940000
2019.10.03 14:10:38.187,1.0996,1.09962,1200000,750000
2019.10.03 14:10:38.289,1.09959,1.09961,750000,3190000
2019.10.03 14:10:38.751,1.0996,1.09962,1500000,750000
2019.10.03 14:10:38.852,1.09959,1.09962,1500000,940000
2019.10.03 14:10:39.108,1.09958,1.09962,1690000,1690000
2019.10.03 14:10:40.226,1.09958,1.09961,750000,940000
2019.10.03 14:10:40.327,1.09959,1.09961,750000,750000
2019.10.03 14:10:40.428,1.09962,1.09963,1310000,750000
2019.10.03 14:10:40.530,1.09961,1.09963,1500000,1500000
2019.10.03 14:10:40.655,1.0997,1.09972,750000,2300000
2019.10.03 14:10:40.706,1.0997,1.09974,2620000,1500000
2019.10.03 14:10:40.757,1.0997,1.09972,1500000,750000
2019.10.03 14:10:40.808,1.09967,1.09971,1500000,1500000
2019.10.03 14:10:40.859,1.09967,1.0997,1000000,1120000
2019.10.03 14:10:40.909,1.09966,1.0997,940000,6190000
2019.10.03 14:10:41.013,1.09967,1.0997,750000,750000
2019.10.03 14:10:41.125,1.09967,1.09969,750000,2500000
2019.10.03 14:10:41.227,1.09968,1.09971,5100000,1000000
2019.10.03 14:10:41.278,1.09967,1.0997,2250000,940000
2019.10.03 14:10:41.379,1.09967,1.09969,750000,2250000
2019.10.03 14:10:41.527,1.09967,1.0997,2620000,940000
2019.10.03 14:10:41.578,1.09967,1.09968,500000,940000
2019.10.03 14:10:41.680,1.09965,1.09967,1120000,1750000
2019.10.03 14:10:41.782,1.09964,1.09966,2250000,3190000
2019.10.03 14:10:41.884,1.09962,1.09963,1120000,1120000
2019.10.03 14:10:41.935,1.09963,1.09964,4120000,750000
2019.10.03 14:10:42.112,1.09964,1.09965,940000,750000
2019.10.03 14:10:42.163,1.09964,1.09967,1870000,750000
2019.10.03 14:10:42.214,1.09963,1.09965,1000000,3000000
2019.10.03 14:10:42.315,1.09967,1.09968,1500000,1500000
2019.10.03 14:10:42.366,1.09966,1.09968,1000000,750000
2019.10.03 14:10:42.519,1.09967,1.09969,750000,1500000
2019.10.03 14:10:42.614,1.09966,1.09968,1000000,4500000
2019.10.03 14:10:42.665,1.09967,1.0997,2120000,750000
2019.10.03 14:10:42.817,1.09967,1.0997,1310000,1000000
2019.10.03 14:10:43.070,1.09967,1.0997,1310000,750000
2019.10.03 14:10:43.178,1.09967,1.09969,750000,1690000
2019.10.03 14:10:43.482,1.09967,1.09969,940000,750000
2019.10.03 14:10:43.584,1.09965,1.09968,1500000,940000
2019.10.03 14:10:43.775,1.09964,1.09965,750000,3750000
2019.10.03 14:10:43.827,1.09964,1.09967,1310000,4120000
2019.10.03 14:10:44.029,1.09965,1.09967,2060000,750000
2019.10.03 14:10:44.188,1.09966,1.09967,1310000,1500000
2019.10.03 14:10:44.289,1.09967,1.0997,1120000,750000
2019.10.03 14:10:44.391,1.09968,1.0997,1120000,750000
2019.10.03 14:10:44.492,1.09966,1.09968,1500000,1500000
2019.10.03 14:10:44.615,1.09965,1.09967,750000,1000000
2019.10.03 14:10:44.716,1.09965,1.09967,1870000,1000000
2019.10.03 14:10:44.868,1.09965,1.09967,1120000,940000
2019.10.03 14:10:44.970,1.09965,1.09967,2870000,750000
2019.10.03 14:10:45.139,1.09964,1.09967,1310000,750000
2019.10.03 14:10:45.241,1.09966,1.09969,1870000,750000
2019.10.03 14:10:45.343,1.09966,1.0997,560000,2500000
2019.10.03 14:10:45.830,1.09966,1.0997,1310000,750000
2019.10.03 14:10:45.931,1.09966,1.09969,500000,1690000
2019.10.03 14:10:46.033,1.09968,1.0997,1120000,750000
2019.10.03 14:10:46.359,1.09967,1.0997,1870000,750000
2019.10.03 14:10:46.510,1.09966,1.0997,1500000,2440000
2019.10.03 14:10:46.612,1.09966,1.0997,3620000,750000
2019.10.03 14:10:46.801,1.09965,1.09968,1500000,940000
2019.10.03 14:10:46.902,1.09966,1.09968,2250000,750000
2019.10.03 14:10:47.105,1.09966,1.09969,2060000,750000
2019.10.03 14:10:47.206,1.09967,1.09968,750000,750000
2019.10.03 14:10:47.392,1.09966,1.09969,2810000,750000
2019.10.03 14:10:47.494,1.09965,1.09967,750000,3190000
2019.10.03 14:10:47.595,1.09966,1.09967,750000,750000
2019.10.03 14:10:47.822,1.09965,1.09967,750000,1500000
2019.10.03 14:10:47.936,1.09963,1.09967,750000,2500000
2019.10.03 14:10:48.087,1.09963,1.09968,3000000,4000000
2019.10.03 14:10:48.189,1.09965,1.09968,2250000,750000
2019.10.03 14:10:48.806,1.09966,1.09969,5440000,940000
2019.10.03 14:10:48.907,1.09968,1.0997,1370000,2250000
2019.10.03 14:10:48.958,1.09971,1.09972,750000,1500000
2019.10.03 14:10:49.061,1.09972,1.09974,750000,2250000
2019.10.03 14:10:49.163,1.09972,1.09974,750000,1690000
2019.10.03 14:10:49.536,1.09972,1.09974,750000,1690000
2019.10.03 14:10:49.688,1.0997,1.09972,750000,3260000
2019.10.03 14:10:49.789,1.09967,1.09971,750000,3700000
2019.10.03 14:10:49.891,1.09968,1.09972,2810000,1000000
2019.10.03 14:10:50.025,1.09968,1.09972,1870000,940000
2019.10.03 14:10:50.230,1.0997,1.09972,1870000,750000
2019.10.03 14:10:50.331,1.09968,1.09972,1870000,2440000
2019.10.03 14:10:50.433,1.09968,1.09971,500000,1690000
2019.10.03 14:10:50.738,1.09968,1.09969,1500000,1500000
2019.10.03 14:10:50.789,1.0997,1.09971,1690000,1500000
2019.10.03 14:10:50.840,1.09972,1.09973,750000,1500000
2019.10.03 14:10:51.085,1.09972,1.09975,750000,1690000
2019.10.03 14:10:51.237,1.09972,1.09976,2870000,3000000
2019.10.03 14:10:51.338,1.09973,1.09976,1370000,1500000
2019.10.03 14:10:51.496,1.09972,1.09976,750000,3750000
2019.10.03 14:10:51.602,1.09972,1.09976,1310000,4750000
2019.10.03 14:10:52.341,1.09973,1.09974,4120000,750000
2019.10.03 14:10:52.391,1.09971,1.09972,1120000,940000
2019.10.03 14:10:52.471,1.09973,1.09974,3370000,750000
2019.10.03 14:10:52.572,1.09973,1.09975,940000,750000
2019.10.03 14:10:52.724,1.09973,1.09976,750000,750000
2019.10.03 14:10:52.858,1.09973,1.09975,750000,750000
2019.10.03 14:10:53.161,1.09972,1.09974,2810000,2250000
2019.10.03 14:10:53.263,1.09971,1.09974,2620000,940000
2019.10.03 14:10:53.391,1.09972,1.09974,1500000,1750000
2019.10.03 14:10:53.441,1.09971,1.09973,500000,2440000
2019.10.03 14:10:53.543,1.09972,1.09974,1620000,2440000
2019.10.03 14:10:53.646,1.0997,1.09972,750000,940000
2019.10.03 14:10:53.748,1.09971,1.09972,750000,1500000
2019.10.03 14:10:53.864,1.0997,1.09971,1120000,3000000
2019.10.03 14:10:54.119,1.09969,1.09971,500000,3940000
2019.10.03 14:10:54.681,1.09969,1.09971,2120000,4500000
2019.10.03 14:10:54.793,1.09968,1.0997,560000,3190000
2019.10.03 14:10:55.050,1.09967,1.09968,750000,1500000
2019.10.03 14:10:55.188,1.09966,1.09969,1310000,4500000
2019.10.03 14:10:55.395,1.09966,1.09968,750000,3000000
2019.10.03 14:10:55.648,1.09967,1.09969,2060000,2250000
2019.10.03 14:10:55.868,1.09968,1.09969,500000,750000
2019.10.03 14:10:55.969,1.09967,1.09969,500000,3000000
2019.10.03 14:10:56.263,1.09967,1.0997,560000,2250000
2019.10.03 14:10:56.364,1.09967,1.0997,560000,1750000
2019.10.03 14:10:56.904,1.09967,1.09971,1120000,4750000
2019.10.03 14:10:57.056,1.09967,1.09968,750000,3750000
2019.10.03 14:10:57.106,1.09967,1.09969,750000,2250000
2019.10.03 14:10:57.208,1.09967,1.09969,2250000,940000
2019.10.03 14:10:57.391,1.09964,1.09967,2250000,1370000
2019.10.03 14:10:57.492,1.09964,1.09966,500000,1000000
2019.10.03 14:10:57.593,1.09963,1.09966,560000,2120000
2019.10.03 14:10:58.857,1.0996,1.09961,500000,6190000
2019.10.03 14:10:58.959,1.09959,1.09961,500000,1690000
2019.10.03 14:10:59.179,1.09958,1.09961,500000,2440000
2019.10.03 14:10:59.281,1.09958,1.0996,500000,940000
2019.10.03 14:11:00.006,1.09959,1.0996,500000,750000
2019.10.03 14:11:00.057,1.09961,1.09962,1200000,1500000
2019.10.03 14:11:00.176,1.09961,1.09964,500000,5060000
2019.10.03 14:11:00.278,1.09962,1.09964,500000,750000
2019.10.03 14:11:00.383,1.09961,1.09964,500000,7000000
2019.10.03 14:11:00.434,1.09961,1.09964,500000,6190000
2019.10.03 14:11:00.485,1.09961,1.09964,500000,7750000
2019.10.03 14:11:00.866,1.09961,1.09964,2620000,4370000
2019.10.03 14:11:00.918,1.09959,1.09962,500000,2120000
2019.10.03 14:11:01.019,1.09958,1.09962,1120000,3250000
2019.10.03 14:11:01.136,1.09959,1.09962,500000,1690000
2019.10.03 14:11:01.288,1.09959,1.09962,750000,1750000
2019.10.03 14:11:01.390,1.09962,1.09963,750000,750000
2019.10.03 14:11:01.492,1.09962,1.09965,750000,8500000
2019.10.03 14:11:01.606,1.09964,1.09967,1570000,2440000
2019.10.03 14:11:01.708,1.09964,1.09968,2000000,3250000
2019.10.03 14:11:01.910,1.09966,1.09968,1620000,750000
2019.10.03 14:11:02.062,1.09968,1.0997,750000,1500000
2019.10.03 14:11:02.117,1.09969,1.09972,2060000,1500000
2019.10.03 14:11:02.169,1.09971,1.09972,1500000,500000
2019.10.03 14:11:02.220,1.09973,1.09974,940000,750000
2019.10.03 14:11:02.322,1.09972,1.09974,620000,750000
2019.10.03 14:11:02.424,1.09973,1.09975,560000,750000
2019.10.03 14:11:02.579,1.09974,1.09975,560000,750000
2019.10.03 14:11:02.682,1.09973,1.09976,1370000,2620000
2019.10.03 14:11:02.784,1.09975,1.09976,1120000,750000
2019.10.03 14:11:02.886,1.09974,1.09976,1120000,2250000
2019.10.03 14:11:03.011,1.09971,1.09973,500000,1750000
2019.10.03 14:11:03.113,1.0997,1.09973,1120000,1000000
2019.10.03 14:11:03.164,1.09969,1.09973,1120000,1750000
2019.10.03 14:11:03.491,1.09971,1.09973,1120000,750000
2019.10.03 14:11:03.627,1.09973,1.09975,750000,940000
2019.10.03 14:11:03.732,1.09973,1.09976,750000,2500000
2019.10.03 14:11:03.834,1.09975,1.09978,1310000,750000
2019.10.03 14:11:03.937,1.09975,1.09979,3370000,1000000
2019.10.03 14:11:04.086,1.09975,1.09979,2870000,2870000
2019.10.03 14:11:04.137,1.09975,1.09977,3000000,2440000
2019.10.03 14:11:04.238,1.09974,1.09977,1870000,750000
2019.10.03 14:11:04.289,1.09974,1.09977,1870000,1750000
2019.10.03 14:11:04.391,1.09975,1.09978,750000,1690000
2019.10.03 14:11:04.513,1.09975,1.09977,750000,750000
2019.10.03 14:11:04.767,1.09976,1.0998,1860000,3620000
2019.10.03 14:11:04.818,1.09977,1.0998,820000,3190000
2019.10.03 14:11:04.919,1.09978,1.0998,750000,940000
2019.10.03 14:11:05.054,1.09974,1.09978,1870000,4000000
2019.10.03 14:11:05.207,1.09974,1.09977,750000,2870000
2019.10.03 14:11:05.308,1.09974,1.09976,750000,1750000
2019.10.03 14:11:05.410,1.09974,1.09977,1870000,1000000
2019.10.03 14:11:05.483,1.09973,1.09976,750000,940000
2019.10.03 14:11:05.534,1.09972,1.09974,1500000,1370000
2019.10.03 14:11:05.636,1.09973,1.09975,1870000,560000
2019.10.03 14:11:05.788,1.09973,1.09975,1750000,1120000
2019.10.03 14:11:05.889,1.09973,1.09976,560000,750000
2019.10.03 14:11:05.957,1.09973,1.09974,500000,750000
2019.10.03 14:11:06.058,1.0997,1.09973,2620000,1000000
2019.10.03 14:11:06.160,1.09969,1.09973,2620000,1000000
2019.10.03 14:11:06.561,1.09969,1.09973,4690000,940000
2019.10.03 14:11:06.663,1.09969,1.09972,750000,940000
2019.10.03 14:11:06.764,1.09969,1.09971,750000,750000
2019.10.03 14:11:06.986,1.09969,1.09971,2500000,750000
2019.10.03 14:11:07.087,1.09968,1.09971,750000,750000
2019.10.03 14:11:07.138,1.09968,1.0997,1000000,750000
2019.10.03 14:11:07.240,1.09965,1.09967,500000,750000
2019.10.03 14:11:07.341,1.09964,1.09967,500000,1690000
2019.10.03 14:11:07.601,1.09961,1.09964,2620000,5870000
2019.10.03 14:11:07.706,1.09963,1.09966,1120000,1690000
2019.10.03 14:11:07.808,1.09963,1.09966,1370000,4870000
2019.10.03 14:11:07.910,1.09963,1.09966,1120000,4870000
2019.10.03 14:11:08.320,1.09962,1.09965,500000,5060000
2019.10.03 14:11:08.371,1.09962,1.09963,750000,3370000
2019.10.03 14:11:08.491,1.0996,1.09964,4310000,940000
2019.10.03 14:11:08.594,1.09959,1.09963,500000,1750000
2019.10.03 14:11:08.846,1.09959,1.09963,4750000,1370000
2019.10.03 14:11:09.149,1.09958,1.09961,1690000,1500000
2019.10.03 14:11:09.251,1.09959,1.09961,2250000,750000
2019.10.03 14:11:09.947,1.09956,1.0996,2270000,2120000
2019.10.03 14:11:10.099,1.09956,1.09959,940000,2500000
2019.10.03 14:11:10.251,1.09956,1.0996,2700000,4370000
2019.10.03 14:11:10.433,1.09957,1.0996,1120000,940000
2019.10.03 14:11:10.700,1.09958,1.0996,750000,750000
2019.10.03 14:11:10.853,1.09958,1.09961,1690000,750000
2019.10.03 14:11:10.954,1.09959,1.09961,500000,750000
2019.10.03 14:11:11.005,1.09961,1.09963,2060000,750000
2019.10.03 14:11:11.123,1.09963,1.09966,5240000,750000
2019.10.03 14:11:11.327,1.09963,1.09966,4180000,3750000
2019.10.03 14:11:11.451,1.09964,1.09966,3440000,750000
2019.10.03 14:11:11.654,1.09966,1.09968,4090000,3000000
2019.10.03 14:11:11.705,1.09969,1.0997,1120000,750000
2019.10.03 14:11:11.807,1.09968,1.09971,2320000,3750000
2019.10.03 14:11:11.935,1.09968,1.09972,4450000,3000000
2019.10.03 14:11:12.037,1.0997,1.09971,750000,750000
2019.10.03 14:11:12.143,1.0997,1.09972,3190000,750000
2019.10.03 14:11:12.346,1.0997,1.09971,750000,750000
2019.10.03 14:11:12.477,1.0997,1.09972,2440000,750000
2019.10.03 14:11:12.578,1.0997,1.09971,750000,2250000
2019.10.03 14:11:12.781,1.0997,1.09972,2890000,750000
2019.10.03 14:11:13.147,1.0997,1.09973,1870000,750000
2019.10.03 14:11:13.250,1.09973,1.09975,3840000,2500000
2019.10.03 14:11:13.351,1.09974,1.09976,1120000,1500000
2019.10.03 14:11:13.470,1.09974,1.09977,560000,3750000
2019.10.03 14:11:13.843,1.09976,1.09977,560000,2250000
2019.10.03 14:11:13.894,1.09977,1.0998,2570000,3750000
2019.10.03 14:11:14.045,1.09978,1.0998,3260000,750000
2019.10.03 14:11:14.146,1.09977,1.09978,750000,940000
2019.10.03 14:11:14.247,1.09977,1.09979,560000,2440000
2019.10.03 14:11:14.550,1.09978,1.09979,500000,750000
2019.10.03 14:11:14.652,1.09977,1.09979,500000,3750000
2019.10.03 14:11:14.907,1.09978,1.09979,1120000,1500000
2019.10.03 14:11:15.009,1.09977,1.09978,750000,750000
2019.10.03 14:11:15.373,1.09979,1.09981,2890000,940000
2019.10.03 14:11:15.960,1.09979,1.0998,750000,750000
2019.10.03 14:11:16.144,1.09979,1.09981,1870000,750000
2019.10.03 14:11:16.385,1.09978,1.09982,2060000,1310000
2019.10.03 14:11:17.064,1.09978,1.09981,750000,560000
2019.10.03 14:11:17.368,1.09978,1.0998,750000,1120000
2019.10.03 14:11:17.801,1.09977,1.09981,1690000,3560000
2019.10.03 14:11:17.903,1.09978,1.0998,750000,750000
2019.10.03 14:11:18.116,1.09977,1.0998,750000,5060000
2019.10.03 14:11:18.217,1.09977,1.09981,2440000,1310000
2019.10.03 14:11:18.319,1.09977,1.09981,2250000,4370000
2019.10.03 14:11:18.471,1.09977,1.09981,3250000,1370000
2019.10.03 14:11:19.139,1.09977,1.09981,2250000,1750000
2019.10.03 14:11:19.938,1.09977,1.09981,2440000,2440000
2019.10.03 14:11:20.109,1.09981,1.09982,940000,4500000
2019.10.03 14:11:20.211,1.09981,1.09983,1500000,940000
2019.10.03 14:11:20.312,1.0998,1.09983,1500000,1370000
2019.10.03 14:11:20.363,1.09979,1.09983,750000,1370000
2019.10.03 14:11:20.414,1.0998,1.09983,1500000,1000000
2019.10.03 14:11:20.538,1.09979,1.09983,1690000,1380000
2019.10.03 14:11:21.201,1.09979,1.09982,940000,1190000
2019.10.03 14:11:21.304,1.09978,1.0998,1690000,590000
2019.10.03 14:11:21.406,1.09975,1.09979,1870000,5950000
2019.10.03 14:11:21.508,1.09975,1.09979,1870000,3620000
2019.10.03 14:11:21.627,1.09975,1.09977,750000,1000000
2019.10.03 14:11:21.678,1.09974,1.09977,750000,940000
2019.10.03 14:11:21.931,1.09976,1.09978,1690000,750000
2019.10.03 14:11:22.135,1.09981,1.09982,1500000,750000
2019.10.03 14:11:22.236,1.09985,1.09988,10010000,750000
2019.10.03 14:11:22.338,1.09986,1.09987,2250000,750000
2019.10.03 14:11:22.439,1.09986,1.09989,2320000,750000
2019.10.03 14:11:22.507,1.09985,1.09988,1750000,2440000
2019.10.03 14:11:22.609,1.09984,1.09987,1500000,1000000
2019.10.03 14:11:22.712,1.09986,1.09988,1570000,1500000
2019.10.03 14:11:22.814,1.09985,1.09987,750000,940000
2019.10.03 14:11:22.916,1.09984,1.09986,940000,2440000
2019.10.03 14:11:23.020,1.09986,1.09989,1690000,1500000
2019.10.03 14:11:23.172,1.09986,1.09989,1750000,1500000
2019.10.03 14:11:23.223,1.09986,1.09989,1500000,1500000
2019.10.03 14:11:23.375,1.09986,1.09987,1500000,3560000
2019.10.03 14:11:23.477,1.09984,1.09987,1500000,1310000
2019.10.03 14:11:23.568,1.09986,1.09987,750000,750000
2019.10.03 14:11:23.670,1.09984,1.09986,750000,1000000
2019.10.03 14:11:23.772,1.09984,1.09986,1500000,750000
2019.10.03 14:11:23.924,1.09982,1.09984,1500000,1690000
2019.10.03 14:11:24.026,1.09982,1.09986,4750000,750000
2019.10.03 14:11:24.209,1.09986,1.09989,3250000,1870000
2019.10.03 14:11:24.311,1.09986,1.09989,1000000,1870000
2019.10.03 14:11:24.412,1.09986,1.09989,750000,2870000
2019.10.03 14:11:24.663,1.09986,1.09989,940000,2500000
2019.10.03 14:11:24.866,1.09987,1.0999,1690000,1370000
2019.10.03 14:11:26.139,1.0999,1.09991,940000,750000
2019.10.03 14:11:26.291,1.09987,1.09991,1500000,6560000
2019.10.03 14:11:26.421,1.09989,1.09992,2060000,1750000
2019.10.03 14:11:26.837,1.09991,1.09993,3000000,1690000
2019.10.03 14:11:26.938,1.09992,1.09994,2060000,1310000
2019.10.03 14:11:27.040,1.09991,1.09993,750000,3640000
2019.10.03 14:11:27.141,1.0999,1.09992,750000,2500000
2019.10.03 14:11:27.242,1.0999,1.09992,1500000,1500000
2019.10.03 14:11:27.369,1.09991,1.09994,1120000,3640000
2019.10.03 14:11:27.470,1.09992,1.09994,500000,940000
2019.10.03 14:11:27.571,1.09991,1.09994,750000,4390000
2019.10.03 14:11:27.673,1.09991,1.09993,750000,4390000
2019.10.03 14:11:27.771,1.09991,1.09992,1690000,1500000
2019.10.03 14:11:27.823,1.09989,1.0999,940000,2700000
2019.10.03 14:11:27.874,1.09988,1.0999,1690000,940000
2019.10.03 14:11:27.975,1.09988,1.09991,940000,1690000
2019.10.03 14:11:28.026,1.09988,1.09989,750000,1500000
2019.10.03 14:11:28.128,1.09987,1.09989,750000,2890000
2019.10.03 14:11:28.229,1.09987,1.09989,750000,4040000
2019.10.03 14:11:28.332,1.09987,1.09988,750000,2510000
2019.10.03 14:11:28.384,1.09981,1.09982,750000,750000
2019.10.03 14:11:28.436,1.0998,1.09982,750000,4390000
2019.10.03 14:11:28.538,1.0998,1.09981,750000,940000
2019.10.03 14:11:28.640,1.09979,1.09982,1500000,1690000
2019.10.03 14:11:28.841,1.09979,1.09982,1500000,1000000
2019.10.03 14:11:28.943,1.09978,1.09981,750000,850000
2019.10.03 14:11:29.046,1.09978,1.09981,750000,560000
2019.10.03 14:11:29.205,1.09978,1.09981,750000,1370000
2019.10.03 14:11:32.177,1.09977,1.09981,750000,3320000
2019.10.03 14:11:32.495,1.09977,1.09978,1500000,940000
2019.10.03 14:11:32.597,1.09976,1.09978,2620000,750000
2019.10.03 14:11:32.750,1.09974,1.09978,1870000,2950000
2019.10.03 14:11:32.953,1.09976,1.09978,1120000,940000
2019.10.03 14:11:33.004,1.09977,1.0998,750000,1690000
2019.10.03 14:11:33.055,1.09978,1.09981,2250000,1000000
2019.10.03 14:11:33.156,1.09976,1.09977,1120000,940000
2019.10.03 14:11:33.207,1.09973,1.09977,3370000,8570000
2019.10.03 14:11:33.330,1.09974,1.09976,750000,940000
2019.10.03 14:11:35.336,1.09974,1.09977,750000,1750000
2019.10.03 14:11:35.387,1.09977,1.09979,1500000,1120000
2019.10.03 14:11:35.539,1.09977,1.0998,1500000,4390000
2019.10.03 14:11:35.640,1.09977,1.0998,750000,3320000
2019.10.03 14:11:35.942,1.09977,1.09981,2620000,3250000
2019.10.03 14:11:36.044,1.09978,1.09979,1120000,940000
2019.10.03 14:11:36.146,1.09977,1.09978,2250000,1500000
2019.10.03 14:11:36.247,1.09973,1.09977,1500000,3700000
2019.10.03 14:11:36.365,1.09975,1.09976,750000,750000
2019.10.03 14:11:36.416,1.09973,1.09976,940000,2250000
2019.10.03 14:11:36.517,1.09974,1.09976,940000,750000
2019.10.03 14:11:36.771,1.09973,1.09977,3250000,2250000
2019.10.03 14:11:36.997,1.09972,1.09974,2500000,820000
2019.10.03 14:11:37.055,1.0997,1.09971,750000,1010000
2019.10.03 14:11:37.157,1.09969,1.09972,1870000,1070000
2019.10.03 14:11:37.259,1.09968,1.09972,1870000,2950000
2019.10.03 14:11:37.360,1.09968,1.09972,2810000,820000
2019.10.03 14:11:37.701,1.09969,1.09972,1310000,600000
2019.10.03 14:11:37.904,1.09969,1.09973,3940000,1950000
2019.10.03 14:11:38.061,1.0997,1.09972,750000,750000
2019.10.03 14:11:38.162,1.09969,1.09973,1870000,1760000
2019.10.03 14:11:39.117,1.09971,1.09973,1120000,750000
2019.10.03 14:11:39.375,1.0997,1.09973,2060000,600000
2019.10.03 14:11:39.982,1.09969,1.09972,1000000,1950000
2019.10.03 14:11:40.091,1.09968,1.0997,500000,820000
2019.10.03 14:11:40.193,1.09966,1.09968,750000,5250000
2019.10.03 14:11:40.294,1.09967,1.09969,750000,940000
2019.10.03 14:11:40.395,1.09966,1.09971,3940000,6720000
2019.10.03 14:11:40.625,1.09967,1.09971,3940000,1410000
2019.10.03 14:11:40.777,1.09966,1.09971,3940000,7820000
2019.10.03 14:11:40.878,1.09967,1.0997,1120000,4390000
2019.10.03 14:11:41.081,1.09971,1.09972,940000,750000
2019.10.03 14:11:41.198,1.09971,1.09974,5120000,1570000
2019.10.03 14:11:41.249,1.09972,1.09976,3620000,3000000
2019.10.03 14:11:41.353,1.09974,1.09976,1690000,750000
2019.10.03 14:11:41.454,1.09977,1.09979,4870000,1500000
2019.10.03 14:11:41.556,1.09978,1.0998,750000,750000
2019.10.03 14:11:41.607,1.09977,1.09979,1000000,4570000
2019.10.03 14:11:41.684,1.09978,1.0998,940000,750000
2019.10.03 14:11:41.735,1.09977,1.09979,750000,3190000
2019.10.03 14:11:41.786,1.09978,1.09981,2870000,940000
2019.10.03 14:11:41.837,1.09976,1.09979,3370000,5120000
2019.10.03 14:11:41.888,1.09975,1.09977,1500000,750000
2019.10.03 14:11:41.989,1.09975,1.09976,1500000,940000
2019.10.03 14:11:42.090,1.09974,1.09976,1500000,1750000
2019.10.03 14:11:42.686,1.09973,1.09976,2500000,5510000
2019.10.03 14:11:42.788,1.09971,1.09975,1310000,4480000
2019.10.03 14:11:42.889,1.09972,1.09974,1500000,820000
2019.10.03 14:11:42.991,1.09971,1.09974,750000,8890000
2019.10.03 14:11:43.158,1.09971,1.09972,750000,4690000
2019.10.03 14:11:43.260,1.09971,1.09974,1500000,3190000
2019.10.03 14:11:43.312,1.09971,1.09972,750000,750000
2019.10.03 14:11:43.414,1.09969,1.09972,1500000,1690000
2019.10.03 14:11:43.515,1.0997,1.09973,1690000,2250000
2019.10.03 14:11:43.588,1.09969,1.09971,750000,5810000
2019.10.03 14:11:43.639,1.09966,1.09967,2620000,750000
2019.10.03 14:11:43.894,1.09964,1.09967,940000,1000000
2019.10.03 14:11:44.155,1.09963,1.09966,750000,5060000
2019.10.03 14:11:44.378,1.09963,1.09965,750000,940000
2019.10.03 14:11:45.030,1.09964,1.09965,750000,750000
2019.10.03 14:11:45.132,1.09964,1.09966,750000,750000
2019.10.03 14:11:45.569,1.09963,1.09966,750000,1690000
2019.10.03 14:11:46.026,1.09963,1.09967,1690000,1690000
2019.10.03 14:11:46.507,1.09964,1.09968,2440000,4310000
2019.10.03 14:11:46.689,1.09964,1.09967,750000,3560000
2019.10.03 14:11:47.402,1.09966,1.09969,2060000,1750000
2019.10.03 14:11:47.506,1.09967,1.09971,2870000,2870000
2019.10.03 14:11:48.446,1.09969,1.09971,1750000,750000
2019.10.03 14:11:48.562,1.09967,1.09971,2500000,2500000
2019.10.03 14:11:48.715,1.09967,1.09968,750000,750000
2019.10.03 14:11:48.969,1.09966,1.0997,2440000,1690000
2019.10.03 14:11:49.109,1.09968,1.0997,1690000,750000
2019.10.03 14:11:49.516,1.09967,1.0997,1120000,2440000
2019.10.03 14:11:49.659,1.09968,1.09971,1310000,750000
2019.10.03 14:11:50.026,1.09971,1.09972,1690000,1500000
2019.10.03 14:11:50.078,1.09973,1.09975,2100000,1500000
2019.10.03 14:11:50.130,1.09977,1.09978,1500000,1500000
2019.10.03 14:11:50.276,1.09976,1.09979,2500000,7120000
2019.10.03 14:11:50.377,1.09976,1.09979,750000,2870000
2019.10.03 14:11:50.479,1.09977,1.0998,5250000,940000
2019.10.03 14:11:50.684,1.09975,1.09977,750000,2320000
2019.10.03 14:11:50.819,1.09977,1.09978,1690000,750000
2019.10.03 14:11:50.920,1.09976,1.09978,1500000,3190000
2019.10.03 14:11:51.021,1.09977,1.09978,1500000,1500000
2019.10.03 14:11:51.072,1.09978,1.09981,2620000,940000
2019.10.03 14:11:51.227,1.09982,1.09983,1120000,750000
2019.10.03 14:11:51.329,1.09981,1.09983,1500000,940000
2019.10.03 14:11:51.430,1.0998,1.09982,750000,2510000
2019.10.03 14:11:51.532,1.0998,1.09982,750000,3190000
2019.10.03 14:11:51.633,1.0998,1.09982,750000,1690000
2019.10.03 14:11:51.947,1.09981,1.09983,2250000,1500000
2019.10.03 14:11:52.209,1.09983,1.09985,940000,750000
2019.10.03 14:11:52.311,1.09983,1.09986,1690000,1500000
2019.10.03 14:11:52.362,1.09982,1.09984,1500000,1310000
2019.10.03 14:11:52.485,1.09982,1.09986,2060000,3190000
2019.10.03 14:11:52.536,1.09984,1.09987,2120000,2440000
2019.10.03 14:11:52.637,1.09985,1.09988,2120000,2250000
2019.10.03 14:11:52.738,1.09985,1.09987,940000,1500000
2019.10.03 14:11:52.789,1.09986,1.09988,1000000,750000
2019.10.03 14:11:52.890,1.09985,1.09988,1690000,1500000
2019.10.03 14:11:53.019,1.09984,1.09987,1120000,2500000
2019.10.03 14:11:53.120,1.09984,1.09987,1120000,940000
2019.10.03 14:11:53.815,1.09987,1.09989,1310000,1500000
2019.10.03 14:11:53.917,1.09989,1.0999,750000,1500000
2019.10.03 14:11:54.439,1.09988,1.0999,750000,1500000
2019.10.03 14:11:55.123,1.09988,1.09991,940000,3470000
2019.10.03 14:11:55.376,1.09988,1.09991,1690000,2700000
2019.10.03 14:11:55.987,1.09989,1.09991,940000,750000
2019.10.03 14:11:56.598,1.09992,1.09993,750000,750000
2019.10.03 14:11:56.800,1.09992,1.09994,750000,2870000
2019.10.03 14:11:56.952,1.09992,1.09993,2250000,750000
2019.10.03 14:11:57.005,1.09989,1.09992,2620000,1540000
2019.10.03 14:11:57.058,1.09987,1.09989,1120000,1850000
2019.10.03 14:11:57.160,1.09986,1.0999,5250000,1750000
2019.10.03 14:11:57.262,1.09985,1.09987,2250000,1000000
2019.10.03 14:11:57.407,1.09983,1.09986,750000,1070000
2019.10.03 14:11:57.509,1.09984,1.09988,2200000,1870000
2019.10.03 14:11:57.611,1.09984,1.09988,750000,3750000
2019.10.03 14:11:57.764,1.09985,1.09988,1000000,750000
2019.10.03 14:11:57.815,1.09985,1.09988,560000,750000
2019.10.03 14:11:57.918,1.09985,1.09987,750000,940000
2019.10.03 14:11:58.019,1.09985,1.09989,4310000,3560000
2019.10.03 14:11:58.121,1.09986,1.09989,2120000,750000
2019.10.03 14:11:58.252,1.09986,1.09989,2060000,750000
2019.10.03 14:11:58.354,1.09985,1.09989,1310000,3640000
2019.10.03 14:11:58.456,1.09986,1.09989,1310000,750000
2019.10.03 14:11:58.557,1.09986,1.09989,2440000,1000000
2019.10.03 14:11:58.659,1.09986,1.09988,560000,940000
2019.10.03 14:11:59.029,1.09985,1.09989,4000000,1120000
2019.10.03 14:12:00.049,1.09985,1.09989,2060000,940000
2019.10.03 14:12:00.329,1.09985,1.09989,4370000,1500000
2019.10.03 14:12:00.380,1.09987,1.09989,750000,1690000
2019.10.03 14:12:00.482,1.09987,1.0999,1500000,2440000
2019.10.03 14:12:00.583,1.09988,1.0999,940000,750000
2019.10.03 14:12:00.785,1.09987,1.0999,1690000,2250000
2019.10.03 14:12:00.906,1.09988,1.0999,1690000,750000
2019.10.03 14:12:01.007,1.09987,1.0999,1690000,750000
2019.10.03 14:12:01.109,1.09987,1.0999,2500000,1500000
2019.10.03 14:12:01.261,1.09988,1.0999,2500000,750000
2019.10.03 14:12:01.479,1.09986,1.09988,750000,3000000
2019.10.03 14:12:01.632,1.09986,1.09988,2500000,750000
2019.10.03 14:12:01.940,1.09985,1.09987,940000,750000
2019.10.03 14:12:02.337,1.09987,1.09989,2500000,750000
2019.10.03 14:12:02.439,1.09987,1.09989,940000,3940000
2019.10.03 14:12:03.018,1.09987,1.09988,750000,940000
2019.10.03 14:12:03.120,1.09985,1.09988,1750000,1500000
2019.10.03 14:12:03.221,1.09986,1.09989,2870000,750000
2019.10.03 14:12:03.326,1.09985,1.09989,2870000,3000000
2019.10.03 14:12:03.411,1.09983,1.09987,3620000,4220000
2019.10.03 14:12:03.463,1.09982,1.09986,2120000,4310000
2019.10.03 14:12:03.615,1.09982,1.09985,1000000,2810000
2019.10.03 14:12:03.869,1.09985,1.09987,1000000,750000
2019.10.03 14:12:03.920,1.09984,1.09987,560000,3000000
2019.10.03 14:12:04.130,1.09985,1.09988,1750000,750000
2019.10.03 14:12:04.232,1.09984,1.09988,2500000,750000
2019.10.03 14:12:04.672,1.09982,1.09983,750000,2810000
2019.10.03 14:12:04.723,1.09977,1.09978,1500000,750000
2019.10.03 14:12:04.774,1.0997,1.09972,750000,6820000
2019.10.03 14:12:04.875,1.09969,1.09971,750000,750000
2019.10.03 14:12:04.977,1.09968,1.09971,750000,1500000
2019.10.03 14:12:05.079,1.09968,1.0997,750000,1750000
2019.10.03 14:12:05.181,1.09968,1.09971,760000,2440000
2019.10.03 14:12:05.283,1.09967,1.0997,2130000,4500000
2019.10.03 14:12:05.469,1.09966,1.09969,1000000,3070000
2019.10.03 14:12:05.570,1.09968,1.0997,1380000,750000
2019.10.03 14:12:05.672,1.09967,1.09969,5440000,1500000
2019.10.03 14:12:05.723,1.09964,1.09967,1500000,940000
2019.10.03 14:12:05.824,1.09965,1.09967,1000000,750000
2019.10.03 14:12:05.972,1.09965,1.09968,1870000,940000
2019.10.03 14:12:06.264,1.09966,1.09969,1690000,1500000
2019.10.03 14:12:06.409,1.09967,1.0997,4000000,750000
2019.10.03 14:12:06.971,1.09967,1.09969,1750000,750000
2019.10.03 14:12:07.022,1.09965,1.09967,750000,750000
2019.10.03 14:12:07.900,1.09966,1.09967,750000,1500000
2019.10.03 14:12:07.961,1.09966,1.0997,3250000,2250000
2019.10.03 14:12:08.063,1.09967,1.0997,2500000,750000
2019.10.03 14:12:08.215,1.09966,1.09968,2620000,500000
2019.10.03 14:12:08.359,1.09966,1.09967,940000,500000
2019.10.03 14:12:08.410,1.09964,1.09968,1750000,1870000
2019.10.03 14:12:08.511,1.09965,1.09968,1000000,750000
2019.10.03 14:12:08.713,1.09967,1.09969,940000,1500000
2019.10.03 14:12:08.825,1.09966,1.09969,940000,3750000
2019.10.03 14:12:09.436,1.09967,1.09971,3620000,750000
2019.10.03 14:12:09.639,1.09968,1.09971,1000000,500000
2019.10.03 14:12:09.892,1.0997,1.09973,2500000,750000
2019.10.03 14:12:09.997,1.09969,1.09973,2870000,2250000
2019.10.03 14:12:10.098,1.0997,1.09973,1750000,750000
2019.10.03 14:12:10.251,1.09969,1.09973,2870000,1500000
2019.10.03 14:12:10.353,1.09968,1.09973,3620000,3000000
2019.10.03 14:12:10.596,1.09968,1.09972,1000000,1500000
2019.10.03 14:12:10.987,1.0997,1.09973,1750000,750000
2019.10.03 14:12:11.093,1.0997,1.09971,500000,750000
2019.10.03 14:12:11.144,1.09968,1.09969,1310000,500000
2019.10.03 14:12:11.246,1.09966,1.09969,1370000,1120000
2019.10.03 14:12:11.347,1.09967,1.0997,1690000,750000
2019.10.03 14:12:11.448,1.09966,1.09969,1000000,750000
2019.10.03 14:12:11.662,1.09966,1.09968,1750000,750000
2019.10.03 14:12:12.063,1.09965,1.09968,940000,4500000
2019.10.03 14:12:12.165,1.09965,1.09967,750000,750000
2019.10.03 14:12:13.035,1.09965,1.09968,2500000,750000
2019.10.03 14:12:13.188,1.09963,1.09967,1000000,1500000
2019.10.03 14:12:14.183,1.09963,1.09967,2870000,750000
2019.10.03 14:12:14.386,1.09962,1.09963,2620000,1690000
2019.10.03 14:12:14.437,1.0996,1.09961,2620000,1310000
2019.10.03 14:12:14.669,1.09957,1.09959,750000,940000
2019.10.03 14:12:14.775,1.09956,1.0996,1500000,2500000
2019.10.03 14:12:14.827,1.09956,1.09957,1870000,1120000
2019.10.03 14:12:15.079,1.09955,1.09957,1870000,940000
2019.10.03 14:12:15.181,1.09955,1.09957,2870000,750000
2019.10.03 14:12:15.283,1.09955,1.09957,940000,2440000
2019.10.03 14:12:16.056,1.09958,1.0996,2200000,750000
2019.10.03 14:12:16.214,1.09957,1.0996,750000,2810000
2019.10.03 14:12:16.315,1.09956,1.09959,750000,4000000
2019.10.03 14:12:16.417,1.09952,1.09954,1500000,1000000
2019.10.03 14:12:16.520,1.09951,1.09952,2620000,750000
2019.10.03 14:12:16.571,1.09947,1.09951,1870000,8890000
2019.10.03 14:12:16.690,1.09948,1.09951,2620000,1000000
2019.10.03 14:12:16.792,1.0995,1.09953,4750000,750000
2019.10.03 14:12:16.894,1.0995,1.09951,940000,750000
2019.10.03 14:12:16.996,1.0995,1.09953,2500000,1690000
2019.10.03 14:12:17.097,1.0995,1.09953,2120000,750000
2019.10.03 14:12:17.181,1.09949,1.09953,2810000,750000
2019.10.03 14:12:17.282,1.0995,1.09953,940000,750000
2019.10.03 14:12:17.486,1.09951,1.09955,4450000,1500000
2019.10.03 14:12:17.588,1.09952,1.09955,1690000,1120000
2019.10.03 14:12:17.711,1.09951,1.09955,1690000,2810000
2019.10.03 14:12:17.864,1.0995,1.09952,750000,500000
2019.10.03 14:12:17.966,1.09952,1.09954,1310000,750000
2019.10.03 14:12:18.292,1.09951,1.09954,940000,2250000
2019.10.03 14:12:18.544,1.09952,1.09954,940000,940000
2019.10.03 14:12:19.394,1.0995,1.09952,4750000,2320000
2019.10.03 14:12:19.495,1.09949,1.09951,2060000,1500000
2019.10.03 14:12:19.597,1.09947,1.09951,3940000,1690000
2019.10.03 14:12:19.699,1.09947,1.0995,750000,940000
2019.10.03 14:12:19.800,1.09947,1.09949,500000,500000
2019.10.03 14:12:19.902,1.09946,1.09948,560000,750000
2019.10.03 14:12:20.103,1.09945,1.09948,500000,3190000
2019.10.03 14:12:20.204,1.09946,1.09949,940000,2250000
2019.10.03 14:12:20.356,1.09946,1.09949,750000,3250000
2019.10.03 14:12:20.488,1.09948,1.09949,750000,1500000
2019.10.03 14:12:20.589,1.09946,1.09949,750000,7370000
2019.10.03 14:12:20.691,1.09948,1.09949,750000,750000
2019.10.03 14:12:20.742,1.09951,1.09952,940000,750000
2019.10.03 14:12:20.951,1.09949,1.09951,750000,1000000
2019.10.03 14:12:21.103,1.09949,1.09951,750000,940000
2019.10.03 14:12:21.204,1.09948,1.09949,500000,940000
2019.10.03 14:12:21.255,1.09937,1.09938,500000,750000
2019.10.03 14:12:21.381,1.09932,1.09933,750000,1870000
2019.10.03 14:12:21.432,1.09935,1.09937,500000,750000
2019.10.03 14:12:21.483,1.09934,1.09938,750000,1950000
2019.10.03 14:12:21.587,1.09938,1.0994,5140000,1500000
2019.10.03 14:12:21.739,1.09938,1.09941,1000000,1500000
2019.10.03 14:12:21.832,1.09938,1.09942,2620000,750000
2019.10.03 14:12:21.933,1.09939,1.09942,1870000,750000
2019.10.03 14:12:22.035,1.09938,1.0994,1000000,750000
2019.10.03 14:12:22.136,1.09938,1.09942,2620000,940000
2019.10.03 14:12:22.238,1.09938,1.09942,2120000,750000
2019.10.03 14:12:22.544,1.0994,1.09942,750000,750000
2019.10.03 14:12:22.696,1.0994,1.09941,750000,750000
2019.10.03 14:12:22.813,1.0994,1.09943,2060000,750000
2019.10.03 14:12:22.914,1.09939,1.09941,750000,940000
2019.10.03 14:12:23.931,1.09937,1.09941,940000,940000
2019.10.03 14:12:24.653,1.09937,1.0994,3000000,1690000
2019.10.03 14:12:24.755,1.09938,1.09941,1000000,750000
2019.10.03 14:12:24.857,1.09937,1.09941,940000,4120000
2019.10.03 14:12:25.304,1.09938,1.09941,940000,750000
2019.10.03 14:12:25.709,1.0994,1.09942,1000000,1500000
2019.10.03 14:12:25.853,1.09938,1.09943,2870000,2500000
2019.10.03 14:12:25.955,1.09939,1.09942,940000,1000000
2019.10.03 14:12:26.633,1.09939,1.09942,3250000,750000
2019.10.03 14:12:26.839,1.09938,1.09942,2870000,2440000
2019.10.03 14:12:26.940,1.0994,1.09941,940000,750000
2019.10.03 14:12:27.042,1.09938,1.09941,750000,3140000
2019.10.03 14:12:27.412,1.09938,1.09941,1000000,1870000
2019.10.03 14:12:27.664,1.09939,1.0994,940000,750000
2019.10.03 14:12:27.816,1.09937,1.0994,1310000,1000000
2019.10.03 14:12:27.867,1.09936,1.09939,1870000,5060000
2019.10.03 14:12:27.999,1.09935,1.09938,1120000,2500000
2019.10.03 14:12:28.151,1.09935,1.09938,1120000,1690000
2019.10.03 14:12:28.303,1.09936,1.09938,1120000,750000
2019.10.03 14:12:28.404,1.09935,1.09938,1870000,940000
2019.10.03 14:12:28.662,1.09935,1.09938,2250000,1000000
2019.10.03 14:12:28.764,1.09934,1.09936,750000,1750000
2019.10.03 14:12:28.908,1.09934,1.09936,750000,1000000
2019.10.03 14:12:29.010,1.09933,1.09935,750000,1750000
2019.10.03 14:12:29.061,1.09933,1.09935,1500000,750000
2019.10.03 14:12:29.549,1.09938,1.09939,1310000,1500000
2019.10.03 14:12:29.600,1.09939,1.09941,4690000,1500000
2019.10.03 14:12:29.652,1.09942,1.09944,1870000,1120000
2019.10.03 14:12:29.703,1.09941,1.09943,2120000,1500000
2019.10.03 14:12:29.754,1.0994,1.09941,2250000,1500000
2019.10.03 14:12:29.805,1.09941,1.09943,1000000,750000
2019.10.03 14:12:29.910,1.09941,1.09943,1500000,750000
2019.10.03 14:12:29.964,1.09942,1.09945,1500000,1690000
2019.10.03 14:12:30.065,1.09942,1.09945,1000000,3370000
2019.10.03 14:12:30.317,1.09943,1.09946,940000,1500000
2019.10.03 14:12:30.722,1.09946,1.09947,1690000,750000
2019.10.03 14:12:30.772,1.09947,1.09949,750000,750000
2019.10.03 14:12:31.098,1.09947,1.09949,750000,1750000
2019.10.03 14:12:31.456,1.09947,1.09949,750000,750000
2019.10.03 14:12:31.634,1.09947,1.09949,750000,1000000
2019.10.03 14:12:31.770,1.09947,1.09949,750000,1500000
2019.10.03 14:12:31.871,1.09947,1.09949,750000,1750000
2019.10.03 14:12:31.973,1.09947,1.09949,750000,1500000
2019.10.03 14:12:32.281,1.09949,1.0995,750000,1500000
2019.10.03 14:12:32.332,1.09951,1.09953,7690000,750000
2019.10.03 14:12:32.433,1.09952,1.09954,1310000,750000
2019.10.03 14:12:32.535,1.09952,1.09953,3000000,750000
2019.10.03 14:12:32.636,1.09952,1.09954,750000,1000000
2019.10.03 14:12:32.766,1.09952,1.09955,940000,1750000
2019.10.03 14:12:32.968,1.09952,1.09954,750000,1000000
2019.10.03 14:12:33.070,1.09949,1.0995,750000,750000
2019.10.03 14:12:33.338,1.09948,1.0995,750000,940000
2019.10.03 14:12:33.692,1.0995,1.09951,940000,750000
2019.10.03 14:12:33.743,1.09948,1.0995,750000,2620000
2019.10.03 14:12:33.857,1.09948,1.09951,940000,1500000
2019.10.03 14:12:33.909,1.0995,1.09953,750000,2440000
2019.10.03 14:12:34.010,1.09952,1.09953,750000,750000
2019.10.03 14:12:34.112,1.0995,1.09953,750000,4870000
2019.10.03 14:12:34.162,1.09951,1.09954,750000,2060000
2019.10.03 14:12:34.264,1.09952,1.09953,750000,1870000
2019.10.03 14:12:34.378,1.09951,1.09953,750000,2060000
2019.10.03 14:12:34.480,1.09952,1.09954,2870000,2250000
2019.10.03 14:12:34.632,1.09952,1.09954,750000,750000
2019.10.03 14:12:34.734,1.09951,1.09954,1500000,3560000
2019.10.03 14:12:34.993,1.0995,1.09953,750000,1690000
2019.10.03 14:12:35.247,1.0995,1.09953,750000,1750000
2019.10.03 14:12:35.349,1.09951,1.09954,2440000,1870000
2019.10.03 14:12:35.451,1.0995,1.09953,2060000,1500000
2019.10.03 14:12:35.502,1.09948,1.09949,750000,1500000
2019.10.03 14:12:35.604,1.09945,1.09949,1500000,3250000
2019.10.03 14:12:35.705,1.09945,1.09948,750000,1000000
2019.10.03 14:12:35.807,1.09944,1.09946,500000,4750000
2019.10.03 14:12:35.858,1.09944,1.09946,750000,2440000
2019.10.03 14:12:35.960,1.09943,1.09946,750000,1120000
2019.10.03 14:12:36.391,1.09944,1.09946,750000,750000
2019.10.03 14:12:36.443,1.09945,1.09947,750000,1690000
2019.10.03 14:12:36.494,1.09946,1.09948,1390000,1690000
2019.10.03 14:12:36.720,1.09946,1.09949,750000,2440000
2019.10.03 14:12:36.822,1.09946,1.09949,750000,3250000
2019.10.03 14:12:37.269,1.09947,1.0995,940000,750000
2019.10.03 14:12:37.328,1.09951,1.09952,500000,750000
2019.10.03 14:12:37.378,1.09951,1.09954,4690000,1000000
2019.10.03 14:12:37.532,1.09953,1.09955,750000,940000
2019.10.03 14:12:37.684,1.09952,1.09954,1500000,1000000
2019.10.03 14:12:37.836,1.09951,1.09953,500000,1750000
2019.10.03 14:12:37.887,1.0995,1.09952,1870000,750000
2019.10.03 14:12:37.938,1.09949,1.0995,750000,750000
2019.10.03 14:12:38.090,1.09948,1.09951,500000,1750000
2019.10.03 14:12:38.296,1.09949,1.09953,2620000,2440000
2019.10.03 14:12:38.399,1.09951,1.09953,750000,750000
2019.10.03 14:12:38.501,1.0995,1.09953,1500000,2250000
2019.10.03 14:12:38.711,1.09951,1.09954,1870000,1690000
2019.10.03 14:12:38.813,1.09951,1.09954,1750000,1500000
2019.10.03 14:12:38.914,1.09951,1.09954,1690000,1500000
2019.10.03 14:12:39.016,1.09951,1.09953,500000,1500000
2019.10.03 14:12:39.117,1.09951,1.09952,1500000,750000
2019.10.03 14:12:39.168,1.09948,1.0995,1870000,1500000
2019.10.03 14:12:39.282,1.09947,1.09949,2250000,940000
2019.10.03 14:12:39.384,1.09946,1.09949,750000,940000
2019.10.03 14:12:39.536,1.09947,1.0995,2810000,1500000
2019.10.03 14:12:39.637,1.09949,1.09952,1820000,750000
2019.10.03 14:12:39.738,1.09949,1.09951,1500000,1000000
2019.10.03 14:12:39.883,1.09949,1.09951,1500000,750000
2019.10.03 14:12:39.985,1.09948,1.09951,750000,750000
2019.10.03 14:12:40.420,1.09949,1.09951,750000,750000
2019.10.03 14:12:40.471,1.0995,1.09954,1500000,2500000
2019.10.03 14:12:40.573,1.09951,1.09954,1000000,3000000
2019.10.03 14:12:40.674,1.09952,1.09955,3000000,940000
2019.10.03 14:12:40.958,1.09952,1.09954,1500000,3750000
2019.10.03 14:12:41.161,1.0995,1.09952,1690000,3940000
2019.10.03 14:12:41.262,1.09949,1.0995,1120000,750000
2019.10.03 14:12:41.379,1.09947,1.09951,2120000,750000
2019.10.03 14:12:41.482,1.09947,1.09951,2060000,940000
2019.10.03 14:12:41.583,1.09947,1.09951,2120000,750000
2019.10.03 14:12:41.739,1.09947,1.09949,2250000,2250000
2019.10.03 14:12:42.014,1.09947,1.09948,2250000,750000
2019.10.03 14:12:42.065,1.09947,1.0995,2440000,2250000
2019.10.03 14:12:42.168,1.09947,1.09949,2250000,940000
2019.10.03 14:12:42.302,1.09946,1.09949,2250000,4310000
2019.10.03 14:12:42.454,1.09946,1.09948,2250000,5060000
2019.10.03 14:12:42.556,1.09945,1.09947,500000,2500000
2019.10.03 14:12:42.658,1.09947,1.09948,4120000,1500000
2019.10.03 14:12:42.792,1.09943,1.09946,2250000,2870000
2019.10.03 14:12:42.843,1.09943,1.09946,3370000,1690000
2019.10.03 14:12:43.368,1.09943,1.09945,2250000,2250000
2019.10.03 14:12:43.419,1.09946,1.09947,1500000,2440000
2019.10.03 14:12:43.470,1.09946,1.09949,3070000,5620000
2019.10.03 14:12:43.573,1.09945,1.09947,2250000,5620000
2019.10.03 14:12:43.675,1.09946,1.09947,2620000,750000
2019.10.03 14:12:43.777,1.09946,1.09948,2250000,750000
2019.10.03 14:12:44.008,1.09946,1.09949,3750000,3940000
2019.10.03 14:12:44.109,1.09948,1.0995,6190000,500000
2019.10.03 14:12:44.212,1.09949,1.0995,3000000,940000
2019.10.03 14:12:44.512,1.09946,1.09947,2250000,940000
2019.10.03 14:12:44.564,1.09944,1.09946,2250000,940000
2019.10.03 14:12:44.666,1.09944,1.09946,3370000,1750000
2019.10.03 14:12:44.768,1.09943,1.09944,2250000,750000
2019.10.03 14:12:44.920,1.09941,1.09944,2250000,8060000
2019.10.03 14:12:45.157,1.09942,1.09944,2250000,3750000
2019.10.03 14:12:45.259,1.09943,1.09945,3000000,2250000
2019.10.03 14:12:45.662,1.09946,1.09948,4450000,1500000
2019.10.03 14:12:45.763,1.09949,1.0995,1690000,750000
2019.10.03 14:12:45.865,1.0995,1.09952,5120000,1500000
2019.10.03 14:12:45.988,1.0995,1.09952,4870000,1690000
2019.10.03 14:12:46.295,1.09951,1.09952,5620000,750000
2019.10.03 14:12:46.577,1.09947,1.0995,3000000,940000
2019.10.03 14:12:46.679,1.09947,1.09949,2250000,3750000
2019.10.03 14:12:46.781,1.09946,1.09949,2250000,5440000
2019.10.03 14:12:46.957,1.09946,1.09948,2250000,5440000
2019.10.03 14:12:47.058,1.09946,1.09947,1500000,1500000
2019.10.03 14:12:47.519,1.09945,1.09946,2250000,1500000
2019.10.03 14:12:47.682,1.09944,1.09946,3000000,940000
2019.10.03 14:12:47.834,1.09945,1.09946,3000000,500000
2019.10.03 14:12:47.886,1.09947,1.09948,2810000,750000
2019.10.03 14:12:47.988,1.09946,1.09948,2810000,3560000
2019.10.03 14:12:48.350,1.09947,1.09948,3560000,750000
2019.10.03 14:12:48.452,1.09939,1.0994,750000,1870000
2019.10.03 14:12:48.503,1.09937,1.09941,1500000,3260000
2019.10.03 14:12:48.579,1.09941,1.09943,2250000,1750000
2019.10.03 14:12:48.630,1.09939,1.09941,3000000,1500000
2019.10.03 14:12:48.681,1.09938,1.09939,750000,1690000
2019.10.03 14:12:48.782,1.09937,1.09939,3000000,3190000
2019.10.03 14:12:48.934,1.09937,1.09938,2250000,1500000
2019.10.03 14:12:49.037,1.09938,1.09939,3000000,940000
2019.10.03 14:12:49.623,1.09937,1.09938,2250000,1690000
2019.10.03 14:12:49.775,1.09933,1.09936,750000,1000000
2019.10.03 14:12:49.911,1.09932,1.09935,750000,1750000
2019.10.03 14:12:50.013,1.09933,1.09934,2250000,940000
2019.10.03 14:12:50.374,1.09933,1.09935,3000000,1000000
2019.10.03 14:12:51.892,1.09932,1.09935,2250000,2440000
2019.10.03 14:12:52.208,1.09932,1.09934,2250000,1690000
2019.10.03 14:12:52.309,1.09932,1.09935,2250000,1690000
2019.10.03 14:12:52.562,1.09932,1.09934,2250000,1120000
2019.10.03 14:12:53.434,1.09931,1.09932,1870000,1120000
2019.10.03 14:12:53.485,1.09926,1.09929,500000,1690000
2019.10.03 14:12:53.587,1.09925,1.09929,5620000,2500000
2019.10.03 14:12:53.689,1.09926,1.09928,3750000,1750000
2019.10.03 14:12:53.791,1.09926,1.09928,3750000,1690000
2019.10.03 14:12:54.008,1.09926,1.09927,500000,2060000
2019.10.03 14:12:54.363,1.09927,1.09928,500000,750000
2019.10.03 14:12:54.414,1.09928,1.0993,2250000,2250000
2019.10.03 14:12:54.519,1.09928,1.0993,3000000,1750000
2019.10.03 14:12:54.621,1.09928,1.0993,3000000,1690000
2019.10.03 14:12:54.722,1.09928,1.0993,3000000,1500000
2019.10.03 14:12:54.823,1.09928,1.09929,2250000,1500000
2019.10.03 14:12:55.103,1.09929,1.0993,3000000,750000
2019.10.03 14:12:55.205,1.09928,1.0993,2250000,750000
2019.10.03 14:12:55.306,1.09928,1.09929,2250000,750000
2019.10.03 14:12:55.431,1.09927,1.09929,2250000,2440000
2019.10.03 14:12:56.591,1.09928,1.0993,2250000,750000
2019.10.03 14:12:56.693,1.09929,1.09931,3560000,940000
2019.10.03 14:12:56.797,1.09931,1.09933,4000000,1500000
2019.10.03 14:12:56.953,1.09932,1.09934,3560000,1870000
2019.10.03 14:12:57.057,1.09931,1.09933,3750000,750000
2019.10.03 14:12:57.160,1.09929,1.09931,2250000,2620000
2019.10.03 14:12:57.265,1.09929,1.09931,2250000,1750000
2019.10.03 14:12:57.562,1.0993,1.09932,1500000,1000000
2019.10.03 14:12:57.664,1.09929,1.09931,3000000,1000000
2019.10.03 14:12:57.775,1.09929,1.0993,2250000,940000
2019.10.03 14:12:58.356,1.09927,1.0993,2250000,4000000
2019.10.03 14:12:58.458,1.09927,1.0993,2250000,4000000
2019.10.03 14:12:58.559,1.09926,1.09928,2250000,4090000
2019.10.03 14:12:58.727,1.09927,1.09929,3370000,940000
2019.10.03 14:12:59.235,1.09926,1.09928,2250000,3560000
2019.10.03 14:12:59.865,1.09927,1.09928,2250000,940000
2019.10.03 14:13:00.476,1.09928,1.0993,1870000,2250000
2019.10.03 14:13:00.527,1.09931,1.09932,1690000,750000
2019.10.03 14:13:00.578,1.09932,1.09934,2440000,1500000
2019.10.03 14:13:00.748,1.09931,1.09934,2250000,3190000
2019.10.03 14:13:00.850,1.09931,1.09934,2250000,4000000
2019.10.03 14:13:00.951,1.09931,1.09933,3000000,2120000
2019.10.03 14:13:01.157,1.0993,1.09933,2250000,4750000
2019.10.03 14:13:01.259,1.0993,1.09932,2250000,1000000
2019.10.03 14:13:02.013,1.09929,1.09932,2250000,5500000
2019.10.03 14:13:03.122,1.0993,1.09934,3000000,3250000
2019.10.03 14:13:03.223,1.09935,1.09936,560000,2250000
2019.10.03 14:13:03.274,1.09933,1.09936,3000000,1690000
2019.10.03 14:13:03.325,1.09933,1.09936,3000000,3250000
2019.10.03 14:13:03.455,1.09931,1.09933,2250000,3250000
2019.10.03 14:13:03.556,1.09931,1.09934,3000000,2500000
2019.10.03 14:13:03.658,1.09932,1.09933,750000,940000
2019.10.03 14:13:03.759,1.09931,1.09934,2810000,2250000
2019.10.03 14:13:03.965,1.09931,1.09934,2620000,1750000
2019.10.03 14:13:04.321,1.09931,1.09934,2620000,940000
2019.10.03 14:13:04.453,1.0993,1.09933,2250000,3250000
2019.10.03 14:13:04.609,1.09932,1.09933,2250000,750000
2019.10.03 14:13:04.711,1.0993,1.09933,3000000,3060000
2019.10.03 14:13:04.762,1.0993,1.09931,2250000,1500000
2019.10.03 14:13:04.813,1.09929,1.09931,3370000,750000
2019.10.03 14:13:05.040,1.09928,1.09931,1120000,2440000
2019.10.03 14:13:05.141,1.09929,1.09931,750000,750000
2019.10.03 14:13:06.878,1.09929,1.0993,3000000,750000
2019.10.03 14:13:06.930,1.09927,1.09928,750000,750000
2019.10.03 14:13:06.981,1.09924,1.09927,3750000,1000000
2019.10.03 14:13:07.082,1.09925,1.09926,2250000,940000
2019.10.03 14:13:07.183,1.09924,1.09926,750000,1750000
2019.10.03 14:13:07.285,1.09924,1.09927,3750000,2500000
2019.10.03 14:13:07.400,1.09924,1.09926,750000,1750000
2019.10.03 14:13:07.453,1.09924,1.09925,2250000,940000
2019.10.03 14:13:07.554,1.09924,1.09926,3370000,750000
2019.10.03 14:13:07.808,1.09924,1.09926,3120000,1690000
2019.10.03 14:13:07.912,1.09924,1.09926,3370000,1690000
2019.10.03 14:13:08.414,1.09925,1.09926,750000,2250000
2019.10.03 14:13:08.465,1.09926,1.09928,500000,1000000
2019.10.03 14:13:08.759,1.09927,1.09929,2620000,940000
2019.10.03 14:13:09.665,1.09926,1.09927,2250000,750000
2019.10.03 14:13:09.766,1.09925,1.09927,3820000,750000
2019.10.03 14:13:10.275,1.09925,1.09928,4690000,750000
2019.10.03 14:13:10.377,1.09925,1.09928,3000000,4000000
2019.10.03 14:13:11.288,1.09927,1.0993,750000,4370000
2019.10.03 14:13:11.339,1.09927,1.0993,4500000,560000
2019.10.03 14:13:11.896,1.09927,1.09929,2250000,940000
2019.10.03 14:13:11.947,1.09926,1.09927,2250000,940000
2019.10.03 14:13:11.998,1.09926,1.09929,5620000,940000
2019.10.03 14:13:12.099,1.09927,1.09929,1120000,750000
2019.10.03 14:13:12.211,1.09926,1.09929,1120000,2810000
2019.10.03 14:13:12.465,1.09924,1.09927,3000000,2890000
2019.10.03 14:13:12.616,1.09924,1.09926,2250000,1310000
2019.10.03 14:13:12.929,1.09924,1.09926,2250000,1750000
2019.10.03 14:13:13.577,1.09924,1.09926,2250000,2440000
2019.10.03 14:13:13.678,1.09924,1.09927,2250000,3250000
2019.10.03 14:13:14.113,1.09926,1.09927,3000000,940000
2019.10.03 14:13:14.215,1.09926,1.09928,2250000,2870000
2019.10.03 14:13:14.317,1.09926,1.09928,2250000,940000
2019.10.03 14:13:14.733,1.09927,1.09929,750000,750000
2019.10.03 14:13:14.836,1.09926,1.09928,750000,2500000
2019.10.03 14:13:14.888,1.09924,1.09926,3000000,1870000
2019.10.03 14:13:14.990,1.09921,1.09924,1120000,2250000
2019.10.03 14:13:15.040,1.09923,1.09924,500000,940000
2019.10.03 14:13:15.170,1.09921,1.09924,5620000,2500000
2019.10.03 14:13:15.221,1.09921,1.09923,2620000,1690000
2019.10.03 14:13:15.322,1.09922,1.09923,1120000,940000
2019.10.03 14:13:15.424,1.09921,1.09923,2620000,1690000
2019.10.03 14:13:15.573,1.09921,1.09924,560000,2250000
2019.10.03 14:13:15.624,1.09924,1.09925,1310000,750000
2019.10.03 14:13:15.726,1.09923,1.09925,2440000,750000
2019.10.03 14:13:16.155,1.09923,1.09926,2250000,940000
2019.10.03 14:13:16.256,1.09924,1.09927,3750000,750000
2019.10.03 14:13:16.511,1.09922,1.09926,1500000,5500000
2019.10.03 14:13:16.661,1.09925,1.09926,750000,750000
2019.10.03 14:13:16.914,1.09926,1.09928,4310000,750000
2019.10.03 14:13:17.015,1.09923,1.09927,750000,1750000
2019.10.03 14:13:17.116,1.09923,1.09927,750000,1000000
2019.10.03 14:13:17.225,1.09924,1.09928,6940000,940000
2019.10.03 14:13:17.334,1.09924,1.09927,3190000,940000
2019.10.03 14:13:17.651,1.09924,1.09926,750000,940000
2019.10.03 14:13:17.774,1.09925,1.09927,2440000,750000
2019.10.03 14:13:17.926,1.09926,1.09927,750000,750000
2019.10.03 14:13:18.028,1.09925,1.09928,2620000,1750000
2019.10.03 14:13:18.606,1.09925,1.09927,750000,750000
2019.10.03 14:13:18.708,1.09924,1.09926,1500000,1750000
2019.10.03 14:13:19.025,1.09925,1.09927,940000,940000
2019.10.03 14:13:19.126,1.09925,1.09927,750000,1750000
2019.10.03 14:13:19.678,1.09925,1.09927,750000,940000
2019.10.03 14:13:19.983,1.09926,1.09927,1690000,750000
2019.10.03 14:13:20.084,1.09925,1.09927,1690000,940000
2019.10.03 14:13:20.236,1.09926,1.09927,750000,750000
2019.10.03 14:13:20.338,1.09927,1.09928,750000,1120000
2019.10.03 14:13:20.495,1.09927,1.0993,1690000,560000
2019.10.03 14:13:20.596,1.09926,1.0993,750000,5200000
2019.10.03 14:13:20.697,1.09929,1.09931,1310000,750000
2019.10.03 14:13:20.799,1.09927,1.09931,2620000,3250000
2019.10.03 14:13:20.900,1.09928,1.0993,750000,940000
2019.10.03 14:13:21.018,1.09927,1.09931,3850000,1690000
2019.10.03 14:13:21.122,1.09927,1.09931,850000,1370000
2019.10.03 14:13:21.223,1.09928,1.09932,1870000,750000
2019.10.03 14:13:21.453,1.09928,1.09931,500000,750000
2019.10.03 14:13:21.806,1.09928,1.09931,500000,1000000
2019.10.03 14:13:22.135,1.09928,1.09931,500000,940000
2019.10.03 14:13:22.448,1.09927,1.09928,750000,750000
2019.10.03 14:13:22.552,1.09926,1.09927,1500000,2440000
2019.10.03 14:13:22.604,1.09926,1.09929,4120000,750000
2019.10.03 14:13:22.656,1.09925,1.09927,500000,1500000
2019.10.03 14:13:22.758,1.09925,1.09927,750000,1000000
2019.10.03 14:13:22.810,1.09923,1.09928,5720000,4000000
2019.10.03 14:13:23.012,1.09923,1.09928,4120000,6250000
2019.10.03 14:13:23.301,1.09928,1.0993,3000000,750000
2019.10.03 14:13:23.402,1.09929,1.09932,1750000,1120000
2019.10.03 14:13:23.504,1.09931,1.09932,940000,1120000
2019.10.03 14:13:23.636,1.0993,1.09933,560000,1000000
2019.10.03 14:13:23.787,1.09929,1.09933,2870000,1000000
2019.10.03 14:13:24.441,1.09928,1.09933,3700000,2440000
2019.10.03 14:13:24.615,1.09928,1.09931,750000,940000
2019.10.03 14:13:24.716,1.09928,1.09932,940000,2440000
2019.10.03 14:13:24.919,1.09931,1.09933,850000,750000
2019.10.03 14:13:25.030,1.0993,1.09935,7200000,4750000
2019.10.03 14:13:26.088,1.09933,1.09936,2060000,750000
2019.10.03 14:13:26.377,1.09932,1.09934,750000,2070000
2019.10.03 14:13:26.480,1.0993,1.09932,1500000,1000000
2019.10.03 14:13:26.579,1.09929,1.09932,2250000,1750000
2019.10.03 14:13:26.843,1.09928,1.09933,4450000,2440000
2019.10.03 14:13:27.099,1.09928,1.09931,750000,940000
2019.10.03 14:13:27.523,1.0993,1.09931,750000,750000
2019.10.03 14:13:27.624,1.09928,1.09931,1500000,1750000
2019.10.03 14:13:28.109,1.09926,1.09931,2970000,3110000
2019.10.03 14:13:28.210,1.09926,1.0993,1760000,4940000
2019.10.03 14:13:28.751,1.09927,1.09931,2060000,1690000
2019.10.03 14:13:28.900,1.09927,1.09931,600000,3250000
2019.10.03 14:13:29.805,1.09928,1.0993,750000,560000
2019.10.03 14:13:29.907,1.09925,1.09928,1870000,1750000
2019.10.03 14:13:30.171,1.09925,1.09927,750000,1750000
2019.10.03 14:13:30.222,1.09923,1.09926,820000,1870000
2019.10.03 14:13:30.323,1.09923,1.09925,750000,1500000
2019.10.03 14:13:30.460,1.09922,1.09924,1120000,1500000
2019.10.03 14:13:30.511,1.09923,1.09925,3000000,1000000
2019.10.03 14:13:30.612,1.09922,1.09924,750000,1750000
2019.10.03 14:13:30.713,1.09922,1.09925,3000000,1750000
2019.10.03 14:13:30.874,1.09922,1.09924,750000,940000
2019.10.03 14:13:31.234,1.09923,1.09924,500000,750000
2019.10.03 14:13:31.603,1.09923,1.09926,1870000,750000
2019.10.03 14:13:32.880,1.09925,1.09926,500000,750000
2019.10.03 14:13:32.982,1.09926,1.09928,500000,2440000
2019.10.03 14:13:33.084,1.09924,1.09928,1870000,2500000
2019.10.03 14:13:33.194,1.09925,1.09929,1500000,2440000
2019.10.03 14:13:33.296,1.09924,1.09928,5700000,1000000
2019.10.03 14:13:33.347,1.09923,1.09927,750000,1750000
2019.10.03 14:13:33.450,1.09923,1.09925,750000,1000000
2019.10.03 14:13:33.673,1.09926,1.09927,750000,750000
2019.10.03 14:13:33.724,1.09927,1.09929,1120000,500000
2019.10.03 14:13:33.828,1.09926,1.09929,750000,2440000
2019.10.03 14:13:33.929,1.09928,1.09929,750000,750000
2019.10.03 14:13:34.183,1.09926,1.09929,750000,2810000
2019.10.03 14:13:34.294,1.09926,1.0993,2810000,5060000
2019.10.03 14:13:34.345,1.09928,1.0993,2060000,750000
2019.10.03 14:13:34.446,1.09928,1.09929,750000,1500000
2019.10.03 14:13:34.548,1.09922,1.09923,750000,1500000
2019.10.03 14:13:34.650,1.09922,1.09924,2060000,940000
2019.10.03 14:13:34.763,1.09922,1.09924,4200000,750000
2019.10.03 14:13:34.865,1.09922,1.09924,3190000,1500000
2019.10.03 14:13:35.087,1.09921,1.09924,3260000,750000
2019.10.03 14:13:35.194,1.0992,1.09924,4690000,1690000
2019.10.03 14:13:35.327,1.09921,1.09924,3070000,750000
2019.10.03 14:13:35.530,1.09923,1.09926,1040000,750000
2019.10.03 14:13:35.632,1.09923,1.09927,1760000,2440000
2019.10.03 14:13:36.002,1.09923,1.09927,1820000,1500000
2019.10.03 14:13:37.559,1.09923,1.09925,750000,750000
2019.10.03 14:13:37.918,1.09922,1.09927,4820000,1690000
2019.10.03 14:13:38.222,1.09922,1.09925,750000,940000
2019.10.03 14:13:38.323,1.09922,1.09924,1120000,840000
2019.10.03 14:13:38.453,1.09921,1.09924,1310000,2340000
2019.10.03 14:13:38.605,1.09921,1.09924,5060000,870000
2019.10.03 14:13:38.706,1.09921,1.09923,750000,840000
2019.10.03 14:13:38.807,1.09921,1.09924,640000,840000
2019.10.03 14:13:39.216,1.0992,1.09924,1690000,4050000
2019.10.03 14:13:39.395,1.0992,1.09923,750000,3300000
2019.10.03 14:13:39.580,1.09919,1.09923,3820000,1820000
2019.10.03 14:13:40.462,1.09919,1.09921,2250000,820000
2019.10.03 14:13:40.614,1.09918,1.09921,1010000,1500000
2019.10.03 14:13:40.729,1.09917,1.0992,750000,1000000
2019.10.03 14:13:40.780,1.09917,1.09919,750000,750000
2019.10.03 14:13:40.982,1.09917,1.09918,600000,500000
2019.10.03 14:13:41.084,1.09917,1.0992,1010000,1500000
2019.10.03 14:13:41.466,1.09917,1.0992,660000,1500000
2019.10.03 14:13:41.833,1.09917,1.0992,640000,1500000
2019.10.03 14:13:42.541,1.09917,1.09918,750000,750000
2019.10.03 14:13:42.643,1.09915,1.09919,2510000,5350000
2019.10.03 14:13:42.745,1.09915,1.09919,3070000,2350000
2019.10.03 14:13:42.846,1.09915,1.09919,3100000,2350000
2019.10.03 14:13:43.092,1.09916,1.09919,640000,1750000
2019.10.03 14:13:43.193,1.09916,1.09919,640000,2620000
2019.10.03 14:13:43.295,1.09917,1.09919,1040000,750000
2019.10.03 14:13:43.672,1.09916,1.09919,640000,750000
2019.10.03 14:13:43.926,1.09915,1.0992,4850000,3350000
2019.10.03 14:13:44.028,1.09916,1.09917,750000,500000
2019.10.03 14:13:44.137,1.09915,1.09917,750000,2350000
2019.10.03 14:13:44.755,1.09916,1.09919,2510000,750000
2019.10.03 14:13:44.857,1.09917,1.0992,850000,1690000
2019.10.03 14:13:46.108,1.09918,1.0992,1070000,750000
2019.10.03 14:13:46.220,1.09917,1.0992,2200000,940000
2019.10.03 14:13:46.372,1.09916,1.09918,750000,940000
2019.10.03 14:13:46.890,1.09916,1.09918,600000,1000000
2019.10.03 14:13:47.042,1.09916,1.09919,1310000,1000000
2019.10.03 14:13:47.340,1.09916,1.09918,940000,500000
2019.10.03 14:13:47.442,1.09915,1.09919,1950000,3350000
2019.10.03 14:13:47.812,1.09915,1.09918,500000,2350000
2019.10.03 14:13:48.336,1.09916,1.09918,600000,750000
2019.10.03 14:13:48.488,1.09915,1.09918,600000,1350000
2019.10.03 14:13:48.852,1.09915,1.09917,2250000,100000
2019.10.03 14:13:49.004,1.09915,1.09917,1070000,100000
2019.10.03 14:13:49.105,1.09915,1.09917,1760000,100000
2019.10.03 14:13:49.206,1.09915,1.09917,1410000,100000
2019.10.03 14:13:49.308,1.09915,1.09917,1390000,100000
2019.10.03 14:13:49.416,1.09915,1.09917,2160000,100000
2019.10.03 14:13:49.467,1.09913,1.09917,2140000,3940000
2019.10.03 14:13:49.570,1.09914,1.09918,5970000,750000
2019.10.03 14:13:49.671,1.09913,1.09918,5950000,2440000
2019.10.03 14:13:49.723,1.09915,1.09918,1820000,3750000
2019.10.03 14:13:49.825,1.09916,1.09919,3320000,4120000
2019.10.03 14:13:49.967,1.09916,1.09918,750000,4000000
2019.10.03 14:13:50.068,1.09916,1.09919,1120000,4750000
2019.10.03 14:13:50.880,1.09916,1.09919,820000,6320000
2019.10.03 14:13:51.765,1.09916,1.0992,640000,5760000
2019.10.03 14:13:52.724,1.09916,1.09919,600000,4010000
2019.10.03 14:13:52.825,1.09917,1.09919,600000,2510000
2019.10.03 14:13:53.410,1.09916,1.09917,500000,3260000
2019.10.03 14:13:53.535,1.09916,1.09917,500000,2320000
2019.10.03 14:13:53.586,1.09914,1.09917,500000,3710000
2019.10.03 14:13:53.688,1.09914,1.09917,1950000,1000000
2019.10.03 14:13:53.790,1.09914,1.09916,600000,1000000
2019.10.03 14:13:53.942,1.09913,1.09916,600000,1690000
2019.10.03 14:13:54.776,1.09913,1.09917,4390000,3560000
2019.10.03 14:13:55.571,1.09913,1.09916,1500000,1310000
2019.10.03 14:13:56.634,1.09912,1.09916,640000,3560000
2019.10.03 14:13:56.685,1.09915,1.09916,600000,750000
2019.10.03 14:13:56.736,1.09916,1.09918,1500000,1500000
2019.10.03 14:13:56.837,1.09916,1.09918,2250000,1750000
2019.10.03 14:13:58.094,1.09915,1.09918,3070000,940000
2019.10.03 14:13:58.145,1.09914,1.09917,2500000,750000
2019.10.03 14:13:58.202,1.09912,1.09917,2500000,5590000
2019.10.03 14:13:58.304,1.09912,1.09916,1390000,4310000
2019.10.03 14:13:58.405,1.09913,1.09916,2890000,1500000
2019.10.03 14:13:58.507,1.09912,1.09916,2890000,3190000
2019.10.03 14:13:58.608,1.09913,1.09916,2440000,750000
2019.10.03 14:13:58.709,1.09913,1.09916,1690000,750000
2019.10.03 14:13:59.312,1.09913,1.09916,2890000,750000
2019.10.03 14:13:59.417,1.09911,1.09914,1500000,3940000
2019.10.03 14:13:59.519,1.09909,1.09911,2250000,750000
2019.10.03 14:13:59.620,1.09908,1.09911,2250000,4520000
2019.10.03 14:13:59.823,1.09908,1.09912,5060000,1750000
2019.10.03 14:14:00.077,1.09911,1.09914,1760000,750000
2019.10.03 14:14:00.178,1.09912,1.09914,500000,560000
2019.10.03 14:14:00.423,1.09911,1.09913,750000,1750000
2019.10.03 14:14:00.807,1.09909,1.09912,1870000,1000000
2019.10.03 14:14:01.431,1.09909,1.09912,1500000,1690000
2019.10.03 14:14:01.482,1.09909,1.09912,1500000,2500000
2019.10.03 14:14:01.727,1.0991,1.09913,2250000,750000
2019.10.03 14:14:01.844,1.0991,1.09912,500000,940000
2019.10.03 14:14:01.954,1.09908,1.09911,500000,3620000
2019.10.03 14:14:02.010,1.09906,1.09908,750000,4390000
2019.10.03 14:14:02.112,1.09905,1.09907,750000,750000
2019.10.03 14:14:02.215,1.09905,1.09909,9560000,1750000
2019.10.03 14:14:02.326,1.09907,1.09909,3250000,750000
2019.10.03 14:14:02.630,1.09907,1.09912,2620000,2620000
2019.10.03 14:14:02.769,1.09908,1.09911,750000,500000
2019.10.03 14:14:03.173,1.09907,1.09911,940000,2060000
2019.10.03 14:14:03.343,1.09908,1.09912,2870000,750000
2019.10.03 14:14:03.545,1.09909,1.0991,1500000,750000
2019.10.03 14:14:03.695,1.09906,1.0991,4870000,1370000
2019.10.03 14:14:03.847,1.09907,1.09909,750000,750000
2019.10.03 14:14:03.948,1.09906,1.0991,5870000,640000
2019.10.03 14:14:03.999,1.09908,1.09909,940000,500000
2019.10.03 14:14:04.147,1.09907,1.09909,940000,750000
2019.10.03 14:14:04.255,1.09908,1.0991,4000000,750000
2019.10.03 14:14:04.357,1.09908,1.0991,2440000,940000
2019.10.03 14:14:04.459,1.09908,1.09911,1690000,940000
2019.10.03 14:14:05.336,1.09908,1.09911,1750000,750000
2019.10.03 14:14:05.841,1.09907,1.09911,1070000,3560000
2019.10.03 14:14:06.027,1.09908,1.09911,1000000,750000
2019.10.03 14:14:06.280,1.09907,1.09911,4000000,3190000
2019.10.03 14:14:06.423,1.09904,1.09908,2810000,1690000
2019.10.03 14:14:06.525,1.09904,1.09907,750000,1690000
2019.10.03 14:14:06.626,1.09904,1.09908,3750000,1120000
2019.10.03 14:14:06.829,1.09904,1.09907,940000,1310000
2019.10.03 14:14:07.412,1.09906,1.09908,3190000,750000
2019.10.03 14:14:07.520,1.09905,1.09907,2250000,940000
2019.10.03 14:14:07.622,1.09903,1.09907,3620000,500000
2019.10.03 14:14:07.988,1.09903,1.09905,940000,500000
2019.10.03 14:14:08.134,1.09902,1.09905,940000,3370000
2019.10.03 14:14:08.520,1.09902,1.09906,1690000,4690000
2019.10.03 14:14:08.682,1.09902,1.09905,750000,4500000
2019.10.03 14:14:08.854,1.09902,1.09906,2440000,4500000
2019.10.03 14:14:09.653,1.09902,1.09905,940000,3000000
2019.10.03 14:14:09.944,1.09904,1.09905,940000,750000
2019.10.03 14:14:10.046,1.09904,1.09907,7190000,750000
2019.10.03 14:14:10.349,1.09904,1.09906,5870000,750000
2019.10.03 14:14:10.399,1.09902,1.09904,750000,500000
2019.10.03 14:14:10.501,1.09901,1.09904,750000,940000
2019.10.03 14:14:10.653,1.09901,1.09903,500000,940000
2019.10.03 14:14:10.754,1.09899,1.09902,1120000,1010000
2019.10.03 14:14:10.939,1.09899,1.09901,750000,1010000
2019.10.03 14:14:11.394,1.09898,1.09902,3000000,1100000
2019.10.03 14:14:11.445,1.09897,1.09898,750000,940000
2019.10.03 14:14:11.525,1.09897,1.099,1500000,940000
2019.10.03 14:14:12.106,1.09897,1.09899,750000,1120000
2019.10.03 14:14:12.209,1.09896,1.09897,1760000,500000
2019.10.03 14:14:12.260,1.09893,1.09897,820000,4520000
2019.10.03 14:14:12.362,1.09893,1.09897,2250000,1750000
2019.10.03 14:14:12.521,1.09893,1.09897,2890000,940000
2019.10.03 14:14:12.793,1.09894,1.09897,940000,3750000
2019.10.03 14:14:12.855,1.09896,1.09898,2200000,750000
2019.10.03 14:14:12.913,1.09897,1.09899,1010000,500000
2019.10.03 14:14:13.014,1.09897,1.099,1390000,500000
2019.10.03 14:14:13.116,1.09898,1.09899,750000,750000
2019.10.03 14:14:13.277,1.09896,1.09897,1500000,940000
2019.10.03 14:14:13.438,1.09893,1.09897,4570000,1000000
2019.10.03 14:14:13.540,1.09893,1.09897,4760000,940000
2019.10.03 14:14:13.732,1.09893,1.09897,15700000,940000
2019.10.03 14:14:13.783,1.0989,1.09891,750000,750000
2019.10.03 14:14:14.036,1.09888,1.0989,600000,1850000
2019.10.03 14:14:14.229,1.09888,1.09891,1690000,750000
2019.10.03 14:14:14.330,1.09889,1.09892,1450000,1120000
2019.10.03 14:14:14.432,1.09888,1.09891,940000,750000
2019.10.03 14:14:14.533,1.09887,1.09891,820000,6190000
2019.10.03 14:14:14.675,1.09887,1.09891,750000,5500000
2019.10.03 14:14:14.777,1.09893,1.09894,1690000,750000
2019.10.03 14:14:15.119,1.09893,1.09895,940000,940000
2019.10.03 14:14:15.299,1.09892,1.09895,750000,6250000
2019.10.03 14:14:15.754,1.09893,1.09895,750000,940000
2019.10.03 14:14:15.856,1.09893,1.09894,750000,750000
2019.10.03 14:14:15.985,1.09892,1.09894,750000,2440000
2019.10.03 14:14:16.972,1.09889,1.09891,1500000,940000
2019.10.03 14:14:17.073,1.09888,1.0989,750000,750000
2019.10.03 14:14:17.175,1.09889,1.09891,2140000,750000
2019.10.03 14:14:17.318,1.09888,1.09891,3640000,750000
2019.10.03 14:14:17.421,1.09888,1.0989,820000,750000
2019.10.03 14:14:17.825,1.09887,1.0989,1760000,1500000
2019.10.03 14:14:17.977,1.09888,1.0989,940000,750000
2019.10.03 14:14:18.082,1.09888,1.0989,2160000,750000
2019.10.03 14:14:18.184,1.09888,1.0989,1390000,750000
2019.10.03 14:14:18.291,1.09888,1.0989,1200000,750000
2019.10.03 14:14:18.494,1.09887,1.09889,3190000,750000
2019.10.03 14:14:18.595,1.09886,1.09889,820000,2060000
2019.10.03 14:14:18.905,1.09887,1.09889,1500000,1120000
2019.10.03 14:14:19.006,1.09888,1.09889,750000,750000
2019.10.03 14:14:19.108,1.09887,1.0989,750000,1690000
2019.10.03 14:14:19.269,1.09885,1.09888,600000,2060000
2019.10.03 14:14:19.372,1.09884,1.09888,1600000,4150000
2019.10.03 14:14:19.473,1.09884,1.09888,1570000,2500000
2019.10.03 14:14:19.625,1.09885,1.09887,500000,4690000
2019.10.03 14:14:19.773,1.09885,1.09888,1570000,3940000
2019.10.03 14:14:19.875,1.09885,1.09887,1200000,3940000
2019.10.03 14:14:20.129,1.09885,1.09887,750000,5440000
2019.10.03 14:14:20.180,1.09886,1.09888,600000,3000000
2019.10.03 14:14:20.316,1.09886,1.09889,1690000,3750000
2019.10.03 14:14:20.598,1.09887,1.09888,750000,750000
2019.10.03 14:14:20.699,1.09886,1.09889,1690000,6000000
2019.10.03 14:14:20.949,1.09887,1.09888,750000,750000
2019.10.03 14:14:21.050,1.09886,1.09889,1690000,4870000
2019.10.03 14:14:21.402,1.09886,1.09889,750000,4750000
2019.10.03 14:14:21.503,1.09886,1.09888,1500000,2440000
2019.10.03 14:14:21.857,1.09885,1.09887,750000,2500000
2019.10.03 14:14:22.290,1.09885,1.09887,750000,560000
2019.10.03 14:14:22.912,1.09885,1.09887,750000,1000000
2019.10.03 14:14:23.014,1.09886,1.09889,820000,940000
2019.10.03 14:14:24.004,1.09887,1.09889,1220000,1120000
2019.10.03 14:14:24.105,1.09887,1.09889,1950000,1870000
2019.10.03 14:14:24.207,1.09888,1.0989,1010000,750000
2019.10.03 14:14:24.458,1.09889,1.0989,820000,750000
2019.10.03 14:14:24.766,1.09888,1.0989,750000,940000
2019.10.03 14:14:24.817,1.09888,1.09891,1950000,3400000
2019.10.03 14:14:24.918,1.09891,1.09892,600000,940000
2019.10.03 14:14:24.969,1.09891,1.09893,750000,1190000
2019.10.03 14:14:25.071,1.09892,1.09896,6660000,560000
2019.10.03 14:14:25.173,1.09891,1.09894,750000,4370000
2019.10.03 14:14:25.376,1.09892,1.09895,820000,940000
2019.10.03 14:14:25.427,1.09892,1.09894,750000,940000
2019.10.03 14:14:25.736,1.09893,1.09895,750000,1690000
2019.10.03 14:14:26.149,1.09892,1.09895,1570000,940000
2019.10.03 14:14:26.200,1.09891,1.09893,750000,3400000
2019.10.03 14:14:26.302,1.09891,1.09893,750000,1000000
2019.10.03 14:14:26.403,1.09892,1.09894,500000,940000
2019.10.03 14:14:26.549,1.09893,1.09894,500000,750000
2019.10.03 14:14:26.650,1.09891,1.09894,1120000,2810000
2019.10.03 14:14:27.594,1.09891,1.09894,1120000,3060000
2019.10.03 14:14:28.268,1.0989,1.09893,750000,3250000
2019.10.03 14:14:29.244,1.0989,1.09892,750000,1000000
2019.10.03 14:14:29.435,1.09888,1.09892,750000,5460000
2019.10.03 14:14:29.486,1.09889,1.09892,1120000,1000000
2019.10.03 14:14:29.537,1.09888,1.09892,1950000,3020000
2019.10.03 14:14:30.173,1.0989,1.09892,2620000,750000
2019.10.03 14:14:30.274,1.09888,1.09892,1950000,4150000
2019.10.03 14:14:30.771,1.09887,1.09891,750000,6260000
2019.10.03 14:14:30.873,1.09888,1.09891,820000,5250000
2019.10.03 14:14:31.089,1.09887,1.09888,750000,940000
2019.10.03 14:14:31.190,1.09885,1.09888,3070000,1000000
2019.10.03 14:14:31.241,1.09885,1.09888,1570000,3560000
2019.10.03 14:14:31.342,1.09886,1.09888,1120000,1120000
2019.10.03 14:14:31.796,1.09886,1.09888,750000,2870000
2019.10.03 14:14:31.898,1.09886,1.09888,1010000,1310000
2019.10.03 14:14:32.055,1.09885,1.09889,1760000,4690000
2019.10.03 14:14:32.157,1.09888,1.0989,2890000,750000
2019.10.03 14:14:32.258,1.09887,1.0989,1310000,2250000
2019.10.03 14:14:32.415,1.09887,1.0989,600000,1000000
2019.10.03 14:14:32.516,1.09887,1.09889,750000,3400000
2019.10.03 14:14:32.954,1.09887,1.09889,750000,1120000
2019.10.03 14:14:33.055,1.09886,1.09889,820000,4310000
2019.10.03 14:14:34.775,1.09887,1.09889,750000,1870000
2019.10.03 14:14:35.307,1.09885,1.09889,2320000,2500000
2019.10.03 14:14:35.690,1.09887,1.09889,1200000,750000
2019.10.03 14:14:36.081,1.09888,1.0989,1120000,750000
2019.10.03 14:14:36.233,1.09889,1.09891,1200000,750000
2019.10.03 14:14:36.367,1.09892,1.09894,1950000,750000
2019.10.03 14:14:36.468,1.09891,1.09893,750000,2810000
2019.10.03 14:14:36.570,1.09891,1.09894,1200000,1690000
2019.10.03 14:14:36.671,1.09892,1.09893,750000,2250000
2019.10.03 14:14:36.840,1.09892,1.09894,750000,1370000
2019.10.03 14:14:37.144,1.09892,1.09894,820000,2250000
2019.10.03 14:14:38.049,1.09892,1.09893,750000,750000
2019.10.03 14:14:38.150,1.09892,1.09894,820000,1000000
2019.10.03 14:14:38.360,1.09892,1.09894,1690000,940000
2019.10.03 14:14:38.461,1.09891,1.09894,750000,3940000
2019.10.03 14:14:38.588,1.09891,1.09894,1120000,3620000
2019.10.03 14:14:38.639,1.09891,1.09893,750000,940000
2019.10.03 14:14:38.790,1.09891,1.09894,2320000,1690000
2019.10.03 14:14:39.248,1.09892,1.09894,1870000,750000
2019.10.03 14:14:39.349,1.09891,1.09894,750000,3940000
2019.10.03 14:14:39.557,1.0989,1.09893,1500000,1750000
2019.10.03 14:14:39.660,1.09891,1.09894,1570000,1690000
2019.10.03 14:14:39.812,1.09891,1.09892,750000,1310000
2019.10.03 14:14:39.863,1.09891,1.09894,2320000,1000000
2019.10.03 14:14:39.914,1.0989,1.09893,750000,4000000
2019.10.03 14:14:40.075,1.0989,1.09892,750000,1090000
2019.10.03 14:14:40.177,1.09889,1.09891,750000,1310000
2019.10.03 14:14:40.279,1.09888,1.0989,750000,1090000
2019.10.03 14:14:40.381,1.09887,1.09889,1690000,940000
2019.10.03 14:14:40.535,1.09883,1.09887,750000,3070000
2019.10.03 14:14:40.636,1.09884,1.09886,750000,1150000
2019.10.03 14:14:40.738,1.09884,1.09887,1120000,1150000
2019.10.03 14:14:41.139,1.09884,1.09886,750000,350000
2019.10.03 14:14:41.241,1.09884,1.09886,750000,350000
2019.10.03 14:14:41.443,1.09884,1.09886,750000,350000
2019.10.03 14:14:41.886,1.09884,1.09886,750000,350000
2019.10.03 14:14:41.987,1.09884,1.09886,750000,350000
2019.10.03 14:14:42.523,1.09884,1.09886,750000,100000
2019.10.03 14:14:42.809,1.09884,1.09885,1120000,350000
2019.10.03 14:14:43.431,1.09881,1.09883,1120000,2060000
2019.10.03 14:14:44.665,1.09881,1.09883,750000,2500000
2019.10.03 14:14:44.982,1.09881,1.09883,750000,3940000
2019.10.03 14:14:45.213,1.09882,1.09883,750000,750000
2019.10.03 14:14:45.264,1.09882,1.09885,1390000,2250000
2019.10.03 14:14:45.366,1.09883,1.09886,4390000,900000
2019.10.03 14:14:45.722,1.09882,1.09886,3370000,5770000
2019.10.03 14:14:45.861,1.09882,1.09885,750000,3340000
2019.10.03 14:14:45.963,1.09884,1.09887,3150000,1000000
2019.10.03 14:14:46.014,1.09883,1.09885,750000,1000000
2019.10.03 14:14:46.116,1.09882,1.09885,750000,1950000
2019.10.03 14:14:48.229,1.09884,1.09885,750000,1500000
2019.10.03 14:14:48.331,1.09883,1.09886,750000,2870000
2019.10.03 14:14:48.482,1.09884,1.09886,1870000,750000
2019.10.03 14:14:48.583,1.09883,1.09886,1500000,940000
2019.10.03 14:14:48.735,1.09882,1.09884,750000,940000
2019.10.03 14:14:48.949,1.09881,1.09882,750000,1500000
2019.10.03 14:14:49.051,1.09879,1.09883,750000,1100000
2019.10.03 14:14:49.254,1.09879,1.09882,750000,1850000
2019.10.03 14:14:49.356,1.09882,1.09884,1500000,750000
2019.10.03 14:14:49.515,1.09881,1.09884,750000,1690000
2019.10.03 14:14:49.920,1.09883,1.09884,750000,940000
2019.10.03 14:14:50.074,1.09882,1.09885,1120000,940000
2019.10.03 14:14:51.212,1.09881,1.09884,750000,3250000
2019.10.03 14:14:51.657,1.09881,1.09883,750000,940000
2019.10.03 14:14:51.759,1.0988,1.09883,600000,1690000
2019.10.03 14:14:51.910,1.0988,1.09884,2510000,3190000
2019.10.03 14:14:52.024,1.09881,1.09884,1200000,940000
2019.10.03 14:14:52.226,1.09881,1.09883,750000,940000
2019.10.03 14:14:52.327,1.0988,1.09882,750000,940000
2019.10.03 14:14:52.429,1.0988,1.09881,750000,940000
2019.10.03 14:14:52.480,1.09879,1.09883,2700000,1220000
2019.10.03 14:14:52.594,1.09881,1.09884,2320000,940000
2019.10.03 14:14:52.696,1.09882,1.09884,2700000,750000
2019.10.03 14:14:52.797,1.09881,1.09884,1200000,1690000
2019.10.03 14:14:52.899,1.09881,1.09883,750000,1690000
2019.10.03 14:14:53.114,1.09882,1.09885,1570000,1000000
2019.10.03 14:14:53.215,1.09882,1.09884,820000,1840000
2019.10.03 14:14:53.317,1.09881,1.09883,750000,1120000
2019.10.03 14:14:53.472,1.09881,1.09885,2200000,2650000
2019.10.03 14:14:53.574,1.09881,1.09885,1760000,1840000
2019.10.03 14:14:53.677,1.09882,1.09885,1410000,750000
2019.10.03 14:14:53.778,1.09882,1.09885,1390000,750000
2019.10.03 14:14:53.924,1.09881,1.09885,1760000,5590000
2019.10.03 14:14:54.442,1.09882,1.09885,1690000,1500000
2019.10.03 14:14:54.543,1.09883,1.09885,1690000,750000
2019.10.03 14:14:54.645,1.09884,1.09886,820000,1000000
2019.10.03 14:14:54.747,1.09883,1.09885,750000,2650000
2019.10.03 14:14:54.848,1.09882,1.09885,750000,2260000
2019.10.03 14:14:55.000,1.09882,1.09883,750000,1650000
2019.10.03 14:14:55.107,1.09881,1.09883,600000,1690000
2019.10.03 14:14:55.209,1.09882,1.09885,1390000,750000
2019.10.03 14:14:55.311,1.09882,1.09885,1220000,940000
2019.10.03 14:14:55.362,1.09883,1.09886,2510000,750000
2019.10.03 14:14:55.541,1.09883,1.09886,1790000,750000
2019.10.03 14:14:55.741,1.09883,1.09886,1310000,750000
2019.10.03 14:14:57.454,1.09883,1.09885,600000,750000
2019.10.03 14:14:57.555,1.09883,1.09886,1390000,750000
2019.10.03 14:14:57.991,1.09884,1.09886,1390000,500000
2019.10.03 14:14:58.321,1.09883,1.09886,1390000,1500000
2019.10.03 14:14:58.555,1.09884,1.09886,1010000,750000
2019.10.03 14:14:58.605,1.0989,1.09891,1390000,1500000
2019.10.03 14:14:58.657,1.09891,1.09892,750000,1120000
2019.10.03 14:14:58.758,1.09891,1.09893,1120000,500000
2019.10.03 14:14:58.877,1.0989,1.09891,750000,560000
2019.10.03 14:14:59.080,1.09887,1.09889,500000,500000
2019.10.03 14:14:59.239,1.09888,1.09889,500000,940000
2019.10.03 14:14:59.542,1.09886,1.09889,1200000,5120000
2019.10.03 14:14:59.593,1.09886,1.09888,750000,2810000
2019.10.03 14:14:59.704,1.09886,1.09888,1120000,1000000
2019.10.03 14:14:59.809,1.09886,1.09889,500000,2870000
2019.10.03 14:14:59.910,1.09886,1.09889,1390000,1500000
2019.10.03 14:15:00.169,1.09888,1.0989,2510000,750000
2019.10.03 14:15:00.272,1.09888,1.0989,1120000,750000
2019.10.03 14:15:00.373,1.09888,1.09889,940000,750000
2019.10.03 14:15:00.424,1.09889,1.0989,1010000,750000
2019.10.03 14:15:00.528,1.09889,1.09891,560000,750000
2019.10.03 14:15:00.631,1.09888,1.09891,1410000,750000
2019.10.03 14:15:00.732,1.09888,1.09891,1200000,2650000
2019.10.03 14:15:00.833,1.09888,1.09892,1600000,940000
2019.10.03 14:15:00.935,1.09888,1.09892,1950000,3400000
2019.10.03 14:15:01.072,1.09891,1.09893,1310000,1500000
2019.10.03 14:15:01.173,1.09892,1.09893,940000,750000
2019.10.03 14:15:01.274,1.09892,1.09895,2200000,1690000
2019.10.03 14:15:01.742,1.09892,1.09895,640000,750000
2019.10.03 14:15:01.843,1.09891,1.09896,4470000,5440000
2019.10.03 14:15:01.944,1.09895,1.09897,750000,2250000
2019.10.03 14:15:02.096,1.09894,1.09897,1220000,3250000
2019.10.03 14:15:02.197,1.09896,1.09898,1750000,750000
2019.10.03 14:15:02.318,1.09895,1.09898,2570000,940000
2019.10.03 14:15:02.420,1.09896,1.09897,640000,750000
2019.10.03 14:15:02.521,1.09897,1.099,1950000,2060000
2019.10.03 14:15:02.623,1.09897,1.09899,600000,1310000
2019.10.03 14:15:02.732,1.09896,1.09899,1690000,2250000
2019.10.03 14:15:02.883,1.09895,1.09899,1970000,2870000
2019.10.03 14:15:02.985,1.09895,1.09899,3260000,1690000
2019.10.03 14:15:03.086,1.09896,1.09899,1000000,2250000
2019.10.03 14:15:03.190,1.09896,1.09899,940000,2250000
2019.10.03 14:15:03.292,1.09895,1.09898,2250000,2640000
2019.10.03 14:15:03.691,1.09897,1.099,2970000,1500000
2019.10.03 14:15:03.793,1.09896,1.099,1200000,2120000
2019.10.03 14:15:03.995,1.09899,1.09901,850000,750000
2019.10.03 14:15:04.178,1.09898,1.09901,1450000,750000
2019.10.03 14:15:04.342,1.09897,1.099,2250000,3940000
2019.10.03 14:15:04.635,1.09896,1.099,1010000,4690000
2019.10.03 14:15:04.737,1.09897,1.09901,3320000,3000000
2019.10.03 14:15:04.838,1.09896,1.099,2140000,3940000
2019.10.03 14:15:04.951,1.09897,1.09899,4470000,750000
2019.10.03 14:15:05.052,1.09894,1.09896,750000,750000
2019.10.03 14:15:05.154,1.09893,1.09897,1470000,750000
2019.10.03 14:15:05.448,1.09892,1.09897,1390000,3630000
2019.10.03 14:15:05.931,1.09893,1.09896,600000,1690000
2019.10.03 14:15:06.033,1.09893,1.09896,1950000,940000
2019.10.03 14:15:06.441,1.09892,1.09896,1760000,1690000
2019.10.03 14:15:06.543,1.09891,1.09894,1690000,1000000
2019.10.03 14:15:07.144,1.0989,1.09894,1450000,2120000
2019.10.03 14:15:07.295,1.0989,1.09894,600000,2870000
2019.10.03 14:15:07.447,1.09892,1.09894,600000,750000
2019.10.03 14:15:07.556,1.09892,1.09896,1390000,3190000
2019.10.03 14:15:07.658,1.09891,1.09893,750000,2060000
2019.10.03 14:15:07.760,1.09892,1.09894,600000,940000
2019.10.03 14:15:07.862,1.09891,1.09893,750000,560000
2019.10.03 14:15:08.052,1.09889,1.09893,4970000,1010000
2019.10.03 14:15:08.153,1.09889,1.09893,4950000,940000
2019.10.03 14:15:08.255,1.09889,1.09891,750000,560000
2019.10.03 14:15:08.356,1.09887,1.09891,2910000,940000
2019.10.03 14:15:08.407,1.09889,1.09891,2440000,750000
2019.10.03 14:15:08.670,1.09887,1.09891,2510000,1090000
2019.10.03 14:15:08.922,1.09888,1.09891,2510000,750000
2019.10.03 14:15:09.024,1.09887,1.09891,2510000,1840000
2019.10.03 14:15:09.147,1.09889,1.09891,640000,500000
2019.10.03 14:15:09.198,1.0989,1.09893,1870000,2500000
2019.10.03 14:15:09.300,1.0989,1.09894,1760000,3620000
2019.10.03 14:15:09.452,1.09891,1.09894,1390000,750000
2019.10.03 14:15:09.556,1.09891,1.09893,940000,750000
2019.10.03 14:15:09.658,1.09888,1.09891,750000,1690000
2019.10.03 14:15:10.400,1.09889,1.09891,1760000,500000
2019.10.03 14:15:10.834,1.0989,1.09892,1010000,2440000
2019.10.03 14:15:10.937,1.09891,1.09892,940000,750000
2019.10.03 14:15:11.038,1.09891,1.09893,600000,1500000
2019.10.03 14:15:11.140,1.09893,1.09895,1850000,750000
2019.10.03 14:15:11.252,1.09892,1.09896,4450000,1120000
2019.10.03 14:15:11.353,1.09891,1.09896,4470000,4120000
2019.10.03 14:15:11.454,1.09892,1.09896,4470000,940000
2019.10.03 14:15:11.556,1.09893,1.09896,1820000,2250000
2019.10.03 14:15:11.662,1.09893,1.09896,1390000,2250000
2019.10.03 14:15:12.936,1.09893,1.09896,2200000,2250000
2019.10.03 14:15:13.969,1.09893,1.09896,940000,2250000
2019.10.03 14:15:14.274,1.09893,1.09897,4850000,1500000
2019.10.03 14:15:14.629,1.09893,1.09897,5540000,750000
2019.10.03 14:15:14.987,1.09893,1.09897,1390000,2250000
2019.10.03 14:15:15.088,1.09893,1.09897,1410000,2250000
2019.10.03 14:15:15.189,1.09893,1.09897,2640000,2250000
2019.10.03 14:15:16.126,1.09895,1.09897,600000,1500000
2019.10.03 14:15:16.227,1.09895,1.09898,500000,1690000
2019.10.03 14:15:16.329,1.09896,1.09899,3290000,1500000
2019.10.03 14:15:16.458,1.09896,1.09899,1950000,940000
2019.10.03 14:15:16.560,1.09895,1.09899,3260000,2440000
2019.10.03 14:15:16.661,1.09895,1.09898,600000,1690000
2019.10.03 14:15:16.813,1.09896,1.09898,500000,750000
2019.10.03 14:15:16.924,1.09894,1.09898,1500000,2500000
2019.10.03 14:15:17.279,1.09893,1.09896,560000,7150000
2019.10.03 14:15:17.404,1.09895,1.09896,640000,750000
2019.10.03 14:15:17.454,1.09896,1.09898,640000,940000
2019.10.03 14:15:17.657,1.09896,1.099,4390000,1690000
2019.10.03 14:15:17.759,1.09896,1.09899,4390000,750000
2019.10.03 14:15:17.911,1.09896,1.09899,4790000,750000
2019.10.03 14:15:18.017,1.09896,1.09899,2510000,1500000
2019.10.03 14:15:18.220,1.09897,1.09899,560000,2250000
2019.10.03 14:15:18.322,1.09897,1.099,1090000,1500000
2019.10.03 14:15:18.470,1.09898,1.099,1090000,750000
2019.10.03 14:15:18.622,1.09898,1.09901,1840000,750000
2019.10.03 14:15:18.723,1.09897,1.09901,2210000,3940000
2019.10.03 14:15:18.825,1.09896,1.09901,6800000,3900000
2019.10.03 14:15:18.941,1.09895,1.09897,850000,1500000
2019.10.03 14:15:19.093,1.09895,1.09898,1450000,2250000
2019.10.03 14:15:19.245,1.09894,1.09898,1070000,2250000
2019.10.03 14:15:19.347,1.09895,1.09898,1070000,750000
2019.10.03 14:15:19.479,1.09896,1.09898,2200000,750000
2019.10.03 14:15:19.581,1.09894,1.09896,640000,750000
2019.10.03 14:15:19.697,1.09895,1.09898,4850000,750000
2019.10.03 14:15:19.798,1.09896,1.09898,2570000,750000
2019.10.03 14:15:19.899,1.09895,1.09898,3620000,750000
2019.10.03 14:15:20.019,1.09894,1.09897,640000,2250000
2019.10.03 14:15:20.171,1.09895,1.09898,6320000,750000
2019.10.03 14:15:20.338,1.09894,1.09897,940000,750000
2019.10.03 14:15:20.439,1.09894,1.09897,1070000,1500000
2019.10.03 14:15:20.582,1.09895,1.09898,3290000,1500000
2019.10.03 14:15:20.711,1.09896,1.09898,1310000,940000
2019.10.03 14:15:21.014,1.09894,1.09898,3350000,2310000
2019.10.03 14:15:21.228,1.09894,1.09897,3700000,750000
2019.10.03 14:15:21.330,1.09892,1.09897,6350000,2500000
2019.10.03 14:15:21.431,1.09892,1.09897,6320000,2250000
2019.10.03 14:15:21.532,1.09893,1.09896,660000,750000
2019.10.03 14:15:21.644,1.09893,1.09896,640000,750000
2019.10.03 14:15:21.796,1.09893,1.09895,600000,750000
2019.10.03 14:15:21.948,1.09891,1.09894,750000,3750000
2019.10.03 14:15:22.690,1.09891,1.09896,6910000,1870000
2019.10.03 14:15:22.922,1.09891,1.09895,1200000,3440000
2019.10.03 14:15:23.023,1.09891,1.09895,1390000,2620000
2019.10.03 14:15:23.125,1.09891,1.09895,1950000,3440000
2019.10.03 14:15:23.255,1.09891,1.09895,1010000,1870000
2019.10.03 14:15:23.914,1.09892,1.09895,1010000,750000
2019.10.03 14:15:24.016,1.09891,1.09895,940000,1870000
2019.10.03 14:15:24.127,1.09891,1.09895,1120000,2690000
2019.10.03 14:15:24.228,1.09891,1.09896,4570000,5690000
2019.10.03 14:15:24.495,1.09891,1.09896,5760000,4870000
2019.10.03 14:15:24.597,1.09892,1.09896,6510000,750000
2019.10.03 14:15:24.952,1.09891,1.09895,3370000,4120000
2019.10.03 14:15:25.334,1.09893,1.09894,1500000,500000
2019.10.03 14:15:27.045,1.09891,1.09894,2620000,3190000
2019.10.03 14:15:27.247,1.09891,1.09894,2120000,750000
2019.10.03 14:15:27.549,1.09891,1.09894,1310000,750000
2019.10.03 14:15:27.651,1.0989,1.09893,750000,2440000
2019.10.03 14:15:28.098,1.0989,1.09894,2060000,2440000
2019.10.03 14:15:28.553,1.09891,1.09894,2890000,750000
2019.10.03 14:15:28.663,1.0989,1.09894,2060000,2440000
2019.10.03 14:15:28.882,1.09891,1.09893,750000,750000
2019.10.03 14:15:28.996,1.09889,1.09893,2510000,4690000
2019.10.03 14:15:29.099,1.09891,1.09893,1010000,560000
2019.10.03 14:15:30.158,1.09891,1.09893,1690000,810000
2019.10.03 14:15:30.259,1.09891,1.09893,750000,750000
2019.10.03 14:15:30.361,1.0989,1.09893,750000,2810000
2019.10.03 14:15:30.644,1.09891,1.09893,750000,750000
2019.10.03 14:15:30.745,1.0989,1.09893,820000,1310000
2019.10.03 14:15:30.846,1.0989,1.09892,1690000,560000
2019.10.03 14:15:31.116,1.0989,1.09893,3560000,940000
2019.10.03 14:15:31.268,1.0989,1.09892,1120000,1120000
2019.10.03 14:15:31.369,1.0989,1.09893,1120000,4560000
2019.10.03 14:15:31.491,1.0989,1.09894,3560000,3620000
2019.10.03 14:15:31.745,1.09892,1.09893,750000,500000
2019.10.03 14:15:32.114,1.09892,1.09894,2810000,500000
2019.10.03 14:15:32.417,1.09891,1.09893,940000,1000000
2019.10.03 14:15:32.532,1.0989,1.09894,2810000,4310000
2019.10.03 14:15:32.633,1.09891,1.09892,750000,750000
2019.10.03 14:15:32.735,1.0989,1.09893,1690000,1120000
2019.10.03 14:15:32.836,1.09889,1.09892,940000,560000
2019.10.03 14:15:33.040,1.09889,1.09891,750000,560000
2019.10.03 14:15:33.171,1.09889,1.09892,1010000,560000
2019.10.03 14:15:33.323,1.0989,1.09892,1390000,750000
2019.10.03 14:15:33.526,1.09891,1.09893,1370000,750000
2019.10.03 14:15:33.637,1.0989,1.09892,940000,1500000
2019.10.03 14:15:33.890,1.09889,1.09892,940000,3560000
2019.10.03 14:15:34.143,1.0989,1.09892,1010000,750000
2019.10.03 14:15:34.315,1.09891,1.09892,750000,2250000
2019.10.03 14:15:34.366,1.09891,1.09894,640000,1690000
2019.10.03 14:15:34.519,1.09891,1.09895,2510000,2440000
2019.10.03 14:15:35.117,1.09891,1.09894,940000,3750000
2019.10.03 14:15:35.168,1.0989,1.09891,2440000,1500000
2019.10.03 14:15:35.219,1.09886,1.0989,3900000,3250000
2019.10.03 14:15:35.270,1.09886,1.09889,600000,4750000
2019.10.03 14:15:35.380,1.09886,1.09889,600000,4870000
2019.10.03 14:15:35.481,1.09888,1.0989,1070000,750000
2019.10.03 14:15:35.633,1.09888,1.09891,3540000,1500000
2019.10.03 14:15:35.735,1.09886,1.09891,2570000,5620000
2019.10.03 14:15:35.879,1.09886,1.0989,660000,5620000
2019.10.03 14:15:36.132,1.09887,1.09889,820000,2250000
2019.10.03 14:15:36.235,1.09885,1.09888,1760000,1500000
2019.10.03 14:15:36.336,1.09886,1.09888,600000,750000
2019.10.03 14:15:36.438,1.09886,1.09888,1120000,2500000
2019.10.03 14:15:36.540,1.09886,1.09888,500000,2440000
2019.10.03 14:15:36.642,1.09887,1.09889,2810000,1500000
2019.10.03 14:15:36.744,1.09886,1.09888,6450000,750000
2019.10.03 14:15:36.845,1.09884,1.09888,4820000,2060000
2019.10.03 14:15:37.198,1.09885,1.09887,600000,940000
2019.10.03 14:15:37.299,1.09884,1.09888,6070000,1750000
2019.10.03 14:15:37.350,1.09884,1.09887,1220000,1750000
2019.10.03 14:15:37.514,1.09885,1.09887,600000,3000000
2019.10.03 14:15:37.616,1.09885,1.09888,560000,4000000
2019.10.03 14:15:37.818,1.09887,1.0989,4100000,1690000
2019.10.03 14:15:38.890,1.09889,1.09891,2220000,750000
2019.10.03 14:15:39.095,1.09888,1.09891,2140000,1500000
2019.10.03 14:15:39.653,1.09888,1.09891,4470000,750000
2019.10.03 14:15:39.876,1.09888,1.0989,660000,750000
2019.10.03 14:15:39.977,1.09887,1.0989,660000,2250000
2019.10.03 14:15:40.079,1.09888,1.09891,2200000,750000
2019.10.03 14:15:40.540,1.09888,1.09891,1760000,1500000
2019.10.03 14:15:41.179,1.09889,1.09891,1310000,750000
2019.10.03 14:15:41.230,1.09892,1.09893,2060000,750000
2019.10.03 14:15:41.332,1.09892,1.09894,1000000,1500000
2019.10.03 14:15:41.433,1.09892,1.09895,2570000,2440000
2019.10.03 14:15:41.534,1.09892,1.09895,940000,750000
2019.10.03 14:15:41.675,1.09893,1.09895,940000,750000
2019.10.03 14:15:41.776,1.09892,1.09895,940000,2250000
2019.10.03 14:15:42.141,1.09891,1.09893,1870000,1690000
2019.10.03 14:15:42.242,1.09891,1.09892,940000,750000
2019.10.03 14:15:42.344,1.09892,1.09893,560000,750000
2019.10.03 14:15:42.445,1.09892,1.09896,2600000,750000
2019.10.03 14:15:42.547,1.09893,1.09894,750000,500000
2019.10.03 14:15:42.635,1.09891,1.09896,4100000,5440000
2019.10.03 14:15:42.793,1.0989,1.09891,2250000,3190000
2019.10.03 14:15:42.844,1.09886,1.09887,1500000,750000
2019.10.03 14:15:42.894,1.09884,1.09885,750000,1500000
2019.10.03 14:15:42.945,1.09884,1.09887,12470000,1000000
2019.10.03 14:15:42.996,1.09883,1.09885,1500000,750000
2019.10.03 14:15:43.659,1.09883,1.09886,640000,750000
2019.10.03 14:15:43.868,1.09883,1.09886,850000,750000
2019.10.03 14:15:44.020,1.09883,1.09886,500000,750000
2019.10.03 14:15:44.204,1.09882,1.09886,1570000,4690000
2019.10.03 14:15:44.497,1.09884,1.09886,500000,500000
2019.10.03 14:15:44.599,1.09883,1.09888,4390000,4000000
2019.10.03 14:15:44.712,1.09883,1.09887,3370000,3250000
2019.10.03 14:15:44.814,1.09883,1.09887,3560000,3940000
2019.10.03 14:15:44.915,1.09883,1.09887,4450000,2250000
2019.10.03 14:15:46.583,1.09884,1.09886,940000,750000
2019.10.03 14:15:47.426,1.09885,1.09888,2120000,2250000
2019.10.03 14:15:47.527,1.09886,1.09888,940000,3750000
2019.10.03 14:15:47.629,1.09886,1.09887,560000,1500000
2019.10.03 14:15:47.802,1.09883,1.09887,4690000,2060000
2019.10.03 14:15:47.954,1.09883,1.09887,7000000,1870000
2019.10.03 14:15:48.916,1.09883,1.09887,5120000,2120000
2019.10.03 14:15:49.525,1.09885,1.09887,4370000,750000
2019.10.03 14:15:49.627,1.09883,1.09884,750000,2250000
2019.10.03 14:15:49.728,1.09883,1.09885,750000,1500000
2019.10.03 14:15:49.883,1.09882,1.09884,2440000,1500000
2019.10.03 14:15:49.985,1.09881,1.09884,4310000,2250000
2019.10.03 14:15:50.086,1.0988,1.09883,3000000,2440000
2019.10.03 14:15:51.419,1.09882,1.09885,7000000,750000
2019.10.03 14:15:51.526,1.09883,1.09885,1000000,500000
2019.10.03 14:15:51.629,1.09883,1.09886,1370000,1120000
2019.10.03 14:15:51.731,1.09883,1.09886,1310000,1120000
2019.10.03 14:15:52.078,1.09884,1.09886,1690000,500000
2019.10.03 14:15:52.281,1.09883,1.09886,940000,1120000
2019.10.03 14:15:52.534,1.09884,1.09887,2500000,750000
2019.10.03 14:15:52.936,1.09883,1.09887,2500000,500000
2019.10.03 14:15:53.655,1.09882,1.09884,750000,2870000
2019.10.03 14:15:53.756,1.09882,1.09884,750000,1500000
2019.10.03 14:15:53.871,1.09882,1.09886,3640000,500000
2019.10.03 14:15:53.973,1.09881,1.09886,4750000,3560000
2019.10.03 14:15:54.074,1.09881,1.09884,1500000,3490000
2019.10.03 14:15:54.226,1.09881,1.09884,750000,3250000
2019.10.03 14:15:54.327,1.09881,1.09884,940000,1120000
2019.10.03 14:15:54.455,1.09881,1.09885,3560000,1310000
2019.10.03 14:15:54.676,1.09882,1.09885,2810000,1120000
2019.10.03 14:15:54.777,1.09883,1.09885,1310000,500000
2019.10.03 14:15:54.879,1.09883,1.09886,940000,500000
2019.10.03 14:15:55.346,1.09884,1.09887,1310000,750000
2019.10.03 14:15:55.438,1.09887,1.09888,940000,500000
2019.10.03 14:15:55.489,1.09882,1.09883,750000,750000
2019.10.03 14:15:55.539,1.09882,1.09885,1120000,750000
2019.10.03 14:15:55.641,1.09881,1.09884,1690000,1000000
2019.10.03 14:15:55.742,1.0988,1.09883,1500000,940000
2019.10.03 14:15:55.862,1.0988,1.09883,2500000,940000
2019.10.03 14:15:56.115,1.0988,1.09883,560000,1750000
2019.10.03 14:15:56.639,1.0988,1.09883,1310000,940000
2019.10.03 14:15:57.360,1.09879,1.09883,940000,2890000
2019.10.03 14:15:57.461,1.09879,1.09883,940000,3440000
2019.10.03 14:15:57.562,1.09879,1.09883,940000,2620000
2019.10.03 14:15:57.711,1.0988,1.09883,560000,750000
2019.10.03 14:15:57.812,1.0988,1.09882,750000,750000
2019.10.03 14:15:57.914,1.09879,1.09882,750000,2620000
2019.10.03 14:15:58.659,1.09879,1.09882,1500000,1940000
2019.10.03 14:15:58.760,1.09879,1.09882,1500000,2620000
2019.10.03 14:15:58.927,1.09879,1.09882,750000,4190000
2019.10.03 14:15:59.506,1.09881,1.09882,1120000,750000
2019.10.03 14:15:59.557,1.09879,1.09882,750000,750000
2019.10.03 14:15:59.659,1.09879,1.09881,750000,750000
2019.10.03 14:15:59.710,1.09879,1.09883,3560000,940000
2019.10.03 14:15:59.830,1.09878,1.09881,750000,2690000
2019.10.03 14:16:00.083,1.0988,1.09882,1690000,1500000
2019.10.03 14:16:00.298,1.09879,1.09882,1500000,940000
2019.10.03 14:16:00.828,1.09879,1.09883,1870000,1750000
2019.10.03 14:16:00.930,1.09881,1.09885,4870000,1940000
2019.10.03 14:16:01.032,1.09881,1.09885,3190000,1870000
2019.10.03 14:16:01.133,1.09881,1.09884,1500000,940000
2019.10.03 14:16:01.510,1.0988,1.09883,750000,3250000
2019.10.03 14:16:01.965,1.09881,1.09884,3370000,940000
2019.10.03 14:16:02.126,1.09881,1.09883,750000,1310000
2019.10.03 14:16:02.227,1.09881,1.09884,3560000,750000
2019.10.03 14:16:02.530,1.09881,1.09883,1870000,1870000
2019.10.03 14:16:03.265,1.0988,1.09883,2250000,1940000
2019.10.03 14:16:03.367,1.0988,1.09883,1000000,500000
2019.10.03 14:16:03.620,1.09878,1.09879,750000,1690000
2019.10.03 14:16:03.875,1.09876,1.09879,1120000,2500000
2019.10.03 14:16:04.078,1.09875,1.09878,750000,2500000
2019.10.03 14:16:04.180,1.09875,1.09878,500000,2500000
2019.10.03 14:16:05.138,1.09877,1.0988,1750000,940000
2019.10.03 14:16:05.292,1.09876,1.09879,2620000,940000
2019.10.03 14:16:05.577,1.09876,1.09878,750000,1310000
2019.10.03 14:16:05.679,1.09875,1.09879,1870000,1750000
2019.10.03 14:16:05.780,1.09875,1.09878,500000,940000
2019.10.03 14:16:07.343,1.09877,1.09878,750000,750000
2019.10.03 14:16:07.444,1.09875,1.09878,1120000,1750000
2019.10.03 14:16:07.893,1.09874,1.09878,1500000,2500000
2019.10.03 14:16:08.489,1.09874,1.09878,1120000,3250000
2019.10.03 14:16:08.894,1.09877,1.09879,1500000,1500000
2019.10.03 14:16:09.080,1.09876,1.09879,1500000,2440000
2019.10.03 14:16:09.542,1.09876,1.09879,750000,4000000
2019.10.03 14:16:09.651,1.09878,1.0988,500000,750000
2019.10.03 14:16:09.753,1.0988,1.09881,1690000,750000
2019.10.03 14:16:09.874,1.09883,1.09885,1870000,6000000
2019.10.03 14:16:09.926,1.09884,1.09887,1120000,3000000
2019.10.03 14:16:09.981,1.09884,1.09885,940000,2250000
2019.10.03 14:16:10.082,1.09883,1.09886,940000,2250000
2019.10.03 14:16:10.241,1.09883,1.09886,750000,2500000
2019.10.03 14:16:10.291,1.09883,1.09886,1690000,2250000
2019.10.03 14:16:11.968,1.09883,1.09885,500000,750000
2019.10.03 14:16:12.328,1.09882,1.09885,500000,3560000
2019.10.03 14:16:12.429,1.09882,1.09883,750000,560000
2019.10.03 14:16:12.632,1.09881,1.09883,500000,2440000
2019.10.03 14:16:12.791,1.0988,1.09884,500000,3250000
2019.10.03 14:16:12.994,1.09881,1.09884,1370000,1310000
2019.10.03 14:16:13.095,1.09881,1.09884,560000,1370000
2019.10.03 14:16:13.459,1.09881,1.09884,500000,2060000
2019.10.03 14:16:13.561,1.09881,1.09883,750000,560000
2019.10.03 14:16:13.662,1.0988,1.09884,3370000,3250000
2019.10.03 14:16:13.763,1.0988,1.09884,4310000,2810000
2019.10.03 14:16:13.864,1.09881,1.09884,4310000,750000
2019.10.03 14:16:13.975,1.0988,1.09882,500000,2060000
2019.10.03 14:16:15.008,1.0988,1.09882,500000,1000000
2019.10.03 14:16:15.170,1.0988,1.09882,500000,1690000
2019.10.03 14:16:15.477,1.0988,1.09883,2440000,1500000
2019.10.03 14:16:15.890,1.0988,1.09882,500000,940000
2019.10.03 14:16:15.991,1.0988,1.09883,500000,940000
2019.10.03 14:16:16.222,1.09881,1.09883,560000,1310000
2019.10.03 14:16:17.151,1.09883,1.09884,940000,750000
2019.10.03 14:16:17.203,1.09883,1.09886,3250000,750000
2019.10.03 14:16:17.305,1.09883,1.09886,1500000,1690000
2019.10.03 14:16:18.560,1.09883,1.09885,560000,1500000
2019.10.03 14:16:18.611,1.09882,1.09883,560000,3000000
2019.10.03 14:16:18.722,1.09876,1.09879,500000,1750000
2019.10.03 14:16:18.824,1.09877,1.09878,500000,560000
2019.10.03 14:16:18.929,1.09877,1.09878,500000,940000
2019.10.03 14:16:19.030,1.09877,1.09879,3190000,940000
2019.10.03 14:16:19.503,1.09878,1.0988,940000,1500000
2019.10.03 14:16:19.635,1.09879,1.09882,2810000,750000
2019.10.03 14:16:19.736,1.09881,1.09883,1750000,750000
2019.10.03 14:16:19.787,1.09878,1.09882,500000,5500000
2019.10.03 14:16:19.889,1.09878,1.09882,500000,2500000
2019.10.03 14:16:19.990,1.09878,1.09882,560000,2440000
2019.10.03 14:16:20.648,1.09878,1.0988,500000,1690000
2019.10.03 14:16:20.749,1.09877,1.09879,560000,1500000
2019.10.03 14:16:20.886,1.09877,1.09879,2120000,750000
2019.10.03 14:16:20.987,1.09876,1.09879,1310000,750000
2019.10.03 14:16:21.343,1.09876,1.09878,500000,1370000
2019.10.03 14:16:21.473,1.09876,1.09879,560000,750000
2019.10.03 14:16:21.676,1.09876,1.09878,500000,750000
2019.10.03 14:16:21.777,1.09876,1.09879,560000,1370000
2019.10.03 14:16:22.266,1.09876,1.09878,1310000,500000
2019.10.03 14:16:22.368,1.09874,1.09877,500000,2440000
2019.10.03 14:16:22.621,1.09874,1.09876,500000,2810000
2019.10.03 14:16:22.835,1.09874,1.09878,1500000,1370000
2019.10.03 14:16:22.937,1.09875,1.09878,2440000,1750000
2019.10.03 14:16:24.997,1.09877,1.09879,500000,500000
2019.10.03 14:16:25.745,1.09876,1.09879,1500000,1310000
2019.10.03 14:16:26.221,1.09877,1.09879,1870000,500000
2019.10.03 14:16:26.423,1.09876,1.09879,2620000,560000
2019.10.03 14:16:26.936,1.09878,1.0988,1370000,750000
2019.10.03 14:16:27.204,1.09878,1.0988,500000,2250000
2019.10.03 14:16:27.306,1.09879,1.0988,500000,750000
2019.10.03 14:16:27.407,1.09879,1.09881,2620000,750000
2019.10.03 14:16:27.509,1.09879,1.0988,750000,750000
2019.10.03 14:16:27.560,1.09876,1.09877,1120000,3000000
2019.10.03 14:16:27.675,1.09869,1.09871,3750000,750000
2019.10.03 14:16:27.777,1.09867,1.09868,500000,5510000
2019.10.03 14:16:27.878,1.09867,1.09869,500000,1500000
2019.10.03 14:16:27.980,1.09867,1.0987,1870000,1000000
2019.10.03 14:16:28.082,1.09868,1.09869,500000,750000
2019.10.03 14:16:28.233,1.09866,1.09868,1120000,940000
2019.10.03 14:16:28.334,1.09865,1.09868,1120000,2870000
2019.10.03 14:16:28.436,1.09866,1.09869,1310000,1750000
2019.10.03 14:16:28.815,1.09865,1.09867,500000,3250000
2019.10.03 14:16:28.967,1.09866,1.09868,560000,940000
2019.10.03 14:16:29.119,1.09864,1.09867,2250000,1750000
2019.10.03 14:16:29.231,1.09863,1.09866,2250000,750000
2019.10.03 14:16:29.283,1.09862,1.09864,750000,560000
2019.10.03 14:16:29.639,1.09861,1.09862,750000,1690000
2019.10.03 14:16:29.746,1.0986,1.09862,500000,1820000
2019.10.03 14:16:29.797,1.0986,1.09864,5060000,1820000
2019.10.03 14:16:29.848,1.0986,1.09862,500000,1750000
2019.10.03 14:16:29.949,1.0986,1.09863,1120000,1000000
2019.10.03 14:16:30.244,1.0986,1.09864,3560000,1000000
2019.10.03 14:16:30.346,1.0986,1.09863,750000,4370000
2019.10.03 14:16:30.751,1.09862,1.09864,940000,560000
2019.10.03 14:16:31.055,1.0986,1.09864,1870000,3250000
2019.10.03 14:16:31.157,1.09862,1.09864,2250000,500000
2019.10.03 14:16:31.571,1.09862,1.09865,560000,1120000
2019.10.03 14:16:31.672,1.09861,1.09864,1500000,1310000
2019.10.03 14:16:32.927,1.09861,1.09863,500000,940000
2019.10.03 14:16:33.508,1.0986,1.09863,750000,1000000
2019.10.03 14:16:33.841,1.09859,1.09862,500000,1310000
2019.10.03 14:16:34.256,1.0986,1.09863,3190000,500000
2019.10.03 14:16:34.663,1.09861,1.09864,750000,940000
2019.10.03 14:16:34.766,1.09862,1.09865,2620000,560000
2019.10.03 14:16:34.976,1.09863,1.09866,750000,940000
2019.10.03 14:16:35.077,1.09866,1.09868,750000,1500000
2019.10.03 14:16:35.178,1.09867,1.09869,750000,1000000
2019.10.03 14:16:35.300,1.09866,1.09868,1690000,500000
2019.10.03 14:16:35.352,1.09859,1.09862,1120000,1000000
2019.10.03 14:16:35.454,1.09861,1.09862,750000,750000
2019.10.03 14:16:35.557,1.0986,1.09862,1310000,750000
2019.10.03 14:16:35.658,1.09858,1.09862,1120000,6620000
2019.10.03 14:16:35.803,1.09858,1.09862,1120000,2500000
2019.10.03 14:16:35.955,1.09859,1.09863,500000,750000
2019.10.03 14:16:36.158,1.09858,1.09861,500000,2500000
2019.10.03 14:16:36.484,1.09858,1.09861,1870000,3190000
2019.10.03 14:16:36.586,1.09857,1.09861,3560000,8810000
2019.10.03 14:16:37.230,1.09857,1.0986,500000,3940000
2019.10.03 14:16:37.331,1.09857,1.09861,4310000,4690000
2019.10.03 14:16:37.433,1.09857,1.0986,500000,4690000
2019.10.03 14:16:37.918,1.09857,1.09858,1120000,1690000
2019.10.03 14:16:38.103,1.09855,1.09857,500000,1000000
2019.10.03 14:16:38.256,1.09854,1.09858,1120000,2870000
2019.10.03 14:16:38.409,1.09854,1.09857,500000,2120000
2019.10.03 14:16:38.877,1.09854,1.09858,500000,6620000
2019.10.03 14:16:38.979,1.09854,1.09857,500000,4370000
2019.10.03 14:16:39.315,1.09856,1.09859,750000,2810000
2019.10.03 14:16:39.366,1.09858,1.09859,500000,500000
2019.10.03 14:16:39.831,1.09857,1.09859,500000,560000
2019.10.03 14:16:39.933,1.09857,1.09858,1870000,500000
2019.10.03 14:16:40.035,1.09856,1.09858,750000,560000
2019.10.03 14:16:40.346,1.09856,1.09859,2250000,1750000
2019.10.03 14:16:40.586,1.09856,1.09859,2250000,1690000
2019.10.03 14:16:40.687,1.09856,1.09859,2250000,1750000
2019.10.03 14:16:40.789,1.09856,1.09858,500000,940000
2019.10.03 14:16:40.890,1.09857,1.09859,1500000,560000
2019.10.03 14:16:41.173,1.09858,1.09859,1870000,500000
2019.10.03 14:16:42.475,1.09858,1.0986,1500000,500000
2019.10.03 14:16:42.734,1.09857,1.09858,750000,560000
2019.10.03 14:16:42.836,1.09855,1.09858,750000,2870000
2019.10.03 14:16:42.938,1.09857,1.0986,2810000,1000000
2019.10.03 14:16:43.039,1.09857,1.0986,1500000,1690000
2019.10.03 14:16:43.157,1.09857,1.09859,500000,940000
2019.10.03 14:16:43.259,1.09857,1.0986,4120000,940000
2019.10.03 14:16:43.309,1.09856,1.09858,750000,1370000
2019.10.03 14:16:43.411,1.09855,1.09858,1870000,2500000
2019.10.03 14:16:43.512,1.09853,1.09857,2060000,4370000
2019.10.03 14:16:43.645,1.09853,1.09856,1310000,1500000
2019.10.03 14:16:43.747,1.09854,1.09855,750000,940000
2019.10.03 14:16:43.849,1.09852,1.09853,750000,1500000
2019.10.03 14:16:43.951,1.09851,1.09852,1120000,750000
2019.10.03 14:16:44.053,1.09851,1.09853,1310000,750000
2019.10.03 14:16:44.548,1.09851,1.09852,500000,560000
2019.10.03 14:16:44.725,1.0985,1.09852,1120000,750000
2019.10.03 14:16:44.827,1.0985,1.09851,500000,750000
2019.10.03 14:16:44.929,1.09849,1.09851,2120000,1500000
2019.10.03 14:16:45.032,1.09848,1.09849,1120000,940000
2019.10.03 14:16:45.453,1.09847,1.0985,2440000,2500000
2019.10.03 14:16:45.999,1.09847,1.09848,1120000,2440000
2019.10.03 14:16:46.053,1.09843,1.09847,1120000,7000000
2019.10.03 14:16:46.154,1.09844,1.09847,500000,3250000
2019.10.03 14:16:46.256,1.09843,1.09847,500000,3620000
2019.10.03 14:16:46.307,1.09843,1.09845,1120000,2120000
2019.10.03 14:16:46.406,1.09842,1.09844,1870000,6940000
2019.10.03 14:16:46.508,1.09842,1.09843,750000,750000
2019.10.03 14:16:46.711,1.09841,1.09843,750000,1880000
2019.10.03 14:16:46.903,1.09842,1.09843,750000,500000
2019.10.03 14:16:47.106,1.09843,1.09845,560000,750000
2019.10.03 14:16:47.208,1.09842,1.09845,1120000,2120000
2019.10.03 14:16:47.384,1.09842,1.09845,1310000,1120000
2019.10.03 14:16:47.637,1.09842,1.09845,5060000,1750000
2019.10.03 14:16:47.738,1.09841,1.09845,1870000,2500000
2019.10.03 14:16:47.839,1.09841,1.09843,500000,4000000
2019.10.03 14:16:47.941,1.09841,1.09842,6750000,940000
2019.10.03 14:16:48.042,1.09839,1.09842,4310000,1000000
2019.10.03 14:16:48.144,1.09837,1.0984,1120000,1690000
2019.10.03 14:16:48.245,1.09837,1.09839,750000,750000
2019.10.03 14:16:48.394,1.09838,1.09839,1120000,500000
2019.10.03 14:16:48.496,1.09836,1.09839,1870000,1940000
2019.10.03 14:16:48.649,1.09836,1.09839,1870000,1500000
2019.10.03 14:16:48.750,1.09837,1.0984,2620000,560000
2019.10.03 14:16:48.851,1.09837,1.0984,1750000,560000
2019.10.03 14:16:48.997,1.09837,1.09838,500000,560000
2019.10.03 14:16:49.048,1.09835,1.09838,1120000,1690000
2019.10.03 14:16:49.200,1.09835,1.09837,1120000,1500000
2019.10.03 14:16:49.302,1.09834,1.09836,500000,940000
2019.10.03 14:16:49.404,1.09834,1.09837,750000,1690000
2019.10.03 14:16:49.561,1.09833,1.09836,500000,1370000
2019.10.03 14:16:49.662,1.09833,1.09837,1500000,3620000
2019.10.03 14:16:49.763,1.09833,1.09836,750000,1000000
2019.10.03 14:16:50.412,1.09833,1.09836,500000,3190000
2019.10.03 14:16:50.463,1.09836,1.09838,2440000,750000
2019.10.03 14:16:50.564,1.09835,1.09838,2440000,750000
2019.10.03 14:16:50.716,1.09836,1.09838,1120000,750000
2019.10.03 14:16:50.768,1.09837,1.0984,2620000,750000
2019.10.03 14:16:50.819,1.09835,1.09838,750000,2500000
2019.10.03 14:16:50.870,1.09836,1.0984,1870000,2120000
2019.10.03 14:16:50.971,1.09836,1.0984,750000,750000
2019.10.03 14:16:51.022,1.09836,1.09838,500000,560000
2019.10.03 14:16:51.185,1.09834,1.09835,750000,2060000
2019.10.03 14:16:51.287,1.09832,1.09834,1120000,2500000
2019.10.03 14:16:51.338,1.09835,1.09837,3940000,1500000
2019.10.03 14:16:51.389,1.09833,1.09835,1000000,750000
2019.10.03 14:16:51.490,1.09834,1.09836,1310000,750000
2019.10.03 14:16:51.642,1.09833,1.09836,1120000,1120000
2019.10.03 14:16:51.913,1.09834,1.09836,1120000,1500000
2019.10.03 14:16:51.964,1.09835,1.09838,560000,750000
2019.10.03 14:16:52.065,1.09836,1.0984,2810000,560000
2019.10.03 14:16:52.167,1.09838,1.0984,2810000,500000
2019.10.03 14:16:52.309,1.09837,1.09838,1120000,500000
2019.10.03 14:16:52.410,1.09836,1.09837,500000,560000
2019.10.03 14:16:52.461,1.09833,1.09835,750000,11870000
2019.10.03 14:16:52.715,1.09832,1.09834,1120000,1100000
2019.10.03 14:16:52.819,1.0983,1.09834,3000000,1750000
2019.10.03 14:16:52.921,1.09831,1.09834,1870000,560000
2019.10.03 14:16:52.972,1.09834,1.09835,940000,750000
2019.10.03 14:16:53.074,1.09834,1.09836,1000000,5250000
2019.10.03 14:16:53.314,1.09836,1.09837,1690000,750000
2019.10.03 14:16:53.365,1.09834,1.09837,1120000,1310000
2019.10.03 14:16:53.466,1.09835,1.09837,500000,940000
2019.10.03 14:16:53.567,1.09836,1.09837,500000,750000
2019.10.03 14:16:53.684,1.09835,1.09837,500000,750000
2019.10.03 14:16:53.785,1.09835,1.09838,2060000,1000000
2019.10.03 14:16:53.965,1.09834,1.09837,1120000,1370000
2019.10.03 14:16:54.067,1.09836,1.09838,750000,1500000
2019.10.03 14:16:54.169,1.09836,1.09839,1310000,500000
2019.10.03 14:16:54.321,1.09835,1.09838,1120000,3190000
2019.10.03 14:16:54.422,1.09835,1.09838,1120000,2500000
2019.10.03 14:16:54.713,1.09836,1.09837,750000,750000
2019.10.03 14:16:54.814,1.09835,1.09837,750000,1500000
2019.10.03 14:16:54.946,1.09837,1.09839,750000,940000
2019.10.03 14:16:55.047,1.09839,1.09842,4500000,750000
2019.10.03 14:16:55.149,1.09842,1.09844,4500000,1500000
2019.10.03 14:16:55.200,1.09843,1.09846,1690000,2250000
2019.10.03 14:16:56.178,1.09841,1.09844,1500000,2080000
2019.10.03 14:16:56.279,1.09841,1.09844,2060000,1750000
2019.10.03 14:16:57.088,1.09841,1.09843,1870000,560000
2019.10.03 14:16:57.189,1.09841,1.09844,1500000,560000
2019.10.03 14:16:58.149,1.09841,1.09843,500000,1310000
2019.10.03 14:16:58.402,1.09842,1.09844,1120000,500000
2019.10.03 14:16:58.542,1.09841,1.09844,1500000,1310000
2019.10.03 14:16:58.657,1.09842,1.09844,2250000,500000
2019.10.03 14:16:58.807,1.09839,1.09842,1310000,1750000
2019.10.03 14:16:58.908,1.09839,1.09843,1120000,1750000
2019.10.03 14:16:59.061,1.09839,1.09842,500000,1750000
2019.10.03 14:16:59.803,1.09839,1.09843,3370000,2500000
2019.10.03 14:16:59.905,1.09842,1.09845,5060000,750000
2019.10.03 14:17:00.078,1.09841,1.09846,2060000,7000000
2019.10.03 14:17:00.180,1.09843,1.09847,6940000,1690000
2019.10.03 14:17:00.490,1.09843,1.09844,500000,940000
2019.10.03 14:17:00.592,1.09841,1.09844,750000,5570000
2019.10.03 14:17:00.694,1.09841,1.09845,1120000,3250000
2019.10.03 14:17:00.958,1.09841,1.09843,500000,1370000
2019.10.03 14:17:01.086,1.09842,1.09845,500000,940000
2019.10.03 14:17:01.188,1.09842,1.09846,2440000,940000
2019.10.03 14:17:01.289,1.09842,1.09845,500000,940000
2019.10.03 14:17:01.648,1.09842,1.09846,2810000,940000
2019.10.03 14:17:01.761,1.09842,1.09845,500000,940000
2019.10.03 14:17:01.913,1.09842,1.09846,2810000,2440000
2019.10.03 14:17:02.065,1.09843,1.09847,5060000,1000000
2019.10.03 14:17:02.168,1.09843,1.09846,500000,2500000
2019.10.03 14:17:03.077,1.09846,1.09847,750000,940000
2019.10.03 14:17:03.179,1.09845,1.09848,1120000,2500000
2019.10.03 14:17:03.383,1.09844,1.09847,750000,1750000
2019.10.03 14:17:03.562,1.09848,1.09849,750000,940000
2019.10.03 14:17:03.815,1.09845,1.09847,1120000,2250000
2019.10.03 14:17:03.926,1.09844,1.09846,1120000,1000000
2019.10.03 14:17:04.028,1.09845,1.09847,750000,1690000
2019.10.03 14:17:04.129,1.09846,1.09848,1120000,1500000
2019.10.03 14:17:04.282,1.09845,1.09847,750000,1370000
2019.10.03 14:17:04.384,1.09843,1.09846,500000,2120000
2019.10.03 14:17:04.591,1.09842,1.09846,750000,2500000
2019.10.03 14:17:05.262,1.09843,1.09846,500000,2500000
2019.10.03 14:17:05.514,1.09843,1.09847,2810000,2500000
2019.10.03 14:17:05.818,1.09842,1.09846,500000,4750000
2019.10.03 14:17:05.920,1.09845,1.09847,1690000,560000
2019.10.03 14:17:06.684,1.09844,1.09846,500000,1000000
2019.10.03 14:17:07.244,1.09844,1.09847,1690000,1000000
2019.10.03 14:17:08.065,1.09843,1.09847,1870000,1190000
2019.10.03 14:17:08.949,1.09843,1.09846,500000,1750000
2019.10.03 14:17:09.455,1.09843,1.09847,2250000,1750000
2019.10.03 14:17:10.440,1.09843,1.09846,500000,1750000
2019.10.03 14:17:10.774,1.09843,1.09847,1500000,1750000
2019.10.03 14:17:11.842,1.09842,1.09844,500000,1000000
2019.10.03 14:17:12.058,1.09841,1.09845,1310000,3250000
2019.10.03 14:17:12.159,1.09841,1.09844,1120000,1750000
2019.10.03 14:17:12.260,1.0984,1.09844,2250000,4000000
2019.10.03 14:17:13.468,1.09842,1.09844,750000,1690000
2019.10.03 14:17:13.647,1.09842,1.09844,750000,1750000
2019.10.03 14:17:13.749,1.09842,1.09845,1120000,2500000
2019.10.03 14:17:14.054,1.09843,1.09846,750000,940000
2019.10.03 14:17:15.213,1.09842,1.09844,500000,2500000
2019.10.03 14:17:15.678,1.09842,1.09844,500000,6560000
2019.10.03 14:17:16.332,1.09842,1.09845,500000,4310000
2019.10.03 14:17:17.275,1.09842,1.09844,500000,750000
2019.10.03 14:17:17.376,1.09842,1.09844,500000,3620000
2019.10.03 14:17:18.138,1.09842,1.09845,1310000,750000
2019.10.03 14:17:18.244,1.09842,1.09845,1120000,1000000
2019.10.03 14:17:18.397,1.09842,1.09845,1310000,750000
2019.10.03 14:17:18.499,1.09841,1.09845,500000,7000000
2019.10.03 14:17:18.834,1.09841,1.09845,2870000,1370000
2019.10.03 14:17:18.935,1.09842,1.09845,1870000,940000
2019.10.03 14:17:19.037,1.09844,1.09846,750000,3000000
2019.10.03 14:17:19.138,1.09844,1.09847,750000,1750000
2019.10.03 14:17:19.290,1.09844,1.09847,1120000,940000
2019.10.03 14:17:19.769,1.09845,1.09848,2250000,1690000
2019.10.03 14:17:19.825,1.09845,1.09848,3000000,1000000
2019.10.03 14:17:20.421,1.09844,1.09847,500000,2500000
2019.10.03 14:17:20.522,1.09844,1.09847,1120000,1750000
2019.10.03 14:17:21.436,1.09846,1.09847,1870000,1690000
2019.10.03 14:17:22.005,1.09845,1.09847,500000,3250000
2019.10.03 14:17:22.148,1.09846,1.09848,750000,940000
2019.10.03 14:17:22.351,1.09848,1.09849,500000,1500000
2019.10.03 14:17:22.453,1.09848,1.0985,500000,1500000
2019.10.03 14:17:22.781,1.0985,1.09851,1120000,1500000
2019.10.03 14:17:22.832,1.09848,1.0985,500000,3000000
2019.10.03 14:17:22.883,1.0985,1.09851,560000,1120000
2019.10.03 14:17:23.129,1.09853,1.09855,3190000,750000
2019.10.03 14:17:23.231,1.09851,1.09853,500000,1690000
2019.10.03 14:17:23.332,1.09851,1.09854,500000,3250000
2019.10.03 14:17:23.383,1.09851,1.09854,500000,2440000
2019.10.03 14:17:23.434,1.09853,1.09855,2120000,1500000
2019.10.03 14:17:23.546,1.09854,1.09855,1120000,750000
2019.10.03 14:17:23.652,1.09854,1.09858,2500000,2250000
2019.10.03 14:17:23.703,1.09856,1.09858,560000,1500000
2019.10.03 14:17:23.806,1.09857,1.09858,1120000,750000
2019.10.03 14:17:23.908,1.09856,1.09859,2250000,940000
2019.10.03 14:17:24.028,1.09858,1.0986,560000,1500000
2019.10.03 14:17:24.130,1.09859,1.09861,1000000,750000
2019.10.03 14:17:24.234,1.09858,1.09861,560000,1500000
2019.10.03 14:17:24.335,1.0986,1.09862,560000,1500000
2019.10.03 14:17:24.487,1.09861,1.09864,1750000,1500000
2019.10.03 14:17:24.589,1.0986,1.09863,2440000,2250000
2019.10.03 14:17:24.741,1.0986,1.09863,1120000,2500000
2019.10.03 14:17:24.842,1.0986,1.09863,1500000,3190000
2019.10.03 14:17:25.017,1.0986,1.09863,750000,3250000
2019.10.03 14:17:25.118,1.09861,1.09862,500000,750000
2019.10.03 14:17:25.272,1.09861,1.09864,750000,1000000
2019.10.03 14:17:25.424,1.09864,1.09865,750000,1690000
2019.10.03 14:17:25.633,1.09863,1.09867,750000,6620000
2019.10.03 14:17:25.734,1.09863,1.09865,500000,4000000
2019.10.03 14:17:25.836,1.09863,1.09865,500000,4000000
2019.10.03 14:17:26.141,1.09862,1.09864,1120000,940000
2019.10.03 14:17:26.243,1.09862,1.09865,1310000,750000
2019.10.03 14:17:26.344,1.09865,1.09868,850000,1500000
2019.10.03 14:17:26.464,1.09864,1.09867,1000000,5620000
2019.10.03 14:17:26.515,1.09866,1.09869,1500000,3370000
2019.10.03 14:17:26.565,1.09866,1.09868,1000000,5250000
2019.10.03 14:17:26.667,1.09866,1.09867,1310000,1870000
2019.10.03 14:17:26.769,1.09862,1.09864,1870000,2890000
2019.10.03 14:17:26.871,1.09862,1.09863,500000,750000
2019.10.03 14:17:27.004,1.09861,1.09863,750000,2250000
2019.10.03 14:17:27.106,1.09861,1.09864,1870000,2500000
2019.10.03 14:17:27.207,1.09861,1.09863,500000,3560000
2019.10.03 14:17:27.309,1.09861,1.09864,500000,1690000
2019.10.03 14:17:27.477,1.0986,1.09863,1870000,1750000
2019.10.03 14:17:27.578,1.0986,1.09862,1120000,1750000
2019.10.03 14:17:27.680,1.0986,1.09862,1120000,1690000
2019.10.03 14:17:28.202,1.0986,1.09863,1120000,940000
2019.10.03 14:17:28.525,1.0986,1.09862,500000,940000
2019.10.03 14:17:28.877,1.09858,1.09859,500000,1120000
2019.10.03 14:17:28.930,1.09856,1.09859,500000,560000
2019.10.03 14:17:29.031,1.09855,1.09858,500000,1000000
2019.10.03 14:17:29.133,1.09857,1.0986,7090000,1120000
2019.10.03 14:17:29.303,1.09857,1.09859,500000,940000
2019.10.03 14:17:29.405,1.09857,1.0986,750000,1370000
2019.10.03 14:17:29.607,1.09857,1.09861,500000,1370000
2019.10.03 14:17:29.810,1.09857,1.09862,1310000,4000000
2019.10.03 14:17:30.139,1.09858,1.09861,750000,940000
2019.10.03 14:17:30.240,1.09858,1.09863,3560000,2870000
2019.10.03 14:17:30.342,1.09858,1.09862,500000,2870000
2019.10.03 14:17:30.497,1.09861,1.09863,500000,1690000
2019.10.03 14:17:30.598,1.09861,1.09864,1500000,1000000
2019.10.03 14:17:30.700,1.09861,1.09864,3000000,940000
2019.10.03 14:17:31.278,1.0986,1.09864,5500000,1000000
2019.10.03 14:17:31.380,1.0986,1.09863,500000,940000
2019.10.03 14:17:31.512,1.09859,1.09864,4500000,5500000
2019.10.03 14:17:31.614,1.09862,1.09863,1870000,750000
2019.10.03 14:17:32.215,1.09862,1.09864,3190000,940000
2019.10.03 14:17:32.368,1.0986,1.09864,3000000,4000000
2019.10.03 14:17:33.606,1.0986,1.09863,1500000,1750000
2019.10.03 14:17:33.707,1.0986,1.09863,2250000,1690000
2019.10.03 14:17:34.311,1.09859,1.0986,1120000,560000
2019.10.03 14:17:34.362,1.09857,1.09858,1120000,2440000
2019.10.03 14:17:34.463,1.09855,1.09858,750000,3250000
2019.10.03 14:17:34.564,1.09855,1.09859,2250000,3250000
2019.10.03 14:17:34.666,1.09855,1.09858,500000,3250000
2019.10.03 14:17:35.729,1.09855,1.09859,1120000,3250000
2019.10.03 14:17:36.715,1.09856,1.09857,500000,940000
2019.10.03 14:17:36.863,1.09855,1.09856,560000,2250000
2019.10.03 14:17:36.965,1.09856,1.09858,1000000,2620000
2019.10.03 14:17:37.067,1.09858,1.0986,1370000,500000
2019.10.03 14:17:37.219,1.09858,1.09861,1870000,1310000
2019.10.03 14:17:37.448,1.09858,1.0986,750000,2440000
2019.10.03 14:17:37.549,1.09859,1.09863,2060000,1690000
2019.10.03 14:17:37.651,1.09859,1.09863,1870000,1750000
2019.10.03 14:17:37.955,1.09858,1.09862,750000,5500000
2019.10.03 14:17:39.659,1.0986,1.09862,500000,1750000
2019.10.03 14:17:39.792,1.0986,1.09863,2810000,750000
2019.10.03 14:17:39.893,1.0986,1.09862,500000,750000
2019.10.03 14:17:40.603,1.0986,1.09863,2060000,750000
2019.10.03 14:17:40.835,1.09861,1.09864,5340000,1690000
2019.10.03 14:17:40.987,1.0986,1.09864,3370000,2440000
2019.10.03 14:17:41.092,1.0986,1.09863,500000,1690000
2019.10.03 14:17:41.193,1.0986,1.09864,1870000,2500000
2019.10.03 14:17:41.295,1.0986,1.09863,750000,940000
2019.10.03 14:17:41.346,1.09861,1.09865,4500000,5500000
2019.10.03 14:17:41.498,1.09861,1.09863,1500000,2500000
2019.10.03 14:17:41.599,1.0986,1.09863,1500000,3940000
2019.10.03 14:17:41.701,1.09861,1.09863,1500000,750000
2019.10.03 14:17:41.854,1.09861,1.09862,750000,750000
2019.10.03 14:17:41.956,1.0986,1.09863,1870000,940000
2019.10.03 14:17:42.057,1.09861,1.09865,3560000,2440000
2019.10.03 14:17:42.159,1.09862,1.09864,750000,750000
2019.10.03 14:17:42.282,1.0986,1.09864,750000,6700000
2019.10.03 14:17:42.636,1.09861,1.09863,1500000,750000
2019.10.03 14:17:43.149,1.09859,1.09862,1120000,1310000
2019.10.03 14:17:44.318,1.09862,1.09863,750000,750000
2019.10.03 14:17:44.430,1.0986,1.09863,750000,4000000
2019.10.03 14:17:44.532,1.09861,1.09864,750000,940000
2019.10.03 14:17:44.635,1.09862,1.09864,500000,750000
2019.10.03 14:17:45.277,1.09863,1.09865,500000,750000
2019.10.03 14:17:45.379,1.09863,1.09867,2440000,3190000
2019.10.03 14:17:45.528,1.09864,1.09866,500000,750000
2019.10.03 14:17:45.632,1.09864,1.09867,2440000,750000
2019.10.03 14:17:45.886,1.09864,1.09865,500000,750000
2019.10.03 14:17:46.601,1.09863,1.09864,1500000,750000
2019.10.03 14:17:46.716,1.09858,1.09859,750000,940000
2019.10.03 14:17:46.768,1.09857,1.0986,1690000,750000
2019.10.03 14:17:46.871,1.09857,1.09859,1120000,1690000
2019.10.03 14:17:47.023,1.09857,1.09859,1120000,2500000
2019.10.03 14:17:47.234,1.09858,1.0986,750000,940000
2019.10.03 14:17:47.286,1.09858,1.09862,2060000,2440000
2019.10.03 14:17:47.387,1.09859,1.09861,500000,1000000
2019.10.03 14:17:47.488,1.09859,1.09862,750000,940000
2019.10.03 14:17:47.849,1.09859,1.09863,3370000,940000
2019.10.03 14:17:48.132,1.09859,1.09863,500000,2500000
2019.10.03 14:17:48.234,1.09859,1.09862,1120000,2500000
2019.10.03 14:17:48.543,1.09859,1.09862,1870000,1000000
2019.10.03 14:17:51.064,1.0986,1.09861,500000,940000
2019.10.03 14:17:51.115,1.09856,1.09858,2620000,1690000
2019.10.03 14:17:51.217,1.09854,1.09856,750000,750000
2019.10.03 14:17:51.318,1.09854,1.09857,1870000,1000000
2019.10.03 14:17:51.419,1.09853,1.09857,1870000,1370000
2019.10.03 14:17:51.612,1.09853,1.09857,2060000,2810000
2019.10.03 14:17:51.713,1.09853,1.09857,1120000,5870000
2019.10.03 14:17:52.319,1.09853,1.09856,750000,2870000
2019.10.03 14:17:53.841,1.09853,1.09855,750000,2060000
2019.10.03 14:17:53.993,1.09853,1.09855,750000,2060000
2019.10.03 14:17:54.094,1.09853,1.09856,750000,2060000
2019.10.03 14:17:55.022,1.09853,1.09854,5270000,1500000
2019.10.03 14:17:55.123,1.09851,1.09852,500000,940000
2019.10.03 14:17:55.227,1.09853,1.09854,1390000,750000
2019.10.03 14:17:55.329,1.09854,1.09857,2320000,1500000
2019.10.03 14:17:55.532,1.09856,1.09857,750000,750000
2019.10.03 14:17:55.899,1.09855,1.09858,1500000,940000
2019.10.03 14:17:56.001,1.09856,1.09858,750000,750000
2019.10.03 14:17:56.154,1.09856,1.09857,750000,750000
2019.10.03 14:17:56.256,1.09856,1.09858,750000,750000
2019.10.03 14:17:56.365,1.09852,1.09853,1500000,1500000
2019.10.03 14:17:56.418,1.09852,1.09854,1120000,1500000
2019.10.03 14:17:56.520,1.09853,1.09854,750000,940000
2019.10.03 14:17:56.621,1.0985,1.09853,1000000,4200000
2019.10.03 14:17:56.672,1.0985,1.09854,3940000,940000
2019.10.03 14:17:56.723,1.0985,1.09853,1120000,2500000
2019.10.03 14:17:56.824,1.09849,1.0985,750000,750000
2019.10.03 14:17:56.874,1.09849,1.09853,4500000,4000000
2019.10.03 14:17:56.925,1.09849,1.09852,1120000,3250000
2019.10.03 14:17:57.128,1.09849,1.09852,1310000,3000000
2019.10.03 14:17:57.229,1.0985,1.09853,1690000,750000
2019.10.03 14:17:57.330,1.09849,1.09853,2060000,2810000
2019.10.03 14:17:57.502,1.09849,1.09852,750000,2810000
2019.10.03 14:17:57.705,1.09849,1.09852,2870000,2620000
2019.10.03 14:17:57.807,1.09848,1.09851,2440000,750000
2019.10.03 14:17:58.054,1.09847,1.09851,3190000,3190000
2019.10.03 14:17:58.105,1.09847,1.09848,750000,2620000
2019.10.03 14:17:58.249,1.09845,1.09849,4570000,2120000
2019.10.03 14:17:58.574,1.09846,1.09848,500000,940000
2019.10.03 14:17:58.676,1.09846,1.0985,1870000,1750000
2019.10.03 14:17:59.318,1.09846,1.09849,500000,750000
2019.10.03 14:17:59.441,1.09846,1.0985,4870000,750000
2019.10.03 14:17:59.543,1.09846,1.09849,750000,560000
2019.10.03 14:17:59.645,1.09847,1.09851,4410000,560000
2019.10.03 14:17:59.746,1.09847,1.09851,3370000,750000
2019.10.03 14:17:59.898,1.09847,1.0985,1000000,560000
2019.10.03 14:18:00.103,1.09848,1.09851,1120000,940000
2019.10.03 14:18:00.306,1.09851,1.09853,3320000,2250000
2019.10.03 14:18:00.357,1.09852,1.09854,810000,750000
2019.10.03 14:18:00.472,1.0985,1.09851,750000,2440000
2019.10.03 14:18:00.575,1.09848,1.09852,750000,3620000
2019.10.03 14:18:00.677,1.09849,1.09851,750000,500000
2019.10.03 14:18:00.779,1.09848,1.09851,1750000,1870000
2019.10.03 14:18:00.882,1.09849,1.09851,1000000,500000
2019.10.03 14:18:00.933,1.09847,1.0985,750000,5440000
2019.10.03 14:18:00.984,1.09848,1.09851,750000,1000000
2019.10.03 14:18:01.035,1.09848,1.09851,1000000,940000
2019.10.03 14:18:01.137,1.09848,1.09852,5120000,750000
2019.10.03 14:18:01.239,1.09848,1.09851,1000000,940000
2019.10.03 14:18:04.841,1.09851,1.09853,4010000,500000
2019.10.03 14:18:04.942,1.09851,1.09853,1870000,1310000
2019.10.03 14:18:05.092,1.09849,1.09852,750000,1750000
2019.10.03 14:18:05.193,1.09848,1.09852,2500000,750000
2019.10.03 14:18:07.962,1.09851,1.09852,1760000,750000
2019.10.03 14:18:08.013,1.09852,1.09854,940000,500000
2019.10.03 14:18:08.115,1.09853,1.09856,750000,3190000
2019.10.03 14:18:08.226,1.09854,1.09857,1760000,750000
2019.10.03 14:18:08.327,1.09854,1.09856,600000,750000
2019.10.03 14:18:08.429,1.09855,1.09857,560000,750000
2019.10.03 14:18:09.750,1.09857,1.09858,640000,750000
2019.10.03 14:18:09.883,1.09855,1.09857,750000,3250000
2019.10.03 14:18:09.985,1.09854,1.09857,820000,4000000
2019.10.03 14:18:10.137,1.09854,1.09857,1200000,1690000
2019.10.03 14:18:10.637,1.09854,1.09858,1950000,1690000
2019.10.03 14:18:10.738,1.09854,1.09857,1500000,2440000
2019.10.03 14:18:10.902,1.09854,1.09858,600000,6190000
2019.10.03 14:18:11.003,1.09855,1.09858,1200000,1500000
2019.10.03 14:18:11.105,1.09857,1.09859,830000,750000
2019.10.03 14:18:11.206,1.09857,1.09859,500000,1690000
2019.10.03 14:18:11.385,1.09855,1.09857,1120000,1690000
2019.10.03 14:18:11.487,1.09855,1.09857,940000,750000
2019.10.03 14:18:11.588,1.09854,1.09858,2910000,6940000
2019.10.03 14:18:11.690,1.09855,1.09858,1690000,750000
2019.10.03 14:18:11.804,1.09854,1.09858,1690000,3560000
2019.10.03 14:18:12.596,1.09855,1.09858,2140000,750000
2019.10.03 14:18:12.697,1.09854,1.09858,2140000,3940000
2019.10.03 14:18:14.665,1.09855,1.09857,750000,750000
2019.10.03 14:18:18.014,1.09854,1.09857,750000,3000000
2019.10.03 14:18:18.427,1.09855,1.09857,750000,750000
2019.10.03 14:18:18.828,1.09854,1.09857,750000,3000000
2019.10.03 14:18:19.391,1.09856,1.09858,2440000,750000
2019.10.03 14:18:19.493,1.09858,1.09859,640000,750000
2019.10.03 14:18:19.594,1.09857,1.0986,1310000,3250000
2019.10.03 14:18:20.397,1.09857,1.09861,7820000,3000000
2019.10.03 14:18:20.627,1.09857,1.0986,3250000,3940000
2019.10.03 14:18:20.781,1.09857,1.0986,940000,3000000
2019.10.03 14:18:20.882,1.09858,1.0986,750000,1310000
2019.10.03 14:18:22.276,1.09858,1.09862,5500000,5500000
2019.10.03 14:18:22.384,1.09858,1.09862,5500000,5250000
2019.10.03 14:18:22.636,1.0986,1.09862,5500000,750000
2019.10.03 14:18:23.155,1.09862,1.09863,3370000,750000
2019.10.03 14:18:23.257,1.09864,1.09867,1690000,1500000
2019.10.03 14:18:23.358,1.09864,1.09868,940000,2440000
2019.10.03 14:18:23.460,1.09865,1.09868,1310000,750000
2019.10.03 14:18:23.703,1.09867,1.09869,750000,750000
2019.10.03 14:18:23.805,1.09867,1.09869,500000,750000
2019.10.03 14:18:23.907,1.09867,1.0987,2890000,750000
2019.10.03 14:18:24.109,1.09869,1.09871,3040000,750000
2019.10.03 14:18:24.245,1.09867,1.09871,3470000,3750000
2019.10.03 14:18:24.349,1.09868,1.09871,2570000,1500000
2019.10.03 14:18:25.935,1.09868,1.09872,2890000,940000
2019.10.03 14:18:26.037,1.09869,1.09872,940000,1500000
2019.10.03 14:18:26.395,1.09869,1.09872,1760000,750000
2019.10.03 14:18:26.497,1.09869,1.09872,4070000,750000
2019.10.03 14:18:26.699,1.09868,1.09872,4760000,1500000
2019.10.03 14:18:26.800,1.09867,1.09872,3260000,6370000
2019.10.03 14:18:27.122,1.09869,1.09872,1310000,750000
2019.10.03 14:18:27.224,1.09869,1.09872,2210000,750000
2019.10.03 14:18:27.744,1.09871,1.09874,2350000,750000
2019.10.03 14:18:27.846,1.09871,1.09874,1840000,750000
2019.10.03 14:18:28.008,1.09872,1.09874,500000,750000
2019.10.03 14:18:28.110,1.09874,1.09877,2440000,750000
2019.10.03 14:18:28.161,1.09874,1.09877,4000000,750000
2019.10.03 14:18:28.263,1.09875,1.09877,3340000,750000
2019.10.03 14:18:28.364,1.09875,1.09877,6250000,750000
2019.10.03 14:18:28.473,1.09874,1.09877,6620000,2250000
2019.10.03 14:18:28.525,1.09876,1.09877,500000,3370000
2019.10.03 14:18:28.576,1.09879,1.0988,560000,750000
2019.10.03 14:18:28.627,1.0988,1.09881,560000,500000
2019.10.03 14:18:28.729,1.09881,1.09883,1370000,3000000
2019.10.03 14:18:28.893,1.09881,1.09884,1670000,2440000
2019.10.03 14:18:29.045,1.09881,1.09884,2040000,2500000
2019.10.03 14:18:29.096,1.0988,1.09882,4120000,2060000
2019.10.03 14:18:29.147,1.09876,1.0988,3370000,3250000
2019.10.03 14:18:29.255,1.09876,1.0988,1650000,1870000
2019.10.03 14:18:29.307,1.09878,1.09881,1650000,940000
2019.10.03 14:18:29.408,1.09879,1.09881,520000,1690000
2019.10.03 14:18:29.509,1.09879,1.09881,1520000,2250000
2019.10.03 14:18:29.610,1.09879,1.09881,710000,2250000
2019.10.03 14:18:29.741,1.09879,1.09883,1900000,1870000
2019.10.03 14:18:29.793,1.0988,1.09883,2270000,750000
2019.10.03 14:18:29.844,1.09879,1.09883,770000,1870000
2019.10.03 14:18:30.147,1.09879,1.09883,770000,2120000
2019.10.03 14:18:30.511,1.09879,1.09883,2210000,2120000
2019.10.03 14:18:30.613,1.09879,1.09883,1460000,1370000
2019.10.03 14:18:30.764,1.09879,1.09883,520000,2500000
2019.10.03 14:18:30.969,1.09879,1.09882,1090000,1750000
2019.10.03 14:18:31.312,1.09879,1.09881,520000,1750000
2019.10.03 14:18:31.413,1.09879,1.09881,520000,750000
2019.10.03 14:18:31.517,1.09877,1.0988,2210000,1000000
2019.10.03 14:18:31.619,1.09879,1.09881,500000,750000
2019.10.03 14:18:32.639,1.09878,1.09881,4000000,1120000
2019.10.03 14:18:32.689,1.09877,1.09879,2020000,750000
2019.10.03 14:18:32.791,1.09875,1.09877,520000,1690000
2019.10.03 14:18:32.893,1.09874,1.09876,520000,2620000
2019.10.03 14:18:33.010,1.09874,1.09878,2870000,1120000
2019.10.03 14:18:33.883,1.09873,1.09877,3770000,1870000
2019.10.03 14:18:34.010,1.09873,1.09876,770000,1310000
2019.10.03 14:18:34.112,1.09872,1.09874,1270000,940000
2019.10.03 14:18:34.315,1.09872,1.09876,1150000,1500000
2019.10.03 14:18:34.416,1.09872,1.09876,1090000,1690000
2019.10.03 14:18:34.891,1.09872,1.09875,750000,1690000
2019.10.03 14:18:34.992,1.09871,1.09874,1090000,1690000
2019.10.03 14:18:35.043,1.09871,1.09873,520000,1690000
2019.10.03 14:18:35.149,1.09871,1.09873,520000,750000
2019.10.03 14:18:35.251,1.0987,1.09874,1720000,1690000
2019.10.03 14:18:35.353,1.0987,1.09873,500000,3620000
2019.10.03 14:18:35.454,1.0987,1.09873,520000,1690000
2019.10.03 14:18:35.761,1.09868,1.09873,1460000,6250000
2019.10.03 14:18:36.014,1.09868,1.09872,520000,5120000
2019.10.03 14:18:36.166,1.09868,1.09871,2250000,1120000
2019.10.03 14:18:36.272,1.09869,1.09871,520000,750000
2019.10.03 14:18:36.373,1.09869,1.09873,1900000,750000
2019.10.03 14:18:36.965,1.09868,1.09871,750000,1690000
2019.10.03 14:18:37.117,1.09868,1.09872,940000,940000
2019.10.03 14:18:37.219,1.09867,1.0987,1500000,1450000
2019.10.03 14:18:37.346,1.09867,1.09868,1120000,940000
2019.10.03 14:18:37.396,1.09864,1.09868,1310000,3190000
2019.10.03 14:18:37.704,1.09864,1.09867,750000,940000
2019.10.03 14:18:37.755,1.09862,1.09865,1500000,4370000
2019.10.03 14:18:37.951,1.09862,1.09866,1450000,750000
2019.10.03 14:18:38.053,1.09863,1.09866,1750000,940000
2019.10.03 14:18:38.155,1.09863,1.09866,1500000,940000
2019.10.03 14:18:38.257,1.09863,1.09867,2810000,940000
2019.10.03 14:18:38.734,1.09863,1.09866,2250000,940000
2019.10.03 14:18:38.836,1.09861,1.09863,750000,3560000
2019.10.03 14:18:38.887,1.09862,1.09864,2060000,940000
2019.10.03 14:18:39.240,1.09863,1.09865,2570000,750000
2019.10.03 14:18:39.342,1.09861,1.09865,2500000,4000000
2019.10.03 14:18:39.393,1.09863,1.09867,2950000,1500000
2019.10.03 14:18:39.528,1.09864,1.09866,750000,750000
2019.10.03 14:18:39.981,1.09862,1.09864,750000,2440000
2019.10.03 14:18:40.120,1.09861,1.09864,750000,4120000
2019.10.03 14:18:40.275,1.09861,1.09864,1000000,2620000
2019.10.03 14:18:40.376,1.09861,1.09864,750000,3190000
2019.10.03 14:18:40.478,1.09861,1.09864,2500000,1690000
2019.10.03 14:18:40.839,1.09859,1.09863,1690000,1690000
2019.10.03 14:18:41.349,1.0986,1.09863,1690000,750000
2019.10.03 14:18:41.451,1.09859,1.09863,940000,2440000
2019.10.03 14:18:41.610,1.0986,1.09863,940000,1500000
2019.10.03 14:18:41.859,1.09862,1.09865,3640000,750000
2019.10.03 14:18:41.910,1.0986,1.09865,4390000,2440000
2019.10.03 14:18:42.011,1.0986,1.09864,2250000,1690000
2019.10.03 14:18:42.197,1.09862,1.09864,750000,750000
2019.10.03 14:18:42.298,1.09862,1.09866,1370000,3620000
2019.10.03 14:18:42.451,1.09864,1.09867,1760000,750000
2019.10.03 14:18:42.836,1.09864,1.09868,1950000,1690000
2019.10.03 14:18:43.384,1.09864,1.09868,3470000,940000
2019.10.03 14:18:43.788,1.09862,1.09863,750000,3370000
2019.10.03 14:18:43.839,1.0986,1.09862,1870000,1690000
2019.10.03 14:18:43.988,1.09856,1.0986,1870000,4750000
2019.10.03 14:18:44.140,1.09858,1.0986,500000,750000
2019.10.03 14:18:44.446,1.0986,1.09863,6290000,2870000
2019.10.03 14:18:44.559,1.09861,1.09864,940000,1750000
2019.10.03 14:18:44.660,1.09861,1.09865,2510000,4500000
2019.10.03 14:18:44.762,1.09862,1.09865,1310000,750000
2019.10.03 14:18:44.865,1.09863,1.09865,1310000,750000
2019.10.03 14:18:44.994,1.09861,1.09865,1310000,1500000
2019.10.03 14:18:45.302,1.09861,1.09864,1120000,750000
2019.10.03 14:18:45.403,1.0986,1.09864,1120000,3560000
2019.10.03 14:18:45.551,1.09859,1.09862,940000,1120000
2019.10.03 14:18:45.804,1.09858,1.09862,940000,3560000
2019.10.03 14:18:46.346,1.09858,1.09861,1750000,2620000
2019.10.03 14:18:46.500,1.09857,1.0986,940000,6370000
2019.10.03 14:18:46.811,1.09858,1.0986,940000,1500000
2019.10.03 14:18:46.939,1.09857,1.0986,940000,3370000
2019.10.03 14:18:48.622,1.09858,1.09861,1000000,1500000
2019.10.03 14:18:50.026,1.09861,1.09863,2700000,750000
2019.10.03 14:18:50.077,1.0986,1.09862,940000,1310000
2019.10.03 14:18:50.180,1.09859,1.09862,940000,1120000
2019.10.03 14:18:50.281,1.09858,1.0986,750000,750000
2019.10.03 14:18:50.383,1.09857,1.0986,1500000,4310000
2019.10.03 14:18:50.434,1.09855,1.09859,1760000,940000
2019.10.03 14:18:50.585,1.09855,1.0986,9320000,3250000
2019.10.03 14:18:51.995,1.09855,1.09858,750000,2870000
2019.10.03 14:18:52.097,1.09853,1.09858,3940000,5120000
2019.10.03 14:18:52.225,1.09854,1.09857,940000,750000
2019.10.03 14:18:52.276,1.09853,1.09854,750000,1120000
2019.10.03 14:18:52.429,1.09854,1.09857,1450000,750000
2019.10.03 14:18:52.480,1.09854,1.09857,1690000,750000
2019.10.03 14:18:52.581,1.09853,1.09857,820000,3190000
2019.10.03 14:18:52.859,1.09854,1.09857,750000,1500000
2019.10.03 14:18:52.960,1.09855,1.09858,2620000,750000
2019.10.03 14:18:53.113,1.09854,1.09857,750000,560000
2019.10.03 14:18:53.266,1.09853,1.09854,1500000,560000
2019.10.03 14:18:53.317,1.09852,1.09855,1690000,3750000
2019.10.03 14:18:53.434,1.09852,1.09856,940000,2440000
2019.10.03 14:18:53.485,1.09851,1.09853,750000,5870000
2019.10.03 14:18:53.587,1.09852,1.09854,750000,750000
2019.10.03 14:18:53.739,1.09851,1.09854,750000,3190000
2019.10.03 14:18:53.841,1.09851,1.09855,560000,3190000
2019.10.03 14:18:53.942,1.09852,1.09856,1000000,2250000
2019.10.03 14:18:54.044,1.09853,1.09856,1000000,1120000
2019.10.03 14:18:54.145,1.09853,1.09856,1690000,500000
2019.10.03 14:18:54.298,1.09854,1.09857,750000,750000
2019.10.03 14:18:54.852,1.09853,1.09857,1500000,4310000
2019.10.03 14:18:56.413,1.09852,1.09854,1120000,1310000
2019.10.03 14:18:56.515,1.09852,1.09855,1120000,1310000
2019.10.03 14:18:56.616,1.09853,1.09855,500000,750000
2019.10.03 14:18:56.718,1.09852,1.09855,1310000,1870000
2019.10.03 14:18:57.076,1.09852,1.09854,2250000,1120000
2019.10.03 14:18:57.178,1.09851,1.09853,750000,1870000
2019.10.03 14:18:58.077,1.09852,1.09853,2250000,750000
2019.10.03 14:18:58.179,1.09851,1.09853,2370000,1120000
2019.10.03 14:18:58.750,1.09851,1.09853,750000,940000
2019.10.03 14:18:59.166,1.09852,1.09853,750000,500000
2019.10.03 14:18:59.329,1.09851,1.09853,750000,1690000
2019.10.03 14:18:59.380,1.09853,1.09856,1500000,940000
2019.10.03 14:18:59.431,1.09853,1.09856,1500000,5120000
2019.10.03 14:18:59.482,1.09854,1.09857,500000,560000
2019.10.03 14:18:59.583,1.09854,1.09856,750000,1690000
2019.10.03 14:18:59.744,1.09854,1.09855,750000,750000
2019.10.03 14:18:59.845,1.09854,1.09856,750000,750000
2019.10.03 14:18:59.946,1.09854,1.09857,1120000,1870000
2019.10.03 14:19:00.099,1.09854,1.09858,2440000,1870000
2019.10.03 14:19:00.150,1.09857,1.09859,3260000,750000
2019.10.03 14:19:00.201,1.09855,1.09858,500000,2620000
2019.10.03 14:19:00.368,1.09856,1.09858,500000,2250000
2019.10.03 14:19:00.469,1.09857,1.09861,3190000,4310000
2019.10.03 14:19:00.570,1.09858,1.09861,560000,1500000
2019.10.03 14:19:00.722,1.09857,1.09861,3190000,8810000
2019.10.03 14:19:00.953,1.09857,1.0986,750000,4310000
2019.10.03 14:19:01.156,1.09857,1.0986,1750000,8440000
2019.10.03 14:19:01.257,1.09858,1.09861,3000000,940000
2019.10.03 14:19:01.468,1.09857,1.09859,750000,3250000
2019.10.03 14:19:01.569,1.09857,1.09858,750000,750000
2019.10.03 14:19:01.772,1.09857,1.0986,940000,750000
2019.10.03 14:19:02.000,1.09857,1.09858,750000,1500000
2019.10.03 14:19:03.246,1.09856,1.09859,5500000,940000
2019.10.03 14:19:03.436,1.09856,1.09859,3000000,1690000
2019.10.03 14:19:04.035,1.09858,1.0986,3920000,750000
2019.10.03 14:19:04.136,1.09858,1.0986,600000,750000
2019.10.03 14:19:04.339,1.09857,1.0986,1600000,1000000
2019.10.03 14:19:04.440,1.09856,1.0986,2510000,2810000
2019.10.03 14:19:04.542,1.09856,1.09859,820000,1690000
2019.10.03 14:19:04.643,1.09855,1.09858,500000,7370000
2019.10.03 14:19:04.744,1.09856,1.09858,850000,940000
2019.10.03 14:19:04.849,1.09855,1.09858,820000,5500000
2019.10.03 14:19:04.950,1.09856,1.09858,1040000,500000
2019.10.03 14:19:05.203,1.09856,1.09858,600000,500000
2019.10.03 14:19:05.335,1.09855,1.09859,2160000,5060000
2019.10.03 14:19:05.437,1.09855,1.09857,600000,5060000
2019.10.03 14:19:05.747,1.09855,1.09858,1570000,4690000
2019.10.03 14:19:05.962,1.09855,1.09857,1010000,2440000
2019.10.03 14:19:06.064,1.09855,1.09858,2700000,2440000
2019.10.03 14:19:06.196,1.09855,1.09858,3660000,2250000
2019.10.03 14:19:06.247,1.09853,1.09854,4200000,3190000
2019.10.03 14:19:06.349,1.0985,1.09854,2720000,3410000
2019.10.03 14:19:06.399,1.0985,1.09854,2910000,3190000
2019.10.03 14:19:06.551,1.09851,1.09854,4200000,940000
2019.10.03 14:19:06.652,1.0985,1.09854,7970000,4000000
2019.10.03 14:19:06.753,1.0985,1.09853,640000,500000
2019.10.03 14:19:06.854,1.0985,1.09853,3260000,1370000
2019.10.03 14:19:07.026,1.0985,1.09853,1220000,560000
2019.10.03 14:19:07.180,1.0985,1.09853,1270000,1310000
2019.10.03 14:19:07.659,1.0985,1.09853,600000,1750000
2019.10.03 14:19:07.761,1.0985,1.09853,1820000,1690000
2019.10.03 14:19:08.445,1.0985,1.09853,600000,1750000
2019.10.03 14:19:08.547,1.0985,1.09853,600000,1750000
2019.10.03 14:19:08.649,1.0985,1.09854,4100000,1500000
2019.10.03 14:19:09.174,1.09851,1.09854,2910000,750000
2019.10.03 14:19:09.491,1.09851,1.09854,5140000,750000
2019.10.03 14:19:09.595,1.09851,1.09853,1200000,750000
2019.10.03 14:19:09.697,1.09851,1.09852,600000,500000
2019.10.03 14:19:10.195,1.09851,1.09853,1760000,500000
2019.10.03 14:19:10.397,1.09853,1.09854,600000,750000
2019.10.03 14:19:10.498,1.09853,1.09855,1220000,940000
2019.10.03 14:19:10.622,1.09855,1.09857,1100000,750000
2019.10.03 14:19:10.672,1.09856,1.09858,1500000,1500000
2019.10.03 14:19:10.825,1.09856,1.09858,750000,2500000
2019.10.03 14:19:10.926,1.09856,1.09858,820000,940000
2019.10.03 14:19:11.102,1.09856,1.09858,1410000,940000
2019.10.03 14:19:11.204,1.09856,1.09858,940000,940000
2019.10.03 14:19:11.548,1.09856,1.09858,1220000,750000
2019.10.03 14:19:11.599,1.09854,1.09858,600000,8810000
2019.10.03 14:19:11.852,1.09855,1.09858,600000,1750000
2019.10.03 14:19:11.903,1.09857,1.0986,3900000,940000
2019.10.03 14:19:12.655,1.09857,1.09859,600000,2250000
2019.10.03 14:19:12.757,1.09857,1.0986,2890000,2250000
2019.10.03 14:19:13.838,1.09857,1.09859,820000,500000
2019.10.03 14:19:13.939,1.09856,1.09859,750000,2440000
2019.10.03 14:19:14.243,1.09855,1.09858,750000,3190000
2019.10.03 14:19:14.345,1.09855,1.09858,2910000,500000
2019.10.03 14:19:14.446,1.09855,1.09858,1390000,500000
2019.10.03 14:19:14.548,1.09855,1.09859,1220000,1370000
2019.10.03 14:19:14.707,1.09855,1.09859,1200000,1370000
2019.10.03 14:19:15.062,1.09856,1.09858,750000,940000
2019.10.03 14:19:15.164,1.09855,1.09859,1200000,3250000
2019.10.03 14:19:15.473,1.09856,1.09858,750000,940000
2019.10.03 14:19:15.574,1.09855,1.09859,2140000,1750000
2019.10.03 14:19:16.034,1.09857,1.0986,1040000,2120000
2019.10.03 14:19:16.136,1.09857,1.09861,4840000,4000000
2019.10.03 14:19:16.289,1.09859,1.09861,2320000,750000
2019.10.03 14:19:16.395,1.0986,1.09861,750000,1310000
2019.10.03 14:19:16.497,1.09859,1.09861,3250000,1500000
2019.10.03 14:19:16.548,1.09858,1.09861,2500000,5060000
2019.10.03 14:19:16.650,1.09859,1.09861,1000000,4500000
2019.10.03 14:19:16.702,1.0986,1.09862,1760000,500000
2019.10.03 14:19:16.803,1.09858,1.0986,500000,3620000
2019.10.03 14:19:16.946,1.09858,1.09861,1390000,750000
2019.10.03 14:19:17.048,1.09857,1.09861,1390000,5060000
2019.10.03 14:19:17.661,1.09857,1.09861,2910000,3190000
2019.10.03 14:19:17.813,1.09857,1.09861,1390000,3190000
2019.10.03 14:19:18.127,1.09856,1.09859,4500000,940000
2019.10.03 14:19:18.229,1.09855,1.09858,750000,2500000
2019.10.03 14:19:18.525,1.09854,1.09859,7200000,10000000
2019.10.03 14:19:18.837,1.09855,1.09859,5580000,750000
2019.10.03 14:19:19.241,1.09855,1.09859,7230000,4000000
2019.10.03 14:19:19.428,1.09855,1.09859,2700000,1750000
2019.10.03 14:19:19.826,1.09855,1.09858,750000,1750000
2019.10.03 14:19:19.927,1.09855,1.09858,750000,1690000
2019.10.03 14:19:20.071,1.09855,1.09858,1070000,1690000
2019.10.03 14:19:20.172,1.09854,1.09857,5060000,560000
2019.10.03 14:19:20.274,1.09853,1.09855,4950000,940000
2019.10.03 14:19:20.375,1.09851,1.09854,4500000,3250000
2019.10.03 14:19:20.513,1.09851,1.09853,600000,2440000
2019.10.03 14:19:20.615,1.0985,1.09854,2510000,2500000
2019.10.03 14:19:20.716,1.0985,1.09853,750000,560000
2019.10.03 14:19:21.305,1.09849,1.09853,1010000,3190000
2019.10.03 14:19:22.174,1.0985,1.09853,940000,500000
2019.10.03 14:19:22.326,1.0985,1.09854,1760000,1370000
2019.10.03 14:19:23.494,1.09852,1.09856,1010000,1310000
2019.10.03 14:19:23.595,1.09852,1.09855,600000,1310000
2019.10.03 14:19:24.095,1.09853,1.09856,2510000,1500000
2019.10.03 14:19:24.196,1.09852,1.09856,2140000,1310000
2019.10.03 14:19:24.471,1.09852,1.09854,750000,500000
2019.10.03 14:19:24.573,1.09851,1.09853,2510000,940000
2019.10.03 14:19:24.675,1.0985,1.09852,600000,3250000
2019.10.03 14:19:24.776,1.0985,1.09853,940000,3250000
2019.10.03 14:19:26.580,1.09851,1.09853,1790000,560000
2019.10.03 14:19:26.682,1.09851,1.09853,4010000,500000
2019.10.03 14:19:27.164,1.0985,1.09853,2960000,1120000
2019.10.03 14:19:27.330,1.0985,1.09852,1760000,1120000
2019.10.03 14:19:27.584,1.09848,1.0985,1500000,3000000
2019.10.03 14:19:27.685,1.09848,1.0985,1390000,750000
2019.10.03 14:19:27.792,1.09847,1.09849,940000,500000
2019.10.03 14:19:28.375,1.09847,1.09849,2500000,750000
2019.10.03 14:19:28.478,1.09846,1.09847,750000,500000
2019.10.03 14:19:28.580,1.09845,1.09847,1760000,500000
2019.10.03 14:19:28.632,1.09843,1.09845,2320000,750000
2019.10.03 14:19:28.683,1.09842,1.09844,1500000,3560000
2019.10.03 14:19:28.804,1.09842,1.09844,1970000,500000
2019.10.03 14:19:29.007,1.09842,1.09844,600000,500000
2019.10.03 14:19:29.156,1.09842,1.09845,600000,1310000
2019.10.03 14:19:29.358,1.09842,1.09845,1820000,940000
2019.10.03 14:19:29.459,1.09842,1.09845,2510000,500000
2019.10.03 14:19:29.560,1.09842,1.09844,600000,500000
2019.10.03 14:19:29.662,1.09842,1.09845,2890000,500000
2019.10.03 14:19:29.786,1.09843,1.09846,1510000,1120000
2019.10.03 14:19:29.887,1.09844,1.09846,750000,500000
2019.10.03 14:19:29.989,1.09844,1.09847,1760000,500000
2019.10.03 14:19:30.140,1.09844,1.09846,2250000,500000
2019.10.03 14:19:30.242,1.09844,1.09846,600000,500000
2019.10.03 14:19:30.345,1.09844,1.09847,3710000,500000
2019.10.03 14:19:30.447,1.09844,1.09847,5910000,500000
2019.10.03 14:19:30.549,1.09844,1.09847,4760000,500000
2019.10.03 14:19:30.650,1.09844,1.09846,750000,500000
2019.10.03 14:19:31.033,1.09844,1.09845,1690000,500000
2019.10.03 14:19:31.135,1.09843,1.09845,2440000,500000
2019.10.03 14:19:31.477,1.09842,1.09845,2510000,750000
2019.10.03 14:19:31.528,1.09842,1.09843,750000,750000
2019.10.03 14:19:31.629,1.09842,1.09844,750000,750000
2019.10.03 14:19:32.320,1.09842,1.09844,1750000,750000
2019.10.03 14:19:32.371,1.09838,1.09839,750000,940000
2019.10.03 14:19:32.523,1.09836,1.09837,750000,560000
2019.10.03 14:19:32.632,1.09836,1.09838,1500000,560000
2019.10.03 14:19:32.757,1.09835,1.09837,750000,1000000
2019.10.03 14:19:32.965,1.09834,1.09837,750000,2320000
2019.10.03 14:19:33.076,1.09835,1.09838,1760000,940000
2019.10.03 14:19:33.276,1.09835,1.09838,1820000,940000
2019.10.03 14:19:33.377,1.09835,1.09838,1090000,940000
2019.10.03 14:19:33.428,1.09835,1.09838,1070000,1690000
2019.10.03 14:19:33.686,1.09834,1.09838,1750000,2260000
2019.10.03 14:19:33.787,1.09834,1.09838,1470000,2320000
2019.10.03 14:19:33.995,1.09835,1.09836,750000,500000
2019.10.03 14:19:34.147,1.09834,1.09838,1760000,2070000
2019.10.03 14:19:34.300,1.09836,1.09839,2270000,1500000
2019.10.03 14:19:34.554,1.09836,1.0984,2510000,2120000
2019.10.03 14:19:34.765,1.09836,1.0984,2440000,1510000
2019.10.03 14:19:34.878,1.09836,1.09839,750000,560000
2019.10.03 14:19:35.252,1.09837,1.0984,2140000,1870000
2019.10.03 14:19:35.353,1.09836,1.09839,1500000,760000
2019.10.03 14:19:35.455,1.09836,1.09839,1750000,570000
2019.10.03 14:19:35.577,1.09836,1.09839,750000,820000
2019.10.03 14:19:35.729,1.09836,1.0984,1390000,1130000
2019.10.03 14:19:35.830,1.09836,1.09839,500000,1130000
2019.10.03 14:19:35.932,1.09836,1.0984,2060000,3070000
2019.10.03 14:19:36.050,1.09836,1.0984,1310000,3010000
2019.10.03 14:19:36.151,1.09837,1.0984,2440000,750000
2019.10.03 14:19:36.253,1.09837,1.0984,2120000,3010000
2019.10.03 14:19:36.354,1.09834,1.09838,7000000,2250000
2019.10.03 14:19:36.496,1.09833,1.09836,2890000,2250000
2019.10.03 14:19:36.598,1.09834,1.09836,3000000,750000
2019.10.03 14:19:36.700,1.09833,1.09835,750000,750000
2019.10.03 14:19:36.901,1.09832,1.09835,2570000,2620000
2019.10.03 14:19:37.002,1.09832,1.09835,1760000,2620000
2019.10.03 14:19:37.154,1.09833,1.09836,1000000,500000
2019.10.03 14:19:37.305,1.09833,1.09837,2390000,1310000
2019.10.03 14:19:37.407,1.09834,1.09837,560000,940000
2019.10.03 14:19:37.559,1.09833,1.09837,2250000,1310000
2019.10.03 14:19:37.849,1.09833,1.09837,1560000,3000000
2019.10.03 14:19:38.254,1.09832,1.09834,1750000,750000
2019.10.03 14:19:38.432,1.09832,1.09835,1990000,750000
2019.10.03 14:19:38.533,1.09831,1.09836,4070000,3190000
2019.10.03 14:19:38.634,1.09832,1.09836,7190000,750000
2019.10.03 14:19:38.964,1.09833,1.09836,1950000,1500000
2019.10.03 14:19:39.066,1.09836,1.09838,1370000,500000
2019.10.03 14:19:39.276,1.09836,1.09838,1500000,500000
2019.10.03 14:19:39.377,1.09836,1.09837,750000,940000
2019.10.03 14:19:39.479,1.09836,1.09838,1870000,940000
2019.10.03 14:19:39.652,1.09835,1.09838,2120000,750000
2019.10.03 14:19:39.946,1.09834,1.09838,1750000,750000
2019.10.03 14:19:40.047,1.09836,1.09838,750000,1310000
2019.10.03 14:19:40.271,1.09838,1.0984,600000,750000
2019.10.03 14:19:40.372,1.09838,1.09842,2140000,2440000
2019.10.03 14:19:40.476,1.09838,1.09841,1120000,1690000
2019.10.03 14:19:40.750,1.09837,1.09839,1500000,3370000
2019.10.03 14:19:40.851,1.09836,1.09839,750000,940000
2019.10.03 14:19:41.205,1.09836,1.09838,2440000,750000
2019.10.03 14:19:41.306,1.09835,1.09838,940000,750000
2019.10.03 14:19:41.408,1.09836,1.09838,750000,1310000
2019.10.03 14:19:41.625,1.09834,1.09838,1500000,5120000
2019.10.03 14:19:41.726,1.09835,1.09838,750000,2120000
2019.10.03 14:19:41.828,1.09835,1.09839,3000000,2120000
2019.10.03 14:19:42.007,1.09836,1.09838,750000,560000
2019.10.03 14:19:42.210,1.09835,1.09839,1500000,2500000
2019.10.03 14:19:42.538,1.09837,1.0984,1390000,1500000
2019.10.03 14:19:42.639,1.09837,1.09841,2810000,1310000
2019.10.03 14:19:42.741,1.09837,1.0984,750000,2810000
2019.10.03 14:19:42.843,1.09837,1.09841,2810000,560000
2019.10.03 14:19:43.225,1.09837,1.0984,750000,560000
2019.10.03 14:19:43.327,1.09837,1.09839,750000,500000
2019.10.03 14:19:43.428,1.09836,1.09839,750000,1690000
2019.10.03 14:19:43.610,1.09836,1.0984,3940000,2440000
2019.10.03 14:19:43.813,1.09837,1.0984,3190000,500000
2019.10.03 14:19:44.376,1.09837,1.09838,940000,500000
2019.10.03 14:19:44.478,1.09836,1.09838,1570000,1500000
2019.10.03 14:19:44.529,1.09834,1.09838,2510000,3750000
2019.10.03 14:19:44.588,1.09834,1.09838,2570000,3750000
2019.10.03 14:19:44.689,1.09834,1.09838,2160000,3370000
2019.10.03 14:19:44.790,1.09835,1.09838,2440000,750000
2019.10.03 14:19:45.436,1.09837,1.09839,1000000,750000
2019.10.03 14:19:45.487,1.09838,1.0984,3940000,1120000
2019.10.03 14:19:45.588,1.09837,1.0984,750000,1310000
2019.10.03 14:19:45.741,1.09837,1.09841,1500000,1790000
2019.10.03 14:19:45.792,1.09837,1.09839,750000,1010000
2019.10.03 14:19:45.842,1.09837,1.09841,2250000,1010000
2019.10.03 14:19:45.944,1.09838,1.09841,1500000,2160000
2019.10.03 14:19:46.096,1.09837,1.09839,750000,2890000
2019.10.03 14:19:46.235,1.09836,1.09838,750000,4760000
2019.10.03 14:19:46.337,1.09834,1.09838,1690000,3660000
2019.10.03 14:19:46.438,1.09834,1.09838,2440000,3640000
2019.10.03 14:19:47.213,1.09835,1.09838,1690000,750000
2019.10.03 14:19:47.315,1.09834,1.09838,1690000,2440000
2019.10.03 14:19:47.429,1.09834,1.09837,750000,2440000
2019.10.03 14:19:47.531,1.09831,1.09834,750000,1000000
2019.10.03 14:19:47.583,1.0983,1.09834,4120000,4070000
2019.10.03 14:19:47.684,1.0983,1.09833,1500000,1690000
2019.10.03 14:19:47.798,1.09829,1.09832,1500000,2500000
2019.10.03 14:19:47.900,1.09829,1.09832,2250000,3260000
2019.10.03 14:19:48.001,1.09829,1.09832,1870000,2570000
2019.10.03 14:19:48.105,1.09829,1.09833,1500000,1940000
2019.10.03 14:19:48.207,1.09829,1.09832,500000,1070000
2019.10.03 14:19:48.336,1.09829,1.09833,3750000,2010000
2019.10.03 14:19:48.627,1.09829,1.09833,4000000,1560000
2019.10.03 14:19:48.784,1.0983,1.09834,2120000,1370000
2019.10.03 14:19:49.261,1.09832,1.09835,750000,560000
2019.10.03 14:19:49.363,1.09832,1.09834,750000,940000
2019.10.03 14:19:49.868,1.09832,1.09835,2440000,750000
2019.10.03 14:19:50.015,1.09833,1.09835,940000,750000
2019.10.03 14:19:50.116,1.09833,1.09836,2440000,750000
2019.10.03 14:19:50.167,1.09832,1.09834,750000,560000
2019.10.03 14:19:50.268,1.09832,1.09833,750000,940000
2019.10.03 14:19:50.370,1.0983,1.09831,750000,1500000
2019.10.03 14:19:50.484,1.0983,1.09832,1500000,750000
2019.10.03 14:19:50.588,1.0983,1.09831,750000,750000
2019.10.03 14:19:50.639,1.09828,1.09832,5060000,2390000
2019.10.03 14:19:50.794,1.09828,1.09831,750000,1750000
2019.10.03 14:19:50.960,1.09827,1.09829,3450000,2500000
2019.10.03 14:19:51.011,1.09827,1.09829,1390000,1500000
2019.10.03 14:19:51.062,1.09829,1.0983,750000,750000
2019.10.03 14:19:51.164,1.09828,1.09832,4370000,2250000
2019.10.03 14:19:51.265,1.09827,1.0983,940000,750000
2019.10.03 14:19:51.380,1.09827,1.0983,940000,500000
2019.10.03 14:19:51.481,1.09827,1.0983,1000000,940000
2019.10.03 14:19:51.784,1.09829,1.0983,940000,750000
2019.10.03 14:19:51.922,1.09828,1.09832,2060000,4310000
2019.10.03 14:19:52.024,1.09829,1.09832,2060000,750000
2019.10.03 14:19:52.277,1.09832,1.09833,750000,750000
2019.10.03 14:19:52.424,1.09832,1.09835,560000,750000
2019.10.03 14:19:52.526,1.09833,1.09836,1000000,940000
2019.10.03 14:19:52.628,1.09835,1.09837,2620000,750000
2019.10.03 14:19:53.033,1.09835,1.09839,5440000,1310000
2019.10.03 14:19:53.084,1.09838,1.09839,500000,750000
2019.10.03 14:19:53.135,1.09836,1.0984,8440000,940000
2019.10.03 14:19:53.254,1.09836,1.0984,3750000,1750000
2019.10.03 14:19:53.355,1.09838,1.09841,3700000,1500000
2019.10.03 14:19:53.679,1.09837,1.09839,1500000,1750000
2019.10.03 14:19:53.782,1.09837,1.0984,1870000,1000000
2019.10.03 14:19:53.833,1.09837,1.0984,1310000,750000
2019.10.03 14:19:54.073,1.09835,1.09839,2250000,2870000
2019.10.03 14:19:54.175,1.09838,1.09839,750000,750000
2019.10.03 14:19:54.277,1.09837,1.0984,940000,1120000
2019.10.03 14:19:54.404,1.09836,1.0984,1750000,4000000
2019.10.03 14:19:54.506,1.09836,1.09838,500000,2950000
2019.10.03 14:19:54.557,1.09835,1.09836,1500000,560000
2019.10.03 14:19:54.658,1.09832,1.09833,1500000,500000
2019.10.03 14:19:54.760,1.09831,1.09833,750000,750000
2019.10.03 14:19:54.868,1.09831,1.09834,3370000,1750000
2019.10.03 14:19:55.019,1.09831,1.09833,750000,1000000
2019.10.03 14:19:55.121,1.0983,1.09833,940000,750000
2019.10.03 14:19:55.275,1.09831,1.09833,750000,750000
2019.10.03 14:19:55.478,1.0983,1.09833,940000,750000
2019.10.03 14:19:55.579,1.09831,1.09833,750000,940000
2019.10.03 14:19:55.680,1.09831,1.09835,6620000,1370000
2019.10.03 14:19:55.896,1.0983,1.09833,750000,2950000
2019.10.03 14:19:56.291,1.09831,1.09835,4310000,1690000
2019.10.03 14:19:56.495,1.0983,1.09833,750000,2870000
2019.10.03 14:19:56.619,1.09829,1.09832,2250000,1000000
2019.10.03 14:19:56.670,1.09828,1.0983,1500000,500000
2019.10.03 14:19:56.773,1.09829,1.09831,3820000,1000000
2019.10.03 14:19:56.875,1.09827,1.0983,2250000,940000
2019.10.03 14:19:56.977,1.09827,1.09829,1500000,750000
2019.10.03 14:19:57.129,1.09827,1.09828,1500000,940000
2019.10.03 14:19:57.230,1.09825,1.09827,750000,1750000
2019.10.03 14:19:57.332,1.09825,1.09828,940000,1940000
2019.10.03 14:19:57.433,1.09825,1.09828,1500000,940000
2019.10.03 14:19:57.535,1.09827,1.0983,7390000,750000
2019.10.03 14:19:57.605,1.09825,1.0983,4370000,3560000
2019.10.03 14:19:57.656,1.09827,1.09829,1000000,750000
2019.10.03 14:19:57.757,1.09826,1.09829,1500000,940000
2019.10.03 14:19:58.010,1.09827,1.0983,3940000,750000
2019.10.03 14:19:58.315,1.09826,1.0983,1690000,1690000
2019.10.03 14:19:58.467,1.09828,1.09831,6000000,1750000
2019.10.03 14:19:58.568,1.09829,1.09833,6700000,750000
2019.10.03 14:19:58.681,1.0983,1.09833,1000000,1500000
2019.10.03 14:19:58.783,1.09831,1.09834,2120000,1500000
2019.10.03 14:19:58.887,1.09832,1.09834,1000000,500000
2019.10.03 14:19:58.988,1.09832,1.09834,1500000,1120000
2019.10.03 14:19:59.192,1.0983,1.09834,2620000,1370000
2019.10.03 14:19:59.453,1.09832,1.09834,1120000,1500000
2019.10.03 14:19:59.655,1.09833,1.09835,2700000,750000
2019.10.03 14:19:59.757,1.09834,1.09837,2440000,1500000
2019.10.03 14:19:59.858,1.09833,1.09837,940000,2140000
2019.10.03 14:19:59.972,1.09834,1.09837,940000,1500000
2019.10.03 14:20:00.074,1.09835,1.09837,940000,2620000
2019.10.03 14:20:00.176,1.09835,1.09839,6370000,1370000
2019.10.03 14:20:00.293,1.09835,1.09839,3370000,500000
2019.10.03 14:20:00.398,1.09836,1.09839,4870000,750000
2019.10.03 14:20:00.651,1.09836,1.09838,500000,1500000
2019.10.03 14:20:00.753,1.09836,1.09839,4140000,1120000
2019.10.03 14:20:00.891,1.09837,1.09841,1950000,2060000
2019.10.03 14:20:00.996,1.09838,1.09841,750000,750000
2019.10.03 14:20:01.098,1.09839,1.09842,1950000,1500000
2019.10.03 14:20:01.200,1.09839,1.09842,1870000,1000000
2019.10.03 14:20:01.316,1.09839,1.09842,1870000,940000
2019.10.03 14:20:01.570,1.09839,1.09843,3370000,1690000
2019.10.03 14:20:01.793,1.09839,1.09843,1120000,1000000
2019.10.03 14:20:02.349,1.0984,1.09844,2620000,2810000
2019.10.03 14:20:02.450,1.0984,1.09843,750000,2810000
2019.10.03 14:20:02.551,1.09841,1.09843,750000,750000
2019.10.03 14:20:02.653,1.0984,1.09843,750000,2810000
2019.10.03 14:20:02.775,1.09844,1.09846,5410000,750000
2019.10.03 14:20:02.877,1.09844,1.09847,2500000,1500000
2019.10.03 14:20:02.978,1.09845,1.09847,1000000,750000
2019.10.03 14:20:03.079,1.09845,1.09848,1450000,2250000
2019.10.03 14:20:03.190,1.09848,1.09851,3340000,1500000
2019.10.03 14:20:03.242,1.09847,1.0985,1000000,3750000
2019.10.03 14:20:03.346,1.09847,1.09849,940000,1500000
2019.10.03 14:20:03.448,1.09848,1.0985,5250000,1000000
2019.10.03 14:20:03.669,1.09846,1.09849,1500000,4370000
2019.10.03 14:20:03.770,1.09848,1.0985,3070000,500000
2019.10.03 14:20:03.922,1.09848,1.09851,940000,1120000
2019.10.03 14:20:04.042,1.09849,1.09851,940000,940000
2019.10.03 14:20:04.145,1.09851,1.09853,2650000,750000
2019.10.03 14:20:04.398,1.09853,1.09855,1190000,1500000
2019.10.03 14:20:04.514,1.09854,1.09855,940000,750000
2019.10.03 14:20:04.617,1.09854,1.09857,4370000,750000
2019.10.03 14:20:04.718,1.09853,1.09854,1500000,2440000
2019.10.03 14:20:04.821,1.09851,1.09854,1870000,3250000
2019.10.03 14:20:04.922,1.09851,1.09853,750000,1750000
2019.10.03 14:20:05.025,1.09851,1.09854,1690000,1000000
2019.10.03 14:20:05.228,1.09851,1.09853,750000,1370000
2019.10.03 14:20:05.329,1.09851,1.09854,940000,1000000
2019.10.03 14:20:05.495,1.0985,1.09853,500000,4750000
2019.10.03 14:20:05.698,1.09849,1.09853,3000000,4450000
2019.10.03 14:20:06.123,1.09852,1.09854,2440000,1500000
2019.10.03 14:20:06.282,1.09853,1.09856,4310000,500000
2019.10.03 14:20:06.383,1.09853,1.09855,2440000,500000
2019.10.03 14:20:07.507,1.09852,1.09856,3000000,4000000
2019.10.03 14:20:08.010,1.09854,1.09857,1690000,2250000
2019.10.03 14:20:08.112,1.09854,1.09859,1750000,5060000
2019.10.03 14:20:08.214,1.09854,1.09857,1500000,4010000
2019.10.03 14:20:08.379,1.09854,1.09856,750000,3940000
2019.10.03 14:20:08.481,1.09854,1.09857,1500000,1690000
2019.10.03 14:20:09.039,1.09854,1.09858,2810000,2060000
2019.10.03 14:20:09.141,1.09854,1.09858,1310000,2060000
2019.10.03 14:20:09.395,1.09853,1.09856,750000,3620000
2019.10.03 14:20:09.496,1.09854,1.09856,1310000,2250000
2019.10.03 14:20:09.598,1.09854,1.09858,2870000,3560000
2019.10.03 14:20:09.699,1.09854,1.09858,2620000,5510000
2019.10.03 14:20:09.854,1.09856,1.09859,940000,750000
2019.10.03 14:20:09.956,1.09856,1.09859,940000,2500000
2019.10.03 14:20:10.058,1.09856,1.09859,3000000,1310000
2019.10.03 14:20:10.160,1.09856,1.09858,1870000,560000
2019.10.03 14:20:10.320,1.09855,1.09859,2810000,1690000
2019.10.03 14:20:10.423,1.09855,1.09857,750000,1690000
2019.10.03 14:20:10.676,1.09854,1.09855,750000,1310000
2019.10.03 14:20:10.800,1.09854,1.09858,7120000,940000
2019.10.03 14:20:10.902,1.09855,1.09858,1500000,2060000
2019.10.03 14:20:10.953,1.09857,1.09859,1200000,750000
2019.10.03 14:20:11.055,1.09856,1.09857,750000,940000
2019.10.03 14:20:11.260,1.09853,1.09855,1500000,1500000
2019.10.03 14:20:11.361,1.09854,1.09856,1500000,1000000
2019.10.03 14:20:11.462,1.09853,1.09856,750000,1750000
2019.10.03 14:20:11.566,1.09853,1.09856,750000,1750000
2019.10.03 14:20:11.617,1.09853,1.09856,1120000,750000
2019.10.03 14:20:11.987,1.09854,1.09856,1500000,500000
2019.10.03 14:20:12.404,1.09855,1.09857,2250000,750000
2019.10.03 14:20:12.615,1.09856,1.09858,750000,2620000
2019.10.03 14:20:12.717,1.09857,1.09858,750000,500000
2019.10.03 14:20:12.818,1.09858,1.09861,1390000,1500000
2019.10.03 14:20:12.869,1.09859,1.09862,1070000,750000
2019.10.03 14:20:12.971,1.0986,1.09863,2500000,2250000
2019.10.03 14:20:13.102,1.09859,1.09862,1000000,6370000
2019.10.03 14:20:13.153,1.0986,1.09862,3190000,750000
2019.10.03 14:20:13.205,1.09858,1.09861,750000,6560000
2019.10.03 14:20:13.306,1.09858,1.0986,750000,5120000
2019.10.03 14:20:13.458,1.09858,1.0986,1500000,4000000
2019.10.03 14:20:13.509,1.09858,1.09861,1690000,3750000
2019.10.03 14:20:13.674,1.0986,1.09861,940000,750000
2019.10.03 14:20:13.778,1.09859,1.09862,2500000,1120000
2019.10.03 14:20:13.880,1.0986,1.09862,1750000,750000
2019.10.03 14:20:14.331,1.09859,1.09863,3940000,3190000
2019.10.03 14:20:14.382,1.09859,1.09861,1500000,2250000
2019.10.03 14:20:14.484,1.09858,1.0986,750000,750000
2019.10.03 14:20:14.588,1.09859,1.09861,1690000,2250000
2019.10.03 14:20:14.691,1.09858,1.0986,1500000,2120000
2019.10.03 14:20:14.793,1.09858,1.0986,750000,1870000
2019.10.03 14:20:14.895,1.09857,1.0986,1690000,3370000
2019.10.03 14:20:15.064,1.09857,1.09859,750000,3370000
2019.10.03 14:20:15.429,1.09857,1.09858,750000,750000
2019.10.03 14:20:15.530,1.09856,1.09858,750000,4870000
2019.10.03 14:20:16.387,1.09856,1.09859,2250000,940000
2019.10.03 14:20:17.534,1.09857,1.0986,2440000,1750000
2019.10.03 14:20:18.172,1.09857,1.09861,3260000,7000000
2019.10.03 14:20:18.274,1.09857,1.09859,1500000,2440000
2019.10.03 14:20:18.498,1.09856,1.09859,1500000,1690000
2019.10.03 14:20:18.603,1.09856,1.0986,1870000,4370000
2019.10.03 14:20:18.958,1.09857,1.09859,750000,940000
2019.10.03 14:20:20.282,1.09855,1.09856,1120000,1870000
2019.10.03 14:20:20.335,1.09853,1.09854,1120000,2250000
2019.10.03 14:20:20.436,1.09849,1.09851,3750000,1750000
2019.10.03 14:20:20.569,1.09848,1.09851,8320000,1750000
2019.10.03 14:20:20.620,1.09847,1.0985,1870000,1940000
2019.10.03 14:20:20.722,1.09846,1.09848,750000,2810000
2019.10.03 14:20:20.823,1.09846,1.0985,3060000,1690000
2019.10.03 14:20:20.976,1.09848,1.0985,2700000,750000
2019.10.03 14:20:21.080,1.09848,1.09852,2690000,1870000
2019.10.03 14:20:21.181,1.09848,1.09851,500000,3440000
2019.10.03 14:20:21.801,1.09847,1.09848,750000,2440000
2019.10.03 14:20:21.902,1.09846,1.09849,1750000,750000
2019.10.03 14:20:22.005,1.09846,1.09849,1500000,940000
2019.10.03 14:20:22.113,1.09848,1.09851,3560000,750000
2019.10.03 14:20:22.214,1.09847,1.09851,5510000,1690000
2019.10.03 14:20:22.586,1.09848,1.09851,1690000,750000
2019.10.03 14:20:23.006,1.09848,1.09852,2620000,940000
2019.10.03 14:20:23.349,1.09849,1.09852,1120000,750000
2019.10.03 14:20:23.776,1.09849,1.09851,750000,750000
2019.10.03 14:20:24.188,1.09846,1.09849,1690000,6070000
2019.10.03 14:20:24.399,1.09848,1.09851,1410000,940000
2019.10.03 14:20:24.501,1.09847,1.09851,6750000,2060000
2019.10.03 14:20:24.603,1.09847,1.0985,1870000,1690000
2019.10.03 14:20:24.835,1.09847,1.09852,8090000,5440000
2019.10.03 14:20:24.937,1.09848,1.09851,500000,750000
2019.10.03 14:20:25.777,1.09847,1.09851,1500000,5620000
2019.10.03 14:20:26.054,1.09846,1.09849,750000,3700000
2019.10.03 14:20:26.156,1.09846,1.09849,750000,2060000
2019.10.03 14:20:26.417,1.09846,1.0985,1690000,1310000
2019.10.03 14:20:26.652,1.09847,1.0985,1690000,1000000
2019.10.03 14:20:26.868,1.09849,1.09851,1500000,750000
2019.10.03 14:20:27.020,1.09848,1.09851,750000,1690000
2019.10.03 14:20:27.767,1.09848,1.0985,750000,2440000
2019.10.03 14:20:29.100,1.09847,1.09848,1500000,500000
2019.10.03 14:20:29.151,1.09845,1.09849,940000,3940000
2019.10.03 14:20:29.261,1.09847,1.09849,750000,560000
2019.10.03 14:20:29.362,1.09847,1.0985,750000,560000
2019.10.03 14:20:29.564,1.09849,1.09851,560000,750000
2019.10.03 14:20:29.666,1.09848,1.09852,2440000,2810000
2019.10.03 14:20:29.828,1.09848,1.09852,5440000,7370000
2019.10.03 14:20:30.065,1.09849,1.09851,750000,750000
2019.10.03 14:20:30.382,1.09848,1.09851,940000,5250000
2019.10.03 14:20:30.973,1.09849,1.09851,940000,750000
2019.10.03 14:20:31.572,1.09848,1.09852,1120000,2810000
2019.10.03 14:20:31.725,1.09849,1.09851,750000,1500000
2019.10.03 14:20:32.441,1.09849,1.09852,2810000,750000
2019.10.03 14:20:32.542,1.09849,1.09851,940000,1500000
2019.10.03 14:20:32.787,1.09849,1.09852,3000000,750000
2019.10.03 14:20:32.966,1.0985,1.09852,1690000,750000
2019.10.03 14:20:33.426,1.09852,1.09854,4950000,1500000
2019.10.03 14:20:33.478,1.09851,1.09853,2250000,1500000
2019.10.03 14:20:33.720,1.0985,1.09853,750000,2250000
2019.10.03 14:20:34.029,1.0985,1.09853,1750000,940000
2019.10.03 14:20:34.130,1.09849,1.09851,750000,1000000
2019.10.03 14:20:34.181,1.09848,1.09851,1500000,1310000
2019.10.03 14:20:34.304,1.09848,1.09851,2330000,750000
2019.10.03 14:20:34.456,1.09847,1.0985,3250000,750000
2019.10.03 14:20:34.557,1.09846,1.0985,4870000,1000000
2019.10.03 14:20:34.659,1.09848,1.0985,3450000,750000
2019.10.03 14:20:34.767,1.09848,1.09849,520000,750000
2019.10.03 14:20:34.869,1.09847,1.0985,1310000,750000
2019.10.03 14:20:36.081,1.09847,1.09849,750000,750000
2019.10.03 14:20:36.355,1.09847,1.0985,940000,2250000
2019.10.03 14:20:36.457,1.09847,1.09851,750000,4000000
2019.10.03 14:20:36.821,1.09847,1.09849,3370000,940000
2019.10.03 14:20:37.177,1.09846,1.09849,2620000,560000
2019.10.03 14:20:37.546,1.09846,1.09848,750000,1310000
2019.10.03 14:20:38.273,1.09847,1.09849,940000,2250000
2019.10.03 14:20:38.375,1.09848,1.09849,750000,750000
2019.10.03 14:20:38.476,1.09848,1.09851,1500000,750000
2019.10.03 14:20:38.646,1.09849,1.09851,750000,750000
2019.10.03 14:20:38.747,1.09848,1.09852,1390000,940000
2019.10.03 14:20:39.298,1.09847,1.09852,2570000,5950000
2019.10.03 14:20:39.704,1.09847,1.0985,1690000,1120000
2019.10.03 14:20:39.865,1.09847,1.09851,1690000,2810000
2019.10.03 14:20:40.507,1.09846,1.09849,750000,1690000
2019.10.03 14:20:40.917,1.09844,1.09847,3190000,3190000
2019.10.03 14:20:41.069,1.09844,1.09848,2060000,1690000
2019.10.03 14:20:41.170,1.09845,1.09848,3260000,750000
2019.10.03 14:20:41.272,1.09844,1.09848,1690000,2060000
2019.10.03 14:20:41.657,1.09844,1.09848,1500000,3620000
2019.10.03 14:20:41.846,1.09845,1.09847,750000,940000
2019.10.03 14:20:41.897,1.09844,1.09849,3560000,2120000
2019.10.03 14:20:42.059,1.09848,1.09849,2250000,500000
2019.10.03 14:20:42.163,1.09847,1.0985,1500000,940000
2019.10.03 14:20:42.467,1.09847,1.09851,3750000,1690000
2019.10.03 14:20:43.505,1.09847,1.0985,1690000,500000
2019.10.03 14:20:43.607,1.09846,1.0985,940000,5810000
2019.10.03 14:20:43.709,1.09845,1.09847,750000,3320000
2019.10.03 14:20:43.811,1.09844,1.09846,2250000,1750000
2019.10.03 14:20:43.920,1.09843,1.09846,750000,1310000
2019.10.03 14:20:44.022,1.09843,1.09847,2440000,560000
2019.10.03 14:20:44.667,1.09843,1.09846,1500000,1310000
2019.10.03 14:20:44.718,1.09842,1.09843,750000,2440000
2019.10.03 14:20:44.820,1.09842,1.09844,750000,500000
2019.10.03 14:20:44.932,1.09842,1.09845,750000,940000
2019.10.03 14:20:45.084,1.09842,1.09845,750000,1750000
2019.10.03 14:20:45.438,1.09841,1.09844,750000,5570000
2019.10.03 14:20:45.540,1.09841,1.09844,750000,2060000
2019.10.03 14:20:45.795,1.09842,1.09844,750000,750000
2019.10.03 14:20:45.905,1.09842,1.09845,940000,1500000
2019.10.03 14:20:46.008,1.09842,1.09846,1000000,2870000
2019.10.03 14:20:46.059,1.09843,1.09847,2440000,940000
2019.10.03 14:20:46.514,1.09843,1.09846,750000,2510000
2019.10.03 14:20:47.435,1.09842,1.09846,4760000,3190000
2019.10.03 14:20:47.638,1.09842,1.09845,750000,1690000
2019.10.03 14:20:47.739,1.09842,1.09844,750000,940000
2019.10.03 14:20:48.013,1.09842,1.09845,2140000,1120000
2019.10.03 14:20:48.217,1.09841,1.09844,1870000,1690000
2019.10.03 14:20:48.542,1.0984,1.09843,1500000,940000
2019.10.03 14:20:48.694,1.0984,1.09843,1570000,1000000
2019.10.03 14:20:48.796,1.0984,1.09843,3000000,940000
2019.10.03 14:20:49.052,1.09841,1.09844,2620000,940000
2019.10.03 14:20:49.153,1.09842,1.09844,750000,940000
2019.10.03 14:20:49.725,1.09842,1.09846,3250000,1500000
2019.10.03 14:20:49.848,1.09842,1.09846,1690000,1690000
2019.10.03 14:20:49.949,1.09841,1.09845,1690000,560000
2019.10.03 14:20:50.996,1.09841,1.09843,750000,1690000
2019.10.03 14:20:51.097,1.0984,1.09844,2250000,1000000
2019.10.03 14:20:51.425,1.0984,1.09844,1690000,940000
2019.10.03 14:20:51.526,1.0984,1.09844,3190000,1750000
2019.10.03 14:20:51.725,1.09839,1.09842,500000,1750000
2019.10.03 14:20:51.778,1.09839,1.09844,6190000,1750000
2019.10.03 14:20:51.879,1.09841,1.09844,560000,1500000
2019.10.03 14:20:51.981,1.0984,1.09844,560000,1690000
2019.10.03 14:20:53.027,1.0984,1.09842,750000,1690000
2019.10.03 14:20:53.192,1.09838,1.0984,1500000,750000
2019.10.03 14:20:53.293,1.09837,1.0984,1000000,1500000
2019.10.03 14:20:53.394,1.09837,1.0984,1690000,2250000
2019.10.03 14:20:53.498,1.09835,1.09839,1500000,4850000
2019.10.03 14:20:53.703,1.09835,1.09839,4690000,1690000
2019.10.03 14:20:53.805,1.09835,1.09839,2500000,1190000
2019.10.03 14:20:53.907,1.09838,1.09841,2500000,750000
2019.10.03 14:20:54.060,1.09838,1.09841,2440000,1500000
2019.10.03 14:20:54.196,1.09839,1.09841,1690000,750000
2019.10.03 14:20:54.551,1.09838,1.09841,750000,1690000
2019.10.03 14:20:54.753,1.09839,1.09841,750000,750000
2019.10.03 14:20:54.971,1.09838,1.09841,750000,1690000
2019.10.03 14:20:55.174,1.09838,1.09842,1310000,1010000
2019.10.03 14:20:55.586,1.09837,1.09839,750000,4370000
2019.10.03 14:20:55.637,1.09836,1.09841,5250000,4820000
2019.10.03 14:20:55.739,1.09838,1.09841,3250000,750000
2019.10.03 14:20:55.999,1.09837,1.0984,4690000,750000
2019.10.03 14:20:56.152,1.09837,1.0984,940000,2500000
2019.10.03 14:20:56.255,1.09839,1.09841,1070000,750000
2019.10.03 14:20:56.356,1.09838,1.0984,750000,940000
2019.10.03 14:20:56.845,1.09836,1.09839,1500000,1690000
2019.10.03 14:20:56.946,1.09835,1.09838,750000,2500000
2019.10.03 14:20:57.089,1.09835,1.09838,1690000,750000
2019.10.03 14:20:57.192,1.09835,1.09838,940000,1750000
2019.10.03 14:20:57.797,1.09835,1.09838,1690000,750000
2019.10.03 14:20:58.853,1.09835,1.09839,3640000,3250000
2019.10.03 14:20:58.955,1.09837,1.0984,750000,560000
2019.10.03 14:20:59.107,1.09836,1.09841,1870000,5500000
2019.10.03 14:20:59.497,1.09839,1.09842,2060000,750000
2019.10.03 14:20:59.598,1.09839,1.09841,750000,1120000
2019.10.03 14:20:59.700,1.09838,1.09842,2060000,940000
2019.10.03 14:20:59.807,1.09838,1.09841,750000,940000
2019.10.03 14:21:00.067,1.09839,1.09843,4070000,2250000
2019.10.03 14:21:00.168,1.0984,1.09843,4310000,750000
2019.10.03 14:21:00.280,1.09841,1.09843,1500000,2500000
2019.10.03 14:21:00.331,1.09841,1.09845,940000,4070000
2019.10.03 14:21:00.433,1.09842,1.09844,750000,2120000
2019.10.03 14:21:00.534,1.09843,1.09845,940000,750000
2019.10.03 14:21:00.635,1.09841,1.09845,940000,4690000
2019.10.03 14:21:00.846,1.09842,1.09846,3320000,3000000
2019.10.03 14:21:00.947,1.09842,1.09846,940000,3940000
2019.10.03 14:21:01.099,1.09843,1.09846,750000,940000
2019.10.03 14:21:01.495,1.09843,1.09844,750000,750000
2019.10.03 14:21:01.546,1.09841,1.09844,2810000,500000
2019.10.03 14:21:01.647,1.09842,1.09845,1690000,750000
2019.10.03 14:21:01.783,1.0984,1.09845,3250000,5850000
2019.10.03 14:21:02.047,1.09841,1.09845,4310000,2250000
2019.10.03 14:21:02.217,1.09842,1.09844,750000,750000
2019.10.03 14:21:02.391,1.0984,1.09845,1690000,4000000
2019.10.03 14:21:02.559,1.09841,1.09844,750000,1690000
2019.10.03 14:21:03.147,1.09841,1.09845,1750000,2500000
2019.10.03 14:21:03.299,1.09841,1.09845,3190000,6190000
2019.10.03 14:21:04.865,1.09841,1.09844,750000,940000
2019.10.03 14:21:05.195,1.09841,1.09845,1010000,1690000
2019.10.03 14:21:06.376,1.09843,1.09845,940000,750000
2019.10.03 14:21:06.629,1.09842,1.09843,750000,750000
2019.10.03 14:21:06.757,1.0984,1.09843,2440000,3000000
2019.10.03 14:21:06.858,1.09838,1.09842,2620000,3620000
2019.10.03 14:21:06.959,1.09838,1.09842,2060000,3560000
2019.10.03 14:21:07.010,1.09839,1.09842,500000,1000000
2019.10.03 14:21:07.111,1.09838,1.09843,4500000,5120000
2019.10.03 14:21:07.216,1.09838,1.09843,6700000,5810000
2019.10.03 14:21:07.639,1.0984,1.09842,1310000,1500000
2019.10.03 14:21:07.740,1.09839,1.09843,1500000,4000000
2019.10.03 14:21:07.873,1.09839,1.09842,2250000,4370000
2019.10.03 14:21:07.975,1.09836,1.09837,750000,4010000
2019.10.03 14:21:08.027,1.09835,1.09837,1500000,2250000
2019.10.03 14:21:08.129,1.09835,1.09837,3750000,1750000
2019.10.03 14:21:08.242,1.09834,1.09836,2620000,1000000
2019.10.03 14:21:08.293,1.09833,1.09835,750000,1690000
2019.10.03 14:21:08.394,1.09833,1.09836,1500000,2060000
2019.10.03 14:21:08.495,1.09833,1.09836,940000,2870000
2019.10.03 14:21:08.597,1.09833,1.09835,750000,1000000
2019.10.03 14:21:08.707,1.09834,1.09836,1690000,940000
2019.10.03 14:21:08.808,1.09834,1.09837,1750000,750000
2019.10.03 14:21:08.910,1.09835,1.09838,1000000,2250000
2019.10.03 14:21:09.011,1.09836,1.09839,2120000,750000
2019.10.03 14:21:09.170,1.09835,1.09839,2060000,3190000
2019.10.03 14:21:09.372,1.09836,1.09839,2250000,1690000
2019.10.03 14:21:10.160,1.09836,1.0984,2810000,1690000
2019.10.03 14:21:10.262,1.09837,1.09839,750000,750000
2019.10.03 14:21:10.378,1.09837,1.0984,3560000,750000
2019.10.03 14:21:11.294,1.09837,1.09839,2440000,750000
2019.10.03 14:21:11.446,1.09835,1.09839,1690000,2810000
2019.10.03 14:21:11.593,1.09838,1.0984,940000,750000
2019.10.03 14:21:11.796,1.09837,1.0984,2440000,750000
2019.10.03 14:21:12.837,1.09838,1.09842,5390000,2440000
2019.10.03 14:21:12.939,1.09839,1.09842,940000,1000000
2019.10.03 14:21:13.087,1.09839,1.09841,750000,2500000
2019.10.03 14:21:13.188,1.09839,1.09841,750000,1500000
2019.10.03 14:21:13.340,1.09838,1.0984,750000,3560000
2019.10.03 14:21:13.441,1.09839,1.0984,750000,750000
2019.10.03 14:21:13.618,1.09838,1.0984,750000,3560000
2019.10.03 14:21:13.770,1.09839,1.0984,750000,750000
2019.10.03 14:21:13.821,1.09838,1.09842,1310000,4690000
2019.10.03 14:21:14.144,1.09839,1.09842,2060000,750000
2019.10.03 14:21:14.246,1.09838,1.09842,1310000,4690000
2019.10.03 14:21:14.825,1.09839,1.09842,2440000,750000
2019.10.03 14:21:14.927,1.09838,1.09842,1690000,3560000
2019.10.03 14:21:15.061,1.09839,1.09842,2440000,750000
2019.10.03 14:21:15.183,1.09839,1.09841,1500000,750000
2019.10.03 14:21:16.067,1.09837,1.09841,2440000,2810000
2019.10.03 14:21:16.168,1.09838,1.09841,2440000,750000
2019.10.03 14:21:16.529,1.09838,1.0984,3560000,750000
2019.10.03 14:21:16.630,1.09836,1.0984,4310000,2440000
2019.10.03 14:21:16.815,1.09836,1.0984,2870000,2250000
2019.10.03 14:21:17.856,1.09838,1.09841,3450000,750000
2019.10.03 14:21:18.015,1.09839,1.0984,1500000,750000
2019.10.03 14:21:18.116,1.09838,1.09839,940000,750000
2019.10.03 14:21:18.218,1.09836,1.09839,940000,2500000
2019.10.03 14:21:22.128,1.09836,1.09838,750000,500000
2019.10.03 14:21:22.256,1.09835,1.09838,940000,750000
2019.10.03 14:21:22.611,1.09834,1.09838,940000,2810000
2019.10.03 14:21:22.744,1.09835,1.09839,5500000,750000
2019.10.03 14:21:22.846,1.09834,1.09838,940000,5810000
2019.10.03 14:21:23.006,1.09834,1.09839,3940000,4370000
2019.10.03 14:21:23.108,1.09837,1.0984,6190000,2250000
2019.10.03 14:21:23.209,1.09836,1.0984,1690000,5590000
2019.10.03 14:21:23.311,1.09836,1.09839,750000,3940000
2019.10.03 14:21:23.478,1.09836,1.0984,2440000,2440000
2019.10.03 14:21:24.094,1.09836,1.09838,750000,3710000
2019.10.03 14:21:24.195,1.09836,1.0984,5320000,2440000
2019.10.03 14:21:24.297,1.09836,1.09838,750000,1690000
2019.10.03 14:21:24.449,1.09835,1.0984,2440000,5870000
2019.10.03 14:21:24.597,1.09836,1.09839,940000,1500000
2019.10.03 14:21:24.698,1.09835,1.09838,750000,5060000
2019.10.03 14:21:24.800,1.09834,1.09838,2810000,3260000
2019.10.03 14:21:26.757,1.09836,1.09838,1500000,940000
2019.10.03 14:21:26.960,1.09834,1.09838,940000,2810000
2019.10.03 14:21:27.936,1.09837,1.09839,1870000,1500000
2019.10.03 14:21:28.107,1.09838,1.09841,1000000,2250000
2019.10.03 14:21:28.209,1.09838,1.09842,1690000,2440000
2019.10.03 14:21:28.514,1.09839,1.09842,1690000,750000
2019.10.03 14:21:29.110,1.09839,1.09842,2500000,750000
2019.10.03 14:21:29.363,1.09838,1.09841,940000,3000000
2019.10.03 14:21:30.701,1.09839,1.09841,940000,940000
2019.10.03 14:21:30.752,1.09842,1.09843,640000,750000
2019.10.03 14:21:30.854,1.09842,1.09846,5200000,500000
2019.10.03 14:21:30.955,1.09843,1.09847,8200000,4120000
2019.10.03 14:21:31.213,1.09844,1.09847,2810000,750000
2019.10.03 14:21:31.314,1.09845,1.09848,750000,3190000
2019.10.03 14:21:31.365,1.09844,1.09845,750000,1870000
2019.10.03 14:21:31.416,1.09842,1.09846,1400000,7750000
2019.10.03 14:21:31.517,1.09842,1.09846,2500000,1870000
2019.10.03 14:21:33.330,1.09843,1.09846,2500000,750000
2019.10.03 14:21:33.760,1.09842,1.09845,2440000,750000
2019.10.03 14:21:33.861,1.09841,1.09844,2440000,3370000
2019.10.03 14:21:36.075,1.09842,1.09845,2810000,3000000
2019.10.03 14:21:36.176,1.09843,1.09845,750000,750000
2019.10.03 14:21:36.278,1.09844,1.09846,750000,750000
2019.10.03 14:21:36.397,1.09843,1.09845,1000000,1500000
2019.10.03 14:21:36.549,1.09843,1.09846,1000000,3000000
2019.10.03 14:21:36.650,1.09843,1.09846,1000000,3070000
2019.10.03 14:21:36.701,1.09843,1.09846,940000,3070000
2019.10.03 14:21:36.877,1.09844,1.09846,940000,750000
2019.10.03 14:21:37.541,1.09843,1.09846,940000,3070000
2019.10.03 14:21:38.393,1.09844,1.09846,940000,500000
2019.10.03 14:21:39.201,1.09844,1.09847,940000,3560000
2019.10.03 14:21:39.252,1.09846,1.09847,750000,750000
2019.10.03 14:21:39.391,1.09845,1.09849,5460000,3940000
2019.10.03 14:21:39.544,1.09846,1.09849,4330000,750000
2019.10.03 14:21:39.595,1.09848,1.0985,5080000,750000
2019.10.03 14:21:39.747,1.09849,1.09852,1750000,1500000
2019.10.03 14:21:39.853,1.0985,1.09852,1750000,750000
2019.10.03 14:21:39.958,1.09849,1.09852,1000000,1120000
2019.10.03 14:21:40.392,1.0985,1.09852,1000000,750000
2019.10.03 14:21:42.332,1.09853,1.09854,1120000,1120000
2019.10.03 14:21:42.383,1.09854,1.09856,1690000,750000
2019.10.03 14:21:42.599,1.09855,1.09857,1000000,750000
2019.10.03 14:21:43.199,1.09855,1.09859,3620000,4010000
2019.10.03 14:21:43.251,1.09855,1.09859,560000,3260000
2019.10.03 14:21:43.353,1.09855,1.09858,750000,940000
2019.10.03 14:21:43.406,1.09854,1.09856,1120000,2870000
2019.10.03 14:21:43.458,1.09852,1.09853,2250000,1500000
2019.10.03 14:21:43.533,1.09851,1.09853,1500000,750000
2019.10.03 14:21:43.585,1.09848,1.09849,750000,2890000
2019.10.03 14:21:43.636,1.09849,1.0985,4500000,1010000
2019.10.03 14:21:43.737,1.09847,1.0985,3000000,1000000
2019.10.03 14:21:43.838,1.09847,1.09849,1500000,1750000
2019.10.03 14:21:43.889,1.09846,1.09849,1000000,750000
2019.10.03 14:21:44.008,1.09846,1.09849,1750000,750000
2019.10.03 14:21:44.262,1.09847,1.09849,940000,750000
2019.10.03 14:21:44.467,1.09847,1.0985,1000000,3750000
2019.10.03 14:21:44.879,1.09846,1.09849,1000000,1500000
2019.10.03 14:21:44.981,1.09848,1.0985,3700000,750000
2019.10.03 14:21:45.032,1.09846,1.09849,1750000,500000
2019.10.03 14:21:45.133,1.09845,1.09849,1370000,3000000
2019.10.03 14:21:45.394,1.09845,1.09849,4370000,1120000
2019.10.03 14:21:45.496,1.09848,1.0985,3250000,750000
2019.10.03 14:21:45.598,1.09846,1.0985,1000000,2620000
2019.10.03 14:21:46.018,1.09849,1.09851,2870000,750000
2019.10.03 14:21:46.227,1.09849,1.09851,1000000,750000
2019.10.03 14:21:46.329,1.09848,1.09851,1000000,750000
2019.10.03 14:21:46.531,1.09848,1.09849,2250000,750000
2019.10.03 14:21:46.633,1.09847,1.09849,1000000,2250000
2019.10.03 14:21:46.909,1.09848,1.09851,750000,2250000
2019.10.03 14:21:47.061,1.09848,1.09852,4750000,1500000
2019.10.03 14:21:47.215,1.09849,1.09852,2500000,750000
2019.10.03 14:21:47.317,1.09848,1.09852,2120000,3000000
2019.10.03 14:21:47.673,1.09849,1.09852,2440000,2120000
2019.10.03 14:21:47.775,1.09849,1.09852,1000000,1120000
2019.10.03 14:21:49.622,1.09848,1.09852,3560000,820000
2019.10.03 14:21:50.027,1.09848,1.09852,4370000,5060000
2019.10.03 14:21:51.507,1.09852,1.09853,3190000,750000
2019.10.03 14:21:51.559,1.09853,1.09855,3620000,750000
2019.10.03 14:21:51.679,1.09855,1.09858,2960000,1500000
2019.10.03 14:21:51.730,1.09855,1.09858,1310000,750000
2019.10.03 14:21:51.831,1.09857,1.09859,2500000,750000
2019.10.03 14:21:52.371,1.09856,1.0986,2440000,4310000
2019.10.03 14:21:52.422,1.09859,1.09861,8120000,750000
2019.10.03 14:21:52.523,1.09858,1.0986,940000,1500000
2019.10.03 14:21:52.946,1.09859,1.09861,940000,750000
2019.10.03 14:21:53.048,1.09858,1.09861,560000,2620000
2019.10.03 14:21:53.297,1.09859,1.09862,2120000,750000
2019.10.03 14:21:53.550,1.09858,1.09862,2870000,2700000
2019.10.03 14:21:54.031,1.09858,1.09861,1000000,2810000
2019.10.03 14:21:54.824,1.09857,1.09859,500000,750000
2019.10.03 14:21:54.925,1.09858,1.09861,2870000,750000
2019.10.03 14:21:55.026,1.09857,1.09861,2120000,2620000
2019.10.03 14:21:55.128,1.09857,1.09861,1310000,2810000
2019.10.03 14:21:56.106,1.09859,1.09861,500000,2250000
2019.10.03 14:21:56.258,1.09859,1.09863,3000000,2250000
2019.10.03 14:21:56.621,1.09859,1.09862,750000,2620000
2019.10.03 14:21:57.087,1.0986,1.09862,750000,560000
2019.10.03 14:21:57.197,1.09861,1.09864,940000,500000
2019.10.03 14:21:57.298,1.09861,1.09863,750000,500000
2019.10.03 14:21:58.175,1.0986,1.09863,750000,940000
2019.10.03 14:21:58.302,1.09859,1.09864,3560000,6250000
2019.10.03 14:21:58.403,1.0986,1.09863,2320000,940000
2019.10.03 14:21:58.606,1.09859,1.09864,2440000,6250000
2019.10.03 14:21:58.767,1.0986,1.09863,3000000,940000
2019.10.03 14:21:58.970,1.0986,1.09862,940000,1500000
2019.10.03 14:21:59.071,1.09859,1.09863,2120000,4500000
2019.10.03 14:21:59.313,1.09859,1.09863,1000000,5500000
2019.10.03 14:22:00.441,1.0986,1.09862,1000000,1500000
2019.10.03 14:22:00.493,1.09862,1.09864,1010000,3000000
2019.10.03 14:22:00.595,1.09861,1.09864,940000,1500000
2019.10.03 14:22:00.884,1.09862,1.09865,1750000,750000
2019.10.03 14:22:00.935,1.09862,1.09865,940000,750000
2019.10.03 14:22:00.986,1.09861,1.09865,1750000,5440000
2019.10.03 14:22:01.037,1.09862,1.09865,940000,750000
2019.10.03 14:22:01.139,1.09864,1.09867,1750000,750000
2019.10.03 14:22:01.190,1.09863,1.09868,7450000,7820000
2019.10.03 14:22:01.312,1.09863,1.09866,1500000,1000000
2019.10.03 14:22:01.414,1.09863,1.09864,750000,750000
2019.10.03 14:22:01.465,1.09861,1.09864,1310000,3750000
2019.10.03 14:22:01.839,1.0986,1.09864,5440000,1690000
2019.10.03 14:22:02.423,1.09864,1.09865,640000,750000
2019.10.03 14:22:02.476,1.09865,1.09866,560000,1870000
2019.10.03 14:22:02.578,1.09865,1.09868,1310000,750000
2019.10.03 14:22:02.730,1.09867,1.0987,5870000,1500000
2019.10.03 14:22:03.067,1.09866,1.0987,1000000,6000000
2019.10.03 14:22:03.169,1.09866,1.09871,6460000,4010000
2019.10.03 14:22:03.287,1.09867,1.09871,2500000,2250000
2019.10.03 14:22:03.389,1.09866,1.09869,3940000,2250000
2019.10.03 14:22:03.806,1.09865,1.09868,940000,2250000
2019.10.03 14:22:03.924,1.09862,1.09865,1500000,6560000
2019.10.03 14:22:04.026,1.0986,1.09864,1690000,5060000
2019.10.03 14:22:04.077,1.0986,1.09864,3250000,2060000
2019.10.03 14:22:04.179,1.09861,1.09864,1750000,560000
2019.10.03 14:22:05.178,1.09859,1.09863,2440000,4310000
2019.10.03 14:22:05.279,1.09861,1.09863,2060000,750000
2019.10.03 14:22:05.579,1.09859,1.09863,4310000,3190000
2019.10.03 14:22:05.966,1.09859,1.09862,750000,2810000
2019.10.03 14:22:06.525,1.09858,1.09859,750000,500000
2019.10.03 14:22:06.576,1.09857,1.09859,1690000,1500000
2019.10.03 14:22:06.723,1.09859,1.09861,1000000,750000
2019.10.03 14:22:06.825,1.09859,1.09861,1000000,750000
2019.10.03 14:22:06.926,1.09859,1.09861,750000,750000
2019.10.03 14:22:07.246,1.09859,1.09863,2120000,1500000
2019.10.03 14:22:07.348,1.09859,1.09863,1750000,750000
2019.10.03 14:22:07.651,1.09858,1.09862,2500000,3000000
2019.10.03 14:22:08.362,1.09857,1.09859,750000,2810000
2019.10.03 14:22:08.517,1.09857,1.0986,2120000,3000000
2019.10.03 14:22:08.619,1.09856,1.0986,560000,3940000
2019.10.03 14:22:10.269,1.09857,1.09861,4820000,500000
2019.10.03 14:22:10.320,1.09859,1.09861,750000,500000
2019.10.03 14:22:10.422,1.09859,1.09862,1010000,500000
2019.10.03 14:22:10.574,1.09859,1.09861,940000,500000
2019.10.03 14:22:10.625,1.09857,1.09861,1310000,2810000
2019.10.03 14:22:10.726,1.09857,1.0986,750000,2810000
2019.10.03 14:22:10.852,1.09857,1.09862,8970000,5060000
2019.10.03 14:22:11.104,1.09858,1.09862,1750000,1120000
2019.10.03 14:22:11.547,1.09859,1.09863,7750000,940000
2019.10.03 14:22:12.595,1.09859,1.09862,940000,750000
2019.10.03 14:22:13.056,1.09859,1.09862,3250000,750000
2019.10.03 14:22:13.158,1.09857,1.09859,1500000,1000000
2019.10.03 14:22:13.260,1.09858,1.09861,2500000,820000
2019.10.03 14:22:13.634,1.09859,1.09862,4370000,750000
2019.10.03 14:22:13.736,1.0986,1.09861,940000,750000
2019.10.03 14:22:13.907,1.09859,1.09862,1000000,750000
2019.10.03 14:22:15.028,1.09858,1.09861,3940000,2250000
2019.10.03 14:22:15.296,1.09859,1.09861,3940000,750000
2019.10.03 14:22:15.788,1.09858,1.09861,3750000,5440000
2019.10.03 14:22:16.384,1.09859,1.09861,3750000,500000
2019.10.03 14:22:16.936,1.09859,1.09862,2440000,500000
2019.10.03 14:22:17.303,1.09859,1.09861,750000,1870000
2019.10.03 14:22:19.207,1.09858,1.09862,2810000,1500000
2019.10.03 14:22:19.460,1.09859,1.09861,750000,750000
2019.10.03 14:22:19.561,1.09858,1.09861,500000,1500000
2019.10.03 14:22:19.663,1.09858,1.09862,940000,2250000
2019.10.03 14:22:21.319,1.09859,1.09863,7000000,750000
2019.10.03 14:22:21.915,1.09862,1.09863,1500000,750000
2019.10.03 14:22:22.016,1.09861,1.09864,1690000,5250000
2019.10.03 14:22:22.118,1.0986,1.09862,750000,3570000
2019.10.03 14:22:22.242,1.0986,1.09863,2440000,2250000
2019.10.03 14:22:22.343,1.09859,1.09863,3190000,2060000
2019.10.03 14:22:22.444,1.0986,1.09863,2440000,750000
2019.10.03 14:22:22.546,1.09859,1.09863,3190000,560000
2019.10.03 14:22:22.647,1.09858,1.09862,560000,2890000
2019.10.03 14:22:23.025,1.09859,1.09862,560000,750000
2019.10.03 14:22:23.126,1.09858,1.09862,560000,2810000
2019.10.03 14:22:23.278,1.0986,1.09863,1000000,750000
2019.10.03 14:22:23.390,1.0986,1.09863,1500000,1690000
2019.10.03 14:22:23.750,1.09864,1.09865,1310000,750000
2019.10.03 14:22:23.852,1.09863,1.09866,750000,1310000
2019.10.03 14:22:24.993,1.09862,1.09864,1310000,500000
2019.10.03 14:22:25.095,1.09861,1.09863,500000,1120000
2019.10.03 14:22:25.216,1.09859,1.09863,1120000,3250000
2019.10.03 14:22:25.521,1.09859,1.09864,6190000,2500000
2019.10.03 14:22:25.630,1.09859,1.09863,750000,2500000
2019.10.03 14:22:25.878,1.0986,1.09864,6190000,1690000
2019.10.03 14:22:26.270,1.0986,1.09863,750000,1690000
2019.10.03 14:22:26.371,1.0986,1.09864,6560000,1690000
2019.10.03 14:22:26.557,1.0986,1.09863,820000,2440000
2019.10.03 14:22:26.776,1.0986,1.09864,4690000,3190000
2019.10.03 14:22:26.878,1.09861,1.09864,3190000,1500000
2019.10.03 14:22:26.980,1.0986,1.09862,750000,3000000
2019.10.03 14:22:27.425,1.09861,1.09862,1690000,750000
2019.10.03 14:22:28.033,1.09859,1.09862,1500000,560000
2019.10.03 14:22:28.243,1.09858,1.09862,1690000,6190000
2019.10.03 14:22:28.498,1.09859,1.09862,1690000,750000
2019.10.03 14:22:28.650,1.09858,1.09862,1690000,6560000
2019.10.03 14:22:29.158,1.09859,1.09862,1690000,500000
2019.10.03 14:22:29.361,1.09858,1.09863,2870000,6940000
2019.10.03 14:22:29.465,1.0986,1.09863,1690000,1000000
2019.10.03 14:22:29.566,1.09859,1.09862,940000,2870000
2019.10.03 14:22:29.899,1.09859,1.09864,4690000,2870000
2019.10.03 14:22:30.000,1.09862,1.09864,1690000,2250000
2019.10.03 14:22:30.102,1.09862,1.09866,1820000,2250000
2019.10.03 14:22:30.765,1.09862,1.09864,750000,1500000
2019.10.03 14:22:30.917,1.09862,1.09865,1310000,1500000
2019.10.03 14:22:30.968,1.0986,1.09865,5500000,4310000
2019.10.03 14:22:31.069,1.09862,1.09865,2440000,1500000
2019.10.03 14:22:31.171,1.09863,1.09866,1750000,750000
2019.10.03 14:22:31.755,1.09863,1.09867,3250000,1500000
2019.10.03 14:22:31.963,1.09863,1.09867,2250000,1690000
2019.10.03 14:22:32.069,1.09865,1.09866,750000,750000
2019.10.03 14:22:32.218,1.09864,1.09867,750000,750000
2019.10.03 14:22:32.375,1.09863,1.09867,750000,3260000
2019.10.03 14:22:32.627,1.09865,1.09867,750000,1500000
2019.10.03 14:22:32.678,1.09867,1.09869,1310000,1500000
2019.10.03 14:22:32.866,1.09868,1.09872,1750000,2250000
2019.10.03 14:22:32.968,1.0987,1.09872,1690000,750000
2019.10.03 14:22:33.384,1.09869,1.09871,940000,3000000
2019.10.03 14:22:34.111,1.09869,1.09873,2500000,3000000
2019.10.03 14:22:35.105,1.09869,1.09873,2500000,2250000
2019.10.03 14:22:35.207,1.09868,1.0987,940000,2960000
2019.10.03 14:22:35.347,1.09868,1.09871,940000,3710000
2019.10.03 14:22:35.706,1.09869,1.09871,2440000,750000
2019.10.03 14:22:36.294,1.09869,1.09872,1000000,750000
2019.10.03 14:22:36.345,1.09869,1.09872,940000,750000
2019.10.03 14:22:36.446,1.09868,1.09872,940000,2250000
2019.10.03 14:22:38.141,1.09868,1.0987,750000,2620000
2019.10.03 14:22:38.243,1.09867,1.09869,2500000,520000
2019.10.03 14:22:38.293,1.09865,1.09869,2810000,2510000
2019.10.03 14:22:38.445,1.09865,1.09868,750000,1690000
2019.10.03 14:22:38.547,1.09867,1.09869,1690000,750000
2019.10.03 14:22:38.650,1.09867,1.0987,4370000,1500000
2019.10.03 14:22:38.983,1.09867,1.0987,1690000,2250000
2019.10.03 14:22:39.652,1.09867,1.0987,2500000,1500000
2019.10.03 14:22:40.225,1.09867,1.0987,940000,1500000
2019.10.03 14:22:40.536,1.09867,1.09869,750000,1500000
2019.10.03 14:22:40.587,1.09865,1.09869,940000,6260000
2019.10.03 14:22:40.739,1.09865,1.09868,750000,1310000
2019.10.03 14:22:40.840,1.09865,1.09868,2120000,560000
2019.10.03 14:22:43.732,1.09865,1.09868,1310000,3370000
2019.10.03 14:22:43.833,1.09864,1.09867,1690000,3190000
2019.10.03 14:22:44.562,1.09867,1.09869,1940000,500000
2019.10.03 14:22:44.616,1.09867,1.09869,1500000,2250000
2019.10.03 14:22:44.717,1.09867,1.0987,940000,3150000
2019.10.03 14:22:44.819,1.09868,1.0987,1000000,750000
2019.10.03 14:22:44.920,1.09867,1.09871,2950000,5250000
2019.10.03 14:22:45.057,1.09869,1.09872,8870000,2250000
2019.10.03 14:22:45.365,1.09868,1.09871,2120000,4500000
2019.10.03 14:22:46.201,1.09867,1.09869,3000000,1650000
2019.10.03 14:22:46.303,1.09866,1.09868,940000,2250000
2019.10.03 14:22:46.407,1.09865,1.09869,4070000,3070000
2019.10.03 14:22:46.509,1.09865,1.09869,5060000,3940000
2019.10.03 14:22:46.615,1.09865,1.09869,5120000,3750000
2019.10.03 14:22:46.973,1.09866,1.09868,750000,2250000
2019.10.03 14:22:47.097,1.09866,1.09869,5060000,2250000
2019.10.03 14:22:47.422,1.09867,1.09869,1690000,2250000
2019.10.03 14:22:47.524,1.09866,1.09868,750000,2500000
2019.10.03 14:22:47.698,1.09865,1.09868,560000,2500000
2019.10.03 14:22:48.004,1.09867,1.0987,1080000,2250000
2019.10.03 14:22:48.105,1.09867,1.09871,7230000,2250000
2019.10.03 14:22:48.217,1.09868,1.09871,7230000,2250000
2019.10.03 14:22:48.361,1.09868,1.0987,560000,3000000
2019.10.03 14:22:48.463,1.09867,1.09869,6190000,2250000
2019.10.03 14:22:48.676,1.09866,1.09868,2440000,2250000
2019.10.03 14:22:48.821,1.09868,1.0987,3560000,2250000
2019.10.03 14:22:48.872,1.09867,1.09869,940000,3000000
2019.10.03 14:22:49.175,1.09868,1.09869,940000,2250000
2019.10.03 14:22:49.547,1.09866,1.09868,750000,4460000
2019.10.03 14:22:49.648,1.09864,1.09867,1500000,3190000
2019.10.03 14:22:49.894,1.09862,1.09863,750000,2250000
2019.10.03 14:22:49.995,1.09862,1.09864,5250000,2250000
2019.10.03 14:22:50.096,1.09861,1.09864,4500000,2440000
2019.10.03 14:22:50.501,1.09861,1.09865,8510000,2440000
2019.10.03 14:22:50.615,1.09863,1.09865,560000,2250000
2019.10.03 14:22:50.717,1.09862,1.09863,750000,2250000
2019.10.03 14:22:50.768,1.09863,1.09865,2440000,2250000
2019.10.03 14:22:50.869,1.09862,1.09864,750000,2250000
2019.10.03 14:22:50.920,1.09861,1.09864,2440000,2250000
2019.10.03 14:22:51.201,1.0986,1.09863,1120000,2440000
2019.10.03 14:22:51.355,1.0986,1.09862,1000000,2250000
2019.10.03 14:22:51.508,1.09859,1.09862,2950000,6940000
2019.10.03 14:22:51.616,1.0986,1.09861,940000,2250000
2019.10.03 14:22:51.921,1.09859,1.09862,3250000,3190000
2019.10.03 14:22:52.113,1.09859,1.0986,500000,2440000
2019.10.03 14:22:52.164,1.09857,1.09858,2810000,500000
2019.10.03 14:22:52.215,1.09856,1.09857,3750000,750000
2019.10.03 14:22:52.317,1.09855,1.09857,750000,3750000
2019.10.03 14:22:52.469,1.09855,1.09858,750000,4690000
2019.10.03 14:22:52.570,1.09855,1.09859,4760000,3940000
2019.10.03 14:22:52.811,1.09855,1.09858,750000,4690000
2019.10.03 14:22:52.912,1.09855,1.09859,4010000,4690000
2019.10.03 14:22:53.337,1.09857,1.09858,750000,2250000
2019.10.03 14:22:53.439,1.09856,1.09858,750000,1120000
2019.10.03 14:22:54.053,1.09856,1.09859,1690000,1120000
2019.10.03 14:22:54.154,1.09856,1.09858,750000,1120000
2019.10.03 14:22:54.407,1.09856,1.09859,1690000,3370000
2019.10.03 14:22:55.204,1.09856,1.09858,750000,3370000
2019.10.03 14:22:55.306,1.09857,1.09859,1690000,750000
2019.10.03 14:22:55.704,1.09857,1.09858,750000,750000
2019.10.03 14:22:55.805,1.09857,1.09859,1690000,750000
2019.10.03 14:22:55.913,1.09857,1.09858,750000,750000
2019.10.03 14:22:56.015,1.09857,1.0986,3250000,1500000
2019.10.03 14:22:56.161,1.09857,1.0986,940000,750000
2019.10.03 14:22:56.262,1.09856,1.09858,2500000,1200000
2019.10.03 14:22:56.364,1.09855,1.09858,1750000,3190000
2019.10.03 14:22:57.680,1.09856,1.0986,5570000,750000
2019.10.03 14:22:57.811,1.09857,1.0986,1000000,500000
2019.10.03 14:22:57.913,1.09856,1.09859,2500000,3190000
2019.10.03 14:22:58.065,1.09857,1.09859,1750000,750000
2019.10.03 14:22:58.285,1.09856,1.09859,1750000,5440000
2019.10.03 14:22:58.398,1.09857,1.0986,1000000,3000000
2019.10.03 14:22:58.551,1.09858,1.09862,4070000,750000
2019.10.03 14:22:58.871,1.09859,1.09862,1370000,750000
2019.10.03 14:22:58.972,1.09859,1.09862,1370000,750000
2019.10.03 14:22:59.158,1.09859,1.0986,750000,2250000
2019.10.03 14:22:59.259,1.09859,1.09862,1370000,1500000
2019.10.03 14:22:59.463,1.09858,1.09862,1370000,7200000
2019.10.03 14:22:59.564,1.09859,1.09862,1370000,1500000
2019.10.03 14:22:59.984,1.09861,1.09864,3190000,3000000
2019.10.03 14:23:00.086,1.09862,1.09865,940000,750000
2019.10.03 14:23:00.322,1.09861,1.09865,1690000,5060000
2019.10.03 14:23:00.423,1.09861,1.09864,750000,4310000
2019.10.03 14:23:00.582,1.09861,1.09864,3250000,3750000
2019.10.03 14:23:00.683,1.09861,1.09863,940000,940000
2019.10.03 14:23:00.945,1.09862,1.09865,6340000,1500000
2019.10.03 14:23:01.047,1.09861,1.09862,750000,2250000
2019.10.03 14:23:01.148,1.09861,1.09863,1690000,2250000
2019.10.03 14:23:01.304,1.0986,1.09862,1000000,4870000
2019.10.03 14:23:01.355,1.09856,1.09858,3000000,2510000
2019.10.03 14:23:01.506,1.09856,1.09859,2060000,2250000
2019.10.03 14:23:01.975,1.09856,1.09858,750000,1500000
2019.10.03 14:23:02.178,1.09856,1.09859,2810000,750000
2019.10.03 14:23:02.350,1.09859,1.0986,750000,750000
2019.10.03 14:23:02.401,1.09859,1.09862,940000,750000
2019.10.03 14:23:03.096,1.09858,1.09863,4370000,3190000
2019.10.03 14:23:03.719,1.09859,1.09862,940000,750000
2019.10.03 14:23:06.742,1.09859,1.0986,500000,750000
2019.10.03 14:23:06.894,1.09856,1.09858,940000,4600000
2019.10.03 14:23:06.996,1.09856,1.0986,560000,5810000
2019.10.03 14:23:07.359,1.09856,1.0986,2500000,3250000
2019.10.03 14:23:07.926,1.09856,1.09859,2060000,750000
2019.10.03 14:23:08.028,1.09857,1.09858,750000,750000
2019.10.03 14:23:08.078,1.09859,1.0986,1950000,750000
2019.10.03 14:23:08.180,1.09857,1.09861,1310000,4390000
2019.10.03 14:23:08.282,1.09857,1.09861,1390000,4370000
2019.10.03 14:23:09.649,1.09858,1.0986,500000,940000
2019.10.03 14:23:09.763,1.09859,1.09861,1120000,1500000
2019.10.03 14:23:09.864,1.09859,1.0986,1500000,750000
2019.10.03 14:23:09.965,1.09857,1.09859,750000,1000000
2019.10.03 14:23:10.067,1.09857,1.09861,3250000,1750000
2019.10.03 14:23:10.175,1.09858,1.09861,1310000,3000000
2019.10.03 14:23:10.377,1.09858,1.0986,2620000,750000
2019.10.03 14:23:10.479,1.09856,1.09859,500000,1750000
2019.10.03 14:23:10.621,1.09856,1.09858,500000,3190000
2019.10.03 14:23:11.090,1.09856,1.09859,500000,1690000
2019.10.03 14:23:12.106,1.09857,1.09859,1120000,1120000
2019.10.03 14:23:12.207,1.09858,1.0986,1120000,500000
2019.10.03 14:23:12.386,1.09858,1.09861,1120000,2620000
2019.10.03 14:23:13.208,1.09859,1.09861,1120000,750000
2019.10.03 14:23:13.984,1.09859,1.09862,2440000,750000
2019.10.03 14:23:14.084,1.09858,1.0986,750000,1310000
2019.10.03 14:23:15.091,1.09858,1.09861,2060000,2250000
2019.10.03 14:23:16.022,1.09858,1.09861,560000,3250000
2019.10.03 14:23:16.843,1.09858,1.09861,560000,2250000
2019.10.03 14:23:17.322,1.09858,1.09861,2120000,3000000
2019.10.03 14:23:17.546,1.09861,1.09862,640000,750000
2019.10.03 14:23:17.699,1.09862,1.09863,940000,750000
2019.10.03 14:23:17.800,1.09863,1.09864,940000,750000
2019.10.03 14:23:17.902,1.09863,1.09866,2060000,3250000
2019.10.03 14:23:18.003,1.09863,1.09865,1000000,2250000
2019.10.03 14:23:18.151,1.09862,1.09865,3620000,1690000
2019.10.03 14:23:18.744,1.09862,1.09863,940000,1120000
2019.10.03 14:23:18.952,1.09863,1.09865,1120000,1120000
2019.10.03 14:23:19.205,1.09863,1.09867,5570000,3000000
2019.10.03 14:23:19.256,1.09866,1.09867,1870000,750000
2019.10.03 14:23:19.459,1.09864,1.09866,1870000,1870000
2019.10.03 14:23:19.926,1.09863,1.09864,1870000,1120000
2019.10.03 14:23:20.037,1.09862,1.09864,1870000,500000
2019.10.03 14:23:20.138,1.09861,1.09862,500000,500000
2019.10.03 14:23:20.240,1.0986,1.09862,500000,1310000
2019.10.03 14:23:20.341,1.0986,1.09863,1120000,1310000
2019.10.03 14:23:20.484,1.09858,1.0986,500000,500000
2019.10.03 14:23:20.585,1.09858,1.09859,500000,1120000
2019.10.03 14:23:20.687,1.09857,1.09859,500000,2620000
2019.10.03 14:23:20.939,1.09856,1.09857,1120000,750000
2019.10.03 14:23:21.044,1.09855,1.09857,500000,500000
2019.10.03 14:23:21.961,1.09854,1.09857,750000,2440000
2019.10.03 14:23:23.726,1.09853,1.09854,1120000,2250000
2019.10.03 14:23:23.839,1.09854,1.09856,560000,750000
2019.10.03 14:23:23.991,1.09854,1.09857,4310000,2250000
2019.10.03 14:23:24.810,1.09854,1.09858,3190000,3190000
2019.10.03 14:23:25.253,1.09854,1.09857,500000,3190000
2019.10.03 14:23:25.557,1.09854,1.09858,3940000,3190000
2019.10.03 14:23:25.708,1.09854,1.09857,750000,6190000
2019.10.03 14:23:25.758,1.09857,1.09859,3640000,750000
2019.10.03 14:23:25.860,1.09858,1.09859,2440000,500000
2019.10.03 14:23:25.962,1.09856,1.09858,750000,3190000
2019.10.03 14:23:26.115,1.09856,1.09857,1120000,750000
2019.10.03 14:23:26.261,1.09854,1.09856,750000,6250000
2019.10.03 14:23:26.362,1.09857,1.09859,1000000,1500000
2019.10.03 14:23:26.464,1.09859,1.0986,560000,500000
2019.10.03 14:23:26.643,1.09858,1.0986,1120000,750000
2019.10.03 14:23:26.744,1.09857,1.0986,1120000,940000
2019.10.03 14:23:27.241,1.09858,1.0986,600000,500000
2019.10.03 14:23:27.626,1.09858,1.09861,2810000,500000
2019.10.03 14:23:28.039,1.09859,1.09862,2440000,500000
2019.10.03 14:23:29.053,1.09859,1.09861,750000,1120000
2019.10.03 14:23:29.432,1.09859,1.09862,3190000,1870000
2019.10.03 14:23:29.533,1.09859,1.09861,500000,1870000
2019.10.03 14:23:31.097,1.0986,1.09861,1310000,500000
2019.10.03 14:23:31.713,1.0986,1.09863,3750000,560000
2019.10.03 14:23:31.851,1.09861,1.09863,1120000,1500000
2019.10.03 14:23:31.902,1.09863,1.09865,940000,500000
2019.10.03 14:23:32.004,1.09862,1.09864,500000,500000
2019.10.03 14:23:32.257,1.09861,1.09862,940000,1120000
2019.10.03 14:23:32.458,1.09859,1.09863,2870000,2250000
2019.10.03 14:23:32.611,1.0986,1.09862,1310000,750000
2019.10.03 14:23:32.713,1.09859,1.09862,560000,2250000
2019.10.03 14:23:32.878,1.0986,1.09862,1310000,750000
2019.10.03 14:23:33.066,1.09859,1.09862,560000,2250000
2019.10.03 14:23:33.404,1.09861,1.09863,1950000,750000
2019.10.03 14:23:33.506,1.09862,1.09865,560000,3750000
2019.10.03 14:23:33.760,1.09863,1.09866,2200000,1500000
2019.10.03 14:23:33.862,1.09863,1.09866,500000,2810000
2019.10.03 14:23:34.639,1.09863,1.09867,3940000,3560000
2019.10.03 14:23:34.792,1.09863,1.09865,750000,1310000
2019.10.03 14:23:34.908,1.09861,1.09864,1870000,4820000
2019.10.03 14:23:35.009,1.09861,1.09862,500000,820000
2019.10.03 14:23:35.161,1.09859,1.09862,1120000,2870000
2019.10.03 14:23:35.271,1.09857,1.09858,500000,3000000
2019.10.03 14:23:35.378,1.09854,1.09857,1870000,2250000
2019.10.03 14:23:35.479,1.09854,1.09857,2620000,1000000
2019.10.03 14:23:35.583,1.09854,1.09856,750000,1750000
2019.10.03 14:23:35.684,1.09852,1.09856,1120000,7540000
2019.10.03 14:23:35.887,1.09852,1.09856,560000,4310000
2019.10.03 14:23:36.013,1.09853,1.09856,1310000,750000
2019.10.03 14:23:36.286,1.09853,1.09857,2620000,5440000
2019.10.03 14:23:36.387,1.09853,1.09856,500000,7690000
2019.10.03 14:23:37.412,1.09853,1.09857,2620000,6560000
2019.10.03 14:23:37.513,1.09853,1.09856,500000,5060000
2019.10.03 14:23:37.781,1.09853,1.09857,1870000,5060000
2019.10.03 14:23:38.093,1.09854,1.09856,2060000,500000
2019.10.03 14:23:38.145,1.09852,1.09853,500000,750000
2019.10.03 14:23:38.246,1.0985,1.09852,500000,3250000
2019.10.03 14:23:38.348,1.0985,1.09853,1310000,1000000
2019.10.03 14:23:38.632,1.0985,1.09853,500000,940000
2019.10.03 14:23:39.255,1.09849,1.0985,500000,1870000
2019.10.03 14:23:39.358,1.09846,1.09848,750000,940000
2019.10.03 14:23:39.460,1.09847,1.09849,1690000,750000
2019.10.03 14:23:39.613,1.09845,1.09849,560000,7310000
2019.10.03 14:23:39.763,1.09845,1.09849,500000,6250000
2019.10.03 14:23:39.821,1.09845,1.09849,560000,3190000
2019.10.03 14:23:40.024,1.09845,1.09848,750000,3940000
2019.10.03 14:23:40.279,1.09845,1.09848,1120000,5570000
2019.10.03 14:23:40.392,1.09845,1.09848,1120000,4690000
2019.10.03 14:23:41.023,1.09845,1.09849,1390000,2440000
2019.10.03 14:23:41.125,1.09845,1.09847,500000,2440000
2019.10.03 14:23:41.243,1.09845,1.09848,500000,1690000
2019.10.03 14:23:41.648,1.09845,1.09849,1310000,2440000
2019.10.03 14:23:41.772,1.09845,1.09848,500000,2440000
2019.10.03 14:23:41.874,1.09847,1.09849,500000,2500000
2019.10.03 14:23:41.975,1.09847,1.09849,1370000,750000
2019.10.03 14:23:42.077,1.09846,1.09849,2060000,2250000
2019.10.03 14:23:42.179,1.09847,1.09848,500000,750000
2019.10.03 14:23:42.290,1.09846,1.09849,2060000,2250000
2019.10.03 14:23:42.671,1.09847,1.0985,5960000,750000
2019.10.03 14:23:42.810,1.09847,1.09849,750000,2500000
2019.10.03 14:23:42.912,1.09847,1.09848,1120000,750000
2019.10.03 14:23:43.165,1.09848,1.09849,500000,750000
2019.10.03 14:23:43.315,1.09848,1.09852,1000000,2250000
2019.10.03 14:23:43.417,1.09848,1.09853,3620000,5440000
2019.10.03 14:23:43.620,1.09848,1.09851,940000,1500000
2019.10.03 14:23:43.721,1.09847,1.09852,5120000,5810000
2019.10.03 14:23:43.823,1.09848,1.09852,3560000,1690000
2019.10.03 14:23:43.920,1.09848,1.0985,500000,940000
2019.10.03 14:23:44.073,1.09847,1.09852,2060000,5870000
2019.10.03 14:23:44.125,1.0985,1.09852,940000,750000
2019.10.03 14:23:45.376,1.0985,1.09853,1120000,940000
2019.10.03 14:23:45.478,1.09851,1.09853,2620000,750000
2019.10.03 14:23:45.886,1.0985,1.09853,500000,2440000
2019.10.03 14:23:46.271,1.09851,1.09853,1120000,750000
2019.10.03 14:23:46.373,1.09852,1.09855,3100000,5440000
2019.10.03 14:23:46.474,1.09852,1.09855,1690000,3000000
2019.10.03 14:23:46.716,1.09852,1.09854,750000,2250000
2019.10.03 14:23:46.818,1.09852,1.09855,1690000,500000
2019.10.03 14:23:47.156,1.09853,1.09856,940000,750000
2019.10.03 14:23:47.257,1.09853,1.09857,2120000,1750000
2019.10.03 14:23:47.368,1.09853,1.09857,3250000,750000
2019.10.03 14:23:47.470,1.09853,1.09857,2060000,2810000
2019.10.03 14:23:47.571,1.09854,1.09857,2870000,1500000
2019.10.03 14:23:47.673,1.09854,1.09857,2810000,1500000
2019.10.03 14:23:47.776,1.09853,1.09857,2060000,2060000
2019.10.03 14:23:47.878,1.09852,1.09854,750000,5060000
2019.10.03 14:23:47.987,1.09851,1.09853,940000,940000
2019.10.03 14:23:48.775,1.09852,1.09856,1690000,2810000
2019.10.03 14:23:49.573,1.09853,1.09856,940000,750000
2019.10.03 14:23:49.767,1.09854,1.09857,3190000,750000
2019.10.03 14:23:50.121,1.09854,1.09857,750000,5500000
2019.10.03 14:23:50.223,1.09856,1.09858,750000,750000
2019.10.03 14:23:51.253,1.09857,1.0986,3700000,3000000
2019.10.03 14:23:51.355,1.09858,1.0986,940000,750000
2019.10.03 14:23:51.466,1.09858,1.0986,750000,1000000
2019.10.03 14:23:51.568,1.09857,1.09859,4120000,750000
2019.10.03 14:23:51.669,1.09857,1.09858,750000,500000
2019.10.03 14:23:51.945,1.09857,1.09859,7090000,500000
2019.10.03 14:23:52.060,1.09858,1.09861,2810000,500000
2019.10.03 14:23:52.161,1.09858,1.09861,3290000,500000
2019.10.03 14:23:52.263,1.09858,1.09861,2060000,500000
2019.10.03 14:23:52.364,1.09858,1.0986,750000,1120000
2019.10.03 14:23:52.465,1.09858,1.09861,560000,500000
2019.10.03 14:23:52.995,1.09858,1.09862,3560000,3940000
2019.10.03 14:23:53.097,1.09859,1.09862,2060000,750000
2019.10.03 14:23:53.260,1.09858,1.09862,1690000,3940000
2019.10.03 14:23:53.623,1.09859,1.09862,1310000,750000
2019.10.03 14:23:54.459,1.09858,1.09859,750000,1500000
2019.10.03 14:23:54.510,1.09856,1.09859,2440000,1870000
2019.10.03 14:23:55.119,1.09858,1.09859,1460000,750000
2019.10.03 14:23:55.220,1.09859,1.09861,1310000,500000
2019.10.03 14:23:55.321,1.09858,1.09859,750000,940000
2019.10.03 14:23:55.372,1.09857,1.09861,2120000,1870000
2019.10.03 14:23:55.457,1.09858,1.09861,560000,1370000
2019.10.03 14:23:55.558,1.09858,1.09862,4000000,1120000
2019.10.03 14:23:55.710,1.09858,1.09859,750000,500000
2019.10.03 14:23:55.811,1.09858,1.09861,2870000,500000
2019.10.03 14:23:55.952,1.09859,1.09861,750000,500000
2019.10.03 14:23:56.054,1.0986,1.09863,1200000,940000
2019.10.03 14:23:56.105,1.09861,1.09863,850000,1500000
2019.10.03 14:23:56.156,1.09863,1.09865,1870000,750000
2019.10.03 14:23:56.257,1.09863,1.09865,1000000,1500000
2019.10.03 14:23:56.375,1.09863,1.09866,1750000,1500000
2019.10.03 14:23:56.476,1.09863,1.09866,1690000,3000000
2019.10.03 14:23:58.476,1.09863,1.09867,1870000,2440000
2019.10.03 14:23:58.842,1.09863,1.09866,940000,1500000
2019.10.03 14:23:59.064,1.09863,1.09865,750000,2250000
2019.10.03 14:23:59.166,1.09863,1.09866,1690000,2250000
2019.10.03 14:23:59.318,1.09864,1.09866,1690000,750000
2019.10.03 14:23:59.821,1.09862,1.09863,1500000,750000
2019.10.03 14:23:59.872,1.09859,1.09861,1120000,8510000
2019.10.03 14:23:59.974,1.09857,1.0986,2250000,2120000
2019.10.03 14:24:00.086,1.09858,1.0986,2440000,1500000
2019.10.03 14:24:00.188,1.09858,1.0986,2500000,750000
2019.10.03 14:24:00.340,1.09857,1.09858,750000,1310000
2019.10.03 14:24:00.503,1.09856,1.09858,750000,1370000
2019.10.03 14:24:00.627,1.09856,1.09857,750000,1120000
2019.10.03 14:24:00.728,1.09856,1.09858,750000,2440000
2019.10.03 14:24:00.830,1.09858,1.0986,940000,3370000
2019.10.03 14:24:00.932,1.09859,1.0986,750000,500000
2019.10.03 14:24:01.044,1.09859,1.09862,940000,500000
2019.10.03 14:24:08.669,1.0986,1.09863,1750000,750000
2019.10.03 14:24:08.825,1.09862,1.09864,1000000,1120000
2019.10.03 14:24:08.927,1.09863,1.09865,2500000,500000
2019.10.03 14:24:09.028,1.09864,1.09865,940000,1500000
2019.10.03 14:24:09.079,1.09864,1.09866,940000,1500000
2019.10.03 14:24:09.595,1.09865,1.09868,3620000,750000
2019.10.03 14:24:09.881,1.09864,1.09867,1000000,1870000
2019.10.03 14:24:13.168,1.09864,1.09865,750000,1500000
2019.10.03 14:24:13.388,1.09864,1.09868,3620000,1120000
2019.10.03 14:24:18.845,1.09865,1.09868,1310000,750000
2019.10.03 14:24:18.953,1.09868,1.09869,2060000,750000
2019.10.03 14:24:19.055,1.09866,1.09868,940000,4540000
2019.10.03 14:24:19.207,1.09867,1.09869,1690000,750000
2019.10.03 14:24:19.309,1.09867,1.09869,1000000,2250000
2019.10.03 14:24:19.410,1.09867,1.09871,3620000,1500000
2019.10.03 14:24:19.701,1.09867,1.09869,750000,1500000
2019.10.03 14:24:20.731,1.09868,1.0987,1750000,750000
2019.10.03 14:24:20.832,1.09867,1.0987,1750000,3560000
2019.10.03 14:24:23.581,1.09868,1.0987,3250000,750000
2019.10.03 14:24:23.940,1.09868,1.09871,1370000,1870000
2019.10.03 14:24:24.041,1.09869,1.09871,560000,750000
2019.10.03 14:24:24.243,1.0987,1.09872,750000,2620000
2019.10.03 14:24:24.294,1.09872,1.09873,750000,750000
2019.10.03 14:24:24.446,1.09873,1.09875,1000000,1500000
2019.10.03 14:24:24.614,1.09874,1.09875,940000,750000
2019.10.03 14:24:24.928,1.09873,1.09875,1000000,2250000
2019.10.03 14:24:26.080,1.09872,1.09875,1000000,3190000
2019.10.03 14:24:26.234,1.09872,1.09873,750000,1500000
2019.10.03 14:24:26.335,1.09871,1.09874,1000000,3750000
2019.10.03 14:24:26.438,1.09872,1.09874,4750000,1870000
2019.10.03 14:24:27.424,1.09871,1.09874,2870000,2250000
2019.10.03 14:24:27.627,1.0987,1.09873,1750000,3750000
2019.10.03 14:24:27.930,1.0987,1.09873,2440000,4500000
2019.10.03 14:24:28.304,1.0987,1.09873,2500000,3750000
2019.10.03 14:24:28.456,1.0987,1.09873,2440000,4570000
2019.10.03 14:24:29.045,1.09871,1.09874,8500000,750000
2019.10.03 14:24:29.363,1.0987,1.09874,2120000,2250000
2019.10.03 14:24:29.717,1.09872,1.09874,1000000,750000
2019.10.03 14:24:30.003,1.09873,1.09875,2500000,750000
2019.10.03 14:24:30.436,1.09872,1.09874,940000,750000
2019.10.03 14:24:30.539,1.09871,1.09873,1000000,2250000
2019.10.03 14:24:30.691,1.09871,1.09873,940000,2250000
2019.10.03 14:24:30.793,1.0987,1.09874,4000000,1500000
2019.10.03 14:24:32.029,1.09871,1.09873,940000,750000
2019.10.03 14:24:33.483,1.09872,1.09874,1000000,1870000
2019.10.03 14:24:33.533,1.09872,1.09875,560000,1870000
2019.10.03 14:24:33.584,1.09874,1.09876,2810000,1500000
2019.10.03 14:24:33.685,1.09876,1.09877,500000,1650000
2019.10.03 14:24:33.853,1.09876,1.09877,940000,2250000
2019.10.03 14:24:34.005,1.09876,1.09878,940000,3750000
2019.10.03 14:24:34.221,1.09876,1.09879,1000000,3370000
2019.10.03 14:24:34.354,1.09876,1.0988,2870000,4120000
2019.10.03 14:24:34.457,1.09876,1.0988,1370000,3370000
2019.10.03 14:24:34.609,1.09876,1.0988,1370000,9750000
2019.10.03 14:24:34.661,1.09879,1.0988,940000,750000
2019.10.03 14:24:34.712,1.09878,1.09882,4000000,1500000
2019.10.03 14:24:35.567,1.09878,1.09881,1000000,3750000
2019.10.03 14:24:36.690,1.09879,1.09881,1750000,750000
2019.10.03 14:24:36.792,1.09878,1.09881,1750000,3000000
2019.10.03 14:24:37.738,1.09878,1.09881,940000,3750000
2019.10.03 14:24:37.839,1.09879,1.09883,2500000,750000
2019.10.03 14:24:38.093,1.0988,1.09883,1820000,500000
2019.10.03 14:24:38.361,1.09881,1.09884,5120000,750000
2019.10.03 14:24:39.906,1.0988,1.09883,750000,750000
2019.10.03 14:24:40.423,1.09882,1.09884,1370000,750000
2019.10.03 14:24:40.525,1.09881,1.09884,1750000,1500000
2019.10.03 14:24:41.025,1.09881,1.09884,5870000,750000
2019.10.03 14:24:41.127,1.0988,1.09884,2500000,1500000
2019.10.03 14:24:41.228,1.09881,1.09884,4370000,500000
2019.10.03 14:24:41.717,1.0988,1.09882,1000000,2250000
2019.10.03 14:24:41.972,1.09879,1.09882,1000000,3190000
2019.10.03 14:24:42.437,1.09882,1.09885,7610000,1500000
2019.10.03 14:24:42.488,1.09884,1.09885,7050000,1500000
2019.10.03 14:24:42.589,1.09885,1.09886,940000,1120000
2019.10.03 14:24:42.691,1.09885,1.09887,1000000,1120000
2019.10.03 14:24:43.386,1.09886,1.09889,1000000,500000
2019.10.03 14:24:43.488,1.09885,1.09889,940000,3940000
2019.10.03 14:24:43.539,1.09887,1.09889,940000,750000
2019.10.03 14:24:43.643,1.09887,1.09889,1750000,750000
2019.10.03 14:24:43.846,1.09886,1.09889,4750000,750000
2019.10.03 14:24:44.241,1.09887,1.09889,940000,750000
2019.10.03 14:24:44.894,1.09887,1.0989,560000,750000
2019.10.03 14:24:44.997,1.09889,1.09891,2870000,750000
2019.10.03 14:24:45.098,1.09888,1.09891,1370000,750000
2019.10.03 14:24:45.200,1.09889,1.09891,1370000,750000
2019.10.03 14:24:46.293,1.09886,1.09889,1690000,500000
2019.10.03 14:24:46.344,1.09886,1.09888,1000000,1120000
2019.10.03 14:24:47.276,1.09885,1.09888,1000000,2250000
2019.10.03 14:24:48.267,1.09885,1.09889,2500000,3000000
2019.10.03 14:24:48.368,1.09887,1.09889,1000000,1500000
2019.10.03 14:24:48.469,1.09888,1.0989,750000,1120000
2019.10.03 14:24:48.621,1.09889,1.09891,1000000,750000
2019.10.03 14:24:48.794,1.09888,1.09891,2500000,1690000
2019.10.03 14:24:49.269,1.09889,1.09891,1750000,750000
2019.10.03 14:24:49.421,1.09889,1.09892,4310000,750000
2019.10.03 14:24:50.081,1.09889,1.09891,750000,750000
2019.10.03 14:24:50.182,1.09889,1.09892,6940000,750000
2019.10.03 14:24:50.284,1.09889,1.09891,500000,750000
2019.10.03 14:24:50.526,1.09889,1.09892,4310000,750000
2019.10.03 14:24:51.147,1.09889,1.09891,750000,750000
2019.10.03 14:24:51.254,1.09889,1.09892,3940000,750000
2019.10.03 14:24:51.407,1.09888,1.0989,750000,2620000
2019.10.03 14:24:51.510,1.09888,1.09889,3190000,750000
2019.10.03 14:24:51.615,1.09887,1.09889,1000000,750000
2019.10.03 14:24:51.717,1.09886,1.09888,1000000,2620000
2019.10.03 14:24:51.824,1.09886,1.09888,1000000,750000
2019.10.03 14:24:54.632,1.09886,1.09889,3670000,3560000
2019.10.03 14:24:55.112,1.09887,1.09889,940000,500000
2019.10.03 14:24:55.315,1.09888,1.0989,1690000,750000
2019.10.03 14:24:55.462,1.09888,1.09891,560000,750000
2019.10.03 14:24:55.564,1.09889,1.09891,560000,750000
2019.10.03 14:24:55.666,1.09888,1.09891,2810000,1500000
2019.10.03 14:24:55.767,1.09889,1.09891,1310000,750000
2019.10.03 14:24:55.868,1.09889,1.0989,750000,750000
2019.10.03 14:24:56.086,1.09889,1.09891,2060000,750000
2019.10.03 14:24:56.239,1.09888,1.09891,560000,1500000
2019.10.03 14:24:56.651,1.0989,1.09891,560000,750000
2019.10.03 14:24:56.702,1.0989,1.09893,1500000,3940000
2019.10.03 14:24:57.005,1.0989,1.09893,1000000,750000
2019.10.03 14:24:57.460,1.09889,1.09893,1000000,2620000
2019.10.03 14:24:57.561,1.09891,1.09893,1000000,750000
2019.10.03 14:24:58.039,1.09889,1.09893,2500000,2620000
2019.10.03 14:24:58.140,1.09889,1.09893,1070000,1870000
2019.10.03 14:24:59.482,1.09889,1.0989,940000,1870000
2019.10.03 14:24:59.533,1.09887,1.0989,1690000,2320000
2019.10.03 14:24:59.634,1.09886,1.09889,750000,940000
2019.10.03 14:24:59.764,1.09886,1.09889,3250000,750000
2019.10.03 14:24:59.866,1.09885,1.09887,1000000,4120000
2019.10.03 14:24:59.917,1.09886,1.09889,5870000,750000
2019.10.03 14:25:00.019,1.09886,1.09888,1000000,750000
2019.10.03 14:25:00.171,1.09886,1.09888,940000,1500000
2019.10.03 14:25:00.801,1.09886,1.09888,1000000,750000
2019.10.03 14:25:00.903,1.09887,1.09888,1690000,1500000
2019.10.03 14:25:01.004,1.09886,1.0989,5420000,2250000
2019.10.03 14:25:01.353,1.09887,1.09888,750000,750000
2019.10.03 14:25:01.454,1.09887,1.0989,5120000,750000
2019.10.03 14:25:01.606,1.09887,1.09889,2500000,750000
2019.10.03 14:25:03.814,1.09889,1.09891,2870000,750000
2019.10.03 14:25:03.918,1.09889,1.09891,750000,1500000
2019.10.03 14:25:04.023,1.09888,1.09892,1750000,5250000
2019.10.03 14:25:04.228,1.09889,1.09892,1310000,1500000
2019.10.03 14:25:05.104,1.09891,1.09893,2440000,750000
2019.10.03 14:25:05.156,1.09893,1.09894,500000,1500000
2019.10.03 14:25:05.207,1.09893,1.09896,4310000,750000
2019.10.03 14:25:05.334,1.09893,1.09895,1000000,750000
2019.10.03 14:25:05.384,1.09894,1.09897,1370000,2250000
2019.10.03 14:25:05.486,1.09895,1.09897,1690000,1500000
2019.10.03 14:25:05.587,1.09895,1.09898,1120000,940000
2019.10.03 14:25:05.767,1.09896,1.09898,1120000,750000
2019.10.03 14:25:06.020,1.09896,1.09899,7180000,750000
2019.10.03 14:25:06.172,1.09896,1.09898,750000,750000
2019.10.03 14:25:06.307,1.09896,1.09899,6940000,750000
2019.10.03 14:25:06.409,1.09896,1.099,940000,6560000
2019.10.03 14:25:06.510,1.09896,1.09899,750000,4310000
2019.10.03 14:25:06.670,1.09896,1.099,1690000,4310000
2019.10.03 14:25:06.771,1.09897,1.099,940000,750000
2019.10.03 14:25:06.923,1.09899,1.09901,2570000,750000
2019.10.03 14:25:07.025,1.09898,1.09901,1390000,750000
2019.10.03 14:25:07.167,1.09899,1.09901,560000,750000
2019.10.03 14:25:07.372,1.09897,1.099,1000000,6190000
2019.10.03 14:25:09.298,1.09896,1.09898,940000,750000
2019.10.03 14:25:09.932,1.09895,1.09899,2570000,750000
2019.10.03 14:25:10.495,1.09896,1.09898,940000,750000
2019.10.03 14:25:10.652,1.09897,1.09898,750000,750000
2019.10.03 14:25:10.754,1.09896,1.09899,940000,7000000
2019.10.03 14:25:11.164,1.09896,1.09899,750000,6560000
2019.10.03 14:25:11.908,1.09895,1.09899,560000,3560000
2019.10.03 14:25:12.612,1.09896,1.099,3350000,3000000
2019.10.03 14:25:12.713,1.09896,1.099,1450000,3250000
2019.10.03 14:25:14.488,1.09896,1.099,3620000,1870000
2019.10.03 14:25:14.590,1.09896,1.099,2810000,3560000
2019.10.03 14:25:15.174,1.09898,1.09901,3560000,1500000
2019.10.03 14:25:15.421,1.09899,1.09901,2620000,750000
2019.10.03 14:25:15.522,1.09898,1.09901,2620000,1690000
2019.10.03 14:25:16.196,1.09898,1.099,750000,940000
2019.10.03 14:25:17.383,1.09899,1.099,750000,750000
2019.10.03 14:25:17.484,1.09898,1.09901,3000000,940000
2019.10.03 14:25:18.414,1.09898,1.099,750000,940000
2019.10.03 14:25:18.616,1.09899,1.099,750000,750000
2019.10.03 14:25:18.731,1.09898,1.099,750000,940000
2019.10.03 14:25:19.563,1.09899,1.099,750000,750000
2019.10.03 14:25:19.816,1.09898,1.099,750000,940000
2019.10.03 14:25:19.917,1.09899,1.099,750000,750000
2019.10.03 14:25:20.176,1.09898,1.099,2250000,940000
2019.10.03 14:25:21.647,1.09898,1.09899,750000,940000
2019.10.03 14:25:22.014,1.09897,1.09898,750000,750000
2019.10.03 14:25:22.116,1.09895,1.09899,2120000,2120000
2019.10.03 14:25:22.290,1.09897,1.099,2120000,2250000
2019.10.03 14:25:22.343,1.09898,1.099,2060000,1500000
2019.10.03 14:25:22.445,1.09899,1.099,2060000,750000
2019.10.03 14:25:22.845,1.09898,1.099,1120000,1500000
2019.10.03 14:25:23.459,1.09899,1.099,750000,750000
2019.10.03 14:25:23.578,1.09898,1.099,750000,1690000
2019.10.03 14:25:23.679,1.09899,1.09901,4120000,750000
2019.10.03 14:25:23.883,1.09898,1.09901,750000,3190000
2019.10.03 14:25:23.985,1.09899,1.09901,3000000,750000
2019.10.03 14:25:24.096,1.09898,1.099,2250000,750000
2019.10.03 14:25:24.198,1.09897,1.09899,750000,940000
2019.10.03 14:25:24.350,1.09896,1.09897,750000,820000
2019.10.03 14:25:24.552,1.09894,1.09897,750000,4370000
2019.10.03 14:25:25.247,1.09894,1.09897,3000000,2810000
2019.10.03 14:25:25.373,1.09894,1.09896,500000,560000
2019.10.03 14:25:25.424,1.09892,1.09893,500000,1690000
2019.10.03 14:25:25.475,1.0989,1.09892,750000,1000000
2019.10.03 14:25:25.577,1.09889,1.09892,750000,3560000
2019.10.03 14:25:25.779,1.0989,1.09892,750000,750000
2019.10.03 14:25:25.881,1.09889,1.09892,750000,2060000
2019.10.03 14:25:26.117,1.09889,1.09893,4500000,2870000
2019.10.03 14:25:26.219,1.09888,1.09891,500000,4310000
2019.10.03 14:25:26.886,1.09889,1.09891,2620000,1500000
2019.10.03 14:25:26.987,1.09888,1.09891,2620000,4120000
2019.10.03 14:25:27.261,1.09889,1.09891,3370000,1500000
2019.10.03 14:25:27.363,1.09888,1.09891,3370000,4120000
2019.10.03 14:25:27.980,1.09889,1.09891,3000000,750000
2019.10.03 14:25:28.189,1.09888,1.0989,500000,4120000
2019.10.03 14:25:28.328,1.09887,1.09888,3370000,1890000
2019.10.03 14:25:28.379,1.09885,1.09887,750000,1730000
2019.10.03 14:25:28.480,1.09884,1.09887,1500000,4360000
2019.10.03 14:25:28.632,1.09884,1.09886,940000,2800000
2019.10.03 14:25:28.765,1.09884,1.09886,1000000,1860000
2019.10.03 14:25:28.874,1.09884,1.09886,750000,1860000
2019.10.03 14:25:29.135,1.09886,1.09887,940000,2250000
2019.10.03 14:25:29.238,1.09886,1.09888,750000,2440000
2019.10.03 14:25:30.040,1.09887,1.09889,3000000,1000000
2019.10.03 14:25:30.091,1.09889,1.09893,3620000,2120000
2019.10.03 14:25:30.192,1.09889,1.09892,1500000,1750000
2019.10.03 14:25:30.344,1.0989,1.09892,2250000,1500000
2019.10.03 14:25:30.446,1.09889,1.09893,5440000,2440000
2019.10.03 14:25:30.596,1.0989,1.09893,5140000,750000
2019.10.03 14:25:30.908,1.09892,1.09894,3560000,2250000
2019.10.03 14:25:31.009,1.09891,1.09893,750000,2060000
2019.10.03 14:25:31.821,1.09891,1.09894,2250000,560000
2019.10.03 14:25:31.922,1.0989,1.09894,1310000,3260000
2019.10.03 14:25:32.075,1.0989,1.09893,500000,2440000
2019.10.03 14:25:32.177,1.09891,1.09894,2060000,750000
2019.10.03 14:25:32.327,1.0989,1.09894,2810000,2440000
2019.10.03 14:25:33.089,1.09892,1.09895,2440000,1500000
2019.10.03 14:25:33.192,1.09892,1.09894,750000,1500000
2019.10.03 14:25:33.295,1.09891,1.09893,750000,1690000
2019.10.03 14:25:33.660,1.09892,1.09893,750000,750000
2019.10.03 14:25:33.711,1.09892,1.09895,4010000,750000
2019.10.03 14:25:33.821,1.09892,1.09895,4370000,750000
2019.10.03 14:25:33.922,1.09891,1.09895,5200000,2440000
2019.10.03 14:25:34.025,1.09892,1.09895,3940000,750000
2019.10.03 14:25:34.126,1.09893,1.09897,4370000,1500000
2019.10.03 14:25:34.237,1.09894,1.09897,2870000,750000
2019.10.03 14:25:34.338,1.09893,1.09897,2870000,5250000
2019.10.03 14:25:34.439,1.09894,1.09897,1750000,750000
2019.10.03 14:25:34.541,1.09896,1.09899,750000,750000
2019.10.03 14:25:34.591,1.09896,1.09899,1370000,750000
2019.10.03 14:25:34.728,1.09896,1.09897,500000,940000
2019.10.03 14:25:34.779,1.09894,1.09897,560000,3370000
2019.10.03 14:25:34.931,1.09895,1.09898,1690000,1500000
2019.10.03 14:25:35.032,1.09895,1.09898,1370000,750000
2019.10.03 14:25:35.184,1.09894,1.09898,750000,4870000
2019.10.03 14:25:35.909,1.09896,1.09899,1690000,750000
2019.10.03 14:25:36.082,1.09895,1.09897,560000,750000
2019.10.03 14:25:36.638,1.09894,1.09898,750000,4690000
2019.10.03 14:25:36.740,1.09896,1.09899,500000,1690000
2019.10.03 14:25:36.841,1.09896,1.09898,940000,750000
2019.10.03 14:25:36.892,1.09894,1.09898,3940000,2440000
2019.10.03 14:25:37.045,1.09895,1.09898,5810000,750000
2019.10.03 14:25:37.242,1.09896,1.09899,2120000,2440000
2019.10.03 14:25:37.343,1.09897,1.09899,1120000,750000
2019.10.03 14:25:37.444,1.09896,1.09899,1120000,3190000
2019.10.03 14:25:37.623,1.09897,1.09899,1120000,750000
2019.10.03 14:25:37.730,1.09897,1.09901,6100000,1750000
2019.10.03 14:25:37.832,1.09899,1.099,750000,750000
2019.10.03 14:25:37.883,1.099,1.09902,1690000,3000000
2019.10.03 14:25:37.985,1.09899,1.09903,2810000,2890000
2019.10.03 14:25:38.036,1.09899,1.09901,1500000,1690000
2019.10.03 14:25:38.139,1.09898,1.09901,940000,1870000
2019.10.03 14:25:38.448,1.09898,1.09899,750000,1500000
2019.10.03 14:25:38.499,1.09896,1.09899,2250000,1390000
2019.10.03 14:25:38.600,1.09896,1.099,4390000,1690000
2019.10.03 14:25:38.701,1.09898,1.099,3370000,750000
2019.10.03 14:25:39.067,1.09897,1.099,3750000,3190000
2019.10.03 14:25:39.219,1.09897,1.099,3620000,940000
2019.10.03 14:25:39.320,1.09895,1.09899,940000,3940000
2019.10.03 14:25:39.570,1.09895,1.09897,750000,2440000
2019.10.03 14:25:39.722,1.09895,1.09897,750000,2120000
2019.10.03 14:25:39.773,1.09895,1.09899,2320000,3620000
2019.10.03 14:25:40.247,1.09894,1.09895,750000,1500000
2019.10.03 14:25:40.299,1.09891,1.09892,500000,2510000
2019.10.03 14:25:40.400,1.09889,1.0989,750000,3190000
2019.10.03 14:25:40.502,1.09887,1.09888,2250000,1120000
2019.10.03 14:25:40.603,1.09886,1.09888,2250000,940000
2019.10.03 14:25:40.759,1.09885,1.09886,750000,1500000
2019.10.03 14:25:40.860,1.09887,1.09889,750000,750000
2019.10.03 14:25:41.012,1.09888,1.0989,1750000,2250000
2019.10.03 14:25:41.114,1.09887,1.0989,1000000,2250000
2019.10.03 14:25:41.215,1.09886,1.09888,750000,1690000
2019.10.03 14:25:41.322,1.09886,1.09888,750000,1000000
2019.10.03 14:25:41.424,1.09886,1.09888,750000,750000
2019.10.03 14:25:41.525,1.09886,1.09888,1500000,750000
2019.10.03 14:25:41.576,1.09883,1.09886,1870000,750000
2019.10.03 14:25:41.627,1.09882,1.09886,2500000,2810000
2019.10.03 14:25:41.778,1.09881,1.09882,1870000,750000
2019.10.03 14:25:41.880,1.09881,1.09883,3940000,750000
2019.10.03 14:25:41.981,1.09881,1.09882,1120000,750000
2019.10.03 14:25:42.177,1.0988,1.09881,750000,940000
2019.10.03 14:25:42.291,1.09879,1.09881,750000,1000000
2019.10.03 14:25:42.342,1.09878,1.09881,940000,1870000
2019.10.03 14:25:42.443,1.09879,1.09881,940000,750000
2019.10.03 14:25:43.428,1.09878,1.09882,1310000,4120000
2019.10.03 14:25:43.579,1.09878,1.09881,750000,2440000
2019.10.03 14:25:43.680,1.09879,1.09881,750000,500000
2019.10.03 14:25:43.781,1.09878,1.09881,750000,4690000
2019.10.03 14:25:45.494,1.09879,1.09881,940000,1500000
2019.10.03 14:25:46.056,1.09877,1.09879,1500000,4690000
2019.10.03 14:25:46.158,1.09875,1.09876,750000,940000
2019.10.03 14:25:46.361,1.09874,1.09876,1500000,750000
2019.10.03 14:25:46.611,1.09872,1.09874,750000,2440000
2019.10.03 14:25:46.712,1.09873,1.09874,750000,500000
2019.10.03 14:25:46.915,1.09873,1.09875,560000,2440000
2019.10.03 14:25:47.046,1.09874,1.09875,560000,750000
2019.10.03 14:25:47.147,1.09873,1.09875,500000,1500000
2019.10.03 14:25:47.457,1.09869,1.0987,1120000,2890000
2019.10.03 14:25:47.569,1.09868,1.0987,3190000,1950000
2019.10.03 14:25:47.822,1.09868,1.09869,500000,750000
2019.10.03 14:25:47.923,1.09868,1.0987,1500000,750000
2019.10.03 14:25:48.074,1.09865,1.09867,2620000,1000000
2019.10.03 14:25:48.126,1.09867,1.09869,1870000,1690000
2019.10.03 14:25:48.278,1.09866,1.09869,1750000,5250000
2019.10.03 14:25:48.430,1.09867,1.09869,940000,1500000
2019.10.03 14:25:48.567,1.09867,1.09869,750000,1750000
2019.10.03 14:25:48.770,1.09867,1.09869,750000,2250000
2019.10.03 14:25:48.871,1.09867,1.09869,750000,2500000
2019.10.03 14:25:49.074,1.09868,1.0987,750000,940000
2019.10.03 14:25:49.178,1.09869,1.0987,750000,750000
2019.10.03 14:25:49.281,1.09867,1.0987,1500000,3260000
2019.10.03 14:25:49.533,1.09868,1.0987,1120000,750000
2019.10.03 14:25:50.257,1.09868,1.0987,750000,1000000
2019.10.03 14:25:50.459,1.09868,1.0987,750000,1690000
2019.10.03 14:25:50.686,1.09867,1.0987,2810000,2250000
2019.10.03 14:25:50.789,1.09868,1.0987,2810000,750000
2019.10.03 14:25:50.894,1.09868,1.0987,1500000,1000000
2019.10.03 14:25:50.996,1.09868,1.0987,750000,750000
2019.10.03 14:25:51.340,1.09867,1.0987,1500000,940000
2019.10.03 14:25:51.542,1.09867,1.0987,2320000,1750000
2019.10.03 14:25:51.654,1.09867,1.0987,2320000,1690000
2019.10.03 14:25:51.763,1.09867,1.0987,2250000,1750000
2019.10.03 14:25:51.908,1.09864,1.09865,500000,940000
2019.10.03 14:25:52.010,1.09862,1.09863,750000,940000
2019.10.03 14:25:52.120,1.09863,1.09865,2120000,750000
2019.10.03 14:25:52.222,1.09862,1.09865,1870000,1000000
2019.10.03 14:25:52.323,1.09862,1.09864,940000,940000
2019.10.03 14:25:52.466,1.09863,1.09865,1200000,940000
2019.10.03 14:25:52.567,1.09862,1.09864,750000,1750000
2019.10.03 14:25:52.820,1.09862,1.09865,1120000,1000000
2019.10.03 14:25:53.222,1.09864,1.09865,560000,750000
2019.10.03 14:25:53.324,1.09866,1.09868,500000,750000
2019.10.03 14:25:53.375,1.09865,1.09866,1500000,940000
2019.10.03 14:25:53.426,1.09863,1.09866,1500000,750000
2019.10.03 14:25:53.527,1.09863,1.09866,750000,560000
2019.10.03 14:25:54.561,1.09863,1.09865,750000,1690000
2019.10.03 14:25:54.763,1.09862,1.09863,750000,750000
2019.10.03 14:25:54.915,1.09862,1.09864,940000,750000
2019.10.03 14:25:55.016,1.09862,1.09865,1500000,940000
2019.10.03 14:25:55.220,1.09863,1.09865,1500000,750000
2019.10.03 14:25:55.687,1.09863,1.09866,2060000,750000
2019.10.03 14:25:56.694,1.09863,1.09867,3560000,940000
2019.10.03 14:25:56.795,1.09866,1.09867,1310000,750000
2019.10.03 14:25:56.926,1.09866,1.09868,750000,750000
2019.10.03 14:25:57.028,1.09867,1.09868,500000,750000
2019.10.03 14:25:57.129,1.09863,1.09867,1120000,1750000
2019.10.03 14:25:57.230,1.09863,1.09867,2440000,1690000
2019.10.03 14:25:57.483,1.09864,1.09866,500000,750000
2019.10.03 14:25:57.660,1.09862,1.09867,2810000,4000000
2019.10.03 14:25:57.762,1.09862,1.09865,750000,1750000
2019.10.03 14:25:57.863,1.09862,1.09865,750000,1690000
2019.10.03 14:25:58.016,1.09862,1.09865,750000,2500000
2019.10.03 14:25:58.405,1.09862,1.09865,750000,2440000
2019.10.03 14:25:58.658,1.09863,1.09865,750000,1500000
2019.10.03 14:25:58.781,1.09862,1.09865,750000,2440000
2019.10.03 14:25:58.884,1.09863,1.09865,750000,1500000
2019.10.03 14:25:58.985,1.09862,1.09865,820000,2440000
2019.10.03 14:25:59.796,1.09862,1.09865,750000,2500000
2019.10.03 14:26:00.411,1.09862,1.09866,1120000,1750000
2019.10.03 14:26:00.513,1.09865,1.09868,1310000,1120000
2019.10.03 14:26:00.626,1.09866,1.09868,500000,750000
2019.10.03 14:26:01.108,1.09866,1.09867,750000,750000
2019.10.03 14:26:01.210,1.09863,1.09867,2250000,8200000
2019.10.03 14:26:01.311,1.09866,1.09868,4120000,940000
2019.10.03 14:26:01.412,1.09864,1.09867,750000,1000000
2019.10.03 14:26:01.861,1.09864,1.09866,500000,1040000
2019.10.03 14:26:02.148,1.09863,1.09867,4690000,3670000
2019.10.03 14:26:02.756,1.09864,1.09865,1120000,940000
2019.10.03 14:26:02.807,1.09859,1.09861,1500000,500000
2019.10.03 14:26:03.009,1.09858,1.09861,4120000,750000
2019.10.03 14:26:03.332,1.09858,1.0986,750000,3190000
2019.10.03 14:26:03.535,1.09857,1.09861,4310000,4750000
2019.10.03 14:26:05.303,1.09859,1.09862,3640000,2250000
2019.10.03 14:26:05.354,1.09861,1.09864,750000,2250000
2019.10.03 14:26:05.456,1.09862,1.09864,940000,5440000
2019.10.03 14:26:05.558,1.09862,1.09865,1500000,2870000
2019.10.03 14:26:05.661,1.09863,1.09865,1500000,1000000
2019.10.03 14:26:06.589,1.09862,1.09864,4370000,1120000
2019.10.03 14:26:06.640,1.0986,1.09861,1500000,560000
2019.10.03 14:26:06.690,1.09857,1.0986,1500000,2870000
2019.10.03 14:26:06.792,1.09857,1.0986,3250000,1310000
2019.10.03 14:26:06.929,1.09856,1.0986,6190000,2440000
2019.10.03 14:26:07.030,1.09857,1.09859,750000,1500000
2019.10.03 14:26:07.131,1.09857,1.0986,5620000,1690000
2019.10.03 14:26:08.493,1.09856,1.0986,4190000,4690000
2019.10.03 14:26:08.746,1.09856,1.0986,2440000,6490000
2019.10.03 14:26:08.848,1.09855,1.09856,750000,2440000
2019.10.03 14:26:08.988,1.09853,1.09856,1690000,750000
2019.10.03 14:26:09.140,1.09854,1.09856,1690000,750000
2019.10.03 14:26:09.293,1.09853,1.09856,1690000,3750000
2019.10.03 14:26:10.297,1.09853,1.09855,750000,860000
2019.10.03 14:26:10.398,1.09852,1.09855,2440000,5250000
2019.10.03 14:26:10.499,1.09852,1.09855,1000000,3000000
2019.10.03 14:26:10.601,1.09852,1.09855,940000,1500000
2019.10.03 14:26:10.736,1.09853,1.09856,5500000,750000
2019.10.03 14:26:10.939,1.09852,1.09856,5500000,4500000
2019.10.03 14:26:11.154,1.09852,1.09856,5440000,3940000
2019.10.03 14:26:11.505,1.09853,1.09856,4690000,1500000
2019.10.03 14:26:11.556,1.09855,1.09856,940000,1500000
2019.10.03 14:26:11.606,1.09856,1.09859,2350000,2440000
2019.10.03 14:26:11.657,1.09857,1.0986,1690000,750000
2019.10.03 14:26:11.759,1.09858,1.0986,3000000,670000
2019.10.03 14:26:12.327,1.09857,1.0986,1500000,2360000
2019.10.03 14:26:12.477,1.09858,1.09861,940000,1420000
2019.10.03 14:26:12.528,1.09862,1.09863,1120000,750000
2019.10.03 14:26:12.629,1.09862,1.09864,4690000,750000
2019.10.03 14:26:12.882,1.09862,1.09863,750000,750000
2019.10.03 14:26:13.002,1.09861,1.09864,500000,5500000
2019.10.03 14:26:13.103,1.09862,1.09864,560000,750000
2019.10.03 14:26:13.221,1.09863,1.09866,2500000,750000
2019.10.03 14:26:13.474,1.09862,1.09866,3260000,2440000
2019.10.03 14:26:13.599,1.09863,1.09866,3260000,750000
2019.10.03 14:26:13.700,1.09862,1.09866,3260000,1690000
2019.10.03 14:26:13.801,1.09863,1.09866,2060000,1500000
2019.10.03 14:26:14.589,1.09864,1.09866,1310000,750000
2019.10.03 14:26:14.640,1.09867,1.09868,820000,1500000
2019.10.03 14:26:14.743,1.09865,1.09868,2440000,1500000
2019.10.03 14:26:14.963,1.09863,1.09866,940000,2500000
2019.10.03 14:26:15.065,1.09863,1.09866,1000000,1500000
2019.10.03 14:26:17.440,1.09864,1.09866,2500000,750000
2019.10.03 14:26:17.802,1.09861,1.09863,750000,3000000
2019.10.03 14:26:17.870,1.09862,1.09864,2620000,940000
2019.10.03 14:26:17.921,1.09859,1.0986,3750000,4950000
2019.10.03 14:26:18.034,1.09856,1.09858,750000,750000
2019.10.03 14:26:18.135,1.09855,1.09857,750000,750000
2019.10.03 14:26:18.353,1.09854,1.09856,500000,1000000
2019.10.03 14:26:18.405,1.09853,1.09855,1120000,750000
2019.10.03 14:26:18.459,1.09851,1.09853,1500000,19200001
2019.10.03 14:26:18.569,1.09849,1.09851,750000,3370000
2019.10.03 14:26:18.670,1.09848,1.0985,750000,2250000
2019.10.03 14:26:18.784,1.09851,1.09852,750000,1500000
2019.10.03 14:26:18.942,1.09852,1.09853,940000,750000
2019.10.03 14:26:19.043,1.09851,1.09853,750000,1500000
2019.10.03 14:26:19.153,1.09852,1.09853,750000,750000
2019.10.03 14:26:19.255,1.09851,1.09853,750000,64760002
2019.10.03 14:26:19.356,1.0986,1.09863,1870000,2500000
2019.10.03 14:26:19.465,1.0986,1.09862,27639999,3250000
2019.10.03 14:26:19.601,1.09861,1.09864,1500000,1000000
2019.10.03 14:26:19.799,1.09861,1.09863,750000,750000
2019.10.03 14:26:20.117,1.09861,1.09863,1000000,750000
2019.10.03 14:26:20.170,1.09863,1.09864,11890000,500000
2019.10.03 14:26:20.272,1.09864,1.09865,750000,750000
2019.10.03 14:26:20.483,1.09861,1.09863,560000,750000
2019.10.03 14:26:20.584,1.09859,1.09862,500000,2060000
2019.10.03 14:26:20.685,1.0986,1.09862,750000,1690000
2019.10.03 14:26:20.789,1.0986,1.09864,3940000,3940000
2019.10.03 14:26:20.840,1.09864,1.09865,750000,3750000
2019.10.03 14:26:20.941,1.09867,1.09869,11160000,750000
2019.10.03 14:26:21.059,1.09867,1.09868,500000,750000
2019.10.03 14:26:21.166,1.09867,1.09869,3370000,3000000
2019.10.03 14:26:21.272,1.09868,1.0987,1000000,750000
2019.10.03 14:26:21.527,1.09867,1.0987,1750000,2250000
2019.10.03 14:26:21.679,1.09867,1.0987,1000000,3000000
2019.10.03 14:26:21.941,1.09868,1.0987,2500000,750000
2019.10.03 14:26:22.043,1.09867,1.0987,1750000,750000
2019.10.03 14:26:22.144,1.09868,1.0987,1750000,2250000
2019.10.03 14:26:22.290,1.0987,1.09871,750000,2620000
2019.10.03 14:26:22.594,1.09872,1.09875,4450000,3000000
2019.10.03 14:26:22.756,1.09873,1.09875,1500000,3370000
2019.10.03 14:26:22.857,1.09874,1.09876,1500000,2620000
2019.10.03 14:26:22.958,1.09875,1.09876,1500000,750000
2019.10.03 14:26:23.120,1.09877,1.09878,1950000,750000
2019.10.03 14:26:23.222,1.09876,1.09879,750000,2250000
2019.10.03 14:26:23.324,1.09877,1.09879,1120000,940000
2019.10.03 14:26:23.437,1.09876,1.09878,750000,2250000
2019.10.03 14:26:23.539,1.09877,1.0988,5140000,1500000
2019.10.03 14:26:23.949,1.09877,1.09879,750000,1750000
2019.10.03 14:26:24.051,1.09877,1.09879,1690000,750000
2019.10.03 14:26:24.217,1.09877,1.09879,2500000,750000
2019.10.03 14:26:24.268,1.09875,1.09878,3940000,1870000
2019.10.03 14:26:24.370,1.09876,1.09878,940000,500000
2019.10.03 14:26:24.795,1.09877,1.09879,1690000,750000
2019.10.03 14:26:24.889,1.09876,1.09879,1750000,750000
2019.10.03 14:26:25.041,1.09875,1.09878,1000000,2620000
2019.10.03 14:26:25.193,1.09878,1.0988,750000,750000
2019.10.03 14:26:25.320,1.09882,1.09884,5890000,1500000
2019.10.03 14:26:25.422,1.09883,1.09886,750000,1120000
2019.10.03 14:26:25.525,1.09885,1.09886,750000,750000
2019.10.03 14:26:25.729,1.09885,1.09887,820000,750000
2019.10.03 14:26:25.881,1.09885,1.09887,1750000,750000
2019.10.03 14:26:25.982,1.09885,1.09887,1500000,750000
2019.10.03 14:26:26.224,1.09883,1.09885,1000000,2620000
2019.10.03 14:26:26.325,1.09881,1.09884,940000,3750000
2019.10.03 14:26:26.427,1.0988,1.09882,2440000,750000
2019.10.03 14:26:26.529,1.09879,1.09882,1000000,3750000
2019.10.03 14:26:26.737,1.0988,1.09882,1000000,750000
2019.10.03 14:26:26.839,1.09879,1.09881,1690000,940000
2019.10.03 14:26:26.996,1.09878,1.09882,2440000,6000000
2019.10.03 14:26:27.099,1.0988,1.09882,1690000,750000
2019.10.03 14:26:27.200,1.0988,1.09883,2500000,1500000
2019.10.03 14:26:27.301,1.09882,1.09884,750000,1500000
2019.10.03 14:26:27.352,1.09883,1.09884,520000,3750000
2019.10.03 14:26:27.454,1.09884,1.09885,580000,750000
2019.10.03 14:26:27.709,1.09884,1.09887,1690000,750000
2019.10.03 14:26:27.840,1.09884,1.09886,750000,1500000
2019.10.03 14:26:27.942,1.09884,1.09887,1310000,750000
2019.10.03 14:26:28.145,1.09885,1.09887,560000,750000
2019.10.03 14:26:28.350,1.09888,1.09892,3700000,750000
2019.10.03 14:26:28.455,1.09888,1.09892,1370000,2250000
2019.10.03 14:26:28.556,1.0989,1.09893,1150000,750000
2019.10.03 14:26:28.883,1.0989,1.09894,4000000,2250000
2019.10.03 14:26:29.040,1.09892,1.09893,1500000,750000
2019.10.03 14:26:29.091,1.09889,1.09891,750000,1870000
2019.10.03 14:26:29.344,1.09888,1.09891,1000000,5620000
2019.10.03 14:26:29.396,1.09889,1.09891,750000,3370000
2019.10.03 14:26:29.512,1.09889,1.09893,2870000,1500000
2019.10.03 14:26:30.074,1.09892,1.09893,940000,750000
2019.10.03 14:26:30.176,1.09893,1.09894,750000,750000
2019.10.03 14:26:30.342,1.09892,1.09895,750000,3190000
2019.10.03 14:26:30.544,1.09894,1.09896,940000,750000
2019.10.03 14:26:30.711,1.09895,1.09896,750000,750000
2019.10.03 14:26:30.767,1.09895,1.09898,3450000,750000
2019.10.03 14:26:30.868,1.09895,1.09896,750000,750000
2019.10.03 14:26:30.969,1.09895,1.09897,1120000,750000
2019.10.03 14:26:31.082,1.09895,1.09897,1370000,750000
2019.10.03 14:26:31.770,1.09894,1.09897,750000,2440000
2019.10.03 14:26:32.398,1.09893,1.09894,2250000,1310000
2019.10.03 14:26:32.449,1.09889,1.09891,750000,9260000
2019.10.03 14:26:32.550,1.09887,1.09888,750000,3640000
2019.10.03 14:26:32.601,1.09885,1.09889,750000,3000000
2019.10.03 14:26:32.721,1.09887,1.0989,3070000,1750000
2019.10.03 14:26:32.772,1.09886,1.09887,750000,750000
2019.10.03 14:26:32.875,1.09886,1.09887,750000,940000
2019.10.03 14:26:32.926,1.09884,1.09887,750000,2440000
2019.10.03 14:26:33.236,1.09884,1.09887,1000000,1690000
2019.10.03 14:26:33.648,1.09883,1.09884,750000,1500000
2019.10.03 14:26:33.750,1.09881,1.09882,750000,1690000
2019.10.03 14:26:33.935,1.09878,1.09882,940000,3940000
2019.10.03 14:26:34.037,1.09879,1.09882,1690000,750000
2019.10.03 14:26:34.138,1.09878,1.09882,940000,3750000
2019.10.03 14:26:34.276,1.09881,1.09883,2060000,750000
2019.10.03 14:26:34.377,1.09879,1.09882,750000,750000
2019.10.03 14:26:34.478,1.09879,1.0988,750000,560000
2019.10.03 14:26:34.580,1.09876,1.09877,750000,4500000
2019.10.03 14:26:34.720,1.09875,1.09879,1120000,3250000
2019.10.03 14:26:34.821,1.09874,1.09878,750000,2570000
2019.10.03 14:26:34.922,1.09874,1.09877,750000,1070000
2019.10.03 14:26:34.973,1.09873,1.09875,1500000,850000
2019.10.03 14:26:35.088,1.09872,1.09875,750000,750000
2019.10.03 14:26:35.190,1.09873,1.09876,1690000,1000000
2019.10.03 14:26:35.453,1.09873,1.09877,1750000,750000
2019.10.03 14:26:35.604,1.09872,1.09877,1750000,3000000
2019.10.03 14:26:35.834,1.09873,1.09877,1000000,1500000
2019.10.03 14:26:35.936,1.09873,1.09877,1000000,3320000
2019.10.03 14:26:36.089,1.09873,1.09877,1000000,3000000
2019.10.03 14:26:36.246,1.09873,1.09877,940000,4690000
2019.10.03 14:26:36.348,1.09872,1.09876,750000,4820000
2019.10.03 14:26:36.501,1.09872,1.09876,940000,7390000
2019.10.03 14:26:36.707,1.09873,1.09877,1760000,940000
2019.10.03 14:26:37.637,1.09871,1.09872,500000,3560000
2019.10.03 14:26:37.739,1.09867,1.09868,750000,940000
2019.10.03 14:26:37.983,1.09866,1.0987,1000000,4500000
2019.10.03 14:26:38.084,1.09866,1.0987,1450000,2870000
2019.10.03 14:26:39.000,1.09867,1.0987,940000,750000
2019.10.03 14:26:39.102,1.09867,1.0987,750000,1000000
2019.10.03 14:26:39.306,1.0987,1.09873,1500000,1690000
2019.10.03 14:26:39.459,1.09871,1.09874,1370000,560000
2019.10.03 14:26:39.561,1.0987,1.09872,750000,500000
2019.10.03 14:26:39.919,1.09869,1.09872,1500000,1310000
2019.10.03 14:26:40.021,1.0987,1.09872,750000,500000
2019.10.03 14:26:40.281,1.09872,1.09873,2250000,750000
2019.10.03 14:26:40.383,1.0987,1.09874,750000,6620000
2019.10.03 14:26:40.484,1.09873,1.09875,1750000,500000
2019.10.03 14:26:40.594,1.09873,1.09876,2060000,500000
2019.10.03 14:26:40.697,1.09874,1.09876,2440000,500000
2019.10.03 14:26:40.798,1.09873,1.09876,1000000,500000
2019.10.03 14:26:41.101,1.09874,1.09876,1820000,500000
2019.10.03 14:26:41.204,1.09873,1.09875,750000,500000
2019.10.03 14:26:41.542,1.09873,1.09875,2510000,500000
2019.10.03 14:26:41.593,1.09872,1.09873,1500000,500000
2019.10.03 14:26:41.694,1.0987,1.09872,1120000,500000
2019.10.03 14:26:41.907,1.09871,1.09872,1120000,500000
2019.10.03 14:26:42.008,1.0987,1.09872,500000,1120000
2019.10.03 14:26:42.110,1.0987,1.09873,2440000,500000
2019.10.03 14:26:42.275,1.0987,1.09872,750000,500000
2019.10.03 14:26:42.376,1.0987,1.09873,2510000,500000
2019.10.03 14:26:42.764,1.09871,1.09873,1500000,1120000
2019.10.03 14:26:43.017,1.0987,1.09873,2440000,1120000
2019.10.03 14:26:43.169,1.0987,1.09873,1000000,500000
2019.10.03 14:26:43.658,1.09871,1.09873,1000000,500000
2019.10.03 14:26:43.974,1.0987,1.09873,1000000,1120000
2019.10.03 14:26:44.484,1.0987,1.09872,940000,500000
2019.10.03 14:26:44.535,1.09869,1.09871,940000,500000
2019.10.03 14:26:44.687,1.09869,1.09872,4450000,500000
2019.10.03 14:26:44.825,1.0987,1.09872,3560000,500000
2019.10.03 14:26:44.927,1.09869,1.09872,3700000,500000
2019.10.03 14:26:45.130,1.0987,1.09872,1310000,500000
2019.10.03 14:26:45.283,1.09869,1.0987,750000,1120000
2019.10.03 14:26:45.334,1.09869,1.09872,2810000,500000
2019.10.03 14:26:45.540,1.0987,1.09872,2810000,500000
2019.10.03 14:26:45.650,1.09869,1.09872,2810000,500000
2019.10.03 14:26:45.782,1.0987,1.09871,750000,500000
2019.10.03 14:26:45.883,1.0987,1.09872,2890000,500000
2019.10.03 14:26:45.986,1.09871,1.09874,1000000,1500000
2019.10.03 14:26:46.037,1.09873,1.09875,2500000,500000
2019.10.03 14:26:46.177,1.09873,1.09875,1690000,500000
2019.10.03 14:26:46.228,1.09872,1.09874,940000,500000
2019.10.03 14:26:46.279,1.09873,1.09876,7450000,500000
2019.10.03 14:26:46.381,1.09874,1.09876,7370000,500000
2019.10.03 14:26:46.746,1.09873,1.09876,7370000,500000
2019.10.03 14:26:46.848,1.09874,1.09876,6620000,500000
2019.10.03 14:26:47.105,1.09874,1.09876,2060000,500000
2019.10.03 14:26:47.469,1.09874,1.09875,750000,500000
2019.10.03 14:26:47.870,1.09874,1.09876,1370000,500000
2019.10.03 14:26:47.972,1.09876,1.09878,4500000,1120000
2019.10.03 14:26:48.080,1.09876,1.09878,750000,2250000
2019.10.03 14:26:48.266,1.09875,1.09877,2500000,500000
2019.10.03 14:26:48.418,1.09876,1.09879,4760000,500000
2019.10.03 14:26:48.622,1.09877,1.09879,1000000,500000
2019.10.03 14:26:48.744,1.09878,1.0988,7070000,500000
2019.10.03 14:26:48.795,1.09878,1.0988,6190000,500000
2019.10.03 14:26:49.151,1.09877,1.09879,1690000,500000
2019.10.03 14:26:49.358,1.09876,1.09879,1690000,1120000
2019.10.03 14:26:49.509,1.09876,1.09878,750000,1870000
2019.10.03 14:26:49.611,1.09878,1.09879,940000,500000
2019.10.03 14:26:49.779,1.09879,1.09881,500000,500000
2019.10.03 14:26:49.881,1.09879,1.09881,2870000,500000
2019.10.03 14:26:50.033,1.09878,1.09881,2870000,500000
2019.10.03 14:26:50.349,1.09878,1.0988,750000,1120000
2019.10.03 14:26:50.451,1.09879,1.09881,1000000,1120000
2019.10.03 14:26:50.552,1.09879,1.09881,750000,1120000
2019.10.03 14:26:51.089,1.09878,1.0988,1000000,1120000
2019.10.03 14:26:51.140,1.09876,1.09878,2620000,2200000
2019.10.03 14:26:51.268,1.09874,1.09876,750000,940000
2019.10.03 14:26:51.370,1.09874,1.09877,2060000,1500000
2019.10.03 14:26:51.471,1.09874,1.09876,750000,1500000
2019.10.03 14:26:51.628,1.09874,1.09877,2060000,1500000
2019.10.03 14:26:51.779,1.09874,1.09877,1120000,2120000
2019.10.03 14:26:52.517,1.09878,1.09879,820000,500000
2019.10.03 14:26:52.618,1.09879,1.0988,1500000,750000
2019.10.03 14:26:52.669,1.09876,1.09879,2250000,2120000
2019.10.03 14:26:52.974,1.09877,1.09881,3700000,1120000
2019.10.03 14:26:53.075,1.09878,1.09881,3700000,750000
2019.10.03 14:26:53.501,1.09878,1.09881,2440000,1120000
2019.10.03 14:26:54.019,1.09876,1.0988,4750000,6070000
2019.10.03 14:26:54.121,1.09875,1.09878,940000,3370000
2019.10.03 14:26:54.273,1.09877,1.09878,750000,500000
2019.10.03 14:26:54.375,1.09876,1.09877,1500000,1500000
2019.10.03 14:26:54.426,1.09874,1.09878,5440000,2060000
2019.10.03 14:26:54.628,1.09874,1.09877,2620000,560000
2019.10.03 14:26:54.780,1.09874,1.09876,750000,500000
2019.10.03 14:26:54.881,1.09874,1.09877,1870000,560000
2019.10.03 14:26:55.145,1.09873,1.09876,1500000,4000000
2019.10.03 14:26:55.297,1.09873,1.09876,1010000,750000
2019.10.03 14:26:55.519,1.09873,1.09876,1750000,750000
2019.10.03 14:26:55.846,1.09873,1.09876,940000,2250000
2019.10.03 14:26:55.960,1.09875,1.09877,2500000,500000
2019.10.03 14:26:56.062,1.09876,1.09877,2250000,500000
2019.10.03 14:26:56.113,1.09874,1.09877,2250000,1310000
2019.10.03 14:26:56.164,1.09876,1.09878,500000,2060000
2019.10.03 14:26:56.266,1.09874,1.09878,1500000,5950000
2019.10.03 14:26:56.386,1.09876,1.09877,750000,1120000
2019.10.03 14:26:56.488,1.09875,1.09878,750000,1870000
2019.10.03 14:26:56.590,1.09875,1.09877,1500000,1410000
2019.10.03 14:26:56.691,1.09873,1.09877,3190000,3770000
2019.10.03 14:26:56.800,1.09873,1.09876,750000,2120000
2019.10.03 14:26:56.854,1.09871,1.09876,7120000,4000000
2019.10.03 14:26:56.956,1.09872,1.09876,5890000,940000
2019.10.03 14:26:57.057,1.09871,1.09873,4500000,750000
2019.10.03 14:26:57.159,1.0987,1.09872,750000,1000000
2019.10.03 14:26:57.299,1.09872,1.09873,820000,560000
2019.10.03 14:26:57.451,1.09871,1.09874,3250000,750000
2019.10.03 14:26:57.553,1.09873,1.09875,1000000,500000
2019.10.03 14:26:57.654,1.09873,1.09875,1000000,1120000
2019.10.03 14:26:57.772,1.09873,1.09876,2120000,1120000
2019.10.03 14:26:57.873,1.09871,1.09874,750000,3820000
2019.10.03 14:26:58.076,1.09872,1.09875,1690000,500000
2019.10.03 14:26:58.228,1.09873,1.09876,560000,500000
2019.10.03 14:26:58.565,1.09874,1.09877,850000,500000
2019.10.03 14:26:58.617,1.09876,1.09878,1470000,1500000
2019.10.03 14:26:58.668,1.09875,1.09878,940000,5620000
2019.10.03 14:26:58.775,1.09875,1.09878,1500000,2870000
2019.10.03 14:26:58.826,1.09875,1.09876,750000,750000
2019.10.03 14:26:59.320,1.09873,1.09876,940000,2060000
2019.10.03 14:26:59.473,1.09873,1.09875,1690000,500000
2019.10.03 14:26:59.524,1.09871,1.09873,1500000,1310000
2019.10.03 14:26:59.626,1.09872,1.09875,2810000,1120000
2019.10.03 14:26:59.740,1.09871,1.09875,4370000,750000
2019.10.03 14:27:00.262,1.09873,1.09875,500000,500000
2019.10.03 14:27:00.414,1.09872,1.09875,500000,1310000
2019.10.03 14:27:00.616,1.09873,1.09875,1120000,500000
2019.10.03 14:27:00.667,1.09871,1.09874,750000,2510000
2019.10.03 14:27:00.771,1.0987,1.09873,500000,1690000
2019.10.03 14:27:01.220,1.0987,1.09873,1000000,500000
2019.10.03 14:27:01.361,1.09869,1.09873,1000000,3370000
2019.10.03 14:27:02.533,1.09871,1.09873,640000,1500000
2019.10.03 14:27:02.635,1.09869,1.09872,750000,4000000
2019.10.03 14:27:02.685,1.09869,1.09872,750000,2440000
2019.10.03 14:27:02.737,1.09872,1.09874,1070000,1500000
2019.10.03 14:27:02.922,1.09872,1.09875,1000000,1870000
2019.10.03 14:27:03.074,1.09873,1.09876,2200000,750000
2019.10.03 14:27:03.175,1.09873,1.09877,2500000,1870000
2019.10.03 14:27:03.731,1.09872,1.09875,750000,6260000
2019.10.03 14:27:04.066,1.09873,1.09876,2500000,750000
2019.10.03 14:27:04.383,1.09872,1.09876,1000000,4690000
2019.10.03 14:27:04.670,1.09873,1.09877,1820000,1500000
2019.10.03 14:27:05.024,1.09873,1.09877,940000,1870000
2019.10.03 14:27:06.228,1.09872,1.09875,1500000,3820000
2019.10.03 14:27:06.329,1.09873,1.09877,1000000,1870000
2019.10.03 14:27:06.481,1.09873,1.09877,1010000,2620000
2019.10.03 14:27:07.010,1.09875,1.09877,940000,750000
2019.10.03 14:27:07.169,1.09876,1.09879,4070000,2620000
2019.10.03 14:27:07.222,1.09876,1.09879,750000,5120000
2019.10.03 14:27:07.324,1.09876,1.0988,940000,2060000
2019.10.03 14:27:07.544,1.09874,1.09878,1690000,6520000
2019.10.03 14:27:07.646,1.09873,1.09875,940000,750000
2019.10.03 14:27:07.776,1.0987,1.09875,3750000,4000000
2019.10.03 14:27:07.827,1.0987,1.09875,3320000,3560000
2019.10.03 14:27:07.878,1.0987,1.09875,4820000,5810000
2019.10.03 14:27:07.983,1.09871,1.09874,940000,750000
2019.10.03 14:27:08.851,1.09873,1.09876,890000,750000
2019.10.03 14:27:08.953,1.09872,1.09876,2500000,750000
2019.10.03 14:27:09.106,1.09872,1.09876,940000,1870000
2019.10.03 14:27:09.208,1.09872,1.09875,2320000,750000
2019.10.03 14:27:09.311,1.09872,1.09874,750000,750000
2019.10.03 14:27:09.413,1.09871,1.09874,750000,3190000
2019.10.03 14:27:09.515,1.09872,1.09874,1500000,750000
2019.10.03 14:27:09.617,1.09873,1.09874,940000,750000
2019.10.03 14:27:09.718,1.09872,1.09875,3320000,2250000
2019.10.03 14:27:09.850,1.09873,1.09874,940000,750000
2019.10.03 14:27:10.001,1.09872,1.09876,1820000,3000000
2019.10.03 14:27:10.103,1.09873,1.09876,1370000,750000
2019.10.03 14:27:10.585,1.09872,1.09875,2500000,1690000
2019.10.03 14:27:10.738,1.09872,1.09875,940000,1870000
2019.10.03 14:27:10.891,1.09873,1.09875,1690000,750000
2019.10.03 14:27:11.013,1.09871,1.09874,1000000,1520000
2019.10.03 14:27:11.115,1.09872,1.09874,1000000,1500000
2019.10.03 14:27:11.216,1.09872,1.09876,2120000,2250000
2019.10.03 14:27:11.487,1.09872,1.09873,750000,750000
2019.10.03 14:27:11.588,1.0987,1.09874,2320000,3000000
2019.10.03 14:27:12.422,1.09872,1.09874,1750000,750000
2019.10.03 14:27:12.573,1.09871,1.09874,1000000,2440000
2019.10.03 14:27:12.674,1.09872,1.09875,1000000,3750000
2019.10.03 14:27:12.775,1.09872,1.09875,750000,1000000
2019.10.03 14:27:12.877,1.09872,1.09875,940000,750000
2019.10.03 14:27:13.066,1.09871,1.09875,940000,3820000
2019.10.03 14:27:13.218,1.09872,1.09875,1690000,750000
2019.10.03 14:27:13.319,1.09871,1.09874,940000,1500000
2019.10.03 14:27:13.734,1.09872,1.09874,750000,1310000
2019.10.03 14:27:13.836,1.09873,1.09875,940000,750000
2019.10.03 14:27:13.937,1.09872,1.09874,750000,1500000
2019.10.03 14:27:14.122,1.09872,1.09875,1690000,1500000
2019.10.03 14:27:14.223,1.09872,1.09877,4000000,3470000
2019.10.03 14:27:14.376,1.09872,1.09876,2440000,3750000
2019.10.03 14:27:14.477,1.09873,1.09876,2810000,750000
2019.10.03 14:27:15.759,1.09874,1.09876,940000,750000
2019.10.03 14:27:15.869,1.09873,1.09876,940000,1500000
2019.10.03 14:27:16.022,1.09873,1.09875,1000000,750000
2019.10.03 14:27:16.124,1.09872,1.09875,1750000,750000
2019.10.03 14:27:16.371,1.09873,1.09876,2500000,750000
2019.10.03 14:27:16.473,1.09872,1.09876,1000000,3750000
2019.10.03 14:27:16.574,1.09873,1.09876,1000000,750000
2019.10.03 14:27:16.676,1.09873,1.09877,3700000,750000
2019.10.03 14:27:16.789,1.09872,1.09877,2950000,4200000
2019.10.03 14:27:16.949,1.09871,1.09876,4370000,5140000
2019.10.03 14:27:17.051,1.09872,1.09876,2500000,2250000
2019.10.03 14:27:17.153,1.09873,1.09876,1750000,750000
2019.10.03 14:27:17.689,1.09873,1.09877,2120000,1500000
2019.10.03 14:27:19.430,1.09873,1.09877,4000000,2250000
2019.10.03 14:27:19.532,1.09872,1.09877,2500000,4310000
2019.10.03 14:27:19.838,1.09873,1.09876,940000,750000
2019.10.03 14:27:20.040,1.09872,1.09876,940000,6560000
2019.10.03 14:27:20.141,1.09873,1.09876,940000,1120000
2019.10.03 14:27:20.275,1.09873,1.09876,1070000,500000
2019.10.03 14:27:20.442,1.09873,1.09876,2570000,500000
2019.10.03 14:27:20.870,1.09872,1.09873,750000,2060000
2019.10.03 14:27:20.972,1.09869,1.09872,1570000,2120000
2019.10.03 14:27:21.081,1.09869,1.09871,750000,1750000
2019.10.03 14:27:21.183,1.09866,1.09868,1500000,5270000
2019.10.03 14:27:21.234,1.09864,1.09867,2250000,2060000
2019.10.03 14:27:21.337,1.09862,1.09866,1500000,2510000
2019.10.03 14:27:21.389,1.09861,1.09863,1500000,7410000
2019.10.03 14:27:21.509,1.09859,1.09861,750000,3370000
2019.10.03 14:27:21.611,1.0986,1.09862,2250000,940000
2019.10.03 14:27:21.712,1.09858,1.09861,750000,1750000
2019.10.03 14:27:21.763,1.09858,1.09861,750000,2440000
2019.10.03 14:27:21.935,1.09856,1.0986,1500000,2310000
2019.10.03 14:27:22.137,1.09856,1.09859,750000,3000000
2019.10.03 14:27:22.239,1.09854,1.09858,2250000,3060000
2019.10.03 14:27:22.381,1.09853,1.09856,2250000,1820000
2019.10.03 14:27:22.483,1.0985,1.09854,4120000,3000000
2019.10.03 14:27:22.585,1.09851,1.09853,750000,750000
2019.10.03 14:27:22.773,1.0985,1.09854,1500000,2500000
2019.10.03 14:27:22.875,1.0985,1.09854,3250000,2500000
2019.10.03 14:27:23.027,1.0985,1.09854,5620000,2620000
2019.10.03 14:27:23.470,1.0985,1.09853,1000000,1690000
2019.10.03 14:27:24.418,1.09852,1.09856,4010000,1690000
2019.10.03 14:27:24.520,1.09853,1.09856,1690000,750000
2019.10.03 14:27:25.107,1.09854,1.09856,940000,750000
2019.10.03 14:27:25.208,1.09856,1.09859,4750000,750000
2019.10.03 14:27:25.341,1.09854,1.09857,1500000,4000000
2019.10.03 14:27:25.442,1.09854,1.09857,1950000,3750000
2019.10.03 14:27:25.695,1.09855,1.09857,940000,1500000
2019.10.03 14:27:25.827,1.09853,1.09857,750000,4690000
2019.10.03 14:27:25.928,1.09854,1.09857,2250000,3750000
2019.10.03 14:27:26.468,1.09854,1.09856,1500000,3750000
2019.10.03 14:27:26.624,1.09851,1.09855,3560000,8060000
2019.10.03 14:27:26.677,1.09851,1.09853,750000,4690000
2019.10.03 14:27:27.303,1.09851,1.09852,750000,3750000
2019.10.03 14:27:27.452,1.09848,1.09849,1120000,2060000
2019.10.03 14:27:27.506,1.09846,1.09847,750000,750000
2019.10.03 14:27:27.557,1.09844,1.09847,750000,1200000
2019.10.03 14:27:27.707,1.09845,1.09847,1500000,750000
2019.10.03 14:27:27.810,1.09844,1.09846,940000,500000
2019.10.03 14:27:28.268,1.09846,1.09847,1010000,750000
2019.10.03 14:27:28.738,1.09844,1.09846,940000,1120000
2019.10.03 14:27:28.839,1.09843,1.09846,1120000,1750000
2019.10.03 14:27:29.049,1.09844,1.09846,750000,940000
2019.10.03 14:27:29.151,1.09843,1.09847,750000,8620000
2019.10.03 14:27:29.253,1.09844,1.09847,750000,750000
2019.10.03 14:27:29.401,1.09845,1.09847,750000,1500000
2019.10.03 14:27:29.503,1.09846,1.0985,2500000,1870000
2019.10.03 14:27:29.655,1.09846,1.09849,1000000,1870000
2019.10.03 14:27:29.707,1.09848,1.0985,1000000,500000
2019.10.03 14:27:29.793,1.09851,1.09852,750000,750000
2019.10.03 14:27:29.844,1.09851,1.09853,750000,750000
2019.10.03 14:27:29.945,1.0985,1.09853,500000,1310000
2019.10.03 14:27:30.047,1.09851,1.09855,4750000,2810000
2019.10.03 14:27:30.208,1.0985,1.09854,1690000,6560000
2019.10.03 14:27:30.309,1.0985,1.09854,1500000,6620000
2019.10.03 14:27:30.411,1.09852,1.09854,1220000,750000
2019.10.03 14:27:30.546,1.09852,1.09855,3250000,500000
2019.10.03 14:27:30.650,1.09853,1.09855,1000000,750000
2019.10.03 14:27:31.118,1.09853,1.09857,2970000,1870000
2019.10.03 14:27:31.219,1.09855,1.09857,1750000,750000
2019.10.03 14:27:31.321,1.09854,1.09857,1000000,500000
2019.10.03 14:27:31.450,1.09854,1.09857,1820000,500000
2019.10.03 14:27:31.551,1.09854,1.09857,1070000,500000
2019.10.03 14:27:31.954,1.09851,1.09853,750000,500000
2019.10.03 14:27:32.106,1.0985,1.09853,940000,4500000
2019.10.03 14:27:32.208,1.09853,1.09854,940000,750000
2019.10.03 14:27:32.325,1.09852,1.09855,1000000,1310000
2019.10.03 14:27:32.427,1.09851,1.09854,1750000,1310000
2019.10.03 14:27:32.631,1.09851,1.09854,1690000,500000
2019.10.03 14:27:32.840,1.09852,1.09855,1690000,2250000
2019.10.03 14:27:32.941,1.09852,1.09854,750000,500000
2019.10.03 14:27:33.042,1.09851,1.09854,750000,5810000
2019.10.03 14:27:33.145,1.09851,1.09855,1760000,5810000
2019.10.03 14:27:33.718,1.09853,1.09855,940000,750000
2019.10.03 14:27:33.819,1.09853,1.09855,1750000,750000
2019.10.03 14:27:33.922,1.09853,1.09855,750000,940000
2019.10.03 14:27:34.075,1.09852,1.09855,940000,2620000
2019.10.03 14:27:34.214,1.09851,1.09853,940000,940000
2019.10.03 14:27:34.416,1.09851,1.09854,4070000,750000
2019.10.03 14:27:34.808,1.09849,1.09853,1750000,500000
2019.10.03 14:27:35.121,1.09847,1.0985,750000,4690000
2019.10.03 14:27:35.222,1.09849,1.09851,2370000,3190000
2019.10.03 14:27:35.274,1.09847,1.09849,1500000,1370000
2019.10.03 14:27:35.375,1.09845,1.09849,4010000,3560000
2019.10.03 14:27:35.516,1.09845,1.09848,750000,3190000
2019.10.03 14:27:35.567,1.09844,1.09847,1570000,1750000
2019.10.03 14:27:35.618,1.09844,1.09847,2320000,940000
2019.10.03 14:27:35.719,1.09844,1.09846,940000,750000
2019.10.03 14:27:35.820,1.09843,1.09847,1000000,4870000
2019.10.03 14:27:35.968,1.09843,1.09847,1000000,4370000
2019.10.03 14:27:37.114,1.09843,1.09847,940000,7210000
2019.10.03 14:27:37.961,1.09844,1.09848,2500000,3750000
2019.10.03 14:27:38.423,1.09844,1.09846,750000,4500000
2019.10.03 14:27:38.474,1.09842,1.09844,3000000,1110000
2019.10.03 14:27:38.636,1.09842,1.09843,750000,940000
2019.10.03 14:27:38.690,1.09846,1.09848,1750000,3750000
2019.10.03 14:27:38.775,1.09845,1.09847,1000000,750000
2019.10.03 14:27:38.826,1.09845,1.09848,2250000,1500000
2019.10.03 14:27:38.931,1.09844,1.09845,1500000,750000
2019.10.03 14:27:38.983,1.09843,1.09844,940000,750000
2019.10.03 14:27:39.146,1.09843,1.09845,1120000,940000
2019.10.03 14:27:39.197,1.09841,1.09844,2250000,2250000
2019.10.03 14:27:39.299,1.0984,1.09844,750000,6620000
2019.10.03 14:27:39.351,1.0984,1.09844,1750000,6370000
2019.10.03 14:27:39.453,1.0984,1.09844,940000,7370000
2019.10.03 14:27:39.558,1.0984,1.09843,1000000,8060000
2019.10.03 14:27:39.659,1.09841,1.09843,1000000,1500000
2019.10.03 14:27:39.761,1.0984,1.09843,1000000,5060000
2019.10.03 14:27:40.581,1.09841,1.09843,1000000,1500000
2019.10.03 14:27:40.823,1.09841,1.09844,940000,2620000
2019.10.03 14:27:40.927,1.09842,1.09845,3250000,1500000
2019.10.03 14:27:41.294,1.09841,1.09843,1000000,1120000
2019.10.03 14:27:41.446,1.09843,1.09844,500000,750000
2019.10.03 14:27:41.547,1.09843,1.09845,2440000,750000
2019.10.03 14:27:41.649,1.09846,1.09847,640000,750000
2019.10.03 14:27:41.780,1.09844,1.09848,750000,1000000
2019.10.03 14:27:41.889,1.09843,1.09847,1570000,4750000
2019.10.03 14:27:41.940,1.09843,1.09846,1000000,4690000
2019.10.03 14:27:42.042,1.09842,1.09844,1500000,940000
2019.10.03 14:27:42.178,1.09842,1.09843,750000,750000
2019.10.03 14:27:42.228,1.0984,1.09843,500000,6190000
2019.10.03 14:27:42.330,1.09841,1.09843,2250000,750000
2019.10.03 14:27:42.386,1.09839,1.09841,750000,2060000
2019.10.03 14:27:42.488,1.09838,1.09841,1120000,6190000
2019.10.03 14:27:42.590,1.09839,1.09841,500000,940000
2019.10.03 14:27:42.691,1.09839,1.09842,1200000,940000
2019.10.03 14:27:42.899,1.09837,1.09838,750000,1390000
2019.10.03 14:27:42.950,1.09833,1.09835,500000,3070000
2019.10.03 14:27:43.051,1.09835,1.09836,750000,940000
2019.10.03 14:27:43.153,1.09834,1.09837,4120000,1000000
2019.10.03 14:27:43.294,1.09835,1.09838,8320000,1000000
2019.10.03 14:27:43.345,1.09833,1.09836,1310000,750000
2019.10.03 14:27:43.447,1.09831,1.09832,1120000,1390000
2019.10.03 14:27:43.606,1.09829,1.09831,2250000,4500000
2019.10.03 14:27:43.745,1.09829,1.09831,10200000,1000000
2019.10.03 14:27:43.796,1.09827,1.09831,3070000,3620000
2019.10.03 14:27:43.945,1.09827,1.0983,750000,3250000
2019.10.03 14:27:44.097,1.09826,1.09828,750000,1100000
2019.10.03 14:27:44.215,1.09825,1.09828,1870000,500000
2019.10.03 14:27:44.335,1.09825,1.09827,750000,1690000
2019.10.03 14:27:44.566,1.09824,1.09828,2200000,1500000
2019.10.03 14:27:44.668,1.09825,1.09828,3700000,750000
2019.10.03 14:27:44.769,1.09825,1.09828,5890000,750000
2019.10.03 14:27:44.876,1.09823,1.09827,1000000,1870000
2019.10.03 14:27:44.977,1.09824,1.09826,940000,750000
2019.10.03 14:27:45.079,1.09826,1.09828,1010000,750000
2019.10.03 14:27:45.214,1.09825,1.09828,2060000,500000
2019.10.03 14:27:45.315,1.09826,1.09828,1000000,1870000
2019.10.03 14:27:45.548,1.09827,1.0983,2870000,750000
2019.10.03 14:27:45.650,1.09828,1.0983,1000000,1870000
2019.10.03 14:27:45.702,1.09832,1.09833,3520000,1500000
2019.10.03 14:27:45.753,1.09833,1.09835,10050000,750000
2019.10.03 14:27:45.865,1.09831,1.09836,4500000,8250000
2019.10.03 14:27:45.916,1.09833,1.09836,750000,2250000
2019.10.03 14:27:46.020,1.09832,1.09835,5510000,1120000
2019.10.03 14:27:46.122,1.0983,1.09834,1690000,2440000
2019.10.03 14:27:46.228,1.0983,1.09834,1500000,2500000
2019.10.03 14:27:46.330,1.09831,1.09835,5620000,1000000
2019.10.03 14:27:46.432,1.09831,1.09835,2120000,3750000
2019.10.03 14:27:46.533,1.09833,1.09836,1820000,750000
2019.10.03 14:27:46.843,1.09831,1.09835,3250000,3450000
2019.10.03 14:27:46.998,1.09832,1.09834,500000,750000
2019.10.03 14:27:47.152,1.09831,1.09834,1120000,940000
2019.10.03 14:27:47.254,1.09829,1.09831,750000,5060000
2019.10.03 14:27:47.379,1.09829,1.09833,3560000,2440000
2019.10.03 14:27:47.481,1.09829,1.09833,3620000,1500000
2019.10.03 14:27:47.582,1.09831,1.09832,940000,750000
2019.10.03 14:27:47.744,1.09828,1.09832,500000,2700000
2019.10.03 14:27:47.846,1.09828,1.0983,750000,1750000
2019.10.03 14:27:47.897,1.09828,1.0983,500000,940000
2019.10.03 14:27:47.999,1.09827,1.0983,500000,1690000
2019.10.03 14:27:48.113,1.09827,1.0983,750000,1500000
2019.10.03 14:27:48.273,1.09826,1.0983,5870000,600000
2019.10.03 14:27:48.425,1.09825,1.09829,1690000,2810000
2019.10.03 14:27:48.533,1.09825,1.09829,2500000,1500000
2019.10.03 14:27:48.685,1.09825,1.09829,3640000,940000
2019.10.03 14:27:48.786,1.09826,1.09828,750000,750000
2019.10.03 14:27:48.891,1.09824,1.09828,750000,4520000
2019.10.03 14:27:48.992,1.09827,1.09829,2060000,1500000
2019.10.03 14:27:49.145,1.09826,1.09829,1000000,3000000
2019.10.03 14:27:49.196,1.09828,1.09829,940000,1120000
2019.10.03 14:27:49.301,1.09827,1.09829,1000000,2250000
2019.10.03 14:27:49.410,1.09828,1.09832,750000,3370000
2019.10.03 14:27:49.512,1.09829,1.0983,940000,500000
2019.10.03 14:27:49.613,1.09828,1.09832,750000,4950000
2019.10.03 14:27:49.762,1.0983,1.09832,750000,750000
2019.10.03 14:27:49.863,1.0983,1.09832,500000,750000
2019.10.03 14:27:49.965,1.09829,1.09832,500000,1690000
2019.10.03 14:27:50.276,1.09829,1.09832,2120000,1500000
2019.10.03 14:27:50.428,1.0983,1.09833,4370000,750000
2019.10.03 14:27:50.479,1.0983,1.09833,2060000,1120000
2019.10.03 14:27:50.746,1.09829,1.09833,2120000,1500000
2019.10.03 14:27:51.055,1.09832,1.09834,4310000,750000
2019.10.03 14:27:51.158,1.09833,1.09834,1500000,2250000
2019.10.03 14:27:51.262,1.09833,1.09835,560000,2250000
2019.10.03 14:27:51.734,1.09834,1.09836,560000,750000
2019.10.03 14:27:52.203,1.09833,1.09835,500000,1690000
2019.10.03 14:27:52.557,1.09831,1.09834,1500000,5270000
2019.10.03 14:27:52.660,1.09831,1.09834,4070000,940000
2019.10.03 14:27:52.817,1.09831,1.09833,1000000,750000
2019.10.03 14:27:53.070,1.09829,1.09832,750000,1690000
2019.10.03 14:27:53.178,1.09829,1.09832,1750000,1690000
2019.10.03 14:27:53.330,1.09831,1.09833,2500000,750000
2019.10.03 14:27:53.381,1.09831,1.09833,2440000,750000
2019.10.03 14:27:53.482,1.09833,1.09834,1120000,1500000
2019.10.03 14:27:53.626,1.09832,1.09834,1750000,1500000
2019.10.03 14:27:53.677,1.09832,1.09835,3370000,750000
2019.10.03 14:27:53.778,1.09832,1.09834,500000,750000
2019.10.03 14:27:53.829,1.09831,1.09834,750000,1500000
2019.10.03 14:27:54.293,1.09833,1.09835,850000,750000
2019.10.03 14:27:54.395,1.09835,1.09836,1120000,750000
2019.10.03 14:27:54.496,1.09834,1.09837,1500000,1500000
2019.10.03 14:27:54.594,1.09834,1.09837,2500000,1500000
2019.10.03 14:27:54.798,1.09834,1.09837,2500000,1500000
2019.10.03 14:27:54.900,1.09837,1.09838,2440000,750000
2019.10.03 14:27:54.952,1.0984,1.09841,750000,750000
2019.10.03 14:27:55.008,1.0984,1.09842,1120000,750000
2019.10.03 14:27:55.059,1.09843,1.09845,5270000,1500000
2019.10.03 14:27:55.165,1.09841,1.09843,1000000,2250000
2019.10.03 14:27:55.267,1.09839,1.09842,1500000,2060000
2019.10.03 14:27:55.412,1.0984,1.09842,750000,940000
2019.10.03 14:27:55.513,1.09839,1.09843,3750000,3620000
2019.10.03 14:27:55.615,1.09838,1.0984,750000,1070000
2019.10.03 14:27:55.716,1.09837,1.09839,1120000,1000000
2019.10.03 14:27:55.858,1.09835,1.09837,2440000,1000000
2019.10.03 14:27:55.962,1.09833,1.09836,5250000,750000
2019.10.03 14:27:56.063,1.09833,1.09836,5650000,1000000
2019.10.03 14:27:56.164,1.09831,1.09834,2250000,1000000
2019.10.03 14:27:56.267,1.09831,1.09834,3000000,940000
2019.10.03 14:27:56.370,1.09831,1.09833,750000,750000
2019.10.03 14:27:56.725,1.09831,1.09834,1000000,750000
2019.10.03 14:27:56.877,1.09833,1.09835,2870000,1500000
2019.10.03 14:27:56.979,1.09833,1.09836,1000000,750000
2019.10.03 14:27:57.176,1.09832,1.09835,940000,2250000
2019.10.03 14:27:57.227,1.09832,1.09836,4000000,1500000
2019.10.03 14:27:57.329,1.09831,1.09834,1000000,1500000
2019.10.03 14:27:57.749,1.09832,1.09834,1000000,2640000
2019.10.03 14:27:57.851,1.09834,1.09835,1690000,1500000
2019.10.03 14:27:57.901,1.09834,1.09836,940000,750000
2019.10.03 14:27:58.089,1.09834,1.09835,750000,750000
2019.10.03 14:27:58.141,1.09832,1.09835,4310000,750000
2019.10.03 14:27:58.293,1.09832,1.09834,750000,750000
2019.10.03 14:27:58.491,1.09833,1.09834,2440000,750000
2019.10.03 14:27:58.592,1.09834,1.09836,1000000,750000
2019.10.03 14:27:58.795,1.09833,1.09836,1000000,2320000
2019.10.03 14:27:58.900,1.09834,1.09837,750000,1500000
2019.10.03 14:27:59.179,1.09834,1.09837,750000,750000
2019.10.03 14:27:59.360,1.09834,1.09837,1370000,1500000
2019.10.03 14:27:59.825,1.09835,1.09836,560000,1500000
2019.10.03 14:27:59.927,1.09835,1.09837,1120000,750000
2019.10.03 14:28:00.028,1.09835,1.09837,1370000,750000
2019.10.03 14:28:00.130,1.09834,1.09837,1370000,1500000
2019.10.03 14:28:00.355,1.09832,1.09835,940000,4100000
2019.10.03 14:28:00.457,1.09832,1.09835,1000000,940000
2019.10.03 14:28:00.508,1.09831,1.09835,1750000,2250000
2019.10.03 14:28:00.731,1.09835,1.09836,500000,750000
2019.10.03 14:28:00.833,1.09832,1.09835,1690000,3000000
2019.10.03 14:28:00.934,1.0983,1.09834,3370000,1000000
2019.10.03 14:28:01.138,1.09831,1.09833,1000000,2250000
2019.10.03 14:28:01.343,1.09832,1.09833,940000,1500000
2019.10.03 14:28:01.445,1.09832,1.09836,2870000,2250000
2019.10.03 14:28:01.565,1.09833,1.09836,1370000,2250000
2019.10.03 14:28:01.668,1.09832,1.09835,1750000,2330000
2019.10.03 14:28:01.719,1.09833,1.09835,1690000,750000
2019.10.03 14:28:01.821,1.09833,1.09836,3620000,750000
2019.10.03 14:28:01.872,1.09833,1.09836,2060000,750000
2019.10.03 14:28:02.030,1.09833,1.09835,3250000,1500000
2019.10.03 14:28:02.283,1.09834,1.09836,1000000,1500000
2019.10.03 14:28:02.387,1.09834,1.09837,1000000,2250000
2019.10.03 14:28:02.489,1.09836,1.09839,1370000,1500000
2019.10.03 14:28:02.590,1.09837,1.09839,1000000,750000
2019.10.03 14:28:02.641,1.09837,1.0984,3620000,750000
2019.10.03 14:28:02.793,1.09839,1.0984,940000,750000
2019.10.03 14:28:02.895,1.09839,1.09841,3940000,750000
2019.10.03 14:28:02.949,1.09837,1.09839,750000,640000
2019.10.03 14:28:03.054,1.09836,1.09837,500000,750000
2019.10.03 14:28:03.105,1.09836,1.09838,2620000,1750000
2019.10.03 14:28:03.212,1.09836,1.09838,1120000,1000000
2019.10.03 14:28:03.313,1.09835,1.09837,750000,1750000
2019.10.03 14:28:03.414,1.09835,1.09838,750000,750000
2019.10.03 14:28:03.465,1.09835,1.09838,560000,750000
2019.10.03 14:28:03.627,1.09835,1.09837,750000,750000
2019.10.03 14:28:03.728,1.09835,1.09838,2510000,750000
2019.10.03 14:28:03.880,1.09834,1.09838,1690000,1690000
2019.10.03 14:28:03.982,1.09836,1.09839,1000000,500000
2019.10.03 14:28:04.084,1.09837,1.09839,1750000,750000
2019.10.03 14:28:04.186,1.09836,1.09839,1330000,1500000
2019.10.03 14:28:04.598,1.09838,1.09842,3620000,750000
2019.10.03 14:28:04.649,1.09838,1.09842,2440000,1690000
2019.10.03 14:28:04.700,1.0984,1.09842,750000,750000
2019.10.03 14:28:04.953,1.0984,1.09843,1760000,1500000
2019.10.03 14:28:05.090,1.0984,1.09842,750000,1000000
2019.10.03 14:28:05.191,1.0984,1.09842,750000,750000
2019.10.03 14:28:05.293,1.09839,1.09842,940000,1950000
2019.10.03 14:28:05.394,1.09838,1.09842,940000,2440000
2019.10.03 14:28:05.527,1.09838,1.09842,1370000,750000
2019.10.03 14:28:05.781,1.09837,1.09842,2120000,4570000
2019.10.03 14:28:05.883,1.09837,1.0984,750000,750000
2019.10.03 14:28:05.984,1.09838,1.0984,1000000,750000
2019.10.03 14:28:06.147,1.09838,1.09841,1390000,940000
2019.10.03 14:28:06.350,1.09839,1.09842,1370000,750000
2019.10.03 14:28:06.452,1.09838,1.09842,1370000,3000000
2019.10.03 14:28:07.321,1.09839,1.09842,750000,500000
2019.10.03 14:28:07.423,1.09839,1.09842,560000,500000
2019.10.03 14:28:07.575,1.09838,1.09842,560000,3190000
2019.10.03 14:28:08.225,1.09837,1.09838,1500000,3560000
2019.10.03 14:28:08.327,1.09835,1.09839,3190000,1690000
2019.10.03 14:28:08.429,1.09835,1.09839,3320000,750000
2019.10.03 14:28:08.530,1.09832,1.09836,750000,4070000
2019.10.03 14:28:08.634,1.09832,1.09835,750000,1000000
2019.10.03 14:28:08.736,1.09832,1.09836,2200000,1870000
2019.10.03 14:28:08.838,1.09833,1.09836,2870000,1120000
2019.10.03 14:28:09.210,1.09832,1.09835,2440000,2250000
2019.10.03 14:28:09.362,1.09832,1.09835,1750000,750000
2019.10.03 14:28:09.514,1.09831,1.09834,940000,4870000
2019.10.03 14:28:09.616,1.09833,1.09835,940000,750000
2019.10.03 14:28:09.718,1.09832,1.09836,4370000,750000
2019.10.03 14:28:10.207,1.09831,1.09834,4690000,750000
2019.10.03 14:28:10.308,1.0983,1.09834,4000000,750000
2019.10.03 14:28:10.426,1.09829,1.09834,5440000,1750000
2019.10.03 14:28:10.529,1.09829,1.09834,3260000,2500000
2019.10.03 14:28:10.630,1.09829,1.09833,1690000,2440000
2019.10.03 14:28:10.879,1.09829,1.09832,750000,1690000
2019.10.03 14:28:10.980,1.09828,1.0983,750000,1000000
2019.10.03 14:28:11.082,1.09828,1.09832,2870000,1120000
2019.10.03 14:28:11.204,1.09825,1.09829,750000,2500000
2019.10.03 14:28:11.306,1.09829,1.09831,1000000,750000
2019.10.03 14:28:11.407,1.09828,1.0983,1000000,750000
2019.10.03 14:28:11.508,1.09829,1.09831,940000,750000
2019.10.03 14:28:11.624,1.09828,1.09832,2870000,750000
2019.10.03 14:28:12.030,1.09829,1.09832,3250000,1500000
2019.10.03 14:28:12.127,1.09832,1.09833,940000,750000
2019.10.03 14:28:12.184,1.09832,1.09836,3250000,1500000
2019.10.03 14:28:12.286,1.09833,1.09837,7070000,750000
2019.10.03 14:28:12.914,1.09833,1.09837,500000,1690000
2019.10.03 14:28:13.123,1.09835,1.09836,750000,750000
2019.10.03 14:28:13.174,1.09837,1.09838,3560000,500000
2019.10.03 14:28:13.276,1.09839,1.09841,1000000,750000
2019.10.03 14:28:13.431,1.09839,1.09842,750000,750000
2019.10.03 14:28:13.845,1.09839,1.09842,560000,750000
2019.10.03 14:28:13.947,1.09842,1.09844,1450000,2250000
2019.10.03 14:28:13.998,1.09843,1.09844,1010000,1500000
2019.10.03 14:28:14.049,1.09843,1.09846,500000,1500000
2019.10.03 14:28:14.100,1.09842,1.09845,1750000,3000000
2019.10.03 14:28:14.355,1.09843,1.09846,1120000,1500000
2019.10.03 14:28:14.406,1.09843,1.09845,1000000,2250000
2019.10.03 14:28:14.507,1.09843,1.09846,1370000,2440000
2019.10.03 14:28:14.659,1.09843,1.09846,1310000,3000000
2019.10.03 14:28:14.981,1.09844,1.09847,750000,750000
2019.10.03 14:28:15.134,1.09844,1.09847,500000,1370000
2019.10.03 14:28:15.263,1.09845,1.09848,500000,1690000
2019.10.03 14:28:15.668,1.09845,1.09848,1370000,1690000
2019.10.03 14:28:15.902,1.09845,1.09848,500000,2060000
2019.10.03 14:28:16.252,1.09847,1.09849,2440000,750000
2019.10.03 14:28:16.353,1.09845,1.09849,1570000,1750000
2019.10.03 14:28:16.454,1.09845,1.09849,3640000,2440000
2019.10.03 14:28:16.906,1.09845,1.09849,8120000,750000
2019.10.03 14:28:17.008,1.09844,1.09848,2060000,2440000
2019.10.03 14:28:17.489,1.09846,1.09848,560000,750000
2019.10.03 14:28:17.685,1.09846,1.09849,560000,1500000
2019.10.03 14:28:17.786,1.09845,1.09849,560000,2140000
2019.10.03 14:28:18.391,1.09846,1.09849,560000,750000
2019.10.03 14:28:18.492,1.09845,1.0985,2870000,5510000
2019.10.03 14:28:18.652,1.09846,1.0985,2870000,750000
2019.10.03 14:28:18.753,1.09845,1.0985,2870000,6940000
2019.10.03 14:28:18.957,1.09845,1.09848,940000,750000
2019.10.03 14:28:19.059,1.09844,1.09848,940000,2810000
2019.10.03 14:28:19.387,1.09845,1.09848,940000,500000
2019.10.03 14:28:19.488,1.09844,1.09848,1760000,5440000
2019.10.03 14:28:19.732,1.09844,1.09847,750000,1310000
2019.10.03 14:28:20.252,1.09843,1.09845,560000,1120000
2019.10.03 14:28:20.389,1.09842,1.09843,940000,750000
2019.10.03 14:28:20.490,1.09841,1.09844,1820000,940000
2019.10.03 14:28:20.793,1.09839,1.09842,750000,4370000
2019.10.03 14:28:20.913,1.09839,1.09842,940000,2870000
2019.10.03 14:28:21.286,1.09837,1.09841,1500000,2570000
2019.10.03 14:28:21.408,1.09836,1.0984,1120000,4750000
2019.10.03 14:28:21.509,1.09838,1.0984,1310000,750000
2019.10.03 14:28:21.967,1.09839,1.0984,560000,750000
2019.10.03 14:28:22.068,1.0984,1.09843,3250000,750000
2019.10.03 14:28:22.119,1.09839,1.09842,750000,3190000
2019.10.03 14:28:22.221,1.09839,1.09842,1000000,1500000
2019.10.03 14:28:22.342,1.09839,1.09842,940000,1500000
2019.10.03 14:28:23.416,1.09837,1.0984,2250000,2440000
2019.10.03 14:28:23.596,1.09838,1.09841,2810000,750000
2019.10.03 14:28:24.069,1.09839,1.0984,750000,750000
2019.10.03 14:28:24.194,1.09838,1.0984,750000,750000
2019.10.03 14:28:24.346,1.0984,1.09842,750000,1500000
2019.10.03 14:28:24.447,1.09841,1.09843,500000,750000
2019.10.03 14:28:24.549,1.0984,1.09842,1500000,1690000
2019.10.03 14:28:24.674,1.0984,1.09842,1000000,1500000
2019.10.03 14:28:24.877,1.09839,1.09843,1370000,3190000
2019.10.03 14:28:25.066,1.0984,1.09842,750000,1000000
2019.10.03 14:28:25.237,1.0984,1.09843,3190000,1000000
2019.10.03 14:28:25.888,1.0984,1.09842,1500000,750000
2019.10.03 14:28:25.989,1.09839,1.09842,940000,1500000
2019.10.03 14:28:26.315,1.09839,1.09842,2500000,940000
2019.10.03 14:28:26.541,1.09838,1.09841,3000000,750000
2019.10.03 14:28:27.185,1.09839,1.09841,3000000,750000
2019.10.03 14:28:27.347,1.0984,1.09842,4120000,1690000
2019.10.03 14:28:28.447,1.09838,1.09841,750000,2440000
2019.10.03 14:28:28.548,1.09838,1.09842,2810000,1690000
2019.10.03 14:28:28.649,1.09838,1.09842,2950000,1500000
2019.10.03 14:28:28.916,1.09839,1.09842,3560000,750000
2019.10.03 14:28:29.018,1.09841,1.09842,940000,750000
2019.10.03 14:28:29.120,1.09841,1.09843,1690000,940000
2019.10.03 14:28:29.333,1.0984,1.09844,6320000,2250000
2019.10.03 14:28:29.434,1.0984,1.09844,4310000,1690000
2019.10.03 14:28:30.006,1.09841,1.09844,2440000,3370000
2019.10.03 14:28:30.141,1.09843,1.09844,750000,940000
2019.10.03 14:28:30.243,1.09842,1.09843,500000,940000
2019.10.03 14:28:30.344,1.09841,1.09844,1570000,1000000
2019.10.03 14:28:30.461,1.0984,1.09844,2510000,3560000
2019.10.03 14:28:31.142,1.0984,1.09843,940000,1500000
2019.10.03 14:28:31.247,1.09839,1.09843,3190000,2440000
2019.10.03 14:28:31.800,1.09839,1.09843,2250000,2870000
2019.10.03 14:28:32.289,1.09839,1.09842,1000000,940000
2019.10.03 14:28:32.953,1.0984,1.09842,1500000,940000
2019.10.03 14:28:33.066,1.0984,1.09843,2620000,940000
2019.10.03 14:28:33.269,1.09842,1.09844,5160000,750000
2019.10.03 14:28:33.371,1.09842,1.09844,4310000,750000
2019.10.03 14:28:33.960,1.09841,1.09843,2620000,750000
2019.10.03 14:28:34.011,1.09839,1.09842,750000,3260000
2019.10.03 14:28:35.173,1.09838,1.09839,2250000,750000
2019.10.03 14:28:35.312,1.09837,1.09838,750000,750000
2019.10.03 14:28:35.367,1.09835,1.09838,2250000,940000
2019.10.03 14:28:35.509,1.09834,1.09837,1500000,940000
2019.10.03 14:28:35.764,1.09835,1.09837,750000,940000
2019.10.03 14:28:35.917,1.09836,1.09839,1690000,500000
2019.10.03 14:28:36.030,1.09836,1.09838,2250000,750000
2019.10.03 14:28:36.131,1.09836,1.09837,750000,750000
2019.10.03 14:28:36.548,1.09836,1.09838,1500000,750000
2019.10.03 14:28:37.604,1.09834,1.09838,500000,3620000
2019.10.03 14:28:37.978,1.09837,1.09839,940000,750000
2019.10.03 14:28:38.868,1.09838,1.09841,2250000,1750000
2019.10.03 14:28:39.158,1.09838,1.09841,2250000,1310000
2019.10.03 14:28:39.361,1.09839,1.0984,750000,750000
2019.10.03 14:28:39.463,1.09838,1.09841,1500000,2060000
2019.10.03 14:28:39.564,1.09839,1.09842,750000,1370000
2019.10.03 14:28:40.272,1.09839,1.09843,1500000,1450000
2019.10.03 14:28:40.424,1.0984,1.09843,750000,4000000
2019.10.03 14:28:40.526,1.09841,1.09844,1500000,940000
2019.10.03 14:28:40.627,1.0984,1.09844,3190000,1310000
2019.10.03 14:28:41.206,1.09841,1.09843,750000,940000
2019.10.03 14:28:41.386,1.0984,1.09843,1570000,940000
2019.10.03 14:28:41.538,1.09841,1.09843,750000,750000
2019.10.03 14:28:41.640,1.09841,1.09844,2060000,1500000
2019.10.03 14:28:41.915,1.0984,1.09844,3940000,2440000
2019.10.03 14:28:42.017,1.09841,1.09844,2440000,750000
2019.10.03 14:28:42.169,1.09841,1.09843,750000,750000
2019.10.03 14:28:42.271,1.0984,1.09843,750000,2060000
2019.10.03 14:28:43.328,1.09839,1.09843,940000,3560000
2019.10.03 14:28:43.548,1.09839,1.09843,750000,2500000
2019.10.03 14:28:43.802,1.09841,1.09843,1500000,750000
2019.10.03 14:28:44.059,1.09842,1.09844,940000,750000
2019.10.03 14:28:44.161,1.09841,1.09845,940000,2060000
2019.10.03 14:28:44.262,1.09841,1.09843,750000,1310000
2019.10.03 14:28:44.465,1.09841,1.09844,750000,4940000
2019.10.03 14:28:44.582,1.09841,1.09844,750000,2250000
2019.10.03 14:28:46.068,1.09841,1.09845,940000,1690000
2019.10.03 14:28:46.271,1.0984,1.09843,750000,7000000
2019.10.03 14:28:47.116,1.09842,1.09843,940000,750000
2019.10.03 14:28:47.222,1.09841,1.09843,750000,1010000
2019.10.03 14:28:47.374,1.0984,1.09843,750000,2440000
2019.10.03 14:28:47.986,1.09841,1.09843,2250000,750000
2019.10.03 14:28:48.087,1.0984,1.09843,750000,940000
2019.10.03 14:28:49.897,1.09841,1.09843,750000,750000
2019.10.03 14:28:51.288,1.09842,1.09843,1500000,750000
2019.10.03 14:28:51.389,1.09841,1.09845,3190000,1310000
2019.10.03 14:28:51.440,1.09841,1.09843,1690000,1690000
2019.10.03 14:28:51.949,1.0984,1.09844,750000,2870000
2019.10.03 14:28:52.486,1.09841,1.09845,3750000,2810000
2019.10.03 14:28:52.602,1.09843,1.09845,750000,750000
2019.10.03 14:28:52.704,1.09844,1.09846,750000,1310000
2019.10.03 14:28:52.805,1.09844,1.09847,940000,560000
2019.10.03 14:28:53.584,1.09844,1.09847,750000,1370000
2019.10.03 14:28:53.791,1.09845,1.09848,750000,940000
2019.10.03 14:28:54.307,1.09844,1.09847,500000,1750000
2019.10.03 14:28:54.409,1.09842,1.09844,3250000,1570000
2019.10.03 14:28:54.614,1.09842,1.09845,7010000,1870000
2019.10.03 14:28:54.769,1.09842,1.09845,940000,2120000
2019.10.03 14:28:54.870,1.09842,1.09844,750000,2120000
2019.10.03 14:28:54.971,1.09843,1.09845,940000,560000
2019.10.03 14:28:55.073,1.09842,1.09844,1500000,750000
2019.10.03 14:28:56.777,1.09842,1.09846,5810000,940000
2019.10.03 14:28:57.059,1.09841,1.09843,2250000,750000
2019.10.03 14:28:57.184,1.0984,1.09843,3750000,940000
2019.10.03 14:28:57.541,1.09842,1.09843,1500000,750000
2019.10.03 14:28:57.642,1.09841,1.09844,940000,750000
2019.10.03 14:28:57.936,1.0984,1.09844,940000,3560000
2019.10.03 14:28:58.664,1.09841,1.09844,1690000,750000
2019.10.03 14:28:58.766,1.09842,1.09845,1500000,940000
2019.10.03 14:28:58.901,1.0984,1.09843,750000,2890000
2019.10.03 14:28:59.003,1.09841,1.09843,1500000,750000
2019.10.03 14:28:59.336,1.09841,1.09843,3250000,750000
2019.10.03 14:28:59.437,1.0984,1.09843,940000,750000
2019.10.03 14:28:59.749,1.0984,1.09843,940000,1750000
2019.10.03 14:29:00.892,1.09841,1.09842,750000,560000
2019.10.03 14:29:01.908,1.09841,1.09843,2810000,560000
2019.10.03 14:29:02.110,1.09841,1.09842,750000,560000
2019.10.03 14:29:02.211,1.09841,1.09843,1690000,560000
2019.10.03 14:29:03.354,1.09842,1.09843,750000,500000
2019.10.03 14:29:03.507,1.09842,1.09845,2440000,500000
2019.10.03 14:29:03.860,1.09842,1.09844,1500000,500000
2019.10.03 14:29:04.805,1.09843,1.09846,3000000,1870000
2019.10.03 14:29:04.906,1.09844,1.09847,750000,560000
2019.10.03 14:29:05.008,1.09844,1.09848,4870000,560000
2019.10.03 14:29:05.217,1.09844,1.09847,750000,560000
2019.10.03 14:29:05.319,1.09844,1.09848,3370000,560000
2019.10.03 14:29:05.624,1.09844,1.09847,1500000,560000
2019.10.03 14:29:06.570,1.09844,1.09848,5250000,560000
2019.10.03 14:29:07.661,1.09844,1.09847,750000,1310000
2019.10.03 14:29:07.762,1.09844,1.09848,2620000,1310000
2019.10.03 14:29:08.814,1.09847,1.09848,1870000,500000
2019.10.03 14:29:08.865,1.09848,1.09851,2500000,500000
2019.10.03 14:29:08.967,1.0985,1.09852,640000,500000
2019.10.03 14:29:09.068,1.0985,1.09853,1690000,1370000
2019.10.03 14:29:09.364,1.0985,1.09852,750000,560000
2019.10.03 14:29:09.877,1.0985,1.09851,750000,500000
2019.10.03 14:29:10.264,1.0985,1.09853,3000000,560000
2019.10.03 14:29:10.381,1.0985,1.09852,750000,2060000
2019.10.03 14:29:10.482,1.0985,1.09853,1500000,560000
2019.10.03 14:29:11.090,1.09851,1.09853,1500000,750000
2019.10.03 14:29:11.444,1.0985,1.09853,1500000,1310000
2019.10.03 14:29:12.929,1.09852,1.09853,1500000,500000
2019.10.03 14:29:13.132,1.09852,1.09854,3640000,500000
2019.10.03 14:29:13.233,1.09853,1.09855,1870000,500000
2019.10.03 14:29:13.532,1.09853,1.09854,500000,500000
2019.10.03 14:29:13.584,1.09851,1.09853,1500000,1690000
2019.10.03 14:29:14.157,1.09852,1.09855,4120000,560000
2019.10.03 14:29:14.740,1.09852,1.09853,1500000,500000
2019.10.03 14:29:14.842,1.09851,1.09852,500000,500000
2019.10.03 14:29:14.943,1.09851,1.09853,1500000,1120000
2019.10.03 14:29:15.257,1.09851,1.09854,5810000,1870000
2019.10.03 14:29:16.322,1.09851,1.09854,1500000,1370000
2019.10.03 14:29:16.888,1.09853,1.09854,750000,500000
2019.10.03 14:29:17.095,1.09852,1.09853,1500000,2440000
2019.10.03 14:29:17.247,1.09851,1.09853,1120000,560000
2019.10.03 14:29:17.625,1.09852,1.09854,1500000,1000000
2019.10.03 14:29:17.726,1.09852,1.09855,750000,560000
2019.10.03 14:29:17.894,1.09852,1.09854,4500000,1500000
2019.10.03 14:29:17.995,1.09851,1.09854,3190000,500000
2019.10.03 14:29:18.350,1.09853,1.09855,1120000,750000
2019.10.03 14:29:18.456,1.09852,1.09855,500000,1370000
2019.10.03 14:29:18.659,1.09852,1.09853,750000,500000
2019.10.03 14:29:18.760,1.0985,1.09854,750000,7000000
2019.10.03 14:29:18.943,1.09853,1.09855,1500000,750000
2019.10.03 14:29:19.095,1.09852,1.09854,750000,1370000
2019.10.03 14:29:19.196,1.09852,1.09855,2060000,750000
2019.10.03 14:29:19.298,1.09853,1.09856,1500000,1750000
2019.10.03 14:29:20.749,1.09854,1.09857,1500000,940000
2019.10.03 14:29:20.897,1.09855,1.09858,5620000,750000
2019.10.03 14:29:20.999,1.09854,1.09857,750000,2500000
2019.10.03 14:29:21.150,1.09853,1.09858,4120000,4370000
2019.10.03 14:29:21.434,1.09853,1.09857,2250000,4370000
2019.10.03 14:29:21.587,1.09854,1.09856,750000,1750000
2019.10.03 14:29:21.688,1.09854,1.09857,2250000,1000000
2019.10.03 14:29:22.765,1.09854,1.09858,4120000,1000000
2019.10.03 14:29:23.333,1.09854,1.09857,2250000,1000000
2019.10.03 14:29:23.486,1.09852,1.09853,1500000,560000
2019.10.03 14:29:23.588,1.09851,1.09852,750000,750000
2019.10.03 14:29:23.689,1.09851,1.09853,3000000,500000
2019.10.03 14:29:24.462,1.09852,1.09854,1690000,1310000
2019.10.03 14:29:24.564,1.09852,1.09855,3750000,500000
2019.10.03 14:29:24.781,1.09853,1.09856,5440000,750000
2019.10.03 14:29:24.985,1.09852,1.09855,3370000,2120000
2019.10.03 14:29:25.086,1.09852,1.09854,1500000,2810000
2019.10.03 14:29:25.239,1.09851,1.09852,750000,2440000
2019.10.03 14:29:25.442,1.0985,1.09853,2250000,1310000
2019.10.03 14:29:26.661,1.0985,1.09852,750000,560000
2019.10.03 14:29:27.229,1.0985,1.09853,1570000,560000
2019.10.03 14:29:27.334,1.0985,1.09852,750000,560000
2019.10.03 14:29:27.797,1.0985,1.09853,1500000,1310000
2019.10.03 14:29:27.899,1.0985,1.09853,750000,2120000
2019.10.03 14:29:28.102,1.09854,1.09855,2550000,1870000
2019.10.03 14:29:28.245,1.09856,1.09859,750000,940000
2019.10.03 14:29:28.296,1.09856,1.09859,750000,2870000
2019.10.03 14:29:28.398,1.09856,1.09859,750000,1370000
2019.10.03 14:29:28.500,1.09854,1.09858,6370000,5500000
2019.10.03 14:29:28.551,1.09854,1.09857,500000,560000
2019.10.03 14:29:28.873,1.09853,1.09857,3560000,2810000
2019.10.03 14:29:29.564,1.09853,1.09855,750000,560000
2019.10.03 14:29:29.829,1.09852,1.09854,1310000,560000
2019.10.03 14:29:30.349,1.09853,1.09855,4500000,1500000
2019.10.03 14:29:30.450,1.09854,1.09858,3940000,1690000
2019.10.03 14:29:30.552,1.09854,1.09858,1500000,2120000
2019.10.03 14:29:30.793,1.09854,1.09857,500000,1310000
2019.10.03 14:29:30.895,1.09854,1.09858,4310000,1310000
2019.10.03 14:29:30.996,1.09854,1.09857,1500000,1310000
2019.10.03 14:29:31.098,1.09854,1.09858,9560000,1310000
2019.10.03 14:29:31.266,1.09854,1.09857,2810000,500000
2019.10.03 14:29:31.806,1.09854,1.09857,1120000,1370000
2019.10.03 14:29:31.908,1.09854,1.09857,1370000,560000
2019.10.03 14:29:32.009,1.09855,1.09857,2870000,750000
2019.10.03 14:29:32.288,1.0985,1.09853,750000,5810000
2019.10.03 14:29:32.389,1.09851,1.09853,1500000,750000
2019.10.03 14:29:32.490,1.0985,1.09853,750000,3940000
2019.10.03 14:29:32.954,1.09851,1.09853,2250000,750000
2019.10.03 14:29:33.056,1.0985,1.09853,1500000,1310000
2019.10.03 14:29:33.528,1.0985,1.09854,2060000,1310000
2019.10.03 14:29:33.662,1.09851,1.09855,2890000,2440000
2019.10.03 14:29:33.814,1.09851,1.09854,750000,1690000
2019.10.03 14:29:33.915,1.09853,1.09854,1500000,750000
2019.10.03 14:29:34.030,1.09853,1.09855,3370000,750000
2019.10.03 14:29:34.692,1.09851,1.09855,1870000,1690000
2019.10.03 14:29:35.400,1.0985,1.09853,1310000,2500000
2019.10.03 14:29:35.903,1.09851,1.09854,1500000,1690000
2019.10.03 14:29:36.005,1.09851,1.09855,2250000,1690000
2019.10.03 14:29:36.827,1.09852,1.09855,2250000,750000
2019.10.03 14:29:36.929,1.09851,1.09855,2250000,3190000
2019.10.03 14:29:37.592,1.09854,1.09855,940000,750000
2019.10.03 14:29:37.693,1.09854,1.09857,5060000,750000
2019.10.03 14:29:37.796,1.09853,1.09856,750000,3190000
2019.10.03 14:29:38.071,1.09854,1.09857,3190000,750000
2019.10.03 14:29:38.172,1.09854,1.09857,2250000,1750000
2019.10.03 14:29:38.525,1.09856,1.09858,4690000,1690000
2019.10.03 14:29:38.626,1.09855,1.09857,750000,2500000
2019.10.03 14:29:38.727,1.09855,1.09857,750000,1000000
2019.10.03 14:29:38.829,1.09854,1.09857,1500000,560000
2019.10.03 14:29:39.039,1.09854,1.09856,750000,1310000
2019.10.03 14:29:39.444,1.09853,1.09856,1570000,1310000
2019.10.03 14:29:41.050,1.09853,1.09855,750000,1310000
2019.10.03 14:29:42.125,1.09851,1.09852,750000,1690000
2019.10.03 14:29:42.226,1.0985,1.09853,3190000,1000000
2019.10.03 14:29:42.479,1.0985,1.09852,2250000,1000000
2019.10.03 14:29:42.733,1.09849,1.09851,750000,2120000
2019.10.03 14:29:42.784,1.09848,1.0985,750000,1750000
2019.10.03 14:29:42.879,1.09847,1.09848,4500000,2060000
2019.10.03 14:29:42.930,1.09845,1.09846,1500000,750000
2019.10.03 14:29:43.037,1.09845,1.09846,2250000,940000
2019.10.03 14:29:43.192,1.0984,1.09843,1500000,3370000
2019.10.03 14:29:43.243,1.09839,1.09841,750000,1500000
2019.10.03 14:29:43.344,1.09838,1.09842,3370000,1500000
2019.10.03 14:29:43.446,1.09839,1.09842,2250000,1000000
2019.10.03 14:29:43.753,1.09838,1.0984,750000,2500000
2019.10.03 14:29:43.854,1.09838,1.09841,2250000,1000000
2019.10.03 14:29:44.051,1.09838,1.09842,1200000,1750000
2019.10.03 14:29:44.154,1.09838,1.09842,2320000,1750000
2019.10.03 14:29:44.692,1.09838,1.09842,1310000,2500000
2019.10.03 14:29:45.095,1.09838,1.09841,1500000,2500000
2019.10.03 14:29:45.449,1.09841,1.09842,750000,750000
2019.10.03 14:29:45.550,1.09841,1.09844,1690000,750000
2019.10.03 14:29:45.698,1.09841,1.09844,1570000,560000
2019.10.03 14:29:45.951,1.09842,1.09844,750000,750000
2019.10.03 14:29:46.052,1.09841,1.09843,750000,560000
2019.10.03 14:29:46.154,1.09839,1.09843,2620000,4370000
2019.10.03 14:29:46.281,1.09839,1.09843,2350000,4750000
2019.10.03 14:29:46.668,1.09839,1.09841,750000,4750000
2019.10.03 14:29:47.124,1.0984,1.09843,3750000,940000
2019.10.03 14:29:47.378,1.0984,1.09842,750000,940000
2019.10.03 14:29:47.519,1.09839,1.09841,750000,4750000
2019.10.03 14:29:47.722,1.09839,1.09841,750000,3940000
2019.10.03 14:29:48.036,1.09839,1.0984,750000,3940000
2019.10.03 14:29:48.548,1.09838,1.09839,4500000,750000
2019.10.03 14:29:48.600,1.09836,1.09839,2440000,750000
2019.10.03 14:29:48.889,1.09836,1.09838,750000,1500000
2019.10.03 14:29:49.224,1.09838,1.09839,820000,750000
2019.10.03 14:29:49.326,1.09838,1.09841,1500000,1500000
2019.10.03 14:29:49.377,1.09838,1.09841,1500000,1000000
2019.10.03 14:29:49.690,1.0984,1.09843,1500000,2440000
2019.10.03 14:29:49.741,1.09843,1.09844,600000,1500000
2019.10.03 14:29:49.843,1.09843,1.09845,750000,940000
2019.10.03 14:29:49.990,1.09843,1.09845,750000,1750000
2019.10.03 14:29:50.467,1.09844,1.09847,1410000,940000
2019.10.03 14:29:50.568,1.09844,1.09847,750000,1000000
2019.10.03 14:29:51.203,1.09843,1.09847,1500000,2440000
2019.10.03 14:29:51.405,1.09843,1.09847,1500000,2500000
2019.10.03 14:29:52.148,1.09845,1.09848,2250000,940000
2019.10.03 14:29:52.250,1.09848,1.09851,2700000,1500000
2019.10.03 14:29:52.601,1.09849,1.09852,3260000,750000
2019.10.03 14:29:52.703,1.09849,1.09852,940000,2500000
2019.10.03 14:29:53.297,1.09849,1.09853,1390000,4000000
2019.10.03 14:29:55.045,1.09852,1.09853,750000,750000
2019.10.03 14:29:55.147,1.09853,1.09855,750000,2250000
2019.10.03 14:29:55.248,1.09854,1.09857,2140000,1500000
2019.10.03 14:29:55.407,1.09854,1.09857,1870000,1000000
2019.10.03 14:29:55.610,1.09852,1.09853,1500000,1500000
2019.10.03 14:29:55.712,1.0985,1.09852,750000,750000
2019.10.03 14:29:55.841,1.09849,1.09853,2620000,1750000
2019.10.03 14:29:56.297,1.09849,1.09852,1500000,1000000
2019.10.03 14:29:56.398,1.09848,1.09852,1690000,1750000
2019.10.03 14:29:56.562,1.09849,1.09853,2250000,1000000
2019.10.03 14:29:57.242,1.0985,1.09854,2320000,940000
2019.10.03 14:29:57.343,1.09851,1.09854,3370000,940000
2019.10.03 14:29:58.063,1.09851,1.09853,750000,940000
2019.10.03 14:29:58.164,1.09851,1.09854,1500000,940000
2019.10.03 14:29:58.266,1.09852,1.09853,500000,750000
2019.10.03 14:29:58.393,1.09851,1.09853,500000,3000000
2019.10.03 14:29:58.954,1.09851,1.09854,1120000,940000
2019.10.03 14:29:59.319,1.09851,1.09853,500000,1690000
2019.10.03 14:29:59.771,1.0985,1.09852,500000,940000
2019.10.03 14:29:59.948,1.09851,1.09852,500000,750000
2019.10.03 14:30:00.100,1.09849,1.09852,750000,2870000
2019.10.03 14:30:00.388,1.0985,1.09852,750000,1370000
2019.10.03 14:30:00.490,1.09849,1.09852,750000,3620000
2019.10.03 14:30:00.592,1.09849,1.09853,1500000,2120000
2019.10.03 14:30:00.829,1.09849,1.09853,3000000,2120000
2019.10.03 14:30:00.981,1.09851,1.09853,1500000,1000000
2019.10.03 14:30:01.083,1.09851,1.09853,750000,750000
2019.10.03 14:30:01.537,1.09849,1.09853,750000,1690000
2019.10.03 14:30:01.749,1.09849,1.09852,750000,2440000
2019.10.03 14:30:02.154,1.09848,1.09852,750000,2810000
2019.10.03 14:30:02.445,1.09848,1.09851,1500000,1310000
2019.10.03 14:30:02.496,1.09847,1.09849,3370000,1310000
2019.10.03 14:30:02.703,1.09846,1.09849,1060000,750000
2019.10.03 14:30:02.804,1.09847,1.09849,1690000,1500000
2019.10.03 14:30:02.905,1.09846,1.0985,940000,1750000
2019.10.03 14:30:03.125,1.09846,1.0985,1000000,1500000
2019.10.03 14:30:03.407,1.09847,1.09849,940000,750000
2019.10.03 14:30:03.980,1.09845,1.09849,2810000,2440000
2019.10.03 14:30:04.457,1.09845,1.09848,1120000,940000
2019.10.03 14:30:04.855,1.09844,1.09846,750000,940000
2019.10.03 14:30:05.008,1.09844,1.09846,1500000,1000000
2019.10.03 14:30:05.110,1.09844,1.09847,750000,2120000
2019.10.03 14:30:05.219,1.09844,1.09848,3750000,2870000
2019.10.03 14:30:05.328,1.09845,1.09849,2320000,2500000
2019.10.03 14:30:05.739,1.09847,1.09849,2250000,750000
2019.10.03 14:30:06.501,1.09848,1.0985,1000000,750000
2019.10.03 14:30:06.879,1.09848,1.0985,750000,750000
2019.10.03 14:30:06.980,1.09848,1.09851,940000,750000
2019.10.03 14:30:08.273,1.09849,1.09852,940000,750000
2019.10.03 14:30:08.476,1.0985,1.09853,2250000,940000
2019.10.03 14:30:08.683,1.09851,1.09853,750000,750000
2019.10.03 14:30:08.970,1.0985,1.09853,750000,940000
2019.10.03 14:30:09.072,1.09853,1.09854,2250000,750000
2019.10.03 14:30:09.123,1.09854,1.09857,2870000,940000
2019.10.03 14:30:09.277,1.09853,1.09857,1370000,750000
2019.10.03 14:30:09.378,1.09854,1.09858,5200000,2250000
2019.10.03 14:30:09.661,1.09853,1.09856,750000,3940000
2019.10.03 14:30:09.763,1.09853,1.09856,1370000,1120000
2019.10.03 14:30:09.864,1.09853,1.09856,1120000,1310000
2019.10.03 14:30:09.970,1.09853,1.09856,1370000,500000
2019.10.03 14:30:10.127,1.09851,1.09854,1500000,9070000
2019.10.03 14:30:10.228,1.09851,1.09853,1500000,2440000
2019.10.03 14:30:10.329,1.09851,1.09854,750000,1690000
2019.10.03 14:30:10.481,1.09852,1.09856,7070000,2060000
2019.10.03 14:30:10.583,1.09853,1.09856,1370000,1690000
2019.10.03 14:30:10.886,1.09853,1.09856,1120000,2440000
2019.10.03 14:30:10.988,1.09853,1.09856,1370000,940000
2019.10.03 14:30:11.414,1.09852,1.09856,640000,3560000
2019.10.03 14:30:11.515,1.09853,1.09856,1310000,750000
2019.10.03 14:30:11.632,1.09852,1.09856,560000,3560000
2019.10.03 14:30:11.683,1.09852,1.09856,560000,4370000
2019.10.03 14:30:12.495,1.09853,1.09856,1120000,1000000
2019.10.03 14:30:12.546,1.09852,1.09856,1120000,4370000
2019.10.03 14:30:12.883,1.09852,1.09856,1120000,5120000
2019.10.03 14:30:13.265,1.09853,1.09857,3370000,4000000
2019.10.03 14:30:15.528,1.09854,1.09856,750000,2440000
2019.10.03 14:30:15.580,1.09856,1.09859,2320000,3940000
2019.10.03 14:30:15.681,1.09857,1.0986,1500000,940000
2019.10.03 14:30:16.085,1.09858,1.0986,750000,940000
2019.10.03 14:30:16.187,1.09859,1.0986,750000,750000
2019.10.03 14:30:16.288,1.09858,1.0986,750000,940000
2019.10.03 14:30:16.744,1.09859,1.0986,750000,750000
2019.10.03 14:30:16.845,1.09858,1.0986,750000,1690000
2019.10.03 14:30:17.377,1.09858,1.09861,820000,1690000
2019.10.03 14:30:18.408,1.09859,1.09861,750000,750000
2019.10.03 14:30:18.512,1.09857,1.09861,750000,5120000
2019.10.03 14:30:20.692,1.09858,1.09862,3190000,3560000
2019.10.03 14:30:21.467,1.09858,1.09861,750000,560000
2019.10.03 14:30:21.770,1.09858,1.0986,750000,1310000
2019.10.03 14:30:22.325,1.09858,1.09861,1500000,1310000
2019.10.03 14:30:22.706,1.09858,1.09859,750000,940000
2019.10.03 14:30:22.807,1.09856,1.09859,1120000,940000
2019.10.03 14:30:22.959,1.09857,1.09859,750000,750000
2019.10.03 14:30:23.060,1.09857,1.0986,2440000,750000
2019.10.03 14:30:23.272,1.09857,1.09859,750000,2250000
2019.10.03 14:30:23.452,1.09857,1.0986,940000,750000
2019.10.03 14:30:23.503,1.09856,1.09858,750000,3750000
2019.10.03 14:30:24.585,1.09855,1.09858,4000000,940000
2019.10.03 14:30:24.788,1.09855,1.09858,2250000,940000
2019.10.03 14:30:25.362,1.09855,1.09857,750000,1690000
2019.10.03 14:30:25.564,1.09855,1.09857,750000,2500000
2019.10.03 14:30:25.830,1.09856,1.09858,1870000,940000
2019.10.03 14:30:26.355,1.09857,1.09859,3000000,1500000
2019.10.03 14:30:26.733,1.09857,1.0986,2440000,750000
2019.10.03 14:30:26.840,1.09858,1.0986,750000,750000
2019.10.03 14:30:27.120,1.09857,1.0986,1120000,1690000
2019.10.03 14:30:27.230,1.09858,1.09861,750000,4490000
2019.10.03 14:30:27.331,1.09859,1.09862,500000,2120000
2019.10.03 14:30:27.483,1.09859,1.09861,1120000,1370000
2019.10.03 14:30:27.801,1.09857,1.09859,3000000,3940000
2019.10.03 14:30:27.903,1.09855,1.09857,750000,2810000
2019.10.03 14:30:28.209,1.09855,1.09857,750000,1000000
2019.10.03 14:30:29.184,1.09856,1.09858,1690000,2440000
2019.10.03 14:30:29.235,1.09857,1.0986,1690000,750000
2019.10.03 14:30:29.336,1.09855,1.09858,940000,3250000
2019.10.03 14:30:29.488,1.09857,1.09859,1500000,2250000
2019.10.03 14:30:29.750,1.09855,1.09859,2060000,2060000
2019.10.03 14:30:29.902,1.09856,1.09859,3070000,1690000
2019.10.03 14:30:30.004,1.09857,1.09859,3000000,750000
2019.10.03 14:30:30.154,1.09856,1.0986,3190000,3560000
2019.10.03 14:30:30.258,1.09857,1.09859,1570000,1500000
2019.10.03 14:30:30.410,1.09856,1.09858,750000,2810000
2019.10.03 14:30:30.511,1.09856,1.09858,1000000,500000
2019.10.03 14:30:30.872,1.09856,1.09859,1000000,560000
2019.10.03 14:30:30.973,1.09857,1.0986,2500000,750000
2019.10.03 14:30:31.074,1.09858,1.09859,750000,750000
2019.10.03 14:30:31.221,1.09855,1.09858,940000,4370000
2019.10.03 14:30:31.274,1.09855,1.09856,940000,1500000
2019.10.03 14:30:31.376,1.09854,1.09856,750000,1870000
2019.10.03 14:30:31.477,1.09854,1.09858,4750000,1870000
2019.10.03 14:30:31.889,1.09854,1.09856,750000,1870000
2019.10.03 14:30:32.155,1.09854,1.09858,3250000,1120000
2019.10.03 14:30:32.864,1.09853,1.09857,3940000,3190000
2019.10.03 14:30:33.019,1.09853,1.09856,750000,940000
2019.10.03 14:30:33.273,1.09852,1.09853,1870000,3750000
2019.10.03 14:30:33.375,1.09849,1.09852,2250000,940000
2019.10.03 14:30:33.514,1.09848,1.09851,750000,2440000
2019.10.03 14:30:33.569,1.0985,1.09852,2890000,750000
2019.10.03 14:30:33.924,1.0985,1.09851,750000,750000
2019.10.03 14:30:34.035,1.0985,1.09852,1690000,750000
2019.10.03 14:30:34.838,1.09852,1.09854,1390000,750000
2019.10.03 14:30:34.940,1.09852,1.09855,2440000,1120000
2019.10.03 14:30:35.092,1.09852,1.09854,750000,1120000
2019.10.03 14:30:35.611,1.09851,1.09855,3450000,3190000
2019.10.03 14:30:36.268,1.09852,1.09855,1310000,1500000
2019.10.03 14:30:36.369,1.09853,1.09855,500000,1690000
2019.10.03 14:30:36.623,1.09852,1.09855,500000,4690000
2019.10.03 14:30:36.826,1.09852,1.09855,500000,4750000
2019.10.03 14:30:38.330,1.09852,1.09855,500000,3940000
2019.10.03 14:30:38.468,1.09852,1.09855,500000,7000000
2019.10.03 14:30:38.673,1.09854,1.09855,500000,750000
2019.10.03 14:30:38.826,1.09856,1.09858,5890000,1500000
2019.10.03 14:30:38.929,1.09857,1.09859,1000000,3000000
2019.10.03 14:30:38.981,1.09858,1.09862,9320000,750000
2019.10.03 14:30:39.100,1.09858,1.0986,750000,750000
2019.10.03 14:30:40.549,1.09859,1.0986,750000,750000
2019.10.03 14:30:40.678,1.09858,1.09862,1690000,2810000
2019.10.03 14:30:40.830,1.09858,1.09861,750000,560000
2019.10.03 14:30:41.978,1.09857,1.09858,750000,940000
2019.10.03 14:30:42.093,1.09855,1.09856,500000,940000
2019.10.03 14:30:42.144,1.09855,1.09858,3560000,1000000
2019.10.03 14:30:43.515,1.09856,1.0986,149139999,8810000
2019.10.03 14:30:43.566,1.09857,1.0986,150820007,1000000
2019.10.03 14:30:43.617,1.09856,1.09859,1120000,3580000
2019.10.03 14:30:43.718,1.09856,1.0986,157389999,5060000
2019.10.03 14:30:43.820,1.09857,1.0986,940000,750000
2019.10.03 14:30:43.922,1.09856,1.0986,163759995,9190000
2019.10.03 14:30:44.004,1.09858,1.0986,940000,750000
2019.10.03 14:30:44.106,1.09856,1.09859,750000,3190000
2019.10.03 14:30:44.208,1.09856,1.0986,175009995,1310000
2019.10.03 14:30:44.259,1.09855,1.09858,750000,2500000
2019.10.03 14:30:44.665,1.09855,1.09856,500000,940000
2019.10.03 14:30:45.211,1.09854,1.09856,500000,940000
2019.10.03 14:30:46.389,1.09855,1.09856,500000,1500000
2019.10.03 14:30:46.440,1.09856,1.09858,191509995,750000
2019.10.03 14:30:46.696,1.09857,1.09858,1500000,750000
2019.10.03 14:30:46.798,1.09859,1.0986,750000,750000
2019.10.03 14:30:46.849,1.09857,1.0986,750000,3560000
2019.10.03 14:30:47.153,1.09858,1.0986,750000,750000
2019.10.03 14:30:47.265,1.09857,1.0986,750000,5810000
2019.10.03 14:30:48.996,1.09857,1.09859,1690000,1500000
2019.10.03 14:30:49.098,1.09857,1.09859,1000000,3750000
2019.10.03 14:30:49.554,1.09857,1.09861,1750000,3000000
2019.10.03 14:30:49.756,1.09856,1.09857,750000,560000
2019.10.03 14:30:49.807,1.09854,1.09857,1120000,1000000
2019.10.03 14:30:49.908,1.09854,1.09857,2250000,940000
2019.10.03 14:30:50.010,1.09854,1.09857,1750000,750000
2019.10.03 14:30:50.111,1.09854,1.09857,1500000,750000
2019.10.03 14:30:50.322,1.09853,1.09857,1500000,3560000
2019.10.03 14:30:50.747,1.09853,1.09857,1970000,2060000
2019.10.03 14:30:50.849,1.09852,1.09855,750000,1310000
2019.10.03 14:30:50.954,1.09853,1.09855,750000,750000
2019.10.03 14:30:51.841,1.09852,1.09856,1760000,4310000
2019.10.03 14:30:52.012,1.09853,1.09856,940000,1500000
2019.10.03 14:30:52.721,1.09855,1.09857,1750000,4500000
2019.10.03 14:30:52.822,1.09857,1.09859,1750000,750000
2019.10.03 14:30:52.873,1.09856,1.0986,1390000,4310000
2019.10.03 14:30:52.974,1.09857,1.0986,940000,750000
2019.10.03 14:30:53.060,1.09856,1.09858,750000,4370000
2019.10.03 14:30:53.111,1.09856,1.0986,2890000,5810000
2019.10.03 14:30:53.212,1.09857,1.09859,750000,750000
2019.10.03 14:30:53.314,1.09856,1.09858,750000,4310000
2019.10.03 14:30:54.987,1.09856,1.09859,820000,3560000
2019.10.03 14:30:55.089,1.09857,1.09859,1010000,500000
2019.10.03 14:30:56.107,1.09856,1.09859,1010000,1870000
2019.10.03 14:30:56.577,1.09854,1.09857,750000,4000000
2019.10.03 14:30:56.830,1.09854,1.09858,4790000,2810000
2019.10.03 14:30:56.931,1.09854,1.09857,1500000,1370000
2019.10.03 14:30:57.108,1.09854,1.09857,2320000,1310000
2019.10.03 14:30:57.260,1.09854,1.09856,1570000,500000
2019.10.03 14:30:57.361,1.09852,1.09854,1500000,1870000
2019.10.03 14:30:57.564,1.09852,1.09853,1500000,560000
2019.10.03 14:30:57.694,1.09852,1.09854,1760000,560000
2019.10.03 14:30:57.896,1.09851,1.09852,750000,1500000
2019.10.03 14:30:57.998,1.0985,1.09853,2510000,750000
2019.10.03 14:30:58.204,1.0985,1.09852,750000,940000
2019.10.03 14:30:58.458,1.0985,1.09854,5140000,940000
2019.10.03 14:30:58.560,1.09852,1.09855,3260000,750000
2019.10.03 14:30:58.785,1.09852,1.09856,940000,1310000
2019.10.03 14:30:59.563,1.09854,1.09856,1690000,500000
2019.10.03 14:31:00.116,1.09853,1.09855,2250000,500000
2019.10.03 14:31:00.167,1.09852,1.09854,750000,500000
2019.10.03 14:31:00.268,1.09852,1.09853,750000,500000
2019.10.03 14:31:00.370,1.0985,1.09853,3070000,940000
2019.10.03 14:31:00.524,1.09849,1.09853,4010000,5440000
2019.10.03 14:31:00.625,1.0985,1.09853,3190000,750000
2019.10.03 14:31:00.935,1.09849,1.09852,1200000,1310000
2019.10.03 14:31:01.029,1.09848,1.0985,750000,940000
2019.10.03 14:31:01.080,1.09845,1.09847,1120000,750000
2019.10.03 14:31:01.131,1.09843,1.09846,500000,3000000
2019.10.03 14:31:01.232,1.09842,1.09846,7220000,4890000
2019.10.03 14:31:01.283,1.09842,1.09843,750000,1120000
2019.10.03 14:31:01.720,1.09839,1.09843,750000,4370000
2019.10.03 14:31:01.872,1.09839,1.09844,7760000,4370000
2019.10.03 14:31:02.024,1.09839,1.09843,500000,4370000
2019.10.03 14:31:02.153,1.0984,1.09843,2500000,1690000
2019.10.03 14:31:02.254,1.0984,1.09844,2890000,1690000
2019.10.03 14:31:02.356,1.0984,1.09843,750000,1690000
2019.10.03 14:31:02.458,1.09841,1.09844,2440000,750000
2019.10.03 14:31:02.870,1.0984,1.09844,940000,2060000
2019.10.03 14:31:03.191,1.09841,1.09845,3320000,1870000
2019.10.03 14:31:03.292,1.09841,1.09845,1010000,4690000
2019.10.03 14:31:03.444,1.09842,1.09844,2250000,750000
2019.10.03 14:31:03.546,1.09841,1.09844,4760000,500000
2019.10.03 14:31:03.686,1.0984,1.09844,3190000,2440000
2019.10.03 14:31:03.787,1.0984,1.09843,1500000,6190000
2019.10.03 14:31:03.889,1.0984,1.09844,3640000,2810000
2019.10.03 14:31:04.456,1.0984,1.09843,2250000,4310000
2019.10.03 14:31:04.557,1.0984,1.09844,7760000,3560000
2019.10.03 14:31:04.659,1.0984,1.09844,3320000,1870000
2019.10.03 14:31:04.811,1.09842,1.09844,1500000,750000
2019.10.03 14:31:04.951,1.09842,1.09845,1690000,750000
2019.10.03 14:31:05.104,1.09843,1.09846,1010000,3000000
2019.10.03 14:31:05.205,1.09844,1.09847,1750000,1500000
2019.10.03 14:31:05.307,1.09846,1.0985,5570000,3000000
2019.10.03 14:31:05.432,1.09846,1.09848,750000,1500000
2019.10.03 14:31:05.585,1.09846,1.09849,3620000,2250000
2019.10.03 14:31:05.635,1.09846,1.09849,2440000,2250000
2019.10.03 14:31:05.888,1.09848,1.0985,1370000,750000
2019.10.03 14:31:06.089,1.09849,1.09852,3320000,750000
2019.10.03 14:31:06.191,1.0985,1.09853,1750000,750000
2019.10.03 14:31:06.241,1.09853,1.09854,5140000,1500000
2019.10.03 14:31:06.343,1.09852,1.09854,1010000,750000
2019.10.03 14:31:06.445,1.09853,1.09856,4390000,1870000
2019.10.03 14:31:06.546,1.09853,1.09856,1000000,1870000
2019.10.03 14:31:06.648,1.09853,1.09856,2500000,1870000
2019.10.03 14:31:06.749,1.09853,1.09858,5200000,3370000
2019.10.03 14:31:06.862,1.09854,1.09857,1000000,1500000
2019.10.03 14:31:06.963,1.09855,1.09859,4760000,1690000
2019.10.03 14:31:07.166,1.09855,1.09858,750000,1690000
2019.10.03 14:31:07.268,1.09856,1.09859,1690000,1500000
2019.10.03 14:31:07.371,1.09856,1.0986,2140000,1690000
2019.10.03 14:31:07.522,1.09857,1.0986,940000,750000
2019.10.03 14:31:07.745,1.09856,1.09858,1870000,940000
2019.10.03 14:31:07.796,1.09854,1.09857,750000,3560000
2019.10.03 14:31:07.898,1.09853,1.09854,1500000,940000
2019.10.03 14:31:07.949,1.09851,1.09852,3000000,940000
2019.10.03 14:31:08.051,1.09849,1.09851,750000,1370000
2019.10.03 14:31:08.102,1.09849,1.09851,750000,500000
2019.10.03 14:31:08.314,1.09849,1.09852,3260000,500000
2019.10.03 14:31:08.669,1.0985,1.09852,750000,750000
2019.10.03 14:31:08.779,1.0985,1.09853,3940000,1500000
2019.10.03 14:31:08.931,1.09848,1.09849,750000,940000
2019.10.03 14:31:09.033,1.09847,1.09849,3190000,750000
2019.10.03 14:31:09.181,1.09846,1.09848,1120000,2250000
2019.10.03 14:31:09.283,1.09846,1.09848,4000000,750000
2019.10.03 14:31:09.662,1.09845,1.09847,1690000,940000
2019.10.03 14:31:10.081,1.09844,1.09846,1870000,1310000
2019.10.03 14:31:10.284,1.09844,1.09846,500000,2120000
2019.10.03 14:31:10.437,1.09843,1.09845,750000,5060000
2019.10.03 14:31:10.589,1.0984,1.09843,1500000,1690000
2019.10.03 14:31:10.790,1.09839,1.09843,3250000,3370000
2019.10.03 14:31:11.256,1.09839,1.09844,2890000,2870000
2019.10.03 14:31:11.357,1.0984,1.09842,750000,940000
2019.10.03 14:31:11.458,1.0984,1.09842,1750000,750000
2019.10.03 14:31:11.615,1.09839,1.09842,1750000,3560000
2019.10.03 14:31:11.717,1.09839,1.09842,940000,3370000
2019.10.03 14:31:11.818,1.0984,1.09842,750000,1690000
2019.10.03 14:31:12.344,1.09841,1.09844,3750000,1690000
2019.10.03 14:31:12.446,1.09841,1.09845,2140000,1690000
2019.10.03 14:31:12.547,1.09842,1.09845,640000,1500000
2019.10.03 14:31:12.648,1.09844,1.09846,600000,4500000
2019.10.03 14:31:12.700,1.09844,1.09848,750000,6190000
2019.10.03 14:31:12.802,1.09844,1.09848,1000000,4500000
2019.10.03 14:31:12.904,1.09845,1.09847,940000,750000
2019.10.03 14:31:13.005,1.09843,1.09847,1750000,5620000
2019.10.03 14:31:13.178,1.09841,1.09842,750000,940000
2019.10.03 14:31:13.229,1.0984,1.09841,750000,750000
2019.10.03 14:31:13.381,1.09838,1.09842,2060000,3190000
2019.10.03 14:31:13.483,1.09838,1.09842,4040000,1500000
2019.10.03 14:31:13.634,1.09838,1.09842,6260000,1500000
2019.10.03 14:31:13.750,1.09839,1.0984,750000,750000
2019.10.03 14:31:13.852,1.09838,1.09841,500000,750000
2019.10.03 14:31:13.954,1.09838,1.09842,3640000,750000
2019.10.03 14:31:14.108,1.09839,1.09843,1450000,4120000
2019.10.03 14:31:14.213,1.09839,1.09843,750000,4750000
2019.10.03 14:31:14.315,1.09839,1.09842,1690000,2620000
2019.10.03 14:31:14.416,1.09839,1.09842,2500000,1500000
2019.10.03 14:31:14.467,1.0984,1.09842,820000,750000
2019.10.03 14:31:14.582,1.09839,1.09843,1690000,4310000
2019.10.03 14:31:15.104,1.09842,1.09844,1820000,750000
2019.10.03 14:31:15.243,1.09843,1.09845,2220000,750000
2019.10.03 14:31:15.294,1.09844,1.09846,1750000,1500000
2019.10.03 14:31:15.403,1.09844,1.09848,4100000,940000
2019.10.03 14:31:15.504,1.09843,1.09847,2200000,5060000
2019.10.03 14:31:15.712,1.09842,1.09845,750000,4690000
2019.10.03 14:31:15.813,1.09843,1.09845,750000,750000
2019.10.03 14:31:16.423,1.09842,1.09845,2500000,5630000
2019.10.03 14:31:16.625,1.09841,1.09844,1690000,1690000
2019.10.03 14:31:16.727,1.09842,1.09844,1000000,1500000
2019.10.03 14:31:16.778,1.09843,1.09846,1450000,2250000
2019.10.03 14:31:16.894,1.09845,1.09847,1000000,750000
2019.10.03 14:31:16.996,1.09845,1.09847,750000,750000
2019.10.03 14:31:17.098,1.09844,1.09846,940000,2250000
2019.10.03 14:31:17.199,1.09843,1.09847,3940000,5060000
2019.10.03 14:31:17.458,1.09845,1.09848,4750000,750000
2019.10.03 14:31:17.660,1.09844,1.09848,4750000,3000000
2019.10.03 14:31:18.815,1.09845,1.09847,1690000,750000
2019.10.03 14:31:18.916,1.09844,1.09847,1070000,2250000
2019.10.03 14:31:19.068,1.09845,1.09847,1820000,750000
2019.10.03 14:31:19.527,1.09845,1.09847,940000,1690000
2019.10.03 14:31:20.895,1.09846,1.09848,1000000,1500000
2019.10.03 14:31:21.040,1.09848,1.09849,1500000,2620000
2019.10.03 14:31:21.091,1.09848,1.0985,1870000,1510000
2019.10.03 14:31:21.192,1.09848,1.0985,1690000,750000
2019.10.03 14:31:21.625,1.09848,1.09849,750000,1500000
2019.10.03 14:31:21.676,1.09846,1.09848,1120000,4500000
2019.10.03 14:31:21.778,1.09845,1.09847,750000,1500000
2019.10.03 14:31:22.188,1.09844,1.09845,3370000,1500000
2019.10.03 14:31:22.290,1.0984,1.09843,1870000,2870000
2019.10.03 14:31:22.391,1.0984,1.09842,750000,940000
2019.10.03 14:31:22.540,1.0984,1.09844,2500000,1000000
2019.10.03 14:31:22.642,1.0984,1.09844,2500000,750000
2019.10.03 14:31:22.743,1.09839,1.09844,5870000,7690000
2019.10.03 14:31:22.844,1.0984,1.09844,7010000,940000
2019.10.03 14:31:22.996,1.09839,1.09844,7000000,4690000
2019.10.03 14:31:23.111,1.0984,1.09844,6250000,750000
2019.10.03 14:31:23.592,1.0984,1.09844,3700000,4000000
2019.10.03 14:31:23.830,1.0984,1.09844,3700000,3000000
2019.10.03 14:31:23.931,1.09841,1.09844,5950000,750000
2019.10.03 14:31:24.033,1.0984,1.09844,6320000,3000000
2019.10.03 14:31:24.464,1.09839,1.09843,1310000,5060000
2019.10.03 14:31:24.717,1.09839,1.09843,2500000,5870000
2019.10.03 14:31:24.823,1.09839,1.09843,1500000,5500000
2019.10.03 14:31:25.531,1.0984,1.09842,500000,750000
2019.10.03 14:31:25.784,1.09839,1.09843,1690000,4310000
2019.10.03 14:31:25.886,1.0984,1.09843,1870000,940000
2019.10.03 14:31:26.406,1.09842,1.09844,1310000,750000
2019.10.03 14:31:26.562,1.09841,1.09844,1310000,1500000
2019.10.03 14:31:26.663,1.09843,1.09845,1760000,750000
2019.10.03 14:31:26.765,1.09843,1.09844,750000,2250000
2019.10.03 14:31:26.866,1.09841,1.09844,750000,5060000
2019.10.03 14:31:27.119,1.09841,1.09845,2810000,3560000
2019.10.03 14:31:27.221,1.09841,1.09844,750000,4310000
2019.10.03 14:31:27.373,1.09842,1.09844,500000,750000
2019.10.03 14:31:27.524,1.09841,1.09844,1120000,4310000
2019.10.03 14:31:27.929,1.09842,1.09845,560000,1370000
2019.10.03 14:31:28.031,1.09845,1.09846,750000,1310000
2019.10.03 14:31:28.082,1.09847,1.09848,940000,750000
2019.10.03 14:31:28.183,1.09845,1.09847,750000,5870000
2019.10.03 14:31:28.285,1.09845,1.09846,750000,940000
2019.10.03 14:31:28.439,1.09844,1.09847,1500000,940000
2019.10.03 14:31:29.038,1.09845,1.09848,940000,2620000
2019.10.03 14:31:29.139,1.09845,1.09849,2060000,3560000
2019.10.03 14:31:29.712,1.09846,1.09849,3560000,500000
2019.10.03 14:31:29.966,1.09845,1.09849,2060000,3560000
2019.10.03 14:31:30.067,1.09846,1.09849,2060000,1120000
2019.10.03 14:31:30.294,1.09846,1.09848,750000,1870000
2019.10.03 14:31:30.396,1.09846,1.09849,560000,1870000
2019.10.03 14:31:30.497,1.09847,1.09849,940000,1120000
2019.10.03 14:31:30.649,1.09848,1.09851,3370000,560000
2019.10.03 14:31:30.798,1.09849,1.09851,940000,3000000
2019.10.03 14:31:30.900,1.09848,1.09852,7000000,1870000
2019.10.03 14:31:31.002,1.09848,1.0985,750000,1500000
2019.10.03 14:31:31.605,1.09847,1.09851,1690000,4310000
2019.10.03 14:31:31.758,1.0985,1.09852,6190000,500000
2019.10.03 14:31:31.810,1.09853,1.09855,3750000,1870000
2019.10.03 14:31:31.925,1.09854,1.09855,940000,750000
2019.10.03 14:31:31.976,1.09851,1.09853,750000,2440000
2019.10.03 14:31:32.027,1.09851,1.09854,940000,3250000
2019.10.03 14:31:32.229,1.09851,1.09854,750000,3190000
2019.10.03 14:31:33.021,1.09851,1.09855,3940000,2440000
2019.10.03 14:31:33.226,1.09852,1.09855,1690000,2620000
2019.10.03 14:31:33.327,1.09853,1.09856,940000,4120000
2019.10.03 14:31:33.429,1.09854,1.09857,940000,500000
2019.10.03 14:31:33.569,1.09854,1.09858,1690000,1310000
2019.10.03 14:31:33.620,1.09858,1.09859,940000,1120000
2019.10.03 14:31:33.723,1.09858,1.09862,2870000,1000000
2019.10.03 14:31:33.875,1.09858,1.09862,2810000,940000
2019.10.03 14:31:33.977,1.09857,1.0986,2250000,5440000
2019.10.03 14:31:34.081,1.09856,1.09857,500000,750000
2019.10.03 14:31:34.233,1.09853,1.09857,2120000,1200000
2019.10.03 14:31:34.335,1.09851,1.09854,750000,6280000
2019.10.03 14:31:34.779,1.09851,1.09855,1690000,2060000
2019.10.03 14:31:34.881,1.09852,1.09856,4450000,1870000
2019.10.03 14:31:34.982,1.09852,1.09856,4000000,2200000
2019.10.03 14:31:35.083,1.09854,1.09856,1750000,500000
2019.10.03 14:31:35.291,1.09853,1.09856,1000000,1310000
2019.10.03 14:31:35.443,1.09853,1.09856,1500000,1310000
2019.10.03 14:31:35.979,1.09854,1.09857,4310000,500000
2019.10.03 14:31:36.377,1.09856,1.09857,940000,500000
2019.10.03 14:31:36.479,1.09855,1.09857,1690000,2060000
2019.10.03 14:31:36.661,1.09853,1.09855,1500000,3250000
2019.10.03 14:31:36.763,1.09852,1.09854,3370000,940000
2019.10.03 14:31:37.113,1.09853,1.09854,1690000,750000
2019.10.03 14:31:37.214,1.09851,1.09854,1500000,1690000
2019.10.03 14:31:37.265,1.09851,1.09852,750000,940000
2019.10.03 14:31:37.448,1.0985,1.09852,750000,3560000
2019.10.03 14:31:37.600,1.0985,1.09853,1500000,3190000
2019.10.03 14:31:37.809,1.0985,1.09853,1500000,1750000
2019.10.03 14:31:38.452,1.09851,1.09852,750000,940000
2019.10.03 14:31:38.654,1.0985,1.09853,2440000,1000000
2019.10.03 14:31:38.806,1.09849,1.09853,2440000,1690000
2019.10.03 14:31:38.918,1.09848,1.09851,750000,3940000
2019.10.03 14:31:39.020,1.09848,1.09852,3940000,4310000
2019.10.03 14:31:39.121,1.09849,1.09852,940000,1870000
2019.10.03 14:31:39.222,1.0985,1.09853,2870000,750000
2019.10.03 14:31:39.529,1.09852,1.09853,750000,1120000
2019.10.03 14:31:39.630,1.09851,1.09853,2250000,1500000
2019.10.03 14:31:39.833,1.09849,1.09853,3190000,5440000
2019.10.03 14:31:39.884,1.0985,1.09853,3750000,1000000
2019.10.03 14:31:39.986,1.09849,1.09853,4000000,2440000
2019.10.03 14:31:40.090,1.0985,1.09853,4000000,500000
2019.10.03 14:31:40.192,1.09849,1.09853,4000000,1690000
2019.10.03 14:31:40.395,1.0985,1.09853,4070000,500000
2019.10.03 14:31:40.520,1.09849,1.09853,4000000,1690000
2019.10.03 14:31:40.622,1.0985,1.09852,940000,750000
2019.10.03 14:31:41.567,1.0985,1.09853,1500000,2810000
2019.10.03 14:31:41.700,1.09851,1.09854,1690000,500000
2019.10.03 14:31:41.852,1.0985,1.09853,560000,2060000
2019.10.03 14:31:43.126,1.09854,1.09855,2510000,900000
2019.10.03 14:31:43.416,1.09855,1.09856,750000,1120000
2019.10.03 14:31:43.517,1.09855,1.09857,940000,750000
2019.10.03 14:31:43.618,1.09854,1.09858,1310000,4390000
2019.10.03 14:31:43.972,1.09855,1.09857,1500000,750000
2019.10.03 14:31:44.387,1.09857,1.09859,1000000,1120000
2019.10.03 14:31:44.439,1.09857,1.0986,4760000,750000
2019.10.03 14:31:44.541,1.09857,1.09859,500000,1120000
2019.10.03 14:31:44.674,1.09857,1.0986,1690000,1870000
2019.10.03 14:31:44.776,1.09856,1.09858,1870000,1750000
2019.10.03 14:31:44.877,1.09854,1.09858,1870000,11200000
2019.10.03 14:31:44.978,1.09854,1.09857,750000,6700000
2019.10.03 14:31:45.029,1.09854,1.09857,750000,5890000
2019.10.03 14:31:45.134,1.09854,1.09857,750000,5910000
2019.10.03 14:31:45.437,1.09854,1.09857,1690000,4570000
2019.10.03 14:31:45.836,1.09854,1.09856,750000,820000
2019.10.03 14:31:45.886,1.09852,1.09854,1690000,560000
2019.10.03 14:31:45.988,1.09853,1.09855,1760000,1250000
2019.10.03 14:31:46.090,1.09854,1.09857,2870000,1120000
2019.10.03 14:31:46.191,1.09854,1.09857,2060000,750000
2019.10.03 14:31:46.400,1.09853,1.09857,2060000,5060000
2019.10.03 14:31:46.766,1.09853,1.09857,4370000,2440000
2019.10.03 14:31:46.983,1.09851,1.09854,500000,5060000
2019.10.03 14:31:47.135,1.09852,1.09854,1500000,750000
2019.10.03 14:31:47.236,1.09852,1.09855,2440000,750000
2019.10.03 14:31:47.338,1.09853,1.09855,1690000,500000
2019.10.03 14:31:47.496,1.09852,1.09855,2440000,2250000
2019.10.03 14:31:47.598,1.09851,1.09854,750000,7690000
2019.10.03 14:31:47.901,1.09851,1.09855,3190000,4500000
2019.10.03 14:31:47.952,1.09851,1.09853,1120000,1690000
2019.10.03 14:31:48.668,1.09852,1.09853,940000,750000
2019.10.03 14:31:48.868,1.09851,1.09853,940000,940000
2019.10.03 14:31:48.969,1.09851,1.09853,750000,1750000
2019.10.03 14:31:49.071,1.09853,1.09855,560000,3370000
2019.10.03 14:31:49.122,1.09853,1.09857,2510000,4310000
2019.10.03 14:31:49.267,1.09852,1.09854,750000,1820000
2019.10.03 14:31:49.319,1.09851,1.09854,750000,2060000
2019.10.03 14:31:49.421,1.09854,1.09856,1370000,750000
2019.10.03 14:31:49.523,1.09853,1.09857,3320000,1000000
2019.10.03 14:31:50.822,1.09852,1.09857,2870000,3560000
2019.10.03 14:31:50.981,1.09854,1.09857,2500000,500000
2019.10.03 14:31:51.083,1.09852,1.09854,1500000,750000
2019.10.03 14:31:51.562,1.09852,1.09855,1310000,750000
2019.10.03 14:31:51.890,1.09853,1.09855,940000,500000
2019.10.03 14:31:52.094,1.09853,1.09856,2890000,1500000
2019.10.03 14:31:52.456,1.09852,1.09854,1500000,940000
2019.10.03 14:31:52.558,1.09852,1.09853,750000,940000
2019.10.03 14:31:52.710,1.09851,1.09853,500000,1870000
2019.10.03 14:31:52.811,1.09851,1.09855,2870000,1870000
2019.10.03 14:31:53.024,1.09852,1.09854,750000,750000
2019.10.03 14:31:53.125,1.09851,1.09855,560000,4310000
2019.10.03 14:31:53.227,1.09852,1.09856,7750000,1870000
2019.10.03 14:31:53.328,1.09853,1.09856,1370000,2620000
2019.10.03 14:31:53.429,1.09853,1.09856,1310000,4870000
2019.10.03 14:31:53.650,1.09854,1.09857,1070000,1500000
2019.10.03 14:31:53.752,1.09854,1.09858,3320000,2620000
2019.10.03 14:31:54.159,1.09855,1.09858,4820000,500000
2019.10.03 14:31:54.557,1.09857,1.09859,2870000,750000
2019.10.03 14:31:54.686,1.09857,1.09859,1120000,500000
2019.10.03 14:31:55.109,1.09856,1.09859,500000,3560000
2019.10.03 14:31:55.210,1.09857,1.09859,560000,750000
2019.10.03 14:31:55.362,1.09856,1.09859,560000,3450000
2019.10.03 14:31:55.463,1.09857,1.09859,500000,1500000
2019.10.03 14:31:55.678,1.09856,1.09859,1310000,1500000
2019.10.03 14:31:58.165,1.09858,1.0986,560000,940000
2019.10.03 14:31:58.275,1.09858,1.09862,2500000,2250000
2019.10.03 14:31:59.188,1.09857,1.09861,560000,3560000
2019.10.03 14:31:59.314,1.09858,1.09862,1750000,750000
2019.10.03 14:32:00.104,1.09858,1.09862,3940000,1690000
2019.10.03 14:32:00.978,1.09858,1.0986,750000,750000
2019.10.03 14:32:01.108,1.09855,1.09859,1500000,2120000
2019.10.03 14:32:01.212,1.09855,1.09858,1120000,1750000
2019.10.03 14:32:04.239,1.09857,1.09859,3000000,750000
2019.10.03 14:32:04.341,1.09858,1.0986,750000,750000
2019.10.03 14:32:04.464,1.09858,1.09862,2870000,4750000
2019.10.03 14:32:04.566,1.09858,1.09862,1870000,1750000
2019.10.03 14:32:04.685,1.09858,1.09862,2060000,1690000
2019.10.03 14:32:05.660,1.0986,1.09862,500000,1690000
2019.10.03 14:32:06.041,1.09858,1.09861,940000,1120000
2019.10.03 14:32:06.143,1.09857,1.09859,750000,940000
2019.10.03 14:32:06.246,1.09857,1.09859,1500000,750000
2019.10.03 14:32:06.439,1.09857,1.09858,1690000,750000
2019.10.03 14:32:06.592,1.09855,1.09857,750000,2120000
2019.10.03 14:32:06.693,1.09853,1.09854,2250000,1690000
2019.10.03 14:32:06.835,1.0985,1.09853,1870000,2500000
2019.10.03 14:32:06.937,1.09851,1.09853,1950000,750000
2019.10.03 14:32:07.637,1.0985,1.09853,940000,2620000
2019.10.03 14:32:07.739,1.0985,1.09854,2060000,5810000
2019.10.03 14:32:07.863,1.0985,1.09853,1500000,6940000
2019.10.03 14:32:08.656,1.09851,1.09853,1500000,750000
2019.10.03 14:32:08.758,1.0985,1.09853,1310000,750000
2019.10.03 14:32:09.992,1.09851,1.09853,750000,750000
2019.10.03 14:32:10.093,1.0985,1.09853,820000,1690000
2019.10.03 14:32:10.194,1.09851,1.09853,750000,750000
2019.10.03 14:32:10.296,1.0985,1.09854,4690000,940000
2019.10.03 14:32:10.403,1.09851,1.09853,750000,750000
2019.10.03 14:32:10.505,1.0985,1.09853,750000,940000
2019.10.03 14:32:10.760,1.09851,1.09854,7310000,750000
2019.10.03 14:32:10.945,1.0985,1.09854,3940000,1690000
2019.10.03 14:32:11.046,1.09851,1.09854,940000,2620000
2019.10.03 14:32:12.240,1.09851,1.09854,750000,8120000
2019.10.03 14:32:12.291,1.09852,1.09856,4010000,940000
2019.10.03 14:32:12.443,1.09851,1.09855,750000,7750000
2019.10.03 14:32:12.544,1.09851,1.09855,940000,6940000
2019.10.03 14:32:12.812,1.09852,1.09854,750000,750000
2019.10.03 14:32:13.853,1.09851,1.09856,5760000,4690000
2019.10.03 14:32:14.006,1.09851,1.09854,1570000,3940000
2019.10.03 14:32:14.406,1.09851,1.09855,2440000,3560000
2019.10.03 14:32:14.851,1.09854,1.09857,5320000,2870000
2019.10.03 14:32:14.956,1.09855,1.09858,750000,2500000
2019.10.03 14:32:15.058,1.09855,1.09858,750000,940000
2019.10.03 14:32:15.360,1.09856,1.09858,750000,1120000
2019.10.03 14:32:15.461,1.09856,1.09859,500000,940000
2019.10.03 14:32:15.563,1.09855,1.09858,2250000,2500000
2019.10.03 14:32:15.709,1.09854,1.09856,750000,3190000
2019.10.03 14:32:16.463,1.09852,1.09855,1500000,1750000
2019.10.03 14:32:16.514,1.09851,1.09855,1500000,4750000
2019.10.03 14:32:16.782,1.09853,1.09855,1500000,2250000
2019.10.03 14:32:16.883,1.09854,1.09856,640000,1500000
2019.10.03 14:32:17.964,1.09854,1.09858,2810000,2250000
2019.10.03 14:32:18.268,1.09855,1.09858,560000,750000
2019.10.03 14:32:18.319,1.09857,1.09859,940000,750000
2019.10.03 14:32:19.045,1.09858,1.0986,500000,750000
2019.10.03 14:32:19.244,1.09858,1.09862,2140000,1690000
2019.10.03 14:32:19.368,1.09858,1.0986,750000,1690000
2019.10.03 14:32:19.809,1.09859,1.09861,750000,750000
2019.10.03 14:32:19.912,1.09859,1.09862,1120000,3560000
2019.10.03 14:32:20.140,1.0986,1.09862,1120000,750000
2019.10.03 14:32:20.655,1.09859,1.09862,500000,2440000
2019.10.03 14:32:22.764,1.09862,1.09864,1370000,750000
2019.10.03 14:32:22.817,1.09861,1.09865,2250000,2500000
2019.10.03 14:32:22.919,1.09861,1.09864,940000,4500000
2019.10.03 14:32:23.021,1.09862,1.09865,4690000,750000
2019.10.03 14:32:23.123,1.09861,1.09865,2440000,4500000
2019.10.03 14:32:23.738,1.09862,1.09865,1690000,750000
2019.10.03 14:32:23.839,1.09862,1.09865,940000,2500000
2019.10.03 14:32:24.191,1.09864,1.09866,1120000,1500000
2019.10.03 14:32:24.292,1.09864,1.09867,1120000,1500000
2019.10.03 14:32:24.651,1.09868,1.09869,4890000,3750000
2019.10.03 14:32:24.703,1.09872,1.09873,3370000,1500000
2019.10.03 14:32:24.805,1.09871,1.09872,750000,940000
2019.10.03 14:32:24.906,1.09869,1.09873,2620000,3250000
2019.10.03 14:32:25.007,1.0987,1.09872,560000,750000
2019.10.03 14:32:26.169,1.0987,1.09874,3370000,3620000
2019.10.03 14:32:26.271,1.0987,1.09874,4310000,1690000
2019.10.03 14:32:26.574,1.0987,1.09872,750000,2440000
2019.10.03 14:32:27.062,1.09871,1.09873,750000,2620000
2019.10.03 14:32:27.164,1.0987,1.09872,750000,3700000
2019.10.03 14:32:27.265,1.0987,1.09872,750000,1500000
2019.10.03 14:32:27.367,1.09869,1.09873,940000,3940000
2019.10.03 14:32:27.648,1.09869,1.09872,750000,3190000
2019.10.03 14:32:27.750,1.0987,1.09872,1500000,750000
2019.10.03 14:32:28.268,1.09871,1.09872,750000,940000
2019.10.03 14:32:28.370,1.0987,1.09872,940000,940000
2019.10.03 14:32:28.573,1.09869,1.0987,3000000,750000
2019.10.03 14:32:28.700,1.09867,1.0987,6450000,940000
2019.10.03 14:32:28.802,1.09868,1.0987,500000,1500000
2019.10.03 14:32:29.012,1.09867,1.0987,1120000,4500000
2019.10.03 14:32:29.114,1.09868,1.0987,1310000,1120000
2019.10.03 14:32:30.219,1.09867,1.0987,1310000,3750000
2019.10.03 14:32:30.655,1.09869,1.09871,560000,750000
2019.10.03 14:32:31.677,1.09868,1.09871,630000,3190000
2019.10.03 14:32:31.915,1.09868,1.09869,750000,750000
2019.10.03 14:32:32.017,1.09867,1.09869,3940000,750000
2019.10.03 14:32:32.159,1.09865,1.09869,2810000,3560000
2019.10.03 14:32:32.454,1.09866,1.09869,2810000,750000
2019.10.03 14:32:32.859,1.09865,1.09868,750000,2060000
2019.10.03 14:32:32.966,1.09866,1.09869,2060000,750000
2019.10.03 14:32:33.068,1.09867,1.0987,2950000,750000
2019.10.03 14:32:33.119,1.09865,1.09868,500000,3560000
2019.10.03 14:32:33.221,1.09865,1.09867,750000,750000
2019.10.03 14:32:34.670,1.09863,1.09867,750000,1690000
2019.10.03 14:32:35.045,1.09865,1.09867,500000,1500000
2019.10.03 14:32:35.147,1.09864,1.09868,1500000,4190000
2019.10.03 14:32:35.305,1.09864,1.09866,820000,750000
2019.10.03 14:32:35.358,1.09861,1.09865,1120000,4090000
2019.10.03 14:32:35.409,1.09862,1.09863,750000,940000
2019.10.03 14:32:35.510,1.0986,1.09863,2620000,940000
2019.10.03 14:32:35.611,1.09859,1.09862,500000,1000000
2019.10.03 14:32:35.761,1.0986,1.09863,2060000,750000
2019.10.03 14:32:35.913,1.0986,1.09864,4310000,4130000
2019.10.03 14:32:36.286,1.09861,1.09864,4310000,750000
2019.10.03 14:32:36.870,1.0986,1.09864,2810000,3260000
2019.10.03 14:32:37.398,1.09862,1.09865,1070000,1870000
2019.10.03 14:32:37.500,1.09863,1.09866,1070000,750000
2019.10.03 14:32:37.643,1.09864,1.09867,2570000,750000
2019.10.03 14:32:37.748,1.09864,1.09867,1310000,750000
2019.10.03 14:32:38.958,1.09863,1.09867,2060000,3940000
2019.10.03 14:32:39.059,1.09864,1.09867,3190000,1500000
2019.10.03 14:32:39.576,1.09864,1.09865,500000,750000
2019.10.03 14:32:39.627,1.09862,1.09864,750000,2250000
2019.10.03 14:32:39.729,1.09863,1.09866,1000000,1500000
2019.10.03 14:32:39.780,1.09863,1.09866,940000,2250000
2019.10.03 14:32:40.033,1.09864,1.09866,560000,750000
2019.10.03 14:32:40.145,1.09863,1.09866,560000,3750000
2019.10.03 14:32:40.246,1.09864,1.09866,560000,750000
2019.10.03 14:32:40.753,1.09864,1.09867,1690000,940000
2019.10.03 14:32:41.038,1.09866,1.09868,1690000,2250000
2019.10.03 14:32:41.089,1.09867,1.09869,3640000,750000
2019.10.03 14:32:41.221,1.09866,1.0987,3250000,3750000
2019.10.03 14:32:41.375,1.09867,1.0987,500000,3250000
2019.10.03 14:32:41.528,1.09869,1.09873,9700000,4500000
2019.10.03 14:32:41.629,1.0987,1.09873,7500000,3190000
2019.10.03 14:32:41.823,1.09869,1.09872,750000,1690000
2019.10.03 14:32:41.924,1.0987,1.09872,750000,750000
2019.10.03 14:32:42.026,1.09869,1.09873,2890000,3190000
2019.10.03 14:32:42.127,1.09869,1.09873,3700000,1500000
2019.10.03 14:32:42.228,1.09869,1.09871,1500000,750000
2019.10.03 14:32:42.495,1.0987,1.09873,1450000,1500000
2019.10.03 14:32:42.597,1.09871,1.09874,2060000,750000
2019.10.03 14:32:42.698,1.09871,1.09874,1310000,1000000
2019.10.03 14:32:42.803,1.0987,1.09874,1370000,2500000
2019.10.03 14:32:42.905,1.09871,1.09874,500000,2250000
2019.10.03 14:32:43.184,1.0987,1.09874,2810000,4690000
2019.10.03 14:32:43.497,1.09869,1.09872,1120000,1390000
2019.10.03 14:32:43.599,1.09868,1.09872,560000,3940000
2019.10.03 14:32:43.700,1.0987,1.09872,1310000,750000
2019.10.03 14:32:43.801,1.0987,1.09873,500000,1690000
2019.10.03 14:32:43.954,1.09869,1.09871,500000,940000
2019.10.03 14:32:44.004,1.09868,1.09873,2440000,5120000
2019.10.03 14:32:44.111,1.09869,1.09873,2500000,750000
2019.10.03 14:32:44.506,1.09871,1.09873,2320000,750000
2019.10.03 14:32:44.608,1.09871,1.09874,500000,1690000
2019.10.03 14:32:44.709,1.09871,1.09873,500000,750000
2019.10.03 14:32:44.822,1.0987,1.09873,750000,1690000
2019.10.03 14:32:45.076,1.0987,1.09874,3190000,2440000
2019.10.03 14:32:45.414,1.09871,1.09874,2620000,940000
2019.10.03 14:32:45.733,1.09872,1.09874,1870000,750000
2019.10.03 14:32:46.225,1.09872,1.09875,1870000,750000
2019.10.03 14:32:46.326,1.09873,1.09875,1120000,750000
2019.10.03 14:32:46.439,1.09873,1.09876,2060000,3750000
2019.10.03 14:32:46.844,1.09874,1.09876,500000,1500000
2019.10.03 14:32:46.977,1.09873,1.09876,500000,7310000
2019.10.03 14:32:47.270,1.09874,1.09876,500000,750000
2019.10.03 14:32:47.372,1.09873,1.09876,500000,2060000
2019.10.03 14:32:47.668,1.09872,1.09874,750000,1120000
2019.10.03 14:32:47.772,1.09871,1.09874,1500000,2440000
2019.10.03 14:32:47.923,1.09871,1.09875,7760000,940000
2019.10.03 14:32:48.237,1.0987,1.09874,1120000,1750000
2019.10.03 14:32:48.339,1.0987,1.09873,500000,940000
2019.10.03 14:32:48.760,1.09869,1.09872,750000,1750000
2019.10.03 14:32:48.863,1.09869,1.09872,1120000,2440000
2019.10.03 14:32:49.015,1.09869,1.09872,3750000,1750000
2019.10.03 14:32:49.116,1.09869,1.09872,3940000,1500000
2019.10.03 14:32:49.218,1.09868,1.09871,500000,2440000
2019.10.03 14:32:49.370,1.09869,1.09871,500000,750000
2019.10.03 14:32:49.643,1.09869,1.09872,2250000,3190000
2019.10.03 14:32:50.898,1.0987,1.09873,2250000,940000
2019.10.03 14:32:50.999,1.09869,1.09873,1310000,5440000
2019.10.03 14:32:51.101,1.0987,1.09873,940000,750000
2019.10.03 14:32:51.213,1.09869,1.09873,940000,3940000
2019.10.03 14:32:51.347,1.0987,1.09873,940000,1500000
2019.10.03 14:32:51.449,1.0987,1.09872,750000,1000000
2019.10.03 14:32:51.550,1.0987,1.09873,560000,750000
2019.10.03 14:32:51.702,1.09869,1.09873,3260000,1690000
2019.10.03 14:32:51.803,1.09869,1.09872,940000,750000
2019.10.03 14:32:51.912,1.09867,1.0987,2120000,2810000
2019.10.03 14:32:52.014,1.09867,1.0987,5140000,750000
2019.10.03 14:32:52.118,1.09868,1.0987,5320000,750000
2019.10.03 14:32:52.219,1.09867,1.0987,750000,1690000
2019.10.03 14:32:52.321,1.09867,1.09871,4390000,1690000
2019.10.03 14:32:52.813,1.09868,1.09871,2540000,750000
2019.10.03 14:32:52.915,1.09868,1.09871,2060000,750000
2019.10.03 14:32:53.067,1.09868,1.0987,820000,750000
2019.10.03 14:32:53.413,1.09868,1.09871,1570000,2440000
2019.10.03 14:32:53.514,1.09869,1.09871,500000,750000
2019.10.03 14:32:53.936,1.09869,1.09872,1010000,750000
2019.10.03 14:32:54.197,1.09869,1.09872,2160000,750000
2019.10.03 14:32:54.299,1.09869,1.09872,1690000,750000
2019.10.03 14:32:54.401,1.09868,1.09872,2810000,2440000
2019.10.03 14:32:55.077,1.09868,1.09872,3660000,2440000
2019.10.03 14:32:55.573,1.09868,1.09872,2440000,2440000
2019.10.03 14:32:56.764,1.09867,1.0987,5060000,3000000
2019.10.03 14:32:56.865,1.09866,1.09867,500000,1500000
2019.10.03 14:32:57.017,1.09863,1.09866,750000,1750000
2019.10.03 14:32:59.776,1.09862,1.09864,1500000,2500000
2019.10.03 14:32:59.864,1.09861,1.09863,500000,500000
2019.10.03 14:32:59.966,1.09861,1.09864,8060000,750000
2019.10.03 14:33:00.603,1.09862,1.09864,1500000,750000
2019.10.03 14:33:00.857,1.09861,1.09865,940000,3190000
2019.10.03 14:33:00.958,1.09862,1.09865,1690000,3000000
2019.10.03 14:33:01.184,1.09861,1.09863,1120000,1690000
2019.10.03 14:33:01.235,1.09859,1.09862,1120000,2060000
2019.10.03 14:33:01.336,1.09859,1.09862,1750000,2440000
2019.10.03 14:33:02.322,1.09861,1.09863,1390000,750000
2019.10.03 14:33:02.424,1.0986,1.09864,2060000,1690000
2019.10.03 14:33:02.696,1.0986,1.09862,940000,940000
2019.10.03 14:33:03.124,1.09861,1.09862,500000,940000
2019.10.03 14:33:03.226,1.09859,1.09862,560000,750000
2019.10.03 14:33:03.993,1.0986,1.09864,6250000,1500000
2019.10.03 14:33:04.044,1.09861,1.09863,2500000,750000
2019.10.03 14:33:04.951,1.09861,1.09863,750000,4500000
2019.10.03 14:33:05.053,1.09862,1.09865,2500000,1500000
2019.10.03 14:33:05.104,1.09865,1.09867,2890000,3000000
2019.10.03 14:33:05.156,1.09865,1.09869,2310000,3000000
2019.10.03 14:33:05.258,1.09866,1.09869,500000,940000
2019.10.03 14:33:05.337,1.09865,1.09867,500000,1500000
2019.10.03 14:33:05.440,1.09865,1.09868,1120000,2060000
2019.10.03 14:33:05.668,1.09864,1.09868,1120000,6560000
2019.10.03 14:33:05.770,1.09864,1.09868,2120000,750000
2019.10.03 14:33:05.871,1.09864,1.09868,3620000,750000
2019.10.03 14:33:06.572,1.09863,1.09865,1310000,750000
2019.10.03 14:33:06.674,1.09862,1.09863,1870000,1500000
2019.10.03 14:33:06.775,1.0986,1.09863,4750000,940000
2019.10.03 14:33:06.877,1.09859,1.09863,4450000,750000
2019.10.03 14:33:07.693,1.0986,1.09863,4000000,3940000
2019.10.03 14:33:07.946,1.09859,1.09862,1750000,1690000
2019.10.03 14:33:08.048,1.09858,1.09862,1370000,3940000
2019.10.03 14:33:08.411,1.0986,1.09863,500000,2440000
2019.10.03 14:33:08.512,1.09859,1.09863,1370000,3000000
2019.10.03 14:33:08.714,1.0986,1.09863,2120000,750000
2019.10.03 14:33:08.815,1.09859,1.09863,1000000,2250000
2019.10.03 14:33:09.066,1.09859,1.09863,2060000,1690000
2019.10.03 14:33:09.167,1.0986,1.09862,1310000,750000
2019.10.03 14:33:09.369,1.09858,1.09862,1310000,3190000
2019.10.03 14:33:09.956,1.09858,1.09861,750000,1500000
2019.10.03 14:33:10.106,1.09857,1.09861,1370000,1500000
2019.10.03 14:33:10.157,1.09858,1.09862,5140000,940000
2019.10.03 14:33:10.258,1.09858,1.09862,3250000,3190000
2019.10.03 14:33:10.666,1.09858,1.0986,1000000,750000
2019.10.03 14:33:10.774,1.09858,1.0986,1500000,750000
2019.10.03 14:33:10.927,1.09858,1.0986,1750000,750000
2019.10.03 14:33:11.039,1.09856,1.09859,4310000,2320000
2019.10.03 14:33:11.091,1.09856,1.09857,500000,2250000
2019.10.03 14:33:11.192,1.09855,1.09858,500000,940000
2019.10.03 14:33:11.344,1.09854,1.09857,750000,3390000
2019.10.03 14:33:11.454,1.09854,1.09857,500000,1090000
2019.10.03 14:33:11.658,1.09852,1.09855,560000,5250000
2019.10.03 14:33:12.239,1.09853,1.09856,1000000,3750000
2019.10.03 14:33:12.403,1.09854,1.09857,1750000,1000000
2019.10.03 14:33:12.505,1.09855,1.09859,3560000,2440000
2019.10.03 14:33:13.739,1.09855,1.09859,3620000,3000000
2019.10.03 14:33:13.791,1.09855,1.09856,750000,750000
2019.10.03 14:33:13.898,1.09854,1.09856,1000000,3750000
2019.10.03 14:33:15.574,1.09854,1.09856,1000000,750000
2019.10.03 14:33:15.930,1.09853,1.09856,1000000,3000000
2019.10.03 14:33:16.386,1.09853,1.09857,1750000,3940000
2019.10.03 14:33:16.639,1.09854,1.09857,2500000,750000
2019.10.03 14:33:18.071,1.09855,1.09857,750000,940000
2019.10.03 14:33:18.172,1.09856,1.09858,750000,2250000
2019.10.03 14:33:18.366,1.09857,1.09858,750000,750000
2019.10.03 14:33:18.467,1.09856,1.09859,750000,5950000
2019.10.03 14:33:18.518,1.09856,1.09859,1690000,3750000
2019.10.03 14:33:19.323,1.09856,1.09859,4000000,750000
2019.10.03 14:33:19.424,1.09854,1.09857,560000,1650000
2019.10.03 14:33:19.526,1.09854,1.09858,2200000,750000
2019.10.03 14:33:19.720,1.09853,1.09856,1000000,750000
2019.10.03 14:33:20.647,1.09854,1.09857,2120000,750000
2019.10.03 14:33:22.715,1.09856,1.09858,3560000,750000
2019.10.03 14:33:22.843,1.09856,1.09858,1870000,1000000
2019.10.03 14:33:23.280,1.09858,1.09861,2810000,1500000
2019.10.03 14:33:23.382,1.09859,1.0986,750000,1500000
2019.10.03 14:33:23.508,1.09859,1.09862,2500000,750000
2019.10.03 14:33:24.170,1.09859,1.09862,2440000,750000
2019.10.03 14:33:25.105,1.09857,1.0986,2620000,5210000
2019.10.03 14:33:25.206,1.09857,1.09859,750000,1120000
2019.10.03 14:33:25.617,1.09858,1.0986,940000,750000
2019.10.03 14:33:25.769,1.09857,1.0986,940000,4570000
2019.10.03 14:33:25.871,1.09858,1.09862,3250000,750000
2019.10.03 14:33:26.985,1.09857,1.09861,940000,3560000
2019.10.03 14:33:27.087,1.09855,1.09858,500000,1690000
2019.10.03 14:33:27.190,1.09854,1.09858,1310000,2440000
2019.10.03 14:33:27.292,1.09854,1.09858,4000000,2250000
2019.10.03 14:33:27.495,1.09856,1.09858,500000,750000
2019.10.03 14:33:27.854,1.09857,1.09858,940000,750000
2019.10.03 14:33:27.955,1.09856,1.09858,940000,2440000
2019.10.03 14:33:28.158,1.09857,1.0986,750000,1500000
2019.10.03 14:33:28.290,1.09859,1.09861,560000,750000
2019.10.03 14:33:28.391,1.09858,1.09861,560000,750000
2019.10.03 14:33:30.367,1.09859,1.09862,1750000,750000
2019.10.03 14:33:30.570,1.09858,1.09862,1000000,3000000
2019.10.03 14:33:30.780,1.09859,1.09861,560000,750000
2019.10.03 14:33:31.172,1.09859,1.09862,560000,1750000
2019.10.03 14:33:31.976,1.09864,1.09865,7890000,750000
2019.10.03 14:33:32.027,1.0987,1.09872,1390000,750000
2019.10.03 14:33:32.179,1.09869,1.09871,750000,940000
2019.10.03 14:33:32.230,1.09869,1.0987,940000,940000
2019.10.03 14:33:32.281,1.09869,1.09872,3000000,1940000
2019.10.03 14:33:32.534,1.09868,1.09873,5810000,3250000
2019.10.03 14:33:32.635,1.09868,1.09873,7000000,2440000
2019.10.03 14:33:32.737,1.09868,1.09873,4690000,2500000
2019.10.03 14:33:32.838,1.09868,1.09871,500000,1750000
2019.10.03 14:33:33.000,1.09867,1.0987,2620000,1000000
2019.10.03 14:33:33.051,1.09867,1.0987,4310000,1120000
2019.10.03 14:33:33.153,1.09868,1.09871,2500000,750000
2019.10.03 14:33:33.204,1.09868,1.09872,2500000,1370000
2019.10.03 14:33:33.612,1.09868,1.09872,2810000,1010000
2019.10.03 14:33:33.664,1.09868,1.09871,750000,750000
2019.10.03 14:33:33.766,1.09868,1.09872,4370000,1370000
2019.10.03 14:33:34.141,1.09868,1.09872,2060000,2500000
2019.10.03 14:33:34.933,1.09868,1.0987,1120000,2250000
2019.10.03 14:33:35.082,1.09868,1.09871,2320000,750000
2019.10.03 14:33:35.184,1.09868,1.09871,2500000,750000
2019.10.03 14:33:36.072,1.09867,1.0987,940000,4120000
2019.10.03 14:33:36.174,1.09865,1.09867,2060000,750000
2019.10.03 14:33:36.252,1.09862,1.09866,940000,6710000
2019.10.03 14:33:36.355,1.09861,1.09864,750000,4840000
2019.10.03 14:33:36.456,1.09861,1.09865,5500000,1870000
2019.10.03 14:33:36.558,1.09861,1.09865,2500000,1120000
2019.10.03 14:33:36.660,1.0986,1.09862,1120000,1760000
2019.10.03 14:33:36.874,1.09859,1.09862,3190000,2250000
2019.10.03 14:33:37.883,1.0986,1.09863,1820000,750000
2019.10.03 14:33:37.985,1.09861,1.09864,4370000,750000
2019.10.03 14:33:38.289,1.09861,1.09864,560000,2620000
2019.10.03 14:33:39.615,1.09861,1.09864,2500000,500000
2019.10.03 14:33:39.817,1.09861,1.09864,1690000,500000
2019.10.03 14:33:40.009,1.09859,1.09863,1500000,2200000
2019.10.03 14:33:40.112,1.09859,1.09861,940000,940000
2019.10.03 14:33:40.214,1.09859,1.09862,3260000,1000000
2019.10.03 14:33:40.315,1.09859,1.09861,750000,1000000
2019.10.03 14:33:40.732,1.09858,1.09862,1690000,4000000
2019.10.03 14:33:42.685,1.09861,1.09862,940000,750000
2019.10.03 14:33:42.736,1.09862,1.09864,820000,750000
2019.10.03 14:33:42.787,1.09863,1.09866,2440000,1500000
2019.10.03 14:33:43.199,1.09863,1.09867,4070000,750000
2019.10.03 14:33:45.106,1.09864,1.09867,500000,3000000
2019.10.03 14:33:45.207,1.09865,1.09867,500000,560000
2019.10.03 14:33:45.462,1.09865,1.09868,2060000,1120000
2019.10.03 14:33:45.563,1.09865,1.09868,2870000,1120000
2019.10.03 14:33:46.462,1.09865,1.09868,2810000,1120000
2019.10.03 14:33:46.662,1.09865,1.09868,2870000,500000
2019.10.03 14:33:46.814,1.09865,1.09867,750000,500000
2019.10.03 14:33:46.944,1.09863,1.09867,750000,2620000
2019.10.03 14:33:46.995,1.09864,1.09868,2810000,4690000
2019.10.03 14:33:47.264,1.09865,1.09868,2060000,750000
2019.10.03 14:33:47.442,1.09866,1.09868,2810000,750000
2019.10.03 14:33:47.544,1.09866,1.09869,2620000,3190000
2019.10.03 14:33:47.648,1.09868,1.0987,1690000,750000
2019.10.03 14:33:47.754,1.09867,1.0987,2120000,750000
2019.10.03 14:33:48.968,1.09867,1.09871,2950000,3560000
2019.10.03 14:33:49.170,1.09866,1.09868,940000,1690000
2019.10.03 14:33:49.318,1.09865,1.09868,2950000,750000
2019.10.03 14:33:49.420,1.09864,1.09867,1750000,2250000
2019.10.03 14:33:49.521,1.09863,1.09867,2500000,1870000
2019.10.03 14:33:52.473,1.09865,1.09868,1120000,2440000
2019.10.03 14:33:52.592,1.09866,1.09869,560000,1870000
2019.10.03 14:33:52.693,1.09867,1.09869,560000,750000
2019.10.03 14:33:52.846,1.09866,1.09869,560000,4880000
2019.10.03 14:33:53.308,1.09865,1.09868,1000000,1570000
2019.10.03 14:33:53.460,1.09864,1.09868,1750000,3600000
2019.10.03 14:33:53.770,1.09865,1.09869,8120000,1500000
2019.10.03 14:33:54.126,1.09865,1.09867,940000,750000
2019.10.03 14:33:54.227,1.09863,1.09867,5810000,2440000
2019.10.03 14:33:54.346,1.09862,1.09867,3250000,3560000
2019.10.03 14:33:54.498,1.09862,1.09867,4000000,3370000
2019.10.03 14:33:54.964,1.09863,1.09866,1750000,750000
2019.10.03 14:33:55.058,1.09862,1.09863,750000,2790000
2019.10.03 14:33:55.110,1.0986,1.09863,3000000,940000
2019.10.03 14:33:55.211,1.09859,1.09863,3250000,2250000
2019.10.03 14:33:56.789,1.09859,1.09863,3940000,1690000
2019.10.03 14:33:57.226,1.0986,1.09863,1690000,750000
2019.10.03 14:33:59.381,1.09859,1.09863,2440000,2440000
2019.10.03 14:33:59.482,1.09859,1.09862,750000,2440000
2019.10.03 14:34:01.379,1.0986,1.09862,1500000,750000
2019.10.03 14:34:01.481,1.09859,1.09862,1500000,2440000
2019.10.03 14:34:02.819,1.0986,1.09862,1500000,750000
2019.10.03 14:34:02.920,1.09859,1.09862,1500000,2440000
2019.10.03 14:34:03.449,1.0986,1.09862,1500000,750000
2019.10.03 14:34:03.802,1.09859,1.09862,1370000,1690000
2019.10.03 14:34:03.853,1.09857,1.09859,500000,3260000
2019.10.03 14:34:03.904,1.09855,1.09858,750000,3260000
2019.10.03 14:34:04.005,1.09857,1.0986,7010000,750000
2019.10.03 14:34:04.107,1.09857,1.0986,2500000,1500000
2019.10.03 14:34:04.212,1.09858,1.0986,1310000,500000
2019.10.03 14:34:04.465,1.09857,1.0986,1310000,1120000
2019.10.03 14:34:05.313,1.09858,1.0986,750000,940000
2019.10.03 14:34:05.476,1.09858,1.09861,2620000,940000
2019.10.03 14:34:05.634,1.0986,1.09863,2250000,560000
2019.10.03 14:34:05.786,1.09858,1.09863,2060000,4370000
2019.10.03 14:34:05.888,1.09859,1.09863,3250000,750000
2019.10.03 14:34:05.989,1.09858,1.09863,2120000,4310000
2019.10.03 14:34:06.099,1.09859,1.09863,2870000,750000
2019.10.03 14:34:06.200,1.09858,1.09863,2120000,4310000
2019.10.03 14:34:06.474,1.09859,1.09863,1370000,750000
2019.10.03 14:34:06.676,1.09858,1.09863,2870000,3560000
2019.10.03 14:34:06.885,1.09859,1.09863,4750000,750000
2019.10.03 14:34:07.188,1.09858,1.09863,3250000,3560000
2019.10.03 14:34:07.349,1.09858,1.09861,750000,2440000
2019.10.03 14:34:07.497,1.09857,1.0986,560000,1870000
2019.10.03 14:34:07.600,1.09858,1.0986,1120000,750000
2019.10.03 14:34:07.702,1.09856,1.0986,2810000,2060000
2019.10.03 14:34:07.855,1.09855,1.09859,2620000,2500000
2019.10.03 14:34:07.997,1.09855,1.09859,560000,3620000
2019.10.03 14:34:09.198,1.09856,1.09859,560000,2250000
2019.10.03 14:34:09.301,1.09857,1.09859,560000,750000
2019.10.03 14:34:09.402,1.09858,1.09861,750000,1500000
2019.10.03 14:34:09.504,1.09858,1.09862,3640000,750000
2019.10.03 14:34:09.757,1.09858,1.09861,750000,750000
2019.10.03 14:34:09.908,1.09858,1.09862,3940000,750000
2019.10.03 14:34:10.067,1.09859,1.09862,600000,940000
2019.10.03 14:34:10.168,1.09859,1.09863,1950000,1370000
2019.10.03 14:34:10.270,1.09858,1.0986,1500000,1070000
2019.10.03 14:34:10.355,1.09858,1.09862,2250000,3320000
2019.10.03 14:34:10.457,1.09858,1.0986,1000000,3750000
2019.10.03 14:34:10.559,1.0986,1.09862,2120000,750000
2019.10.03 14:34:10.661,1.09859,1.09862,500000,2500000
2019.10.03 14:34:12.529,1.09857,1.09859,750000,4650000
2019.10.03 14:34:12.612,1.09856,1.09858,1120000,2060000
2019.10.03 14:34:12.713,1.09855,1.09858,750000,3190000
2019.10.03 14:34:13.186,1.09854,1.09858,940000,3560000
2019.10.03 14:34:14.504,1.09855,1.09857,750000,750000
2019.10.03 14:34:15.877,1.09856,1.09858,940000,1500000
2019.10.03 14:34:15.978,1.09856,1.09859,2060000,1000000
2019.10.03 14:34:16.080,1.09856,1.09859,2500000,940000
2019.10.03 14:34:16.895,1.09858,1.09859,940000,750000
2019.10.03 14:34:16.946,1.09856,1.0986,1690000,940000
2019.10.03 14:34:17.048,1.09858,1.0986,3250000,750000
2019.10.03 14:34:17.099,1.09856,1.0986,1750000,750000
2019.10.03 14:34:17.278,1.09855,1.09859,1690000,4460000
2019.10.03 14:34:17.380,1.09856,1.09859,2500000,1690000
2019.10.03 14:34:17.482,1.09855,1.09859,1760000,2810000
2019.10.03 14:34:17.685,1.09856,1.09859,940000,750000
2019.10.03 14:34:17.806,1.09855,1.09858,750000,2810000
2019.10.03 14:34:18.587,1.09857,1.09859,3940000,750000
2019.10.03 14:34:18.688,1.09856,1.09859,940000,2250000
2019.10.03 14:34:19.456,1.09857,1.09859,940000,750000
2019.10.03 14:34:19.558,1.09856,1.09859,940000,750000
2019.10.03 14:34:19.704,1.09856,1.09858,750000,750000
2019.10.03 14:34:19.806,1.09856,1.0986,3700000,1500000
2019.10.03 14:34:20.110,1.09855,1.09859,1690000,1310000
2019.10.03 14:34:20.446,1.09855,1.09858,750000,2810000
2019.10.03 14:34:20.691,1.09856,1.09858,750000,750000
2019.10.03 14:34:20.843,1.09855,1.09857,750000,1310000
2019.10.03 14:34:20.964,1.09853,1.09857,3620000,560000
2019.10.03 14:34:22.286,1.09854,1.09858,2510000,4310000
2019.10.03 14:34:22.387,1.09855,1.09859,5120000,1500000
2019.10.03 14:34:25.305,1.09855,1.09857,750000,3750000
2019.10.03 14:34:25.764,1.09856,1.09857,940000,750000
2019.10.03 14:34:26.647,1.09855,1.09857,940000,1690000
2019.10.03 14:34:26.698,1.09852,1.09855,1500000,2890000
2019.10.03 14:34:26.799,1.09853,1.09855,1000000,1870000
2019.10.03 14:34:27.036,1.09853,1.09855,940000,500000
2019.10.03 14:34:27.138,1.09853,1.09854,750000,500000
2019.10.03 14:34:27.239,1.09851,1.09853,500000,1120000
2019.10.03 14:34:27.290,1.09851,1.09855,940000,5810000
2019.10.03 14:34:27.392,1.09852,1.09854,940000,750000
2019.10.03 14:34:27.493,1.09851,1.09854,1310000,500000
2019.10.03 14:34:28.434,1.09851,1.09853,750000,3370000
2019.10.03 14:34:28.738,1.09853,1.09855,1750000,750000
2019.10.03 14:34:28.992,1.09852,1.09855,1000000,2620000
2019.10.03 14:34:29.152,1.09853,1.09857,7370000,1500000
2019.10.03 14:34:29.254,1.09853,1.09855,750000,750000
2019.10.03 14:34:29.356,1.09852,1.09855,1690000,1870000
2019.10.03 14:34:29.513,1.09852,1.09854,940000,2620000
2019.10.03 14:34:29.919,1.09851,1.09853,750000,1120000
2019.10.03 14:34:30.177,1.09851,1.09854,1690000,500000
2019.10.03 14:34:30.279,1.09852,1.09854,2440000,750000
2019.10.03 14:34:30.380,1.09851,1.09853,500000,1120000
2019.10.03 14:34:31.072,1.09851,1.09854,2810000,500000
2019.10.03 14:34:31.174,1.09851,1.09853,500000,1120000
2019.10.03 14:34:31.687,1.09852,1.09855,6190000,1000000
2019.10.03 14:34:31.788,1.09852,1.09855,3750000,2810000
2019.10.03 14:34:31.890,1.09854,1.09855,750000,750000
2019.10.03 14:34:31.993,1.09854,1.09856,940000,750000
2019.10.03 14:34:32.521,1.09855,1.09857,1120000,1500000
2019.10.03 14:34:32.622,1.09855,1.09858,1310000,2250000
2019.10.03 14:34:32.745,1.09858,1.0986,750000,5810000
2019.10.03 14:34:32.796,1.09859,1.09863,3560000,1690000
2019.10.03 14:34:32.847,1.0986,1.09863,5870000,750000
2019.10.03 14:34:32.948,1.09859,1.09863,5870000,750000
2019.10.03 14:34:33.100,1.0986,1.09861,940000,750000
2019.10.03 14:34:33.202,1.09858,1.09862,6620000,1870000
2019.10.03 14:34:33.312,1.09858,1.0986,940000,1120000
2019.10.03 14:34:33.594,1.09858,1.09859,750000,1120000
2019.10.03 14:34:34.053,1.09858,1.0986,940000,1120000
2019.10.03 14:34:34.552,1.09858,1.09859,750000,1120000
2019.10.03 14:34:34.653,1.09858,1.0986,940000,1120000
2019.10.03 14:34:34.979,1.09858,1.09859,750000,1120000
2019.10.03 14:34:35.156,1.09858,1.0986,940000,1120000
2019.10.03 14:34:35.257,1.09858,1.0986,1370000,750000
2019.10.03 14:34:35.487,1.09857,1.0986,1370000,750000
2019.10.03 14:34:35.639,1.09858,1.0986,750000,750000
2019.10.03 14:34:35.791,1.09858,1.09861,940000,4370000
2019.10.03 14:34:37.239,1.0986,1.09862,1370000,750000
2019.10.03 14:34:37.482,1.0986,1.09862,4690000,750000
2019.10.03 14:34:37.583,1.0986,1.09861,500000,750000
2019.10.03 14:34:37.684,1.09858,1.09861,750000,500000
2019.10.03 14:34:37.785,1.09858,1.0986,750000,1120000
2019.10.03 14:34:39.141,1.09858,1.09861,2500000,1120000
2019.10.03 14:34:40.069,1.09858,1.0986,940000,500000
2019.10.03 14:34:41.281,1.09859,1.09861,1750000,750000
2019.10.03 14:34:41.534,1.09859,1.09861,750000,1500000
2019.10.03 14:34:41.635,1.0986,1.09862,940000,750000
2019.10.03 14:34:42.258,1.09858,1.09862,1690000,4310000
2019.10.03 14:34:42.309,1.09858,1.0986,500000,2140000
2019.10.03 14:34:42.711,1.09858,1.0986,2120000,500000
2019.10.03 14:34:42.813,1.09856,1.09859,1390000,750000
2019.10.03 14:34:42.864,1.09855,1.09857,750000,1870000
2019.10.03 14:34:42.965,1.09855,1.09859,5120000,2620000
2019.10.03 14:34:43.326,1.09855,1.09857,500000,1870000
2019.10.03 14:34:43.513,1.09855,1.09859,5200000,1870000
2019.10.03 14:34:44.532,1.09856,1.09858,940000,750000
2019.10.03 14:34:45.341,1.09854,1.09856,3370000,5890000
2019.10.03 14:34:45.443,1.09852,1.09855,6940000,750000
2019.10.03 14:34:45.545,1.09851,1.09855,4370000,3000000
2019.10.03 14:34:45.848,1.09852,1.09854,940000,750000
2019.10.03 14:34:45.949,1.09852,1.09855,3320000,2250000
2019.10.03 14:34:46.050,1.09853,1.09854,940000,750000
2019.10.03 14:34:46.244,1.09852,1.09853,1690000,750000
2019.10.03 14:34:46.345,1.09851,1.09854,2870000,750000
2019.10.03 14:34:46.560,1.0985,1.09853,1000000,5890000
2019.10.03 14:34:46.941,1.09851,1.09853,1000000,750000
2019.10.03 14:34:47.696,1.09851,1.09854,4310000,1500000
2019.10.03 14:34:47.798,1.09851,1.09854,8120000,1500000
2019.10.03 14:34:48.242,1.09851,1.09854,1690000,750000
2019.10.03 14:34:48.444,1.09851,1.09854,2500000,750000
2019.10.03 14:34:48.660,1.09851,1.09854,2060000,750000
2019.10.03 14:34:48.812,1.09851,1.09854,5120000,750000
2019.10.03 14:34:50.273,1.09851,1.09855,9620000,750000
2019.10.03 14:34:50.476,1.09851,1.09854,1000000,750000
2019.10.03 14:34:50.577,1.09852,1.09855,7370000,750000
2019.10.03 14:34:50.680,1.09852,1.09854,1000000,750000
2019.10.03 14:34:50.904,1.09852,1.09854,2060000,750000
2019.10.03 14:34:51.067,1.09852,1.09854,2870000,750000
2019.10.03 14:34:51.169,1.09852,1.09854,1750000,1500000
2019.10.03 14:34:51.301,1.09852,1.09855,4750000,750000
2019.10.03 14:34:51.402,1.09852,1.09854,1750000,750000
2019.10.03 14:34:51.879,1.09853,1.09855,2500000,3000000
2019.10.03 14:34:51.980,1.09854,1.09856,1000000,1870000
2019.10.03 14:34:52.065,1.09856,1.09858,3060000,2250000
2019.10.03 14:34:52.126,1.09856,1.09859,8830000,3000000
2019.10.03 14:34:52.227,1.09858,1.09859,560000,1500000
2019.10.03 14:34:52.329,1.09859,1.09861,1000000,2250000
2019.10.03 14:34:52.380,1.0986,1.09862,500000,3000000
2019.10.03 14:34:52.493,1.0986,1.09862,750000,3000000
2019.10.03 14:34:52.645,1.0986,1.09862,560000,3000000
2019.10.03 14:34:52.797,1.0986,1.09864,1310000,3940000
2019.10.03 14:34:53.026,1.0986,1.09862,750000,3000000
2019.10.03 14:34:53.127,1.09859,1.09862,2440000,750000
2019.10.03 14:34:53.279,1.09858,1.09862,4690000,3820000
2019.10.03 14:34:53.381,1.09857,1.09859,1310000,750000
2019.10.03 14:34:53.643,1.09857,1.09858,940000,750000
2019.10.03 14:34:53.845,1.09855,1.09859,2870000,4120000
2019.10.03 14:34:54.052,1.09855,1.09859,2120000,5120000
2019.10.03 14:34:54.674,1.09855,1.09859,4370000,4870000
2019.10.03 14:34:55.243,1.09856,1.09859,4690000,750000
2019.10.03 14:34:55.365,1.09857,1.0986,5500000,3750000
2019.10.03 14:34:55.517,1.09858,1.09861,3250000,750000
2019.10.03 14:34:55.669,1.09857,1.09861,1750000,3750000
2019.10.03 14:34:55.814,1.09857,1.09861,3250000,5250000
2019.10.03 14:34:56.005,1.09858,1.09861,3250000,750000
2019.10.03 14:34:56.624,1.09857,1.09858,1500000,2250000
2019.10.03 14:34:56.726,1.09856,1.09858,3190000,1500000
2019.10.03 14:34:56.853,1.09855,1.09857,940000,3820000
2019.10.03 14:34:56.905,1.09854,1.09855,750000,750000
2019.10.03 14:34:57.009,1.09853,1.09855,1120000,1870000
2019.10.03 14:34:57.161,1.09853,1.09856,2120000,4120000
2019.10.03 14:34:57.979,1.09854,1.09856,1370000,750000
2019.10.03 14:34:58.131,1.09853,1.09855,560000,3370000
2019.10.03 14:34:58.278,1.09854,1.09855,560000,750000
2019.10.03 14:34:58.388,1.09853,1.09855,560000,3370000
2019.10.03 14:34:58.816,1.09852,1.09855,2500000,3750000
2019.10.03 14:34:59.069,1.09854,1.09857,3320000,1500000
2019.10.03 14:34:59.174,1.09853,1.09857,1750000,4120000
2019.10.03 14:34:59.276,1.09853,1.09857,1000000,4120000
2019.10.03 14:34:59.378,1.09854,1.09857,1000000,750000
2019.10.03 14:34:59.479,1.09853,1.09855,1370000,2320000
2019.10.03 14:34:59.677,1.09853,1.09855,4690000,750000
2019.10.03 14:34:59.779,1.09852,1.09853,560000,750000
2019.10.03 14:35:00.083,1.09851,1.09853,560000,750000
2019.10.03 14:35:00.185,1.0985,1.09853,560000,3750000
2019.10.03 14:35:00.286,1.09851,1.09853,560000,2250000
2019.10.03 14:35:00.552,1.0985,1.09853,560000,4120000
2019.10.03 14:35:03.244,1.09853,1.09854,940000,750000
2019.10.03 14:35:03.295,1.09854,1.09856,3940000,750000
2019.10.03 14:35:03.396,1.09853,1.09856,3560000,1870000
2019.10.03 14:35:03.497,1.09854,1.09855,750000,750000
2019.10.03 14:35:03.599,1.09854,1.09856,5060000,750000
2019.10.03 14:35:03.993,1.09854,1.09855,750000,750000
2019.10.03 14:35:04.094,1.09853,1.09856,2810000,3370000
2019.10.03 14:35:04.246,1.09853,1.09855,750000,3370000
2019.10.03 14:35:04.347,1.09853,1.09856,2510000,3370000
2019.10.03 14:35:04.453,1.09853,1.09855,3190000,500000
2019.10.03 14:35:04.504,1.09851,1.09854,1500000,3940000
2019.10.03 14:35:04.656,1.09851,1.09854,940000,4000000
2019.10.03 14:35:04.758,1.09852,1.09855,3190000,2250000
2019.10.03 14:35:05.014,1.09852,1.09854,940000,3750000
2019.10.03 14:35:05.166,1.09852,1.09855,7820000,750000
2019.10.03 14:35:05.601,1.09851,1.09855,4000000,3070000
2019.10.03 14:35:05.703,1.09851,1.09854,1500000,750000
2019.10.03 14:35:06.091,1.09851,1.09853,1000000,750000
2019.10.03 14:35:06.193,1.0985,1.09853,1370000,4310000
2019.10.03 14:35:07.396,1.09849,1.0985,1500000,1570000
2019.10.03 14:35:07.448,1.09848,1.0985,2950000,1500000
2019.10.03 14:35:07.752,1.09847,1.09849,1000000,750000
2019.10.03 14:35:07.944,1.09847,1.09849,750000,750000
2019.10.03 14:35:08.281,1.09848,1.0985,6560000,750000
2019.10.03 14:35:08.383,1.0985,1.09852,750000,1870000
2019.10.03 14:35:08.526,1.09852,1.09854,2520000,750000
2019.10.03 14:35:08.628,1.09851,1.09854,2830000,1120000
2019.10.03 14:35:08.870,1.09851,1.09854,1690000,750000
2019.10.03 14:35:08.973,1.09851,1.09854,1750000,560000
2019.10.03 14:35:09.504,1.09851,1.09854,3210000,500000
2019.10.03 14:35:09.605,1.09851,1.09853,750000,500000
2019.10.03 14:35:09.929,1.09851,1.09854,3560000,500000
2019.10.03 14:35:10.030,1.09851,1.09854,4770000,560000
2019.10.03 14:35:10.142,1.09851,1.09854,4000000,500000
2019.10.03 14:35:10.653,1.0985,1.09851,2250000,2440000
2019.10.03 14:35:10.704,1.09848,1.09849,500000,750000
2019.10.03 14:35:10.805,1.09846,1.09848,750000,2440000
2019.10.03 14:35:10.908,1.09846,1.09849,4870000,1690000
2019.10.03 14:35:11.009,1.09846,1.09849,5870000,1500000
2019.10.03 14:35:11.182,1.09845,1.09849,7000000,3750000
2019.10.03 14:35:12.423,1.09845,1.09848,1000000,3940000
2019.10.03 14:35:12.966,1.09844,1.09845,750000,750000
2019.10.03 14:35:13.092,1.09842,1.09845,7640000,1310000
2019.10.03 14:35:13.244,1.09843,1.09844,2440000,750000
2019.10.03 14:35:13.345,1.09844,1.09846,1690000,750000
2019.10.03 14:35:13.449,1.09844,1.09846,2500000,750000
2019.10.03 14:35:13.579,1.09844,1.09847,3250000,750000
2019.10.03 14:35:13.787,1.09845,1.09848,2060000,3750000
2019.10.03 14:35:14.041,1.09845,1.09847,500000,3750000
2019.10.03 14:35:14.092,1.09843,1.09845,1120000,3520000
2019.10.03 14:35:14.194,1.09842,1.09844,3000000,1500000
2019.10.03 14:35:14.296,1.09842,1.09843,750000,940000
2019.10.03 14:35:14.463,1.09841,1.09844,3620000,2250000
2019.10.03 14:35:14.564,1.09842,1.09844,4370000,750000
2019.10.03 14:35:14.666,1.09841,1.09844,3620000,3000000
2019.10.03 14:35:14.767,1.09838,1.0984,1750000,3070000
2019.10.03 14:35:14.870,1.09837,1.09838,940000,750000
2019.10.03 14:35:14.921,1.09834,1.09835,750000,750000
2019.10.03 14:35:15.023,1.09833,1.09837,10200000,940000
2019.10.03 14:35:15.126,1.09833,1.09835,1370000,2250000
2019.10.03 14:35:15.248,1.09834,1.09837,1760000,3000000
2019.10.03 14:35:15.350,1.09834,1.09837,1750000,3000000
2019.10.03 14:35:15.451,1.09835,1.09838,1750000,3750000
2019.10.03 14:35:15.632,1.09835,1.09838,750000,3750000
2019.10.03 14:35:15.733,1.09837,1.09839,1000000,2250000
2019.10.03 14:35:15.834,1.09837,1.0984,1710000,2250000
2019.10.03 14:35:15.936,1.09837,1.0984,1370000,2250000
2019.10.03 14:35:16.037,1.09837,1.0984,1310000,2250000
2019.10.03 14:35:16.278,1.09836,1.09839,2870000,2510000
2019.10.03 14:35:16.430,1.09836,1.09838,1000000,750000
2019.10.03 14:35:17.190,1.09836,1.09838,750000,2250000
2019.10.03 14:35:17.474,1.09835,1.09838,940000,1500000
2019.10.03 14:35:18.063,1.09835,1.09838,750000,3190000
2019.10.03 14:35:18.215,1.09835,1.09838,1310000,750000
2019.10.03 14:35:18.368,1.09836,1.09838,500000,1120000
2019.10.03 14:35:18.506,1.09838,1.09839,4690000,1120000
2019.10.03 14:35:18.608,1.09838,1.0984,750000,750000
2019.10.03 14:35:18.761,1.09838,1.0984,1000000,750000
2019.10.03 14:35:18.863,1.09838,1.0984,1500000,750000
2019.10.03 14:35:19.015,1.09837,1.09841,3750000,4390000
2019.10.03 14:35:19.145,1.09838,1.09841,750000,1500000
2019.10.03 14:35:19.348,1.09837,1.09841,1870000,4690000
2019.10.03 14:35:19.500,1.09837,1.09839,940000,3000000
2019.10.03 14:35:19.602,1.09837,1.09838,1120000,750000
2019.10.03 14:35:19.688,1.09835,1.09838,1870000,2440000
2019.10.03 14:35:20.527,1.09834,1.09838,2060000,4010000
2019.10.03 14:35:20.579,1.09832,1.09837,4500000,3700000
2019.10.03 14:35:20.680,1.09832,1.09837,7690000,2440000
2019.10.03 14:35:20.819,1.09832,1.09836,2500000,750000
2019.10.03 14:35:24.066,1.0983,1.09834,4000000,4570000
2019.10.03 14:35:24.168,1.09831,1.09832,1500000,1500000
2019.10.03 14:35:24.281,1.09829,1.09831,1120000,750000
2019.10.03 14:35:24.420,1.09829,1.09832,940000,1500000
2019.10.03 14:35:24.521,1.09829,1.09833,5810000,1500000
2019.10.03 14:35:24.572,1.09829,1.09831,750000,1500000
2019.10.03 14:35:24.723,1.09828,1.09832,2440000,2140000
2019.10.03 14:35:24.825,1.09829,1.09832,1690000,750000
2019.10.03 14:35:24.926,1.09828,1.09832,1000000,4870000
2019.10.03 14:35:25.028,1.09827,1.09829,750000,640000
2019.10.03 14:35:25.129,1.09825,1.09828,750000,4450000
2019.10.03 14:35:25.180,1.09825,1.09828,2500000,3190000
2019.10.03 14:35:25.335,1.09825,1.09827,750000,4500000
2019.10.03 14:35:25.436,1.09825,1.09828,1750000,3000000
2019.10.03 14:35:25.664,1.09826,1.09828,2500000,750000
2019.10.03 14:35:25.792,1.09825,1.09827,940000,3750000
2019.10.03 14:35:25.893,1.09825,1.09829,5950000,750000
2019.10.03 14:35:25.994,1.09824,1.09828,940000,2620000
2019.10.03 14:35:26.676,1.09824,1.09827,750000,2250000
2019.10.03 14:35:29.297,1.09825,1.09827,1120000,750000
2019.10.03 14:35:29.923,1.09824,1.09828,2440000,2620000
2019.10.03 14:35:30.938,1.09824,1.09827,750000,1500000
2019.10.03 14:35:30.989,1.09823,1.09825,1500000,750000
2019.10.03 14:35:31.040,1.09821,1.09825,5060000,1870000
2019.10.03 14:35:31.091,1.09821,1.09824,2120000,2060000
2019.10.03 14:35:31.829,1.09821,1.09823,2500000,750000
2019.10.03 14:35:32.049,1.0982,1.09823,2500000,3000000
2019.10.03 14:35:33.380,1.0982,1.09824,5810000,940000
2019.10.03 14:35:33.686,1.0982,1.09823,1750000,750000
2019.10.03 14:35:34.388,1.09819,1.09823,4370000,1200000
2019.10.03 14:35:34.490,1.09816,1.09818,750000,560000
2019.10.03 14:35:34.646,1.09815,1.09818,940000,2250000
2019.10.03 14:35:34.752,1.09815,1.09818,1750000,1500000
2019.10.03 14:35:34.856,1.09814,1.09818,2500000,2250000
2019.10.03 14:35:35.009,1.09813,1.09817,3190000,2440000
2019.10.03 14:35:35.110,1.09813,1.09817,2440000,1690000
2019.10.03 14:35:35.255,1.09813,1.09817,3250000,2250000
2019.10.03 14:35:35.356,1.09814,1.09817,1750000,1690000
2019.10.03 14:35:36.894,1.09813,1.09816,1690000,2250000
2019.10.03 14:35:37.053,1.09812,1.09815,1120000,2810000
2019.10.03 14:35:37.162,1.09811,1.09813,2250000,2440000
2019.10.03 14:35:37.264,1.09812,1.09815,1760000,1500000
2019.10.03 14:35:37.315,1.09812,1.09813,940000,500000
2019.10.03 14:35:37.417,1.09812,1.09815,1690000,750000
2019.10.03 14:35:37.574,1.09813,1.09815,2440000,750000
2019.10.03 14:35:37.777,1.0981,1.09814,2440000,2060000
2019.10.03 14:35:37.879,1.09811,1.09813,750000,750000
2019.10.03 14:35:37.986,1.0981,1.09813,750000,2060000
2019.10.03 14:35:38.037,1.0981,1.09812,1750000,2620000
2019.10.03 14:35:38.138,1.0981,1.09813,940000,3370000
2019.10.03 14:35:38.239,1.0981,1.09813,1750000,2620000
2019.10.03 14:35:38.405,1.09811,1.09813,1750000,750000
2019.10.03 14:35:38.506,1.0981,1.09812,1000000,3000000
2019.10.03 14:35:38.557,1.09811,1.09814,2950000,750000
2019.10.03 14:35:38.658,1.09811,1.09813,1750000,750000
2019.10.03 14:35:38.760,1.0981,1.09812,1000000,2620000
2019.10.03 14:35:39.015,1.0981,1.09813,1750000,1870000
2019.10.03 14:35:39.501,1.09809,1.0981,1500000,1200000
2019.10.03 14:35:39.552,1.09806,1.09807,2250000,750000
2019.10.03 14:35:39.603,1.09805,1.09806,1500000,750000
2019.10.03 14:35:39.706,1.09807,1.09809,4390000,1500000
2019.10.03 14:35:39.808,1.09808,1.09811,750000,1500000
2019.10.03 14:35:39.859,1.09807,1.09809,1000000,4120000
2019.10.03 14:35:39.910,1.09808,1.09812,750000,1500000
2019.10.03 14:35:39.960,1.09808,1.0981,940000,1500000
2019.10.03 14:35:40.797,1.09806,1.0981,4010000,3940000
2019.10.03 14:35:40.899,1.09806,1.09808,940000,750000
2019.10.03 14:35:41.000,1.09808,1.09809,1200000,750000
2019.10.03 14:35:41.102,1.09811,1.09813,1760000,940000
2019.10.03 14:35:41.203,1.0981,1.09813,940000,750000
2019.10.03 14:35:41.335,1.09809,1.09813,940000,1310000
2019.10.03 14:35:41.689,1.09809,1.09812,940000,1120000
2019.10.03 14:35:41.843,1.09811,1.09813,1760000,750000
2019.10.03 14:35:41.945,1.0981,1.09812,940000,1500000
2019.10.03 14:35:42.046,1.09809,1.09812,940000,1870000
2019.10.03 14:35:43.756,1.09808,1.0981,750000,1310000
2019.10.03 14:35:43.906,1.09807,1.09809,1690000,500000
2019.10.03 14:35:43.957,1.09805,1.09809,1690000,3940000
2019.10.03 14:35:44.009,1.09806,1.09807,940000,750000
2019.10.03 14:35:44.216,1.09806,1.09809,1690000,1500000
2019.10.03 14:35:44.512,1.09805,1.09807,1000000,2250000
2019.10.03 14:35:44.614,1.09805,1.09808,1750000,940000
2019.10.03 14:35:44.715,1.09805,1.09808,940000,750000
2019.10.03 14:35:44.816,1.09804,1.09808,940000,4120000
2019.10.03 14:35:44.920,1.09805,1.09808,940000,750000
2019.10.03 14:35:45.072,1.09808,1.09809,1390000,1500000
2019.10.03 14:35:45.173,1.09806,1.0981,2120000,4950000
2019.10.03 14:35:45.307,1.09807,1.0981,1000000,750000
2019.10.03 14:35:45.366,1.09809,1.09811,2440000,1500000
2019.10.03 14:35:45.468,1.09809,1.0981,750000,750000
2019.10.03 14:35:45.569,1.09808,1.0981,750000,1120000
2019.10.03 14:35:45.620,1.09809,1.09812,2060000,1500000
2019.10.03 14:35:46.001,1.09808,1.0981,1500000,1120000
2019.10.03 14:35:46.206,1.09809,1.09811,560000,750000
2019.10.03 14:35:46.362,1.09808,1.0981,1000000,2250000
2019.10.03 14:35:46.463,1.09809,1.09813,1750000,750000
2019.10.03 14:35:46.514,1.0981,1.09812,940000,750000
2019.10.03 14:35:46.615,1.09811,1.09813,750000,750000
2019.10.03 14:35:46.666,1.09811,1.09815,5240000,750000
2019.10.03 14:35:46.772,1.09812,1.09816,3720000,1500000
2019.10.03 14:35:46.924,1.09813,1.09816,1820000,750000
2019.10.03 14:35:47.025,1.09814,1.09816,1000000,750000
2019.10.03 14:35:47.158,1.09814,1.09817,750000,750000
2019.10.03 14:35:47.360,1.09814,1.09817,560000,750000
2019.10.03 14:35:47.859,1.09815,1.09817,640000,750000
2019.10.03 14:35:47.910,1.09817,1.09818,1390000,1500000
2019.10.03 14:35:47.961,1.09818,1.09819,940000,750000
2019.10.03 14:35:48.092,1.09817,1.09819,2620000,1120000
2019.10.03 14:35:48.195,1.09816,1.09818,560000,750000
2019.10.03 14:35:49.554,1.09815,1.09818,1750000,1870000
2019.10.03 14:35:49.605,1.09817,1.09818,500000,750000
2019.10.03 14:35:49.656,1.09815,1.09818,2620000,940000
2019.10.03 14:35:50.566,1.09814,1.09818,2810000,2620000
2019.10.03 14:35:50.668,1.09814,1.09818,3250000,2620000
2019.10.03 14:35:50.857,1.09815,1.09818,3250000,750000
2019.10.03 14:35:51.161,1.09816,1.09818,750000,940000
2019.10.03 14:35:51.263,1.09815,1.09818,2440000,750000
2019.10.03 14:35:51.399,1.09814,1.09817,600000,1120000
2019.10.03 14:35:51.743,1.09813,1.09816,1120000,1310000
2019.10.03 14:35:51.794,1.09812,1.09814,750000,2810000
2019.10.03 14:35:51.938,1.09813,1.09815,940000,750000
2019.10.03 14:35:52.039,1.09811,1.09814,1120000,560000
2019.10.03 14:35:52.141,1.09811,1.09814,3190000,1370000
2019.10.03 14:35:52.243,1.09811,1.09814,4000000,1120000
2019.10.03 14:35:52.727,1.0981,1.09813,750000,750000
2019.10.03 14:35:52.879,1.0981,1.09813,1000000,750000
2019.10.03 14:35:53.021,1.09811,1.09813,1070000,750000
2019.10.03 14:35:53.123,1.09811,1.09814,1370000,750000
2019.10.03 14:35:53.225,1.09814,1.09815,5700000,1500000
2019.10.03 14:35:53.327,1.09815,1.09818,820000,940000
2019.10.03 14:35:53.429,1.09816,1.09819,6700000,750000
2019.10.03 14:35:53.523,1.09814,1.09817,500000,4310000
2019.10.03 14:35:53.576,1.09814,1.09815,750000,750000
2019.10.03 14:35:53.931,1.09814,1.09817,4450000,750000
2019.10.03 14:35:54.137,1.09814,1.09815,750000,750000
2019.10.03 14:35:54.239,1.09814,1.09816,2440000,750000
2019.10.03 14:35:54.341,1.09815,1.09816,820000,750000
2019.10.03 14:35:54.442,1.09815,1.09817,940000,750000
2019.10.03 14:35:54.544,1.09816,1.09819,4040000,750000
2019.10.03 14:35:54.659,1.09817,1.09819,500000,500000
2019.10.03 14:35:54.912,1.09815,1.09819,2320000,2120000
2019.10.03 14:35:55.205,1.09815,1.09819,2950000,2620000
2019.10.03 14:35:55.358,1.09814,1.09818,2870000,1870000
2019.10.03 14:35:55.459,1.09816,1.09818,2200000,750000
2019.10.03 14:35:55.702,1.09816,1.0982,10010000,1690000
2019.10.03 14:35:55.854,1.09816,1.09819,1000000,1500000
2019.10.03 14:35:56.245,1.09816,1.0982,11510000,940000
2019.10.03 14:35:56.450,1.09818,1.0982,7010000,1500000
2019.10.03 14:35:56.556,1.09818,1.0982,4500000,1500000
2019.10.03 14:35:56.823,1.09819,1.0982,940000,750000
2019.10.03 14:35:56.875,1.0982,1.09822,2140000,500000
2019.10.03 14:35:58.419,1.0982,1.09824,7780000,1120000
2019.10.03 14:35:58.646,1.0982,1.09824,7840000,1120000
2019.10.03 14:35:58.747,1.0982,1.09821,940000,500000
2019.10.03 14:35:58.798,1.09818,1.09821,2500000,500000
2019.10.03 14:35:59.013,1.09819,1.09821,2500000,750000
2019.10.03 14:35:59.114,1.09818,1.09821,1760000,1120000
2019.10.03 14:35:59.374,1.09818,1.0982,940000,1120000
2019.10.03 14:35:59.955,1.09818,1.09821,940000,1120000
2019.10.03 14:36:00.106,1.09818,1.0982,750000,1120000
2019.10.03 14:36:00.157,1.09819,1.0982,750000,940000
2019.10.03 14:36:00.259,1.09819,1.09821,1390000,3190000
2019.10.03 14:36:00.468,1.0982,1.09823,2140000,750000
2019.10.03 14:36:00.569,1.0982,1.09822,500000,750000
2019.10.03 14:36:00.670,1.09819,1.09822,500000,2060000
2019.10.03 14:36:00.822,1.09819,1.0982,500000,1310000
2019.10.03 14:36:00.984,1.09818,1.0982,560000,750000
2019.10.03 14:36:01.289,1.09819,1.09821,1010000,1120000
2019.10.03 14:36:01.437,1.0982,1.09822,3190000,500000
2019.10.03 14:36:01.763,1.09819,1.09822,3260000,1120000
2019.10.03 14:36:01.914,1.09819,1.09821,750000,1120000
2019.10.03 14:36:02.026,1.09819,1.09822,3190000,1120000
2019.10.03 14:36:02.329,1.09819,1.09821,1500000,1120000
2019.10.03 14:36:02.430,1.09819,1.09822,3640000,1120000
2019.10.03 14:36:02.532,1.09819,1.09821,750000,1120000
2019.10.03 14:36:02.639,1.09819,1.09822,3560000,500000
2019.10.03 14:36:02.974,1.09819,1.09821,750000,500000
2019.10.03 14:36:03.083,1.09818,1.0982,750000,1500000
2019.10.03 14:36:03.184,1.09817,1.09818,750000,500000
2019.10.03 14:36:03.235,1.09815,1.09816,1120000,3000000
2019.10.03 14:36:03.286,1.09813,1.09814,750000,3560000
2019.10.03 14:36:03.413,1.09811,1.09813,1500000,1690000
2019.10.03 14:36:03.666,1.09813,1.09815,7470000,750000
2019.10.03 14:36:03.767,1.09813,1.09815,1690000,1500000
2019.10.03 14:36:03.869,1.09812,1.09815,2440000,750000
2019.10.03 14:36:04.031,1.09811,1.09812,750000,750000
2019.10.03 14:36:04.133,1.09811,1.09813,500000,750000
2019.10.03 14:36:04.285,1.0981,1.09813,500000,2440000
2019.10.03 14:36:04.387,1.0981,1.09814,2890000,2440000
2019.10.03 14:36:04.537,1.0981,1.09814,3700000,2250000
2019.10.03 14:36:04.689,1.09808,1.09813,3560000,4000000
2019.10.03 14:36:04.790,1.09808,1.09812,2250000,4000000
2019.10.03 14:36:06.426,1.09809,1.09813,2060000,1690000
2019.10.03 14:36:07.160,1.0981,1.09813,2440000,750000
2019.10.03 14:36:07.262,1.09809,1.09813,1690000,1690000
2019.10.03 14:36:07.676,1.09811,1.09814,2140000,2440000
2019.10.03 14:36:07.865,1.09811,1.09813,750000,1870000
2019.10.03 14:36:08.532,1.0981,1.09814,5320000,2500000
2019.10.03 14:36:08.992,1.0981,1.09814,5440000,2440000
2019.10.03 14:36:09.120,1.0981,1.09814,5160000,3190000
2019.10.03 14:36:09.222,1.0981,1.09814,6190000,2440000
2019.10.03 14:36:09.324,1.0981,1.09814,1820000,3000000
2019.10.03 14:36:09.454,1.09809,1.09813,2120000,2620000
2019.10.03 14:36:09.606,1.0981,1.09813,1000000,750000
2019.10.03 14:36:10.056,1.0981,1.09811,750000,750000
2019.10.03 14:36:10.228,1.09809,1.09811,750000,2250000
2019.10.03 14:36:10.465,1.09809,1.09812,560000,3000000
2019.10.03 14:36:10.673,1.0981,1.09812,560000,750000
2019.10.03 14:36:10.995,1.09809,1.09812,940000,1500000
2019.10.03 14:36:11.096,1.09807,1.09809,1310000,500000
2019.10.03 14:36:11.337,1.09805,1.09808,940000,1000000
2019.10.03 14:36:11.439,1.09805,1.09808,940000,750000
2019.10.03 14:36:12.062,1.09804,1.09808,940000,3940000
2019.10.03 14:36:12.164,1.09804,1.09806,2440000,750000
2019.10.03 14:36:12.266,1.09803,1.09806,2970000,750000
2019.10.03 14:36:12.368,1.09802,1.09805,1690000,750000
2019.10.03 14:36:12.562,1.09802,1.09805,10170000,750000
2019.10.03 14:36:12.714,1.09801,1.09805,11290000,1120000
2019.10.03 14:36:13.028,1.09803,1.09806,10840000,750000
2019.10.03 14:36:13.173,1.09802,1.09805,1010000,1500000
2019.10.03 14:36:13.274,1.09801,1.09805,1010000,3560000
2019.10.03 14:36:13.527,1.09801,1.09803,750000,4120000
2019.10.03 14:36:13.707,1.09801,1.09804,5140000,500000
2019.10.03 14:36:14.111,1.09801,1.09804,4450000,500000
2019.10.03 14:36:14.536,1.09799,1.09803,1940000,850000
2019.10.03 14:36:14.637,1.09799,1.09803,2570000,640000
2019.10.03 14:36:14.868,1.09799,1.09803,2500000,660000
2019.10.03 14:36:14.970,1.09799,1.09803,1000000,640000
2019.10.03 14:36:15.650,1.09799,1.09801,940000,1120000
2019.10.03 14:36:15.802,1.09798,1.09801,4310000,500000
2019.10.03 14:36:15.852,1.09796,1.09799,2250000,940000
2019.10.03 14:36:15.973,1.09795,1.09798,2250000,2620000
2019.10.03 14:36:16.074,1.09794,1.09798,3820000,2060000
2019.10.03 14:36:16.125,1.09792,1.09797,9260000,6620000
2019.10.03 14:36:16.229,1.09792,1.09795,1500000,3620000
2019.10.03 14:36:16.364,1.09792,1.09795,3700000,560000
2019.10.03 14:36:16.468,1.09792,1.09793,750000,500000
2019.10.03 14:36:16.570,1.09792,1.09795,1070000,1120000
2019.10.03 14:36:16.696,1.09793,1.09794,940000,500000
2019.10.03 14:36:16.847,1.09791,1.09794,2620000,500000
2019.10.03 14:36:16.999,1.09791,1.09793,750000,560000
2019.10.03 14:36:17.125,1.09791,1.09794,940000,2810000
2019.10.03 14:36:17.228,1.09791,1.09793,750000,1120000
2019.10.03 14:36:17.329,1.09791,1.09795,6510000,1500000
2019.10.03 14:36:17.592,1.09791,1.09795,6450000,940000
2019.10.03 14:36:17.744,1.09792,1.09794,3070000,750000
2019.10.03 14:36:18.171,1.09791,1.09794,2440000,940000
2019.10.03 14:36:18.273,1.09792,1.09795,2970000,750000
2019.10.03 14:36:18.375,1.09792,1.09795,1760000,750000
2019.10.03 14:36:18.518,1.09793,1.09795,1500000,750000
2019.10.03 14:36:18.620,1.09793,1.09796,2440000,2250000
2019.10.03 14:36:18.722,1.09795,1.09796,750000,750000
2019.10.03 14:36:18.823,1.09794,1.09796,750000,750000
2019.10.03 14:36:19.037,1.09794,1.09795,750000,750000
2019.10.03 14:36:19.139,1.09792,1.09794,1500000,940000
2019.10.03 14:36:19.241,1.09791,1.09794,1570000,940000
2019.10.03 14:36:19.400,1.0979,1.09793,750000,3620000
2019.10.03 14:36:19.616,1.09791,1.09794,3560000,1690000
2019.10.03 14:36:19.970,1.09792,1.09794,1500000,750000
2019.10.03 14:36:20.102,1.09791,1.09794,750000,2810000
2019.10.03 14:36:20.203,1.09791,1.09795,5060000,4310000
2019.10.03 14:36:20.508,1.09793,1.09794,750000,750000
2019.10.03 14:36:20.609,1.09792,1.09795,1690000,750000
2019.10.03 14:36:20.760,1.09792,1.09796,5440000,1690000
2019.10.03 14:36:20.913,1.09795,1.09797,750000,750000
2019.10.03 14:36:21.065,1.09794,1.09798,1500000,4560000
2019.10.03 14:36:21.167,1.09795,1.09797,940000,940000
2019.10.03 14:36:21.319,1.09795,1.09798,820000,1750000
2019.10.03 14:36:21.422,1.09795,1.09799,4870000,3250000
2019.10.03 14:36:21.523,1.09796,1.09799,4690000,940000
2019.10.03 14:36:21.625,1.09796,1.098,3560000,2440000
2019.10.03 14:36:21.754,1.09797,1.098,2810000,750000
2019.10.03 14:36:22.059,1.09796,1.09799,5250000,940000
2019.10.03 14:36:22.161,1.09795,1.09799,7220000,1000000
2019.10.03 14:36:22.469,1.09794,1.09798,3370000,2440000
2019.10.03 14:36:22.571,1.09796,1.09799,6250000,500000
2019.10.03 14:36:22.702,1.09801,1.09802,1120000,2250000
2019.10.03 14:36:22.753,1.09806,1.09807,750000,5250000
2019.10.03 14:36:22.854,1.09805,1.09808,1000000,4950000
2019.10.03 14:36:22.956,1.0981,1.09811,500000,750000
2019.10.03 14:36:23.096,1.09808,1.09811,2950000,750000
2019.10.03 14:36:23.198,1.09807,1.09809,750000,750000
2019.10.03 14:36:23.299,1.09807,1.09809,750000,1000000
2019.10.03 14:36:23.401,1.09808,1.0981,1500000,2440000
2019.10.03 14:36:23.508,1.09809,1.09811,3190000,1500000
2019.10.03 14:36:23.610,1.09809,1.0981,2250000,750000
2019.10.03 14:36:23.711,1.09808,1.0981,2440000,750000
2019.10.03 14:36:23.901,1.09807,1.09809,750000,1750000
2019.10.03 14:36:24.002,1.09806,1.09808,1500000,1000000
2019.10.03 14:36:24.053,1.09805,1.09807,750000,1000000
2019.10.03 14:36:24.208,1.09804,1.09807,500000,940000
2019.10.03 14:36:24.413,1.09805,1.09808,1690000,1500000
2019.10.03 14:36:24.514,1.09804,1.09808,2440000,1690000
2019.10.03 14:36:24.673,1.09804,1.09808,2250000,1750000
2019.10.03 14:36:24.904,1.09804,1.09808,2440000,1690000
2019.10.03 14:36:25.131,1.09803,1.09808,3250000,2810000
2019.10.03 14:36:25.556,1.09804,1.09808,3250000,1120000
2019.10.03 14:36:25.606,1.09807,1.09809,2620000,750000
2019.10.03 14:36:25.708,1.09806,1.09809,500000,2890000
2019.10.03 14:36:25.809,1.09807,1.09809,500000,750000
2019.10.03 14:36:26.118,1.09806,1.09809,500000,4390000
2019.10.03 14:36:26.375,1.09807,1.09809,500000,750000
2019.10.03 14:36:26.476,1.09807,1.0981,2440000,2620000
2019.10.03 14:36:27.255,1.09806,1.0981,3940000,1690000
2019.10.03 14:36:27.356,1.09806,1.09808,750000,1690000
2019.10.03 14:36:27.502,1.09805,1.09808,750000,940000
2019.10.03 14:36:27.705,1.09806,1.09808,1120000,750000
2019.10.03 14:36:27.807,1.09806,1.09807,2440000,750000
2019.10.03 14:36:27.921,1.09805,1.09806,750000,750000
2019.10.03 14:36:28.022,1.09803,1.09807,3190000,1740000
2019.10.03 14:36:28.365,1.09803,1.09807,1870000,2200000
2019.10.03 14:36:28.922,1.09804,1.09805,2250000,750000
2019.10.03 14:36:28.973,1.09801,1.09803,4500000,940000
2019.10.03 14:36:29.083,1.09801,1.09802,750000,750000
2019.10.03 14:36:29.184,1.09799,1.09802,750000,1010000
2019.10.03 14:36:29.307,1.09798,1.09802,940000,2510000
2019.10.03 14:36:29.731,1.09799,1.09802,940000,750000
2019.10.03 14:36:30.956,1.09798,1.098,1690000,820000
2019.10.03 14:36:31.057,1.09796,1.09798,1870000,500000
2019.10.03 14:36:31.159,1.09797,1.09799,3370000,750000
2019.10.03 14:36:31.262,1.09799,1.09801,1000000,750000
2019.10.03 14:36:31.410,1.09799,1.09803,2870000,1500000
2019.10.03 14:36:32.556,1.09798,1.09802,1690000,2440000
2019.10.03 14:36:32.723,1.09797,1.098,1500000,5200000
2019.10.03 14:36:32.825,1.09796,1.09798,750000,1690000
2019.10.03 14:36:32.946,1.09796,1.09799,1870000,1690000
2019.10.03 14:36:33.048,1.09797,1.09798,750000,750000
2019.10.03 14:36:33.149,1.09795,1.09797,750000,1750000
2019.10.03 14:36:33.356,1.09795,1.09798,3000000,1000000
2019.10.03 14:36:33.407,1.09793,1.09798,5440000,4370000
2019.10.03 14:36:33.457,1.09793,1.09798,5970000,4370000
2019.10.03 14:36:33.782,1.09796,1.09798,1070000,750000
2019.10.03 14:36:33.934,1.09795,1.098,4470000,1500000
2019.10.03 14:36:34.036,1.09796,1.09798,1000000,750000
2019.10.03 14:36:34.087,1.09796,1.09798,750000,750000
2019.10.03 14:36:34.188,1.09794,1.09797,750000,2500000
2019.10.03 14:36:34.426,1.09793,1.09797,750000,2440000
2019.10.03 14:36:34.527,1.09793,1.09797,940000,1750000
2019.10.03 14:36:34.763,1.09792,1.09794,750000,1000000
2019.10.03 14:36:34.867,1.09788,1.09791,750000,3370000
2019.10.03 14:36:34.918,1.09791,1.09794,500000,1000000
2019.10.03 14:36:35.027,1.09779,1.09781,750000,17100000
2019.10.03 14:36:35.103,1.09778,1.09779,750000,750000
2019.10.03 14:36:35.260,1.09768,1.09772,750000,750000
2019.10.03 14:36:35.313,1.09772,1.09774,1120000,1500000
2019.10.03 14:36:35.476,1.09772,1.09774,750000,2250000
2019.10.03 14:36:35.582,1.09772,1.09774,1450000,750000
2019.10.03 14:36:35.691,1.0977,1.09774,1760000,940000
2019.10.03 14:36:35.807,1.09774,1.09775,640000,750000
2019.10.03 14:36:35.909,1.09775,1.09777,1390000,750000
2019.10.03 14:36:36.026,1.09773,1.09778,2200000,6370000
2019.10.03 14:36:36.077,1.09775,1.09777,2140000,750000
2019.10.03 14:36:36.128,1.09774,1.09777,850000,4480000
2019.10.03 14:36:36.230,1.09773,1.09778,1750000,5100000
2019.10.03 14:36:36.332,1.09775,1.09778,1000000,500000
2019.10.03 14:36:36.459,1.09773,1.09775,5320000,1970000
2019.10.03 14:36:36.561,1.09773,1.09776,2700000,2500000
2019.10.03 14:36:36.663,1.09773,1.09776,5320000,1000000
2019.10.03 14:36:36.779,1.09773,1.09775,750000,1000000
2019.10.03 14:36:36.931,1.09773,1.09775,2250000,750000
2019.10.03 14:36:37.084,1.09774,1.09777,1820000,2250000
2019.10.03 14:36:37.236,1.09776,1.09778,750000,1870000
2019.10.03 14:36:37.337,1.09776,1.09778,750000,750000
2019.10.03 14:36:37.438,1.09775,1.09778,1000000,1500000
2019.10.03 14:36:37.599,1.09776,1.09779,1390000,1750000
2019.10.03 14:36:37.701,1.09776,1.09778,750000,2060000
2019.10.03 14:36:37.802,1.09777,1.09779,2440000,750000
2019.10.03 14:36:37.903,1.09778,1.0978,1000000,1500000
2019.10.03 14:36:38.109,1.09779,1.0978,940000,500000
2019.10.03 14:36:38.160,1.09782,1.09784,1500000,1500000
2019.10.03 14:36:38.261,1.0978,1.09783,1000000,2250000
2019.10.03 14:36:38.408,1.09778,1.09783,1450000,2620000
2019.10.03 14:36:38.569,1.0978,1.09783,1070000,750000
2019.10.03 14:36:38.672,1.09779,1.09784,5570000,2810000
2019.10.03 14:36:38.774,1.0978,1.09783,1000000,750000
2019.10.03 14:36:38.880,1.09779,1.09781,500000,1690000
2019.10.03 14:36:39.032,1.09778,1.09783,4390000,3250000
2019.10.03 14:36:39.185,1.09779,1.09781,1120000,750000
2019.10.03 14:36:39.286,1.09778,1.09781,1500000,1310000
2019.10.03 14:36:39.388,1.09778,1.09779,750000,560000
2019.10.03 14:36:39.489,1.09778,1.0978,1500000,500000
2019.10.03 14:36:39.852,1.09778,1.09781,3940000,1870000
2019.10.03 14:36:39.953,1.09779,1.09783,1820000,1120000
2019.10.03 14:36:40.307,1.09778,1.09782,1410000,2620000
2019.10.03 14:36:40.409,1.09779,1.09783,850000,1500000
2019.10.03 14:36:40.535,1.0978,1.09783,1000000,3750000
2019.10.03 14:36:40.586,1.09781,1.09785,5890000,1870000
2019.10.03 14:36:40.689,1.0978,1.09784,1120000,5500000
2019.10.03 14:36:40.841,1.09782,1.09784,1390000,940000
2019.10.03 14:36:40.942,1.09781,1.09784,1760000,500000
2019.10.03 14:36:41.489,1.09781,1.09785,940000,3560000
2019.10.03 14:36:41.742,1.09783,1.09785,1410000,500000
2019.10.03 14:36:41.843,1.09783,1.09785,1690000,500000
2019.10.03 14:36:42.002,1.09783,1.09784,750000,500000
2019.10.03 14:36:42.205,1.09783,1.09786,6650000,500000
2019.10.03 14:36:42.533,1.09783,1.09786,1200000,1310000
2019.10.03 14:36:42.635,1.09784,1.09787,750000,750000
2019.10.03 14:36:42.789,1.09785,1.09786,750000,940000
2019.10.03 14:36:42.840,1.09783,1.09784,1870000,1120000
2019.10.03 14:36:42.942,1.09783,1.09786,3700000,750000
2019.10.03 14:36:43.043,1.09784,1.09787,4470000,500000
2019.10.03 14:36:43.145,1.09785,1.09786,640000,1870000
2019.10.03 14:36:43.292,1.09787,1.0979,5220000,940000
2019.10.03 14:36:43.651,1.09786,1.09789,1000000,1870000
2019.10.03 14:36:43.753,1.09786,1.09789,1500000,2060000
2019.10.03 14:36:43.956,1.09785,1.09788,750000,2870000
2019.10.03 14:36:44.007,1.09784,1.09788,940000,2440000
2019.10.03 14:36:44.082,1.09785,1.09788,820000,1370000
2019.10.03 14:36:44.285,1.09786,1.09788,2500000,750000
2019.10.03 14:36:44.438,1.09785,1.09787,750000,940000
2019.10.03 14:36:44.586,1.09785,1.09786,750000,750000
2019.10.03 14:36:44.687,1.09784,1.09786,750000,750000
2019.10.03 14:36:45.153,1.09784,1.09787,750000,3250000
2019.10.03 14:36:45.305,1.09783,1.09787,1760000,2250000
2019.10.03 14:36:45.356,1.09783,1.09785,1500000,1120000
2019.10.03 14:36:46.415,1.09783,1.09786,750000,750000
2019.10.03 14:36:46.533,1.09781,1.09785,750000,2500000
2019.10.03 14:36:46.635,1.09783,1.09785,1760000,1500000
2019.10.03 14:36:46.960,1.09782,1.09785,640000,1500000
2019.10.03 14:36:47.164,1.09781,1.09785,940000,4690000
2019.10.03 14:36:47.316,1.09781,1.09782,750000,560000
2019.10.03 14:36:47.439,1.09782,1.09784,1750000,750000
2019.10.03 14:36:47.543,1.09782,1.09785,1690000,3000000
2019.10.03 14:36:47.645,1.09782,1.09786,4760000,1690000
2019.10.03 14:36:47.746,1.09782,1.09785,750000,1690000
2019.10.03 14:36:47.864,1.09782,1.09785,1000000,1690000
2019.10.03 14:36:48.016,1.09781,1.09783,1500000,1000000
2019.10.03 14:36:48.118,1.09782,1.09785,3250000,2250000
2019.10.03 14:36:48.169,1.09782,1.09786,2890000,2810000
2019.10.03 14:36:48.270,1.09784,1.09787,1820000,750000
2019.10.03 14:36:48.395,1.09783,1.09785,750000,1750000
2019.10.03 14:36:48.859,1.09783,1.09785,820000,750000
2019.10.03 14:36:49.113,1.09782,1.09786,4010000,2440000
2019.10.03 14:36:49.215,1.09782,1.09785,820000,2810000
2019.10.03 14:36:49.422,1.09783,1.09786,1220000,940000
2019.10.03 14:36:49.575,1.09783,1.09786,1570000,940000
2019.10.03 14:36:49.727,1.09784,1.09786,750000,750000
2019.10.03 14:36:50.263,1.09784,1.09787,1390000,750000
2019.10.03 14:36:50.393,1.09785,1.09787,1200000,940000
2019.10.03 14:36:50.747,1.09785,1.09788,1570000,940000
2019.10.03 14:36:50.985,1.09784,1.09787,750000,3250000
2019.10.03 14:36:51.086,1.09784,1.09787,1010000,750000
2019.10.03 14:36:51.238,1.09784,1.09788,820000,2500000
2019.10.03 14:36:52.315,1.09784,1.09787,1010000,750000
2019.10.03 14:36:52.467,1.09783,1.09787,1690000,2440000
2019.10.03 14:36:52.866,1.09782,1.09786,500000,4370000
2019.10.03 14:36:52.968,1.09782,1.09786,1750000,3370000
2019.10.03 14:36:53.118,1.09783,1.09787,1450000,3190000
2019.10.03 14:36:53.220,1.09784,1.09787,500000,3250000
2019.10.03 14:36:53.321,1.09784,1.09789,5270000,4370000
2019.10.03 14:36:53.757,1.09789,1.0979,2720000,750000
2019.10.03 14:36:53.808,1.09789,1.09792,1310000,750000
2019.10.03 14:36:53.858,1.09791,1.09792,560000,1500000
2019.10.03 14:36:53.960,1.09792,1.09793,940000,3370000
2019.10.03 14:36:54.072,1.09792,1.09794,1750000,2620000
2019.10.03 14:36:54.227,1.09792,1.09794,750000,2500000
2019.10.03 14:36:54.403,1.09792,1.09794,940000,940000
2019.10.03 14:36:54.534,1.09793,1.09795,750000,1500000
2019.10.03 14:36:54.585,1.09792,1.09794,750000,750000
2019.10.03 14:36:54.686,1.09791,1.09793,1500000,1690000
2019.10.03 14:36:54.788,1.09792,1.09793,750000,750000
2019.10.03 14:36:54.889,1.09791,1.09794,3260000,1000000
2019.10.03 14:36:55.001,1.09792,1.09793,750000,560000
2019.10.03 14:36:55.103,1.09792,1.09794,750000,500000
2019.10.03 14:36:55.205,1.09791,1.09794,940000,2440000
2019.10.03 14:36:55.408,1.09791,1.09793,750000,4690000
2019.10.03 14:36:55.510,1.09792,1.09794,750000,750000
2019.10.03 14:36:55.686,1.09791,1.09794,750000,2440000
2019.10.03 14:36:57.060,1.09791,1.09793,750000,6190000
2019.10.03 14:36:57.223,1.0979,1.09791,2440000,2250000
2019.10.03 14:36:57.349,1.09788,1.0979,2440000,500000
2019.10.03 14:36:57.452,1.09788,1.09791,3710000,500000
2019.10.03 14:36:57.554,1.09788,1.0979,750000,750000
2019.10.03 14:36:57.655,1.09789,1.09791,2440000,500000
2019.10.03 14:36:57.809,1.09788,1.09791,3260000,750000
2019.10.03 14:36:57.910,1.09787,1.0979,750000,2440000
2019.10.03 14:36:58.712,1.09788,1.0979,500000,940000
2019.10.03 14:36:58.887,1.09786,1.09788,750000,4310000
2019.10.03 14:36:58.988,1.09786,1.09789,940000,500000
2019.10.03 14:36:59.256,1.09784,1.09786,2140000,750000
2019.10.03 14:36:59.308,1.09783,1.09785,750000,750000
2019.10.03 14:36:59.411,1.09783,1.09785,9260000,1000000
2019.10.03 14:36:59.512,1.09782,1.09784,3820000,750000
2019.10.03 14:36:59.664,1.09779,1.09783,1010000,4470000
2019.10.03 14:36:59.817,1.0978,1.09782,1000000,750000
2019.10.03 14:36:59.867,1.09779,1.09783,1760000,1750000
2019.10.03 14:36:59.969,1.09779,1.09783,3160000,750000
2019.10.03 14:37:00.070,1.0978,1.09783,2010000,1500000
2019.10.03 14:37:00.245,1.09781,1.09783,750000,1500000
2019.10.03 14:37:00.347,1.0978,1.09784,1000000,15260000
2019.10.03 14:37:00.397,1.09782,1.09784,560000,750000
2019.10.03 14:37:00.551,1.09784,1.09785,940000,750000
2019.10.03 14:37:00.709,1.09783,1.09787,3350000,1500000
2019.10.03 14:37:00.810,1.09783,1.09785,2810000,750000
2019.10.03 14:37:00.911,1.09783,1.09785,1120000,750000
2019.10.03 14:37:01.013,1.09785,1.09788,850000,1500000
2019.10.03 14:37:01.207,1.09786,1.09788,1370000,750000
2019.10.03 14:37:01.308,1.09786,1.09788,1500000,750000
2019.10.03 14:37:01.460,1.09786,1.09788,1750000,750000
2019.10.03 14:37:02.383,1.09785,1.09788,1570000,940000
2019.10.03 14:37:02.484,1.09785,1.09787,1000000,1120000
2019.10.03 14:37:02.609,1.09784,1.09787,1120000,5060000
2019.10.03 14:37:02.711,1.09784,1.09787,1190000,750000
2019.10.03 14:37:03.276,1.09784,1.09787,940000,750000
2019.10.03 14:37:03.529,1.09783,1.09787,1870000,3560000
2019.10.03 14:37:03.630,1.09784,1.09786,750000,750000
2019.10.03 14:37:04.116,1.09783,1.09787,1690000,3190000
2019.10.03 14:37:04.217,1.09783,1.09786,3060000,750000
2019.10.03 14:37:04.319,1.09784,1.09786,850000,750000
2019.10.03 14:37:04.432,1.09783,1.09786,4450000,940000
2019.10.03 14:37:04.810,1.09784,1.09786,3060000,1500000
2019.10.03 14:37:04.955,1.09784,1.09786,2060000,1690000
2019.10.03 14:37:05.208,1.09784,1.09785,750000,1500000
2019.10.03 14:37:05.309,1.09783,1.09786,1310000,2250000
2019.10.03 14:37:05.410,1.09784,1.09786,2060000,750000
2019.10.03 14:37:05.753,1.09787,1.09788,820000,750000
2019.10.03 14:37:05.854,1.09787,1.0979,750000,1690000
2019.10.03 14:37:05.988,1.09788,1.0979,1500000,750000
2019.10.03 14:37:06.455,1.09787,1.09791,3560000,3190000
2019.10.03 14:37:07.024,1.09789,1.09791,2060000,750000
2019.10.03 14:37:07.176,1.09789,1.09793,4470000,750000
2019.10.03 14:37:07.328,1.09788,1.09791,820000,2060000
2019.10.03 14:37:07.579,1.09786,1.09787,2250000,2620000
2019.10.03 14:37:07.681,1.09784,1.09789,5510000,3250000
2019.10.03 14:37:07.782,1.09786,1.09789,1760000,750000
2019.10.03 14:37:07.833,1.09788,1.0979,4030000,750000
2019.10.03 14:37:07.946,1.09789,1.09791,1690000,750000
2019.10.03 14:37:08.047,1.0979,1.09792,940000,750000
2019.10.03 14:37:08.149,1.09789,1.09791,820000,750000
2019.10.03 14:37:08.303,1.09789,1.09792,2510000,750000
2019.10.03 14:37:08.556,1.0979,1.09793,500000,2440000
2019.10.03 14:37:09.315,1.09789,1.09791,750000,1120000
2019.10.03 14:37:09.416,1.0979,1.09793,1750000,750000
2019.10.03 14:37:09.820,1.0979,1.09794,2320000,1750000
2019.10.03 14:37:10.539,1.09791,1.09794,560000,1000000
2019.10.03 14:37:10.700,1.09793,1.09794,560000,1500000
2019.10.03 14:37:10.802,1.09794,1.09797,1690000,750000
2019.10.03 14:37:11.063,1.09795,1.09799,2970000,750000
2019.10.03 14:37:11.164,1.09795,1.09799,2950000,2500000
2019.10.03 14:37:12.548,1.09794,1.09797,1690000,3250000
2019.10.03 14:37:12.813,1.09794,1.09797,2700000,1500000
2019.10.03 14:37:12.957,1.09793,1.09796,2250000,1690000
2019.10.03 14:37:13.058,1.09792,1.09796,3700000,2620000
2019.10.03 14:37:13.110,1.09794,1.09796,1950000,1120000
2019.10.03 14:37:13.211,1.09793,1.09796,1500000,750000
2019.10.03 14:37:13.391,1.09793,1.09795,1750000,1500000
2019.10.03 14:37:13.547,1.09792,1.09796,3620000,1500000
2019.10.03 14:37:13.648,1.09794,1.09796,3620000,750000
2019.10.03 14:37:13.800,1.09794,1.09795,750000,1500000
2019.10.03 14:37:14.063,1.09794,1.09796,2060000,750000
2019.10.03 14:37:14.165,1.09792,1.09794,750000,1500000
2019.10.03 14:37:14.266,1.09791,1.09794,1120000,1690000
2019.10.03 14:37:14.424,1.09789,1.09793,750000,3750000
2019.10.03 14:37:14.576,1.09788,1.09789,520000,1120000
2019.10.03 14:37:14.627,1.0979,1.09791,940000,750000
2019.10.03 14:37:14.729,1.09789,1.09792,1500000,1760000
2019.10.03 14:37:14.780,1.09789,1.09791,1500000,1750000
2019.10.03 14:37:14.830,1.09787,1.09791,2250000,4370000
2019.10.03 14:37:14.945,1.09789,1.09791,1500000,750000
2019.10.03 14:37:15.097,1.0979,1.09792,1310000,750000
2019.10.03 14:37:15.148,1.09788,1.09792,2060000,5440000
2019.10.03 14:37:15.299,1.09789,1.09793,1370000,2620000
2019.10.03 14:37:15.431,1.09789,1.09793,940000,2060000
2019.10.03 14:37:15.533,1.09789,1.09793,1750000,2250000
2019.10.03 14:37:15.584,1.09791,1.09794,850000,750000
2019.10.03 14:37:15.685,1.09791,1.09795,4390000,1690000
2019.10.03 14:37:15.786,1.09792,1.09795,1690000,4120000
2019.10.03 14:37:15.941,1.09791,1.09794,750000,4010000
2019.10.03 14:37:16.042,1.09791,1.09795,3640000,3190000
2019.10.03 14:37:16.144,1.0979,1.09792,750000,3940000
2019.10.03 14:37:16.195,1.09791,1.09795,5200000,500000
2019.10.03 14:37:16.297,1.0979,1.09794,1690000,5440000
2019.10.03 14:37:16.398,1.09794,1.09795,2440000,3000000
2019.10.03 14:37:16.502,1.09794,1.09797,2320000,940000
2019.10.03 14:37:16.755,1.09794,1.09797,1000000,4500000
2019.10.03 14:37:16.958,1.09794,1.09795,750000,750000
2019.10.03 14:37:17.062,1.09793,1.09795,750000,1690000
2019.10.03 14:37:17.395,1.09792,1.09794,1120000,1690000
2019.10.03 14:37:17.497,1.09791,1.09793,1500000,940000
2019.10.03 14:37:17.648,1.09791,1.09792,750000,750000
2019.10.03 14:37:17.792,1.0979,1.09792,750000,4120000
2019.10.03 14:37:17.894,1.09788,1.09791,750000,3250000
2019.10.03 14:37:18.605,1.0979,1.09793,2500000,3000000
2019.10.03 14:37:18.656,1.0979,1.09793,750000,3190000
2019.10.03 14:37:19.366,1.0979,1.09792,940000,750000
2019.10.03 14:37:19.557,1.09789,1.09792,940000,7500000
2019.10.03 14:37:20.491,1.0979,1.09792,940000,940000
2019.10.03 14:37:20.592,1.09789,1.09792,940000,4690000
2019.10.03 14:37:21.156,1.0979,1.09792,940000,750000
2019.10.03 14:37:21.687,1.09789,1.09792,1690000,5440000
2019.10.03 14:37:21.789,1.0979,1.09792,1690000,940000
2019.10.03 14:37:22.716,1.0979,1.09791,750000,750000
2019.10.03 14:37:22.823,1.09787,1.09789,1500000,5250000
2019.10.03 14:37:22.886,1.09789,1.09792,1470000,1500000
2019.10.03 14:37:22.938,1.09789,1.09793,5500000,1500000
2019.10.03 14:37:23.039,1.09789,1.09792,940000,750000
2019.10.03 14:37:23.140,1.0979,1.09793,3190000,750000
2019.10.03 14:37:23.191,1.0979,1.09791,750000,750000
2019.10.03 14:37:23.517,1.0979,1.09793,3440000,940000
2019.10.03 14:37:23.619,1.09791,1.09793,1310000,940000
2019.10.03 14:37:23.670,1.09796,1.09797,2810000,750000
2019.10.03 14:37:23.720,1.09795,1.09796,1500000,750000
2019.10.03 14:37:23.816,1.09795,1.09798,940000,750000
2019.10.03 14:37:23.922,1.09795,1.09799,1500000,3250000
2019.10.03 14:37:24.176,1.09798,1.098,3090000,1500000
2019.10.03 14:37:24.326,1.09797,1.09798,750000,750000
2019.10.03 14:37:24.428,1.09796,1.09798,750000,2060000
2019.10.03 14:37:24.530,1.09796,1.09798,1750000,1870000
2019.10.03 14:37:24.632,1.09796,1.09798,940000,1690000
2019.10.03 14:37:25.418,1.09796,1.09799,750000,2440000
2019.10.03 14:37:25.520,1.09796,1.09798,750000,1120000
2019.10.03 14:37:25.779,1.09799,1.09802,1760000,1500000
2019.10.03 14:37:25.831,1.09797,1.09798,1870000,1690000
2019.10.03 14:37:25.881,1.09795,1.09797,6750000,1010000
2019.10.03 14:37:25.983,1.09794,1.09797,7000000,4500000
2019.10.03 14:37:26.085,1.09794,1.09798,2500000,3070000
2019.10.03 14:37:26.287,1.09794,1.09798,1750000,4220000
2019.10.03 14:37:26.891,1.09794,1.09798,1750000,3450000
2019.10.03 14:37:27.021,1.09795,1.09798,1000000,1500000
2019.10.03 14:37:27.173,1.09794,1.09799,3250000,7040000
2019.10.03 14:37:27.530,1.09794,1.09798,940000,7010000
2019.10.03 14:37:27.580,1.09796,1.09799,1000000,500000
2019.10.03 14:37:27.693,1.09799,1.09801,1450000,1500000
2019.10.03 14:37:27.795,1.09799,1.09802,1370000,750000
2019.10.03 14:37:27.946,1.09799,1.09803,2120000,1570000
2019.10.03 14:37:28.243,1.098,1.09803,1370000,750000
2019.10.03 14:37:28.345,1.09799,1.09803,1370000,3820000
2019.10.03 14:37:30.102,1.09799,1.09803,1750000,3470000
2019.10.03 14:37:30.204,1.098,1.09803,2440000,1820000
2019.10.03 14:37:30.337,1.098,1.09802,750000,2700000
2019.10.03 14:37:30.438,1.098,1.09804,2440000,1970000
2019.10.03 14:37:30.540,1.098,1.09802,2060000,1200000
2019.10.03 14:37:30.642,1.09798,1.09801,750000,2510000
2019.10.03 14:37:30.840,1.09796,1.09799,1000000,4570000
2019.10.03 14:37:30.942,1.09796,1.09799,1870000,2440000
2019.10.03 14:37:31.094,1.09797,1.09799,500000,750000
2019.10.03 14:37:31.332,1.09796,1.09799,3370000,940000
2019.10.03 14:37:31.484,1.09795,1.09798,750000,1410000
2019.10.03 14:37:31.585,1.09795,1.09798,3000000,640000
2019.10.03 14:37:31.687,1.09794,1.09798,3940000,940000
2019.10.03 14:37:31.788,1.09794,1.09797,750000,940000
2019.10.03 14:37:31.900,1.09793,1.09797,2440000,1010000
2019.10.03 14:37:32.002,1.09793,1.09796,750000,1690000
2019.10.03 14:37:32.255,1.09793,1.09797,2440000,1760000
2019.10.03 14:37:32.519,1.09794,1.09798,2120000,820000
2019.10.03 14:37:32.671,1.09794,1.09798,3560000,2140000
2019.10.03 14:37:32.920,1.09797,1.09799,3000000,750000
2019.10.03 14:37:33.022,1.09797,1.098,750000,2160000
2019.10.03 14:37:33.124,1.09798,1.09802,5120000,750000
2019.10.03 14:37:33.340,1.09798,1.09802,3190000,2060000
2019.10.03 14:37:33.441,1.09799,1.09802,940000,750000
2019.10.03 14:37:33.543,1.09799,1.09801,750000,3000000
2019.10.03 14:37:33.771,1.09799,1.09802,3190000,750000
2019.10.03 14:37:34.411,1.098,1.09803,2060000,1000000
2019.10.03 14:37:37.461,1.09803,1.09804,2250000,2250000
2019.10.03 14:37:37.564,1.09804,1.09808,1000000,1120000
2019.10.03 14:37:37.615,1.09804,1.09808,1690000,2810000
2019.10.03 14:37:37.751,1.09805,1.09809,3620000,820000
2019.10.03 14:37:38.294,1.09805,1.09808,1500000,1410000
2019.10.03 14:37:38.462,1.09804,1.09808,1500000,4070000
2019.10.03 14:37:38.664,1.09804,1.09806,750000,4000000
2019.10.03 14:37:38.766,1.09804,1.09806,750000,2950000
2019.10.03 14:37:38.918,1.09803,1.09807,940000,2950000
2019.10.03 14:37:39.445,1.09804,1.09808,2250000,2950000
2019.10.03 14:37:39.731,1.09804,1.09805,750000,640000
2019.10.03 14:37:39.833,1.09804,1.09805,2250000,600000
2019.10.03 14:37:39.934,1.09803,1.09806,1500000,940000
2019.10.03 14:37:40.049,1.09803,1.09806,1500000,2200000
2019.10.03 14:37:40.151,1.09803,1.09806,1500000,940000
2019.10.03 14:37:40.303,1.09803,1.09805,750000,940000
2019.10.03 14:37:40.559,1.09802,1.09806,750000,5200000
2019.10.03 14:37:40.817,1.09802,1.09805,750000,5200000
2019.10.03 14:37:40.918,1.09802,1.09806,750000,5570000
2019.10.03 14:37:41.503,1.09802,1.09804,1500000,2950000
2019.10.03 14:37:41.604,1.09801,1.09804,750000,940000
2019.10.03 14:37:41.822,1.09803,1.09806,2500000,750000
2019.10.03 14:37:41.924,1.09802,1.09805,1690000,750000
2019.10.03 14:37:42.029,1.09801,1.09804,750000,2140000
2019.10.03 14:37:42.131,1.09802,1.09804,750000,750000
2019.10.03 14:37:42.396,1.09801,1.09804,1500000,940000
2019.10.03 14:37:42.650,1.09802,1.09804,940000,1500000
2019.10.03 14:37:42.701,1.09806,1.09808,1370000,3750000
2019.10.03 14:37:42.809,1.09806,1.09809,1780000,1690000
2019.10.03 14:37:42.913,1.09806,1.09808,750000,1010000
2019.10.03 14:37:43.015,1.09806,1.09809,2530000,750000
2019.10.03 14:37:43.117,1.09805,1.09809,5720000,2060000
2019.10.03 14:37:43.168,1.09803,1.09804,750000,1200000
2019.10.03 14:37:43.322,1.09802,1.09806,4000000,3000000
2019.10.03 14:37:43.373,1.09804,1.09808,3350000,1120000
2019.10.03 14:37:43.677,1.09803,1.09805,1690000,1760000
2019.10.03 14:37:43.828,1.09801,1.09804,940000,2120000
2019.10.03 14:37:43.981,1.09801,1.09804,940000,1870000
2019.10.03 14:37:44.961,1.09802,1.09804,940000,750000
2019.10.03 14:37:45.100,1.09801,1.09806,6320000,3190000
2019.10.03 14:37:45.209,1.09801,1.09803,500000,2440000
2019.10.03 14:37:45.424,1.09803,1.09805,1500000,750000
2019.10.03 14:37:45.525,1.09802,1.09806,1690000,2440000
2019.10.03 14:37:45.670,1.09802,1.09805,750000,1690000
2019.10.03 14:37:45.771,1.09803,1.09805,750000,750000
2019.10.03 14:37:45.972,1.09803,1.09806,1690000,1000000
2019.10.03 14:37:46.074,1.09802,1.09804,750000,750000
2019.10.03 14:37:46.175,1.09802,1.09803,500000,1120000
2019.10.03 14:37:46.395,1.09802,1.09804,1690000,1870000
2019.10.03 14:37:46.845,1.09802,1.09804,2120000,500000
2019.10.03 14:37:47.095,1.098,1.09804,2120000,2500000
2019.10.03 14:37:49.275,1.09799,1.098,2250000,750000
2019.10.03 14:37:49.326,1.09798,1.09799,750000,3000000
2019.10.03 14:37:49.479,1.09798,1.098,940000,750000
2019.10.03 14:37:49.580,1.09797,1.09801,2500000,750000
2019.10.03 14:37:49.631,1.09796,1.09798,750000,820000
2019.10.03 14:37:49.885,1.09795,1.09798,1500000,940000
2019.10.03 14:37:50.294,1.09794,1.09796,750000,3560000
2019.10.03 14:37:50.345,1.09792,1.09793,2250000,8210000
2019.10.03 14:37:50.447,1.09789,1.09792,750000,2500000
2019.10.03 14:37:50.576,1.09789,1.0979,750000,1690000
2019.10.03 14:37:50.677,1.09788,1.09791,2250000,2500000
2019.10.03 14:37:50.829,1.09788,1.09792,1870000,1000000
2019.10.03 14:37:50.930,1.09789,1.09791,2440000,500000
2019.10.03 14:37:51.135,1.09788,1.09791,1500000,940000
2019.10.03 14:37:51.653,1.09788,1.0979,750000,940000
2019.10.03 14:37:51.754,1.09787,1.09789,940000,1500000
2019.10.03 14:37:51.856,1.09788,1.09792,2500000,2620000
2019.10.03 14:37:51.957,1.09788,1.0979,1500000,750000
2019.10.03 14:37:52.058,1.09788,1.09791,1500000,500000
2019.10.03 14:37:52.249,1.09787,1.09789,1000000,600000
2019.10.03 14:37:52.353,1.09786,1.09788,750000,1120000
2019.10.03 14:37:52.454,1.09786,1.09789,940000,500000
2019.10.03 14:37:52.759,1.09785,1.09788,940000,2620000
2019.10.03 14:37:52.861,1.09786,1.09788,750000,750000
2019.10.03 14:37:53.400,1.09785,1.09786,1310000,750000
2019.10.03 14:37:53.513,1.09778,1.09779,1870000,750000
2019.10.03 14:37:53.615,1.09776,1.09778,750000,2570000
2019.10.03 14:37:53.818,1.09775,1.09778,2250000,1000000
2019.10.03 14:37:53.997,1.09775,1.09778,1500000,940000
2019.10.03 14:37:54.199,1.09774,1.09775,750000,940000
2019.10.03 14:37:54.302,1.09772,1.09775,750000,3250000
2019.10.03 14:37:54.443,1.09775,1.09777,1000000,500000
2019.10.03 14:37:54.544,1.09774,1.09776,1750000,750000
2019.10.03 14:37:54.645,1.09775,1.09777,2250000,750000
2019.10.03 14:37:54.746,1.09775,1.09776,750000,500000
2019.10.03 14:37:55.345,1.09773,1.09776,750000,1310000
2019.10.03 14:37:55.504,1.09773,1.09776,750000,2060000
2019.10.03 14:37:55.606,1.09773,1.09778,4000000,3560000
2019.10.03 14:37:55.923,1.09774,1.09779,2890000,4070000
2019.10.03 14:37:55.975,1.09776,1.09781,1310000,4750000
2019.10.03 14:37:56.077,1.09777,1.0978,940000,1520000
2019.10.03 14:37:58.014,1.09781,1.09783,2720000,750000
2019.10.03 14:37:58.117,1.09779,1.09783,1500000,5890000
2019.10.03 14:37:58.219,1.09779,1.09782,750000,6640000
2019.10.03 14:37:58.320,1.09779,1.09783,1500000,2810000
2019.10.03 14:37:58.371,1.09783,1.09784,820000,750000
2019.10.03 14:37:58.473,1.09785,1.09787,1870000,2250000
2019.10.03 14:37:58.577,1.09786,1.09789,3190000,750000
2019.10.03 14:37:58.680,1.09786,1.09789,2500000,750000
2019.10.03 14:37:58.781,1.09786,1.09789,940000,1000000
2019.10.03 14:37:59.065,1.09786,1.09788,500000,1000000
2019.10.03 14:37:59.168,1.09785,1.09787,750000,750000
2019.10.03 14:37:59.711,1.09786,1.09789,1000000,940000
2019.10.03 14:37:59.813,1.09786,1.0979,940000,940000
2019.10.03 14:38:00.071,1.09785,1.09789,3190000,820000
2019.10.03 14:38:00.223,1.09784,1.09789,3940000,3560000
2019.10.03 14:38:00.376,1.09784,1.09788,750000,2810000
2019.10.03 14:38:00.597,1.09785,1.09789,940000,3260000
2019.10.03 14:38:00.749,1.09785,1.09788,1500000,750000
2019.10.03 14:38:00.915,1.09784,1.09788,1500000,1310000
2019.10.03 14:38:01.017,1.09784,1.09787,750000,2060000
2019.10.03 14:38:01.068,1.09784,1.09786,2720000,560000
2019.10.03 14:38:01.170,1.09783,1.09786,1970000,1310000
2019.10.03 14:38:01.318,1.09783,1.09786,1570000,1310000
2019.10.03 14:38:01.419,1.09783,1.09785,1010000,1120000
2019.10.03 14:38:01.522,1.09782,1.09784,940000,750000
2019.10.03 14:38:01.624,1.09781,1.09784,1010000,1120000
2019.10.03 14:38:01.777,1.09781,1.09783,820000,500000
2019.10.03 14:38:01.937,1.09781,1.09782,820000,500000
2019.10.03 14:38:01.988,1.09778,1.0978,2250000,2620000
2019.10.03 14:38:02.089,1.09777,1.09779,2320000,940000
2019.10.03 14:38:02.191,1.09776,1.09779,1570000,1310000
2019.10.03 14:38:02.383,1.09779,1.0978,1390000,1120000
2019.10.03 14:38:02.484,1.09778,1.09781,820000,4750000
2019.10.03 14:38:02.586,1.0978,1.09783,1220000,1690000
2019.10.03 14:38:02.687,1.0978,1.09783,820000,1690000
2019.10.03 14:38:02.872,1.09778,1.0978,1970000,750000
2019.10.03 14:38:02.973,1.09776,1.0978,7070000,750000
2019.10.03 14:38:03.074,1.09775,1.09778,820000,2440000
2019.10.03 14:38:03.176,1.09776,1.09778,750000,750000
2019.10.03 14:38:03.388,1.09776,1.09779,1010000,750000
2019.10.03 14:38:03.489,1.09776,1.09779,2540000,750000
2019.10.03 14:38:03.591,1.09777,1.09779,1390000,500000
2019.10.03 14:38:03.692,1.09777,1.0978,3640000,750000
2019.10.03 14:38:03.797,1.09777,1.0978,3470000,560000
2019.10.03 14:38:03.899,1.09778,1.09782,3720000,1120000
2019.10.03 14:38:04.000,1.09779,1.09782,4470000,500000
2019.10.03 14:38:04.402,1.09778,1.09782,2160000,3190000
2019.10.03 14:38:04.909,1.09779,1.09782,1970000,560000
2019.10.03 14:38:05.113,1.09778,1.09782,1570000,3250000
2019.10.03 14:38:05.265,1.09778,1.09782,1220000,2500000
2019.10.03 14:38:05.395,1.09778,1.09782,820000,3250000
2019.10.03 14:38:05.598,1.09778,1.09781,3070000,560000
2019.10.03 14:38:05.700,1.09776,1.0978,2910000,2440000
2019.10.03 14:38:05.801,1.09776,1.0978,2510000,1690000
2019.10.03 14:38:05.948,1.09777,1.0978,1410000,1870000
2019.10.03 14:38:06.050,1.0978,1.09781,1200000,1870000
2019.10.03 14:38:06.102,1.09782,1.09783,1570000,750000
2019.10.03 14:38:06.203,1.09782,1.09786,5970000,750000
2019.10.03 14:38:06.305,1.09782,1.09785,600000,1370000
2019.10.03 14:38:06.431,1.09782,1.09786,3720000,750000
2019.10.03 14:38:06.535,1.09783,1.09785,1410000,500000
2019.10.03 14:38:06.639,1.09781,1.09785,1820000,1120000
2019.10.03 14:38:07.255,1.09783,1.09785,820000,750000
2019.10.03 14:38:07.356,1.09781,1.09784,4010000,3000000
2019.10.03 14:38:07.479,1.09781,1.09783,750000,1690000
2019.10.03 14:38:07.631,1.09782,1.09785,2720000,1000000
2019.10.03 14:38:07.740,1.09782,1.09785,820000,1000000
2019.10.03 14:38:08.407,1.09782,1.09784,750000,1000000
2019.10.03 14:38:08.618,1.09781,1.09784,750000,2440000
2019.10.03 14:38:08.720,1.09782,1.09784,820000,750000
2019.10.03 14:38:08.822,1.09779,1.09781,2250000,750000
2019.10.03 14:38:08.873,1.09776,1.09777,750000,1500000
2019.10.03 14:38:08.954,1.09775,1.09776,750000,500000
2019.10.03 14:38:09.056,1.09774,1.09778,1220000,1120000
2019.10.03 14:38:09.157,1.09774,1.09778,820000,4370000
2019.10.03 14:38:09.259,1.09775,1.09777,750000,2120000
2019.10.03 14:38:09.360,1.09775,1.09778,2320000,1750000
2019.10.03 14:38:09.475,1.09774,1.09778,5320000,1750000
2019.10.03 14:38:09.577,1.09775,1.09777,750000,940000
2019.10.03 14:38:09.728,1.09775,1.09778,820000,940000
2019.10.03 14:38:09.863,1.09774,1.09775,750000,940000
2019.10.03 14:38:09.965,1.09774,1.09775,1580000,750000
2019.10.03 14:38:10.067,1.09773,1.09775,750000,3000000
2019.10.03 14:38:10.176,1.09774,1.09776,2890000,1500000
2019.10.03 14:38:10.227,1.09775,1.09778,1410000,750000
2019.10.03 14:38:10.329,1.09775,1.09779,6260000,940000
2019.10.03 14:38:10.431,1.09775,1.09779,3660000,940000
2019.10.03 14:38:10.533,1.09775,1.09779,3260000,940000
2019.10.03 14:38:10.955,1.09775,1.09778,600000,560000
2019.10.03 14:38:11.057,1.09775,1.09779,4010000,560000
2019.10.03 14:38:11.158,1.09775,1.09779,8910000,560000
2019.10.03 14:38:11.259,1.09775,1.09779,1760000,1310000
2019.10.03 14:38:11.462,1.09778,1.0978,4010000,1870000
2019.10.03 14:38:11.588,1.09781,1.09782,750000,750000
2019.10.03 14:38:11.689,1.09781,1.09783,820000,750000
2019.10.03 14:38:11.791,1.0978,1.09784,1410000,5620000
2019.10.03 14:38:12.313,1.09781,1.09784,1410000,750000
2019.10.03 14:38:12.414,1.09782,1.09784,2160000,750000
2019.10.03 14:38:12.465,1.0978,1.09784,1410000,4690000
2019.10.03 14:38:13.201,1.09781,1.09784,1070000,750000
2019.10.03 14:38:13.319,1.0978,1.09784,1070000,5250000
2019.10.03 14:38:13.575,1.09781,1.09784,1070000,750000
2019.10.03 14:38:13.676,1.0978,1.09784,1070000,5620000
2019.10.03 14:38:13.777,1.09781,1.09784,1750000,1120000
2019.10.03 14:38:14.080,1.0978,1.09784,1390000,4310000
2019.10.03 14:38:14.181,1.09781,1.09783,750000,1500000
2019.10.03 14:38:14.232,1.09783,1.09785,1820000,750000
2019.10.03 14:38:14.283,1.09786,1.09787,500000,750000
2019.10.03 14:38:14.334,1.09785,1.09788,2140000,750000
2019.10.03 14:38:14.491,1.09785,1.09789,4690000,1690000
2019.10.03 14:38:14.592,1.09786,1.09788,750000,750000
2019.10.03 14:38:14.698,1.09784,1.09787,1500000,1750000
2019.10.03 14:38:14.800,1.09783,1.09788,3190000,3620000
2019.10.03 14:38:14.993,1.09785,1.09788,820000,1690000
2019.10.03 14:38:15.106,1.09784,1.09787,750000,3250000
2019.10.03 14:38:15.259,1.09784,1.09787,2250000,1690000
2019.10.03 14:38:15.361,1.09785,1.09787,750000,940000
2019.10.03 14:38:15.616,1.09786,1.09789,2440000,750000
2019.10.03 14:38:15.768,1.09785,1.09788,500000,940000
2019.10.03 14:38:15.869,1.09785,1.09789,4760000,1690000
2019.10.03 14:38:16.105,1.09785,1.09788,500000,1690000
2019.10.03 14:38:16.206,1.09785,1.09789,2890000,940000
2019.10.03 14:38:16.308,1.09784,1.09787,750000,2060000
2019.10.03 14:38:16.409,1.09784,1.09785,1870000,940000
2019.10.03 14:38:16.511,1.09782,1.09785,1750000,2440000
2019.10.03 14:38:16.616,1.09782,1.09785,1690000,1500000
2019.10.03 14:38:16.721,1.09781,1.09785,4790000,2060000
2019.10.03 14:38:16.822,1.09781,1.09785,4390000,1310000
2019.10.03 14:38:17.283,1.09781,1.09784,750000,2060000
2019.10.03 14:38:17.417,1.09781,1.09785,5510000,2060000
2019.10.03 14:38:17.619,1.09781,1.09785,5570000,1870000
2019.10.03 14:38:18.410,1.09781,1.09783,750000,2250000
2019.10.03 14:38:18.511,1.09781,1.09784,4310000,750000
2019.10.03 14:38:18.609,1.09781,1.09782,1120000,750000
2019.10.03 14:38:18.661,1.09779,1.0978,750000,750000
2019.10.03 14:38:18.814,1.0978,1.09783,940000,1750000
2019.10.03 14:38:19.360,1.09782,1.09784,1000000,1120000
2019.10.03 14:38:19.564,1.09782,1.09784,940000,1500000
2019.10.03 14:38:19.718,1.09783,1.09785,4200000,750000
2019.10.03 14:38:19.820,1.09781,1.09784,750000,1750000
2019.10.03 14:38:19.922,1.09781,1.09784,750000,1310000
2019.10.03 14:38:20.298,1.09783,1.09785,1220000,1500000
2019.10.03 14:38:20.349,1.09785,1.09788,750000,1690000
2019.10.03 14:38:20.450,1.09784,1.09789,3260000,4750000
2019.10.03 14:38:20.551,1.09786,1.09788,500000,940000
2019.10.03 14:38:20.875,1.09786,1.09789,2320000,1690000
2019.10.03 14:38:21.078,1.09786,1.09789,750000,1000000
2019.10.03 14:38:21.705,1.09786,1.09788,750000,1000000
2019.10.03 14:38:21.958,1.09784,1.09786,1870000,2990000
2019.10.03 14:38:22.056,1.0978,1.09782,750000,3370000
2019.10.03 14:38:22.108,1.09783,1.09785,5330000,750000
2019.10.03 14:38:22.159,1.0978,1.09782,750000,1500000
2019.10.03 14:38:22.412,1.09781,1.09783,2250000,1000000
2019.10.03 14:38:22.560,1.09781,1.09784,3000000,1000000
2019.10.03 14:38:22.663,1.09781,1.09783,750000,1750000
2019.10.03 14:38:22.714,1.09781,1.09783,750000,750000
2019.10.03 14:38:22.816,1.0978,1.09783,750000,2810000
2019.10.03 14:38:23.030,1.0978,1.09783,750000,2870000
2019.10.03 14:38:23.131,1.0978,1.09782,750000,1370000
2019.10.03 14:38:23.233,1.0978,1.09782,750000,2060000
2019.10.03 14:38:23.337,1.09781,1.09783,750000,500000
2019.10.03 14:38:23.442,1.09781,1.09782,750000,500000
2019.10.03 14:38:23.544,1.09778,1.0978,1500000,3190000
2019.10.03 14:38:23.595,1.09778,1.09779,820000,940000
2019.10.03 14:38:23.730,1.09776,1.09779,750000,500000
2019.10.03 14:38:23.832,1.09775,1.09778,750000,3370000
2019.10.03 14:38:23.934,1.09775,1.09778,820000,2310000
2019.10.03 14:38:24.036,1.09775,1.09777,750000,1370000
2019.10.03 14:38:24.351,1.09774,1.09777,1120000,2870000
2019.10.03 14:38:24.462,1.09774,1.09775,2250000,940000
2019.10.03 14:38:24.513,1.09773,1.09774,1500000,500000
2019.10.03 14:38:24.614,1.09773,1.09775,1580000,1000000
2019.10.03 14:38:24.775,1.09772,1.09774,750000,940000
2019.10.03 14:38:25.032,1.09772,1.09775,3000000,2440000
2019.10.03 14:38:25.147,1.09773,1.09774,750000,500000
2019.10.03 14:38:25.248,1.09774,1.09776,1750000,1120000
2019.10.03 14:38:25.406,1.09775,1.09776,1690000,750000
2019.10.03 14:38:25.507,1.09775,1.09777,750000,1500000
2019.10.03 14:38:25.680,1.09774,1.09778,750000,5120000
2019.10.03 14:38:25.782,1.09774,1.09776,1500000,1000000
2019.10.03 14:38:25.884,1.09773,1.09775,1500000,1000000
2019.10.03 14:38:25.986,1.09771,1.09773,750000,500000
2019.10.03 14:38:26.107,1.09772,1.09775,750000,750000
2019.10.03 14:38:26.208,1.09771,1.09774,750000,1370000
2019.10.03 14:38:26.309,1.09773,1.09775,2250000,560000
2019.10.03 14:38:26.411,1.09772,1.09775,1000000,3370000
2019.10.03 14:38:26.513,1.09773,1.09776,1750000,2250000
2019.10.03 14:38:26.565,1.09776,1.09778,3370000,500000
2019.10.03 14:38:26.667,1.09775,1.09777,1000000,4500000
2019.10.03 14:38:26.718,1.09778,1.09779,750000,500000
2019.10.03 14:38:26.838,1.09777,1.0978,750000,820000
2019.10.03 14:38:27.329,1.09777,1.0978,1690000,3250000
2019.10.03 14:38:27.481,1.09777,1.09781,2250000,5200000
2019.10.03 14:38:27.583,1.09778,1.09783,1690000,6620000
2019.10.03 14:38:28.212,1.09778,1.09781,940000,4370000
2019.10.03 14:38:28.397,1.09779,1.09782,2250000,560000
2019.10.03 14:38:28.498,1.09778,1.09782,1690000,1310000
2019.10.03 14:38:28.927,1.09778,1.09782,2500000,560000
2019.10.03 14:38:29.305,1.09778,1.09782,4150000,2120000
2019.10.03 14:38:29.406,1.09781,1.09782,1500000,500000
2019.10.03 14:38:29.954,1.0978,1.09782,750000,940000
2019.10.03 14:38:30.345,1.0978,1.09783,2250000,560000
2019.10.03 14:38:30.447,1.09781,1.09783,1500000,500000
2019.10.03 14:38:30.719,1.09781,1.09784,1500000,2440000
2019.10.03 14:38:30.820,1.0978,1.09783,1270000,2870000
2019.10.03 14:38:31.023,1.09779,1.09783,1650000,3620000
2019.10.03 14:38:31.177,1.09779,1.09781,750000,2500000
2019.10.03 14:38:31.279,1.09779,1.09781,750000,940000
2019.10.03 14:38:32.372,1.09779,1.09782,3940000,500000
2019.10.03 14:38:32.971,1.09777,1.0978,750000,5500000
2019.10.03 14:38:33.072,1.09777,1.09781,750000,4750000
2019.10.03 14:38:33.224,1.09777,1.09778,750000,3370000
2019.10.03 14:38:33.353,1.09775,1.09777,750000,3260000
2019.10.03 14:38:33.404,1.09775,1.09778,750000,2060000
2019.10.03 14:38:33.556,1.09775,1.09777,750000,560000
2019.10.03 14:38:33.963,1.09776,1.0978,9190000,2440000
2019.10.03 14:38:34.064,1.09778,1.09779,750000,500000
2019.10.03 14:38:34.115,1.09776,1.09778,750000,1690000
2019.10.03 14:38:34.217,1.09776,1.09778,750000,940000
2019.10.03 14:38:34.431,1.09775,1.09778,750000,2440000
2019.10.03 14:38:34.937,1.09776,1.09778,750000,1500000
2019.10.03 14:38:35.312,1.09775,1.09778,750000,1310000
2019.10.03 14:38:35.413,1.09776,1.09778,1500000,750000
2019.10.03 14:38:35.551,1.09775,1.09778,750000,1310000
2019.10.03 14:38:37.697,1.09775,1.09779,1690000,4010000
2019.10.03 14:38:38.080,1.09777,1.0978,6280000,750000
2019.10.03 14:38:38.333,1.09777,1.09779,750000,3250000
2019.10.03 14:38:38.455,1.09777,1.09779,750000,1690000
2019.10.03 14:38:38.607,1.09778,1.0978,1500000,750000
2019.10.03 14:38:39.151,1.09778,1.0978,1690000,750000
2019.10.03 14:38:39.926,1.09778,1.0978,2160000,560000
2019.10.03 14:38:40.078,1.09779,1.0978,1690000,500000
2019.10.03 14:38:40.230,1.09778,1.0978,940000,560000
2019.10.03 14:38:40.626,1.09779,1.09782,1070000,500000
2019.10.03 14:38:40.734,1.09779,1.09782,940000,500000
2019.10.03 14:38:41.039,1.0978,1.09782,750000,560000
2019.10.03 14:38:41.141,1.09779,1.09782,750000,1690000
2019.10.03 14:38:41.288,1.09779,1.09783,3000000,1690000
2019.10.03 14:38:41.767,1.09779,1.09782,500000,1690000
2019.10.03 14:38:41.818,1.09778,1.09781,600000,2440000
2019.10.03 14:38:42.021,1.0978,1.09782,820000,750000
2019.10.03 14:38:42.122,1.09778,1.09782,1970000,2500000
2019.10.03 14:38:42.325,1.09777,1.09779,750000,4690000
2019.10.03 14:38:42.728,1.09778,1.09779,1010000,500000
2019.10.03 14:38:42.839,1.09777,1.0978,1390000,500000
2019.10.03 14:38:42.941,1.09777,1.09779,600000,560000
2019.10.03 14:38:42.991,1.09777,1.0978,820000,940000
2019.10.03 14:38:43.472,1.09778,1.09781,2160000,750000
2019.10.03 14:38:43.624,1.09779,1.09781,2160000,750000
2019.10.03 14:38:43.772,1.09779,1.09781,1570000,750000
2019.10.03 14:38:43.925,1.09779,1.09781,1570000,750000
2019.10.03 14:38:44.026,1.09778,1.0978,750000,1690000
2019.10.03 14:38:44.238,1.09777,1.0978,750000,1310000
2019.10.03 14:38:44.339,1.09778,1.09781,1010000,750000
2019.10.03 14:38:44.584,1.09778,1.09781,660000,750000
2019.10.03 14:38:44.686,1.09778,1.09781,1010000,750000
2019.10.03 14:38:45.079,1.09779,1.09782,2160000,2250000
2019.10.03 14:38:46.397,1.09779,1.09783,1570000,2810000
2019.10.03 14:38:46.599,1.0978,1.09783,750000,5120000
2019.10.03 14:38:46.710,1.09781,1.09784,3000000,1310000
2019.10.03 14:38:46.812,1.09781,1.09783,820000,1690000
2019.10.03 14:38:46.914,1.0978,1.09784,1570000,1000000
2019.10.03 14:38:47.101,1.0978,1.09784,1760000,1690000
2019.10.03 14:38:47.202,1.0978,1.09783,600000,1690000
2019.10.03 14:38:47.253,1.09781,1.09784,2320000,940000
2019.10.03 14:38:47.588,1.09781,1.09785,3640000,2440000
2019.10.03 14:38:47.714,1.09782,1.09785,1570000,940000
2019.10.03 14:38:47.816,1.09782,1.09785,1220000,3190000
2019.10.03 14:38:48.550,1.09782,1.09783,820000,1310000
2019.10.03 14:38:48.652,1.09781,1.09784,3560000,2870000
2019.10.03 14:38:48.959,1.09781,1.09784,2320000,940000
2019.10.03 14:38:49.411,1.09781,1.09784,1760000,2500000
2019.10.03 14:38:49.513,1.09781,1.09783,750000,1690000
2019.10.03 14:38:50.009,1.09781,1.09783,750000,1750000
2019.10.03 14:38:50.508,1.0978,1.09784,1010000,5500000
2019.10.03 14:38:50.698,1.09781,1.09784,1820000,940000
2019.10.03 14:38:51.207,1.09781,1.09784,600000,940000
2019.10.03 14:38:51.310,1.09781,1.09784,1690000,1750000
2019.10.03 14:38:51.362,1.0978,1.09784,940000,6190000
2019.10.03 14:38:51.464,1.09781,1.09783,750000,750000
2019.10.03 14:38:51.566,1.0978,1.09784,2160000,2440000
2019.10.03 14:38:51.835,1.0978,1.09782,750000,940000
2019.10.03 14:38:51.987,1.09778,1.0978,750000,4690000
2019.10.03 14:38:52.037,1.09777,1.0978,3000000,1690000
2019.10.03 14:38:52.463,1.09777,1.09779,600000,1120000
2019.10.03 14:38:52.565,1.09776,1.0978,2510000,560000
2019.10.03 14:38:52.667,1.09776,1.09779,820000,560000
2019.10.03 14:38:53.945,1.09775,1.0978,4100000,3940000
2019.10.03 14:38:54.047,1.09775,1.09779,820000,7000000
2019.10.03 14:38:54.186,1.09775,1.09778,600000,7000000
2019.10.03 14:38:54.337,1.09775,1.09779,820000,7000000
2019.10.03 14:38:54.598,1.09777,1.09779,820000,750000
2019.10.03 14:38:54.699,1.09777,1.0978,2140000,750000
2019.10.03 14:38:54.800,1.09777,1.09779,1220000,750000
2019.10.03 14:38:55.303,1.09776,1.0978,2570000,1000000
2019.10.03 14:38:56.041,1.09778,1.0978,750000,1500000
2019.10.03 14:38:56.166,1.09778,1.09782,940000,940000
2019.10.03 14:38:56.369,1.09777,1.09781,750000,2120000
2019.10.03 14:38:56.471,1.09777,1.09781,940000,2060000
2019.10.03 14:38:56.622,1.09778,1.09781,940000,750000
2019.10.03 14:38:56.730,1.0978,1.09782,2140000,750000
2019.10.03 14:38:56.853,1.0978,1.09783,1120000,940000
2019.10.03 14:38:56.954,1.0978,1.09783,1120000,2500000
2019.10.03 14:38:57.106,1.09781,1.09784,5060000,1750000
2019.10.03 14:38:57.241,1.0978,1.09784,4120000,2120000
2019.10.03 14:38:57.342,1.09781,1.09783,750000,940000
2019.10.03 14:38:57.850,1.09779,1.09782,750000,2440000
2019.10.03 14:38:57.951,1.09783,1.09784,1500000,750000
2019.10.03 14:38:58.002,1.09781,1.09783,750000,3190000
2019.10.03 14:38:58.103,1.09781,1.09784,1200000,560000
2019.10.03 14:38:58.478,1.0978,1.09782,750000,1690000
2019.10.03 14:38:58.631,1.0978,1.09783,750000,940000
2019.10.03 14:38:59.549,1.0978,1.09784,2890000,940000
2019.10.03 14:38:59.776,1.0978,1.09783,1500000,940000
2019.10.03 14:38:59.914,1.09779,1.09784,4760000,2650000
2019.10.03 14:39:00.015,1.09779,1.09784,4390000,2590000
2019.10.03 14:39:00.117,1.09779,1.09782,750000,2440000
2019.10.03 14:39:00.223,1.09779,1.09781,1500000,1650000
2019.10.03 14:39:00.371,1.09777,1.0978,560000,2400000
2019.10.03 14:39:00.424,1.09779,1.0978,940000,750000
2019.10.03 14:39:00.525,1.09778,1.09782,2870000,2400000
2019.10.03 14:39:00.677,1.09779,1.09782,1690000,750000
2019.10.03 14:39:00.779,1.0978,1.09783,2570000,3000000
2019.10.03 14:39:00.929,1.0978,1.09783,1500000,750000
2019.10.03 14:39:01.491,1.09782,1.09785,5970000,750000
2019.10.03 14:39:01.644,1.09781,1.09784,1010000,1500000
2019.10.03 14:39:01.797,1.09783,1.09785,1000000,1500000
2019.10.03 14:39:01.976,1.09783,1.09786,1000000,750000
2019.10.03 14:39:02.129,1.09783,1.09786,940000,940000
2019.10.03 14:39:02.433,1.09783,1.09787,3560000,1690000
2019.10.03 14:39:02.576,1.09783,1.09786,940000,2440000
2019.10.03 14:39:02.728,1.09784,1.09787,2120000,750000
2019.10.03 14:39:02.880,1.09784,1.09787,560000,750000
2019.10.03 14:39:02.981,1.09785,1.09788,750000,3190000
2019.10.03 14:39:03.129,1.09786,1.09789,2060000,750000
2019.10.03 14:39:03.951,1.09784,1.09789,5440000,8500000
2019.10.03 14:39:04.053,1.09784,1.09787,940000,1750000
2019.10.03 14:39:04.205,1.09784,1.09786,3750000,750000
2019.10.03 14:39:04.328,1.09782,1.09785,4000000,2250000
2019.10.03 14:39:04.430,1.09781,1.09785,2500000,750000
2019.10.03 14:39:05.066,1.0978,1.09782,2250000,2210000
2019.10.03 14:39:05.168,1.09778,1.09781,8320000,1750000
2019.10.03 14:39:05.219,1.09778,1.0978,1820000,750000
2019.10.03 14:39:05.367,1.09777,1.0978,1500000,750000
2019.10.03 14:39:05.599,1.09776,1.0978,3000000,1690000
2019.10.03 14:39:05.701,1.09776,1.09779,750000,3190000
2019.10.03 14:39:05.802,1.09776,1.0978,4310000,940000
2019.10.03 14:39:05.925,1.09776,1.09778,750000,1500000
2019.10.03 14:39:06.027,1.09776,1.09779,560000,1750000
2019.10.03 14:39:06.247,1.09779,1.0978,1500000,750000
2019.10.03 14:39:06.355,1.09779,1.09781,2510000,750000
2019.10.03 14:39:06.409,1.09777,1.09781,1310000,4690000
2019.10.03 14:39:06.461,1.09779,1.09781,1370000,750000
2019.10.03 14:39:06.562,1.0978,1.09782,750000,750000
2019.10.03 14:39:06.664,1.09781,1.09784,1820000,6000000
2019.10.03 14:39:06.792,1.09782,1.09785,1000000,1500000
2019.10.03 14:39:06.908,1.09782,1.09785,1750000,2250000
2019.10.03 14:39:07.010,1.09783,1.09785,1750000,750000
2019.10.03 14:39:07.061,1.09784,1.09786,1760000,3750000
2019.10.03 14:39:07.226,1.09784,1.09787,2440000,1500000
2019.10.03 14:39:07.805,1.09784,1.09788,1750000,4750000
2019.10.03 14:39:07.906,1.09787,1.09788,1120000,1500000
2019.10.03 14:39:08.008,1.09788,1.09789,750000,750000
2019.10.03 14:39:08.109,1.09788,1.0979,1120000,3000000
2019.10.03 14:39:08.236,1.09789,1.09792,940000,1500000
2019.10.03 14:39:08.341,1.0979,1.09792,1500000,750000
2019.10.03 14:39:08.478,1.09789,1.09792,1500000,3190000
2019.10.03 14:39:08.580,1.0979,1.09791,750000,1500000
2019.10.03 14:39:08.782,1.0979,1.09793,2440000,750000
2019.10.03 14:39:08.833,1.09789,1.09791,750000,750000
2019.10.03 14:39:08.956,1.09789,1.09792,4310000,750000
2019.10.03 14:39:09.057,1.09789,1.09791,1500000,1500000
2019.10.03 14:39:09.210,1.09788,1.09792,2810000,3940000
2019.10.03 14:39:09.311,1.09788,1.09791,1500000,5440000
2019.10.03 14:39:09.456,1.09788,1.09792,2810000,4690000
2019.10.03 14:39:10.035,1.09789,1.09792,2440000,750000
2019.10.03 14:39:10.141,1.09791,1.09792,750000,750000
2019.10.03 14:39:10.192,1.09793,1.09794,940000,750000
2019.10.03 14:39:10.395,1.09792,1.09795,750000,3940000
2019.10.03 14:39:11.302,1.09793,1.09796,3190000,750000
2019.10.03 14:39:11.416,1.09794,1.09797,940000,2250000
2019.10.03 14:39:11.618,1.09795,1.09798,1690000,750000
2019.10.03 14:39:11.670,1.09793,1.09795,1500000,2440000
2019.10.03 14:39:11.771,1.09793,1.09795,750000,1750000
2019.10.03 14:39:11.883,1.09792,1.09795,940000,4870000
2019.10.03 14:39:11.985,1.09793,1.09796,1000000,750000
2019.10.03 14:39:12.087,1.09793,1.09797,3320000,1500000
2019.10.03 14:39:12.189,1.09793,1.09797,2870000,2250000
2019.10.03 14:39:12.290,1.09794,1.09797,2870000,2250000
2019.10.03 14:39:12.599,1.09794,1.09797,1500000,3000000
2019.10.03 14:39:12.854,1.09796,1.09797,1120000,750000
2019.10.03 14:39:12.955,1.09796,1.09799,5060000,750000
2019.10.03 14:39:14.070,1.09796,1.09798,750000,750000
2019.10.03 14:39:14.172,1.09796,1.09797,940000,750000
2019.10.03 14:39:15.751,1.09796,1.09799,2060000,750000
2019.10.03 14:39:15.924,1.09796,1.09798,940000,750000
2019.10.03 14:39:16.025,1.09796,1.09799,5060000,1500000
2019.10.03 14:39:16.162,1.09796,1.09798,750000,750000
2019.10.03 14:39:16.418,1.09796,1.09797,750000,2250000
2019.10.03 14:39:17.564,1.09793,1.09795,1690000,750000
2019.10.03 14:39:17.666,1.09792,1.09794,1750000,3750000
2019.10.03 14:39:18.981,1.09793,1.09794,500000,750000
2019.10.03 14:39:19.032,1.09793,1.09796,3640000,3750000
2019.10.03 14:39:19.083,1.09795,1.09796,1500000,750000
2019.10.03 14:39:19.200,1.09794,1.09797,2060000,750000
2019.10.03 14:39:19.709,1.09794,1.09796,940000,750000
2019.10.03 14:39:19.835,1.09793,1.09796,940000,4500000
2019.10.03 14:39:20.348,1.09792,1.09793,750000,3940000
2019.10.03 14:39:20.500,1.09792,1.09794,3560000,940000
2019.10.03 14:39:20.601,1.09791,1.09794,5060000,3000000
2019.10.03 14:39:21.168,1.09792,1.09794,1870000,750000
2019.10.03 14:39:21.283,1.09792,1.09793,500000,750000
2019.10.03 14:39:21.384,1.09792,1.09794,3370000,750000
2019.10.03 14:39:21.486,1.09792,1.09793,750000,750000
2019.10.03 14:39:21.587,1.09792,1.09794,3000000,750000
2019.10.03 14:39:21.767,1.09792,1.09794,4000000,750000
2019.10.03 14:39:23.563,1.0979,1.09793,1690000,4000000
2019.10.03 14:39:23.699,1.09788,1.09789,750000,3820000
2019.10.03 14:39:23.800,1.09788,1.0979,1310000,3000000
2019.10.03 14:39:23.902,1.09789,1.0979,500000,750000
2019.10.03 14:39:24.105,1.09788,1.09791,940000,2250000
2019.10.03 14:39:24.365,1.09789,1.09791,940000,750000
2019.10.03 14:39:24.918,1.09791,1.09792,500000,750000
2019.10.03 14:39:25.019,1.09791,1.09793,1120000,750000
2019.10.03 14:39:25.486,1.09792,1.09795,3000000,2440000
2019.10.03 14:39:25.538,1.09794,1.09795,3000000,750000
2019.10.03 14:39:25.589,1.09796,1.09798,3700000,750000
2019.10.03 14:39:25.690,1.09795,1.09798,500000,3190000
2019.10.03 14:39:25.792,1.09795,1.09797,750000,2440000
2019.10.03 14:39:25.915,1.09795,1.09798,1310000,3750000
2019.10.03 14:39:26.017,1.09795,1.09798,1120000,4750000
2019.10.03 14:39:26.119,1.09796,1.09799,940000,4000000
2019.10.03 14:39:26.221,1.09799,1.098,1690000,1500000
2019.10.03 14:39:26.272,1.09799,1.09801,1310000,1500000
2019.10.03 14:39:26.380,1.09803,1.09804,750000,3000000
2019.10.03 14:39:26.482,1.09802,1.09803,940000,750000
2019.10.03 14:39:26.533,1.09801,1.09804,1690000,2120000
2019.10.03 14:39:26.813,1.09801,1.09803,750000,1000000
2019.10.03 14:39:26.916,1.09801,1.09804,3620000,940000
2019.10.03 14:39:27.017,1.09801,1.09804,2440000,750000
2019.10.03 14:39:27.118,1.098,1.09804,2940000,3940000
2019.10.03 14:39:27.270,1.09801,1.09804,4070000,750000
2019.10.03 14:39:27.433,1.09801,1.09804,2630000,1500000
2019.10.03 14:39:27.589,1.09801,1.09804,4880000,1500000
2019.10.03 14:39:27.640,1.09799,1.09801,3370000,4690000
2019.10.03 14:39:27.741,1.09799,1.09801,2060000,1500000
2019.10.03 14:39:27.843,1.09799,1.09801,2120000,750000
2019.10.03 14:39:28.490,1.09796,1.09799,2500000,4690000
2019.10.03 14:39:28.937,1.09797,1.09799,2250000,3000000
2019.10.03 14:39:29.043,1.09797,1.098,940000,3750000
2019.10.03 14:39:29.144,1.09797,1.09799,1310000,1500000
2019.10.03 14:39:29.487,1.09797,1.09798,750000,1500000
2019.10.03 14:39:29.588,1.09795,1.09799,2440000,3560000
2019.10.03 14:39:30.446,1.09795,1.09798,500000,2440000
2019.10.03 14:39:30.626,1.09796,1.09798,500000,750000
2019.10.03 14:39:30.729,1.09795,1.09798,500000,2440000
2019.10.03 14:39:31.257,1.09796,1.09798,500000,750000
2019.10.03 14:39:31.576,1.09798,1.098,4760000,2250000
2019.10.03 14:39:31.728,1.09797,1.098,750000,2250000
2019.10.03 14:39:31.829,1.09798,1.098,750000,750000
2019.10.03 14:39:31.961,1.09798,1.09801,1120000,940000
2019.10.03 14:39:33.102,1.098,1.09801,750000,750000
2019.10.03 14:39:33.203,1.09801,1.09804,2440000,1500000
2019.10.03 14:39:33.355,1.09801,1.09804,2870000,1870000
2019.10.03 14:39:33.457,1.09805,1.09807,1840000,1870000
2019.10.03 14:39:33.508,1.09805,1.09808,750000,1310000
2019.10.03 14:39:33.763,1.09803,1.09806,750000,2510000
2019.10.03 14:39:33.865,1.09804,1.09807,1870000,1690000
2019.10.03 14:39:33.966,1.09804,1.09808,2060000,3940000
2019.10.03 14:39:34.250,1.09805,1.09807,750000,750000
2019.10.03 14:39:34.352,1.09806,1.09807,750000,940000
2019.10.03 14:39:34.505,1.09806,1.09808,1310000,940000
2019.10.03 14:39:35.029,1.09804,1.09808,1370000,4020000
2019.10.03 14:39:36.398,1.09805,1.09808,560000,1670000
2019.10.03 14:39:38.508,1.09807,1.09809,1000000,1500000
2019.10.03 14:39:38.609,1.09806,1.09808,2060000,1500000
2019.10.03 14:39:38.711,1.09805,1.09808,2500000,4500000
2019.10.03 14:39:38.864,1.09804,1.09807,3250000,1010000
2019.10.03 14:39:39.115,1.09804,1.09805,750000,750000
2019.10.03 14:39:39.254,1.09804,1.09806,1690000,750000
2019.10.03 14:39:39.355,1.09804,1.09805,750000,750000
2019.10.03 14:39:39.777,1.09804,1.09806,1690000,750000
2019.10.03 14:39:40.107,1.09803,1.09805,1120000,500000
2019.10.03 14:39:40.284,1.09801,1.09803,750000,670000
2019.10.03 14:39:40.487,1.098,1.09804,2060000,1390000
2019.10.03 14:39:41.146,1.09799,1.09803,500000,5120000
2019.10.03 14:39:41.670,1.09798,1.098,1500000,940000
2019.10.03 14:39:41.771,1.09795,1.09798,750000,2050000
2019.10.03 14:39:41.895,1.09797,1.09799,3190000,670000
2019.10.03 14:39:42.049,1.09795,1.09799,2810000,3110000
2019.10.03 14:39:42.304,1.09794,1.09798,560000,6940000
2019.10.03 14:39:42.355,1.09796,1.09798,750000,670000
2019.10.03 14:39:43.894,1.09796,1.09799,2810000,750000
2019.10.03 14:39:44.199,1.09795,1.09796,2250000,670000
2019.10.03 14:39:44.300,1.09793,1.09796,1000000,1500000
2019.10.03 14:39:44.404,1.09793,1.09796,1000000,3000000
2019.10.03 14:39:44.455,1.09794,1.09797,1690000,1420000
2019.10.03 14:39:44.556,1.09794,1.09798,1070000,3000000
2019.10.03 14:39:44.658,1.09794,1.09798,1000000,2250000
2019.10.03 14:39:44.760,1.09793,1.09797,940000,3940000
2019.10.03 14:39:44.862,1.09797,1.09798,560000,1500000
2019.10.03 14:39:44.913,1.09798,1.098,940000,750000
2019.10.03 14:39:45.044,1.09796,1.098,4370000,750000
2019.10.03 14:39:45.146,1.09795,1.09799,940000,6940000
2019.10.03 14:39:45.247,1.09795,1.09798,750000,5060000
2019.10.03 14:39:45.920,1.09794,1.09796,1500000,1500000
2019.10.03 14:39:46.021,1.09794,1.09798,4000000,2250000
2019.10.03 14:39:46.278,1.09792,1.09795,750000,3700000
2019.10.03 14:39:46.379,1.09793,1.09795,1000000,2320000
2019.10.03 14:39:46.590,1.09793,1.09796,2060000,820000
2019.10.03 14:39:46.804,1.09794,1.09798,2950000,3000000
2019.10.03 14:39:46.916,1.09794,1.09798,2060000,2250000
2019.10.03 14:39:47.068,1.09795,1.09798,2060000,750000
2019.10.03 14:39:47.496,1.09796,1.09799,500000,2060000
2019.10.03 14:39:47.598,1.09798,1.098,1500000,750000
2019.10.03 14:39:47.700,1.09798,1.09801,940000,750000
2019.10.03 14:39:47.852,1.09801,1.09803,2060000,1500000
2019.10.03 14:39:47.999,1.098,1.09804,1500000,2500000
2019.10.03 14:39:48.107,1.098,1.09804,2810000,2060000
2019.10.03 14:39:48.395,1.09802,1.09805,4750000,1690000
2019.10.03 14:39:48.500,1.09804,1.09807,2600000,750000
2019.10.03 14:39:48.551,1.09803,1.09807,1750000,5250000
2019.10.03 14:39:48.703,1.09803,1.09805,750000,750000
2019.10.03 14:39:49.211,1.09804,1.09807,1450000,750000
2019.10.03 14:39:49.313,1.09805,1.09808,1370000,750000
2019.10.03 14:39:49.414,1.09805,1.09808,750000,1500000
2019.10.03 14:39:49.820,1.09804,1.09809,3940000,3940000
2019.10.03 14:39:50.022,1.09805,1.09809,2440000,3450000
2019.10.03 14:39:50.124,1.09806,1.09809,940000,1500000
2019.10.03 14:39:50.262,1.09805,1.09809,1310000,2440000
2019.10.03 14:39:50.678,1.09804,1.09808,940000,6260000
2019.10.03 14:39:51.406,1.09805,1.09808,3250000,750000
2019.10.03 14:39:51.509,1.09803,1.09806,1000000,750000
2019.10.03 14:39:51.611,1.09801,1.09803,750000,1870000
2019.10.03 14:39:51.762,1.09801,1.09804,1310000,500000
2019.10.03 14:39:51.927,1.098,1.09804,1310000,2060000
2019.10.03 14:39:52.029,1.09803,1.09804,940000,750000
2019.10.03 14:39:52.130,1.09802,1.09806,4370000,1500000
2019.10.03 14:39:52.232,1.09802,1.09806,8120000,500000
2019.10.03 14:39:52.333,1.09801,1.09805,4690000,2810000
2019.10.03 14:39:52.527,1.09801,1.09803,750000,1310000
2019.10.03 14:39:52.931,1.09801,1.09802,750000,500000
2019.10.03 14:39:52.981,1.09798,1.098,750000,1500000
2019.10.03 14:39:53.083,1.09799,1.098,1690000,1870000
2019.10.03 14:39:53.186,1.09799,1.09803,1750000,2250000
2019.10.03 14:39:53.237,1.09799,1.09804,7760000,2440000
2019.10.03 14:39:53.339,1.09799,1.09802,750000,2440000
2019.10.03 14:39:53.491,1.09799,1.09803,750000,2440000
2019.10.03 14:39:54.634,1.09799,1.09802,940000,1500000
2019.10.03 14:39:55.284,1.098,1.09803,3250000,750000
2019.10.03 14:39:55.576,1.098,1.09803,1500000,750000
2019.10.03 14:39:55.894,1.09801,1.09804,1310000,1500000
2019.10.03 14:39:56.158,1.09803,1.09805,4690000,750000
2019.10.03 14:39:56.263,1.09803,1.09806,1690000,1500000
2019.10.03 14:39:56.365,1.09803,1.09806,1750000,1500000
2019.10.03 14:39:56.668,1.09803,1.09807,1750000,3000000
2019.10.03 14:39:56.816,1.09804,1.09807,1000000,750000
2019.10.03 14:39:57.054,1.09803,1.09807,1750000,3000000
2019.10.03 14:39:57.155,1.09804,1.09807,1750000,500000
2019.10.03 14:39:57.312,1.09806,1.09808,2440000,750000
2019.10.03 14:39:57.416,1.09805,1.09808,940000,2620000
2019.10.03 14:39:58.075,1.09805,1.09808,2500000,1120000
2019.10.03 14:39:59.798,1.09804,1.09808,3250000,4310000
2019.10.03 14:40:00.157,1.09803,1.09806,2500000,1690000
2019.10.03 14:40:00.353,1.09802,1.09805,2060000,750000
2019.10.03 14:40:00.455,1.09804,1.09806,1000000,750000
2019.10.03 14:40:00.556,1.09804,1.09807,2810000,750000
2019.10.03 14:40:00.752,1.09803,1.09805,500000,3190000
2019.10.03 14:40:00.803,1.09801,1.09804,1310000,600000
2019.10.03 14:40:00.904,1.098,1.09804,1310000,4690000
2019.10.03 14:40:01.360,1.098,1.09803,750000,1390000
2019.10.03 14:40:01.461,1.09799,1.09802,750000,1690000
2019.10.03 14:40:01.571,1.09799,1.09803,940000,1690000
2019.10.03 14:40:02.845,1.098,1.09803,940000,1500000
2019.10.03 14:40:03.370,1.09801,1.09803,750000,500000
2019.10.03 14:40:03.474,1.09801,1.09804,3370000,1310000
2019.10.03 14:40:06.408,1.09802,1.09804,1500000,750000
2019.10.03 14:40:06.527,1.09801,1.09804,3370000,2440000
2019.10.03 14:40:06.810,1.09801,1.09803,750000,560000
2019.10.03 14:40:07.417,1.098,1.09804,2060000,1690000
2019.10.03 14:40:07.593,1.098,1.09804,1870000,1370000
2019.10.03 14:40:08.224,1.098,1.09804,2060000,1310000
2019.10.03 14:40:08.275,1.098,1.09802,750000,560000
2019.10.03 14:40:08.403,1.098,1.09801,1120000,560000
2019.10.03 14:40:08.505,1.09799,1.09801,750000,560000
2019.10.03 14:40:08.606,1.098,1.09802,750000,750000
2019.10.03 14:40:09.001,1.09799,1.098,750000,560000
2019.10.03 14:40:09.052,1.09798,1.098,750000,3000000
2019.10.03 14:40:09.155,1.09796,1.09799,1870000,3190000
2019.10.03 14:40:09.377,1.09798,1.09799,500000,750000
2019.10.03 14:40:09.479,1.09797,1.09801,7070000,1120000
2019.10.03 14:40:09.580,1.09797,1.098,940000,1000000
2019.10.03 14:40:09.743,1.09797,1.09801,4120000,2120000
2019.10.03 14:40:09.895,1.09797,1.098,1310000,1120000
2019.10.03 14:40:10.047,1.09797,1.09802,5140000,4370000
2019.10.03 14:40:10.580,1.09797,1.09801,750000,1560000
2019.10.03 14:40:10.682,1.098,1.09802,1690000,750000
2019.10.03 14:40:10.831,1.098,1.09803,1870000,750000
2019.10.03 14:40:12.075,1.098,1.09804,1500000,2500000
2019.10.03 14:40:12.182,1.098,1.09804,4690000,940000
2019.10.03 14:40:12.720,1.098,1.09803,750000,940000
2019.10.03 14:40:13.810,1.098,1.09802,750000,750000
2019.10.03 14:40:14.623,1.09798,1.09802,2950000,2620000
2019.10.03 14:40:14.674,1.09798,1.09799,1500000,2620000
2019.10.03 14:40:14.776,1.09797,1.09799,750000,750000
2019.10.03 14:40:14.922,1.09796,1.09799,1120000,3000000
2019.10.03 14:40:15.920,1.09796,1.09799,4310000,1000000
2019.10.03 14:40:16.781,1.09796,1.09799,2810000,500000
2019.10.03 14:40:17.111,1.09796,1.09798,750000,500000
2019.10.03 14:40:17.213,1.09796,1.09799,3640000,500000
2019.10.03 14:40:17.315,1.09796,1.09798,750000,500000
2019.10.03 14:40:20.187,1.09796,1.09798,750000,1000000
2019.10.03 14:40:20.582,1.09796,1.09799,940000,1750000
2019.10.03 14:40:20.952,1.09798,1.098,1760000,940000
2019.10.03 14:40:21.053,1.09795,1.09799,2440000,3620000
2019.10.03 14:40:21.256,1.09795,1.09799,3000000,2500000
2019.10.03 14:40:23.586,1.09797,1.09799,1500000,750000
2019.10.03 14:40:24.184,1.09798,1.098,1000000,750000
2019.10.03 14:40:24.600,1.09798,1.09801,940000,1000000
2019.10.03 14:40:25.103,1.09801,1.09802,820000,750000
2019.10.03 14:40:25.155,1.09803,1.09804,3000000,1870000
2019.10.03 14:40:25.205,1.09804,1.09805,750000,500000
2019.10.03 14:40:25.408,1.09804,1.09806,750000,1120000
2019.10.03 14:40:25.518,1.09804,1.09807,1690000,1870000
2019.10.03 14:40:26.322,1.09805,1.09807,1500000,750000
2019.10.03 14:40:26.952,1.09804,1.09807,750000,5140000
2019.10.03 14:40:27.003,1.09806,1.09809,2200000,1500000
2019.10.03 14:40:27.165,1.09806,1.09809,1500000,1690000
2019.10.03 14:40:27.524,1.09807,1.0981,3260000,1500000
2019.10.03 14:40:27.639,1.09808,1.0981,3190000,500000
2019.10.03 14:40:27.741,1.09806,1.0981,5440000,560000
2019.10.03 14:40:27.909,1.09806,1.09809,750000,560000
2019.10.03 14:40:28.992,1.09806,1.09808,750000,1310000
2019.10.03 14:40:29.144,1.09807,1.09809,1500000,750000
2019.10.03 14:40:29.245,1.09808,1.09811,3190000,750000
2019.10.03 14:40:29.360,1.0981,1.09812,1750000,750000
2019.10.03 14:40:29.461,1.0981,1.09812,750000,750000
2019.10.03 14:40:29.613,1.09809,1.09812,750000,2810000
2019.10.03 14:40:29.766,1.0981,1.09812,940000,500000
2019.10.03 14:40:30.163,1.0981,1.09813,2570000,750000
2019.10.03 14:40:30.266,1.09809,1.09812,640000,500000
2019.10.03 14:40:31.211,1.09808,1.09813,4370000,5890000
2019.10.03 14:40:31.340,1.0981,1.09813,3620000,1500000
2019.10.03 14:40:31.442,1.09809,1.09813,940000,2500000
2019.10.03 14:40:31.958,1.09809,1.09811,750000,1500000
2019.10.03 14:40:32.060,1.09808,1.09813,4370000,4310000
2019.10.03 14:40:32.610,1.09809,1.09813,3620000,2250000
2019.10.03 14:40:32.812,1.09809,1.09813,1870000,2440000
2019.10.03 14:40:33.037,1.0981,1.09813,1870000,750000
2019.10.03 14:40:33.140,1.09811,1.09814,1120000,1310000
2019.10.03 14:40:33.291,1.0981,1.09812,750000,2510000
2019.10.03 14:40:33.393,1.09807,1.09812,3940000,5870000
2019.10.03 14:40:33.557,1.09809,1.09812,1120000,940000
2019.10.03 14:40:34.592,1.09809,1.09813,2060000,3940000
2019.10.03 14:40:34.868,1.09812,1.09814,2060000,1500000
2019.10.03 14:40:34.970,1.09813,1.09814,750000,2250000
2019.10.03 14:40:35.071,1.09813,1.09816,1310000,2250000
2019.10.03 14:40:35.367,1.09814,1.09816,500000,1500000
2019.10.03 14:40:38.039,1.09812,1.09816,1120000,8330000
2019.10.03 14:40:38.190,1.09814,1.09816,1120000,750000
2019.10.03 14:40:38.292,1.09812,1.09816,500000,6710000
2019.10.03 14:40:38.768,1.09814,1.09816,1120000,750000
2019.10.03 14:40:39.296,1.09813,1.09816,1120000,4770000
2019.10.03 14:40:41.091,1.09814,1.09816,500000,750000
2019.10.03 14:40:41.193,1.09813,1.09816,500000,3940000
2019.10.03 14:40:41.634,1.09813,1.09816,500000,1820000
2019.10.03 14:40:43.889,1.09812,1.09814,1120000,1000000
2019.10.03 14:40:44.011,1.0981,1.09814,1500000,3620000
2019.10.03 14:40:44.113,1.0981,1.09814,940000,2060000
2019.10.03 14:40:45.033,1.0981,1.09813,750000,2060000
2019.10.03 14:40:45.185,1.0981,1.09812,750000,1310000
2019.10.03 14:40:46.073,1.09807,1.09808,1120000,5140000
2019.10.03 14:40:46.175,1.09806,1.09807,1120000,940000
2019.10.03 14:40:46.277,1.09803,1.09807,1870000,8120000
2019.10.03 14:40:46.429,1.09803,1.09806,750000,4370000
2019.10.03 14:40:48.531,1.09805,1.09807,500000,750000
2019.10.03 14:40:48.582,1.09808,1.0981,4390000,1500000
2019.10.03 14:40:48.683,1.09809,1.09811,940000,560000
2019.10.03 14:40:48.919,1.09809,1.09812,1120000,940000
2019.10.03 14:40:49.327,1.09807,1.0981,1690000,4750000
2019.10.03 14:40:49.459,1.09806,1.09808,2250000,940000
2019.10.03 14:40:49.610,1.09805,1.09808,2250000,940000
2019.10.03 14:40:49.893,1.09806,1.09808,1120000,1000000
2019.10.03 14:40:50.183,1.09808,1.0981,5320000,750000
2019.10.03 14:40:50.284,1.0981,1.09811,750000,940000
2019.10.03 14:40:50.386,1.0981,1.09812,2060000,940000
2019.10.03 14:40:50.630,1.09807,1.09809,560000,3940000
2019.10.03 14:40:50.731,1.09807,1.09808,750000,1690000
2019.10.03 14:40:50.883,1.09806,1.09809,940000,2500000
2019.10.03 14:40:50.984,1.09805,1.09808,750000,1690000
2019.10.03 14:40:51.092,1.09805,1.09807,750000,1750000
2019.10.03 14:40:51.201,1.09804,1.09807,750000,2870000
2019.10.03 14:40:51.454,1.09804,1.09807,750000,1690000
2019.10.03 14:40:52.036,1.09804,1.09808,940000,1690000
2019.10.03 14:40:52.920,1.09804,1.09808,2910000,940000
2019.10.03 14:40:53.327,1.09805,1.09807,750000,750000
2019.10.03 14:40:53.737,1.09805,1.09808,2060000,750000
2019.10.03 14:40:54.215,1.09805,1.09808,2540000,750000
2019.10.03 14:40:54.317,1.09805,1.09808,2810000,750000
2019.10.03 14:40:54.440,1.09804,1.09808,2890000,1840000
2019.10.03 14:40:54.903,1.09804,1.09807,1950000,2440000
2019.10.03 14:40:55.163,1.09804,1.09806,750000,2440000
2019.10.03 14:40:55.214,1.09802,1.09805,1500000,2320000
2019.10.03 14:40:55.317,1.09804,1.09806,750000,1500000
2019.10.03 14:40:55.368,1.09805,1.09807,750000,750000
2019.10.03 14:40:55.538,1.09804,1.09807,750000,2590000
2019.10.03 14:40:55.740,1.09805,1.09808,560000,750000
2019.10.03 14:40:55.841,1.09807,1.09808,500000,750000
2019.10.03 14:40:55.993,1.09806,1.09809,1310000,2250000
2019.10.03 14:40:56.236,1.09806,1.09808,750000,750000
2019.10.03 14:40:56.338,1.09805,1.09808,750000,1750000
2019.10.03 14:40:56.489,1.09805,1.09808,750000,1690000
2019.10.03 14:40:56.631,1.09805,1.09807,940000,940000
2019.10.03 14:40:58.446,1.09806,1.09808,1370000,750000
2019.10.03 14:40:58.549,1.09806,1.09808,940000,940000
2019.10.03 14:40:58.904,1.09804,1.09807,1120000,1150000
2019.10.03 14:40:59.173,1.09804,1.09807,1120000,1690000
2019.10.03 14:40:59.274,1.09804,1.09806,750000,1460000
2019.10.03 14:40:59.326,1.09804,1.09808,1500000,3400000
2019.10.03 14:40:59.377,1.09804,1.09806,750000,1460000
2019.10.03 14:40:59.672,1.09805,1.09807,750000,1500000
2019.10.03 14:41:00.031,1.09807,1.09808,750000,750000
2019.10.03 14:41:00.133,1.09804,1.09808,750000,3250000
2019.10.03 14:41:00.234,1.09805,1.09809,3190000,940000
2019.10.03 14:41:00.405,1.09805,1.09807,750000,1310000
2019.10.03 14:41:00.506,1.09805,1.09807,750000,1370000
2019.10.03 14:41:00.607,1.09806,1.09808,750000,940000
2019.10.03 14:41:00.709,1.09806,1.09808,750000,1000000
2019.10.03 14:41:00.911,1.09805,1.09808,1200000,1690000
2019.10.03 14:41:01.518,1.09804,1.09808,4220000,2120000
2019.10.03 14:41:01.632,1.09804,1.09808,4410000,2060000
2019.10.03 14:41:02.853,1.09804,1.09808,2890000,940000
2019.10.03 14:41:03.458,1.09803,1.09807,750000,3400000
2019.10.03 14:41:03.610,1.09803,1.09806,750000,1900000
2019.10.03 14:41:03.661,1.09803,1.09804,2060000,900000
2019.10.03 14:41:03.803,1.098,1.09802,500000,3620000
2019.10.03 14:41:03.905,1.09801,1.09803,1870000,1000000
2019.10.03 14:41:04.007,1.09801,1.09803,1120000,750000
2019.10.03 14:41:04.159,1.09801,1.09802,500000,750000
2019.10.03 14:41:04.260,1.09799,1.09802,600000,1900000
2019.10.03 14:41:05.533,1.09799,1.09803,500000,3400000
2019.10.03 14:41:06.483,1.09801,1.09803,1120000,750000
2019.10.03 14:41:06.899,1.098,1.09803,500000,940000
2019.10.03 14:41:07.001,1.09804,1.09805,3190000,1500000
2019.10.03 14:41:07.052,1.09805,1.09807,1760000,1120000
2019.10.03 14:41:07.154,1.09806,1.09807,940000,750000
2019.10.03 14:41:07.341,1.09805,1.09809,500000,4750000
2019.10.03 14:41:07.443,1.09805,1.0981,5890000,4000000
2019.10.03 14:41:07.562,1.09805,1.09809,750000,1750000
2019.10.03 14:41:07.664,1.09805,1.09808,500000,1000000
2019.10.03 14:41:07.819,1.09804,1.09808,750000,4520000
2019.10.03 14:41:08.007,1.09805,1.09808,750000,1750000
2019.10.03 14:41:09.034,1.09806,1.0981,3450000,3560000
2019.10.03 14:41:09.295,1.09807,1.0981,2620000,750000
2019.10.03 14:41:09.733,1.09811,1.09812,5140000,1870000
2019.10.03 14:41:09.881,1.09814,1.09815,750000,750000
2019.10.03 14:41:09.932,1.09816,1.09817,500000,1120000
2019.10.03 14:41:10.033,1.09818,1.09819,1500000,750000
2019.10.03 14:41:10.135,1.09818,1.0982,1750000,750000
2019.10.03 14:41:10.270,1.09818,1.0982,1000000,500000
2019.10.03 14:41:10.372,1.09817,1.09819,500000,2060000
2019.10.03 14:41:10.473,1.09816,1.09818,500000,940000
2019.10.03 14:41:10.524,1.09816,1.09819,750000,1000000
2019.10.03 14:41:10.673,1.09817,1.0982,10200000,1000000
2019.10.03 14:41:10.724,1.09815,1.09818,500000,2500000
2019.10.03 14:41:11.006,1.09815,1.09818,500000,1750000
2019.10.03 14:41:11.539,1.09814,1.09818,500000,1750000
2019.10.03 14:41:12.217,1.09814,1.09818,1120000,4750000
2019.10.03 14:41:12.678,1.09815,1.09818,1120000,940000
2019.10.03 14:41:14.324,1.09815,1.09818,500000,1370000
2019.10.03 14:41:14.695,1.09815,1.09818,500000,940000
2019.10.03 14:41:14.997,1.09815,1.09818,500000,1000000
2019.10.03 14:41:15.300,1.09815,1.09818,500000,940000
2019.10.03 14:41:15.615,1.09817,1.09818,500000,940000
2019.10.03 14:41:15.666,1.09818,1.0982,500000,2250000
2019.10.03 14:41:15.718,1.09818,1.09822,2060000,560000
2019.10.03 14:41:16.012,1.09818,1.09822,1870000,750000
2019.10.03 14:41:16.202,1.09818,1.09822,2060000,750000
2019.10.03 14:41:17.117,1.09824,1.09825,1310000,750000
2019.10.03 14:41:17.218,1.09823,1.09825,1750000,1500000
2019.10.03 14:41:17.320,1.09822,1.09825,750000,1000000
2019.10.03 14:41:17.426,1.09822,1.09826,1870000,1750000
2019.10.03 14:41:17.530,1.09824,1.09827,1870000,1500000
2019.10.03 14:41:18.624,1.09824,1.09828,2250000,4000000
2019.10.03 14:41:20.069,1.09823,1.09826,940000,750000
2019.10.03 14:41:20.170,1.0982,1.09824,2810000,8390000
2019.10.03 14:41:20.272,1.0982,1.09824,3560000,2440000
2019.10.03 14:41:20.435,1.09822,1.09823,500000,2250000
2019.10.03 14:41:20.486,1.09823,1.09825,2890000,1310000
2019.10.03 14:41:20.588,1.09821,1.09825,1690000,3260000
2019.10.03 14:41:20.689,1.09822,1.09825,1950000,940000
2019.10.03 14:41:21.317,1.0982,1.09823,1120000,2120000
2019.10.03 14:41:21.470,1.09818,1.09822,1120000,4450000
2019.10.03 14:41:21.723,1.09819,1.09823,750000,1000000
2019.10.03 14:41:21.824,1.0982,1.09822,750000,750000
2019.10.03 14:41:22.717,1.0982,1.09823,1500000,750000
2019.10.03 14:41:22.819,1.09822,1.09823,750000,750000
2019.10.03 14:41:23.056,1.09822,1.09824,1690000,750000
2019.10.03 14:41:23.590,1.09821,1.09823,750000,1000000
2019.10.03 14:41:23.860,1.09821,1.09823,750000,750000
2019.10.03 14:41:23.965,1.0982,1.09823,1500000,1500000
2019.10.03 14:41:24.168,1.09819,1.09823,750000,3190000
2019.10.03 14:41:24.270,1.09818,1.0982,1690000,560000
2019.10.03 14:41:24.409,1.09818,1.0982,1000000,1500000
2019.10.03 14:41:24.460,1.09819,1.09821,1310000,2250000
2019.10.03 14:41:24.663,1.09817,1.09819,1500000,3040000
2019.10.03 14:41:24.764,1.09818,1.0982,670000,1690000
2019.10.03 14:41:24.925,1.09818,1.09822,2120000,1460000
2019.10.03 14:41:25.027,1.09818,1.0982,1500000,520000
2019.10.03 14:41:25.128,1.09817,1.09819,1500000,750000
2019.10.03 14:41:25.932,1.09815,1.09818,750000,1480000
2019.10.03 14:41:26.697,1.09817,1.09818,500000,750000
2019.10.03 14:41:26.820,1.09816,1.09818,500000,3190000
2019.10.03 14:41:26.922,1.09816,1.09819,500000,1750000
2019.10.03 14:41:27.564,1.09816,1.09819,1120000,940000
2019.10.03 14:41:27.666,1.09817,1.09819,500000,1120000
2019.10.03 14:41:27.869,1.09816,1.09819,500000,1690000
2019.10.03 14:41:28.027,1.09816,1.09819,500000,2500000
2019.10.03 14:41:29.203,1.09818,1.09821,500000,3940000
2019.10.03 14:41:29.440,1.09818,1.09821,500000,3250000
2019.10.03 14:41:29.591,1.09818,1.09819,750000,1690000
2019.10.03 14:41:29.642,1.09818,1.09821,1310000,2440000
2019.10.03 14:41:29.744,1.09818,1.09821,560000,2120000
2019.10.03 14:41:29.947,1.0982,1.09822,750000,750000
2019.10.03 14:41:30.049,1.0982,1.09822,500000,1120000
2019.10.03 14:41:31.419,1.09821,1.09823,560000,1120000
2019.10.03 14:41:31.545,1.09821,1.09824,1310000,500000
2019.10.03 14:41:31.800,1.09821,1.09824,2620000,2870000
2019.10.03 14:41:32.062,1.09821,1.09824,1120000,2870000
2019.10.03 14:41:32.320,1.0982,1.09823,1120000,1370000
2019.10.03 14:41:32.422,1.0982,1.09823,1500000,1310000
2019.10.03 14:41:33.431,1.09819,1.09822,750000,2500000
2019.10.03 14:41:33.653,1.09819,1.09822,750000,2440000
2019.10.03 14:41:34.173,1.09818,1.0982,750000,2250000
2019.10.03 14:41:34.274,1.09817,1.09821,4370000,1500000
2019.10.03 14:41:34.376,1.09817,1.09819,500000,2250000
2019.10.03 14:41:34.477,1.09817,1.0982,940000,2250000
2019.10.03 14:41:34.748,1.09819,1.09821,3620000,1500000
2019.10.03 14:41:34.849,1.09819,1.09821,1120000,1500000
2019.10.03 14:41:36.003,1.09818,1.0982,1500000,560000
2019.10.03 14:41:36.104,1.09816,1.09818,750000,1370000
2019.10.03 14:41:36.205,1.09816,1.09819,2620000,560000
2019.10.03 14:41:36.663,1.09819,1.0982,2620000,750000
2019.10.03 14:41:36.714,1.09819,1.09821,1200000,750000
2019.10.03 14:41:36.886,1.09819,1.09821,750000,1000000
2019.10.03 14:41:37.122,1.09818,1.0982,1120000,1500000
2019.10.03 14:41:37.324,1.09817,1.0982,500000,1760000
2019.10.03 14:41:37.525,1.09816,1.09819,750000,1690000
2019.10.03 14:41:37.829,1.09817,1.0982,2060000,500000
2019.10.03 14:41:37.931,1.09817,1.09819,750000,1310000
2019.10.03 14:41:38.052,1.09817,1.0982,500000,560000
2019.10.03 14:41:38.735,1.09816,1.09819,2440000,1370000
2019.10.03 14:41:38.836,1.09816,1.09818,500000,750000
2019.10.03 14:41:38.937,1.09816,1.09819,2810000,1370000
2019.10.03 14:41:41.384,1.09818,1.0982,3370000,750000
2019.10.03 14:41:41.486,1.09817,1.0982,750000,2440000
2019.10.03 14:41:41.886,1.09818,1.0982,750000,940000
2019.10.03 14:41:41.998,1.09818,1.09821,2620000,940000
2019.10.03 14:41:42.100,1.09818,1.0982,500000,1690000
2019.10.03 14:41:42.328,1.09818,1.0982,500000,2500000
2019.10.03 14:41:42.430,1.09818,1.09822,1870000,4070000
2019.10.03 14:41:43.817,1.09821,1.09823,750000,750000
2019.10.03 14:41:43.919,1.09821,1.09824,750000,940000
2019.10.03 14:41:44.021,1.09821,1.09823,750000,1690000
2019.10.03 14:41:44.301,1.09821,1.09824,4120000,940000
2019.10.03 14:41:44.403,1.09819,1.09824,3940000,4750000
2019.10.03 14:41:44.504,1.09819,1.09822,750000,3250000
2019.10.03 14:41:45.724,1.09819,1.09823,750000,4750000
2019.10.03 14:41:46.981,1.09819,1.09822,750000,1750000
2019.10.03 14:41:47.082,1.09819,1.09822,750000,1690000
2019.10.03 14:41:47.234,1.09819,1.09821,750000,1690000
2019.10.03 14:41:47.493,1.09817,1.09819,750000,5570000
2019.10.03 14:41:47.645,1.09817,1.0982,1310000,750000
2019.10.03 14:41:47.847,1.09816,1.0982,2060000,1690000
2019.10.03 14:41:47.948,1.09816,1.0982,2320000,5500000
2019.10.03 14:41:48.162,1.09817,1.0982,500000,3250000
2019.10.03 14:41:49.208,1.09818,1.09822,5570000,1370000
2019.10.03 14:41:49.309,1.09819,1.09822,500000,2440000
2019.10.03 14:41:49.562,1.09817,1.0982,2620000,2950000
2019.10.03 14:41:49.694,1.09817,1.0982,1500000,1120000
2019.10.03 14:41:49.797,1.09818,1.0982,1690000,750000
2019.10.03 14:41:49.949,1.09819,1.09821,750000,750000
2019.10.03 14:41:50.050,1.09819,1.09821,750000,1000000
2019.10.03 14:41:50.202,1.09819,1.09822,560000,1000000
2019.10.03 14:41:50.410,1.09821,1.09823,1500000,940000
2019.10.03 14:41:50.511,1.0982,1.09824,750000,3620000
2019.10.03 14:41:51.268,1.0982,1.09823,750000,1750000
2019.10.03 14:41:51.518,1.0982,1.09822,750000,1750000
2019.10.03 14:41:51.620,1.09818,1.0982,500000,940000
2019.10.03 14:41:51.772,1.09819,1.0982,500000,750000
2019.10.03 14:41:51.823,1.09819,1.09822,3190000,750000
2019.10.03 14:41:51.924,1.09819,1.09822,3190000,1000000
2019.10.03 14:41:52.968,1.09819,1.09821,750000,1000000
2019.10.03 14:41:54.122,1.09818,1.09822,560000,4570000
2019.10.03 14:41:54.275,1.09819,1.09823,3370000,1000000
2019.10.03 14:41:54.579,1.09821,1.09823,750000,1750000
2019.10.03 14:41:54.766,1.09821,1.09824,3940000,2500000
2019.10.03 14:41:55.075,1.09823,1.09824,3190000,750000
2019.10.03 14:41:55.177,1.09824,1.09826,750000,1000000
2019.10.03 14:41:55.293,1.09824,1.09827,2440000,3250000
2019.10.03 14:41:55.818,1.09824,1.09828,3750000,2570000
2019.10.03 14:41:56.165,1.09825,1.09827,750000,940000
2019.10.03 14:41:57.472,1.09824,1.09828,2810000,2810000
2019.10.03 14:41:57.574,1.09824,1.09827,750000,2440000
2019.10.03 14:41:58.165,1.09824,1.09828,2810000,2440000
2019.10.03 14:41:58.315,1.09824,1.09826,750000,2510000
2019.10.03 14:41:58.417,1.09823,1.09825,940000,750000
2019.10.03 14:41:58.582,1.09824,1.09826,560000,750000
2019.10.03 14:41:58.685,1.09824,1.09827,3370000,750000
2019.10.03 14:41:58.888,1.09824,1.09826,750000,750000
2019.10.03 14:41:59.227,1.09824,1.09827,1120000,940000
2019.10.03 14:42:00.110,1.09823,1.09826,750000,2870000
2019.10.03 14:42:00.241,1.09822,1.09825,1120000,3250000
2019.10.03 14:42:00.343,1.09821,1.09825,2810000,3190000
2019.10.03 14:42:00.545,1.09822,1.09824,750000,500000
2019.10.03 14:42:00.752,1.09821,1.09824,750000,1690000
2019.10.03 14:42:00.954,1.09822,1.09825,560000,750000
2019.10.03 14:42:01.056,1.09821,1.09824,750000,3260000
2019.10.03 14:42:01.215,1.09821,1.09825,3560000,940000
2019.10.03 14:42:01.317,1.09821,1.09824,940000,1000000
2019.10.03 14:42:01.554,1.09821,1.09823,750000,1750000
2019.10.03 14:42:01.605,1.0982,1.09824,2440000,940000
2019.10.03 14:42:01.744,1.09819,1.09823,4310000,1690000
2019.10.03 14:42:01.848,1.09819,1.09822,750000,1690000
2019.10.03 14:42:02.998,1.09819,1.09822,1000000,940000
2019.10.03 14:42:03.100,1.09818,1.09822,940000,3190000
2019.10.03 14:42:03.201,1.09818,1.09819,750000,750000
2019.10.03 14:42:03.302,1.09817,1.09818,1120000,750000
2019.10.03 14:42:03.404,1.09816,1.09818,940000,940000
2019.10.03 14:42:03.455,1.09814,1.09818,1690000,2060000
2019.10.03 14:42:03.710,1.09814,1.09817,750000,1310000
2019.10.03 14:42:03.811,1.09814,1.09816,750000,2810000
2019.10.03 14:42:03.912,1.09814,1.09817,2250000,1310000
2019.10.03 14:42:04.066,1.09814,1.09816,750000,2060000
2019.10.03 14:42:04.172,1.09814,1.09817,2250000,2890000
2019.10.03 14:42:04.274,1.09814,1.09816,750000,2440000
2019.10.03 14:42:04.687,1.09814,1.09817,2250000,2440000
2019.10.03 14:42:04.789,1.09816,1.09819,3750000,940000
2019.10.03 14:42:05.094,1.09818,1.0982,4500000,750000
2019.10.03 14:42:05.145,1.0982,1.09821,750000,2440000
2019.10.03 14:42:05.266,1.0982,1.09823,750000,3250000
2019.10.03 14:42:05.594,1.09821,1.09824,3750000,940000
2019.10.03 14:42:05.756,1.0982,1.09823,750000,5500000
2019.10.03 14:42:06.168,1.0982,1.09824,4500000,1750000
2019.10.03 14:42:07.538,1.0982,1.09823,750000,2870000
2019.10.03 14:42:07.640,1.0982,1.09824,4120000,2120000
2019.10.03 14:42:07.742,1.0982,1.09823,750000,3620000
2019.10.03 14:42:07.928,1.0982,1.09824,4120000,2120000
2019.10.03 14:42:08.203,1.0982,1.09823,750000,3620000
2019.10.03 14:42:08.341,1.0982,1.09824,4200000,2870000
2019.10.03 14:42:08.603,1.0982,1.09823,750000,2870000
2019.10.03 14:42:08.757,1.09822,1.09824,3750000,3000000
2019.10.03 14:42:08.807,1.09824,1.09825,2190000,1500000
2019.10.03 14:42:08.909,1.09825,1.09826,940000,750000
2019.10.03 14:42:09.010,1.09824,1.09826,1750000,500000
2019.10.03 14:42:09.235,1.09822,1.09825,1690000,3850000
2019.10.03 14:42:09.336,1.09822,1.09824,750000,1500000
2019.10.03 14:42:09.438,1.09824,1.09825,940000,2620000
2019.10.03 14:42:09.539,1.09826,1.09827,750000,750000
2019.10.03 14:42:09.590,1.09824,1.09826,1000000,4120000
2019.10.03 14:42:09.897,1.09825,1.09826,940000,750000
2019.10.03 14:42:09.956,1.09825,1.09827,750000,750000
2019.10.03 14:42:10.643,1.09827,1.09828,750000,940000
2019.10.03 14:42:10.694,1.09827,1.0983,1310000,1870000
2019.10.03 14:42:10.796,1.09827,1.09831,3750000,2500000
2019.10.03 14:42:10.898,1.09827,1.09831,6250000,1500000
2019.10.03 14:42:11.047,1.09827,1.09831,4570000,1370000
2019.10.03 14:42:11.362,1.09829,1.0983,750000,1500000
2019.10.03 14:42:11.504,1.09829,1.09831,750000,3190000
2019.10.03 14:42:11.555,1.09829,1.09833,3560000,1690000
2019.10.03 14:42:12.265,1.09828,1.09833,2060000,4690000
2019.10.03 14:42:12.367,1.09828,1.09832,1500000,5510000
2019.10.03 14:42:12.626,1.09829,1.09832,750000,750000
2019.10.03 14:42:12.742,1.09828,1.09833,3560000,4690000
2019.10.03 14:42:12.895,1.09828,1.09833,2060000,6250000
2019.10.03 14:42:13.097,1.0983,1.09832,500000,1690000
2019.10.03 14:42:13.742,1.09828,1.0983,1500000,3640000
2019.10.03 14:42:13.843,1.09829,1.0983,2250000,750000
2019.10.03 14:42:13.945,1.09828,1.0983,1500000,750000
2019.10.03 14:42:14.078,1.09828,1.09831,1760000,1000000
2019.10.03 14:42:14.382,1.09828,1.09832,750000,3250000
2019.10.03 14:42:14.483,1.0983,1.09832,750000,750000
2019.10.03 14:42:15.382,1.09829,1.09832,2250000,940000
2019.10.03 14:42:15.483,1.09828,1.09832,2250000,2060000
2019.10.03 14:42:15.687,1.09829,1.09832,750000,750000
2019.10.03 14:42:16.477,1.09829,1.09832,750000,1750000
2019.10.03 14:42:16.680,1.09831,1.09834,500000,1690000
2019.10.03 14:42:16.782,1.09833,1.09834,600000,1500000
2019.10.03 14:42:16.833,1.09831,1.09836,1310000,10150000
2019.10.03 14:42:16.935,1.09832,1.09835,750000,1000000
2019.10.03 14:42:17.037,1.09831,1.09834,750000,3640000
2019.10.03 14:42:17.195,1.09832,1.09834,750000,750000
2019.10.03 14:42:17.296,1.09831,1.09834,750000,4310000
2019.10.03 14:42:17.774,1.09833,1.09834,750000,750000
2019.10.03 14:42:17.875,1.09833,1.09835,750000,940000
2019.10.03 14:42:18.027,1.09831,1.09834,750000,1000000
2019.10.03 14:42:18.129,1.09833,1.09835,3190000,750000
2019.10.03 14:42:18.280,1.09833,1.09836,2510000,750000
2019.10.03 14:42:18.382,1.09833,1.09835,750000,750000
2019.10.03 14:42:18.483,1.09833,1.09836,6490000,750000
2019.10.03 14:42:18.585,1.09831,1.09835,1750000,3250000
2019.10.03 14:42:18.687,1.09831,1.09833,1500000,1750000
2019.10.03 14:42:20.037,1.09831,1.09834,5440000,1000000
2019.10.03 14:42:20.139,1.09832,1.09835,1760000,750000
2019.10.03 14:42:20.241,1.09832,1.09834,1120000,750000
2019.10.03 14:42:20.652,1.09833,1.09835,750000,940000
2019.10.03 14:42:20.753,1.09832,1.09835,940000,1500000
2019.10.03 14:42:20.905,1.09832,1.09836,4750000,1000000
2019.10.03 14:42:21.009,1.09833,1.09836,4310000,750000
2019.10.03 14:42:21.247,1.09832,1.09836,4310000,940000
2019.10.03 14:42:21.349,1.09831,1.09833,2250000,940000
2019.10.03 14:42:21.700,1.09829,1.09833,1500000,1750000
2019.10.03 14:42:21.852,1.0983,1.09832,750000,750000
2019.10.03 14:42:21.903,1.09828,1.09831,2060000,2470000
2019.10.03 14:42:22.004,1.09827,1.09829,750000,2250000
2019.10.03 14:42:22.149,1.09826,1.0983,1010000,3190000
2019.10.03 14:42:22.412,1.09827,1.0983,1690000,750000
2019.10.03 14:42:22.564,1.09826,1.0983,940000,3190000
2019.10.03 14:42:22.918,1.09826,1.09828,750000,940000
2019.10.03 14:42:23.019,1.09826,1.09829,750000,2810000
2019.10.03 14:42:23.228,1.09826,1.09829,750000,3250000
2019.10.03 14:42:23.431,1.09827,1.0983,4120000,940000
2019.10.03 14:42:24.095,1.09827,1.09829,750000,750000
2019.10.03 14:42:24.334,1.09826,1.0983,2810000,2510000
2019.10.03 14:42:24.486,1.09827,1.0983,1500000,2440000
2019.10.03 14:42:24.739,1.09828,1.09831,1690000,1500000
2019.10.03 14:42:24.840,1.09829,1.09831,750000,750000
2019.10.03 14:42:25.446,1.0983,1.09832,940000,750000
2019.10.03 14:42:25.547,1.0983,1.09833,2620000,940000
2019.10.03 14:42:25.649,1.09831,1.09834,940000,3000000
2019.10.03 14:42:25.771,1.09833,1.09834,940000,750000
2019.10.03 14:42:25.923,1.09831,1.09833,2250000,750000
2019.10.03 14:42:26.075,1.09829,1.09833,940000,1690000
2019.10.03 14:42:26.391,1.09831,1.09834,3000000,750000
2019.10.03 14:42:26.492,1.09831,1.09833,750000,940000
2019.10.03 14:42:27.084,1.09831,1.09835,4310000,1690000
2019.10.03 14:42:27.185,1.0983,1.09834,750000,2200000
2019.10.03 14:42:27.453,1.09832,1.09836,5120000,750000
2019.10.03 14:42:27.555,1.09833,1.09835,940000,750000
2019.10.03 14:42:27.657,1.09832,1.09836,3620000,750000
2019.10.03 14:42:28.123,1.09834,1.09836,1690000,750000
2019.10.03 14:42:28.672,1.09833,1.09837,4750000,1500000
2019.10.03 14:42:28.875,1.09832,1.09834,1500000,1690000
2019.10.03 14:42:28.997,1.09829,1.09833,940000,3250000
2019.10.03 14:42:29.767,1.09831,1.09833,940000,1690000
2019.10.03 14:42:29.990,1.09832,1.09833,940000,750000
2019.10.03 14:42:32.137,1.0983,1.09834,3250000,940000
2019.10.03 14:42:33.565,1.0983,1.09833,1690000,1750000
2019.10.03 14:42:33.717,1.0983,1.09833,1500000,1500000
2019.10.03 14:42:33.818,1.0983,1.09834,1690000,2510000
2019.10.03 14:42:34.572,1.09827,1.0983,2250000,940000
2019.10.03 14:42:34.695,1.09826,1.09829,750000,2810000
2019.10.03 14:42:34.797,1.09828,1.09829,750000,750000
2019.10.03 14:42:34.848,1.09826,1.09829,750000,1690000
2019.10.03 14:42:34.899,1.09828,1.09829,750000,750000
2019.10.03 14:42:35.003,1.09828,1.09831,940000,1120000
2019.10.03 14:42:35.209,1.09828,1.09832,5140000,1690000
2019.10.03 14:42:35.945,1.0983,1.09831,750000,750000
2019.10.03 14:42:36.047,1.09829,1.09831,750000,750000
2019.10.03 14:42:36.148,1.09829,1.09832,3260000,750000
2019.10.03 14:42:37.020,1.09829,1.09833,2510000,2440000
2019.10.03 14:42:37.195,1.09829,1.09832,750000,2810000
2019.10.03 14:42:37.436,1.09829,1.09833,1690000,1690000
2019.10.03 14:42:37.538,1.09828,1.09831,750000,5500000
2019.10.03 14:42:37.641,1.09827,1.09831,940000,2060000
2019.10.03 14:42:37.693,1.09829,1.0983,1240000,750000
2019.10.03 14:42:37.800,1.09828,1.0983,750000,1500000
2019.10.03 14:42:38.634,1.09828,1.09831,940000,2250000
2019.10.03 14:42:39.091,1.0983,1.09832,2440000,750000
2019.10.03 14:42:39.192,1.09829,1.09832,2440000,750000
2019.10.03 14:42:39.478,1.0983,1.09832,2440000,750000
2019.10.03 14:42:39.580,1.09829,1.09832,1690000,2250000
2019.10.03 14:42:40.006,1.09829,1.09831,1500000,1500000
2019.10.03 14:42:40.673,1.09829,1.09832,3940000,750000
2019.10.03 14:42:40.775,1.09828,1.09832,3940000,940000
2019.10.03 14:42:40.876,1.09828,1.09832,4000000,750000
2019.10.03 14:42:41.638,1.09827,1.0983,3000000,940000
2019.10.03 14:42:41.740,1.09826,1.0983,4690000,1010000
2019.10.03 14:42:42.042,1.09826,1.09829,750000,940000
2019.10.03 14:42:42.295,1.09826,1.0983,5510000,940000
2019.10.03 14:42:42.467,1.09827,1.0983,5440000,750000
2019.10.03 14:42:42.709,1.09826,1.09829,750000,940000
2019.10.03 14:42:45.752,1.09825,1.09828,750000,2870000
2019.10.03 14:42:46.207,1.09825,1.09827,4370000,750000
2019.10.03 14:42:46.258,1.09821,1.09824,750000,3190000
2019.10.03 14:42:46.360,1.09821,1.09823,750000,3190000
2019.10.03 14:42:46.461,1.09821,1.09824,1500000,940000
2019.10.03 14:42:46.824,1.0982,1.09823,1120000,1690000
2019.10.03 14:42:46.927,1.0982,1.09823,2120000,940000
2019.10.03 14:42:47.183,1.0982,1.09823,500000,1000000
2019.10.03 14:42:47.284,1.0982,1.09823,1270000,750000
2019.10.03 14:42:47.436,1.09819,1.09821,710000,940000
2019.10.03 14:42:47.538,1.09818,1.0982,2210000,2500000
2019.10.03 14:42:47.603,1.09817,1.0982,3210000,940000
2019.10.03 14:42:48.158,1.09815,1.09819,2470000,2060000
2019.10.03 14:42:48.210,1.09814,1.09817,750000,1370000
2019.10.03 14:42:48.312,1.09814,1.09818,1040000,3620000
2019.10.03 14:42:48.413,1.09814,1.09818,1690000,5650000
2019.10.03 14:42:49.177,1.09814,1.09817,1500000,2120000
2019.10.03 14:42:49.228,1.09814,1.09816,3370000,750000
2019.10.03 14:42:49.404,1.09813,1.09817,4000000,2250000
2019.10.03 14:42:49.507,1.09813,1.09817,750000,2440000
2019.10.03 14:42:49.659,1.09814,1.09818,2120000,1750000
2019.10.03 14:42:51.020,1.09817,1.0982,6350000,750000
2019.10.03 14:42:51.144,1.09816,1.0982,3640000,3190000
2019.10.03 14:42:51.553,1.09817,1.0982,4390000,750000
2019.10.03 14:42:51.759,1.09816,1.0982,3640000,3190000
2019.10.03 14:42:52.510,1.09816,1.09819,750000,3560000
2019.10.03 14:42:53.035,1.09815,1.09818,5060000,750000
2019.10.03 14:42:53.136,1.09815,1.09817,750000,500000
2019.10.03 14:42:53.238,1.09815,1.09818,2510000,500000
2019.10.03 14:42:54.030,1.09816,1.09819,5910000,750000
2019.10.03 14:42:54.170,1.09816,1.09819,3750000,1690000
2019.10.03 14:42:54.283,1.09814,1.09819,1760000,8870000
2019.10.03 14:42:54.406,1.09814,1.09817,1420000,4750000
2019.10.03 14:42:54.543,1.09813,1.09816,750000,6250000
2019.10.03 14:42:54.644,1.09814,1.09817,2250000,500000
2019.10.03 14:42:54.746,1.09814,1.09816,750000,500000
2019.10.03 14:42:54.797,1.09812,1.09815,1760000,750000
2019.10.03 14:42:54.924,1.09811,1.09815,4000000,2120000
2019.10.03 14:42:55.486,1.09812,1.09816,2570000,1870000
2019.10.03 14:42:56.284,1.09811,1.09814,750000,2060000
2019.10.03 14:42:57.345,1.09813,1.09814,2320000,750000
2019.10.03 14:42:57.446,1.09812,1.09815,1500000,2440000
2019.10.03 14:42:57.547,1.09813,1.09817,4820000,750000
2019.10.03 14:42:57.649,1.09815,1.09818,7470000,750000
2019.10.03 14:42:57.765,1.09815,1.09818,2440000,750000
2019.10.03 14:42:57.867,1.09818,1.09819,940000,1500000
2019.10.03 14:42:57.968,1.09816,1.09819,1120000,940000
2019.10.03 14:42:58.120,1.09817,1.09819,1690000,940000
2019.10.03 14:42:58.255,1.09816,1.09819,750000,4390000
2019.10.03 14:42:58.356,1.09817,1.0982,2440000,750000
2019.10.03 14:42:58.457,1.09816,1.09818,1500000,1310000
2019.10.03 14:42:58.559,1.09817,1.09818,750000,750000
2019.10.03 14:42:58.660,1.09816,1.09818,750000,1310000
2019.10.03 14:42:59.305,1.09816,1.0982,5140000,2060000
2019.10.03 14:42:59.460,1.09816,1.09819,1500000,2060000
2019.10.03 14:42:59.561,1.09816,1.0982,5890000,1690000
2019.10.03 14:42:59.922,1.09816,1.09819,750000,940000
2019.10.03 14:43:00.252,1.09814,1.09819,3190000,3940000
2019.10.03 14:43:00.354,1.09814,1.09819,4570000,5500000
2019.10.03 14:43:00.836,1.09814,1.09818,750000,8120000
2019.10.03 14:43:01.082,1.09816,1.09819,940000,750000
2019.10.03 14:43:02.407,1.09815,1.0982,7450000,3190000
2019.10.03 14:43:02.508,1.09816,1.09819,940000,750000
2019.10.03 14:43:02.609,1.09815,1.09819,1760000,3940000
2019.10.03 14:43:02.711,1.09814,1.09819,3470000,4000000
2019.10.03 14:43:02.837,1.09814,1.09817,820000,5440000
2019.10.03 14:43:02.939,1.09814,1.09815,2250000,750000
2019.10.03 14:43:02.990,1.09812,1.09815,2810000,1120000
2019.10.03 14:43:03.091,1.09813,1.09814,1310000,750000
2019.10.03 14:43:03.192,1.09811,1.09814,750000,2440000
2019.10.03 14:43:03.469,1.09811,1.09815,2510000,1690000
2019.10.03 14:43:03.571,1.0981,1.09813,1010000,2120000
2019.10.03 14:43:03.733,1.0981,1.09813,1760000,1870000
2019.10.03 14:43:03.937,1.09809,1.09812,750000,3190000
2019.10.03 14:43:04.089,1.09809,1.09813,2510000,2440000
2019.10.03 14:43:04.320,1.09808,1.0981,750000,5140000
2019.10.03 14:43:04.421,1.09806,1.0981,2200000,5500000
2019.10.03 14:43:04.472,1.09808,1.0981,2440000,750000
2019.10.03 14:43:04.523,1.09807,1.09809,750000,3940000
2019.10.03 14:43:04.624,1.09809,1.09811,6350000,750000
2019.10.03 14:43:04.726,1.09807,1.09809,750000,1120000
2019.10.03 14:43:04.909,1.09807,1.0981,1500000,2620000
2019.10.03 14:43:05.010,1.09807,1.09811,2140000,1870000
2019.10.03 14:43:05.112,1.09808,1.09811,2510000,750000
2019.10.03 14:43:05.370,1.09808,1.0981,600000,750000
2019.10.03 14:43:05.534,1.09808,1.09811,2510000,750000
2019.10.03 14:43:05.812,1.09806,1.09808,750000,1120000
2019.10.03 14:43:05.914,1.09805,1.09808,1750000,1310000
2019.10.03 14:43:06.101,1.09806,1.09808,1310000,750000
2019.10.03 14:43:06.202,1.09805,1.09808,1950000,3940000
2019.10.03 14:43:07.084,1.09804,1.09807,1500000,3940000
2019.10.03 14:43:07.287,1.09805,1.09807,750000,750000
2019.10.03 14:43:09.027,1.09805,1.09809,6320000,1500000
2019.10.03 14:43:10.262,1.09806,1.09808,940000,750000
2019.10.03 14:43:10.390,1.09808,1.0981,1570000,750000
2019.10.03 14:43:10.502,1.09808,1.0981,750000,750000
2019.10.03 14:43:11.188,1.09807,1.09809,750000,560000
2019.10.03 14:43:11.289,1.09806,1.09809,940000,2250000
2019.10.03 14:43:11.390,1.09807,1.0981,2200000,750000
2019.10.03 14:43:11.522,1.09807,1.0981,1760000,1690000
2019.10.03 14:43:12.006,1.09806,1.09808,750000,2250000
2019.10.03 14:43:12.292,1.09806,1.09809,3190000,750000
2019.10.03 14:43:12.394,1.09807,1.09809,2570000,750000
2019.10.03 14:43:12.495,1.09807,1.09811,2890000,1870000
2019.10.03 14:43:12.597,1.09807,1.09811,1760000,1370000
2019.10.03 14:43:12.878,1.09805,1.09807,750000,5870000
2019.10.03 14:43:13.030,1.09805,1.09807,750000,1870000
2019.10.03 14:43:14.655,1.09805,1.09808,1500000,1310000
2019.10.03 14:43:14.908,1.09803,1.09804,2250000,1690000
2019.10.03 14:43:15.007,1.09801,1.09803,750000,1370000
2019.10.03 14:43:15.108,1.098,1.09803,1500000,2500000
2019.10.03 14:43:15.210,1.09799,1.09802,1500000,1750000
2019.10.03 14:43:15.462,1.09801,1.09802,1500000,500000
2019.10.03 14:43:15.618,1.098,1.09802,1500000,750000
2019.10.03 14:43:16.051,1.098,1.09801,750000,610000
2019.10.03 14:43:16.103,1.09797,1.09798,750000,750000
2019.10.03 14:43:16.154,1.09798,1.098,6070000,1000000
2019.10.03 14:43:16.255,1.09797,1.09799,3450000,750000
2019.10.03 14:43:16.306,1.09795,1.09797,750000,2810000
2019.10.03 14:43:16.457,1.09796,1.09797,750000,750000
2019.10.03 14:43:16.863,1.09795,1.09797,750000,4870000
2019.10.03 14:43:17.198,1.09796,1.09797,750000,750000
2019.10.03 14:43:17.299,1.09795,1.09797,750000,2620000
2019.10.03 14:43:17.477,1.09795,1.09798,1390000,1870000
2019.10.03 14:43:17.696,1.09795,1.09796,750000,500000
2019.10.03 14:43:17.824,1.09795,1.09798,1760000,500000
2019.10.03 14:43:17.875,1.09797,1.09799,2440000,1500000
2019.10.03 14:43:17.977,1.09798,1.098,1000000,1120000
2019.10.03 14:43:18.078,1.09798,1.09801,940000,2250000
2019.10.03 14:43:18.444,1.09798,1.09802,1690000,940000
2019.10.03 14:43:18.546,1.09798,1.09802,2320000,2870000
2019.10.03 14:43:19.262,1.09799,1.09803,3410000,1690000
2019.10.03 14:43:19.414,1.098,1.09803,820000,940000
2019.10.03 14:43:19.618,1.09799,1.09803,2140000,2440000
2019.10.03 14:43:19.669,1.09801,1.09803,2140000,750000
2019.10.03 14:43:20.225,1.098,1.09803,1460000,750000
2019.10.03 14:43:20.661,1.09803,1.09804,550000,1500000
2019.10.03 14:43:20.762,1.09803,1.09806,560000,1000000
2019.10.03 14:43:20.965,1.09803,1.09807,3040000,2060000
2019.10.03 14:43:21.160,1.09804,1.09808,4600000,750000
2019.10.03 14:43:21.612,1.09803,1.09805,750000,750000
2019.10.03 14:43:21.967,1.09802,1.09804,940000,500000
2019.10.03 14:43:22.070,1.09801,1.09804,750000,2060000
2019.10.03 14:43:22.171,1.09803,1.09805,940000,940000
2019.10.03 14:43:22.317,1.09803,1.09805,1410000,940000
2019.10.03 14:43:22.418,1.09803,1.09805,940000,940000
2019.10.03 14:43:22.907,1.09801,1.09804,750000,3560000
2019.10.03 14:43:23.211,1.09802,1.09805,940000,750000
2019.10.03 14:43:23.313,1.09803,1.09805,600000,2250000
2019.10.03 14:43:23.414,1.09804,1.09807,1090000,1000000
2019.10.03 14:43:23.780,1.09805,1.09808,1500000,1690000
2019.10.03 14:43:23.983,1.09806,1.09809,2400000,2810000
2019.10.03 14:43:24.088,1.09806,1.0981,3940000,1690000
2019.10.03 14:43:24.141,1.09806,1.09808,2250000,2440000
2019.10.03 14:43:24.243,1.09807,1.09809,1120000,1310000
2019.10.03 14:43:24.344,1.09807,1.0981,750000,3250000
2019.10.03 14:43:24.724,1.09807,1.0981,1390000,750000
2019.10.03 14:43:24.926,1.09806,1.0981,1390000,3560000
2019.10.03 14:43:25.028,1.09805,1.09809,750000,5500000
2019.10.03 14:43:25.357,1.09806,1.0981,1010000,3560000
2019.10.03 14:43:25.459,1.09808,1.0981,750000,560000
2019.10.03 14:43:25.610,1.09808,1.09809,750000,750000
2019.10.03 14:43:25.793,1.09808,1.09811,3700000,750000
2019.10.03 14:43:26.257,1.09811,1.09812,1160000,750000
2019.10.03 14:43:26.374,1.0981,1.09814,3440000,1750000
2019.10.03 14:43:26.476,1.09809,1.09813,820000,2810000
2019.10.03 14:43:26.931,1.09811,1.09813,1500000,750000
2019.10.03 14:43:27.194,1.09811,1.09814,4910000,750000
2019.10.03 14:43:27.451,1.09811,1.09814,3090000,750000
2019.10.03 14:43:27.808,1.09811,1.09814,3410000,750000
2019.10.03 14:43:28.252,1.09812,1.09814,550000,750000
2019.10.03 14:43:28.353,1.09812,1.09815,820000,1310000
2019.10.03 14:43:28.506,1.09811,1.09814,900000,1310000
2019.10.03 14:43:28.704,1.09811,1.09813,600000,940000
2019.10.03 14:43:28.906,1.09812,1.09814,970000,500000
2019.10.03 14:43:29.112,1.09813,1.09814,1350000,750000
2019.10.03 14:43:29.227,1.09812,1.09814,1350000,1120000
2019.10.03 14:43:29.385,1.09813,1.09814,1200000,750000
2019.10.03 14:43:29.588,1.09812,1.09814,900000,1120000
2019.10.03 14:43:29.707,1.09814,1.09815,2100000,750000
2019.10.03 14:43:29.808,1.09814,1.09817,4910000,1000000
2019.10.03 14:43:30.015,1.09813,1.09816,1200000,1370000
2019.10.03 14:43:30.352,1.09813,1.09816,900000,2810000
2019.10.03 14:43:30.454,1.09814,1.09816,750000,940000
2019.10.03 14:43:30.555,1.09812,1.09816,1500000,3320000
2019.10.03 14:43:30.657,1.09813,1.09815,500000,750000
2019.10.03 14:43:31.099,1.09812,1.09815,1200000,560000
2019.10.03 14:43:31.200,1.09812,1.09814,600000,940000
2019.10.03 14:43:31.301,1.09812,1.09815,1910000,750000
2019.10.03 14:43:31.529,1.09813,1.09815,970000,750000
2019.10.03 14:43:31.631,1.09813,1.09816,1570000,1690000
2019.10.03 14:43:31.732,1.09813,1.09817,3970000,940000
2019.10.03 14:43:31.884,1.09813,1.09817,3270000,940000
2019.10.03 14:43:32.137,1.09813,1.09817,3970000,940000
2019.10.03 14:43:32.244,1.09813,1.09816,900000,940000
2019.10.03 14:43:32.395,1.09814,1.09816,750000,750000
2019.10.03 14:43:32.497,1.09813,1.09816,750000,1310000
2019.10.03 14:43:32.836,1.09814,1.09816,820000,750000
2019.10.03 14:43:32.957,1.09814,1.09817,3600000,750000
2019.10.03 14:43:33.414,1.09814,1.09818,3040000,1310000
2019.10.03 14:43:33.624,1.09814,1.09818,3060000,1310000
2019.10.03 14:43:33.726,1.09814,1.09818,2290000,1310000
2019.10.03 14:43:33.777,1.09814,1.09816,750000,1310000
2019.10.03 14:43:33.979,1.09813,1.09816,1540000,1120000
2019.10.03 14:43:34.289,1.09814,1.09816,790000,750000
2019.10.03 14:43:34.390,1.09814,1.09816,660000,750000
2019.10.03 14:43:34.748,1.09813,1.09817,5320000,3560000
2019.10.03 14:43:34.850,1.09814,1.09817,1570000,1310000
2019.10.03 14:43:35.001,1.09817,1.09818,1950000,1500000
2019.10.03 14:43:35.053,1.09819,1.0982,600000,750000
2019.10.03 14:43:35.155,1.09819,1.09821,940000,1870000
2019.10.03 14:43:35.359,1.09819,1.09822,1200000,2060000
2019.10.03 14:43:36.511,1.09819,1.09823,1950000,2060000
2019.10.03 14:43:36.722,1.0982,1.09823,3450000,500000
2019.10.03 14:43:37.328,1.0982,1.09823,1200000,2120000
2019.10.03 14:43:37.481,1.09821,1.09824,1200000,940000
2019.10.03 14:43:37.649,1.09822,1.09824,820000,750000
2019.10.03 14:43:37.751,1.09821,1.09824,1500000,3190000
2019.10.03 14:43:37.903,1.09821,1.09823,1500000,1120000
2019.10.03 14:43:38.006,1.0982,1.09823,1570000,1120000
2019.10.03 14:43:38.795,1.0982,1.09824,3450000,2870000
2019.10.03 14:43:38.897,1.0982,1.09824,3640000,1310000
2019.10.03 14:43:39.005,1.0982,1.09823,1690000,1370000
2019.10.03 14:43:39.115,1.0982,1.09822,600000,1370000
2019.10.03 14:43:39.216,1.09823,1.09824,750000,750000
2019.10.03 14:43:39.267,1.09823,1.09826,940000,3000000
2019.10.03 14:43:39.514,1.09823,1.09826,750000,4750000
2019.10.03 14:43:40.015,1.09824,1.09827,750000,1690000
2019.10.03 14:43:40.132,1.09824,1.09828,1570000,2500000
2019.10.03 14:43:40.335,1.09826,1.09828,1500000,2810000
2019.10.03 14:43:40.436,1.09826,1.0983,660000,2810000
2019.10.03 14:43:40.537,1.09827,1.0983,600000,1690000
2019.10.03 14:43:40.643,1.09827,1.0983,600000,940000
2019.10.03 14:43:40.694,1.09825,1.09827,750000,1750000
2019.10.03 14:43:40.796,1.09825,1.09827,750000,750000
2019.10.03 14:43:42.669,1.09826,1.09829,2570000,1690000
2019.10.03 14:43:42.771,1.09826,1.0983,3070000,3620000
2019.10.03 14:43:42.873,1.09826,1.0983,4220000,3250000
2019.10.03 14:43:43.367,1.09826,1.0983,820000,2870000
2019.10.03 14:43:43.520,1.09826,1.0983,2910000,1310000
2019.10.03 14:43:43.661,1.09827,1.0983,2140000,500000
2019.10.03 14:43:44.066,1.09827,1.0983,820000,750000
2019.10.03 14:43:44.802,1.09827,1.09831,3820000,1750000
2019.10.03 14:43:44.949,1.09827,1.09831,3850000,1750000
2019.10.03 14:43:45.346,1.09826,1.09829,750000,2500000
2019.10.03 14:43:45.448,1.09826,1.09829,2570000,560000
2019.10.03 14:43:45.635,1.09826,1.09829,3820000,1370000
2019.10.03 14:43:45.839,1.09826,1.09829,2700000,1310000
2019.10.03 14:43:45.941,1.09827,1.09829,2700000,750000
2019.10.03 14:43:46.043,1.09826,1.0983,1570000,2870000
2019.10.03 14:43:46.276,1.09826,1.09829,600000,2870000
2019.10.03 14:43:46.377,1.09826,1.09829,1950000,560000
2019.10.03 14:43:46.479,1.09826,1.09828,600000,500000
2019.10.03 14:43:46.580,1.09826,1.09829,2510000,500000
2019.10.03 14:43:46.681,1.09826,1.09829,1790000,500000
2019.10.03 14:43:47.463,1.09826,1.0983,5160000,1690000
2019.10.03 14:43:47.565,1.09826,1.09828,600000,1750000
2019.10.03 14:43:47.727,1.09826,1.09829,1200000,1000000
2019.10.03 14:43:48.105,1.09825,1.09828,2910000,750000
2019.10.03 14:43:48.156,1.09824,1.09827,4010000,2810000
2019.10.03 14:43:48.284,1.09823,1.09826,820000,1690000
2019.10.03 14:43:48.537,1.09823,1.09827,2700000,3190000
2019.10.03 14:43:48.639,1.09823,1.09827,4220000,3940000
2019.10.03 14:43:48.740,1.09824,1.09827,1970000,500000
2019.10.03 14:43:49.083,1.09824,1.09827,1950000,560000
2019.10.03 14:43:49.185,1.09824,1.09826,820000,1310000
2019.10.03 14:43:49.896,1.09824,1.09827,1200000,560000
2019.10.03 14:43:49.998,1.09824,1.09826,820000,560000
2019.10.03 14:43:50.601,1.09822,1.09824,750000,1690000
2019.10.03 14:43:50.755,1.09821,1.09823,750000,1690000
2019.10.03 14:43:50.858,1.09822,1.09824,820000,2250000
2019.10.03 14:43:50.960,1.09821,1.09825,1760000,5120000
2019.10.03 14:43:51.011,1.09821,1.09824,1570000,560000
2019.10.03 14:43:51.112,1.09821,1.09824,2950000,560000
2019.10.03 14:43:51.317,1.09823,1.09825,2320000,750000
2019.10.03 14:43:51.660,1.09824,1.09825,1570000,750000
2019.10.03 14:43:51.825,1.09822,1.09825,1570000,560000
2019.10.03 14:43:51.926,1.09822,1.09824,1200000,500000
2019.10.03 14:43:52.256,1.09821,1.09824,1200000,2060000
2019.10.03 14:43:52.575,1.09821,1.09824,2950000,1310000
2019.10.03 14:43:54.293,1.09822,1.09824,2570000,750000
2019.10.03 14:43:54.708,1.09821,1.09823,940000,940000
2019.10.03 14:43:55.409,1.09822,1.09824,1750000,2250000
2019.10.03 14:43:55.519,1.09822,1.09826,4520000,2120000
2019.10.03 14:43:55.620,1.09821,1.09824,1570000,2440000
2019.10.03 14:43:55.923,1.09822,1.09824,750000,1500000
2019.10.03 14:43:55.974,1.09823,1.09826,2140000,750000
2019.10.03 14:43:56.076,1.09822,1.09826,2910000,3190000
2019.10.03 14:43:56.357,1.09824,1.09825,750000,750000
2019.10.03 14:43:56.464,1.09824,1.09826,2890000,750000
2019.10.03 14:43:56.565,1.09824,1.09825,750000,750000
2019.10.03 14:43:56.667,1.09824,1.09826,2890000,750000
2019.10.03 14:43:56.769,1.09823,1.09825,600000,750000
2019.10.03 14:43:56.914,1.09822,1.09825,750000,1690000
2019.10.03 14:43:57.016,1.09822,1.09825,600000,1690000
2019.10.03 14:43:57.161,1.09823,1.09825,600000,750000
2019.10.03 14:43:57.377,1.09821,1.09824,1120000,1750000
2019.10.03 14:43:57.549,1.09823,1.09826,1760000,750000
2019.10.03 14:43:57.651,1.09824,1.09827,2570000,750000
2019.10.03 14:43:57.915,1.09824,1.09827,1200000,940000
2019.10.03 14:43:58.357,1.09823,1.09824,500000,2440000
2019.10.03 14:43:58.459,1.09823,1.09825,940000,750000
2019.10.03 14:43:58.829,1.09822,1.09825,2060000,3000000
2019.10.03 14:43:59.007,1.09824,1.09825,940000,1500000
2019.10.03 14:43:59.109,1.09825,1.09828,2320000,940000
2019.10.03 14:43:59.565,1.09826,1.09828,2250000,500000
2019.10.03 14:43:59.667,1.09825,1.09829,2510000,940000
2019.10.03 14:44:00.077,1.09825,1.09828,820000,1690000
2019.10.03 14:44:00.178,1.09826,1.09828,600000,750000
2019.10.03 14:44:00.405,1.09826,1.09829,2060000,750000
2019.10.03 14:44:00.582,1.09826,1.09828,750000,940000
2019.10.03 14:44:00.887,1.09826,1.09829,1120000,940000
2019.10.03 14:44:00.989,1.09826,1.0983,3940000,1690000
2019.10.03 14:44:01.122,1.09826,1.0983,4790000,1690000
2019.10.03 14:44:01.513,1.09826,1.0983,4390000,1690000
2019.10.03 14:44:01.564,1.09829,1.0983,1500000,750000
2019.10.03 14:44:01.665,1.09829,1.09831,750000,940000
2019.10.03 14:44:01.788,1.09829,1.09831,1500000,1690000
2019.10.03 14:44:01.839,1.09829,1.09832,1500000,2500000
2019.10.03 14:44:01.940,1.09829,1.09832,750000,1000000
2019.10.03 14:44:02.042,1.09829,1.09831,1050000,1000000
2019.10.03 14:44:02.093,1.09828,1.0983,750000,750000
2019.10.03 14:44:02.302,1.09828,1.0983,1220000,750000
2019.10.03 14:44:02.454,1.09829,1.09831,2440000,750000
2019.10.03 14:44:02.556,1.09828,1.0983,750000,940000
2019.10.03 14:44:02.895,1.09829,1.09831,600000,940000
2019.10.03 14:44:02.946,1.09829,1.09831,1500000,1750000
2019.10.03 14:44:02.997,1.09829,1.09831,1500000,750000
2019.10.03 14:44:03.098,1.09828,1.09831,1500000,2440000
2019.10.03 14:44:04.249,1.09829,1.09832,820000,1690000
2019.10.03 14:44:04.351,1.09829,1.09832,750000,1750000
2019.10.03 14:44:04.466,1.09831,1.09833,1200000,750000
2019.10.03 14:44:04.569,1.09832,1.09834,600000,2810000
2019.10.03 14:44:04.670,1.09833,1.09836,2160000,750000
2019.10.03 14:44:04.791,1.09833,1.09836,2140000,750000
2019.10.03 14:44:04.893,1.09833,1.09836,1950000,1000000
2019.10.03 14:44:04.995,1.09832,1.09835,750000,1750000
2019.10.03 14:44:05.097,1.09832,1.09834,820000,2500000
2019.10.03 14:44:05.367,1.0983,1.09834,1120000,5120000
2019.10.03 14:44:05.569,1.09831,1.09834,1120000,1000000
2019.10.03 14:44:05.721,1.0983,1.09834,1500000,4750000
2019.10.03 14:44:06.990,1.0983,1.09835,3070000,5870000
2019.10.03 14:44:07.627,1.09833,1.09835,750000,2250000
2019.10.03 14:44:07.679,1.09833,1.09836,750000,2870000
2019.10.03 14:44:07.781,1.09833,1.09835,750000,4370000
2019.10.03 14:44:07.883,1.09833,1.09836,1500000,2120000
2019.10.03 14:44:08.390,1.09834,1.09838,1870000,2120000
2019.10.03 14:44:08.744,1.09834,1.09838,4220000,2120000
2019.10.03 14:44:09.019,1.09832,1.09835,1500000,2440000
2019.10.03 14:44:09.279,1.09832,1.09836,6710000,1690000
2019.10.03 14:44:09.380,1.09832,1.09835,2440000,750000
2019.10.03 14:44:09.609,1.09832,1.09834,2250000,1500000
2019.10.03 14:44:09.761,1.09832,1.09834,750000,2500000
2019.10.03 14:44:09.964,1.09832,1.09834,750000,1500000
2019.10.03 14:44:10.066,1.09833,1.09835,1690000,1500000
2019.10.03 14:44:10.168,1.09834,1.09835,750000,750000
2019.10.03 14:44:10.270,1.09834,1.09836,940000,940000
2019.10.03 14:44:10.373,1.09835,1.09837,1000000,750000
2019.10.03 14:44:10.425,1.09835,1.09838,750000,940000
2019.10.03 14:44:10.680,1.09833,1.09837,750000,7750000
2019.10.03 14:44:10.732,1.09834,1.09838,7950000,1000000
2019.10.03 14:44:10.860,1.09833,1.09837,750000,5500000
2019.10.03 14:44:11.259,1.09834,1.09836,750000,1000000
2019.10.03 14:44:11.489,1.09833,1.09837,3000000,3250000
2019.10.03 14:44:11.623,1.09834,1.09836,750000,1000000
2019.10.03 14:44:12.530,1.09834,1.09837,2700000,1000000
2019.10.03 14:44:13.195,1.09835,1.09838,750000,2120000
2019.10.03 14:44:13.397,1.09835,1.09837,750000,3620000
2019.10.03 14:44:13.448,1.09837,1.09839,1200000,3250000
2019.10.03 14:44:13.568,1.09839,1.09841,750000,1000000
2019.10.03 14:44:13.669,1.09839,1.09843,750000,1000000
2019.10.03 14:44:13.770,1.09839,1.09842,750000,2500000
2019.10.03 14:44:13.871,1.09839,1.09843,2250000,2500000
2019.10.03 14:44:14.471,1.09839,1.09843,1220000,1750000
2019.10.03 14:44:14.572,1.09839,1.09843,1500000,2500000
2019.10.03 14:44:15.037,1.09839,1.09843,1970000,2500000
2019.10.03 14:44:15.177,1.09839,1.09843,2250000,1000000
2019.10.03 14:44:15.279,1.09839,1.09843,6260000,940000
2019.10.03 14:44:15.380,1.09838,1.09843,10760000,2440000
2019.10.03 14:44:15.765,1.09838,1.09843,8190000,750000
2019.10.03 14:44:15.917,1.09838,1.09843,8130000,940000
2019.10.03 14:44:16.192,1.09837,1.09841,1500000,3620000
2019.10.03 14:44:16.309,1.09836,1.0984,3260000,1750000
2019.10.03 14:44:16.461,1.09836,1.0984,3640000,940000
2019.10.03 14:44:18.515,1.09835,1.0984,5510000,2120000
2019.10.03 14:44:18.620,1.09836,1.09839,500000,940000
2019.10.03 14:44:19.814,1.09835,1.09838,1500000,1750000
2019.10.03 14:44:19.952,1.09835,1.09838,750000,1690000
2019.10.03 14:44:20.368,1.09835,1.09839,1760000,1690000
2019.10.03 14:44:22.825,1.09834,1.09836,2250000,940000
2019.10.03 14:44:22.947,1.09833,1.09836,1010000,1500000
2019.10.03 14:44:23.049,1.09832,1.09836,1690000,2810000
2019.10.03 14:44:23.150,1.09832,1.09836,2700000,3620000
2019.10.03 14:44:23.305,1.09832,1.09835,500000,2120000
2019.10.03 14:44:23.459,1.09834,1.09836,600000,750000
2019.10.03 14:44:23.561,1.09833,1.09837,1760000,2440000
2019.10.03 14:44:23.713,1.09834,1.09838,4850000,750000
2019.10.03 14:44:23.815,1.09835,1.09838,820000,1000000
2019.10.03 14:44:24.221,1.09836,1.0984,6070000,2500000
2019.10.03 14:44:24.450,1.09836,1.0984,1500000,3250000
2019.10.03 14:44:25.102,1.09837,1.0984,3260000,750000
2019.10.03 14:44:25.203,1.09836,1.0984,1390000,2810000
2019.10.03 14:44:25.304,1.09836,1.0984,1120000,3620000
2019.10.03 14:44:25.812,1.09836,1.0984,1950000,4000000
2019.10.03 14:44:27.101,1.09839,1.09841,820000,2250000
2019.10.03 14:44:27.203,1.09839,1.09842,940000,1500000
2019.10.03 14:44:27.345,1.09839,1.09842,750000,1750000
2019.10.03 14:44:27.447,1.09838,1.09843,3260000,5120000
2019.10.03 14:44:27.549,1.09839,1.09843,1790000,1750000
2019.10.03 14:44:27.650,1.09839,1.09843,1310000,3250000
2019.10.03 14:44:27.756,1.09839,1.09843,1040000,2500000
2019.10.03 14:44:28.432,1.09839,1.09843,2810000,2500000
2019.10.03 14:44:29.513,1.09842,1.09844,2720000,750000
2019.10.03 14:44:29.665,1.09839,1.09843,1500000,1370000
2019.10.03 14:44:29.786,1.09839,1.09842,750000,2060000
2019.10.03 14:44:30.041,1.09837,1.09841,2540000,3640000
2019.10.03 14:44:30.142,1.09837,1.09841,2060000,2810000
2019.10.03 14:44:30.251,1.09837,1.09841,2140000,3620000
2019.10.03 14:44:31.206,1.09836,1.0984,1120000,7370000
2019.10.03 14:44:31.257,1.09836,1.0984,2120000,3370000
2019.10.03 14:44:31.358,1.09837,1.0984,600000,940000
2019.10.03 14:44:31.460,1.09837,1.09841,5700000,1690000
2019.10.03 14:44:31.616,1.09837,1.09841,3070000,1750000
2019.10.03 14:44:31.879,1.09839,1.09842,4390000,750000
2019.10.03 14:44:31.981,1.0984,1.09843,1870000,1000000
2019.10.03 14:44:32.293,1.09841,1.09844,1570000,1750000
2019.10.03 14:44:32.394,1.09841,1.09843,1120000,1000000
2019.10.03 14:44:32.495,1.09842,1.09844,1570000,1690000
2019.10.03 14:44:32.608,1.09842,1.09845,1200000,1000000
2019.10.03 14:44:32.810,1.09841,1.09845,500000,5120000
2019.10.03 14:44:32.912,1.09842,1.09845,600000,1000000
2019.10.03 14:44:33.373,1.09841,1.09845,600000,5120000
2019.10.03 14:44:33.475,1.09843,1.09845,500000,500000
2019.10.03 14:44:33.576,1.09844,1.09846,1120000,500000
2019.10.03 14:44:33.830,1.09843,1.09846,1570000,940000
2019.10.03 14:44:34.722,1.09843,1.09845,750000,940000
2019.10.03 14:44:36.051,1.09843,1.09846,750000,940000
2019.10.03 14:44:37.694,1.09843,1.09846,940000,1000000
2019.10.03 14:44:38.485,1.09842,1.09846,3260000,5810000
2019.10.03 14:44:39.174,1.09842,1.09846,1500000,4370000
2019.10.03 14:44:39.276,1.09842,1.09845,750000,4000000
2019.10.03 14:44:39.377,1.09842,1.09845,750000,1690000
2019.10.03 14:44:39.801,1.09842,1.09846,2510000,5810000
2019.10.03 14:44:40.155,1.09846,1.09848,5890000,2250000
2019.10.03 14:44:40.258,1.09847,1.09848,1500000,940000
2019.10.03 14:44:40.400,1.09846,1.0985,6260000,2440000
2019.10.03 14:44:40.503,1.09847,1.0985,4040000,750000
2019.10.03 14:44:40.604,1.09846,1.0985,2060000,4310000
2019.10.03 14:44:40.857,1.09846,1.09849,750000,3190000
2019.10.03 14:44:40.958,1.09846,1.09848,750000,4690000
2019.10.03 14:44:41.063,1.09846,1.0985,5540000,1690000
2019.10.03 14:44:41.165,1.09846,1.0985,3260000,1690000
2019.10.03 14:44:41.418,1.09846,1.0985,3290000,3190000
2019.10.03 14:44:42.685,1.09847,1.0985,4040000,750000
2019.10.03 14:44:42.787,1.09846,1.0985,2510000,1690000
2019.10.03 14:44:43.120,1.09846,1.0985,4040000,940000
2019.10.03 14:44:43.322,1.09846,1.0985,4760000,1310000
2019.10.03 14:44:43.529,1.09846,1.0985,1570000,4000000
2019.10.03 14:44:43.921,1.09847,1.0985,2910000,1500000
2019.10.03 14:44:44.023,1.09846,1.09849,500000,2510000
2019.10.03 14:44:44.428,1.09845,1.09849,4760000,2060000
2019.10.03 14:44:44.638,1.09845,1.09848,750000,2060000
2019.10.03 14:44:45.780,1.09844,1.09849,2890000,4370000
2019.10.03 14:44:45.830,1.09844,1.09848,600000,4370000
2019.10.03 14:44:45.932,1.09845,1.09849,2890000,1690000
2019.10.03 14:44:46.037,1.09845,1.09849,7040000,940000
2019.10.03 14:44:46.240,1.09845,1.09848,2350000,940000
2019.10.03 14:44:46.392,1.09845,1.09848,2320000,940000
2019.10.03 14:44:46.529,1.09845,1.09848,2350000,940000
2019.10.03 14:44:46.752,1.09845,1.09848,1870000,940000
2019.10.03 14:44:46.967,1.09845,1.09847,750000,940000
2019.10.03 14:44:47.255,1.09845,1.09846,750000,940000
2019.10.03 14:44:47.356,1.09845,1.09848,3750000,940000
2019.10.03 14:44:47.723,1.09845,1.09848,750000,1000000
2019.10.03 14:44:47.824,1.09847,1.09849,750000,1500000
2019.10.03 14:44:48.675,1.09846,1.09848,750000,940000
2019.10.03 14:44:48.827,1.09845,1.09848,750000,1690000
2019.10.03 14:44:49.137,1.09845,1.09849,6260000,1690000
2019.10.03 14:44:49.866,1.09845,1.09848,940000,3250000
2019.10.03 14:44:49.967,1.09845,1.09848,1500000,1690000
2019.10.03 14:44:50.462,1.09845,1.09849,4570000,5500000
2019.10.03 14:44:50.513,1.09845,1.09847,750000,1000000
2019.10.03 14:44:50.563,1.09845,1.09849,6370000,1000000
2019.10.03 14:44:50.665,1.09845,1.09848,750000,1750000
2019.10.03 14:44:50.767,1.09845,1.09849,5510000,1690000
2019.10.03 14:44:51.069,1.09845,1.09848,750000,2440000
2019.10.03 14:44:51.171,1.09846,1.09849,750000,1750000
2019.10.03 14:44:51.274,1.09847,1.09849,750000,1370000
2019.10.03 14:44:51.376,1.09847,1.0985,750000,1750000
2019.10.03 14:44:51.478,1.09847,1.0985,750000,1000000
2019.10.03 14:44:51.582,1.09846,1.0985,750000,5120000
2019.10.03 14:44:51.734,1.09846,1.0985,750000,4370000
2019.10.03 14:44:51.835,1.09847,1.0985,750000,1000000
2019.10.03 14:44:51.936,1.09846,1.09849,750000,1000000
2019.10.03 14:44:52.088,1.09846,1.09849,1500000,1690000
2019.10.03 14:44:52.207,1.09846,1.09849,1500000,1750000
2019.10.03 14:44:52.309,1.09846,1.09849,1500000,1690000
2019.10.03 14:44:52.968,1.09846,1.09849,1500000,1750000
2019.10.03 14:44:53.081,1.09846,1.0985,4570000,3250000
2019.10.03 14:44:53.183,1.09846,1.09849,1500000,940000
2019.10.03 14:44:53.385,1.09846,1.09849,750000,4000000
2019.10.03 14:44:53.510,1.09846,1.0985,2250000,4370000
2019.10.03 14:44:53.663,1.09847,1.09851,3000000,1750000
2019.10.03 14:44:54.583,1.09851,1.09854,8140000,750000
2019.10.03 14:44:54.637,1.09853,1.09856,1390000,3370000
2019.10.03 14:44:54.688,1.09855,1.09857,1750000,750000
2019.10.03 14:44:54.790,1.09854,1.09858,1000000,1500000
2019.10.03 14:44:54.892,1.09854,1.09858,940000,1690000
2019.10.03 14:44:55.108,1.09854,1.09858,3640000,940000
2019.10.03 14:44:55.209,1.09854,1.09858,2510000,940000
2019.10.03 14:44:55.463,1.09856,1.09859,2510000,2250000
2019.10.03 14:44:55.687,1.09855,1.09859,3560000,2440000
2019.10.03 14:44:55.891,1.09856,1.09859,3260000,750000
2019.10.03 14:44:56.095,1.09855,1.09859,3640000,1690000
2019.10.03 14:44:56.416,1.09855,1.09859,4760000,1690000
2019.10.03 14:44:56.517,1.09857,1.09859,2540000,750000
2019.10.03 14:44:56.619,1.09857,1.09859,1500000,1500000
2019.10.03 14:44:57.848,1.09856,1.09859,750000,940000
2019.10.03 14:44:57.957,1.09857,1.09859,1500000,750000
2019.10.03 14:44:58.059,1.09856,1.09859,3190000,750000
2019.10.03 14:44:58.697,1.09856,1.0986,3190000,2440000
2019.10.03 14:44:58.839,1.09857,1.09859,750000,750000
2019.10.03 14:44:58.942,1.09859,1.09861,3700000,750000
2019.10.03 14:44:59.043,1.09859,1.09862,2510000,750000
2019.10.03 14:44:59.145,1.09862,1.09863,2060000,1500000
2019.10.03 14:44:59.346,1.09862,1.09865,1410000,1120000
2019.10.03 14:44:59.447,1.09864,1.09866,1390000,750000
2019.10.03 14:44:59.549,1.09864,1.09866,1070000,750000
2019.10.03 14:44:59.662,1.09865,1.09867,2220000,750000
2019.10.03 14:44:59.763,1.09864,1.09867,1820000,1500000
2019.10.03 14:44:59.814,1.09864,1.09867,820000,4570000
2019.10.03 14:45:00.241,1.09865,1.09867,820000,750000
2019.10.03 14:45:00.343,1.09864,1.09867,750000,3190000
2019.10.03 14:45:00.546,1.09865,1.09867,1500000,750000
2019.10.03 14:45:00.653,1.09864,1.09867,1500000,2440000
2019.10.03 14:45:01.037,1.09863,1.09864,1500000,1140000
2019.10.03 14:45:01.138,1.0986,1.09864,3850000,4000000
2019.10.03 14:45:01.249,1.09861,1.09864,1500000,1690000
2019.10.03 14:45:01.683,1.09862,1.09864,1500000,750000
2019.10.03 14:45:01.785,1.0986,1.09864,1570000,1750000
2019.10.03 14:45:01.886,1.0986,1.09863,600000,1750000
2019.10.03 14:45:02.190,1.09861,1.09865,2440000,2060000
2019.10.03 14:45:02.611,1.09861,1.09865,750000,4370000
2019.10.03 14:45:03.807,1.09862,1.09864,500000,750000
2019.10.03 14:45:03.909,1.09862,1.09865,4010000,750000
2019.10.03 14:45:04.504,1.09861,1.09865,940000,5440000
2019.10.03 14:45:04.691,1.09862,1.09865,940000,750000
2019.10.03 14:45:04.842,1.09861,1.09865,1310000,2810000
2019.10.03 14:45:05.193,1.09862,1.09866,4820000,2250000
2019.10.03 14:45:07.225,1.09862,1.09866,4370000,2500000
2019.10.03 14:45:07.370,1.09862,1.09866,3560000,2440000
2019.10.03 14:45:07.754,1.09865,1.09866,750000,500000
2019.10.03 14:45:07.855,1.09864,1.09867,820000,4000000
2019.10.03 14:45:07.980,1.09864,1.09866,750000,2250000
2019.10.03 14:45:08.081,1.09864,1.09867,750000,1500000
2019.10.03 14:45:08.411,1.09864,1.09866,2250000,1500000
2019.10.03 14:45:08.573,1.09863,1.09867,1010000,2500000
2019.10.03 14:45:10.563,1.09864,1.09866,750000,940000
2019.10.03 14:45:10.664,1.09864,1.09867,940000,940000
2019.10.03 14:45:10.817,1.09863,1.09867,2120000,1500000
2019.10.03 14:45:10.967,1.09862,1.09863,750000,2060000
2019.10.03 14:45:11.068,1.09862,1.09864,1690000,560000
2019.10.03 14:45:11.221,1.09862,1.09865,2160000,1370000
2019.10.03 14:45:11.323,1.09861,1.09865,3250000,1000000
2019.10.03 14:45:11.424,1.09862,1.09866,5970000,1500000
2019.10.03 14:45:11.525,1.09862,1.09866,4850000,940000
2019.10.03 14:45:11.677,1.09862,1.09866,3260000,1690000
2019.10.03 14:45:11.880,1.09863,1.09867,5950000,1500000
2019.10.03 14:45:12.039,1.09864,1.09868,3700000,1500000
2019.10.03 14:45:12.090,1.09865,1.09868,4010000,750000
2019.10.03 14:45:12.242,1.09864,1.09868,1690000,1500000
2019.10.03 14:45:12.343,1.09865,1.09869,7000000,750000
2019.10.03 14:45:12.444,1.09865,1.09869,2810000,940000
2019.10.03 14:45:12.803,1.09865,1.09867,750000,940000
2019.10.03 14:45:13.508,1.09864,1.09869,2440000,7000000
2019.10.03 14:45:14.034,1.09864,1.09868,1010000,5060000
2019.10.03 14:45:14.697,1.09864,1.09866,750000,1310000
2019.10.03 14:45:14.798,1.09862,1.09863,750000,2060000
2019.10.03 14:45:14.926,1.09861,1.09864,3000000,940000
2019.10.03 14:45:15.078,1.0986,1.09864,940000,940000
2019.10.03 14:45:15.179,1.0986,1.09864,3470000,1750000
2019.10.03 14:45:15.321,1.0986,1.09864,750000,1000000
2019.10.03 14:45:15.481,1.09861,1.09863,750000,560000
2019.10.03 14:45:15.685,1.0986,1.09864,820000,1000000
2019.10.03 14:45:16.189,1.0986,1.09863,750000,1000000
2019.10.03 14:45:16.290,1.0986,1.09863,750000,940000
2019.10.03 14:45:16.392,1.0986,1.09864,4500000,1750000
2019.10.03 14:45:16.696,1.09862,1.09865,2810000,500000
2019.10.03 14:45:16.855,1.09863,1.09865,940000,2250000
2019.10.03 14:45:16.956,1.09863,1.09866,940000,1500000
2019.10.03 14:45:17.159,1.09864,1.09867,2250000,1120000
2019.10.03 14:45:17.260,1.09864,1.09868,3560000,1570000
2019.10.03 14:45:17.545,1.09864,1.09867,750000,2510000
2019.10.03 14:45:17.667,1.09865,1.09867,1500000,750000
2019.10.03 14:45:18.290,1.09864,1.09868,3370000,1010000
2019.10.03 14:45:19.396,1.09864,1.09868,2620000,2440000
2019.10.03 14:45:19.581,1.09864,1.09868,2700000,1690000
2019.10.03 14:45:20.074,1.09865,1.09868,2620000,750000
2019.10.03 14:45:20.412,1.09864,1.09868,1500000,1690000
2019.10.03 14:45:20.615,1.09864,1.09868,2620000,1690000
2019.10.03 14:45:20.717,1.09864,1.09867,750000,1500000
2019.10.03 14:45:20.888,1.09862,1.09864,750000,2440000
2019.10.03 14:45:20.991,1.0986,1.09864,1690000,1310000
2019.10.03 14:45:21.340,1.0986,1.09864,4010000,1370000
2019.10.03 14:45:22.559,1.09862,1.09864,1750000,1500000
2019.10.03 14:45:22.660,1.09863,1.09866,940000,3370000
2019.10.03 14:45:22.762,1.09864,1.09868,2500000,1500000
2019.10.03 14:45:22.921,1.09864,1.09868,2250000,940000
2019.10.03 14:45:23.022,1.09864,1.09866,1500000,940000
2019.10.03 14:45:23.174,1.09863,1.09866,750000,2060000
2019.10.03 14:45:23.275,1.09863,1.09867,940000,2060000
2019.10.03 14:45:23.428,1.09864,1.09867,750000,560000
2019.10.03 14:45:23.529,1.09864,1.09868,3000000,2810000
2019.10.03 14:45:23.630,1.09865,1.09868,1500000,750000
2019.10.03 14:45:23.732,1.09865,1.09869,4390000,750000
2019.10.03 14:45:23.833,1.09867,1.09869,750000,750000
2019.10.03 14:45:23.970,1.09866,1.09868,750000,1690000
2019.10.03 14:45:24.021,1.09866,1.0987,4310000,1690000
2019.10.03 14:45:24.456,1.09866,1.0987,6700000,1000000
2019.10.03 14:45:25.009,1.09867,1.0987,1120000,940000
2019.10.03 14:45:25.378,1.09866,1.09871,2060000,8950000
2019.10.03 14:45:26.073,1.09866,1.09868,750000,1070000
2019.10.03 14:45:26.175,1.09865,1.09868,750000,1370000
2019.10.03 14:45:26.327,1.09865,1.09868,1000000,1310000
2019.10.03 14:45:26.540,1.09865,1.09868,750000,2060000
2019.10.03 14:45:27.276,1.09865,1.09868,1750000,1310000
2019.10.03 14:45:28.540,1.09866,1.09868,3250000,500000
2019.10.03 14:45:28.742,1.09864,1.09868,2120000,4370000
2019.10.03 14:45:29.673,1.09865,1.09868,3000000,560000
2019.10.03 14:45:29.774,1.09865,1.09868,1500000,1000000
2019.10.03 14:45:29.978,1.09865,1.09868,940000,750000
2019.10.03 14:45:30.080,1.09865,1.09869,2250000,1000000
2019.10.03 14:45:30.181,1.09864,1.09868,750000,3560000
2019.10.03 14:45:30.305,1.09864,1.09869,5440000,2810000
2019.10.03 14:45:30.548,1.09865,1.09868,750000,750000
2019.10.03 14:45:30.649,1.09864,1.09869,6620000,4310000
2019.10.03 14:45:30.908,1.09865,1.09868,750000,940000
2019.10.03 14:45:31.010,1.09864,1.09868,750000,2060000
2019.10.03 14:45:31.061,1.09866,1.09868,750000,1500000
2019.10.03 14:45:31.216,1.09867,1.09868,750000,750000
2019.10.03 14:45:31.323,1.09866,1.09869,2440000,750000
2019.10.03 14:45:32.145,1.09867,1.09869,4500000,750000
2019.10.03 14:45:32.246,1.09866,1.09869,3000000,940000
2019.10.03 14:45:32.925,1.09867,1.09869,1500000,750000
2019.10.03 14:45:33.128,1.09867,1.0987,6560000,750000
2019.10.03 14:45:33.277,1.09867,1.09869,750000,750000
2019.10.03 14:45:33.613,1.09867,1.0987,2250000,3940000
2019.10.03 14:45:33.715,1.09869,1.0987,750000,2060000
2019.10.03 14:45:33.766,1.09869,1.09873,2620000,2120000
2019.10.03 14:45:34.025,1.09871,1.09874,1310000,1000000
2019.10.03 14:45:34.126,1.09871,1.09874,2140000,750000
2019.10.03 14:45:34.227,1.09871,1.09873,750000,1690000
2019.10.03 14:45:34.682,1.09871,1.09874,2620000,940000
2019.10.03 14:45:35.036,1.09873,1.09876,4070000,940000
2019.10.03 14:45:35.142,1.09873,1.09875,940000,750000
2019.10.03 14:45:35.245,1.09874,1.09877,2810000,750000
2019.10.03 14:45:35.346,1.09876,1.09878,750000,1690000
2019.10.03 14:45:35.448,1.09876,1.09879,4500000,2440000
2019.10.03 14:45:35.550,1.09878,1.0988,5060000,750000
2019.10.03 14:45:35.708,1.09878,1.09881,1690000,1370000
2019.10.03 14:45:35.810,1.09878,1.09882,3940000,1310000
2019.10.03 14:45:35.911,1.09878,1.09882,5500000,1120000
2019.10.03 14:45:36.092,1.09878,1.09882,4690000,940000
2019.10.03 14:45:36.194,1.09878,1.09881,2250000,940000
2019.10.03 14:45:36.455,1.0988,1.09882,750000,750000
2019.10.03 14:45:36.557,1.0988,1.09884,1750000,2250000
2019.10.03 14:45:36.707,1.09884,1.09885,940000,750000
2019.10.03 14:45:36.809,1.09883,1.09887,3250000,3250000
2019.10.03 14:45:36.910,1.09883,1.09885,750000,1000000
2019.10.03 14:45:37.011,1.09883,1.09885,940000,940000
2019.10.03 14:45:37.144,1.09883,1.09886,940000,750000
2019.10.03 14:45:37.246,1.09883,1.09887,4750000,750000
2019.10.03 14:45:37.449,1.09884,1.09887,820000,1690000
2019.10.03 14:45:37.602,1.09885,1.09887,750000,750000
2019.10.03 14:45:37.703,1.09883,1.09886,500000,2500000
2019.10.03 14:45:37.805,1.09883,1.09886,940000,2250000
2019.10.03 14:45:38.258,1.09883,1.09887,2620000,2440000
2019.10.03 14:45:38.728,1.09883,1.09885,1120000,940000
2019.10.03 14:45:38.830,1.09882,1.09884,750000,1000000
2019.10.03 14:45:38.880,1.09882,1.09885,2890000,1000000
2019.10.03 14:45:38.931,1.09895,1.09899,1120000,1500000
2019.10.03 14:45:39.005,1.09897,1.09899,750000,500000
2019.10.03 14:45:39.109,1.09899,1.099,750000,750000
2019.10.03 14:45:39.211,1.099,1.09901,1500000,1120000
2019.10.03 14:45:39.315,1.09901,1.09904,880000,1500000
2019.10.03 14:45:39.381,1.09901,1.09904,1120000,750000
2019.10.03 14:45:39.483,1.09901,1.09904,2870000,750000
2019.10.03 14:45:39.584,1.09901,1.09903,940000,1500000
2019.10.03 14:45:39.899,1.09899,1.09901,1500000,2060000
2019.10.03 14:45:40.001,1.09899,1.09902,3750000,2810000
2019.10.03 14:45:40.102,1.09899,1.09903,2810000,2440000
2019.10.03 14:45:40.254,1.09901,1.09903,3560000,750000
2019.10.03 14:45:40.428,1.09899,1.09901,750000,940000
2019.10.03 14:45:40.530,1.09897,1.099,6080000,560000
2019.10.03 14:45:40.632,1.09897,1.099,4820000,500000
2019.10.03 14:45:41.190,1.09896,1.09899,1750000,1120000
2019.10.03 14:45:41.632,1.09894,1.09898,1690000,2440000
2019.10.03 14:45:41.834,1.09897,1.09899,3000000,750000
2019.10.03 14:45:42.465,1.09896,1.09898,500000,940000
2019.10.03 14:45:42.567,1.09895,1.09898,750000,1310000
2019.10.03 14:45:42.668,1.09894,1.09895,1500000,750000
2019.10.03 14:45:42.777,1.09892,1.09894,1690000,750000
2019.10.03 14:45:43.478,1.09892,1.09895,1500000,2120000
2019.10.03 14:45:43.529,1.09895,1.09899,750000,2250000
2019.10.03 14:45:43.580,1.099,1.09902,2500000,1120000
2019.10.03 14:45:43.732,1.099,1.09901,750000,1120000
2019.10.03 14:45:43.834,1.099,1.09903,1690000,1120000
2019.10.03 14:45:43.953,1.09901,1.09904,1000000,750000
2019.10.03 14:45:44.054,1.09902,1.09905,3250000,750000
2019.10.03 14:45:44.155,1.09902,1.09905,3190000,750000
2019.10.03 14:45:44.391,1.09902,1.09904,1000000,750000
2019.10.03 14:45:44.947,1.099,1.09902,1500000,1370000
2019.10.03 14:45:45.048,1.099,1.09902,940000,1120000
2019.10.03 14:45:45.150,1.09901,1.09902,940000,750000
2019.10.03 14:45:45.302,1.09901,1.09904,4000000,750000
2019.10.03 14:45:45.630,1.099,1.09904,4000000,1870000
2019.10.03 14:45:45.732,1.09901,1.09903,750000,750000
2019.10.03 14:45:45.884,1.09901,1.09905,1950000,2440000
2019.10.03 14:45:45.985,1.09901,1.09904,940000,1500000
2019.10.03 14:45:46.235,1.09902,1.09905,2570000,750000
2019.10.03 14:45:46.387,1.09902,1.09905,1690000,750000
2019.10.03 14:45:46.790,1.09902,1.09904,750000,1120000
2019.10.03 14:45:47.518,1.09902,1.09903,560000,4120000
2019.10.03 14:45:47.569,1.09904,1.09906,2440000,4200000
2019.10.03 14:45:47.670,1.09902,1.09905,3000000,2810000
2019.10.03 14:45:47.721,1.09904,1.09905,1800000,500000
2019.10.03 14:45:47.874,1.09905,1.09909,3250000,1500000
2019.10.03 14:45:47.975,1.09905,1.09909,2500000,1570000
2019.10.03 14:45:48.286,1.09905,1.09909,3250000,1570000
2019.10.03 14:45:49.313,1.09906,1.09908,1000000,750000
2019.10.03 14:45:49.466,1.09904,1.09907,2500000,820000
2019.10.03 14:45:49.567,1.09906,1.0991,3250000,750000
2019.10.03 14:45:49.618,1.09906,1.0991,2500000,750000
2019.10.03 14:45:49.985,1.09904,1.09907,1750000,2320000
2019.10.03 14:45:50.087,1.09903,1.09905,2440000,750000
2019.10.03 14:45:50.188,1.09902,1.09906,2510000,750000
2019.10.03 14:45:50.451,1.09902,1.09905,750000,2250000
2019.10.03 14:45:50.552,1.09902,1.09906,3940000,2250000
2019.10.03 14:45:50.707,1.09902,1.09905,750000,2250000
2019.10.03 14:45:50.828,1.09904,1.09906,1690000,2620000
2019.10.03 14:45:50.929,1.09906,1.09908,940000,750000
2019.10.03 14:45:51.031,1.09906,1.09907,750000,750000
2019.10.03 14:45:51.233,1.09904,1.09907,750000,4120000
2019.10.03 14:45:51.360,1.09905,1.09907,750000,750000
2019.10.03 14:45:52.015,1.09905,1.09909,2690000,750000
2019.10.03 14:45:52.236,1.09904,1.09909,1560000,4870000
2019.10.03 14:45:52.490,1.09904,1.09907,2500000,750000
2019.10.03 14:45:53.066,1.09903,1.09906,3060000,500000
2019.10.03 14:45:53.913,1.09904,1.09905,2440000,2250000
2019.10.03 14:45:54.014,1.09905,1.09909,1750000,4310000
2019.10.03 14:45:54.115,1.09905,1.09909,560000,2700000
2019.10.03 14:45:54.381,1.09906,1.0991,2500000,500000
2019.10.03 14:45:54.668,1.09905,1.09909,1750000,3000000
2019.10.03 14:45:54.984,1.09905,1.09909,2250000,940000
2019.10.03 14:45:55.154,1.09906,1.09909,1500000,1750000
2019.10.03 14:45:55.255,1.09914,1.09915,940000,750000
2019.10.03 14:45:55.366,1.09915,1.09916,750000,500000
2019.10.03 14:45:55.475,1.09913,1.09916,5250000,1000000
2019.10.03 14:45:55.576,1.09911,1.09914,750000,1750000
2019.10.03 14:45:55.628,1.09911,1.09915,4950000,940000
2019.10.03 14:45:55.780,1.09911,1.09912,2250000,560000
2019.10.03 14:45:55.870,1.09909,1.09912,1500000,2060000
2019.10.03 14:45:55.972,1.0991,1.09913,940000,750000
2019.10.03 14:45:56.073,1.09911,1.09914,1750000,750000
2019.10.03 14:45:56.175,1.09912,1.09914,940000,750000
2019.10.03 14:45:56.276,1.09912,1.09916,3250000,1500000
2019.10.03 14:45:56.382,1.09912,1.09916,2500000,750000
2019.10.03 14:45:56.484,1.09912,1.09916,2440000,750000
2019.10.03 14:45:56.586,1.09912,1.09916,2250000,1000000
2019.10.03 14:45:56.688,1.09913,1.09917,2060000,2060000
2019.10.03 14:45:56.790,1.09912,1.09916,2440000,1120000
2019.10.03 14:45:56.919,1.0991,1.09914,750000,5200000
2019.10.03 14:45:57.021,1.0991,1.09914,1750000,3250000
2019.10.03 14:45:57.122,1.09909,1.09912,750000,3620000
2019.10.03 14:45:57.223,1.09911,1.09914,4370000,940000
2019.10.03 14:45:57.885,1.09911,1.09914,1500000,1690000
2019.10.03 14:45:58.077,1.09912,1.09916,3750000,4370000
2019.10.03 14:45:58.285,1.09913,1.09916,1180000,500000
2019.10.03 14:45:58.488,1.09913,1.09916,2140000,1120000
2019.10.03 14:45:58.937,1.09913,1.09915,750000,1500000
2019.10.03 14:45:59.691,1.09911,1.09912,1500000,3070000
2019.10.03 14:45:59.741,1.09909,1.09911,1000000,1870000
2019.10.03 14:45:59.843,1.09909,1.09912,2500000,2250000
2019.10.03 14:45:59.945,1.0991,1.09913,1690000,1500000
2019.10.03 14:46:00.097,1.0991,1.09914,2440000,3190000
2019.10.03 14:46:00.242,1.09911,1.09914,1690000,820000
2019.10.03 14:46:00.878,1.09911,1.09916,4870000,3190000
2019.10.03 14:46:00.981,1.09911,1.09916,4000000,2500000
2019.10.03 14:46:03.278,1.09911,1.09914,750000,2510000
2019.10.03 14:46:03.329,1.09911,1.09912,750000,560000
2019.10.03 14:46:03.439,1.0991,1.09912,750000,1690000
2019.10.03 14:46:03.541,1.0991,1.09914,7820000,750000
2019.10.03 14:46:03.643,1.09909,1.09912,750000,4310000
2019.10.03 14:46:03.745,1.09909,1.09911,750000,4310000
2019.10.03 14:46:03.796,1.0991,1.09913,750000,750000
2019.10.03 14:46:03.848,1.0991,1.09912,750000,1500000
2019.10.03 14:46:04.061,1.09909,1.09912,750000,3560000
2019.10.03 14:46:04.163,1.09908,1.0991,750000,1310000
2019.10.03 14:46:04.409,1.09908,1.09911,1500000,4690000
2019.10.03 14:46:04.561,1.0991,1.09912,2440000,750000
2019.10.03 14:46:04.663,1.0991,1.09914,1690000,4750000
2019.10.03 14:46:04.764,1.09913,1.09914,940000,750000
2019.10.03 14:46:04.815,1.09911,1.09914,1500000,2440000
2019.10.03 14:46:04.960,1.09911,1.09913,560000,750000
2019.10.03 14:46:05.062,1.0991,1.09914,5310000,1500000
2019.10.03 14:46:05.367,1.0991,1.09911,750000,750000
2019.10.03 14:46:05.472,1.09908,1.0991,750000,5810000
2019.10.03 14:46:05.574,1.09908,1.09911,1690000,1120000
2019.10.03 14:46:05.675,1.09909,1.09912,3620000,750000
2019.10.03 14:46:05.777,1.09908,1.09912,4370000,1870000
2019.10.03 14:46:06.036,1.09909,1.09912,3620000,750000
2019.10.03 14:46:06.150,1.09907,1.09911,3190000,3560000
2019.10.03 14:46:06.785,1.09907,1.0991,750000,3190000
2019.10.03 14:46:07.002,1.09906,1.09908,1500000,560000
2019.10.03 14:46:07.053,1.09904,1.09906,3000000,7090000
2019.10.03 14:46:07.245,1.09901,1.09904,1500000,1750000
2019.10.03 14:46:07.350,1.09901,1.09902,750000,940000
2019.10.03 14:46:07.452,1.099,1.09902,750000,2120000
2019.10.03 14:46:07.559,1.099,1.09904,5620000,2120000
2019.10.03 14:46:07.813,1.09899,1.099,2250000,2510000
2019.10.03 14:46:07.864,1.09897,1.099,750000,5700000
2019.10.03 14:46:07.966,1.09897,1.09899,750000,4570000
2019.10.03 14:46:08.017,1.09894,1.09897,1500000,1760000
2019.10.03 14:46:08.067,1.09896,1.09898,3750000,1000000
2019.10.03 14:46:08.118,1.09894,1.09897,1500000,1760000
2019.10.03 14:46:08.169,1.09895,1.09898,5250000,1000000
2019.10.03 14:46:08.270,1.09894,1.09897,750000,1000000
2019.10.03 14:46:08.416,1.09893,1.09897,1500000,4100000
2019.10.03 14:46:08.517,1.09893,1.09895,3750000,1470000
2019.10.03 14:46:08.624,1.09891,1.09894,1500000,2570000
2019.10.03 14:46:08.771,1.0989,1.09893,1500000,3700000
2019.10.03 14:46:08.822,1.09889,1.09891,2550000,1000000
2019.10.03 14:46:08.974,1.09887,1.0989,930000,1500000
2019.10.03 14:46:09.076,1.09888,1.09891,4120000,1000000
2019.10.03 14:46:09.134,1.09888,1.0989,750000,940000
2019.10.03 14:46:09.237,1.0989,1.09892,1000000,1500000
2019.10.03 14:46:09.440,1.0989,1.09893,1000000,1570000
2019.10.03 14:46:09.585,1.09895,1.09899,2250000,2320000
2019.10.03 14:46:09.636,1.09898,1.099,1870000,750000
2019.10.03 14:46:09.738,1.09897,1.09898,1500000,1500000
2019.10.03 14:46:09.898,1.09898,1.099,750000,750000
2019.10.03 14:46:10.051,1.09897,1.09901,4750000,2320000
2019.10.03 14:46:10.203,1.09897,1.09901,6190000,2510000
2019.10.03 14:46:10.693,1.09898,1.09901,6190000,1570000
2019.10.03 14:46:10.864,1.099,1.09902,1310000,750000
2019.10.03 14:46:10.915,1.099,1.09904,2620000,1690000
2019.10.03 14:46:10.966,1.099,1.09903,2500000,750000
2019.10.03 14:46:11.068,1.099,1.09903,750000,750000
2019.10.03 14:46:11.188,1.099,1.09904,1690000,2720000
2019.10.03 14:46:11.293,1.099,1.09904,1690000,1200000
2019.10.03 14:46:12.568,1.09901,1.09904,940000,500000
2019.10.03 14:46:12.670,1.09901,1.09904,1690000,3100000
2019.10.03 14:46:12.772,1.09901,1.09904,1690000,3070000
2019.10.03 14:46:13.274,1.09902,1.09905,1000000,600000
2019.10.03 14:46:13.375,1.09903,1.09905,2500000,750000
2019.10.03 14:46:13.477,1.09902,1.09904,940000,820000
2019.10.03 14:46:13.593,1.099,1.09904,1120000,1950000
2019.10.03 14:46:13.783,1.09901,1.09904,2440000,600000
2019.10.03 14:46:13.834,1.09901,1.09902,750000,600000
2019.10.03 14:46:13.935,1.099,1.09903,750000,1570000
2019.10.03 14:46:14.037,1.099,1.09904,560000,3070000
2019.10.03 14:46:14.154,1.09902,1.09904,940000,1500000
2019.10.03 14:46:14.255,1.09904,1.09906,1000000,2250000
2019.10.03 14:46:14.357,1.09904,1.09906,1000000,1950000
2019.10.03 14:46:14.459,1.09906,1.09909,1370000,750000
2019.10.03 14:46:14.510,1.09906,1.0991,3620000,1570000
2019.10.03 14:46:14.587,1.09906,1.0991,3560000,820000
2019.10.03 14:46:15.328,1.09907,1.0991,940000,3070000
2019.10.03 14:46:15.434,1.09908,1.0991,1000000,750000
2019.10.03 14:46:15.535,1.09908,1.0991,1690000,750000
2019.10.03 14:46:15.637,1.09907,1.0991,1690000,1570000
2019.10.03 14:46:15.739,1.09906,1.09911,3060000,4390000
2019.10.03 14:46:15.891,1.09906,1.09911,3250000,4410000
2019.10.03 14:46:16.005,1.09908,1.09911,1750000,600000
2019.10.03 14:46:16.107,1.09908,1.09911,1690000,750000
2019.10.03 14:46:16.208,1.09909,1.09912,2440000,750000
2019.10.03 14:46:16.585,1.09908,1.09912,1690000,2510000
2019.10.03 14:46:16.737,1.09908,1.09911,750000,1390000
2019.10.03 14:46:16.789,1.09908,1.09909,750000,600000
2019.10.03 14:46:16.840,1.09907,1.09911,4690000,1500000
2019.10.03 14:46:16.891,1.09906,1.09909,750000,2890000
2019.10.03 14:46:17.048,1.09906,1.0991,1690000,3450000
2019.10.03 14:46:17.150,1.09907,1.0991,940000,750000
2019.10.03 14:46:17.251,1.09906,1.0991,940000,3820000
2019.10.03 14:46:17.352,1.09907,1.0991,940000,750000
2019.10.03 14:46:17.559,1.09908,1.0991,750000,1500000
2019.10.03 14:46:17.661,1.09908,1.09911,2440000,750000
2019.10.03 14:46:17.762,1.09907,1.09911,7370000,1500000
2019.10.03 14:46:18.542,1.09908,1.09911,5500000,750000
2019.10.03 14:46:18.649,1.09907,1.09911,5500000,750000
2019.10.03 14:46:19.089,1.09908,1.0991,940000,750000
2019.10.03 14:46:19.191,1.09909,1.09911,1500000,750000
2019.10.03 14:46:19.293,1.0991,1.09912,940000,750000
2019.10.03 14:46:19.508,1.0991,1.09913,750000,940000
2019.10.03 14:46:19.660,1.0991,1.09913,1750000,940000
2019.10.03 14:46:19.762,1.09911,1.09915,2870000,750000
2019.10.03 14:46:19.863,1.09912,1.09916,1690000,2250000
2019.10.03 14:46:19.948,1.09914,1.09916,560000,750000
2019.10.03 14:46:19.998,1.09914,1.09919,2440000,4820000
2019.10.03 14:46:20.100,1.09914,1.09918,750000,4820000
2019.10.03 14:46:20.603,1.09915,1.09918,1370000,2160000
2019.10.03 14:46:20.755,1.09915,1.09918,750000,2890000
2019.10.03 14:46:21.370,1.09915,1.09919,2870000,2160000
2019.10.03 14:46:21.575,1.09915,1.09918,500000,1690000
2019.10.03 14:46:21.676,1.09914,1.09918,2810000,1690000
2019.10.03 14:46:21.777,1.09914,1.09918,3620000,1500000
2019.10.03 14:46:22.255,1.09915,1.09917,560000,750000
2019.10.03 14:46:22.609,1.09914,1.09916,750000,820000
2019.10.03 14:46:24.616,1.09912,1.09914,750000,3450000
2019.10.03 14:46:24.764,1.09911,1.09913,750000,3820000
2019.10.03 14:46:24.880,1.09912,1.09914,1690000,750000
2019.10.03 14:46:24.982,1.09912,1.09913,750000,750000
2019.10.03 14:46:25.134,1.09911,1.09913,750000,3750000
2019.10.03 14:46:25.318,1.09912,1.09913,750000,1500000
2019.10.03 14:46:25.470,1.09912,1.09914,2440000,750000
2019.10.03 14:46:25.572,1.09911,1.09914,2440000,3820000
2019.10.03 14:46:25.917,1.09912,1.09914,560000,750000
2019.10.03 14:46:26.018,1.09912,1.09915,1000000,5160000
2019.10.03 14:46:26.170,1.09912,1.09915,2440000,1220000
2019.10.03 14:46:26.221,1.09911,1.09915,2440000,8140000
2019.10.03 14:46:27.227,1.09912,1.09915,1310000,750000
2019.10.03 14:46:27.415,1.09912,1.09915,1310000,1970000
2019.10.03 14:46:27.519,1.09911,1.09915,1310000,5140000
2019.10.03 14:46:27.876,1.09912,1.09915,940000,820000
2019.10.03 14:46:28.296,1.09914,1.09916,750000,2250000
2019.10.03 14:46:28.347,1.09915,1.09919,3250000,3000000
2019.10.03 14:46:28.448,1.09916,1.09919,1690000,750000
2019.10.03 14:46:28.589,1.09916,1.09919,1750000,750000
2019.10.03 14:46:28.690,1.09915,1.09919,940000,3640000
2019.10.03 14:46:29.156,1.09916,1.09919,1690000,750000
2019.10.03 14:46:29.308,1.09915,1.09919,2440000,820000
2019.10.03 14:46:29.460,1.09916,1.09919,3940000,750000
2019.10.03 14:46:29.598,1.09917,1.09919,2440000,750000
2019.10.03 14:46:29.701,1.09915,1.09919,940000,2910000
2019.10.03 14:46:29.802,1.09917,1.09919,940000,500000
2019.10.03 14:46:30.582,1.09916,1.09919,940000,750000
2019.10.03 14:46:31.266,1.09914,1.09916,1500000,3660000
2019.10.03 14:46:31.316,1.09915,1.09918,2440000,750000
2019.10.03 14:46:31.443,1.09915,1.09918,1750000,750000
2019.10.03 14:46:31.848,1.09914,1.09917,940000,750000
2019.10.03 14:46:33.106,1.09914,1.09918,3190000,3700000
2019.10.03 14:46:33.506,1.09913,1.09915,750000,2570000
2019.10.03 14:46:33.557,1.09913,1.09914,1500000,1500000
2019.10.03 14:46:33.658,1.09911,1.09914,1500000,560000
2019.10.03 14:46:35.200,1.0991,1.09911,1500000,750000
2019.10.03 14:46:35.302,1.09906,1.0991,1870000,3250000
2019.10.03 14:46:35.403,1.09906,1.0991,1310000,3940000
2019.10.03 14:46:35.565,1.09907,1.0991,2510000,750000
2019.10.03 14:46:35.667,1.09905,1.09909,2250000,3250000
2019.10.03 14:46:35.719,1.09904,1.09905,1500000,4500000
2019.10.03 14:46:35.821,1.09904,1.09905,2250000,3940000
2019.10.03 14:46:35.871,1.09901,1.09904,1500000,1750000
2019.10.03 14:46:35.922,1.09901,1.09904,1500000,940000
2019.10.03 14:46:36.177,1.099,1.09904,940000,2810000
2019.10.03 14:46:36.379,1.099,1.09904,1500000,2870000
2019.10.03 14:46:37.034,1.09903,1.09904,750000,750000
2019.10.03 14:46:37.201,1.09902,1.09906,1000000,2250000
2019.10.03 14:46:37.307,1.09903,1.09906,1000000,750000
2019.10.03 14:46:37.509,1.09903,1.09906,940000,750000
2019.10.03 14:46:37.698,1.09904,1.09906,1310000,750000
2019.10.03 14:46:37.800,1.09906,1.09908,2250000,750000
2019.10.03 14:46:37.952,1.09906,1.09909,1690000,1500000
2019.10.03 14:46:41.191,1.09905,1.09906,940000,1500000
2019.10.03 14:46:41.343,1.09904,1.09908,1370000,2250000
2019.10.03 14:46:41.545,1.09904,1.09908,1450000,2250000
2019.10.03 14:46:42.640,1.09903,1.09906,1690000,2810000
2019.10.03 14:46:43.036,1.09904,1.09907,2440000,1500000
2019.10.03 14:46:43.792,1.09905,1.09909,5120000,750000
2019.10.03 14:46:43.893,1.09904,1.09909,5120000,3070000
2019.10.03 14:46:45.137,1.09904,1.09909,4370000,3070000
2019.10.03 14:46:45.238,1.09904,1.09909,4370000,2250000
2019.10.03 14:46:45.663,1.09906,1.09909,3140000,1870000
2019.10.03 14:46:45.765,1.09908,1.09912,1750000,6370000
2019.10.03 14:46:45.816,1.09909,1.09913,5120000,4120000
2019.10.03 14:46:45.952,1.09909,1.09913,2440000,5440000
2019.10.03 14:46:46.053,1.0991,1.09914,750000,1120000
2019.10.03 14:46:46.205,1.0991,1.09914,1750000,2440000
2019.10.03 14:46:46.529,1.0991,1.09914,1690000,2440000
2019.10.03 14:46:47.253,1.0991,1.09913,2440000,750000
2019.10.03 14:46:47.304,1.0991,1.09913,2890000,750000
2019.10.03 14:46:47.405,1.0991,1.09913,2440000,750000
2019.10.03 14:46:48.834,1.09908,1.0991,750000,1820000
2019.10.03 14:46:48.947,1.09906,1.09909,2250000,750000
2019.10.03 14:46:49.048,1.09905,1.09909,2870000,750000
2019.10.03 14:46:49.099,1.09907,1.09911,5970000,750000
2019.10.03 14:46:49.200,1.09905,1.09908,500000,3250000
2019.10.03 14:46:49.302,1.09905,1.09906,1500000,940000
2019.10.03 14:46:49.438,1.09905,1.09907,1500000,750000
2019.10.03 14:46:49.540,1.09904,1.09907,940000,2250000
2019.10.03 14:46:50.388,1.09903,1.09904,1500000,1010000
2019.10.03 14:46:50.490,1.09902,1.09905,6250000,940000
2019.10.03 14:46:52.163,1.09904,1.09906,1500000,1500000
2019.10.03 14:46:52.265,1.09904,1.09908,1000000,3370000
2019.10.03 14:46:52.367,1.09906,1.09908,1000000,750000
2019.10.03 14:46:52.433,1.09906,1.09909,1000000,1500000
2019.10.03 14:46:52.534,1.09907,1.09909,1690000,940000
2019.10.03 14:46:53.074,1.09907,1.09911,2810000,1690000
2019.10.03 14:46:53.125,1.09908,1.09911,1750000,2250000
2019.10.03 14:46:53.177,1.09909,1.09912,1750000,2250000
2019.10.03 14:46:53.379,1.09909,1.09912,1310000,1500000
2019.10.03 14:46:53.676,1.0991,1.09914,3620000,3750000
2019.10.03 14:46:53.728,1.09911,1.09914,560000,750000
2019.10.03 14:46:53.779,1.09912,1.09915,4190000,1870000
2019.10.03 14:46:53.830,1.09913,1.09917,5970000,2250000
2019.10.03 14:46:53.932,1.09913,1.09917,2500000,3000000
2019.10.03 14:46:54.034,1.09914,1.09916,940000,750000
2019.10.03 14:46:55.142,1.09913,1.09916,940000,750000
2019.10.03 14:46:55.752,1.09912,1.09916,940000,6940000
2019.10.03 14:46:55.854,1.09913,1.09917,1470000,4870000
2019.10.03 14:46:56.006,1.09914,1.09917,1000000,750000
2019.10.03 14:46:56.934,1.09913,1.09917,1000000,2810000
2019.10.03 14:46:57.369,1.09914,1.09917,1000000,750000
2019.10.03 14:46:57.470,1.09913,1.09916,940000,1120000
2019.10.03 14:46:57.838,1.09914,1.09917,2500000,750000
2019.10.03 14:46:57.939,1.09913,1.09916,1690000,1890000
2019.10.03 14:46:58.561,1.09913,1.09915,500000,1500000
2019.10.03 14:47:00.262,1.09911,1.09914,560000,3750000
2019.10.03 14:47:00.363,1.09912,1.09915,1820000,750000
2019.10.03 14:47:00.857,1.09912,1.09916,1690000,2250000
2019.10.03 14:47:01.060,1.09913,1.09916,2440000,750000
2019.10.03 14:47:01.527,1.09913,1.09917,6320000,1690000
2019.10.03 14:47:01.629,1.09914,1.09917,5570000,750000
2019.10.03 14:47:01.781,1.09914,1.09917,1500000,1690000
2019.10.03 14:47:01.965,1.09916,1.09919,6720000,750000
2019.10.03 14:47:02.067,1.09917,1.0992,1470000,750000
2019.10.03 14:47:02.274,1.09919,1.09921,1820000,1120000
2019.10.03 14:47:02.376,1.09919,1.09922,1000000,1120000
2019.10.03 14:47:02.477,1.09919,1.09923,2950000,1370000
2019.10.03 14:47:02.796,1.09919,1.09923,570000,2810000
2019.10.03 14:47:02.898,1.09921,1.09924,1690000,750000
2019.10.03 14:47:03.188,1.09924,1.09925,1390000,1500000
2019.10.03 14:47:03.239,1.09924,1.09926,940000,750000
2019.10.03 14:47:03.290,1.09924,1.09928,2890000,1000000
2019.10.03 14:47:03.391,1.09923,1.09927,1460000,1750000
2019.10.03 14:47:03.905,1.09924,1.09928,1470000,1500000
2019.10.03 14:47:04.206,1.09923,1.09927,5910000,940000
2019.10.03 14:47:04.509,1.09923,1.09926,770000,750000
2019.10.03 14:47:04.661,1.09921,1.09923,1120000,750000
2019.10.03 14:47:04.763,1.09917,1.0992,2250000,1370000
2019.10.03 14:47:04.865,1.09916,1.0992,2700000,1750000
2019.10.03 14:47:04.967,1.09916,1.0992,1760000,940000
2019.10.03 14:47:05.234,1.09917,1.0992,1470000,1120000
2019.10.03 14:47:05.490,1.09917,1.09919,1070000,750000
2019.10.03 14:47:05.747,1.09917,1.09919,1010000,750000
2019.10.03 14:47:06.146,1.09915,1.09919,1010000,940000
2019.10.03 14:47:06.247,1.09915,1.09919,6660000,1690000
2019.10.03 14:47:06.349,1.09915,1.09918,1040000,750000
2019.10.03 14:47:06.500,1.09915,1.09918,600000,940000
2019.10.03 14:47:06.757,1.09917,1.09918,600000,500000
2019.10.03 14:47:07.183,1.09916,1.09918,820000,500000
2019.10.03 14:47:07.540,1.09916,1.09917,500000,500000
2019.10.03 14:47:07.816,1.09916,1.09918,1200000,500000
2019.10.03 14:47:08.482,1.09914,1.09918,5510000,1690000
2019.10.03 14:47:08.588,1.09914,1.09917,1950000,560000
2019.10.03 14:47:08.690,1.09914,1.09917,4850000,560000
2019.10.03 14:47:09.026,1.09913,1.09916,940000,1120000
2019.10.03 14:47:09.133,1.09913,1.09916,1450000,500000
2019.10.03 14:47:09.235,1.09914,1.09917,6470000,500000
2019.10.03 14:47:09.336,1.09913,1.09918,3620000,5250000
2019.10.03 14:47:09.438,1.09916,1.09918,1450000,500000
2019.10.03 14:47:09.581,1.09916,1.09918,1200000,500000
2019.10.03 14:47:09.685,1.09915,1.09918,1200000,750000
2019.10.03 14:47:09.787,1.09915,1.09916,750000,500000
2019.10.03 14:47:09.890,1.09914,1.09917,1690000,1120000
2019.10.03 14:47:10.023,1.09915,1.09918,3640000,500000
2019.10.03 14:47:10.125,1.09915,1.09918,2500000,500000
2019.10.03 14:47:10.718,1.09915,1.09917,940000,500000
2019.10.03 14:47:11.230,1.09915,1.09918,940000,1310000
2019.10.03 14:47:11.332,1.09916,1.09918,750000,500000
2019.10.03 14:47:11.434,1.09917,1.09919,3260000,500000
2019.10.03 14:47:11.536,1.09916,1.09919,1690000,500000
2019.10.03 14:47:11.676,1.0992,1.09921,640000,500000
2019.10.03 14:47:11.777,1.09921,1.09922,500000,500000
2019.10.03 14:47:11.878,1.09921,1.09924,2440000,500000
2019.10.03 14:47:11.980,1.09923,1.09924,940000,1120000
2019.10.03 14:47:12.030,1.09925,1.09926,940000,750000
2019.10.03 14:47:12.147,1.09925,1.09926,1500000,500000
2019.10.03 14:47:12.250,1.09925,1.09928,1760000,1120000
2019.10.03 14:47:12.353,1.09924,1.09926,750000,1120000
2019.10.03 14:47:13.836,1.09924,1.09927,1690000,500000
2019.10.03 14:47:14.134,1.09925,1.09927,1010000,500000
2019.10.03 14:47:14.337,1.09925,1.09928,1870000,500000
2019.10.03 14:47:15.238,1.09926,1.09928,1070000,500000
2019.10.03 14:47:15.340,1.09926,1.09929,5890000,500000
2019.10.03 14:47:15.561,1.09924,1.09926,750000,3190000
2019.10.03 14:47:15.662,1.09926,1.09928,1950000,500000
2019.10.03 14:47:16.989,1.09926,1.09929,4950000,500000
2019.10.03 14:47:17.091,1.09926,1.09928,940000,500000
2019.10.03 14:47:17.493,1.09927,1.09928,500000,500000
2019.10.03 14:47:17.595,1.09926,1.09929,750000,3370000
2019.10.03 14:47:17.697,1.09927,1.09929,750000,500000
2019.10.03 14:47:18.035,1.09927,1.09929,1120000,500000
2019.10.03 14:47:18.303,1.09927,1.09929,1950000,500000
2019.10.03 14:47:20.171,1.09926,1.09929,750000,500000
2019.10.03 14:47:20.302,1.09925,1.09929,5870000,1120000
2019.10.03 14:47:20.404,1.09924,1.09927,1120000,3020000
2019.10.03 14:47:20.556,1.09925,1.09926,750000,750000
2019.10.03 14:47:20.657,1.09924,1.09927,1500000,560000
2019.10.03 14:47:20.765,1.09924,1.09926,500000,560000
2019.10.03 14:47:21.867,1.09924,1.09927,2620000,1310000
2019.10.03 14:47:22.616,1.09923,1.09927,3260000,2060000
2019.10.03 14:47:23.096,1.09924,1.09926,750000,940000
2019.10.03 14:47:23.232,1.09925,1.09926,750000,500000
2019.10.03 14:47:23.385,1.09926,1.09928,1870000,500000
2019.10.03 14:47:23.538,1.09925,1.09928,1870000,1310000
2019.10.03 14:47:25.115,1.09924,1.09926,750000,2810000
2019.10.03 14:47:25.754,1.09923,1.09927,3700000,2250000
2019.10.03 14:47:26.022,1.09923,1.09925,750000,1120000
2019.10.03 14:47:27.614,1.09924,1.09927,1370000,1690000
2019.10.03 14:47:27.716,1.09926,1.09928,820000,500000
2019.10.03 14:47:27.852,1.09925,1.09928,820000,940000
2019.10.03 14:47:27.953,1.09924,1.09928,1010000,1390000
2019.10.03 14:47:28.725,1.09925,1.09928,1010000,500000
2019.10.03 14:47:29.265,1.09924,1.09928,1390000,1760000
2019.10.03 14:47:29.367,1.09926,1.09928,1390000,500000
2019.10.03 14:47:29.469,1.09925,1.09928,500000,560000
2019.10.03 14:47:29.571,1.09925,1.09929,4310000,1310000
2019.10.03 14:47:29.725,1.09926,1.09929,3640000,500000
2019.10.03 14:47:29.826,1.09925,1.09929,3640000,1310000
2019.10.03 14:47:30.029,1.09926,1.09929,3640000,500000
2019.10.03 14:47:30.151,1.09927,1.09929,1070000,5250000
2019.10.03 14:47:30.248,1.09932,1.09934,5890000,500000
2019.10.03 14:47:30.350,1.09932,1.09935,1690000,500000
2019.10.03 14:47:30.451,1.09932,1.09935,1750000,560000
2019.10.03 14:47:30.785,1.09935,1.09937,2510000,1120000
2019.10.03 14:47:30.886,1.09936,1.09938,750000,500000
2019.10.03 14:47:30.987,1.09934,1.09938,1000000,2810000
2019.10.03 14:47:31.038,1.09935,1.09938,940000,750000
2019.10.03 14:47:31.189,1.09934,1.09937,3000000,1690000
2019.10.03 14:47:31.292,1.09934,1.09937,1690000,2870000
2019.10.03 14:47:32.452,1.09935,1.09939,7560000,750000
2019.10.03 14:47:36.029,1.09935,1.09938,750000,3560000
2019.10.03 14:47:36.165,1.09936,1.09938,750000,750000
2019.10.03 14:47:36.277,1.09935,1.09939,3190000,3560000
2019.10.03 14:47:36.430,1.09936,1.09939,2620000,1070000
2019.10.03 14:47:36.538,1.09936,1.09939,2620000,1250000
2019.10.03 14:47:36.639,1.09937,1.0994,4850000,600000
2019.10.03 14:47:36.741,1.09936,1.0994,4450000,1750000
2019.10.03 14:47:36.842,1.09937,1.0994,2100000,700000
2019.10.03 14:47:37.046,1.09937,1.0994,1200000,1000000
2019.10.03 14:47:37.547,1.09937,1.09938,750000,940000
2019.10.03 14:47:37.599,1.09934,1.09936,750000,2890000
2019.10.03 14:47:37.727,1.09935,1.09938,750000,940000
2019.10.03 14:47:37.829,1.09935,1.09939,1690000,2810000
2019.10.03 14:47:38.497,1.09935,1.09937,750000,1140000
2019.10.03 14:47:38.599,1.09935,1.09936,1500000,750000
2019.10.03 14:47:38.651,1.09932,1.09934,750000,12730000
2019.10.03 14:47:38.702,1.09934,1.09936,1200000,6020000
2019.10.03 14:47:38.850,1.09933,1.09936,2250000,1310000
2019.10.03 14:47:38.953,1.09933,1.09937,1760000,3740000
2019.10.03 14:47:39.057,1.09934,1.09937,940000,750000
2019.10.03 14:47:39.211,1.09934,1.09937,750000,6070000
2019.10.03 14:47:39.313,1.09935,1.09938,750000,3750000
2019.10.03 14:47:39.627,1.09935,1.0994,4150000,8510000
2019.10.03 14:47:39.728,1.09936,1.0994,4950000,1010000
2019.10.03 14:47:39.830,1.09936,1.0994,4950000,1390000
2019.10.03 14:47:39.931,1.09936,1.09939,750000,2940000
2019.10.03 14:47:40.082,1.09936,1.09939,750000,1310000
2019.10.03 14:47:40.441,1.09936,1.0994,1850000,4010000
2019.10.03 14:47:40.715,1.09937,1.0994,100000,3750000
2019.10.03 14:47:40.868,1.09937,1.0994,600000,2060000
2019.10.03 14:47:40.970,1.09937,1.0994,350000,3190000
2019.10.03 14:47:41.558,1.09937,1.0994,350000,3370000
2019.10.03 14:47:42.041,1.09937,1.09939,750000,2250000
2019.10.03 14:47:42.144,1.09937,1.0994,2350000,750000
2019.10.03 14:47:43.198,1.09938,1.0994,2100000,940000
2019.10.03 14:47:44.020,1.09939,1.0994,1100000,750000
2019.10.03 14:47:44.122,1.09938,1.0994,100000,1120000
2019.10.03 14:47:45.224,1.09939,1.0994,100000,750000
2019.10.03 14:47:45.325,1.09941,1.09942,750000,940000
2019.10.03 14:47:45.426,1.09941,1.09945,3190000,1760000
2019.10.03 14:47:45.528,1.09942,1.09946,6700000,1310000
2019.10.03 14:47:45.629,1.09944,1.09946,750000,2810000
2019.10.03 14:47:45.781,1.09943,1.09947,2270000,2700000
2019.10.03 14:47:45.883,1.09945,1.09946,750000,940000
2019.10.03 14:47:45.984,1.09946,1.09947,1500000,750000
2019.10.03 14:47:46.130,1.09946,1.09948,1500000,750000
2019.10.03 14:47:46.881,1.09944,1.09947,750000,3550000
2019.10.03 14:47:47.034,1.09945,1.09948,750000,940000
2019.10.03 14:47:47.143,1.09945,1.09947,750000,1310000
2019.10.03 14:47:47.245,1.09945,1.09948,1870000,940000
2019.10.03 14:47:47.346,1.09945,1.09947,750000,1610000
2019.10.03 14:47:47.448,1.09944,1.09948,1500000,5050000
2019.10.03 14:47:47.549,1.09945,1.09947,1500000,1610000
2019.10.03 14:47:47.715,1.09945,1.09947,750000,860000
2019.10.03 14:47:48.122,1.09945,1.09946,750000,940000
2019.10.03 14:47:48.291,1.09945,1.09947,750000,750000
2019.10.03 14:47:48.444,1.09944,1.09947,750000,2510000
2019.10.03 14:47:48.545,1.09944,1.09948,2510000,4010000
2019.10.03 14:47:48.834,1.09945,1.09948,2510000,750000
2019.10.03 14:47:48.965,1.09944,1.09948,2510000,2510000
2019.10.03 14:47:49.410,1.09945,1.09948,2440000,1120000
2019.10.03 14:47:49.512,1.09946,1.09948,750000,2120000
2019.10.03 14:47:50.321,1.09946,1.09949,3190000,1070000
2019.10.03 14:47:50.975,1.09946,1.09949,1120000,1760000
2019.10.03 14:47:51.077,1.09947,1.09949,1870000,750000
2019.10.03 14:47:51.517,1.09946,1.09949,1500000,2440000
2019.10.03 14:47:51.668,1.09946,1.09948,500000,2440000
2019.10.03 14:47:52.731,1.09947,1.09949,750000,1120000
2019.10.03 14:47:52.985,1.09948,1.0995,3070000,500000
2019.10.03 14:47:53.089,1.09949,1.0995,1950000,1120000
2019.10.03 14:47:53.191,1.09948,1.0995,1500000,750000
2019.10.03 14:47:53.293,1.09949,1.09951,940000,750000
2019.10.03 14:47:53.394,1.09949,1.09952,1500000,750000
2019.10.03 14:47:53.783,1.09948,1.09952,2440000,3560000
2019.10.03 14:47:53.884,1.09948,1.09952,3250000,1500000
2019.10.03 14:47:54.087,1.09948,1.09952,1500000,1690000
2019.10.03 14:47:54.633,1.09946,1.0995,940000,5140000
2019.10.03 14:47:54.783,1.09948,1.0995,1690000,750000
2019.10.03 14:47:54.838,1.09946,1.0995,1010000,1310000
2019.10.03 14:47:54.889,1.09946,1.09948,750000,2060000
2019.10.03 14:47:54.991,1.09948,1.0995,940000,750000
2019.10.03 14:47:55.042,1.09946,1.09949,750000,1500000
2019.10.03 14:47:55.143,1.09946,1.0995,1010000,3190000
2019.10.03 14:47:55.283,1.09945,1.09949,750000,5970000
2019.10.03 14:47:55.587,1.09945,1.0995,3260000,3620000
2019.10.03 14:47:55.713,1.09945,1.0995,3320000,3560000
2019.10.03 14:47:55.815,1.09945,1.09949,750000,4370000
2019.10.03 14:47:56.207,1.09948,1.09951,5950000,1500000
2019.10.03 14:47:56.309,1.09949,1.09952,1070000,1500000
2019.10.03 14:47:56.411,1.09948,1.09951,2320000,2440000
2019.10.03 14:47:56.563,1.09947,1.09949,750000,1500000
2019.10.03 14:47:56.812,1.09949,1.09951,7370000,750000
2019.10.03 14:47:56.914,1.09947,1.09949,750000,750000
2019.10.03 14:47:57.429,1.09945,1.09949,4760000,1690000
2019.10.03 14:47:57.480,1.09944,1.09946,750000,750000
2019.10.03 14:47:57.671,1.09944,1.09945,1500000,1500000
2019.10.03 14:47:57.772,1.09944,1.09946,4200000,750000
2019.10.03 14:47:57.874,1.09943,1.09946,1570000,1500000
2019.10.03 14:47:58.504,1.09943,1.09948,6320000,5060000
2019.10.03 14:47:58.715,1.09944,1.09947,940000,750000
2019.10.03 14:47:59.314,1.09943,1.09945,750000,2250000
2019.10.03 14:47:59.449,1.09943,1.09946,1520000,750000
2019.10.03 14:47:59.500,1.09944,1.09947,3940000,750000
2019.10.03 14:47:59.601,1.09945,1.09948,2500000,940000
2019.10.03 14:47:59.753,1.09944,1.09947,750000,2510000
2019.10.03 14:47:59.854,1.09944,1.09948,940000,1310000
2019.10.03 14:47:59.956,1.09944,1.09948,2440000,2160000
2019.10.03 14:48:00.072,1.09944,1.09947,4690000,820000
2019.10.03 14:48:00.173,1.09943,1.09947,3940000,940000
2019.10.03 14:48:00.291,1.09942,1.09944,500000,1300000
2019.10.03 14:48:00.393,1.09942,1.09945,940000,1500000
2019.10.03 14:48:00.678,1.09941,1.09945,940000,4500000
2019.10.03 14:48:00.779,1.09941,1.09945,1000000,4820000
2019.10.03 14:48:01.055,1.09943,1.09946,2250000,750000
2019.10.03 14:48:01.157,1.09943,1.09947,2440000,820000
2019.10.03 14:48:01.258,1.09944,1.09947,3250000,750000
2019.10.03 14:48:01.359,1.09944,1.09947,3560000,750000
2019.10.03 14:48:01.525,1.09942,1.09946,1120000,4390000
2019.10.03 14:48:01.627,1.09943,1.09946,1870000,750000
2019.10.03 14:48:01.930,1.09943,1.09947,2060000,2250000
2019.10.03 14:48:02.042,1.09943,1.09947,1000000,3250000
2019.10.03 14:48:02.144,1.09945,1.09948,2500000,750000
2019.10.03 14:48:02.246,1.09944,1.09948,1690000,1760000
2019.10.03 14:48:02.399,1.09945,1.09949,4040000,1310000
2019.10.03 14:48:02.559,1.09945,1.09949,940000,1310000
2019.10.03 14:48:02.661,1.09946,1.09949,940000,750000
2019.10.03 14:48:02.762,1.09947,1.09948,500000,1120000
2019.10.03 14:48:02.813,1.09947,1.0995,640000,1140000
2019.10.03 14:48:02.993,1.09947,1.09951,1010000,1010000
2019.10.03 14:48:03.235,1.09948,1.09951,1010000,750000
2019.10.03 14:48:04.228,1.09946,1.09949,750000,1390000
2019.10.03 14:48:04.332,1.09947,1.09949,2250000,750000
2019.10.03 14:48:04.433,1.09946,1.09949,2250000,750000
2019.10.03 14:48:04.535,1.09946,1.09948,750000,750000
2019.10.03 14:48:04.636,1.09945,1.09948,750000,940000
2019.10.03 14:48:04.929,1.09945,1.09949,3450000,940000
2019.10.03 14:48:05.030,1.09945,1.09948,750000,940000
2019.10.03 14:48:05.233,1.09944,1.09946,750000,2500000
2019.10.03 14:48:05.488,1.09944,1.09948,1570000,4750000
2019.10.03 14:48:05.665,1.09945,1.09947,750000,1500000
2019.10.03 14:48:06.222,1.09945,1.09948,2510000,750000
2019.10.03 14:48:06.447,1.09945,1.09946,750000,750000
2019.10.03 14:48:06.497,1.09943,1.09946,1500000,1950000
2019.10.03 14:48:06.663,1.09942,1.09945,1600000,940000
2019.10.03 14:48:06.765,1.09942,1.09945,2140000,1500000
2019.10.03 14:48:06.866,1.09942,1.09945,2160000,750000
2019.10.03 14:48:07.018,1.09942,1.09943,750000,750000
2019.10.03 14:48:07.128,1.09941,1.09944,1950000,940000
2019.10.03 14:48:07.280,1.09941,1.09944,2200000,750000
2019.10.03 14:48:07.331,1.09939,1.09943,1010000,2810000
2019.10.03 14:48:07.533,1.09938,1.09941,1690000,3750000
2019.10.03 14:48:08.078,1.0994,1.09941,1500000,750000
2019.10.03 14:48:08.128,1.09941,1.09943,640000,1500000
2019.10.03 14:48:08.312,1.09939,1.09943,1970000,5500000
2019.10.03 14:48:08.415,1.09939,1.09943,1200000,4000000
2019.10.03 14:48:08.517,1.09941,1.09944,2910000,750000
2019.10.03 14:48:08.619,1.09944,1.09946,1750000,2250000
2019.10.03 14:48:08.670,1.09945,1.09947,1390000,500000
2019.10.03 14:48:08.943,1.09945,1.09947,1970000,500000
2019.10.03 14:48:09.044,1.09945,1.09947,1200000,500000
2019.10.03 14:48:09.095,1.09947,1.09948,640000,750000
2019.10.03 14:48:09.146,1.09946,1.09949,820000,2810000
2019.10.03 14:48:09.847,1.09947,1.0995,1040000,750000
2019.10.03 14:48:09.953,1.09948,1.0995,750000,750000
2019.10.03 14:48:10.157,1.09947,1.09949,750000,2810000
2019.10.03 14:48:10.421,1.09947,1.0995,820000,1310000
2019.10.03 14:48:10.651,1.09949,1.09952,5750000,940000
2019.10.03 14:48:10.986,1.09949,1.0995,750000,940000
2019.10.03 14:48:11.094,1.09949,1.09951,940000,940000
2019.10.03 14:48:11.611,1.09948,1.09952,5320000,6250000
2019.10.03 14:48:11.861,1.09949,1.09951,750000,940000
2019.10.03 14:48:11.962,1.09949,1.0995,750000,940000
2019.10.03 14:48:12.397,1.09948,1.09949,750000,750000
2019.10.03 14:48:12.498,1.09947,1.09949,560000,1120000
2019.10.03 14:48:12.652,1.09947,1.09949,1200000,1000000
2019.10.03 14:48:12.761,1.09947,1.09951,2200000,4370000
2019.10.03 14:48:12.863,1.09948,1.09951,2290000,750000
2019.10.03 14:48:13.316,1.09947,1.09951,2510000,4310000
2019.10.03 14:48:13.468,1.09947,1.0995,940000,3750000
2019.10.03 14:48:14.496,1.09947,1.09949,1120000,500000
2019.10.03 14:48:14.698,1.09946,1.09949,1120000,3770000
2019.10.03 14:48:14.834,1.09946,1.09948,500000,2810000
2019.10.03 14:48:14.936,1.09946,1.09949,4390000,750000
2019.10.03 14:48:15.037,1.09945,1.09949,2910000,560000
2019.10.03 14:48:15.200,1.09945,1.09947,750000,1310000
2019.10.03 14:48:16.579,1.09944,1.09948,2910000,1690000
2019.10.03 14:48:16.733,1.09944,1.09948,1760000,3190000
2019.10.03 14:48:16.835,1.09944,1.09948,3100000,3370000
2019.10.03 14:48:17.065,1.09944,1.09947,4450000,2440000
2019.10.03 14:48:17.167,1.09943,1.09944,750000,1890000
2019.10.03 14:48:17.268,1.09942,1.09944,750000,1500000
2019.10.03 14:48:17.495,1.09942,1.09943,750000,750000
2019.10.03 14:48:17.546,1.09941,1.09944,4950000,560000
2019.10.03 14:48:17.648,1.0994,1.09943,820000,560000
2019.10.03 14:48:17.749,1.09941,1.09943,820000,750000
2019.10.03 14:48:17.850,1.0994,1.09944,5160000,1310000
2019.10.03 14:48:19.055,1.09939,1.09944,6640000,4750000
2019.10.03 14:48:19.235,1.0994,1.09944,4410000,940000
2019.10.03 14:48:19.366,1.0994,1.09944,4390000,940000
2019.10.03 14:48:20.187,1.0994,1.09943,500000,2060000
2019.10.03 14:48:20.289,1.09942,1.09945,3120000,5250000
2019.10.03 14:48:20.390,1.09943,1.09945,750000,750000
2019.10.03 14:48:20.951,1.09943,1.09946,1970000,1000000
2019.10.03 14:48:21.311,1.09943,1.09946,600000,4000000
2019.10.03 14:48:21.362,1.09944,1.09947,1010000,3250000
2019.10.03 14:48:21.463,1.09945,1.09948,2620000,560000
2019.10.03 14:48:22.170,1.09945,1.09947,500000,560000
2019.10.03 14:48:22.271,1.09944,1.09946,5120000,500000
2019.10.03 14:48:22.373,1.09944,1.09946,1200000,510000
2019.10.03 14:48:22.475,1.09945,1.09946,1120000,510000
2019.10.03 14:48:22.593,1.09943,1.09946,1950000,1310000
2019.10.03 14:48:22.694,1.09944,1.09946,1570000,750000
2019.10.03 14:48:22.796,1.09944,1.09945,750000,500000
2019.10.03 14:48:23.054,1.09944,1.09946,820000,500000
2019.10.03 14:48:23.708,1.09943,1.09947,5910000,1310000
2019.10.03 14:48:23.898,1.09943,1.09946,2720000,560000
2019.10.03 14:48:24.048,1.09943,1.09946,1010000,1870000
2019.10.03 14:48:24.497,1.09943,1.09945,750000,1870000
2019.10.03 14:48:24.599,1.09943,1.09944,750000,500000
2019.10.03 14:48:25.699,1.09943,1.09945,3640000,500000
2019.10.03 14:48:26.333,1.09945,1.09946,640000,750000
2019.10.03 14:48:26.384,1.09944,1.09947,940000,4500000
2019.10.03 14:48:26.485,1.09944,1.09948,1760000,2440000
2019.10.03 14:48:27.249,1.09944,1.09948,1570000,2500000
2019.10.03 14:48:27.468,1.09946,1.09949,3470000,750000
2019.10.03 14:48:27.601,1.09947,1.09949,820000,2250000
2019.10.03 14:48:28.512,1.09948,1.09949,750000,500000
2019.10.03 14:48:28.825,1.09947,1.09948,940000,750000
2019.10.03 14:48:28.927,1.09946,1.09948,820000,2250000
2019.10.03 14:48:29.028,1.09946,1.09949,2510000,2620000
2019.10.03 14:48:29.583,1.09946,1.0995,1500000,5870000
2019.10.03 14:48:29.813,1.09946,1.0995,1690000,5810000
2019.10.03 14:48:29.930,1.09947,1.0995,1500000,940000
2019.10.03 14:48:30.259,1.09948,1.0995,600000,1120000
2019.10.03 14:48:30.310,1.09948,1.09951,3370000,2060000
2019.10.03 14:48:30.412,1.09948,1.09951,4820000,1500000
2019.10.03 14:48:31.059,1.09948,1.09951,1690000,3620000
2019.10.03 14:48:33.868,1.09949,1.09952,750000,2810000
2019.10.03 14:48:33.918,1.09952,1.09953,1500000,1310000
2019.10.03 14:48:34.020,1.09955,1.09956,600000,500000
2019.10.03 14:48:34.127,1.09957,1.09959,3260000,2250000
2019.10.03 14:48:34.229,1.09959,1.09961,3750000,1500000
2019.10.03 14:48:34.280,1.09958,1.09959,750000,860000
2019.10.03 14:48:34.432,1.09957,1.09959,1870000,940000
2019.10.03 14:48:34.816,1.09955,1.09958,1870000,1000000
2019.10.03 14:48:35.061,1.09955,1.09959,4760000,1000000
2019.10.03 14:48:35.217,1.09956,1.0996,3560000,1310000
2019.10.03 14:48:35.498,1.09956,1.09959,750000,2060000
2019.10.03 14:48:35.549,1.09958,1.0996,1690000,750000
2019.10.03 14:48:35.651,1.09956,1.09959,750000,500000
2019.10.03 14:48:35.869,1.09955,1.09959,750000,3940000
2019.10.03 14:48:35.971,1.09955,1.09958,750000,3190000
2019.10.03 14:48:36.184,1.09954,1.09957,750000,2500000
2019.10.03 14:48:36.286,1.09954,1.09956,1500000,1750000
2019.10.03 14:48:36.438,1.09952,1.09955,3750000,2780000
2019.10.03 14:48:36.541,1.09952,1.09955,2320000,560000
2019.10.03 14:48:36.709,1.09952,1.09955,4750000,560000
2019.10.03 14:48:36.963,1.09953,1.09956,750000,750000
2019.10.03 14:48:37.064,1.09953,1.09957,1690000,2710000
2019.10.03 14:48:37.445,1.09954,1.09958,4600000,750000
2019.10.03 14:48:37.547,1.09953,1.09955,750000,1690000
2019.10.03 14:48:37.655,1.09952,1.09955,1310000,1890000
2019.10.03 14:48:37.756,1.09952,1.09955,1120000,1750000
2019.10.03 14:48:37.908,1.09952,1.09955,2510000,1500000
2019.10.03 14:48:38.204,1.09953,1.09955,640000,750000
2019.10.03 14:48:38.256,1.09953,1.09957,3260000,1690000
2019.10.03 14:48:38.753,1.09954,1.09956,750000,750000
2019.10.03 14:48:38.855,1.09954,1.09958,4820000,2320000
2019.10.03 14:48:38.905,1.09956,1.09957,1500000,1690000
2019.10.03 14:48:38.956,1.09957,1.09959,1870000,1500000
2019.10.03 14:48:39.183,1.09956,1.09959,1870000,1690000
2019.10.03 14:48:39.543,1.09956,1.09958,1870000,940000
2019.10.03 14:48:39.861,1.09956,1.09959,5620000,940000
2019.10.03 14:48:40.083,1.09956,1.09958,750000,750000
2019.10.03 14:48:40.185,1.09955,1.09959,6700000,750000
2019.10.03 14:48:40.733,1.09956,1.09959,2710000,750000
2019.10.03 14:48:40.835,1.09957,1.0996,1000000,2140000
2019.10.03 14:48:41.268,1.09958,1.0996,1500000,940000
2019.10.03 14:48:41.521,1.09958,1.0996,1500000,750000
2019.10.03 14:48:41.673,1.09957,1.09961,4310000,5200000
2019.10.03 14:48:41.848,1.09959,1.0996,1500000,500000
2019.10.03 14:48:41.949,1.09959,1.09962,7090000,1120000
2019.10.03 14:48:42.000,1.09961,1.09963,3770000,750000
2019.10.03 14:48:42.101,1.0996,1.09963,1120000,5600000
2019.10.03 14:48:42.358,1.0996,1.09964,2620000,2500000
2019.10.03 14:48:42.716,1.09962,1.09965,1500000,1760000
2019.10.03 14:48:42.841,1.09961,1.09965,940000,3560000
2019.10.03 14:48:43.157,1.09962,1.09965,1690000,750000
2019.10.03 14:48:43.258,1.09961,1.09964,750000,1010000
2019.10.03 14:48:43.395,1.09959,1.09961,1500000,1000000
2019.10.03 14:48:43.449,1.09958,1.09961,1750000,940000
2019.10.03 14:48:43.550,1.09959,1.09961,750000,750000
2019.10.03 14:48:43.703,1.09958,1.09961,2250000,1690000
2019.10.03 14:48:43.838,1.09958,1.09962,4690000,940000
2019.10.03 14:48:44.091,1.09958,1.09961,750000,1690000
2019.10.03 14:48:44.192,1.09958,1.09962,3940000,1690000
2019.10.03 14:48:44.341,1.09958,1.09961,560000,750000
2019.10.03 14:48:44.545,1.09957,1.09961,560000,3190000
2019.10.03 14:48:44.748,1.09958,1.09962,4760000,1690000
2019.10.03 14:48:44.799,1.09959,1.0996,500000,750000
2019.10.03 14:48:45.138,1.09957,1.0996,750000,2440000
2019.10.03 14:48:45.189,1.09956,1.09958,1500000,1010000
2019.10.03 14:48:45.290,1.09956,1.09959,3260000,750000
2019.10.03 14:48:45.826,1.09955,1.09958,1820000,3520000
2019.10.03 14:48:45.927,1.09953,1.09954,1690000,820000
2019.10.03 14:48:45.979,1.0995,1.09953,1500000,2120000
2019.10.03 14:48:46.080,1.0995,1.09954,750000,1820000
2019.10.03 14:48:46.181,1.0995,1.09955,7690000,1820000
2019.10.03 14:48:46.340,1.0995,1.09954,1500000,1750000
2019.10.03 14:48:46.593,1.0995,1.09955,7390000,2970000
2019.10.03 14:48:46.694,1.09951,1.09955,5200000,1070000
2019.10.03 14:48:46.797,1.09954,1.09955,750000,750000
2019.10.03 14:48:46.933,1.09954,1.09957,750000,3250000
2019.10.03 14:48:46.984,1.09956,1.09958,1500000,1750000
2019.10.03 14:48:47.086,1.09956,1.0996,3220000,1070000
2019.10.03 14:48:47.187,1.09956,1.09959,750000,1070000
2019.10.03 14:48:47.289,1.09957,1.09959,750000,1000000
2019.10.03 14:48:47.390,1.09957,1.0996,3150000,1000000
2019.10.03 14:48:47.736,1.09957,1.09959,1500000,1750000
2019.10.03 14:48:47.914,1.09958,1.0996,4120000,940000
2019.10.03 14:48:48.054,1.09958,1.09959,1500000,750000
2019.10.03 14:48:48.156,1.09956,1.0996,5700000,1820000
2019.10.03 14:48:48.257,1.09956,1.09959,1500000,1820000
2019.10.03 14:48:48.468,1.09956,1.09958,500000,2570000
2019.10.03 14:48:48.620,1.09956,1.09959,1870000,1820000
2019.10.03 14:48:50.650,1.09956,1.09959,1500000,1690000
2019.10.03 14:48:50.853,1.09955,1.09959,3040000,1010000
2019.10.03 14:48:51.005,1.09955,1.09958,750000,1760000
2019.10.03 14:48:51.106,1.09955,1.09959,2290000,1760000
2019.10.03 14:48:51.258,1.09956,1.09959,2210000,750000
2019.10.03 14:48:51.359,1.09958,1.0996,600000,750000
2019.10.03 14:48:51.462,1.09957,1.0996,2440000,1500000
2019.10.03 14:48:51.666,1.09957,1.0996,750000,1820000
2019.10.03 14:48:51.768,1.09959,1.09962,5590000,750000
2019.10.03 14:48:51.870,1.09959,1.09961,2250000,750000
2019.10.03 14:48:52.035,1.09957,1.0996,1690000,1700000
2019.10.03 14:48:52.665,1.09957,1.09959,1120000,950000
2019.10.03 14:48:53.020,1.09957,1.09958,750000,750000
2019.10.03 14:48:53.137,1.09955,1.09959,3560000,2060000
2019.10.03 14:48:53.242,1.09955,1.09959,7720000,2120000
2019.10.03 14:48:54.132,1.09955,1.09956,1500000,940000
2019.10.03 14:48:54.183,1.09954,1.09955,1500000,3000000
2019.10.03 14:48:54.234,1.09952,1.09955,940000,500000
2019.10.03 14:48:54.390,1.09952,1.09955,1120000,2870000
2019.10.03 14:48:54.491,1.09952,1.09955,940000,1120000
2019.10.03 14:48:54.593,1.09953,1.09956,1090000,1500000
2019.10.03 14:48:54.745,1.09953,1.09957,1370000,3250000
2019.10.03 14:48:55.154,1.09954,1.09957,2440000,750000
2019.10.03 14:48:55.255,1.09954,1.09956,750000,1500000
2019.10.03 14:48:56.790,1.09954,1.09958,2060000,2810000
2019.10.03 14:48:56.891,1.09954,1.09957,1500000,2810000
2019.10.03 14:48:58.457,1.09954,1.09956,500000,750000
2019.10.03 14:48:58.508,1.09953,1.09954,750000,1690000
2019.10.03 14:48:58.644,1.09949,1.09952,500000,4370000
2019.10.03 14:48:58.745,1.09949,1.09953,500000,3620000
2019.10.03 14:48:58.847,1.0995,1.09954,1690000,1000000
2019.10.03 14:48:59.075,1.09948,1.0995,1870000,5510000
2019.10.03 14:48:59.177,1.09947,1.09949,750000,1750000
2019.10.03 14:48:59.228,1.09947,1.09949,750000,750000
2019.10.03 14:48:59.365,1.09948,1.09949,750000,750000
2019.10.03 14:48:59.516,1.09949,1.09952,5800000,750000
2019.10.03 14:48:59.618,1.09949,1.09952,750000,750000
2019.10.03 14:48:59.719,1.09949,1.09952,750000,1000000
2019.10.03 14:48:59.881,1.0995,1.09953,1200000,940000
2019.10.03 14:49:00.089,1.0995,1.09952,750000,940000
2019.10.03 14:49:00.260,1.0995,1.09953,1010000,750000
2019.10.03 14:49:00.378,1.09949,1.09954,7450000,4010000
2019.10.03 14:49:01.480,1.0995,1.09954,3620000,750000
2019.10.03 14:49:01.581,1.09952,1.09953,500000,3750000
2019.10.03 14:49:01.632,1.09952,1.09956,600000,5500000
2019.10.03 14:49:01.734,1.09954,1.09956,940000,750000
2019.10.03 14:49:02.080,1.09954,1.09957,1390000,750000
2019.10.03 14:49:02.647,1.09952,1.09956,4690000,1690000
2019.10.03 14:49:02.749,1.09952,1.09956,6620000,1500000
2019.10.03 14:49:03.077,1.09952,1.09954,750000,750000
2019.10.03 14:49:03.128,1.0995,1.09953,1500000,940000
2019.10.03 14:49:03.230,1.0995,1.09952,500000,940000
2019.10.03 14:49:03.332,1.09949,1.09952,500000,3940000
2019.10.03 14:49:04.245,1.09949,1.09953,1310000,1760000
2019.10.03 14:49:04.709,1.0995,1.09952,500000,750000
2019.10.03 14:49:05.013,1.0995,1.09954,2060000,940000
2019.10.03 14:49:05.428,1.0995,1.09954,2870000,3190000
2019.10.03 14:49:05.632,1.0995,1.09954,1120000,3250000
2019.10.03 14:49:05.684,1.09953,1.09954,500000,750000
2019.10.03 14:49:05.786,1.09952,1.09956,2810000,5440000
2019.10.03 14:49:05.887,1.09952,1.09954,750000,1690000
2019.10.03 14:49:05.942,1.09951,1.09956,1760000,7000000
2019.10.03 14:49:06.047,1.09953,1.09957,2200000,2250000
2019.10.03 14:49:06.148,1.09954,1.09957,1000000,1870000
2019.10.03 14:49:06.451,1.09953,1.09957,3250000,2250000
2019.10.03 14:49:07.890,1.09952,1.09953,750000,2320000
2019.10.03 14:49:07.991,1.09951,1.09954,560000,3470000
2019.10.03 14:49:08.042,1.0995,1.09954,1690000,2440000
2019.10.03 14:49:08.156,1.0995,1.09953,500000,1390000
2019.10.03 14:49:08.410,1.0995,1.09952,500000,1120000
2019.10.03 14:49:08.512,1.0995,1.09953,500000,750000
2019.10.03 14:49:08.630,1.0995,1.09952,500000,1500000
2019.10.03 14:49:08.783,1.0995,1.09953,1500000,750000
2019.10.03 14:49:08.985,1.0995,1.09952,500000,750000
2019.10.03 14:49:09.394,1.0995,1.09953,1500000,750000
2019.10.03 14:49:10.040,1.0995,1.09951,500000,750000
2019.10.03 14:49:10.141,1.09949,1.09951,500000,3390000
2019.10.03 14:49:10.192,1.09949,1.09953,1120000,1690000
2019.10.03 14:49:10.344,1.09949,1.09952,500000,1690000
2019.10.03 14:49:10.898,1.09949,1.09953,1120000,3190000
2019.10.03 14:49:10.949,1.09949,1.09951,500000,940000
2019.10.03 14:49:11.051,1.09949,1.09952,500000,940000
2019.10.03 14:49:11.253,1.09949,1.09951,500000,1890000
2019.10.03 14:49:11.581,1.09949,1.09952,600000,940000
2019.10.03 14:49:12.206,1.09949,1.09953,2700000,940000
2019.10.03 14:49:12.498,1.09951,1.09953,1570000,1500000
2019.10.03 14:49:12.656,1.09952,1.09953,600000,1500000
2019.10.03 14:49:12.757,1.09952,1.09954,1200000,750000
2019.10.03 14:49:12.808,1.09952,1.09956,2290000,1690000
2019.10.03 14:49:12.909,1.09953,1.09955,750000,750000
2019.10.03 14:49:13.011,1.09953,1.09954,500000,750000
2019.10.03 14:49:13.140,1.09952,1.09955,3640000,750000
2019.10.03 14:49:13.191,1.09949,1.0995,750000,750000
2019.10.03 14:49:13.309,1.09948,1.0995,2540000,750000
2019.10.03 14:49:13.363,1.09946,1.09949,1000000,2060000
2019.10.03 14:49:13.565,1.09947,1.09949,1850000,1500000
2019.10.03 14:49:13.726,1.09947,1.09949,1120000,1000000
2019.10.03 14:49:14.082,1.09947,1.09949,1690000,2440000
2019.10.03 14:49:14.133,1.09949,1.0995,1200000,750000
2019.10.03 14:49:14.534,1.09948,1.09949,500000,520000
2019.10.03 14:49:14.635,1.09947,1.09949,820000,1690000
2019.10.03 14:49:14.792,1.09946,1.09948,1310000,750000
2019.10.03 14:49:14.895,1.09946,1.09947,500000,750000
2019.10.03 14:49:15.623,1.09944,1.09947,500000,6490000
2019.10.03 14:49:15.725,1.09944,1.09946,500000,3110000
2019.10.03 14:49:15.918,1.09945,1.09947,1200000,1500000
2019.10.03 14:49:15.969,1.09946,1.09948,2890000,750000
2019.10.03 14:49:16.171,1.09945,1.09947,1200000,1500000
2019.10.03 14:49:16.859,1.09946,1.09947,500000,750000
2019.10.03 14:49:17.259,1.09945,1.09947,600000,2440000
2019.10.03 14:49:17.411,1.09945,1.09946,500000,940000
2019.10.03 14:49:17.563,1.09945,1.09947,750000,3260000
2019.10.03 14:49:17.664,1.09944,1.09945,1120000,2690000
2019.10.03 14:49:17.781,1.09941,1.09943,1500000,2120000
2019.10.03 14:49:17.883,1.09941,1.09943,500000,1500000
2019.10.03 14:49:17.984,1.0994,1.09943,640000,1120000
2019.10.03 14:49:18.246,1.09941,1.09943,560000,1500000
2019.10.03 14:49:18.550,1.0994,1.09943,750000,3560000
2019.10.03 14:49:18.651,1.09942,1.09943,500000,750000
2019.10.03 14:49:18.912,1.09941,1.09943,640000,1870000
2019.10.03 14:49:19.507,1.0994,1.09943,560000,3750000
2019.10.03 14:49:19.644,1.09941,1.09943,500000,3000000
2019.10.03 14:49:19.963,1.09942,1.09943,500000,750000
2019.10.03 14:49:20.276,1.09943,1.09944,1310000,750000
2019.10.03 14:49:20.379,1.09943,1.09945,500000,940000
2019.10.03 14:49:21.117,1.09942,1.09945,600000,3940000
2019.10.03 14:49:21.218,1.09943,1.09945,500000,1500000
2019.10.03 14:49:21.359,1.09944,1.09945,500000,750000
2019.10.03 14:49:21.539,1.09945,1.09947,1500000,1250000
2019.10.03 14:49:21.642,1.09945,1.09947,500000,2060000
2019.10.03 14:49:22.113,1.09946,1.09947,500000,750000
2019.10.03 14:49:22.215,1.09945,1.09947,500000,1120000
2019.10.03 14:49:22.964,1.09946,1.09947,500000,750000
2019.10.03 14:49:24.151,1.09945,1.09947,500000,2060000
2019.10.03 14:49:24.354,1.09946,1.09947,500000,1500000
2019.10.03 14:49:24.502,1.09953,1.09954,940000,2250000
2019.10.03 14:49:24.553,1.09955,1.09958,560000,1870000
2019.10.03 14:49:24.660,1.09955,1.09958,1370000,2440000
2019.10.03 14:49:24.762,1.09955,1.09959,5140000,2440000
2019.10.03 14:49:24.866,1.09956,1.09959,4390000,750000
2019.10.03 14:49:24.968,1.09955,1.09959,3700000,3750000
2019.10.03 14:49:26.827,1.09955,1.09957,750000,750000
2019.10.03 14:49:26.878,1.09953,1.09956,500000,2810000
2019.10.03 14:49:26.980,1.09954,1.09956,500000,750000
2019.10.03 14:49:27.298,1.09953,1.09955,1120000,1500000
2019.10.03 14:49:27.428,1.09952,1.09955,1390000,1500000
2019.10.03 14:49:27.531,1.09951,1.09955,3700000,4120000
2019.10.03 14:49:27.632,1.09952,1.09955,3320000,750000
2019.10.03 14:49:27.885,1.09953,1.09956,1100000,1500000
2019.10.03 14:49:27.986,1.09953,1.09956,640000,1500000
2019.10.03 14:49:28.096,1.09954,1.09956,1010000,1500000
2019.10.03 14:49:28.478,1.09953,1.09956,1010000,750000
2019.10.03 14:49:28.680,1.09954,1.09956,560000,750000
2019.10.03 14:49:28.813,1.09954,1.09957,1120000,1750000
2019.10.03 14:49:28.917,1.09954,1.09957,1200000,940000
2019.10.03 14:49:29.568,1.09956,1.09957,750000,750000
2019.10.03 14:49:29.685,1.09956,1.09958,600000,2440000
2019.10.03 14:49:29.941,1.09957,1.09959,820000,750000
2019.10.03 14:49:30.043,1.09957,1.0996,4010000,4000000
2019.10.03 14:49:30.225,1.09957,1.09959,750000,1000000
2019.10.03 14:49:30.485,1.09957,1.09959,750000,1500000
2019.10.03 14:49:31.249,1.09958,1.0996,1570000,750000
2019.10.03 14:49:31.384,1.09957,1.09959,820000,940000
2019.10.03 14:49:31.489,1.09957,1.0996,3070000,1050000
2019.10.03 14:49:31.590,1.09958,1.0996,2720000,940000
2019.10.03 14:49:31.692,1.09958,1.0996,750000,2440000
2019.10.03 14:49:32.760,1.09958,1.09961,2700000,2440000
2019.10.03 14:49:32.912,1.09958,1.0996,1120000,2440000
2019.10.03 14:49:33.013,1.09957,1.0996,1570000,2440000
2019.10.03 14:49:33.136,1.09959,1.0996,600000,1500000
2019.10.03 14:49:33.411,1.09962,1.09963,3560000,750000
2019.10.03 14:49:33.551,1.09961,1.09963,2120000,750000
2019.10.03 14:49:33.659,1.0996,1.09962,750000,940000
2019.10.03 14:49:33.761,1.0996,1.09961,600000,750000
2019.10.03 14:49:33.862,1.0996,1.09962,500000,750000
2019.10.03 14:49:33.963,1.0996,1.09962,850000,750000
2019.10.03 14:49:34.136,1.09958,1.0996,1250000,2060000
2019.10.03 14:49:34.238,1.09955,1.09958,1500000,1000000
2019.10.03 14:49:34.339,1.09954,1.09957,1570000,1750000
2019.10.03 14:49:34.440,1.09954,1.09957,1760000,750000
2019.10.03 14:49:35.193,1.09954,1.09956,500000,940000
2019.10.03 14:49:35.547,1.09953,1.09955,500000,1000000
2019.10.03 14:49:35.655,1.09953,1.09954,750000,940000
2019.10.03 14:49:35.706,1.0995,1.09953,750000,7000000
2019.10.03 14:49:35.958,1.0995,1.09953,820000,2440000
2019.10.03 14:49:36.060,1.0995,1.09953,820000,2500000
2019.10.03 14:49:37.267,1.0995,1.09952,500000,1750000
2019.10.03 14:49:37.621,1.09949,1.09951,560000,1990000
2019.10.03 14:49:37.672,1.09947,1.09949,500000,2440000
2019.10.03 14:49:37.775,1.09945,1.09948,1120000,1750000
2019.10.03 14:49:37.876,1.09945,1.09948,600000,2440000
2019.10.03 14:49:37.927,1.09945,1.09947,500000,1750000
2019.10.03 14:49:38.170,1.09945,1.09948,600000,1000000
2019.10.03 14:49:38.221,1.09945,1.09947,500000,940000
2019.10.03 14:49:38.322,1.09945,1.09947,500000,940000
2019.10.03 14:49:39.495,1.09944,1.09948,1950000,4750000
2019.10.03 14:49:39.843,1.09944,1.09947,500000,1000000
2019.10.03 14:49:41.068,1.09944,1.09946,750000,1750000
2019.10.03 14:49:41.659,1.09946,1.09948,600000,1690000
2019.10.03 14:49:41.761,1.09946,1.09949,500000,3250000
2019.10.03 14:49:41.913,1.09946,1.09947,500000,940000
2019.10.03 14:49:42.065,1.09945,1.09949,4070000,3250000
2019.10.03 14:49:42.210,1.09945,1.09949,600000,5120000
2019.10.03 14:49:43.210,1.09946,1.09948,500000,940000
2019.10.03 14:49:43.637,1.09943,1.09944,500000,2440000
2019.10.03 14:49:43.739,1.09941,1.09944,500000,1690000
2019.10.03 14:49:43.946,1.0994,1.09943,500000,1750000
2019.10.03 14:49:46.837,1.0994,1.09943,600000,940000
2019.10.03 14:49:47.518,1.0994,1.09942,500000,940000
2019.10.03 14:49:49.208,1.0994,1.09943,600000,940000
2019.10.03 14:49:51.218,1.09939,1.09943,850000,5690000
2019.10.03 14:49:51.320,1.09941,1.09945,1970000,4750000
2019.10.03 14:49:51.471,1.0994,1.09944,1570000,6740000
2019.10.03 14:49:51.724,1.09943,1.09945,1600000,2250000
2019.10.03 14:49:51.825,1.09943,1.09946,2320000,1690000
2019.10.03 14:49:51.926,1.09944,1.09946,820000,750000
2019.10.03 14:49:52.407,1.09943,1.09946,820000,1690000
2019.10.03 14:49:52.509,1.09944,1.09946,1570000,750000
2019.10.03 14:49:52.813,1.09942,1.09944,1200000,500000
2019.10.03 14:49:52.916,1.09941,1.09944,1200000,1140000
2019.10.03 14:49:54.163,1.09941,1.09943,750000,940000
2019.10.03 14:49:54.470,1.0994,1.09942,500000,1650000
2019.10.03 14:49:54.835,1.0994,1.09943,820000,2400000
2019.10.03 14:49:54.987,1.0994,1.09942,500000,1650000
2019.10.03 14:49:55.424,1.0994,1.09943,820000,1650000
2019.10.03 14:49:56.638,1.09941,1.09942,500000,940000
2019.10.03 14:49:56.785,1.09941,1.09943,1200000,940000
2019.10.03 14:49:57.604,1.0994,1.09943,1410000,1000000
2019.10.03 14:49:57.944,1.0994,1.09944,1820000,6900000
2019.10.03 14:49:58.168,1.0994,1.09944,2440000,5500000
2019.10.03 14:49:58.952,1.09944,1.09945,640000,2250000
2019.10.03 14:49:59.002,1.09944,1.09946,1310000,1500000
2019.10.03 14:49:59.236,1.09944,1.09946,500000,3250000
2019.10.03 14:49:59.409,1.09945,1.09947,1120000,1690000
2019.10.03 14:50:00.238,1.09945,1.09948,1870000,1690000
2019.10.03 14:50:00.392,1.09945,1.09948,2060000,1750000
2019.10.03 14:50:00.494,1.09944,1.09946,1500000,2500000
2019.10.03 14:50:00.596,1.09942,1.09944,500000,830000
2019.10.03 14:50:00.856,1.09941,1.09944,1870000,1960000
2019.10.03 14:50:00.958,1.09943,1.09946,3250000,1500000
2019.10.03 14:50:01.059,1.09944,1.09946,600000,750000
2019.10.03 14:50:01.161,1.09946,1.09948,1040000,1500000
2019.10.03 14:50:01.379,1.09944,1.09947,750000,1210000
2019.10.03 14:50:01.481,1.09945,1.09947,850000,520000
2019.10.03 14:50:01.583,1.09944,1.09947,500000,3250000
2019.10.03 14:50:01.740,1.09944,1.09946,500000,1750000
2019.10.03 14:50:01.841,1.09944,1.09946,500000,1690000
2019.10.03 14:50:02.039,1.09943,1.09946,1120000,3020000
2019.10.03 14:50:02.242,1.09943,1.09944,2250000,1700000
2019.10.03 14:50:02.342,1.09941,1.09942,500000,500000
2019.10.03 14:50:02.393,1.0994,1.09942,500000,2440000
2019.10.03 14:50:02.499,1.09941,1.09942,600000,750000
2019.10.03 14:50:03.059,1.0994,1.09942,500000,1690000
2019.10.03 14:50:04.309,1.09939,1.09942,500000,2890000
2019.10.03 14:50:04.360,1.09939,1.0994,500000,600000
2019.10.03 14:50:04.471,1.09938,1.0994,1000000,1500000
2019.10.03 14:50:04.572,1.09936,1.09939,1370000,1500000
2019.10.03 14:50:04.675,1.09934,1.09938,940000,3750000
2019.10.03 14:50:04.877,1.09934,1.09938,1760000,2690000
2019.10.03 14:50:04.983,1.09934,1.09938,1760000,1870000
2019.10.03 14:50:05.250,1.09934,1.09938,1760000,3440000
2019.10.03 14:50:05.646,1.09934,1.09938,2140000,2620000
2019.10.03 14:50:05.894,1.09934,1.09937,500000,2440000
2019.10.03 14:50:06.239,1.09933,1.09937,750000,4140000
2019.10.03 14:50:06.290,1.09933,1.09937,560000,6640000
2019.10.03 14:50:06.594,1.09934,1.09937,600000,940000
2019.10.03 14:50:06.695,1.09934,1.09937,850000,1460000
2019.10.03 14:50:06.847,1.09934,1.09937,500000,3710000
2019.10.03 14:50:07.000,1.09935,1.09937,500000,1000000
2019.10.03 14:50:07.101,1.09935,1.09938,1390000,1000000
2019.10.03 14:50:07.350,1.09935,1.09938,1410000,1750000
2019.10.03 14:50:09.108,1.09934,1.09936,500000,4890000
2019.10.03 14:50:09.210,1.09934,1.09936,500000,1960000
2019.10.03 14:50:09.311,1.09934,1.09937,2700000,1960000
2019.10.03 14:50:09.412,1.09934,1.09937,3100000,1690000
2019.10.03 14:50:09.514,1.09934,1.09937,2620000,1690000
2019.10.03 14:50:09.667,1.09933,1.09934,750000,750000
2019.10.03 14:50:09.837,1.09931,1.09935,2200000,3000000
2019.10.03 14:50:09.939,1.09931,1.09933,500000,3000000
2019.10.03 14:50:10.041,1.0993,1.09932,500000,1690000
2019.10.03 14:50:10.143,1.0993,1.09933,500000,940000
2019.10.03 14:50:10.501,1.09929,1.09932,500000,3250000
2019.10.03 14:50:10.603,1.09929,1.09933,2250000,3250000
2019.10.03 14:50:10.704,1.09929,1.09932,500000,3190000
2019.10.03 14:50:11.209,1.09929,1.09932,940000,2870000
2019.10.03 14:50:11.310,1.09929,1.09932,750000,3940000
2019.10.03 14:50:11.462,1.09928,1.09931,1120000,3190000
2019.10.03 14:50:12.088,1.09925,1.09929,2250000,3250000
2019.10.03 14:50:12.190,1.09925,1.09927,3450000,1000000
2019.10.03 14:50:12.330,1.09924,1.09926,500000,1750000
2019.10.03 14:50:12.482,1.09924,1.09928,6450000,2890000
2019.10.03 14:50:12.634,1.09924,1.09927,600000,1750000
2019.10.03 14:50:12.910,1.09924,1.09928,1950000,1000000
2019.10.03 14:50:13.013,1.09923,1.09927,1450000,2500000
2019.10.03 14:50:13.586,1.09923,1.09925,1870000,750000
2019.10.03 14:50:13.688,1.0992,1.09923,500000,3250000
2019.10.03 14:50:13.801,1.09923,1.09924,600000,750000
2019.10.03 14:50:13.903,1.09923,1.09926,3620000,1500000
2019.10.03 14:50:14.005,1.09922,1.09926,1450000,4500000
2019.10.03 14:50:14.158,1.09922,1.09926,2510000,2440000
2019.10.03 14:50:14.311,1.09922,1.09925,1040000,2250000
2019.10.03 14:50:14.412,1.09923,1.09925,560000,750000
2019.10.03 14:50:14.622,1.09924,1.09926,1390000,750000
2019.10.03 14:50:14.723,1.09923,1.09927,1820000,4500000
2019.10.03 14:50:14.825,1.09924,1.09927,1820000,1500000
2019.10.03 14:50:15.011,1.09923,1.09927,2570000,6750000
2019.10.03 14:50:15.297,1.09923,1.09925,750000,750000
2019.10.03 14:50:15.442,1.0992,1.09923,600000,940000
2019.10.03 14:50:15.493,1.09922,1.09925,1760000,750000
2019.10.03 14:50:15.594,1.09922,1.09925,2160000,750000
2019.10.03 14:50:15.746,1.09921,1.09923,500000,750000
2019.10.03 14:50:15.898,1.0992,1.09923,750000,3190000
2019.10.03 14:50:16.167,1.09921,1.09923,500000,750000
2019.10.03 14:50:16.369,1.0992,1.09923,1500000,1690000
2019.10.03 14:50:16.721,1.09921,1.09923,1120000,750000
2019.10.03 14:50:17.531,1.0992,1.09923,1500000,940000
2019.10.03 14:50:17.683,1.0992,1.09922,500000,940000
2019.10.03 14:50:17.785,1.09919,1.09922,500000,4690000
2019.10.03 14:50:17.900,1.0992,1.09922,500000,2250000
2019.10.03 14:50:18.053,1.09921,1.09922,500000,940000
2019.10.03 14:50:18.743,1.09921,1.09923,3190000,940000
2019.10.03 14:50:19.369,1.0992,1.09923,1870000,1690000
2019.10.03 14:50:19.812,1.0992,1.09923,2120000,1690000
2019.10.03 14:50:20.046,1.0992,1.09923,1310000,1750000
2019.10.03 14:50:20.147,1.09919,1.09923,1570000,3250000
2019.10.03 14:50:20.758,1.09921,1.09923,500000,750000
2019.10.03 14:50:20.868,1.09921,1.09924,3450000,940000
2019.10.03 14:50:20.970,1.09921,1.09923,1120000,940000
2019.10.03 14:50:21.500,1.09922,1.09924,600000,1000000
2019.10.03 14:50:21.614,1.09923,1.09926,3070000,3190000
2019.10.03 14:50:21.665,1.09925,1.09926,1870000,750000
2019.10.03 14:50:21.817,1.09926,1.09927,750000,750000
2019.10.03 14:50:22.220,1.09926,1.09929,1390000,750000
2019.10.03 14:50:22.656,1.09926,1.0993,4760000,3190000
2019.10.03 14:50:22.757,1.09926,1.09929,750000,4190000
2019.10.03 14:50:22.872,1.09926,1.09929,1120000,2440000
2019.10.03 14:50:22.974,1.09926,1.09929,600000,2500000
2019.10.03 14:50:23.505,1.09925,1.09928,1120000,4470000
2019.10.03 14:50:23.608,1.09924,1.09927,1760000,1500000
2019.10.03 14:50:23.712,1.09925,1.09927,2320000,750000
2019.10.03 14:50:23.814,1.09925,1.09926,500000,750000
2019.10.03 14:50:23.967,1.09925,1.09927,1950000,750000
2019.10.03 14:50:24.223,1.09924,1.09927,1200000,940000
2019.10.03 14:50:24.629,1.09924,1.09927,1600000,940000
2019.10.03 14:50:24.730,1.09923,1.09927,1570000,5890000
2019.10.03 14:50:24.833,1.09923,1.09927,1600000,5890000
2019.10.03 14:50:25.420,1.09924,1.09927,1570000,2080000
2019.10.03 14:50:25.521,1.09924,1.09927,1600000,2080000
2019.10.03 14:50:26.752,1.09924,1.09927,1200000,3040000
2019.10.03 14:50:27.009,1.09924,1.09927,1220000,3040000
2019.10.03 14:50:27.919,1.09924,1.09927,820000,2250000
2019.10.03 14:50:28.729,1.09924,1.09926,600000,1690000
2019.10.03 14:50:28.856,1.09924,1.09927,820000,4540000
2019.10.03 14:50:30.358,1.09924,1.09926,600000,4540000
2019.10.03 14:50:30.661,1.09924,1.09927,1570000,1690000
2019.10.03 14:50:30.900,1.09924,1.09926,750000,750000
2019.10.03 14:50:31.051,1.09923,1.09926,820000,4930000
2019.10.03 14:50:31.527,1.09924,1.09926,750000,940000
2019.10.03 14:50:36.087,1.09924,1.09927,4760000,1000000
2019.10.03 14:50:36.207,1.09924,1.09926,750000,1000000
2019.10.03 14:50:37.282,1.09922,1.09923,500000,1870000
2019.10.03 14:50:37.386,1.09921,1.09922,750000,940000
2019.10.03 14:50:37.487,1.09921,1.09923,2890000,750000
2019.10.03 14:50:38.773,1.09919,1.09922,1200000,3640000
2019.10.03 14:50:38.874,1.0992,1.09922,500000,600000
2019.10.03 14:50:41.106,1.0992,1.09923,2140000,3600000
2019.10.03 14:50:43.807,1.09919,1.09923,2140000,2660000
2019.10.03 14:50:43.910,1.09919,1.09922,500000,2510000
2019.10.03 14:50:44.012,1.0992,1.09922,500000,1200000
2019.10.03 14:50:44.164,1.09919,1.09922,1120000,3640000
2019.10.03 14:50:44.337,1.0992,1.09922,1120000,600000
2019.10.03 14:50:44.439,1.09919,1.09922,1120000,3640000
2019.10.03 14:50:44.575,1.0992,1.09922,1120000,750000
2019.10.03 14:50:44.688,1.09919,1.09922,1120000,2140000
2019.10.03 14:50:45.320,1.09919,1.09921,600000,1950000
2019.10.03 14:50:45.421,1.09919,1.09922,2700000,1200000
2019.10.03 14:50:45.472,1.09917,1.09918,1120000,2440000
2019.10.03 14:50:45.573,1.09915,1.09917,820000,1000000
2019.10.03 14:50:45.674,1.09914,1.09916,500000,2120000
2019.10.03 14:50:45.776,1.09912,1.09916,1950000,1370000
2019.10.03 14:50:45.878,1.09911,1.09913,3000000,1690000
2019.10.03 14:50:45.980,1.09909,1.09911,500000,1000000
2019.10.03 14:50:46.082,1.0991,1.09914,2910000,1690000
2019.10.03 14:50:46.473,1.0991,1.09912,600000,1310000
2019.10.03 14:50:46.581,1.0991,1.09913,4200000,1310000
2019.10.03 14:50:48.208,1.09909,1.09911,560000,940000
2019.10.03 14:50:48.310,1.09909,1.09912,3070000,1000000
2019.10.03 14:50:48.362,1.09908,1.09911,1120000,2270000
2019.10.03 14:50:48.515,1.09907,1.0991,1870000,1570000
2019.10.03 14:50:48.618,1.09908,1.09909,3560000,1500000
2019.10.03 14:50:48.796,1.09908,1.0991,2810000,750000
2019.10.03 14:50:48.899,1.09907,1.09909,1570000,750000
2019.10.03 14:50:49.001,1.09906,1.09908,1500000,1690000
2019.10.03 14:50:49.496,1.09905,1.09907,500000,1000000
2019.10.03 14:50:49.597,1.09905,1.09908,640000,1750000
2019.10.03 14:50:49.764,1.09904,1.09906,1000000,750000
2019.10.03 14:50:49.866,1.09903,1.09905,2440000,940000
2019.10.03 14:50:49.968,1.09904,1.09906,2140000,750000
2019.10.03 14:50:50.096,1.09903,1.09906,2140000,750000
2019.10.03 14:50:50.299,1.09903,1.09905,1200000,2250000
2019.10.03 14:50:50.451,1.09903,1.09904,1690000,1500000
2019.10.03 14:50:50.553,1.099,1.09901,1500000,1310000
2019.10.03 14:50:50.690,1.09903,1.09904,940000,500000
2019.10.03 14:50:50.792,1.09902,1.09906,1950000,1750000
2019.10.03 14:50:50.893,1.09902,1.09905,2700000,1000000
2019.10.03 14:50:50.944,1.09902,1.09904,3260000,750000
2019.10.03 14:50:51.045,1.09902,1.09903,600000,1500000
2019.10.03 14:50:51.146,1.09902,1.09904,1690000,750000
2019.10.03 14:50:51.353,1.09901,1.09904,2890000,500000
2019.10.03 14:50:51.952,1.09901,1.09902,500000,500000
2019.10.03 14:50:52.101,1.09899,1.09903,1600000,7900000
2019.10.03 14:50:52.325,1.09899,1.09903,750000,2500000
2019.10.03 14:50:52.992,1.09899,1.09902,750000,2570000
2019.10.03 14:50:53.562,1.099,1.09903,1120000,940000
2019.10.03 14:50:53.729,1.09901,1.09903,750000,750000
2019.10.03 14:50:53.831,1.09901,1.09904,1760000,1500000
2019.10.03 14:50:54.228,1.09901,1.09903,500000,1500000
2019.10.03 14:50:54.392,1.099,1.09904,2060000,5440000
2019.10.03 14:50:54.493,1.09901,1.09904,560000,2250000
2019.10.03 14:50:54.595,1.09903,1.09905,750000,750000
2019.10.03 14:50:54.798,1.09903,1.09904,500000,750000
2019.10.03 14:50:54.901,1.09899,1.09902,1200000,2870000
2019.10.03 14:50:55.104,1.09898,1.099,500000,3340000
2019.10.03 14:50:55.430,1.099,1.09902,3640000,750000
2019.10.03 14:50:55.533,1.09901,1.09904,8060000,5620000
2019.10.03 14:50:55.665,1.09902,1.09903,750000,2250000
2019.10.03 14:50:55.718,1.09902,1.09905,1120000,1010000
2019.10.03 14:50:56.093,1.09902,1.09904,750000,1500000
2019.10.03 14:50:56.470,1.09902,1.09905,940000,750000
2019.10.03 14:50:56.571,1.09903,1.09906,2810000,940000
2019.10.03 14:50:57.027,1.09902,1.09906,4000000,2060000
2019.10.03 14:50:57.941,1.09902,1.09906,5950000,1750000
2019.10.03 14:50:58.042,1.09902,1.09905,940000,2060000
2019.10.03 14:50:58.144,1.09902,1.09905,940000,2870000
2019.10.03 14:50:58.683,1.099,1.09902,1120000,2160000
2019.10.03 14:50:58.784,1.09898,1.099,500000,3000000
2019.10.03 14:50:58.909,1.09897,1.099,2620000,940000
2019.10.03 14:50:59.013,1.09897,1.09899,940000,750000
2019.10.03 14:50:59.537,1.09896,1.09899,940000,750000
2019.10.03 14:51:00.006,1.09897,1.09899,2810000,750000
2019.10.03 14:51:00.113,1.09896,1.09899,1310000,750000
2019.10.03 14:51:00.215,1.09895,1.09899,4750000,3560000
2019.10.03 14:51:00.316,1.09895,1.09897,1000000,2250000
2019.10.03 14:51:00.418,1.09894,1.09896,940000,750000
2019.10.03 14:51:00.519,1.09893,1.09896,2250000,750000
2019.10.03 14:51:00.665,1.09893,1.09895,940000,750000
2019.10.03 14:51:00.766,1.09893,1.09895,1000000,750000
2019.10.03 14:51:01.216,1.09892,1.09895,1000000,1870000
2019.10.03 14:51:01.318,1.09894,1.09896,940000,560000
2019.10.03 14:51:01.420,1.09893,1.09897,3250000,3750000
2019.10.03 14:51:01.522,1.09893,1.09897,3000000,4070000
2019.10.03 14:51:01.741,1.09893,1.09897,1750000,4500000
2019.10.03 14:51:01.843,1.09893,1.09897,1750000,5720000
2019.10.03 14:51:02.109,1.09893,1.09897,4820000,4200000
2019.10.03 14:51:02.255,1.09892,1.09894,1000000,1950000
2019.10.03 14:51:02.305,1.09891,1.09893,940000,750000
2019.10.03 14:51:02.407,1.0989,1.09892,1690000,1120000
2019.10.03 14:51:02.720,1.09891,1.09892,2060000,750000
2019.10.03 14:51:02.822,1.0989,1.09892,1000000,750000
2019.10.03 14:51:02.927,1.09891,1.09894,3250000,1500000
2019.10.03 14:51:03.028,1.09891,1.09894,1000000,1500000
2019.10.03 14:51:03.588,1.09891,1.09894,1000000,820000
2019.10.03 14:51:03.741,1.0989,1.09893,560000,2450000
2019.10.03 14:51:03.842,1.09892,1.09894,940000,1500000
2019.10.03 14:51:03.944,1.0989,1.09893,1000000,4520000
2019.10.03 14:51:04.096,1.0989,1.09892,1000000,3200000
2019.10.03 14:51:04.392,1.09891,1.09892,940000,750000
2019.10.03 14:51:04.443,1.09892,1.09894,1750000,1500000
2019.10.03 14:51:04.493,1.09894,1.09895,940000,750000
2019.10.03 14:51:04.595,1.09894,1.09897,750000,750000
2019.10.03 14:51:04.701,1.09894,1.09897,750000,940000
2019.10.03 14:51:04.803,1.09895,1.09897,500000,750000
2019.10.03 14:51:06.092,1.09894,1.09897,1310000,1500000
2019.10.03 14:51:06.546,1.09892,1.09894,1000000,750000
2019.10.03 14:51:06.648,1.0989,1.09893,1690000,1400000
2019.10.03 14:51:06.750,1.0989,1.09893,1690000,1400000
2019.10.03 14:51:06.852,1.0989,1.09893,1690000,1120000
2019.10.03 14:51:07.122,1.09891,1.09894,1820000,1500000
2019.10.03 14:51:07.275,1.09891,1.09893,940000,750000
2019.10.03 14:51:07.501,1.09892,1.09893,940000,2250000
2019.10.03 14:51:07.602,1.09893,1.09895,3250000,750000
2019.10.03 14:51:08.233,1.09891,1.09895,1820000,2620000
2019.10.03 14:51:09.498,1.09892,1.09894,1750000,750000
2019.10.03 14:51:09.600,1.09892,1.09894,750000,940000
2019.10.03 14:51:09.905,1.09891,1.09894,1000000,1500000
2019.10.03 14:51:10.007,1.09891,1.09893,750000,2250000
2019.10.03 14:51:10.169,1.09891,1.09894,2060000,1500000
2019.10.03 14:51:10.271,1.09891,1.09893,750000,1500000
2019.10.03 14:51:10.373,1.09891,1.09895,1000000,6730000
2019.10.03 14:51:10.524,1.09892,1.09895,1070000,750000
2019.10.03 14:51:10.676,1.09893,1.09895,1070000,750000
2019.10.03 14:51:10.879,1.0989,1.09892,750000,520000
2019.10.03 14:51:10.981,1.09889,1.09892,940000,4770000
2019.10.03 14:51:11.112,1.09889,1.09893,3190000,3460000
2019.10.03 14:51:11.214,1.09889,1.09893,4690000,4220000
2019.10.03 14:51:11.315,1.0989,1.09892,1500000,750000
2019.10.03 14:51:11.416,1.09889,1.09892,750000,5720000
2019.10.03 14:51:11.517,1.09889,1.09893,4690000,5370000
2019.10.03 14:51:11.873,1.09889,1.09892,750000,7620000
2019.10.03 14:51:11.975,1.09889,1.09893,4690000,5370000
2019.10.03 14:51:12.177,1.09892,1.09894,4070000,1500000
2019.10.03 14:51:12.279,1.09892,1.09896,1140000,3070000
2019.10.03 14:51:12.430,1.09893,1.09897,7190000,1500000
2019.10.03 14:51:12.532,1.09893,1.09897,4190000,2620000
2019.10.03 14:51:12.633,1.09894,1.09897,1750000,750000
2019.10.03 14:51:12.735,1.09894,1.09898,3070000,2060000
2019.10.03 14:51:12.837,1.09894,1.09897,750000,2440000
2019.10.03 14:51:13.116,1.09894,1.09897,1750000,750000
2019.10.03 14:51:13.218,1.09892,1.09895,1690000,1140000
2019.10.03 14:51:13.319,1.09892,1.09895,6700000,840000
2019.10.03 14:51:13.706,1.0989,1.09894,4690000,1030000
2019.10.03 14:51:13.975,1.09891,1.09894,2060000,3370000
2019.10.03 14:51:14.127,1.09891,1.09893,750000,840000
2019.10.03 14:51:14.229,1.09891,1.09894,3560000,840000
2019.10.03 14:51:14.525,1.09891,1.09893,1120000,840000
2019.10.03 14:51:14.679,1.09889,1.09893,1120000,7090000
2019.10.03 14:51:15.941,1.09889,1.0989,1310000,2250000
2019.10.03 14:51:16.000,1.09885,1.09887,1500000,1000000
2019.10.03 14:51:16.101,1.09884,1.09888,3750000,2830000
2019.10.03 14:51:16.253,1.09884,1.09887,750000,940000
2019.10.03 14:51:16.354,1.09884,1.09888,3190000,940000
2019.10.03 14:51:16.737,1.09884,1.09887,750000,3580000
2019.10.03 14:51:16.839,1.09884,1.09888,3260000,940000
2019.10.03 14:51:16.946,1.09884,1.09887,750000,3660000
2019.10.03 14:51:17.098,1.09884,1.09888,2510000,1760000
2019.10.03 14:51:18.366,1.09886,1.09889,4000000,2500000
2019.10.03 14:51:18.467,1.09886,1.09889,750000,2500000
2019.10.03 14:51:18.573,1.09886,1.0989,2250000,2500000
2019.10.03 14:51:18.966,1.09886,1.09889,940000,1500000
2019.10.03 14:51:19.313,1.09887,1.09888,750000,750000
2019.10.03 14:51:19.465,1.09886,1.09889,940000,900000
2019.10.03 14:51:19.921,1.09885,1.09888,750000,5160000
2019.10.03 14:51:20.022,1.09886,1.09889,2060000,1500000
2019.10.03 14:51:20.135,1.09886,1.09889,2250000,1820000
2019.10.03 14:51:20.287,1.09888,1.0989,1200000,750000
2019.10.03 14:51:20.484,1.09889,1.0989,1310000,750000
2019.10.03 14:51:20.586,1.09888,1.0989,1690000,2250000
2019.10.03 14:51:20.688,1.09886,1.09889,4000000,940000
2019.10.03 14:51:21.491,1.09884,1.09888,560000,3260000
2019.10.03 14:51:22.800,1.09885,1.09888,940000,950000
2019.10.03 14:51:23.903,1.09886,1.09889,1750000,1570000
2019.10.03 14:51:24.005,1.09887,1.09889,3620000,750000
2019.10.03 14:51:24.107,1.09886,1.09889,2120000,950000
2019.10.03 14:51:24.506,1.09885,1.09889,2870000,3200000
2019.10.03 14:51:25.207,1.09885,1.09888,940000,3270000
2019.10.03 14:51:25.308,1.09885,1.09888,1310000,3200000
2019.10.03 14:51:25.437,1.09885,1.09887,750000,3200000
2019.10.03 14:51:25.539,1.09881,1.09884,3000000,1750000
2019.10.03 14:51:25.590,1.0988,1.09883,750000,3940000
2019.10.03 14:51:25.691,1.0988,1.09882,750000,2510000
2019.10.03 14:51:25.793,1.0988,1.09882,2440000,750000
2019.10.03 14:51:25.900,1.09879,1.09882,2440000,1500000
2019.10.03 14:51:26.307,1.0988,1.09883,1000000,750000
2019.10.03 14:51:26.443,1.09883,1.09886,1040000,2250000
2019.10.03 14:51:26.544,1.09883,1.09884,1310000,750000
2019.10.03 14:51:26.646,1.09882,1.09884,560000,750000
2019.10.03 14:51:26.747,1.09881,1.09884,940000,2250000
2019.10.03 14:51:27.324,1.09883,1.09886,1450000,2250000
2019.10.03 14:51:27.646,1.09883,1.09887,1370000,2250000
2019.10.03 14:51:27.748,1.09882,1.09884,2440000,820000
2019.10.03 14:51:27.850,1.09881,1.09884,1760000,1500000
2019.10.03 14:51:27.970,1.09879,1.09882,2500000,2250000
2019.10.03 14:51:28.124,1.09878,1.09881,940000,5250000
2019.10.03 14:51:28.225,1.09875,1.09877,500000,2970000
2019.10.03 14:51:28.327,1.09876,1.09879,1500000,940000
2019.10.03 14:51:28.378,1.09875,1.09878,1750000,1760000
2019.10.03 14:51:28.510,1.09877,1.09879,2250000,1500000
2019.10.03 14:51:29.177,1.09878,1.0988,2060000,2250000
2019.10.03 14:51:29.279,1.09878,1.09881,3190000,750000
2019.10.03 14:51:29.380,1.09879,1.0988,750000,750000
2019.10.03 14:51:29.568,1.09878,1.09881,1690000,3000000
2019.10.03 14:51:29.729,1.09879,1.09882,1750000,1690000
2019.10.03 14:51:29.830,1.09879,1.0988,940000,750000
2019.10.03 14:51:30.084,1.09879,1.09881,750000,750000
2019.10.03 14:51:30.693,1.09878,1.09882,1690000,5440000
2019.10.03 14:51:30.814,1.09879,1.09881,750000,750000
2019.10.03 14:51:31.106,1.09878,1.09882,1690000,5440000
2019.10.03 14:51:31.383,1.09878,1.09879,750000,1500000
2019.10.03 14:51:31.485,1.09877,1.0988,1690000,750000
2019.10.03 14:51:31.589,1.09877,1.09879,750000,750000
2019.10.03 14:51:31.690,1.09876,1.09879,750000,3940000
2019.10.03 14:51:31.944,1.09877,1.09878,750000,750000
2019.10.03 14:51:32.119,1.09876,1.09879,940000,3750000
2019.10.03 14:51:32.220,1.09877,1.0988,1500000,1120000
2019.10.03 14:51:32.322,1.09877,1.09878,500000,940000
2019.10.03 14:51:32.922,1.09875,1.09878,750000,4010000
2019.10.03 14:51:33.023,1.09876,1.09878,2810000,750000
2019.10.03 14:51:33.358,1.09876,1.09878,3250000,1500000
2019.10.03 14:51:33.468,1.09876,1.09878,940000,750000
2019.10.03 14:51:33.671,1.09877,1.0988,2060000,1120000
2019.10.03 14:51:34.054,1.09876,1.09879,1500000,5870000
2019.10.03 14:51:34.156,1.09877,1.09878,1310000,1500000
2019.10.03 14:51:34.319,1.09876,1.09879,2120000,750000
2019.10.03 14:51:34.371,1.09874,1.09879,4850000,5660000
2019.10.03 14:51:34.422,1.09874,1.09878,820000,5720000
2019.10.03 14:51:34.473,1.09874,1.09878,1010000,5660000
2019.10.03 14:51:34.574,1.09875,1.09878,940000,750000
2019.10.03 14:51:34.782,1.09875,1.09877,1500000,750000
2019.10.03 14:51:35.238,1.09876,1.09878,750000,750000
2019.10.03 14:51:35.342,1.09876,1.09879,3640000,750000
2019.10.03 14:51:35.443,1.09875,1.09878,1500000,1650000
2019.10.03 14:51:36.332,1.09877,1.09879,940000,750000
2019.10.03 14:51:36.433,1.09876,1.09878,1500000,2250000
2019.10.03 14:51:36.534,1.09876,1.09878,1750000,750000
2019.10.03 14:51:36.723,1.09875,1.09876,2440000,900000
2019.10.03 14:51:36.825,1.09873,1.09875,750000,820000
2019.10.03 14:51:37.027,1.09872,1.09874,1690000,940000
2019.10.03 14:51:37.128,1.09872,1.09873,750000,750000
2019.10.03 14:51:37.495,1.09871,1.09874,1690000,2250000
2019.10.03 14:51:37.951,1.09873,1.09875,940000,750000
2019.10.03 14:51:38.052,1.09873,1.09876,1500000,3190000
2019.10.03 14:51:38.154,1.09873,1.09877,1690000,3190000
2019.10.03 14:51:38.255,1.09873,1.09875,3190000,1500000
2019.10.03 14:51:38.357,1.09872,1.09874,750000,1500000
2019.10.03 14:51:38.497,1.09872,1.09875,3190000,1570000
2019.10.03 14:51:38.598,1.09872,1.09874,2250000,1870000
2019.10.03 14:51:38.750,1.09871,1.09874,750000,1690000
2019.10.03 14:51:39.107,1.09872,1.09874,1500000,750000
2019.10.03 14:51:39.477,1.09871,1.09874,1500000,1690000
2019.10.03 14:51:39.630,1.09871,1.09875,3190000,2440000
2019.10.03 14:51:39.920,1.09872,1.09875,940000,750000
2019.10.03 14:51:40.022,1.09872,1.09875,2440000,1750000
2019.10.03 14:51:40.436,1.09872,1.09874,940000,750000
2019.10.03 14:51:40.846,1.09872,1.09875,2440000,750000
2019.10.03 14:51:40.948,1.09872,1.09873,750000,750000
2019.10.03 14:51:40.999,1.09869,1.09871,750000,2860000
2019.10.03 14:51:41.050,1.09869,1.09871,1500000,640000
2019.10.03 14:51:41.151,1.09868,1.0987,750000,4500000
2019.10.03 14:51:41.253,1.09868,1.09871,1690000,3100000
2019.10.03 14:51:41.405,1.09868,1.09871,1690000,3100000
2019.10.03 14:51:41.566,1.09868,1.09871,1690000,3100000
2019.10.03 14:51:41.878,1.09866,1.09869,940000,2350000
2019.10.03 14:51:42.000,1.09866,1.09869,1500000,3190000
2019.10.03 14:51:42.101,1.09866,1.09868,500000,1690000
2019.10.03 14:51:42.304,1.09866,1.09869,750000,3560000
2019.10.03 14:51:42.457,1.09865,1.09868,750000,2570000
2019.10.03 14:51:42.558,1.09865,1.09869,3190000,940000
2019.10.03 14:51:42.680,1.09865,1.09869,3000000,1750000
2019.10.03 14:51:43.479,1.09867,1.09871,2870000,750000
2019.10.03 14:51:43.834,1.09868,1.0987,1500000,750000
2019.10.03 14:51:43.935,1.09867,1.0987,1500000,1690000
2019.10.03 14:51:44.037,1.09866,1.09869,1500000,3190000
2019.10.03 14:51:44.144,1.09866,1.09868,750000,750000
2019.10.03 14:51:44.245,1.09866,1.09867,750000,2250000
2019.10.03 14:51:44.599,1.09866,1.09868,750000,1570000
2019.10.03 14:51:44.842,1.09865,1.09867,750000,3070000
2019.10.03 14:51:44.943,1.09864,1.09866,1570000,1690000
2019.10.03 14:51:45.046,1.09863,1.09865,750000,2250000
2019.10.03 14:51:45.097,1.09863,1.09868,6640000,5810000
2019.10.03 14:51:45.202,1.09866,1.09869,1690000,750000
2019.10.03 14:51:45.303,1.09866,1.09868,750000,1010000
2019.10.03 14:51:45.405,1.09866,1.09869,1500000,1690000
2019.10.03 14:51:45.936,1.09867,1.09869,750000,750000
2019.10.03 14:51:46.038,1.09866,1.09869,750000,1690000
2019.10.03 14:51:46.613,1.09866,1.09868,750000,1500000
2019.10.03 14:51:46.715,1.09866,1.09869,1690000,750000
2019.10.03 14:51:46.866,1.09868,1.0987,750000,750000
2019.10.03 14:51:46.918,1.09868,1.09872,4570000,1000000
2019.10.03 14:51:46.969,1.0987,1.09872,820000,1000000
2019.10.03 14:51:47.072,1.0987,1.09872,820000,750000
2019.10.03 14:51:47.553,1.09869,1.09873,750000,4070000
2019.10.03 14:51:48.321,1.09872,1.09875,3320000,1500000
2019.10.03 14:51:48.428,1.09873,1.09876,1690000,750000
2019.10.03 14:51:48.529,1.09872,1.09875,750000,1820000
2019.10.03 14:51:48.782,1.09871,1.09874,750000,2870000
2019.10.03 14:51:48.883,1.09871,1.09874,2120000,1690000
2019.10.03 14:51:49.133,1.09872,1.09874,3000000,750000
2019.10.03 14:51:49.235,1.09871,1.09874,2250000,1690000
2019.10.03 14:51:49.488,1.09873,1.09876,1750000,750000
2019.10.03 14:51:49.603,1.09874,1.09877,1750000,750000
2019.10.03 14:51:49.706,1.09874,1.09878,1070000,820000
2019.10.03 14:51:50.185,1.09877,1.09879,1000000,750000
2019.10.03 14:51:50.337,1.09877,1.09879,1500000,1750000
2019.10.03 14:51:52.238,1.09877,1.0988,3190000,1000000
2019.10.03 14:51:52.340,1.09877,1.09879,750000,1000000
2019.10.03 14:51:52.391,1.09878,1.09882,10450000,1750000
2019.10.03 14:51:52.925,1.09878,1.0988,750000,2250000
2019.10.03 14:51:53.179,1.09879,1.09881,2250000,750000
2019.10.03 14:51:53.376,1.09881,1.09883,1500000,1690000
2019.10.03 14:51:53.436,1.09884,1.09886,1000000,750000
2019.10.03 14:51:53.487,1.09884,1.09887,3560000,750000
2019.10.03 14:51:53.588,1.09885,1.09887,940000,750000
2019.10.03 14:51:54.009,1.09883,1.09887,1690000,5810000
2019.10.03 14:51:54.201,1.09883,1.09885,750000,4760000
2019.10.03 14:51:54.304,1.09881,1.09883,750000,1000000
2019.10.03 14:51:54.354,1.09879,1.09884,2440000,5120000
2019.10.03 14:51:54.456,1.09879,1.09883,500000,4000000
2019.10.03 14:51:54.506,1.09881,1.09883,500000,1000000
2019.10.03 14:51:54.657,1.09879,1.09883,500000,6250000
2019.10.03 14:51:55.758,1.0988,1.09882,750000,940000
2019.10.03 14:51:55.988,1.0988,1.09883,750000,940000
2019.10.03 14:51:56.312,1.09881,1.09884,3190000,1000000
2019.10.03 14:51:56.414,1.0988,1.09883,940000,1000000
2019.10.03 14:51:56.698,1.09879,1.09883,940000,3560000
2019.10.03 14:51:56.749,1.09878,1.09881,2060000,2250000
2019.10.03 14:51:57.553,1.09878,1.0988,750000,2250000
2019.10.03 14:51:57.654,1.09879,1.09881,1690000,750000
2019.10.03 14:51:57.756,1.0988,1.09881,940000,750000
2019.10.03 14:51:57.919,1.0988,1.09882,750000,1690000
2019.10.03 14:51:58.020,1.0988,1.09883,1690000,1500000
2019.10.03 14:52:00.170,1.09881,1.09884,940000,1750000
2019.10.03 14:52:00.271,1.09884,1.09886,750000,2250000
2019.10.03 14:52:00.373,1.09884,1.09887,750000,2510000
2019.10.03 14:52:00.523,1.09884,1.09888,3370000,2500000
2019.10.03 14:52:01.569,1.09886,1.09888,500000,1690000
2019.10.03 14:52:01.720,1.09887,1.0989,3560000,750000
2019.10.03 14:52:01.984,1.09886,1.0989,2890000,2440000
2019.10.03 14:52:02.114,1.09887,1.0989,1120000,3190000
2019.10.03 14:52:02.217,1.09888,1.09891,750000,3190000
2019.10.03 14:52:02.320,1.09888,1.0989,750000,750000
2019.10.03 14:52:02.422,1.09887,1.09889,750000,3460000
2019.10.03 14:52:02.637,1.09887,1.09889,750000,4890000
2019.10.03 14:52:02.738,1.09888,1.0989,750000,750000
2019.10.03 14:52:02.840,1.09888,1.09891,560000,1500000
2019.10.03 14:52:02.981,1.09886,1.0989,1000000,4250000
2019.10.03 14:52:03.777,1.09888,1.09891,1570000,3560000
2019.10.03 14:52:03.828,1.0989,1.09891,1500000,750000
2019.10.03 14:52:03.948,1.09893,1.09897,1910000,750000
2019.10.03 14:52:04.050,1.09895,1.09898,1000000,2250000
2019.10.03 14:52:04.151,1.09896,1.09899,1750000,2250000
2019.10.03 14:52:04.202,1.09897,1.09901,7370000,1500000
2019.10.03 14:52:04.303,1.09896,1.099,1310000,3260000
2019.10.03 14:52:04.619,1.09897,1.09901,3320000,750000
2019.10.03 14:52:04.922,1.09899,1.09901,1310000,750000
2019.10.03 14:52:05.051,1.09898,1.09901,1870000,1690000
2019.10.03 14:52:05.154,1.09897,1.099,560000,1070000
2019.10.03 14:52:05.255,1.09896,1.099,750000,6480000
2019.10.03 14:52:05.515,1.09896,1.099,560000,5670000
2019.10.03 14:52:05.637,1.09896,1.099,2500000,2750000
2019.10.03 14:52:05.840,1.09893,1.09896,750000,3190000
2019.10.03 14:52:06.640,1.09895,1.09897,750000,750000
2019.10.03 14:52:06.742,1.09898,1.09899,1690000,500000
2019.10.03 14:52:06.793,1.09898,1.09902,5220000,1500000
2019.10.03 14:52:07.132,1.09899,1.09903,5750000,750000
2019.10.03 14:52:07.233,1.099,1.09903,2160000,1500000
2019.10.03 14:52:07.334,1.099,1.09903,1760000,1500000
2019.10.03 14:52:07.750,1.09899,1.09902,750000,1760000
2019.10.03 14:52:07.852,1.09899,1.09903,2060000,2160000
2019.10.03 14:52:07.954,1.09899,1.09902,1750000,940000
2019.10.03 14:52:08.250,1.09898,1.099,940000,1760000
2019.10.03 14:52:09.414,1.09898,1.099,1000000,750000
2019.10.03 14:52:09.818,1.09897,1.099,1000000,1500000
2019.10.03 14:52:09.925,1.09895,1.09899,1870000,5570000
2019.10.03 14:52:10.027,1.09895,1.09897,1500000,750000
2019.10.03 14:52:10.078,1.09893,1.09896,940000,2320000
2019.10.03 14:52:10.205,1.09893,1.09895,2060000,750000
2019.10.03 14:52:10.256,1.09891,1.09894,500000,560000
2019.10.03 14:52:10.711,1.0989,1.09895,3260000,4000000
2019.10.03 14:52:11.203,1.09893,1.09895,1010000,500000
2019.10.03 14:52:11.304,1.09891,1.09896,2540000,6320000
2019.10.03 14:52:11.713,1.09892,1.09896,2810000,1690000
2019.10.03 14:52:12.092,1.09895,1.09897,1220000,2250000
2019.10.03 14:52:12.193,1.09896,1.099,5120000,3470000
2019.10.03 14:52:12.295,1.09898,1.099,940000,1500000
2019.10.03 14:52:12.397,1.09897,1.09901,3070000,3620000
2019.10.03 14:52:12.533,1.09898,1.099,500000,750000
2019.10.03 14:52:12.909,1.099,1.09902,3640000,1500000
2019.10.03 14:52:13.010,1.099,1.09904,2500000,4000000
2019.10.03 14:52:13.161,1.09901,1.09902,500000,750000
2019.10.03 14:52:13.475,1.09901,1.09904,1950000,940000
2019.10.03 14:52:13.526,1.09903,1.09905,1270000,1500000
2019.10.03 14:52:13.684,1.09902,1.09905,940000,900000
2019.10.03 14:52:13.786,1.09903,1.09905,1500000,1000000
2019.10.03 14:52:13.837,1.09901,1.09906,2500000,3260000
2019.10.03 14:52:14.192,1.09901,1.09904,500000,1750000
2019.10.03 14:52:14.294,1.09901,1.09904,820000,2440000
2019.10.03 14:52:14.413,1.099,1.09904,1390000,4390000
2019.10.03 14:52:14.514,1.09901,1.09904,2060000,750000
2019.10.03 14:52:14.615,1.099,1.09904,1390000,4390000
2019.10.03 14:52:14.666,1.09901,1.09904,940000,2500000
2019.10.03 14:52:14.717,1.099,1.09904,560000,4310000
2019.10.03 14:52:15.800,1.099,1.09905,5060000,2950000
2019.10.03 14:52:15.902,1.099,1.09905,5190000,2720000
2019.10.03 14:52:16.004,1.099,1.09904,500000,3150000
2019.10.03 14:52:16.105,1.099,1.09905,3630000,6530000
2019.10.03 14:52:16.378,1.09901,1.09906,5950000,4000000
2019.10.03 14:52:16.463,1.09904,1.09907,1100000,1500000
2019.10.03 14:52:16.514,1.09905,1.09909,7370000,2250000
2019.10.03 14:52:16.615,1.09905,1.09909,1310000,2440000
2019.10.03 14:52:16.666,1.09905,1.09907,750000,940000
2019.10.03 14:52:16.717,1.09905,1.09909,2810000,3940000
2019.10.03 14:52:16.818,1.09906,1.09909,1310000,750000
2019.10.03 14:52:16.920,1.09906,1.0991,1690000,1690000
2019.10.03 14:52:17.398,1.09908,1.0991,2440000,940000
2019.10.03 14:52:17.499,1.0991,1.09911,940000,2250000
2019.10.03 14:52:17.616,1.09908,1.09913,5120000,4760000
2019.10.03 14:52:17.768,1.09907,1.09911,1120000,4070000
2019.10.03 14:52:17.869,1.09907,1.09911,1370000,3000000
2019.10.03 14:52:18.192,1.09906,1.0991,1760000,3260000
2019.10.03 14:52:18.446,1.09907,1.0991,1120000,1010000
2019.10.03 14:52:18.548,1.09909,1.09911,3700000,1500000
2019.10.03 14:52:18.658,1.09909,1.09912,1750000,940000
2019.10.03 14:52:18.760,1.09908,1.09911,2060000,750000
2019.10.03 14:52:18.862,1.09907,1.09911,2910000,2810000
2019.10.03 14:52:18.963,1.09907,1.09911,1760000,4390000
2019.10.03 14:52:19.115,1.09909,1.09911,600000,2250000
2019.10.03 14:52:19.169,1.0991,1.09913,1000000,2250000
2019.10.03 14:52:19.220,1.0991,1.09914,1760000,4390000
2019.10.03 14:52:19.322,1.09911,1.09913,940000,940000
2019.10.03 14:52:19.731,1.0991,1.09913,940000,2250000
2019.10.03 14:52:19.934,1.09909,1.09913,1750000,4750000
2019.10.03 14:52:21.134,1.09909,1.09912,1120000,1500000
2019.10.03 14:52:21.286,1.09909,1.09913,4390000,750000
2019.10.03 14:52:21.387,1.09908,1.09912,750000,5060000
2019.10.03 14:52:22.285,1.09908,1.09911,500000,1690000
2019.10.03 14:52:22.387,1.09907,1.0991,750000,1690000
2019.10.03 14:52:22.489,1.09907,1.09909,750000,750000
2019.10.03 14:52:22.900,1.0991,1.09911,1500000,1500000
2019.10.03 14:52:22.951,1.09912,1.09915,1940000,3190000
2019.10.03 14:52:23.052,1.09912,1.09914,750000,1260000
2019.10.03 14:52:23.153,1.09912,1.09914,750000,750000
2019.10.03 14:52:23.463,1.09912,1.09915,1500000,4000000
2019.10.03 14:52:23.565,1.09912,1.09915,3250000,1760000
2019.10.03 14:52:24.907,1.09913,1.09914,750000,750000
2019.10.03 14:52:25.008,1.09912,1.09914,750000,750000
2019.10.03 14:52:25.110,1.09913,1.09916,2060000,750000
2019.10.03 14:52:25.160,1.09912,1.09914,750000,3000000
2019.10.03 14:52:25.626,1.09912,1.09913,750000,750000
2019.10.03 14:52:27.242,1.0991,1.09911,750000,1690000
2019.10.03 14:52:27.355,1.09909,1.0991,750000,750000
2019.10.03 14:52:27.406,1.09907,1.09909,750000,940000
2019.10.03 14:52:27.558,1.09906,1.09909,750000,3940000
2019.10.03 14:52:27.672,1.09907,1.09909,750000,750000
2019.10.03 14:52:27.773,1.09906,1.0991,3560000,3940000
2019.10.03 14:52:28.000,1.0991,1.09911,1080000,1500000
2019.10.03 14:52:28.051,1.09911,1.09914,620000,940000
2019.10.03 14:52:28.102,1.09909,1.09912,500000,5970000
2019.10.03 14:52:28.153,1.09909,1.0991,750000,2250000
2019.10.03 14:52:28.254,1.09908,1.0991,750000,1500000
2019.10.03 14:52:28.376,1.09909,1.0991,1120000,750000
2019.10.03 14:52:28.477,1.09908,1.0991,1120000,750000
2019.10.03 14:52:28.731,1.09906,1.0991,1390000,4390000
2019.10.03 14:52:29.636,1.09907,1.0991,1390000,1500000
2019.10.03 14:52:29.737,1.09906,1.0991,1570000,6070000
2019.10.03 14:52:29.940,1.09907,1.0991,2140000,1500000
2019.10.03 14:52:30.147,1.09906,1.0991,1390000,5140000
2019.10.03 14:52:31.139,1.09907,1.0991,2890000,1500000
2019.10.03 14:52:31.270,1.09906,1.0991,2140000,5510000
2019.10.03 14:52:31.736,1.09907,1.0991,2140000,1500000
2019.10.03 14:52:32.889,1.09907,1.09911,600000,4000000
2019.10.03 14:52:32.990,1.09908,1.09912,3640000,1690000
2019.10.03 14:52:33.500,1.09909,1.09912,940000,750000
2019.10.03 14:52:33.601,1.09911,1.09913,750000,1500000
2019.10.03 14:52:33.703,1.09911,1.09914,940000,1500000
2019.10.03 14:52:33.823,1.09912,1.09914,940000,750000
2019.10.03 14:52:33.925,1.09911,1.09915,2500000,2250000
2019.10.03 14:52:34.171,1.09913,1.09916,940000,2250000
2019.10.03 14:52:34.326,1.09913,1.09915,1500000,1690000
2019.10.03 14:52:35.103,1.09914,1.09916,1570000,750000
2019.10.03 14:52:35.255,1.09913,1.09915,750000,4500000
2019.10.03 14:52:35.356,1.09913,1.09915,750000,4690000
2019.10.03 14:52:35.407,1.09914,1.09916,1570000,750000
2019.10.03 14:52:35.508,1.09913,1.09915,1500000,2640000
2019.10.03 14:52:35.660,1.09912,1.09914,750000,4140000
2019.10.03 14:52:36.244,1.09911,1.09914,750000,1690000
2019.10.03 14:52:36.388,1.09909,1.0991,750000,2620000
2019.10.03 14:52:36.856,1.0991,1.09912,3750000,750000
2019.10.03 14:52:37.106,1.09914,1.09915,1010000,2250000
2019.10.03 14:52:37.158,1.09914,1.09918,5220000,1500000
2019.10.03 14:52:37.310,1.09914,1.09916,750000,2250000
2019.10.03 14:52:37.411,1.09914,1.09917,940000,1500000
2019.10.03 14:52:37.563,1.09914,1.09917,750000,1750000
2019.10.03 14:52:37.715,1.09915,1.09917,750000,2810000
2019.10.03 14:52:38.172,1.09914,1.09917,940000,3750000
2019.10.03 14:52:38.308,1.09916,1.09918,1760000,750000
2019.10.03 14:52:38.409,1.09915,1.09917,940000,1500000
2019.10.03 14:52:39.010,1.09915,1.09918,1120000,1690000
2019.10.03 14:52:39.417,1.09914,1.09915,500000,1500000
2019.10.03 14:52:39.733,1.09915,1.09918,2950000,750000
2019.10.03 14:52:39.834,1.09914,1.09917,3190000,2250000
2019.10.03 14:52:39.936,1.09915,1.09917,940000,750000
2019.10.03 14:52:40.088,1.09914,1.09918,2200000,3000000
2019.10.03 14:52:40.380,1.09915,1.09918,750000,2620000
2019.10.03 14:52:40.533,1.09915,1.09919,1690000,3940000
2019.10.03 14:52:40.922,1.09916,1.09918,500000,750000
2019.10.03 14:52:41.123,1.09915,1.09918,1120000,3940000
2019.10.03 14:52:41.224,1.09916,1.09918,1500000,750000
2019.10.03 14:52:41.478,1.09915,1.09916,1500000,750000
2019.10.03 14:52:41.554,1.09913,1.09915,750000,4570000
2019.10.03 14:52:41.655,1.09911,1.09915,940000,5320000
2019.10.03 14:52:41.757,1.09912,1.09915,940000,750000
2019.10.03 14:52:42.092,1.09911,1.09915,940000,5250000
2019.10.03 14:52:42.193,1.09912,1.09915,940000,750000
2019.10.03 14:52:42.487,1.09914,1.09916,1240000,750000
2019.10.03 14:52:42.690,1.09915,1.09918,940000,1370000
2019.10.03 14:52:42.791,1.09915,1.09918,3190000,750000
2019.10.03 14:52:43.323,1.09915,1.09916,750000,1500000
2019.10.03 14:52:43.491,1.09914,1.09916,750000,2440000
2019.10.03 14:52:43.751,1.09913,1.09915,750000,3940000
2019.10.03 14:52:43.854,1.09913,1.09916,1690000,750000
2019.10.03 14:52:43.966,1.09913,1.09915,1310000,940000
2019.10.03 14:52:44.091,1.09912,1.09915,1120000,2810000
2019.10.03 14:52:44.671,1.09913,1.09916,750000,3190000
2019.10.03 14:52:46.679,1.09914,1.09916,2250000,750000
2019.10.03 14:52:46.781,1.09912,1.09916,750000,7310000
2019.10.03 14:52:46.853,1.09912,1.09914,750000,2810000
2019.10.03 14:52:47.005,1.09911,1.09916,2950000,6750000
2019.10.03 14:52:47.989,1.09911,1.09915,2320000,3060000
2019.10.03 14:52:48.093,1.09913,1.09916,750000,750000
2019.10.03 14:52:48.438,1.09914,1.09917,2440000,750000
2019.10.03 14:52:48.545,1.09915,1.09917,750000,1750000
2019.10.03 14:52:48.647,1.09914,1.09917,1570000,1870000
2019.10.03 14:52:48.748,1.09914,1.09917,1820000,940000
2019.10.03 14:52:49.226,1.09914,1.09916,500000,1000000
2019.10.03 14:52:49.277,1.09913,1.09916,1120000,3940000
2019.10.03 14:52:49.379,1.09913,1.09915,560000,750000
2019.10.03 14:52:49.481,1.09912,1.09915,1310000,2440000
2019.10.03 14:52:49.691,1.09913,1.09916,1750000,3000000
2019.10.03 14:52:49.794,1.09913,1.09916,750000,3250000
2019.10.03 14:52:50.480,1.09913,1.09917,2250000,4000000
2019.10.03 14:52:51.013,1.09915,1.09917,2320000,750000
2019.10.03 14:52:51.114,1.09914,1.09916,1120000,750000
2019.10.03 14:52:51.216,1.09913,1.09916,1200000,750000
2019.10.03 14:52:51.317,1.09913,1.09915,750000,1500000
2019.10.03 14:52:51.418,1.09913,1.09914,750000,750000
2019.10.03 14:52:51.554,1.09912,1.09914,940000,2440000
2019.10.03 14:52:51.707,1.09914,1.09916,750000,750000
2019.10.03 14:52:51.961,1.09914,1.09917,1000000,2250000
2019.10.03 14:52:53.913,1.09914,1.09915,750000,1500000
2019.10.03 14:52:54.015,1.09914,1.09916,2250000,750000
2019.10.03 14:52:55.200,1.09914,1.09917,2890000,750000
2019.10.03 14:52:55.301,1.09914,1.09918,5270000,820000
2019.10.03 14:52:56.038,1.09914,1.09918,2940000,940000
2019.10.03 14:52:56.585,1.09915,1.09917,940000,2250000
2019.10.03 14:52:56.736,1.09915,1.09917,1190000,4200000
2019.10.03 14:52:57.295,1.09916,1.09919,2320000,1140000
2019.10.03 14:53:04.808,1.09917,1.09919,750000,4010000
2019.10.03 14:53:04.910,1.09917,1.09921,5020000,2140000
2019.10.03 14:53:05.011,1.09918,1.0992,750000,750000
2019.10.03 14:53:05.125,1.09918,1.09921,4950000,750000
2019.10.03 14:53:05.879,1.09918,1.09919,750000,1500000
2019.10.03 14:53:06.132,1.09918,1.09921,1010000,1690000
2019.10.03 14:53:06.234,1.09919,1.09922,2380000,750000
2019.10.03 14:53:06.335,1.09922,1.09923,1690000,3190000
2019.10.03 14:53:06.442,1.09924,1.09926,1690000,500000
2019.10.03 14:53:06.545,1.09924,1.09927,1010000,4500000
2019.10.03 14:53:06.647,1.09925,1.09929,2950000,1870000
2019.10.03 14:53:06.749,1.09926,1.09928,750000,4120000
2019.10.03 14:53:06.949,1.09927,1.0993,3000000,750000
2019.10.03 14:53:07.168,1.09927,1.09929,750000,750000
2019.10.03 14:53:08.263,1.09927,1.0993,2060000,750000
2019.10.03 14:53:08.397,1.09927,1.09929,750000,750000
2019.10.03 14:53:08.499,1.09926,1.09929,750000,4120000
2019.10.03 14:53:08.761,1.09927,1.09929,2440000,1690000
2019.10.03 14:53:08.913,1.09927,1.09928,500000,2250000
2019.10.03 14:53:09.815,1.09927,1.0993,2060000,750000
2019.10.03 14:53:09.947,1.09926,1.09929,2250000,4690000
2019.10.03 14:53:10.365,1.09926,1.09928,1120000,2440000
2019.10.03 14:53:10.654,1.09923,1.09925,750000,6350000
2019.10.03 14:53:10.756,1.09923,1.09924,500000,750000
2019.10.03 14:53:10.859,1.09921,1.09924,1120000,4010000
2019.10.03 14:53:11.002,1.09924,1.09926,500000,3750000
2019.10.03 14:53:11.255,1.09926,1.09928,2890000,750000
2019.10.03 14:53:12.467,1.09926,1.09929,3640000,750000
2019.10.03 14:53:12.569,1.09926,1.09929,4040000,750000
2019.10.03 14:53:12.670,1.09926,1.09929,3640000,750000
2019.10.03 14:53:14.127,1.09926,1.09928,3250000,750000
2019.10.03 14:53:14.228,1.09923,1.09924,750000,950000
2019.10.03 14:53:14.330,1.09921,1.09923,750000,940000
2019.10.03 14:53:14.482,1.09919,1.09924,2620000,6320000
2019.10.03 14:53:14.583,1.0992,1.09924,3640000,1750000
2019.10.03 14:53:14.703,1.09924,1.09925,1690000,1500000
2019.10.03 14:53:14.754,1.09924,1.09927,5510000,750000
2019.10.03 14:53:14.855,1.09924,1.09926,750000,750000
2019.10.03 14:53:14.956,1.09924,1.09927,4010000,750000
2019.10.03 14:53:15.209,1.09923,1.09926,1500000,2440000
2019.10.03 14:53:15.311,1.09922,1.09924,500000,3190000
2019.10.03 14:53:16.071,1.09923,1.09925,940000,750000
2019.10.03 14:53:16.173,1.09924,1.09925,940000,750000
2019.10.03 14:53:16.523,1.09922,1.09924,940000,3940000
2019.10.03 14:53:17.515,1.09921,1.09923,750000,2500000
2019.10.03 14:53:18.209,1.0992,1.09923,500000,2440000
2019.10.03 14:53:19.172,1.09923,1.09925,1290000,1500000
2019.10.03 14:53:19.308,1.09924,1.09927,1370000,1500000
2019.10.03 14:53:19.409,1.09924,1.09927,1310000,1500000
2019.10.03 14:53:19.536,1.09925,1.09927,1310000,750000
2019.10.03 14:53:19.666,1.09923,1.09927,2500000,3250000
2019.10.03 14:53:19.768,1.09924,1.09927,500000,4760000
2019.10.03 14:53:20.368,1.09925,1.09927,500000,1500000
2019.10.03 14:53:21.113,1.09926,1.09927,500000,750000
2019.10.03 14:53:21.164,1.09926,1.0993,2120000,7120000
2019.10.03 14:53:21.266,1.09927,1.09929,560000,940000
2019.10.03 14:53:22.884,1.09928,1.0993,3810000,940000
2019.10.03 14:53:23.137,1.09926,1.09928,1500000,2760000
2019.10.03 14:53:23.239,1.09925,1.09927,500000,940000
2019.10.03 14:53:23.366,1.09924,1.09926,500000,750000
2019.10.03 14:53:23.619,1.09922,1.09925,940000,3190000
2019.10.03 14:53:23.720,1.09921,1.09925,1500000,2620000
2019.10.03 14:53:23.821,1.09921,1.09923,500000,3370000
2019.10.03 14:53:24.512,1.09923,1.09926,1870000,2440000
2019.10.03 14:53:25.134,1.09924,1.09926,750000,750000
2019.10.03 14:53:26.686,1.09924,1.09927,560000,2250000
2019.10.03 14:53:27.818,1.09924,1.09927,500000,3250000
2019.10.03 14:53:27.919,1.09929,1.0993,5060000,2620000
2019.10.03 14:53:27.970,1.09932,1.09933,750000,2620000
2019.10.03 14:53:28.072,1.09933,1.09934,1690000,750000
2019.10.03 14:53:28.173,1.09931,1.09935,1310000,3940000
2019.10.03 14:53:28.224,1.09933,1.09935,940000,750000
2019.10.03 14:53:28.332,1.09933,1.09935,1000000,750000
2019.10.03 14:53:28.433,1.09933,1.09937,1690000,1690000
2019.10.03 14:53:28.484,1.09933,1.09935,750000,1690000
2019.10.03 14:53:28.585,1.09932,1.09935,560000,3000000
2019.10.03 14:53:28.738,1.09933,1.09936,2060000,750000
2019.10.03 14:53:28.832,1.09937,1.09938,820000,750000
2019.10.03 14:53:28.884,1.09937,1.09939,750000,2440000
2019.10.03 14:53:28.985,1.09937,1.09941,6700000,2620000
2019.10.03 14:53:29.088,1.09937,1.09941,8200000,2440000
2019.10.03 14:53:29.375,1.09937,1.0994,560000,1750000
2019.10.03 14:53:29.535,1.09938,1.09941,500000,940000
2019.10.03 14:53:29.637,1.09938,1.09941,1000000,940000
2019.10.03 14:53:30.076,1.09938,1.09941,1310000,750000
2019.10.03 14:53:30.177,1.09939,1.09941,560000,750000
2019.10.03 14:53:30.380,1.09939,1.09943,1450000,4120000
2019.10.03 14:53:30.568,1.09939,1.09943,820000,5870000
2019.10.03 14:53:30.982,1.09937,1.09939,500000,1500000
2019.10.03 14:53:31.084,1.09936,1.09939,820000,4310000
2019.10.03 14:53:31.185,1.09937,1.09939,500000,750000
2019.10.03 14:53:31.286,1.09936,1.09939,640000,3000000
2019.10.03 14:53:31.570,1.09937,1.09939,1010000,750000
2019.10.03 14:53:31.671,1.09936,1.09939,1760000,1870000
2019.10.03 14:53:31.773,1.09933,1.09936,750000,5500000
2019.10.03 14:53:31.891,1.09933,1.09936,1870000,3440000
2019.10.03 14:53:32.093,1.09933,1.09936,1950000,940000
2019.10.03 14:53:32.195,1.09933,1.09936,1370000,1500000
2019.10.03 14:53:32.297,1.09931,1.09933,750000,1330000
2019.10.03 14:53:32.445,1.09928,1.09931,2320000,750000
2019.10.03 14:53:32.496,1.09928,1.0993,2320000,1000000
2019.10.03 14:53:32.547,1.09926,1.0993,3070000,1750000
2019.10.03 14:53:32.649,1.09926,1.0993,3450000,1000000
2019.10.03 14:53:32.801,1.09926,1.0993,4470000,1000000
2019.10.03 14:53:32.951,1.09923,1.09926,820000,1500000
2019.10.03 14:53:33.306,1.09924,1.09926,750000,750000
2019.10.03 14:53:33.508,1.09924,1.09927,1760000,750000
2019.10.03 14:53:33.802,1.09926,1.09927,1120000,750000
2019.10.03 14:53:33.954,1.09926,1.09928,750000,750000
2019.10.03 14:53:34.271,1.09926,1.09927,500000,750000
2019.10.03 14:53:34.373,1.09925,1.09927,560000,750000
2019.10.03 14:53:34.475,1.09924,1.09926,750000,1500000
2019.10.03 14:53:34.862,1.09925,1.09926,1950000,750000
2019.10.03 14:53:34.985,1.09924,1.09928,2540000,5250000
2019.10.03 14:53:35.087,1.09928,1.0993,750000,750000
2019.10.03 14:53:35.189,1.09928,1.09931,560000,750000
2019.10.03 14:53:35.291,1.0993,1.09933,3350000,750000
2019.10.03 14:53:35.394,1.0993,1.09933,2140000,2250000
2019.10.03 14:53:35.496,1.09931,1.09934,1200000,940000
2019.10.03 14:53:35.597,1.09933,1.09935,1200000,750000
2019.10.03 14:53:35.921,1.09933,1.09936,4390000,750000
2019.10.03 14:53:36.539,1.09933,1.09935,1750000,750000
2019.10.03 14:53:36.793,1.09931,1.09934,940000,4000000
2019.10.03 14:53:37.344,1.09931,1.09932,750000,750000
2019.10.03 14:53:37.395,1.09928,1.09932,2700000,2500000
2019.10.03 14:53:37.523,1.09929,1.09931,820000,750000
2019.10.03 14:53:37.626,1.09929,1.09932,560000,1690000
2019.10.03 14:53:37.978,1.09928,1.09932,500000,5440000
2019.10.03 14:53:38.382,1.09928,1.09931,640000,1500000
2019.10.03 14:53:38.537,1.09928,1.09931,660000,750000
2019.10.03 14:53:38.639,1.09928,1.09932,5200000,1500000
2019.10.03 14:53:38.938,1.09929,1.09932,820000,3000000
2019.10.03 14:53:39.039,1.09929,1.09933,2510000,8810000
2019.10.03 14:53:39.159,1.09931,1.09933,2140000,750000
2019.10.03 14:53:39.210,1.09928,1.0993,1120000,1500000
2019.10.03 14:53:39.312,1.09927,1.0993,1310000,1500000
2019.10.03 14:53:40.102,1.09927,1.09931,500000,1940000
2019.10.03 14:53:40.254,1.09927,1.0993,940000,3190000
2019.10.03 14:53:40.608,1.09926,1.0993,1010000,6560000
2019.10.03 14:53:41.104,1.09927,1.0993,640000,2250000
2019.10.03 14:53:41.238,1.09926,1.0993,640000,6190000
2019.10.03 14:53:41.340,1.09927,1.0993,640000,1500000
2019.10.03 14:53:41.544,1.09927,1.09929,500000,750000
2019.10.03 14:53:41.754,1.09926,1.09929,500000,1690000
2019.10.03 14:53:41.856,1.09928,1.0993,750000,940000
2019.10.03 14:53:41.980,1.09928,1.09931,1870000,1690000
2019.10.03 14:53:42.666,1.09928,1.09931,2870000,1690000
2019.10.03 14:53:42.919,1.09926,1.09929,750000,2500000
2019.10.03 14:53:42.970,1.09926,1.09929,820000,1690000
2019.10.03 14:53:43.072,1.09926,1.0993,2890000,1690000
2019.10.03 14:53:44.490,1.09926,1.09929,1500000,2440000
2019.10.03 14:53:44.591,1.09926,1.09927,1500000,500000
2019.10.03 14:53:44.642,1.09924,1.09926,3000000,750000
2019.10.03 14:53:44.693,1.09922,1.09924,1500000,1010000
2019.10.03 14:53:45.345,1.09919,1.09922,2250000,560000
2019.10.03 14:53:45.446,1.09918,1.09921,750000,4000000
2019.10.03 14:53:45.548,1.09919,1.09921,1570000,940000
2019.10.03 14:53:45.951,1.09917,1.09918,500000,750000
2019.10.03 14:53:46.053,1.09913,1.09915,2250000,3620000
2019.10.03 14:53:46.154,1.09912,1.09914,2250000,940000
2019.10.03 14:53:46.310,1.09911,1.09914,940000,750000
2019.10.03 14:53:46.412,1.09909,1.09913,4120000,2570000
2019.10.03 14:53:46.564,1.0991,1.09914,940000,1690000
2019.10.03 14:53:46.886,1.09913,1.09915,750000,1500000
2019.10.03 14:53:46.988,1.09914,1.09916,2500000,940000
2019.10.03 14:53:47.140,1.09915,1.09916,750000,750000
2019.10.03 14:53:47.242,1.09914,1.09916,750000,940000
2019.10.03 14:53:47.392,1.09914,1.09918,3440000,1690000
2019.10.03 14:53:47.554,1.09914,1.09917,750000,1690000
2019.10.03 14:53:48.273,1.09912,1.09915,2060000,1690000
2019.10.03 14:53:48.374,1.0991,1.09913,750000,2160000
2019.10.03 14:53:48.476,1.09908,1.09912,4870000,1000000
2019.10.03 14:53:48.577,1.09908,1.09911,500000,940000
2019.10.03 14:53:48.678,1.09908,1.0991,750000,1690000
2019.10.03 14:53:49.038,1.09906,1.09909,3750000,1370000
2019.10.03 14:53:49.140,1.09905,1.09908,1500000,1820000
2019.10.03 14:53:49.243,1.09906,1.09908,750000,940000
2019.10.03 14:53:50.404,1.09905,1.09909,3070000,1000000
2019.10.03 14:53:50.607,1.09905,1.09907,750000,1000000
2019.10.03 14:53:51.086,1.09905,1.09908,1500000,1750000
2019.10.03 14:53:51.187,1.09907,1.09909,1500000,750000
2019.10.03 14:53:51.289,1.09909,1.0991,1500000,750000
2019.10.03 14:53:51.339,1.09907,1.09911,4760000,5510000
2019.10.03 14:53:51.445,1.09907,1.09911,3820000,3320000
2019.10.03 14:53:52.466,1.09907,1.0991,750000,940000
2019.10.03 14:53:52.618,1.09907,1.0991,2250000,2500000
2019.10.03 14:53:52.821,1.09907,1.0991,1500000,1690000
2019.10.03 14:53:53.316,1.09906,1.09908,750000,750000
2019.10.03 14:53:53.366,1.09905,1.09909,1760000,2890000
2019.10.03 14:53:53.574,1.09907,1.09909,940000,2250000
2019.10.03 14:53:53.676,1.09909,1.09911,600000,750000
2019.10.03 14:53:53.727,1.09909,1.09912,2250000,940000
2019.10.03 14:53:54.563,1.09908,1.09912,5060000,1120000
2019.10.03 14:53:54.665,1.09908,1.09912,4950000,1370000
2019.10.03 14:53:54.798,1.09908,1.09912,4950000,1310000
2019.10.03 14:53:54.900,1.09908,1.09911,1500000,1310000
2019.10.03 14:53:55.002,1.09908,1.09912,4950000,1310000
2019.10.03 14:53:55.103,1.09908,1.09912,5200000,1120000
2019.10.03 14:53:58.141,1.09909,1.09912,1500000,750000
2019.10.03 14:53:58.321,1.09909,1.09913,2510000,4500000
2019.10.03 14:53:58.372,1.09911,1.09914,3320000,1310000
2019.10.03 14:53:58.722,1.09912,1.09914,1000000,750000
2019.10.03 14:53:58.773,1.09914,1.09916,4500000,750000
2019.10.03 14:53:58.898,1.09914,1.09918,4010000,940000
2019.10.03 14:53:59.850,1.09915,1.09918,940000,820000
2019.10.03 14:53:59.954,1.09916,1.09918,940000,940000
2019.10.03 14:54:00.879,1.09914,1.09916,750000,2120000
2019.10.03 14:54:00.980,1.09912,1.09916,3370000,560000
2019.10.03 14:54:01.091,1.09912,1.09916,2500000,1870000
2019.10.03 14:54:01.243,1.09912,1.09914,750000,1870000
2019.10.03 14:54:01.344,1.09911,1.09913,750000,2640000
2019.10.03 14:54:01.561,1.09912,1.09916,4160000,2620000
2019.10.03 14:54:01.714,1.09912,1.09916,1500000,2870000
2019.10.03 14:54:01.866,1.09912,1.09916,940000,4200000
2019.10.03 14:54:01.918,1.09913,1.09916,1690000,1000000
2019.10.03 14:54:05.544,1.09916,1.09918,1030000,500000
2019.10.03 14:54:05.659,1.09916,1.09918,750000,500000
2019.10.03 14:54:06.014,1.09916,1.09919,3940000,500000
2019.10.03 14:54:06.346,1.09916,1.09918,500000,500000
2019.10.03 14:54:06.448,1.09913,1.09916,1500000,5600000
2019.10.03 14:54:06.614,1.09913,1.09916,4750000,1120000
2019.10.03 14:54:07.183,1.09912,1.09915,5440000,1710000
2019.10.03 14:54:07.628,1.09911,1.09913,6000000,1830000
2019.10.03 14:54:07.679,1.0991,1.09911,1500000,940000
2019.10.03 14:54:07.781,1.09909,1.0991,750000,560000
2019.10.03 14:54:07.930,1.09909,1.09911,750000,560000
2019.10.03 14:54:08.133,1.09909,1.09913,6620000,2620000
2019.10.03 14:54:08.234,1.09909,1.09911,750000,1120000
2019.10.03 14:54:08.395,1.09909,1.09912,1690000,1120000
2019.10.03 14:54:08.948,1.09909,1.09911,750000,500000
2019.10.03 14:54:09.155,1.09909,1.09911,750000,2330000
2019.10.03 14:54:09.257,1.0991,1.09912,1500000,940000
2019.10.03 14:54:09.724,1.0991,1.09911,750000,940000
2019.10.03 14:54:09.888,1.0991,1.09913,1500000,1690000
2019.10.03 14:54:10.329,1.0991,1.09912,750000,1310000
2019.10.03 14:54:11.045,1.0991,1.09913,3750000,1310000
2019.10.03 14:54:11.346,1.09912,1.09914,1690000,750000
2019.10.03 14:54:12.538,1.09913,1.09915,1870000,750000
2019.10.03 14:54:12.640,1.09914,1.09917,940000,1120000
2019.10.03 14:54:12.892,1.09915,1.09918,560000,750000
2019.10.03 14:54:12.994,1.09918,1.09919,940000,750000
2019.10.03 14:54:13.045,1.09918,1.09921,2440000,750000
2019.10.03 14:54:13.168,1.09919,1.09921,1750000,500000
2019.10.03 14:54:13.219,1.0992,1.09923,1750000,1310000
2019.10.03 14:54:13.523,1.0992,1.09924,4310000,1310000
2019.10.03 14:54:13.749,1.09921,1.09922,750000,750000
2019.10.03 14:54:13.850,1.0992,1.09922,1000000,1120000
2019.10.03 14:54:14.306,1.09919,1.09921,750000,500000
2019.10.03 14:54:14.660,1.09918,1.09921,2120000,2060000
2019.10.03 14:54:14.883,1.09918,1.09921,2620000,2060000
2019.10.03 14:54:16.091,1.09918,1.09922,3560000,2140000
2019.10.03 14:54:16.482,1.09918,1.0992,750000,500000
2019.10.03 14:54:16.916,1.09918,1.09921,1120000,500000
2019.10.03 14:54:18.159,1.09919,1.09922,1690000,1120000
2019.10.03 14:54:18.463,1.09919,1.09921,750000,500000
2019.10.03 14:54:18.564,1.09918,1.09922,1760000,2060000
2019.10.03 14:54:18.728,1.09918,1.09922,1750000,1870000
2019.10.03 14:54:18.846,1.0992,1.09922,2500000,750000
2019.10.03 14:54:18.947,1.0992,1.09922,1690000,750000
2019.10.03 14:54:19.498,1.0992,1.09921,750000,750000
2019.10.03 14:54:19.601,1.09919,1.09923,3320000,1120000
2019.10.03 14:54:20.092,1.0992,1.09923,2190000,750000
2019.10.03 14:54:20.324,1.09922,1.09924,4000000,2620000
2019.10.03 14:54:20.426,1.09923,1.09925,1750000,750000
2019.10.03 14:54:20.567,1.09924,1.09926,940000,1310000
2019.10.03 14:54:21.145,1.09924,1.09927,940000,1120000
2019.10.03 14:54:21.196,1.09926,1.09928,4850000,750000
2019.10.03 14:54:21.298,1.09926,1.09928,750000,3560000
2019.10.03 14:54:21.399,1.09927,1.09929,500000,1200000
2019.10.03 14:54:21.536,1.09927,1.0993,3190000,600000
2019.10.03 14:54:21.800,1.09928,1.0993,940000,750000
2019.10.03 14:54:22.235,1.09927,1.09929,500000,2250000
2019.10.03 14:54:22.286,1.09928,1.09931,2440000,500000
2019.10.03 14:54:22.388,1.09928,1.09931,3320000,500000
2019.10.03 14:54:22.715,1.09926,1.09929,1500000,560000
2019.10.03 14:54:22.785,1.09926,1.09927,750000,560000
2019.10.03 14:54:22.901,1.09925,1.09927,1120000,500000
2019.10.03 14:54:23.003,1.09925,1.09926,750000,600000
2019.10.03 14:54:23.155,1.09925,1.09927,940000,500000
2019.10.03 14:54:23.993,1.09925,1.09929,6620000,1120000
2019.10.03 14:54:25.443,1.09925,1.09927,750000,1120000
2019.10.03 14:54:25.546,1.09925,1.09928,560000,500000
2019.10.03 14:54:26.199,1.09926,1.09928,500000,500000
2019.10.03 14:54:26.447,1.09926,1.09929,3940000,500000
2019.10.03 14:54:26.649,1.09925,1.09929,2570000,1310000
2019.10.03 14:54:28.549,1.09924,1.09925,2440000,750000
2019.10.03 14:54:28.600,1.09923,1.09925,2500000,500000
2019.10.03 14:54:28.831,1.09922,1.09925,1750000,560000
2019.10.03 14:54:29.211,1.09923,1.09926,4310000,750000
2019.10.03 14:54:29.753,1.09924,1.09926,1690000,750000
2019.10.03 14:54:30.007,1.09923,1.09925,940000,500000
2019.10.03 14:54:30.109,1.09922,1.09925,1310000,500000
2019.10.03 14:54:30.316,1.09922,1.09926,3450000,1120000
2019.10.03 14:54:30.469,1.09922,1.09926,6510000,2060000
2019.10.03 14:54:30.774,1.09924,1.09926,2510000,1120000
2019.10.03 14:54:31.869,1.09924,1.09926,4750000,500000
2019.10.03 14:54:32.548,1.09924,1.09927,1870000,1310000
2019.10.03 14:54:33.365,1.09925,1.09927,560000,940000
2019.10.03 14:54:36.468,1.09925,1.09929,3190000,1690000
2019.10.03 14:54:36.519,1.09928,1.0993,2440000,560000
2019.10.03 14:54:36.621,1.09928,1.0993,1820000,750000
2019.10.03 14:54:36.723,1.09927,1.0993,2440000,1870000
2019.10.03 14:54:36.825,1.09927,1.09929,500000,850000
2019.10.03 14:54:36.950,1.09927,1.09929,500000,500000
2019.10.03 14:54:37.406,1.09928,1.0993,2880000,940000
2019.10.03 14:54:37.559,1.09928,1.09929,750000,1760000
2019.10.03 14:54:37.684,1.09928,1.0993,940000,1010000
2019.10.03 14:54:38.707,1.09927,1.09929,500000,500000
2019.10.03 14:54:39.709,1.09928,1.0993,750000,750000
2019.10.03 14:54:40.484,1.09927,1.0993,1390000,500000
2019.10.03 14:54:41.675,1.09927,1.09929,750000,1310000
2019.10.03 14:54:41.777,1.09927,1.09929,500000,3620000
2019.10.03 14:54:41.878,1.09927,1.0993,1500000,750000
2019.10.03 14:54:41.980,1.09927,1.0993,1690000,2320000
2019.10.03 14:54:42.352,1.09928,1.0993,500000,940000
2019.10.03 14:54:42.504,1.09927,1.0993,2440000,1950000
2019.10.03 14:54:43.206,1.09927,1.09929,750000,650000
2019.10.03 14:54:43.872,1.09926,1.09929,3190000,500000
2019.10.03 14:54:46.014,1.09926,1.09928,750000,1690000
2019.10.03 14:54:46.813,1.09925,1.09927,750000,2060000
2019.10.03 14:54:46.914,1.09924,1.09926,1690000,2250000
2019.10.03 14:54:47.016,1.09924,1.09926,1000000,1500000
2019.10.03 14:54:47.654,1.09924,1.09927,3320000,1500000
2019.10.03 14:54:50.785,1.09924,1.09927,1310000,1870000
2019.10.03 14:54:50.938,1.09927,1.09928,500000,750000
2019.10.03 14:54:51.081,1.09927,1.09929,560000,1120000
2019.10.03 14:54:51.754,1.09927,1.09928,750000,1120000
2019.10.03 14:54:51.855,1.09926,1.09928,750000,1870000
2019.10.03 14:54:51.956,1.09926,1.09929,3190000,1120000
2019.10.03 14:54:52.868,1.09926,1.09928,1690000,500000
2019.10.03 14:54:52.997,1.09926,1.09927,750000,500000
2019.10.03 14:54:53.312,1.09924,1.09927,940000,2620000
2019.10.03 14:54:55.100,1.09923,1.09926,1690000,1870000
2019.10.03 14:54:55.403,1.09923,1.09925,1500000,500000
2019.10.03 14:54:55.518,1.09923,1.09926,750000,3450000
2019.10.03 14:54:55.620,1.09923,1.09927,5890000,5140000
2019.10.03 14:54:56.624,1.09923,1.09926,750000,2890000
2019.10.03 14:54:56.726,1.09923,1.09927,4760000,2890000
2019.10.03 14:54:57.054,1.09923,1.09926,750000,3640000
2019.10.03 14:54:57.108,1.09923,1.09924,1500000,1120000
2019.10.03 14:54:57.159,1.09921,1.09922,2250000,2060000
2019.10.03 14:54:57.260,1.09917,1.0992,2620000,2950000
2019.10.03 14:54:57.329,1.09917,1.09919,750000,2140000
2019.10.03 14:54:57.433,1.09917,1.0992,2620000,1310000
2019.10.03 14:54:58.299,1.09919,1.09921,850000,500000
2019.10.03 14:54:58.442,1.0992,1.09922,3000000,500000
2019.10.03 14:54:59.700,1.0992,1.09923,4760000,500000
2019.10.03 14:54:59.959,1.0992,1.09922,750000,500000
2019.10.03 14:55:00.161,1.0992,1.09921,2250000,500000
2019.10.03 14:55:01.195,1.09918,1.0992,500000,580000
2019.10.03 14:55:01.500,1.09917,1.09919,750000,1870000
2019.10.03 14:55:02.485,1.09916,1.09919,2160000,1870000
2019.10.03 14:55:02.637,1.09916,1.09919,1760000,2620000
2019.10.03 14:55:02.822,1.09916,1.09919,2160000,1870000
2019.10.03 14:55:04.621,1.09915,1.09916,750000,560000
2019.10.03 14:55:04.723,1.09913,1.09916,820000,1310000
2019.10.03 14:55:04.824,1.09913,1.09917,4850000,2060000
2019.10.03 14:55:04.925,1.09913,1.09917,2160000,2060000
2019.10.03 14:55:05.026,1.09913,1.09917,1010000,2060000
2019.10.03 14:55:05.127,1.09913,1.09916,2510000,500000
2019.10.03 14:55:05.179,1.09913,1.09915,1410000,500000
2019.10.03 14:55:05.383,1.09912,1.09914,820000,500000
2019.10.03 14:55:06.117,1.09912,1.09913,750000,1120000
2019.10.03 14:55:06.466,1.09912,1.09914,940000,1120000
2019.10.03 14:55:06.619,1.09912,1.09913,750000,1120000
2019.10.03 14:55:07.067,1.09912,1.09914,1760000,500000
2019.10.03 14:55:07.168,1.09912,1.09914,2160000,500000
2019.10.03 14:55:07.270,1.09912,1.09914,1760000,500000
2019.10.03 14:55:08.623,1.09909,1.09911,2440000,1310000
2019.10.03 14:55:08.725,1.09908,1.0991,3070000,500000
2019.10.03 14:55:08.826,1.09907,1.09909,660000,750000
2019.10.03 14:55:08.978,1.09908,1.0991,640000,500000
2019.10.03 14:55:09.081,1.09908,1.0991,850000,500000
2019.10.03 14:55:09.182,1.09907,1.09908,940000,750000
2019.10.03 14:55:09.544,1.09908,1.0991,1390000,500000
2019.10.03 14:55:09.838,1.09908,1.09909,750000,500000
2019.10.03 14:55:11.404,1.09908,1.0991,2140000,500000
2019.10.03 14:55:12.068,1.09908,1.09909,750000,500000
2019.10.03 14:55:12.119,1.09905,1.09909,3290000,2060000
2019.10.03 14:55:12.221,1.09905,1.09908,600000,2060000
2019.10.03 14:55:12.374,1.09905,1.09909,3040000,2060000
2019.10.03 14:55:12.584,1.09906,1.09908,1220000,750000
2019.10.03 14:55:12.686,1.09907,1.0991,5140000,500000
2019.10.03 14:55:12.837,1.09907,1.09909,750000,1120000
2019.10.03 14:55:12.889,1.09909,1.09911,3440000,500000
2019.10.03 14:55:12.990,1.09909,1.09911,820000,500000
2019.10.03 14:55:13.095,1.0991,1.09912,750000,500000
2019.10.03 14:55:13.489,1.0991,1.09911,1120000,500000
2019.10.03 14:55:13.540,1.09908,1.09911,1500000,2440000
2019.10.03 14:55:13.590,1.09908,1.09911,1820000,2250000
2019.10.03 14:55:13.641,1.09908,1.09911,2510000,1500000
2019.10.03 14:55:13.851,1.09908,1.09911,3320000,1500000
2019.10.03 14:55:14.880,1.09909,1.09912,7220000,500000
2019.10.03 14:55:15.530,1.0991,1.09912,750000,940000
2019.10.03 14:55:15.632,1.09911,1.09912,750000,500000
2019.10.03 14:55:15.736,1.09911,1.09913,750000,500000
2019.10.03 14:55:15.838,1.09911,1.09914,4760000,500000
2019.10.03 14:55:16.175,1.09911,1.09913,750000,500000
2019.10.03 14:55:17.060,1.09912,1.09914,1010000,750000
2019.10.03 14:55:17.162,1.09913,1.09914,500000,750000
2019.10.03 14:55:17.263,1.09911,1.09914,600000,1310000
2019.10.03 14:55:17.495,1.09911,1.09913,940000,1310000
2019.10.03 14:55:17.596,1.09911,1.09914,1500000,560000
2019.10.03 14:55:18.184,1.09911,1.09913,1120000,500000
2019.10.03 14:55:19.139,1.09909,1.09911,750000,1500000
2019.10.03 14:55:19.241,1.09909,1.09912,3750000,1690000
2019.10.03 14:55:19.342,1.0991,1.09912,3190000,500000
2019.10.03 14:55:19.525,1.09909,1.09912,2570000,1500000
2019.10.03 14:55:19.626,1.0991,1.09912,2320000,500000
2019.10.03 14:55:19.728,1.09908,1.09911,5810000,500000
2019.10.03 14:55:19.829,1.09908,1.0991,1760000,500000
2019.10.03 14:55:20.014,1.09907,1.09909,1500000,500000
2019.10.03 14:55:20.267,1.09907,1.09909,2160000,500000
2019.10.03 14:55:20.691,1.09907,1.09909,2060000,500000
2019.10.03 14:55:20.875,1.09907,1.09908,500000,500000
2019.10.03 14:55:21.078,1.09906,1.09908,1500000,500000
2019.10.03 14:55:21.331,1.09905,1.09906,940000,750000
2019.10.03 14:55:21.381,1.09903,1.09904,750000,750000
2019.10.03 14:55:21.483,1.09902,1.09905,1690000,2620000
2019.10.03 14:55:21.592,1.09903,1.09906,3640000,1500000
2019.10.03 14:55:21.695,1.09904,1.09906,940000,500000
2019.10.03 14:55:22.646,1.09904,1.09907,1540000,500000
2019.10.03 14:55:23.331,1.09905,1.09907,500000,2440000
2019.10.03 14:55:23.432,1.09906,1.09908,1120000,500000
2019.10.03 14:55:24.275,1.09906,1.09909,3260000,500000
2019.10.03 14:55:25.555,1.09906,1.09908,1500000,1870000
2019.10.03 14:55:26.990,1.09905,1.09908,1760000,750000
2019.10.03 14:55:27.091,1.09903,1.09905,750000,1310000
2019.10.03 14:55:27.209,1.09901,1.09904,750000,2060000
2019.10.03 14:55:27.787,1.09901,1.09903,750000,1870000
2019.10.03 14:55:28.550,1.09901,1.09902,940000,750000
2019.10.03 14:55:28.601,1.09898,1.099,750000,2510000
2019.10.03 14:55:28.652,1.09897,1.09899,750000,1310000
2019.10.03 14:55:28.753,1.09897,1.09901,4470000,750000
2019.10.03 14:55:28.865,1.09898,1.09901,750000,750000
2019.10.03 14:55:29.017,1.09898,1.09902,4010000,750000
2019.10.03 14:55:29.141,1.09898,1.09901,750000,750000
2019.10.03 14:55:30.614,1.09898,1.09902,5510000,750000
2019.10.03 14:55:30.729,1.09898,1.09902,5540000,750000
2019.10.03 14:55:30.831,1.09898,1.09902,4010000,1500000
2019.10.03 14:55:30.932,1.09899,1.09902,2510000,500000
2019.10.03 14:55:31.524,1.09899,1.09902,1200000,750000
2019.10.03 14:55:32.144,1.099,1.09901,1500000,750000
2019.10.03 14:55:32.296,1.09899,1.099,750000,1500000
2019.10.03 14:55:32.475,1.099,1.09901,1500000,750000
2019.10.03 14:55:32.580,1.099,1.09902,750000,750000
2019.10.03 14:55:32.732,1.09899,1.09902,1120000,1310000
2019.10.03 14:55:32.834,1.099,1.09903,3260000,750000
2019.10.03 14:55:32.935,1.09899,1.09903,3640000,2060000
2019.10.03 14:55:33.036,1.09899,1.09902,750000,2060000
2019.10.03 14:55:33.139,1.09899,1.09903,3640000,1310000
2019.10.03 14:55:33.241,1.09899,1.09903,3700000,1310000
2019.10.03 14:55:34.588,1.09898,1.09899,750000,500000
2019.10.03 14:55:34.692,1.09897,1.09899,1500000,2060000
2019.10.03 14:55:36.574,1.09899,1.099,1010000,500000
2019.10.03 14:55:36.625,1.09899,1.09902,4470000,560000
2019.10.03 14:55:37.506,1.099,1.09902,1120000,940000
2019.10.03 14:55:37.608,1.099,1.09903,640000,2440000
2019.10.03 14:55:38.026,1.09901,1.09903,640000,2250000
2019.10.03 14:55:38.279,1.09901,1.09904,1690000,1500000
2019.10.03 14:55:39.880,1.09903,1.09905,1020000,2250000
2019.10.03 14:55:39.982,1.09904,1.09906,500000,750000
2019.10.03 14:55:40.125,1.09903,1.09906,2120000,560000
2019.10.03 14:55:40.227,1.09903,1.09904,750000,500000
2019.10.03 14:55:40.328,1.09901,1.09905,2570000,4370000
2019.10.03 14:55:40.780,1.09901,1.09905,3700000,4120000
2019.10.03 14:55:41.498,1.09901,1.09903,1870000,1120000
2019.10.03 14:55:41.600,1.09901,1.09904,1390000,500000
2019.10.03 14:55:41.970,1.09901,1.09905,4760000,2060000
2019.10.03 14:55:43.746,1.09904,1.09906,3100000,750000
2019.10.03 14:55:43.848,1.09905,1.09907,750000,2440000
2019.10.03 14:55:43.983,1.09905,1.09908,1320000,1690000
2019.10.03 14:55:44.446,1.09905,1.09906,750000,1690000
2019.10.03 14:55:44.754,1.09905,1.09907,750000,1690000
2019.10.03 14:55:44.855,1.09905,1.09907,1500000,1690000
2019.10.03 14:55:44.906,1.09906,1.09908,1650000,2250000
2019.10.03 14:55:45.395,1.09906,1.09909,2510000,750000
2019.10.03 14:55:45.445,1.09905,1.09907,2810000,3000000
2019.10.03 14:55:45.597,1.09905,1.09907,1750000,750000
2019.10.03 14:55:45.891,1.09904,1.09906,750000,2250000
2019.10.03 14:55:46.921,1.09904,1.09906,2120000,750000
2019.10.03 14:55:47.154,1.09903,1.09906,2510000,750000
2019.10.03 14:55:48.061,1.09902,1.09906,4070000,2620000
2019.10.03 14:55:48.967,1.09901,1.09902,940000,4120000
2019.10.03 14:55:49.075,1.099,1.09901,1500000,750000
2019.10.03 14:55:49.128,1.09898,1.09899,940000,2620000
2019.10.03 14:55:49.233,1.09896,1.09899,750000,2500000
2019.10.03 14:55:49.335,1.09896,1.099,5570000,1500000
2019.10.03 14:55:49.523,1.09895,1.099,4820000,3940000
2019.10.03 14:55:50.008,1.09896,1.09899,2140000,750000
2019.10.03 14:55:50.115,1.09895,1.09899,1690000,3560000
2019.10.03 14:55:50.216,1.09896,1.09899,2060000,750000
2019.10.03 14:55:50.318,1.09895,1.09899,1760000,4310000
2019.10.03 14:55:50.536,1.09896,1.09899,2890000,750000
2019.10.03 14:55:50.688,1.09895,1.09899,1760000,4310000
2019.10.03 14:55:50.796,1.09896,1.09899,3190000,750000
2019.10.03 14:55:50.897,1.09895,1.09899,2140000,4310000
2019.10.03 14:55:51.248,1.09896,1.09898,1500000,1500000
2019.10.03 14:55:51.455,1.09895,1.09899,2810000,4310000
2019.10.03 14:55:51.557,1.09896,1.09899,1690000,750000
2019.10.03 14:55:52.083,1.09897,1.09899,1010000,750000
2019.10.03 14:55:52.789,1.09895,1.09899,940000,3940000
2019.10.03 14:55:53.124,1.09897,1.09899,2440000,750000
2019.10.03 14:55:53.377,1.09897,1.09898,750000,750000
2019.10.03 14:55:54.302,1.09896,1.09898,750000,1500000
2019.10.03 14:55:54.403,1.09895,1.09896,750000,750000
2019.10.03 14:55:54.516,1.09894,1.09896,940000,750000
2019.10.03 14:55:54.669,1.09893,1.09895,940000,1870000
2019.10.03 14:55:54.871,1.09892,1.09893,750000,3000000
2019.10.03 14:55:55.074,1.0989,1.09893,1870000,3560000
2019.10.03 14:55:55.191,1.0989,1.09891,750000,1310000
2019.10.03 14:55:55.447,1.0989,1.09892,940000,1310000
2019.10.03 14:55:56.582,1.0989,1.09892,1750000,750000
2019.10.03 14:55:56.684,1.09889,1.09892,2570000,500000
2019.10.03 14:55:57.693,1.09888,1.0989,1690000,500000
2019.10.03 14:55:57.795,1.09888,1.09889,750000,500000
2019.10.03 14:55:58.449,1.09886,1.09889,560000,3370000
2019.10.03 14:55:58.703,1.09887,1.0989,5590000,750000
2019.10.03 14:55:58.930,1.09886,1.0989,4840000,2810000
2019.10.03 14:55:59.299,1.09886,1.09888,750000,2810000
2019.10.03 14:55:59.993,1.09887,1.09888,750000,750000
2019.10.03 14:56:00.096,1.09886,1.0989,2950000,1120000
2019.10.03 14:56:00.384,1.09885,1.09889,1310000,5810000
2019.10.03 14:56:00.992,1.09886,1.09889,3340000,750000
2019.10.03 14:56:01.095,1.09885,1.09889,2590000,4310000
2019.10.03 14:56:01.457,1.09886,1.09889,2960000,750000
2019.10.03 14:56:01.806,1.09885,1.09889,1760000,4310000
2019.10.03 14:56:02.059,1.09885,1.09887,2440000,1870000
2019.10.03 14:56:02.201,1.09882,1.09886,7010000,1690000
2019.10.03 14:56:02.252,1.09882,1.09885,1070000,1690000
2019.10.03 14:56:02.506,1.09882,1.09883,600000,1120000
2019.10.03 14:56:02.799,1.09882,1.09885,2140000,500000
2019.10.03 14:56:03.618,1.09882,1.09884,1570000,500000
2019.10.03 14:56:03.861,1.09882,1.09883,600000,500000
2019.10.03 14:56:03.962,1.09879,1.0988,750000,750000
2019.10.03 14:56:04.063,1.09877,1.09879,520000,500000
2019.10.03 14:56:04.250,1.09875,1.09876,1500000,2250000
2019.10.03 14:56:04.301,1.09874,1.09875,940000,500000
2019.10.03 14:56:04.403,1.09871,1.09874,1500000,4370000
2019.10.03 14:56:04.505,1.09871,1.09873,1500000,560000
2019.10.03 14:56:04.606,1.0987,1.09872,1970000,560000
2019.10.03 14:56:04.760,1.0987,1.09872,600000,500000
2019.10.03 14:56:04.864,1.0987,1.09872,600000,500000
2019.10.03 14:56:04.915,1.0987,1.09873,1390000,500000
2019.10.03 14:56:05.266,1.0987,1.09874,2720000,750000
2019.10.03 14:56:05.472,1.09872,1.09874,1220000,750000
2019.10.03 14:56:05.523,1.09874,1.09875,1690000,1120000
2019.10.03 14:56:05.878,1.09874,1.09876,1120000,1120000
2019.10.03 14:56:05.979,1.09874,1.09876,1600000,1120000
2019.10.03 14:56:06.104,1.09876,1.09877,600000,750000
2019.10.03 14:56:06.211,1.09876,1.09878,750000,750000
2019.10.03 14:56:07.146,1.09874,1.09877,4690000,750000
2019.10.03 14:56:07.247,1.09874,1.09876,1500000,750000
2019.10.03 14:56:07.376,1.09873,1.09876,1690000,1870000
2019.10.03 14:56:07.529,1.09873,1.09877,6490000,2060000
2019.10.03 14:56:07.631,1.09873,1.09876,750000,2060000
2019.10.03 14:56:07.783,1.09873,1.09877,3940000,2060000
2019.10.03 14:56:08.004,1.09873,1.09876,750000,2060000
2019.10.03 14:56:08.133,1.09873,1.09877,2510000,2810000
2019.10.03 14:56:08.184,1.09875,1.09878,600000,2440000
2019.10.03 14:56:08.999,1.09875,1.09877,750000,500000
2019.10.03 14:56:10.140,1.09875,1.09878,940000,500000
2019.10.03 14:56:10.275,1.09874,1.09877,4760000,500000
2019.10.03 14:56:10.376,1.09875,1.09877,600000,3370000
2019.10.03 14:56:10.427,1.09876,1.09879,6070000,560000
2019.10.03 14:56:10.528,1.09875,1.09878,500000,1310000
2019.10.03 14:56:10.848,1.09875,1.09878,1600000,560000
2019.10.03 14:56:11.004,1.09874,1.09876,1500000,750000
2019.10.03 14:56:11.106,1.09872,1.09876,1500000,5870000
2019.10.03 14:56:11.264,1.09872,1.09875,1000000,2060000
2019.10.03 14:56:11.719,1.0987,1.09872,750000,1120000
2019.10.03 14:56:11.832,1.0987,1.09873,2440000,1120000
2019.10.03 14:56:12.129,1.09869,1.09872,2250000,1310000
2019.10.03 14:56:12.632,1.09869,1.09871,750000,500000
2019.10.03 14:56:12.734,1.09869,1.09872,3190000,500000
2019.10.03 14:56:12.835,1.09868,1.09872,2540000,4000000
2019.10.03 14:56:12.960,1.0987,1.09873,2910000,1870000
2019.10.03 14:56:13.021,1.0987,1.09873,940000,3000000
2019.10.03 14:56:13.224,1.0987,1.09875,5970000,8060000
2019.10.03 14:56:13.537,1.09874,1.09875,1120000,750000
2019.10.03 14:56:13.748,1.09874,1.09877,1010000,500000
2019.10.03 14:56:13.864,1.09874,1.09876,750000,500000
2019.10.03 14:56:14.016,1.09875,1.09878,4170000,2250000
2019.10.03 14:56:14.101,1.09877,1.09878,560000,7120000
2019.10.03 14:56:14.152,1.09881,1.09882,940000,500000
2019.10.03 14:56:14.306,1.09881,1.09884,1820000,500000
2019.10.03 14:56:14.408,1.09883,1.09884,1390000,750000
2019.10.03 14:56:14.611,1.09883,1.09884,750000,560000
2019.10.03 14:56:15.232,1.09883,1.09886,2440000,1120000
2019.10.03 14:56:15.333,1.09883,1.09886,1750000,1870000
2019.10.03 14:56:16.947,1.09882,1.09885,940000,1330000
2019.10.03 14:56:17.099,1.09882,1.09884,1750000,1330000
2019.10.03 14:56:17.429,1.09881,1.09884,2500000,2060000
2019.10.03 14:56:19.468,1.09884,1.09886,4090000,500000
2019.10.03 14:56:19.765,1.09884,1.09886,2870000,500000
2019.10.03 14:56:20.019,1.09882,1.09884,750000,1120000
2019.10.03 14:56:20.209,1.09882,1.09885,1390000,500000
2019.10.03 14:56:21.353,1.09882,1.09884,940000,500000
2019.10.03 14:56:21.456,1.09882,1.09883,500000,500000
2019.10.03 14:56:22.133,1.09882,1.09885,4450000,500000
2019.10.03 14:56:25.091,1.09882,1.09885,3560000,500000
2019.10.03 14:56:25.142,1.09884,1.09885,1120000,750000
2019.10.03 14:56:25.244,1.09885,1.09888,1750000,560000
2019.10.03 14:56:26.349,1.09884,1.09887,5440000,500000
2019.10.03 14:56:26.450,1.09884,1.09886,750000,500000
2019.10.03 14:56:26.664,1.09884,1.09885,750000,500000
2019.10.03 14:56:26.765,1.09883,1.09885,1690000,500000
2019.10.03 14:56:26.918,1.09883,1.09884,750000,500000
2019.10.03 14:56:27.019,1.09883,1.09885,2440000,500000
2019.10.03 14:56:27.153,1.09882,1.09883,750000,750000
2019.10.03 14:56:27.359,1.09883,1.09884,1500000,500000
2019.10.03 14:56:27.460,1.09883,1.09885,4760000,500000
2019.10.03 14:56:27.562,1.0988,1.09882,1690000,560000
2019.10.03 14:56:30.585,1.0988,1.09881,1500000,500000
2019.10.03 14:56:30.849,1.0988,1.09882,940000,500000
2019.10.03 14:56:31.485,1.0988,1.09881,750000,500000
2019.10.03 14:56:31.586,1.0988,1.09882,1690000,500000
2019.10.03 14:56:31.687,1.0988,1.09881,750000,500000
2019.10.03 14:56:31.789,1.0988,1.09882,940000,1120000
2019.10.03 14:56:32.236,1.09879,1.0988,750000,750000
2019.10.03 14:56:32.338,1.09879,1.09881,820000,500000
2019.10.03 14:56:32.439,1.09879,1.09881,2120000,500000
2019.10.03 14:56:32.866,1.09879,1.09881,1570000,500000
2019.10.03 14:56:33.002,1.09879,1.09882,2440000,600000
2019.10.03 14:56:33.677,1.09879,1.09881,750000,600000
2019.10.03 14:56:33.780,1.09878,1.09881,2950000,500000
2019.10.03 14:56:33.888,1.09879,1.09881,750000,750000
2019.10.03 14:56:33.989,1.09878,1.09882,3190000,1310000
2019.10.03 14:56:34.104,1.09878,1.09881,1500000,1310000
2019.10.03 14:56:34.810,1.09878,1.09882,3190000,1310000
2019.10.03 14:56:34.911,1.09878,1.09881,2250000,500000
2019.10.03 14:56:35.178,1.0988,1.09882,3640000,750000
2019.10.03 14:56:35.280,1.09881,1.09882,750000,750000
2019.10.03 14:56:35.331,1.09882,1.09884,4760000,500000
2019.10.03 14:56:35.433,1.09881,1.09883,820000,500000
2019.10.03 14:56:35.484,1.09878,1.09881,3620000,1120000
2019.10.03 14:56:35.896,1.09877,1.0988,2440000,1120000
2019.10.03 14:56:36.161,1.09878,1.09881,3320000,500000
2019.10.03 14:56:36.350,1.09878,1.09881,820000,1310000
2019.10.03 14:56:37.146,1.09877,1.0988,2440000,2200000
2019.10.03 14:56:37.349,1.09877,1.0988,2570000,1310000
2019.10.03 14:56:38.158,1.09879,1.09881,3940000,750000
2019.10.03 14:56:39.106,1.09881,1.09883,9250000,750000
2019.10.03 14:56:39.249,1.0988,1.09883,2540000,500000
2019.10.03 14:56:39.351,1.0988,1.09883,2060000,500000
2019.10.03 14:56:39.453,1.0988,1.09882,1500000,500000
2019.10.03 14:56:39.811,1.09878,1.09881,1000000,2060000
2019.10.03 14:56:40.101,1.09878,1.09882,1750000,4370000
2019.10.03 14:56:40.874,1.09878,1.09881,940000,1120000
2019.10.03 14:56:40.976,1.09878,1.0988,750000,500000
2019.10.03 14:56:41.127,1.09877,1.0988,1500000,2890000
2019.10.03 14:56:41.229,1.09877,1.09879,750000,1310000
2019.10.03 14:56:41.968,1.09877,1.09878,940000,500000
2019.10.03 14:56:42.751,1.09875,1.09878,1120000,1310000
2019.10.03 14:56:43.116,1.09875,1.09877,1120000,1310000
2019.10.03 14:56:43.217,1.09873,1.09875,1500000,750000
2019.10.03 14:56:43.641,1.09872,1.09874,750000,2250000
2019.10.03 14:56:43.743,1.09872,1.09873,750000,1500000
2019.10.03 14:56:44.585,1.09871,1.09873,750000,560000
2019.10.03 14:56:44.889,1.09869,1.0987,750000,3190000
2019.10.03 14:56:44.940,1.09868,1.09869,1690000,820000
2019.10.03 14:56:45.041,1.09866,1.09868,750000,1370000
2019.10.03 14:56:45.148,1.09865,1.09867,750000,940000
2019.10.03 14:56:45.249,1.09865,1.09867,1500000,2140000
2019.10.03 14:56:45.351,1.09865,1.09866,750000,560000
2019.10.03 14:56:45.526,1.09865,1.09867,750000,560000
2019.10.03 14:56:46.548,1.09864,1.09867,2250000,560000
2019.10.03 14:56:46.750,1.09864,1.09865,750000,560000
2019.10.03 14:56:46.862,1.09863,1.09864,750000,1310000
2019.10.03 14:56:46.963,1.09863,1.09865,2440000,560000
2019.10.03 14:56:47.145,1.09861,1.09864,1500000,2870000
2019.10.03 14:56:47.246,1.09861,1.09864,2250000,560000
2019.10.03 14:56:48.469,1.09861,1.09864,2720000,560000
2019.10.03 14:56:48.570,1.09861,1.09864,1500000,560000
2019.10.03 14:56:50.571,1.09863,1.09865,1650000,1310000
2019.10.03 14:56:50.672,1.09863,1.09866,750000,560000
2019.10.03 14:56:50.774,1.09863,1.09867,3260000,2060000
2019.10.03 14:56:51.142,1.09863,1.09867,3290000,6770000
2019.10.03 14:56:51.294,1.09863,1.09867,3260000,2060000
2019.10.03 14:56:52.906,1.09863,1.09865,750000,560000
2019.10.03 14:56:53.455,1.09863,1.09867,4240000,560000
2019.10.03 14:56:53.563,1.09867,1.09868,6820000,4500000
2019.10.03 14:56:53.614,1.09868,1.0987,1500000,750000
2019.10.03 14:56:53.665,1.09867,1.0987,2440000,2620000
2019.10.03 14:56:54.041,1.09866,1.0987,2440000,1310000
2019.10.03 14:56:54.143,1.09866,1.0987,3570000,1310000
2019.10.03 14:56:54.894,1.09866,1.0987,3170000,1690000
2019.10.03 14:56:55.198,1.09866,1.09869,750000,940000
2019.10.03 14:56:55.350,1.09866,1.0987,3260000,940000
2019.10.03 14:56:55.451,1.09866,1.09869,1500000,560000
2019.10.03 14:56:55.603,1.09866,1.09869,2500000,560000
2019.10.03 14:57:00.207,1.09864,1.09865,750000,1500000
2019.10.03 14:57:00.259,1.09865,1.09867,3000000,750000
2019.10.03 14:57:00.360,1.09863,1.09865,750000,1870000
2019.10.03 14:57:00.462,1.09862,1.09863,750000,940000
2019.10.03 14:57:00.739,1.09861,1.09865,2500000,4000000
2019.10.03 14:57:00.840,1.09863,1.09865,2250000,2810000
2019.10.03 14:57:00.941,1.09862,1.09865,1690000,750000
2019.10.03 14:57:01.264,1.09862,1.09864,750000,2950000
2019.10.03 14:57:02.053,1.09862,1.09864,750000,750000
2019.10.03 14:57:02.560,1.09863,1.09865,750000,1690000
2019.10.03 14:57:02.705,1.09863,1.09865,750000,1750000
2019.10.03 14:57:02.870,1.09863,1.09865,750000,1750000
2019.10.03 14:57:03.230,1.09863,1.09865,750000,4000000
2019.10.03 14:57:03.331,1.09865,1.09867,1500000,1120000
2019.10.03 14:57:03.802,1.09865,1.09866,750000,500000
2019.10.03 14:57:03.903,1.09865,1.09867,750000,500000
2019.10.03 14:57:04.145,1.09865,1.09867,750000,3450000
2019.10.03 14:57:04.196,1.09867,1.09869,1950000,1310000
2019.10.03 14:57:04.449,1.09867,1.0987,3640000,3370000
2019.10.03 14:57:04.703,1.09867,1.09869,940000,1120000
2019.10.03 14:57:04.781,1.09865,1.09866,750000,1570000
2019.10.03 14:57:04.832,1.0986,1.09862,750000,2540000
2019.10.03 14:57:04.933,1.09859,1.09862,1500000,4820000
2019.10.03 14:57:05.135,1.09859,1.09862,3000000,2140000
2019.10.03 14:57:05.257,1.09859,1.09861,1690000,2060000
2019.10.03 14:57:05.510,1.09857,1.09858,500000,1500000
2019.10.03 14:57:05.611,1.09855,1.09858,750000,1690000
2019.10.03 14:57:05.713,1.09855,1.09859,2440000,1690000
2019.10.03 14:57:05.866,1.09855,1.09858,750000,940000
2019.10.03 14:57:09.366,1.09855,1.09858,1690000,2150000
2019.10.03 14:57:09.468,1.09855,1.09858,1690000,3200000
2019.10.03 14:57:09.569,1.09855,1.09857,750000,3200000
2019.10.03 14:57:09.774,1.09855,1.09857,750000,3270000
2019.10.03 14:57:09.890,1.09856,1.09859,940000,5250000
2019.10.03 14:57:09.992,1.09857,1.09859,1690000,750000
2019.10.03 14:57:10.220,1.09857,1.09858,750000,750000
2019.10.03 14:57:10.399,1.09857,1.09859,1690000,750000
2019.10.03 14:57:10.450,1.09855,1.09858,940000,500000
2019.10.03 14:57:11.083,1.09855,1.09857,750000,500000
2019.10.03 14:57:11.185,1.09854,1.09857,750000,2140000
2019.10.03 14:57:11.314,1.09853,1.09854,1500000,1760000
2019.10.03 14:57:11.415,1.09851,1.09853,750000,1500000
2019.10.03 14:57:11.743,1.09851,1.09852,750000,750000
2019.10.03 14:57:11.845,1.0985,1.09853,940000,1120000
2019.10.03 14:57:11.947,1.09849,1.09853,2140000,6640000
2019.10.03 14:57:11.998,1.09849,1.09851,750000,3450000
2019.10.03 14:57:12.120,1.09848,1.09849,4120000,1500000
2019.10.03 14:57:12.172,1.09846,1.09848,1500000,500000
2019.10.03 14:57:12.273,1.09845,1.09847,750000,1500000
2019.10.03 14:57:12.527,1.09843,1.09847,750000,3700000
2019.10.03 14:57:12.840,1.09844,1.09846,750000,940000
2019.10.03 14:57:13.036,1.09843,1.09846,1500000,3940000
2019.10.03 14:57:13.138,1.09843,1.09847,3560000,940000
2019.10.03 14:57:13.246,1.09842,1.09846,1500000,2870000
2019.10.03 14:57:13.297,1.09842,1.09844,1500000,1370000
2019.10.03 14:57:13.399,1.09841,1.09843,750000,750000
2019.10.03 14:57:13.629,1.09841,1.09843,750000,500000
2019.10.03 14:57:13.769,1.09841,1.09844,2060000,3370000
2019.10.03 14:57:13.871,1.09842,1.09844,750000,2120000
2019.10.03 14:57:13.973,1.09842,1.09844,940000,1310000
2019.10.03 14:57:14.082,1.09842,1.09845,2440000,1120000
2019.10.03 14:57:14.285,1.09843,1.09845,750000,750000
2019.10.03 14:57:14.387,1.09842,1.09846,3560000,6940000
2019.10.03 14:57:14.513,1.09844,1.09847,3750000,500000
2019.10.03 14:57:14.618,1.09844,1.09846,1500000,500000
2019.10.03 14:57:14.719,1.09844,1.09847,4690000,500000
2019.10.03 14:57:14.821,1.09844,1.09847,2500000,500000
2019.10.03 14:57:15.169,1.09844,1.09845,1690000,3000000
2019.10.03 14:57:15.221,1.09846,1.09848,1690000,3750000
2019.10.03 14:57:15.372,1.09846,1.09849,2440000,2620000
2019.10.03 14:57:15.474,1.09846,1.09848,750000,3370000
2019.10.03 14:57:15.598,1.09846,1.09849,1690000,1120000
2019.10.03 14:57:15.901,1.09846,1.09848,750000,1120000
2019.10.03 14:57:16.216,1.09846,1.09849,1690000,1120000
2019.10.03 14:57:16.317,1.09847,1.09849,1690000,500000
2019.10.03 14:57:16.446,1.09847,1.09848,750000,1120000
2019.10.03 14:57:16.619,1.09847,1.0985,940000,750000
2019.10.03 14:57:16.778,1.09847,1.09849,750000,750000
2019.10.03 14:57:16.897,1.09847,1.0985,940000,810000
2019.10.03 14:57:17.152,1.09847,1.0985,2500000,500000
2019.10.03 14:57:17.462,1.09847,1.09848,750000,500000
2019.10.03 14:57:17.614,1.09847,1.09849,2440000,600000
2019.10.03 14:57:18.085,1.09848,1.0985,1690000,1620000
2019.10.03 14:57:18.136,1.09849,1.09851,2440000,500000
2019.10.03 14:57:18.760,1.09849,1.0985,1500000,500000
2019.10.03 14:57:18.906,1.09847,1.09849,5060000,1120000
2019.10.03 14:57:18.957,1.09844,1.09846,750000,1870000
2019.10.03 14:57:19.061,1.09842,1.09844,750000,600000
2019.10.03 14:57:19.462,1.09843,1.09846,4750000,750000
2019.10.03 14:57:19.513,1.09844,1.09846,3940000,500000
2019.10.03 14:57:19.665,1.09845,1.09847,1000000,600000
2019.10.03 14:57:19.716,1.09845,1.09848,3190000,640000
2019.10.03 14:57:19.818,1.09846,1.09848,2250000,820000
2019.10.03 14:57:20.021,1.09847,1.0985,2120000,1500000
2019.10.03 14:57:20.239,1.09848,1.09851,4010000,1120000
2019.10.03 14:57:20.363,1.09849,1.09851,2510000,2620000
2019.10.03 14:57:20.464,1.09849,1.09853,5060000,3370000
2019.10.03 14:57:20.566,1.09849,1.09852,2250000,1120000
2019.10.03 14:57:20.667,1.09849,1.09853,3940000,2140000
2019.10.03 14:57:21.356,1.09849,1.09853,4000000,1870000
2019.10.03 14:57:21.495,1.09849,1.09851,940000,500000
2019.10.03 14:57:21.597,1.09849,1.09852,3640000,1120000
2019.10.03 14:57:23.298,1.09849,1.0985,940000,1120000
2019.10.03 14:57:23.399,1.09847,1.09849,2620000,2620000
2019.10.03 14:57:23.450,1.09845,1.09848,4000000,4040000
2019.10.03 14:57:23.568,1.09845,1.09847,940000,940000
2019.10.03 14:57:23.950,1.09844,1.09846,2500000,2620000
2019.10.03 14:57:24.053,1.09841,1.09842,940000,750000
2019.10.03 14:57:24.130,1.0984,1.09842,940000,940000
2019.10.03 14:57:24.231,1.0984,1.09841,940000,2250000
2019.10.03 14:57:24.384,1.0984,1.09842,940000,1120000
2019.10.03 14:57:24.691,1.0984,1.09844,2500000,1870000
2019.10.03 14:57:24.793,1.09842,1.09845,2490000,1120000
2019.10.03 14:57:24.894,1.09843,1.09846,1690000,3070000
2019.10.03 14:57:24.977,1.09842,1.09844,750000,4790000
2019.10.03 14:57:25.078,1.09844,1.09846,2140000,510000
2019.10.03 14:57:25.230,1.09844,1.09848,2080000,2100000
2019.10.03 14:57:25.926,1.09845,1.09848,1750000,510000
2019.10.03 14:57:26.078,1.09844,1.09848,1750000,7040000
2019.10.03 14:57:26.191,1.09846,1.09849,1750000,1310000
2019.10.03 14:57:26.242,1.0985,1.09851,860000,1870000
2019.10.03 14:57:26.293,1.09851,1.09854,1000000,5620000
2019.10.03 14:57:26.344,1.09853,1.09855,1000000,500000
2019.10.03 14:57:26.395,1.09853,1.09856,2440000,500000
2019.10.03 14:57:26.574,1.09853,1.09855,750000,4200000
2019.10.03 14:57:26.675,1.09853,1.09856,2510000,500000
2019.10.03 14:57:26.864,1.09853,1.09856,2570000,560000
2019.10.03 14:57:26.966,1.09852,1.09854,2440000,1600000
2019.10.03 14:57:27.067,1.09852,1.09855,2500000,500000
2019.10.03 14:57:27.422,1.09853,1.09856,4470000,1500000
2019.10.03 14:57:27.475,1.09853,1.09856,4410000,1500000
2019.10.03 14:57:27.576,1.09853,1.09855,940000,1500000
2019.10.03 14:57:27.829,1.09852,1.09854,940000,1760000
2019.10.03 14:57:27.930,1.09851,1.09853,940000,1690000
2019.10.03 14:57:29.020,1.09852,1.09855,4150000,500000
2019.10.03 14:57:29.411,1.09852,1.09855,750000,560000
2019.10.03 14:57:30.018,1.09852,1.09854,750000,500000
2019.10.03 14:57:30.719,1.0985,1.09853,560000,1000000
2019.10.03 14:57:30.940,1.09849,1.09852,500000,3700000
2019.10.03 14:57:31.042,1.09848,1.09851,1900000,1690000
2019.10.03 14:57:31.143,1.09847,1.09849,1500000,3370000
2019.10.03 14:57:31.346,1.09846,1.09849,750000,2890000
2019.10.03 14:57:31.607,1.09847,1.0985,820000,4690000
2019.10.03 14:57:31.708,1.09848,1.0985,750000,750000
2019.10.03 14:57:31.809,1.09848,1.09849,750000,1500000
2019.10.03 14:57:31.920,1.09846,1.0985,4750000,3700000
2019.10.03 14:57:32.022,1.09846,1.09848,750000,750000
2019.10.03 14:57:32.141,1.09845,1.09848,1000000,3560000
2019.10.03 14:57:32.243,1.09846,1.09848,1000000,750000
2019.10.03 14:57:33.111,1.09845,1.09848,1000000,560000
2019.10.03 14:57:34.119,1.09846,1.09849,3750000,940000
2019.10.03 14:57:34.220,1.09847,1.09849,750000,500000
2019.10.03 14:57:34.378,1.09846,1.09849,750000,1010000
2019.10.03 14:57:36.515,1.09846,1.0985,600000,3700000
2019.10.03 14:57:37.060,1.09847,1.0985,1450000,940000
2019.10.03 14:57:37.161,1.09847,1.0985,1390000,1500000
2019.10.03 14:57:37.303,1.09846,1.0985,850000,5700000
2019.10.03 14:57:37.455,1.09847,1.0985,2200000,750000
2019.10.03 14:57:38.113,1.09846,1.0985,850000,5320000
2019.10.03 14:57:38.348,1.09847,1.0985,2200000,750000
2019.10.03 14:57:38.494,1.09846,1.0985,850000,5320000
2019.10.03 14:57:38.596,1.09847,1.0985,1070000,750000
2019.10.03 14:57:38.952,1.09846,1.09849,940000,1950000
2019.10.03 14:57:39.108,1.09846,1.09849,1070000,1870000
2019.10.03 14:57:39.265,1.09847,1.09849,2570000,750000
2019.10.03 14:57:39.367,1.09845,1.09849,3640000,1690000
2019.10.03 14:57:39.418,1.09843,1.09845,2250000,2140000
2019.10.03 14:57:39.563,1.09843,1.09847,4470000,2250000
2019.10.03 14:57:39.665,1.09842,1.09847,4820000,5440000
2019.10.03 14:57:39.816,1.09843,1.09846,940000,750000
2019.10.03 14:57:40.027,1.09844,1.09847,3250000,750000
2019.10.03 14:57:40.162,1.09844,1.09847,1690000,750000
2019.10.03 14:57:40.374,1.09844,1.09847,1750000,1690000
2019.10.03 14:57:40.789,1.09843,1.09847,2500000,4500000
2019.10.03 14:57:40.890,1.09842,1.09846,3940000,4310000
2019.10.03 14:57:40.992,1.09844,1.09846,940000,750000
2019.10.03 14:57:42.149,1.09844,1.09846,1000000,750000
2019.10.03 14:57:42.251,1.09843,1.09846,560000,1500000
2019.10.03 14:57:42.706,1.09843,1.09845,500000,2250000
2019.10.03 14:57:42.807,1.09844,1.09845,500000,750000
2019.10.03 14:57:42.922,1.09844,1.09846,1310000,750000
2019.10.03 14:57:43.024,1.09843,1.09845,1000000,750000
2019.10.03 14:57:43.074,1.09842,1.09843,750000,1120000
2019.10.03 14:57:43.608,1.09841,1.09843,750000,2250000
2019.10.03 14:57:44.244,1.09841,1.09844,4010000,750000
2019.10.03 14:57:47.150,1.09842,1.09844,2250000,750000
2019.10.03 14:57:47.252,1.09841,1.09844,1500000,560000
2019.10.03 14:57:47.353,1.09841,1.09844,1690000,1000000
2019.10.03 14:57:47.454,1.0984,1.09843,750000,5200000
2019.10.03 14:57:50.310,1.0984,1.09843,750000,3260000
2019.10.03 14:57:50.610,1.0984,1.09843,750000,4070000
2019.10.03 14:57:51.402,1.09841,1.09844,750000,940000
2019.10.03 14:57:51.514,1.09841,1.09843,750000,1690000
2019.10.03 14:57:51.615,1.09841,1.09844,750000,1690000
2019.10.03 14:57:51.953,1.09842,1.09845,1500000,1750000
2019.10.03 14:57:52.122,1.09841,1.09843,750000,1310000
2019.10.03 14:57:52.379,1.09841,1.09844,750000,3190000
2019.10.03 14:57:52.543,1.09841,1.09845,3190000,2910000
2019.10.03 14:57:52.644,1.09841,1.09843,750000,3940000
2019.10.03 14:57:53.120,1.09842,1.09843,750000,750000
2019.10.03 14:57:53.221,1.09841,1.09843,750000,1690000
2019.10.03 14:57:53.785,1.09842,1.09843,750000,750000
2019.10.03 14:57:53.886,1.09841,1.09843,750000,1500000
2019.10.03 14:57:54.088,1.09841,1.09842,500000,750000
2019.10.03 14:57:54.139,1.09839,1.09842,940000,4190000
2019.10.03 14:57:54.265,1.0984,1.09842,940000,500000
2019.10.03 14:57:54.317,1.09842,1.09844,750000,1500000
2019.10.03 14:57:54.803,1.09842,1.09843,750000,750000
2019.10.03 14:57:54.904,1.09841,1.09844,3190000,1000000
2019.10.03 14:57:55.384,1.0984,1.09844,4390000,940000
2019.10.03 14:57:55.487,1.0984,1.09843,2250000,1690000
2019.10.03 14:57:56.126,1.09841,1.09843,3000000,750000
2019.10.03 14:57:57.150,1.09839,1.09842,1760000,750000
2019.10.03 14:57:58.158,1.09839,1.09841,750000,750000
2019.10.03 14:57:58.260,1.09838,1.0984,1310000,1500000
2019.10.03 14:57:58.361,1.09838,1.0984,500000,1000000
2019.10.03 14:57:58.537,1.09837,1.0984,1870000,2810000
2019.10.03 14:57:59.509,1.09837,1.09839,750000,1500000
2019.10.03 14:57:59.560,1.09838,1.0984,1870000,1000000
2019.10.03 14:57:59.689,1.0984,1.09841,1500000,500000
2019.10.03 14:57:59.791,1.09841,1.09843,7000000,1500000
2019.10.03 14:57:59.842,1.09844,1.09845,3940000,2250000
2019.10.03 14:57:59.892,1.09847,1.09848,750000,1870000
2019.10.03 14:57:59.943,1.09848,1.09852,5140000,1120000
2019.10.03 14:57:59.994,1.09847,1.0985,1000000,7200000
2019.10.03 14:58:00.150,1.09849,1.09853,3250000,1200000
2019.10.03 14:58:00.302,1.0985,1.09854,4000000,1600000
2019.10.03 14:58:00.456,1.0985,1.09854,2500000,820000
2019.10.03 14:58:00.558,1.0985,1.09854,4750000,1600000
2019.10.03 14:58:00.659,1.0985,1.09854,4000000,500000
2019.10.03 14:58:00.760,1.0985,1.09853,1750000,500000
2019.10.03 14:58:02.455,1.09847,1.09849,750000,640000
2019.10.03 14:58:02.557,1.09845,1.09848,750000,2120000
2019.10.03 14:58:02.709,1.09845,1.09846,750000,940000
2019.10.03 14:58:02.759,1.09843,1.09845,1500000,820000
2019.10.03 14:58:02.861,1.09843,1.09844,750000,750000
2019.10.03 14:58:03.003,1.0984,1.09844,4500000,2120000
2019.10.03 14:58:03.054,1.0984,1.09842,750000,1000000
2019.10.03 14:58:03.155,1.0984,1.09843,5250000,940000
2019.10.03 14:58:03.257,1.09839,1.09842,750000,1690000
2019.10.03 14:58:03.654,1.09838,1.09843,3340000,2950000
2019.10.03 14:58:04.135,1.09839,1.09842,750000,2510000
2019.10.03 14:58:04.293,1.09839,1.09843,3940000,940000
2019.10.03 14:58:04.509,1.09839,1.09842,1000000,1500000
2019.10.03 14:58:04.611,1.09838,1.0984,750000,2810000
2019.10.03 14:58:04.777,1.09839,1.09842,2890000,750000
2019.10.03 14:58:05.197,1.09839,1.09843,3190000,2440000
2019.10.03 14:58:05.298,1.0984,1.09843,3190000,750000
2019.10.03 14:58:05.399,1.0984,1.09842,750000,820000
2019.10.03 14:58:05.500,1.0984,1.09843,2440000,1500000
2019.10.03 14:58:05.602,1.09842,1.09844,750000,940000
2019.10.03 14:58:07.000,1.09844,1.09846,5590000,750000
2019.10.03 14:58:07.051,1.09843,1.09845,4650000,500000
2019.10.03 14:58:07.742,1.09842,1.09845,2250000,1760000
2019.10.03 14:58:07.927,1.09841,1.09845,2440000,4310000
2019.10.03 14:58:08.028,1.09841,1.09844,1500000,2810000
2019.10.03 14:58:08.281,1.09841,1.09843,750000,1310000
2019.10.03 14:58:08.382,1.09841,1.09844,2250000,4040000
2019.10.03 14:58:08.494,1.09842,1.09845,2440000,820000
2019.10.03 14:58:08.799,1.09842,1.09844,750000,820000
2019.10.03 14:58:08.904,1.09841,1.09844,750000,1310000
2019.10.03 14:58:09.303,1.09842,1.09845,750000,1370000
2019.10.03 14:58:09.744,1.09841,1.09844,750000,1390000
2019.10.03 14:58:09.897,1.09842,1.09844,750000,1500000
2019.10.03 14:58:09.949,1.09842,1.09846,4950000,1370000
2019.10.03 14:58:10.050,1.09843,1.09845,750000,560000
2019.10.03 14:58:10.613,1.09851,1.09853,7760000,750000
2019.10.03 14:58:10.715,1.09855,1.09857,1120000,2250000
2019.10.03 14:58:10.766,1.09856,1.09858,2250000,500000
2019.10.03 14:58:10.872,1.09855,1.09857,1000000,2320000
2019.10.03 14:58:10.974,1.09856,1.09857,1500000,500000
2019.10.03 14:58:11.176,1.09853,1.09855,2250000,4070000
2019.10.03 14:58:11.227,1.09852,1.09854,2250000,500000
2019.10.03 14:58:11.329,1.09852,1.09854,2250000,750000
2019.10.03 14:58:11.380,1.09851,1.09854,2250000,560000
2019.10.03 14:58:11.990,1.09851,1.09853,750000,560000
2019.10.03 14:58:12.092,1.09851,1.09854,3000000,560000
2019.10.03 14:58:12.608,1.09851,1.09853,750000,940000
2019.10.03 14:58:13.332,1.09852,1.09853,1690000,500000
2019.10.03 14:58:13.598,1.09851,1.09854,4750000,560000
2019.10.03 14:58:14.451,1.09851,1.09854,5060000,500000
2019.10.03 14:58:15.067,1.09851,1.09853,750000,500000
2019.10.03 14:58:15.227,1.09851,1.09854,3190000,500000
2019.10.03 14:58:15.328,1.09851,1.09853,750000,500000
2019.10.03 14:58:15.430,1.09851,1.09854,2440000,500000
2019.10.03 14:58:16.424,1.09852,1.09854,2570000,500000
2019.10.03 14:58:16.858,1.09851,1.09854,3250000,2060000
2019.10.03 14:58:17.177,1.0985,1.09853,2810000,500000
2019.10.03 14:58:17.297,1.09851,1.09853,2060000,750000
2019.10.03 14:58:17.602,1.09851,1.09852,750000,750000
2019.10.03 14:58:17.703,1.0985,1.09853,1310000,1120000
2019.10.03 14:58:17.950,1.09852,1.09854,3260000,1310000
2019.10.03 14:58:18.051,1.09852,1.09853,750000,560000
2019.10.03 14:58:18.153,1.09852,1.09854,6940000,500000
2019.10.03 14:58:18.624,1.09851,1.09854,8440000,500000
2019.10.03 14:58:18.978,1.09851,1.09853,1870000,500000
2019.10.03 14:58:20.699,1.09849,1.0985,750000,500000
2019.10.03 14:58:20.750,1.09846,1.09849,1500000,1310000
2019.10.03 14:58:20.855,1.09846,1.09848,2250000,940000
2019.10.03 14:58:20.958,1.09845,1.09847,750000,1310000
2019.10.03 14:58:21.076,1.09845,1.09848,1500000,560000
2019.10.03 14:58:21.179,1.09844,1.09847,1760000,500000
2019.10.03 14:58:21.772,1.09845,1.09847,940000,750000
2019.10.03 14:58:21.873,1.09845,1.09848,1500000,940000
2019.10.03 14:58:21.974,1.09846,1.09849,4690000,750000
2019.10.03 14:58:22.278,1.09846,1.09848,750000,560000
2019.10.03 14:58:22.503,1.09846,1.09849,3370000,560000
2019.10.03 14:58:22.957,1.09846,1.09848,750000,500000
2019.10.03 14:58:23.069,1.09846,1.09849,7540000,500000
2019.10.03 14:58:23.357,1.09846,1.09848,750000,500000
2019.10.03 14:58:25.529,1.09847,1.09849,1750000,750000
2019.10.03 14:58:25.631,1.09847,1.09849,750000,1570000
2019.10.03 14:58:25.785,1.09847,1.09849,750000,1000000
2019.10.03 14:58:25.886,1.09847,1.09851,4500000,1000000
2019.10.03 14:58:25.937,1.09847,1.09849,750000,1690000
2019.10.03 14:58:26.387,1.09846,1.09849,750000,560000
2019.10.03 14:58:26.697,1.09847,1.09849,1500000,500000
2019.10.03 14:58:26.799,1.09846,1.0985,1500000,4820000
2019.10.03 14:58:26.951,1.09846,1.0985,2440000,3940000
2019.10.03 14:58:27.052,1.09847,1.0985,3940000,750000
2019.10.03 14:58:27.180,1.09846,1.0985,6340000,3940000
2019.10.03 14:58:27.281,1.09845,1.09848,1500000,560000
2019.10.03 14:58:27.551,1.09847,1.09848,940000,750000
2019.10.03 14:58:27.670,1.09847,1.0985,5620000,560000
2019.10.03 14:58:27.774,1.09848,1.0985,1870000,750000
2019.10.03 14:58:27.875,1.09847,1.0985,750000,1310000
2019.10.03 14:58:28.238,1.09847,1.09849,750000,500000
2019.10.03 14:58:28.339,1.09847,1.0985,5590000,500000
2019.10.03 14:58:28.592,1.09847,1.09849,750000,940000
2019.10.03 14:58:28.767,1.09847,1.0985,2250000,940000
2019.10.03 14:58:28.817,1.09846,1.09847,750000,1390000
2019.10.03 14:58:28.919,1.09846,1.09848,3940000,500000
2019.10.03 14:58:29.176,1.09847,1.09849,7000000,500000
2019.10.03 14:58:29.278,1.09847,1.09849,2060000,940000
2019.10.03 14:58:29.807,1.09846,1.09848,750000,1950000
2019.10.03 14:58:29.909,1.09845,1.09849,3190000,2440000
2019.10.03 14:58:30.064,1.09846,1.09849,4690000,750000
2019.10.03 14:58:30.165,1.09845,1.09849,2440000,1310000
2019.10.03 14:58:30.839,1.09846,1.09849,4690000,750000
2019.10.03 14:58:30.991,1.09845,1.09849,1690000,2060000
2019.10.03 14:58:31.096,1.09846,1.09849,4690000,750000
2019.10.03 14:58:31.198,1.09845,1.09849,1690000,2060000
2019.10.03 14:58:31.641,1.09845,1.09849,1690000,3250000
2019.10.03 14:58:33.721,1.09849,1.09851,4390000,500000
2019.10.03 14:58:33.879,1.09847,1.09849,750000,1120000
2019.10.03 14:58:34.030,1.09847,1.0985,940000,500000
2019.10.03 14:58:34.182,1.09847,1.09848,750000,500000
2019.10.03 14:58:34.290,1.09846,1.09848,1500000,940000
2019.10.03 14:58:34.609,1.09847,1.09848,940000,750000
2019.10.03 14:58:34.710,1.09846,1.09848,750000,1690000
2019.10.03 14:58:34.812,1.09845,1.09848,750000,3190000
2019.10.03 14:58:34.924,1.09845,1.09847,750000,500000
2019.10.03 14:58:35.025,1.09845,1.09848,6190000,1120000
2019.10.03 14:58:35.228,1.09843,1.09845,750000,2740000
2019.10.03 14:58:35.278,1.09842,1.09846,3940000,3260000
2019.10.03 14:58:35.417,1.09842,1.09845,1500000,560000
2019.10.03 14:58:35.569,1.09842,1.09844,750000,500000
2019.10.03 14:58:35.907,1.09841,1.09844,750000,560000
2019.10.03 14:58:36.590,1.09841,1.09843,750000,1310000
2019.10.03 14:58:36.710,1.09842,1.09845,3940000,2620000
2019.10.03 14:58:36.811,1.09842,1.09844,750000,1870000
2019.10.03 14:58:37.345,1.09842,1.09845,2440000,500000
2019.10.03 14:58:37.750,1.09842,1.09844,1500000,1120000
2019.10.03 14:58:37.861,1.09842,1.09845,940000,1500000
2019.10.03 14:58:38.172,1.09842,1.09843,750000,500000
2019.10.03 14:58:38.813,1.09841,1.09843,750000,750000
2019.10.03 14:58:39.426,1.0984,1.09843,750000,3260000
2019.10.03 14:58:39.915,1.09841,1.09843,750000,500000
2019.10.03 14:58:40.310,1.09841,1.09844,5810000,500000
2019.10.03 14:58:40.585,1.09841,1.09843,750000,500000
2019.10.03 14:58:40.818,1.09841,1.09844,3750000,560000
2019.10.03 14:58:42.003,1.09841,1.09843,750000,500000
2019.10.03 14:58:42.105,1.09841,1.09844,3940000,500000
2019.10.03 14:58:42.260,1.0984,1.09842,940000,500000
2019.10.03 14:58:42.417,1.0984,1.09843,2440000,750000
2019.10.03 14:58:43.733,1.0984,1.09843,940000,2870000
2019.10.03 14:58:44.407,1.09841,1.09844,750000,2440000
2019.10.03 14:58:44.559,1.09841,1.09843,750000,2250000
2019.10.03 14:58:44.662,1.09841,1.09844,2250000,2440000
2019.10.03 14:58:45.381,1.09843,1.09845,5440000,2250000
2019.10.03 14:58:45.487,1.09843,1.09846,6190000,2250000
2019.10.03 14:58:45.588,1.09843,1.09845,750000,2250000
2019.10.03 14:58:45.689,1.09843,1.09846,3190000,2250000
2019.10.03 14:58:46.304,1.09842,1.09845,940000,3000000
2019.10.03 14:58:46.807,1.09844,1.09846,3750000,2250000
2019.10.03 14:58:46.908,1.09844,1.09845,750000,2250000
2019.10.03 14:58:47.010,1.09843,1.09845,940000,560000
2019.10.03 14:58:47.948,1.09842,1.09845,2440000,2620000
2019.10.03 14:58:48.100,1.09842,1.09844,750000,500000
2019.10.03 14:58:48.201,1.09842,1.09845,3190000,2620000
2019.10.03 14:58:48.426,1.09842,1.09843,750000,560000
2019.10.03 14:58:48.528,1.09842,1.09844,750000,500000
2019.10.03 14:58:48.788,1.09842,1.09845,2440000,750000
2019.10.03 14:58:49.690,1.09842,1.09845,2250000,3560000
2019.10.03 14:58:50.020,1.09843,1.09845,1500000,2250000
2019.10.03 14:58:50.122,1.09843,1.09846,2620000,2810000
2019.10.03 14:58:50.255,1.0985,1.09851,1690000,750000
2019.10.03 14:58:50.357,1.09851,1.09852,3000000,500000
2019.10.03 14:58:50.611,1.0985,1.09852,750000,640000
2019.10.03 14:58:50.750,1.09849,1.0985,750000,500000
2019.10.03 14:58:51.006,1.09849,1.09851,3190000,2620000
2019.10.03 14:58:51.107,1.09849,1.0985,750000,2620000
2019.10.03 14:58:51.262,1.09847,1.09849,750000,2890000
2019.10.03 14:58:51.363,1.09847,1.09848,750000,640000
2019.10.03 14:58:51.465,1.09847,1.09849,5440000,560000
2019.10.03 14:58:51.885,1.09846,1.09849,5060000,2620000
2019.10.03 14:58:51.986,1.09846,1.09848,1120000,2620000
2019.10.03 14:58:52.037,1.09844,1.09845,750000,1200000
2019.10.03 14:58:52.138,1.09844,1.09846,1750000,3000000
2019.10.03 14:58:52.193,1.09844,1.09847,3190000,2250000
2019.10.03 14:58:52.294,1.09845,1.09847,4500000,2250000
2019.10.03 14:58:52.854,1.09845,1.09848,4690000,2620000
2019.10.03 14:58:53.816,1.09845,1.09847,750000,3370000
2019.10.03 14:58:53.968,1.09845,1.09848,1690000,2700000
2019.10.03 14:58:54.136,1.09846,1.09848,2440000,600000
2019.10.03 14:58:54.245,1.09845,1.09848,2440000,2700000
2019.10.03 14:58:54.972,1.09845,1.09847,750000,2620000
2019.10.03 14:58:55.496,1.09845,1.09846,750000,500000
2019.10.03 14:58:56.118,1.09845,1.09847,3940000,1120000
2019.10.03 14:58:56.754,1.09845,1.09848,2440000,500000
2019.10.03 14:58:56.855,1.09845,1.09847,750000,500000
2019.10.03 14:58:57.105,1.09846,1.09847,750000,2250000
2019.10.03 14:58:57.505,1.09846,1.09848,2440000,2250000
2019.10.03 14:58:59.019,1.09846,1.09847,1500000,2320000
2019.10.03 14:58:59.122,1.09845,1.09846,1500000,500000
2019.10.03 14:58:59.224,1.09845,1.09847,940000,2620000
2019.10.03 14:58:59.428,1.09845,1.09848,3190000,500000
2019.10.03 14:58:59.681,1.09845,1.09848,3190000,1600000
2019.10.03 14:59:00.766,1.09847,1.09849,940000,750000
2019.10.03 14:59:00.868,1.09848,1.09849,940000,820000
2019.10.03 14:59:01.925,1.09846,1.09849,1500000,3870000
2019.10.03 14:59:02.321,1.09846,1.09849,750000,3840000
2019.10.03 14:59:02.550,1.09847,1.09849,750000,2510000
2019.10.03 14:59:06.120,1.09849,1.09851,1690000,1120000
2019.10.03 14:59:06.278,1.09853,1.09855,1500000,500000
2019.10.03 14:59:06.329,1.09856,1.09858,750000,1870000
2019.10.03 14:59:06.432,1.09857,1.09858,750000,600000
2019.10.03 14:59:06.534,1.09856,1.09858,750000,1200000
2019.10.03 14:59:06.585,1.09855,1.09857,1000000,6070000
2019.10.03 14:59:06.636,1.09856,1.09858,940000,2350000
2019.10.03 14:59:06.795,1.09856,1.09859,940000,1570000
2019.10.03 14:59:07.659,1.09856,1.09859,1500000,3290000
2019.10.03 14:59:09.037,1.09856,1.09859,1500000,1760000
2019.10.03 14:59:09.329,1.09859,1.09861,4330000,500000
2019.10.03 14:59:09.465,1.09858,1.09859,750000,750000
2019.10.03 14:59:09.617,1.09856,1.09859,940000,1920000
2019.10.03 14:59:10.816,1.09856,1.09858,750000,1820000
2019.10.03 14:59:11.003,1.09856,1.09859,1500000,2570000
2019.10.03 14:59:11.104,1.09858,1.09861,4750000,560000
2019.10.03 14:59:11.537,1.09859,1.0986,750000,600000
2019.10.03 14:59:11.689,1.09858,1.09861,2440000,600000
2019.10.03 14:59:11.790,1.09858,1.0986,750000,560000
2019.10.03 14:59:12.465,1.09859,1.09861,3750000,1000000
2019.10.03 14:59:12.516,1.09861,1.09863,3370000,1060000
2019.10.03 14:59:12.618,1.09864,1.09866,2440000,750000
2019.10.03 14:59:12.720,1.09866,1.09869,1750000,500000
2019.10.03 14:59:12.823,1.09866,1.09869,2810000,1200000
2019.10.03 14:59:13.238,1.09866,1.09869,2060000,1600000
2019.10.03 14:59:14.158,1.09866,1.09868,750000,2540000
2019.10.03 14:59:14.260,1.09866,1.09869,2250000,3290000
2019.10.03 14:59:17.323,1.09869,1.09871,2440000,500000
2019.10.03 14:59:17.424,1.09869,1.0987,750000,500000
2019.10.03 14:59:17.526,1.09868,1.0987,750000,820000
2019.10.03 14:59:17.835,1.09868,1.0987,3000000,500000
2019.10.03 14:59:18.103,1.09868,1.09869,750000,750000
2019.10.03 14:59:18.408,1.09866,1.09869,3000000,2970000
2019.10.03 14:59:18.560,1.09866,1.09869,1500000,1010000
2019.10.03 14:59:18.712,1.09866,1.09868,1500000,2720000
2019.10.03 14:59:19.120,1.09865,1.09866,750000,1200000
2019.10.03 14:59:19.172,1.09863,1.09865,5250000,940000
2019.10.03 14:59:19.300,1.09861,1.09864,750000,640000
2019.10.03 14:59:19.965,1.09858,1.0986,1000000,3070000
2019.10.03 14:59:20.067,1.09859,1.09861,1000000,750000
2019.10.03 14:59:20.168,1.09858,1.09861,1500000,640000
2019.10.03 14:59:20.321,1.09858,1.09861,940000,1070000
2019.10.03 14:59:20.468,1.09859,1.09862,3940000,500000
2019.10.03 14:59:20.570,1.09858,1.09862,3940000,4760000
2019.10.03 14:59:20.722,1.09858,1.09862,3940000,6290000
2019.10.03 14:59:21.077,1.0986,1.09862,750000,500000
2019.10.03 14:59:21.179,1.0986,1.09863,940000,1600000
2019.10.03 14:59:21.280,1.0986,1.09862,750000,2350000
2019.10.03 14:59:21.381,1.0986,1.09863,940000,1600000
2019.10.03 14:59:21.588,1.0986,1.09862,750000,500000
2019.10.03 14:59:22.168,1.09859,1.0986,1500000,600000
2019.10.03 14:59:22.323,1.09858,1.09859,750000,750000
2019.10.03 14:59:22.661,1.09859,1.0986,940000,500000
2019.10.03 14:59:23.155,1.09859,1.09861,1690000,500000
2019.10.03 14:59:23.687,1.09858,1.09859,750000,820000
2019.10.03 14:59:24.131,1.09858,1.0986,3190000,500000
2019.10.03 14:59:24.182,1.09856,1.09859,1750000,1010000
2019.10.03 14:59:24.284,1.09856,1.09857,750000,560000
2019.10.03 14:59:24.385,1.09856,1.09858,1690000,560000
2019.10.03 14:59:25.159,1.09853,1.09855,2250000,4610000
2019.10.03 14:59:25.260,1.09852,1.09853,1500000,750000
2019.10.03 14:59:25.311,1.09851,1.09853,1500000,560000
2019.10.03 14:59:25.800,1.09854,1.09856,8060000,1500000
2019.10.03 14:59:25.902,1.09857,1.09859,3190000,3100000
2019.10.03 14:59:26.054,1.09856,1.09858,1690000,600000
2019.10.03 14:59:26.162,1.09856,1.09858,1500000,750000
2019.10.03 14:59:26.517,1.09856,1.09858,1500000,600000
2019.10.03 14:59:27.193,1.09852,1.09854,1500000,1450000
2019.10.03 14:59:27.302,1.09852,1.09854,750000,750000
2019.10.03 14:59:27.404,1.09851,1.09854,3000000,1060000
2019.10.03 14:59:27.505,1.09851,1.09853,1500000,1510000
2019.10.03 14:59:27.657,1.0985,1.09853,1500000,940000
2019.10.03 14:59:28.074,1.0985,1.09853,750000,1790000
2019.10.03 14:59:28.278,1.09849,1.09851,750000,1760000
2019.10.03 14:59:28.380,1.09848,1.0985,1500000,820000
2019.10.03 14:59:28.563,1.09846,1.0985,1690000,4410000
2019.10.03 14:59:29.112,1.09847,1.0985,750000,3290000
2019.10.03 14:59:29.213,1.09849,1.0985,750000,600000
2019.10.03 14:59:29.515,1.09848,1.09852,3250000,1600000
2019.10.03 14:59:29.618,1.09848,1.09852,1750000,820000
2019.10.03 14:59:29.786,1.09848,1.09852,1690000,1010000
2019.10.03 14:59:29.938,1.09848,1.0985,750000,1570000
2019.10.03 14:59:30.152,1.09847,1.09851,3190000,700000
2019.10.03 14:59:30.358,1.09847,1.0985,500000,1850000
2019.10.03 14:59:30.460,1.09847,1.09849,750000,520000
2019.10.03 14:59:30.925,1.09847,1.09849,3000000,590000
2019.10.03 14:59:31.026,1.09845,1.09849,4500000,4100000
2019.10.03 14:59:31.128,1.09846,1.09848,750000,940000
2019.10.03 14:59:31.230,1.09845,1.09849,4500000,4100000
2019.10.03 14:59:31.427,1.09846,1.09848,750000,2510000
2019.10.03 14:59:32.148,1.09846,1.09849,2250000,1390000
2019.10.03 14:59:32.493,1.09845,1.09849,2440000,1760000
2019.10.03 14:59:32.645,1.09845,1.09848,2250000,1760000
2019.10.03 14:59:32.847,1.09845,1.09847,750000,1690000
2019.10.03 14:59:33.182,1.09844,1.09847,1500000,3100000
2019.10.03 14:59:33.283,1.09845,1.09848,1500000,850000
2019.10.03 14:59:33.385,1.09845,1.09847,750000,850000
2019.10.03 14:59:33.486,1.09845,1.09848,2250000,850000
2019.10.03 14:59:33.638,1.09845,1.09847,1500000,750000
2019.10.03 14:59:34.241,1.09845,1.09847,3000000,600000
2019.10.03 14:59:34.393,1.09845,1.09847,750000,500000
2019.10.03 14:59:35.568,1.09845,1.09847,3000000,500000
2019.10.03 14:59:35.670,1.09845,1.09847,3000000,500000
2019.10.03 14:59:36.807,1.09845,1.09847,4500000,500000
2019.10.03 14:59:36.858,1.09843,1.09845,750000,560000
2019.10.03 14:59:37.118,1.09843,1.09846,2810000,1200000
2019.10.03 14:59:37.284,1.09843,1.09844,750000,560000
2019.10.03 14:59:37.386,1.09842,1.09844,1500000,1390000
2019.10.03 14:59:37.528,1.09842,1.09843,1500000,1310000
2019.10.03 14:59:38.491,1.09841,1.09842,1500000,1120000
2019.10.03 14:59:38.617,1.09838,1.09841,750000,1310000
2019.10.03 14:59:38.719,1.09838,1.09842,3000000,2950000
2019.10.03 14:59:39.509,1.09838,1.09841,750000,2870000
2019.10.03 14:59:39.662,1.09838,1.09842,5440000,560000
2019.10.03 14:59:39.763,1.09838,1.09841,750000,2140000
2019.10.03 14:59:40.275,1.09838,1.09842,4690000,1760000
2019.10.03 14:59:40.629,1.09838,1.09841,750000,1390000
2019.10.03 14:59:40.988,1.09838,1.09839,750000,640000
2019.10.03 14:59:41.090,1.09837,1.0984,1500000,640000
2019.10.03 14:59:41.191,1.09837,1.09839,750000,560000
2019.10.03 14:59:42.161,1.09836,1.09838,750000,1370000
2019.10.03 14:59:42.212,1.09834,1.09836,2250000,2140000
2019.10.03 14:59:42.263,1.09835,1.09837,6190000,500000
2019.10.03 14:59:42.401,1.09835,1.09837,3190000,500000
2019.10.03 14:59:42.611,1.09834,1.09836,1500000,500000
2019.10.03 14:59:42.813,1.09834,1.09837,1690000,1790000
2019.10.03 14:59:43.156,1.09834,1.09837,3190000,500000
2019.10.03 14:59:43.994,1.09834,1.09835,750000,500000
2019.10.03 14:59:44.197,1.09834,1.09836,3560000,500000
2019.10.03 14:59:44.712,1.09834,1.09835,500000,500000
2019.10.03 14:59:45.033,1.09833,1.09834,750000,750000
2019.10.03 14:59:45.134,1.09832,1.09833,500000,560000
2019.10.03 14:59:45.236,1.09831,1.09834,1120000,2570000
2019.10.03 14:59:45.337,1.09831,1.09834,1120000,1690000
2019.10.03 14:59:45.489,1.09832,1.09834,1120000,750000
2019.10.03 14:59:45.666,1.09831,1.09834,1120000,3560000
2019.10.03 14:59:45.767,1.09833,1.09835,3940000,1500000
2019.10.03 14:59:45.869,1.09833,1.09834,750000,1570000
2019.10.03 14:59:46.045,1.09832,1.09834,1500000,500000
2019.10.03 14:59:47.106,1.09832,1.09835,3940000,600000
2019.10.03 14:59:47.208,1.09831,1.09832,1870000,1310000
2019.10.03 14:59:47.310,1.0983,1.09832,1120000,1120000
2019.10.03 14:59:47.523,1.09831,1.09833,940000,500000
2019.10.03 14:59:47.829,1.09831,1.09834,1120000,1790000
2019.10.03 14:59:47.937,1.09831,1.09834,500000,560000
2019.10.03 14:59:48.446,1.09832,1.09834,1120000,2440000
2019.10.03 14:59:48.548,1.09834,1.09836,3370000,500000
2019.10.03 14:59:49.054,1.09834,1.09836,1120000,2120000
2019.10.03 14:59:49.160,1.09837,1.09839,500000,3370000
2019.10.03 14:59:49.211,1.09839,1.09841,1330000,1690000
2019.10.03 14:59:49.313,1.0984,1.09842,2500000,500000
2019.10.03 14:59:49.469,1.0984,1.09842,4500000,500000
2019.10.03 14:59:49.965,1.0984,1.09841,750000,500000
2019.10.03 14:59:50.137,1.09839,1.0984,750000,750000
2019.10.03 14:59:50.239,1.09838,1.0984,940000,940000
2019.10.03 14:59:50.341,1.09839,1.0984,1690000,500000
2019.10.03 14:59:50.393,1.09837,1.0984,2440000,1120000
2019.10.03 14:59:50.575,1.09837,1.09839,750000,1870000
2019.10.03 14:59:51.401,1.09837,1.09838,750000,500000
2019.10.03 14:59:51.950,1.09837,1.09839,1690000,500000
2019.10.03 14:59:52.052,1.09836,1.09838,1120000,500000
2019.10.03 14:59:52.194,1.09834,1.09837,750000,4070000
2019.10.03 14:59:52.295,1.09835,1.09838,750000,560000
2019.10.03 14:59:52.849,1.09834,1.09836,750000,3350000
2019.10.03 14:59:52.951,1.09832,1.09835,1310000,3370000
2019.10.03 14:59:53.003,1.09834,1.09835,940000,500000
2019.10.03 14:59:53.258,1.09833,1.09836,1000000,1500000
2019.10.03 14:59:53.410,1.09833,1.09836,940000,3000000
2019.10.03 14:59:53.511,1.09833,1.09835,750000,3000000
2019.10.03 14:59:53.613,1.09832,1.09836,1750000,4950000
2019.10.03 14:59:53.715,1.09834,1.09836,1750000,1500000
2019.10.03 14:59:53.890,1.09835,1.09837,4370000,750000
2019.10.03 14:59:53.992,1.09834,1.09837,940000,2250000
2019.10.03 14:59:54.305,1.09834,1.09837,1750000,2440000
2019.10.03 14:59:54.457,1.09834,1.09837,7120000,1500000
2019.10.03 14:59:54.950,1.09835,1.09838,1500000,940000
2019.10.03 14:59:55.051,1.09835,1.09838,3250000,750000
2019.10.03 14:59:55.152,1.09834,1.09838,2500000,3370000
2019.10.03 14:59:55.606,1.09834,1.09836,750000,1120000
2019.10.03 14:59:56.060,1.09834,1.09835,940000,500000
2019.10.03 14:59:56.111,1.09832,1.09835,940000,2320000
2019.10.03 14:59:56.212,1.09832,1.09835,1000000,7500000
2019.10.03 14:59:56.263,1.09833,1.09837,3250000,1870000
2019.10.03 14:59:56.365,1.09834,1.09837,2440000,750000
2019.10.03 14:59:56.416,1.09834,1.09835,750000,750000
2019.10.03 14:59:56.469,1.09833,1.09837,2440000,2870000
2019.10.03 14:59:56.873,1.09833,1.09837,3190000,2140000
2019.10.03 14:59:57.083,1.09834,1.09837,4000000,750000
2019.10.03 14:59:57.134,1.09833,1.09837,1690000,3190000
2019.10.03 14:59:57.235,1.09834,1.09837,2500000,5060000
2019.10.03 14:59:57.387,1.09835,1.09837,4750000,750000
2019.10.03 14:59:57.522,1.09834,1.09837,1000000,2440000
2019.10.03 14:59:57.623,1.09834,1.09838,3190000,2320000
2019.10.03 14:59:57.674,1.09836,1.09838,2250000,750000
2019.10.03 14:59:57.778,1.09837,1.09838,750000,750000
2019.10.03 14:59:58.013,1.09836,1.09838,750000,2320000
2019.10.03 14:59:58.115,1.09835,1.09837,750000,2810000
2019.10.03 14:59:58.217,1.09836,1.09839,4690000,750000
2019.10.03 14:59:58.331,1.09835,1.09839,3190000,2060000
2019.10.03 14:59:58.820,1.09835,1.09838,1500000,2060000
2019.10.03 14:59:59.133,1.09837,1.09838,1500000,750000
2019.10.03 14:59:59.258,1.09839,1.09841,1500000,1500000
2019.10.03 14:59:59.462,1.09838,1.09839,750000,750000
2019.10.03 14:59:59.564,1.09837,1.09839,940000,500000
2019.10.03 14:59:59.667,1.09835,1.09839,750000,5950000
