2014.10.14 04:00:09.345,1.27206,1.27208,1.00,1.50
2014.10.14 04:00:10.692,1.27207,1.27208,1.00,1.00
2014.10.14 04:00:10.743,1.27208,1.2721,1.00,1.00
2014.10.14 04:00:10.946,1.2721,1.27211,1.00,1.00
2014.10.14 04:00:11.047,1.2721,1.27214,1.00,3.00
2014.10.14 04:00:11.200,1.27208,1.27213,3.75,1.50
2014.10.14 04:00:11.251,1.2721,1.27213,1.00,1.50
2014.10.14 04:00:11.403,1.27208,1.27213,3.75,1.50
2014.10.14 04:00:11.605,1.27211,1.27213,1.00,1.00
2014.10.14 04:00:12.122,1.27211,1.27214,1.00,1.00
2014.10.14 04:00:12.632,1.27211,1.27215,1.50,1.00
2014.10.14 04:00:14.737,1.27212,1.27215,1.00,1.00
2014.10.14 04:00:14.839,1.27213,1.27217,1.00,2.25
2014.10.14 04:00:16.623,1.27214,1.27217,1.00,1.50
2014.10.14 04:00:17.128,1.27213,1.27217,1.50,1.50
2014.10.14 04:00:18.604,1.27214,1.27217,1.00,1.50
2014.10.14 04:00:20.696,1.27213,1.27217,1.50,1.00
2014.10.14 04:00:25.187,1.27214,1.27217,1.00,1.50
2014.10.14 04:00:25.720,1.27213,1.27217,1.50,1.50
2014.10.14 04:00:34.428,1.27214,1.27217,1.00,1.50
2014.10.14 04:00:35.447,1.27214,1.27219,1.00,4.50
2014.10.14 04:00:36.179,1.27214,1.27218,1.00,1.00
2014.10.14 04:00:37.634,1.27213,1.27218,3.00,1.00
2014.10.14 04:00:49.517,1.27216,1.27219,1.00,3.75
2014.10.14 04:00:49.821,1.27219,1.27221,1.00,1.50
2014.10.14 04:00:50.074,1.2722,1.27225,1.50,2.62
2014.10.14 04:00:50.593,1.2722,1.27225,1.50,1.00
2014.10.14 04:00:53.474,1.27223,1.27227,1.00,6.56
2014.10.14 04:00:53.980,1.27224,1.27227,1.00,1.00
2014.10.14 04:00:54.284,1.27219,1.27223,1.00,5.49
2014.10.14 04:00:54.385,1.27217,1.2722,1.50,1.50
2014.10.14 04:00:54.891,1.27215,1.27218,1.50,1.00
2014.10.14 04:00:58.799,1.27217,1.27218,1.00,1.50
2014.10.14 04:00:59.316,1.27217,1.27219,1.00,1.00
2014.10.14 04:01:08.839,1.27215,1.27218,1.50,1.50
2014.10.14 04:01:18.420,1.27214,1.27218,1.50,1.50
2014.10.14 04:01:25.268,1.27213,1.27218,6.00,1.50
2014.10.14 04:01:33.823,1.27215,1.27218,1.00,1.50
2014.10.14 04:01:45.910,1.27215,1.27219,1.00,3.00
2014.10.14 04:01:48.142,1.27214,1.27219,1.00,3.75
2014.10.14 04:01:58.034,1.27216,1.27219,1.00,2.25
2014.10.14 04:02:04.445,1.27214,1.27219,2.25,1.50
2014.10.14 04:02:04.950,1.27214,1.27218,2.25,1.00
2014.10.14 04:02:05.456,1.27214,1.27217,1.50,1.00
2014.10.14 04:02:11.911,1.27214,1.27216,1.50,1.00
2014.10.14 04:02:11.962,1.27213,1.27214,1.00,2.25
2014.10.14 04:02:12.469,1.27212,1.27215,3.00,1.00
2014.10.14 04:02:17.282,1.27214,1.27215,1.00,1.00
2014.10.14 04:02:30.253,1.27214,1.27217,1.00,1.00
2014.10.14 04:02:30.759,1.27215,1.27217,1.00,1.00
2014.10.14 04:02:47.322,1.27214,1.27216,1.00,1.00
2014.10.14 04:02:47.474,1.27213,1.27215,1.00,1.00
2014.10.14 04:02:47.525,1.27213,1.27217,1.50,1.00
2014.10.14 04:02:48.033,1.27214,1.27217,2.25,1.00
2014.10.14 04:02:52.080,1.27213,1.27215,1.50,1.00
2014.10.14 04:02:52.383,1.27213,1.27217,1.00,1.87
2014.10.14 04:02:52.889,1.27214,1.27217,1.50,1.12
2014.10.14 04:02:56.133,1.27216,1.27218,1.00,1.00
2014.10.14 04:02:59.402,1.27215,1.27218,1.00,1.00
2014.10.14 04:03:00.346,1.27215,1.27217,1.00,1.00
2014.10.14 04:03:00.853,1.27214,1.27216,1.50,1.00
2014.10.14 04:03:26.114,1.27214,1.27216,1.00,2.25
2014.10.14 04:03:28.918,1.27214,1.27215,1.00,1.00
2014.10.14 04:03:30.726,1.27214,1.27216,1.00,1.00
2014.10.14 04:03:31.232,1.27215,1.27217,1.00,1.00
2014.10.14 04:03:31.738,1.27214,1.27218,1.50,2.25
2014.10.14 04:03:38.121,1.27214,1.27217,1.00,1.00
2014.10.14 04:03:38.627,1.27214,1.27218,1.00,3.00
2014.10.14 04:03:40.757,1.27214,1.27217,1.00,1.00
2014.10.14 04:03:46.874,1.27214,1.27216,1.00,1.00
2014.10.14 04:03:56.805,1.27214,1.27217,1.00,1.00
2014.10.14 04:03:57.109,1.27218,1.2722,1.00,1.12
2014.10.14 04:03:57.666,1.2722,1.27223,1.00,2.40
2014.10.14 04:03:58.172,1.2722,1.27223,2.62,1.07
2014.10.14 04:03:58.952,1.27219,1.27223,3.00,1.15
2014.10.14 04:03:59.457,1.2722,1.27223,2.25,1.15
2014.10.14 04:04:00.091,1.27219,1.27223,3.37,1.15
2014.10.14 04:04:00.648,1.2722,1.27223,2.62,1.15
2014.10.14 04:04:01.234,1.27219,1.27223,3.19,1.15
2014.10.14 04:04:01.831,1.27219,1.27223,4.87,1.65
2014.10.14 04:04:02.336,1.27218,1.27221,1.00,1.17
2014.10.14 04:04:02.842,1.27218,1.27222,1.00,5.55
2014.10.14 04:04:03.428,1.27218,1.27222,1.00,5.55
2014.10.14 04:04:04.337,1.27218,1.27222,1.00,4.95
2014.10.14 04:04:04.896,1.27218,1.27222,1.00,4.95
2014.10.14 04:04:05.447,1.27218,1.27222,1.00,2.40
2014.10.14 04:04:06.053,1.27218,1.27222,1.00,2.40
2014.10.14 04:04:08.396,1.27218,1.27222,1.00,2.40
2014.10.14 04:04:09.910,1.27218,1.27221,1.00,1.65
2014.10.14 04:04:10.364,1.27216,1.2722,5.25,2.32
2014.10.14 04:04:15.800,1.27217,1.2722,1.00,1.10
2014.10.14 04:04:16.003,1.27219,1.2722,1.00,1.00
2014.10.14 04:04:16.508,1.27219,1.27223,1.00,4.27
2014.10.14 04:04:17.029,1.27219,1.27223,1.00,4.27
2014.10.14 04:04:17.549,1.2722,1.27223,1.00,1.15
2014.10.14 04:04:18.055,1.2722,1.27223,2.25,1.15
2014.10.14 04:04:18.864,1.27219,1.27223,2.25,1.15
2014.10.14 04:04:19.117,1.27218,1.27221,3.19,1.15
2014.10.14 04:04:19.168,1.27217,1.27219,5.25,1.35
2014.10.14 04:04:19.269,1.27218,1.27222,2.25,3.90
2014.10.14 04:04:19.775,1.27217,1.27222,3.75,2.40
2014.10.14 04:04:20.281,1.27217,1.27222,3.00,2.40
2014.10.14 04:04:20.383,1.2722,1.27222,1.00,1.65
2014.10.14 04:04:20.889,1.27219,1.27222,2.25,2.40
2014.10.14 04:04:21.485,1.27219,1.27222,3.00,1.15
2014.10.14 04:04:22.019,1.27219,1.27222,2.25,1.15
2014.10.14 04:04:22.966,1.27219,1.27222,2.25,1.15
2014.10.14 04:04:23.542,1.27219,1.27222,2.25,1.15
2014.10.14 04:04:24.189,1.27219,1.27222,2.25,1.15
2014.10.14 04:04:25.466,1.27219,1.27222,2.25,1.65
2014.10.14 04:04:26.139,1.27219,1.27222,2.25,1.65
2014.10.14 04:04:26.642,1.27219,1.27222,2.25,1.65
2014.10.14 04:04:27.161,1.27219,1.27222,2.25,1.65
2014.10.14 04:04:28.849,1.27219,1.27222,2.25,1.65
2014.10.14 04:04:29.374,1.27219,1.27222,2.25,1.65
2014.10.14 04:04:30.326,1.27219,1.27222,2.25,1.65
2014.10.14 04:04:31.242,1.27219,1.27222,1.50,1.65
2014.10.14 04:04:32.007,1.27217,1.2722,1.50,2.32
2014.10.14 04:04:32.714,1.27217,1.27221,1.50,7.27
2014.10.14 04:04:33.255,1.27217,1.2722,1.50,3.52
2014.10.14 04:04:33.963,1.27217,1.27221,1.50,7.27
2014.10.14 04:04:34.472,1.27217,1.2722,1.50,1.10
2014.10.14 04:04:35.004,1.27217,1.27221,1.50,7.27
2014.10.14 04:04:35.623,1.27217,1.27221,1.50,7.27
2014.10.14 04:04:36.381,1.27217,1.27221,1.50,7.27
2014.10.14 04:04:36.882,1.27217,1.2722,1.50,2.70
2014.10.14 04:04:42.000,1.27217,1.27221,1.50,7.27
2014.10.14 04:04:42.509,1.27217,1.2722,1.50,2.32
2014.10.14 04:04:43.922,1.27217,1.27221,1.00,8.02
2014.10.14 04:04:45.286,1.27217,1.2722,1.00,1.10
2014.10.14 04:04:45.798,1.27217,1.27221,1.00,8.02
2014.10.14 04:04:46.320,1.27217,1.2722,1.00,2.70
2014.10.14 04:04:47.259,1.27217,1.27221,1.00,7.91
2014.10.14 04:04:47.788,1.27217,1.2722,1.00,2.32
2014.10.14 04:04:48.334,1.27217,1.27221,2.25,1.20
2014.10.14 04:04:48.435,1.27219,1.27223,2.25,2.62
2014.10.14 04:04:48.791,1.27221,1.27223,1.00,1.00
2014.10.14 04:04:48.943,1.27221,1.27225,1.50,3.00
2014.10.14 04:04:49.248,1.27223,1.27225,1.50,1.00
2014.10.14 04:04:56.511,1.27224,1.27225,1.00,1.00
2014.10.14 04:04:56.562,1.27224,1.27227,1.50,1.50
2014.10.14 04:04:57.070,1.27225,1.27227,3.00,1.50
2014.10.14 04:05:09.543,1.27225,1.27229,1.00,2.25
2014.10.14 04:05:10.482,1.27226,1.27228,1.00,1.00
2014.10.14 04:05:20.007,1.27226,1.27229,1.50,1.00
2014.10.14 04:05:26.883,1.27226,1.27228,1.50,1.00
2014.10.14 04:05:28.150,1.27225,1.27228,2.92,3.00
2014.10.14 04:05:30.054,1.27224,1.27228,6.22,3.00
2014.10.14 04:05:30.697,1.27224,1.27228,6.22,3.00
2014.10.14 04:05:31.560,1.27224,1.27228,6.41,3.00
2014.10.14 04:05:31.712,1.27224,1.27226,1.12,1.50
2014.10.14 04:05:31.966,1.27222,1.27226,2.25,3.00
2014.10.14 04:05:32.624,1.27222,1.27225,2.25,1.00
2014.10.14 04:05:39.660,1.2722,1.27223,1.50,3.75
2014.10.14 04:05:39.812,1.27217,1.2722,1.87,1.12
2014.10.14 04:05:40.015,1.27215,1.27219,4.50,1.00
2014.10.14 04:05:40.117,1.27217,1.27219,1.00,1.00
2014.10.14 04:05:40.573,1.27215,1.27219,1.00,1.00
2014.10.14 04:05:41.130,1.27214,1.27219,3.75,1.12
2014.10.14 04:05:41.231,1.27214,1.27217,2.25,1.00
2014.10.14 04:05:41.737,1.27213,1.27217,1.50,3.75
2014.10.14 04:05:42.495,1.27213,1.27216,1.50,1.00
2014.10.14 04:05:43.130,1.27213,1.27217,1.50,4.50
2014.10.14 04:05:44.557,1.27213,1.27215,1.50,1.00
2014.10.14 04:05:44.698,1.27213,1.27217,1.50,4.50
2014.10.14 04:05:45.217,1.27213,1.27216,1.50,1.50
2014.10.14 04:05:49.929,1.27213,1.27216,1.50,2.81
2014.10.14 04:05:50.434,1.27213,1.27216,1.50,2.81
2014.10.14 04:05:50.990,1.27213,1.27216,1.50,2.81
2014.10.14 04:05:51.492,1.27213,1.27216,1.50,2.81
2014.10.14 04:05:52.691,1.27213,1.27216,1.50,3.56
2014.10.14 04:05:52.944,1.27211,1.27216,1.00,5.06
2014.10.14 04:05:53.450,1.27211,1.27215,1.50,1.25
2014.10.14 04:05:53.551,1.2721,1.27213,1.00,1.00
2014.10.14 04:05:53.653,1.27211,1.27215,1.00,2.44
2014.10.14 04:05:58.095,1.2721,1.27212,3.00,1.50
2014.10.14 04:05:58.401,1.27207,1.27209,1.30,1.69
2014.10.14 04:05:58.553,1.27204,1.27206,1.00,1.19
2014.10.14 04:05:58.705,1.27202,1.27205,1.00,3.00
2014.10.14 04:05:58.857,1.272,1.27205,1.50,3.37
2014.10.14 04:05:59.365,1.27201,1.27205,1.00,3.75
2014.10.14 04:06:00.613,1.27202,1.27205,1.00,3.75
2014.10.14 04:06:01.847,1.27201,1.27205,1.50,2.25
2014.10.14 04:06:01.948,1.27201,1.27203,1.50,1.00
2014.10.14 04:06:02.626,1.272,1.27203,1.50,1.00
2014.10.14 04:06:03.679,1.272,1.27205,1.50,6.00
2014.10.14 04:06:04.675,1.272,1.27204,1.50,1.00
2014.10.14 04:06:05.355,1.27199,1.27201,2.25,3.00
2014.10.14 04:06:05.558,1.27197,1.27199,1.50,1.00
2014.10.14 04:06:05.660,1.27195,1.27199,1.50,1.50
2014.10.14 04:06:06.166,1.27195,1.27197,1.00,1.00
2014.10.14 04:06:06.267,1.27193,1.27197,1.50,1.50
2014.10.14 04:06:06.773,1.27193,1.27196,1.50,1.00
2014.10.14 04:06:07.373,1.27193,1.27197,1.50,3.00
2014.10.14 04:06:07.778,1.27191,1.27194,1.50,1.50
2014.10.14 04:06:08.284,1.27191,1.27193,1.00,1.00
2014.10.14 04:06:08.689,1.27189,1.27193,1.50,2.25
2014.10.14 04:06:09.195,1.27189,1.27194,1.00,1.50
2014.10.14 04:06:16.273,1.27188,1.27193,5.70,2.25
2014.10.14 04:06:16.376,1.27188,1.27189,3.00,1.00
2014.10.14 04:06:16.630,1.27184,1.27187,2.25,1.00
2014.10.14 04:06:16.782,1.27182,1.27187,2.62,2.25
2014.10.14 04:06:17.288,1.27181,1.27187,3.75,2.25
2014.10.14 04:06:17.844,1.27182,1.27187,1.00,3.00
2014.10.14 04:06:18.487,1.27181,1.27187,3.75,3.00
2014.10.14 04:06:19.583,1.27182,1.27187,1.00,3.75
2014.10.14 04:06:19.735,1.27181,1.27185,3.00,1.00
2014.10.14 04:06:20.800,1.27181,1.27184,1.50,1.00
2014.10.14 04:06:21.105,1.27178,1.27182,1.50,1.50
2014.10.14 04:06:21.914,1.27179,1.27182,1.00,1.50
2014.10.14 04:06:22.546,1.27178,1.27182,2.25,1.50
2014.10.14 04:06:22.951,1.2718,1.27182,1.00,1.50
2014.10.14 04:06:23.154,1.27178,1.27182,1.50,1.50
2014.10.14 04:06:24.039,1.27179,1.27182,1.00,1.50
2014.10.14 04:06:24.140,1.27179,1.27184,1.50,1.50
2014.10.14 04:06:29.282,1.27179,1.27181,1.50,1.00
2014.10.14 04:06:29.435,1.27177,1.2718,1.00,3.75
2014.10.14 04:06:29.486,1.27176,1.27177,1.00,1.00
2014.10.14 04:06:29.739,1.27172,1.27176,1.00,3.00
2014.10.14 04:06:29.942,1.27172,1.27174,1.00,1.00
2014.10.14 04:06:30.447,1.27173,1.27174,1.00,1.00
2014.10.14 04:06:30.880,1.2717,1.27174,1.12,1.00
2014.10.14 04:06:32.207,1.27169,1.27174,3.00,1.50
2014.10.14 04:06:32.733,1.27168,1.27173,1.69,1.00
2014.10.14 04:06:33.254,1.27169,1.27174,1.00,2.44
2014.10.14 04:06:34.577,1.27169,1.27173,1.00,1.00
2014.10.14 04:06:34.679,1.27169,1.27172,1.00,1.19
2014.10.14 04:06:34.831,1.27166,1.27171,2.25,2.44
2014.10.14 04:06:35.087,1.27165,1.27167,1.00,1.25
2014.10.14 04:06:35.189,1.27163,1.27167,1.87,1.69
2014.10.14 04:06:35.492,1.27164,1.27165,1.00,1.00
2014.10.14 04:06:35.873,1.27164,1.27167,1.00,2.44
2014.10.14 04:06:36.278,1.27166,1.27168,2.25,1.00
2014.10.14 04:06:36.582,1.27167,1.2717,3.60,1.00
2014.10.14 04:06:36.633,1.27169,1.2717,1.00,1.00
2014.10.14 04:06:36.786,1.27169,1.27173,1.50,1.00
2014.10.14 04:06:36.838,1.27171,1.27173,1.00,1.00
2014.10.14 04:06:36.889,1.27171,1.27175,1.00,1.69
2014.10.14 04:06:37.042,1.27173,1.27176,1.00,1.87
2014.10.14 04:06:37.346,1.27177,1.27179,4.35,1.00
2014.10.14 04:06:37.853,1.27178,1.27179,1.00,1.87
2014.10.14 04:06:37.904,1.27176,1.27179,1.00,2.62
2014.10.14 04:06:38.410,1.27176,1.27178,1.00,1.87
2014.10.14 04:06:38.941,1.27176,1.27177,1.00,1.00
2014.10.14 04:06:39.448,1.27176,1.27178,1.00,1.00
2014.10.14 04:06:39.500,1.27175,1.27177,1.50,1.87
2014.10.14 04:06:40.007,1.27176,1.27177,1.00,1.50
2014.10.14 04:06:40.572,1.27174,1.27177,1.50,4.12
2014.10.14 04:06:41.324,1.27173,1.27175,2.25,1.87
2014.10.14 04:06:42.028,1.27172,1.27175,1.00,1.87
2014.10.14 04:06:42.233,1.2717,1.27175,8.10,1.00
2014.10.14 04:06:42.757,1.2717,1.27174,1.50,1.50
2014.10.14 04:06:44.031,1.27171,1.27176,1.50,3.75
2014.10.14 04:06:44.537,1.27171,1.27175,1.00,1.50
2014.10.14 04:06:44.842,1.27172,1.27177,1.50,1.12
2014.10.14 04:06:45.349,1.27172,1.27176,1.50,1.00
2014.10.14 04:06:45.804,1.27172,1.27178,1.50,5.62
2014.10.14 04:06:45.906,1.27172,1.27176,1.50,1.00
2014.10.14 04:06:47.069,1.27172,1.27177,1.50,3.19
2014.10.14 04:06:47.423,1.27172,1.27178,1.50,5.44
2014.10.14 04:06:47.728,1.27175,1.27177,1.00,1.25
2014.10.14 04:06:48.233,1.27175,1.27178,1.00,1.50
2014.10.14 04:06:48.786,1.27174,1.27178,1.00,1.50
2014.10.14 04:06:49.483,1.27175,1.27178,1.00,1.50
2014.10.14 04:06:50.039,1.27173,1.27178,1.50,1.50
2014.10.14 04:06:50.681,1.27174,1.27178,1.00,1.50
2014.10.14 04:06:51.798,1.27173,1.27178,1.50,1.50
2014.10.14 04:06:52.204,1.27171,1.27175,3.00,1.00
2014.10.14 04:06:56.472,1.2717,1.27172,1.50,1.00
2014.10.14 04:06:56.776,1.27166,1.27169,1.00,1.00
2014.10.14 04:06:56.928,1.27167,1.27169,1.00,1.50
2014.10.14 04:06:57.460,1.27166,1.27169,1.00,1.50
2014.10.14 04:06:58.452,1.27166,1.2717,1.00,2.62
2014.10.14 04:06:59.676,1.27167,1.2717,1.50,1.87
2014.10.14 04:06:59.778,1.27168,1.27172,2.25,3.19
2014.10.14 04:06:59.930,1.27169,1.27174,1.50,1.25
2014.10.14 04:06:59.981,1.27169,1.27172,1.50,1.00
2014.10.14 04:07:00.335,1.2717,1.27175,1.00,4.69
2014.10.14 04:07:00.842,1.27171,1.27175,1.00,2.25
2014.10.14 04:07:01.298,1.27173,1.27175,1.50,1.00
2014.10.14 04:07:01.450,1.27176,1.27179,1.00,3.75
2014.10.14 04:07:01.704,1.27174,1.27178,1.50,1.00
2014.10.14 04:07:02.210,1.27175,1.27177,1.00,1.00
2014.10.14 04:07:02.513,1.27174,1.27179,1.50,2.25
2014.10.14 04:07:03.019,1.27175,1.27179,1.00,3.00
2014.10.14 04:07:03.121,1.27173,1.27179,3.00,3.00
2014.10.14 04:07:03.627,1.27174,1.27179,1.00,2.25
2014.10.14 04:07:03.678,1.27176,1.27179,1.00,1.50
2014.10.14 04:07:03.982,1.27179,1.27182,1.00,1.00
2014.10.14 04:07:04.526,1.27179,1.27183,1.50,1.50
2014.10.14 04:07:05.145,1.2718,1.27183,1.50,1.00
2014.10.14 04:07:06.105,1.27181,1.27183,1.00,1.00
2014.10.14 04:07:06.206,1.27181,1.27185,2.25,4.87
2014.10.14 04:07:15.011,1.27181,1.27185,1.50,6.00
2014.10.14 04:07:15.581,1.2718,1.27184,3.00,1.87
2014.10.14 04:07:18.167,1.2718,1.27183,1.50,1.87
2014.10.14 04:07:20.392,1.2718,1.27184,3.00,4.12
2014.10.14 04:07:22.908,1.2718,1.27183,3.60,1.00
2014.10.14 04:07:24.770,1.27181,1.27183,1.00,1.00
2014.10.14 04:07:25.300,1.27181,1.27184,1.00,2.25
2014.10.14 04:07:26.333,1.27181,1.27183,1.00,1.00
2014.10.14 04:07:26.836,1.27181,1.27184,1.00,2.25
2014.10.14 04:07:27.546,1.27181,1.27183,1.00,1.00
2014.10.14 04:07:28.063,1.27181,1.27184,1.00,2.25
2014.10.14 04:07:28.265,1.27179,1.27184,4.87,4.50
2014.10.14 04:07:28.827,1.2718,1.27184,1.00,4.50
2014.10.14 04:07:30.264,1.27179,1.27184,3.75,4.50
2014.10.14 04:07:31.209,1.27179,1.27183,2.25,1.00
2014.10.14 04:07:31.919,1.27179,1.27184,2.25,5.25
2014.10.14 04:07:32.508,1.27179,1.27183,2.25,1.00
2014.10.14 04:07:33.169,1.27179,1.27182,2.25,1.00
2014.10.14 04:07:33.746,1.27179,1.27183,2.25,1.00
2014.10.14 04:07:36.683,1.2718,1.27182,1.00,1.00
2014.10.14 04:07:37.293,1.2718,1.27183,1.00,1.00
2014.10.14 04:07:37.708,1.27178,1.27183,4.50,3.75
2014.10.14 04:07:38.884,1.27178,1.27181,1.00,1.00
2014.10.14 04:07:39.593,1.27178,1.27179,1.00,1.00
2014.10.14 04:07:40.050,1.27175,1.27178,1.06,2.44
2014.10.14 04:07:42.056,1.27175,1.27178,1.06,2.44
2014.10.14 04:07:42.562,1.27175,1.27178,1.06,2.25
2014.10.14 04:07:43.067,1.27175,1.27178,1.06,2.25
2014.10.14 04:07:44.931,1.27175,1.27178,1.06,1.50
2014.10.14 04:07:46.418,1.27175,1.27177,1.06,1.00
2014.10.14 04:07:48.189,1.27175,1.27178,1.56,2.25
2014.10.14 04:07:50.118,1.27175,1.27177,1.06,1.00
2014.10.14 04:07:50.660,1.27175,1.27178,1.06,2.25
2014.10.14 04:07:51.168,1.27175,1.27178,1.06,1.50
2014.10.14 04:07:51.422,1.27176,1.27181,3.81,1.00
2014.10.14 04:07:51.954,1.27177,1.27181,1.00,1.00
2014.10.14 04:07:54.037,1.27178,1.27181,1.00,1.00
2014.10.14 04:07:54.493,1.27179,1.27183,1.50,1.50
2014.10.14 04:07:55.426,1.2718,1.27183,1.00,1.00
2014.10.14 04:07:55.941,1.27179,1.27183,3.75,1.00
2014.10.14 04:07:58.515,1.27179,1.27182,2.25,1.00
2014.10.14 04:07:59.021,1.27179,1.27183,2.25,1.50
2014.10.14 04:08:02.129,1.27179,1.27182,2.25,1.00
2014.10.14 04:08:02.686,1.27179,1.27183,2.25,1.00
2014.10.14 04:08:14.571,1.27179,1.27182,1.50,1.00
2014.10.14 04:08:20.293,1.2718,1.27182,1.00,1.00
2014.10.14 04:08:20.649,1.2718,1.27184,1.50,2.25
2014.10.14 04:08:21.332,1.2718,1.27183,1.50,1.00
2014.10.14 04:08:21.844,1.2718,1.27184,1.50,1.50
2014.10.14 04:08:32.533,1.27181,1.27184,1.00,1.00
2014.10.14 04:08:33.582,1.2718,1.27184,1.50,1.00
2014.10.14 04:08:37.110,1.2718,1.27183,1.50,1.00
2014.10.14 04:08:37.226,1.2718,1.27181,1.00,1.12
2014.10.14 04:08:37.378,1.27178,1.27182,1.50,2.62
2014.10.14 04:08:37.884,1.27177,1.2718,3.75,1.50
2014.10.14 04:08:46.701,1.27176,1.2718,2.31,2.25
2014.10.14 04:08:47.206,1.27176,1.2718,2.31,2.25
2014.10.14 04:08:48.916,1.27178,1.2718,1.00,1.00
2014.10.14 04:08:48.968,1.27178,1.27182,1.00,1.00
2014.10.14 04:08:52.433,1.27178,1.27181,1.00,1.50
2014.10.14 04:08:52.954,1.27178,1.2718,1.00,1.00
2014.10.14 04:09:01.310,1.27178,1.27179,1.00,1.00
2014.10.14 04:09:01.665,1.27175,1.27178,1.50,3.00
2014.10.14 04:09:04.289,1.27174,1.27178,1.00,3.00
2014.10.14 04:09:04.390,1.27173,1.27176,1.50,1.00
2014.10.14 04:09:04.897,1.27173,1.27175,1.00,1.00
2014.10.14 04:09:06.275,1.27173,1.27176,1.00,1.50
2014.10.14 04:09:24.969,1.27174,1.27176,1.00,1.00
2014.10.14 04:09:25.579,1.27173,1.27176,2.25,1.00
2014.10.14 04:09:25.882,1.27175,1.27177,1.00,1.00
2014.10.14 04:09:26.384,1.27175,1.27178,1.00,3.00
2014.10.14 04:09:27.834,1.27175,1.27177,1.00,1.00
2014.10.14 04:09:28.543,1.27175,1.27178,1.00,3.00
2014.10.14 04:09:29.307,1.27176,1.27178,1.00,1.50
2014.10.14 04:09:29.815,1.27175,1.27178,1.00,1.50
2014.10.14 04:09:30.329,1.27174,1.27178,1.50,1.50
2014.10.14 04:09:31.128,1.27175,1.27178,1.00,2.25
2014.10.14 04:09:32.040,1.27175,1.27177,1.00,1.00
2014.10.14 04:09:32.546,1.27174,1.27178,1.50,1.50
2014.10.14 04:09:33.075,1.27175,1.27178,1.00,1.50
2014.10.14 04:09:33.591,1.27175,1.27177,1.00,1.00
2014.10.14 04:09:34.097,1.27174,1.27177,1.00,1.00
2014.10.14 04:09:34.603,1.27175,1.27177,1.00,1.00
2014.10.14 04:09:35.108,1.27175,1.27178,1.00,3.00
2014.10.14 04:09:35.613,1.27175,1.27177,1.00,1.00
2014.10.14 04:09:35.866,1.27175,1.27179,1.00,1.00
2014.10.14 04:09:36.068,1.27175,1.27177,1.00,1.00
2014.10.14 04:09:36.271,1.27176,1.27179,1.00,2.62
2014.10.14 04:09:36.575,1.27174,1.27179,2.25,2.62
2014.10.14 04:09:36.626,1.27174,1.27177,2.25,1.50
2014.10.14 04:09:37.133,1.27174,1.27178,2.25,2.25
2014.10.14 04:09:37.639,1.27174,1.27177,2.25,1.00
2014.10.14 04:09:38.145,1.27175,1.27178,1.00,1.50
2014.10.14 04:09:38.701,1.27174,1.27178,1.50,3.37
2014.10.14 04:09:39.257,1.27174,1.27177,3.00,1.00
2014.10.14 04:09:39.762,1.27174,1.27178,2.25,2.25
2014.10.14 04:09:40.532,1.27174,1.27177,3.00,1.00
2014.10.14 04:09:41.290,1.27174,1.27179,3.00,1.50
2014.10.14 04:09:41.392,1.27174,1.27177,1.50,1.00
2014.10.14 04:09:41.897,1.27174,1.27178,1.50,1.00
2014.10.14 04:09:42.655,1.27175,1.27178,1.00,1.50
2014.10.14 04:09:43.160,1.27174,1.27178,1.50,1.50
2014.10.14 04:09:43.767,1.27174,1.27179,4.50,1.50
2014.10.14 04:09:44.273,1.27175,1.27178,1.00,1.00
2014.10.14 04:09:44.779,1.27174,1.27177,1.50,1.00
2014.10.14 04:09:45.285,1.27174,1.27178,1.50,1.00
2014.10.14 04:09:45.944,1.27174,1.27179,2.25,1.00
2014.10.14 04:09:46.399,1.27174,1.27177,1.50,1.00
2014.10.14 04:09:46.602,1.27174,1.27179,2.25,3.00
2014.10.14 04:09:47.108,1.27174,1.27178,3.00,1.00
2014.10.14 04:09:47.613,1.27175,1.27179,1.00,1.00
2014.10.14 04:09:58.455,1.27175,1.2718,1.00,3.75
2014.10.14 04:10:01.012,1.27176,1.2718,1.00,5.25
2014.10.14 04:10:01.377,1.27178,1.2718,1.00,2.62
2014.10.14 04:10:01.822,1.2718,1.27182,2.25,1.00
2014.10.14 04:10:02.328,1.2718,1.27183,3.00,1.50
2014.10.14 04:10:02.861,1.27181,1.27183,1.00,1.00
2014.10.14 04:10:07.526,1.27181,1.27184,1.50,1.50
2014.10.14 04:10:09.534,1.2718,1.27184,1.50,2.25
2014.10.14 04:10:10.541,1.27179,1.27184,2.25,3.75
2014.10.14 04:10:16.108,1.2718,1.27184,1.00,3.75
2014.10.14 04:10:16.614,1.27181,1.27184,1.50,1.50
2014.10.14 04:10:20.536,1.27179,1.27182,1.50,3.25
2014.10.14 04:10:20.587,1.27179,1.27181,1.50,1.00
2014.10.14 04:10:21.093,1.27178,1.27181,1.00,2.25
2014.10.14 04:10:21.598,1.27178,1.2718,1.00,1.00
2014.10.14 04:10:23.017,1.27178,1.27179,1.00,1.00
2014.10.14 04:10:23.274,1.27176,1.27178,1.00,1.00
2014.10.14 04:10:23.781,1.27175,1.2718,2.25,2.25
2014.10.14 04:10:24.136,1.27177,1.2718,1.50,1.50
2014.10.14 04:10:24.339,1.27178,1.27182,1.50,1.00
2014.10.14 04:10:24.845,1.27177,1.27181,2.25,1.00
2014.10.14 04:10:34.172,1.27178,1.27181,1.00,1.50
2014.10.14 04:10:34.274,1.2718,1.27181,1.00,1.00
2014.10.14 04:10:34.426,1.27179,1.27184,1.50,3.75
2014.10.14 04:10:34.932,1.2718,1.27184,1.00,3.00
2014.10.14 04:10:37.601,1.2718,1.27183,1.00,1.00
2014.10.14 04:10:44.847,1.27181,1.27184,1.00,3.00
2014.10.14 04:10:45.236,1.27183,1.27185,1.00,1.00
2014.10.14 04:10:45.742,1.27183,1.27186,1.00,1.00
2014.10.14 04:10:47.742,1.27184,1.27186,1.00,1.00
2014.10.14 04:10:47.945,1.27187,1.2719,2.50,1.00
2014.10.14 04:10:48.299,1.27189,1.27192,1.00,1.00
2014.10.14 04:10:48.552,1.27191,1.27193,1.50,1.00
2014.10.14 04:10:49.057,1.27192,1.27194,1.50,1.00
2014.10.14 04:10:50.800,1.27192,1.27195,1.50,1.00
2014.10.14 04:10:51.305,1.27192,1.27194,1.50,1.00
2014.10.14 04:10:57.300,1.27192,1.27195,1.50,1.00
2014.10.14 04:10:58.110,1.27192,1.27196,1.50,3.00
2014.10.14 04:10:58.769,1.27192,1.27195,1.50,1.00
2014.10.14 04:11:05.219,1.27192,1.27196,1.50,3.00
2014.10.14 04:11:10.943,1.27192,1.27195,1.50,1.00
2014.10.14 04:11:19.330,1.27192,1.27194,1.50,1.00
2014.10.14 04:11:26.777,1.27192,1.27195,1.50,1.50
2014.10.14 04:11:48.622,1.27191,1.27195,1.50,1.00
2014.10.14 04:12:00.708,1.27189,1.27195,3.75,1.00
2014.10.14 04:12:01.566,1.2719,1.27195,1.00,1.00
2014.10.14 04:12:02.902,1.27189,1.27195,3.75,1.00
2014.10.14 04:12:08.611,1.27189,1.27194,4.50,1.00
2014.10.14 04:12:09.117,1.2719,1.27194,1.00,1.00
2014.10.14 04:12:16.139,1.2719,1.27193,2.25,1.00
2014.10.14 04:12:16.241,1.2719,1.27191,1.50,1.00
2014.10.14 04:12:16.342,1.27188,1.2719,1.50,3.00
2014.10.14 04:12:16.444,1.27187,1.27189,1.00,1.00
2014.10.14 04:12:16.546,1.27185,1.27187,1.00,1.00
2014.10.14 04:12:16.698,1.27184,1.27185,1.00,1.00
2014.10.14 04:12:17.206,1.27183,1.27185,1.00,1.00
2014.10.14 04:12:17.358,1.27184,1.27187,1.00,3.00
2014.10.14 04:12:18.769,1.27185,1.27187,1.00,1.50
2014.10.14 04:12:19.073,1.27185,1.27189,1.00,3.94
2014.10.14 04:12:19.615,1.27188,1.27189,1.00,1.00
2014.10.14 04:12:19.668,1.27189,1.27191,1.50,1.00
2014.10.14 04:12:19.721,1.27189,1.27193,2.25,1.12
2014.10.14 04:12:19.924,1.27189,1.27191,1.00,3.00
2014.10.14 04:12:19.975,1.27188,1.27191,1.00,3.00
2014.10.14 04:12:22.742,1.27188,1.27189,1.50,1.00
2014.10.14 04:12:23.248,1.27188,1.2719,1.50,1.00
2014.10.14 04:12:23.779,1.27188,1.27191,1.50,1.00
2014.10.14 04:12:24.299,1.27188,1.27192,1.50,3.75
2014.10.14 04:12:24.828,1.27189,1.27191,1.00,1.50
2014.10.14 04:12:25.334,1.27188,1.27192,1.50,1.87
2014.10.14 04:12:29.264,1.2719,1.27193,1.00,1.50
2014.10.14 04:12:29.770,1.27189,1.27193,1.50,2.25
2014.10.14 04:12:44.576,1.27189,1.27192,1.50,1.00
2014.10.14 04:12:45.082,1.27189,1.27194,1.50,3.00
2014.10.14 04:12:45.589,1.27189,1.27193,1.50,1.00
2014.10.14 04:12:45.792,1.27191,1.27195,1.50,2.25
2014.10.14 04:12:46.298,1.27192,1.27196,1.00,1.00
2014.10.14 04:13:04.449,1.27194,1.27197,1.00,1.50
2014.10.14 04:13:04.960,1.27194,1.27198,1.00,3.37
2014.10.14 04:13:07.607,1.27194,1.27197,1.00,1.00
2014.10.14 04:13:11.191,1.27194,1.27198,1.00,3.00
2014.10.14 04:13:16.828,1.27194,1.27197,1.00,1.00
2014.10.14 04:13:17.333,1.27194,1.27198,1.00,3.00
2014.10.14 04:13:39.391,1.27193,1.27196,1.50,1.00
2014.10.14 04:13:39.906,1.27192,1.27196,6.00,1.50
2014.10.14 04:13:48.106,1.27192,1.27195,3.00,1.00
2014.10.14 04:13:48.612,1.27192,1.27194,1.50,1.00
2014.10.14 04:13:54.559,1.2719,1.27194,2.25,1.50
2014.10.14 04:14:01.366,1.27191,1.27194,1.00,1.00
2014.10.14 04:14:01.958,1.27192,1.27194,1.00,1.00
2014.10.14 04:14:21.550,1.2719,1.27194,2.25,1.00
2014.10.14 04:14:27.977,1.2719,1.27193,2.25,1.00
2014.10.14 04:14:28.874,1.2719,1.27194,3.00,1.00
2014.10.14 04:15:03.564,1.27189,1.27194,1.50,2.25
2014.10.14 04:15:17.337,1.2719,1.27194,1.00,2.25
2014.10.14 04:15:17.847,1.27191,1.27194,1.00,1.00
2014.10.14 04:15:28.570,1.27189,1.27192,1.50,1.00
2014.10.14 04:15:31.977,1.2719,1.27194,1.00,1.50
2014.10.14 04:15:42.647,1.2719,1.27193,1.00,2.25
2014.10.14 04:15:43.278,1.2719,1.27194,1.00,1.00
2014.10.14 04:15:52.545,1.2719,1.27196,2.25,3.75
2014.10.14 04:15:56.076,1.27191,1.27196,1.50,2.25
2014.10.14 04:16:13.036,1.27191,1.27195,1.00,1.00
2014.10.14 04:16:13.797,1.27192,1.27195,1.00,1.00
2014.10.14 04:16:14.329,1.27192,1.27194,1.00,1.00
2014.10.14 04:16:18.841,1.27191,1.27193,1.50,1.00
2014.10.14 04:16:25.988,1.27192,1.27194,1.00,1.00
2014.10.14 04:16:31.035,1.27192,1.27193,1.00,1.00
2014.10.14 04:16:34.576,1.27191,1.27193,1.00,1.00
2014.10.14 04:16:42.840,1.27191,1.27194,1.00,1.00
2014.10.14 04:16:43.494,1.27191,1.27195,1.00,1.50
2014.10.14 04:17:10.938,1.27192,1.27195,1.00,1.00
2014.10.14 04:17:11.472,1.27191,1.27195,1.50,1.00
2014.10.14 04:17:12.581,1.27192,1.27195,1.00,1.00
2014.10.14 04:17:13.226,1.27191,1.27195,2.25,1.00
2014.10.14 04:17:15.427,1.27191,1.27196,3.00,1.00
2014.10.14 04:17:16.831,1.27192,1.27197,1.00,1.50
2014.10.14 04:17:24.971,1.27193,1.27197,1.00,2.25
2014.10.14 04:18:36.900,1.27193,1.27198,3.00,3.75
2014.10.14 04:18:46.779,1.27193,1.27197,1.00,1.00
2014.10.14 04:18:47.316,1.27193,1.27198,1.50,3.37
2014.10.14 04:18:54.576,1.27192,1.27197,3.00,1.00
2014.10.14 04:18:57.455,1.27193,1.27197,1.00,1.00
2014.10.14 04:18:59.226,1.27193,1.27196,1.50,1.00
2014.10.14 04:18:59.327,1.27193,1.27198,1.00,4.50
2014.10.14 04:19:02.697,1.27193,1.27197,1.50,1.00
2014.10.14 04:19:35.577,1.27192,1.27197,1.50,1.00
2014.10.14 04:19:40.124,1.27193,1.27197,1.00,2.25
2014.10.14 04:19:40.631,1.27193,1.27196,1.00,1.00
2014.10.14 04:19:43.437,1.27192,1.27196,1.00,1.00
2014.10.14 04:20:04.556,1.27192,1.27197,1.50,1.00
2014.10.14 04:20:05.536,1.27193,1.27197,1.00,1.00
2014.10.14 04:20:11.387,1.27192,1.27197,1.50,1.00
2014.10.14 04:20:12.424,1.27193,1.27197,1.00,1.00
2014.10.14 04:20:18.798,1.27193,1.27196,1.00,1.00
2014.10.14 04:20:21.445,1.27192,1.27196,1.00,1.50
2014.10.14 04:20:22.108,1.27191,1.27196,3.37,1.50
2014.10.14 04:20:23.518,1.27192,1.27196,1.00,1.50
2014.10.14 04:20:25.015,1.27191,1.27196,3.00,1.50
2014.10.14 04:20:25.684,1.27192,1.27196,1.00,1.50
2014.10.14 04:20:26.322,1.27191,1.27196,2.25,1.50
2014.10.14 04:20:27.032,1.27192,1.27196,1.00,1.50
2014.10.14 04:20:27.556,1.27191,1.27196,1.50,1.50
2014.10.14 04:20:29.662,1.27192,1.27196,1.00,1.50
2014.10.14 04:20:30.879,1.27191,1.27196,1.50,1.50
2014.10.14 04:20:33.433,1.27191,1.27197,1.50,3.00
2014.10.14 04:20:35.743,1.27191,1.27195,1.50,1.00
2014.10.14 04:20:39.242,1.27191,1.27196,1.50,1.00
2014.10.14 04:20:41.500,1.27192,1.27196,1.00,1.50
2014.10.14 04:20:53.836,1.27193,1.27197,1.00,1.50
2014.10.14 04:20:57.389,1.27194,1.27199,2.25,5.62
2014.10.14 04:20:57.490,1.27196,1.27199,1.50,1.50
2014.10.14 04:20:57.795,1.27199,1.27201,1.00,1.95
2014.10.14 04:20:58.300,1.272,1.27203,1.00,1.22
2014.10.14 04:20:58.352,1.272,1.27203,1.00,1.00
2014.10.14 04:20:58.454,1.27199,1.27201,1.50,1.00
2014.10.14 04:20:58.961,1.27198,1.27201,1.50,1.50
2014.10.14 04:20:59.063,1.27195,1.272,4.12,1.00
2014.10.14 04:20:59.603,1.27195,1.27199,1.00,3.75
2014.10.14 04:21:00.642,1.27197,1.27199,1.00,3.75
2014.10.14 04:21:08.585,1.27195,1.27199,1.00,3.00
2014.10.14 04:21:08.739,1.27193,1.27195,1.00,1.00
2014.10.14 04:21:08.790,1.27193,1.27195,1.00,1.00
2014.10.14 04:21:08.943,1.27191,1.27194,1.87,1.00
2014.10.14 04:21:09.044,1.2719,1.27191,1.65,3.75
2014.10.14 04:21:09.348,1.27187,1.2719,1.00,1.00
2014.10.14 04:21:09.854,1.27187,1.27191,1.50,1.50
2014.10.14 04:21:10.852,1.27186,1.27191,3.75,5.61
2014.10.14 04:21:10.953,1.27188,1.27191,1.00,5.61
2014.10.14 04:21:11.056,1.27186,1.27191,6.60,4.86
2014.10.14 04:21:11.159,1.27189,1.27191,1.00,4.86
2014.10.14 04:21:11.671,1.2719,1.27193,1.00,3.00
2014.10.14 04:21:12.180,1.2719,1.27194,3.75,2.25
2014.10.14 04:21:12.687,1.27191,1.27194,1.50,2.25
2014.10.14 04:21:19.159,1.27192,1.27194,1.50,1.50
2014.10.14 04:21:19.363,1.27193,1.27196,1.00,1.00
2014.10.14 04:21:19.892,1.27192,1.27196,2.25,1.00
2014.10.14 04:21:47.845,1.27194,1.27196,1.50,1.00
2014.10.14 04:21:51.216,1.27194,1.27199,2.25,3.00
2014.10.14 04:21:51.368,1.27196,1.27199,1.00,1.50
2014.10.14 04:22:45.783,1.27195,1.27199,4.35,1.50
2014.10.14 04:22:50.875,1.27194,1.27199,2.62,6.37
2014.10.14 04:22:51.180,1.27193,1.27197,1.50,2.25
2014.10.14 04:22:52.258,1.27192,1.27197,1.50,3.37
2014.10.14 04:22:52.767,1.27191,1.27196,3.00,1.00
2014.10.14 04:22:53.402,1.27191,1.27197,3.00,6.37
2014.10.14 04:22:55.367,1.27191,1.27196,3.00,1.00
2014.10.14 04:22:55.670,1.2719,1.27194,1.50,4.87
2014.10.14 04:23:12.534,1.27191,1.27194,2.25,1.00
2014.10.14 04:23:13.041,1.27189,1.27192,1.00,1.00
2014.10.14 04:23:13.344,1.27187,1.27191,1.12,2.25
2014.10.14 04:23:13.849,1.27187,1.2719,1.00,1.00
2014.10.14 04:23:27.069,1.27188,1.2719,1.00,4.12
2014.10.14 04:23:27.712,1.27187,1.27191,1.00,5.62
2014.10.14 04:23:29.128,1.27187,1.27191,1.00,6.37
2014.10.14 04:23:29.694,1.27187,1.27191,1.00,6.37
2014.10.14 04:23:30.294,1.27187,1.27191,1.00,6.37
2014.10.14 04:23:31.556,1.27187,1.2719,1.00,1.50
2014.10.14 04:23:32.224,1.27187,1.27191,1.00,6.37
2014.10.14 04:23:33.235,1.27187,1.27191,1.00,6.37
2014.10.14 04:23:34.037,1.27187,1.27191,1.00,6.37
2014.10.14 04:23:35.067,1.27187,1.2719,1.00,1.50
2014.10.14 04:23:37.878,1.27187,1.27191,1.50,6.37
2014.10.14 04:23:38.555,1.27187,1.27191,1.50,6.37
2014.10.14 04:23:39.223,1.27187,1.27191,1.50,6.37
2014.10.14 04:23:41.759,1.27187,1.2719,1.50,1.50
2014.10.14 04:23:42.520,1.27187,1.27191,1.50,6.37
2014.10.14 04:23:43.067,1.27187,1.2719,1.50,1.50
2014.10.14 04:23:43.653,1.27187,1.27191,1.50,7.12
2014.10.14 04:23:44.316,1.27187,1.2719,1.50,1.50
2014.10.14 04:23:44.844,1.27187,1.27191,1.50,7.12
2014.10.14 04:23:45.600,1.27187,1.27191,1.50,7.12
2014.10.14 04:23:46.298,1.27187,1.27191,1.50,7.12
2014.10.14 04:23:46.812,1.27187,1.2719,1.00,1.50
2014.10.14 04:23:47.717,1.27188,1.2719,1.20,1.50
2014.10.14 04:23:47.919,1.27189,1.27192,1.00,1.00
2014.10.14 04:23:48.425,1.2719,1.27194,1.00,1.00
2014.10.14 04:23:52.010,1.27191,1.27194,1.00,1.00
2014.10.14 04:23:52.516,1.27191,1.27195,1.00,3.00
2014.10.14 04:23:53.385,1.27192,1.27195,1.00,1.50
2014.10.14 04:23:53.941,1.27192,1.27196,1.50,4.12
2014.10.14 04:23:54.878,1.27192,1.27195,1.00,1.00
2014.10.14 04:23:56.077,1.27193,1.27196,1.00,1.50
2014.10.14 04:23:57.213,1.27194,1.27198,1.00,2.25
2014.10.14 04:23:57.415,1.27196,1.27198,1.00,1.00
2014.10.14 04:24:11.074,1.27197,1.27198,1.00,1.00
2014.10.14 04:24:17.293,1.27196,1.27198,1.50,1.00
2014.10.14 04:24:17.597,1.27196,1.272,2.10,1.50
2014.10.14 04:24:52.067,1.27197,1.272,1.00,1.87
2014.10.14 04:24:52.583,1.27196,1.272,3.75,1.50
2014.10.14 04:25:01.253,1.27196,1.27198,1.00,1.00
2014.10.14 04:25:15.793,1.27197,1.27198,1.00,1.00
2014.10.14 04:25:16.097,1.27199,1.27201,1.50,1.35
2014.10.14 04:25:16.300,1.272,1.27203,2.25,1.00
2014.10.14 04:25:16.806,1.272,1.27204,2.25,1.00
2014.10.14 04:25:33.018,1.27201,1.27204,1.00,1.00
2014.10.14 04:25:33.322,1.27202,1.27206,1.50,2.62
2014.10.14 04:25:33.828,1.27203,1.27206,1.00,1.00
2014.10.14 04:25:36.892,1.27204,1.27206,1.00,1.00
2014.10.14 04:25:37.389,1.27201,1.27206,1.87,2.50
2014.10.14 04:25:37.491,1.27201,1.27204,3.62,2.25
2014.10.14 04:25:37.592,1.27202,1.27204,1.50,1.00
2014.10.14 04:25:37.644,1.27202,1.27204,1.00,1.00
2014.10.14 04:25:38.151,1.272,1.27204,5.25,1.00
2014.10.14 04:25:40.266,1.272,1.27204,4.50,1.00
2014.10.14 04:25:44.723,1.27201,1.27204,1.00,1.00
2014.10.14 04:25:45.261,1.27201,1.27205,1.50,1.00
2014.10.14 04:25:45.906,1.27201,1.27204,1.50,1.00
2014.10.14 04:25:45.958,1.272,1.27202,3.00,1.50
2014.10.14 04:25:46.264,1.27196,1.27199,4.50,1.87
2014.10.14 04:25:46.517,1.27196,1.27198,3.00,1.87
2014.10.14 04:25:51.437,1.27195,1.27198,1.00,1.87
2014.10.14 04:26:03.488,1.27195,1.27199,1.00,3.37
2014.10.14 04:26:03.995,1.27195,1.27198,1.00,1.00
2014.10.14 04:26:04.885,1.27195,1.27197,1.50,1.00
2014.10.14 04:26:05.495,1.27195,1.27198,1.50,1.00
2014.10.14 04:26:06.508,1.27195,1.27197,1.50,1.00
2014.10.14 04:26:07.240,1.27195,1.27198,1.50,1.00
2014.10.14 04:26:08.124,1.27195,1.27197,1.50,1.00
2014.10.14 04:26:08.800,1.27195,1.27198,1.50,1.00
2014.10.14 04:26:09.322,1.27195,1.27199,1.50,2.25
2014.10.14 04:26:09.855,1.27195,1.27198,1.50,1.00
2014.10.14 04:26:10.361,1.27195,1.27199,1.50,2.25
2014.10.14 04:26:10.897,1.27196,1.27199,1.50,1.00
2014.10.14 04:26:12.700,1.27196,1.27198,1.50,1.00
2014.10.14 04:26:13.406,1.27196,1.27199,1.50,1.50
2014.10.14 04:26:20.559,1.27196,1.27198,1.50,1.00
2014.10.14 04:26:21.699,1.27196,1.27199,1.50,1.87
2014.10.14 04:26:22.990,1.27196,1.27198,1.50,1.00
2014.10.14 04:26:24.315,1.27196,1.27199,1.50,1.87
2014.10.14 04:26:26.243,1.27196,1.27198,1.50,1.00
2014.10.14 04:26:26.930,1.27196,1.27199,1.50,1.50
2014.10.14 04:26:27.614,1.27196,1.27198,1.50,1.00
2014.10.14 04:26:28.126,1.27196,1.27199,1.50,1.50
2014.10.14 04:26:28.634,1.27196,1.27198,1.50,1.00
2014.10.14 04:26:29.791,1.27196,1.27199,1.50,1.50
2014.10.14 04:26:30.515,1.27196,1.27198,1.50,1.00
2014.10.14 04:26:31.572,1.27195,1.27198,2.25,1.00
2014.10.14 04:26:32.139,1.27195,1.27199,2.25,1.50
2014.10.14 04:26:32.642,1.27195,1.27198,2.25,1.00
2014.10.14 04:26:33.197,1.27195,1.27199,2.62,1.50
2014.10.14 04:26:35.728,1.27195,1.27198,2.25,1.00
2014.10.14 04:26:37.045,1.27195,1.27199,2.62,1.50
2014.10.14 04:26:37.549,1.27195,1.27198,3.00,1.00
2014.10.14 04:26:38.559,1.27195,1.27199,3.37,1.50
2014.10.14 04:26:39.520,1.27195,1.27198,3.00,1.00
2014.10.14 04:26:40.156,1.27195,1.27199,3.00,1.50
2014.10.14 04:26:41.186,1.27195,1.27198,3.00,1.00
2014.10.14 04:26:41.928,1.27195,1.27199,3.00,1.50
2014.10.14 04:26:42.498,1.27195,1.27198,3.00,1.00
2014.10.14 04:26:43.329,1.27195,1.27199,3.00,1.50
2014.10.14 04:26:45.245,1.27195,1.27198,3.00,1.00
2014.10.14 04:26:46.828,1.27195,1.27199,3.37,1.50
2014.10.14 04:26:48.150,1.27195,1.27198,2.62,1.00
2014.10.14 04:26:52.688,1.27194,1.27198,1.50,3.37
2014.10.14 04:26:52.739,1.27194,1.27196,1.00,1.00
2014.10.14 04:26:52.790,1.27192,1.27196,2.25,2.25
2014.10.14 04:26:52.943,1.27191,1.27194,5.25,1.00
2014.10.14 04:26:53.466,1.2719,1.27194,2.25,1.50
2014.10.14 04:26:53.979,1.27191,1.27194,1.00,1.00
2014.10.14 04:27:08.092,1.2719,1.27194,2.25,1.00
2014.10.14 04:27:08.599,1.2719,1.27193,1.00,1.50
2014.10.14 04:27:11.738,1.2719,1.27194,2.25,1.50
2014.10.14 04:27:16.095,1.2719,1.27192,1.50,1.00
2014.10.14 04:27:16.601,1.2719,1.27193,2.25,1.00
2014.10.14 04:27:24.444,1.2719,1.27192,1.00,1.00
2014.10.14 04:27:24.546,1.27188,1.27191,1.00,1.00
2014.10.14 04:27:25.051,1.27187,1.2719,1.00,1.50
2014.10.14 04:27:26.727,1.27186,1.2719,2.25,1.50
2014.10.14 04:27:32.557,1.27186,1.27191,6.60,1.00
2014.10.14 04:27:34.363,1.27186,1.27189,3.75,1.00
2014.10.14 04:27:34.768,1.27184,1.27187,3.15,1.00
2014.10.14 04:27:35.072,1.27184,1.27185,1.20,1.00
2014.10.14 04:27:35.427,1.27183,1.27187,3.52,1.50
2014.10.14 04:27:35.933,1.27184,1.27187,1.00,1.50
2014.10.14 04:27:39.477,1.27183,1.27187,1.50,1.50
2014.10.14 04:27:40.084,1.27179,1.27184,3.00,8.49
2014.10.14 04:27:40.288,1.2718,1.27183,1.00,1.87
2014.10.14 04:27:40.794,1.27179,1.27181,2.25,3.61
2014.10.14 04:27:41.299,1.27178,1.27179,1.00,1.50
2014.10.14 04:27:41.452,1.27177,1.27179,1.00,2.25
2014.10.14 04:27:41.604,1.27174,1.27176,1.50,1.00
2014.10.14 04:27:41.706,1.27172,1.27175,1.50,1.00
2014.10.14 04:27:42.213,1.27172,1.27176,2.25,1.00
2014.10.14 04:27:55.252,1.27173,1.27176,1.00,1.00
2014.10.14 04:27:57.680,1.27174,1.27176,1.00,1.00
2014.10.14 04:27:57.731,1.27174,1.27178,1.00,1.00
2014.10.14 04:27:58.236,1.27175,1.27178,1.00,1.00
2014.10.14 04:28:00.054,1.27175,1.27179,1.00,2.25
2014.10.14 04:28:00.206,1.27177,1.27179,1.00,1.99
2014.10.14 04:28:00.511,1.27181,1.27184,3.75,1.00
2014.10.14 04:28:00.815,1.27183,1.27186,1.00,1.00
2014.10.14 04:28:01.321,1.27183,1.27187,2.25,1.00
2014.10.14 04:28:08.628,1.27184,1.27187,1.00,1.00
2014.10.14 04:28:27.061,1.27185,1.27187,1.00,1.00
2014.10.14 04:28:27.366,1.2719,1.27195,4.50,1.50
2014.10.14 04:28:27.417,1.27192,1.27196,1.00,5.62
2014.10.14 04:28:27.519,1.27192,1.27196,1.50,1.87
2014.10.14 04:28:27.671,1.27193,1.27198,1.50,3.19
2014.10.14 04:28:31.240,1.27194,1.27198,1.00,1.50
2014.10.14 04:28:31.768,1.27194,1.27199,4.50,1.50
2014.10.14 04:28:35.373,1.27194,1.27197,2.25,2.62
2014.10.14 04:28:35.677,1.27192,1.27194,3.75,1.00
2014.10.14 04:28:36.210,1.27192,1.27195,3.75,1.87
2014.10.14 04:28:36.716,1.27193,1.27196,1.00,1.00
2014.10.14 04:28:48.881,1.27193,1.27197,1.00,1.50
2014.10.14 04:28:57.231,1.27194,1.27197,1.00,1.00
2014.10.14 04:28:57.535,1.27198,1.272,1.00,1.00
2014.10.14 04:28:57.738,1.27199,1.27202,1.00,1.50
2014.10.14 04:28:57.789,1.27198,1.272,3.07,1.00
2014.10.14 04:28:58.042,1.27196,1.272,1.50,1.50
2014.10.14 04:28:58.245,1.27196,1.27197,1.00,1.00
2014.10.14 04:29:05.062,1.27196,1.272,1.00,2.25
2014.10.14 04:29:05.163,1.27194,1.27196,2.25,1.00
2014.10.14 04:29:05.568,1.27192,1.27195,1.50,1.00
2014.10.14 04:29:14.551,1.27192,1.27196,1.50,1.00
2014.10.14 04:29:25.499,1.27192,1.27195,1.00,1.00
2014.10.14 04:29:36.891,1.27193,1.27195,1.00,1.50
2014.10.14 04:29:37.043,1.27194,1.27197,2.25,1.00
2014.10.14 04:29:37.095,1.27197,1.272,3.37,3.00
2014.10.14 04:29:37.399,1.27201,1.27205,6.10,1.12
2014.10.14 04:29:37.450,1.27203,1.27205,2.25,1.50
2014.10.14 04:29:37.755,1.27203,1.27207,2.25,1.10
2014.10.14 04:29:38.492,1.27203,1.27207,3.00,1.07
2014.10.14 04:29:38.833,1.27201,1.27205,1.50,2.25
2014.10.14 04:29:39.339,1.27201,1.27204,1.00,1.00
2014.10.14 04:29:42.841,1.27201,1.27203,1.00,1.00
2014.10.14 04:29:48.334,1.27202,1.27204,1.00,1.00
2014.10.14 04:29:49.313,1.27202,1.27205,1.00,1.00
2014.10.14 04:29:50.090,1.27202,1.27204,1.50,1.00
2014.10.14 04:29:50.632,1.27201,1.27204,1.50,1.00
2014.10.14 04:29:51.556,1.27203,1.27206,1.00,1.00
2014.10.14 04:29:51.608,1.27205,1.27208,3.00,1.00
2014.10.14 04:29:51.659,1.27208,1.27209,1.50,1.50
2014.10.14 04:29:51.862,1.2721,1.27213,1.50,1.50
2014.10.14 04:29:51.964,1.27211,1.27215,1.50,1.50
2014.10.14 04:29:52.470,1.27212,1.27215,1.00,1.00
2014.10.14 04:29:52.824,1.27213,1.27217,1.00,1.00
2014.10.14 04:29:53.329,1.27213,1.27218,1.00,1.50
2014.10.14 04:29:53.805,1.27215,1.27218,1.00,1.50
2014.10.14 04:29:57.478,1.27216,1.27219,1.00,2.25
2014.10.14 04:29:57.782,1.2722,1.27224,1.50,1.50
2014.10.14 04:29:57.984,1.27222,1.27224,1.00,1.00
2014.10.14 04:29:58.490,1.27222,1.27225,1.00,1.00
2014.10.14 04:30:00.948,1.27222,1.27226,1.00,1.50
2014.10.14 04:30:01.479,1.27222,1.27225,1.00,1.00
2014.10.14 04:30:02.548,1.27222,1.27226,1.00,1.00
2014.10.14 04:30:03.056,1.27223,1.27227,1.00,1.50
2014.10.14 04:30:03.565,1.27222,1.27227,2.25,1.50
2014.10.14 04:30:07.547,1.27222,1.27227,2.40,1.50
2014.10.14 04:30:08.550,1.27222,1.27227,2.25,1.50
2014.10.14 04:30:08.903,1.27222,1.27227,3.15,1.50
2014.10.14 04:30:10.187,1.27222,1.27227,2.40,1.50
2014.10.14 04:30:11.097,1.27222,1.27227,3.15,1.50
2014.10.14 04:30:11.608,1.27222,1.27227,1.65,1.50
2014.10.14 04:30:11.914,1.27222,1.27223,1.00,1.00
2014.10.14 04:30:12.066,1.27222,1.27225,1.00,1.50
2014.10.14 04:30:12.167,1.27222,1.27223,1.50,1.50
2014.10.14 04:30:12.270,1.27219,1.27222,2.47,1.00
2014.10.14 04:30:12.372,1.27221,1.27222,1.00,1.00
2014.10.14 04:30:12.525,1.27221,1.27224,3.00,1.00
2014.10.14 04:30:12.576,1.27221,1.27227,4.50,3.00
2014.10.14 04:30:12.677,1.27221,1.27223,3.00,1.00
2014.10.14 04:30:13.034,1.27222,1.27224,1.00,1.00
2014.10.14 04:30:13.085,1.27222,1.27227,1.00,2.25
2014.10.14 04:30:13.187,1.27222,1.27224,1.50,1.00
2014.10.14 04:30:13.288,1.2722,1.27223,1.00,2.25
2014.10.14 04:30:13.390,1.27222,1.27223,1.00,2.25
2014.10.14 04:30:13.592,1.27222,1.27225,1.00,1.00
2014.10.14 04:30:13.694,1.27221,1.27223,2.25,1.00
2014.10.14 04:30:14.049,1.27222,1.27226,2.25,1.00
2014.10.14 04:30:14.201,1.27222,1.27223,1.50,1.50
2014.10.14 04:30:14.505,1.2722,1.27223,3.00,2.50
2014.10.14 04:30:14.607,1.27222,1.27226,1.00,1.50
2014.10.14 04:30:14.657,1.27222,1.27224,1.00,1.00
2014.10.14 04:30:14.962,1.27218,1.27221,1.12,4.75
2014.10.14 04:30:15.821,1.27216,1.2722,3.00,1.00
2014.10.14 04:30:21.324,1.27216,1.27219,1.00,1.00
2014.10.14 04:30:21.527,1.27215,1.27217,2.25,1.00
2014.10.14 04:30:22.032,1.27215,1.27218,2.25,1.00
2014.10.14 04:30:25.030,1.27216,1.27218,1.00,1.00
2014.10.14 04:30:25.132,1.27217,1.2722,1.00,1.00
2014.10.14 04:30:25.638,1.27216,1.2722,1.00,1.00
2014.10.14 04:30:26.163,1.27215,1.2722,2.25,1.00
2014.10.14 04:30:27.836,1.27215,1.27221,4.50,5.34
2014.10.14 04:30:27.887,1.27217,1.27221,1.00,5.11
2014.10.14 04:30:28.396,1.27218,1.27221,1.00,1.00
2014.10.14 04:30:29.074,1.27219,1.27221,1.00,1.00
2014.10.14 04:30:29.429,1.27217,1.27221,1.00,1.50
2014.10.14 04:30:29.480,1.27216,1.27219,3.75,1.00
2014.10.14 04:30:31.397,1.27215,1.27219,3.75,1.50
2014.10.14 04:30:42.080,1.27215,1.27218,1.50,1.50
2014.10.14 04:30:42.621,1.27215,1.27219,1.50,2.25
2014.10.14 04:30:46.229,1.27216,1.27219,1.00,1.73
2014.10.14 04:30:54.705,1.27215,1.27219,1.50,3.00
2014.10.14 04:31:02.498,1.27214,1.27219,3.37,3.00
2014.10.14 04:31:03.479,1.27214,1.27218,2.62,1.00
2014.10.14 04:31:03.783,1.27214,1.27216,1.06,1.00
2014.10.14 04:31:13.521,1.27213,1.27216,1.00,1.50
2014.10.14 04:31:14.027,1.27213,1.27215,1.00,1.00
2014.10.14 04:31:17.563,1.27213,1.27217,1.50,1.50
2014.10.14 04:31:28.191,1.27213,1.27216,1.00,1.00
2014.10.14 04:31:31.617,1.27212,1.27216,2.25,2.25
2014.10.14 04:31:31.881,1.27212,1.27214,1.00,1.00
2014.10.14 04:31:31.983,1.2721,1.27214,4.87,1.00
2014.10.14 04:31:39.890,1.2721,1.27213,1.87,1.00
2014.10.14 04:31:42.469,1.27209,1.27213,6.97,1.00
2014.10.14 04:31:42.970,1.27209,1.27213,6.97,1.00
2014.10.14 04:31:43.503,1.27209,1.27213,6.97,1.00
2014.10.14 04:31:44.211,1.27209,1.27211,4.12,1.00
2014.10.14 04:31:44.465,1.27206,1.27209,1.50,1.00
2014.10.14 04:31:44.517,1.27205,1.27207,1.12,1.00
2014.10.14 04:31:44.822,1.27202,1.27205,1.37,1.00
2014.10.14 04:31:45.126,1.27201,1.27204,1.12,1.50
2014.10.14 04:31:47.830,1.27201,1.27203,1.00,1.00
2014.10.14 04:31:48.343,1.27201,1.27203,1.00,1.50
2014.10.14 04:31:53.261,1.272,1.27203,5.62,1.50
2014.10.14 04:31:53.767,1.272,1.27202,3.00,1.00
2014.10.14 04:31:54.273,1.272,1.27204,3.37,3.00
2014.10.14 04:31:54.526,1.272,1.27202,3.37,1.00
2014.10.14 04:31:54.866,1.27201,1.27204,1.00,2.25
2014.10.14 04:31:55.486,1.27201,1.27203,1.00,1.00
2014.10.14 04:31:56.151,1.27201,1.27204,1.87,3.00
2014.10.14 04:31:58.598,1.27201,1.27204,6.00,2.25
2014.10.14 04:32:04.534,1.27201,1.27204,1.00,1.50
2014.10.14 04:32:04.786,1.27201,1.27206,2.25,1.35
2014.10.14 04:32:05.293,1.27202,1.27207,1.00,1.50
2014.10.14 04:32:06.029,1.27203,1.27207,1.00,1.50
2014.10.14 04:32:06.548,1.27202,1.27206,3.00,1.00
2014.10.14 04:32:07.056,1.27201,1.27206,7.20,1.00
2014.10.14 04:32:09.664,1.27202,1.27206,1.00,1.00
2014.10.14 04:32:12.745,1.27201,1.27206,4.87,1.00
2014.10.14 04:32:14.018,1.27202,1.27206,1.37,1.00
2014.10.14 04:32:15.936,1.27202,1.27206,2.62,1.00
2014.10.14 04:32:16.858,1.27202,1.27206,3.37,1.00
2014.10.14 04:32:17.523,1.27202,1.27206,2.62,1.00
2014.10.14 04:32:20.380,1.27201,1.27206,4.65,1.50
2014.10.14 04:32:30.085,1.27201,1.27205,1.50,1.00
2014.10.14 04:32:30.599,1.272,1.27204,1.00,1.87
2014.10.14 04:32:35.502,1.27199,1.27201,1.00,4.87
2014.10.14 04:32:35.705,1.27195,1.27197,1.00,1.50
2014.10.14 04:32:35.908,1.27193,1.27197,1.50,2.25
2014.10.14 04:32:36.517,1.27192,1.27197,2.25,2.25
2014.10.14 04:32:36.770,1.27194,1.27197,1.00,1.50
2014.10.14 04:32:37.075,1.27196,1.27197,1.00,1.50
2014.10.14 04:32:37.278,1.27192,1.27197,1.50,2.25
2014.10.14 04:32:41.132,1.27193,1.27197,1.00,1.50
2014.10.14 04:32:41.385,1.27196,1.27197,1.00,1.00
2014.10.14 04:32:41.896,1.27196,1.27198,1.00,1.00
2014.10.14 04:32:44.367,1.27196,1.27198,5.25,1.00
2014.10.14 04:32:44.470,1.27196,1.272,5.62,1.00
2014.10.14 04:32:44.521,1.27198,1.272,1.00,1.00
2014.10.14 04:32:44.623,1.27198,1.27202,1.50,1.00
2014.10.14 04:32:45.137,1.27198,1.27203,2.25,3.00
2014.10.14 04:32:45.390,1.27198,1.27201,2.25,1.00
2014.10.14 04:32:45.845,1.27198,1.27203,1.50,2.25
2014.10.14 04:32:46.249,1.272,1.27203,1.00,1.00
2014.10.14 04:32:46.755,1.27202,1.27206,1.00,2.25
2014.10.14 04:32:48.141,1.27202,1.27205,1.00,1.00
2014.10.14 04:32:48.293,1.272,1.27204,3.75,1.00
2014.10.14 04:32:54.761,1.27201,1.27204,1.00,1.00
2014.10.14 04:32:59.980,1.272,1.27204,3.00,1.00
2014.10.14 04:33:03.590,1.27201,1.27204,1.00,1.00
2014.10.14 04:33:06.485,1.27202,1.27204,1.00,1.00
2014.10.14 04:33:08.457,1.27202,1.27203,1.00,1.00
2014.10.14 04:33:08.609,1.27199,1.27203,1.00,3.00
2014.10.14 04:33:08.711,1.27197,1.27201,1.87,1.00
2014.10.14 04:33:09.016,1.27196,1.27199,1.50,1.00
2014.10.14 04:33:09.523,1.27196,1.27198,1.50,1.00
2014.10.14 04:33:10.029,1.27197,1.27198,1.00,1.00
2014.10.14 04:33:11.785,1.27198,1.27201,4.00,2.25
2014.10.14 04:33:11.836,1.272,1.27202,2.25,1.50
2014.10.14 04:33:12.243,1.27198,1.272,1.00,1.00
2014.10.14 04:33:12.648,1.27196,1.272,1.50,2.25
2014.10.14 04:33:22.135,1.27197,1.27201,1.00,1.50
2014.10.14 04:33:23.132,1.27198,1.27201,1.00,1.50
2014.10.14 04:33:23.285,1.272,1.27203,1.00,2.25
2014.10.14 04:33:23.538,1.27202,1.27206,2.25,2.62
2014.10.14 04:33:24.349,1.27203,1.27207,1.00,1.00
2014.10.14 04:33:24.552,1.27205,1.27208,1.00,3.00
2014.10.14 04:33:25.059,1.27205,1.27209,1.50,3.37
2014.10.14 04:33:26.688,1.27205,1.27208,1.50,1.00
2014.10.14 04:33:27.212,1.27205,1.27209,1.50,3.37
2014.10.14 04:33:37.208,1.27206,1.27209,1.00,1.50
2014.10.14 04:33:38.501,1.27205,1.27209,1.00,1.50
2014.10.14 04:33:40.169,1.27206,1.27209,1.00,1.00
2014.10.14 04:33:40.927,1.27208,1.27209,1.00,1.00
2014.10.14 04:33:41.029,1.27208,1.27212,1.00,1.50
2014.10.14 04:33:41.080,1.27211,1.27212,1.00,1.50
2014.10.14 04:33:41.232,1.27212,1.27214,1.00,1.50
2014.10.14 04:33:41.334,1.27214,1.27215,1.00,1.00
2014.10.14 04:33:41.385,1.27215,1.27217,1.00,2.62
2014.10.14 04:33:41.789,1.27215,1.27219,2.25,1.50
2014.10.14 04:33:42.307,1.27216,1.27219,1.00,1.50
2014.10.14 04:33:49.752,1.27217,1.2722,1.00,1.00
2014.10.14 04:33:49.854,1.27219,1.27221,1.00,2.62
2014.10.14 04:33:50.157,1.27221,1.27222,1.00,1.50
2014.10.14 04:33:50.410,1.27219,1.27222,1.50,1.50
2014.10.14 04:33:50.941,1.2722,1.27224,2.25,3.75
2014.10.14 04:33:52.837,1.2722,1.27222,2.25,2.10
2014.10.14 04:33:53.115,1.27213,1.27216,1.50,1.87
2014.10.14 04:33:53.470,1.2721,1.27216,4.50,4.12
2014.10.14 04:33:53.895,1.27211,1.27214,1.00,1.00
2014.10.14 04:33:54.301,1.2721,1.27216,2.25,3.00
2014.10.14 04:33:57.446,1.2721,1.27214,2.25,1.00
2014.10.14 04:33:57.953,1.2721,1.27215,3.00,1.00
2014.10.14 04:33:58.458,1.2721,1.27214,3.00,1.00
2014.10.14 04:33:59.027,1.2721,1.27215,3.75,1.50
2014.10.14 04:33:59.422,1.27213,1.27215,1.00,1.00
2014.10.14 04:34:02.376,1.27212,1.27215,1.00,1.00
2014.10.14 04:34:03.307,1.27212,1.27216,1.50,3.00
2014.10.14 04:34:03.611,1.27214,1.27217,1.00,1.00
2014.10.14 04:34:07.099,1.27213,1.27217,2.25,1.00
2014.10.14 04:34:08.580,1.27214,1.27218,2.25,1.50
2014.10.14 04:34:08.783,1.27215,1.2722,1.50,4.50
2014.10.14 04:34:09.332,1.27216,1.2722,1.00,4.50
2014.10.14 04:34:13.588,1.27215,1.27219,1.50,1.50
2014.10.14 04:34:16.401,1.27214,1.27216,1.00,1.00
2014.10.14 04:34:16.453,1.27212,1.27216,3.75,1.00
2014.10.14 04:34:18.245,1.27213,1.27216,1.00,1.00
2014.10.14 04:34:18.780,1.27212,1.27217,1.50,1.50
2014.10.14 04:34:30.607,1.27212,1.27216,2.25,1.00
2014.10.14 04:34:36.435,1.27214,1.27216,1.00,1.00
2014.10.14 04:34:48.422,1.27212,1.27216,1.50,1.50
2014.10.14 04:34:50.803,1.27212,1.27215,1.00,1.00
2014.10.14 04:34:51.309,1.27211,1.27216,3.00,2.25
2014.10.14 04:34:51.836,1.27211,1.27215,2.25,1.50
2014.10.14 04:34:54.807,1.27211,1.27216,3.00,3.75
2014.10.14 04:34:59.365,1.27212,1.27216,1.00,3.75
2014.10.14 04:35:00.568,1.27212,1.27216,1.00,4.12
2014.10.14 04:35:01.380,1.27212,1.27216,1.00,4.12
2014.10.14 04:35:02.071,1.27212,1.27215,1.00,1.00
2014.10.14 04:35:02.645,1.27212,1.27214,1.00,1.00
2014.10.14 04:35:03.149,1.27212,1.27215,1.00,1.00
2014.10.14 04:35:10.929,1.27212,1.27216,1.00,3.19
2014.10.14 04:35:12.708,1.27212,1.27216,1.00,1.87
2014.10.14 04:35:13.240,1.27212,1.27216,1.00,1.87
2014.10.14 04:35:28.723,1.27212,1.27216,1.00,1.87
2014.10.14 04:35:29.229,1.27212,1.27216,1.00,2.62
2014.10.14 04:35:29.935,1.27212,1.27216,1.00,2.62
2014.10.14 04:35:30.757,1.27212,1.27216,1.00,1.50
2014.10.14 04:35:53.007,1.27212,1.27215,1.00,1.00
2014.10.14 04:35:53.548,1.27211,1.27215,1.50,1.00
2014.10.14 04:35:55.823,1.27211,1.27216,1.50,1.00
2014.10.14 04:35:56.680,1.27211,1.27217,2.25,2.44
2014.10.14 04:35:57.186,1.27211,1.27217,2.25,2.44
2014.10.14 04:36:03.955,1.27211,1.27217,2.25,3.19
2014.10.14 04:36:05.647,1.27211,1.27216,2.25,1.00
2014.10.14 04:36:11.871,1.27211,1.27217,2.25,2.44
2014.10.14 04:36:12.934,1.27213,1.27217,1.00,1.69
2014.10.14 04:36:34.598,1.27213,1.27216,1.00,1.00
2014.10.14 04:36:54.036,1.27214,1.27216,1.00,1.00
2014.10.14 04:36:59.455,1.27213,1.27216,2.25,1.00
2014.10.14 04:37:00.355,1.27215,1.27216,1.00,1.00
2014.10.14 04:37:00.457,1.27215,1.27218,3.00,1.00
2014.10.14 04:37:00.962,1.27216,1.27219,1.00,1.50
2014.10.14 04:37:01.477,1.27217,1.27219,1.00,1.50
2014.10.14 04:37:14.439,1.27215,1.27219,3.00,2.25
2014.10.14 04:37:20.175,1.27216,1.27219,1.00,2.25
2014.10.14 04:37:20.699,1.27217,1.27219,1.00,1.50
2014.10.14 04:37:21.895,1.27215,1.27219,3.37,2.25
2014.10.14 04:37:27.244,1.27215,1.27218,1.50,1.00
2014.10.14 04:37:27.396,1.27214,1.27216,1.00,1.00
2014.10.14 04:37:27.548,1.27211,1.27215,1.50,1.50
2014.10.14 04:37:27.902,1.27213,1.27215,1.00,1.00
2014.10.14 04:37:28.206,1.27215,1.27219,2.25,1.50
2014.10.14 04:37:28.960,1.27216,1.27219,1.00,1.00
2014.10.14 04:37:31.409,1.27216,1.27217,1.00,1.00
2014.10.14 04:37:31.713,1.27214,1.27216,1.00,1.00
2014.10.14 04:37:32.397,1.27213,1.27216,2.25,1.00
2014.10.14 04:37:33.498,1.27213,1.27217,2.25,2.25
2014.10.14 04:37:36.654,1.27214,1.27217,1.00,3.00
2014.10.14 04:37:37.169,1.27213,1.27217,5.25,1.50
2014.10.14 04:37:41.776,1.27213,1.27216,3.00,1.50
2014.10.14 04:37:41.957,1.27213,1.27214,2.25,1.00
2014.10.14 04:37:42.009,1.27211,1.27213,1.00,1.00
2014.10.14 04:37:42.060,1.27209,1.27213,3.75,1.00
2014.10.14 04:37:42.263,1.27208,1.2721,2.25,1.00
2014.10.14 04:37:42.567,1.27205,1.27209,1.12,1.00
2014.10.14 04:37:43.073,1.27204,1.27209,1.50,1.00
2014.10.14 04:37:48.488,1.27204,1.27208,1.50,1.00
2014.10.14 04:37:50.838,1.272,1.27206,6.56,2.50
2014.10.14 04:37:51.143,1.27196,1.27199,3.00,4.72
2014.10.14 04:37:51.194,1.27195,1.27197,1.50,6.97
2014.10.14 04:37:51.346,1.27192,1.27195,1.00,2.25
2014.10.14 04:37:51.984,1.27191,1.27195,4.12,1.00
2014.10.14 04:37:53.496,1.27192,1.27195,1.00,1.00
2014.10.14 04:37:53.598,1.27194,1.27195,1.00,1.00
2014.10.14 04:37:53.649,1.27194,1.27197,1.00,2.25
2014.10.14 04:37:55.255,1.27193,1.27197,2.25,2.25
2014.10.14 04:37:55.912,1.27194,1.27197,1.00,1.50
2014.10.14 04:37:57.805,1.27193,1.27197,2.25,1.50
2014.10.14 04:37:59.468,1.27194,1.27197,1.50,1.00
2014.10.14 04:38:00.338,1.27193,1.27196,1.00,1.50
2014.10.14 04:38:00.491,1.27191,1.27195,2.25,1.00
2014.10.14 04:38:01.010,1.27192,1.27196,1.50,3.00
2014.10.14 04:38:01.516,1.27193,1.27197,1.50,1.50
2014.10.14 04:38:01.871,1.27193,1.27195,1.50,1.00
2014.10.14 04:38:02.597,1.27193,1.27195,1.50,1.87
2014.10.14 04:38:02.900,1.27193,1.27196,1.50,3.41
2014.10.14 04:38:03.506,1.27193,1.27195,1.50,1.50
2014.10.14 04:38:04.121,1.27193,1.27196,1.50,3.41
2014.10.14 04:38:04.526,1.27191,1.27195,2.25,3.75
2014.10.14 04:38:04.830,1.2719,1.27191,1.00,1.00
2014.10.14 04:38:04.881,1.27189,1.27191,2.25,1.50
2014.10.14 04:38:05.033,1.27188,1.2719,1.00,1.00
2014.10.14 04:38:05.185,1.27185,1.27187,1.00,1.00
2014.10.14 04:38:05.287,1.27183,1.27186,1.00,1.50
2014.10.14 04:38:05.773,1.27181,1.27184,1.00,1.00
2014.10.14 04:38:06.437,1.2718,1.27184,2.62,1.00
2014.10.14 04:38:06.801,1.27182,1.27185,1.00,1.00
2014.10.14 04:38:07.313,1.27182,1.27186,1.00,2.25
2014.10.14 04:38:16.061,1.27182,1.27185,1.50,1.00
2014.10.14 04:38:18.875,1.27181,1.27185,1.50,2.25
2014.10.14 04:38:19.244,1.2718,1.27182,1.50,1.00
2014.10.14 04:38:19.750,1.27179,1.27182,2.25,1.00
2014.10.14 04:38:21.576,1.27179,1.27183,2.25,1.00
2014.10.14 04:38:22.118,1.27179,1.27184,2.85,2.25
2014.10.14 04:38:22.625,1.27179,1.27185,5.62,3.00
2014.10.14 04:38:23.555,1.27182,1.27185,1.00,4.12
2014.10.14 04:38:24.313,1.27182,1.27186,3.00,1.00
2014.10.14 04:38:24.617,1.27185,1.27186,1.00,1.00
2014.10.14 04:38:25.069,1.27185,1.27188,1.00,2.25
2014.10.14 04:38:28.743,1.27187,1.27188,1.00,1.50
2014.10.14 04:38:29.496,1.27184,1.27188,1.50,1.50
2014.10.14 04:38:30.991,1.27187,1.27189,3.55,1.50
2014.10.14 04:38:31.094,1.27189,1.2719,1.00,1.00
2014.10.14 04:38:31.246,1.27189,1.27193,1.50,1.00
2014.10.14 04:38:31.788,1.2719,1.27194,1.50,1.37
2014.10.14 04:38:32.328,1.2719,1.27194,1.50,1.00
2014.10.14 04:38:32.901,1.27191,1.27194,1.00,1.00
2014.10.14 04:38:35.528,1.27189,1.27194,6.00,1.00
2014.10.14 04:38:36.029,1.2719,1.27194,1.50,1.00
2014.10.14 04:38:36.534,1.27189,1.27194,6.00,1.00
2014.10.14 04:38:37.041,1.2719,1.27194,1.00,1.00
2014.10.14 04:38:39.842,1.27191,1.27195,1.00,3.00
2014.10.14 04:38:43.397,1.27191,1.27195,1.37,1.87
2014.10.14 04:38:43.449,1.27192,1.27197,1.87,4.12
2014.10.14 04:38:43.678,1.27194,1.27198,3.00,3.00
2014.10.14 04:38:44.638,1.27195,1.27198,1.00,1.50
2014.10.14 04:38:45.170,1.27194,1.27198,4.50,1.50
2014.10.14 04:38:46.470,1.27196,1.27198,1.00,1.50
2014.10.14 04:38:46.725,1.272,1.27204,1.50,3.00
2014.10.14 04:38:47.180,1.27202,1.27204,1.00,1.00
2014.10.14 04:38:47.690,1.27202,1.27205,1.00,1.12
2014.10.14 04:38:48.209,1.27201,1.27205,3.00,1.00
2014.10.14 04:38:53.117,1.27201,1.27204,1.00,1.00
2014.10.14 04:38:53.622,1.27201,1.27205,1.00,2.62
2014.10.14 04:38:55.837,1.27201,1.27204,1.00,1.00
2014.10.14 04:38:56.141,1.27197,1.27199,1.30,1.00
2014.10.14 04:38:56.647,1.27196,1.272,2.55,1.50
2014.10.14 04:38:57.169,1.27196,1.27199,1.80,1.00
2014.10.14 04:38:58.744,1.27196,1.27199,1.80,1.00
2014.10.14 04:38:59.555,1.27196,1.27199,1.80,1.00
2014.10.14 04:39:00.573,1.27196,1.27198,1.80,1.00
2014.10.14 04:39:01.094,1.27196,1.27199,1.80,1.00
2014.10.14 04:39:01.693,1.27196,1.27199,1.80,1.00
2014.10.14 04:39:02.822,1.27196,1.27199,1.80,1.50
2014.10.14 04:39:03.625,1.27196,1.27199,1.80,1.50
2014.10.14 04:39:04.149,1.27195,1.27199,1.65,2.25
2014.10.14 04:39:04.754,1.27195,1.27198,1.05,1.00
2014.10.14 04:39:04.856,1.27193,1.27197,3.00,1.00
2014.10.14 04:39:09.843,1.27193,1.27196,1.00,1.00
2014.10.14 04:39:12.070,1.27193,1.27197,1.50,1.00
2014.10.14 04:39:17.372,1.27195,1.27199,1.12,2.25
2014.10.14 04:39:17.879,1.27194,1.27198,1.12,2.25
2014.10.14 04:39:18.388,1.27193,1.27198,1.00,2.25
2014.10.14 04:39:20.880,1.27193,1.27195,1.00,1.00
2014.10.14 04:39:21.384,1.27192,1.27195,4.50,1.00
2014.10.14 04:39:23.761,1.27192,1.27194,1.00,1.00
2014.10.14 04:39:30.162,1.2719,1.27194,4.50,1.00
2014.10.14 04:39:31.868,1.2719,1.27195,6.00,1.50
2014.10.14 04:39:42.865,1.27191,1.27195,1.00,1.00
2014.10.14 04:39:43.501,1.27191,1.27196,1.00,2.25
2014.10.14 04:40:06.287,1.27191,1.27195,1.50,1.00
2014.10.14 04:40:06.792,1.27191,1.27196,1.50,3.75
2014.10.14 04:40:07.297,1.27191,1.27195,1.50,1.00
2014.10.14 04:40:08.013,1.27191,1.27196,1.50,3.00
2014.10.14 04:40:08.674,1.27191,1.27195,1.50,1.00
2014.10.14 04:40:09.184,1.27191,1.27196,1.50,2.25
2014.10.14 04:40:09.963,1.2719,1.27193,4.31,1.00
2014.10.14 04:40:10.621,1.2719,1.27193,5.44,1.00
2014.10.14 04:40:11.126,1.27192,1.27194,1.00,1.00
2014.10.14 04:40:13.691,1.2719,1.27193,2.25,1.00
2014.10.14 04:40:16.849,1.2719,1.27192,3.37,1.00
2014.10.14 04:40:17.388,1.27189,1.27191,2.25,1.00
2014.10.14 04:40:17.915,1.27189,1.27191,2.25,1.00
2014.10.14 04:40:34.002,1.27188,1.27189,1.00,1.00
2014.10.14 04:40:34.305,1.27183,1.27186,1.00,2.50
2014.10.14 04:40:35.114,1.27182,1.27184,3.19,1.00
2014.10.14 04:40:39.693,1.27181,1.27184,1.00,2.25
2014.10.14 04:40:49.597,1.27181,1.27182,1.00,1.00
2014.10.14 04:40:49.699,1.27179,1.27181,1.00,1.00
2014.10.14 04:40:50.154,1.27177,1.27181,4.31,1.50
2014.10.14 04:40:50.559,1.27177,1.27179,1.00,1.00
2014.10.14 04:40:50.610,1.27175,1.27179,3.00,1.00
2014.10.14 04:40:50.762,1.27174,1.27177,1.50,2.25
2014.10.14 04:40:51.066,1.27171,1.27173,1.00,1.50
2014.10.14 04:40:51.472,1.27172,1.27175,1.50,2.25
2014.10.14 04:40:51.977,1.27171,1.27175,2.25,1.50
2014.10.14 04:41:00.111,1.27174,1.27175,1.00,1.50
2014.10.14 04:41:00.365,1.27177,1.2718,6.62,1.87
2014.10.14 04:41:00.670,1.27179,1.27182,1.00,1.00
2014.10.14 04:41:06.727,1.2718,1.27182,1.00,1.00
2014.10.14 04:41:11.668,1.27179,1.27182,1.00,1.00
2014.10.14 04:41:11.921,1.27178,1.2718,1.00,1.00
2014.10.14 04:41:12.074,1.27176,1.27179,1.50,2.25
2014.10.14 04:41:12.354,1.27174,1.27178,1.00,2.25
2014.10.14 04:41:17.659,1.27174,1.27177,1.00,1.00
2014.10.14 04:41:17.761,1.27172,1.27176,2.25,1.00
2014.10.14 04:41:20.190,1.27172,1.27175,1.00,1.00
2014.10.14 04:41:20.721,1.27171,1.27175,3.00,1.50
2014.10.14 04:41:21.842,1.2717,1.27175,1.00,3.00
2014.10.14 04:41:28.146,1.27169,1.27175,4.50,4.50
2014.10.14 04:41:32.367,1.27169,1.27172,4.50,1.00
2014.10.14 04:41:32.773,1.27171,1.27174,1.00,1.12
2014.10.14 04:41:33.278,1.27171,1.27175,1.50,2.25
2014.10.14 04:41:33.970,1.2717,1.27175,2.25,3.07
2014.10.14 04:41:35.369,1.2717,1.27174,2.25,1.00
2014.10.14 04:41:41.529,1.2717,1.27175,1.50,3.00
2014.10.14 04:41:45.420,1.2717,1.27174,1.00,1.00
2014.10.14 04:41:48.521,1.2717,1.27175,2.25,1.50
2014.10.14 04:41:49.027,1.27171,1.27175,1.00,1.50
2014.10.14 04:41:49.542,1.2717,1.27175,2.25,1.50
2014.10.14 04:41:49.693,1.27171,1.27177,1.50,6.37
2014.10.14 04:41:58.610,1.27169,1.27174,3.94,2.25
2014.10.14 04:41:59.124,1.2717,1.27174,1.00,2.85
2014.10.14 04:42:14.711,1.2717,1.27174,1.00,3.60
2014.10.14 04:42:16.069,1.2717,1.27174,1.00,1.50
2014.10.14 04:42:16.374,1.27174,1.27179,5.50,4.12
2014.10.14 04:42:16.476,1.27177,1.2718,8.50,2.62
2014.10.14 04:42:16.628,1.27178,1.27183,2.25,2.25
2014.10.14 04:42:16.679,1.2718,1.27183,1.00,1.50
2014.10.14 04:42:17.185,1.2718,1.27184,1.50,1.50
2014.10.14 04:42:22.516,1.27181,1.27184,1.00,1.50
2014.10.14 04:42:22.668,1.27181,1.27186,4.50,2.25
2014.10.14 04:42:26.615,1.27181,1.27187,4.50,1.50
2014.10.14 04:42:26.825,1.27183,1.27187,1.50,1.50
2014.10.14 04:42:36.504,1.27185,1.27187,1.00,1.50
2014.10.14 04:42:36.606,1.27186,1.27189,1.00,3.75
2014.10.14 04:42:57.296,1.27185,1.27189,1.50,1.50
2014.10.14 04:43:00.397,1.27184,1.27187,3.75,1.00
2014.10.14 04:43:00.752,1.27183,1.27185,4.87,1.00
2014.10.14 04:43:01.814,1.27182,1.27185,1.00,1.00
2014.10.14 04:43:02.320,1.27181,1.27185,2.25,1.00
2014.10.14 04:43:09.031,1.27182,1.27185,1.00,1.00
2014.10.14 04:43:17.798,1.27181,1.27184,3.00,1.00
2014.10.14 04:43:18.103,1.27179,1.27182,1.87,5.50
2014.10.14 04:43:18.205,1.27179,1.27181,1.00,1.00
2014.10.14 04:43:18.357,1.27179,1.27181,1.00,1.50
2014.10.14 04:43:19.166,1.2718,1.27181,1.00,1.50
2014.10.14 04:43:20.381,1.27179,1.27181,1.50,1.50
2014.10.14 04:43:21.037,1.27179,1.27182,1.50,1.00
2014.10.14 04:43:23.005,1.2718,1.27182,1.00,1.00
2014.10.14 04:43:30.609,1.27181,1.27183,1.00,1.00
2014.10.14 04:43:30.862,1.27181,1.27185,1.00,1.50
2014.10.14 04:43:34.138,1.27182,1.27185,1.00,1.50
2014.10.14 04:43:39.407,1.27184,1.27185,1.00,1.50
2014.10.14 04:43:41.165,1.27184,1.27187,1.00,1.00
2014.10.14 04:43:42.296,1.27183,1.27185,2.25,4.12
2014.10.14 04:43:42.347,1.27183,1.27185,1.00,4.87
2014.10.14 04:43:42.499,1.27181,1.27183,1.50,1.50
2014.10.14 04:43:43.010,1.2718,1.27182,1.00,1.50
2014.10.14 04:43:43.516,1.27181,1.27182,1.00,1.50
2014.10.14 04:43:43.820,1.27183,1.27185,1.00,1.50
2014.10.14 04:43:43.872,1.27183,1.27186,1.00,1.00
2014.10.14 04:43:49.514,1.27182,1.27186,1.50,1.50
2014.10.14 04:43:59.321,1.27184,1.27186,1.00,1.00
2014.10.14 04:43:59.827,1.27185,1.27187,1.00,1.00
2014.10.14 04:43:59.929,1.27187,1.27189,3.75,2.25
2014.10.14 04:43:59.981,1.27188,1.27189,1.50,1.00
2014.10.14 04:44:00.082,1.27189,1.27191,1.00,1.00
2014.10.14 04:44:00.539,1.27191,1.27193,1.00,1.00
2014.10.14 04:44:02.203,1.27191,1.27192,1.00,1.00
2014.10.14 04:44:04.177,1.2719,1.27192,1.00,1.00
2014.10.14 04:44:04.526,1.27192,1.27193,1.00,1.00
2014.10.14 04:44:08.247,1.2719,1.27192,1.00,1.00
2014.10.14 04:44:08.753,1.27191,1.27193,2.25,1.00
2014.10.14 04:44:13.603,1.2719,1.27192,1.00,1.00
2014.10.14 04:44:20.519,1.2719,1.27194,1.50,2.25
2014.10.14 04:44:22.077,1.2719,1.27193,1.00,1.00
2014.10.14 04:44:22.585,1.2719,1.27192,1.00,1.00
2014.10.14 04:44:23.758,1.2719,1.27193,1.00,1.00
2014.10.14 04:44:24.263,1.2719,1.27194,1.50,1.50
2014.10.14 04:44:36.547,1.2719,1.27193,1.00,1.00
2014.10.14 04:44:37.052,1.27189,1.27194,1.00,2.25
2014.10.14 04:44:37.558,1.2719,1.27194,1.50,1.50
2014.10.14 04:45:01.569,1.2719,1.27193,1.50,1.00
2014.10.14 04:45:13.243,1.27189,1.27192,1.50,1.00
2014.10.14 04:45:17.159,1.27189,1.27191,1.00,1.00
2014.10.14 04:45:17.311,1.27187,1.27189,1.00,1.00
2014.10.14 04:45:17.413,1.27184,1.27189,4.12,2.25
2014.10.14 04:45:17.514,1.27184,1.27187,1.00,1.50
2014.10.14 04:45:18.020,1.27183,1.27186,1.00,1.00
2014.10.14 04:45:20.997,1.27183,1.27185,1.00,1.00
2014.10.14 04:45:21.099,1.2718,1.27184,3.75,1.00
2014.10.14 04:45:21.760,1.27181,1.27184,1.00,1.00
2014.10.14 04:45:23.327,1.27181,1.27186,2.25,2.25
2014.10.14 04:45:23.832,1.27181,1.27185,1.00,2.25
2014.10.14 04:45:27.366,1.2718,1.27185,1.50,2.25
2014.10.14 04:45:32.033,1.27181,1.27185,1.00,2.25
2014.10.14 04:45:32.951,1.27182,1.27185,1.00,1.50
2014.10.14 04:45:37.472,1.27182,1.27186,1.00,1.00
2014.10.14 04:45:37.726,1.27185,1.27187,1.00,1.50
2014.10.14 04:45:40.234,1.27183,1.27187,1.50,1.50
2014.10.14 04:45:40.790,1.27183,1.27185,1.50,1.00
2014.10.14 04:45:40.996,1.27183,1.27187,1.50,2.25
2014.10.14 04:45:43.206,1.27184,1.27187,1.00,1.50
2014.10.14 04:45:44.642,1.27185,1.27187,1.00,1.50
2014.10.14 04:45:50.392,1.27185,1.27188,1.00,3.00
2014.10.14 04:45:50.903,1.27185,1.27187,1.00,1.00
2014.10.14 04:45:51.409,1.27185,1.27188,1.00,3.00
2014.10.14 04:45:52.068,1.27185,1.27187,1.00,1.00
2014.10.14 04:45:52.577,1.27185,1.27188,1.50,3.00
2014.10.14 04:45:54.243,1.27185,1.27187,1.50,1.00
2014.10.14 04:45:55.149,1.27185,1.27188,1.50,2.25
2014.10.14 04:45:56.662,1.27185,1.27187,1.50,1.00
2014.10.14 04:45:57.203,1.27185,1.27188,1.00,2.25
2014.10.14 04:46:00.613,1.27185,1.27187,2.25,1.00
2014.10.14 04:46:01.224,1.27185,1.27188,2.25,2.25
2014.10.14 04:46:03.160,1.27185,1.27187,2.25,1.00
2014.10.14 04:46:03.667,1.27185,1.27188,1.00,2.85
2014.10.14 04:46:04.073,1.27184,1.27186,1.50,1.00
2014.10.14 04:46:04.377,1.27185,1.27188,1.00,3.00
2014.10.14 04:46:04.895,1.27185,1.27187,1.00,1.00
2014.10.14 04:46:05.401,1.27185,1.27188,1.00,3.00
2014.10.14 04:46:06.319,1.27185,1.27187,1.00,1.00
2014.10.14 04:46:07.138,1.27185,1.27188,1.00,3.00
2014.10.14 04:46:07.654,1.27185,1.27187,1.00,1.00
2014.10.14 04:46:08.162,1.27185,1.27188,1.00,3.00
2014.10.14 04:46:10.692,1.27185,1.27187,1.00,1.00
2014.10.14 04:46:11.352,1.27185,1.27188,1.00,2.25
2014.10.14 04:46:11.819,1.27184,1.27186,1.50,1.00
2014.10.14 04:46:14.044,1.27183,1.27186,1.00,1.00
2014.10.14 04:46:21.253,1.27182,1.27186,3.00,1.00
2014.10.14 04:46:24.558,1.27183,1.27186,1.00,1.00
2014.10.14 04:46:32.611,1.27184,1.27186,1.00,1.00
2014.10.14 04:46:33.117,1.27184,1.27187,3.00,1.00
2014.10.14 04:46:33.622,1.27185,1.27187,1.00,1.00
2014.10.14 04:46:34.198,1.27184,1.27187,3.75,1.00
2014.10.14 04:46:34.793,1.27185,1.27187,1.00,1.00
2014.10.14 04:46:36.037,1.27184,1.27187,3.75,1.00
2014.10.14 04:46:36.849,1.27185,1.27187,1.00,1.00
2014.10.14 04:46:37.361,1.27184,1.27187,3.75,1.00
2014.10.14 04:46:38.827,1.27185,1.27187,1.00,1.00
2014.10.14 04:46:39.377,1.27184,1.27187,3.75,1.00
2014.10.14 04:46:40.108,1.27185,1.27187,1.00,1.00
2014.10.14 04:46:40.650,1.27184,1.27187,3.75,1.00
2014.10.14 04:46:42.020,1.27184,1.27186,1.00,1.00
2014.10.14 04:46:42.534,1.27183,1.27186,1.50,1.00
2014.10.14 04:46:42.839,1.27186,1.27187,1.00,1.00
2014.10.14 04:46:43.383,1.27186,1.27188,1.00,1.50
2014.10.14 04:46:44.526,1.27187,1.27189,1.00,1.12
2014.10.14 04:46:44.679,1.27189,1.27191,2.25,1.50
2014.10.14 04:46:44.730,1.2719,1.27191,1.00,1.50
2014.10.14 04:46:44.882,1.27192,1.27194,3.00,1.00
2014.10.14 04:46:44.933,1.27193,1.27195,1.00,2.47
2014.10.14 04:46:45.338,1.27195,1.27198,1.00,1.00
2014.10.14 04:46:45.861,1.27195,1.27197,1.00,1.00
2014.10.14 04:46:53.053,1.27195,1.27199,2.25,2.25
2014.10.14 04:46:53.104,1.27198,1.27199,1.50,2.25
2014.10.14 04:46:53.256,1.272,1.27202,1.00,1.00
2014.10.14 04:46:53.611,1.27202,1.27204,1.00,1.00
2014.10.14 04:46:53.662,1.27203,1.27206,1.50,1.12
2014.10.14 04:46:54.168,1.27205,1.27207,1.00,1.50
2014.10.14 04:46:55.875,1.27207,1.27209,1.50,1.50
2014.10.14 04:46:56.360,1.27207,1.2721,8.55,1.50
2014.10.14 04:46:56.512,1.2721,1.27213,3.00,1.34
2014.10.14 04:46:56.563,1.27212,1.27214,1.00,1.12
2014.10.14 04:46:56.614,1.27212,1.27214,1.00,1.12
2014.10.14 04:46:57.121,1.27213,1.27215,1.50,1.00
2014.10.14 04:46:57.728,1.27211,1.27214,1.00,1.00
2014.10.14 04:46:57.779,1.2721,1.27212,1.50,2.25
2014.10.14 04:46:57.932,1.27209,1.2721,2.25,1.00
2014.10.14 04:46:57.984,1.27207,1.2721,1.50,1.87
2014.10.14 04:46:58.237,1.27205,1.27209,2.25,1.00
2014.10.14 04:47:00.093,1.27205,1.2721,2.25,1.50
2014.10.14 04:47:03.162,1.27206,1.2721,1.00,3.00
2014.10.14 04:47:04.365,1.27205,1.2721,3.00,4.12
2014.10.14 04:47:05.073,1.27205,1.27209,3.00,1.00
2014.10.14 04:47:05.477,1.27205,1.27211,3.00,4.50
2014.10.14 04:47:06.076,1.27206,1.27211,1.00,6.00
2014.10.14 04:47:06.583,1.27207,1.27211,2.25,3.00
2014.10.14 04:47:07.730,1.27207,1.2721,2.25,1.00
2014.10.14 04:47:08.236,1.27208,1.27212,1.50,1.50
2014.10.14 04:47:08.338,1.2721,1.27213,1.00,2.25
2014.10.14 04:47:08.440,1.2721,1.27215,2.25,4.12
2014.10.14 04:47:08.946,1.27211,1.27215,1.00,1.50
2014.10.14 04:47:10.183,1.27211,1.27216,1.00,4.87
2014.10.14 04:47:10.744,1.27211,1.27215,1.00,1.00
2014.10.14 04:47:11.353,1.27211,1.27216,1.00,4.87
2014.10.14 04:47:12.653,1.27212,1.27216,1.50,2.25
2014.10.14 04:47:15.401,1.27213,1.27217,1.00,2.25
2014.10.14 04:47:17.695,1.27213,1.27216,1.00,1.00
2014.10.14 04:47:18.384,1.27213,1.27215,1.00,1.00
2014.10.14 04:47:18.910,1.27212,1.27216,4.50,1.50
2014.10.14 04:47:20.643,1.27212,1.27215,1.50,1.00
2014.10.14 04:47:21.180,1.27213,1.27216,1.00,1.50
2014.10.14 04:47:21.888,1.27213,1.27215,1.00,1.00
2014.10.14 04:47:22.585,1.27213,1.27216,1.00,1.50
2014.10.14 04:47:23.124,1.27212,1.27216,1.50,1.50
2014.10.14 04:47:23.226,1.27212,1.27213,1.00,1.00
2014.10.14 04:47:23.530,1.27208,1.27209,1.50,2.25
2014.10.14 04:47:23.581,1.27205,1.27209,1.50,3.00
2014.10.14 04:47:23.632,1.27205,1.27207,1.00,1.50
2014.10.14 04:47:23.785,1.27202,1.27206,1.87,1.50
2014.10.14 04:47:29.691,1.27202,1.27205,2.25,1.00
2014.10.14 04:47:30.322,1.27202,1.27206,2.25,2.25
2014.10.14 04:47:31.119,1.27202,1.27205,2.25,1.00
2014.10.14 04:47:31.740,1.27202,1.27206,2.25,1.50
2014.10.14 04:47:37.494,1.27203,1.27206,1.00,1.00
2014.10.14 04:47:41.437,1.27202,1.27206,3.00,1.00
2014.10.14 04:47:42.669,1.27204,1.27207,1.00,1.00
2014.10.14 04:47:43.380,1.27204,1.27208,1.00,1.00
2014.10.14 04:47:57.393,1.27204,1.27206,1.00,1.00
2014.10.14 04:48:00.457,1.27202,1.27206,1.69,1.00
2014.10.14 04:48:04.658,1.27202,1.27205,2.29,1.00
2014.10.14 04:48:05.165,1.27201,1.27205,2.85,1.50
2014.10.14 04:48:07.693,1.27203,1.27205,1.00,2.25
2014.10.14 04:48:08.199,1.27203,1.27206,2.25,1.00
2014.10.14 04:48:16.220,1.27203,1.27206,1.69,1.00
2014.10.14 04:48:17.222,1.27203,1.27206,1.50,1.00
2014.10.14 04:48:28.065,1.27202,1.27206,4.87,1.00
2014.10.14 04:48:28.571,1.27202,1.27205,1.00,1.00
2014.10.14 04:48:33.930,1.27201,1.27205,4.50,1.00
2014.10.14 04:48:42.958,1.27202,1.27205,1.00,1.00
2014.10.14 04:48:45.891,1.27201,1.27205,1.00,1.00
2014.10.14 04:49:00.725,1.272,1.27203,1.50,1.50
2014.10.14 04:49:01.231,1.27199,1.27203,1.00,1.50
2014.10.14 04:49:01.616,1.27198,1.27201,3.94,1.00
2014.10.14 04:49:01.920,1.27196,1.27199,1.00,1.00
2014.10.14 04:49:02.478,1.27196,1.27198,1.00,1.00
2014.10.14 04:49:03.719,1.27195,1.27198,1.00,1.00
2014.10.14 04:49:04.222,1.27194,1.27198,1.00,1.50
2014.10.14 04:49:24.468,1.27194,1.27197,1.00,1.00
2014.10.14 04:49:27.831,1.27195,1.27198,1.50,1.50
2014.10.14 04:49:27.984,1.27198,1.27199,1.00,1.00
2014.10.14 04:49:28.243,1.27199,1.27201,2.25,1.50
2014.10.14 04:49:28.294,1.27199,1.27204,3.75,3.75
2014.10.14 04:49:28.345,1.27201,1.27204,1.00,3.00
2014.10.14 04:49:31.601,1.27201,1.27205,1.00,3.00
2014.10.14 04:49:31.904,1.27203,1.27205,1.00,1.50
2014.10.14 04:49:32.207,1.27203,1.27207,1.00,2.25
2014.10.14 04:49:33.556,1.27204,1.27207,1.50,1.00
2014.10.14 04:49:34.063,1.27205,1.27208,1.00,2.25
2014.10.14 04:49:36.505,1.27204,1.27208,1.00,2.25
2014.10.14 04:49:39.348,1.27207,1.27209,1.00,1.00
2014.10.14 04:49:39.500,1.27209,1.2721,1.00,2.25
2014.10.14 04:49:39.653,1.27209,1.27212,1.50,1.00
2014.10.14 04:49:39.906,1.27207,1.27211,1.00,3.00
2014.10.14 04:49:40.008,1.27206,1.27209,1.50,1.00
2014.10.14 04:49:40.312,1.27206,1.27207,1.00,1.00
2014.10.14 04:49:40.768,1.27203,1.27207,3.00,1.00
2014.10.14 04:50:00.533,1.27202,1.27207,1.00,1.00
2014.10.14 04:50:01.048,1.27201,1.27207,5.25,1.50
2014.10.14 04:50:06.383,1.27202,1.27207,1.00,1.50
2014.10.14 04:50:06.889,1.27201,1.27207,4.50,1.50
2014.10.14 04:50:08.330,1.27202,1.27207,1.00,1.50
2014.10.14 04:50:08.835,1.27203,1.27207,1.00,1.50
2014.10.14 04:50:09.362,1.27202,1.27207,2.25,2.25
2014.10.14 04:50:18.061,1.27203,1.27207,1.00,2.25
2014.10.14 04:50:18.916,1.27203,1.27206,2.25,1.12
2014.10.14 04:50:19.452,1.27203,1.27207,2.25,1.50
2014.10.14 04:50:22.461,1.27202,1.27207,2.25,2.25
2014.10.14 04:50:24.357,1.27203,1.27207,1.00,1.50
2014.10.14 04:50:27.487,1.27202,1.27207,3.00,1.50
2014.10.14 04:50:33.197,1.27205,1.27207,1.00,1.50
2014.10.14 04:50:33.248,1.27205,1.27209,1.50,3.00
2014.10.14 04:50:33.704,1.27207,1.27209,1.87,1.00
2014.10.14 04:50:33.755,1.27208,1.27211,1.00,1.50
2014.10.14 04:50:33.907,1.2721,1.27211,1.00,1.00
2014.10.14 04:50:34.060,1.2721,1.27214,1.50,4.12
2014.10.14 04:50:51.707,1.2721,1.27211,1.00,1.00
2014.10.14 04:50:51.809,1.27208,1.27211,1.50,1.50
2014.10.14 04:50:52.064,1.27206,1.27211,3.75,1.50
2014.10.14 04:50:55.781,1.27206,1.2721,3.00,1.50
2014.10.14 04:50:59.623,1.27207,1.2721,1.00,1.50
2014.10.14 04:50:59.775,1.27208,1.27212,3.75,1.50
2014.10.14 04:50:59.877,1.2721,1.27212,1.00,1.00
2014.10.14 04:51:01.672,1.27209,1.27212,1.50,1.00
2014.10.14 04:51:02.249,1.27209,1.27213,1.50,1.00
2014.10.14 04:51:12.179,1.2721,1.27213,1.00,1.00
2014.10.14 04:51:12.860,1.27211,1.27213,1.00,1.00
2014.10.14 04:51:26.790,1.2721,1.27211,1.00,1.00
2014.10.14 04:51:26.842,1.27208,1.27211,1.00,1.00
2014.10.14 04:51:26.943,1.27208,1.27209,1.50,1.50
2014.10.14 04:51:27.045,1.27206,1.27209,1.00,1.50
2014.10.14 04:51:27.578,1.27205,1.27208,1.50,1.00
2014.10.14 04:51:31.374,1.27205,1.27207,1.50,1.00
2014.10.14 04:51:31.475,1.27203,1.27207,1.50,1.00
2014.10.14 04:51:32.021,1.27202,1.27206,1.50,1.00
2014.10.14 04:51:33.838,1.27202,1.27207,2.25,1.50
2014.10.14 04:51:34.483,1.27202,1.27206,1.50,1.00
2014.10.14 04:51:46.222,1.27202,1.27207,1.50,1.00
2014.10.14 04:51:47.243,1.27203,1.27207,1.00,1.00
2014.10.14 04:51:47.750,1.27204,1.27208,1.00,1.50
2014.10.14 04:51:47.801,1.27206,1.27209,1.00,1.50
2014.10.14 04:51:48.106,1.27208,1.27211,2.25,1.00
2014.10.14 04:51:48.308,1.27205,1.27209,5.25,1.00
2014.10.14 04:51:48.814,1.27204,1.27208,2.25,1.50
2014.10.14 04:51:50.822,1.27206,1.27208,1.00,1.50
2014.10.14 04:51:56.733,1.27205,1.27208,1.00,1.50
2014.10.14 04:52:08.465,1.27204,1.27208,2.25,1.50
2014.10.14 04:52:08.799,1.27204,1.27207,2.25,1.00
2014.10.14 04:52:20.837,1.27203,1.27206,1.50,1.00
2014.10.14 04:52:21.345,1.27202,1.27206,3.75,1.00
2014.10.14 04:52:28.483,1.27202,1.27205,2.25,1.00
2014.10.14 04:52:28.989,1.27202,1.27204,1.00,1.00
2014.10.14 04:52:29.917,1.27201,1.27204,1.61,1.00
2014.10.14 04:52:34.833,1.272,1.27204,6.22,1.00
2014.10.14 04:52:35.299,1.27202,1.27204,1.00,1.00
2014.10.14 04:52:35.805,1.27201,1.27204,3.00,1.00
2014.10.14 04:52:36.326,1.27202,1.27204,1.00,1.00
2014.10.14 04:52:44.308,1.27201,1.27204,1.00,1.00
2014.10.14 04:52:48.516,1.27201,1.27205,2.25,1.00
2014.10.14 04:52:49.030,1.27201,1.27206,2.25,1.50
2014.10.14 04:53:06.035,1.27202,1.27206,1.00,1.50
2014.10.14 04:53:06.581,1.27203,1.27206,1.00,1.50
2014.10.14 04:53:12.178,1.27201,1.27203,5.10,2.62
2014.10.14 04:53:12.381,1.27202,1.27204,3.60,5.25
2014.10.14 04:53:12.888,1.27203,1.27205,1.50,1.00
2014.10.14 04:53:24.716,1.27202,1.27205,1.50,1.00
2014.10.14 04:53:26.252,1.27203,1.27205,1.50,1.00
2014.10.14 04:53:26.856,1.27202,1.27205,5.25,1.00
2014.10.14 04:53:27.530,1.27203,1.27205,1.50,1.00
2014.10.14 04:53:28.280,1.27204,1.27206,1.50,1.00
2014.10.14 04:53:30.482,1.27203,1.27205,1.50,1.00
2014.10.14 04:53:30.685,1.27201,1.27204,1.50,1.00
2014.10.14 04:53:31.193,1.27202,1.27203,1.00,1.00
2014.10.14 04:53:32.029,1.27202,1.27204,1.00,1.00
2014.10.14 04:53:38.943,1.27202,1.27203,1.00,1.00
2014.10.14 04:53:39.492,1.27201,1.27203,2.25,1.00
2014.10.14 04:53:39.745,1.27203,1.27206,1.50,2.25
2014.10.14 04:53:40.100,1.27204,1.27206,1.00,1.00
2014.10.14 04:53:54.417,1.27204,1.27206,1.50,1.00
2014.10.14 04:54:00.243,1.27202,1.27205,3.00,1.00
2014.10.14 04:54:00.752,1.27201,1.27205,1.50,3.00
2014.10.14 04:54:08.349,1.27203,1.27205,1.00,1.50
2014.10.14 04:54:12.431,1.27204,1.27205,1.00,1.00
2014.10.14 04:54:12.742,1.27205,1.27207,1.50,1.00
2014.10.14 04:54:14.668,1.27206,1.27208,1.00,1.00
2014.10.14 04:54:15.373,1.27206,1.27207,1.50,1.00
2014.10.14 04:54:16.109,1.27206,1.27208,1.50,1.00
2014.10.14 04:54:16.612,1.27207,1.27208,1.50,1.00
2014.10.14 04:54:21.022,1.27205,1.27208,3.75,1.50
2014.10.14 04:54:21.174,1.27207,1.27208,1.00,1.00
2014.10.14 04:54:22.585,1.27206,1.27208,1.00,1.00
2014.10.14 04:54:23.192,1.27204,1.27208,2.25,1.00
2014.10.14 04:54:25.714,1.27206,1.27208,1.00,1.00
2014.10.14 04:54:26.528,1.27207,1.27208,1.00,1.00
2014.10.14 04:54:27.398,1.27207,1.27209,1.00,2.25
2014.10.14 04:54:27.703,1.27209,1.27213,4.50,3.37
2014.10.14 04:54:28.008,1.27213,1.27215,1.50,1.50
2014.10.14 04:54:28.514,1.27212,1.27215,1.50,1.00
2014.10.14 04:54:30.416,1.27212,1.27216,2.25,3.00
2014.10.14 04:54:33.460,1.27213,1.27216,1.00,4.50
2014.10.14 04:54:33.814,1.27215,1.27216,1.00,2.25
2014.10.14 04:54:34.169,1.27216,1.27218,1.00,1.00
2014.10.14 04:54:36.865,1.27215,1.27218,1.50,1.00
2014.10.14 04:54:38.590,1.27216,1.27218,1.00,1.00
2014.10.14 04:54:39.495,1.27215,1.27218,1.50,1.00
2014.10.14 04:54:42.846,1.27214,1.27218,3.75,1.00
2014.10.14 04:54:43.856,1.27215,1.27218,1.00,1.00
2014.10.14 04:54:44.370,1.27214,1.27218,2.25,1.00
2014.10.14 04:54:44.877,1.27215,1.27218,1.50,1.00
2014.10.14 04:54:45.383,1.27214,1.27218,1.00,1.50
2014.10.14 04:54:47.610,1.27214,1.27216,1.00,1.00
2014.10.14 04:54:47.712,1.27212,1.27216,2.25,1.00
2014.10.14 04:54:48.218,1.27213,1.27216,1.00,1.00
2014.10.14 04:54:50.493,1.27212,1.27216,1.50,1.50
2014.10.14 04:54:53.757,1.27211,1.27214,2.25,1.00
2014.10.14 04:54:56.063,1.27212,1.27214,1.00,1.00
2014.10.14 04:54:56.569,1.27211,1.27214,1.50,1.00
2014.10.14 04:54:57.074,1.2721,1.27214,2.62,1.00
2014.10.14 04:54:57.721,1.27211,1.27214,1.00,1.00
2014.10.14 04:54:58.380,1.2721,1.27214,3.00,1.00
2014.10.14 04:55:03.504,1.2721,1.27213,1.00,1.87
2014.10.14 04:55:03.807,1.27206,1.27208,1.00,1.50
2014.10.14 04:55:03.909,1.27203,1.27208,1.20,1.50
2014.10.14 04:55:04.010,1.27202,1.27208,3.00,2.25
2014.10.14 04:55:04.554,1.27202,1.27207,2.25,1.00
2014.10.14 04:55:07.619,1.27203,1.27208,1.00,1.50
2014.10.14 04:55:09.909,1.27204,1.27208,1.00,1.50
2014.10.14 04:55:18.101,1.27205,1.27208,1.00,1.50
2014.10.14 04:55:24.348,1.27204,1.27208,1.50,1.50
2014.10.14 04:55:24.889,1.27204,1.27207,1.00,1.50
2014.10.14 04:55:25.394,1.27203,1.27207,1.00,6.19
2014.10.14 04:55:27.268,1.27202,1.27206,1.00,1.00
2014.10.14 04:55:27.929,1.27202,1.27206,1.00,3.19
2014.10.14 04:55:28.814,1.27202,1.27204,1.00,1.00
2014.10.14 04:55:28.967,1.272,1.27204,2.25,1.50
2014.10.14 04:55:38.390,1.27201,1.27204,1.00,2.25
2014.10.14 04:55:38.896,1.272,1.27204,1.00,4.69
2014.10.14 04:55:39.763,1.272,1.27204,1.00,2.44
2014.10.14 04:55:41.755,1.272,1.27204,1.00,4.69
2014.10.14 04:55:43.112,1.27201,1.27204,1.00,3.94
2014.10.14 04:55:43.618,1.27201,1.27204,1.50,1.00
2014.10.14 04:55:47.283,1.27202,1.27204,1.00,1.00
2014.10.14 04:55:49.432,1.27202,1.27205,1.00,1.50
2014.10.14 04:55:49.635,1.27204,1.27206,1.00,1.69
2014.10.14 04:55:49.736,1.27204,1.27208,1.00,4.69
2014.10.14 04:55:50.242,1.27204,1.27207,1.00,1.00
2014.10.14 04:55:53.183,1.27204,1.27208,1.00,6.19
2014.10.14 04:55:53.689,1.27205,1.27207,1.00,1.69
2014.10.14 04:55:54.195,1.27206,1.27207,1.00,1.50
2014.10.14 04:55:54.700,1.27205,1.27208,3.00,3.00
2014.10.14 04:55:55.951,1.27206,1.27208,1.00,1.50
2014.10.14 04:55:56.793,1.27205,1.27208,4.50,1.50
2014.10.14 04:55:57.417,1.27206,1.27208,1.00,1.50
2014.10.14 04:55:58.206,1.27205,1.27208,7.72,1.50
2014.10.14 04:55:58.735,1.27206,1.27208,1.00,1.50
2014.10.14 04:55:59.243,1.27205,1.27208,5.62,1.50
2014.10.14 04:56:12.736,1.27206,1.27208,1.00,1.69
2014.10.14 04:56:12.841,1.27207,1.2721,1.50,4.12
2014.10.14 04:56:13.146,1.27216,1.27217,1.54,1.00
2014.10.14 04:56:13.652,1.27217,1.27218,1.00,1.00
2014.10.14 04:56:15.139,1.27217,1.27219,2.80,1.00
2014.10.14 04:56:15.240,1.27219,1.27221,1.00,1.00
2014.10.14 04:56:15.342,1.2722,1.27223,1.00,2.62
2014.10.14 04:56:15.393,1.27222,1.27223,1.00,2.25
2014.10.14 04:56:15.494,1.27222,1.27226,2.25,1.00
2014.10.14 04:56:15.595,1.27224,1.27227,1.00,1.00
2014.10.14 04:56:15.849,1.27222,1.27227,3.75,1.00
2014.10.14 04:56:16.203,1.27222,1.27225,1.50,1.00
2014.10.14 04:56:16.709,1.27222,1.27226,1.50,2.25
2014.10.14 04:56:17.214,1.27221,1.27225,1.50,1.50
2014.10.14 04:56:17.715,1.27222,1.27225,1.00,1.00
2014.10.14 04:56:18.221,1.27221,1.27225,1.50,1.50
2014.10.14 04:56:20.099,1.27222,1.27225,1.00,1.50
2014.10.14 04:56:21.880,1.27223,1.27225,1.00,2.25
2014.10.14 04:56:22.083,1.27222,1.27225,1.00,1.50
2014.10.14 04:56:22.184,1.27223,1.27225,1.00,2.25
2014.10.14 04:56:22.488,1.27224,1.27227,1.00,2.62
2014.10.14 04:56:23.027,1.27224,1.27226,1.00,1.00
2014.10.14 04:56:23.657,1.27224,1.27227,1.00,2.25
2014.10.14 04:56:24.965,1.27223,1.27227,1.00,2.25
2014.10.14 04:56:27.718,1.27223,1.27226,1.00,1.50
2014.10.14 04:56:27.820,1.27223,1.27224,1.00,1.00
2014.10.14 04:56:31.341,1.2722,1.27224,3.75,1.50
2014.10.14 04:56:32.273,1.2722,1.27223,1.00,1.00
2014.10.14 04:56:33.402,1.2722,1.27224,1.50,4.50
2014.10.14 04:56:34.925,1.27219,1.27222,3.00,1.00
2014.10.14 04:56:35.230,1.27217,1.2722,2.25,2.62
2014.10.14 04:56:42.260,1.27217,1.27219,1.00,1.00
2014.10.14 04:56:46.017,1.27218,1.27219,1.00,1.00
2014.10.14 04:56:46.170,1.2722,1.27223,1.50,1.00
2014.10.14 04:56:46.221,1.2722,1.27222,1.50,1.00
2014.10.14 04:56:46.323,1.27221,1.27224,1.00,3.00
2014.10.14 04:56:46.576,1.27223,1.27224,1.00,1.50
2014.10.14 04:56:46.678,1.27223,1.27227,1.00,3.94
2014.10.14 04:56:48.519,1.27223,1.27226,1.00,1.00
2014.10.14 04:56:51.538,1.27224,1.27227,1.50,2.25
2014.10.14 04:56:52.571,1.27225,1.27227,1.00,1.50
2014.10.14 04:56:53.104,1.27224,1.27227,2.25,1.50
2014.10.14 04:56:55.000,1.27223,1.27227,1.00,1.50
2014.10.14 04:56:55.404,1.27225,1.27227,1.00,1.50
2014.10.14 04:56:55.946,1.27224,1.27227,1.50,1.50
2014.10.14 04:56:56.547,1.27225,1.27227,1.00,1.50
2014.10.14 04:56:57.331,1.27224,1.27227,1.50,1.50
2014.10.14 04:56:57.890,1.27224,1.27226,2.25,1.00
2014.10.14 04:56:58.476,1.27225,1.27226,1.00,1.00
2014.10.14 04:56:59.392,1.27224,1.27226,1.50,1.00
2014.10.14 04:56:59.922,1.27225,1.27227,1.00,2.25
2014.10.14 04:57:00.469,1.27226,1.27227,1.00,1.50
2014.10.14 04:57:00.571,1.27224,1.27227,2.25,2.25
2014.10.14 04:57:01.092,1.27223,1.27227,2.25,2.25
2014.10.14 04:57:04.797,1.27223,1.27226,1.50,1.00
2014.10.14 04:57:04.898,1.27222,1.27224,1.00,1.00
2014.10.14 04:57:06.709,1.27221,1.27224,3.75,1.00
2014.10.14 04:57:08.031,1.27223,1.27225,1.00,1.00
2014.10.14 04:57:14.505,1.27223,1.27226,1.00,1.50
2014.10.14 04:57:15.985,1.27223,1.27225,1.00,1.00
2014.10.14 04:57:16.440,1.27222,1.27224,1.00,1.00
2014.10.14 04:57:16.693,1.27224,1.27226,1.00,2.25
2014.10.14 04:57:18.167,1.27225,1.27227,1.00,1.50
2014.10.14 04:57:18.421,1.27226,1.27228,2.62,1.50
2014.10.14 04:57:18.726,1.27228,1.2723,1.00,1.00
2014.10.14 04:57:18.777,1.27229,1.2723,1.00,1.00
2014.10.14 04:57:18.880,1.27227,1.2723,2.25,1.50
2014.10.14 04:57:18.930,1.27229,1.2723,1.00,1.50
2014.10.14 04:57:19.185,1.27228,1.27232,1.00,3.00
2014.10.14 04:57:19.692,1.27226,1.27231,1.00,3.75
2014.10.14 04:57:19.845,1.27225,1.27229,1.00,1.00
2014.10.14 04:57:20.199,1.27225,1.27227,1.00,1.50
2014.10.14 04:57:24.205,1.27224,1.27227,1.00,1.00
2014.10.14 04:57:24.724,1.27223,1.27227,1.00,1.50
2014.10.14 04:57:29.161,1.27222,1.27225,1.00,1.00
2014.10.14 04:57:31.985,1.27221,1.27225,3.00,1.00
2014.10.14 04:57:48.932,1.27222,1.27225,1.00,2.25
2014.10.14 04:57:49.441,1.27221,1.27225,1.50,3.00
2014.10.14 04:57:55.000,1.27221,1.27224,1.50,1.00
2014.10.14 04:57:56.586,1.27221,1.27225,1.50,3.75
2014.10.14 04:58:08.004,1.27222,1.27225,1.00,1.50
2014.10.14 04:58:23.845,1.27222,1.27224,1.00,1.00
2014.10.14 04:58:24.350,1.27222,1.27225,1.00,1.50
2014.10.14 04:58:24.502,1.27219,1.27223,3.00,1.50
2014.10.14 04:58:26.151,1.27221,1.27223,1.00,2.25
2014.10.14 04:58:27.388,1.27222,1.27223,1.00,1.00
2014.10.14 04:58:28.075,1.27222,1.27225,1.00,1.50
2014.10.14 04:58:28.583,1.27223,1.27225,1.00,1.50
2014.10.14 04:58:29.997,1.27222,1.27225,1.00,2.25
2014.10.14 04:58:32.328,1.27221,1.27225,2.25,1.00
2014.10.14 04:58:41.954,1.27222,1.27225,1.00,1.00
2014.10.14 04:58:42.157,1.27223,1.27227,1.87,3.75
2014.10.14 04:58:42.663,1.27224,1.27227,2.25,3.75
2014.10.14 04:58:43.298,1.27225,1.27227,1.00,3.75
2014.10.14 04:58:43.884,1.27224,1.27227,2.25,3.00
2014.10.14 04:58:44.407,1.27225,1.27227,1.00,3.00
2014.10.14 04:58:45.068,1.27224,1.27227,2.25,3.00
2014.10.14 04:58:45.682,1.27225,1.27227,1.00,3.00
2014.10.14 04:58:46.381,1.27224,1.27227,2.25,3.00
2014.10.14 04:58:46.937,1.27225,1.27227,1.00,3.00
2014.10.14 04:58:47.629,1.27224,1.27227,1.50,2.25
2014.10.14 04:58:48.176,1.27225,1.27227,1.00,2.25
2014.10.14 04:58:48.718,1.27224,1.27227,4.12,2.25
2014.10.14 04:58:49.232,1.27225,1.27227,1.00,2.25
2014.10.14 04:58:49.775,1.27224,1.27227,4.12,2.25
2014.10.14 04:58:50.297,1.27225,1.27227,1.00,1.50
2014.10.14 04:58:51.485,1.27224,1.27227,5.62,1.50
2014.10.14 04:58:52.238,1.27225,1.27227,1.00,2.25
2014.10.14 04:58:52.896,1.27224,1.27227,5.62,1.50
2014.10.14 04:58:53.407,1.27225,1.27227,1.50,1.50
2014.10.14 04:58:56.856,1.27224,1.27227,1.50,1.50
2014.10.14 04:59:04.592,1.27225,1.27227,1.00,1.00
2014.10.14 04:59:05.229,1.27224,1.27227,2.25,1.00
2014.10.14 04:59:06.112,1.27225,1.27227,1.00,1.00
2014.10.14 04:59:08.274,1.27224,1.27227,3.00,1.00
2014.10.14 04:59:09.590,1.27225,1.27227,1.00,1.00
2014.10.14 04:59:10.096,1.27224,1.27227,3.00,1.00
2014.10.14 04:59:10.610,1.27225,1.27227,1.00,1.00
2014.10.14 04:59:11.232,1.27224,1.27227,3.00,1.00
2014.10.14 04:59:11.928,1.27225,1.27227,1.00,1.00
2014.10.14 04:59:12.623,1.27224,1.27227,3.00,1.00
2014.10.14 04:59:13.550,1.27225,1.27227,1.00,2.10
2014.10.14 04:59:14.062,1.27226,1.27227,1.50,2.10
2014.10.14 04:59:14.570,1.27226,1.27228,1.00,3.04
2014.10.14 04:59:16.042,1.27226,1.27228,1.00,3.04
2014.10.14 04:59:16.755,1.27226,1.27228,1.50,2.10
2014.10.14 04:59:17.269,1.27225,1.27227,1.00,2.10
2014.10.14 04:59:26.140,1.27225,1.27227,1.00,3.04
2014.10.14 04:59:32.110,1.27225,1.27227,1.00,1.69
2014.10.14 04:59:34.664,1.27224,1.27227,1.50,1.69
2014.10.14 04:59:34.817,1.27224,1.27226,1.50,1.37
2014.10.14 04:59:34.970,1.27222,1.27225,1.50,2.62
2014.10.14 04:59:35.476,1.27222,1.27224,1.50,1.25
2014.10.14 04:59:39.274,1.27222,1.27225,1.50,1.25
2014.10.14 04:59:55.495,1.27222,1.27226,1.50,2.25
