2008.11.26 09:00:00.162,1.3002,1.30025,1.40,22.70
2008.11.26 09:00:00.272,1.30015,1.3002,1.40,12.00
2008.11.26 09:00:00.903,1.3002,1.30025,1.40,12.80
2008.11.26 09:00:01.242,1.30015,1.3002,1.40,6.40
2008.11.26 09:00:02.222,1.30025,1.3003,5.00,11.20
2008.11.26 09:00:02.582,1.30035,1.30045,5.60,21.80
2008.11.26 09:00:03.042,1.30035,1.3004,5.60,6.40
2008.11.26 09:00:03.532,1.30035,1.3004,8.00,6.40
2008.11.26 09:00:03.752,1.3003,1.30035,17.40,2.40
2008.11.26 09:00:04.211,1.3003,1.30035,15.20,2.40
2008.11.26 09:00:04.492,1.3002,1.3003,21.10,8.80
2008.11.26 09:00:05.192,1.30025,1.3003,4.60,6.40
2008.11.26 09:00:05.871,1.3003,1.30035,7.20,12.00
2008.11.26 09:00:06.101,1.3002,1.3003,15.20,18.40
2008.11.26 09:00:07.890,1.3002,1.3003,15.20,26.40
2008.11.26 09:00:08.811,1.3002,1.3003,7.20,26.40
2008.11.26 09:00:09.800,1.3003,1.30035,4.00,31.60
2008.11.26 09:00:10.150,1.3003,1.3004,19.80,12.80
2008.11.26 09:00:10.680,1.3003,1.30035,15.20,12.00
2008.11.26 09:00:10.980,1.3003,1.30035,7.20,12.00
2008.11.26 09:00:11.900,1.3003,1.30035,7.20,6.40
2008.11.26 09:00:13.109,1.3003,1.30035,7.20,8.80
2008.11.26 09:00:13.519,1.3003,1.30035,7.20,12.00
2008.11.26 09:00:13.809,1.3002,1.30025,9.10,8.80
2008.11.26 09:00:14.149,1.3001,1.3002,20.40,11.40
2008.11.26 09:00:14.509,1.3002,1.30025,1.00,18.80
2008.11.26 09:00:14.919,1.3002,1.30025,7.20,29.60
2008.11.26 09:00:15.369,1.3002,1.30025,8.60,12.30
2008.11.26 09:00:15.669,1.3002,1.30025,11.00,8.00
2008.11.26 09:00:16.009,1.3002,1.30025,13.80,8.00
2008.11.26 09:00:16.369,1.3003,1.30035,7.20,8.00
2008.11.26 09:00:17.639,1.3003,1.3004,9.60,17.60
2008.11.26 09:00:17.918,1.3004,1.30045,11.80,8.00
2008.11.26 09:00:18.328,1.3004,1.30045,12.20,8.00
2008.11.26 09:00:18.618,1.3004,1.3005,12.20,21.00
2008.11.26 09:00:19.138,1.30045,1.3005,1.00,16.00
2008.11.26 09:00:19.478,1.3005,1.3006,20.00,8.10
2008.11.26 09:00:19.768,1.3005,1.3006,21.80,6.40
2008.11.26 09:00:20.528,1.30055,1.3006,3.80,6.40
2008.11.26 09:00:20.997,1.3006,1.30065,7.20,8.00
2008.11.26 09:00:21.508,1.3006,1.3007,9.80,24.80
2008.11.26 09:00:21.787,1.3006,1.30065,7.20,8.00
2008.11.26 09:00:22.357,1.3006,1.30065,7.20,16.80
2008.11.26 09:00:22.657,1.3005,1.3006,21.80,6.40
2008.11.26 09:00:23.007,1.3006,1.30065,7.00,9.40
2008.11.26 09:00:23.417,1.3006,1.30065,7.00,8.00
2008.11.26 09:00:23.638,1.3006,1.30065,7.00,9.60
2008.11.26 09:00:24.267,1.3006,1.30065,7.00,8.00
2008.11.26 09:00:24.947,1.3006,1.30065,7.00,12.80
2008.11.26 09:00:25.296,1.3006,1.30065,6.40,20.00
2008.11.26 09:00:25.756,1.3006,1.30065,6.40,28.00
2008.11.26 09:00:26.046,1.3005,1.3006,9.60,8.00
2008.11.26 09:00:26.166,1.30045,1.3006,28.40,14.40
2008.11.26 09:00:26.576,1.3005,1.3006,13.20,14.40
2008.11.26 09:00:26.926,1.30055,1.3006,3.20,6.40
2008.11.26 09:00:27.846,1.30045,1.3005,14.00,8.00
2008.11.26 09:00:28.006,1.30045,1.3005,6.00,14.40
2008.11.26 09:00:28.296,1.3005,1.30055,7.80,8.70
2008.11.26 09:00:28.536,1.3005,1.3006,10.20,13.00
2008.11.26 09:00:28.826,1.3005,1.3006,13.00,17.60
2008.11.26 09:00:29.175,1.3005,1.3006,13.00,14.40
2008.11.26 09:00:29.745,1.3005,1.3006,10.60,17.60
2008.11.26 09:00:30.075,1.3005,1.3006,18.60,17.60
2008.11.26 09:00:30.355,1.30055,1.3006,3.20,14.40
2008.11.26 09:00:30.985,1.30055,1.3006,3.20,6.40
2008.11.26 09:00:32.275,1.3006,1.30065,6.40,10.40
2008.11.26 09:00:33.525,1.3006,1.30065,6.40,14.20
2008.11.26 09:00:33.865,1.3005,1.3006,13.00,14.40
2008.11.26 09:00:34.564,1.30055,1.3006,1.40,14.40
2008.11.26 09:00:34.784,1.3006,1.30065,5.60,18.00
2008.11.26 09:00:35.134,1.3006,1.30065,6.80,16.80
2008.11.26 09:00:35.434,1.3006,1.30065,6.40,10.40
2008.11.26 09:00:36.184,1.30055,1.3006,1.60,24.20
2008.11.26 09:00:36.474,1.3005,1.30055,1.40,12.80
2008.11.26 09:00:36.874,1.3005,1.30055,8.80,8.00
2008.11.26 09:00:37.114,1.30055,1.3006,3.20,13.70
2008.11.26 09:00:37.514,1.30045,1.3006,19.40,24.00
2008.11.26 09:00:37.923,1.3005,1.3006,6.40,24.00
2008.11.26 09:00:38.443,1.3005,1.30055,6.40,20.00
2008.11.26 09:00:38.784,1.3005,1.30055,6.40,12.30
2008.11.26 09:00:39.083,1.3005,1.30055,6.40,11.60
2008.11.26 09:00:39.603,1.30035,1.30045,17.20,15.00
2008.11.26 09:00:40.053,1.30025,1.3004,28.20,17.60
2008.11.26 09:00:40.443,1.3003,1.3004,12.80,14.40
2008.11.26 09:00:41.703,1.3004,1.3005,12.60,14.40
2008.11.26 09:00:42.732,1.3004,1.3005,11.20,19.40
2008.11.26 09:00:42.962,1.3004,1.3005,8.80,21.80
2008.11.26 09:00:43.252,1.3004,1.3005,12.80,22.40
2008.11.26 09:00:43.482,1.3003,1.3004,13.20,14.40
2008.11.26 09:00:45.562,1.30025,1.3003,12.80,8.00
2008.11.26 09:00:45.852,1.30025,1.3003,7.20,14.40
2008.11.26 09:00:46.242,1.3003,1.30035,1.00,21.20
2008.11.26 09:00:46.581,1.3003,1.30035,1.00,11.10
2008.11.26 09:00:46.921,1.3003,1.30035,1.80,10.40
2008.11.26 09:00:47.441,1.3003,1.3004,13.00,14.40
2008.11.26 09:00:47.841,1.3003,1.30035,6.60,8.00
2008.11.26 09:00:48.601,1.3003,1.3004,8.20,20.00
2008.11.26 09:00:48.901,1.3003,1.3004,10.60,16.80
2008.11.26 09:00:49.071,1.3003,1.3004,9.40,21.80
2008.11.26 09:00:49.471,1.3003,1.3004,6.80,25.00
2008.11.26 09:00:49.811,1.3003,1.30035,6.60,8.00
2008.11.26 09:00:50.270,1.3003,1.3004,8.20,20.00
2008.11.26 09:00:50.631,1.3003,1.3004,10.80,14.40
2008.11.26 09:00:55.299,1.3003,1.3004,18.80,14.40
2008.11.26 09:00:56.280,1.30035,1.3004,1.40,6.40
2008.11.26 09:00:56.789,1.3004,1.30045,6.40,14.80
2008.11.26 09:00:57.179,1.3003,1.3004,10.80,14.40
2008.11.26 09:00:57.509,1.3003,1.30035,6.80,8.00
2008.11.26 09:00:57.849,1.3003,1.3004,1.00,15.60
2008.11.26 09:00:58.239,1.3003,1.3004,6.60,25.00
2008.11.26 09:00:58.409,1.3003,1.30035,8.00,8.00
2008.11.26 09:00:58.638,1.3003,1.30035,8.20,8.00
2008.11.26 09:00:59.048,1.3003,1.30035,10.60,8.00
2008.11.26 09:00:59.928,1.3003,1.3004,18.60,6.40
2008.11.26 09:01:00.378,1.3003,1.3004,18.40,6.40
2008.11.26 09:01:00.778,1.3003,1.3004,6.40,25.00
2008.11.26 09:01:01.128,1.3003,1.30035,6.40,8.00
2008.11.26 09:01:01.988,1.3003,1.30035,6.40,8.00
2008.11.26 09:01:02.288,1.3003,1.3004,10.40,14.40
2008.11.26 09:01:02.688,1.3003,1.3004,8.80,14.40
2008.11.26 09:01:03.567,1.30025,1.3003,1.20,14.40
2008.11.26 09:01:03.807,1.3002,1.3003,18.40,14.40
2008.11.26 09:01:04.857,1.3002,1.3003,19.20,14.40
2008.11.26 09:01:05.377,1.3002,1.3003,19.60,14.40
2008.11.26 09:01:06.117,1.3002,1.3003,11.60,14.40
2008.11.26 09:01:06.737,1.3002,1.3003,19.60,6.40
2008.11.26 09:01:08.256,1.3002,1.3003,11.60,14.40
2008.11.26 09:01:08.857,1.3002,1.3003,11.40,16.80
2008.11.26 09:01:09.256,1.3002,1.3003,7.40,25.00
2008.11.26 09:01:10.006,1.3002,1.3003,11.40,17.60
2008.11.26 09:01:10.635,1.30025,1.3003,3.20,14.40
2008.11.26 09:01:10.925,1.30025,1.3003,3.20,6.40
2008.11.26 09:01:11.325,1.3002,1.3003,15.20,17.00
2008.11.26 09:01:11.595,1.3002,1.3003,8.60,17.60
2008.11.26 09:01:11.925,1.3002,1.3003,11.00,14.40
2008.11.26 09:01:12.315,1.30025,1.3003,1.60,6.40
2008.11.26 09:01:12.815,1.30025,1.3003,4.60,6.40
2008.11.26 09:01:13.215,1.30025,1.3003,3.20,6.40
2008.11.26 09:01:13.435,1.3002,1.3003,19.00,6.40
2008.11.26 09:01:13.895,1.30025,1.3003,1.60,6.40
2008.11.26 09:01:14.175,1.30025,1.3003,4.60,6.40
2008.11.26 09:01:14.295,1.30025,1.3003,3.20,6.40
2008.11.26 09:01:15.404,1.30025,1.3003,3.20,11.40
2008.11.26 09:01:15.744,1.3002,1.3003,9.60,19.40
2008.11.26 09:01:15.984,1.3002,1.3003,13.40,14.40
2008.11.26 09:01:16.384,1.30025,1.3003,4.60,6.40
2008.11.26 09:01:16.894,1.3002,1.3003,19.00,6.40
2008.11.26 09:01:17.234,1.3002,1.3003,19.00,6.40
2008.11.26 09:01:17.754,1.3002,1.3003,8.60,17.60
2008.11.26 09:01:18.144,1.30025,1.3003,1.60,14.40
2008.11.26 09:01:18.434,1.30025,1.3003,4.60,6.40
2008.11.26 09:01:18.724,1.30025,1.3003,11.00,6.40
2008.11.26 09:01:19.114,1.3003,1.3004,3.20,12.80
2008.11.26 09:01:19.353,1.3003,1.3004,8.80,19.40
2008.11.26 09:01:19.833,1.3003,1.3004,8.80,23.20
2008.11.26 09:01:20.183,1.3003,1.30035,6.40,2.40
2008.11.26 09:01:20.713,1.3003,1.30035,6.40,12.00
2008.11.26 09:01:20.993,1.3003,1.30035,6.40,20.00
2008.11.26 09:01:22.063,1.3002,1.30025,9.00,16.80
2008.11.26 09:01:22.932,1.3002,1.30025,6.60,12.80
2008.11.26 09:01:23.263,1.3002,1.3003,6.60,25.00
2008.11.26 09:01:24.682,1.3002,1.30025,6.60,8.00
2008.11.26 09:01:25.813,1.3002,1.3003,6.60,25.00
2008.11.26 09:01:25.922,1.3002,1.30025,6.60,2.40
2008.11.26 09:01:26.152,1.3002,1.30025,6.60,16.80
2008.11.26 09:01:26.492,1.3002,1.30025,1.00,12.80
2008.11.26 09:01:27.002,1.3002,1.3003,6.60,25.00
2008.11.26 09:01:27.522,1.30035,1.3004,12.80,30.20
2008.11.26 09:01:27.872,1.30035,1.3004,17.60,13.90
2008.11.26 09:01:28.202,1.30035,1.3004,17.60,16.00
2008.11.26 09:01:28.541,1.30035,1.3004,17.60,12.80
2008.11.26 09:01:29.711,1.30035,1.3004,16.00,12.80
2008.11.26 09:01:30.171,1.30035,1.3004,12.80,12.80
2008.11.26 09:01:30.411,1.30035,1.3004,4.80,12.80
2008.11.26 09:01:30.861,1.30035,1.3004,12.80,6.40
2008.11.26 09:01:31.091,1.30035,1.3004,4.80,6.40
2008.11.26 09:01:32.090,1.3004,1.30045,22.40,5.60
2008.11.26 09:01:32.590,1.30045,1.3005,8.00,18.40
2008.11.26 09:01:33.000,1.3004,1.3005,31.20,8.00
2008.11.26 09:01:33.300,1.3004,1.3005,37.60,8.00
2008.11.26 09:01:33.590,1.3005,1.30055,8.80,8.00
2008.11.26 09:01:33.870,1.3005,1.3006,8.80,20.80
2008.11.26 09:01:35.130,1.3005,1.30055,8.80,6.40
2008.11.26 09:01:35.600,1.3005,1.3006,6.40,26.40
2008.11.26 09:01:35.880,1.3005,1.3006,16.80,6.40
2008.11.26 09:01:36.849,1.3005,1.3006,8.80,16.80
2008.11.26 09:01:37.149,1.3005,1.3006,6.40,17.60
2008.11.26 09:01:37.589,1.3005,1.3006,8.80,14.40
2008.11.26 09:01:37.819,1.3005,1.30055,8.80,8.00
2008.11.26 09:01:38.439,1.3005,1.30055,6.40,8.00
2008.11.26 09:01:38.599,1.30045,1.3005,7.60,8.00
2008.11.26 09:01:38.829,1.3004,1.3005,24.80,14.40
2008.11.26 09:01:38.999,1.30045,1.3005,1.40,14.40
2008.11.26 09:01:39.399,1.30045,1.3005,4.60,14.40
2008.11.26 09:01:39.689,1.3005,1.30055,5.40,12.00
2008.11.26 09:01:40.138,1.3005,1.3006,18.20,14.40
2008.11.26 09:01:40.468,1.3005,1.3006,8.80,19.40
2008.11.26 09:01:40.748,1.3005,1.30055,8.80,8.00
2008.11.26 09:01:47.927,1.3005,1.3006,8.80,20.80
2008.11.26 09:01:48.037,1.3005,1.3006,12.80,14.40
2008.11.26 09:01:48.277,1.30055,1.3006,3.20,14.40
2008.11.26 09:01:48.506,1.3006,1.30065,6.40,16.00
2008.11.26 09:01:48.736,1.3006,1.30065,6.40,11.00
2008.11.26 09:01:49.076,1.3006,1.30065,8.80,8.00
2008.11.26 09:01:49.516,1.3006,1.30065,6.40,8.00
2008.11.26 09:01:53.695,1.3006,1.30065,8.80,8.00
2008.11.26 09:01:53.815,1.3006,1.3007,8.80,23.60
2008.11.26 09:01:54.095,1.3006,1.3007,6.40,26.80
2008.11.26 09:01:55.975,1.3006,1.3007,18.40,6.80
2008.11.26 09:01:56.095,1.3007,1.30075,6.40,8.30
2008.11.26 09:01:58.464,1.3007,1.30075,8.80,5.10
2008.11.26 09:01:58.574,1.30065,1.3007,17.80,1.00
2008.11.26 09:01:59.284,1.3007,1.30075,6.40,6.10
2008.11.26 09:02:00.144,1.30065,1.3007,1.00,6.80
2008.11.26 09:02:00.384,1.3007,1.30075,6.40,4.90
2008.11.26 09:02:01.733,1.3007,1.30075,10.20,8.00
2008.11.26 09:02:02.063,1.3008,1.30085,6.40,5.20
2008.11.26 09:02:02.423,1.3008,1.3009,6.40,25.00
2008.11.26 09:02:03.283,1.3008,1.3009,7.80,20.00
2008.11.26 09:02:03.513,1.3008,1.3009,7.80,20.00
2008.11.26 09:02:03.973,1.3008,1.3009,10.40,14.40
2008.11.26 09:02:05.092,1.30095,1.301,1.40,17.50
2008.11.26 09:02:05.432,1.301,1.3011,3.20,21.10
2008.11.26 09:02:05.882,1.30115,1.3012,5.40,24.10
2008.11.26 09:02:06.452,1.3012,1.30135,11.60,19.20
2008.11.26 09:02:06.862,1.30125,1.30135,1.40,14.40
2008.11.26 09:02:07.142,1.3013,1.30145,6.40,26.40
2008.11.26 09:02:07.552,1.3013,1.3014,7.80,19.20
2008.11.26 09:02:08.012,1.3013,1.3014,10.40,14.40
2008.11.26 09:02:08.742,1.3014,1.30145,4.00,19.60
2008.11.26 09:02:09.141,1.3014,1.30145,9.40,9.20
2008.11.26 09:02:09.381,1.3014,1.30145,15.80,3.20
2008.11.26 09:02:10.111,1.3014,1.3015,8.80,31.20
2008.11.26 09:02:10.471,1.30135,1.3014,10.40,6.40
2008.11.26 09:02:10.651,1.3013,1.3014,16.80,12.80
2008.11.26 09:02:10.881,1.3013,1.3014,16.80,20.80
2008.11.26 09:02:11.241,1.3013,1.3014,16.80,22.40
2008.11.26 09:02:11.851,1.3013,1.3014,16.80,20.80
2008.11.26 09:02:12.191,1.30135,1.3014,8.00,8.00
2008.11.26 09:02:12.710,1.3014,1.3015,8.80,13.90
2008.11.26 09:02:13.050,1.3014,1.3015,16.80,19.40
2008.11.26 09:02:13.400,1.3014,1.30145,6.40,7.20
2008.11.26 09:02:13.810,1.3014,1.30145,6.40,13.60
2008.11.26 09:02:14.160,1.3014,1.30145,6.40,10.40
2008.11.26 09:02:14.570,1.3013,1.3014,18.40,14.40
2008.11.26 09:02:16.310,1.30125,1.3013,1.20,14.40
2008.11.26 09:02:16.720,1.3012,1.3013,16.80,20.80
2008.11.26 09:02:17.240,1.3012,1.3013,16.80,16.00
2008.11.26 09:02:17.639,1.30115,1.3014,9.60,6.40
2008.11.26 09:02:17.969,1.30115,1.30145,6.40,8.00
2008.11.26 09:02:18.319,1.30115,1.3015,6.40,28.00
2008.11.26 09:02:18.679,1.30133,1.30137,6.40,8.00
2008.11.26 09:02:19.149,1.30135,1.3014,11.80,9.60
2008.11.26 09:02:19.509,1.30137,1.30142,4.60,15.40
2008.11.26 09:02:19.799,1.30139,1.30144,3.20,16.00
2008.11.26 09:02:20.079,1.30141,1.30147,4.60,14.40
2008.11.26 09:02:20.439,1.30144,1.30149,6.40,8.00
2008.11.26 09:02:20.799,1.30146,1.30151,4.60,6.40
2008.11.26 09:02:21.139,1.30146,1.30156,15.80,21.60
2008.11.26 09:02:21.498,1.30151,1.30156,1.00,21.20
2008.11.26 09:02:22.208,1.30153,1.30158,3.20,14.40
2008.11.26 09:02:22.608,1.30156,1.3016,6.40,8.00
2008.11.26 09:02:23.188,1.30155,1.30165,7.80,21.60
2008.11.26 09:02:23.598,1.30157,1.30167,6.40,25.00
2008.11.26 09:02:24.338,1.30159,1.30169,18.40,14.40
2008.11.26 09:02:24.698,1.30164,1.30169,10.40,8.00
2008.11.26 09:02:25.098,1.30164,1.30174,10.40,14.40
2008.11.26 09:02:25.568,1.30161,1.30181,9.60,7.20
2008.11.26 09:02:26.038,1.30163,1.30183,9.60,4.80
2008.11.26 09:02:26.377,1.30165,1.30185,10.40,7.20
2008.11.26 09:02:26.777,1.3017,1.30175,6.40,8.00
2008.11.26 09:02:27.417,1.3017,1.30175,6.40,12.60
2008.11.26 09:02:27.817,1.3017,1.30175,6.40,15.60
2008.11.26 09:02:28.427,1.3016,1.3017,18.40,17.60
2008.11.26 09:02:28.877,1.3017,1.3018,3.20,16.20
2008.11.26 09:02:29.326,1.3017,1.3018,16.80,23.20
2008.11.26 09:02:29.776,1.3017,1.3018,6.40,26.40
2008.11.26 09:02:30.226,1.3016,1.3017,18.20,16.00
2008.11.26 09:02:30.616,1.3017,1.30175,6.40,16.50
2008.11.26 09:02:30.966,1.3017,1.3018,15.80,19.20
2008.11.26 09:02:31.316,1.3017,1.3018,15.80,11.20
2008.11.26 09:02:32.006,1.3017,1.3018,15.80,19.20
2008.11.26 09:02:33.316,1.3017,1.3018,14.40,19.20
2008.11.26 09:02:33.665,1.3017,1.3018,14.40,11.20
2008.11.26 09:02:34.246,1.3017,1.3018,14.40,21.60
2008.11.26 09:02:34.585,1.3017,1.30175,6.40,8.20
2008.11.26 09:02:35.205,1.30175,1.3018,4.60,11.80
2008.11.26 09:02:35.735,1.3018,1.30195,14.40,32.00
2008.11.26 09:02:36.035,1.3017,1.30185,22.40,19.20
2008.11.26 09:02:36.475,1.3017,1.30185,14.40,19.20
2008.11.26 09:02:36.815,1.3017,1.30175,14.40,3.20
2008.11.26 09:02:37.165,1.3016,1.3017,13.60,1.40
2008.11.26 09:02:37.635,1.3017,1.30175,14.40,3.20
2008.11.26 09:02:37.925,1.3017,1.30175,6.40,3.20
2008.11.26 09:02:38.214,1.3017,1.30175,14.40,3.20
2008.11.26 09:02:38.615,1.3017,1.30175,23.80,3.20
2008.11.26 09:02:38.844,1.3018,1.30185,6.40,16.20
2008.11.26 09:02:39.374,1.3018,1.30185,6.40,3.20
2008.11.26 09:02:40.244,1.3019,1.30195,6.40,14.70
2008.11.26 09:02:40.764,1.3019,1.30195,6.40,14.80
2008.11.26 09:02:41.054,1.3018,1.3019,14.40,24.00
2008.11.26 09:02:41.454,1.3018,1.3019,15.80,19.20
2008.11.26 09:02:41.854,1.3018,1.3019,20.60,6.40
2008.11.26 09:02:42.313,1.3019,1.30195,6.40,17.60
2008.11.26 09:02:42.864,1.3019,1.30195,6.40,13.20
2008.11.26 09:02:43.143,1.3018,1.3019,14.40,16.00
2008.11.26 09:02:43.713,1.3019,1.302,8.00,12.80
2008.11.26 09:02:44.163,1.30185,1.3019,15.60,6.70
2008.11.26 09:02:44.634,1.3019,1.30195,8.00,25.20
2008.11.26 09:02:44.863,1.3019,1.30195,6.40,18.40
2008.11.26 09:02:45.212,1.3018,1.30185,8.00,3.20
2008.11.26 09:02:47.242,1.3017,1.3018,15.10,1.40
2008.11.26 09:02:47.583,1.30175,1.3018,8.00,4.60
2008.11.26 09:02:48.402,1.30175,1.3018,8.00,9.60
2008.11.26 09:02:48.842,1.3017,1.3018,9.40,20.00
2008.11.26 09:02:49.232,1.3017,1.3018,12.60,14.40
2008.11.26 09:02:49.572,1.30175,1.3018,9.40,6.40
2008.11.26 09:02:50.022,1.3018,1.30185,6.40,11.20
2008.11.26 09:02:50.411,1.3018,1.30185,6.40,15.20
2008.11.26 09:02:50.862,1.3017,1.30175,14.40,3.20
2008.11.26 09:02:51.601,1.3017,1.30175,15.80,3.20
2008.11.26 09:02:52.001,1.3017,1.3018,6.40,19.20
2008.11.26 09:02:52.911,1.3016,1.3017,7.80,19.20
2008.11.26 09:02:53.191,1.3017,1.30175,6.40,15.80
2008.11.26 09:02:53.601,1.3016,1.30165,7.80,8.00
2008.11.26 09:02:53.771,1.3017,1.30175,14.40,14.80
2008.11.26 09:02:53.941,1.3016,1.30165,16.00,3.20
2008.11.26 09:02:54.401,1.30165,1.3017,8.70,8.00
2008.11.26 09:02:54.570,1.30165,1.3017,1.40,14.40
2008.11.26 09:02:55.030,1.30165,1.3017,9.40,6.40
2008.11.26 09:02:55.440,1.3017,1.30175,6.40,11.20
2008.11.26 09:02:55.860,1.30165,1.3017,5.40,6.40
2008.11.26 09:02:56.360,1.3017,1.30175,6.40,11.20
2008.11.26 09:02:56.810,1.3016,1.3017,15.80,19.20
2008.11.26 09:02:57.100,1.3016,1.3017,14.40,24.00
2008.11.26 09:02:57.640,1.30165,1.3017,5.40,19.20
2008.11.26 09:02:57.980,1.3017,1.3018,14.40,24.00
2008.11.26 09:02:58.459,1.3017,1.3018,6.40,24.00
2008.11.26 09:02:59.359,1.3017,1.3018,6.40,26.40
2008.11.26 09:02:59.649,1.3017,1.30175,6.40,11.20
2008.11.26 09:03:00.049,1.3017,1.30175,6.40,13.60
2008.11.26 09:03:00.569,1.3016,1.3017,18.20,9.60
2008.11.26 09:03:00.969,1.30165,1.3017,1.40,6.40
2008.11.26 09:03:01.209,1.30165,1.3017,5.40,6.40
2008.11.26 09:03:01.439,1.3017,1.30175,7.80,8.00
2008.11.26 09:03:01.789,1.3017,1.3018,15.80,19.20
2008.11.26 09:03:04.988,1.3017,1.3018,15.80,17.60
2008.11.26 09:03:07.198,1.3017,1.30175,14.40,3.20
2008.11.26 09:03:07.538,1.3017,1.30175,6.40,3.20
2008.11.26 09:03:08.337,1.3017,1.30175,7.80,3.20
2008.11.26 09:03:08.507,1.3017,1.3018,7.80,17.60
2008.11.26 09:03:08.797,1.3017,1.3018,15.80,17.60
2008.11.26 09:03:09.837,1.3017,1.30175,6.40,14.40
2008.11.26 09:03:10.167,1.3016,1.3017,15.80,9.60
2008.11.26 09:03:11.736,1.3016,1.3017,15.80,12.00
2008.11.26 09:03:13.076,1.30165,1.3017,1.40,12.00
2008.11.26 09:03:13.246,1.3017,1.30175,6.40,9.10
2008.11.26 09:03:13.646,1.3017,1.30175,6.40,13.60
2008.11.26 09:03:15.395,1.3016,1.3017,15.80,20.00
2008.11.26 09:03:15.985,1.3016,1.3017,7.80,20.00
2008.11.26 09:03:16.165,1.3016,1.30165,6.40,2.40
2008.11.26 09:03:16.405,1.30155,1.3016,8.00,6.40
2008.11.26 09:03:16.695,1.3015,1.3016,7.80,20.00
2008.11.26 09:03:18.115,1.3015,1.30155,6.40,12.40
2008.11.26 09:03:18.455,1.3015,1.30155,4.00,22.80
2008.11.26 09:03:18.845,1.3015,1.30155,4.00,29.20
2008.11.26 09:03:19.124,1.3014,1.3015,6.40,25.00
2008.11.26 09:03:19.585,1.3014,1.30145,6.40,10.40
2008.11.26 09:03:19.974,1.3014,1.30145,6.40,14.00
2008.11.26 09:03:20.354,1.30135,1.3014,2.40,17.60
2008.11.26 09:03:20.654,1.3013,1.3014,18.40,16.80
2008.11.26 09:03:21.004,1.3013,1.30135,6.40,8.00
2008.11.26 09:03:21.544,1.3013,1.3014,7.80,20.00
2008.11.26 09:03:22.115,1.30135,1.3014,11.00,14.40
2008.11.26 09:03:22.464,1.3013,1.3014,20.80,6.40
2008.11.26 09:03:23.154,1.3014,1.30145,6.40,11.20
2008.11.26 09:03:23.623,1.3014,1.3015,6.40,26.40
2008.11.26 09:03:24.093,1.3014,1.3015,7.80,21.60
2008.11.26 09:03:24.493,1.3014,1.3015,7.80,20.00
2008.11.26 09:03:24.953,1.30145,1.3015,1.40,14.40
2008.11.26 09:03:25.343,1.3015,1.30155,6.40,8.00
2008.11.26 09:03:25.683,1.3015,1.3016,14.40,12.00
2008.11.26 09:03:25.973,1.30155,1.3016,1.60,12.00
2008.11.26 09:03:28.512,1.30155,1.3016,9.60,12.00
2008.11.26 09:03:29.412,1.30165,1.3017,1.60,16.40
2008.11.26 09:03:29.762,1.30165,1.3017,1.60,18.40
2008.11.26 09:03:30.322,1.30165,1.3017,1.60,12.00
2008.11.26 09:03:31.291,1.30165,1.3017,1.60,18.40
2008.11.26 09:03:31.511,1.30165,1.3017,1.60,13.60
2008.11.26 09:03:32.151,1.30165,1.3017,9.60,6.40
2008.11.26 09:03:33.141,1.30175,1.3018,4.00,16.40
2008.11.26 09:03:33.731,1.3017,1.30175,14.40,3.80
2008.11.26 09:03:34.141,1.3017,1.3018,14.40,18.40
2008.11.26 09:03:34.901,1.3017,1.3018,15.80,13.60
2008.11.26 09:03:35.141,1.30175,1.3018,8.00,12.00
2008.11.26 09:03:35.431,1.30175,1.3018,8.00,6.40
2008.11.26 09:03:35.840,1.3018,1.30185,6.40,8.00
2008.11.26 09:03:36.300,1.3018,1.3019,15.80,20.00
2008.11.26 09:03:36.590,1.3019,1.30195,1.40,22.70
2008.11.26 09:03:36.990,1.3019,1.302,10.20,17.00
2008.11.26 09:03:37.290,1.30195,1.302,5.40,14.40
2008.11.26 09:03:37.840,1.302,1.3021,16.00,26.40
2008.11.26 09:03:38.240,1.302,1.3021,8.00,20.00
2008.11.26 09:03:38.480,1.302,1.30205,8.00,2.40
2008.11.26 09:03:38.880,1.302,1.30205,1.60,14.70
2008.11.26 09:03:39.170,1.302,1.30205,1.60,22.70
2008.11.26 09:03:39.579,1.302,1.30205,1.60,17.20
2008.11.26 09:03:40.159,1.302,1.3021,8.00,17.50
2008.11.26 09:03:40.499,1.302,1.30205,8.00,8.00
2008.11.26 09:03:41.459,1.302,1.30205,12.00,8.00
2008.11.26 09:03:42.169,1.302,1.30205,14.40,8.00
2008.11.26 09:03:42.559,1.3021,1.30215,10.40,11.20
2008.11.26 09:03:42.909,1.3021,1.30215,6.40,13.60
2008.11.26 09:03:43.309,1.3021,1.30215,6.40,10.80
2008.11.26 09:03:43.719,1.3021,1.30215,6.40,14.00
2008.11.26 09:03:43.959,1.3021,1.30215,6.40,18.00
2008.11.26 09:03:44.308,1.30205,1.3021,1.60,20.00
2008.11.26 09:03:44.608,1.302,1.3021,9.40,20.00
2008.11.26 09:03:45.068,1.302,1.3021,8.00,20.00
2008.11.26 09:03:45.468,1.302,1.3021,16.00,17.00
2008.11.26 09:03:45.868,1.302,1.3021,16.00,18.40
2008.11.26 09:03:46.108,1.302,1.30205,16.00,6.40
2008.11.26 09:03:46.388,1.302,1.30205,8.00,12.00
2008.11.26 09:03:47.238,1.3019,1.302,8.80,26.40
2008.11.26 09:03:47.817,1.302,1.30205,1.40,36.40
2008.11.26 09:03:48.037,1.3019,1.302,14.40,26.40
2008.11.26 09:03:48.808,1.302,1.30205,6.40,13.00
2008.11.26 09:03:49.037,1.302,1.30205,6.40,12.30
2008.11.26 09:03:49.387,1.302,1.30205,8.80,12.70
2008.11.26 09:03:49.827,1.302,1.30205,8.80,8.00
2008.11.26 09:03:50.157,1.302,1.3021,18.20,12.00
2008.11.26 09:03:50.627,1.302,1.3021,18.20,12.00
2008.11.26 09:03:51.087,1.302,1.3021,18.20,13.60
2008.11.26 09:03:51.557,1.302,1.3021,16.80,13.60
2008.11.26 09:03:52.017,1.3021,1.30215,8.80,12.60
2008.11.26 09:03:52.307,1.30225,1.3023,8.00,8.00
2008.11.26 09:03:52.706,1.30235,1.3024,6.40,7.40
2008.11.26 09:03:53.176,1.30235,1.3024,1.00,20.80
2008.11.26 09:03:53.586,1.3024,1.3025,11.80,14.00
2008.11.26 09:03:53.986,1.30245,1.3025,1.40,11.00
2008.11.26 09:03:54.506,1.3026,1.30265,3.80,9.60
2008.11.26 09:03:54.856,1.3026,1.30265,18.20,1.00
2008.11.26 09:03:55.426,1.30265,1.3027,1.40,12.00
2008.11.26 09:03:56.105,1.3027,1.30275,8.80,8.00
2008.11.26 09:03:56.676,1.3027,1.30275,8.80,3.20
2008.11.26 09:03:57.205,1.3027,1.30275,6.40,5.10
2008.11.26 09:03:59.125,1.3027,1.30275,6.40,22.70
2008.11.26 09:03:59.655,1.3026,1.30265,6.40,7.00
2008.11.26 09:03:59.945,1.3025,1.3026,18.20,12.00
2008.11.26 09:04:00.355,1.3025,1.3026,18.20,6.40
2008.11.26 09:04:00.694,1.3025,1.30255,6.40,16.30
2008.11.26 09:04:01.284,1.3024,1.30245,6.40,15.00
2008.11.26 09:04:02.215,1.3024,1.30245,6.40,14.40
2008.11.26 09:04:02.614,1.3024,1.30245,6.40,8.00
2008.11.26 09:04:02.894,1.3024,1.30245,6.40,10.40
2008.11.26 09:04:03.294,1.3025,1.30255,2.40,11.20
2008.11.26 09:04:03.684,1.3024,1.30245,6.40,8.40
2008.11.26 09:04:04.094,1.3023,1.3024,18.20,12.00
2008.11.26 09:04:04.384,1.3023,1.3024,16.80,20.00
2008.11.26 09:04:04.674,1.3023,1.3024,16.80,12.00
2008.11.26 09:04:04.973,1.3023,1.3024,16.80,17.00
2008.11.26 09:04:06.004,1.3023,1.3024,16.80,25.00
2008.11.26 09:04:06.413,1.3023,1.3024,16.80,18.40
2008.11.26 09:04:06.763,1.30225,1.3023,13.20,6.40
2008.11.26 09:04:07.113,1.3023,1.30235,14.40,9.20
2008.11.26 09:04:07.583,1.3022,1.30225,16.80,3.20
2008.11.26 09:04:08.962,1.3022,1.30225,6.40,14.30
2008.11.26 09:04:09.303,1.30205,1.3021,8.80,3.20
2008.11.26 09:04:09.592,1.30205,1.3021,2.40,9.60
2008.11.26 09:04:09.892,1.30205,1.3021,2.40,5.40
2008.11.26 09:04:10.182,1.302,1.30205,6.40,8.00
2008.11.26 09:04:10.592,1.302,1.30205,6.40,14.70
2008.11.26 09:04:10.942,1.3019,1.30195,14.40,12.00
2008.11.26 09:04:11.292,1.3019,1.30195,6.40,7.60
2008.11.26 09:04:11.982,1.3019,1.30195,6.40,11.00
2008.11.26 09:04:12.382,1.30185,1.3019,2.40,9.60
2008.11.26 09:04:13.581,1.3019,1.30195,6.40,13.10
2008.11.26 09:04:13.871,1.3018,1.30185,16.80,9.60
2008.11.26 09:04:14.211,1.30175,1.3018,11.60,3.80
2008.11.26 09:04:14.481,1.30175,1.3018,7.60,16.80
2008.11.26 09:04:14.831,1.3017,1.30175,16.80,3.20
2008.11.26 09:04:15.351,1.3018,1.30185,2.40,18.30
2008.11.26 09:04:15.881,1.3018,1.30185,6.40,7.60
2008.11.26 09:04:16.171,1.30175,1.3018,2.40,6.40
2008.11.26 09:04:16.701,1.3018,1.30185,6.40,12.40
2008.11.26 09:04:17.161,1.3018,1.30185,2.40,8.00
2008.11.26 09:04:17.620,1.3018,1.30185,8.80,3.20
2008.11.26 09:04:18.370,1.3018,1.30185,10.20,3.20
2008.11.26 09:04:18.870,1.3018,1.30185,18.20,3.20
2008.11.26 09:04:19.280,1.3018,1.30185,16.80,3.20
2008.11.26 09:04:19.680,1.3018,1.30185,16.80,3.20
2008.11.26 09:04:19.850,1.3018,1.30185,8.80,3.20
2008.11.26 09:04:20.760,1.3018,1.3019,8.80,26.40
2008.11.26 09:04:21.699,1.3018,1.3019,10.20,21.60
2008.11.26 09:04:21.939,1.3018,1.3019,10.20,21.60
2008.11.26 09:04:22.459,1.3018,1.3019,8.80,21.60
2008.11.26 09:04:23.599,1.3018,1.3019,16.80,21.60
2008.11.26 09:04:23.999,1.30185,1.3019,2.40,14.40
2008.11.26 09:04:24.169,1.30185,1.3019,2.40,6.40
2008.11.26 09:04:24.629,1.30185,1.3019,2.40,8.00
2008.11.26 09:04:24.919,1.3018,1.30185,9.00,10.40
2008.11.26 09:04:25.438,1.30185,1.3019,2.40,16.00
2008.11.26 09:04:25.768,1.3019,1.30195,2.40,19.80
2008.11.26 09:04:26.288,1.30185,1.3019,8.70,14.40
2008.11.26 09:04:26.878,1.3019,1.302,16.80,34.40
2008.11.26 09:04:27.158,1.30185,1.3019,19.30,1.40
2008.11.26 09:04:27.508,1.3018,1.3019,24.80,21.60
2008.11.26 09:04:27.918,1.3018,1.3019,16.80,21.60
2008.11.26 09:04:28.158,1.3018,1.3019,18.20,21.60
2008.11.26 09:04:31.727,1.3018,1.3019,18.20,21.60
2008.11.26 09:04:35.536,1.30185,1.3019,3.80,19.20
2008.11.26 09:04:35.776,1.30185,1.3019,3.80,16.00
2008.11.26 09:04:36.126,1.30185,1.3019,3.80,6.40
2008.11.26 09:04:36.296,1.3019,1.30195,6.40,13.60
2008.11.26 09:04:36.686,1.3018,1.30185,14.80,1.60
2008.11.26 09:04:37.196,1.30185,1.3019,1.40,20.00
2008.11.26 09:04:37.656,1.30185,1.3019,3.80,6.40
2008.11.26 09:04:38.065,1.30185,1.3019,2.40,8.00
2008.11.26 09:04:38.525,1.3018,1.3019,18.20,23.20
2008.11.26 09:04:38.705,1.3018,1.3019,18.20,21.60
2008.11.26 09:04:39.615,1.3018,1.3019,18.20,13.60
2008.11.26 09:04:39.895,1.30185,1.3019,3.80,6.40
2008.11.26 09:04:40.175,1.3019,1.30195,6.40,13.60
2008.11.26 09:04:40.585,1.3019,1.30195,6.40,26.40
2008.11.26 09:04:40.995,1.30185,1.3019,3.80,6.40
2008.11.26 09:04:41.335,1.3019,1.30195,6.40,8.00
2008.11.26 09:04:41.575,1.3019,1.30195,7.80,8.00
2008.11.26 09:04:41.814,1.30195,1.302,3.80,19.20
2008.11.26 09:04:42.334,1.30195,1.302,3.80,16.00
2008.11.26 09:04:42.734,1.3019,1.302,18.20,21.60
2008.11.26 09:04:43.134,1.3019,1.302,18.20,21.60
2008.11.26 09:04:43.314,1.3019,1.302,16.80,23.20
2008.11.26 09:04:43.594,1.3019,1.30195,6.40,2.40
2008.11.26 09:04:43.994,1.3019,1.30195,6.40,5.60
2008.11.26 09:04:45.654,1.3019,1.30195,6.40,15.40
2008.11.26 09:04:46.184,1.3018,1.30185,1.60,4.80
2008.11.26 09:04:46.464,1.3018,1.30185,7.80,20.00
2008.11.26 09:04:46.823,1.30175,1.3018,1.60,6.40
2008.11.26 09:04:47.123,1.30175,1.3018,1.60,11.40
2008.11.26 09:04:47.513,1.3017,1.30175,7.80,7.80
2008.11.26 09:04:47.873,1.3017,1.30175,7.80,9.00
2008.11.26 09:04:48.343,1.3016,1.30165,15.80,5.60
2008.11.26 09:04:48.673,1.3017,1.30175,2.40,18.00
2008.11.26 09:04:49.033,1.30165,1.3017,1.00,18.80
2008.11.26 09:04:49.703,1.3016,1.3017,19.80,20.00
2008.11.26 09:04:50.092,1.3016,1.3017,11.80,20.00
2008.11.26 09:04:50.482,1.3016,1.3017,10.20,28.00
2008.11.26 09:04:50.932,1.3016,1.30165,7.80,14.70
2008.11.26 09:04:51.472,1.3015,1.3016,11.80,20.00
2008.11.26 09:04:51.752,1.30165,1.3017,10.20,8.20
2008.11.26 09:04:52.102,1.30165,1.3017,7.80,8.20
2008.11.26 09:04:52.502,1.3016,1.3017,8.60,14.40
2008.11.26 09:04:52.862,1.3017,1.30175,9.40,8.00
2008.11.26 09:04:53.202,1.3017,1.30175,7.80,5.60
2008.11.26 09:04:53.612,1.30155,1.3016,11.30,8.80
2008.11.26 09:04:54.081,1.3015,1.3016,11.80,20.00
2008.11.26 09:04:54.432,1.30165,1.3017,3.80,1.00
2008.11.26 09:04:54.721,1.30165,1.30175,3.80,20.00
2008.11.26 09:04:55.071,1.3017,1.30175,7.80,13.60
2008.11.26 09:04:55.461,1.3017,1.30175,7.80,22.80
2008.11.26 09:04:55.862,1.3016,1.30165,7.80,10.40
2008.11.26 09:04:56.141,1.30155,1.3016,3.80,9.60
2008.11.26 09:04:56.491,1.3016,1.30165,3.80,12.80
2008.11.26 09:04:56.961,1.3016,1.3017,11.80,20.00
2008.11.26 09:04:57.461,1.3016,1.3017,19.80,20.00
2008.11.26 09:04:58.371,1.30155,1.3016,14.60,1.60
2008.11.26 09:04:58.590,1.3015,1.3016,23.00,12.00
2008.11.26 09:04:58.930,1.3015,1.3016,19.80,21.60
2008.11.26 09:04:59.101,1.3015,1.3016,19.80,13.60
2008.11.26 09:04:59.501,1.3015,1.3016,11.80,20.00
2008.11.26 09:04:59.840,1.3015,1.30155,8.00,8.80
2008.11.26 09:05:00.170,1.3014,1.3015,11.80,20.00
2008.11.26 09:05:00.460,1.3014,1.30145,8.00,2.40
2008.11.26 09:05:00.800,1.30145,1.3015,1.00,8.40
2008.11.26 09:05:01.140,1.3014,1.30145,16.00,5.60
2008.11.26 09:05:01.560,1.3014,1.30145,8.00,5.60
2008.11.26 09:05:01.960,1.3014,1.30145,8.00,5.60
2008.11.26 09:05:02.310,1.3014,1.3015,18.20,17.60
2008.11.26 09:05:03.119,1.30145,1.3015,11.80,9.60
2008.11.26 09:05:03.639,1.3014,1.3015,19.00,13.60
2008.11.26 09:05:03.989,1.3014,1.3015,11.00,25.00
2008.11.26 09:05:04.169,1.30135,1.3014,13.40,2.40
2008.11.26 09:05:04.759,1.3014,1.30145,16.00,7.00
2008.11.26 09:05:05.099,1.3014,1.30145,1.40,13.20
2008.11.26 09:05:05.439,1.3014,1.30145,10.00,10.80
2008.11.26 09:05:05.849,1.3014,1.30145,1.40,12.30
2008.11.26 09:05:06.239,1.30135,1.3014,8.60,6.80
2008.11.26 09:05:06.579,1.30135,1.3014,1.60,15.60
2008.11.26 09:05:06.978,1.3013,1.30135,8.00,2.40
2008.11.26 09:05:07.258,1.3013,1.30135,9.60,2.40
2008.11.26 09:05:07.658,1.3013,1.3014,9.40,19.20
2008.11.26 09:05:08.008,1.30135,1.3014,15.00,6.40
2008.11.26 09:05:08.358,1.3014,1.3015,8.60,14.40
2008.11.26 09:05:08.768,1.3014,1.30145,8.00,7.20
2008.11.26 09:05:09.058,1.3014,1.30145,8.00,15.20
2008.11.26 09:05:09.418,1.3014,1.30145,10.40,3.20
2008.11.26 09:05:09.998,1.3014,1.30145,8.00,6.00
2008.11.26 09:05:10.398,1.30135,1.3014,3.20,21.80
2008.11.26 09:05:10.848,1.3013,1.30135,8.60,10.80
2008.11.26 09:05:11.137,1.3013,1.30135,9.60,8.40
2008.11.26 09:05:11.437,1.3012,1.3013,26.20,8.80
2008.11.26 09:05:11.847,1.3012,1.3013,22.20,8.80
2008.11.26 09:05:12.177,1.30125,1.3013,8.00,10.00
2008.11.26 09:05:12.527,1.30115,1.3012,8.00,8.80
2008.11.26 09:05:12.937,1.30115,1.3012,8.00,8.80
2008.11.26 09:05:13.387,1.30115,1.3012,9.60,8.80
2008.11.26 09:05:13.957,1.30115,1.3012,21.40,6.40
2008.11.26 09:05:14.287,1.3012,1.30125,8.00,10.40
2008.11.26 09:05:14.686,1.3012,1.30125,8.00,2.40
2008.11.26 09:05:15.096,1.30105,1.3011,8.00,2.40
2008.11.26 09:05:15.446,1.30105,1.3011,16.80,6.40
2008.11.26 09:05:15.906,1.3011,1.30115,16.00,7.20
2008.11.26 09:05:16.246,1.3012,1.30125,8.00,16.60
2008.11.26 09:05:16.596,1.3011,1.3012,20.60,16.80
2008.11.26 09:05:17.116,1.3012,1.30125,6.40,23.60
2008.11.26 09:05:17.476,1.3011,1.3012,12.60,16.80
2008.11.26 09:05:17.986,1.3011,1.30115,10.00,2.40
2008.11.26 09:05:18.496,1.3011,1.30115,8.00,15.20
2008.11.26 09:05:18.956,1.30105,1.3011,1.60,8.80
2008.11.26 09:05:19.546,1.30105,1.3011,18.40,6.40
2008.11.26 09:05:19.955,1.3011,1.30115,8.00,14.00
2008.11.26 09:05:20.295,1.301,1.3011,19.80,12.00
2008.11.26 09:05:20.576,1.301,1.3011,10.40,26.40
2008.11.26 09:05:21.155,1.301,1.3011,12.00,26.40
2008.11.26 09:05:21.565,1.301,1.30105,9.60,2.40
2008.11.26 09:05:22.045,1.301,1.30105,8.00,9.20
2008.11.26 09:05:22.315,1.3009,1.301,11.80,20.00
2008.11.26 09:05:22.955,1.3009,1.301,10.40,25.00
2008.11.26 09:05:23.245,1.3009,1.30095,18.40,3.20
2008.11.26 09:05:23.584,1.3009,1.30095,19.80,3.20
2008.11.26 09:05:23.866,1.30095,1.301,8.00,12.00
2008.11.26 09:05:25.244,1.3009,1.30095,8.00,10.40
2008.11.26 09:05:25.644,1.3009,1.301,19.80,12.00
2008.11.26 09:05:26.494,1.30095,1.301,8.00,10.80
2008.11.26 09:05:26.954,1.3009,1.30095,8.00,11.60
2008.11.26 09:05:27.334,1.3009,1.30095,8.00,8.40
2008.11.26 09:05:27.804,1.3009,1.30095,18.40,3.20
2008.11.26 09:05:28.323,1.3009,1.301,18.40,20.00
2008.11.26 09:05:28.773,1.30085,1.3009,10.40,6.40
2008.11.26 09:05:29.443,1.3009,1.30095,8.00,20.00
2008.11.26 09:05:30.323,1.3008,1.3009,11.85,12.00
2008.11.26 09:05:30.553,1.3008,1.3009,12.75,12.00
2008.11.26 09:05:31.003,1.3009,1.30095,8.00,13.60
2008.11.26 09:05:31.393,1.3008,1.3009,16.05,2.40
2008.11.26 09:05:31.682,1.3008,1.3009,12.63,12.00
2008.11.26 09:05:32.032,1.3009,1.30095,10.40,8.00
2008.11.26 09:05:32.542,1.3009,1.30095,8.00,9.90
2008.11.26 09:05:33.132,1.3009,1.30095,2.40,10.40
2008.11.26 09:05:33.513,1.3009,1.30095,8.00,20.00
2008.11.26 09:05:33.902,1.3008,1.3009,12.27,13.80
2008.11.26 09:05:34.302,1.3008,1.3009,6.75,26.40
2008.11.26 09:05:34.542,1.30085,1.3009,3.80,17.60
2008.11.26 09:05:34.772,1.3009,1.30095,2.40,10.40
2008.11.26 09:05:35.242,1.3009,1.301,10.40,26.40
2008.11.26 09:05:36.102,1.3009,1.30095,8.00,8.80
2008.11.26 09:05:36.392,1.3009,1.30095,9.60,8.80
2008.11.26 09:05:36.681,1.3009,1.301,16.60,12.80
2008.11.26 09:05:36.961,1.30095,1.301,2.40,9.60
2008.11.26 09:05:37.321,1.30095,1.301,2.40,6.40
2008.11.26 09:05:38.071,1.301,1.30105,8.00,20.00
2008.11.26 09:05:38.461,1.301,1.30105,10.40,3.20
2008.11.26 09:05:38.761,1.301,1.3011,10.40,26.40
2008.11.26 09:05:39.061,1.301,1.30105,8.00,12.00
2008.11.26 09:05:39.451,1.3009,1.301,12.60,16.80
2008.11.26 09:05:39.791,1.3009,1.30095,8.00,5.60
2008.11.26 09:05:40.260,1.3009,1.30095,8.00,13.60
2008.11.26 09:05:41.920,1.3009,1.30095,9.40,13.60
2008.11.26 09:05:42.480,1.3009,1.301,11.80,20.00
2008.11.26 09:05:44.909,1.30085,1.3009,13.80,2.40
2008.11.26 09:05:45.139,1.3009,1.30095,8.00,11.60
2008.11.26 09:05:45.429,1.3008,1.3009,7.73,20.00
2008.11.26 09:05:45.819,1.30085,1.3009,8.00,8.80
2008.11.26 09:05:46.119,1.3009,1.30095,2.40,8.00
2008.11.26 09:05:46.639,1.3009,1.301,10.40,26.40
2008.11.26 09:05:49.298,1.3009,1.30095,8.00,2.40
2008.11.26 09:05:49.648,1.3009,1.30095,8.00,13.20
2008.11.26 09:05:49.868,1.3009,1.30095,8.00,15.60
2008.11.26 09:05:50.278,1.3008,1.3009,12.73,12.00
2008.11.26 09:05:51.298,1.30085,1.3009,2.40,9.60
2008.11.26 09:05:51.598,1.3009,1.30095,10.40,11.20
2008.11.26 09:05:52.007,1.3009,1.301,10.40,26.40
2008.11.26 09:05:53.147,1.3009,1.301,18.40,26.40
2008.11.26 09:05:53.667,1.3009,1.301,19.80,20.00
2008.11.26 09:05:54.067,1.30095,1.301,10.40,6.40
2008.11.26 09:05:54.417,1.301,1.30105,8.00,20.00
2008.11.26 09:05:54.807,1.30095,1.301,12.00,8.80
2008.11.26 09:05:55.097,1.3009,1.301,18.40,18.40
2008.11.26 09:05:55.977,1.3009,1.301,21.40,20.00
2008.11.26 09:05:56.267,1.30095,1.301,2.40,6.40
2008.11.26 09:05:57.086,1.301,1.30105,8.00,20.00
2008.11.26 09:05:58.126,1.3009,1.301,13.50,16.80
2008.11.26 09:05:58.346,1.3009,1.301,18.40,26.40
2008.11.26 09:05:58.726,1.3009,1.301,10.40,26.40
2008.11.26 09:05:59.246,1.3009,1.30095,10.40,4.80
2008.11.26 09:05:59.536,1.30095,1.301,2.40,12.90
2008.11.26 09:05:59.876,1.30095,1.301,2.40,12.80
2008.11.26 09:06:00.206,1.3009,1.301,10.40,26.40
2008.11.26 09:06:01.256,1.30095,1.301,2.40,22.60
2008.11.26 09:06:01.665,1.30095,1.301,4.00,6.40
2008.11.26 09:06:02.015,1.301,1.30105,8.00,15.20
2008.11.26 09:06:02.365,1.301,1.30105,1.40,10.40
2008.11.26 09:06:02.845,1.30105,1.3011,2.40,6.40
2008.11.26 09:06:03.185,1.301,1.30105,1.40,19.10
2008.11.26 09:06:03.695,1.301,1.30105,3.00,10.40
2008.11.26 09:06:04.205,1.301,1.30105,10.20,8.00
2008.11.26 09:06:04.605,1.301,1.30105,9.40,13.60
2008.11.26 09:06:05.124,1.301,1.30105,8.00,10.40
2008.11.26 09:06:05.535,1.30095,1.301,3.80,6.40
2008.11.26 09:06:05.764,1.30095,1.301,2.40,6.40
2008.11.26 09:06:06.454,1.3009,1.301,20.60,8.80
2008.11.26 09:06:06.904,1.3009,1.301,11.80,20.00
2008.11.26 09:06:07.894,1.3009,1.301,10.40,26.40
2008.11.26 09:06:09.743,1.3009,1.301,18.40,26.40
2008.11.26 09:06:09.923,1.3009,1.301,11.75,26.40
2008.11.26 09:06:10.213,1.3009,1.301,13.63,21.60
2008.11.26 09:06:10.373,1.30095,1.301,2.40,9.60
2008.11.26 09:06:11.143,1.301,1.30105,8.00,18.40
2008.11.26 09:06:12.213,1.3009,1.301,12.73,12.00
2008.11.26 09:06:12.493,1.3009,1.301,12.63,12.00
2008.11.26 09:06:13.363,1.30095,1.301,10.40,9.60
2008.11.26 09:06:13.892,1.301,1.30105,8.00,13.60
2008.11.26 09:06:14.182,1.301,1.30105,8.00,5.60
2008.11.26 09:06:14.473,1.301,1.3011,10.40,26.40
2008.11.26 09:06:15.272,1.301,1.30105,10.40,4.80
2008.11.26 09:06:15.792,1.30095,1.301,8.40,2.40
2008.11.26 09:06:16.092,1.301,1.30105,8.00,5.60
2008.11.26 09:06:16.482,1.301,1.30105,8.00,13.60
2008.11.26 09:06:17.411,1.301,1.30105,10.40,3.20
2008.11.26 09:06:17.812,1.301,1.30105,8.00,11.60
2008.11.26 09:06:18.622,1.30095,1.301,2.40,6.40
2008.11.26 09:06:18.921,1.30095,1.301,3.20,8.80
2008.11.26 09:06:19.321,1.3009,1.301,13.05,8.80
2008.11.26 09:06:20.421,1.30095,1.301,5.60,6.40
2008.11.26 09:06:20.781,1.30095,1.301,12.00,6.40
2008.11.26 09:06:21.241,1.301,1.3011,10.40,26.40
2008.11.26 09:06:21.540,1.301,1.30105,10.40,12.80
2008.11.26 09:06:21.890,1.3009,1.301,13.15,8.80
2008.11.26 09:06:22.770,1.3009,1.301,12.27,8.80
2008.11.26 09:06:23.170,1.3009,1.301,12.17,16.80
2008.11.26 09:06:23.330,1.3009,1.301,12.17,20.00
2008.11.26 09:06:23.790,1.3009,1.301,12.17,26.40
2008.11.26 09:06:24.080,1.3009,1.301,7.17,26.40
2008.11.26 09:06:24.260,1.3009,1.301,6.75,26.40
2008.11.26 09:06:24.490,1.3009,1.301,6.75,28.00
2008.11.26 09:06:24.790,1.3009,1.30095,5.25,7.60
2008.11.26 09:06:25.570,1.3009,1.30095,0.25,20.40
2008.11.26 09:06:25.909,1.3009,1.30095,0.25,26.00
2008.11.26 09:06:26.419,1.3009,1.30095,0.25,23.60
2008.11.26 09:06:26.819,1.3009,1.30095,0.25,19.60
2008.11.26 09:06:27.639,1.3009,1.30095,0.25,18.40
2008.11.26 09:06:28.559,1.3009,1.30095,0.25,24.80
2008.11.26 09:06:28.679,1.3009,1.30095,0.25,26.00
2008.11.26 09:06:29.019,1.3009,1.30095,0.25,22.00
2008.11.26 09:06:30.068,1.3009,1.30095,0.25,19.60
2008.11.26 09:06:31.498,1.3009,1.30095,0.25,17.20
2008.11.26 09:06:31.728,1.30085,1.3009,5.85,7.10
2008.11.26 09:06:32.248,1.3008,1.30085,8.00,2.40
2008.11.26 09:06:32.928,1.3008,1.30085,8.00,10.40
2008.11.26 09:06:33.158,1.3008,1.30085,8.00,9.60
2008.11.26 09:06:33.778,1.3008,1.3009,10.40,25.60
2008.11.26 09:06:34.007,1.3008,1.3009,11.00,26.20
2008.11.26 09:06:34.188,1.3008,1.30085,11.00,8.00
2008.11.26 09:06:34.367,1.3008,1.30085,8.00,10.40
2008.11.26 09:06:34.477,1.3008,1.30085,8.00,13.60
2008.11.26 09:06:34.827,1.3008,1.30085,8.00,10.40
2008.11.26 09:06:35.177,1.3008,1.30085,8.00,13.60
2008.11.26 09:06:35.907,1.3008,1.30085,8.00,19.80
2008.11.26 09:06:36.087,1.30075,1.3008,2.40,17.60
2008.11.26 09:06:36.357,1.3007,1.3008,11.80,20.00
2008.11.26 09:06:38.936,1.3007,1.3008,10.40,25.00
2008.11.26 09:06:39.157,1.3007,1.30075,8.00,2.40
2008.11.26 09:06:39.506,1.3007,1.30075,8.00,5.60
2008.11.26 09:06:39.906,1.3007,1.30075,9.40,8.00
2008.11.26 09:06:41.405,1.3007,1.30075,9.40,9.60
2008.11.26 09:06:41.576,1.3007,1.30075,9.40,13.60
2008.11.26 09:06:41.636,1.30065,1.3007,10.90,8.00
2008.11.26 09:06:41.856,1.30065,1.3007,5.60,14.40
2008.11.26 09:06:42.156,1.3006,1.3007,12.00,20.00
2008.11.26 09:06:42.215,1.3006,1.30065,12.00,1.60
2008.11.26 09:06:42.735,1.30055,1.3006,13.00,8.80
2008.11.26 09:06:43.065,1.3005,1.3006,12.00,20.00
2008.11.26 09:06:43.485,1.3005,1.3006,10.60,20.00
2008.11.26 09:06:43.905,1.3005,1.3006,10.40,20.00
2008.11.26 09:06:44.305,1.3005,1.3006,10.40,25.00
2008.11.26 09:06:44.645,1.3005,1.30055,10.40,4.80
2008.11.26 09:06:44.825,1.3004,1.3005,14.40,16.80
2008.11.26 09:06:44.945,1.3004,1.3005,12.80,16.80
2008.11.26 09:06:45.415,1.3004,1.30045,8.00,11.80
2008.11.26 09:06:45.825,1.3003,1.30035,16.00,2.40
2008.11.26 09:06:46.184,1.3003,1.30035,8.00,10.40
2008.11.26 09:06:46.484,1.3003,1.30035,10.40,8.00
2008.11.26 09:06:46.874,1.3003,1.30035,11.00,8.00
2008.11.26 09:06:47.214,1.3003,1.3004,11.00,16.80
2008.11.26 09:06:47.954,1.3003,1.3004,12.80,16.80
2008.11.26 09:06:48.174,1.3003,1.3004,11.40,21.80
2008.11.26 09:06:48.414,1.3003,1.3004,11.00,21.80
2008.11.26 09:06:48.704,1.3003,1.3004,12.80,16.80
2008.11.26 09:06:49.004,1.3003,1.30035,8.60,2.40
2008.11.26 09:06:49.344,1.3003,1.3004,11.80,21.40
2008.11.26 09:06:49.794,1.3003,1.3004,12.80,16.80
2008.11.26 09:06:49.904,1.3003,1.30035,8.00,2.40
2008.11.26 09:06:50.303,1.3003,1.30035,12.00,8.00
2008.11.26 09:06:50.523,1.3003,1.3004,12.80,16.80
2008.11.26 09:06:52.373,1.3004,1.3005,11.00,16.60
2008.11.26 09:06:52.893,1.3004,1.3005,12.80,16.80
2008.11.26 09:06:53.223,1.3005,1.30055,5.00,10.40
2008.11.26 09:06:53.513,1.30055,1.30065,3.20,18.90
2008.11.26 09:06:54.433,1.30055,1.30065,6.20,15.20
2008.11.26 09:06:54.652,1.3006,1.30065,3.20,15.40
2008.11.26 09:06:54.893,1.3005,1.30055,6.80,10.40
2008.11.26 09:06:55.122,1.3005,1.30055,13.00,8.00
2008.11.26 09:06:55.702,1.30055,1.3006,3.20,21.80
2008.11.26 09:06:58.402,1.3005,1.30055,5.90,16.60
2008.11.26 09:06:58.752,1.3005,1.30055,3.20,17.10
2008.11.26 09:06:59.041,1.30045,1.3005,3.20,23.00
2008.11.26 09:07:00.381,1.3005,1.30055,3.20,14.70
2008.11.26 09:07:01.361,1.3005,1.30055,8.60,2.40
2008.11.26 09:07:01.881,1.3005,1.30055,8.60,10.40
2008.11.26 09:07:02.220,1.3005,1.30055,3.20,11.60
2008.11.26 09:07:02.740,1.3005,1.3006,13.60,14.70
2008.11.26 09:07:03.190,1.30055,1.3006,3.20,23.00
2008.11.26 09:07:03.890,1.3005,1.30055,8.60,3.60
2008.11.26 09:07:04.300,1.3005,1.30055,8.60,8.60
2008.11.26 09:07:04.650,1.30045,1.3005,3.20,15.00
2008.11.26 09:07:05.530,1.30045,1.3005,3.20,8.80
2008.11.26 09:07:06.330,1.30045,1.3005,3.20,16.80
2008.11.26 09:07:06.860,1.30045,1.3005,3.20,21.80
2008.11.26 09:07:08.059,1.3004,1.3005,12.00,23.00
2008.11.26 09:07:08.909,1.3004,1.30045,12.00,1.20
2008.11.26 09:07:09.139,1.3004,1.30045,12.00,6.20
2008.11.26 09:07:09.659,1.3004,1.30045,8.00,16.60
2008.11.26 09:07:10.069,1.30035,1.3004,4.00,6.40
2008.11.26 09:07:10.859,1.30035,1.3004,11.80,6.40
2008.11.26 09:07:11.139,1.3004,1.30045,8.00,8.00
2008.11.26 09:07:11.438,1.30045,1.3005,16.20,12.60
2008.11.26 09:07:11.618,1.3005,1.30055,2.40,17.40
2008.11.26 09:07:11.858,1.30045,1.3005,16.10,4.80
2008.11.26 09:07:12.298,1.3004,1.30045,16.00,2.40
2008.11.26 09:07:12.798,1.3004,1.30045,8.00,10.40
2008.11.26 09:07:13.139,1.3004,1.3005,18.40,23.00
2008.11.26 09:07:13.488,1.3004,1.3005,10.40,23.00
2008.11.26 09:07:13.858,1.3004,1.30045,8.00,7.20
2008.11.26 09:07:14.278,1.3004,1.30045,8.00,8.60
2008.11.26 09:07:14.558,1.30035,1.3004,2.40,6.40
2008.11.26 09:07:15.527,1.3004,1.3005,2.40,16.30
2008.11.26 09:07:15.808,1.3004,1.3005,10.40,23.00
2008.11.26 09:07:17.777,1.3004,1.3005,11.00,23.00
2008.11.26 09:07:18.177,1.3004,1.30045,11.00,4.80
2008.11.26 09:07:18.357,1.3004,1.3005,11.00,23.00
2008.11.26 09:07:18.537,1.3004,1.30045,11.00,6.20
2008.11.26 09:07:18.757,1.3004,1.30045,8.60,8.60
2008.11.26 09:07:18.986,1.3004,1.30045,8.00,16.60
2008.11.26 09:07:19.446,1.30035,1.3004,5.60,6.40
2008.11.26 09:07:21.116,1.30035,1.3004,5.60,11.40
2008.11.26 09:07:21.456,1.3004,1.30045,8.00,10.60
2008.11.26 09:07:21.746,1.3004,1.30045,8.00,16.60
2008.11.26 09:07:22.696,1.30035,1.3004,3.20,15.00
2008.11.26 09:07:22.976,1.30035,1.3004,5.60,6.40
2008.11.26 09:07:23.486,1.30035,1.3004,3.20,16.80
2008.11.26 09:07:23.876,1.30045,1.3005,2.40,16.70
2008.11.26 09:07:24.335,1.3005,1.30055,8.00,16.60
2008.11.26 09:07:24.575,1.3005,1.30055,8.00,11.80
2008.11.26 09:07:24.865,1.3005,1.30055,10.40,3.20
2008.11.26 09:07:25.095,1.3005,1.3006,11.00,23.00
2008.11.26 09:07:25.485,1.3005,1.3006,19.00,23.00
2008.11.26 09:07:25.845,1.30055,1.3006,2.40,14.40
2008.11.26 09:07:26.235,1.30055,1.3006,13.60,6.40
2008.11.26 09:07:26.525,1.3006,1.30065,8.00,16.60
2008.11.26 09:07:26.925,1.3006,1.30065,8.60,8.00
2008.11.26 09:07:27.155,1.3006,1.30065,8.60,9.20
2008.11.26 09:07:27.545,1.3006,1.30065,8.00,16.60
2008.11.26 09:07:28.234,1.3006,1.30065,8.00,8.00
2008.11.26 09:07:28.474,1.3006,1.30065,8.60,8.00
2008.11.26 09:07:28.654,1.3006,1.30065,8.60,10.40
2008.11.26 09:07:28.824,1.3006,1.30065,8.60,16.60
2008.11.26 09:07:29.004,1.3006,1.30065,8.00,16.60
2008.11.26 09:07:29.404,1.3006,1.30065,8.00,8.00
2008.11.26 09:07:29.464,1.3006,1.30065,8.60,8.00
2008.11.26 09:07:29.864,1.3006,1.30065,8.60,14.20
2008.11.26 09:07:29.974,1.3006,1.30065,8.60,16.60
2008.11.26 09:07:30.264,1.3006,1.30065,8.00,16.60
2008.11.26 09:07:30.594,1.3006,1.30065,8.00,27.80
2008.11.26 09:07:30.824,1.3006,1.30065,8.00,17.80
2008.11.26 09:07:31.174,1.3006,1.30065,8.00,21.80
2008.11.26 09:07:31.673,1.3004,1.3005,12.30,4.80
2008.11.26 09:07:31.954,1.3004,1.3005,16.60,11.40
2008.11.26 09:07:34.753,1.3003,1.30035,32.30,6.20
2008.11.26 09:07:35.043,1.3002,1.3003,30.90,4.80
2008.11.26 09:07:35.543,1.3003,1.30035,8.00,18.60
2008.11.26 09:07:35.832,1.3002,1.3003,11.00,23.00
2008.11.26 09:07:38.152,1.3002,1.30025,11.00,9.20
2008.11.26 09:07:38.492,1.3002,1.30025,8.60,10.40
2008.11.26 09:07:38.832,1.3002,1.30025,8.00,10.40
2008.11.26 09:07:39.522,1.3002,1.30025,10.40,8.00
2008.11.26 09:07:39.812,1.3002,1.3003,11.00,21.80
2008.11.26 09:07:40.091,1.3002,1.3003,19.00,21.80
2008.11.26 09:07:43.101,1.3002,1.30025,11.00,4.80
2008.11.26 09:07:43.671,1.3002,1.30025,8.00,16.60
2008.11.26 09:07:45.260,1.3002,1.30025,16.00,2.40
2008.11.26 09:07:45.500,1.3002,1.3003,20.00,26.20
2008.11.26 09:07:45.970,1.3002,1.3003,20.60,23.00
2008.11.26 09:07:46.320,1.3002,1.3003,19.00,23.00
2008.11.26 09:07:47.010,1.3002,1.30025,8.60,8.60
2008.11.26 09:07:47.410,1.3001,1.30015,8.60,2.40
2008.11.26 09:07:47.580,1.3001,1.30015,16.00,2.40
2008.11.26 09:07:47.880,1.3001,1.30015,8.00,8.00
2008.11.26 09:07:48.299,1.3001,1.30015,8.60,10.40
2008.11.26 09:07:48.639,1.3002,1.30025,10.40,12.00
2008.11.26 09:07:48.879,1.3002,1.3003,19.00,23.00
2008.11.26 09:07:49.449,1.3002,1.30025,8.00,8.20
2008.11.26 09:07:49.909,1.3002,1.30025,8.00,11.80
2008.11.26 09:07:50.259,1.3002,1.30025,8.00,16.60
2008.11.26 09:07:50.769,1.3002,1.30025,8.00,19.80
2008.11.26 09:07:51.059,1.3001,1.30015,8.60,2.40
2008.11.26 09:07:51.349,1.3001,1.30015,8.00,10.20
2008.11.26 09:07:51.799,1.30005,1.3001,3.80,6.40
2008.11.26 09:07:52.139,1.3001,1.3002,19.00,23.00
2008.11.26 09:07:53.108,1.3001,1.3002,19.00,16.80
2008.11.26 09:07:53.468,1.30015,1.3002,5.60,14.40
2008.11.26 09:07:54.108,1.30015,1.3002,5.60,6.40
2008.11.26 09:07:54.518,1.3002,1.30025,8.00,16.60
2008.11.26 09:07:54.628,1.3002,1.30025,8.00,11.60
2008.11.26 09:07:54.858,1.3002,1.3003,18.40,26.20
2008.11.26 09:07:55.028,1.3002,1.3003,19.00,23.00
2008.11.26 09:07:57.047,1.3002,1.30025,8.00,8.60
2008.11.26 09:07:57.407,1.3002,1.30025,8.00,19.80
2008.11.26 09:07:57.817,1.3001,1.30015,8.60,2.40
2008.11.26 09:07:58.277,1.3001,1.30015,8.00,10.40
2008.11.26 09:07:59.297,1.3001,1.3002,18.40,21.40
2008.11.26 09:07:59.577,1.3001,1.30015,19.00,1.20
2008.11.26 09:07:59.927,1.3,1.3001,20.80,16.80
2008.11.26 09:08:00.627,1.30005,1.3001,1.00,16.80
2008.11.26 09:08:01.156,1.3001,1.30015,2.40,8.00
2008.11.26 09:08:01.566,1.3001,1.3002,11.00,21.80
2008.11.26 09:08:01.956,1.30015,1.3002,2.40,14.40
2008.11.26 09:08:02.236,1.30015,1.3002,5.60,6.40
2008.11.26 09:08:03.056,1.3002,1.30025,8.00,16.60
2008.11.26 09:08:03.956,1.30015,1.3002,8.40,8.60
2008.11.26 09:08:04.176,1.30015,1.3002,8.40,16.60
2008.11.26 09:08:04.346,1.3001,1.3002,11.00,23.00
2008.11.26 09:08:04.516,1.3001,1.3002,19.00,15.00
2008.11.26 09:08:04.935,1.3002,1.30025,8.00,15.40
2008.11.26 09:08:05.155,1.3002,1.30025,8.00,11.80
2008.11.26 09:08:05.455,1.3002,1.30025,8.00,8.60
2008.11.26 09:08:06.035,1.3002,1.30025,10.40,1.20
2008.11.26 09:08:06.255,1.3002,1.3003,11.00,23.00
2008.11.26 09:08:06.545,1.3002,1.3003,27.40,23.00
2008.11.26 09:08:06.775,1.30025,1.3003,3.20,23.00
2008.11.26 09:08:07.065,1.3001,1.3002,20.30,2.40
2008.11.26 09:08:07.535,1.30015,1.3002,3.20,8.80
2008.11.26 09:08:08.055,1.3002,1.30025,3.20,17.10
2008.11.26 09:08:08.455,1.3002,1.30025,8.60,2.40
2008.11.26 09:08:08.854,1.3002,1.30025,8.00,8.00
2008.11.26 09:08:09.264,1.3002,1.30025,20.00,1.20
2008.11.26 09:08:09.674,1.30015,1.30025,36.80,10.40
2008.11.26 09:08:09.854,1.3002,1.30025,8.60,2.40
2008.11.26 09:08:10.294,1.3002,1.30025,8.60,16.60
2008.11.26 09:08:10.984,1.30015,1.3002,5.40,10.20
2008.11.26 09:08:11.494,1.30025,1.3003,3.20,23.00
2008.11.26 09:08:11.854,1.3002,1.30025,1.00,2.40
2008.11.26 09:08:12.184,1.3002,1.30025,16.60,2.40
2008.11.26 09:08:12.693,1.30025,1.3003,3.20,23.00
2008.11.26 09:08:13.313,1.30025,1.3003,3.20,15.00
2008.11.26 09:08:15.463,1.30025,1.3003,7.40,11.40
2008.11.26 09:08:15.753,1.3003,1.30035,13.00,8.00
2008.11.26 09:08:16.203,1.30035,1.3004,3.20,15.00
2008.11.26 09:08:18.042,1.3003,1.30035,8.60,8.60
2008.11.26 09:08:19.672,1.3003,1.30035,8.60,16.60
2008.11.26 09:08:22.203,1.30025,1.3003,13.80,6.20
2008.11.26 09:08:22.431,1.30025,1.3003,3.20,23.00
2008.11.26 09:08:22.671,1.30025,1.3003,8.80,8.80
2008.11.26 09:08:22.852,1.3003,1.30035,8.60,16.60
2008.11.26 09:08:23.311,1.3002,1.3003,14.70,15.20
2008.11.26 09:08:23.691,1.3003,1.30035,8.00,6.60
2008.11.26 09:08:25.891,1.3003,1.30035,8.00,16.60
2008.11.26 09:08:26.360,1.3003,1.30035,8.60,16.60
2008.11.26 09:08:26.830,1.30025,1.3003,12.70,6.20
2008.11.26 09:08:27.120,1.3003,1.30035,8.00,11.40
2008.11.26 09:08:27.830,1.30025,1.3003,1.00,13.80
2008.11.26 09:08:28.290,1.3002,1.30025,10.20,16.60
2008.11.26 09:08:28.570,1.3002,1.30025,10.20,10.40
2008.11.26 09:08:34.168,1.30015,1.3002,4.80,16.80
2008.11.26 09:08:34.528,1.30025,1.3003,4.80,21.80
2008.11.26 09:08:34.808,1.30025,1.3003,7.40,19.40
2008.11.26 09:08:35.208,1.3003,1.30035,4.80,14.70
2008.11.26 09:08:35.948,1.3003,1.30035,10.20,16.60
2008.11.26 09:08:37.418,1.3003,1.30035,8.60,16.60
2008.11.26 09:08:38.857,1.3003,1.3004,27.00,23.00
2008.11.26 09:08:39.077,1.30035,1.3004,3.20,17.00
2008.11.26 09:08:39.467,1.3003,1.30035,8.60,8.60
2008.11.26 09:08:40.097,1.3003,1.30035,8.60,3.60
2008.11.26 09:08:40.267,1.3003,1.30035,19.40,1.20
2008.11.26 09:08:40.497,1.30035,1.3004,3.20,17.00
2008.11.26 09:08:40.837,1.3003,1.30035,8.60,16.60
2008.11.26 09:08:41.187,1.3004,1.30045,2.40,8.20
2008.11.26 09:08:41.527,1.30045,1.3005,3.20,14.60
2008.11.26 09:08:41.946,1.30035,1.3004,3.20,12.60
2008.11.26 09:08:43.396,1.3002,1.3003,16.30,10.40
2008.11.26 09:08:43.896,1.30025,1.3003,13.80,6.40
2008.11.26 09:08:44.246,1.3003,1.30035,11.00,9.20
2008.11.26 09:08:44.646,1.3003,1.30035,19.40,8.00
2008.11.26 09:08:45.046,1.30035,1.3004,3.20,15.50
2008.11.26 09:08:45.386,1.3002,1.3003,21.10,2.40
2008.11.26 09:08:45.796,1.30025,1.3003,3.20,8.80
2008.11.26 09:08:46.325,1.3002,1.30025,8.60,10.40
2008.11.26 09:08:46.615,1.3002,1.30025,17.00,8.00
2008.11.26 09:08:46.955,1.3003,1.30035,16.20,12.60
2008.11.26 09:08:47.295,1.30035,1.3004,3.20,15.50
2008.11.26 09:08:47.655,1.3003,1.30035,6.90,8.60
2008.11.26 09:08:48.185,1.30035,1.3004,3.20,21.00
2008.11.26 09:08:48.645,1.30035,1.3004,3.20,15.90
2008.11.26 09:08:49.045,1.30025,1.3003,1.60,23.00
2008.11.26 09:08:49.275,1.3003,1.30035,3.20,21.00
2008.11.26 09:08:52.234,1.3002,1.30025,15.40,2.40
2008.11.26 09:08:52.454,1.30025,1.3003,3.20,13.90
2008.11.26 09:08:52.724,1.30025,1.3003,3.20,23.00
2008.11.26 09:08:53.124,1.30025,1.3003,4.80,15.00
2008.11.26 09:08:53.584,1.3003,1.30035,3.20,21.00
2008.11.26 09:08:54.344,1.3003,1.30035,5.00,19.60
2008.11.26 09:08:54.623,1.30035,1.3004,4.80,14.70
2008.11.26 09:08:54.853,1.3004,1.30045,3.20,24.20
2008.11.26 09:08:56.993,1.3003,1.30035,9.80,14.00
2008.11.26 09:08:57.333,1.3003,1.30035,1.60,23.60
2008.11.26 09:08:57.623,1.3003,1.30035,3.20,13.10
2008.11.26 09:08:58.083,1.3003,1.30035,13.00,10.70
2008.11.26 09:08:58.372,1.30035,1.3004,3.20,17.00
2008.11.26 09:08:58.662,1.30035,1.3004,1.00,8.20
2008.11.26 09:08:59.062,1.30025,1.3003,13.30,2.40
2008.11.26 09:08:59.342,1.3003,1.30035,7.40,4.20
2008.11.26 09:08:59.632,1.3004,1.30045,1.80,17.90
2008.11.26 09:08:59.742,1.30045,1.3005,3.20,15.90
2008.11.26 09:09:00.082,1.30045,1.3005,3.40,15.80
2008.11.26 09:09:00.432,1.3004,1.30045,17.20,4.80
2008.11.26 09:09:00.662,1.3004,1.30045,12.50,8.60
2008.11.26 09:09:02.252,1.30045,1.3005,5.00,23.00
2008.11.26 09:09:02.542,1.3005,1.30055,3.20,20.20
2008.11.26 09:09:03.571,1.30045,1.3005,4.80,15.00
2008.11.26 09:09:04.371,1.30045,1.3005,12.80,15.00
2008.11.26 09:09:04.621,1.30045,1.3005,12.80,13.80
2008.11.26 09:09:05.911,1.3005,1.30055,8.00,6.70
2008.11.26 09:09:06.311,1.3005,1.30055,12.00,10.70
2008.11.26 09:09:06.721,1.3005,1.30055,1.60,21.20
2008.11.26 09:09:06.961,1.3005,1.30055,10.00,11.60
2008.11.26 09:09:07.370,1.3006,1.30065,3.20,19.60
2008.11.26 09:09:07.790,1.3006,1.30065,8.00,12.30
2008.11.26 09:09:08.200,1.30055,1.3006,1.60,16.80
2008.11.26 09:09:09.460,1.30055,1.3006,1.60,21.80
2008.11.26 09:09:09.750,1.30055,1.3006,1.60,16.80
2008.11.26 09:09:10.490,1.30055,1.3006,7.20,14.40
2008.11.26 09:09:10.940,1.3006,1.30065,8.00,16.60
2008.11.26 09:09:11.929,1.30055,1.3006,8.40,2.40
2008.11.26 09:09:12.459,1.30055,1.3006,7.20,14.40
2008.11.26 09:09:12.799,1.30055,1.3006,1.60,16.80
2008.11.26 09:09:13.489,1.3005,1.3006,24.80,16.80
2008.11.26 09:09:13.769,1.3005,1.3006,23.40,16.80
2008.11.26 09:09:14.069,1.3005,1.30055,15.00,8.00
2008.11.26 09:09:16.408,1.3005,1.3006,15.00,23.00
2008.11.26 09:09:17.858,1.3006,1.30065,2.40,14.20
2008.11.26 09:09:18.038,1.30065,1.3007,1.60,19.80
2008.11.26 09:09:18.718,1.30065,1.3007,1.60,23.00
2008.11.26 09:09:20.027,1.3006,1.3007,11.00,23.00
2008.11.26 09:09:26.996,1.3006,1.3007,10.40,26.20
2008.11.26 09:09:27.985,1.30055,1.3006,14.50,8.60
2008.11.26 09:09:28.276,1.3005,1.30055,10.40,4.80
2008.11.26 09:09:28.625,1.3005,1.30055,10.40,6.20
2008.11.26 09:09:28.745,1.3005,1.30055,8.00,11.80
2008.11.26 09:09:29.105,1.3005,1.30055,8.00,19.80
2008.11.26 09:09:29.215,1.30045,1.3005,2.40,6.40
2008.11.26 09:09:30.875,1.30045,1.3005,2.40,11.40
2008.11.26 09:09:31.265,1.3004,1.3005,19.00,23.00
2008.11.26 09:09:31.385,1.3004,1.3005,18.40,26.20
2008.11.26 09:09:34.214,1.30035,1.3004,16.60,2.40
2008.11.26 09:09:34.534,1.3003,1.30035,18.40,1.20
2008.11.26 09:09:34.994,1.3003,1.30035,16.00,6.80
2008.11.26 09:09:35.343,1.3003,1.30035,8.00,3.20
2008.11.26 09:09:35.744,1.3003,1.30035,8.00,8.00
2008.11.26 09:09:36.134,1.3003,1.30035,10.40,8.00
2008.11.26 09:09:36.644,1.30045,1.3005,8.00,8.40
2008.11.26 09:09:36.993,1.3004,1.30045,4.80,3.60
2008.11.26 09:09:37.293,1.30035,1.30045,8.00,11.20
2008.11.26 09:09:37.633,1.3004,1.3005,8.00,23.80
2008.11.26 09:09:37.993,1.3003,1.3004,20.00,12.00
2008.11.26 09:09:38.393,1.3004,1.30045,8.00,22.70
2008.11.26 09:09:38.803,1.3003,1.3004,20.00,20.00
2008.11.26 09:09:39.223,1.30035,1.3004,2.40,9.60
2008.11.26 09:09:39.573,1.30035,1.3004,10.40,6.40
2008.11.26 09:09:39.982,1.30035,1.3004,2.40,9.60
2008.11.26 09:09:40.282,1.3004,1.30045,8.00,11.80
2008.11.26 09:09:41.152,1.3004,1.30045,8.00,5.60
2008.11.26 09:09:42.943,1.3004,1.30045,17.60,5.60
2008.11.26 09:09:43.352,1.30045,1.3005,10.40,6.40
2008.11.26 09:09:43.592,1.30045,1.3005,12.00,6.40
2008.11.26 09:09:44.232,1.3005,1.30055,8.00,27.80
2008.11.26 09:09:44.581,1.30045,1.3005,9.60,12.00
2008.11.26 09:09:44.991,1.30045,1.3005,12.00,6.40
2008.11.26 09:09:45.281,1.3005,1.30055,8.00,5.60
2008.11.26 09:09:46.081,1.3005,1.30055,8.00,12.30
2008.11.26 09:09:46.381,1.3005,1.30055,8.00,14.80
2008.11.26 09:09:46.781,1.3005,1.30055,8.00,13.60
2008.11.26 09:09:47.541,1.3005,1.30055,12.00,3.20
2008.11.26 09:09:47.960,1.3005,1.3006,12.00,20.00
2008.11.26 09:09:51.840,1.30055,1.3006,2.40,17.60
2008.11.26 09:09:52.180,1.30055,1.3006,2.40,6.40
2008.11.26 09:09:52.349,1.30055,1.3006,4.00,14.40
2008.11.26 09:09:52.469,1.3006,1.30065,3.80,12.00
2008.11.26 09:09:52.870,1.3006,1.3007,10.60,24.80
2008.11.26 09:09:53.480,1.3006,1.30065,8.00,2.40
2008.11.26 09:09:53.759,1.3006,1.3007,10.40,26.20
2008.11.26 09:09:55.880,1.3006,1.3007,10.40,21.20
2008.11.26 09:09:56.109,1.3006,1.3007,10.40,20.00
2008.11.26 09:09:56.808,1.30065,1.3007,1.60,20.00
2008.11.26 09:09:57.318,1.30062,1.30078,2.40,11.20
2008.11.26 09:09:57.679,1.3008,1.30095,9.60,3.20
2008.11.26 09:09:57.958,1.3008,1.301,8.00,8.00
2008.11.26 09:09:58.308,1.30085,1.3009,9.20,22.20
2008.11.26 09:09:58.698,1.3008,1.30085,8.00,5.60
2008.11.26 09:09:59.278,1.3008,1.30085,8.00,13.60
2008.11.26 09:10:00.078,1.3008,1.30085,9.40,13.60
2008.11.26 09:10:00.488,1.30085,1.3009,1.40,18.60
2008.11.26 09:10:00.718,1.30085,1.3009,9.40,6.40
2008.11.26 09:10:01.127,1.3009,1.30095,8.00,15.50
2008.11.26 09:10:01.717,1.3009,1.30095,8.00,17.80
2008.11.26 09:10:02.127,1.3008,1.30085,8.00,13.60
2008.11.26 09:10:02.977,1.3007,1.3008,16.00,20.00
2008.11.26 09:10:03.337,1.3007,1.3008,14.40,26.20
2008.11.26 09:10:04.617,1.30075,1.3008,1.60,26.20
2008.11.26 09:10:04.787,1.30075,1.3008,1.60,13.60
2008.11.26 09:10:05.206,1.30065,1.3007,9.60,12.00
2008.11.26 09:10:05.496,1.30065,1.3007,12.00,6.40
2008.11.26 09:10:05.796,1.3007,1.30075,8.00,13.60
2008.11.26 09:10:06.136,1.3007,1.30075,16.00,3.20
2008.11.26 09:10:06.426,1.3007,1.3008,12.00,20.00
2008.11.26 09:10:07.006,1.3007,1.3008,12.80,16.80
2008.11.26 09:10:07.356,1.3007,1.30075,9.00,2.40
2008.11.26 09:10:07.736,1.3007,1.30075,8.00,10.40
2008.11.26 09:10:08.096,1.3007,1.30075,8.00,16.60
2008.11.26 09:10:08.626,1.30063,1.30078,14.40,16.80
2008.11.26 09:10:08.966,1.30063,1.30073,11.00,1.20
2008.11.26 09:10:09.385,1.30063,1.30068,9.60,7.20
2008.11.26 09:10:09.785,1.30058,1.30068,8.00,13.60
2008.11.26 09:10:10.245,1.30056,1.30066,22.40,13.60
2008.11.26 09:10:10.535,1.30053,1.30063,20.80,13.60
2008.11.26 09:10:10.995,1.30053,1.30058,1.60,21.60
2008.11.26 09:10:11.515,1.30051,1.30056,3.00,16.80
2008.11.26 09:10:11.735,1.3004,1.30045,3.80,10.40
2008.11.26 09:10:12.195,1.30045,1.3005,1.60,13.20
2008.11.26 09:10:12.525,1.3005,1.30055,5.40,11.60
2008.11.26 09:10:12.935,1.30055,1.3006,1.60,14.00
2008.11.26 09:10:13.455,1.3005,1.30055,8.00,2.40
2008.11.26 09:10:13.854,1.3006,1.3007,2.40,23.50
2008.11.26 09:10:14.214,1.30065,1.3007,1.40,16.80
2008.11.26 09:10:14.504,1.30065,1.3007,7.20,6.40
2008.11.26 09:10:14.724,1.30065,1.3007,7.00,6.40
2008.11.26 09:10:15.124,1.30055,1.3006,10.20,2.40
2008.11.26 09:10:15.524,1.30055,1.3006,8.00,16.80
2008.11.26 09:10:15.864,1.3005,1.30055,8.80,3.60
2008.11.26 09:10:16.314,1.30045,1.3005,8.00,8.80
2008.11.26 09:10:16.754,1.30045,1.3005,3.80,14.40
2008.11.26 09:10:17.144,1.30045,1.3005,8.60,6.40
2008.11.26 09:10:17.694,1.30055,1.3006,1.60,16.80
2008.11.26 09:10:18.213,1.3005,1.3006,12.80,16.80
2008.11.26 09:10:19.143,1.3006,1.30065,1.40,11.60
2008.11.26 09:10:19.553,1.3006,1.3007,12.80,16.80
2008.11.26 09:10:19.843,1.3006,1.3007,20.80,8.80
2008.11.26 09:10:20.263,1.30065,1.3007,4.00,14.40
2008.11.26 09:10:20.663,1.30065,1.3007,15.20,6.40
2008.11.26 09:10:20.953,1.3007,1.3008,11.40,21.60
2008.11.26 09:10:21.193,1.3007,1.30075,11.80,8.00
2008.11.26 09:10:21.652,1.3007,1.3008,12.80,16.80
2008.11.26 09:10:22.173,1.30075,1.3008,10.40,6.40
2008.11.26 09:10:22.453,1.3007,1.30075,18.90,4.80
2008.11.26 09:10:22.962,1.30065,1.3007,9.00,2.40
2008.11.26 09:10:23.462,1.3006,1.3007,20.80,8.80
2008.11.26 09:10:24.042,1.3006,1.3007,12.80,16.80
2008.11.26 09:10:24.612,1.30065,1.3007,4.00,14.40
2008.11.26 09:10:24.852,1.30065,1.3007,7.20,6.40
2008.11.26 09:10:25.382,1.3007,1.30075,8.00,10.40
2008.11.26 09:10:26.411,1.30065,1.3007,8.40,10.40
2008.11.26 09:10:26.871,1.3006,1.3007,12.80,16.80
2008.11.26 09:10:27.771,1.30065,1.3007,1.00,16.80
2008.11.26 09:10:28.041,1.30065,1.3007,5.60,14.40
2008.11.26 09:10:28.511,1.3007,1.3008,10.40,21.60
2008.11.26 09:10:28.791,1.3007,1.3008,11.00,16.80
2008.11.26 09:10:29.081,1.3007,1.3008,19.00,8.80
2008.11.26 09:10:29.421,1.3007,1.3008,20.40,8.80
2008.11.26 09:10:29.711,1.3007,1.3008,22.00,8.80
2008.11.26 09:10:30.111,1.3007,1.3008,22.40,8.80
2008.11.26 09:10:30.410,1.3008,1.30085,8.00,5.60
2008.11.26 09:10:30.641,1.3008,1.30085,8.00,10.40
2008.11.26 09:10:31.840,1.3008,1.30085,8.00,2.40
2008.11.26 09:10:32.520,1.3008,1.30085,8.00,10.40
2008.11.26 09:10:32.750,1.3008,1.30085,8.00,2.40
2008.11.26 09:10:33.080,1.3008,1.30085,8.00,10.40
2008.11.26 09:10:33.371,1.3008,1.30085,8.00,2.40
2008.11.26 09:10:34.050,1.3008,1.30085,8.00,10.40
2008.11.26 09:10:34.280,1.3008,1.30085,8.00,2.40
2008.11.26 09:10:34.989,1.3008,1.30085,9.40,2.40
2008.11.26 09:10:35.329,1.3008,1.3009,12.80,16.80
2008.11.26 09:10:35.559,1.3008,1.3009,20.00,12.00
2008.11.26 09:10:35.899,1.3008,1.30085,18.00,2.40
2008.11.26 09:10:36.239,1.3008,1.30085,8.00,2.40
2008.11.26 09:10:36.469,1.3008,1.30085,8.00,10.40
2008.11.26 09:10:37.738,1.3008,1.30085,8.00,2.40
2008.11.26 09:10:38.088,1.3008,1.30085,8.00,10.40
2008.11.26 09:10:41.248,1.30095,1.301,8.00,22.50
2008.11.26 09:10:41.418,1.30095,1.30105,12.00,27.00
2008.11.26 09:10:41.528,1.301,1.30105,8.00,8.60
2008.11.26 09:10:42.208,1.301,1.30105,8.00,7.20
2008.11.26 09:10:42.557,1.301,1.30105,8.00,10.40
2008.11.26 09:10:44.797,1.3009,1.301,12.80,16.80
2008.11.26 09:10:45.137,1.3009,1.301,20.80,16.80
2008.11.26 09:10:45.307,1.301,1.30105,8.00,10.40
2008.11.26 09:10:45.637,1.3011,1.30115,2.40,15.80
2008.11.26 09:10:46.106,1.3011,1.3012,11.00,23.00
2008.11.26 09:10:46.486,1.3011,1.3012,12.80,16.80
2008.11.26 09:10:47.506,1.3012,1.30125,1.00,19.90
2008.11.26 09:10:47.916,1.3012,1.30125,3.20,11.60
2008.11.26 09:10:48.326,1.3012,1.30125,8.00,10.40
2008.11.26 09:10:48.716,1.3012,1.30125,8.00,6.70
2008.11.26 09:10:49.016,1.3012,1.3013,12.80,16.80
2008.11.26 09:10:49.296,1.3012,1.3013,14.40,16.80
2008.11.26 09:10:49.626,1.3013,1.30135,1.40,10.40
2008.11.26 09:10:50.145,1.30135,1.3014,12.00,6.40
2008.11.26 09:10:50.505,1.3014,1.30145,8.00,10.40
2008.11.26 09:10:50.786,1.3014,1.30145,8.00,2.40
2008.11.26 09:10:51.535,1.3014,1.30145,8.00,7.20
2008.11.26 09:10:51.875,1.3013,1.3014,20.80,16.80
2008.11.26 09:10:53.325,1.3013,1.3014,12.80,16.80
2008.11.26 09:10:53.545,1.3013,1.30135,10.40,2.40
2008.11.26 09:10:53.775,1.3013,1.30135,8.00,2.40
2008.11.26 09:10:54.115,1.3013,1.30135,8.00,11.40
2008.11.26 09:10:54.395,1.3013,1.30135,8.00,13.20
2008.11.26 09:10:54.745,1.3013,1.30135,8.00,8.00
2008.11.26 09:10:55.084,1.3013,1.30135,9.40,8.00
2008.11.26 09:10:55.434,1.3013,1.3014,10.00,14.40
2008.11.26 09:10:57.374,1.30135,1.3014,1.60,14.40
2008.11.26 09:10:57.674,1.3014,1.3015,5.60,14.70
2008.11.26 09:10:58.114,1.3014,1.3015,19.00,15.00
2008.11.26 09:10:58.584,1.3014,1.3015,18.40,6.40
2008.11.26 09:10:58.824,1.3014,1.3015,10.40,14.40
2008.11.26 09:10:59.154,1.3015,1.30155,10.40,8.00
2008.11.26 09:10:59.503,1.3015,1.30155,16.60,7.20
2008.11.26 09:10:59.903,1.3015,1.30155,8.00,10.40
2008.11.26 09:11:00.533,1.3015,1.30155,8.00,12.00
2008.11.26 09:11:00.883,1.3015,1.30155,8.00,13.40
2008.11.26 09:11:01.113,1.30135,1.30145,28.80,2.40
2008.11.26 09:11:01.473,1.3014,1.30145,8.00,5.60
2008.11.26 09:11:02.792,1.30135,1.3014,9.90,8.00
2008.11.26 09:11:03.322,1.30135,1.3014,3.80,17.60
2008.11.26 09:11:03.672,1.30135,1.3014,12.00,6.40
2008.11.26 09:11:04.022,1.3014,1.30145,8.00,13.60
2008.11.26 09:11:04.762,1.3014,1.30145,8.00,20.30
2008.11.26 09:11:05.122,1.30135,1.3014,12.00,6.40
2008.11.26 09:11:05.352,1.3014,1.30145,8.00,13.60
2008.11.26 09:11:05.582,1.3014,1.30145,10.40,11.20
2008.11.26 09:11:05.932,1.3014,1.3015,10.40,24.80
2008.11.26 09:11:06.212,1.3014,1.3015,10.40,20.00
2008.11.26 09:11:06.722,1.3014,1.3015,11.80,20.00
2008.11.26 09:11:07.961,1.30145,1.3015,2.40,17.60
2008.11.26 09:11:08.421,1.30145,1.3015,2.40,6.40
2008.11.26 09:11:09.111,1.3015,1.30155,1.60,12.00
2008.11.26 09:11:09.511,1.3016,1.30165,8.00,13.60
2008.11.26 09:11:09.801,1.3016,1.30165,8.00,8.00
2008.11.26 09:11:10.201,1.3016,1.3017,9.60,17.60
2008.11.26 09:11:11.001,1.3017,1.3018,1.60,28.90
2008.11.26 09:11:11.360,1.3017,1.3018,1.60,19.30
2008.11.26 09:11:11.870,1.3018,1.30185,8.00,13.60
2008.11.26 09:11:12.280,1.3018,1.30185,8.00,8.00
2008.11.26 09:11:12.630,1.30175,1.3018,8.40,2.40
2008.11.26 09:11:12.910,1.3017,1.3018,20.00,20.00
2008.11.26 09:11:14.330,1.3017,1.30175,18.40,12.80
2008.11.26 09:11:14.690,1.30165,1.3017,8.80,16.80
2008.11.26 09:11:14.980,1.3016,1.30165,19.20,2.40
2008.11.26 09:11:15.330,1.3015,1.3016,20.80,8.80
2008.11.26 09:11:15.559,1.3015,1.3016,20.00,20.00
2008.11.26 09:11:15.969,1.30155,1.3016,3.80,17.60
2008.11.26 09:11:16.389,1.30155,1.3016,3.80,6.40
2008.11.26 09:11:16.829,1.3016,1.30165,8.00,20.30
2008.11.26 09:11:17.179,1.3015,1.3016,20.00,20.00
2008.11.26 09:11:17.929,1.3015,1.3016,18.40,20.00
2008.11.26 09:11:18.459,1.30145,1.3015,14.10,6.40
2008.11.26 09:11:18.759,1.3014,1.3015,12.00,20.00
2008.11.26 09:11:21.068,1.3014,1.3015,10.40,26.20
2008.11.26 09:11:21.349,1.3014,1.30145,8.00,5.60
2008.11.26 09:11:21.758,1.3014,1.30145,8.00,19.80
2008.11.26 09:11:22.028,1.3013,1.3014,20.00,20.80
2008.11.26 09:11:22.548,1.3012,1.3013,12.00,20.00
2008.11.26 09:11:23.188,1.30125,1.3013,2.40,17.60
2008.11.26 09:11:23.518,1.30125,1.3013,3.80,14.40
2008.11.26 09:11:23.738,1.3013,1.30135,8.00,13.60
2008.11.26 09:11:24.027,1.3013,1.30135,8.00,27.80
2008.11.26 09:11:24.257,1.3012,1.3013,10.40,24.80
2008.11.26 09:11:24.707,1.30125,1.3013,2.40,6.40
2008.11.26 09:11:25.097,1.3011,1.3014,8.00,16.60
2008.11.26 09:11:25.507,1.30107,1.30137,1.60,14.40
2008.11.26 09:11:25.927,1.30104,1.30134,1.40,9.60
2008.11.26 09:11:26.277,1.30114,1.30119,8.00,9.60
2008.11.26 09:11:26.677,1.30112,1.30117,8.00,8.00
2008.11.26 09:11:27.626,1.3011,1.30115,8.00,10.40
2008.11.26 09:11:27.916,1.30107,1.30113,8.00,13.60
2008.11.26 09:11:28.926,1.30105,1.3011,12.00,2.40
2008.11.26 09:11:29.326,1.301,1.3011,12.00,16.80
2008.11.26 09:11:29.626,1.30085,1.3009,3.00,16.80
2008.11.26 09:11:30.026,1.3009,1.301,10.40,23.00
2008.11.26 09:11:30.376,1.3009,1.301,11.00,23.00
2008.11.26 09:11:30.716,1.3009,1.301,11.00,16.80
2008.11.26 09:11:31.706,1.301,1.30105,8.00,5.80
2008.11.26 09:11:32.095,1.301,1.30105,8.00,16.30
2008.11.26 09:11:32.385,1.3009,1.301,10.40,16.80
2008.11.26 09:11:32.965,1.3009,1.301,10.40,23.00
2008.11.26 09:11:33.835,1.3009,1.30095,8.00,2.40
2008.11.26 09:11:34.245,1.3008,1.30085,8.00,6.70
2008.11.26 09:11:34.645,1.3007,1.30075,8.00,3.60
2008.11.26 09:11:34.915,1.3007,1.30075,8.00,10.40
2008.11.26 09:11:35.904,1.3007,1.30075,9.60,8.00
2008.11.26 09:11:36.174,1.30075,1.3008,1.60,11.80
2008.11.26 09:11:36.694,1.30075,1.3008,1.00,11.80
2008.11.26 09:11:36.974,1.3007,1.30075,10.40,7.60
2008.11.26 09:11:37.494,1.3007,1.30075,9.60,8.00
2008.11.26 09:11:38.404,1.3007,1.30075,8.00,8.00
2008.11.26 09:11:38.814,1.3007,1.30075,8.00,10.40
2008.11.26 09:11:41.543,1.3007,1.3008,11.80,16.80
2008.11.26 09:11:42.113,1.3007,1.3008,11.80,20.00
2008.11.26 09:11:42.903,1.3007,1.3008,10.40,20.00
2008.11.26 09:11:45.332,1.30075,1.3008,8.00,8.80
2008.11.26 09:11:45.502,1.30075,1.3008,13.60,8.80
2008.11.26 09:11:45.882,1.3008,1.30085,8.00,8.60
2008.11.26 09:11:46.232,1.3007,1.30075,8.00,8.20
2008.11.26 09:11:46.592,1.3006,1.3007,12.80,16.80
2008.11.26 09:11:46.882,1.3006,1.3007,20.80,8.80
2008.11.26 09:11:47.622,1.3007,1.30075,8.00,12.30
2008.11.26 09:11:47.972,1.3006,1.3007,12.00,16.80
2008.11.26 09:11:48.312,1.3006,1.3007,12.80,16.80
2008.11.26 09:11:48.412,1.3006,1.3007,20.80,8.80
2008.11.26 09:11:49.201,1.3006,1.3007,20.00,8.80
2008.11.26 09:11:49.491,1.3006,1.3007,20.80,8.80
2008.11.26 09:11:49.831,1.3006,1.3007,12.00,16.80
2008.11.26 09:11:52.031,1.3006,1.30065,8.00,2.40
2008.11.26 09:11:52.311,1.3006,1.30065,8.00,3.60
2008.11.26 09:11:52.700,1.3006,1.30065,8.00,7.20
2008.11.26 09:11:53.031,1.3006,1.30065,8.00,2.40
2008.11.26 09:11:53.540,1.3006,1.30065,8.00,10.40
2008.11.26 09:11:54.000,1.3006,1.30065,9.40,10.40
2008.11.26 09:11:54.460,1.3006,1.30065,8.00,10.40
2008.11.26 09:11:54.870,1.3006,1.30065,8.00,2.40
2008.11.26 09:11:55.110,1.3006,1.30065,8.00,10.40
2008.11.26 09:11:57.009,1.3006,1.30065,8.00,15.20
2008.11.26 09:11:57.249,1.3005,1.3006,20.80,8.80
2008.11.26 09:11:57.659,1.3006,1.30065,8.00,13.10
2008.11.26 09:11:57.879,1.30055,1.3006,12.00,6.40
2008.11.26 09:11:58.159,1.30055,1.3006,3.80,6.40
2008.11.26 09:11:58.509,1.30055,1.3006,12.00,6.40
2008.11.26 09:11:58.859,1.3006,1.30065,8.00,10.40
2008.11.26 09:11:59.199,1.3006,1.30065,8.00,10.40
2008.11.26 09:12:00.179,1.3005,1.3006,20.80,8.80
2008.11.26 09:12:00.529,1.3006,1.30065,8.00,15.20
2008.11.26 09:12:00.809,1.3006,1.30065,8.00,10.70
2008.11.26 09:12:01.038,1.3005,1.3006,20.80,8.80
2008.11.26 09:12:01.209,1.30055,1.3006,4.00,6.40
2008.11.26 09:12:01.558,1.3006,1.30065,8.00,10.40
2008.11.26 09:12:03.188,1.3005,1.30055,2.40,10.40
2008.11.26 09:12:03.818,1.3005,1.30055,1.00,15.20
2008.11.26 09:12:04.108,1.3004,1.3005,18.40,16.80
2008.11.26 09:12:04.398,1.3005,1.30055,2.40,13.50
2008.11.26 09:12:04.748,1.30055,1.3006,3.80,6.40
2008.11.26 09:12:05.038,1.3006,1.30065,10.40,8.00
2008.11.26 09:12:05.557,1.3006,1.30065,11.80,8.00
2008.11.26 09:12:05.847,1.3006,1.3007,11.80,20.00
2008.11.26 09:12:06.087,1.3006,1.30065,8.00,2.40
2008.11.26 09:12:06.387,1.30065,1.3007,8.20,23.80
2008.11.26 09:12:06.607,1.30075,1.3008,2.40,14.40
2008.11.26 09:12:06.897,1.3007,1.30075,8.10,8.00
2008.11.26 09:12:07.187,1.30075,1.3008,2.60,12.80
2008.11.26 09:12:07.647,1.30075,1.3008,1.40,14.40
2008.11.26 09:12:08.007,1.3007,1.3008,18.00,6.40
2008.11.26 09:12:08.417,1.30075,1.3008,1.40,6.40
2008.11.26 09:12:09.157,1.3007,1.3008,16.60,11.20
2008.11.26 09:12:09.446,1.3007,1.3008,16.00,11.20
2008.11.26 09:12:10.486,1.3007,1.3008,16.00,14.40
2008.11.26 09:12:12.166,1.3007,1.3008,16.00,16.00
2008.11.26 09:12:12.336,1.3007,1.30075,16.00,3.20
2008.11.26 09:12:12.686,1.3007,1.30075,8.00,11.80
2008.11.26 09:12:13.726,1.3007,1.30075,8.00,8.20
2008.11.26 09:12:14.005,1.30063,1.30078,20.00,12.00
2008.11.26 09:12:15.315,1.30055,1.3006,8.00,12.00
2008.11.26 09:12:16.495,1.30055,1.3006,11.80,9.60
2008.11.26 09:12:17.005,1.3006,1.30065,8.20,13.60
2008.11.26 09:12:17.284,1.3006,1.30065,9.60,3.20
2008.11.26 09:12:18.064,1.30065,1.3007,3.80,17.60
2008.11.26 09:12:18.534,1.3008,1.30085,8.00,10.60
2008.11.26 09:12:19.114,1.3007,1.30075,16.00,5.60
2008.11.26 09:12:19.794,1.3007,1.30075,8.00,5.60
2008.11.26 09:12:23.283,1.3007,1.30075,18.40,3.20
2008.11.26 09:12:23.403,1.3007,1.3008,18.40,16.80
2008.11.26 09:12:27.582,1.3007,1.30075,16.00,2.40
2008.11.26 09:12:27.992,1.3007,1.30075,16.00,5.60
2008.11.26 09:12:28.272,1.3007,1.30075,8.00,15.40
2008.11.26 09:12:28.502,1.3006,1.3007,18.40,16.80
2008.11.26 09:12:29.291,1.3006,1.3007,18.40,24.80
2008.11.26 09:12:29.532,1.3006,1.3007,18.40,16.80
2008.11.26 09:12:32.501,1.3006,1.3007,18.40,12.00
2008.11.26 09:12:32.671,1.3006,1.3007,18.40,8.80
2008.11.26 09:12:38.529,1.3006,1.3007,18.40,13.60
2008.11.26 09:12:38.699,1.3006,1.30065,8.00,2.40
2008.11.26 09:12:40.659,1.3006,1.30065,8.00,10.40
2008.11.26 09:12:42.468,1.3006,1.30065,8.00,15.20
2008.11.26 09:12:42.518,1.3005,1.3006,14.40,2.40
2008.11.26 09:12:42.579,1.3005,1.3006,20.80,8.80
2008.11.26 09:12:43.428,1.3005,1.3006,20.00,8.80
2008.11.26 09:12:44.068,1.3005,1.3006,11.00,16.80
2008.11.26 09:12:44.588,1.3004,1.30045,14.40,2.40
2008.11.26 09:12:44.888,1.30045,1.3005,8.00,13.40
2008.11.26 09:12:45.248,1.3003,1.30045,20.80,8.80
2008.11.26 09:12:45.588,1.3003,1.30045,18.40,16.80
2008.11.26 09:12:46.278,1.30035,1.3004,1.60,24.80
2008.11.26 09:12:46.517,1.30035,1.3004,1.60,15.00
2008.11.26 09:12:46.738,1.3004,1.30045,8.00,19.80
2008.11.26 09:12:47.027,1.3004,1.30045,8.00,16.60
2008.11.26 09:12:47.367,1.30035,1.3004,2.40,6.40
2008.11.26 09:12:47.727,1.3004,1.30045,8.00,16.60
2008.11.26 09:12:48.187,1.30035,1.3004,1.60,8.80
2008.11.26 09:12:49.277,1.3004,1.30045,2.40,12.60
2008.11.26 09:12:49.507,1.30045,1.3005,1.60,26.20
2008.11.26 09:12:50.707,1.3004,1.30045,8.00,8.60
2008.11.26 09:12:51.066,1.3004,1.30045,8.00,16.60
2008.11.26 09:12:51.466,1.3004,1.30045,8.00,19.80
2008.11.26 09:12:51.586,1.3003,1.3004,16.60,6.40
2008.11.26 09:12:52.446,1.3003,1.30035,8.00,10.40
2008.11.26 09:12:52.726,1.3003,1.30035,8.00,15.20
2008.11.26 09:12:53.206,1.3003,1.30035,8.00,19.80
2008.11.26 09:12:53.546,1.3002,1.3003,24.00,16.80
2008.11.26 09:12:54.296,1.3002,1.3003,22.60,16.80
2008.11.26 09:12:54.646,1.30015,1.3002,10.80,11.20
2008.11.26 09:12:54.926,1.3001,1.3002,17.20,16.80
2008.11.26 09:12:55.095,1.30015,1.3002,1.60,16.80
2008.11.26 09:12:55.395,1.3001,1.30015,5.10,2.40
2008.11.26 09:12:55.626,1.3001,1.30015,8.00,2.40
2008.11.26 09:12:55.985,1.3001,1.3002,24.00,20.00
2008.11.26 09:12:56.285,1.30015,1.3002,1.60,20.00
2008.11.26 09:12:56.905,1.30015,1.3002,1.60,24.80
2008.11.26 09:12:57.205,1.3001,1.30015,9.10,2.40
2008.11.26 09:12:57.555,1.3001,1.30015,8.00,2.40
2008.11.26 09:12:58.565,1.30005,1.3001,8.60,2.40
2008.11.26 09:12:58.964,1.30005,1.3001,1.60,16.80
2008.11.26 09:12:59.774,1.30005,1.3001,1.60,21.60
2008.11.26 09:13:00.344,1.3,1.30005,16.60,2.40
2008.11.26 09:13:00.674,1.3,1.30005,11.80,8.00
2008.11.26 09:13:00.974,1.3,1.3001,22.60,21.60
2008.11.26 09:13:01.334,1.3,1.3001,14.40,26.20
2008.11.26 09:13:01.634,1.29995,1.3,16.10,4.80
2008.11.26 09:13:02.274,1.2999,1.29995,16.00,7.80
2008.11.26 09:13:02.634,1.29983,1.29998,1.00,6.20
2008.11.26 09:13:02.873,1.29975,1.3,12.00,23.80
2008.11.26 09:13:03.224,1.29975,1.29995,8.00,4.80
2008.11.26 09:13:03.643,1.29955,1.2998,8.60,14.40
2008.11.26 09:13:04.033,1.2997,1.29975,1.00,17.20
2008.11.26 09:13:04.533,1.29975,1.2998,3.20,14.40
2008.11.26 09:13:04.833,1.2998,1.29985,1.60,16.40
2008.11.26 09:13:05.353,1.29965,1.2997,1.80,14.40
2008.11.26 09:13:05.643,1.2996,1.2997,14.40,16.80
2008.11.26 09:13:05.983,1.29965,1.2997,1.40,17.60
2008.11.26 09:13:06.313,1.2997,1.29975,4.00,16.00
2008.11.26 09:13:06.652,1.2997,1.29975,16.00,8.00
2008.11.26 09:13:07.242,1.29975,1.2998,1.60,6.40
2008.11.26 09:13:07.693,1.29985,1.2999,1.60,12.80
2008.11.26 09:13:08.782,1.29985,1.2999,1.60,6.40
2008.11.26 09:13:09.062,1.2998,1.2999,11.80,17.60
2008.11.26 09:13:09.532,1.2998,1.2999,14.00,14.40
2008.11.26 09:13:09.702,1.2998,1.2999,13.40,17.60
2008.11.26 09:13:10.462,1.2998,1.2999,12.00,23.80
2008.11.26 09:13:10.982,1.29985,1.2999,4.20,22.40
2008.11.26 09:13:11.381,1.29985,1.2999,15.20,6.40
2008.11.26 09:13:11.762,1.3,1.30005,1.40,23.40
2008.11.26 09:13:12.291,1.3,1.3001,3.00,17.60
2008.11.26 09:13:12.671,1.30005,1.30015,12.00,3.20
2008.11.26 09:13:13.091,1.30005,1.3001,9.60,6.40
2008.11.26 09:13:13.391,1.30005,1.3001,11.00,6.40
2008.11.26 09:13:14.131,1.3,1.30005,12.80,3.20
2008.11.26 09:13:14.531,1.3,1.30005,24.00,3.20
2008.11.26 09:13:14.871,1.3,1.3001,21.00,12.60
2008.11.26 09:13:15.110,1.3,1.3001,16.00,23.80
2008.11.26 09:13:15.491,1.3,1.3001,16.00,22.40
2008.11.26 09:13:15.841,1.3,1.30005,16.00,4.80
2008.11.26 09:13:16.010,1.3,1.30005,8.00,8.40
2008.11.26 09:13:16.250,1.3,1.3001,8.00,17.60
2008.11.26 09:13:16.720,1.3,1.3001,16.00,22.40
2008.11.26 09:13:17.000,1.3,1.3001,16.00,23.80
2008.11.26 09:13:17.400,1.3,1.3001,16.00,18.80
2008.11.26 09:13:17.630,1.3,1.3001,16.00,17.60
2008.11.26 09:13:18.150,1.3,1.30005,8.00,14.20
2008.11.26 09:13:18.490,1.3,1.30005,8.00,11.50
2008.11.26 09:13:18.950,1.29995,1.3,8.00,9.60
2008.11.26 09:13:20.629,1.2999,1.3,16.00,22.40
2008.11.26 09:13:21.539,1.2999,1.3,8.00,22.40
2008.11.26 09:13:22.769,1.2999,1.3,8.00,31.80
2008.11.26 09:13:23.169,1.2999,1.3,8.00,34.20
2008.11.26 09:13:23.509,1.2999,1.29995,8.00,3.20
2008.11.26 09:13:24.078,1.2999,1.29995,8.00,11.20
2008.11.26 09:13:24.299,1.3,1.30005,5.60,11.40
2008.11.26 09:13:24.618,1.3001,1.30015,1.60,14.00
2008.11.26 09:13:25.138,1.30015,1.3002,1.60,13.80
2008.11.26 09:13:25.418,1.3002,1.3003,11.20,9.50
2008.11.26 09:13:25.708,1.3002,1.30025,8.60,18.20
2008.11.26 09:13:26.058,1.30005,1.30015,16.80,7.20
2008.11.26 09:13:26.468,1.3001,1.30015,8.00,11.50
2008.11.26 09:13:27.108,1.3001,1.30015,8.60,8.00
2008.11.26 09:13:27.398,1.3,1.3001,16.60,15.80
2008.11.26 09:13:27.697,1.3,1.30005,16.60,6.20
2008.11.26 09:13:28.268,1.3,1.30005,8.00,17.40
2008.11.26 09:13:29.117,1.3,1.30005,8.00,11.20
2008.11.26 09:13:29.457,1.3,1.30005,8.00,17.40
2008.11.26 09:13:30.367,1.3,1.30005,12.00,3.20
2008.11.26 09:13:30.787,1.30005,1.3001,1.60,23.80
2008.11.26 09:13:31.207,1.3,1.30005,8.00,17.40
2008.11.26 09:13:31.686,1.3,1.30005,8.00,11.20
2008.11.26 09:13:33.136,1.3,1.30005,8.00,8.00
2008.11.26 09:13:33.407,1.3,1.3001,20.00,23.80
2008.11.26 09:13:33.746,1.30005,1.3001,1.60,20.60
2008.11.26 09:13:35.606,1.3,1.30005,9.90,6.20
2008.11.26 09:13:35.946,1.30005,1.3001,5.60,17.60
2008.11.26 09:13:36.356,1.30015,1.3002,1.60,24.20
2008.11.26 09:13:36.695,1.3001,1.30015,8.00,14.20
2008.11.26 09:13:37.095,1.30005,1.3001,3.20,6.40
2008.11.26 09:13:37.325,1.30005,1.3001,12.80,6.40
2008.11.26 09:13:38.265,1.30005,1.3001,4.80,11.20
2008.11.26 09:13:38.485,1.30005,1.3001,4.80,7.60
2008.11.26 09:13:38.765,1.30005,1.3001,12.80,6.40
2008.11.26 09:13:39.984,1.30005,1.3001,12.80,11.20
2008.11.26 09:13:40.265,1.30005,1.3001,4.80,11.20
2008.11.26 09:13:40.425,1.30005,1.3001,4.80,15.00
2008.11.26 09:13:40.724,1.3,1.30005,10.40,1.20
2008.11.26 09:13:41.184,1.30005,1.3001,1.60,6.40
2008.11.26 09:13:41.554,1.30005,1.3001,4.80,6.40
2008.11.26 09:13:41.904,1.30005,1.3001,1.60,6.40
2008.11.26 09:13:44.213,1.3,1.3001,21.20,15.60
2008.11.26 09:13:44.274,1.3,1.3001,21.20,14.40
2008.11.26 09:13:44.504,1.30005,1.3001,1.60,14.80
2008.11.26 09:13:44.733,1.30005,1.3001,1.60,18.40
2008.11.26 09:13:44.853,1.3,1.30005,7.20,11.20
2008.11.26 09:13:45.303,1.2999,1.3,16.60,20.60
2008.11.26 09:13:45.873,1.29985,1.2999,4.80,7.60
2008.11.26 09:13:46.153,1.2999,1.29995,8.00,4.80
2008.11.26 09:13:46.313,1.2998,1.2999,16.60,11.20
2008.11.26 09:13:46.543,1.2998,1.2999,19.00,20.60
2008.11.26 09:13:46.713,1.29985,1.2999,3.20,11.20
2008.11.26 09:13:46.933,1.29985,1.2999,3.20,19.20
2008.11.26 09:13:47.443,1.2998,1.2999,16.60,20.60
2008.11.26 09:13:47.723,1.2998,1.2999,19.60,14.40
2008.11.26 09:13:48.062,1.2998,1.2999,16.60,11.20
2008.11.26 09:13:48.403,1.2998,1.2999,16.60,20.60
2008.11.26 09:13:50.842,1.2998,1.29985,8.60,15.20
2008.11.26 09:13:51.182,1.2998,1.29985,8.00,10.00
2008.11.26 09:13:51.412,1.2998,1.2999,16.60,20.60
2008.11.26 09:13:51.702,1.29985,1.2999,3.20,11.20
2008.11.26 09:13:52.082,1.29975,1.2998,11.10,1.20
2008.11.26 09:13:52.532,1.29985,1.2999,1.40,9.60
2008.11.26 09:13:52.832,1.29985,1.2999,4.60,14.40
2008.11.26 09:13:53.121,1.29985,1.2999,3.20,11.00
2008.11.26 09:13:53.691,1.29985,1.29995,3.20,20.60
2008.11.26 09:13:54.431,1.29985,1.2999,3.20,12.60
2008.11.26 09:13:54.671,1.2998,1.2999,16.60,20.60
2008.11.26 09:13:54.891,1.2998,1.2999,22.40,7.60
2008.11.26 09:13:55.061,1.2998,1.2999,22.40,6.40
2008.11.26 09:13:55.181,1.29985,1.2999,3.20,6.40
2008.11.26 09:13:55.301,1.2999,1.3,8.00,26.20
2008.11.26 09:13:55.980,1.29985,1.2999,3.20,6.40
2008.11.26 09:13:56.441,1.29985,1.2999,3.20,12.60
2008.11.26 09:13:56.611,1.2998,1.2999,16.60,12.60
2008.11.26 09:13:57.061,1.2998,1.2999,18.20,12.60
2008.11.26 09:13:57.531,1.2998,1.2999,20.00,6.40
2008.11.26 09:13:57.990,1.2999,1.29995,14.40,8.00
2008.11.26 09:13:58.390,1.3,1.30005,8.00,8.00
2008.11.26 09:13:58.720,1.3,1.3001,16.60,22.20
2008.11.26 09:13:59.010,1.3,1.3001,16.60,20.60
2008.11.26 09:13:59.770,1.3,1.3001,18.00,15.60
2008.11.26 09:13:59.880,1.3,1.3001,18.00,14.40
2008.11.26 09:14:00.300,1.3,1.3001,18.00,16.80
2008.11.26 09:14:00.470,1.3,1.30005,8.00,8.00
2008.11.26 09:14:00.799,1.29995,1.3,9.00,8.00
2008.11.26 09:14:01.310,1.2999,1.29995,9.60,11.00
2008.11.26 09:14:01.649,1.2999,1.3,22.40,14.40
2008.11.26 09:14:02.129,1.29995,1.3,3.20,6.40
2008.11.26 09:14:02.489,1.3,1.30005,8.00,16.60
2008.11.26 09:14:02.769,1.2999,1.3,16.60,14.40
2008.11.26 09:14:05.938,1.2999,1.3,19.00,16.80
2008.11.26 09:14:10.817,1.29995,1.3,2.40,14.40
2008.11.26 09:14:11.217,1.29995,1.3,5.60,6.40
2008.11.26 09:14:11.447,1.3,1.30005,8.00,11.60
2008.11.26 09:14:12.017,1.3,1.30005,8.00,10.40
2008.11.26 09:14:16.636,1.3,1.30005,10.40,8.00
2008.11.26 09:14:16.806,1.3,1.30005,18.40,4.40
2008.11.26 09:14:19.445,1.3,1.30005,19.80,3.20
2008.11.26 09:14:19.735,1.30005,1.3001,2.40,9.60
2008.11.26 09:14:20.955,1.3001,1.30015,8.00,13.00
2008.11.26 09:14:21.185,1.3001,1.30015,16.00,5.00
2008.11.26 09:14:21.574,1.3001,1.30015,18.40,3.80
2008.11.26 09:14:22.034,1.3001,1.30015,20.00,4.40
2008.11.26 09:14:22.384,1.30025,1.3003,1.40,21.90
2008.11.26 09:14:22.714,1.30025,1.3003,3.80,17.60
2008.11.26 09:14:23.094,1.3003,1.30035,8.00,12.40
2008.11.26 09:14:24.544,1.3003,1.30035,8.00,20.40
2008.11.26 09:14:24.834,1.3003,1.30035,8.00,11.80
2008.11.26 09:14:25.124,1.30045,1.3005,9.60,11.20
2008.11.26 09:14:25.414,1.3004,1.30045,1.60,10.40
2008.11.26 09:14:25.874,1.3004,1.30045,8.00,11.00
2008.11.26 09:14:26.284,1.30038,1.30043,13.90,11.60
2008.11.26 09:14:26.863,1.30036,1.30041,14.40,5.00
2008.11.26 09:14:27.323,1.3002,1.30025,9.60,12.40
2008.11.26 09:14:27.773,1.3003,1.3004,18.40,34.20
2008.11.26 09:14:28.293,1.3003,1.30035,18.60,9.40
2008.11.26 09:14:28.853,1.3002,1.30025,8.00,14.80
2008.11.26 09:14:29.103,1.3002,1.30025,8.00,13.00
2008.11.26 09:14:31.172,1.30025,1.3003,2.60,24.40
2008.11.26 09:14:31.522,1.30025,1.3003,4.00,6.00
2008.11.26 09:14:31.872,1.3003,1.30035,9.40,11.40
2008.11.26 09:14:32.092,1.3003,1.30035,20.00,4.40
2008.11.26 09:14:33.332,1.3002,1.30025,18.40,1.20
2008.11.26 09:14:33.672,1.3002,1.30025,20.00,4.40
2008.11.26 09:14:34.002,1.30025,1.3003,4.00,10.40
2008.11.26 09:14:34.341,1.30025,1.3003,4.00,9.60
2008.11.26 09:14:34.682,1.3003,1.30035,1.60,15.40
2008.11.26 09:14:35.041,1.30045,1.3005,8.00,6.00
2008.11.26 09:14:35.381,1.30035,1.30055,1.20,16.00
2008.11.26 09:14:35.661,1.3003,1.30055,8.00,18.40
2008.11.26 09:14:35.941,1.3003,1.3005,8.00,3.20
2008.11.26 09:14:36.591,1.30035,1.3004,19.80,4.40
2008.11.26 09:14:37.661,1.30032,1.30038,1.40,11.60
2008.11.26 09:14:38.240,1.3002,1.30025,8.00,13.00
2008.11.26 09:14:39.591,1.3002,1.30025,18.40,3.80
2008.11.26 09:14:39.940,1.3002,1.30025,18.40,4.40
2008.11.26 09:14:42.460,1.3002,1.30025,10.40,12.40
2008.11.26 09:14:45.489,1.30005,1.3001,8.80,2.40
2008.11.26 09:14:45.839,1.3,1.30005,20.00,4.40
2008.11.26 09:14:46.188,1.30005,1.3001,4.00,6.40
2008.11.26 09:14:46.709,1.3001,1.30015,8.00,13.00
2008.11.26 09:14:49.088,1.3,1.30005,10.50,6.60
2008.11.26 09:14:49.379,1.3,1.30005,1.60,11.00
2008.11.26 09:14:49.728,1.3001,1.30015,8.00,20.70
2008.11.26 09:14:50.008,1.3,1.3001,12.80,12.40
2008.11.26 09:14:51.057,1.29995,1.3,13.20,8.00
2008.11.26 09:14:51.337,1.29985,1.29995,12.80,8.00
2008.11.26 09:14:51.728,1.29985,1.29995,20.00,3.20
2008.11.26 09:14:52.477,1.29995,1.3,3.80,6.40
2008.11.26 09:14:52.997,1.3,1.30005,8.00,12.40
2008.11.26 09:14:53.497,1.3,1.30005,9.40,12.40
2008.11.26 09:14:53.897,1.3,1.30005,8.00,13.00
2008.11.26 09:14:54.237,1.2999,1.29995,20.00,3.20
2008.11.26 09:14:55.026,1.3,1.3001,2.40,29.10
2008.11.26 09:14:55.596,1.3,1.30005,8.00,22.80
2008.11.26 09:14:55.976,1.2999,1.29995,20.00,3.20
2008.11.26 09:14:56.266,1.29995,1.3,3.80,9.60
2008.11.26 09:14:56.676,1.3,1.30005,2.40,13.60
2008.11.26 09:14:57.136,1.3,1.30005,18.40,3.20
2008.11.26 09:14:57.876,1.29995,1.3,8.40,11.60
2008.11.26 09:14:58.166,1.2999,1.29995,20.00,3.20
2008.11.26 09:14:58.566,1.2999,1.29995,18.40,3.20
2008.11.26 09:14:59.026,1.2999,1.29995,8.00,13.00
2008.11.26 09:14:59.355,1.2999,1.29995,8.00,13.00
2008.11.26 09:14:59.915,1.29985,1.2999,2.40,9.60
2008.11.26 09:15:00.985,1.2999,1.29995,8.00,13.00
2008.11.26 09:15:01.685,1.2999,1.29995,8.00,22.60
2008.11.26 09:15:02.135,1.2999,1.29995,8.00,15.50
2008.11.26 09:15:03.584,1.2998,1.2999,13.30,11.80
2008.11.26 09:15:03.944,1.2998,1.29985,11.70,3.20
2008.11.26 09:15:04.344,1.2999,1.29995,8.00,15.50
2008.11.26 09:15:04.674,1.29985,1.2999,2.40,9.60
2008.11.26 09:15:05.204,1.2999,1.29995,8.00,11.20
2008.11.26 09:15:05.705,1.29995,1.3,2.40,17.60
2008.11.26 09:15:05.884,1.3,1.30005,8.00,13.00
2008.11.26 09:15:07.575,1.3,1.30005,18.40,3.20
2008.11.26 09:15:10.413,1.29995,1.3,10.30,11.60
2008.11.26 09:15:10.703,1.2999,1.29995,18.40,4.40
2008.11.26 09:15:11.163,1.29985,1.2999,18.40,3.20
2008.11.26 09:15:11.453,1.2999,1.29995,8.00,9.00
2008.11.26 09:15:12.302,1.2999,1.29995,9.40,3.20
2008.11.26 09:15:13.292,1.29995,1.3,3.80,17.60
2008.11.26 09:15:13.762,1.3,1.30005,8.00,17.20
2008.11.26 09:15:14.102,1.2998,1.2999,19.20,18.00
2008.11.26 09:15:14.502,1.2999,1.29995,9.40,7.20
2008.11.26 09:15:14.832,1.2999,1.29995,9.60,7.80
2008.11.26 09:15:15.182,1.2999,1.29995,9.60,11.20
2008.11.26 09:15:16.871,1.2999,1.29995,8.00,22.80
2008.11.26 09:15:17.341,1.2999,1.29995,8.00,13.00
2008.11.26 09:15:20.240,1.2999,1.29995,10.60,7.20
2008.11.26 09:15:20.630,1.2999,1.29995,20.00,3.20
2008.11.26 09:15:21.080,1.29995,1.3,1.60,7.60
2008.11.26 09:15:21.410,1.29995,1.3,4.00,6.40
2008.11.26 09:15:21.700,1.29995,1.3,12.00,9.60
2008.11.26 09:15:22.110,1.3,1.30005,8.00,13.00
2008.11.26 09:15:22.460,1.3,1.30005,20.00,3.20
2008.11.26 09:15:22.790,1.3,1.30005,16.00,14.80
2008.11.26 09:15:23.140,1.29995,1.3,18.00,3.20
2008.11.26 09:15:23.900,1.3,1.30005,8.00,13.00
2008.11.26 09:15:33.227,1.3001,1.30015,1.40,15.90
2008.11.26 09:15:33.567,1.3001,1.30015,9.60,11.00
2008.11.26 09:15:34.037,1.3001,1.30015,20.00,3.20
2008.11.26 09:15:34.367,1.3001,1.30015,18.60,11.20
2008.11.26 09:15:34.647,1.3001,1.30015,18.40,12.40
2008.11.26 09:15:34.977,1.30005,1.3001,12.10,7.20
2008.11.26 09:15:35.337,1.30005,1.3001,12.00,14.30
2008.11.26 09:15:35.917,1.3001,1.30015,8.00,15.20
2008.11.26 09:15:36.317,1.30005,1.30015,9.60,19.80
2008.11.26 09:15:36.786,1.30002,1.30012,16.00,14.80
2008.11.26 09:15:37.186,1.30002,1.30007,8.00,8.00
2008.11.26 09:15:37.596,1.2999,1.29995,8.00,15.50
2008.11.26 09:15:38.696,1.2998,1.29985,18.40,3.20
2008.11.26 09:15:39.046,1.2999,1.29995,2.40,26.00
2008.11.26 09:15:39.626,1.29975,1.2998,31.80,4.80
2008.11.26 09:15:39.866,1.29965,1.2997,16.00,3.20
2008.11.26 09:15:40.496,1.29955,1.2997,22.40,9.60
2008.11.26 09:15:41.825,1.29965,1.2997,2.40,17.60
2008.11.26 09:15:42.285,1.29955,1.2996,19.00,8.00
2008.11.26 09:15:42.685,1.29945,1.29955,26.40,3.20
2008.11.26 09:15:43.085,1.2995,1.29955,18.40,3.20
2008.11.26 09:15:43.805,1.29945,1.2995,18.00,7.50
2008.11.26 09:15:44.265,1.2994,1.29945,17.60,3.20
2008.11.26 09:15:44.664,1.2992,1.2993,32.20,4.40
2008.11.26 09:15:44.955,1.29925,1.2993,8.00,3.20
2008.11.26 09:15:45.355,1.29925,1.29935,16.00,3.20
2008.11.26 09:15:46.484,1.2993,1.29935,8.00,3.20
2008.11.26 09:15:46.764,1.2993,1.2994,10.40,12.20
2008.11.26 09:15:47.284,1.2993,1.29935,8.00,3.20
2008.11.26 09:15:47.754,1.29935,1.2994,2.60,11.00
2008.11.26 09:15:48.084,1.29935,1.2994,2.60,10.80
2008.11.26 09:15:48.424,1.2994,1.29945,2.60,13.60
2008.11.26 09:15:48.774,1.29945,1.2995,4.00,10.80
2008.11.26 09:15:49.223,1.2995,1.2996,20.00,29.20
2008.11.26 09:15:49.873,1.2996,1.29965,8.00,17.80
2008.11.26 09:15:50.333,1.29965,1.2997,2.40,3.20
2008.11.26 09:15:50.633,1.29965,1.2997,2.40,10.80
2008.11.26 09:15:51.444,1.2997,1.29975,8.00,16.00
2008.11.26 09:15:51.743,1.2997,1.29975,8.00,6.80
2008.11.26 09:15:52.093,1.2997,1.2998,10.40,34.20
2008.11.26 09:15:52.433,1.2997,1.29975,16.00,10.80
2008.11.26 09:15:52.783,1.2997,1.29975,8.00,12.00
2008.11.26 09:15:53.462,1.29965,1.2997,2.40,15.80
2008.11.26 09:15:53.872,1.2996,1.29965,18.40,3.20
2008.11.26 09:15:54.282,1.2996,1.29965,19.80,3.20
2008.11.26 09:15:54.752,1.29965,1.2997,2.40,18.80
2008.11.26 09:15:55.142,1.2997,1.29975,18.40,3.20
2008.11.26 09:15:55.542,1.2997,1.29975,18.40,8.00
2008.11.26 09:15:56.182,1.29965,1.2997,10.40,7.60
2008.11.26 09:15:56.472,1.2997,1.29975,10.40,3.20
2008.11.26 09:15:56.971,1.2997,1.29975,11.80,3.20
2008.11.26 09:15:58.081,1.2997,1.29975,12.10,4.80
2008.11.26 09:15:58.423,1.2996,1.29965,8.00,20.80
2008.11.26 09:15:58.881,1.2997,1.29975,1.00,22.80
2008.11.26 09:15:59.351,1.29965,1.2997,1.60,18.80
2008.11.26 09:15:59.761,1.2997,1.29975,8.00,22.80
2008.11.26 09:16:00.281,1.2997,1.29975,8.00,15.80
2008.11.26 09:16:00.741,1.29955,1.2996,14.00,1.20
2008.11.26 09:16:01.251,1.2996,1.29965,12.00,3.20
2008.11.26 09:16:01.711,1.2996,1.29965,12.00,11.20
2008.11.26 09:16:02.110,1.2996,1.29965,9.40,13.60
2008.11.26 09:16:02.580,1.2996,1.29965,12.00,11.20
2008.11.26 09:16:03.870,1.2996,1.29965,8.20,12.40
2008.11.26 09:16:04.160,1.29955,1.2996,8.80,7.70
2008.11.26 09:16:04.640,1.2997,1.29975,2.40,6.40
2008.11.26 09:16:04.880,1.29955,1.29965,1.00,2.00
2008.11.26 09:16:05.180,1.2996,1.29965,8.00,11.60
2008.11.26 09:16:05.520,1.2996,1.29965,8.00,15.20
2008.11.26 09:16:06.269,1.2996,1.29965,8.00,18.20
2008.11.26 09:16:06.709,1.2996,1.29965,8.00,15.80
2008.11.26 09:16:08.848,1.2995,1.29955,8.00,11.20
2008.11.26 09:16:09.119,1.2995,1.29955,8.00,13.60
2008.11.26 09:16:09.629,1.2995,1.29955,11.80,8.40
2008.11.26 09:16:09.808,1.2995,1.29955,12.00,3.20
2008.11.26 09:16:09.928,1.29945,1.2995,18.80,1.20
2008.11.26 09:16:10.098,1.2995,1.29955,8.00,12.40
2008.11.26 09:16:10.268,1.29945,1.2995,10.40,9.20
2008.11.26 09:16:10.608,1.2995,1.29955,8.00,17.60
2008.11.26 09:16:10.888,1.29945,1.2995,4.00,18.80
2008.11.26 09:16:11.348,1.2995,1.29955,8.00,20.00
2008.11.26 09:16:11.698,1.29945,1.2995,2.40,17.60
2008.11.26 09:16:12.228,1.2993,1.2994,10.40,19.60
2008.11.26 09:16:12.738,1.2993,1.29935,8.00,9.60
2008.11.26 09:16:13.078,1.29935,1.2994,1.60,11.00
2008.11.26 09:16:13.428,1.29935,1.2994,1.60,18.80
2008.11.26 09:16:13.907,1.2993,1.29935,8.00,16.00
2008.11.26 09:16:14.247,1.29925,1.2993,1.60,16.20
2008.11.26 09:16:14.538,1.29925,1.2993,4.00,7.00
2008.11.26 09:16:14.877,1.29925,1.2993,4.00,10.80
2008.11.26 09:16:15.177,1.29925,1.2993,12.00,10.80
2008.11.26 09:16:15.577,1.2993,1.29935,8.00,13.60
2008.11.26 09:16:15.987,1.29925,1.2993,12.10,14.80
2008.11.26 09:16:16.387,1.2992,1.29925,12.00,3.20
2008.11.26 09:16:16.907,1.2992,1.29925,20.00,3.20
2008.11.26 09:16:21.945,1.2992,1.29925,18.60,8.00
2008.11.26 09:16:22.426,1.29915,1.2992,12.10,8.00
2008.11.26 09:16:22.545,1.29905,1.2991,17.40,2.40
2008.11.26 09:16:23.015,1.2991,1.29915,8.00,12.60
2008.11.26 09:16:23.245,1.299,1.29905,20.00,3.20
2008.11.26 09:16:24.845,1.29905,1.2991,12.00,7.00
2008.11.26 09:16:25.375,1.2991,1.29915,1.60,13.60
2008.11.26 09:16:25.715,1.2991,1.29915,1.00,10.40
2008.11.26 09:16:26.005,1.2991,1.29915,8.20,3.20
2008.11.26 09:16:26.364,1.2991,1.29915,1.00,19.90
2008.11.26 09:16:26.594,1.29915,1.2992,2.40,6.80
2008.11.26 09:16:27.004,1.2991,1.29915,18.60,3.00
2008.11.26 09:16:27.344,1.2991,1.29915,10.60,3.00
2008.11.26 09:16:27.754,1.2991,1.29915,8.20,5.10
2008.11.26 09:16:28.214,1.29905,1.2991,8.00,12.00
2008.11.26 09:16:28.614,1.2991,1.29915,8.00,5.40
2008.11.26 09:16:29.983,1.29905,1.2991,8.40,14.60
2008.11.26 09:16:30.333,1.29905,1.2991,2.60,6.80
2008.11.26 09:16:30.623,1.29905,1.2991,2.60,10.60
2008.11.26 09:16:30.963,1.29905,1.2991,10.60,10.60
2008.11.26 09:16:31.253,1.2991,1.29915,8.00,9.40
2008.11.26 09:16:32.453,1.299,1.2991,14.00,14.60
2008.11.26 09:16:32.743,1.299,1.29905,12.50,3.00
2008.11.26 09:16:33.103,1.2991,1.29915,8.00,16.70
2008.11.26 09:16:33.613,1.29905,1.2991,10.40,6.80
2008.11.26 09:16:33.953,1.2991,1.29915,8.00,22.70
2008.11.26 09:16:34.703,1.2991,1.29915,8.00,3.00
2008.11.26 09:16:35.282,1.29915,1.2992,2.40,10.80
2008.11.26 09:16:35.452,1.29915,1.2992,2.40,10.60
2008.11.26 09:16:35.912,1.29915,1.2992,2.40,10.80
2008.11.26 09:16:37.362,1.29915,1.2992,2.60,10.80
2008.11.26 09:16:37.772,1.2992,1.29925,10.40,7.20
2008.11.26 09:16:38.222,1.29915,1.2992,2.40,10.80
2008.11.26 09:16:38.522,1.2991,1.29915,12.00,3.20
2008.11.26 09:16:39.371,1.2991,1.29915,11.80,3.20
2008.11.26 09:16:40.291,1.2991,1.29915,10.40,8.00
2008.11.26 09:16:40.465,1.29905,1.2991,15.70,8.00
2008.11.26 09:16:40.871,1.299,1.29905,9.20,3.20
2008.11.26 09:16:41.161,1.29905,1.2991,4.00,17.60
2008.11.26 09:16:41.441,1.29905,1.2991,12.00,9.60
2008.11.26 09:16:41.711,1.2991,1.29915,8.00,8.40
2008.11.26 09:16:44.080,1.2991,1.2992,12.00,16.20
2008.11.26 09:16:44.260,1.2991,1.29915,12.00,3.20
2008.11.26 09:16:44.440,1.2991,1.29915,10.60,3.20
2008.11.26 09:16:44.680,1.2991,1.29915,10.40,3.20
2008.11.26 09:16:45.630,1.2991,1.29915,8.00,5.60
2008.11.26 09:16:45.990,1.2991,1.29915,8.00,7.10
2008.11.26 09:16:50.779,1.29905,1.2991,12.10,11.60
2008.11.26 09:16:51.009,1.29905,1.2991,8.20,18.00
2008.11.26 09:16:51.418,1.29915,1.2992,1.60,21.00
2008.11.26 09:16:51.808,1.29915,1.2992,1.40,18.00
2008.11.26 09:16:52.208,1.2991,1.29915,8.00,8.30
2008.11.26 09:16:52.678,1.299,1.2991,18.00,3.60
2008.11.26 09:16:53.028,1.2991,1.29915,11.80,8.00
2008.11.26 09:16:53.428,1.2991,1.29915,8.00,8.30
2008.11.26 09:16:54.887,1.29905,1.2991,14.70,1.20
2008.11.26 09:16:55.118,1.2991,1.2992,10.40,31.00
2008.11.26 09:16:55.338,1.2991,1.2992,12.00,26.00
2008.11.26 09:16:55.807,1.2991,1.29915,10.40,11.20
2008.11.26 09:16:56.157,1.2991,1.29915,8.00,17.90
2008.11.26 09:16:56.557,1.2991,1.29915,9.60,9.20
2008.11.26 09:16:56.797,1.2991,1.29915,8.00,8.00
2008.11.26 09:16:57.307,1.29905,1.2991,1.60,8.20
2008.11.26 09:16:57.767,1.29915,1.2992,1.60,18.80
2008.11.26 09:16:58.607,1.2992,1.2993,1.60,24.60
2008.11.26 09:16:58.947,1.2992,1.29925,9.60,11.20
2008.11.26 09:16:59.287,1.2992,1.29925,9.60,3.20
2008.11.26 09:16:59.586,1.2992,1.2993,9.60,18.80
2008.11.26 09:16:59.926,1.2992,1.29925,9.60,3.20
2008.11.26 09:17:00.636,1.2992,1.29925,8.00,5.60
2008.11.26 09:17:01.926,1.2991,1.2992,14.00,14.80
2008.11.26 09:17:02.206,1.2991,1.29915,20.00,3.20
2008.11.26 09:17:04.355,1.2991,1.29915,12.00,3.20
2008.11.26 09:17:05.205,1.2991,1.29915,9.60,21.60
2008.11.26 09:17:05.315,1.2991,1.29915,8.00,21.60
2008.11.26 09:17:05.605,1.2991,1.29915,8.00,13.60
2008.11.26 09:17:05.885,1.299,1.2991,14.00,14.80
2008.11.26 09:17:05.995,1.299,1.29905,20.00,3.20
2008.11.26 09:17:06.975,1.299,1.29905,19.80,3.20
2008.11.26 09:17:07.375,1.2991,1.29915,10.40,3.20
2008.11.26 09:17:07.645,1.2991,1.29915,8.00,10.80
2008.11.26 09:17:08.005,1.2991,1.29915,8.00,23.00
2008.11.26 09:17:08.294,1.299,1.29905,10.40,3.20
2008.11.26 09:17:09.084,1.2989,1.29895,17.00,11.60
2008.11.26 09:17:09.204,1.29885,1.2989,18.00,3.20
2008.11.26 09:17:09.604,1.299,1.29905,2.40,11.40
2008.11.26 09:17:09.964,1.2989,1.29895,16.00,4.40
2008.11.26 09:17:10.254,1.29885,1.2989,18.00,1.60
2008.11.26 09:17:10.824,1.2989,1.29895,8.00,17.20
2008.11.26 09:17:11.504,1.2988,1.29885,8.00,14.80
2008.11.26 09:17:12.083,1.2988,1.29885,10.40,11.20
2008.11.26 09:17:12.543,1.2988,1.29885,10.40,9.80
2008.11.26 09:17:12.893,1.2987,1.29875,8.00,27.80
2008.11.26 09:17:13.233,1.2987,1.29875,8.00,19.50
2008.11.26 09:17:13.533,1.2985,1.2986,21.60,11.20
2008.11.26 09:17:13.983,1.2986,1.29865,8.00,19.60
2008.11.26 09:17:14.323,1.2986,1.29865,8.00,13.00
2008.11.26 09:17:15.543,1.2987,1.29875,2.40,11.00
2008.11.26 09:17:16.053,1.2987,1.29875,10.40,11.60
2008.11.26 09:17:16.402,1.2987,1.29875,10.40,11.20
2008.11.26 09:17:16.872,1.29875,1.2988,2.40,9.60
2008.11.26 09:17:17.172,1.2988,1.29885,10.40,9.60
2008.11.26 09:17:17.473,1.2988,1.29885,10.40,11.20
2008.11.26 09:17:17.812,1.2988,1.29885,8.00,19.80
2008.11.26 09:17:18.212,1.2988,1.29885,8.00,15.50
2008.11.26 09:17:18.542,1.29885,1.2989,9.40,6.20
2008.11.26 09:17:18.892,1.2989,1.29895,10.40,4.40
2008.11.26 09:17:19.222,1.2989,1.29895,8.00,20.40
2008.11.26 09:17:19.602,1.2988,1.29885,16.00,3.20
2008.11.26 09:17:20.561,1.29885,1.2989,2.40,9.60
2008.11.26 09:17:20.971,1.29875,1.2988,4.80,31.00
2008.11.26 09:17:21.252,1.2987,1.29875,10.40,3.20
2008.11.26 09:17:22.241,1.2987,1.29875,19.80,3.20
2008.11.26 09:17:22.531,1.29875,1.2988,11.80,6.40
2008.11.26 09:17:22.891,1.2988,1.29885,8.00,11.20
2008.11.26 09:17:24.330,1.2988,1.29885,8.00,7.20
2008.11.26 09:17:24.630,1.2988,1.29885,8.00,17.40
2008.11.26 09:17:25.100,1.2988,1.29885,8.00,17.60
2008.11.26 09:17:25.390,1.29865,1.2987,5.50,2.40
2008.11.26 09:17:25.681,1.2986,1.29865,20.00,3.20
2008.11.26 09:17:26.390,1.29865,1.2987,1.00,16.20
2008.11.26 09:17:26.960,1.29865,1.2987,4.00,9.60
2008.11.26 09:17:27.250,1.2987,1.29875,1.40,19.40
2008.11.26 09:17:27.770,1.2987,1.29875,8.00,15.00
2008.11.26 09:17:28.660,1.2987,1.29875,8.00,13.00
2008.11.26 09:17:29.069,1.29875,1.2988,1.40,17.40
2008.11.26 09:17:29.309,1.29875,1.2988,1.40,12.00
2008.11.26 09:17:29.709,1.29875,1.2988,3.80,9.60
2008.11.26 09:17:30.129,1.29875,1.2988,3.80,6.40
2008.11.26 09:17:30.479,1.29875,1.2988,11.80,6.40
2008.11.26 09:17:30.759,1.2988,1.29885,8.00,19.20
2008.11.26 09:17:30.989,1.2988,1.29885,8.00,22.80
2008.11.26 09:17:31.459,1.29865,1.29875,28.00,14.80
2008.11.26 09:17:31.809,1.2987,1.29875,8.00,13.00
2008.11.26 09:17:33.558,1.2987,1.29875,8.00,13.60
2008.11.26 09:17:34.028,1.29855,1.2986,16.80,11.60
2008.11.26 09:17:34.488,1.29865,1.29875,12.00,9.60
2008.11.26 09:17:34.828,1.29865,1.2987,3.80,14.40
2008.11.26 09:17:35.168,1.29865,1.2987,4.00,17.60
2008.11.26 09:17:35.468,1.29865,1.2987,12.00,9.60
2008.11.26 09:17:35.818,1.2987,1.29875,8.00,11.20
2008.11.26 09:17:36.157,1.2987,1.29875,9.40,11.20
2008.11.26 09:17:37.127,1.29885,1.2989,2.40,12.80
2008.11.26 09:17:37.457,1.29885,1.2989,2.40,9.60
2008.11.26 09:17:37.747,1.2988,1.29885,18.40,11.20
2008.11.26 09:17:38.047,1.2988,1.29885,10.40,3.20
2008.11.26 09:17:38.637,1.2988,1.29885,10.40,4.40
2008.11.26 09:17:38.927,1.29875,1.2988,15.60,9.20
2008.11.26 09:17:39.227,1.2988,1.29885,8.00,16.00
2008.11.26 09:17:39.507,1.2988,1.29885,8.00,13.00
2008.11.26 09:17:40.697,1.2988,1.29885,8.00,10.40
2008.11.26 09:17:41.027,1.29875,1.2988,8.00,8.80
2008.11.26 09:17:41.416,1.29875,1.2988,3.80,6.40
2008.11.26 09:17:41.876,1.2988,1.29885,1.40,10.40
2008.11.26 09:17:42.156,1.2988,1.2989,9.40,14.40
2008.11.26 09:17:42.456,1.2988,1.29885,8.00,2.40
2008.11.26 09:17:42.696,1.2988,1.29885,8.00,10.40
2008.11.26 09:17:43.236,1.2988,1.2989,11.80,20.00
2008.11.26 09:17:43.646,1.2988,1.29885,8.00,14.60
2008.11.26 09:17:44.106,1.29875,1.2988,15.20,6.40
2008.11.26 09:17:44.496,1.2988,1.29885,8.00,8.20
2008.11.26 09:17:44.975,1.2987,1.2988,20.80,8.80
2008.11.26 09:17:45.155,1.2987,1.2988,20.60,8.80
2008.11.26 09:17:46.545,1.2987,1.2988,19.20,13.60
2008.11.26 09:17:46.825,1.2987,1.2988,19.20,15.00
2008.11.26 09:17:47.225,1.2987,1.2988,18.40,10.00
2008.11.26 09:17:47.565,1.29875,1.2988,2.40,14.40
2008.11.26 09:17:48.315,1.2988,1.29885,8.00,12.30
2008.11.26 09:17:48.834,1.2987,1.2988,18.40,8.80
2008.11.26 09:17:49.254,1.2987,1.2988,11.80,16.80
2008.11.26 09:17:49.894,1.2987,1.2988,10.40,24.80
2008.11.26 09:17:50.225,1.2987,1.2988,10.40,21.60
2008.11.26 09:17:50.404,1.2987,1.2988,11.80,16.80
2008.11.26 09:17:51.244,1.29875,1.2988,2.40,14.40
2008.11.26 09:17:51.474,1.29875,1.2988,2.40,6.40
2008.11.26 09:17:51.874,1.2988,1.29885,8.00,12.80
2008.11.26 09:17:52.104,1.2988,1.29885,8.00,8.00
2008.11.26 09:17:52.574,1.2988,1.29885,8.00,8.20
2008.11.26 09:17:52.864,1.2988,1.29885,8.00,10.00
2008.11.26 09:17:53.214,1.29865,1.2987,4.00,14.40
2008.11.26 09:17:53.513,1.2987,1.29875,8.00,19.80
2008.11.26 09:17:53.914,1.2987,1.29875,8.00,10.40
2008.11.26 09:17:54.253,1.2987,1.29875,8.00,13.60
2008.11.26 09:17:54.753,1.29865,1.2987,4.00,6.40
2008.11.26 09:17:55.113,1.2987,1.29875,1.60,11.60
2008.11.26 09:17:55.513,1.2987,1.2988,7.20,11.60
2008.11.26 09:17:55.843,1.29875,1.2988,7.00,14.40
2008.11.26 09:17:56.183,1.29875,1.2988,1.40,14.40
2008.11.26 09:17:56.633,1.29875,1.2988,4.00,6.40
2008.11.26 09:17:57.042,1.2988,1.29885,8.00,10.40
2008.11.26 09:17:58.272,1.29875,1.2988,12.40,2.40
2008.11.26 09:17:58.553,1.29875,1.2988,8.50,10.40
2008.11.26 09:17:58.882,1.2987,1.2988,12.80,16.80
2008.11.26 09:18:00.052,1.29875,1.2988,4.00,14.40
2008.11.26 09:18:00.462,1.29875,1.2988,8.80,14.40
2008.11.26 09:18:00.932,1.2988,1.29885,8.80,8.00
2008.11.26 09:18:02.221,1.2988,1.29885,10.40,8.00
2008.11.26 09:18:02.512,1.2988,1.2989,18.40,6.40
2008.11.26 09:18:03.101,1.2988,1.2989,11.20,16.80
2008.11.26 09:18:03.441,1.29885,1.2989,5.60,6.40
2008.11.26 09:18:08.710,1.29885,1.2989,5.60,19.20
2008.11.26 09:18:09.220,1.29885,1.2989,13.60,6.40
2008.11.26 09:18:09.560,1.29885,1.2989,5.60,6.40
2008.11.26 09:18:10.349,1.29885,1.2989,5.60,12.60
2008.11.26 09:18:10.789,1.2988,1.29885,8.00,2.40
2008.11.26 09:18:11.140,1.2988,1.2989,8.80,20.60
2008.11.26 09:18:11.719,1.2988,1.2989,8.80,19.20
2008.11.26 09:18:12.010,1.29885,1.2989,5.60,6.40
2008.11.26 09:18:12.389,1.2988,1.29885,7.20,4.80
2008.11.26 09:18:12.949,1.2988,1.29885,8.00,8.60
2008.11.26 09:18:13.529,1.2987,1.2988,19.80,6.40
2008.11.26 09:18:13.819,1.29875,1.2988,8.00,13.80
2008.11.26 09:18:14.169,1.2987,1.29875,8.00,16.60
2008.11.26 09:18:14.508,1.2987,1.29875,8.00,19.80
2008.11.26 09:18:14.958,1.2987,1.29875,11.20,8.00
2008.11.26 09:18:15.298,1.2987,1.29875,8.00,27.80
2008.11.26 09:18:15.708,1.29865,1.2987,3.20,12.40
2008.11.26 09:18:15.948,1.29865,1.2987,1.60,17.90
2008.11.26 09:18:16.288,1.2986,1.29865,8.00,8.20
2008.11.26 09:18:17.317,1.2986,1.2987,11.20,16.80
2008.11.26 09:18:17.618,1.2986,1.29865,8.80,2.40
2008.11.26 09:18:18.028,1.2986,1.29865,8.00,10.40
2008.11.26 09:18:19.577,1.2986,1.2987,12.60,16.80
2008.11.26 09:18:20.477,1.29865,1.2987,1.40,16.80
2008.11.26 09:18:20.927,1.29865,1.2987,1.40,8.80
2008.11.26 09:18:21.437,1.2987,1.29875,1.40,14.00
2008.11.26 09:18:21.996,1.29875,1.2988,2.40,14.40
2008.11.26 09:18:22.347,1.29875,1.2988,7.00,6.40
2008.11.26 09:18:22.916,1.29885,1.2989,2.40,15.60
2008.11.26 09:18:23.266,1.2988,1.29885,8.00,10.40
2008.11.26 09:18:23.696,1.2988,1.29885,8.80,8.00
2008.11.26 09:18:24.046,1.2988,1.29885,8.00,10.40
2008.11.26 09:18:24.446,1.2988,1.29885,8.00,8.00
2008.11.26 09:18:24.566,1.2988,1.29885,8.80,8.00
2008.11.26 09:18:24.786,1.2988,1.29885,8.80,9.20
2008.11.26 09:18:25.076,1.2988,1.29885,8.80,10.40
2008.11.26 09:18:25.196,1.2988,1.29885,8.80,11.60
2008.11.26 09:18:25.316,1.2988,1.29885,8.00,11.60
2008.11.26 09:18:25.826,1.2988,1.29885,8.00,10.40
2008.11.26 09:18:26.237,1.29885,1.2989,2.40,9.60
2008.11.26 09:18:26.415,1.2988,1.2989,11.20,23.00
2008.11.26 09:18:28.185,1.2988,1.29885,8.00,2.40
2008.11.26 09:18:28.545,1.2988,1.29885,8.80,8.00
2008.11.26 09:18:30.295,1.29885,1.2989,2.40,12.80
2008.11.26 09:18:30.574,1.29885,1.2989,3.20,16.40
2008.11.26 09:18:30.854,1.29885,1.2989,5.60,15.80
2008.11.26 09:18:31.074,1.29885,1.2989,5.60,7.80
2008.11.26 09:18:32.094,1.2989,1.29895,8.00,16.60
2008.11.26 09:18:39.522,1.2989,1.29895,8.00,11.60
2008.11.26 09:18:43.501,1.2989,1.29895,8.80,11.60
2008.11.26 09:18:44.371,1.2989,1.29895,8.80,3.60
2008.11.26 09:18:44.731,1.2989,1.299,11.20,24.40
2008.11.26 09:18:45.141,1.29895,1.299,3.20,24.40
2008.11.26 09:18:46.151,1.29895,1.299,3.20,19.40
2008.11.26 09:18:46.571,1.29895,1.299,3.20,11.40
2008.11.26 09:18:47.091,1.29895,1.299,3.20,18.20
2008.11.26 09:18:47.380,1.29895,1.299,15.20,15.80
2008.11.26 09:18:47.740,1.299,1.29905,11.40,13.00
2008.11.26 09:18:48.140,1.2991,1.29915,1.00,18.80
2008.11.26 09:18:48.440,1.29925,1.2993,8.00,17.40
2008.11.26 09:18:48.730,1.2993,1.2994,3.20,19.30
2008.11.26 09:18:49.460,1.2993,1.29935,4.80,8.00
2008.11.26 09:18:49.740,1.29935,1.2994,3.20,15.60
2008.11.26 09:18:50.130,1.2993,1.2994,17.00,17.20
2008.11.26 09:18:50.530,1.2994,1.29945,3.20,16.30
2008.11.26 09:18:51.000,1.29935,1.2994,13.80,8.00
2008.11.26 09:18:51.409,1.2994,1.29945,8.80,16.60
2008.11.26 09:18:51.809,1.29935,1.2994,3.20,24.60
2008.11.26 09:18:52.929,1.29935,1.2994,3.20,18.40
2008.11.26 09:18:54.119,1.2994,1.29945,3.20,21.10
2008.11.26 09:18:54.529,1.2994,1.29945,8.80,16.60
2008.11.26 09:18:55.469,1.2994,1.29945,8.80,10.40
2008.11.26 09:18:56.118,1.2994,1.29945,8.80,16.60
2008.11.26 09:19:00.887,1.2994,1.29945,8.80,11.60
2008.11.26 09:19:01.317,1.2994,1.29945,19.40,8.00
2008.11.26 09:19:01.617,1.29945,1.2995,3.20,18.40
2008.11.26 09:19:02.177,1.2994,1.29945,6.00,2.40
2008.11.26 09:19:02.687,1.2994,1.2995,8.20,21.80
2008.11.26 09:19:02.907,1.29945,1.2995,3.20,12.60
2008.11.26 09:19:03.587,1.2994,1.29945,8.80,8.00
2008.11.26 09:19:03.946,1.2993,1.2994,20.80,18.40
2008.11.26 09:19:04.456,1.29935,1.2994,3.20,18.40
2008.11.26 09:19:05.876,1.29935,1.2994,11.20,18.40
2008.11.26 09:19:06.216,1.29935,1.2994,13.80,16.00
2008.11.26 09:19:06.336,1.2994,1.29945,3.20,15.60
2008.11.26 09:19:06.786,1.2994,1.29945,8.80,10.40
2008.11.26 09:19:08.385,1.29945,1.2995,4.80,24.60
2008.11.26 09:19:08.795,1.2994,1.29945,6.80,2.40
2008.11.26 09:19:09.195,1.2994,1.29945,8.80,2.40
2008.11.26 09:19:11.875,1.2994,1.29945,8.80,7.20
2008.11.26 09:19:12.325,1.29935,1.2994,4.80,18.40
2008.11.26 09:19:13.244,1.29935,1.2994,4.80,10.40
2008.11.26 09:19:16.063,1.29935,1.2994,4.80,18.40
2008.11.26 09:19:16.234,1.29935,1.2994,3.20,12.20
2008.11.26 09:19:16.513,1.2993,1.29935,16.80,2.40
2008.11.26 09:19:16.993,1.2993,1.29935,8.00,2.40
2008.11.26 09:19:17.383,1.2993,1.2994,16.00,25.40
2008.11.26 09:19:17.843,1.2993,1.2994,18.40,16.00
2008.11.26 09:19:18.123,1.29935,1.2994,3.20,16.00
2008.11.26 09:19:18.533,1.29935,1.2994,3.20,17.20
2008.11.26 09:19:18.923,1.2993,1.29935,8.80,2.40
2008.11.26 09:19:19.393,1.2993,1.29935,10.20,2.40
2008.11.26 09:19:19.673,1.2993,1.2994,28.60,11.60
2008.11.26 09:19:19.943,1.29935,1.2994,3.20,16.60
2008.11.26 09:19:20.123,1.2993,1.29935,6.00,2.40
2008.11.26 09:19:20.412,1.2993,1.29935,8.80,2.40
2008.11.26 09:19:22.702,1.29925,1.2993,10.00,8.00
2008.11.26 09:19:23.162,1.29925,1.2993,3.20,14.60
2008.11.26 09:19:23.452,1.2992,1.29925,8.00,7.50
2008.11.26 09:19:23.852,1.2991,1.29915,16.80,2.40
2008.11.26 09:19:24.201,1.2991,1.29915,8.80,2.40
2008.11.26 09:19:25.611,1.2991,1.29915,8.80,7.20
2008.11.26 09:19:25.901,1.2991,1.29915,8.00,7.20
2008.11.26 09:19:26.771,1.29895,1.29905,27.60,2.40
2008.11.26 09:19:27.061,1.299,1.29905,8.80,7.20
2008.11.26 09:19:27.361,1.299,1.2991,8.00,27.00
2008.11.26 09:19:27.771,1.299,1.2991,18.40,17.20
2008.11.26 09:19:28.160,1.29905,1.2991,3.20,17.20
2008.11.26 09:19:28.950,1.2991,1.29915,1.00,20.80
2008.11.26 09:19:29.290,1.2992,1.2993,10.60,27.00
2008.11.26 09:19:29.700,1.2992,1.29925,8.00,8.60
2008.11.26 09:19:30.160,1.2992,1.29925,8.00,7.20
2008.11.26 09:19:31.840,1.29915,1.2992,8.50,14.20
2008.11.26 09:19:32.289,1.29915,1.2992,3.20,14.70
2008.11.26 09:19:32.699,1.2991,1.29915,8.80,2.40
2008.11.26 09:19:32.939,1.2991,1.29915,3.20,16.30
2008.11.26 09:19:33.469,1.29905,1.2991,3.20,18.40
2008.11.26 09:19:34.729,1.29905,1.2991,3.20,10.40
2008.11.26 09:19:35.239,1.2991,1.29915,3.20,13.20
2008.11.26 09:19:35.948,1.2991,1.29915,19.40,8.00
2008.11.26 09:19:36.299,1.29915,1.2992,3.20,19.60
2008.11.26 09:19:36.419,1.29915,1.2992,3.20,18.40
2008.11.26 09:19:38.108,1.29915,1.2992,11.40,18.40
2008.11.26 09:19:38.458,1.2992,1.29925,11.40,12.60
2008.11.26 09:19:38.958,1.29925,1.2993,3.20,12.60
2008.11.26 09:19:39.378,1.29925,1.2993,13.80,12.00
2008.11.26 09:19:39.718,1.29925,1.2993,3.20,18.40
2008.11.26 09:19:43.917,1.29925,1.2993,4.60,18.40
2008.11.26 09:19:44.087,1.2993,1.29935,18.60,2.80
2008.11.26 09:19:44.327,1.2993,1.29935,18.60,1.60
2008.11.26 09:19:44.497,1.29935,1.2994,3.20,24.60
2008.11.26 09:19:45.346,1.29935,1.2994,3.20,18.40
2008.11.26 09:19:45.916,1.29935,1.2994,11.40,10.40
2008.11.26 09:19:46.136,1.2994,1.29945,3.20,19.60
2008.11.26 09:19:46.306,1.29925,1.2993,3.20,10.40
2008.11.26 09:19:46.686,1.29925,1.2993,3.20,18.40
2008.11.26 09:19:47.706,1.2992,1.29925,6.80,2.40
2008.11.26 09:19:48.256,1.2992,1.29925,8.80,2.40
2008.11.26 09:19:49.225,1.2992,1.29925,8.80,9.80
2008.11.26 09:19:49.745,1.29915,1.2992,3.20,18.40
2008.11.26 09:19:50.435,1.29915,1.2992,13.60,8.00
2008.11.26 09:19:50.825,1.29915,1.2992,13.80,8.00
2008.11.26 09:19:51.165,1.2992,1.29925,8.80,2.40
2008.11.26 09:19:51.685,1.2992,1.29925,19.40,8.00
2008.11.26 09:19:51.975,1.29925,1.2993,3.20,18.40
2008.11.26 09:19:53.164,1.2992,1.29925,11.30,12.80
2008.11.26 09:19:53.444,1.2991,1.2992,17.20,2.40
2008.11.26 09:19:53.864,1.29915,1.2992,3.20,18.40
2008.11.26 09:19:54.374,1.2992,1.29925,8.00,21.00
2008.11.26 09:19:54.734,1.2992,1.29925,10.60,16.80
2008.11.26 09:19:55.244,1.29925,1.2993,3.20,24.60
2008.11.26 09:19:57.404,1.2992,1.29925,6.00,2.40
2008.11.26 09:19:57.873,1.2992,1.2993,17.00,17.20
2008.11.26 09:19:58.163,1.29925,1.2993,3.20,16.00
2008.11.26 09:19:58.513,1.29925,1.2993,13.80,16.00
2008.11.26 09:19:59.033,1.2993,1.29935,3.20,15.60
2008.11.26 09:19:59.543,1.29925,1.2993,3.20,8.00
2008.11.26 09:20:02.263,1.29925,1.2993,5.80,8.00
2008.11.26 09:20:02.433,1.29925,1.2993,5.80,12.80
2008.11.26 09:20:02.842,1.2993,1.29935,3.20,25.80
2008.11.26 09:20:03.322,1.29925,1.2993,3.20,24.60
2008.11.26 09:20:03.592,1.2993,1.29935,3.20,16.30
2008.11.26 09:20:04.032,1.29925,1.2993,3.20,10.40
2008.11.26 09:20:04.383,1.29925,1.2993,3.20,18.40
2008.11.26 09:20:05.232,1.2992,1.2993,11.20,18.40
2008.11.26 09:20:05.452,1.29925,1.2993,2.40,8.00
2008.11.26 09:20:05.772,1.29925,1.2993,5.60,8.00
2008.11.26 09:20:18.009,1.29925,1.2993,3.20,10.40
2008.11.26 09:20:18.309,1.2992,1.2993,12.80,18.40
2008.11.26 09:20:19.118,1.2992,1.2993,20.80,10.40
2008.11.26 09:20:19.558,1.29925,1.2993,4.00,8.00
2008.11.26 09:20:20.078,1.29925,1.2993,3.20,12.80
2008.11.26 09:20:20.368,1.2991,1.2992,24.80,3.70
2008.11.26 09:20:20.718,1.29915,1.2992,12.10,5.60
2008.11.26 09:20:20.998,1.29905,1.2992,16.00,18.40
2008.11.26 09:20:21.558,1.2991,1.29915,8.00,8.00
2008.11.26 09:20:23.797,1.29925,1.2993,5.40,1.60
2008.11.26 09:20:24.077,1.2993,1.29935,3.20,12.00
2008.11.26 09:20:24.487,1.29935,1.2994,3.80,8.60
2008.11.26 09:20:24.787,1.2994,1.29945,2.40,12.00
2008.11.26 09:20:25.077,1.2994,1.29945,11.20,8.00
2008.11.26 09:20:25.257,1.2994,1.29945,8.00,2.40
2008.11.26 09:20:25.427,1.2994,1.29945,8.00,10.40
2008.11.26 09:20:25.827,1.2994,1.29945,8.00,15.20
2008.11.26 09:20:26.327,1.2994,1.29945,8.00,10.40
2008.11.26 09:20:28.536,1.29945,1.2995,5.40,13.80
2008.11.26 09:20:29.066,1.2995,1.29955,8.00,19.80
2008.11.26 09:20:29.416,1.2995,1.29955,1.40,13.20
2008.11.26 09:20:29.816,1.2995,1.29955,7.20,12.00
2008.11.26 09:20:30.466,1.2995,1.2996,12.80,18.40
2008.11.26 09:20:30.825,1.29955,1.2996,1.60,18.40
2008.11.26 09:20:32.305,1.29945,1.2995,9.20,10.40
2008.11.26 09:20:32.766,1.29945,1.2995,1.60,18.40
2008.11.26 09:20:33.105,1.29945,1.2995,1.60,11.60
2008.11.26 09:20:33.455,1.2994,1.29945,9.40,8.20
2008.11.26 09:20:33.985,1.2994,1.29945,1.60,17.60
2008.11.26 09:20:34.345,1.2994,1.2995,10.40,16.00
2008.11.26 09:20:38.044,1.2994,1.2995,9.00,20.80
2008.11.26 09:20:38.374,1.2994,1.29945,8.80,10.40
2008.11.26 09:20:38.833,1.2994,1.29945,8.00,8.00
2008.11.26 09:20:39.633,1.2994,1.29945,10.40,8.00
2008.11.26 09:20:40.253,1.2994,1.29945,8.80,10.40
2008.11.26 09:20:40.723,1.2994,1.29945,8.00,10.40
2008.11.26 09:20:41.413,1.2994,1.29945,9.60,10.40
2008.11.26 09:20:41.763,1.2994,1.29945,10.40,8.00
2008.11.26 09:20:42.043,1.2995,1.29955,2.40,13.60
2008.11.26 09:20:42.573,1.29955,1.2996,1.60,33.80
2008.11.26 09:20:42.853,1.2994,1.2995,18.40,8.00
2008.11.26 09:20:43.532,1.2994,1.2995,16.80,14.20
2008.11.26 09:20:43.862,1.2994,1.29945,8.00,10.40
2008.11.26 09:20:45.582,1.2994,1.29945,9.60,10.40
2008.11.26 09:20:45.752,1.2994,1.29945,10.40,8.00
2008.11.26 09:20:46.452,1.2994,1.29945,8.00,10.40
2008.11.26 09:20:47.652,1.29945,1.2995,1.60,18.40
2008.11.26 09:20:48.121,1.2995,1.29955,4.00,9.60
2008.11.26 09:20:48.401,1.29955,1.2996,1.60,18.40
2008.11.26 09:20:48.911,1.29955,1.2996,3.20,18.40
2008.11.26 09:20:49.481,1.29955,1.2996,8.80,8.00
2008.11.26 09:20:49.931,1.29955,1.2996,4.80,18.40
2008.11.26 09:20:50.331,1.29955,1.2996,1.60,18.40
2008.11.26 09:20:50.441,1.29955,1.2996,8.80,16.00
2008.11.26 09:20:50.781,1.29955,1.2996,8.80,8.00
2008.11.26 09:20:51.980,1.29955,1.2996,7.40,8.00
2008.11.26 09:20:52.150,1.29955,1.2996,4.80,10.40
2008.11.26 09:20:52.390,1.29955,1.2996,1.60,18.40
2008.11.26 09:20:52.970,1.29955,1.2996,1.60,16.00
2008.11.26 09:20:55.229,1.2995,1.29955,5.20,7.20
2008.11.26 09:20:55.560,1.2994,1.2995,16.80,16.00
2008.11.26 09:20:57.569,1.29945,1.2995,1.60,16.00
2008.11.26 09:20:57.979,1.29935,1.2994,7.20,8.00
2008.11.26 09:20:58.449,1.29935,1.2994,5.60,16.00
2008.11.26 09:20:58.679,1.29935,1.2994,7.20,8.00
2008.11.26 09:20:59.029,1.29935,1.2994,3.20,16.00
2008.11.26 09:20:59.429,1.29935,1.2994,1.60,16.00
2008.11.26 09:21:01.588,1.29935,1.2994,3.20,8.00
2008.11.26 09:21:01.868,1.2994,1.29945,4.00,12.00
2008.11.26 09:21:02.038,1.29945,1.2995,1.60,16.00
2008.11.26 09:21:02.398,1.2994,1.2995,16.80,16.00
2008.11.26 09:21:03.128,1.29945,1.2995,1.60,16.00
2008.11.26 09:21:06.027,1.2994,1.29945,6.40,8.00
2008.11.26 09:21:06.147,1.29945,1.2995,1.60,16.30
2008.11.26 09:21:06.367,1.29935,1.2994,8.80,8.00
2008.11.26 09:21:06.537,1.29935,1.2994,8.60,8.00
2008.11.26 09:21:06.707,1.29935,1.2994,4.80,8.00
2008.11.26 09:21:06.887,1.2993,1.2994,18.40,8.00
2008.11.26 09:21:07.177,1.29935,1.2994,1.60,8.00
2008.11.26 09:21:07.347,1.29935,1.2994,4.00,8.00
2008.11.26 09:21:07.527,1.29935,1.2994,8.80,8.00
2008.11.26 09:21:09.116,1.29935,1.2994,7.20,8.00
2008.11.26 09:21:09.876,1.29935,1.2994,4.00,8.00
2008.11.26 09:21:10.696,1.29935,1.2994,12.00,8.00
2008.11.26 09:21:11.346,1.2994,1.29945,1.00,13.20
2008.11.26 09:21:11.686,1.2994,1.29945,12.00,8.00
2008.11.26 09:21:11.916,1.2994,1.2995,20.00,18.40
2008.11.26 09:21:13.585,1.2994,1.2995,20.80,18.40
2008.11.26 09:21:18.044,1.29955,1.2996,1.40,25.60
2008.11.26 09:21:18.224,1.2995,1.29955,4.80,12.00
2008.11.26 09:21:18.574,1.2995,1.29955,8.00,2.40
2008.11.26 09:21:19.344,1.2995,1.2996,21.60,18.40
2008.11.26 09:21:19.804,1.2995,1.2996,22.40,18.40
2008.11.26 09:21:21.803,1.2995,1.2996,14.40,18.40
2008.11.26 09:21:23.253,1.2995,1.2996,20.80,16.00
2008.11.26 09:21:23.523,1.2995,1.2996,20.80,8.00
2008.11.26 09:21:23.633,1.29945,1.2997,15.00,9.20
2008.11.26 09:21:24.143,1.29947,1.29972,15.20,8.00
2008.11.26 09:21:24.502,1.29949,1.29974,4.00,8.00
2008.11.26 09:21:24.952,1.29961,1.29966,8.00,8.00
2008.11.26 09:21:25.292,1.29963,1.29968,4.00,8.00
2008.11.26 09:21:25.702,1.29965,1.2997,7.20,8.00
2008.11.26 09:21:26.232,1.29967,1.29973,4.00,8.00
2008.11.26 09:21:26.462,1.2997,1.29975,8.00,8.00
2008.11.26 09:21:26.733,1.29973,1.29978,1.60,17.20
2008.11.26 09:21:27.182,1.29975,1.2998,9.40,12.20
2008.11.26 09:21:27.522,1.29977,1.29982,7.20,12.40
2008.11.26 09:21:27.882,1.2998,1.29984,8.00,8.00
2008.11.26 09:21:28.172,1.29982,1.29987,7.20,8.00
2008.11.26 09:21:29.621,1.29984,1.29989,3.20,16.00
2008.11.26 09:21:29.921,1.29984,1.29994,20.80,16.00
2008.11.26 09:21:30.141,1.29989,1.29994,1.00,16.00
2008.11.26 09:21:30.481,1.29991,1.29996,1.60,16.80
2008.11.26 09:21:30.831,1.29994,1.29998,4.20,8.80
2008.11.26 09:21:31.181,1.29996,1.30001,8.80,8.00
2008.11.26 09:21:31.591,1.29998,1.30004,7.20,8.00
2008.11.26 09:21:31.951,1.30015,1.3002,4.80,8.00
2008.11.26 09:21:32.391,1.3001,1.3002,16.20,8.00
2008.11.26 09:21:32.850,1.3001,1.3002,16.80,12.80
2008.11.26 09:21:33.240,1.3001,1.30015,8.00,8.00
2008.11.26 09:21:33.570,1.3001,1.30015,8.00,11.20
2008.11.26 09:21:33.870,1.3001,1.30015,8.00,8.00
2008.11.26 09:21:35.150,1.30015,1.3002,1.40,14.80
2008.11.26 09:21:35.570,1.30015,1.3002,5.60,14.40
2008.11.26 09:21:35.810,1.30015,1.3002,3.20,15.20
2008.11.26 09:21:35.970,1.3001,1.3002,12.00,26.40
2008.11.26 09:21:36.370,1.3001,1.30015,8.00,8.00
2008.11.26 09:21:38.349,1.30005,1.3001,8.50,8.00
2008.11.26 09:21:38.749,1.3,1.3001,20.60,16.00
2008.11.26 09:21:39.049,1.3,1.30005,12.00,8.00
2008.11.26 09:21:39.619,1.3,1.3001,20.80,16.00
2008.11.26 09:21:40.249,1.30005,1.3001,1.40,16.00
2008.11.26 09:21:40.689,1.3001,1.30015,19.20,6.20
2008.11.26 09:21:41.198,1.3001,1.30015,1.60,18.40
2008.11.26 09:21:41.499,1.3001,1.3002,20.80,16.00
2008.11.26 09:21:42.778,1.30015,1.3002,1.60,8.00
2008.11.26 09:21:43.248,1.3002,1.30025,8.00,14.20
2008.11.26 09:21:43.518,1.3001,1.3002,20.80,8.00
2008.11.26 09:21:43.748,1.3001,1.3002,20.80,16.00
2008.11.26 09:21:44.278,1.3002,1.30025,6.40,20.80
2008.11.26 09:21:44.768,1.3003,1.30045,18.60,16.00
2008.11.26 09:21:45.357,1.30035,1.30045,5.60,16.00
2008.11.26 09:21:45.577,1.30035,1.30045,15.20,8.00
2008.11.26 09:21:45.798,1.30035,1.3004,16.80,8.00
2008.11.26 09:21:46.247,1.3004,1.30045,10.40,14.20
2008.11.26 09:21:46.547,1.30035,1.3004,1.60,16.00
2008.11.26 09:21:47.107,1.30035,1.3004,7.20,8.00
2008.11.26 09:21:47.617,1.30035,1.3004,8.00,14.20
2008.11.26 09:21:47.977,1.3003,1.30035,16.00,6.20
2008.11.26 09:21:48.387,1.3003,1.30035,16.00,1.20
2008.11.26 09:21:48.597,1.3003,1.3004,8.00,27.80
2008.11.26 09:21:49.347,1.3003,1.30035,8.00,1.60
2008.11.26 09:21:49.706,1.3003,1.3004,19.20,8.00
2008.11.26 09:21:49.886,1.3003,1.3004,16.00,13.60
2008.11.26 09:21:50.126,1.3003,1.3004,16.00,26.40
2008.11.26 09:21:50.466,1.3003,1.3004,8.00,26.40
2008.11.26 09:21:51.396,1.3003,1.30035,8.00,8.00
2008.11.26 09:21:52.436,1.3003,1.30035,10.40,8.00
2008.11.26 09:21:52.816,1.3003,1.3004,8.80,23.20
2008.11.26 09:21:53.156,1.3003,1.30035,8.00,16.60
2008.11.26 09:21:53.486,1.3004,1.30045,5.60,8.20
2008.11.26 09:21:53.886,1.30025,1.3003,8.00,16.00
2008.11.26 09:21:54.235,1.3002,1.3003,12.80,16.00
2008.11.26 09:21:55.255,1.3003,1.30035,1.60,17.60
2008.11.26 09:21:55.605,1.3003,1.30035,4.80,12.00
2008.11.26 09:21:55.765,1.3003,1.30035,10.40,8.00
2008.11.26 09:21:56.945,1.3003,1.30035,9.00,8.00
2008.11.26 09:21:57.345,1.3003,1.30035,8.00,8.00
2008.11.26 09:21:57.635,1.3003,1.30035,10.20,8.00
2008.11.26 09:21:59.544,1.3003,1.30035,10.20,10.40
2008.11.26 09:21:59.774,1.3003,1.30035,8.00,10.40
2008.11.26 09:22:02.334,1.3003,1.30035,8.00,2.40
2008.11.26 09:22:07.552,1.3003,1.30035,8.00,10.40
2008.11.26 09:22:09.372,1.30025,1.3003,9.70,4.80
2008.11.26 09:22:09.601,1.30015,1.30025,13.00,10.40
2008.11.26 09:22:10.052,1.3002,1.30025,8.00,10.40
2008.11.26 09:22:10.572,1.30015,1.3002,10.40,8.00
2008.11.26 09:22:10.801,1.3001,1.3002,20.80,18.40
2008.11.26 09:22:11.041,1.3002,1.30025,1.60,19.00
2008.11.26 09:22:11.211,1.3002,1.30025,4.80,12.80
2008.11.26 09:22:12.111,1.3002,1.30025,10.40,8.00
2008.11.26 09:22:12.671,1.30025,1.3003,7.20,16.00
2008.11.26 09:22:12.981,1.30025,1.3003,7.20,8.00
2008.11.26 09:22:13.441,1.3003,1.30035,8.00,10.40
2008.11.26 09:22:16.380,1.30025,1.3003,8.50,2.40
2008.11.26 09:22:16.620,1.30025,1.3003,8.50,10.40
2008.11.26 09:22:17.010,1.3002,1.3003,20.80,18.40
2008.11.26 09:22:18.329,1.30025,1.3003,7.00,8.00
2008.11.26 09:22:18.679,1.3003,1.30035,8.00,10.40
2008.11.26 09:22:20.009,1.30025,1.3003,9.60,8.00
2008.11.26 09:22:20.179,1.3002,1.3003,20.80,18.40
2008.11.26 09:22:20.419,1.3002,1.30025,16.80,2.40
2008.11.26 09:22:20.949,1.3002,1.30025,8.00,2.40
2008.11.26 09:22:21.179,1.3002,1.30025,8.00,10.40
2008.11.26 09:22:22.459,1.3002,1.30025,11.80,8.00
2008.11.26 09:22:22.808,1.3003,1.30035,10.40,10.40
2008.11.26 09:22:23.169,1.3004,1.30045,10.40,2.40
2008.11.26 09:22:23.508,1.3004,1.3005,12.00,14.80
2008.11.26 09:22:23.958,1.30045,1.3005,12.00,8.00
2008.11.26 09:22:24.308,1.3006,1.30065,2.60,8.00
2008.11.26 09:22:24.728,1.3006,1.3007,15.00,8.00
2008.11.26 09:22:25.068,1.30065,1.30075,8.00,16.60
2008.11.26 09:22:25.338,1.3007,1.30075,8.00,11.60
2008.11.26 09:22:25.668,1.3007,1.30075,8.00,10.40
2008.11.26 09:22:26.018,1.3007,1.30075,8.00,16.60
2008.11.26 09:22:26.967,1.3007,1.30075,8.00,8.00
2008.11.26 09:22:27.667,1.3007,1.30075,10.20,8.00
2008.11.26 09:22:28.077,1.30075,1.3008,3.20,19.20
2008.11.26 09:22:28.487,1.3007,1.30075,8.00,8.00
2008.11.26 09:22:28.707,1.3007,1.30075,9.40,8.00
2008.11.26 09:22:28.977,1.3007,1.30075,9.60,8.00
2008.11.26 09:22:29.397,1.3007,1.30075,9.40,10.40
2008.11.26 09:22:29.677,1.3007,1.30075,8.00,16.60
2008.11.26 09:22:30.007,1.3006,1.30065,1.00,2.40
2008.11.26 09:22:30.456,1.3006,1.30065,8.00,4.20
2008.11.26 09:22:30.907,1.30055,1.3006,3.80,8.00
2008.11.26 09:22:31.196,1.30055,1.3006,8.80,8.00
2008.11.26 09:22:31.486,1.3006,1.30065,8.00,10.40
2008.11.26 09:22:32.946,1.30065,1.3007,1.60,16.20
2008.11.26 09:22:33.166,1.3007,1.30075,3.20,15.00
2008.11.26 09:22:33.566,1.3007,1.3008,16.00,17.40
2008.11.26 09:22:33.906,1.3007,1.3008,16.80,14.20
2008.11.26 09:22:34.635,1.3007,1.3008,16.80,12.80
2008.11.26 09:22:35.046,1.30075,1.3008,10.40,8.00
2008.11.26 09:22:35.395,1.3008,1.30085,8.00,12.90
2008.11.26 09:22:35.695,1.3007,1.30075,3.20,18.70
2008.11.26 09:22:35.975,1.3006,1.3007,19.20,16.60
2008.11.26 09:22:36.505,1.30055,1.3006,7.20,8.00
2008.11.26 09:22:39.774,1.30065,1.3007,1.00,19.10
2008.11.26 09:22:42.024,1.30075,1.3008,8.00,6.00
2008.11.26 09:22:42.424,1.3007,1.30075,8.00,10.40
2008.11.26 09:22:43.334,1.3007,1.3008,11.80,21.60
2008.11.26 09:22:43.733,1.3007,1.3008,12.60,18.40
2008.11.26 09:22:44.183,1.3007,1.3008,10.20,16.00
2008.11.26 09:22:44.633,1.3007,1.30075,10.20,8.00
2008.11.26 09:22:45.023,1.3007,1.30075,8.80,8.00
2008.11.26 09:22:46.873,1.30085,1.3009,8.80,21.20
2008.11.26 09:22:47.212,1.30075,1.30085,10.00,8.00
2008.11.26 09:22:47.513,1.30075,1.30085,8.00,10.40
2008.11.26 09:22:47.793,1.30075,1.30085,11.20,8.00
2008.11.26 09:22:48.082,1.30085,1.3009,2.40,11.20
2008.11.26 09:22:48.602,1.30085,1.3009,5.60,8.00
2008.11.26 09:22:49.292,1.30095,1.301,2.40,3.20
2008.11.26 09:22:49.702,1.30095,1.301,5.60,8.00
2008.11.26 09:22:50.102,1.301,1.30105,1.60,21.80
2008.11.26 09:22:50.791,1.30105,1.3011,4.00,16.00
2008.11.26 09:22:51.082,1.3011,1.30115,9.40,2.40
2008.11.26 09:22:51.312,1.3011,1.3012,12.80,18.40
2008.11.26 09:22:51.712,1.3011,1.3012,13.00,23.20
2008.11.26 09:22:52.181,1.30115,1.3012,8.00,16.00
2008.11.26 09:22:52.581,1.3012,1.3013,3.80,14.80
2008.11.26 09:22:52.861,1.3012,1.3013,12.60,18.40
2008.11.26 09:22:54.861,1.30125,1.3013,1.60,18.40
2008.11.26 09:22:55.371,1.30125,1.3013,4.80,10.40
2008.11.26 09:22:55.600,1.30125,1.3013,1.60,18.40
2008.11.26 09:22:55.891,1.30125,1.3013,7.20,8.00
2008.11.26 09:22:56.310,1.30125,1.3013,15.20,8.00
2008.11.26 09:22:56.660,1.3013,1.30135,8.00,10.40
2008.11.26 09:22:58.680,1.3013,1.30135,8.00,15.20
2008.11.26 09:22:58.970,1.30125,1.3013,12.50,2.40
2008.11.26 09:22:59.889,1.3012,1.3013,11.20,18.40
2008.11.26 09:23:00.359,1.3012,1.3013,11.20,23.20
2008.11.26 09:23:00.529,1.3012,1.3013,11.20,24.60
2008.11.26 09:23:02.019,1.3012,1.30125,19.20,6.20
2008.11.26 09:23:02.429,1.3012,1.30125,8.00,6.70
2008.11.26 09:23:02.889,1.3012,1.30125,8.00,13.60
2008.11.26 09:23:03.239,1.3011,1.30115,16.00,2.40
2008.11.26 09:23:03.568,1.3011,1.30115,16.00,7.40
2008.11.26 09:23:03.909,1.301,1.30105,8.80,2.40
2008.11.26 09:23:04.188,1.301,1.30105,8.00,6.70
2008.11.26 09:23:04.578,1.3009,1.30095,16.80,2.40
2008.11.26 09:23:04.979,1.3009,1.30095,8.00,2.40
2008.11.26 09:23:05.158,1.30085,1.3009,15.20,8.00
2008.11.26 09:23:05.458,1.30085,1.3009,13.60,8.00
2008.11.26 09:23:05.798,1.30085,1.3009,5.60,8.00
2008.11.26 09:23:06.028,1.30085,1.3009,13.80,8.00
2008.11.26 09:23:06.728,1.30085,1.3009,5.60,8.00
2008.11.26 09:23:07.488,1.301,1.3011,11.20,21.40
2008.11.26 09:23:07.837,1.30085,1.30095,20.80,10.40
2008.11.26 09:23:07.957,1.301,1.3011,2.40,6.20
2008.11.26 09:23:08.427,1.301,1.3011,8.00,12.80
2008.11.26 09:23:08.827,1.30095,1.30105,8.00,2.40
2008.11.26 09:23:09.237,1.301,1.3011,8.00,25.40
2008.11.26 09:23:09.697,1.301,1.3011,8.80,22.20
2008.11.26 09:23:12.106,1.301,1.30105,8.80,2.40
2008.11.26 09:23:12.397,1.301,1.30105,8.00,2.40
2008.11.26 09:23:12.576,1.301,1.3011,8.00,25.40
2008.11.26 09:23:12.806,1.301,1.3011,8.80,22.20
2008.11.26 09:23:14.016,1.301,1.30105,8.80,14.70
2008.11.26 09:23:14.466,1.3009,1.301,11.20,18.40
2008.11.26 09:23:15.156,1.3009,1.30095,8.80,2.40
2008.11.26 09:23:15.436,1.3009,1.30095,8.00,2.40
2008.11.26 09:23:15.846,1.3009,1.30095,8.00,10.40
2008.11.26 09:23:16.126,1.3009,1.30095,8.00,11.60
2008.11.26 09:23:16.296,1.3009,1.30095,8.00,16.60
2008.11.26 09:23:17.275,1.30085,1.3009,9.60,8.00
2008.11.26 09:23:17.695,1.3009,1.30095,2.40,26.40
2008.11.26 09:23:18.205,1.3008,1.30085,8.00,25.10
2008.11.26 09:23:18.495,1.3008,1.30085,8.00,12.00
2008.11.26 09:23:18.855,1.3007,1.3008,18.40,8.00
2008.11.26 09:23:19.355,1.3007,1.3008,10.40,16.00
2008.11.26 09:23:20.465,1.3007,1.3008,8.80,20.80
2008.11.26 09:23:20.695,1.3007,1.3008,7.80,24.00
2008.11.26 09:23:21.034,1.3007,1.30075,7.80,6.20
2008.11.26 09:23:21.364,1.3007,1.30075,7.80,4.80
2008.11.26 09:23:21.704,1.30085,1.3009,12.00,9.60
2008.11.26 09:23:22.334,1.3009,1.30095,7.80,12.20
2008.11.26 09:23:22.804,1.3008,1.30085,15.80,4.80
2008.11.26 09:23:23.264,1.3008,1.3009,15.80,16.00
2008.11.26 09:23:23.864,1.3008,1.3009,16.80,12.80
2008.11.26 09:23:24.934,1.3008,1.3009,16.80,8.00
2008.11.26 09:23:25.783,1.3008,1.3009,18.20,8.00
2008.11.26 09:23:26.183,1.3008,1.30085,3.20,19.10
2008.11.26 09:23:26.483,1.30075,1.3008,3.40,18.40
2008.11.26 09:23:26.753,1.3007,1.3008,12.80,18.40
2008.11.26 09:23:26.993,1.30075,1.3008,1.40,18.40
2008.11.26 09:23:27.513,1.3008,1.30085,2.40,18.40
2008.11.26 09:23:27.963,1.3008,1.3009,12.60,18.40
2008.11.26 09:23:30.372,1.30075,1.3008,14.40,8.00
2008.11.26 09:23:30.842,1.3008,1.30085,4.00,18.40
2008.11.26 09:23:31.062,1.30075,1.3008,15.20,8.00
2008.11.26 09:23:31.362,1.3008,1.3009,12.80,18.40
2008.11.26 09:23:31.532,1.3008,1.30085,11.20,8.00
2008.11.26 09:23:31.802,1.3008,1.30085,7.80,10.40
2008.11.26 09:23:34.701,1.3008,1.30085,7.80,2.40
2008.11.26 09:23:35.461,1.30075,1.3008,13.10,2.40
2008.11.26 09:23:36.071,1.3007,1.3008,20.80,10.40
2008.11.26 09:23:36.890,1.30075,1.3008,1.60,10.40
2008.11.26 09:23:37.161,1.30075,1.3008,12.00,8.00
2008.11.26 09:23:37.621,1.3008,1.30085,7.80,2.40
2008.11.26 09:23:38.440,1.3008,1.30085,7.80,16.60
2008.11.26 09:23:38.830,1.30075,1.3008,3.80,8.00
2008.11.26 09:23:39.451,1.3008,1.30085,7.80,2.40
2008.11.26 09:23:40.859,1.3008,1.30085,7.80,8.60
2008.11.26 09:23:41.090,1.3008,1.30085,7.80,16.60
2008.11.26 09:23:41.370,1.3008,1.30085,7.80,19.80
2008.11.26 09:23:42.119,1.3007,1.30075,8.80,2.40
2008.11.26 09:23:42.569,1.3007,1.3008,12.80,19.60
2008.11.26 09:23:42.899,1.3007,1.3008,12.60,18.40
2008.11.26 09:23:43.309,1.3007,1.30075,8.80,2.40
2008.11.26 09:23:43.829,1.3007,1.3008,11.20,18.40
2008.11.26 09:23:44.759,1.3008,1.30085,2.40,11.00
2008.11.26 09:23:45.169,1.3008,1.30085,7.80,16.60
2008.11.26 09:23:46.908,1.3008,1.30085,7.80,8.60
2008.11.26 09:23:51.097,1.3008,1.30085,7.80,11.80
2008.11.26 09:23:51.327,1.3007,1.3008,12.20,4.80
2008.11.26 09:23:51.727,1.3007,1.30075,16.80,2.40
2008.11.26 09:23:52.067,1.3007,1.3008,10.40,16.00
2008.11.26 09:23:53.157,1.3007,1.3008,10.40,20.00
2008.11.26 09:23:53.437,1.3007,1.30075,8.80,14.20
2008.11.26 09:23:53.836,1.3007,1.30075,3.20,10.40
2008.11.26 09:23:54.286,1.3008,1.30085,2.40,12.70
2008.11.26 09:23:54.636,1.3008,1.3009,11.20,24.60
2008.11.26 09:23:55.396,1.3008,1.30085,8.80,2.40
2008.11.26 09:23:55.686,1.3008,1.30085,7.80,10.40
2008.11.26 09:23:56.616,1.30075,1.3008,8.00,10.40
2008.11.26 09:23:56.836,1.3007,1.3008,12.60,18.40
2008.11.26 09:23:57.995,1.30075,1.3008,2.40,16.00
2008.11.26 09:23:58.165,1.30075,1.3008,2.40,8.00
2008.11.26 09:23:58.345,1.30075,1.3008,5.60,8.00
2008.11.26 09:23:58.805,1.30075,1.3008,13.60,8.00
2008.11.26 09:23:59.155,1.3008,1.30085,7.80,10.40
2008.11.26 09:23:59.495,1.3008,1.30085,7.80,16.60
2008.11.26 09:24:00.295,1.3008,1.30085,7.80,13.10
2008.11.26 09:24:00.595,1.3008,1.30085,7.80,17.10
2008.11.26 09:24:00.945,1.3007,1.3008,12.60,18.40
2008.11.26 09:24:02.374,1.3007,1.3008,20.60,18.40
2008.11.26 09:24:03.084,1.3007,1.30085,19.60,3.20
2008.11.26 09:24:03.434,1.30072,1.30088,7.80,8.00
2008.11.26 09:24:04.124,1.3008,1.30085,8.80,2.40
2008.11.26 09:24:04.404,1.3008,1.3009,12.00,16.00
2008.11.26 09:24:05.364,1.30083,1.30093,10.20,16.00
2008.11.26 09:24:05.664,1.30085,1.30095,7.80,25.40
2008.11.26 09:24:06.583,1.3009,1.30095,7.80,10.60
2008.11.26 09:24:06.913,1.30092,1.30097,7.80,4.40
2008.11.26 09:24:07.153,1.30092,1.30102,7.80,16.00
2008.11.26 09:24:07.433,1.30097,1.30102,1.40,16.00
2008.11.26 09:24:07.903,1.30099,1.30104,4.60,16.00
2008.11.26 09:24:08.243,1.30099,1.30109,1.40,21.80
2008.11.26 09:24:08.643,1.30101,1.30111,19.20,11.20
2008.11.26 09:24:09.003,1.30103,1.30113,12.80,18.40
2008.11.26 09:24:09.343,1.3012,1.3013,11.20,18.40
2008.11.26 09:24:10.562,1.30125,1.3013,4.00,8.00
2008.11.26 09:24:10.792,1.30125,1.3013,7.20,8.00
2008.11.26 09:24:11.192,1.3013,1.30135,9.20,10.40
2008.11.26 09:24:11.602,1.3013,1.30135,8.80,2.40
2008.11.26 09:24:11.942,1.3013,1.30135,7.80,2.40
2008.11.26 09:24:12.722,1.3013,1.3014,9.20,20.40
2008.11.26 09:24:13.122,1.3013,1.3014,10.40,16.00
2008.11.26 09:24:13.521,1.30135,1.3014,3.80,16.00
2008.11.26 09:24:13.922,1.30135,1.3014,7.20,16.00
2008.11.26 09:24:14.321,1.3014,1.30145,7.80,10.40
2008.11.26 09:24:14.721,1.3013,1.3014,12.80,18.40
2008.11.26 09:24:17.511,1.3013,1.3014,12.80,20.00
2008.11.26 09:24:19.460,1.3013,1.3014,11.20,20.00
2008.11.26 09:24:19.870,1.30125,1.3013,16.50,4.80
2008.11.26 09:24:20.400,1.3012,1.3013,10.10,16.60
2008.11.26 09:24:20.700,1.3012,1.30125,7.80,2.40
2008.11.26 09:24:21.000,1.3012,1.30125,7.80,7.20
2008.11.26 09:24:21.520,1.3012,1.30125,7.80,11.80
2008.11.26 09:24:21.910,1.3011,1.30115,7.80,2.40
2008.11.26 09:24:22.979,1.3011,1.3012,11.60,22.80
2008.11.26 09:24:23.219,1.30115,1.3012,3.80,8.00
2008.11.26 09:24:23.489,1.3012,1.30125,1.40,13.20
2008.11.26 09:24:24.059,1.30125,1.3013,1.60,12.00
2008.11.26 09:24:24.739,1.30125,1.3013,4.80,18.40
2008.11.26 09:24:25.319,1.3013,1.30135,7.80,10.40
2008.11.26 09:24:25.769,1.30125,1.3013,7.20,8.00
2008.11.26 09:24:26.558,1.30125,1.3013,15.20,8.00
2008.11.26 09:24:26.788,1.3013,1.30135,7.80,10.40
2008.11.26 09:24:28.518,1.3013,1.30135,9.60,8.00
2008.11.26 09:24:28.908,1.3013,1.30135,10.40,8.00
2008.11.26 09:24:33.767,1.3014,1.30145,1.00,21.50
2008.11.26 09:24:34.127,1.3015,1.30155,1.60,22.60
2008.11.26 09:24:34.417,1.3015,1.30155,12.80,12.00
2008.11.26 09:24:34.876,1.30155,1.3016,3.20,12.60
2008.11.26 09:24:35.107,1.30155,1.3016,4.80,12.00
2008.11.26 09:24:37.376,1.3015,1.30155,10.40,8.00
2008.11.26 09:24:37.896,1.3015,1.30155,8.80,8.00
2008.11.26 09:24:38.246,1.3015,1.30155,7.80,10.40
2008.11.26 09:24:38.936,1.30145,1.3015,1.60,18.40
2008.11.26 09:24:39.295,1.3015,1.30155,7.80,10.40
2008.11.26 09:24:42.785,1.3015,1.30155,9.20,10.40
2008.11.26 09:24:43.075,1.3015,1.30155,10.40,8.00
2008.11.26 09:24:46.204,1.3015,1.30155,10.20,8.00
2008.11.26 09:24:46.264,1.3015,1.30155,8.80,12.80
2008.11.26 09:24:46.484,1.3014,1.3015,14.80,2.40
2008.11.26 09:24:46.594,1.3014,1.3015,12.80,18.40
2008.11.26 09:24:47.474,1.30135,1.3014,9.50,10.40
2008.11.26 09:24:47.824,1.3014,1.30145,7.80,2.40
2008.11.26 09:24:48.113,1.3014,1.3015,7.80,20.40
2008.11.26 09:24:48.413,1.3013,1.30165,2.40,11.20
2008.11.26 09:24:48.763,1.30135,1.30165,7.80,1.00
2008.11.26 09:24:49.113,1.30135,1.3017,7.80,10.40
2008.11.26 09:24:49.583,1.30153,1.30157,7.80,16.60
2008.11.26 09:24:50.793,1.30155,1.3016,7.80,3.60
2008.11.26 09:24:51.083,1.30158,1.30163,7.80,2.40
2008.11.26 09:24:53.042,1.3016,1.30166,13.40,4.80
2008.11.26 09:24:53.282,1.30161,1.30171,19.20,16.60
2008.11.26 09:24:53.792,1.30164,1.30174,19.20,24.60
2008.11.26 09:24:55.872,1.30175,1.3018,22.00,4.00
2008.11.26 09:24:56.171,1.3017,1.3018,14.00,16.60
2008.11.26 09:24:56.581,1.3017,1.30175,7.80,2.40
2008.11.26 09:24:56.981,1.3017,1.30175,7.80,5.60
2008.11.26 09:24:57.401,1.3017,1.30175,7.80,10.40
2008.11.26 09:24:58.851,1.3016,1.3017,14.30,10.40
2008.11.26 09:24:59.311,1.3017,1.30175,1.40,20.80
2008.11.26 09:24:59.720,1.3017,1.30175,9.20,8.00
2008.11.26 09:25:00.001,1.3017,1.30175,9.20,5.60
2008.11.26 09:25:00.290,1.3017,1.30175,9.60,5.60
2008.11.26 09:25:00.620,1.3017,1.30175,7.80,8.40
2008.11.26 09:25:00.850,1.3017,1.30175,7.80,13.60
2008.11.26 09:25:02.050,1.3017,1.30175,9.20,13.60
2008.11.26 09:25:02.330,1.3017,1.30175,9.60,5.60
2008.11.26 09:25:02.630,1.3017,1.30175,20.00,3.20
2008.11.26 09:25:02.860,1.3017,1.3018,20.00,18.40
2008.11.26 09:25:03.549,1.3017,1.30175,18.20,4.80
2008.11.26 09:25:03.840,1.30165,1.3017,6.10,8.00
2008.11.26 09:25:04.239,1.30165,1.3017,15.60,8.00
2008.11.26 09:25:04.529,1.3017,1.3018,20.00,21.60
2008.11.26 09:25:05.379,1.3017,1.3018,18.20,27.80
2008.11.26 09:25:06.069,1.30165,1.3017,16.40,2.40
2008.11.26 09:25:06.359,1.3016,1.3017,26.20,13.60
2008.11.26 09:25:06.469,1.3016,1.3017,18.20,13.60
2008.11.26 09:25:06.699,1.3016,1.3017,18.20,21.60
2008.11.26 09:25:07.749,1.3016,1.3017,18.20,27.80
2008.11.26 09:25:08.589,1.3016,1.30165,18.20,4.80
2008.11.26 09:25:08.878,1.3016,1.30165,7.80,8.60
2008.11.26 09:25:08.988,1.30155,1.3016,13.40,1.20
2008.11.26 09:25:09.279,1.3016,1.30165,7.80,9.40
2008.11.26 09:25:09.818,1.3015,1.3016,7.80,19.20
2008.11.26 09:25:10.388,1.3015,1.3016,9.60,19.20
2008.11.26 09:25:10.678,1.3016,1.30165,7.80,19.80
2008.11.26 09:25:10.918,1.3015,1.3016,14.30,10.40
2008.11.26 09:25:11.268,1.3015,1.3016,13.40,16.60
2008.11.26 09:25:11.508,1.3015,1.3016,18.20,27.80
2008.11.26 09:25:12.037,1.30155,1.3016,2.40,11.20
2008.11.26 09:25:12.427,1.3015,1.30155,17.60,2.40
2008.11.26 09:25:12.547,1.3016,1.30165,7.80,18.60
2008.11.26 09:25:12.787,1.30145,1.3015,13.10,8.00
2008.11.26 09:25:13.108,1.3015,1.30155,4.80,16.60
2008.11.26 09:25:13.387,1.3015,1.3016,18.40,8.00
2008.11.26 09:25:13.727,1.3015,1.3016,18.20,8.00
2008.11.26 09:25:13.957,1.3016,1.30165,7.80,11.20
2008.11.26 09:25:15.247,1.3016,1.3017,15.80,25.40
2008.11.26 09:25:17.786,1.3016,1.3017,15.80,20.40
2008.11.26 09:25:19.106,1.3016,1.3017,15.80,19.20
2008.11.26 09:25:19.606,1.30165,1.3017,2.40,8.00
2008.11.26 09:25:20.196,1.3017,1.30175,7.80,11.80
2008.11.26 09:25:20.695,1.3017,1.30175,15.80,5.60
2008.11.26 09:25:20.926,1.3017,1.3018,18.20,19.80
2008.11.26 09:25:21.385,1.3017,1.3018,18.20,27.80
2008.11.26 09:25:24.325,1.3017,1.3018,18.20,24.60
2008.11.26 09:25:28.094,1.3017,1.3018,10.20,27.80
2008.11.26 09:25:28.454,1.3017,1.30175,10.20,1.20
2008.11.26 09:25:28.783,1.3017,1.30175,7.80,8.60
2008.11.26 09:25:29.073,1.3016,1.3017,15.80,11.20
2008.11.26 09:25:29.483,1.3016,1.3017,15.80,8.00
2008.11.26 09:25:29.953,1.3016,1.3017,15.80,11.20
2008.11.26 09:25:31.403,1.30165,1.3017,2.40,11.20
2008.11.26 09:25:31.823,1.30165,1.3017,2.40,12.40
2008.11.26 09:25:32.333,1.30165,1.3017,2.40,8.00
2008.11.26 09:25:33.292,1.3016,1.3017,17.00,8.00
2008.11.26 09:25:33.652,1.3016,1.3017,16.00,11.20
2008.11.26 09:25:34.012,1.3016,1.3017,17.00,12.80
2008.11.26 09:25:34.252,1.3016,1.30165,16.80,2.40
2008.11.26 09:25:34.732,1.3017,1.30175,1.40,16.60
2008.11.26 09:25:35.202,1.30175,1.3018,6.20,12.60
2008.11.26 09:25:35.652,1.30175,1.3018,5.40,8.00
2008.11.26 09:25:36.052,1.3018,1.30185,7.80,14.20
2008.11.26 09:25:36.841,1.3018,1.30185,7.80,8.00
2008.11.26 09:25:38.611,1.3018,1.30185,8.80,8.00
2008.11.26 09:25:39.011,1.3018,1.3019,16.80,22.20
2008.11.26 09:25:39.421,1.3017,1.30175,8.00,8.00
2008.11.26 09:25:39.891,1.3017,1.30175,7.80,10.40
2008.11.26 09:25:40.301,1.3017,1.30175,7.80,8.80
2008.11.26 09:25:40.581,1.3017,1.30175,7.80,14.20
2008.11.26 09:25:40.911,1.30165,1.3017,8.00,16.60
2008.11.26 09:25:41.760,1.3017,1.30175,7.80,14.20
2008.11.26 09:25:44.160,1.3016,1.30165,15.80,2.40
2008.11.26 09:25:44.560,1.3016,1.30165,7.80,2.40
2008.11.26 09:25:45.599,1.3016,1.3017,18.20,19.80
2008.11.26 09:25:46.179,1.3016,1.3017,19.20,11.60
2008.11.26 09:25:46.470,1.30165,1.3017,8.00,11.60
2008.11.26 09:25:46.759,1.30165,1.3017,8.00,10.40
2008.11.26 09:25:47.049,1.3017,1.30175,7.80,11.10
2008.11.26 09:25:47.339,1.30165,1.3017,8.00,10.40
2008.11.26 09:25:47.689,1.3017,1.30175,7.80,15.10
2008.11.26 09:25:48.969,1.3017,1.30175,7.80,16.60
2008.11.26 09:25:49.149,1.3017,1.30175,7.80,10.40
2008.11.26 09:25:50.158,1.30175,1.3018,3.80,14.20
2008.11.26 09:25:50.618,1.3018,1.30185,2.40,12.00
2008.11.26 09:25:50.899,1.3018,1.3019,21.00,10.40
2008.11.26 09:25:51.298,1.30185,1.3019,5.60,20.80
2008.11.26 09:25:51.528,1.30185,1.3019,5.60,8.00
2008.11.26 09:25:51.928,1.3019,1.30195,7.80,20.60
2008.11.26 09:25:53.088,1.3019,1.30195,7.80,22.20
2008.11.26 09:25:53.438,1.3019,1.30195,7.80,17.20
2008.11.26 09:25:53.558,1.3019,1.30195,7.80,11.20
2008.11.26 09:25:54.357,1.30195,1.302,2.40,14.10
2008.11.26 09:25:54.737,1.302,1.30205,7.80,14.30
2008.11.26 09:25:55.027,1.302,1.30205,7.80,16.60
2008.11.26 09:25:55.547,1.302,1.3021,19.20,24.60
2008.11.26 09:25:56.207,1.302,1.30205,16.80,8.60
2008.11.26 09:25:56.647,1.302,1.30205,7.80,10.70
2008.11.26 09:25:57.037,1.3021,1.30215,15.20,12.00
2008.11.26 09:25:57.397,1.3021,1.30215,7.80,8.60
2008.11.26 09:25:57.778,1.30205,1.3021,13.60,8.00
2008.11.26 09:25:58.986,1.30205,1.3021,3.20,10.40
2008.11.26 09:25:59.396,1.302,1.3021,20.60,10.40
2008.11.26 09:25:59.506,1.30205,1.3021,2.40,8.00
2008.11.26 09:25:59.906,1.30205,1.3021,13.60,8.00
2008.11.26 09:26:00.766,1.302,1.30205,14.90,2.40
2008.11.26 09:26:01.096,1.30205,1.3021,8.00,22.00
2008.11.26 09:26:01.326,1.3021,1.30215,8.00,18.00
2008.11.26 09:26:01.676,1.3021,1.30215,15.80,9.40
2008.11.26 09:26:01.915,1.30205,1.3021,13.60,8.00
2008.11.26 09:26:03.135,1.302,1.3021,20.60,10.40
2008.11.26 09:26:03.426,1.30205,1.3021,2.40,8.00
2008.11.26 09:26:03.655,1.30205,1.3021,5.60,8.00
2008.11.26 09:26:05.005,1.3021,1.30215,11.20,7.00
2008.11.26 09:26:05.395,1.3021,1.30215,11.20,1.00
2008.11.26 09:26:07.354,1.3021,1.30215,11.20,8.80
2008.11.26 09:26:08.624,1.3021,1.30215,11.20,10.00
2008.11.26 09:26:09.314,1.3021,1.30215,11.20,8.80
2008.11.26 09:26:09.434,1.3021,1.30215,11.20,15.00
2008.11.26 09:26:09.844,1.3021,1.30215,7.80,13.50
2008.11.26 09:26:10.303,1.302,1.30205,8.80,8.60
2008.11.26 09:26:10.704,1.30195,1.302,5.60,8.00
2008.11.26 09:26:11.413,1.302,1.30205,7.80,16.60
2008.11.26 09:26:12.223,1.302,1.30205,10.20,12.80
2008.11.26 09:26:13.023,1.302,1.3021,10.20,27.80
2008.11.26 09:26:13.423,1.302,1.3021,10.20,24.60
2008.11.26 09:26:13.763,1.30205,1.3021,2.40,22.20
2008.11.26 09:26:14.212,1.30205,1.3021,2.40,16.00
2008.11.26 09:26:14.682,1.30205,1.3021,2.40,8.00
2008.11.26 09:26:15.832,1.302,1.3021,11.40,18.40
2008.11.26 09:26:16.222,1.30205,1.3021,2.40,9.60
2008.11.26 09:26:16.812,1.302,1.3021,2.40,16.60
2008.11.26 09:26:17.292,1.302,1.3021,2.40,19.80
2008.11.26 09:26:17.692,1.30195,1.302,5.20,6.20
2008.11.26 09:26:18.122,1.3019,1.302,10.20,24.60
2008.11.26 09:26:18.352,1.3019,1.302,18.20,24.60
2008.11.26 09:26:18.571,1.3019,1.302,10.20,24.60
2008.11.26 09:26:21.101,1.3019,1.302,10.20,27.80
2008.11.26 09:26:21.851,1.3019,1.302,11.20,24.60
2008.11.26 09:26:22.761,1.3019,1.30195,7.80,7.20
2008.11.26 09:26:23.110,1.3019,1.30205,11.20,33.40
2008.11.26 09:26:23.350,1.3019,1.302,10.20,27.80
2008.11.26 09:26:27.609,1.30185,1.3019,8.40,3.60
2008.11.26 09:26:27.899,1.3019,1.30195,7.80,16.80
2008.11.26 09:26:28.259,1.3019,1.30195,7.80,19.80
2008.11.26 09:26:30.309,1.3018,1.3019,11.20,24.60
2008.11.26 09:26:30.839,1.3018,1.3019,10.20,27.80
2008.11.26 09:26:32.288,1.30175,1.3018,8.80,10.40
2008.11.26 09:26:32.638,1.3017,1.3018,12.00,21.60
2008.11.26 09:26:33.138,1.3017,1.3018,10.40,21.60
2008.11.26 09:26:33.488,1.3017,1.3018,10.20,22.80
2008.11.26 09:26:34.048,1.3017,1.3018,11.60,22.80
2008.11.26 09:26:34.448,1.3017,1.30175,7.80,5.60
2008.11.26 09:26:34.857,1.3016,1.3017,13.80,3.60
2008.11.26 09:26:35.257,1.30165,1.3017,3.80,16.00
2008.11.26 09:26:35.647,1.30165,1.3017,3.80,8.00
2008.11.26 09:26:36.407,1.30165,1.3017,4.00,8.00
2008.11.26 09:26:36.578,1.3017,1.30175,10.20,3.20
2008.11.26 09:26:37.287,1.3017,1.3018,10.20,22.80
2008.11.26 09:26:38.707,1.3017,1.30175,10.20,8.00
2008.11.26 09:26:39.057,1.30165,1.3017,5.20,8.00
2008.11.26 09:26:39.417,1.30165,1.3017,4.00,8.00
2008.11.26 09:26:41.006,1.30165,1.3017,3.80,17.20
2008.11.26 09:26:41.476,1.3016,1.3017,12.00,22.80
2008.11.26 09:26:42.746,1.3016,1.3017,12.00,24.40
2008.11.26 09:26:43.166,1.3016,1.30165,12.00,3.20
2008.11.26 09:26:43.536,1.3016,1.30165,7.80,8.40
2008.11.26 09:26:43.946,1.3016,1.30165,7.80,13.00
2008.11.26 09:26:44.295,1.30155,1.3016,4.00,7.20
2008.11.26 09:26:44.525,1.30155,1.3016,4.00,11.20
2008.11.26 09:26:46.645,1.3016,1.30165,4.00,15.80
2008.11.26 09:26:47.185,1.3016,1.30165,12.00,3.20
2008.11.26 09:26:51.474,1.3016,1.3017,10.40,22.80
2008.11.26 09:26:51.653,1.3016,1.3017,10.20,21.60
2008.11.26 09:26:51.874,1.3016,1.3017,10.20,22.80
2008.11.26 09:26:52.053,1.3016,1.30165,7.80,13.60
2008.11.26 09:26:56.963,1.30155,1.3016,9.00,8.00
2008.11.26 09:26:57.472,1.3015,1.3016,12.00,21.60
2008.11.26 09:26:58.842,1.3015,1.30155,12.00,8.00
2008.11.26 09:26:59.372,1.30145,1.3015,10.80,8.00
2008.11.26 09:26:59.761,1.3015,1.30155,7.80,5.60
2008.11.26 09:27:02.511,1.3015,1.30155,7.80,13.60
2008.11.26 09:27:02.971,1.3015,1.30155,10.20,3.20
2008.11.26 09:27:03.201,1.3015,1.3016,10.20,21.60
2008.11.26 09:27:04.350,1.3015,1.3016,12.00,21.60
2008.11.26 09:27:05.710,1.3015,1.3016,10.40,21.60
2008.11.26 09:27:06.000,1.30145,1.3015,12.80,8.00
2008.11.26 09:27:06.170,1.30145,1.3015,8.80,8.00
2008.11.26 09:27:06.280,1.3015,1.30155,7.80,11.80
2008.11.26 09:27:06.510,1.3014,1.3015,10.30,10.40
2008.11.26 09:27:07.010,1.30145,1.3015,2.40,12.40
2008.11.26 09:27:07.480,1.30145,1.3015,2.40,20.40
2008.11.26 09:27:07.831,1.30145,1.3015,2.40,12.40
2008.11.26 09:27:08.369,1.30145,1.3015,4.00,12.40
2008.11.26 09:27:09.469,1.3015,1.30155,7.80,13.60
2008.11.26 09:27:11.639,1.3014,1.3015,9.80,22.80
2008.11.26 09:27:11.929,1.3014,1.30145,12.00,3.20
2008.11.26 09:27:13.148,1.30135,1.3014,8.00,22.80
2008.11.26 09:27:13.449,1.3014,1.30145,7.80,19.40
2008.11.26 09:27:13.858,1.3013,1.30135,20.00,3.20
2008.11.26 09:27:15.978,1.30135,1.3014,1.00,9.00
2008.11.26 09:27:16.258,1.3014,1.30145,7.80,13.60
2008.11.26 09:27:16.588,1.30135,1.3014,4.00,20.40
2008.11.26 09:27:16.917,1.30135,1.3014,4.00,12.40
2008.11.26 09:27:18.177,1.30135,1.3014,4.00,20.40
2008.11.26 09:27:19.647,1.30135,1.3014,4.00,12.40
2008.11.26 09:27:20.287,1.30135,1.3014,4.00,20.40
2008.11.26 09:27:21.146,1.30135,1.3014,2.40,20.40
2008.11.26 09:27:21.326,1.3013,1.3014,12.00,30.80
2008.11.26 09:27:21.616,1.3014,1.30145,8.00,13.60
2008.11.26 09:27:21.796,1.3014,1.3015,10.20,20.70
2008.11.26 09:27:22.086,1.3014,1.30145,12.00,3.20
2008.11.26 09:27:25.055,1.30145,1.3015,4.00,15.80
2008.11.26 09:27:25.465,1.30145,1.3015,4.00,20.40
2008.11.26 09:27:26.325,1.30145,1.3015,4.00,12.40
2008.11.26 09:27:26.735,1.3015,1.30155,12.00,3.20
2008.11.26 09:27:26.965,1.3015,1.30155,9.60,3.20
2008.11.26 09:27:27.785,1.3015,1.30155,8.00,3.20
2008.11.26 09:27:28.135,1.3015,1.30155,7.80,5.60
2008.11.26 09:27:28.515,1.3015,1.3016,17.60,17.00
2008.11.26 09:27:28.914,1.3015,1.30155,8.00,3.20
2008.11.26 09:27:29.324,1.3015,1.30155,7.80,25.60
2008.11.26 09:27:29.535,1.3014,1.30145,9.60,3.20
2008.11.26 09:27:30.124,1.30145,1.3015,1.60,19.20
2008.11.26 09:27:30.484,1.3015,1.30155,7.80,13.00
2008.11.26 09:27:36.423,1.3015,1.30155,7.80,3.20
2008.11.26 09:27:37.452,1.3015,1.30155,9.60,3.20
2008.11.26 09:27:38.013,1.3015,1.30155,7.80,3.20
2008.11.26 09:27:38.183,1.3015,1.30155,7.80,19.80
2008.11.26 09:27:38.472,1.3015,1.30155,7.80,11.50
2008.11.26 09:27:44.901,1.3015,1.30155,7.80,22.80
2008.11.26 09:27:45.291,1.3015,1.30155,7.80,13.00
2008.11.26 09:27:47.660,1.3014,1.30145,13.80,8.00
2008.11.26 09:27:47.830,1.3015,1.30155,7.80,22.20
2008.11.26 09:27:48.130,1.3015,1.30155,7.80,15.90
2008.11.26 09:27:48.420,1.3014,1.3016,10.40,2.40
2008.11.26 09:27:48.780,1.3014,1.30155,9.60,3.20
2008.11.26 09:27:49.130,1.30135,1.30155,12.00,3.20
2008.11.26 09:27:49.469,1.3013,1.30155,20.00,11.20
2008.11.26 09:27:49.640,1.3012,1.3013,19.80,11.20
2008.11.26 09:27:55.908,1.3012,1.3013,17.00,14.00
2008.11.26 09:27:56.258,1.3012,1.30125,15.60,3.20
2008.11.26 09:27:57.818,1.3012,1.30125,7.60,3.20
2008.11.26 09:28:02.806,1.3012,1.30125,10.00,3.20
2008.11.26 09:28:02.977,1.3012,1.3013,10.00,20.80
2008.11.26 09:28:03.197,1.3012,1.3013,10.00,19.20
2008.11.26 09:28:04.536,1.3012,1.3013,10.00,24.00
2008.11.26 09:28:04.806,1.3012,1.30125,7.60,14.00
2008.11.26 09:28:05.156,1.3012,1.30125,7.60,9.80
2008.11.26 09:28:05.606,1.3011,1.3012,11.40,19.20
2008.11.26 09:28:05.956,1.3012,1.30125,7.60,12.40
2008.11.26 09:28:06.196,1.3012,1.30125,7.60,14.00
2008.11.26 09:28:06.556,1.3012,1.30125,7.60,16.30
2008.11.26 09:28:06.675,1.3011,1.3012,19.40,19.20
2008.11.26 09:28:10.405,1.3011,1.30115,9.00,8.00
2008.11.26 09:28:10.864,1.3011,1.30115,9.00,11.20
2008.11.26 09:28:11.394,1.3011,1.30115,9.00,3.20
2008.11.26 09:28:16.163,1.3011,1.30115,10.00,7.20
2008.11.26 09:28:16.513,1.3011,1.30115,10.00,3.20
2008.11.26 09:28:17.263,1.3011,1.30115,10.00,11.20
2008.11.26 09:28:17.613,1.3011,1.30115,10.00,3.20
2008.11.26 09:28:29.680,1.3011,1.30115,10.00,12.40
2008.11.26 09:28:30.130,1.3011,1.30115,7.60,9.00
2008.11.26 09:28:30.420,1.3011,1.30115,7.60,26.80
2008.11.26 09:28:30.869,1.301,1.30105,11.40,3.20
2008.11.26 09:28:31.159,1.30105,1.3011,4.00,11.20
2008.11.26 09:28:31.480,1.30105,1.3011,4.00,11.20
2008.11.26 09:28:33.619,1.30105,1.3011,12.00,11.20
2008.11.26 09:28:34.079,1.3011,1.30115,7.60,13.00
2008.11.26 09:28:37.148,1.3011,1.30115,10.00,3.80
2008.11.26 09:28:37.508,1.3011,1.30115,10.00,3.20
2008.11.26 09:28:41.137,1.3011,1.30115,10.40,3.20
2008.11.26 09:28:41.307,1.3012,1.30125,2.40,8.80
2008.11.26 09:28:41.877,1.3012,1.30125,10.00,3.20
2008.11.26 09:28:43.387,1.3012,1.30125,10.00,8.00
2008.11.26 09:28:43.727,1.3012,1.30125,7.60,20.00
2008.11.26 09:28:44.016,1.30115,1.3012,2.40,11.20
2008.11.26 09:28:45.666,1.30115,1.3012,3.80,11.20
2008.11.26 09:28:46.066,1.3012,1.30125,10.00,3.20
2008.11.26 09:28:49.455,1.3012,1.30125,10.00,12.80
2008.11.26 09:28:49.675,1.3012,1.30125,7.60,21.40
2008.11.26 09:28:50.005,1.30115,1.3012,2.40,11.20
2008.11.26 09:28:53.734,1.30125,1.3013,1.40,22.20
2008.11.26 09:28:54.134,1.3013,1.30135,10.00,4.40
2008.11.26 09:28:54.494,1.3013,1.30135,7.60,5.00
2008.11.26 09:28:54.854,1.3013,1.30135,10.00,3.80
2008.11.26 09:28:55.144,1.3013,1.30135,10.00,3.20
2008.11.26 09:28:55.594,1.3013,1.30135,7.60,7.20
2008.11.26 09:28:55.884,1.3013,1.30135,10.00,6.00
2008.11.26 09:28:56.363,1.3013,1.30135,7.60,9.80
2008.11.26 09:29:00.073,1.3013,1.3014,10.00,16.30
2008.11.26 09:29:00.462,1.3013,1.30135,10.00,3.20
2008.11.26 09:29:00.932,1.3013,1.30135,10.40,3.20
2008.11.26 09:29:01.102,1.3014,1.30145,2.40,8.80
2008.11.26 09:29:01.502,1.3014,1.30145,10.00,3.20
2008.11.26 09:29:02.572,1.30145,1.3015,2.40,14.30
2008.11.26 09:29:02.812,1.30145,1.3015,2.40,25.40
2008.11.26 09:29:02.932,1.30145,1.3015,2.40,11.20
2008.11.26 09:29:04.372,1.3014,1.3015,19.40,14.80
2008.11.26 09:29:04.601,1.3014,1.30145,10.00,3.20
2008.11.26 09:29:05.062,1.3014,1.30145,11.40,3.20
2008.11.26 09:29:06.161,1.3014,1.30145,9.40,3.80
2008.11.26 09:29:06.551,1.3014,1.30145,9.40,8.00
2008.11.26 09:29:06.961,1.30155,1.3016,2.40,11.20
2008.11.26 09:29:07.351,1.30155,1.3016,2.40,11.00
2008.11.26 09:29:07.921,1.3016,1.30165,11.80,7.00
2008.11.26 09:29:08.191,1.30165,1.3017,2.40,8.00
2008.11.26 09:29:08.531,1.30175,1.3018,1.40,14.90
2008.11.26 09:29:08.880,1.3018,1.30185,10.00,11.00
2008.11.26 09:29:09.230,1.3018,1.30185,7.60,3.00
2008.11.26 09:29:09.521,1.3018,1.30185,7.60,6.90
2008.11.26 09:29:13.619,1.3018,1.30185,7.60,10.90
2008.11.26 09:29:13.969,1.3018,1.30185,7.60,11.80
2008.11.26 09:29:14.089,1.3018,1.30185,7.60,11.60
2008.11.26 09:29:14.999,1.3018,1.30185,7.60,9.60
2008.11.26 09:29:17.248,1.3018,1.30185,7.60,12.30
2008.11.26 09:29:18.178,1.3018,1.30185,7.60,16.30
2008.11.26 09:29:18.568,1.3017,1.3018,9.50,16.40
2008.11.26 09:29:18.748,1.3017,1.30175,10.00,3.20
2008.11.26 09:29:19.538,1.3017,1.30175,11.80,3.20
2008.11.26 09:29:19.878,1.3017,1.3018,11.80,24.40
2008.11.26 09:29:22.367,1.3017,1.3018,10.00,24.40
2008.11.26 09:29:22.777,1.3017,1.3018,10.00,22.80
2008.11.26 09:29:23.007,1.30175,1.3018,2.40,20.40
2008.11.26 09:29:23.237,1.3017,1.3018,19.80,11.60
2008.11.26 09:29:23.477,1.30175,1.3018,2.40,17.20
2008.11.26 09:29:23.877,1.30175,1.3018,2.40,16.00
2008.11.26 09:29:24.397,1.3017,1.3018,17.40,9.20
2008.11.26 09:29:24.797,1.3017,1.3018,17.40,12.40
2008.11.26 09:29:25.326,1.3016,1.30165,19.00,3.60
2008.11.26 09:29:25.736,1.30175,1.3018,1.40,18.00
2008.11.26 09:29:26.146,1.30165,1.3018,8.00,3.20
2008.11.26 09:29:26.686,1.3017,1.30175,7.60,3.20
2008.11.26 09:29:27.146,1.30175,1.3018,3.80,17.20
2008.11.26 09:29:27.446,1.3017,1.3018,10.40,27.80
2008.11.26 09:29:27.736,1.3017,1.3018,10.00,27.80
2008.11.26 09:29:27.916,1.3017,1.30175,7.60,8.60
2008.11.26 09:29:28.156,1.3017,1.30175,7.60,16.60
2008.11.26 09:29:28.746,1.30165,1.3017,2.40,8.00
2008.11.26 09:29:29.296,1.3016,1.3017,18.40,19.80
2008.11.26 09:29:29.576,1.3016,1.30165,10.00,3.20
2008.11.26 09:29:30.965,1.30155,1.3016,9.30,15.80
2008.11.26 09:29:31.355,1.3015,1.30155,15.60,3.20
2008.11.26 09:29:31.585,1.3015,1.3016,18.00,29.40
2008.11.26 09:29:31.985,1.30155,1.3016,3.80,7.20
2008.11.26 09:29:32.675,1.3016,1.30165,10.00,3.20
2008.11.26 09:29:33.525,1.3016,1.30165,7.60,11.80
2008.11.26 09:29:33.934,1.30155,1.3016,12.10,2.40
2008.11.26 09:29:34.265,1.30155,1.3016,2.60,11.20
2008.11.26 09:29:34.804,1.30155,1.3016,2.40,11.20
2008.11.26 09:29:35.094,1.3016,1.30165,7.60,12.30
2008.11.26 09:29:36.204,1.3016,1.30165,10.00,3.20
2008.11.26 09:29:39.823,1.3016,1.30165,7.60,13.40
2008.11.26 09:29:40.123,1.3016,1.30165,7.60,8.30
2008.11.26 09:29:41.772,1.3016,1.3017,10.00,16.70
2008.11.26 09:29:41.942,1.3016,1.3017,11.40,13.80
2008.11.26 09:29:42.222,1.3016,1.30165,20.80,3.20
2008.11.26 09:29:42.642,1.3016,1.30165,11.20,3.20
2008.11.26 09:29:42.992,1.3016,1.30165,10.00,3.20
2008.11.26 09:29:47.941,1.3015,1.30155,11.80,3.20
2008.11.26 09:29:48.181,1.30155,1.3016,8.00,9.80
2008.11.26 09:29:48.461,1.3015,1.30155,11.80,3.20
2008.11.26 09:29:48.581,1.3015,1.30155,19.80,3.20
2008.11.26 09:29:49.611,1.30155,1.3016,4.00,12.00
2008.11.26 09:29:50.061,1.30155,1.3016,4.00,11.20
2008.11.26 09:29:50.221,1.3016,1.30165,7.60,9.80
2008.11.26 09:29:53.160,1.30155,1.3016,2.40,11.20
2008.11.26 09:29:54.140,1.3016,1.30165,7.60,9.80
2008.11.26 09:29:58.728,1.3016,1.30165,7.60,18.30
2008.11.26 09:29:59.128,1.3015,1.3016,8.90,16.40
2008.11.26 09:29:59.188,1.3015,1.30155,18.00,3.20
2008.11.26 09:29:59.408,1.3015,1.30155,19.80,3.20
2008.11.26 09:29:59.698,1.3015,1.30155,11.80,3.20
2008.11.26 09:30:00.568,1.30155,1.3016,2.40,11.20
2008.11.26 09:30:01.188,1.30155,1.3016,4.00,8.00
2008.11.26 09:30:01.578,1.30155,1.30165,4.00,5.60
2008.11.26 09:30:04.647,1.3016,1.30165,1.60,5.60
2008.11.26 09:30:04.817,1.3016,1.30165,4.00,3.20
2008.11.26 09:30:05.207,1.3016,1.3017,4.00,13.60
2008.11.26 09:30:06.337,1.3016,1.30165,3.80,8.00
2008.11.26 09:30:06.506,1.30155,1.3016,4.50,8.00
2008.11.26 09:30:06.836,1.30155,1.3016,1.60,10.40
2008.11.26 09:30:06.996,1.3015,1.3016,4.00,13.60
2008.11.26 09:30:08.136,1.3015,1.3016,2.40,35.80
2008.11.26 09:30:08.496,1.3014,1.30155,17.20,11.80
2008.11.26 09:30:08.666,1.3014,1.3015,17.20,3.20
2008.11.26 09:30:09.006,1.30145,1.3015,1.40,3.20
2008.11.26 09:30:09.356,1.30145,1.3015,1.60,11.20
2008.11.26 09:30:09.586,1.30145,1.30155,1.60,3.20
2008.11.26 09:30:10.265,1.3015,1.30155,1.40,3.20
2008.11.26 09:30:10.666,1.3015,1.3016,1.40,11.20
2008.11.26 09:30:10.905,1.3015,1.30155,1.40,2.40
2008.11.26 09:30:11.135,1.30145,1.30155,4.00,2.40
2008.11.26 09:30:11.535,1.30145,1.30155,4.00,5.60
2008.11.26 09:30:12.695,1.3014,1.30155,9.20,27.80
2008.11.26 09:30:12.935,1.30135,1.3015,4.00,16.00
2008.11.26 09:30:12.995,1.30135,1.3015,4.00,17.40
2008.11.26 09:30:13.285,1.3014,1.3015,1.00,17.40
2008.11.26 09:30:13.455,1.3014,1.3015,1.60,11.20
2008.11.26 09:30:13.635,1.30145,1.3015,1.40,11.20
2008.11.26 09:30:14.095,1.30145,1.30155,1.40,3.20
2008.11.26 09:30:14.675,1.30145,1.30155,3.80,3.20
2008.11.26 09:30:15.065,1.3015,1.30155,1.60,3.20
2008.11.26 09:30:15.585,1.3015,1.3016,1.60,11.20
2008.11.26 09:30:19.383,1.30165,1.3017,2.40,1.60
2008.11.26 09:30:19.723,1.30165,1.3018,2.40,19.80
2008.11.26 09:30:20.233,1.3016,1.30175,3.80,5.60
2008.11.26 09:30:20.683,1.30165,1.30175,2.40,19.80
2008.11.26 09:30:20.973,1.3016,1.3017,1.60,11.20
2008.11.26 09:30:21.593,1.3016,1.30165,1.00,2.40
2008.11.26 09:30:21.873,1.30155,1.30165,4.00,2.40
2008.11.26 09:30:22.103,1.30155,1.30165,4.00,7.20
2008.11.26 09:30:22.913,1.3015,1.30155,8.90,4.00
2008.11.26 09:30:23.253,1.3015,1.30155,8.20,4.00
2008.11.26 09:30:23.363,1.3015,1.3016,4.00,14.40
2008.11.26 09:30:23.422,1.3015,1.3016,2.60,20.60
2008.11.26 09:30:23.713,1.3015,1.3016,2.60,28.60
2008.11.26 09:30:24.002,1.3015,1.30155,1.60,4.80
2008.11.26 09:30:24.232,1.3015,1.3016,1.60,12.80
2008.11.26 09:30:24.462,1.3014,1.3015,20.80,2.40
2008.11.26 09:30:24.692,1.3014,1.3015,12.80,6.40
2008.11.26 09:30:25.092,1.3014,1.30145,4.00,1.60
2008.11.26 09:30:25.332,1.3014,1.30145,1.60,1.60
2008.11.26 09:30:25.512,1.3015,1.30155,1.60,11.20
2008.11.26 09:30:26.152,1.30145,1.3016,1.60,12.80
2008.11.26 09:30:27.501,1.30145,1.3016,1.40,14.00
2008.11.26 09:30:27.731,1.30145,1.30155,1.40,4.80
2008.11.26 09:30:28.711,1.3014,1.30155,9.20,17.60
2008.11.26 09:30:29.061,1.3014,1.30145,1.60,1.60
2008.11.26 09:30:29.451,1.30145,1.3015,1.40,8.00
2008.11.26 09:30:29.741,1.30145,1.3016,3.00,25.40
2008.11.26 09:30:30.021,1.30145,1.30155,1.40,3.20
2008.11.26 09:30:32.180,1.3014,1.30155,9.20,3.20
2008.11.26 09:30:35.040,1.3014,1.30155,8.80,19.80
2008.11.26 09:30:35.339,1.3014,1.3015,1.40,25.20
2008.11.26 09:30:35.580,1.30135,1.30145,1.60,3.20
2008.11.26 09:30:36.029,1.3013,1.30145,10.40,19.80
2008.11.26 09:30:36.319,1.3013,1.30145,10.40,30.20
2008.11.26 09:30:36.499,1.3013,1.3014,1.60,11.20
2008.11.26 09:30:37.089,1.30135,1.3014,1.60,11.20
2008.11.26 09:30:37.309,1.30135,1.3014,1.60,3.20
2008.11.26 09:30:37.659,1.30135,1.3015,1.60,17.40
2008.11.26 09:30:40.918,1.30143,1.30148,2.40,9.20
2008.11.26 09:30:41.088,1.30146,1.30151,2.40,1.20
2008.11.26 09:30:41.508,1.30144,1.30158,5.60,18.80
2008.11.26 09:30:41.788,1.3016,1.30175,3.80,14.00
2008.11.26 09:30:42.128,1.30165,1.30175,2.40,10.40
2008.11.26 09:30:42.588,1.30155,1.3017,4.00,25.40
2008.11.26 09:30:42.878,1.30155,1.30165,4.00,5.60
2008.11.26 09:30:43.168,1.30155,1.30165,1.40,6.80
2008.11.26 09:30:43.348,1.3015,1.30165,9.20,11.80
2008.11.26 09:30:43.638,1.3015,1.30165,9.20,27.80
2008.11.26 09:30:43.808,1.3015,1.3016,1.00,16.00
2008.11.26 09:30:44.078,1.30145,1.3016,4.00,25.40
2008.11.26 09:30:44.258,1.3014,1.30155,10.40,7.20
2008.11.26 09:30:44.557,1.3014,1.3015,9.20,3.20
2008.11.26 09:30:44.897,1.3014,1.3015,1.60,11.20
2008.11.26 09:30:45.637,1.30145,1.30155,2.40,10.40
2008.11.26 09:30:46.027,1.30145,1.30155,2.40,5.60
2008.11.26 09:30:46.437,1.30145,1.3015,1.40,10.40
2008.11.26 09:30:46.797,1.30145,1.3015,4.00,11.20
2008.11.26 09:30:46.857,1.30145,1.3015,4.00,8.00
2008.11.26 09:30:47.307,1.30145,1.30155,4.00,1.60
2008.11.26 09:30:47.476,1.30145,1.3016,4.00,17.40
2008.11.26 09:30:48.166,1.30145,1.30155,2.60,4.80
2008.11.26 09:30:48.446,1.30145,1.3015,3.80,11.20
2008.11.26 09:30:48.606,1.30145,1.3015,4.00,11.20
2008.11.26 09:30:48.946,1.30145,1.30155,4.00,6.40
2008.11.26 09:30:49.166,1.30145,1.30155,4.00,2.40
2008.11.26 09:30:50.406,1.30145,1.30155,3.80,2.40
2008.11.26 09:30:51.675,1.30145,1.30155,2.40,7.20
2008.11.26 09:30:51.966,1.3014,1.30155,10.40,15.20
2008.11.26 09:30:52.486,1.3014,1.30155,9.20,18.40
2008.11.26 09:30:52.826,1.30135,1.30145,4.00,2.40
2008.11.26 09:30:57.844,1.30135,1.30145,3.80,2.40
2008.11.26 09:30:58.074,1.3013,1.3014,12.80,2.40
2008.11.26 09:30:58.484,1.3014,1.30145,3.80,1.20
2008.11.26 09:30:58.544,1.3014,1.3015,4.00,10.40
2008.11.26 09:30:59.174,1.3014,1.3015,2.40,16.60
2008.11.26 09:30:59.414,1.3014,1.3015,2.40,24.60
2008.11.26 09:30:59.524,1.30135,1.30145,4.00,2.40
2008.11.26 09:31:03.913,1.30135,1.30145,4.00,5.20
2008.11.26 09:31:04.132,1.30135,1.3014,4.00,3.20
2008.11.26 09:31:04.842,1.30135,1.3015,3.80,38.20
2008.11.26 09:31:05.252,1.30135,1.30145,2.40,5.60
2008.11.26 09:31:06.712,1.30125,1.3013,23.20,4.00
2008.11.26 09:31:07.062,1.30125,1.3013,8.00,2.40
2008.11.26 09:31:07.452,1.30115,1.3013,8.00,13.60
2008.11.26 09:31:08.492,1.3012,1.3013,5.60,13.60
2008.11.26 09:31:08.662,1.30135,1.3014,2.40,1.60
2008.11.26 09:31:08.951,1.30135,1.3015,2.40,38.20
2008.11.26 09:31:09.231,1.30135,1.30145,2.40,5.60
2008.11.26 09:31:09.461,1.30135,1.30145,2.40,13.60
2008.11.26 09:31:09.751,1.3013,1.3014,9.20,3.20
2008.11.26 09:31:10.691,1.3013,1.3014,1.60,11.20
2008.11.26 09:31:13.111,1.30135,1.3014,2.40,11.20
2008.11.26 09:31:13.290,1.30135,1.30145,2.40,5.60
2008.11.26 09:31:14.520,1.30135,1.30145,11.80,5.60
2008.11.26 09:31:14.700,1.30135,1.30145,11.80,3.20
2008.11.26 09:31:14.940,1.30135,1.3015,11.80,17.40
2008.11.26 09:31:16.780,1.3014,1.3015,8.00,16.00
2008.11.26 09:31:17.009,1.30145,1.3015,2.40,8.00
2008.11.26 09:31:17.130,1.30145,1.3015,2.40,3.20
2008.11.26 09:31:17.410,1.30145,1.30155,2.40,5.60
2008.11.26 09:31:18.029,1.30145,1.30155,2.40,11.80
2008.11.26 09:31:18.959,1.30145,1.30155,2.40,5.60
2008.11.26 09:31:20.429,1.30145,1.30155,2.40,11.80
2008.11.26 09:31:20.789,1.30145,1.30155,2.40,13.40
2008.11.26 09:31:22.068,1.30145,1.30155,2.40,21.40
2008.11.26 09:31:22.378,1.30145,1.3015,2.40,5.20
2008.11.26 09:31:22.608,1.3014,1.3015,10.20,12.60
2008.11.26 09:31:23.068,1.3014,1.30145,9.80,1.60
2008.11.26 09:31:24.218,1.3014,1.30145,7.40,4.00
2008.11.26 09:31:24.508,1.3014,1.30145,7.40,10.20
2008.11.26 09:31:24.678,1.3014,1.30145,7.40,13.40
2008.11.26 09:31:25.268,1.3013,1.3014,7.80,6.20
2008.11.26 09:31:25.648,1.3013,1.3014,7.40,11.00
2008.11.26 09:31:26.397,1.30135,1.3014,2.40,6.00
2008.11.26 09:31:26.577,1.30135,1.30145,2.40,13.40
2008.11.26 09:31:26.867,1.30135,1.3014,2.40,1.20
2008.11.26 09:31:27.157,1.3013,1.3014,7.40,1.20
2008.11.26 09:31:27.327,1.3013,1.3014,7.40,6.00
2008.11.26 09:31:29.287,1.3013,1.3014,7.40,11.00
2008.11.26 09:31:32.446,1.30135,1.3014,1.40,6.00
2008.11.26 09:31:32.796,1.30135,1.3014,9.40,6.00
2008.11.26 09:31:33.086,1.3014,1.30145,7.40,20.20
2008.11.26 09:31:33.366,1.3013,1.3014,7.40,11.00
2008.11.26 09:31:36.885,1.30135,1.3014,2.40,6.00
2008.11.26 09:31:37.455,1.30135,1.3014,2.40,1.20
2008.11.26 09:31:38.884,1.30135,1.3014,2.40,6.20
2008.11.26 09:31:38.994,1.3013,1.3014,7.80,6.20
2008.11.26 09:31:39.464,1.3013,1.3014,7.40,11.00
2008.11.26 09:31:40.644,1.3013,1.30135,7.40,4.80
2008.11.26 09:31:40.924,1.3012,1.30135,17.20,8.00
2008.11.26 09:31:41.274,1.3012,1.30135,9.20,8.00
2008.11.26 09:31:43.333,1.3012,1.30135,9.00,8.00
2008.11.26 09:31:45.103,1.3012,1.3013,9.00,1.20
2008.11.26 09:31:45.393,1.3012,1.3013,9.00,6.00
2008.11.26 09:31:46.153,1.3012,1.30125,7.20,2.40
2008.11.26 09:31:46.392,1.30115,1.30125,4.00,7.20
2008.11.26 09:31:47.362,1.3012,1.30125,2.40,4.80
2008.11.26 09:31:47.752,1.3012,1.30125,9.60,1.60
2008.11.26 09:31:48.502,1.30125,1.3013,2.40,7.60
2008.11.26 09:31:48.852,1.30125,1.30135,2.40,5.60
2008.11.26 09:31:49.122,1.30125,1.30135,10.40,5.60
2008.11.26 09:31:49.512,1.30135,1.3014,1.00,5.60
2008.11.26 09:31:49.872,1.3014,1.30145,7.20,10.40
2008.11.26 09:31:50.041,1.3013,1.3014,11.40,2.40
2008.11.26 09:31:50.392,1.3013,1.3014,9.60,11.80
2008.11.26 09:31:50.841,1.3013,1.30135,7.20,2.40
2008.11.26 09:31:51.371,1.3012,1.30135,9.00,27.80
2008.11.26 09:31:51.831,1.3012,1.3013,9.00,3.20
2008.11.26 09:31:52.461,1.3013,1.30135,2.40,3.80
2008.11.26 09:31:52.701,1.3013,1.3014,9.60,27.80
2008.11.26 09:31:53.031,1.3013,1.3014,9.60,19.80
2008.11.26 09:31:53.141,1.3013,1.30135,7.20,2.40
2008.11.26 09:31:53.551,1.30125,1.30135,4.00,5.60
2008.11.26 09:31:55.550,1.3013,1.30135,2.40,3.20
2008.11.26 09:31:55.910,1.3013,1.3014,11.40,5.60
2008.11.26 09:32:02.769,1.3013,1.3014,9.60,10.40
2008.11.26 09:32:03.508,1.3013,1.3014,9.60,18.40
2008.11.26 09:32:03.868,1.3013,1.30135,7.20,2.40
2008.11.26 09:32:04.098,1.30125,1.30135,4.00,5.60
2008.11.26 09:32:04.458,1.30125,1.30135,12.00,3.20
2008.11.26 09:32:04.738,1.3013,1.3014,7.20,9.40
2008.11.26 09:32:06.728,1.30135,1.3015,2.40,38.20
2008.11.26 09:32:07.417,1.30135,1.30145,2.40,10.40
2008.11.26 09:32:08.187,1.3013,1.30135,8.10,1.00
2008.11.26 09:32:08.527,1.30117,1.30142,31.20,10.40
2008.11.26 09:32:09.067,1.30117,1.30137,11.40,5.60
2008.11.26 09:32:09.297,1.301,1.3012,4.00,13.60
2008.11.26 09:32:09.517,1.301,1.3012,3.80,13.60
2008.11.26 09:32:10.207,1.30115,1.3012,1.60,13.60
2008.11.26 09:32:10.607,1.30115,1.30125,4.00,5.60
2008.11.26 09:32:11.656,1.3012,1.30125,1.40,5.60
2008.11.26 09:32:11.876,1.30125,1.3013,1.40,11.20
2008.11.26 09:32:12.286,1.30135,1.3014,2.40,1.60
2008.11.26 09:32:12.526,1.3013,1.3014,9.60,8.60
2008.11.26 09:32:12.926,1.3013,1.30135,7.20,16.60
2008.11.26 09:32:13.166,1.30125,1.3013,8.00,3.20
2008.11.26 09:32:13.506,1.3012,1.3013,9.00,3.20
2008.11.26 09:32:13.866,1.30115,1.3012,8.00,5.60
2008.11.26 09:32:14.216,1.3011,1.3012,11.40,5.60
2008.11.26 09:32:14.766,1.3011,1.30115,7.20,2.40
2008.11.26 09:32:15.055,1.3011,1.30115,1.60,3.20
2008.11.26 09:32:15.395,1.3011,1.3012,9.00,3.20
2008.11.26 09:32:15.685,1.3011,1.3012,1.60,8.00
2008.11.26 09:32:16.325,1.3011,1.30125,9.00,18.40
2008.11.26 09:32:16.915,1.3011,1.30125,9.00,19.80
2008.11.26 09:32:17.035,1.3011,1.3012,9.00,3.20
2008.11.26 09:32:22.744,1.30115,1.3012,4.00,3.20
2008.11.26 09:32:22.923,1.30115,1.30125,4.00,5.60
2008.11.26 09:32:34.031,1.3012,1.30125,7.20,5.60
2008.11.26 09:32:34.441,1.3012,1.3013,9.60,13.40
2008.11.26 09:32:36.620,1.3012,1.3013,9.60,7.20
2008.11.26 09:32:36.900,1.30125,1.3013,2.40,3.20
2008.11.26 09:32:37.231,1.30125,1.30135,2.40,11.80
2008.11.26 09:32:38.120,1.30125,1.30135,2.40,5.60
2008.11.26 09:32:44.258,1.30125,1.30135,2.40,10.40
2008.11.26 09:32:44.488,1.30125,1.30135,2.40,11.80
2008.11.26 09:32:47.208,1.3012,1.3013,11.40,2.40
2008.11.26 09:32:47.448,1.3012,1.3013,11.00,5.60
2008.11.26 09:32:48.217,1.3012,1.30125,7.20,2.40
2008.11.26 09:32:48.557,1.30115,1.30125,4.00,5.60
2008.11.26 09:32:49.307,1.30115,1.30125,3.80,5.60
2008.11.26 09:32:50.557,1.30115,1.30125,2.40,5.60
2008.11.26 09:32:58.095,1.30115,1.30125,4.00,5.60
2008.11.26 09:32:58.515,1.3012,1.3013,9.60,11.80
2008.11.26 09:32:59.155,1.3012,1.3013,9.60,5.60
2008.11.26 09:32:59.395,1.3012,1.3013,11.00,5.60
2008.11.26 09:33:00.564,1.3013,1.3014,9.60,13.40
2008.11.26 09:33:01.045,1.3013,1.30135,9.60,8.00
2008.11.26 09:33:01.214,1.3013,1.3014,9.60,11.80
2008.11.26 09:33:03.464,1.3013,1.3014,9.60,13.40
2008.11.26 09:33:03.624,1.3013,1.30135,7.20,2.40
2008.11.26 09:33:03.794,1.30125,1.3013,1.40,2.40
2008.11.26 09:33:04.214,1.3013,1.30135,2.40,4.00
2008.11.26 09:33:04.514,1.3013,1.3014,9.60,5.60
2008.11.26 09:33:04.984,1.3013,1.3014,9.60,8.40
2008.11.26 09:33:05.453,1.30125,1.30135,3.80,5.60
2008.11.26 09:33:06.983,1.30125,1.30135,4.00,5.60
2008.11.26 09:33:07.103,1.30125,1.30135,2.40,5.60
2008.11.26 09:33:07.723,1.30125,1.30135,6.40,5.60
2008.11.26 09:33:07.953,1.3013,1.30135,2.40,11.20
2008.11.26 09:33:08.283,1.3013,1.30135,7.20,11.50
2008.11.26 09:33:08.553,1.3012,1.3013,9.60,5.60
2008.11.26 09:33:10.012,1.3012,1.3013,9.60,11.80
2008.11.26 09:33:11.552,1.30115,1.30125,5.60,5.60
2008.11.26 09:33:11.842,1.3011,1.3012,11.40,2.40
2008.11.26 09:33:12.072,1.3011,1.3012,11.40,5.60
2008.11.26 09:33:13.002,1.30115,1.3012,3.80,3.20
2008.11.26 09:33:13.231,1.30115,1.3012,4.00,3.20
2008.11.26 09:33:13.521,1.30115,1.30125,4.00,5.60
2008.11.26 09:33:17.990,1.30115,1.30125,8.00,5.60
2008.11.26 09:33:18.210,1.30115,1.30125,16.00,5.60
2008.11.26 09:33:18.430,1.3012,1.3013,9.60,7.20
2008.11.26 09:33:18.770,1.3012,1.3013,9.60,5.60
2008.11.26 09:33:19.810,1.30125,1.3013,2.40,3.20
2008.11.26 09:33:20.030,1.30125,1.30135,2.40,10.40
2008.11.26 09:33:20.440,1.30125,1.3013,2.40,1.20
2008.11.26 09:33:20.780,1.3012,1.30125,7.20,10.60
2008.11.26 09:33:21.239,1.3011,1.30115,4.80,2.40
2008.11.26 09:33:21.420,1.3012,1.30135,6.20,9.20
2008.11.26 09:33:21.880,1.3013,1.30135,1.40,4.40
2008.11.26 09:33:22.239,1.30135,1.3014,2.40,1.60
2008.11.26 09:33:22.629,1.3013,1.3014,4.80,11.00
2008.11.26 09:33:22.959,1.3013,1.3014,4.80,12.60
2008.11.26 09:33:23.469,1.30125,1.30135,3.80,3.20
2008.11.26 09:33:23.969,1.3013,1.3014,4.80,19.00
2008.11.26 09:33:24.899,1.3013,1.3014,4.80,20.60
2008.11.26 09:33:25.298,1.3013,1.3014,4.80,19.00
2008.11.26 09:33:25.519,1.3013,1.30135,2.40,3.20
2008.11.26 09:33:25.878,1.3013,1.3014,8.60,15.20
2008.11.26 09:33:26.268,1.30135,1.3014,2.40,4.80
2008.11.26 09:33:26.608,1.3013,1.3014,6.20,12.80
2008.11.26 09:33:26.939,1.3014,1.3015,2.40,22.50
2008.11.26 09:33:27.238,1.3014,1.30145,4.80,8.20
2008.11.26 09:33:27.578,1.3013,1.3014,6.40,4.80
2008.11.26 09:33:28.098,1.3013,1.3014,4.80,12.60
2008.11.26 09:33:28.478,1.3013,1.30135,4.80,2.40
2008.11.26 09:33:28.878,1.30135,1.3014,2.40,20.80
2008.11.26 09:33:29.098,1.30135,1.3014,2.40,1.60
2008.11.26 09:33:29.448,1.30135,1.3014,3.80,1.60
2008.11.26 09:33:29.787,1.3014,1.3015,2.40,15.90
2008.11.26 09:33:30.107,1.30135,1.3014,12.00,1.60
2008.11.26 09:33:30.937,1.30135,1.3014,11.30,8.00
2008.11.26 09:33:31.107,1.30125,1.3013,2.60,16.80
2008.11.26 09:33:31.837,1.30135,1.3014,5.40,9.60
2008.11.26 09:33:32.067,1.30135,1.3014,2.40,1.60
2008.11.26 09:33:32.417,1.3013,1.3014,8.00,1.60
2008.11.26 09:33:32.807,1.3013,1.3014,8.00,4.80
2008.11.26 09:33:33.686,1.3013,1.3014,8.00,15.20
2008.11.26 09:33:33.917,1.30125,1.3013,8.20,2.40
2008.11.26 09:33:34.146,1.30125,1.3013,1.00,2.40
2008.11.26 09:33:34.407,1.3014,1.30145,2.40,1.20
2008.11.26 09:33:34.696,1.3014,1.3015,3.20,8.00
2008.11.26 09:33:34.756,1.30135,1.3015,20.60,3.20
2008.11.26 09:33:35.096,1.3014,1.3015,2.40,1.00
2008.11.26 09:33:35.566,1.30145,1.3015,5.60,1.00
2008.11.26 09:33:36.006,1.30145,1.3015,16.80,1.00
2008.11.26 09:33:36.356,1.3015,1.3016,3.20,9.30
2008.11.26 09:33:36.766,1.30148,1.30158,9.60,2.40
2008.11.26 09:33:37.186,1.3013,1.3015,7.20,2.40
2008.11.26 09:33:37.776,1.3013,1.3015,10.40,2.40
2008.11.26 09:33:38.245,1.3014,1.3015,10.40,1.00
2008.11.26 09:33:38.535,1.3014,1.3015,15.20,10.40
2008.11.26 09:33:38.705,1.3014,1.3015,7.20,10.40
2008.11.26 09:33:38.875,1.3014,1.30155,10.40,6.20
2008.11.26 09:33:39.055,1.30145,1.3015,8.00,6.20
2008.11.26 09:33:39.345,1.30135,1.3015,4.80,14.20
2008.11.26 09:33:39.865,1.3013,1.30135,14.50,4.80
2008.11.26 09:33:40.265,1.30125,1.30135,10.40,7.80
2008.11.26 09:33:40.555,1.3013,1.3014,3.40,14.40
2008.11.26 09:33:40.905,1.30135,1.3014,3.20,10.40
2008.11.26 09:33:41.325,1.3013,1.3014,14.40,2.40
2008.11.26 09:33:43.524,1.30145,1.3015,5.40,7.20
2008.11.26 09:33:43.994,1.3015,1.30155,1.60,13.80
2008.11.26 09:33:44.224,1.3015,1.30165,11.80,8.60
2008.11.26 09:33:46.053,1.3015,1.30155,8.80,2.40
2008.11.26 09:33:46.234,1.30145,1.30155,10.00,2.40
2008.11.26 09:33:46.463,1.30145,1.30155,8.80,2.40
2008.11.26 09:33:46.693,1.30155,1.3016,1.60,14.70
2008.11.26 09:33:46.874,1.30155,1.3016,5.40,8.00
2008.11.26 09:33:47.273,1.30155,1.3016,6.20,2.40
2008.11.26 09:33:47.553,1.30155,1.30165,5.60,2.40
2008.11.26 09:33:48.123,1.30155,1.30165,8.80,2.40
2008.11.26 09:33:48.623,1.3016,1.3017,8.60,11.60
2008.11.26 09:33:49.133,1.3017,1.30175,2.40,11.20
2008.11.26 09:33:49.253,1.30175,1.3018,2.40,9.10
2008.11.26 09:33:49.533,1.3017,1.30175,3.70,4.80
2008.11.26 09:33:49.873,1.3017,1.3018,1.00,22.20
2008.11.26 09:33:50.223,1.30165,1.30175,2.60,4.80
2008.11.26 09:33:50.733,1.30165,1.30175,2.40,4.80
2008.11.26 09:33:52.072,1.3018,1.30185,2.40,18.20
2008.11.26 09:33:52.473,1.3017,1.30175,11.20,5.40
2008.11.26 09:33:52.822,1.3017,1.30175,2.40,12.80
2008.11.26 09:33:53.232,1.30165,1.3017,2.40,8.00
2008.11.26 09:33:53.522,1.30165,1.30175,2.40,6.20
2008.11.26 09:33:53.821,1.30165,1.3017,3.80,8.00
2008.11.26 09:33:54.111,1.3017,1.3018,1.40,20.40
2008.11.26 09:33:54.291,1.30175,1.3018,2.40,8.00
2008.11.26 09:33:54.782,1.3017,1.3018,7.00,8.00
2008.11.26 09:33:55.081,1.3017,1.30185,12.60,6.20
2008.11.26 09:33:55.301,1.3017,1.30175,8.80,7.20
2008.11.26 09:33:55.591,1.30165,1.30175,2.40,7.20
2008.11.26 09:33:56.881,1.30165,1.30175,2.40,15.20
2008.11.26 09:34:00.660,1.3016,1.3017,12.80,2.40
2008.11.26 09:34:01.120,1.3016,1.3017,2.60,23.20
2008.11.26 09:34:01.350,1.30165,1.30175,2.40,16.80
2008.11.26 09:34:04.499,1.3017,1.30175,2.40,14.40
2008.11.26 09:34:04.909,1.3017,1.30175,4.00,1.60
2008.11.26 09:34:05.319,1.3017,1.30185,7.00,22.20
2008.11.26 09:34:05.539,1.30168,1.30183,15.20,15.20
2008.11.26 09:34:05.819,1.3016,1.30175,4.00,33.20
2008.11.26 09:34:06.219,1.30165,1.3017,1.60,16.00
2008.11.26 09:34:06.509,1.30165,1.3017,4.80,8.00
2008.11.26 09:34:06.749,1.3017,1.30185,2.40,25.20
2008.11.26 09:34:07.328,1.3017,1.3018,2.40,24.60
2008.11.26 09:34:08.888,1.30165,1.3018,3.40,24.60
2008.11.26 09:34:09.048,1.3016,1.3018,12.80,29.40
2008.11.26 09:34:09.388,1.3016,1.30175,12.80,8.00
2008.11.26 09:34:09.558,1.3016,1.3018,12.80,27.00
2008.11.26 09:34:09.898,1.3016,1.3018,22.40,27.00
2008.11.26 09:34:10.228,1.30165,1.3018,4.60,22.20
2008.11.26 09:34:12.797,1.3017,1.30175,2.40,4.80
2008.11.26 09:34:15.506,1.3017,1.3018,2.40,24.60
2008.11.26 09:34:16.806,1.3017,1.30175,2.40,12.80
2008.11.26 09:34:17.446,1.3017,1.30175,2.40,8.00
2008.11.26 09:34:17.686,1.30175,1.3018,2.40,1.20
2008.11.26 09:34:17.956,1.30175,1.30185,2.40,18.20
2008.11.26 09:34:18.946,1.30175,1.3018,2.40,6.20
2008.11.26 09:34:19.235,1.3017,1.3018,11.40,8.60
2008.11.26 09:34:19.446,1.3017,1.3018,2.40,24.60
2008.11.26 09:34:19.895,1.30185,1.30195,2.40,14.20
2008.11.26 09:34:20.195,1.3019,1.30195,5.40,1.20
2008.11.26 09:34:20.486,1.302,1.3021,2.40,6.20
2008.11.26 09:34:20.955,1.30205,1.3021,2.40,1.20
2008.11.26 09:34:21.405,1.30205,1.30215,2.40,17.40
2008.11.26 09:34:21.815,1.30205,1.3021,2.40,6.20
2008.11.26 09:34:22.105,1.30195,1.302,12.00,6.20
2008.11.26 09:34:22.505,1.30195,1.30205,2.40,16.60
2008.11.26 09:34:22.795,1.30195,1.30205,2.40,18.20
2008.11.26 09:34:23.145,1.30195,1.302,2.40,6.20
2008.11.26 09:34:24.064,1.302,1.30205,2.40,19.00
2008.11.26 09:34:24.404,1.302,1.30205,2.40,14.20
2008.11.26 09:34:24.524,1.30205,1.3021,2.40,19.20
2008.11.26 09:34:24.974,1.30205,1.3021,2.40,11.20
2008.11.26 09:34:25.324,1.30205,1.30215,2.40,22.20
2008.11.26 09:34:27.284,1.3021,1.30215,2.40,11.80
2008.11.26 09:34:27.504,1.3021,1.30215,2.40,1.00
2008.11.26 09:34:28.294,1.30215,1.30225,2.40,13.70
2008.11.26 09:34:28.523,1.30215,1.3022,2.40,11.20
2008.11.26 09:34:29.263,1.30215,1.30225,2.40,19.80
2008.11.26 09:34:29.603,1.3021,1.3022,2.40,18.40
2008.11.26 09:34:30.083,1.3021,1.3022,2.40,26.40
2008.11.26 09:34:31.682,1.3021,1.3022,3.80,21.60
2008.11.26 09:34:32.242,1.3021,1.3022,3.80,13.60
2008.11.26 09:34:34.982,1.30215,1.3022,2.40,12.40
2008.11.26 09:34:35.422,1.3021,1.30215,7.70,4.80
2008.11.26 09:34:35.651,1.30215,1.3022,2.40,1.20
2008.11.26 09:34:36.041,1.30225,1.3023,2.40,20.70
2008.11.26 09:34:36.401,1.3022,1.30225,3.60,1.20
2008.11.26 09:34:36.741,1.30215,1.3022,2.40,1.20
2008.11.26 09:34:38.541,1.30215,1.30225,2.40,21.40
2008.11.26 09:34:38.761,1.3022,1.30225,2.40,1.20
2008.11.26 09:34:40.810,1.30215,1.30225,2.40,8.60
2008.11.26 09:34:41.450,1.30215,1.30225,2.40,21.40
2008.11.26 09:34:42.320,1.30215,1.3022,2.40,6.20
2008.11.26 09:34:43.000,1.3021,1.30215,7.70,4.80
2008.11.26 09:34:43.330,1.30205,1.30215,2.40,13.40
2008.11.26 09:34:43.690,1.3021,1.30215,2.40,6.20
2008.11.26 09:34:44.150,1.3021,1.3022,2.40,27.80
2008.11.26 09:34:44.449,1.30215,1.3022,2.40,6.20
2008.11.26 09:34:45.869,1.3022,1.30225,2.40,19.90
2008.11.26 09:34:46.269,1.3022,1.30225,2.40,7.80
2008.11.26 09:34:46.549,1.302,1.3021,10.00,4.80
2008.11.26 09:34:46.789,1.3021,1.30215,2.40,6.20
2008.11.26 09:34:47.589,1.30205,1.3021,1.00,8.60
2008.11.26 09:34:47.929,1.3019,1.302,12.00,2.40
2008.11.26 09:34:50.408,1.302,1.30205,2.40,4.40
2008.11.26 09:34:50.518,1.302,1.30205,2.40,3.20
2008.11.26 09:34:50.858,1.30205,1.30215,2.40,21.40
2008.11.26 09:34:51.148,1.30205,1.30215,2.40,8.60
2008.11.26 09:34:51.777,1.30205,1.3021,2.40,4.80
2008.11.26 09:34:52.168,1.30205,1.30215,2.40,8.60
2008.11.26 09:34:53.277,1.30205,1.3021,2.40,3.20
2008.11.26 09:34:53.507,1.3019,1.302,12.00,8.60
2008.11.26 09:34:53.987,1.3019,1.30205,9.40,13.40
2008.11.26 09:34:54.217,1.3019,1.302,1.40,8.00
2008.11.26 09:34:54.397,1.30195,1.302,2.40,8.00
2008.11.26 09:34:54.567,1.30195,1.30205,2.40,16.60
2008.11.26 09:34:54.737,1.30195,1.30205,2.40,8.60
2008.11.26 09:34:55.307,1.30195,1.302,2.40,6.20
2008.11.26 09:34:55.597,1.3019,1.302,11.20,8.60
2008.11.26 09:34:56.047,1.3019,1.30195,9.40,2.40
2008.11.26 09:34:56.447,1.30195,1.30205,2.40,7.20
2008.11.26 09:34:56.726,1.30195,1.30205,2.40,2.40
2008.11.26 09:34:57.566,1.3019,1.302,20.80,2.40
2008.11.26 09:34:57.976,1.30195,1.30205,2.40,13.40
2008.11.26 09:34:58.436,1.302,1.3021,10.40,2.40
2008.11.26 09:34:59.366,1.302,1.3021,10.40,7.20
2008.11.26 09:34:59.486,1.302,1.3021,10.40,8.60
2008.11.26 09:35:01.525,1.302,1.3021,10.40,10.20
2008.11.26 09:35:01.985,1.302,1.30205,10.40,4.80
2008.11.26 09:35:02.096,1.302,1.30205,10.40,6.20
2008.11.26 09:35:02.315,1.302,1.30205,8.00,8.60
2008.11.26 09:35:02.775,1.3019,1.302,11.80,2.40
2008.11.26 09:35:03.225,1.302,1.3021,10.40,10.20
2008.11.26 09:35:03.685,1.3019,1.302,12.00,2.40
2008.11.26 09:35:04.095,1.30195,1.30205,10.40,8.60
2008.11.26 09:35:04.445,1.30195,1.302,2.40,4.80
2008.11.26 09:35:04.835,1.3019,1.302,10.40,8.60
2008.11.26 09:35:05.664,1.3019,1.302,10.40,2.40
2008.11.26 09:35:06.064,1.30195,1.30205,3.80,3.00
2008.11.26 09:35:06.594,1.30195,1.302,1.40,2.40
2008.11.26 09:35:06.884,1.30195,1.30205,12.00,6.60
2008.11.26 09:35:07.004,1.302,1.3021,8.00,1.60
2008.11.26 09:35:07.244,1.302,1.3021,8.00,6.40
2008.11.26 09:35:07.364,1.302,1.3021,8.00,7.80
2008.11.26 09:35:07.654,1.302,1.3021,8.00,11.00
2008.11.26 09:35:08.064,1.30187,1.30217,12.00,2.40
2008.11.26 09:35:08.364,1.30185,1.30215,10.60,2.40
2008.11.26 09:35:08.834,1.30185,1.3021,1.00,2.40
2008.11.26 09:35:09.174,1.30185,1.3019,2.40,1.60
2008.11.26 09:35:09.473,1.30185,1.3019,2.40,1.60
2008.11.26 09:35:09.983,1.3018,1.3019,10.40,1.60
2008.11.26 09:35:10.333,1.3018,1.3019,9.40,1.60
2008.11.26 09:35:11.423,1.3018,1.30195,10.20,8.60
2008.11.26 09:35:11.603,1.3018,1.30195,9.40,11.80
2008.11.26 09:35:11.903,1.3018,1.30195,9.60,3.20
2008.11.26 09:35:12.373,1.30185,1.302,2.40,17.40
2008.11.26 09:35:12.713,1.3019,1.302,8.00,6.80
2008.11.26 09:35:14.852,1.3019,1.302,8.00,1.80
2008.11.26 09:35:15.142,1.3019,1.302,8.00,1.00
2008.11.26 09:35:16.842,1.3019,1.302,8.00,16.40
2008.11.26 09:35:17.252,1.30185,1.3019,2.40,8.00
2008.11.26 09:35:18.301,1.3019,1.30195,4.80,12.30
2008.11.26 09:35:18.471,1.3019,1.302,2.80,17.10
2008.11.26 09:35:18.691,1.30185,1.3019,10.10,8.00
2008.11.26 09:35:18.991,1.3019,1.30195,1.00,11.60
2008.11.26 09:35:19.401,1.3019,1.30195,2.80,12.60
2008.11.26 09:35:19.621,1.3019,1.30195,1.00,9.20
2008.11.26 09:35:21.261,1.30185,1.3019,9.20,8.00
2008.11.26 09:35:21.721,1.3019,1.30195,1.00,19.60
2008.11.26 09:35:22.180,1.30175,1.30185,7.40,2.40
2008.11.26 09:35:22.700,1.30175,1.30185,3.80,2.40
2008.11.26 09:35:25.779,1.3017,1.30185,10.40,15.20
2008.11.26 09:35:26.119,1.3017,1.3018,1.60,8.00
2008.11.26 09:35:26.899,1.30165,1.3018,7.20,12.80
2008.11.26 09:35:27.020,1.30165,1.30175,7.20,2.40
2008.11.26 09:35:27.259,1.30165,1.30175,4.00,2.40
2008.11.26 09:35:27.429,1.3017,1.30175,1.00,2.40
2008.11.26 09:35:27.539,1.3017,1.3018,4.00,22.20
2008.11.26 09:35:28.089,1.3017,1.3018,12.00,2.40
2008.11.26 09:35:28.489,1.3017,1.3018,11.80,2.40
2008.11.26 09:35:28.839,1.3017,1.30175,8.00,2.40
2008.11.26 09:35:29.299,1.30165,1.30175,4.00,2.40
2008.11.26 09:35:31.268,1.30165,1.3018,4.00,12.40
2008.11.26 09:35:31.448,1.30165,1.3018,4.00,11.20
2008.11.26 09:35:31.618,1.3017,1.3018,1.40,8.00
2008.11.26 09:35:32.018,1.3017,1.3018,1.60,8.00
2008.11.26 09:35:33.069,1.3017,1.3018,1.60,16.00
2008.11.26 09:35:33.238,1.30165,1.3018,12.80,14.20
2008.11.26 09:35:33.648,1.3016,1.30165,8.80,8.80
2008.11.26 09:35:33.987,1.3016,1.30165,8.00,11.10
2008.11.26 09:35:34.448,1.3015,1.3016,12.00,2.40
2008.11.26 09:35:36.867,1.3016,1.3017,18.40,8.60
2008.11.26 09:35:37.097,1.3016,1.3017,19.80,3.60
2008.11.26 09:35:37.437,1.3016,1.3017,20.00,2.40
2008.11.26 09:35:37.837,1.30165,1.30175,2.40,8.60
2008.11.26 09:35:38.356,1.30165,1.3018,3.80,25.40
2008.11.26 09:35:38.816,1.30165,1.30175,5.60,8.60
2008.11.26 09:35:39.166,1.30165,1.30175,2.40,8.60
2008.11.26 09:35:40.346,1.3016,1.3017,19.20,8.60
2008.11.26 09:35:40.816,1.30165,1.3017,2.40,4.80
2008.11.26 09:35:41.266,1.3016,1.3017,10.40,8.60
2008.11.26 09:35:42.635,1.3016,1.30165,10.40,3.20
2008.11.26 09:35:46.164,1.3016,1.30165,8.00,20.00
2008.11.26 09:35:46.495,1.30155,1.3016,2.40,4.40
2008.11.26 09:35:46.605,1.3015,1.3016,10.60,19.80
2008.11.26 09:35:46.925,1.3015,1.30155,10.40,3.20
2008.11.26 09:35:49.864,1.3015,1.30155,11.80,3.20
2008.11.26 09:35:50.154,1.30155,1.3016,2.40,3.20
2008.11.26 09:35:51.983,1.3015,1.3016,12.00,13.60
2008.11.26 09:35:52.104,1.3015,1.3016,10.40,19.80
2008.11.26 09:35:52.333,1.3015,1.30155,10.40,3.20
2008.11.26 09:35:52.393,1.3015,1.30155,11.80,3.20
2008.11.26 09:35:52.733,1.3015,1.30155,19.80,3.20
2008.11.26 09:35:53.073,1.3015,1.30155,11.80,3.20
2008.11.26 09:35:54.113,1.3015,1.30155,10.40,8.00
2008.11.26 09:35:54.393,1.3014,1.30145,12.50,3.20
2008.11.26 09:35:54.912,1.3014,1.3015,17.60,12.40
2008.11.26 09:35:55.322,1.3014,1.30145,9.60,3.20
2008.11.26 09:35:59.351,1.30145,1.3015,1.40,7.80
2008.11.26 09:35:59.731,1.30145,1.3015,3.80,3.20
2008.11.26 09:36:00.781,1.3015,1.30155,10.40,3.20
2008.11.26 09:36:01.301,1.3015,1.30155,12.00,3.20
2008.11.26 09:36:01.811,1.30155,1.3016,1.60,5.00
2008.11.26 09:36:02.021,1.3016,1.3017,2.40,20.00
2008.11.26 09:36:02.360,1.3016,1.30165,2.40,3.20
2008.11.26 09:36:02.880,1.3016,1.30165,10.40,3.20
2008.11.26 09:36:04.400,1.3015,1.3016,10.00,11.60
2008.11.26 09:36:04.730,1.3015,1.30155,12.00,3.20
2008.11.26 09:36:08.869,1.30155,1.30165,3.80,9.90
2008.11.26 09:36:09.099,1.30155,1.3016,3.80,3.20
2008.11.26 09:36:09.439,1.30155,1.3016,3.80,4.40
2008.11.26 09:36:09.669,1.3015,1.3016,20.00,6.80
2008.11.26 09:36:09.849,1.30155,1.30165,2.40,9.20
2008.11.26 09:36:10.209,1.30155,1.3016,2.40,3.20
2008.11.26 09:36:11.479,1.3015,1.3016,12.00,5.60
2008.11.26 09:36:12.208,1.3015,1.30155,9.40,2.40
2008.11.26 09:36:12.368,1.3015,1.30155,8.00,7.20
2008.11.26 09:36:12.608,1.30145,1.3015,8.50,2.40
2008.11.26 09:36:12.958,1.3014,1.3015,12.00,5.60
2008.11.26 09:36:13.748,1.30145,1.3015,1.40,5.60
2008.11.26 09:36:13.988,1.30145,1.3015,4.00,3.20
2008.11.26 09:36:14.268,1.3015,1.30155,1.40,5.20
2008.11.26 09:36:14.608,1.3015,1.3016,2.40,19.80
2008.11.26 09:36:14.998,1.30145,1.3015,1.40,2.40
2008.11.26 09:36:15.527,1.30145,1.30155,3.80,7.20
2008.11.26 09:36:15.927,1.30145,1.30155,3.80,2.40
2008.11.26 09:36:16.207,1.3015,1.30155,1.40,2.40
2008.11.26 09:36:17.087,1.3015,1.3016,1.40,20.40
2008.11.26 09:36:17.267,1.3015,1.3016,1.40,11.20
2008.11.26 09:36:17.507,1.3015,1.30165,9.40,7.00
2008.11.26 09:36:17.627,1.30155,1.30165,1.40,7.00
2008.11.26 09:36:19.457,1.30155,1.3016,1.40,1.20
2008.11.26 09:36:19.677,1.3015,1.30155,9.40,2.40
2008.11.26 09:36:19.997,1.30155,1.3016,1.40,13.60
2008.11.26 09:36:20.517,1.30155,1.3016,1.40,10.40
2008.11.26 09:36:20.926,1.30155,1.3016,1.40,2.40
2008.11.26 09:36:21.336,1.3016,1.30165,1.40,7.40
2008.11.26 09:36:21.626,1.3016,1.3017,3.80,25.40
2008.11.26 09:36:22.026,1.3016,1.3017,3.80,13.00
2008.11.26 09:36:22.386,1.30165,1.3017,1.40,3.20
2008.11.26 09:36:26.245,1.30165,1.3017,1.40,2.40
2008.11.26 09:36:26.765,1.3017,1.30175,1.40,2.40
2008.11.26 09:36:27.284,1.30175,1.3018,1.40,15.60
2008.11.26 09:36:27.634,1.30175,1.3018,3.80,1.00
2008.11.26 09:36:29.064,1.30175,1.3018,4.00,1.00
2008.11.26 09:36:37.862,1.3018,1.3019,3.80,8.40
2008.11.26 09:36:38.202,1.3018,1.3019,3.80,10.40
2008.11.26 09:36:40.282,1.3018,1.3019,1.40,8.00
2008.11.26 09:36:40.622,1.30175,1.3019,7.20,17.20
2008.11.26 09:36:41.381,1.3018,1.3019,1.40,17.20
2008.11.26 09:36:43.411,1.30175,1.30185,7.20,2.40
2008.11.26 09:36:43.571,1.30175,1.30185,4.00,2.40
2008.11.26 09:36:44.490,1.30175,1.30185,3.80,2.40
2008.11.26 09:36:46.150,1.30175,1.3019,3.80,25.40
2008.11.26 09:36:46.490,1.30175,1.3019,7.00,22.20
2008.11.26 09:36:48.389,1.30175,1.30185,7.00,2.40
2008.11.26 09:36:48.719,1.30175,1.30185,3.80,2.40
2008.11.26 09:36:52.538,1.30175,1.30185,4.00,2.40
2008.11.26 09:36:52.879,1.3018,1.3019,2.40,16.60
2008.11.26 09:36:54.248,1.3018,1.3019,3.80,10.40
2008.11.26 09:36:54.478,1.3018,1.3019,11.80,2.40
2008.11.26 09:36:54.798,1.30185,1.30195,2.40,16.60
2008.11.26 09:36:55.018,1.30185,1.3019,2.40,8.00
2008.11.26 09:36:55.308,1.30185,1.30195,3.80,3.60
2008.11.26 09:36:55.658,1.30185,1.30195,3.80,2.40
2008.11.26 09:36:56.878,1.30195,1.302,2.40,13.60
2008.11.26 09:36:57.167,1.302,1.30205,3.80,1.40
2008.11.26 09:36:57.577,1.302,1.30205,3.80,8.40
2008.11.26 09:36:57.817,1.30205,1.3021,1.40,8.40
2008.11.26 09:36:58.107,1.3019,1.30195,13.60,3.60
2008.11.26 09:36:58.557,1.3019,1.30195,1.60,4.80
2008.11.26 09:36:58.967,1.30185,1.30195,4.00,2.40
2008.11.26 09:37:00.117,1.3019,1.302,4.00,22.80
2008.11.26 09:37:00.356,1.3019,1.302,4.00,10.40
2008.11.26 09:37:00.756,1.30195,1.30205,2.40,8.60
2008.11.26 09:37:00.926,1.30195,1.30205,2.40,2.40
2008.11.26 09:37:01.686,1.30195,1.30205,3.80,2.40
2008.11.26 09:37:02.196,1.30195,1.30205,3.80,6.40
2008.11.26 09:37:02.466,1.30195,1.30205,2.40,20.60
2008.11.26 09:37:02.526,1.3019,1.302,12.00,2.40
2008.11.26 09:37:04.136,1.30185,1.3019,8.50,2.40
2008.11.26 09:37:04.766,1.3018,1.3019,4.00,10.40
2008.11.26 09:37:05.065,1.30185,1.3019,4.00,8.00
2008.11.26 09:37:05.465,1.30185,1.30195,4.00,2.40
2008.11.26 09:37:05.925,1.30185,1.30195,3.80,2.40
2008.11.26 09:37:06.275,1.30185,1.30195,1.40,10.40
2008.11.26 09:37:06.795,1.3018,1.3019,1.60,8.00
2008.11.26 09:37:08.835,1.30175,1.30185,7.20,2.40
2008.11.26 09:37:08.895,1.30175,1.30185,4.00,2.40
2008.11.26 09:37:09.175,1.3018,1.30185,1.00,2.40
2008.11.26 09:37:09.234,1.3018,1.30185,1.60,2.40
2008.11.26 09:37:09.354,1.3018,1.3019,4.00,13.60
2008.11.26 09:37:09.574,1.3018,1.3019,4.00,10.40
2008.11.26 09:37:09.934,1.3018,1.3019,3.80,10.40
2008.11.26 09:37:11.534,1.3018,1.3019,2.40,16.60
2008.11.26 09:37:13.524,1.3018,1.30185,2.40,4.80
2008.11.26 09:37:13.863,1.3017,1.3018,4.00,10.40
2008.11.26 09:37:14.573,1.3017,1.3018,2.40,10.40
2008.11.26 09:37:18.262,1.3017,1.3018,2.40,15.20
2008.11.26 09:37:21.062,1.3017,1.3018,2.40,16.60
2008.11.26 09:37:21.352,1.30165,1.3017,5.00,7.20
2008.11.26 09:37:21.632,1.30165,1.3017,1.60,16.60
2008.11.26 09:37:22.151,1.3016,1.3017,10.40,8.60
2008.11.26 09:37:22.531,1.30145,1.30155,3.80,2.40
2008.11.26 09:37:22.871,1.30145,1.30155,2.40,2.40
2008.11.26 09:37:25.290,1.30145,1.30155,2.40,6.40
2008.11.26 09:37:25.520,1.30145,1.3015,2.40,8.00
2008.11.26 09:37:25.791,1.3014,1.3015,11.80,2.40
2008.11.26 09:37:28.410,1.3014,1.3015,3.80,10.40
2008.11.26 09:37:28.820,1.3014,1.3015,12.00,2.40
2008.11.26 09:37:28.990,1.30145,1.30155,2.40,12.00
2008.11.26 09:37:29.170,1.30145,1.30155,2.40,8.60
2008.11.26 09:37:30.040,1.30145,1.30155,3.80,2.40
2008.11.26 09:37:30.210,1.3015,1.3016,2.40,23.00
2008.11.26 09:37:30.549,1.3015,1.3016,2.40,14.80
2008.11.26 09:37:30.879,1.3015,1.3016,3.80,11.60
2008.11.26 09:37:31.269,1.30155,1.30165,3.80,11.60
2008.11.26 09:37:31.549,1.30155,1.30165,3.80,3.60
2008.11.26 09:37:31.899,1.30155,1.30165,3.80,2.40
2008.11.26 09:37:32.299,1.3016,1.30165,1.40,2.40
2008.11.26 09:37:36.378,1.3016,1.3017,3.80,21.80
2008.11.26 09:37:36.668,1.3016,1.3017,3.80,10.60
2008.11.26 09:37:36.888,1.3016,1.3017,4.00,23.00
2008.11.26 09:37:37.128,1.30165,1.3017,1.40,11.80
2008.11.26 09:37:37.398,1.3016,1.3017,3.80,11.60
2008.11.26 09:37:37.758,1.3016,1.30165,1.40,2.40
2008.11.26 09:37:41.167,1.30155,1.3016,1.40,2.40
2008.11.26 09:37:41.797,1.30155,1.30165,2.40,12.20
2008.11.26 09:37:42.027,1.30155,1.30165,4.00,8.40
2008.11.26 09:37:42.267,1.30155,1.30165,4.00,7.20
2008.11.26 09:37:42.606,1.30155,1.30165,4.00,2.40
2008.11.26 09:37:43.986,1.30155,1.30165,3.80,2.40
2008.11.26 09:37:44.226,1.30155,1.3016,1.40,2.40
2008.11.26 09:37:44.576,1.3015,1.3016,11.80,2.40
2008.11.26 09:37:44.746,1.3015,1.3016,3.80,10.40
2008.11.26 09:37:46.615,1.3015,1.3016,3.80,14.40
2008.11.26 09:37:47.125,1.30145,1.30155,8.80,2.40
2008.11.26 09:37:47.415,1.30145,1.30155,4.00,2.40
2008.11.26 09:37:47.765,1.3014,1.3015,12.80,2.40
2008.11.26 09:37:47.885,1.3014,1.3015,4.00,10.40
2008.11.26 09:37:51.355,1.3014,1.3015,2.40,16.60
2008.11.26 09:37:51.535,1.30135,1.30145,4.00,2.40
2008.11.26 09:37:55.023,1.30135,1.30145,4.00,4.00
2008.11.26 09:37:55.143,1.30135,1.3014,4.00,3.20
2008.11.26 09:38:00.402,1.30125,1.3013,3.70,4.40
2008.11.26 09:38:00.822,1.30115,1.3012,2.60,3.20
2008.11.26 09:38:01.842,1.30115,1.3012,2.40,3.20
2008.11.26 09:38:02.862,1.3011,1.30115,8.40,1.00
2008.11.26 09:38:03.441,1.301,1.3012,8.00,22.80
2008.11.26 09:38:03.781,1.30095,1.3012,2.40,12.00
2008.11.26 09:38:04.181,1.30092,1.30117,10.40,7.20
2008.11.26 09:38:04.591,1.30085,1.3009,2.40,8.00
2008.11.26 09:38:04.991,1.3008,1.30085,8.20,14.00
2008.11.26 09:38:05.381,1.30075,1.3009,4.00,19.20
2008.11.26 09:38:05.741,1.30075,1.3009,5.60,12.80
2008.11.26 09:38:06.151,1.30075,1.3008,4.20,4.80
2008.11.26 09:38:06.611,1.30075,1.3008,1.60,11.20
2008.11.26 09:38:06.890,1.30068,1.30083,18.40,13.40
2008.11.26 09:38:07.231,1.30066,1.30081,10.40,10.40
2008.11.26 09:38:07.520,1.30066,1.30076,2.40,3.20
2008.11.26 09:38:07.801,1.30063,1.30073,7.20,3.20
2008.11.26 09:38:08.420,1.30063,1.30068,5.60,3.20
2008.11.26 09:38:08.770,1.30061,1.30065,3.20,8.80
2008.11.26 09:38:09.060,1.30058,1.30063,7.20,5.00
2008.11.26 09:38:09.830,1.30045,1.3005,1.80,20.60
2008.11.26 09:38:10.280,1.30035,1.30045,3.70,14.80
2008.11.26 09:38:10.720,1.30045,1.3005,1.00,22.60
2008.11.26 09:38:11.580,1.30045,1.3005,1.00,16.40
2008.11.26 09:38:11.989,1.30035,1.30045,3.80,2.40
2008.11.26 09:38:12.209,1.30035,1.30045,1.40,2.40
2008.11.26 09:38:12.599,1.30045,1.3005,1.40,14.60
2008.11.26 09:38:12.999,1.3006,1.3007,9.60,15.20
2008.11.26 09:38:13.399,1.30065,1.30085,2.40,1.20
2008.11.26 09:38:13.809,1.30065,1.30085,2.40,6.20
2008.11.26 09:38:14.039,1.3006,1.3008,1.40,8.00
2008.11.26 09:38:14.329,1.3006,1.3008,1.40,16.00
2008.11.26 09:38:14.829,1.30055,1.3007,7.20,20.80
2008.11.26 09:38:15.189,1.30055,1.30065,7.00,2.40
2008.11.26 09:38:15.529,1.30055,1.30065,3.80,2.40
2008.11.26 09:38:16.169,1.3006,1.3007,3.80,13.60
2008.11.26 09:38:16.698,1.3006,1.3007,3.80,10.40
2008.11.26 09:38:17.148,1.30065,1.3007,1.40,10.40
2008.11.26 09:38:17.388,1.30065,1.3007,1.40,2.40
2008.11.26 09:38:17.748,1.3007,1.3008,2.40,24.60
2008.11.26 09:38:20.217,1.3007,1.3008,2.40,19.60
2008.11.26 09:38:20.737,1.3007,1.3008,2.40,18.40
2008.11.26 09:38:20.957,1.30065,1.3007,4.80,2.40
2008.11.26 09:38:21.067,1.3006,1.3007,12.00,2.40
2008.11.26 09:38:21.697,1.30065,1.3007,3.80,8.00
2008.11.26 09:38:21.867,1.30065,1.3007,2.40,8.00
2008.11.26 09:38:23.746,1.3007,1.30075,2.40,12.00
2008.11.26 09:38:24.026,1.3007,1.3008,2.40,24.60
2008.11.26 09:38:24.827,1.3007,1.3008,3.80,19.80
2008.11.26 09:38:25.106,1.3007,1.3008,3.80,18.40
2008.11.26 09:38:25.576,1.3008,1.30085,2.40,16.60
2008.11.26 09:38:25.986,1.30085,1.3009,2.40,14.60
2008.11.26 09:38:26.336,1.3007,1.30075,4.80,2.40
2008.11.26 09:38:26.676,1.30075,1.3008,2.40,6.00
2008.11.26 09:38:26.956,1.3007,1.3008,8.80,2.40
2008.11.26 09:38:27.496,1.30065,1.3008,4.00,2.40
2008.11.26 09:38:27.886,1.30065,1.30075,2.40,2.40
2008.11.26 09:38:28.356,1.3007,1.3008,2.40,19.80
2008.11.26 09:38:28.695,1.3007,1.3008,2.40,15.40
2008.11.26 09:38:29.155,1.30065,1.30075,8.80,2.40
2008.11.26 09:38:29.505,1.3007,1.3008,10.40,1.00
2008.11.26 09:38:29.785,1.3007,1.3008,10.20,1.00
2008.11.26 09:38:30.185,1.30075,1.3008,2.40,1.00
2008.11.26 09:38:31.045,1.30075,1.3008,1.40,2.40
2008.11.26 09:38:31.565,1.3007,1.3008,12.00,2.40
2008.11.26 09:38:33.894,1.30075,1.3008,1.40,2.40
2008.11.26 09:38:34.234,1.3008,1.30085,3.80,2.60
2008.11.26 09:38:34.464,1.3008,1.3009,3.80,12.00
2008.11.26 09:38:34.524,1.3008,1.3009,11.80,4.00
2008.11.26 09:38:34.915,1.3008,1.3009,11.80,2.40
2008.11.26 09:38:35.733,1.3008,1.3009,10.40,7.20
2008.11.26 09:38:36.404,1.3008,1.30085,8.00,2.40
2008.11.26 09:38:36.793,1.30075,1.30085,4.00,2.40
2008.11.26 09:38:38.043,1.3008,1.30085,1.40,2.40
2008.11.26 09:38:38.443,1.3008,1.3009,11.80,2.40
2008.11.26 09:38:38.853,1.30075,1.30085,4.00,2.40
2008.11.26 09:38:39.033,1.3007,1.3008,12.80,2.40
2008.11.26 09:38:39.553,1.3007,1.3008,12.00,2.40
2008.11.26 09:38:40.422,1.30075,1.30085,2.40,17.40
2008.11.26 09:38:40.583,1.30075,1.30085,2.40,8.60
2008.11.26 09:38:41.232,1.3008,1.30085,8.00,8.60
2008.11.26 09:38:41.942,1.3008,1.30085,8.00,2.40
2008.11.26 09:38:42.762,1.3008,1.30085,8.00,3.60
2008.11.26 09:38:43.052,1.3007,1.3008,14.30,2.40
2008.11.26 09:38:43.402,1.3007,1.3008,11.80,2.40
2008.11.26 09:38:43.812,1.30075,1.30085,2.40,25.40
2008.11.26 09:38:44.292,1.30075,1.30085,2.40,8.60
2008.11.26 09:38:46.611,1.3008,1.3009,2.40,19.80
2008.11.26 09:38:47.031,1.30085,1.3009,2.40,8.00
2008.11.26 09:38:47.431,1.3009,1.301,4.00,13.60
2008.11.26 09:38:47.671,1.3009,1.301,2.40,27.80
2008.11.26 09:38:47.961,1.3009,1.301,4.00,13.60
2008.11.26 09:38:48.361,1.3009,1.301,4.00,10.40
2008.11.26 09:38:49.880,1.3009,1.301,2.40,16.60
2008.11.26 09:38:51.030,1.3008,1.30085,12.60,2.40
2008.11.26 09:38:51.440,1.30085,1.3009,1.00,3.20
2008.11.26 09:38:51.710,1.3008,1.3009,1.40,8.00
2008.11.26 09:38:52.629,1.30075,1.3009,7.20,8.00
2008.11.26 09:38:58.368,1.3008,1.3009,1.40,8.00
2008.11.26 09:38:58.608,1.30085,1.3009,2.40,8.00
2008.11.26 09:38:58.838,1.30085,1.30095,2.40,16.60
2008.11.26 09:38:58.958,1.30085,1.30095,2.40,8.60
2008.11.26 09:38:59.888,1.3008,1.3009,12.80,2.40
2008.11.26 09:39:00.128,1.3008,1.3009,12.60,2.40
2008.11.26 09:39:00.468,1.3008,1.3009,3.80,10.40
2008.11.26 09:39:02.497,1.30085,1.3009,2.40,8.00
2008.11.26 09:39:03.067,1.30085,1.30095,2.40,2.40
2008.11.26 09:39:04.137,1.30085,1.30095,2.40,10.40
2008.11.26 09:39:04.477,1.30085,1.3009,2.40,8.00
2008.11.26 09:39:04.777,1.3008,1.3009,3.80,10.40
2008.11.26 09:39:05.016,1.3008,1.3009,2.40,16.60
2008.11.26 09:39:08.596,1.3009,1.30095,2.40,14.40
2008.11.26 09:39:08.776,1.30085,1.30095,2.40,16.60
2008.11.26 09:39:09.186,1.30085,1.3009,2.40,8.00
2008.11.26 09:39:11.135,1.3008,1.30085,3.20,10.60
2008.11.26 09:39:11.415,1.30065,1.3008,4.00,17.60
2008.11.26 09:39:11.705,1.30065,1.3008,7.20,12.80
2008.11.26 09:39:12.335,1.30075,1.3008,2.40,8.00
2008.11.26 09:39:12.615,1.30075,1.30085,2.40,16.60
2008.11.26 09:39:13.145,1.30075,1.30085,2.40,15.20
2008.11.26 09:39:13.435,1.3008,1.30085,2.40,8.00
2008.11.26 09:39:13.615,1.30075,1.30085,8.60,10.40
2008.11.26 09:39:13.784,1.30075,1.30085,3.80,2.40
2008.11.26 09:39:14.194,1.30075,1.3008,1.40,2.40
2008.11.26 09:39:14.704,1.3007,1.3008,12.80,2.40
2008.11.26 09:39:15.054,1.3007,1.3008,4.00,10.40
2008.11.26 09:39:15.404,1.3007,1.3008,2.40,15.20
2008.11.26 09:39:15.584,1.30065,1.30075,8.80,2.40
2008.11.26 09:39:15.884,1.30065,1.30075,4.00,2.40
2008.11.26 09:39:16.644,1.3007,1.3008,2.40,13.60
2008.11.26 09:39:16.814,1.3007,1.3008,2.40,18.40
2008.11.26 09:39:17.044,1.3007,1.3008,2.40,10.40
2008.11.26 09:39:18.004,1.3007,1.30085,9.60,21.40
2008.11.26 09:39:18.633,1.30075,1.30085,2.40,19.80
2008.11.26 09:39:18.983,1.3007,1.3008,4.80,8.00
2008.11.26 09:39:19.263,1.3007,1.3008,1.60,8.00
2008.11.26 09:39:21.082,1.30075,1.30085,3.80,14.80
2008.11.26 09:39:22.062,1.30075,1.3008,3.80,3.20
2008.11.26 09:39:23.262,1.30075,1.3008,4.00,3.20
2008.11.26 09:39:24.132,1.3008,1.30085,2.40,11.20
2008.11.26 09:39:24.542,1.3008,1.30085,2.40,11.20
2008.11.26 09:39:24.882,1.3008,1.30085,2.40,3.20
2008.11.26 09:39:26.051,1.3008,1.30085,12.00,3.20
2008.11.26 09:39:26.452,1.3009,1.30095,2.40,13.40
2008.11.26 09:39:26.681,1.30085,1.3009,1.60,16.00
2008.11.26 09:39:26.911,1.30085,1.3009,2.40,3.20
2008.11.26 09:39:27.321,1.3008,1.3009,12.00,14.80
2008.11.26 09:39:27.541,1.3008,1.30085,11.80,3.20
2008.11.26 09:39:27.941,1.3008,1.30085,3.80,3.20
2008.11.26 09:39:28.401,1.3008,1.30085,2.40,3.20
2008.11.26 09:39:28.981,1.30075,1.3008,5.20,8.00
2008.11.26 09:39:29.321,1.30075,1.3008,1.60,13.00
2008.11.26 09:39:30.011,1.3007,1.30075,4.00,3.20
2008.11.26 09:39:30.640,1.30075,1.3008,2.40,7.20
2008.11.26 09:39:31.120,1.3007,1.3008,12.00,14.80
2008.11.26 09:39:31.450,1.3007,1.30075,4.00,3.20
2008.11.26 09:39:31.970,1.3007,1.30075,3.80,3.20
2008.11.26 09:39:34.420,1.3007,1.30075,2.40,3.20
2008.11.26 09:39:40.688,1.30065,1.3007,4.40,1.20
2008.11.26 09:39:40.968,1.30065,1.3007,1.60,5.20
2008.11.26 09:39:41.388,1.3006,1.30065,4.00,3.20
2008.11.26 09:39:41.738,1.3006,1.30065,12.00,3.20
2008.11.26 09:39:42.088,1.3006,1.30065,10.40,7.20
2008.11.26 09:39:42.588,1.30045,1.3005,8.00,6.60
2008.11.26 09:39:42.818,1.3003,1.3004,8.00,10.40
2008.11.26 09:39:43.207,1.3003,1.3004,8.00,13.40
2008.11.26 09:39:43.497,1.30015,1.3003,3.80,3.20
2008.11.26 09:39:45.387,1.3003,1.30035,2.40,10.20
2008.11.26 09:39:45.777,1.30025,1.3003,2.40,11.20
2008.11.26 09:39:46.287,1.30025,1.3003,2.40,3.20
2008.11.26 09:39:46.756,1.3002,1.30025,11.80,3.20
2008.11.26 09:39:47.226,1.3002,1.30025,2.40,3.20
2008.11.26 09:39:47.696,1.3002,1.30025,4.00,3.20
2008.11.26 09:39:48.287,1.3002,1.30025,5.60,3.20
2008.11.26 09:39:48.647,1.3002,1.30025,9.10,3.20
2008.11.26 09:39:49.066,1.3002,1.30025,20.00,3.20
2008.11.26 09:39:49.536,1.3002,1.30025,10.40,3.20
2008.11.26 09:39:49.966,1.30015,1.3002,1.60,4.00
2008.11.26 09:39:50.316,1.3001,1.30015,12.00,3.20
2008.11.26 09:39:50.606,1.30005,1.3001,1.60,4.40
2008.11.26 09:39:50.955,1.29995,1.3,11.90,2.80
2008.11.26 09:39:51.365,1.2999,1.29995,17.60,8.40
2008.11.26 09:39:52.015,1.2999,1.29995,4.40,3.20
2008.11.26 09:39:52.545,1.2999,1.29995,9.60,3.20
2008.11.26 09:39:53.125,1.2999,1.29995,9.40,3.20
2008.11.26 09:39:53.605,1.2999,1.29995,8.00,7.60
2008.11.26 09:39:54.065,1.2998,1.29985,12.80,3.20
2008.11.26 09:39:54.415,1.2998,1.2999,10.40,6.80
2008.11.26 09:39:54.705,1.2998,1.2999,10.40,11.80
2008.11.26 09:39:55.904,1.2998,1.29985,8.00,2.40
2008.11.26 09:39:56.194,1.2997,1.2998,20.00,5.20
2008.11.26 09:39:56.534,1.2997,1.29975,11.80,3.20
2008.11.26 09:39:57.164,1.29975,1.2998,3.80,8.80
2008.11.26 09:39:57.614,1.2997,1.29975,10.40,1.60
2008.11.26 09:39:57.894,1.2997,1.29975,10.40,4.80
2008.11.26 09:39:58.253,1.29965,1.2997,3.80,4.80
2008.11.26 09:39:58.594,1.29965,1.2997,3.60,4.80
2008.11.26 09:39:58.884,1.29965,1.2997,3.80,4.80
2008.11.26 09:39:59.683,1.29965,1.2997,4.00,4.80
2008.11.26 09:40:00.023,1.2998,1.2999,2.40,17.50
2008.11.26 09:40:00.293,1.2997,1.2998,8.00,6.20
2008.11.26 09:40:00.693,1.29965,1.29975,5.20,3.20
2008.11.26 09:40:01.043,1.29975,1.2998,2.40,3.20
2008.11.26 09:40:01.723,1.2998,1.29985,2.40,4.00
2008.11.26 09:40:02.013,1.2998,1.29985,10.40,4.80
2008.11.26 09:40:02.943,1.2998,1.29985,8.00,4.80
2008.11.26 09:40:03.243,1.2998,1.29985,8.00,3.20
2008.11.26 09:40:03.862,1.29975,1.2998,1.40,3.20
2008.11.26 09:40:04.272,1.29973,1.29987,2.40,31.80
2008.11.26 09:40:04.612,1.29985,1.2999,3.80,8.00
2008.11.26 09:40:04.992,1.2999,1.3,2.40,3.20
2008.11.26 09:40:05.562,1.2999,1.29995,2.60,3.20
2008.11.26 09:40:05.892,1.29985,1.2999,12.40,3.20
2008.11.26 09:40:06.242,1.2999,1.29995,8.00,6.60
2008.11.26 09:40:06.752,1.2998,1.2999,20.00,12.40
2008.11.26 09:40:07.032,1.2998,1.29985,12.00,4.80
2008.11.26 09:40:07.891,1.29985,1.2999,1.40,9.40
2008.11.26 09:40:08.351,1.2999,1.29995,10.40,4.80
2008.11.26 09:40:09.011,1.2999,1.29995,11.80,4.80
2008.11.26 09:40:10.061,1.29995,1.30005,3.80,11.40
2008.11.26 09:40:10.281,1.29995,1.3,3.80,3.20
2008.11.26 09:40:10.701,1.3,1.30005,4.00,3.20
2008.11.26 09:40:11.211,1.3,1.30005,10.40,6.00
2008.11.26 09:40:11.740,1.29995,1.3,1.60,3.20
2008.11.26 09:40:11.971,1.2999,1.29995,8.00,4.40
2008.11.26 09:40:12.251,1.2998,1.2999,12.00,4.80
2008.11.26 09:40:12.600,1.29985,1.2999,1.40,4.80
2008.11.26 09:40:13.060,1.29985,1.2999,1.60,4.80
2008.11.26 09:40:13.440,1.29985,1.2999,1.60,3.20
2008.11.26 09:40:14.460,1.29975,1.2998,1.00,3.20
2008.11.26 09:40:14.900,1.2997,1.2998,17.60,8.40
2008.11.26 09:40:15.440,1.29975,1.29985,2.40,9.60
2008.11.26 09:40:15.849,1.2997,1.2998,12.00,3.20
2008.11.26 09:40:16.180,1.2997,1.2998,20.00,3.20
2008.11.26 09:40:16.469,1.29975,1.2998,1.40,3.20
2008.11.26 09:40:17.659,1.2998,1.29985,1.40,5.00
2008.11.26 09:40:18.169,1.2998,1.29985,8.00,5.80
2008.11.26 09:40:18.519,1.29975,1.2998,1.60,3.20
2008.11.26 09:40:19.479,1.2998,1.29985,8.00,3.20
2008.11.26 09:40:21.568,1.2998,1.29985,9.40,3.20
2008.11.26 09:40:22.788,1.2998,1.29985,8.00,3.20
2008.11.26 09:40:26.357,1.2998,1.29985,9.60,3.20
2008.11.26 09:40:27.277,1.2998,1.29985,9.40,14.80
2008.11.26 09:40:27.516,1.2998,1.29985,8.00,14.80
2008.11.26 09:40:27.857,1.29975,1.2998,1.60,3.20
2008.11.26 09:40:28.266,1.2998,1.29985,8.00,11.90
2008.11.26 09:40:28.506,1.2997,1.29975,8.00,14.80
2008.11.26 09:40:28.806,1.29965,1.2997,3.80,3.20
2008.11.26 09:40:29.096,1.2997,1.29975,8.00,14.80
2008.11.26 09:40:29.496,1.29965,1.2997,1.60,3.20
2008.11.26 09:40:30.066,1.2996,1.2997,17.60,14.80
2008.11.26 09:40:30.476,1.29965,1.2997,1.60,7.20
2008.11.26 09:40:30.886,1.2997,1.29975,1.40,3.20
2008.11.26 09:40:31.236,1.2997,1.29975,9.40,3.20
2008.11.26 09:40:33.855,1.2997,1.29975,8.00,3.20
2008.11.26 09:40:34.295,1.29965,1.2997,1.60,3.20
2008.11.26 09:40:34.705,1.2996,1.29965,9.60,3.20
2008.11.26 09:40:35.205,1.29965,1.29975,1.60,9.00
2008.11.26 09:40:35.555,1.2997,1.29975,1.40,9.00
2008.11.26 09:40:35.905,1.2997,1.29975,9.60,3.20
2008.11.26 09:40:37.384,1.29965,1.2997,8.70,11.60
2008.11.26 09:40:37.674,1.29965,1.2997,8.80,8.40
2008.11.26 09:40:37.974,1.29965,1.2997,1.60,3.20
2008.11.26 09:40:38.374,1.2997,1.29975,1.60,7.20
2008.11.26 09:40:38.484,1.2997,1.29975,9.60,3.20
2008.11.26 09:40:39.934,1.2997,1.29975,1.60,3.20
2008.11.26 09:40:41.043,1.2997,1.2998,1.60,19.60
2008.11.26 09:40:42.643,1.29965,1.29975,3.20,3.60
2008.11.26 09:40:42.873,1.2997,1.2998,1.60,19.60
2008.11.26 09:40:43.273,1.2997,1.2998,2.00,19.60
2008.11.26 09:40:43.613,1.2997,1.2998,1.00,22.80
2008.11.26 09:40:44.872,1.2997,1.2998,2.00,22.80
2008.11.26 09:40:45.083,1.2997,1.2998,2.00,19.60
2008.11.26 09:40:46.472,1.2996,1.29965,9.60,7.20
2008.11.26 09:40:46.882,1.2996,1.2997,17.60,13.20
2008.11.26 09:40:47.172,1.29955,1.29965,2.00,11.60
2008.11.26 09:40:47.742,1.29965,1.2997,2.60,18.80
2008.11.26 09:40:48.032,1.2997,1.2998,8.00,21.40
2008.11.26 09:40:48.452,1.29955,1.29965,2.00,11.60
2008.11.26 09:40:48.892,1.29955,1.2996,1.00,11.60
2008.11.26 09:40:49.241,1.29955,1.2996,1.80,13.40
2008.11.26 09:40:49.702,1.2994,1.29945,8.00,8.40
2008.11.26 09:40:49.991,1.2992,1.2993,9.40,3.40
2008.11.26 09:40:50.441,1.2992,1.2993,10.00,3.40
2008.11.26 09:40:50.951,1.2992,1.2993,10.00,6.60
2008.11.26 09:40:51.331,1.2992,1.2993,18.00,14.60
2008.11.26 09:40:51.671,1.29925,1.29935,6.00,3.20
2008.11.26 09:40:51.961,1.2993,1.29935,1.00,3.20
2008.11.26 09:40:52.571,1.2993,1.29935,9.60,3.20
2008.11.26 09:40:52.970,1.29935,1.2994,2.60,7.70
2008.11.26 09:40:53.270,1.29935,1.29945,4.40,4.00
2008.11.26 09:40:53.550,1.29935,1.29945,6.00,3.20
2008.11.26 09:40:54.180,1.2994,1.29945,2.00,3.20
2008.11.26 09:40:54.600,1.2994,1.29945,18.00,3.20
2008.11.26 09:40:55.160,1.29945,1.2995,1.00,3.20
2008.11.26 09:40:55.510,1.2994,1.2995,20.40,4.20
2008.11.26 09:40:55.730,1.2994,1.2995,18.00,14.60
2008.11.26 09:40:56.000,1.2994,1.29945,10.00,3.20
2008.11.26 09:40:56.240,1.2994,1.2995,12.40,12.40
2008.11.26 09:40:56.520,1.2994,1.29945,10.00,3.20
2008.11.26 09:40:56.810,1.2994,1.29945,20.40,3.20
2008.11.26 09:40:57.220,1.2994,1.2995,20.40,3.20
2008.11.26 09:40:57.509,1.29945,1.2995,3.80,3.20
2008.11.26 09:40:57.899,1.29945,1.2995,1.60,8.60
2008.11.26 09:40:58.309,1.2994,1.29945,4.20,3.20
2008.11.26 09:40:58.649,1.29945,1.29955,1.60,10.60
2008.11.26 09:40:59.039,1.2995,1.2996,1.60,9.80
2008.11.26 09:40:59.399,1.2995,1.29955,9.60,3.20
2008.11.26 09:41:00.659,1.29955,1.2996,1.00,4.00
2008.11.26 09:41:00.989,1.29955,1.29965,2.00,5.80
2008.11.26 09:41:01.459,1.29955,1.2996,2.00,3.20
2008.11.26 09:41:07.237,1.2996,1.2997,2.00,9.80
2008.11.26 09:41:07.417,1.2996,1.29965,10.00,3.20
2008.11.26 09:41:09.367,1.29965,1.29975,2.00,6.60
2008.11.26 09:41:09.596,1.2996,1.2997,8.20,7.20
2008.11.26 09:41:10.046,1.2996,1.29965,5.00,3.20
2008.11.26 09:41:10.346,1.29965,1.29975,2.60,4.80
2008.11.26 09:41:10.516,1.2997,1.29975,2.00,3.20
2008.11.26 09:41:10.856,1.2996,1.2997,14.20,1.60
2008.11.26 09:41:11.256,1.2996,1.2997,10.80,8.40
2008.11.26 09:41:11.536,1.2996,1.29965,10.00,3.20
2008.11.26 09:41:12.106,1.2996,1.29965,8.60,3.20
2008.11.26 09:41:12.516,1.29955,1.2996,2.00,3.20
2008.11.26 09:41:13.778,1.2995,1.2996,10.00,6.00
2008.11.26 09:41:14.305,1.2995,1.29955,8.00,6.80
2008.11.26 09:41:14.595,1.29945,1.2995,2.00,3.20
2008.11.26 09:41:15.055,1.2995,1.2996,2.00,13.80
2008.11.26 09:41:15.405,1.2995,1.29955,10.00,3.20
2008.11.26 09:41:16.195,1.2995,1.29955,12.40,3.20
2008.11.26 09:41:16.425,1.29955,1.29965,4.00,6.60
2008.11.26 09:41:16.665,1.29955,1.2996,4.00,3.20
2008.11.26 09:41:17.325,1.2995,1.2996,12.40,8.40
2008.11.26 09:41:17.665,1.2995,1.29955,12.40,3.20
2008.11.26 09:41:18.634,1.2995,1.29955,12.00,3.20
2008.11.26 09:41:18.794,1.2995,1.29955,11.80,4.80
2008.11.26 09:41:19.034,1.2995,1.29955,2.40,6.00
2008.11.26 09:41:19.324,1.29945,1.2995,4.40,3.20
2008.11.26 09:41:22.823,1.2995,1.29955,1.40,5.80
2008.11.26 09:41:23.053,1.2995,1.2996,4.40,13.80
2008.11.26 09:41:23.343,1.2995,1.29955,12.40,3.20
2008.11.26 09:41:24.553,1.29955,1.2996,4.40,3.80
2008.11.26 09:41:24.793,1.29955,1.2996,4.40,3.20
2008.11.26 09:41:28.562,1.2996,1.29965,8.00,14.00
2008.11.26 09:41:29.142,1.2995,1.29955,12.40,3.20
2008.11.26 09:41:29.421,1.2996,1.29965,1.00,15.40
2008.11.26 09:41:30.021,1.2995,1.2996,20.40,5.60
2008.11.26 09:41:30.072,1.2995,1.2996,12.40,6.80
2008.11.26 09:41:30.491,1.29955,1.29965,4.40,5.80
2008.11.26 09:41:30.712,1.29955,1.2996,4.40,3.20
2008.11.26 09:41:32.791,1.29955,1.2996,1.00,8.40
2008.11.26 09:41:32.961,1.2995,1.2996,10.60,12.40
2008.11.26 09:41:33.251,1.2995,1.29955,8.20,2.40
2008.11.26 09:41:33.661,1.29945,1.2995,4.00,4.40
2008.11.26 09:41:34.060,1.2994,1.29945,12.40,3.20
2008.11.26 09:41:35.490,1.2994,1.29945,11.00,3.20
2008.11.26 09:41:35.660,1.2994,1.29945,10.60,3.20
2008.11.26 09:41:35.880,1.2994,1.29945,12.00,3.20
2008.11.26 09:41:36.100,1.2994,1.29945,8.00,8.40
2008.11.26 09:41:36.330,1.29935,1.2994,6.00,3.20
2008.11.26 09:41:36.790,1.29945,1.2995,3.20,11.60
2008.11.26 09:41:37.320,1.2994,1.29945,2.00,3.20
2008.11.26 09:41:37.660,1.29945,1.2995,2.40,4.40
2008.11.26 09:41:37.781,1.29945,1.2995,1.60,7.20
2008.11.26 09:41:38.239,1.29945,1.2995,4.40,11.20
2008.11.26 09:41:38.399,1.29945,1.2995,4.40,3.20
2008.11.26 09:41:39.669,1.29945,1.2995,2.60,3.20
2008.11.26 09:41:40.359,1.29945,1.29955,4.60,10.40
2008.11.26 09:41:40.589,1.29945,1.2995,2.60,3.20
2008.11.26 09:41:41.269,1.29945,1.2995,2.40,6.40
2008.11.26 09:41:41.729,1.29945,1.29955,2.40,15.00
2008.11.26 09:41:42.069,1.29945,1.2995,3.80,3.20
2008.11.26 09:41:42.478,1.29945,1.2995,1.80,5.20
2008.11.26 09:41:42.809,1.2994,1.29945,12.00,3.20
2008.11.26 09:41:43.158,1.2994,1.29945,8.00,15.60
2008.11.26 09:41:43.389,1.2994,1.29945,8.00,5.80
2008.11.26 09:41:43.568,1.29935,1.29945,4.40,5.60
2008.11.26 09:41:44.078,1.2994,1.29945,4.40,3.20
2008.11.26 09:41:44.428,1.2994,1.29945,12.40,3.20
2008.11.26 09:41:45.498,1.2994,1.2995,12.40,6.80
2008.11.26 09:41:47.887,1.29935,1.2994,12.40,3.60
2008.11.26 09:41:48.168,1.29935,1.2994,12.00,3.20
2008.11.26 09:41:48.447,1.29935,1.29945,12.00,5.60
2008.11.26 09:41:48.967,1.29935,1.29945,1.60,8.80
2008.11.26 09:41:49.367,1.29935,1.29945,2.00,5.60
2008.11.26 09:41:49.597,1.29935,1.29945,2.00,9.60
2008.11.26 09:41:49.837,1.29935,1.2994,1.00,2.40
2008.11.26 09:41:50.157,1.29935,1.2994,2.00,6.80
2008.11.26 09:41:50.506,1.29935,1.2994,2.00,3.20
2008.11.26 09:41:50.906,1.29935,1.29945,2.00,5.60
2008.11.26 09:41:51.786,1.29935,1.2994,1.00,2.40
2008.11.26 09:41:52.136,1.29935,1.2994,2.00,3.20
2008.11.26 09:41:52.366,1.29935,1.29945,2.00,5.60
2008.11.26 09:41:53.336,1.29935,1.2994,1.00,11.60
2008.11.26 09:41:53.626,1.2993,1.2994,10.00,6.80
2008.11.26 09:41:54.036,1.2994,1.29945,1.60,18.00
2008.11.26 09:41:54.386,1.29935,1.2994,3.20,3.20
2008.11.26 09:41:54.666,1.2994,1.2995,10.00,6.80
2008.11.26 09:41:54.896,1.2994,1.2995,9.60,10.00
2008.11.26 09:41:55.356,1.2994,1.2995,1.60,18.00
2008.11.26 09:41:55.815,1.2994,1.2995,10.00,6.80
2008.11.26 09:41:57.385,1.2994,1.2995,10.00,5.60
2008.11.26 09:41:57.785,1.2994,1.2995,9.40,6.80
2008.11.26 09:41:58.075,1.29935,1.29945,2.00,2.40
2008.11.26 09:41:58.714,1.29935,1.29945,2.00,5.60
2008.11.26 09:42:06.423,1.29935,1.29945,1.00,14.40
2008.11.26 09:42:06.583,1.29935,1.2994,1.60,2.40
2008.11.26 09:42:07.093,1.29935,1.29945,2.00,5.60
2008.11.26 09:42:07.503,1.2994,1.29945,1.60,3.20
2008.11.26 09:42:07.793,1.2994,1.29945,1.40,5.60
2008.11.26 09:42:08.083,1.29935,1.29945,2.00,5.60
2008.11.26 09:42:09.472,1.2994,1.29945,1.60,5.60
2008.11.26 09:42:09.862,1.29937,1.29953,1.60,14.80
2008.11.26 09:42:10.162,1.29955,1.2997,1.60,5.60
2008.11.26 09:42:10.512,1.29955,1.2997,2.00,5.60
2008.11.26 09:42:10.742,1.29955,1.2997,4.40,3.20
2008.11.26 09:42:11.032,1.2996,1.2997,10.00,14.80
2008.11.26 09:42:11.382,1.2996,1.2997,10.00,5.60
2008.11.26 09:42:12.251,1.29965,1.2997,1.60,3.20
2008.11.26 09:42:12.481,1.29965,1.29975,1.60,5.60
2008.11.26 09:42:13.401,1.29965,1.29975,4.00,3.20
2008.11.26 09:42:13.621,1.2997,1.2998,8.00,15.00
2008.11.26 09:42:14.021,1.29965,1.2998,6.00,31.00
2008.11.26 09:42:14.201,1.2997,1.29975,8.00,5.60
2008.11.26 09:42:14.721,1.29965,1.29975,1.60,5.60
2008.11.26 09:42:15.760,1.2997,1.29975,1.00,5.60
2008.11.26 09:42:16.110,1.2998,1.29985,8.00,12.70
2008.11.26 09:42:16.450,1.29975,1.2998,1.60,17.40
2008.11.26 09:42:16.750,1.2997,1.2998,10.00,4.40
2008.11.26 09:42:17.040,1.2997,1.2998,20.40,3.20
2008.11.26 09:42:17.380,1.2997,1.2998,18.40,5.60
2008.11.26 09:42:17.740,1.2997,1.2998,10.40,13.60
2008.11.26 09:42:17.920,1.2997,1.2998,10.40,15.00
2008.11.26 09:42:18.990,1.2997,1.2998,12.00,6.80
2008.11.26 09:42:19.210,1.2997,1.2998,20.00,5.60
2008.11.26 09:42:19.550,1.2997,1.2998,10.60,11.80
2008.11.26 09:42:20.010,1.29975,1.29985,2.40,15.00
2008.11.26 09:42:22.679,1.29975,1.29985,2.40,23.00
2008.11.26 09:42:23.139,1.29975,1.2998,2.40,9.40
2008.11.26 09:42:23.489,1.2997,1.2998,12.00,5.60
2008.11.26 09:42:23.779,1.29975,1.29985,2.40,15.00
2008.11.26 09:42:24.259,1.29975,1.2998,2.40,9.40
2008.11.26 09:42:24.888,1.2996,1.2997,10.60,8.80
2008.11.26 09:42:25.238,1.2995,1.2996,12.40,7.20
2008.11.26 09:42:25.528,1.2995,1.2996,10.60,15.20
2008.11.26 09:42:25.768,1.2995,1.2996,10.40,16.60
2008.11.26 09:42:26.928,1.2995,1.29955,8.00,9.20
2008.11.26 09:42:27.538,1.29935,1.29945,2.40,29.40
2008.11.26 09:42:27.819,1.2993,1.2994,12.40,5.60
2008.11.26 09:42:27.928,1.2993,1.29935,8.00,2.40
2008.11.26 09:42:28.328,1.29925,1.29935,2.40,27.00
2008.11.26 09:42:28.738,1.2992,1.2993,12.40,5.60
2008.11.26 09:42:29.147,1.29925,1.2993,4.40,3.20
2008.11.26 09:42:29.557,1.29925,1.29935,4.40,5.60
2008.11.26 09:42:29.847,1.2993,1.29935,8.00,5.60
2008.11.26 09:42:30.287,1.2993,1.29935,8.20,5.60
2008.11.26 09:42:30.637,1.2993,1.2994,12.40,5.60
2008.11.26 09:42:31.287,1.2993,1.2994,12.00,5.60
2008.11.26 09:42:31.577,1.29935,1.2994,1.00,3.20
2008.11.26 09:42:31.917,1.2994,1.29945,8.00,6.40
2008.11.26 09:42:32.506,1.2994,1.2995,1.00,19.20
2008.11.26 09:42:32.566,1.2994,1.29955,18.00,12.60
2008.11.26 09:42:33.176,1.2994,1.29955,10.00,12.60
2008.11.26 09:42:33.936,1.2994,1.29955,10.00,20.60
2008.11.26 09:42:34.356,1.29945,1.2995,2.40,3.20
2008.11.26 09:42:34.696,1.2995,1.2996,2.40,23.00
2008.11.26 09:42:35.096,1.29945,1.29955,4.00,5.60
2008.11.26 09:42:35.776,1.2994,1.29945,9.50,3.20
2008.11.26 09:42:36.126,1.29935,1.2994,8.00,8.30
2008.11.26 09:42:36.476,1.2994,1.29945,8.00,26.30
2008.11.26 09:42:36.765,1.2993,1.2994,12.40,5.60
2008.11.26 09:42:37.156,1.2993,1.29935,2.00,5.80
2008.11.26 09:42:37.445,1.2993,1.29935,2.00,4.00
2008.11.26 09:42:37.725,1.2993,1.2994,10.00,3.20
2008.11.26 09:42:38.065,1.29935,1.2994,1.60,11.20
2008.11.26 09:42:38.455,1.29935,1.29945,1.60,3.20
2008.11.26 09:42:38.795,1.29935,1.2994,1.60,1.20
2008.11.26 09:42:39.211,1.2993,1.29935,9.70,1.60
2008.11.26 09:42:39.625,1.29935,1.29945,1.60,3.20
2008.11.26 09:42:39.905,1.2994,1.29945,2.00,3.20
2008.11.26 09:42:40.635,1.2994,1.2995,10.00,3.20
2008.11.26 09:42:41.004,1.29945,1.2995,2.60,3.20
2008.11.26 09:42:41.364,1.29945,1.29955,2.40,23.00
2008.11.26 09:42:41.654,1.29945,1.29955,2.40,15.00
2008.11.26 09:42:42.164,1.2994,1.2995,20.40,2.40
2008.11.26 09:42:42.624,1.2994,1.2995,12.00,5.60
2008.11.26 09:42:43.144,1.2994,1.2995,20.00,13.60
2008.11.26 09:42:43.424,1.2994,1.2995,20.00,21.60
2008.11.26 09:42:45.244,1.2994,1.2995,18.60,21.60
2008.11.26 09:42:45.363,1.2994,1.2995,18.40,24.80
2008.11.26 09:42:46.453,1.2994,1.2995,18.40,26.00
2008.11.26 09:42:46.623,1.2994,1.2995,20.40,21.60
2008.11.26 09:42:47.013,1.2995,1.29955,8.00,23.00
2008.11.26 09:42:47.243,1.2995,1.29955,8.00,18.00
2008.11.26 09:42:47.583,1.2995,1.29955,8.00,14.40
2008.11.26 09:42:47.873,1.2995,1.29955,8.00,8.00
2008.11.26 09:42:48.163,1.2995,1.29955,8.20,8.00
2008.11.26 09:42:48.693,1.2995,1.29955,8.00,8.00
2008.11.26 09:42:49.142,1.29935,1.2994,8.00,2.40
2008.11.26 09:42:49.322,1.29935,1.2994,1.00,2.40
2008.11.26 09:42:49.783,1.2994,1.29945,8.00,3.20
2008.11.26 09:42:50.182,1.2994,1.29945,8.20,13.60
2008.11.26 09:42:50.462,1.29945,1.2995,4.40,19.20
2008.11.26 09:42:50.812,1.2995,1.29955,10.40,8.00
2008.11.26 09:42:51.212,1.29955,1.2996,1.60,21.60
2008.11.26 09:42:51.612,1.29955,1.2996,2.40,8.00
2008.11.26 09:42:52.022,1.2995,1.29955,8.20,1.60
2008.11.26 09:42:52.372,1.2995,1.29955,8.00,12.80
2008.11.26 09:42:52.672,1.2995,1.29955,8.00,13.60
2008.11.26 09:42:53.411,1.2995,1.29955,8.00,16.80
2008.11.26 09:42:53.692,1.29945,1.2995,1.00,21.60
2008.11.26 09:42:53.981,1.2994,1.2995,12.40,21.60
2008.11.26 09:42:54.661,1.2995,1.29955,2.60,20.60
2008.11.26 09:42:55.011,1.29945,1.2995,2.60,8.00
2008.11.26 09:42:55.351,1.2995,1.29955,8.00,16.80
2008.11.26 09:43:02.529,1.2995,1.29955,8.00,13.60
2008.11.26 09:43:03.829,1.2995,1.29955,18.60,3.20
2008.11.26 09:43:04.299,1.2995,1.29955,8.20,5.60
2008.11.26 09:43:04.639,1.2995,1.29955,8.00,5.60
2008.11.26 09:43:13.357,1.29955,1.2996,1.00,15.40
2008.11.26 09:43:13.767,1.29955,1.2996,1.00,21.60
2008.11.26 09:43:14.296,1.29955,1.2996,4.00,8.00
2008.11.26 09:43:14.536,1.2996,1.29965,8.00,8.00
2008.11.26 09:43:15.856,1.29955,1.2996,9.20,8.00
2008.11.26 09:43:16.266,1.29955,1.2996,1.60,21.60
2008.11.26 09:43:16.556,1.29955,1.2996,2.60,8.00
2008.11.26 09:43:16.846,1.29955,1.2996,1.00,8.00
2008.11.26 09:43:17.186,1.29955,1.2996,1.00,16.00
2008.11.26 09:43:17.526,1.29955,1.2996,1.60,16.00
2008.11.26 09:43:18.305,1.2995,1.2996,18.00,16.00
2008.11.26 09:43:18.645,1.2995,1.2996,18.00,19.20
2008.11.26 09:43:19.175,1.29955,1.2996,1.60,19.20
2008.11.26 09:43:19.695,1.29955,1.2996,1.60,16.00
2008.11.26 09:43:20.175,1.29955,1.2996,1.60,19.20
2008.11.26 09:43:20.465,1.29955,1.2996,4.00,8.00
2008.11.26 09:43:20.985,1.2996,1.29965,8.00,13.00
2008.11.26 09:43:21.335,1.29955,1.2996,4.00,16.00
2008.11.26 09:43:21.695,1.29955,1.2996,1.60,8.00
2008.11.26 09:43:21.985,1.2996,1.29965,8.00,11.20
2008.11.26 09:43:22.404,1.2996,1.29965,8.00,8.00
2008.11.26 09:43:24.214,1.2995,1.29955,6.10,2.40
2008.11.26 09:43:24.664,1.2995,1.29955,2.20,10.40
2008.11.26 09:43:25.004,1.2995,1.29955,18.40,3.20
2008.11.26 09:43:25.224,1.2995,1.2996,18.40,31.00
2008.11.26 09:43:25.754,1.2995,1.2996,20.40,21.60
2008.11.26 09:43:26.484,1.2995,1.29955,8.00,2.40
2008.11.26 09:43:26.763,1.2995,1.29955,8.00,5.60
2008.11.26 09:43:28.823,1.2995,1.29955,9.40,5.60
2008.11.26 09:43:29.053,1.2995,1.29955,20.40,3.20
2008.11.26 09:43:29.333,1.2995,1.2996,20.40,21.60
2008.11.26 09:43:33.332,1.2996,1.29965,1.60,16.60
2008.11.26 09:43:33.662,1.2996,1.29965,1.60,12.00
2008.11.26 09:43:33.892,1.2996,1.29965,2.00,12.00
2008.11.26 09:43:34.062,1.29965,1.2997,4.40,19.20
2008.11.26 09:43:34.411,1.2997,1.29975,8.00,13.60
2008.11.26 09:43:38.640,1.29965,1.2997,10.20,8.00
2008.11.26 09:43:38.861,1.2996,1.2997,20.40,18.40
2008.11.26 09:43:39.251,1.2996,1.2997,20.40,21.60
2008.11.26 09:43:41.600,1.29965,1.2997,2.40,19.20
2008.11.26 09:43:41.890,1.29965,1.2997,4.40,11.20
2008.11.26 09:43:42.130,1.29965,1.2997,4.40,8.00
2008.11.26 09:43:42.550,1.2997,1.29975,8.00,13.60
2008.11.26 09:43:43.069,1.2997,1.29975,16.00,5.60
2008.11.26 09:43:43.189,1.2997,1.29975,16.20,5.60
2008.11.26 09:43:43.419,1.2997,1.29975,20.00,3.20
2008.11.26 09:43:43.539,1.2997,1.2998,20.40,21.60
2008.11.26 09:43:50.438,1.2997,1.29975,18.60,10.20
2008.11.26 09:43:50.728,1.2996,1.2997,20.40,21.60
2008.11.26 09:43:52.438,1.29965,1.2997,1.40,21.60
2008.11.26 09:43:52.668,1.29965,1.2997,2.00,21.60
2008.11.26 09:43:52.787,1.29965,1.2997,4.40,11.20
2008.11.26 09:43:52.907,1.29965,1.2997,4.40,8.00
2008.11.26 09:43:53.197,1.2997,1.29975,8.00,13.60
2008.11.26 09:43:53.957,1.2997,1.29975,8.20,13.60
2008.11.26 09:43:54.407,1.2997,1.29975,20.40,3.20
2008.11.26 09:43:54.866,1.2997,1.2998,20.40,14.40
2008.11.26 09:43:55.777,1.2997,1.2998,20.40,22.40
2008.11.26 09:43:58.496,1.2998,1.2999,10.40,25.30
2008.11.26 09:43:58.839,1.2998,1.2999,20.00,22.80
2008.11.26 09:43:58.956,1.2998,1.2999,20.00,21.60
2008.11.26 09:44:00.715,1.29985,1.2999,4.40,19.20
2008.11.26 09:44:01.195,1.2999,1.29995,8.00,13.60
2008.11.26 09:44:01.525,1.2999,1.29995,18.60,3.20
2008.11.26 09:44:02.045,1.2999,1.3,12.00,21.60
2008.11.26 09:44:02.445,1.3,1.30005,1.00,16.20
2008.11.26 09:44:02.825,1.3001,1.30015,20.00,8.00
2008.11.26 09:44:03.175,1.3001,1.3002,20.40,13.60
2008.11.26 09:44:04.075,1.30015,1.3002,2.00,13.60
2008.11.26 09:44:04.554,1.3002,1.30025,8.00,14.20
2008.11.26 09:44:04.944,1.3001,1.30015,20.40,1.60
2008.11.26 09:44:08.004,1.30015,1.3002,2.00,10.40
2008.11.26 09:44:08.653,1.3001,1.3002,20.40,14.40
2008.11.26 09:44:09.003,1.3001,1.3002,20.40,17.60
2008.11.26 09:44:09.353,1.30015,1.3002,1.00,14.40
2008.11.26 09:44:09.693,1.3001,1.30015,12.40,9.60
2008.11.26 09:44:09.983,1.3001,1.30015,8.00,12.00
2008.11.26 09:44:10.283,1.3001,1.30015,8.00,13.60
2008.11.26 09:44:10.673,1.3001,1.30015,8.00,15.20
2008.11.26 09:44:10.963,1.3001,1.30015,20.40,1.60
2008.11.26 09:44:11.313,1.3001,1.30015,12.40,9.60
2008.11.26 09:44:11.583,1.3001,1.30015,20.40,1.60
2008.11.26 09:44:12.252,1.3001,1.3002,20.40,17.60
2008.11.26 09:44:13.402,1.30015,1.3002,4.00,15.20
2008.11.26 09:44:13.702,1.3002,1.30025,8.00,17.10
2008.11.26 09:44:14.292,1.3001,1.30015,8.00,2.40
2008.11.26 09:44:15.002,1.30015,1.3002,12.00,8.00
2008.11.26 09:44:15.482,1.30015,1.3002,8.00,8.40
2008.11.26 09:44:15.881,1.3001,1.30015,18.60,1.60
2008.11.26 09:44:16.172,1.3001,1.30015,10.40,1.60
2008.11.26 09:44:16.521,1.30005,1.3001,2.40,11.20
2008.11.26 09:44:16.932,1.3001,1.30015,8.00,21.50
2008.11.26 09:44:17.291,1.3,1.30005,8.00,2.40
2008.11.26 09:44:17.531,1.3,1.30005,8.00,4.80
2008.11.26 09:44:17.871,1.3,1.30005,8.00,5.80
2008.11.26 09:44:18.041,1.3,1.30005,8.00,21.80
2008.11.26 09:44:18.491,1.3,1.30005,8.00,17.50
2008.11.26 09:44:19.731,1.3,1.30005,8.00,11.20
2008.11.26 09:44:21.001,1.3,1.30005,9.60,11.20
2008.11.26 09:44:21.230,1.3,1.30005,9.60,8.00
2008.11.26 09:44:21.880,1.3,1.30005,8.00,8.00
2008.11.26 09:44:24.200,1.3,1.30005,8.00,16.00
2008.11.26 09:44:24.430,1.2999,1.29995,16.60,4.00
2008.11.26 09:44:24.600,1.2999,1.3,20.40,25.60
2008.11.26 09:44:27.009,1.2999,1.29995,17.60,2.40
2008.11.26 09:44:27.129,1.2999,1.29995,8.00,2.40
2008.11.26 09:44:27.409,1.2999,1.29995,8.00,7.20
2008.11.26 09:44:37.886,1.2999,1.29995,8.00,5.60
2008.11.26 09:44:41.696,1.2998,1.2999,13.30,10.40
2008.11.26 09:44:42.035,1.2998,1.2999,18.60,21.60
2008.11.26 09:44:43.016,1.29975,1.2998,17.20,2.40
2008.11.26 09:44:43.415,1.2997,1.2998,20.40,21.60
2008.11.26 09:44:47.024,1.2998,1.29985,10.40,16.20
2008.11.26 09:44:47.254,1.2998,1.29985,18.40,3.20
2008.11.26 09:44:47.604,1.2998,1.29985,10.40,21.60
2008.11.26 09:44:48.014,1.2998,1.29985,8.00,23.10
2008.11.26 09:44:48.364,1.2997,1.2998,20.40,21.60
2008.11.26 09:44:48.704,1.29975,1.2998,4.40,8.00
2008.11.26 09:44:49.033,1.2998,1.29985,8.20,8.00
2008.11.26 09:44:50.983,1.2998,1.29985,8.00,10.40
2008.11.26 09:44:51.513,1.2998,1.29985,8.00,13.60
2008.11.26 09:45:00.971,1.2998,1.29985,8.00,5.60
2008.11.26 09:45:02.750,1.2998,1.29985,16.20,5.60
2008.11.26 09:45:02.970,1.2998,1.2999,18.60,15.20
2008.11.26 09:45:03.260,1.2998,1.29985,16.20,2.40
2008.11.26 09:45:03.430,1.2998,1.29985,16.00,5.60
2008.11.26 09:45:04.410,1.2998,1.29985,17.60,5.60
2008.11.26 09:45:04.830,1.2998,1.2999,17.60,20.40
2008.11.26 09:45:05.180,1.2998,1.2999,18.00,19.20
2008.11.26 09:45:05.479,1.2999,1.29995,2.40,23.90
2008.11.26 09:45:05.699,1.2999,1.29995,10.40,13.40
2008.11.26 09:45:05.980,1.29985,1.2999,1.00,9.10
2008.11.26 09:45:06.399,1.2998,1.29985,16.00,5.60
2008.11.26 09:45:06.679,1.2998,1.29985,16.00,3.20
2008.11.26 09:45:06.970,1.2998,1.2999,16.20,19.20
2008.11.26 09:45:07.509,1.2998,1.2999,8.20,19.20
2008.11.26 09:45:15.787,1.29985,1.2999,2.00,19.20
2008.11.26 09:45:16.077,1.29985,1.2999,4.40,16.00
2008.11.26 09:45:16.517,1.29985,1.2999,4.40,8.00
2008.11.26 09:45:16.867,1.2999,1.29995,8.00,13.60
2008.11.26 09:45:19.796,1.2998,1.2999,14.20,10.40
2008.11.26 09:45:20.156,1.2998,1.2999,20.40,21.60
2008.11.26 09:45:25.565,1.29985,1.2999,1.40,13.60
2008.11.26 09:45:25.625,1.29985,1.2999,4.40,11.20
2008.11.26 09:45:25.854,1.29985,1.2999,4.40,8.00
2008.11.26 09:45:26.434,1.2999,1.29995,8.00,13.60
2008.11.26 09:45:31.773,1.2999,1.29995,12.40,8.00
2008.11.26 09:45:32.013,1.2999,1.3,20.40,22.40
2008.11.26 09:45:39.401,1.2999,1.3,10.40,33.40
2008.11.26 09:45:39.521,1.2999,1.29995,8.00,5.60
2008.11.26 09:45:39.821,1.2999,1.29995,11.60,3.20
2008.11.26 09:45:40.151,1.3,1.30005,10.40,8.70
2008.11.26 09:45:40.331,1.29995,1.3,17.00,1.00
2008.11.26 09:45:40.801,1.3,1.3001,18.40,29.60
2008.11.26 09:45:40.961,1.3,1.3001,18.60,24.80
2008.11.26 09:45:42.991,1.3,1.30005,8.20,2.40
2008.11.26 09:45:43.221,1.3,1.30005,8.20,5.60
2008.11.26 09:45:43.580,1.3,1.30005,8.20,13.60
2008.11.26 09:45:43.870,1.3,1.30005,8.00,13.60
2008.11.26 09:45:44.100,1.3,1.30005,18.40,3.20
2008.11.26 09:45:44.260,1.3,1.30005,18.60,3.20
2008.11.26 09:45:44.490,1.3,1.3001,18.60,24.80
2008.11.26 09:45:45.400,1.3,1.3001,18.60,16.80
2008.11.26 09:45:45.630,1.3,1.3001,18.60,26.40
2008.11.26 09:45:45.920,1.3,1.30005,16.20,2.40
2008.11.26 09:45:46.080,1.3,1.30005,8.20,5.60
2008.11.26 09:45:46.619,1.29995,1.3,8.00,11.10
2008.11.26 09:45:47.149,1.2999,1.29995,8.20,13.60
2008.11.26 09:45:47.490,1.29995,1.3,2.40,8.60
2008.11.26 09:45:47.669,1.29995,1.3,10.40,8.00
2008.11.26 09:45:48.489,1.2999,1.3,20.40,13.60
2008.11.26 09:45:51.349,1.3,1.30005,2.40,18.60
2008.11.26 09:45:51.588,1.3,1.3001,18.40,31.00
2008.11.26 09:45:52.159,1.3,1.3001,18.40,21.60
2008.11.26 09:45:52.398,1.3,1.3001,18.40,29.60
2008.11.26 09:45:54.238,1.3,1.3001,18.40,21.60
2008.11.26 09:45:54.688,1.3,1.30005,16.00,2.40
2008.11.26 09:45:55.157,1.3,1.30005,8.00,13.60
2008.11.26 09:45:55.717,1.29995,1.3,12.80,2.40
2008.11.26 09:45:56.128,1.3,1.30005,8.00,19.80
2008.11.26 09:45:56.417,1.3,1.30005,8.00,23.00
2008.11.26 09:46:01.306,1.3,1.30005,8.00,14.80
2008.11.26 09:46:01.616,1.3,1.30005,8.00,13.60
2008.11.26 09:46:02.326,1.29995,1.30005,1.00,9.60
2008.11.26 09:46:02.506,1.2999,1.30005,8.00,5.60
2008.11.26 09:46:02.836,1.29987,1.30002,8.00,16.80
2008.11.26 09:46:03.176,1.2998,1.30005,18.40,24.80
2008.11.26 09:46:03.526,1.29985,1.29995,18.40,26.00
2008.11.26 09:46:03.815,1.2997,1.29975,2.00,17.20
2008.11.26 09:46:04.165,1.2997,1.2998,12.20,21.60
2008.11.26 09:46:04.555,1.2997,1.29975,15.80,5.60
2008.11.26 09:46:04.845,1.2997,1.29975,7.80,5.60
2008.11.26 09:46:05.595,1.2997,1.29975,12.20,3.20
2008.11.26 09:46:06.055,1.2997,1.2998,18.80,26.40
2008.11.26 09:46:06.535,1.2997,1.29975,20.20,3.20
2008.11.26 09:46:06.815,1.2997,1.2998,20.20,21.60
2008.11.26 09:46:07.265,1.29975,1.2998,2.40,19.20
2008.11.26 09:46:07.685,1.29975,1.2998,12.40,8.00
2008.11.26 09:46:08.044,1.2998,1.29985,7.80,5.60
2008.11.26 09:46:08.804,1.2998,1.29985,7.80,15.00
2008.11.26 09:46:09.504,1.2997,1.2998,20.20,21.60
2008.11.26 09:46:10.184,1.29975,1.2998,8.20,13.60
2008.11.26 09:46:10.534,1.29975,1.2998,12.40,11.20
2008.11.26 09:46:10.894,1.2998,1.29985,7.80,5.60
2008.11.26 09:46:11.464,1.2997,1.2998,20.20,18.40
2008.11.26 09:46:13.563,1.2997,1.29975,7.80,2.40
2008.11.26 09:46:13.923,1.2997,1.29975,7.80,10.40
2008.11.26 09:46:14.263,1.2997,1.29975,7.80,12.70
2008.11.26 09:46:14.613,1.2996,1.2997,20.20,10.40
2008.11.26 09:46:16.292,1.2996,1.2997,20.20,18.40
2008.11.26 09:46:16.812,1.2996,1.2997,20.20,10.40
2008.11.26 09:46:24.890,1.29965,1.2997,8.00,10.40
2008.11.26 09:46:25.180,1.2997,1.29975,10.80,4.80
2008.11.26 09:46:25.460,1.2997,1.29975,10.20,8.00
2008.11.26 09:46:25.790,1.2996,1.2997,20.20,10.40
2008.11.26 09:46:36.048,1.2996,1.2997,20.40,10.40
2008.11.26 09:46:41.746,1.29965,1.2997,4.00,8.00
2008.11.26 09:46:41.916,1.29965,1.2997,2.60,8.00
2008.11.26 09:46:42.096,1.2996,1.2997,20.40,10.40
2008.11.26 09:46:45.896,1.29965,1.2997,1.00,10.40
2008.11.26 09:46:46.075,1.29965,1.2997,4.40,8.00
2008.11.26 09:46:46.425,1.2997,1.29975,7.80,8.00
2008.11.26 09:46:46.945,1.2997,1.29975,7.80,4.00
2008.11.26 09:46:47.475,1.2997,1.29975,8.00,4.00
2008.11.26 09:46:47.756,1.2997,1.29975,8.40,2.40
2008.11.26 09:46:48.095,1.2997,1.29975,9.80,6.40
2008.11.26 09:46:48.215,1.2997,1.2998,22.00,19.60
2008.11.26 09:46:48.445,1.2997,1.2998,12.20,26.40
2008.11.26 09:46:48.735,1.2997,1.29975,16.20,2.40
2008.11.26 09:46:49.025,1.2997,1.29975,7.80,2.40
2008.11.26 09:46:49.315,1.2997,1.29975,15.80,2.40
2008.11.26 09:46:52.144,1.2997,1.29975,16.00,2.40
2008.11.26 09:46:52.554,1.2997,1.2998,20.20,18.40
2008.11.26 09:46:53.143,1.2997,1.2998,20.20,10.40
2008.11.26 09:46:53.534,1.2997,1.29975,18.40,8.00
2008.11.26 09:46:53.833,1.2997,1.29975,8.00,12.30
2008.11.26 09:46:54.183,1.2996,1.2997,20.40,10.40
2008.11.26 09:46:54.463,1.29965,1.2997,8.00,10.40
2008.11.26 09:47:04.621,1.29965,1.2997,11.20,10.40
2008.11.26 09:47:04.861,1.2997,1.29975,7.80,9.10
2008.11.26 09:47:05.151,1.2997,1.29975,15.80,9.10
2008.11.26 09:47:05.440,1.2997,1.29975,7.80,13.10
2008.11.26 09:47:05.560,1.29965,1.2997,11.20,10.40
2008.11.26 09:47:06.530,1.2998,1.29985,12.40,3.60
2008.11.26 09:47:06.990,1.2999,1.29995,8.60,5.80
2008.11.26 09:47:07.230,1.29995,1.3,3.20,23.10
2008.11.26 09:47:07.760,1.2999,1.29995,8.80,2.40
2008.11.26 09:47:08.150,1.2999,1.29995,7.80,10.40
2008.11.26 09:47:08.730,1.2999,1.29995,7.80,7.20
2008.11.26 09:47:09.150,1.2999,1.29995,8.80,7.20
2008.11.26 09:47:09.550,1.2999,1.29995,7.80,10.40
2008.11.26 09:47:13.539,1.29985,1.2999,12.20,4.80
2008.11.26 09:47:13.709,1.2998,1.29985,18.60,2.40
2008.11.26 09:47:13.879,1.2998,1.29985,20.00,2.40
2008.11.26 09:47:14.298,1.29985,1.2999,3.20,10.40
2008.11.26 09:47:15.108,1.2998,1.29985,7.30,16.00
2008.11.26 09:47:15.388,1.29975,1.2998,1.60,10.40
2008.11.26 09:47:15.618,1.29975,1.2998,3.20,10.40
2008.11.26 09:47:15.838,1.29975,1.2998,3.40,10.40
2008.11.26 09:47:16.168,1.29975,1.2998,9.20,8.00
2008.11.26 09:47:16.698,1.2998,1.29985,3.20,9.20
2008.11.26 09:47:17.168,1.2998,1.29985,8.80,2.40
2008.11.26 09:47:18.437,1.2998,1.29985,8.80,7.20
2008.11.26 09:47:18.737,1.2997,1.2998,15.80,10.40
2008.11.26 09:47:18.957,1.29975,1.2998,11.20,10.40
2008.11.26 09:47:19.177,1.29975,1.2998,3.20,18.40
2008.11.26 09:47:20.147,1.29975,1.2998,3.20,29.40
2008.11.26 09:47:20.957,1.29975,1.2998,5.40,10.40
2008.11.26 09:47:21.247,1.2998,1.29985,1.00,17.00
2008.11.26 09:47:21.597,1.29985,1.2999,3.20,13.20
2008.11.26 09:47:21.837,1.29985,1.2999,3.20,16.30
2008.11.26 09:47:22.127,1.2998,1.2999,12.40,16.00
2008.11.26 09:47:22.486,1.2998,1.29985,5.80,13.20
2008.11.26 09:47:22.996,1.2998,1.29985,3.20,9.20
2008.11.26 09:47:23.266,1.2998,1.29985,8.80,2.40
2008.11.26 09:47:25.036,1.2998,1.29985,8.80,10.40
2008.11.26 09:47:25.456,1.29975,1.2998,7.80,8.00
2008.11.26 09:47:25.796,1.2998,1.29985,8.80,10.40
2008.11.26 09:47:26.186,1.2998,1.29985,8.80,2.40
2008.11.26 09:47:26.606,1.2997,1.2998,15.80,2.40
2008.11.26 09:47:26.895,1.29975,1.2998,3.20,10.40
2008.11.26 09:47:27.406,1.29975,1.2998,3.80,18.40
2008.11.26 09:47:27.815,1.29975,1.2998,3.20,10.40
2008.11.26 09:47:28.215,1.29975,1.2998,3.20,18.40
2008.11.26 09:47:29.425,1.2997,1.29975,6.70,2.40
2008.11.26 09:47:29.665,1.2997,1.29975,8.80,2.40
2008.11.26 09:47:31.705,1.2997,1.29975,16.80,2.40
2008.11.26 09:47:31.994,1.2997,1.29975,17.00,2.40
2008.11.26 09:47:32.325,1.2997,1.29975,8.80,2.40
2008.11.26 09:47:34.114,1.29975,1.2998,3.20,18.40
2008.11.26 09:47:35.743,1.29975,1.2998,3.20,12.20
2008.11.26 09:47:36.073,1.2997,1.29975,8.80,2.40
2008.11.26 09:47:36.723,1.29965,1.2997,10.30,8.00
2008.11.26 09:47:36.903,1.29965,1.2997,8.90,10.40
2008.11.26 09:47:37.373,1.29965,1.2997,5.60,20.80
2008.11.26 09:47:37.583,1.2997,1.29975,8.80,2.40
2008.11.26 09:47:38.393,1.29965,1.2997,16.90,2.40
2008.11.26 09:47:38.723,1.29965,1.2997,11.20,10.40
2008.11.26 09:47:38.893,1.2997,1.29975,7.80,9.00
2008.11.26 09:47:39.353,1.2997,1.29975,8.80,2.40
2008.11.26 09:47:53.209,1.2997,1.29975,16.80,2.40
2008.11.26 09:47:53.899,1.2997,1.29975,16.80,7.20
2008.11.26 09:47:54.119,1.2997,1.29975,16.80,2.40
2008.11.26 09:47:54.409,1.29965,1.2997,12.80,2.40
2008.11.26 09:47:54.699,1.29965,1.2997,11.20,10.40
2008.11.26 09:47:55.508,1.29965,1.2997,3.20,16.60
2008.11.26 09:47:55.789,1.29965,1.2997,11.20,19.80
2008.11.26 09:47:56.018,1.29965,1.2997,11.20,10.40
2008.11.26 09:48:01.707,1.29975,1.2998,3.20,10.40
2008.11.26 09:48:01.947,1.29975,1.2998,3.20,11.60
2008.11.26 09:48:02.127,1.29975,1.2998,3.20,10.40
2008.11.26 09:48:02.417,1.29975,1.2998,3.20,18.40
2008.11.26 09:48:02.767,1.29975,1.2998,3.20,19.60
2008.11.26 09:48:03.057,1.2997,1.29975,19.20,8.00
2008.11.26 09:48:03.337,1.29975,1.2998,3.20,12.20
2008.11.26 09:48:03.796,1.2996,1.2997,31.80,2.40
2008.11.26 09:48:04.136,1.29965,1.2997,3.20,18.40
2008.11.26 09:48:04.536,1.2997,1.29975,3.20,21.90
2008.11.26 09:48:04.816,1.2997,1.29975,2.60,16.50
2008.11.26 09:48:05.066,1.29975,1.2998,3.20,17.80
2008.11.26 09:48:05.696,1.2997,1.29975,16.80,2.40
2008.11.26 09:48:07.036,1.2997,1.29975,8.80,2.40
2008.11.26 09:48:09.685,1.29965,1.2997,17.80,2.40
2008.11.26 09:48:09.985,1.29965,1.2997,11.20,10.40
2008.11.26 09:48:10.205,1.2997,1.29975,10.60,12.80
2008.11.26 09:48:10.435,1.29975,1.2998,3.20,26.40
2008.11.26 09:48:11.005,1.29975,1.2998,3.20,16.30
2008.11.26 09:48:11.295,1.2997,1.29975,8.80,2.40
2008.11.26 09:48:11.835,1.2997,1.29975,16.80,8.30
2008.11.26 09:48:12.174,1.2997,1.29975,7.80,9.80
2008.11.26 09:48:12.614,1.29965,1.2997,3.20,18.40
2008.11.26 09:48:12.914,1.29965,1.2997,5.80,16.00
2008.11.26 09:48:13.264,1.2997,1.29975,3.20,17.20
2008.11.26 09:48:13.764,1.2997,1.29975,3.20,22.00
2008.11.26 09:48:14.044,1.29965,1.2997,3.20,20.60
2008.11.26 09:48:14.394,1.2996,1.29965,8.00,21.00
2008.11.26 09:48:14.684,1.2996,1.29965,7.80,19.10
2008.11.26 09:48:15.154,1.29955,1.2996,3.20,17.80
2008.11.26 09:48:15.444,1.2995,1.29955,3.20,27.00
2008.11.26 09:48:15.854,1.29945,1.2995,3.20,19.80
2008.11.26 09:48:16.144,1.29945,1.2995,3.20,27.80
2008.11.26 09:48:16.663,1.29945,1.2995,3.20,19.10
2008.11.26 09:48:17.183,1.29935,1.2994,3.20,13.20
2008.11.26 09:48:17.564,1.29945,1.2995,3.20,24.70
2008.11.26 09:48:18.153,1.2995,1.29955,10.60,7.80
2008.11.26 09:48:18.453,1.29955,1.2996,3.20,14.20
2008.11.26 09:48:21.432,1.29955,1.2996,3.20,18.30
2008.11.26 09:48:21.662,1.29955,1.2996,3.20,17.90
2008.11.26 09:48:22.822,1.29955,1.2996,3.20,19.50
2008.11.26 09:48:23.182,1.2994,1.29945,17.40,2.40
2008.11.26 09:48:23.462,1.2994,1.29945,15.80,2.40
2008.11.26 09:48:23.912,1.29935,1.2994,3.20,10.40
2008.11.26 09:48:24.311,1.2993,1.2994,13.20,18.40
2008.11.26 09:48:24.652,1.2993,1.2994,11.40,21.60
2008.11.26 09:48:25.181,1.2993,1.2994,17.00,19.20
2008.11.26 09:48:25.541,1.29935,1.2994,2.00,8.00
2008.11.26 09:48:26.062,1.2994,1.29945,8.80,8.00
2008.11.26 09:48:26.531,1.29935,1.2994,21.20,8.00
2008.11.26 09:48:26.871,1.2994,1.2995,10.40,17.20
2008.11.26 09:48:27.461,1.2994,1.29945,9.00,8.00
2008.11.26 09:48:27.861,1.29935,1.2994,9.60,8.00
2008.11.26 09:48:28.211,1.2994,1.29945,7.80,18.40
2008.11.26 09:48:28.330,1.2993,1.2994,9.80,16.00
2008.11.26 09:48:30.220,1.29935,1.2994,2.00,8.00
2008.11.26 09:48:30.450,1.29935,1.2994,10.00,8.00
2008.11.26 09:48:30.680,1.2994,1.29945,7.80,8.00
2008.11.26 09:48:40.398,1.29945,1.2995,1.00,16.70
2008.11.26 09:48:40.637,1.29945,1.2995,1.60,14.20
2008.11.26 09:48:40.978,1.2995,1.29955,1.40,16.80
2008.11.26 09:48:41.148,1.2995,1.29955,9.80,8.00
2008.11.26 09:48:41.377,1.2995,1.2996,17.80,16.00
2008.11.26 09:48:44.877,1.2995,1.2996,15.80,19.20
2008.11.26 09:48:45.486,1.2995,1.2996,15.80,25.40
2008.11.26 09:48:46.006,1.2995,1.2996,7.80,25.40
2008.11.26 09:48:46.226,1.2995,1.29955,7.80,8.00
2008.11.26 09:48:49.206,1.2995,1.29955,9.40,8.00
2008.11.26 09:48:49.375,1.2995,1.29955,9.80,8.00
2008.11.26 09:48:49.496,1.2995,1.2996,11.40,16.00
2008.11.26 09:48:49.906,1.29945,1.2995,8.40,8.00
2008.11.26 09:48:50.265,1.2995,1.29955,1.40,18.00
2008.11.26 09:48:50.676,1.2995,1.29955,7.80,12.70
2008.11.26 09:48:51.015,1.2994,1.2995,12.00,16.00
2008.11.26 09:48:51.695,1.2994,1.29945,8.80,8.00
2008.11.26 09:48:52.145,1.2994,1.29945,7.80,8.00
2008.11.26 09:48:53.324,1.2994,1.29945,7.80,11.20
2008.11.26 09:48:53.565,1.29935,1.2994,7.90,8.00
2008.11.26 09:48:54.154,1.29935,1.2994,2.00,16.00
2008.11.26 09:48:57.524,1.29935,1.2994,2.00,8.00
2008.11.26 09:48:59.993,1.29935,1.2994,1.60,11.20
2008.11.26 09:49:00.233,1.2993,1.2994,16.80,17.40
2008.11.26 09:49:00.513,1.2993,1.2994,15.80,19.00
2008.11.26 09:49:00.803,1.29925,1.2993,12.20,4.80
2008.11.26 09:49:01.093,1.2992,1.2993,17.40,16.00
2008.11.26 09:49:01.382,1.2992,1.2993,9.40,16.00
2008.11.26 09:49:02.202,1.2992,1.2993,20.00,8.00
2008.11.26 09:49:02.562,1.2992,1.2993,12.00,16.00
2008.11.26 09:49:02.972,1.2992,1.2993,20.00,8.00
2008.11.26 09:49:03.722,1.29925,1.2993,1.60,8.00
2008.11.26 09:49:03.902,1.2993,1.29935,7.80,4.40
2008.11.26 09:49:04.142,1.2993,1.29935,7.80,9.40
2008.11.26 09:49:04.542,1.2992,1.2993,20.00,8.00
2008.11.26 09:49:05.182,1.2992,1.2993,10.60,20.80
2008.11.26 09:49:05.352,1.2992,1.2993,8.80,25.40
2008.11.26 09:49:05.702,1.2992,1.2993,7.80,25.40
2008.11.26 09:49:05.932,1.2992,1.2993,9.40,16.00
2008.11.26 09:49:06.291,1.2992,1.2993,20.00,8.00
2008.11.26 09:49:08.161,1.2992,1.2993,7.80,25.40
2008.11.26 09:49:08.391,1.2992,1.2993,8.00,19.20
2008.11.26 09:49:08.831,1.2992,1.29925,11.40,8.00
2008.11.26 09:49:09.121,1.29925,1.2993,3.20,12.00
2008.11.26 09:49:09.401,1.29925,1.2993,3.20,8.00
2008.11.26 09:49:10.711,1.29925,1.2993,3.20,16.00
2008.11.26 09:49:10.950,1.2992,1.2993,9.00,16.00
2008.11.26 09:49:11.490,1.29925,1.2993,3.20,16.00
2008.11.26 09:49:16.249,1.29925,1.2993,4.80,16.00
2008.11.26 09:49:16.779,1.2993,1.29935,1.80,12.80
2008.11.26 09:49:17.179,1.29935,1.2994,3.20,33.40
2008.11.26 09:49:17.479,1.29935,1.2994,3.20,25.40
2008.11.26 09:49:19.928,1.2994,1.29945,1.60,28.20
2008.11.26 09:49:19.988,1.2994,1.29945,1.60,26.80
2008.11.26 09:49:20.098,1.2994,1.29945,1.60,16.80
2008.11.26 09:49:20.278,1.2994,1.29945,1.60,8.80
2008.11.26 09:49:20.388,1.2994,1.29945,7.80,9.80
2008.11.26 09:49:20.678,1.2994,1.29945,8.80,17.40
2008.11.26 09:49:20.958,1.2994,1.29945,3.20,16.70
2008.11.26 09:49:21.068,1.2994,1.29945,8.80,17.40
2008.11.26 09:49:21.598,1.2994,1.29945,9.40,12.80
2008.11.26 09:49:21.988,1.29935,1.2994,3.20,19.20
2008.11.26 09:49:24.217,1.29935,1.2994,3.20,20.40
2008.11.26 09:49:24.397,1.29935,1.2994,3.20,25.40
2008.11.26 09:49:24.627,1.29925,1.2993,10.50,9.40
2008.11.26 09:49:24.797,1.29925,1.2993,3.20,25.40
2008.11.26 09:49:25.417,1.29925,1.2993,3.20,17.20
2008.11.26 09:49:25.777,1.29925,1.2993,3.20,16.00
2008.11.26 09:49:27.437,1.29925,1.2993,6.40,8.00
2008.11.26 09:49:27.836,1.2993,1.29935,5.00,12.00
2008.11.26 09:49:28.186,1.29935,1.2994,3.20,20.40
2008.11.26 09:49:28.526,1.29935,1.2994,3.20,19.20
2008.11.26 09:49:29.226,1.29935,1.2994,3.20,18.70
2008.11.26 09:49:29.516,1.2993,1.29935,3.20,12.00
2008.11.26 09:49:30.066,1.2993,1.29935,4.80,12.80
2008.11.26 09:49:30.176,1.2993,1.2994,10.40,27.00
2008.11.26 09:49:30.575,1.29935,1.2994,3.20,19.20
2008.11.26 09:49:32.025,1.29935,1.2994,3.20,24.00
2008.11.26 09:49:32.255,1.2993,1.2994,8.80,25.40
2008.11.26 09:49:32.545,1.2993,1.2994,8.80,25.40
2008.11.26 09:49:32.825,1.2993,1.29935,8.80,8.00
2008.11.26 09:49:33.635,1.2993,1.29935,8.80,16.00
2008.11.26 09:49:34.055,1.29925,1.2993,3.20,17.20
2008.11.26 09:49:34.335,1.29925,1.2993,3.20,12.60
2008.11.26 09:49:34.515,1.29925,1.2993,3.20,16.00
2008.11.26 09:49:35.034,1.29925,1.2993,3.20,17.20
2008.11.26 09:49:35.624,1.29925,1.2993,3.20,16.00
2008.11.26 09:49:35.924,1.29925,1.2993,3.40,16.00
2008.11.26 09:49:36.164,1.29925,1.2993,5.40,8.00
2008.11.26 09:49:36.454,1.2993,1.29935,3.20,17.40
2008.11.26 09:49:36.844,1.29925,1.2993,3.20,10.80
2008.11.26 09:49:37.364,1.2991,1.2992,12.40,16.00
2008.11.26 09:49:37.654,1.2991,1.2992,9.00,22.20
2008.11.26 09:49:37.894,1.2991,1.2992,7.80,25.40
2008.11.26 09:49:38.124,1.2991,1.29915,7.80,8.00
2008.11.26 09:49:38.524,1.29905,1.2991,8.40,8.00
2008.11.26 09:49:38.824,1.299,1.29905,11.80,7.20
2008.11.26 09:49:39.224,1.29895,1.299,2.40,25.40
2008.11.26 09:49:39.633,1.29885,1.2989,3.20,12.20
2008.11.26 09:49:40.064,1.2988,1.2989,7.80,16.50
2008.11.26 09:49:40.363,1.2987,1.29875,7.80,11.20
2008.11.26 09:49:40.653,1.2986,1.2987,8.40,11.20
2008.11.26 09:49:40.823,1.29865,1.2987,1.60,16.00
2008.11.26 09:49:41.653,1.2987,1.2988,8.80,33.40
2008.11.26 09:49:42.063,1.2987,1.29875,7.80,17.40
2008.11.26 09:49:42.752,1.29855,1.2987,20.20,16.00
2008.11.26 09:49:43.443,1.2986,1.2987,18.40,19.20
2008.11.26 09:49:43.893,1.2986,1.2987,16.00,25.40
2008.11.26 09:49:44.242,1.2986,1.29865,7.80,3.20
2008.11.26 09:49:44.572,1.2986,1.29865,7.80,11.20
2008.11.26 09:49:45.392,1.2986,1.29865,7.80,8.00
2008.11.26 09:49:45.722,1.2986,1.2987,7.80,25.40
2008.11.26 09:49:46.012,1.2986,1.2987,7.80,25.40
2008.11.26 09:49:46.182,1.2986,1.29865,7.80,8.00
2008.11.26 09:49:46.582,1.29865,1.2987,3.60,12.00
2008.11.26 09:49:46.862,1.29865,1.2987,11.60,8.00
2008.11.26 09:49:47.311,1.2986,1.29865,11.00,8.00
2008.11.26 09:49:47.711,1.29865,1.2987,8.20,16.00
2008.11.26 09:49:48.002,1.29875,1.2988,8.00,17.40
2008.11.26 09:49:48.411,1.2988,1.29885,7.80,8.30
2008.11.26 09:49:48.911,1.2988,1.29885,16.00,1.00
2008.11.26 09:49:49.211,1.2988,1.2989,17.00,19.20
2008.11.26 09:49:49.601,1.2988,1.2989,18.40,16.00
2008.11.26 09:49:49.821,1.29885,1.2989,8.00,8.00
2008.11.26 09:49:50.381,1.29875,1.2989,29.80,8.00
2008.11.26 09:49:50.771,1.2988,1.2989,17.00,8.00
2008.11.26 09:49:51.461,1.29885,1.2989,1.60,16.00
2008.11.26 09:49:51.920,1.29885,1.2989,1.60,12.80
2008.11.26 09:49:52.081,1.29885,1.2989,1.60,8.00
2008.11.26 09:49:52.430,1.29885,1.2989,1.60,16.00
2008.11.26 09:49:53.210,1.29875,1.2989,30.00,8.00
2008.11.26 09:49:53.500,1.29885,1.2989,3.20,8.00
2008.11.26 09:49:54.540,1.29885,1.2989,3.20,11.20
2008.11.26 09:49:54.830,1.2988,1.2989,9.00,19.20
2008.11.26 09:49:56.640,1.29885,1.2989,9.40,11.20
2008.11.26 09:49:56.819,1.29885,1.2989,18.00,8.00
2008.11.26 09:49:57.169,1.2989,1.299,8.80,25.40
2008.11.26 09:49:57.449,1.2989,1.299,10.40,17.20
2008.11.26 09:49:57.689,1.2989,1.299,10.80,16.00
2008.11.26 09:49:59.998,1.29905,1.2991,8.00,24.00
2008.11.26 09:50:00.388,1.29905,1.2991,10.00,16.20
2008.11.26 09:50:00.848,1.2991,1.29915,3.20,14.20
2008.11.26 09:50:01.138,1.2991,1.2992,1.00,14.50
2008.11.26 09:50:01.428,1.2991,1.2992,9.00,16.00
2008.11.26 09:50:01.888,1.2991,1.2992,9.00,16.00
2008.11.26 09:50:02.338,1.2991,1.2992,8.80,25.40
2008.11.26 09:50:02.818,1.2991,1.29915,8.00,1.60
2008.11.26 09:50:03.158,1.2991,1.2992,8.80,24.00
2008.11.26 09:50:03.568,1.2991,1.29915,7.80,11.20
2008.11.26 09:50:03.848,1.29905,1.2991,12.20,3.20
2008.11.26 09:50:05.177,1.2991,1.29915,7.80,17.40
2008.11.26 09:50:05.357,1.29905,1.2991,12.20,11.80
2008.11.26 09:50:05.757,1.299,1.2991,8.00,22.80
2008.11.26 09:50:06.057,1.299,1.29905,8.00,8.00
2008.11.26 09:50:06.167,1.299,1.29905,8.80,8.00
2008.11.26 09:50:09.966,1.299,1.2991,8.80,25.40
2008.11.26 09:50:11.366,1.2991,1.2992,13.60,17.40
2008.11.26 09:50:11.666,1.29915,1.2992,8.00,17.40
2008.11.26 09:50:12.055,1.2991,1.2992,9.00,19.20
2008.11.26 09:50:12.475,1.2991,1.2992,7.80,27.80
2008.11.26 09:50:12.806,1.2991,1.29915,7.80,8.00
2008.11.26 09:50:13.045,1.2991,1.29915,7.80,11.20
2008.11.26 09:50:13.406,1.29905,1.2991,11.40,8.00
2008.11.26 09:50:13.635,1.2991,1.2992,3.40,13.60
2008.11.26 09:50:13.965,1.2991,1.2992,9.00,19.20
2008.11.26 09:50:14.195,1.2991,1.2992,8.80,20.40
2008.11.26 09:50:14.315,1.2991,1.2992,8.80,25.40
2008.11.26 09:50:14.555,1.2991,1.29915,8.80,8.00
2008.11.26 09:50:14.725,1.2991,1.29915,7.80,19.80
2008.11.26 09:50:15.025,1.299,1.2991,9.10,11.60
2008.11.26 09:50:15.245,1.299,1.29905,7.80,8.00
2008.11.26 09:50:15.874,1.299,1.29905,16.80,8.00
2008.11.26 09:50:16.054,1.29905,1.2991,3.20,16.70
2008.11.26 09:50:16.844,1.299,1.29905,6.10,13.60
2008.11.26 09:50:17.135,1.299,1.29905,7.80,10.40
2008.11.26 09:50:17.884,1.299,1.29905,15.80,10.40
2008.11.26 09:50:19.074,1.299,1.29905,7.80,10.40
2008.11.26 09:50:19.784,1.299,1.29905,15.80,8.00
2008.11.26 09:50:20.024,1.299,1.29905,16.80,8.00
2008.11.26 09:50:20.424,1.299,1.2991,16.80,25.40
2008.11.26 09:50:22.373,1.299,1.2991,8.80,25.40
2008.11.26 09:50:22.543,1.299,1.29905,7.80,10.40
2008.11.26 09:50:22.823,1.299,1.29905,15.80,10.40
2008.11.26 09:50:23.003,1.299,1.29905,15.80,2.40
2008.11.26 09:50:23.363,1.299,1.2991,8.80,27.80
2008.11.26 09:50:23.473,1.299,1.2991,10.80,16.00
2008.11.26 09:50:23.763,1.299,1.2991,26.80,16.00
2008.11.26 09:50:23.923,1.29905,1.2991,3.20,25.40
2008.11.26 09:50:26.922,1.29905,1.2991,5.60,25.40
2008.11.26 09:50:27.322,1.2991,1.2992,16.20,19.80
2008.11.26 09:50:27.672,1.2991,1.29915,7.80,13.50
2008.11.26 09:50:28.092,1.299,1.29905,8.80,3.20
2008.11.26 09:50:28.492,1.299,1.2991,17.00,25.40
2008.11.26 09:50:28.892,1.29905,1.2991,3.20,25.40
2008.11.26 09:50:29.121,1.29905,1.2991,11.40,16.00
2008.11.26 09:50:29.402,1.29905,1.2991,3.20,17.40
2008.11.26 09:50:29.811,1.299,1.2991,8.80,27.80
2008.11.26 09:50:30.172,1.299,1.2991,7.80,7.50
2008.11.26 09:50:30.521,1.2989,1.299,8.80,11.80
2008.11.26 09:50:30.742,1.2989,1.299,7.80,11.80
2008.11.26 09:50:30.971,1.2989,1.299,7.80,9.40
2008.11.26 09:50:31.151,1.2989,1.299,8.80,17.40
2008.11.26 09:50:31.811,1.29875,1.2988,18.00,8.00
2008.11.26 09:50:32.161,1.2988,1.29885,7.80,16.70
2008.11.26 09:50:32.680,1.29875,1.2988,3.20,16.00
2008.11.26 09:50:35.520,1.29875,1.2988,3.20,24.00
2008.11.26 09:50:35.640,1.29875,1.2988,1.00,20.80
2008.11.26 09:50:35.750,1.29875,1.2988,8.20,20.80
2008.11.26 09:50:35.920,1.29875,1.2988,8.60,20.80
2008.11.26 09:50:36.090,1.2988,1.2989,3.20,26.10
2008.11.26 09:50:36.260,1.2988,1.29885,3.20,12.00
2008.11.26 09:50:36.440,1.29875,1.2988,3.20,8.00
2008.11.26 09:50:38.509,1.29875,1.2988,11.20,8.00
2008.11.26 09:50:39.389,1.29875,1.2988,12.60,8.00
2008.11.26 09:50:39.749,1.29875,1.2988,21.20,8.00
2008.11.26 09:50:40.149,1.2988,1.29885,3.20,12.00
2008.11.26 09:50:41.059,1.2988,1.2989,8.00,12.70
2008.11.26 09:50:41.349,1.2988,1.2989,8.20,12.70
2008.11.26 09:50:41.708,1.2988,1.29885,8.80,11.80
2008.11.26 09:50:42.178,1.2988,1.29885,7.80,11.80
2008.11.26 09:50:42.798,1.2987,1.2988,16.80,16.00
2008.11.26 09:50:43.078,1.29875,1.2988,3.20,16.00
2008.11.26 09:50:43.998,1.29875,1.2988,3.20,17.40
2008.11.26 09:50:44.278,1.2987,1.2988,8.80,27.80
2008.11.26 09:50:45.447,1.2987,1.29875,8.80,23.80
2008.11.26 09:50:45.727,1.29875,1.2988,8.00,17.00
2008.11.26 09:50:46.048,1.2987,1.29875,18.10,9.40
2008.11.26 09:50:46.387,1.2987,1.29875,14.00,11.80
2008.11.26 09:50:47.417,1.29875,1.2988,3.20,19.80
2008.11.26 09:50:47.717,1.2987,1.29875,8.80,17.40
2008.11.26 09:50:48.357,1.29875,1.2988,3.00,17.40
2008.11.26 09:50:48.597,1.29875,1.2988,3.00,17.80
2008.11.26 09:50:49.077,1.2987,1.29875,8.60,9.40
2008.11.26 09:50:49.306,1.2987,1.29875,8.60,17.40
2008.11.26 09:50:50.006,1.2988,1.29885,8.00,19.80
2008.11.26 09:50:50.296,1.2988,1.29885,15.80,5.00
2008.11.26 09:50:50.866,1.2988,1.29885,7.80,14.60
2008.11.26 09:50:51.277,1.2988,1.29885,3.00,16.70
2008.11.26 09:50:51.556,1.2987,1.2988,10.00,25.40
2008.11.26 09:50:51.777,1.29875,1.2988,3.00,17.40
2008.11.26 09:50:52.056,1.29875,1.2988,3.00,25.40
2008.11.26 09:50:52.976,1.29875,1.2988,3.00,17.40
2008.11.26 09:50:54.335,1.29875,1.2988,3.00,12.40
2008.11.26 09:50:54.565,1.29875,1.2988,19.20,8.00
2008.11.26 09:50:54.735,1.2988,1.29885,8.60,17.40
2008.11.26 09:50:55.085,1.2988,1.29885,8.60,9.40
2008.11.26 09:50:55.425,1.2988,1.29885,16.60,9.40
2008.11.26 09:50:55.815,1.2988,1.29885,8.60,6.20
2008.11.26 09:50:56.445,1.29885,1.2989,3.00,25.40
2008.11.26 09:50:58.034,1.29885,1.2989,3.20,19.00
2008.11.26 09:50:58.376,1.2988,1.29885,7.80,13.80
2008.11.26 09:50:58.894,1.2988,1.2989,16.00,27.00
2008.11.26 09:50:59.234,1.29885,1.2989,3.20,25.40
2008.11.26 09:51:00.974,1.2988,1.2989,6.10,17.40
2008.11.26 09:51:01.304,1.2987,1.29875,16.00,11.80
2008.11.26 09:51:01.604,1.29875,1.2988,3.20,25.40
2008.11.26 09:51:03.483,1.2988,1.29885,16.60,8.00
2008.11.26 09:51:03.773,1.29885,1.2989,3.20,25.40
2008.11.26 09:51:05.543,1.29885,1.2989,2.80,25.40
2008.11.26 09:51:05.603,1.29885,1.2989,2.80,25.40
2008.11.26 09:51:07.722,1.29885,1.2989,2.80,16.70
2008.11.26 09:51:08.302,1.2988,1.29885,8.60,17.40
2008.11.26 09:51:10.781,1.2988,1.29885,9.00,16.00
2008.11.26 09:51:10.841,1.29885,1.2989,2.80,16.70
2008.11.26 09:51:11.121,1.29885,1.2989,2.80,25.40
2008.11.26 09:51:15.750,1.29885,1.2989,3.20,25.40
2008.11.26 09:51:17.800,1.29885,1.2989,3.20,25.20
2008.11.26 09:51:26.048,1.29887,1.29892,3.20,18.00
2008.11.26 09:51:26.378,1.29889,1.29894,3.20,20.50
2008.11.26 09:51:27.227,1.29892,1.29896,3.20,25.20
2008.11.26 09:51:28.157,1.29894,1.29899,3.20,17.20
2008.11.26 09:51:28.687,1.29894,1.29904,11.40,16.50
2008.11.26 09:51:29.037,1.29899,1.29904,3.20,25.20
2008.11.26 09:51:30.327,1.29902,1.29907,5.90,9.40
2008.11.26 09:51:30.657,1.29905,1.29909,3.20,25.20
2008.11.26 09:51:30.937,1.2992,1.29925,10.10,3.20
2008.11.26 09:51:31.226,1.2992,1.29925,8.60,9.40
2008.11.26 09:51:31.567,1.2992,1.29925,8.60,17.40
2008.11.26 09:51:32.926,1.2992,1.29925,3.20,20.50
2008.11.26 09:51:33.276,1.2991,1.29915,10.10,8.00
2008.11.26 09:51:33.666,1.2991,1.29915,7.80,9.40
2008.11.26 09:51:34.006,1.2991,1.29915,8.60,17.40
2008.11.26 09:51:35.176,1.2991,1.29915,3.00,16.50
2008.11.26 09:51:35.756,1.2991,1.29915,3.00,19.30
2008.11.26 09:51:36.355,1.29905,1.2991,3.00,19.60
2008.11.26 09:51:36.535,1.299,1.29905,8.60,3.20
2008.11.26 09:51:36.765,1.299,1.29905,9.00,3.20
2008.11.26 09:51:36.945,1.29905,1.2991,3.00,16.60
2008.11.26 09:51:37.275,1.29905,1.2991,3.00,25.20
2008.11.26 09:51:37.505,1.29905,1.2991,11.00,17.20
2008.11.26 09:51:38.005,1.29905,1.2991,3.00,17.20
2008.11.26 09:51:38.335,1.29905,1.2991,3.00,25.20
2008.11.26 09:51:38.924,1.29905,1.2991,3.00,11.00
2008.11.26 09:51:39.025,1.29905,1.2991,3.20,7.80
2008.11.26 09:51:39.254,1.29905,1.2991,11.20,7.80
2008.11.26 09:51:39.365,1.2991,1.29915,3.00,16.50
2008.11.26 09:51:40.614,1.2991,1.29915,3.00,14.20
2008.11.26 09:51:40.954,1.299,1.2991,14.00,9.60
2008.11.26 09:51:41.304,1.299,1.29905,16.60,3.20
2008.11.26 09:51:41.475,1.299,1.29905,15.80,10.40
2008.11.26 09:51:41.694,1.299,1.29905,7.80,18.40
2008.11.26 09:51:42.394,1.299,1.29905,7.80,11.50
2008.11.26 09:51:48.252,1.29895,1.299,12.70,13.60
2008.11.26 09:51:48.422,1.2989,1.299,10.60,18.20
2008.11.26 09:51:48.662,1.2989,1.29895,18.60,8.00
2008.11.26 09:51:48.942,1.299,1.29905,8.00,13.40
2008.11.26 09:51:49.122,1.299,1.29905,3.20,16.50
2008.11.26 09:51:49.532,1.299,1.29905,3.20,19.30
2008.11.26 09:51:49.892,1.29895,1.299,3.20,11.00
2008.11.26 09:51:50.132,1.29895,1.299,11.20,7.80
2008.11.26 09:51:50.432,1.29895,1.299,3.20,7.80
2008.11.26 09:51:52.252,1.29895,1.299,13.20,7.80
2008.11.26 09:51:52.532,1.299,1.29905,3.20,11.80
2008.11.26 09:51:52.821,1.299,1.29905,11.40,11.80
2008.11.26 09:51:53.211,1.29905,1.2991,3.20,25.20
2008.11.26 09:51:53.391,1.29905,1.2991,3.20,27.60
2008.11.26 09:51:53.691,1.299,1.2991,8.60,27.60
2008.11.26 09:51:54.751,1.299,1.29905,8.60,3.20
2008.11.26 09:51:55.560,1.299,1.29905,8.60,10.40
2008.11.26 09:51:55.851,1.299,1.29905,7.80,18.40
2008.11.26 09:51:58.160,1.299,1.29905,7.80,10.40
2008.11.26 09:51:59.860,1.299,1.29905,7.80,13.20
2008.11.26 09:52:00.449,1.299,1.2991,3.20,25.90
2008.11.26 09:52:00.559,1.299,1.29905,3.20,15.80
2008.11.26 09:52:00.909,1.299,1.29905,8.60,8.00
2008.11.26 09:52:01.319,1.29895,1.299,12.70,3.20
2008.11.26 09:52:01.829,1.29895,1.299,3.20,19.00
2008.11.26 09:52:02.179,1.29895,1.299,3.20,25.20
2008.11.26 09:52:02.779,1.29895,1.299,3.20,19.00
2008.11.26 09:52:14.156,1.299,1.29905,8.00,11.00
2008.11.26 09:52:14.506,1.299,1.29905,15.80,3.60
2008.11.26 09:52:14.736,1.2991,1.29915,3.20,18.10
2008.11.26 09:52:14.846,1.2991,1.29915,3.20,17.70
2008.11.26 09:52:17.236,1.29905,1.2991,4.50,19.00
2008.11.26 09:52:17.755,1.29905,1.2991,3.20,21.40
2008.11.26 09:52:22.854,1.29905,1.2991,11.40,21.40
2008.11.26 09:52:23.254,1.2991,1.29915,3.20,21.70
2008.11.26 09:52:23.654,1.29905,1.2991,16.20,8.40
2008.11.26 09:52:24.004,1.299,1.29905,8.00,9.60
2008.11.26 09:52:24.234,1.2989,1.299,25.20,11.00
2008.11.26 09:52:24.694,1.29895,1.299,11.80,2.80
2008.11.26 09:52:25.024,1.299,1.29905,7.80,18.40
2008.11.26 09:52:25.493,1.29895,1.299,8.50,15.60
2008.11.26 09:52:25.893,1.29875,1.29885,21.00,8.00
2008.11.26 09:52:26.113,1.2988,1.2989,3.20,18.20
2008.11.26 09:52:27.653,1.29885,1.2989,3.20,10.20
2008.11.26 09:52:27.993,1.29895,1.299,3.20,20.50
2008.11.26 09:52:28.613,1.2989,1.29895,3.20,11.80
2008.11.26 09:52:28.852,1.2989,1.29895,3.40,11.80
2008.11.26 09:52:29.532,1.2989,1.29895,3.20,11.80
2008.11.26 09:52:31.842,1.2988,1.29885,10.90,1.20
2008.11.26 09:52:32.192,1.29885,1.29895,3.20,21.90
2008.11.26 09:52:37.571,1.2989,1.29895,3.20,17.60
2008.11.26 09:52:39.980,1.29885,1.29895,3.20,21.90
2008.11.26 09:52:43.369,1.29885,1.29895,3.40,20.40
2008.11.26 09:52:43.549,1.29885,1.29895,14.20,19.80
2008.11.26 09:52:43.839,1.29885,1.2989,15.60,8.00
2008.11.26 09:52:44.049,1.2989,1.29895,3.20,13.00
2008.11.26 09:52:45.308,1.29885,1.2989,3.20,7.80
2008.11.26 09:52:46.288,1.29885,1.2989,11.20,7.80
2008.11.26 09:52:46.768,1.29885,1.2989,15.60,7.80
2008.11.26 09:52:47.119,1.2989,1.29895,3.20,13.00
2008.11.26 09:52:50.947,1.2989,1.29895,11.20,11.80
2008.11.26 09:52:51.287,1.2989,1.29895,11.40,11.80
2008.11.26 09:52:51.337,1.29895,1.299,3.20,16.50
2008.11.26 09:52:51.447,1.2989,1.29895,3.20,11.80
2008.11.26 09:52:55.646,1.299,1.29905,2.40,14.80
2008.11.26 09:52:55.886,1.29905,1.2991,3.20,18.50
2008.11.26 09:52:56.246,1.29895,1.299,10.00,9.40
2008.11.26 09:52:56.476,1.299,1.29905,7.80,11.50
2008.11.26 09:52:56.586,1.299,1.29905,8.60,10.60
2008.11.26 09:52:56.876,1.299,1.29905,7.80,14.60
2008.11.26 09:52:58.356,1.2989,1.29895,12.20,9.40
2008.11.26 09:52:58.475,1.2989,1.29895,16.60,9.40
2008.11.26 09:52:59.165,1.29895,1.299,1.40,8.30
2008.11.26 09:52:59.505,1.29895,1.299,1.40,7.10
2008.11.26 09:52:59.675,1.29905,1.2991,3.20,19.00
2008.11.26 09:52:59.895,1.299,1.29905,5.90,21.40
2008.11.26 09:53:00.295,1.299,1.29905,3.20,22.40
2008.11.26 09:53:00.595,1.299,1.29905,3.20,17.70
2008.11.26 09:53:06.044,1.29897,1.29903,8.60,4.00
2008.11.26 09:53:06.444,1.29895,1.299,2.60,8.80
2008.11.26 09:53:06.813,1.2989,1.29895,19.20,10.40
2008.11.26 09:53:07.164,1.29895,1.299,3.20,21.50
2008.11.26 09:53:07.623,1.29893,1.29897,9.40,2.40
2008.11.26 09:53:07.983,1.29875,1.2988,3.20,17.30
2008.11.26 09:53:08.393,1.2986,1.29865,16.60,5.60
2008.11.26 09:53:08.573,1.2986,1.29865,8.60,13.60
2008.11.26 09:53:09.283,1.2986,1.29865,8.60,10.40
2008.11.26 09:53:09.643,1.2986,1.29865,8.60,15.20
2008.11.26 09:53:10.043,1.29865,1.2987,1.00,31.90
2008.11.26 09:53:10.372,1.2987,1.29875,3.20,17.60
2008.11.26 09:53:12.342,1.2985,1.2986,17.20,10.40
2008.11.26 09:53:12.812,1.2986,1.29865,8.60,4.00
2008.11.26 09:53:13.272,1.2986,1.29865,8.60,15.40
2008.11.26 09:53:13.622,1.2985,1.29855,10.40,10.40
2008.11.26 09:53:14.012,1.2985,1.29855,18.00,8.20
2008.11.26 09:53:14.301,1.2984,1.29845,8.60,11.80
2008.11.26 09:53:14.802,1.29835,1.29845,19.60,15.20
2008.11.26 09:53:15.161,1.29835,1.29845,19.60,20.00
2008.11.26 09:53:15.511,1.29835,1.2984,5.80,7.80
2008.11.26 09:53:15.851,1.29835,1.2984,3.20,25.40
2008.11.26 09:53:16.351,1.2983,1.29835,29.00,1.60
2008.11.26 09:53:16.681,1.2983,1.29835,17.00,4.00
2008.11.26 09:53:16.911,1.29825,1.29835,22.60,4.00
2008.11.26 09:53:17.241,1.2983,1.29835,11.00,1.60
2008.11.26 09:53:17.731,1.29825,1.29835,14.60,12.00
2008.11.26 09:53:18.261,1.2982,1.29825,28.80,1.60
2008.11.26 09:53:18.551,1.29825,1.2983,15.40,7.80
2008.11.26 09:53:19.120,1.29835,1.2984,3.20,22.20
2008.11.26 09:53:19.501,1.29835,1.2984,3.20,12.60
2008.11.26 09:53:19.910,1.2984,1.29845,1.40,14.60
2008.11.26 09:53:20.260,1.29845,1.2985,3.20,15.80
2008.11.26 09:53:20.610,1.29845,1.2985,3.20,23.80
2008.11.26 09:53:21.880,1.2984,1.29845,16.60,2.40
2008.11.26 09:53:22.280,1.2984,1.29845,16.60,10.40
2008.11.26 09:53:22.690,1.2984,1.29845,7.80,12.80
2008.11.26 09:53:22.960,1.2984,1.29845,4.60,13.80
2008.11.26 09:53:23.389,1.2984,1.29845,4.80,13.80
2008.11.26 09:53:23.789,1.29845,1.2985,3.20,8.70
2008.11.26 09:53:24.119,1.2984,1.29845,9.90,4.00
2008.11.26 09:53:24.409,1.2984,1.29845,8.60,4.00
2008.11.26 09:53:26.909,1.2984,1.29845,8.60,2.40
2008.11.26 09:53:28.768,1.29835,1.2984,14.20,2.40
2008.11.26 09:53:29.108,1.2984,1.29845,1.60,17.00
2008.11.26 09:53:29.348,1.2984,1.29845,12.00,8.60
2008.11.26 09:53:29.618,1.29845,1.2985,3.20,11.60
2008.11.26 09:53:29.798,1.2984,1.29845,16.60,2.40
2008.11.26 09:53:30.088,1.2985,1.2986,4.00,28.50
2008.11.26 09:53:30.408,1.29855,1.2986,3.20,19.00
2008.11.26 09:53:30.708,1.2985,1.29855,7.80,12.00
2008.11.26 09:53:31.038,1.2985,1.29855,7.80,2.40
2008.11.26 09:53:31.339,1.2985,1.29855,8.60,9.20
2008.11.26 09:53:31.627,1.2985,1.29855,3.20,21.80
2008.11.26 09:53:32.038,1.2984,1.29845,11.80,8.00
2008.11.26 09:53:32.947,1.29845,1.2985,8.00,8.40
2008.11.26 09:53:33.417,1.29835,1.29845,31.00,2.40
2008.11.26 09:53:33.697,1.2984,1.29845,14.00,8.00
2008.11.26 09:53:33.937,1.2984,1.29845,8.60,2.40
2008.11.26 09:53:34.407,1.29835,1.2984,11.40,1.00
2008.11.26 09:53:34.797,1.29845,1.29855,4.00,38.20
2008.11.26 09:53:35.197,1.29835,1.2984,3.20,18.20
2008.11.26 09:53:36.926,1.2983,1.29835,8.60,2.40
2008.11.26 09:53:37.226,1.2983,1.29835,8.60,9.60
2008.11.26 09:53:37.616,1.2983,1.29835,8.60,10.40
2008.11.26 09:53:37.956,1.29825,1.2983,3.20,18.20
2008.11.26 09:53:38.776,1.29815,1.2982,19.50,1.00
2008.11.26 09:53:39.066,1.298,1.29805,8.00,15.20
2008.11.26 09:53:39.515,1.29785,1.29795,9.60,10.40
2008.11.26 09:53:39.865,1.29785,1.2979,16.60,2.40
2008.11.26 09:53:40.135,1.2978,1.2979,19.00,27.80
2008.11.26 09:53:40.665,1.2978,1.2979,12.60,18.20
2008.11.26 09:53:40.955,1.2978,1.2979,9.40,15.80
2008.11.26 09:53:41.185,1.2978,1.29785,15.80,10.40
2008.11.26 09:53:41.535,1.2978,1.29785,15.80,14.40
2008.11.26 09:53:41.875,1.29765,1.2978,32.60,28.00
2008.11.26 09:53:42.275,1.29775,1.2978,2.40,7.80
2008.11.26 09:53:42.635,1.29775,1.2978,7.20,7.80
2008.11.26 09:53:43.155,1.29775,1.2978,3.20,7.80
2008.11.26 09:53:43.714,1.2978,1.2979,12.60,18.20
2008.11.26 09:53:44.514,1.2978,1.2979,20.60,18.20
2008.11.26 09:53:44.854,1.2978,1.2979,19.20,18.20
2008.11.26 09:53:45.314,1.29785,1.2979,5.80,15.80
2008.11.26 09:53:45.594,1.29785,1.2979,3.20,18.40
2008.11.26 09:53:45.944,1.2979,1.29795,7.80,19.60
2008.11.26 09:53:46.414,1.29785,1.2979,2.40,12.80
2008.11.26 09:53:46.684,1.29775,1.2978,5.80,7.80
2008.11.26 09:53:47.044,1.29775,1.2978,5.60,7.80
2008.11.26 09:53:47.554,1.2977,1.29775,7.80,18.40
2008.11.26 09:53:47.903,1.29765,1.2977,7.20,7.80
2008.11.26 09:53:48.633,1.29765,1.2977,1.60,13.40
2008.11.26 09:53:48.983,1.2976,1.2977,11.20,21.40
2008.11.26 09:53:50.363,1.2976,1.29765,7.80,2.40
2008.11.26 09:53:50.723,1.2976,1.29765,7.80,10.00
2008.11.26 09:53:50.943,1.2976,1.29765,7.80,20.00
2008.11.26 09:53:51.293,1.2976,1.29765,8.60,14.00
2008.11.26 09:53:51.673,1.2975,1.2976,13.40,9.60
2008.11.26 09:53:52.122,1.2975,1.29755,12.60,8.00
2008.11.26 09:53:52.592,1.2975,1.29755,7.80,18.40
2008.11.26 09:53:53.072,1.2974,1.29745,8.60,10.40
2008.11.26 09:53:53.412,1.2974,1.29745,7.80,13.20
2008.11.26 09:53:53.762,1.2973,1.29735,24.60,3.20
2008.11.26 09:53:54.162,1.29735,1.2974,1.60,22.00
2008.11.26 09:53:54.562,1.29735,1.2974,1.60,15.60
2008.11.26 09:53:54.852,1.29735,1.2974,1.20,20.30
2008.11.26 09:53:55.212,1.29735,1.2974,1.20,25.10
2008.11.26 09:53:55.332,1.29725,1.2973,10.40,10.40
2008.11.26 09:53:55.681,1.2973,1.29735,7.80,13.60
2008.11.26 09:53:55.951,1.29715,1.2972,35.80,2.40
2008.11.26 09:53:56.232,1.29715,1.2972,9.60,18.40
2008.11.26 09:53:56.691,1.2971,1.29715,7.10,2.40
2008.11.26 09:53:57.381,1.29715,1.2972,1.60,17.40
2008.11.26 09:53:57.731,1.29715,1.2972,12.80,7.80
2008.11.26 09:53:58.131,1.2972,1.29725,8.00,13.00
2008.11.26 09:53:58.531,1.2973,1.29745,16.60,20.00
2008.11.26 09:53:59.281,1.2973,1.29745,16.60,15.00
2008.11.26 09:53:59.511,1.29735,1.2974,2.20,13.40
2008.11.26 09:53:59.800,1.2974,1.2975,16.80,23.00
2008.11.26 09:54:00.451,1.2974,1.2975,16.80,15.00
2008.11.26 09:54:00.910,1.2974,1.2975,16.80,16.80
2008.11.26 09:54:01.200,1.29745,1.2975,3.20,15.80
2008.11.26 09:54:01.710,1.29745,1.2975,4.60,15.80
2008.11.26 09:54:02.180,1.29745,1.2975,12.80,7.80
2008.11.26 09:54:02.470,1.2975,1.2976,14.20,15.80
2008.11.26 09:54:02.950,1.29755,1.2976,11.20,7.80
2008.11.26 09:54:03.310,1.29765,1.2977,1.60,18.20
2008.11.26 09:54:03.830,1.29765,1.2977,12.80,7.80
2008.11.26 09:54:04.410,1.2977,1.29775,1.00,13.00
2008.11.26 09:54:04.929,1.2977,1.29775,11.20,17.00
2008.11.26 09:54:05.219,1.2977,1.29775,8.00,9.00
2008.11.26 09:54:05.569,1.2977,1.29775,15.80,2.40
2008.11.26 09:54:06.139,1.2977,1.29775,7.80,2.40
2008.11.26 09:54:06.849,1.2977,1.29775,7.80,14.40
2008.11.26 09:54:07.069,1.2977,1.29775,7.80,12.00
2008.11.26 09:54:07.249,1.2977,1.29775,1.00,17.00
2008.11.26 09:54:07.539,1.2977,1.29775,11.80,8.00
2008.11.26 09:54:07.889,1.2978,1.29785,1.00,18.50
2008.11.26 09:54:08.329,1.2978,1.29785,10.20,8.00
2008.11.26 09:54:08.618,1.2979,1.29795,1.60,15.80
2008.11.26 09:54:08.918,1.2979,1.298,4.80,16.00
2008.11.26 09:54:09.158,1.2979,1.298,7.80,28.80
2008.11.26 09:54:09.399,1.2979,1.29795,7.80,7.20
2008.11.26 09:54:09.678,1.2979,1.29795,7.80,10.40
2008.11.26 09:54:09.898,1.2979,1.29795,7.80,20.00
2008.11.26 09:54:10.228,1.2978,1.29785,15.80,10.40
2008.11.26 09:54:10.468,1.2978,1.29785,15.80,2.40
2008.11.26 09:54:11.038,1.29785,1.2979,8.00,8.40
2008.11.26 09:54:11.548,1.2978,1.29785,15.80,10.40
2008.11.26 09:54:11.778,1.2978,1.29785,15.80,2.40
2008.11.26 09:54:12.238,1.2978,1.29785,7.80,5.60
2008.11.26 09:54:12.478,1.2978,1.29785,7.80,12.00
2008.11.26 09:54:13.167,1.2978,1.29785,7.80,3.60
2008.11.26 09:54:13.507,1.2978,1.29785,7.80,4.00
2008.11.26 09:54:15.897,1.2978,1.29785,18.20,1.60
2008.11.26 09:54:16.127,1.2978,1.2979,19.00,28.00
2008.11.26 09:54:16.357,1.2978,1.2979,20.60,19.80
2008.11.26 09:54:16.586,1.2978,1.2979,20.60,18.20
2008.11.26 09:54:17.446,1.2978,1.2979,19.00,28.00
2008.11.26 09:54:17.956,1.2979,1.29795,2.40,19.80
2008.11.26 09:54:18.246,1.29785,1.2979,17.80,3.20
2008.11.26 09:54:18.706,1.2978,1.2979,19.20,21.40
2008.11.26 09:54:19.166,1.2978,1.2979,20.60,18.20
2008.11.26 09:54:19.346,1.29785,1.2979,4.00,7.80
2008.11.26 09:54:19.746,1.2979,1.29795,7.80,2.40
2008.11.26 09:54:22.155,1.2979,1.29795,9.20,2.40
2008.11.26 09:54:22.455,1.2979,1.298,11.80,18.00
2008.11.26 09:54:22.745,1.2979,1.298,20.60,10.00
2008.11.26 09:54:24.255,1.2979,1.298,19.00,18.00
2008.11.26 09:54:24.365,1.2979,1.298,19.00,19.60
2008.11.26 09:54:24.665,1.2979,1.29795,7.80,3.60
2008.11.26 09:54:25.174,1.2978,1.2979,20.60,17.80
2008.11.26 09:54:26.914,1.2978,1.2979,20.60,21.80
2008.11.26 09:54:27.254,1.2978,1.29785,20.60,1.60
2008.11.26 09:54:28.693,1.29785,1.2979,1.60,12.50
2008.11.26 09:54:28.853,1.2979,1.29795,15.80,6.00
2008.11.26 09:54:29.363,1.29785,1.2979,9.00,8.00
2008.11.26 09:54:29.644,1.2979,1.29795,7.80,15.20
2008.11.26 09:54:29.943,1.2979,1.29795,19.00,1.60
2008.11.26 09:54:31.493,1.29785,1.2979,12.60,2.40
2008.11.26 09:54:31.833,1.2978,1.2979,20.60,9.80
2008.11.26 09:54:32.393,1.2979,1.29795,7.80,14.80
2008.11.26 09:54:32.612,1.2979,1.29795,7.80,13.60
2008.11.26 09:54:33.043,1.2979,1.29795,7.80,3.20
2008.11.26 09:54:33.652,1.2979,1.298,8.60,26.80
2008.11.26 09:54:34.682,1.298,1.29805,8.00,20.10
2008.11.26 09:54:34.852,1.298,1.29805,10.40,19.00
2008.11.26 09:54:35.432,1.2979,1.298,25.10,6.40
2008.11.26 09:54:35.782,1.2979,1.29795,15.80,2.40
2008.11.26 09:54:36.072,1.2979,1.29795,7.80,2.40
2008.11.26 09:54:36.342,1.2979,1.29795,7.80,5.60
2008.11.26 09:54:36.682,1.2979,1.29795,7.80,10.40
2008.11.26 09:54:36.852,1.2979,1.29795,7.80,4.00
2008.11.26 09:54:37.192,1.2979,1.29795,7.80,2.40
2008.11.26 09:54:38.241,1.2979,1.29795,7.80,5.60
2008.11.26 09:54:38.761,1.2979,1.29795,7.80,5.20
2008.11.26 09:54:39.061,1.2979,1.29795,8.00,6.00
2008.11.26 09:54:39.181,1.298,1.29805,7.80,18.60
2008.11.26 09:54:39.701,1.298,1.29805,7.80,17.80
2008.11.26 09:54:40.051,1.2979,1.29795,8.60,4.00
2008.11.26 09:54:40.391,1.2979,1.29795,7.80,4.40
2008.11.26 09:54:40.800,1.2979,1.29795,7.80,4.00
2008.11.26 09:54:41.140,1.2979,1.29795,7.80,7.20
2008.11.26 09:54:42.920,1.2979,1.29795,10.20,4.80
2008.11.26 09:54:43.320,1.2979,1.29795,11.00,1.60
2008.11.26 09:54:43.860,1.2979,1.29795,19.00,1.60
2008.11.26 09:54:46.490,1.2979,1.29795,19.00,11.20
2008.11.26 09:54:46.719,1.2978,1.29785,20.80,1.60
2008.11.26 09:54:47.239,1.2978,1.29785,19.20,1.60
2008.11.26 09:54:47.799,1.2978,1.29785,8.00,4.00
2008.11.26 09:54:48.189,1.2978,1.29785,1.00,16.50
2008.11.26 09:54:48.589,1.2978,1.29785,7.80,20.00
2008.11.26 09:54:48.939,1.2978,1.29785,7.80,12.00
2008.11.26 09:54:50.118,1.29775,1.2978,12.20,5.60
2008.11.26 09:54:50.468,1.29775,1.2978,10.40,6.90
2008.11.26 09:54:50.798,1.2978,1.29785,7.80,8.40
2008.11.26 09:54:51.348,1.2978,1.29785,7.80,13.60
2008.11.26 09:54:52.038,1.29775,1.2978,12.20,9.60
2008.11.26 09:54:52.278,1.2977,1.29775,19.20,1.60
2008.11.26 09:54:52.678,1.2978,1.29785,7.80,8.40
2008.11.26 09:54:52.848,1.29775,1.2978,8.30,14.40
2008.11.26 09:54:53.387,1.2977,1.2978,19.20,21.80
2008.11.26 09:54:53.797,1.2977,1.2978,19.20,17.80
2008.11.26 09:54:56.347,1.2977,1.2978,19.00,21.00
2008.11.26 09:54:56.517,1.2977,1.29775,8.60,2.40
2008.11.26 09:54:56.747,1.2977,1.29775,7.80,2.40
2008.11.26 09:54:57.157,1.2977,1.29775,7.80,4.00
2008.11.26 09:54:57.667,1.2976,1.29765,16.20,4.00
2008.11.26 09:54:57.897,1.29765,1.2977,10.40,7.40
2008.11.26 09:54:58.127,1.2976,1.29765,19.20,1.60
2008.11.26 09:55:02.396,1.29753,1.29768,19.20,2.40
2008.11.26 09:55:02.796,1.29753,1.29763,2.40,1.60
2008.11.26 09:55:03.325,1.29746,1.29766,18.40,25.00
2008.11.26 09:55:03.895,1.29751,1.29756,10.40,1.60
2008.11.26 09:55:04.235,1.29748,1.29754,8.00,4.00
2008.11.26 09:55:04.675,1.29735,1.2974,1.60,14.80
2008.11.26 09:55:05.085,1.2974,1.29745,11.00,8.80
2008.11.26 09:55:05.325,1.2974,1.29745,7.60,19.80
2008.11.26 09:55:05.605,1.29735,1.2974,5.60,7.40
2008.11.26 09:55:06.184,1.2974,1.2975,8.60,30.80
2008.11.26 09:55:06.475,1.2974,1.2975,8.60,26.80
2008.11.26 09:55:06.935,1.2974,1.2975,8.60,25.20
2008.11.26 09:55:07.344,1.2974,1.2975,8.60,26.80
2008.11.26 09:55:08.164,1.2974,1.2975,8.80,18.60
2008.11.26 09:55:08.514,1.29745,1.2975,3.00,15.40
2008.11.26 09:55:08.904,1.2974,1.2975,16.80,14.00
2008.11.26 09:55:09.244,1.29745,1.2975,5.40,7.40
2008.11.26 09:55:09.584,1.29745,1.2975,3.00,7.40
2008.11.26 09:55:10.074,1.2974,1.2975,18.20,9.00
2008.11.26 09:55:10.294,1.2974,1.2975,18.20,17.00
2008.11.26 09:55:10.753,1.2974,1.2975,18.20,9.00
2008.11.26 09:55:16.352,1.2974,1.29745,16.60,8.00
2008.11.26 09:55:16.792,1.29725,1.29735,28.60,1.60
2008.11.26 09:55:17.202,1.2973,1.29735,28.60,1.60
2008.11.26 09:55:17.552,1.2974,1.29745,11.20,8.20
2008.11.26 09:55:17.852,1.2974,1.2975,16.60,27.60
2008.11.26 09:55:18.792,1.2975,1.29755,16.60,12.00
2008.11.26 09:55:19.091,1.2975,1.29755,7.60,20.00
2008.11.26 09:55:19.441,1.2975,1.29755,7.60,18.40
2008.11.26 09:55:19.711,1.2975,1.29755,7.60,12.80
2008.11.26 09:55:20.171,1.2975,1.29755,16.60,6.40
2008.11.26 09:55:20.521,1.2975,1.29755,7.60,20.00
2008.11.26 09:55:21.331,1.2974,1.2975,18.20,7.40
2008.11.26 09:55:22.321,1.2974,1.2975,16.80,10.60
2008.11.26 09:55:22.841,1.2974,1.2975,27.20,10.60
2008.11.26 09:55:23.061,1.2975,1.29755,7.60,11.60
2008.11.26 09:55:23.940,1.2975,1.29755,7.60,8.40
2008.11.26 09:55:24.220,1.2974,1.2975,18.20,9.80
2008.11.26 09:55:25.660,1.2974,1.2975,20.60,9.80
2008.11.26 09:55:29.189,1.2975,1.29755,7.60,11.20
2008.11.26 09:55:29.539,1.29745,1.2975,18.00,7.40
2008.11.26 09:55:29.949,1.2975,1.2976,19.00,14.60
2008.11.26 09:55:30.349,1.2975,1.29755,16.80,2.40
2008.11.26 09:55:30.759,1.2975,1.2976,19.60,9.80
2008.11.26 09:55:31.049,1.2975,1.29755,15.60,2.40
2008.11.26 09:55:32.618,1.2975,1.29755,7.60,22.40
2008.11.26 09:55:32.968,1.29745,1.2975,3.20,9.80
2008.11.26 09:55:33.318,1.2974,1.2975,20.60,13.80
2008.11.26 09:55:33.648,1.29745,1.2975,1.60,6.50
2008.11.26 09:55:34.098,1.29745,1.2975,15.20,7.40
2008.11.26 09:55:34.698,1.2975,1.29755,7.60,2.40
2008.11.26 09:55:35.038,1.2975,1.2976,20.60,9.80
2008.11.26 09:55:35.327,1.2975,1.29755,20.60,1.60
2008.11.26 09:55:35.807,1.29755,1.2976,8.00,8.50
2008.11.26 09:55:36.157,1.2975,1.29755,20.60,1.60
2008.11.26 09:55:37.647,1.29755,1.2976,4.00,7.40
2008.11.26 09:55:37.987,1.2976,1.29765,7.60,10.40
2008.11.26 09:55:38.507,1.2976,1.29765,7.60,2.40
2008.11.26 09:55:40.236,1.2976,1.29765,19.60,4.00
2008.11.26 09:55:40.416,1.2976,1.2977,19.60,21.80
2008.11.26 09:55:41.806,1.29755,1.2976,16.90,6.40
2008.11.26 09:55:42.096,1.2975,1.29755,19.60,1.60
2008.11.26 09:55:42.326,1.2975,1.2976,18.20,21.80
2008.11.26 09:55:42.836,1.2975,1.2976,18.20,13.80
2008.11.26 09:55:43.296,1.29755,1.2976,10.60,7.40
2008.11.26 09:55:43.646,1.2976,1.29765,7.60,2.40
2008.11.26 09:55:44.065,1.2976,1.2977,18.20,23.40
2008.11.26 09:55:44.295,1.29765,1.2977,2.60,7.40
2008.11.26 09:55:44.585,1.2977,1.29775,7.60,3.20
2008.11.26 09:55:45.015,1.29765,1.2977,3.00,6.50
2008.11.26 09:55:45.425,1.2977,1.29775,17.40,1.00
2008.11.26 09:55:45.785,1.29775,1.2978,10.40,4.70
2008.11.26 09:55:46.255,1.2978,1.29785,7.60,5.90
2008.11.26 09:55:48.075,1.2977,1.29775,13.10,1.60
2008.11.26 09:55:48.364,1.2977,1.29775,18.20,1.60
2008.11.26 09:55:49.874,1.2977,1.29775,19.60,1.60
2008.11.26 09:55:50.114,1.29775,1.2978,2.40,5.30
2008.11.26 09:55:50.404,1.29775,1.2978,10.40,7.40
2008.11.26 09:55:50.694,1.2978,1.29785,7.60,9.20
2008.11.26 09:55:50.874,1.2978,1.29785,7.60,4.20
2008.11.26 09:55:52.663,1.2978,1.29785,7.60,2.60
2008.11.26 09:55:53.093,1.2978,1.29785,7.60,10.80
2008.11.26 09:55:53.333,1.2977,1.2978,13.40,10.40
2008.11.26 09:55:53.503,1.2977,1.2978,18.20,17.80
2008.11.26 09:55:55.323,1.2977,1.29775,15.60,2.40
2008.11.26 09:55:55.562,1.2977,1.29775,7.60,2.40
2008.11.26 09:55:56.173,1.2977,1.29775,7.60,10.40
2008.11.26 09:55:57.272,1.29765,1.2977,2.60,15.40
2008.11.26 09:55:57.622,1.29765,1.2977,2.40,7.40
2008.11.26 09:55:57.902,1.2977,1.29775,7.60,9.60
2008.11.26 09:55:58.292,1.2977,1.29775,7.60,17.60
2008.11.26 09:55:58.642,1.2977,1.29775,7.60,18.40
2008.11.26 09:55:58.982,1.2977,1.29775,7.60,10.40
2008.11.26 09:55:59.452,1.2977,1.29775,7.60,5.60
2008.11.26 09:56:00.031,1.2978,1.29785,2.40,25.20
2008.11.26 09:56:00.372,1.29775,1.2978,20.60,1.60
2008.11.26 09:56:00.662,1.2978,1.2979,18.20,17.80
2008.11.26 09:56:01.132,1.2978,1.2979,18.20,9.80
2008.11.26 09:56:01.531,1.2978,1.2979,18.20,17.80
2008.11.26 09:56:03.771,1.2978,1.2979,18.00,21.00
2008.11.26 09:56:03.941,1.2978,1.2979,18.00,26.00
2008.11.26 09:56:05.080,1.29775,1.2978,8.20,10.40
2008.11.26 09:56:05.470,1.29775,1.2978,2.60,15.40
2008.11.26 09:56:05.820,1.2978,1.29785,7.60,2.40
2008.11.26 09:56:05.930,1.2978,1.29785,7.60,10.40
2008.11.26 09:56:07.370,1.2978,1.29785,10.00,8.00
2008.11.26 09:56:07.780,1.2978,1.2979,18.00,21.00
2008.11.26 09:56:08.110,1.2978,1.2979,18.20,9.80
2008.11.26 09:56:09.149,1.2978,1.2979,18.20,17.80
2008.11.26 09:56:09.729,1.29785,1.2979,2.40,7.40
2008.11.26 09:56:10.249,1.2979,1.29795,7.60,18.40
2008.11.26 09:56:10.479,1.2979,1.29795,7.60,10.40
2008.11.26 09:56:11.499,1.2979,1.29795,7.60,12.00
2008.11.26 09:56:12.329,1.2979,1.29795,7.60,7.60
2008.11.26 09:56:12.669,1.2979,1.29795,7.60,10.80
2008.11.26 09:56:13.308,1.2978,1.29785,8.00,2.40
2008.11.26 09:56:13.658,1.2978,1.29785,7.60,10.40
2008.11.26 09:56:13.998,1.2978,1.29785,7.60,9.20
2008.11.26 09:56:15.108,1.2977,1.2978,15.80,17.80
2008.11.26 09:56:15.398,1.29775,1.2978,2.40,15.40
2008.11.26 09:56:16.028,1.2976,1.29765,9.60,1.60
2008.11.26 09:56:16.488,1.2976,1.2977,7.60,17.60
2008.11.26 09:56:16.838,1.2975,1.29765,8.00,2.40
2008.11.26 09:56:17.188,1.29745,1.29755,8.00,12.00
2008.11.26 09:56:17.528,1.2975,1.29755,2.40,11.20
2008.11.26 09:56:18.037,1.2975,1.29755,8.00,15.20
2008.11.26 09:56:18.487,1.2976,1.29765,2.40,12.00
2008.11.26 09:56:19.117,1.2976,1.29765,10.40,4.80
2008.11.26 09:56:19.407,1.2977,1.29775,8.20,8.60
2008.11.26 09:56:19.807,1.2977,1.2978,15.80,10.60
2008.11.26 09:56:20.167,1.29765,1.2977,8.00,12.00
2008.11.26 09:56:20.447,1.29755,1.2976,8.00,6.40
2008.11.26 09:56:20.907,1.2975,1.29755,18.20,1.60
2008.11.26 09:56:21.887,1.29755,1.2976,2.60,7.40
2008.11.26 09:56:22.246,1.29755,1.2976,10.60,7.40
2008.11.26 09:56:22.526,1.2976,1.2977,18.00,18.00
2008.11.26 09:56:22.826,1.2976,1.2977,18.00,13.00
2008.11.26 09:56:23.006,1.2976,1.2977,18.20,9.80
2008.11.26 09:56:23.476,1.29765,1.2977,1.00,9.80
2008.11.26 09:56:23.706,1.29765,1.2977,8.20,9.80
2008.11.26 09:56:24.286,1.2977,1.29775,7.60,2.40
2008.11.26 09:56:24.676,1.2977,1.29775,7.60,10.40
2008.11.26 09:56:25.145,1.2976,1.2977,18.20,9.80
2008.11.26 09:56:25.596,1.2977,1.29775,7.60,12.00
2008.11.26 09:56:26.175,1.29765,1.2977,2.40,15.60
2008.11.26 09:56:26.515,1.29765,1.2977,10.40,12.40
2008.11.26 09:56:26.745,1.2977,1.29775,7.60,14.40
2008.11.26 09:56:27.085,1.2976,1.2977,19.60,9.80
2008.11.26 09:56:27.485,1.2977,1.29775,2.40,13.80
2008.11.26 09:56:28.295,1.2977,1.29775,7.60,2.40
2008.11.26 09:56:28.635,1.2977,1.2978,18.20,13.40
2008.11.26 09:56:36.733,1.2977,1.29775,15.60,2.40
2008.11.26 09:56:37.193,1.2977,1.29775,7.60,2.40
2008.11.26 09:56:37.652,1.2977,1.29775,7.80,2.40
2008.11.26 09:56:38.005,1.2977,1.2978,18.20,10.20
2008.11.26 09:56:38.222,1.2977,1.29775,15.80,2.40
2008.11.26 09:56:38.452,1.2977,1.29775,15.60,2.40
2008.11.26 09:56:38.902,1.2977,1.29775,15.60,5.60
2008.11.26 09:56:39.312,1.2977,1.29775,7.80,9.40
2008.11.26 09:56:39.602,1.29765,1.2977,4.00,7.40
2008.11.26 09:56:39.982,1.2977,1.29775,1.60,11.40
2008.11.26 09:56:40.282,1.29775,1.2978,10.40,7.80
2008.11.26 09:56:41.072,1.2978,1.29785,7.60,5.60
2008.11.26 09:56:41.782,1.29765,1.2977,10.00,2.40
2008.11.26 09:56:41.951,1.2977,1.29775,1.40,21.80
2008.11.26 09:56:42.471,1.2978,1.29785,7.60,12.00
2008.11.26 09:56:43.151,1.2977,1.2979,25.60,2.40
2008.11.26 09:56:43.491,1.29765,1.29775,3.20,7.40
2008.11.26 09:56:43.841,1.29755,1.2977,1.60,8.00
2008.11.26 09:56:44.251,1.2977,1.2978,7.60,25.60
2008.11.26 09:56:44.661,1.2977,1.2978,7.60,25.20
2008.11.26 09:56:45.001,1.2977,1.2978,7.60,23.60
2008.11.26 09:56:45.701,1.29775,1.2978,2.40,10.60
2008.11.26 09:56:46.330,1.2978,1.29785,7.60,10.00
2008.11.26 09:56:46.670,1.29775,1.2978,10.40,7.40
2008.11.26 09:56:46.970,1.2978,1.29785,7.60,10.40
2008.11.26 09:56:48.350,1.2978,1.29785,18.00,3.20
2008.11.26 09:56:48.980,1.2978,1.2979,18.00,18.00
2008.11.26 09:56:49.450,1.2978,1.2979,18.20,9.80
2008.11.26 09:56:50.210,1.29785,1.2979,2.40,7.40
2008.11.26 09:56:50.799,1.2979,1.29795,7.60,18.40
2008.11.26 09:56:51.149,1.2979,1.29795,7.60,10.40
2008.11.26 09:56:51.489,1.2979,1.29795,7.60,5.60
2008.11.26 09:56:51.999,1.2979,1.29795,7.60,10.40
2008.11.26 09:56:53.609,1.2979,1.29795,7.60,8.00
2008.11.26 09:56:55.128,1.29785,1.2979,11.60,3.20
2008.11.26 09:56:55.408,1.2979,1.29795,7.60,11.50
2008.11.26 09:56:58.298,1.2979,1.29795,18.00,11.20
2008.11.26 09:56:58.937,1.2979,1.29795,7.60,10.40
2008.11.26 09:57:02.447,1.2979,1.29795,7.60,2.40
2008.11.26 09:57:02.686,1.29795,1.298,8.00,22.80
2008.11.26 09:57:03.136,1.2979,1.298,18.00,18.00
2008.11.26 09:57:03.416,1.29795,1.298,9.40,9.80
2008.11.26 09:57:03.806,1.298,1.29805,10.00,11.80
2008.11.26 09:57:04.316,1.298,1.29805,7.60,24.00
2008.11.26 09:57:04.776,1.298,1.29805,7.60,6.20
2008.11.26 09:57:05.466,1.298,1.29805,18.00,1.00
2008.11.26 09:57:05.916,1.298,1.29805,18.20,1.00
2008.11.26 09:57:07.005,1.298,1.29805,18.20,1.00
2008.11.26 09:57:07.235,1.29805,1.2981,10.60,7.40
2008.11.26 09:57:07.645,1.2981,1.2982,18.20,9.80
2008.11.26 09:57:09.975,1.2981,1.29815,15.60,2.40
2008.11.26 09:57:10.215,1.2981,1.29815,7.60,2.40
2008.11.26 09:57:11.174,1.2981,1.29815,7.80,2.40
2008.11.26 09:57:11.444,1.2981,1.2982,7.80,18.60
2008.11.26 09:57:11.804,1.2981,1.2982,9.20,15.40
2008.11.26 09:57:12.084,1.29815,1.2982,10.40,7.40
2008.11.26 09:57:12.304,1.2982,1.29825,7.60,2.40
2008.11.26 09:57:12.534,1.2982,1.2983,10.20,25.80
2008.11.26 09:57:12.824,1.2982,1.2983,18.20,13.00
2008.11.26 09:57:13.794,1.2982,1.2983,19.60,10.60
2008.11.26 09:57:14.264,1.2983,1.29835,7.60,8.80
2008.11.26 09:57:14.673,1.2982,1.2983,7.60,29.20
2008.11.26 09:57:15.123,1.2983,1.29835,15.60,8.00
2008.11.26 09:57:15.583,1.2983,1.29835,18.00,8.00
2008.11.26 09:57:15.973,1.2983,1.29835,7.60,12.00
2008.11.26 09:57:16.383,1.2983,1.29835,7.60,20.40
2008.11.26 09:57:16.673,1.2982,1.29825,7.60,24.80
2008.11.26 09:57:16.943,1.2982,1.29825,7.60,8.00
2008.11.26 09:57:18.263,1.2982,1.2983,15.80,14.60
2008.11.26 09:57:18.543,1.2982,1.2983,18.20,10.60
2008.11.26 09:57:18.943,1.2982,1.2983,18.20,7.40
2008.11.26 09:57:20.562,1.29825,1.2983,2.40,15.60
2008.11.26 09:57:20.922,1.2983,1.29835,7.60,9.60
2008.11.26 09:57:21.532,1.2983,1.29835,18.00,8.00
2008.11.26 09:57:22.342,1.29825,1.2983,12.10,6.40
2008.11.26 09:57:23.591,1.2982,1.29825,18.00,3.20
2008.11.26 09:57:24.371,1.29815,1.2982,11.70,4.80
2008.11.26 09:57:24.841,1.2981,1.29815,18.00,9.60
2008.11.26 09:57:25.231,1.2981,1.29815,15.60,9.60
2008.11.26 09:57:25.591,1.2981,1.29815,7.60,9.60
2008.11.26 09:57:26.661,1.29815,1.2982,2.40,18.60
2008.11.26 09:57:27.011,1.2982,1.29825,10.00,12.70
2008.11.26 09:57:27.311,1.2982,1.29825,15.60,12.30
2008.11.26 09:57:27.711,1.2981,1.2982,26.20,7.40
2008.11.26 09:57:28.060,1.2982,1.29825,10.40,11.40
2008.11.26 09:57:28.410,1.2982,1.29825,7.60,8.00
2008.11.26 09:57:28.760,1.2983,1.29835,2.40,12.50
2008.11.26 09:57:29.100,1.2983,1.29835,18.00,3.20
2008.11.26 09:57:29.390,1.2983,1.2984,18.00,16.00
2008.11.26 09:57:30.250,1.2983,1.29835,11.60,8.00
2008.11.26 09:57:30.600,1.29825,1.2983,2.40,10.60
2008.11.26 09:57:31.240,1.2983,1.29835,7.60,10.40
2008.11.26 09:57:32.090,1.2982,1.2983,18.20,10.60
2008.11.26 09:57:32.259,1.2982,1.2983,18.00,10.60
2008.11.26 09:57:32.599,1.2982,1.2983,18.00,15.60
2008.11.26 09:57:33.059,1.2982,1.2983,18.00,17.20
2008.11.26 09:57:33.999,1.2983,1.29835,10.00,11.20
2008.11.26 09:57:34.319,1.2983,1.29835,18.00,3.20
2008.11.26 09:57:34.719,1.2983,1.29835,7.60,12.40
2008.11.26 09:57:35.119,1.2982,1.2983,18.00,10.60
2008.11.26 09:57:35.579,1.2982,1.2983,18.00,15.60
2008.11.26 09:57:44.267,1.2982,1.2983,18.20,10.60
2008.11.26 09:57:45.416,1.29825,1.2983,2.40,10.60
2008.11.26 09:57:45.826,1.2983,1.29835,7.60,10.40
2008.11.26 09:57:46.116,1.2983,1.29835,7.60,17.60
2008.11.26 09:57:46.476,1.2983,1.29835,10.00,17.60
2008.11.26 09:57:46.956,1.29825,1.2983,11.70,9.60
2008.11.26 09:57:47.176,1.29825,1.2983,2.40,16.60
2008.11.26 09:57:47.516,1.29825,1.2983,2.40,7.40
2008.11.26 09:57:49.025,1.29825,1.2983,2.40,15.40
2008.11.26 09:57:49.255,1.2983,1.29835,15.60,4.80
2008.11.26 09:57:49.545,1.2983,1.2984,15.60,30.80
2008.11.26 09:57:49.845,1.2983,1.29835,7.60,12.80
2008.11.26 09:57:50.085,1.2983,1.29835,7.60,17.60
2008.11.26 09:57:50.435,1.2983,1.29835,7.60,14.40
2008.11.26 09:57:50.845,1.2983,1.29835,1.00,14.40
2008.11.26 09:57:51.145,1.2983,1.29835,1.00,14.40
2008.11.26 09:57:51.605,1.29825,1.2983,1.28,8.00
2008.11.26 09:57:52.244,1.2982,1.29825,1.58,8.00
2008.11.26 09:57:52.924,1.2983,1.29835,1.00,27.50
2008.11.26 09:57:53.154,1.2983,1.29835,1.00,33.50
2008.11.26 09:57:53.624,1.29815,1.2982,8.00,13.60
2008.11.26 09:57:54.154,1.29805,1.2981,8.00,4.80
2008.11.26 09:57:54.454,1.298,1.29805,2.40,9.60
2008.11.26 09:57:54.934,1.2979,1.29795,9.20,1.60
2008.11.26 09:57:55.334,1.29785,1.29795,12.60,1.60
2008.11.26 09:57:55.754,1.29785,1.2979,2.40,17.60
2008.11.26 09:57:56.343,1.2977,1.29775,8.00,3.20
2008.11.26 09:57:56.633,1.2976,1.2977,17.60,1.60
2008.11.26 09:57:57.033,1.2976,1.2977,9.60,9.00
2008.11.26 09:57:57.313,1.29755,1.2977,12.80,30.80
2008.11.26 09:57:57.543,1.2976,1.29765,1.40,9.60
2008.11.26 09:57:57.903,1.29765,1.2977,2.60,19.40
2008.11.26 09:57:58.313,1.29765,1.2977,2.60,15.40
2008.11.26 09:57:58.893,1.29765,1.2977,4.00,7.40
2008.11.26 09:58:00.253,1.2977,1.29775,1.40,11.40
2008.11.26 09:58:00.722,1.29775,1.29785,2.40,38.80
2008.11.26 09:58:01.132,1.2978,1.29795,2.40,46.60
2008.11.26 09:58:01.473,1.2978,1.29785,7.60,13.60
2008.11.26 09:58:02.123,1.2978,1.29785,7.60,13.60
2008.11.26 09:58:02.632,1.2978,1.29785,7.60,13.60
2008.11.26 09:58:03.282,1.2978,1.29785,7.60,13.60
2008.11.26 09:58:04.311,1.2978,1.29785,7.60,13.60
2008.11.26 09:58:05.791,1.29775,1.2978,11.60,3.20
2008.11.26 09:58:07.661,1.29775,1.2978,11.60,9.60
2008.11.26 09:58:08.001,1.2977,1.29775,7.60,4.00
2008.11.26 09:58:09.200,1.29775,1.2978,8.00,10.80
2008.11.26 09:58:09.700,1.2976,1.2977,4.80,14.20
2008.11.26 09:58:10.050,1.2976,1.29765,9.40,3.80
2008.11.26 09:58:10.510,1.2976,1.29765,15.60,2.40
2008.11.26 09:58:10.860,1.2976,1.29765,7.60,8.40
2008.11.26 09:58:11.200,1.2976,1.29765,7.60,9.20
2008.11.26 09:58:11.660,1.29755,1.29765,19.60,1.60
2008.11.26 09:58:12.010,1.2974,1.29745,4.00,1.60
2008.11.26 09:58:12.350,1.29745,1.29755,7.60,4.00
2008.11.26 09:58:12.750,1.2975,1.29755,7.60,12.00
2008.11.26 09:58:13.210,1.2975,1.29755,7.60,4.00
2008.11.26 09:58:13.609,1.2975,1.29755,18.00,1.60
2008.11.26 09:58:13.909,1.2975,1.29755,18.20,1.60
2008.11.26 09:58:16.229,1.2975,1.29755,18.20,3.00
2008.11.26 09:58:17.988,1.2975,1.29755,19.60,3.00
2008.11.26 09:58:18.348,1.29735,1.2974,18.40,6.40
2008.11.26 09:58:18.750,1.2974,1.29745,1.00,18.40
2008.11.26 09:58:19.328,1.2973,1.29735,8.20,4.00
2008.11.26 09:58:19.618,1.2973,1.29735,1.80,18.80
2008.11.26 09:58:21.168,1.2973,1.2974,10.40,28.00
2008.11.26 09:58:21.967,1.2973,1.2974,9.60,28.00
2008.11.26 09:58:22.187,1.2973,1.29735,7.20,2.40
2008.11.26 09:58:23.507,1.2973,1.29735,7.20,4.00
2008.11.26 09:58:24.967,1.2973,1.29735,6.20,4.00
2008.11.26 09:58:25.866,1.2973,1.29735,6.20,2.40
2008.11.26 09:58:27.356,1.2973,1.29735,6.40,2.40
2008.11.26 09:58:27.646,1.2973,1.2974,10.20,21.60
2008.11.26 09:58:27.996,1.2973,1.2974,10.20,18.40
2008.11.26 09:58:28.955,1.2974,1.29745,1.60,24.80
2008.11.26 09:58:29.296,1.2974,1.2975,11.80,13.40
2008.11.26 09:58:29.686,1.2974,1.2975,19.80,18.40
2008.11.26 09:58:30.146,1.2974,1.2975,21.40,10.40
2008.11.26 09:58:30.485,1.2975,1.29755,7.80,12.00
2008.11.26 09:58:32.365,1.29735,1.2974,10.60,2.40
2008.11.26 09:58:32.765,1.2973,1.2974,19.80,10.40
2008.11.26 09:58:33.264,1.2974,1.29745,8.00,2.40
2008.11.26 09:58:33.585,1.29745,1.2975,1.40,10.40
2008.11.26 09:58:33.875,1.2975,1.29755,7.80,10.40
2008.11.26 09:58:34.174,1.2975,1.29755,15.80,2.40
2008.11.26 09:58:34.594,1.2975,1.29755,17.40,2.40
2008.11.26 09:58:35.184,1.2975,1.2976,19.80,10.40
2008.11.26 09:58:40.233,1.29755,1.2976,8.00,10.40
2008.11.26 09:58:41.283,1.29765,1.2977,2.40,34.40
2008.11.26 09:58:41.632,1.29765,1.2977,10.40,8.00
2008.11.26 09:58:41.932,1.29765,1.2977,10.60,8.00
2008.11.26 09:58:42.042,1.2977,1.2978,7.80,33.60
2008.11.26 09:58:45.432,1.2977,1.2978,7.80,24.00
2008.11.26 09:58:45.782,1.2977,1.2978,7.80,20.80
2008.11.26 09:58:46.012,1.2977,1.2978,9.40,17.60
2008.11.26 09:58:47.221,1.2977,1.2978,9.20,20.80
2008.11.26 09:58:47.581,1.2977,1.2978,11.80,23.20
2008.11.26 09:58:47.971,1.2977,1.2978,11.80,18.40
2008.11.26 09:58:48.201,1.2977,1.2978,19.80,18.40
2008.11.26 09:58:48.481,1.29775,1.2978,1.00,18.40
2008.11.26 09:58:48.951,1.2977,1.29775,8.00,6.00
2008.11.26 09:58:49.351,1.2978,1.29785,4.00,1.00
2008.11.26 09:58:49.641,1.2978,1.2979,19.80,18.40
2008.11.26 09:58:50.050,1.2978,1.2979,19.80,10.40
2008.11.26 09:58:50.400,1.2978,1.2979,19.80,18.40
2008.11.26 09:58:51.820,1.29785,1.2979,1.60,10.40
2008.11.26 09:58:52.120,1.29785,1.2979,4.00,8.00
2008.11.26 09:58:52.420,1.2979,1.29795,7.80,2.40
2008.11.26 09:58:52.650,1.2979,1.298,11.80,23.20
2008.11.26 09:58:53.000,1.2979,1.298,19.80,10.40
2008.11.26 09:58:53.790,1.2979,1.298,19.80,10.40
2008.11.26 09:58:55.999,1.298,1.29805,10.40,14.40
2008.11.26 09:58:56.289,1.29805,1.2981,1.40,11.40
2008.11.26 09:58:56.589,1.29805,1.29815,12.00,19.20
2008.11.26 09:58:56.939,1.2981,1.29815,9.20,2.40
2008.11.26 09:58:57.399,1.2981,1.2982,19.80,10.40
2008.11.26 09:59:00.038,1.2981,1.29815,15.80,2.40
2008.11.26 09:59:00.338,1.2981,1.29815,7.80,2.40
2008.11.26 09:59:02.717,1.29805,1.2981,11.80,2.40
2008.11.26 09:59:03.158,1.298,1.2981,19.80,10.40
2008.11.26 09:59:04.417,1.29805,1.2981,1.60,10.40
2008.11.26 09:59:04.757,1.29805,1.2981,4.00,8.00
2008.11.26 09:59:05.147,1.2981,1.2982,7.80,33.60
2008.11.26 09:59:09.046,1.2981,1.29815,7.80,6.40
2008.11.26 09:59:09.387,1.2981,1.29815,7.80,22.40
2008.11.26 09:59:09.566,1.298,1.2981,19.80,10.40
2008.11.26 09:59:14.525,1.29805,1.2981,4.00,8.00
2008.11.26 09:59:14.875,1.2981,1.29815,7.80,10.40
2008.11.26 09:59:15.275,1.2981,1.29815,8.00,2.40
2008.11.26 09:59:15.604,1.2981,1.2982,18.40,16.80
2008.11.26 09:59:15.824,1.2981,1.2982,18.40,18.40
2008.11.26 09:59:15.994,1.2981,1.2982,18.20,18.40
2008.11.26 09:59:16.284,1.2981,1.2982,18.20,18.60
2008.11.26 09:59:17.044,1.2981,1.2982,19.80,10.40
2008.11.26 09:59:18.014,1.2981,1.29815,17.40,2.40
2008.11.26 09:59:18.314,1.2981,1.29815,15.80,2.40
2008.11.26 09:59:18.704,1.2981,1.29815,7.80,2.40
2008.11.26 09:59:19.393,1.2981,1.29815,7.80,5.60
2008.11.26 09:59:19.854,1.29805,1.2981,8.00,10.40
2008.11.26 09:59:20.133,1.298,1.2981,19.80,10.40
2008.11.26 09:59:21.573,1.298,1.2981,18.20,18.40
2008.11.26 09:59:21.753,1.29805,1.2981,2.40,16.00
2008.11.26 09:59:22.323,1.2981,1.29815,7.80,20.00
2008.11.26 09:59:22.443,1.2981,1.29815,7.80,2.40
2008.11.26 09:59:26.992,1.2981,1.2982,11.60,26.40
2008.11.26 09:59:27.162,1.2981,1.2982,11.60,24.80
2008.11.26 09:59:27.511,1.2981,1.2982,19.80,10.40
2008.11.26 09:59:27.851,1.2981,1.2982,11.80,18.40
2008.11.26 09:59:28.271,1.2981,1.2982,18.40,13.60
2008.11.26 09:59:31.431,1.2981,1.2982,18.40,15.20
2008.11.26 09:59:31.940,1.2981,1.29815,15.80,2.40
2008.11.26 09:59:32.050,1.2981,1.29815,7.80,10.40
2008.11.26 09:59:33.690,1.2981,1.29815,10.20,8.00
2008.11.26 09:59:34.100,1.2981,1.2982,18.20,18.60
2008.11.26 09:59:35.030,1.2981,1.2982,18.40,10.40
2008.11.26 09:59:35.310,1.2981,1.2982,20.40,10.40
2008.11.26 09:59:35.720,1.29815,1.2982,4.40,8.00
2008.11.26 09:59:36.190,1.29825,1.2983,2.00,21.30
2008.11.26 09:59:36.700,1.29825,1.2983,1.60,16.90
2008.11.26 09:59:38.119,1.29825,1.2983,1.60,20.50
2008.11.26 09:59:41.048,1.29825,1.2983,1.60,18.50
2008.11.26 09:59:42.528,1.2982,1.29825,5.50,10.40
2008.11.26 09:59:42.968,1.29825,1.2983,1.60,16.90
2008.11.26 09:59:43.428,1.29825,1.2983,1.60,16.00
2008.11.26 09:59:44.807,1.29825,1.2983,1.60,15.70
2008.11.26 09:59:47.397,1.29825,1.2983,1.60,13.60
2008.11.26 09:59:47.757,1.29825,1.2983,1.60,10.40
2008.11.26 09:59:48.806,1.29825,1.2983,4.00,8.00
2008.11.26 09:59:48.976,1.2983,1.29835,7.80,10.20
2008.11.26 09:59:49.776,1.2983,1.29835,18.20,1.80
2008.11.26 09:59:50.116,1.2983,1.2984,10.20,16.20
2008.11.26 09:59:50.686,1.2983,1.2984,18.20,28.00
2008.11.26 09:59:51.046,1.2983,1.29835,7.80,12.00
2008.11.26 09:59:51.326,1.29825,1.2983,12.00,8.00
2008.11.26 09:59:51.606,1.2983,1.29835,7.80,12.00
2008.11.26 09:59:51.836,1.2983,1.29835,7.80,20.00
2008.11.26 09:59:53.525,1.29825,1.2983,1.60,10.40
2008.11.26 09:59:53.765,1.2983,1.29835,7.80,12.40
2008.11.26 09:59:54.225,1.2983,1.29835,7.80,27.60
2008.11.26 09:59:54.515,1.29815,1.2982,6.00,8.00
2008.11.26 09:59:55.205,1.2982,1.29825,7.80,10.40
2008.11.26 09:59:55.555,1.29815,1.2982,1.00,10.40
2008.11.26 09:59:55.905,1.2982,1.29825,8.00,9.20
2008.11.26 09:59:56.365,1.2982,1.29825,15.80,2.40
2008.11.26 09:59:57.354,1.2982,1.29825,18.20,4.80
2008.11.26 09:59:57.814,1.29812,1.29828,18.20,20.00
2008.11.26 09:59:58.054,1.29815,1.2982,18.20,8.00
2008.11.26 09:59:58.654,1.29813,1.29818,12.80,8.00
2008.11.26 09:59:59.104,1.29811,1.29815,15.80,16.80
2008.11.26 09:59:59.494,1.29808,1.29813,15.80,7.60
